Data/Raw/WEBER,RODNEY/FIREXAQ-SAGA-MC-BrC_DC8_20190823_R0.ict
56, 1001
Weber, Rodney
Georgia Institute of Technology
Water soluble brown carbon measured with mist chamber-LWCC
FIREXAQ
1, 1
2019, 08, 23, 2020, 03, 06
0
Time_Start, seconds_past_midnight, Time_Start, seconds_past_midnight
24
1, 1, 1, 1, 1, 1, 1, 1, 1, 1, 1, 1, 1, 1, 1, 1, 1, 1, 1, 1, 1, 1, 1, 1
-9999, -9999, -9999, -9999, -9999, -9999, -9999, -9999, -9999, -9999, -9999, -9999, -9999, -9999, -9999, -9999, -9999, -9999, -9999, -9999, -9999, -9999, -9999, -9999
Time_Stop, seconds_past_midnight, Time_Stop, seconds_past_midnight
Time_Mid, seconds_past_midnight, Time_Mid, seconds_past_midnight
WSAbs300, Mm-1, AerOpt_AbsorptionBrC_InSitu_UVtoRed_None_Bulk_STP, Water Soluble Brown Carbon absorption at 300 nm
WSAbs320, Mm-1, AerOpt_AbsorptionBrC_InSitu_UVtoRed_None_Bulk_STP, Water Soluble Brown Carbon absorption at 320 nm
WSAbs340, Mm-1, AerOpt_AbsorptionBrC_InSitu_UVtoRed_None_Bulk_STP, Water Soluble Brown Carbon absorption at 340 nm
WSAbs360, Mm-1, AerOpt_AbsorptionBrC_InSitu_UVtoRed_None_Bulk_STP, Water Soluble Brown Carbon absorption at 360 nm
WSAbs380, Mm-1, AerOpt_AbsorptionBrC_InSitu_UVtoRed_None_Bulk_STP, Water Soluble Brown Carbon absorption at 380 nm
WSAbs400, Mm-1, AerOpt_AbsorptionBrC_InSitu_UVtoRed_None_Bulk_STP, Water Soluble Brown Carbon absorption at 400 nm
WSAbs420, Mm-1, AerOpt_AbsorptionBrC_InSitu_UVtoRed_None_Bulk_STP, Water Soluble Brown Carbon absorption at 420 nm
WSAbs440, Mm-1, AerOpt_AbsorptionBrC_InSitu_UVtoRed_None_Bulk_STP, Water Soluble Brown Carbon absorption at 440 nm
WSAbs460, Mm-1, AerOpt_AbsorptionBrC_InSitu_UVtoRed_None_Bulk_STP, Water Soluble Brown Carbon absorption at 460 nm
WSAbs480, Mm-1, AerOpt_AbsorptionBrC_InSitu_UVtoRed_None_Bulk_STP, Water Soluble Brown Carbon absorption at 480 nm
WSAbs500, Mm-1, AerOpt_AbsorptionBrC_InSitu_UVtoRed_None_Bulk_STP, Water Soluble Brown Carbon absorption at 500 nm
WSAbs520, Mm-1, AerOpt_AbsorptionBrC_InSitu_UVtoRed_None_Bulk_STP, Water Soluble Brown Carbon absorption at 520 nm
WSAbs540, Mm-1, AerOpt_AbsorptionBrC_InSitu_UVtoRed_None_Bulk_STP, Water Soluble Brown Carbon absorption at 540 nm
WSAbs560, Mm-1, AerOpt_AbsorptionBrC_InSitu_UVtoRed_None_Bulk_STP, Water Soluble Brown Carbon absorption at 560 nm
WSAbs580, Mm-1, AerOpt_AbsorptionBrC_InSitu_UVtoRed_None_Bulk_STP, Water Soluble Brown Carbon absorption at 580 nm
WSAbs600, Mm-1, AerOpt_AbsorptionBrC_InSitu_UVtoRed_None_Bulk_STP, Water Soluble Brown Carbon absorption at 600 nm
WSAbs620, Mm-1, AerOpt_AbsorptionBrC_InSitu_UVtoRed_None_Bulk_STP, Water Soluble Brown Carbon absorption at 620 nm
WSAbs640, Mm-1, AerOpt_AbsorptionBrC_InSitu_UVtoRed_None_Bulk_STP, Water Soluble Brown Carbon absorption at 640 nm
WSAbs660, Mm-1, AerOpt_AbsorptionBrC_InSitu_UVtoRed_None_Bulk_STP, Water Soluble Brown Carbon absorption at 660 nm
WSAbs680, Mm-1, AerOpt_AbsorptionBrC_InSitu_UVtoRed_None_Bulk_STP, Water Soluble Brown Carbon absorption at 680 nm
WSAbs700, Mm-1, AerOpt_AbsorptionBrC_InSitu_UVtoRed_None_Bulk_STP, Water Soluble Brown Carbon absorption at 700 nm
WSAbs365, Mm-1, AerOpt_AbsorptionBrC_InSitu_UVtoRed_None_Bulk_STP, Water Soluble Brown Carbon absorption at 365 nm
0
18
PI_CONTACT_INFO: rweber@eas.gatech.edu
PLATFORM: NASA DC-8 aircraft
LOCATION: Aircraft location is given by the navigational file
ASSOCIATED_DATA: N/A
[...]
DATA_INFO: Samples collected by mist chamber were injected through 0.22 pore size syringe filter and then a 2.5 m path length LWCC, and light absorption was measured by Ocean Optics USB4000 spectrometer. Absorption from 300 to 700 nm were recorded. Absorption of pure solvent was subtracted from the sample. Raw absorption data were processed by the equation Abs=Raw*(Volume of liquid in the mist chamber)/(Volume of air collected at STP)/(Optical Path Length, 2.5m here)*ln(10). Data reported here were averaged over 20 nm wavelength intervals. i.e. absorption at 400 nm were average by absorption data between 390 nm to 410 nm. All data have been blank corrected by averaging all blank filter in this mission (2-3 blank filters per flight). Data are reported under STP, which is T=273K & p=1013 mb. When using the data, the absorption had better to corrected by higher wavelength, ie Abs700 for baseline drift. UNCERTAINTY: Data may have smearing issues. If we do not account for smearing or blank, the uncertainty is ~5%
UNCERTAINTY: Data may have smearing issues. If we do not account for smearing or blank, the uncertainty is ~5%
ULOD_FLAG: -7777
ULOD_VALUE: N/A
LLOD_FLAG: -8888
LLOD_VALUE: N/A
DM_CONTACT_INFO: lhzeng@gatech.edu
PROJECT_INFO: FIREX-AQ, 2019
STIPULATIONS_ON_USE: Use of these data require prior ok from PI.
OTHER_COMMENTS: N/A
REVISION: R0
RA: Preliminary Data.  For in-field use only.
Time_Start, Time_Stop, Time_Mid, WSAbs300, WSAbs320, WSAbs340, WSAbs360, WSAbs380, WSAbs400, WSAbs420, WSAbs440, WSAbs460, WSAbs480, WSAbs500, WSAbs520, WSAbs540, WSAbs560, WSAbs580, WSAbs600, WSAbs620, WSAbs640, WSAbs660, WSAbs680, WSAbs700, WSAbs365
61452,61602,61527,3.72681,1.95829,1.59997,1.14737,0.916595,0.733294,0.594211,0.475008,0.378645,0.312095,0.266709,0.229211,0.20757,0.183056,0.148897,0.128558,0.106671,0.0724625,0.0852793,0.0642937,0.0165499,1.06747
61603,61753,61678,7.23207,5.43408,3.84821,2.98548,2.26241,1.90776,1.52588,1.2005,1.01089,0.925746,0.804689,0.670837,0.668865,0.530939,0.554697,0.464219,0.4521,0.370692,0.417015,0.322546,0.245733,2.79627
61753,61903,61828,3.2366,2.00067,1.61201,1.28568,1.11477,0.998616,0.858351,0.811538,0.759234,0.703563,0.716895,0.659622,0.649438,0.618811,0.6128,0.586792,0.573024,0.55039,0.550991,0.50599,0.512611,1.23733
61904,62054,61979,4.6172,3.44442,2.67296,2.07699,1.66564,1.43457,1.27507,1.12742,1.02443,0.933269,0.889308,0.832757,0.823909,0.771094,0.764461,0.70067,0.689489,0.657368,0.675245,0.598591,0.571129,1.90064
62054,62204,62129,2.71096,1.75411,1.36145,1.14081,0.994391,0.902434,0.832914,0.765344,0.715612,0.684459,0.675819,0.667865,0.621767,0.621568,0.612095,0.607563,0.597638,0.580096,0.577676,0.52907,0.538854,1.08733
62205,62355,62280,1.60807,1.23376,0.978634,0.863323,0.763901,0.720469,0.660831,0.63543,0.617372,0.599824,0.593105,0.584854,0.570938,0.570937,0.576017,0.558152,0.560276,0.560379,0.564206,0.477208,0.53482,0.822801
62355,62505,62430,1.12409,0.905417,0.83609,0.769013,0.696893,0.68294,0.645118,0.631446,0.613389,0.613413,0.590914,0.59611,0.596345,0.591143,0.5871,0.57317,0.566017,0.564193,0.570582,0.508847,0.549849,0.733131
62506,62656,62581,0.942699,0.73753,0.682683,0.632686,0.616329,0.596523,0.591594,0.564623,0.568177,0.564071,0.552658,0.551296,0.539332,0.550459,0.548955,0.547594,0.534267,0.53914,0.541284,0.464515,0.520644,0.620342
62656,62806,62731,0.261263,0.401564,0.418263,0.455981,0.465468,0.470473,0.479183,0.4746,0.491296,0.493009,0.496088,0.502889,0.490435,0.506192,0.507199,0.495504,0.512692,0.500979,0.505602,0.461861,0.501595,0.437563
62807,62957,62882,0.584245,0.522546,0.497862,0.478596,0.469628,0.459789,0.462138,0.451778,0.45916,0.455764,0.444261,0.458646,0.451484,0.454682,0.451765,0.451825,0.447751,0.447603,0.451094,0.403557,0.437348,0.47099
62957,63107,63032,0.407182,0.43725,0.456521,0.459398,0.46021,0.469379,0.469488,0.459281,0.471094,0.463134,0.48132,0.481286,0.465668,0.479492,0.468755,0.471177,0.474343,0.47413,0.472287,0.389938,0.468895,0.447087
63108,63258,63183,0.243999,0.256112,0.297749,0.331988,0.348316,0.37453,0.383956,0.390397,0.378817,0.400133,0.386649,0.402827,0.402924,0.406946,0.403944,0.404549,0.411312,0.41152,0.409065,0.356844,0.406466,0.329567
63259,63409,63334,-0.456539,-0.0831077,0.0614809,0.197076,0.247508,0.302031,0.353246,0.3637,0.395629,0.401275,0.409413,0.420919,0.426678,0.437467,0.446611,0.450747,0.447726,0.468682,0.457648,0.381177,0.469,0.20702
63409,63559,63484,-0.0270608,0.0530195,0.191451,0.260185,0.306932,0.327655,0.343547,0.365133,0.373316,0.39144,0.400996,0.393643,0.410059,0.404387,0.424148,0.408282,0.42596,0.415551,0.422322,0.374406,0.41892,0.257797
63560,63710,63635,-0.44098,-0.230231,-0.00791075,0.131787,0.220595,0.288952,0.32154,0.356496,0.376789,0.38827,0.393087,0.415492,0.402944,0.42827,0.41748,0.432957,0.428353,0.439734,0.431483,0.37658,0.440586,0.16119
63710,63860,63785,-0.484567,-0.312873,-0.0217874,0.0934943,0.242375,0.280511,0.361556,0.408336,0.437261,0.479888,0.483736,0.50979,0.517689,0.51412,0.541073,0.544791,0.568802,0.576172,0.567481,0.508509,0.597993,0.141344
63861,64011,63936,-0.432921,0.00640002,0.119828,0.235814,0.301655,0.345008,0.3762,0.390867,0.420501,0.433414,0.446994,0.451195,0.458498,0.459685,0.466804,0.456827,0.47584,0.486047,0.487657,0.404254,0.48795,0.243975
64011,64161,64086,-0.896734,-0.353749,-0.0554337,0.063038,0.213335,0.266636,0.345791,0.374236,0.416125,0.444286,0.447898,0.453618,0.471946,0.493763,0.488556,0.503736,0.508713,0.530677,0.510291,0.449443,0.528471,0.110098
64162,64312,64237,-1.0802,-0.375047,-0.0552085,0.0311998,0.126261,0.185314,0.258731,0.275805,0.314336,0.335831,0.357025,0.361574,0.380149,0.368508,0.38618,0.396659,0.393951,0.420433,0.412123,0.356649,0.422654,0.0528318
64312,64462,64387,-1.34401,-0.490783,-0.190952,0.0296814,0.134512,0.227316,0.267276,0.317108,0.352337,0.376816,0.386709,0.390504,0.425078,0.425818,0.426213,0.446031,0.435806,0.452881,0.44536,0.417516,0.453862,0.0422197
64463,64613,64538,-0.568058,-0.131132,-0.154372,-0.0471559,0.0153801,0.0482133,0.0713093,0.0780635,0.134709,0.1447,0.11899,0.142574,0.167334,0.1859,0.199832,0.219055,0.205083,0.245468,0.234989,0.198491,0.356949,-0.0334639
64613,64763,64688,-0.264441,-0.0650661,-0.053853,0.00675633,0.017826,0.0400834,0.03339,0.0673268,0.0499419,0.0521739,-0.0112606,0.0280717,0.0150764,0.0272469,0.0284889,0.0404304,0.092082,0.046878,0.0925919,0.0370122,0.361839,0
64764,64914,64839,-0.298973,-0.149404,-0.0716128,-0.000123869,0.0364528,0.0650004,0.080592,0.118096,0.136483,0.1585,0.16441,0.172695,0.200704,0.204459,0.207627,0.222296,0.23816,0.244144,0.24945,0.20309,0.315474,-0.00852634
64914,65064,64989,-0.0058303,0.0368165,0.0787512,0.125919,0.154324,0.177362,0.199532,0.205647,0.211105,0.21841,0.230297,0.218738,0.230395,0.2313,0.240696,0.230434,0.230969,0.245886,0.238043,0.199508,0.238798,0.131
65065,65215,65140,0.0225096,0.0728626,0.0936099,0.129537,0.133865,0.13661,0.152854,0.153002,0.152959,0.162616,0.163165,0.177287,0.167729,0.168066,0.169441,0.168313,0.165493,0.179973,0.166435,0.127081,0.167394,0.111596
65215,65365,65290,0.474264,0.402288,0.354841,0.31858,0.289309,0.283849,0.273696,0.268625,0.256587,0.249081,0.248981,0.261421,0.252965,0.246832,0.253039,0.255958,0.253514,0.239776,0.241727,0.199051,0.232157,0.301805
65366,65516,65441,0.412928,0.388846,0.374514,0.357979,0.334947,0.342829,0.331902,0.332227,0.320755,0.333324,0.332837,0.323159,0.317541,0.328255,0.322875,0.326556,0.327216,0.309811,0.309729,0.291247,0.307313,0.339662
65516,65666,65591,1.48704,0.97216,0.887138,0.756051,0.690265,0.635686,0.600345,0.56489,0.525002,0.517642,0.507039,0.490905,0.47814,0.458354,0.462278,0.456821,0.462008,0.435327,0.436773,0.373468,0.411953,0.735052
65667,65817,65742,0.808329,0.5815,0.527606,0.496675,0.443373,0.430026,0.414951,0.409056,0.399459,0.394092,0.382974,0.378511,0.380688,0.381724,0.36134,0.358898,0.361517,0.360074,0.355106,0.318268,0.340649,0.465276
65817,65967,65892,1.13662,0.855656,0.745885,0.606648,0.552109,0.514003,0.491831,0.441839,0.42807,0.42692,0.409798,0.402796,0.386811,0.397385,0.380068,0.383492,0.368495,0.371005,0.361027,0.310734,0.338275,0.596008
65968,66118,66043,0.367622,0.365854,0.372354,0.371506,0.382515,0.380677,0.378734,0.377318,0.383034,0.386132,0.390755,0.378562,0.378162,0.39532,0.396107,0.393642,0.39747,0.388891,0.385638,0.319818,0.378847,0.370611
66118,66268,66193,0.977898,0.790276,0.657212,0.621146,0.577208,0.552185,0.512268,0.506966,0.488551,0.481353,0.480711,0.466306,0.455905,0.448861,0.456327,0.444414,0.439957,0.437042,0.442843,0.399994,0.413605,0.592022
66269,66419,66344,0.53296,0.440727,0.438013,0.407536,0.409695,0.404972,0.391855,0.386633,0.36908,0.382314,0.370358,0.367456,0.372979,0.371631,0.375658,0.371669,0.36475,0.363631,0.37515,0.322423,0.351984,0.401098
66420,66570,66495,1.40759,1.14537,0.905693,0.758324,0.689498,0.624467,0.593254,0.551229,0.530736,0.528862,0.5136,0.507541,0.499543,0.499721,0.489663,0.476832,0.465701,0.474891,0.478615,0.392554,0.451775,0.731053
66570,66720,66645,0.989047,0.713284,0.6335,0.563881,0.536228,0.505931,0.487171,0.461435,0.451253,0.44327,0.450121,0.443984,0.438424,0.436348,0.433598,0.41765,0.419059,0.412414,0.410621,0.377421,0.404009,0.555511
66721,66871,66796,1.2928,0.936813,0.76828,0.643311,0.56282,0.526979,0.492532,0.477745,0.460235,0.447506,0.43503,0.424665,0.421308,0.429564,0.408321,0.417688,0.416901,0.404372,0.397611,0.365233,0.389978,0.61401
66871,67021,66946,4.19089,2.58873,2.34891,1.7169,1.42924,1.254,1.08263,0.907485,0.839071,0.767564,0.704179,0.644218,0.671051,0.604109,0.563255,0.568418,0.517158,0.486253,0.502915,0.396978,0.390359,1.62788
67022,67172,67097,5.53754,3.06605,2.65769,1.89131,1.57857,1.40322,1.22375,1.03827,0.968302,0.882019,0.881295,0.792101,0.780383,0.715559,0.69096,0.674738,0.670416,0.620507,0.626119,0.552958,0.544109,1.83535
67172,67322,67247,2.52339,1.45836,1.22534,0.955579,0.815091,0.730561,0.648692,0.608993,0.581795,0.559894,0.545824,0.521336,0.525171,0.511962,0.489457,0.485828,0.480353,0.466255,0.472207,0.416095,0.450939,0.901878
67323,67473,67398,1.69907,1.32735,1.02579,0.881129,0.779333,0.699483,0.64949,0.605801,0.57907,0.536488,0.535592,0.517122,0.504476,0.493888,0.488128,0.470254,0.465681,0.443237,0.443606,0.389923,0.419831,0.856798
67473,67623,67548,1.13089,0.859428,0.700544,0.641898,0.621301,0.592398,0.563896,0.545089,0.517114,0.508623,0.527522,0.514424,0.505289,0.510494,0.491095,0.494851,0.494846,0.486104,0.486633,0.409608,0.474739,0.632984
67624,67775,67700,1.62535,1.0866,0.823842,0.72237,0.631383,0.601064,0.563493,0.531298,0.51013,0.490695,0.4757,0.475586,0.449428,0.465413,0.442342,0.448267,0.440257,0.422028,0.42805,0.35778,0.40667,0.694728
67775,67925,67850,0.691041,0.651966,0.572407,0.553672,0.52787,0.502077,0.483308,0.483643,0.463514,0.461961,0.458966,0.462031,0.452604,0.452939,0.440239,0.446951,0.45031,0.443416,0.442791,0.41007,0.423207,0.531083
67926,68076,68001,14.6305,10.4541,8.9867,6.59678,5.53372,4.81419,3.83673,3.53084,2.92321,2.58269,2.57236,2.26654,2.18357,1.91716,1.6294,1.51538,1.49751,1.23434,1.36778,1.14055,0.848785,6.53482
68076,68226,68151,2.35673,1.35176,1.17911,0.961766,0.833445,0.770025,0.696776,0.651391,0.613664,0.5849,0.551368,0.570987,0.531357,0.531351,0.520084,0.50388,0.491575,0.482374,0.478673,0.406956,0.445879,0.932292
68227,68377,68302,16.8117,8.33365,7.19224,5.02503,4.20176,3.24603,2.71531,2.27794,1.99853,1.7082,1.55896,1.55482,1.31038,1.17574,1.09331,1.0664,1.05081,0.886081,0.930011,0.777089,0.635946,4.81623
68377,68527,68452,3.71501,2.17588,1.7552,1.36468,1.15058,0.969343,0.869904,0.783629,0.698718,0.661604,0.612167,0.607634,0.577878,0.553588,0.54507,0.53803,0.50289,0.491845,0.495325,0.430712,0.445167,1.29351
68528,68678,68603,7.75889,3.81143,3.2064,2.34328,1.96493,1.67639,1.39881,1.26211,1.09686,1.02068,0.951783,0.907132,0.824433,0.762164,0.734831,0.735088,0.683143,0.649234,0.648602,0.534351,0.537454,2.25059
68678,68828,68753,9.68124,8.2483,6.38753,5.38002,4.32681,3.67848,3.07935,2.72704,2.33531,2.08945,1.83177,1.71927,1.62117,1.52318,1.33469,1.34885,1.19611,1.03822,1.07768,0.936797,0.717135,4.92715
68829,68979,68904,16.0586,12.8864,8.73379,6.6564,5.23697,4.17713,3.2433,2.73278,2.32141,2.0191,1.90922,1.75037,1.58261,1.40843,1.29515,1.17506,1.10771,0.976441,1.03923,0.872408,0.779539,6.10639
68980,69130,69055,4.32317,3.65717,3.02329,2.18912,1.85974,1.62365,1.36397,1.21716,1.08229,1.03682,1.02671,0.888171,0.897454,0.855365,0.796017,0.762857,0.744963,0.722227,0.73419,0.650711,0.634894,2.10257
69130,69280,69205,14.9892,10.5536,7.20089,6.01208,5.02009,4.12434,3.42119,2.77987,2.48231,2.20628,2.18363,1.82792,1.68365,1.54182,1.47227,1.31551,1.24269,1.02991,1.07229,0.94165,0.729982,5.6701
69281,69431,69356,22.7814,11.8093,8.47251,5.81911,4.4869,3.63644,2.80944,2.43264,2.0274,1.73697,1.55722,1.43377,1.23876,1.15014,1.10191,1.03114,0.952194,0.872773,0.882451,0.751455,0.726837,5.59311
69431,69582,69506,5.1771,4.29768,3.45494,2.66864,2.23063,1.8655,1.57167,1.38132,1.27334,1.15158,1.09942,1.05264,0.918476,0.917752,0.871335,0.818971,0.765688,0.678295,0.724229,0.60138,0.553323,2.49435
69582,69732,69657,22.9207,19.6802,13.7209,10.5239,8.67465,6.84239,5.73028,5.07738,4.22133,3.61146,3.78165,3.28705,2.75945,2.73237,2.3461,2.1625,2.12327,1.76738,1.69563,1.5039,1.12896,10.1962
69733,69883,69808,7.32728,3.74319,3.32909,2.30736,1.80232,1.51344,1.23229,1.10056,0.983315,0.852102,0.789651,0.796429,0.724141,0.675392,0.620431,0.595173,0.597186,0.530243,0.550399,0.470628,0.460492,2.14896
69883,70033,69958,10.7087,7.7361,6.06511,4.2788,3.34652,2.64252,2.28592,1.84009,1.59321,1.38929,1.39567,1.15159,1.06727,1.0432,0.977016,0.93131,0.858706,0.814538,0.83068,0.694198,0.670372,4.06361
70034,70184,70109,4.34603,3.59492,3.12478,2.21394,1.89881,1.61181,1.41993,1.28788,1.12624,1.05476,1.07383,0.870949,0.845843,0.827978,0.767769,0.740233,0.684689,0.646453,0.648656,0.556671,0.505486,2.17617
70184,70334,70259,17.576,13.3498,10.1783,6.74204,5.3546,4.51777,3.62583,2.88513,2.47471,2.19475,1.88796,1.8961,1.56734,1.43489,1.41481,1.20278,1.24426,1.01014,1.09282,0.92777,0.718076,6.47094
70335,70485,70410,3.41091,2.54882,2.11128,1.64103,1.41775,1.24281,1.10748,0.996704,0.91634,0.839647,0.793403,0.80388,0.75574,0.732068,0.67725,0.663698,0.656647,0.623863,0.634324,0.571325,0.572919,1.60591
70486,70636,70561,6.76679,4.52818,3.1625,2.4911,2.05095,1.75145,1.51756,1.34329,1.12547,1.0726,1.05674,0.935474,0.823681,0.816136,0.744749,0.71758,0.726061,0.654398,0.656744,0.566831,0.523632,2.38849
70637,70787,70712,8.55527,6.22294,4.5524,3.80986,3.23336,2.64058,2.30036,2.09874,1.87435,1.68198,1.6971,1.37435,1.3686,1.23076,1.19565,1.1406,1.01032,0.923516,0.981674,0.831836,0.650396,3.59576
70787,70937,70862,4.41336,3.46777,2.91222,2.23789,1.84996,1.53524,1.33033,1.13001,1.03783,0.939262,0.841871,0.846108,0.755505,0.682109,0.679248,0.644288,0.612432,0.542347,0.56353,0.471412,0.419574,2.09787
70938,71088,71013,5.75482,3.72063,3.3606,2.34819,1.91734,1.64455,1.3809,1.23209,1.09866,0.998017,0.976298,0.905178,0.820542,0.771747,0.715062,0.701637,0.666769,0.609723,0.623337,0.541695,0.484019,2.27929
71088,71238,71163,5.50198,3.57864,2.57962,1.85646,1.5671,1.34841,1.14261,0.989525,0.880985,0.77857,0.756519,0.700796,0.667641,0.6217,0.607864,0.571767,0.577641,0.523609,0.538374,0.478822,0.462848,1.81007
71239,71389,71314,14.2856,9.97833,7.19334,5.70812,4.23984,3.54604,2.94187,2.57556,2.13252,1.85663,1.85228,1.45107,1.31406,1.19705,1.21576,1.06272,1.0613,0.845382,0.901017,0.79045,0.562429,5.19821
71389,71539,71464,23.5941,14.1329,11.5539,8.77753,6.91663,5.74922,4.43862,3.97397,3.21756,2.75366,2.51886,2.43727,2.07983,1.81537,1.81492,1.54147,1.40568,1.05923,1.25988,0.993844,0.554,7.94859
71540,71690,71615,11.4033,6.15638,5.186,4.07091,3.14356,2.77094,2.22103,1.83901,1.69565,1.48417,1.30328,1.1746,1.15051,1.02585,0.895252,0.839738,0.782687,0.717523,0.727158,0.621133,0.490378,3.7944
71690,71840,71765,17.1765,9.16507,7.54697,5.49908,4.25682,3.23212,2.71589,2.19686,1.88054,1.65776,1.45366,1.42738,1.18576,1.12779,0.997476,0.926524,0.902304,0.77339,0.788999,0.701869,0.614907,5.02466
71841,71991,71916,5.6025,4.32919,3.69248,2.68841,2.15656,1.83911,1.46962,1.34446,1.15326,1.01644,0.927331,0.879018,0.80658,0.795859,0.765514,0.695963,0.673313,0.604605,0.62298,0.57141,0.495604,2.50505
71991,72141,72066,19.5331,12.9615,8.73065,6.54084,5.02916,4.09971,3.3525,2.85046,2.44473,2.08285,2.0441,1.83752,1.6044,1.48177,1.37545,1.25823,1.06725,0.940692,0.992078,0.875286,0.627148,6.08599
72142,72292,72217,6.23551,3.55291,2.70408,2.22897,1.87808,1.58736,1.37336,1.22432,1.11741,0.986821,0.999634,0.935263,0.889958,0.782169,0.729198,0.694435,0.713586,0.628525,0.636042,0.53861,0.49988,2.09209
72292,72442,72367,9.67284,5.70621,4.68514,3.79009,3.10157,2.58142,2.18122,1.93691,1.67772,1.50272,1.36855,1.36477,1.26907,1.13767,1.04144,0.941396,0.951395,0.790292,0.829671,0.707978,0.534762,3.60533
72443,72593,72518,3.92133,3.19112,2.48339,1.77423,1.35871,1.17842,0.961684,0.851006,0.787644,0.70943,0.654711,0.64576,0.608544,0.57339,0.549995,0.516481,0.505562,0.483848,0.489866,0.460139,0.435774,1.62799
72593,72744,72668,27.3903,17.612,12.5569,9.09006,6.97436,5.29256,4.07405,3.46937,2.77054,2.39243,2.09228,1.81226,1.58685,1.49684,1.41687,1.25303,1.22346,1.06115,1.06332,0.942255,0.805603,8.50647
72744,72894,72819,26.5288,13.7775,12.4757,8.77987,6.9045,5.06996,4.29098,3.55191,3.04094,2.58011,2.54351,2.16567,1.75225,1.55441,1.53116,1.42747,1.26714,1.04701,1.11909,0.922207,0.67894,7.93243
72895,73045,72970,13.6278,8.68477,6.80101,4.70707,3.82439,3.11983,2.5889,2.04085,1.81655,1.53786,1.5519,1.29696,1.12286,1.09685,0.984541,0.939913,0.922371,0.805067,0.82826,0.696073,0.610206,4.56401
