Data/Raw/WEBER,RODNEY/FIREXAQ-SAGA-AERO-BrC_DC8_20190730_R0.ict
79, 1001
Weber, Rodney
Georgia Institute of Technology
Brown carbon measured 
FIREXAQ
1, 1
2019, 07, 30, 2020, 03, 04
0
Time_Start, seconds_past_midnight, Time_Start, seconds_past_midnight
47
1, 1, 1, 1, 1, 1, 1, 1, 1, 1, 1, 1, 1, 1, 1, 1, 1, 1, 1, 1, 1, 1, 1, 1, 1, 1, 1, 1, 1, 1, 1, 1, 1, 1, 1, 1, 1, 1, 1, 1, 1, 1, 1, 1, 1, 1, 1
-9999, -9999, -9999, -9999, -9999, -9999, -9999, -9999, -9999, -9999, -9999, -9999, -9999, -9999, -9999, -9999, -9999, -9999, -9999, -9999, -9999, -9999, -9999, -9999, -9999, -9999, -9999, -9999, -9999, -9999, -9999, -9999, -9999, -9999, -9999, -9999, -9999, -9999, -9999, -9999, -9999, -9999, -9999, -9999, -9999, -9999, -9999
Time_Stop, seconds_past_midnight, Time_Stop, seconds_past_midnight
Time_Mid, seconds_past_midnight, Time_Mid, seconds_past_midnight
WSAbs300, Mm-1, AerOpt_AbsorptionBrC_InSitu_UVtoRed_None_Bulk_STP, Water Soluble Brown Carbon absorption at 300 nm
WSAbs320, Mm-1, AerOpt_AbsorptionBrC_InSitu_UVtoRed_None_Bulk_STP, Water Soluble Brown Carbon absorption at 320 nm
WSAbs340, Mm-1, AerOpt_AbsorptionBrC_InSitu_UVtoRed_None_Bulk_STP, Water Soluble Brown Carbon absorption at 340 nm
WSAbs360, Mm-1, AerOpt_AbsorptionBrC_InSitu_UVtoRed_None_Bulk_STP, Water Soluble Brown Carbon absorption at 360 nm
WSAbs380, Mm-1, AerOpt_AbsorptionBrC_InSitu_UVtoRed_None_Bulk_STP, Water Soluble Brown Carbon absorption at 380 nm
WSAbs400, Mm-1, AerOpt_AbsorptionBrC_InSitu_UVtoRed_None_Bulk_STP, Water Soluble Brown Carbon absorption at 400 nm
WSAbs420, Mm-1, AerOpt_AbsorptionBrC_InSitu_UVtoRed_None_Bulk_STP, Water Soluble Brown Carbon absorption at 420 nm
WSAbs440, Mm-1, AerOpt_AbsorptionBrC_InSitu_UVtoRed_None_Bulk_STP, Water Soluble Brown Carbon absorption at 440 nm
WSAbs460, Mm-1, AerOpt_AbsorptionBrC_InSitu_UVtoRed_None_Bulk_STP, Water Soluble Brown Carbon absorption at 460 nm
WSAbs480, Mm-1, AerOpt_AbsorptionBrC_InSitu_UVtoRed_None_Bulk_STP, Water Soluble Brown Carbon absorption at 480 nm
WSAbs500, Mm-1, AerOpt_AbsorptionBrC_InSitu_UVtoRed_None_Bulk_STP, Water Soluble Brown Carbon absorption at 500 nm
WSAbs520, Mm-1, AerOpt_AbsorptionBrC_InSitu_UVtoRed_None_Bulk_STP, Water Soluble Brown Carbon absorption at 520 nm
WSAbs540, Mm-1, AerOpt_AbsorptionBrC_InSitu_UVtoRed_None_Bulk_STP, Water Soluble Brown Carbon absorption at 540 nm
WSAbs560, Mm-1, AerOpt_AbsorptionBrC_InSitu_UVtoRed_None_Bulk_STP, Water Soluble Brown Carbon absorption at 560 nm
WSAbs580, Mm-1, AerOpt_AbsorptionBrC_InSitu_UVtoRed_None_Bulk_STP, Water Soluble Brown Carbon absorption at 580 nm
WSAbs600, Mm-1, AerOpt_AbsorptionBrC_InSitu_UVtoRed_None_Bulk_STP, Water Soluble Brown Carbon absorption at 600 nm
WSAbs620, Mm-1, AerOpt_AbsorptionBrC_InSitu_UVtoRed_None_Bulk_STP, Water Soluble Brown Carbon absorption at 620 nm
WSAbs640, Mm-1, AerOpt_AbsorptionBrC_InSitu_UVtoRed_None_Bulk_STP, Water Soluble Brown Carbon absorption at 640 nm
WSAbs660, Mm-1, AerOpt_AbsorptionBrC_InSitu_UVtoRed_None_Bulk_STP, Water Soluble Brown Carbon absorption at 660 nm
WSAbs680, Mm-1, AerOpt_AbsorptionBrC_InSitu_UVtoRed_None_Bulk_STP, Water Soluble Brown Carbon absorption at 680 nm
WSAbs700, Mm-1, AerOpt_AbsorptionBrC_InSitu_UVtoRed_None_Bulk_STP, Water Soluble Brown Carbon absorption at 700 nm
WSAbs365, Mm-1, AerOpt_AbsorptionBrC_InSitu_UVtoRed_None_Bulk_STP, Water Soluble Brown Carbon absorption at 365 nm
WSOC, ug m-3, AerComp_WSOC_inSitu_None_Bulk, MassSTP, Water Soluble Organic Carbon
MSAbs300, Mm-1, AerOpt_AbsorptionBrC_InSitu_UVtoRed_None_Bulk_STP, MeOH Soluble Brown Carbon absorption at 300 nm
MSAbs320, Mm-1, AerOpt_AbsorptionBrC_InSitu_UVtoRed_None_Bulk_STP, MeOH Soluble Brown Carbon absorption at 320 nm
MSAbs340, Mm-1, AerOpt_AbsorptionBrC_InSitu_UVtoRed_None_Bulk_STP, MeOH Soluble Brown Carbon absorption at 340 nm
MSAbs360, Mm-1, AerOpt_AbsorptionBrC_InSitu_UVtoRed_None_Bulk_STP, MeOH Soluble Brown Carbon absorption at 360 nm
MSAbs380, Mm-1, AerOpt_AbsorptionBrC_InSitu_UVtoRed_None_Bulk_STP, MeOH Soluble Brown Carbon absorption at 380 nm
MSAbs400, Mm-1, AerOpt_AbsorptionBrC_InSitu_UVtoRed_None_Bulk_STP, MeOH Soluble Brown Carbon absorption at 400 nm
MSAbs420, Mm-1, AerOpt_AbsorptionBrC_InSitu_UVtoRed_None_Bulk_STP, MeOH Soluble Brown Carbon absorption at 420 nm
MSAbs440, Mm-1, AerOpt_AbsorptionBrC_InSitu_UVtoRed_None_Bulk_STP, MeOH Soluble Brown Carbon absorption at 440 nm
MSAbs460, Mm-1, AerOpt_AbsorptionBrC_InSitu_UVtoRed_None_Bulk_STP, MeOH Soluble Brown Carbon absorption at 460 nm
MSAbs480, Mm-1, AerOpt_AbsorptionBrC_InSitu_UVtoRed_None_Bulk_STP, MeOH Soluble Brown Carbon absorption at 480 nm
MSAbs500, Mm-1, AerOpt_AbsorptionBrC_InSitu_UVtoRed_None_Bulk_STP, MeOH Soluble Brown Carbon absorption at 500 nm
MSAbs520, Mm-1, AerOpt_AbsorptionBrC_InSitu_UVtoRed_None_Bulk_STP, MeOH Soluble Brown Carbon absorption at 520 nm
MSAbs540, Mm-1, AerOpt_AbsorptionBrC_InSitu_UVtoRed_None_Bulk_STP, MeOH Soluble Brown Carbon absorption at 540 nm
MSAbs560, Mm-1, AerOpt_AbsorptionBrC_InSitu_UVtoRed_None_Bulk_STP, MeOH Soluble Brown Carbon absorption at 560 nm
MSAbs580, Mm-1, AerOpt_AbsorptionBrC_InSitu_UVtoRed_None_Bulk_STP, MeOH Soluble Brown Carbon absorption at 580 nm
MSAbs600, Mm-1, AerOpt_AbsorptionBrC_InSitu_UVtoRed_None_Bulk_STP, MeOH Soluble Brown Carbon absorption at 600 nm
MSAbs620, Mm-1, AerOpt_AbsorptionBrC_InSitu_UVtoRed_None_Bulk_STP, MeOH Soluble Brown Carbon absorption at 620 nm
MSAbs640, Mm-1, AerOpt_AbsorptionBrC_InSitu_UVtoRed_None_Bulk_STP, MeOH Soluble Brown Carbon absorption at 640 nm
MSAbs660, Mm-1, AerOpt_AbsorptionBrC_InSitu_UVtoRed_None_Bulk_STP, MeOH Soluble Brown Carbon absorption at 660 nm
MSAbs680, Mm-1, AerOpt_AbsorptionBrC_InSitu_UVtoRed_None_Bulk_STP, MeOH Soluble Brown Carbon absorption at 680 nm
MSAbs700, Mm-1, AerOpt_AbsorptionBrC_InSitu_UVtoRed_None_Bulk_STP, MeOH Soluble Brown Carbon absorption at 700 nm
MSAbs365, Mm-1, AerOpt_AbsorptionBrC_InSitu_UVtoRed_None_Bulk_STP, MeOH Soluble Brown Carbon absorption at 365 nm
0
18
PI_CONTACT_INFO: rweber@eas.gatech.edu
PLATFORM: NASA DC-8 aircraft 
LOCATION: Aircraft location is given by the navigational file
ASSOCIATED_DATA: N/A
INSTRUMENT_INFO: WPI LWCC, Ocean Optics USB4000 spectrometer and GE Sievers 900 TOC Portable Analyzer
DATA_INFO: Filters were first extracted in 15 ml of water, dried and then extracted again using 15 ml of methanol. Each extract was filtered with a 0.22 um pore size syringe filter and then injected through a 2.5 m path length LWCC and light absorption measured by Ocean Optics USB4000 spectrometer. Absorption from 300 to 700 nm were recorded. Absorption of pure solvent was subtracted from the sample. Raw absorption data were processed by the equation Abs=Raw*(Volume of extraction liquid)/(Volume of air collected at STP)/(Optical Path Length, 2.5m here)*ln(10). Data reported here were averaged over 20 nm wavelength intervals. i.e. absorption at 400 nm were average by absorption data between 390 nm to 410 nm. Ambient WSOC concentration derived from liquid WSOC concentration with similar equation. All data have been blank corrected by averaging all blank filter in this mission (2-3 blank filters per flight). Limit of detection (LOD) was determined by three times standard deviation of blank data. Data are reported under STP, which is T=273K & p=1013 mb. When using the data, the absorption had better to corrected by higher wavelength, ie Abs700 for baseline drift. 
UNCERTAINTY: 16% for WSAbs365, 17% for WSOC, 19% for MSAbs365
ULOD_FLAG: -7777
ULOD_VALUE: N/A
LLOD_FLAG: -8888
LLOD_VALUE: N/A
DM_CONTACT_INFO: lhzeng@gatech.edu
PROJECT_INFO: FIREX-AQ, 2019
STIPULATIONS_ON_USE: Use of these data require prior ok from PI.
OTHER_COMMENTS: N/A
REVISION: R0
RA: Preliminary Data.  For in-field use only. 
Time_Start, Time_Stop, Time_Mid, WSAbs300, WSAbs320, WSAbs340, WSAbs360, WSAbs380, WSAbs400, WSAbs420, WSAbs440, WSAbs460, WSAbs480, WSAbs500, WSAbs520, WSAbs540, WSAbs560, WSAbs580, WSAbs600, WSAbs620, WSAbs640, WSAbs660, WSAbs680, WSAbs700, WSAbs365, WSOC, MSAbs300, MSAbs320, MSAbs340, MSAbs360, MSAbs380, MSAbs400, MSAbs420, MSAbs440, MSAbs460, MSAbs480, MSAbs500, MSAbs520, MSAbs540, MSAbs560, MSAbs580, MSAbs600, MSAbs620, MSAbs640, MSAbs660, MSAbs680, MSAbs700, MSAbs365
76500,77400,76950,-0.0655924,-0.0359687,-0.0216733,-0.0111822,-0.00425282,-0.00743801,-0.00425983,-0.0014599,-0.00437902,-0.00252994,-0.000437579,-0.00301682,-0.00543686,-0.000680358,-0.00132892,0.00531504,-0.00380779,-0.00269884,-0.00885213,-0.0179793,-0.020443,-0.00949971,0.1378,-0.0617337,0.00884294,0.0653528,0.0714765,0.0586432,0.0526283,0.0434161,0.0373327,0.0249606,0.0218872,0.00831986,0.00653371,0.00372944,0.0161541,0.0346654,0.0356286,0.0142361,0.0301824,0.0473593,0.0219197,0.032144,0.0710552
77640,78480,78060,-0.0752357,-0.0350061,-0.0182376,-0.00587124,0.0016649,-0.00150998,0.00236591,0.0056151,0.0037914,0.00660089,0.00913654,0.00566085,0.00438823,0.0062139,0.00678943,0.0148351,0.00485482,0.00488379,-0.00435211,-0.0141238,-0.0236927,-0.00445542,0.184886,-0.205077,-0.133676,-0.0642587,-0.0321021,-0.0208622,-0.0167401,-0.0246541,-0.0317711,-0.0468263,-0.0610583,-0.0849274,-0.0987228,-0.116066,-0.127195,-0.12101,-0.135178,-0.156595,-0.130583,-0.10222,-0.107145,-0.0901117,-0.0235431
78720,79320,79020,2.96464,1.90759,1.31334,0.955566,0.723966,0.567941,0.477772,0.412918,0.359131,0.317678,0.297894,0.277917,0.259126,0.249475,0.215853,0.232336,0.213369,0.20415,0.186556,0.170059,0.162467,0.886983,9.85886,2.6871,1.92038,1.48502,1.15888,0.908161,0.737835,0.614334,0.526899,0.450209,0.388971,0.338788,0.305105,0.273293,0.257114,0.239024,0.214722,0.182029,0.202935,0.220667,0.188879,0.190471,1.0951
79440,80040,79740,3.5436,2.29006,1.57592,1.14418,0.858091,0.667667,0.555045,0.47452,0.409809,0.359329,0.334228,0.311035,0.288601,0.276378,0.240151,0.255611,0.234989,0.223947,0.20478,0.187003,0.170162,1.06021,4.7005,2.13644,1.62085,1.33348,1.10623,0.920743,0.790317,0.689936,0.612485,0.545303,0.486981,0.437499,0.401412,0.367196,0.343713,0.322547,0.299055,0.275817,0.305185,0.330171,0.28965,0.293898,1.06066
80160,80760,80460,2.85075,1.95325,1.42626,1.09911,0.849578,0.677346,0.578025,0.505842,0.4434,0.392832,0.366575,0.34126,0.317085,0.303436,0.264594,0.281478,0.259081,0.241035,0.21247,0.19786,0.161614,1.02872,2.14433,1.90145,1.39798,1.11419,0.867867,0.676304,0.550288,0.460398,0.391024,0.330413,0.281943,0.239398,0.214888,0.202437,0.206403,0.209656,0.208487,0.169446,0.167578,0.17872,0.147098,0.158288,0.819769
80880,81480,81180,0.0653253,0.0556008,0.0510832,0.049621,0.0440496,0.0324984,0.0323355,0.0339839,0.0293124,0.0298136,0.0303365,0.0260242,0.0220458,0.0236485,0.0214794,0.0338411,0.0185551,0.00289966,-0.0189374,-0.0242403,-0.0530333,0.04757,0.0907205,-0.207966,-0.171972,-0.0931955,-0.057711,-0.0429572,-0.0319378,-0.0269046,-0.0324061,-0.0363285,-0.0419183,-0.0513472,-0.0544884,-0.0592578,-0.0545502,-0.0440572,-0.0524063,-0.0621136,-0.0162144,0.0179848,-0.00795034,0.0109952,-0.0484883
81600,82200,81900,0.0717466,0.0801012,0.0884977,0.0926843,0.0686382,0.0437389,0.0411756,0.0430996,0.0388711,0.0390598,0.0378087,0.03444,0.0298022,0.0323568,0.0313514,0.0452049,0.0305311,0.0104375,-0.018139,-0.033487,-0.0802077,0.0877361,0.142946,0.0409419,-0.0516704,-0.0336837,-0.0214752,-0.0195282,-0.0146998,-0.0270604,-0.0386228,-0.0536759,-0.0717423,-0.0841432,-0.0880709,-0.0980948,-0.0909999,-0.0912116,-0.0997988,-0.117691,-0.0662435,-0.0142494,-0.0464796,-0.0118805,-0.0181021
82320,83340,82830,-0.07579,-0.0236151,0.00874775,0.0229574,0.0131468,-6.42418e-05,-0.000130637,0.00418992,-0.00028443,-0.000313485,0.00137891,-0.00234439,-0.00107044,0.00074765,0.00299094,0.0113659,-6.22129e-05,-0.00241257,-0.00339292,-0.000256121,0.00714065,0.0211308,0.10603,-0.419979,-0.267109,-0.151446,-0.0910659,-0.065078,-0.0578546,-0.0557122,-0.0525767,-0.0519953,-0.0553203,-0.0594969,-0.0603666,-0.0623039,-0.061757,-0.0511537,-0.0582624,-0.0602155,-0.00194712,0.0292298,0.0109389,0.0214732,-0.0792328
83460,84120,83790,-0.0535884,-0.0185217,-0.00183747,0.0022764,0.00436587,0.000247286,-0.00047325,0.00575325,-0.00100277,0.000287815,0.0014971,-0.00138982,-0.00183036,0.00030101,0.00373346,0.0130613,0.0010265,-0.00224689,-0.00862069,-0.0049639,0.00197247,0.00223916,0.046465,-0.318384,-0.239149,-0.144519,-0.100156,-0.0779637,-0.0623731,-0.0602386,-0.0614199,-0.0644047,-0.0720645,-0.0775277,-0.0823244,-0.0869368,-0.085906,-0.0754886,-0.0817547,-0.0858282,-0.0245834,0.0220565,-0.00620699,0.0215525,-0.0866358
84240,85260,84750,-0.0568735,-0.0243662,-0.0102927,-0.00513981,0.000617964,-0.00193825,-0.00245304,0.00366312,-0.0026116,-0.00159637,-0.000754223,-0.00410502,-0.0037095,-0.00122995,0.00230836,0.00936836,-0.00189446,-0.00433479,-0.00486597,-0.00273094,0.0036977,-0.00502962,0.208462,-0.361895,-0.250896,-0.147061,-0.0956193,-0.077981,-0.062813,-0.0632807,-0.0560294,-0.0583501,-0.0586342,-0.0601644,-0.0623915,-0.0592527,-0.060613,-0.0432267,-0.0476042,-0.0479662,0.00626612,0.0455663,0.0241985,0.0416988,-0.0868745
85380,85860,85620,-9999,-9999,-9999,-9999,-9999,-9999,-9999,-9999,-9999,-9999,-9999,-9999,-9999,-9999,-9999,-9999,-9999,-9999,-9999,-9999,-9999,-9999,-9999,-9999,-9999,-9999,-9999,-9999,-9999,-9999,-9999,-9999,-9999,-9999,-9999,-9999,-9999,-9999,-9999,-9999,-9999,-9999,-9999,-9999,-9999
85980,86580,86280,-9999,-9999,-9999,-9999,-9999,-9999,-9999,-9999,-9999,-9999,-9999,-9999,-9999,-9999,-9999,-9999,-9999,-9999,-9999,-9999,-9999,-9999,-9999,-9999,-9999,-9999,-9999,-9999,-9999,-9999,-9999,-9999,-9999,-9999,-9999,-9999,-9999,-9999,-9999,-9999,-9999,-9999,-9999,-9999,-9999
86700,87600,87150,-9999,-9999,-9999,-9999,-9999,-9999,-9999,-9999,-9999,-9999,-9999,-9999,-9999,-9999,-9999,-9999,-9999,-9999,-9999,-9999,-9999,-9999,-9999,-9999,-9999,-9999,-9999,-9999,-9999,-9999,-9999,-9999,-9999,-9999,-9999,-9999,-9999,-9999,-9999,-9999,-9999,-9999,-9999,-9999,-9999
87720,88620,88170,-0.00592794,0.0168302,0.0364453,0.041846,0.0255349,0.00786511,0.00485054,0.00928181,0.0020784,0.0031176,0.00326346,-0.000217904,-8.73603e-05,0.0017674,0.00454335,0.013277,0.00160119,-0.00243724,-0.00646008,-0.00193013,0.00148717,0.0380129,0.0654347,-0.485103,-0.358507,-0.250442,-0.185527,-0.145526,-0.119767,-0.110789,-0.101324,-0.104426,-0.100274,-0.105124,-0.106587,-0.109634,-0.107749,-0.090124,-0.0932174,-0.101547,-0.0576311,-0.0164019,-0.0306566,-0.0126227,-0.167107
88860,89700,89280,-0.0649044,-0.0397344,-0.0248655,-0.0203977,-0.00912089,-0.0105982,-0.0110328,-0.0014312,-0.00900551,-0.0057494,-0.00392999,-0.0079148,-0.00606266,-0.00579269,0.00132103,0.0105639,-0.00491094,-0.00718344,-0.0142276,-0.01111,-0.0140799,-0.0183257,0.0627901,-0.507629,-0.428961,-0.318093,-0.260723,-0.214713,-0.175029,-0.157065,-0.145159,-0.137176,-0.134598,-0.139969,-0.135954,-0.125065,-0.111151,-0.0749184,-0.0668696,-0.0867772,-0.0722107,-0.0490154,-0.072231,-0.0264872,-0.24112
89820,90840,90330,-0.0707554,-0.0368379,-0.0213287,-0.017405,-0.00723982,-0.00827015,-0.00814479,-0.0015445,-0.00719805,-0.00472853,-0.00315401,-0.00627884,-0.00572071,-0.00452744,0.000662991,0.010074,-0.00374915,-0.00706057,-0.0143284,-0.00747835,-0.0116834,-0.0166247,0.0411652,-0.490359,-0.395065,-0.287592,-0.21762,-0.171756,-0.138428,-0.124153,-0.114715,-0.107198,-0.101779,-0.102127,-0.105982,-0.104598,-0.101548,-0.0724221,-0.0803654,-0.0835883,-0.0454157,-0.0202247,-0.029202,0.00240358,-0.196336
92040,92280,92160,2.01482,1.28757,0.87349,0.598001,0.405369,0.275385,0.201017,0.161007,0.112711,0.0928503,0.0767948,0.0677201,0.0579,0.048862,0.0460392,0.0597147,0.0427566,0.0365138,0.0328973,0.0132969,-0.0129375,0.540823,2.59317,8.06383,5.64433,4.18651,3.07846,2.2929,1.78619,1.40314,1.117,0.908229,0.74857,0.611101,0.526935,0.460385,0.438964,0.443466,0.434552,0.329874,0.242796,0.206691,0.188964,0.254218,2.87298
93000,93300,93150,2.64885,1.70796,1.14033,0.771499,0.51871,0.357558,0.257637,0.20414,0.150068,0.11908,0.103067,0.0840098,0.0746378,0.065865,0.0597129,0.0733355,0.0532478,0.0473402,0.0257479,0.0293094,0.002862,0.698235,2.54482,9.61665,6.84392,5.12605,3.87096,2.98097,2.3672,1.90512,1.56576,1.31193,1.10088,0.935452,0.808405,0.686783,0.607468,0.557651,0.511576,0.432935,0.393621,0.40105,0.348946,0.399029,3.63283
93420,93780,93600,3.86223,2.5214,1.69976,1.16543,0.814651,0.585797,0.438499,0.351228,0.276286,0.225308,0.197473,0.173291,0.154565,0.140666,0.119437,0.139538,0.114154,0.112488,0.095947,0.0903221,0.0685564,1.0609,2.12819,10.3373,7.47916,5.65553,4.32944,3.36699,2.68287,2.182,1.82059,1.5332,1.31487,1.13429,0.998702,0.879989,0.787215,0.72399,0.680278,0.602006,0.543173,0.542443,0.508688,0.536974,4.06972
93900,94200,94050,3.24377,2.0984,1.41529,0.964492,0.663776,0.471377,0.347713,0.281681,0.216363,0.180593,0.156435,0.134915,0.124513,0.112146,0.0996374,0.116897,0.0942569,0.0887435,0.0604733,0.0615374,0.0303198,0.873183,4.22403,11.1935,7.87939,5.78453,4.28694,3.20453,2.46747,1.92822,1.54451,1.24327,1.02748,0.838219,0.708794,0.590995,0.516348,0.473424,0.424394,0.342491,0.282814,0.297302,0.275723,0.316558,3.99184
94320,94620,94470,2.42935,1.52602,0.991692,0.646998,0.42911,0.287776,0.199918,0.156544,0.108941,0.0872976,0.0727915,0.0567265,0.0498452,0.041646,0.0426698,0.053928,0.0315787,0.0277007,0.00512029,0.0129339,-0.0190242,0.580865,3.47222,10.7965,7.62884,5.63482,4.18718,3.14599,2.4365,1.91742,1.54599,1.26872,1.05496,0.879015,0.750497,0.641305,0.57334,0.534881,0.495913,0.414348,0.361782,0.370395,0.353295,0.354171,3.90721
94740,95520,95130,5.65616,3.82863,2.66933,1.88327,1.31169,0.933466,0.691077,0.53589,0.422037,0.337064,0.288973,0.25039,0.222538,0.202319,0.170929,0.185396,0.16259,0.156338,0.141893,0.130523,0.118929,1.71588,2.23148,7.47988,5.45663,4.1605,3.20283,2.50269,1.99524,1.62834,1.3705,1.16577,1.0134,0.887848,0.78845,0.709047,0.639828,0.600137,0.566677,0.512966,0.50502,0.498177,0.470433,0.462589,3.01382
95640,96180,95910,4.62809,3.04792,2.06318,1.40294,0.952153,0.660704,0.478116,0.367834,0.281524,0.22184,0.186895,0.158571,0.139976,0.125289,0.103512,0.121684,0.0982294,0.0881936,0.0804191,0.0700845,0.0561169,1.27023,4.503,11.4135,8.43354,6.45351,5.00972,3.95689,3.19297,2.64054,2.24407,1.94129,1.69854,1.50733,1.3604,1.23835,1.13563,1.05802,1.00965,0.928991,0.887877,0.869311,0.82808,0.82198,4.72243
96300,96840,96570,5.30761,3.54741,2.44774,1.70894,1.17303,0.823243,0.598258,0.454015,0.347426,0.269711,0.225221,0.188777,0.163724,0.14285,0.117236,0.132567,0.108116,0.0994029,0.0874496,0.0785766,0.0599606,1.55249,3.96493,8.36279,6.03472,4.52882,3.43687,2.64323,2.08144,1.66608,1.37501,1.14803,0.979412,0.840284,0.73424,0.639949,0.5745,0.537192,0.498356,0.441269,0.409332,0.413565,0.387453,0.396319,3.21989
96960,97380,97170,0.312146,0.204681,0.149901,0.110044,0.0787997,0.0516207,0.0382567,0.0398429,0.025868,0.0263088,0.023694,0.0172721,0.0183389,0.0171079,0.0201915,0.0360726,0.0146741,0.0031556,-0.0118239,-0.00599384,-0.0303628,0.100233,0.784516,0.0969211,-0.0105905,-0.0205515,-0.0313251,-0.0170115,0.000685628,0.00305548,0.000892764,-0.00927441,-0.00903034,-0.0295364,-0.0399754,-0.0477404,-0.0446468,-0.0049575,-0.00848258,-0.0322025,-0.0389458,-0.0144479,-0.0138682,0.0249539,-0.0160878
97620,98100,97860,2.32598,1.53776,1.07017,0.756501,0.528513,0.380064,0.292365,0.242448,0.196249,0.165253,0.14896,0.132992,0.122674,0.116178,0.100598,0.118741,0.0988769,0.0868892,0.0809512,0.0809617,0.0532005,0.689939,3.62864,7.76312,5.61916,4.23412,3.2242,2.48735,1.96036,1.57492,1.29455,1.0727,0.910798,0.776676,0.667927,0.579611,0.507396,0.474831,0.439857,0.379904,0.336137,0.336636,0.335886,0.332889,3.02478
98220,98820,98520,3.55902,2.37182,1.63833,1.14716,0.802622,0.576774,0.438588,0.353759,0.286668,0.239141,0.211296,0.188627,0.172494,0.161853,0.137603,0.158626,0.136023,0.12875,0.110426,0.111518,0.0948427,1.04576,4.55078,12.454,9.03559,6.80565,5.17205,3.99285,3.1521,2.541,2.10135,1.76851,1.51136,1.30277,1.14362,1.01313,0.907242,0.836878,0.790305,0.705208,0.637451,0.620266,0.596466,0.575915,4.8515
