Data/Raw/WEBER,RODNEY/FIREXAQ-SAGA-AERO-BrC_DC8_20190812_R0.ict
79, 1001
Weber, Rodney
Georgia Institute of Technology
Brown carbon measured 
FIREXAQ
1, 1
2019, 08, 12, 2020, 03, 03
0
Time_Start, seconds_past_midnight, Time_Start, seconds_past_midnight
47
1, 1, 1, 1, 1, 1, 1, 1, 1, 1, 1, 1, 1, 1, 1, 1, 1, 1, 1, 1, 1, 1, 1, 1, 1, 1, 1, 1, 1, 1, 1, 1, 1, 1, 1, 1, 1, 1, 1, 1, 1, 1, 1, 1, 1, 1, 1
-9999, -9999, -9999, -9999, -9999, -9999, -9999, -9999, -9999, -9999, -9999, -9999, -9999, -9999, -9999, -9999, -9999, -9999, -9999, -9999, -9999, -9999, -9999, -9999, -9999, -9999, -9999, -9999, -9999, -9999, -9999, -9999, -9999, -9999, -9999, -9999, -9999, -9999, -9999, -9999, -9999, -9999, -9999, -9999, -9999, -9999, -9999
Time_Stop, seconds_past_midnight, Time_Stop, seconds_past_midnight
Time_Mid, seconds_past_midnight, Time_Mid, seconds_past_midnight
WSAbs300, Mm-1, AerOpt_AbsorptionBrC_InSitu_UVtoRed_None_Bulk_STP, Water Soluble Brown Carbon absorption at 300 nm
WSAbs320, Mm-1, AerOpt_AbsorptionBrC_InSitu_UVtoRed_None_Bulk_STP, Water Soluble Brown Carbon absorption at 320 nm
WSAbs340, Mm-1, AerOpt_AbsorptionBrC_InSitu_UVtoRed_None_Bulk_STP, Water Soluble Brown Carbon absorption at 340 nm
WSAbs360, Mm-1, AerOpt_AbsorptionBrC_InSitu_UVtoRed_None_Bulk_STP, Water Soluble Brown Carbon absorption at 360 nm
WSAbs380, Mm-1, AerOpt_AbsorptionBrC_InSitu_UVtoRed_None_Bulk_STP, Water Soluble Brown Carbon absorption at 380 nm
WSAbs400, Mm-1, AerOpt_AbsorptionBrC_InSitu_UVtoRed_None_Bulk_STP, Water Soluble Brown Carbon absorption at 400 nm
WSAbs420, Mm-1, AerOpt_AbsorptionBrC_InSitu_UVtoRed_None_Bulk_STP, Water Soluble Brown Carbon absorption at 420 nm
WSAbs440, Mm-1, AerOpt_AbsorptionBrC_InSitu_UVtoRed_None_Bulk_STP, Water Soluble Brown Carbon absorption at 440 nm
WSAbs460, Mm-1, AerOpt_AbsorptionBrC_InSitu_UVtoRed_None_Bulk_STP, Water Soluble Brown Carbon absorption at 460 nm
WSAbs480, Mm-1, AerOpt_AbsorptionBrC_InSitu_UVtoRed_None_Bulk_STP, Water Soluble Brown Carbon absorption at 480 nm
WSAbs500, Mm-1, AerOpt_AbsorptionBrC_InSitu_UVtoRed_None_Bulk_STP, Water Soluble Brown Carbon absorption at 500 nm
WSAbs520, Mm-1, AerOpt_AbsorptionBrC_InSitu_UVtoRed_None_Bulk_STP, Water Soluble Brown Carbon absorption at 520 nm
WSAbs540, Mm-1, AerOpt_AbsorptionBrC_InSitu_UVtoRed_None_Bulk_STP, Water Soluble Brown Carbon absorption at 540 nm
WSAbs560, Mm-1, AerOpt_AbsorptionBrC_InSitu_UVtoRed_None_Bulk_STP, Water Soluble Brown Carbon absorption at 560 nm
WSAbs580, Mm-1, AerOpt_AbsorptionBrC_InSitu_UVtoRed_None_Bulk_STP, Water Soluble Brown Carbon absorption at 580 nm
WSAbs600, Mm-1, AerOpt_AbsorptionBrC_InSitu_UVtoRed_None_Bulk_STP, Water Soluble Brown Carbon absorption at 600 nm
WSAbs620, Mm-1, AerOpt_AbsorptionBrC_InSitu_UVtoRed_None_Bulk_STP, Water Soluble Brown Carbon absorption at 620 nm
WSAbs640, Mm-1, AerOpt_AbsorptionBrC_InSitu_UVtoRed_None_Bulk_STP, Water Soluble Brown Carbon absorption at 640 nm
WSAbs660, Mm-1, AerOpt_AbsorptionBrC_InSitu_UVtoRed_None_Bulk_STP, Water Soluble Brown Carbon absorption at 660 nm
WSAbs680, Mm-1, AerOpt_AbsorptionBrC_InSitu_UVtoRed_None_Bulk_STP, Water Soluble Brown Carbon absorption at 680 nm
WSAbs700, Mm-1, AerOpt_AbsorptionBrC_InSitu_UVtoRed_None_Bulk_STP, Water Soluble Brown Carbon absorption at 700 nm
WSAbs365, Mm-1, AerOpt_AbsorptionBrC_InSitu_UVtoRed_None_Bulk_STP, Water Soluble Brown Carbon absorption at 365 nm
[...]
UNCERTAINTY: 16% for WSAbs365, 17% for WSOC, 19% for MSAbs365
ULOD_FLAG: -7777
ULOD_VALUE: N/A
LLOD_FLAG: -8888
LLOD_VALUE: N/A
DM_CONTACT_INFO: lhzeng@gatech.edu
PROJECT_INFO: FIREX-AQ, 2019
STIPULATIONS_ON_USE: Use of these data require prior ok from PI.
OTHER_COMMENTS: N/A
REVISION: R0
RA: Preliminary Data.  For in-field use only.
Time_Start, Time_Stop, Time_Mid, WSAbs300, WSAbs320, WSAbs340, WSAbs360, WSAbs380, WSAbs400, WSAbs420, WSAbs440, WSAbs460, WSAbs480, WSAbs500, WSAbs520, WSAbs540, WSAbs560, WSAbs580, WSAbs600, WSAbs620, WSAbs640, WSAbs660, WSAbs680, WSAbs700, WSAbs365, WSOC, MSAbs300, MSAbs320, MSAbs340, MSAbs360, MSAbs380, MSAbs400, MSAbs420, MSAbs440, MSAbs460, MSAbs480, MSAbs500, MSAbs520, MSAbs540, MSAbs560, MSAbs580, MSAbs600, MSAbs620, MSAbs640, MSAbs660, MSAbs680, MSAbs700, MSAbs365
76680,77580,77130,0.0890783,0.101772,0.0913347,0.0848508,0.0777056,0.0693762,0.0678931,0.0701596,0.0711832,0.0695576,0.0674398,0.0662199,0.0752574,0.0767512,0.0605586,0.0847856,0.0752744,0.0556687,0.0738999,0.0714772,0.0684916,0.075306,0.582421,0.143236,0.1482,0.108301,0.0443734,0.00561105,-0.00619115,-0.0109901,-0.00975709,-0.00185609,-0.00591261,0.00118677,0.0135099,0.0490759,0.0769999,0.0992818,0.132007,0.123381,0.0886979,0.0892463,0.0811905,0.0630612,0.0278121
77700,78600,78150,0.00533078,0.0327041,0.0283498,0.0234948,0.0233427,0.0174815,0.0175549,0.0234121,0.0250161,0.0241123,0.0209833,0.0237945,0.025706,0.0287654,0.0141269,0.0386198,0.0259359,0.00150003,0.0268507,0.0218041,0.0173863,0.0148675,0.290643,0.125096,0.127333,0.096936,0.0343162,-0.0085314,-0.0210693,-0.0243728,-0.0223498,-0.0106942,-0.0116024,-0.00593129,0.00446539,0.0492797,0.0746133,0.0953061,0.128326,0.121817,0.0877155,0.0944952,0.0766529,0.0668683,0.0128071
78720,79620,79170,0.253895,0.16442,0.112936,0.0808416,0.0626828,0.0482191,0.0433349,0.0426511,0.0441089,0.0388828,0.0363209,0.0363215,0.0386329,0.0425678,0.0259436,0.0467281,0.0376568,0.0209329,0.0336388,0.0352652,0.0376494,0.0682307,0.128678,0.465608,0.353858,0.283207,0.172472,0.0958126,0.0694385,0.0566333,0.049501,0.0445496,0.0373186,0.0448527,0.063425,0.113383,0.16171,0.206946,0.256746,0.224099,0.141449,0.110477,0.0785431,0.0656346,0.140786
79740,80640,80190,0.00756601,0.0401457,0.0429302,0.0411556,0.0451691,0.0436776,0.046749,0.0534604,0.0593681,0.0569495,0.0571747,0.0584355,0.0661224,0.0681138,0.0471661,0.0713648,0.0689608,0.0430781,0.0738741,0.0550323,0.0640852,0.0330881,0.117219,0.00536033,0.00802518,-0.00838216,-0.0328985,-0.0415639,-0.0453004,-0.0420304,-0.0409111,-0.0294435,-0.03207,-0.0281305,-0.025642,-0.0143411,-0.0153655,-0.0410716,-0.0292993,-0.00135098,0.0169947,0.0635928,0.0674843,0.050799,-0.0420386
80760,81720,81240,0.153135,0.139966,0.112435,0.0949576,0.0850352,0.0729738,0.0706664,0.0747826,0.07564,0.0735637,0.0725305,0.0746206,0.078948,0.0848978,0.0636879,0.0909141,0.0776662,0.0630328,0.0831477,0.071635,0.0783983,0.0834018,0.0690453,0.0870875,0.114376,0.0461303,0.00267729,-0.0192054,-0.02498,-0.030647,-0.0281902,-0.0174515,-0.0209976,-0.0159679,-0.00672303,0.0187245,0.0282718,0.0312237,0.0505488,0.0578495,0.0489958,0.0692006,0.0602384,0.042429,-0.0094333
81840,82740,82290,0.0848204,0.099254,0.110427,0.114698,0.0940621,0.0761146,0.0775323,0.0850051,0.0883157,0.0842523,0.0850079,0.0870324,0.0937695,0.0977357,0.0769103,0.10481,0.0915747,0.0756883,0.0975596,0.0891152,0.0992031,0.101915,0.119318,-0.209623,-0.172336,-0.144308,-0.171067,-0.179759,-0.167092,-0.159016,-0.143612,-0.124369,-0.121546,-0.107242,-0.0952867,-0.0667638,-0.0476493,-0.0400842,-0.0139755,-0.000395305,-0.00958571,0.000836483,0.00218381,-0.00159716,-0.181183
82860,83760,83310,0.0555602,0.086365,0.0829448,0.0782517,0.0759711,0.0734365,0.0746029,0.0808036,0.0890454,0.0868625,0.0843003,0.0902322,0.094922,0.0980633,0.0775543,0.105686,0.0943017,0.0792745,0.101926,0.0924326,0.105204,0.0692936,0.027524,-0.298121,-0.233317,-0.2029,-0.197729,-0.189682,-0.178612,-0.168471,-0.156186,-0.141794,-0.139896,-0.129266,-0.126067,-0.109471,-0.11691,-0.134972,-0.124026,-0.0925538,-0.0674041,-0.0197274,-0.0189461,-0.0258046,-0.201499
83880,84780,84330,0.173024,0.128136,0.109157,0.0934453,0.0876634,0.0807625,0.0826012,0.0886012,0.0943603,0.0939975,0.0908451,0.0948747,0.100582,0.105198,0.0814524,0.109132,0.0993281,0.0838624,0.0915456,0.0976265,0.105674,0.0819512,0.0437279,0.135314,0.130355,0.144183,0.101689,0.0563134,0.00610313,-0.000474394,-0.000879566,-0.000908048,-0.0181874,-0.0218673,-0.0226588,-0.0117433,0.00572577,0.0408179,0.0559769,0.0402548,0.0507208,0.0222895,0.0193659,-0.0418285,0.0878593
84900,85620,85260,0.0293334,0.050013,0.0472324,0.0491237,0.0524464,0.0467137,0.0505327,0.0589202,0.0678074,0.0688492,0.0640709,0.0725564,0.0793461,0.0835303,0.0563152,0.0852265,0.0802511,0.0523233,0.0792201,0.0794497,0.0753703,0.0383035,0.116557,-0.0264689,0.00207251,0.023833,0.0109093,0.00918849,-0.0273461,-0.0315996,-0.0273088,-0.0274637,-0.0347713,-0.0423523,-0.0437797,-0.0427566,-0.043546,-0.0260633,-0.0315978,-0.0332373,0.000387301,0.00348141,0.00296826,-0.0625383,0.0078083
85800,86100,85950,0.3121,0.289802,0.259252,0.24807,0.233825,0.231011,0.230504,0.241643,0.255874,0.254738,0.254661,0.269714,0.28592,0.289187,0.242369,0.298766,0.280795,0.248528,0.281277,0.283955,0.258525,0.226695,0.42536,0.765492,0.498351,0.381879,0.249475,0.14154,0.0360616,0.0209578,0.00824354,-0.00611536,-0.041113,-0.0638081,-0.0590991,-0.0548518,-0.0264924,0.00244947,0.0270149,-0.0115628,-0.0599655,-0.12849,-0.0793943,-0.168156,0.20974
86340,86850,86595,0.283949,0.273694,0.277633,0.282939,0.212261,0.168919,0.160452,0.165523,0.17456,0.167847,0.167524,0.179147,0.189305,0.191831,0.157076,0.197306,0.183857,0.152568,0.1823,0.178116,0.172204,0.257168,0.880859,0.67999,0.508695,0.389528,0.289122,0.215019,0.1224,0.0983689,0.0783303,0.0709388,0.0449069,0.0305667,0.0128955,0.0111053,0.00549953,0.0184995,0.00957018,0.0149412,0.053567,0.0391443,0.0681602,-0.0206921,0.266054
87000,87180,87090,0.980879,0.827523,0.788406,0.771243,0.570166,0.44771,0.427378,0.429682,0.45465,0.440657,0.440192,0.465355,0.487579,0.496887,0.39912,0.531593,0.495528,0.398631,0.463858,0.459553,0.43827,0.701112,0.990238,1.20619,0.7551,0.500677,0.294072,0.201154,0.0803987,0.0667763,0.0682384,0.0944769,0.0557544,0.0460244,0.0480842,0.0527489,0.0973407,0.144502,0.18806,0.165766,0.138359,0.0415619,0.0995771,-0.0750351,0.262106
87300,87660,87480,7.42161,5.29752,3.80716,2.78959,1.89272,1.24082,0.866349,0.64771,0.519148,0.418938,0.354327,0.327555,0.312237,0.299079,0.230123,0.286707,0.270595,0.216499,0.25547,0.23471,0.212072,2.53462,0.796223,16.8913,11.3074,7.59065,5.31524,3.86436,2.86392,2.21526,1.79145,1.48233,1.22182,1.03878,0.907218,0.805634,0.7579,0.706505,0.675448,0.629174,0.578256,0.496903,0.486891,0.35687,4.87908
87720,88140,87930,12.3586,8.62471,5.8952,4.04627,2.60602,1.59832,1.03143,0.738355,0.565943,0.418158,0.322571,0.270288,0.248532,0.23094,0.160838,0.207543,0.177954,0.12538,0.153423,0.143353,0.112441,3.62923,7.31733,31.021,20.3713,13.8915,9.9477,7.39951,5.60768,4.41866,3.61596,3.04051,2.56883,2.23818,1.96625,1.75661,1.58327,1.42806,1.33575,1.25411,1.21737,1.14156,1.09318,0.912394,9.20304
88260,88680,88470,12.9146,9.15149,6.32022,4.35366,2.81275,1.7308,1.12198,0.803141,0.592324,0.420707,0.303722,0.238286,0.205646,0.180771,0.121731,0.160125,0.127373,0.0896377,0.103698,0.0775436,0.0746249,3.91297,8.38857,30.4595,20.0122,13.1921,9.13473,6.5462,4.7595,3.57928,2.80757,2.25369,1.8162,1.50147,1.26183,1.06532,0.921048,0.795992,0.708863,0.64231,0.629084,0.564798,0.528674,0.413007,8.37434
88800,89220,89010,10.0766,6.88687,4.647,3.18789,2.09468,1.34592,0.917611,0.689261,0.541002,0.417988,0.337594,0.296548,0.279414,0.2503,0.191102,0.243591,0.206285,0.134531,0.137488,0.143869,0.123079,2.8665,8.39956,25.7544,17.0237,11.6557,8.32933,6.12068,4.56199,3.52707,2.82341,2.32843,1.91875,1.62188,1.39145,1.20253,1.05398,0.941076,0.861018,0.789484,0.746347,0.668202,0.667613,0.527813,7.68054
89340,89550,89445,20.9438,14.1371,9.63494,6.71513,4.61227,3.27104,2.46725,1.94979,1.60358,1.28475,1.07234,0.959447,0.878926,0.820192,0.686481,0.759165,0.697364,0.570569,0.557514,0.54142,0.449492,6.07603,15.0361,41.2938,27.4779,19.158,13.7806,10.161,7.55123,5.81906,4.62045,3.76671,3.08973,2.60233,2.22851,1.92735,1.69856,1.5141,1.3762,1.2696,1.17527,1.05299,1.00079,0.780057,12.7329
89700,89940,89820,18.744,12.6145,8.64484,6.06923,4.20805,3.01287,2.27563,1.78475,1.46604,1.19778,1.00393,0.901398,0.823884,0.776249,0.642667,0.713362,0.667974,0.561923,0.554327,0.546613,0.478895,5.50182,8.54403,34.2664,23.2408,16.4935,12.0606,8.97432,6.77595,5.29167,4.25564,3.52492,2.92053,2.49494,2.16842,1.89481,1.67489,1.5218,1.39711,1.30674,1.20864,1.07287,1.0515,0.842302,11.1822
90060,90360,90210,14.7933,9.85939,6.69547,4.68249,3.24375,2.3096,1.74832,1.38185,1.14459,0.952388,0.820003,0.745854,0.69312,0.656886,0.551624,0.611089,0.566713,0.46518,0.477451,0.459425,0.422423,4.23967,10.9491,28.0832,19.2061,13.7112,10.0673,7.5422,5.69434,4.45172,3.58262,2.96313,2.46615,2.09749,1.8207,1.58844,1.40251,1.27195,1.17885,1.09177,1.03009,0.909763,0.900411,0.728097,9.35318
90480,91110,90795,4.5676,2.92345,1.89819,1.27122,0.850802,0.574196,0.412782,0.314413,0.254715,0.206434,0.171382,0.150931,0.142257,0.132363,0.10318,0.137559,0.114743,0.0720954,0.073862,0.0707414,0.0531473,1.13797,4.19898,12.8401,8.72396,6.23406,4.57198,3.39056,2.53136,1.96396,1.56841,1.29492,1.07316,0.906196,0.779427,0.683354,0.608125,0.568567,0.519686,0.496791,0.496901,0.442495,0.432263,0.341335,4.2312
91260,91620,91440,11.0156,7.23145,4.81125,3.32313,2.23903,1.53198,1.11329,0.838954,0.658791,0.520003,0.417816,0.359721,0.322576,0.294678,0.22667,0.26447,0.229828,0.137941,0.150847,0.142141,0.109385,2.99648,7.29829,22.6831,15.5289,11.1208,8.21398,6.19205,4.71351,3.72446,3.02793,2.52762,2.12248,1.82011,1.58623,1.39969,1.25366,1.15014,1.06931,1.00555,0.930058,0.824017,0.812069,0.653948,7.6444
91740,92340,92040,5.63679,3.63599,2.40628,1.64559,1.11919,0.776268,0.567267,0.439128,0.36236,0.298507,0.253674,0.224546,0.210089,0.200982,0.15512,0.193191,0.172972,0.10754,0.112214,0.111042,0.100744,1.48355,1.92577,12.0513,8.36474,6.06522,4.48883,3.37402,2.54665,1.99354,1.5997,1.32277,1.09398,0.922664,0.790426,0.686306,0.601415,0.551379,0.50855,0.46354,0.442266,0.370962,0.380795,0.277085,4.16808
92460,93000,92730,7.46649,4.95558,3.41086,2.41892,1.68327,1.1982,0.900581,0.706324,0.572735,0.461815,0.391076,0.342845,0.316786,0.29179,0.230401,0.265856,0.233494,0.186269,0.185119,0.166176,0.157613,2.19451,3.8924,11.967,8.28154,6.02751,4.49397,3.38973,2.57109,2.03006,1.64963,1.38161,1.16052,0.992173,0.863929,0.757104,0.67736,0.630526,0.584605,0.546106,0.524668,0.464983,0.464205,0.367085,4.18022
93120,93540,93330,14.3528,9.30385,6.20747,4.23949,2.86963,1.96935,1.41177,1.05115,0.819294,0.644056,0.524532,0.454746,0.416508,0.374295,0.297056,0.341404,0.305157,0.237755,0.246023,0.215194,0.196065,3.82609,4.83861,22.6538,15.6336,11.3467,8.40683,6.33323,4.81813,3.79332,3.08769,2.57576,2.17175,1.87173,1.64934,1.48242,1.36972,1.31301,1.25809,1.16157,1.04316,0.911453,0.890147,0.754497,7.81293
93720,94140,93930,8.65796,5.52124,3.66651,2.48084,1.67308,1.149,0.819219,0.608138,0.460476,0.348442,0.293592,0.239008,0.202704,0.179864,0.158343,0.173471,0.132641,0.149237,0.132,0.101594,0.077922,2.2588,4.3365,14.0038,9.74878,7.11392,5.25874,3.94956,2.97258,2.33038,1.88761,1.57689,1.31497,1.13514,0.991696,0.899506,0.831419,0.81259,0.787136,0.729073,0.641984,0.542396,0.542764,0.445309,4.88483
94260,94740,94500,7.26141,4.64618,3.10379,2.1097,1.40744,0.955775,0.67114,0.482661,0.347539,0.246449,0.184488,0.129044,0.0946925,0.0658559,0.0520354,0.0655,0.0213529,0.0225589,0.0075009,-0.0257761,-0.0345577,1.91766,4.12871,10.1557,7.11847,5.22975,3.9367,2.99948,2.29143,1.82701,1.50457,1.27487,1.0784,0.933364,0.818228,0.731138,0.658656,0.630483,0.594126,0.559653,0.515359,0.45176,0.463131,0.371387,3.66957
94860,95340,95100,3.8997,2.50106,1.70216,1.18636,0.831613,0.595977,0.451109,0.358439,0.27776,0.220978,0.192347,0.157749,0.131078,0.117392,0.112714,0.141161,0.0858437,0.0877984,0.0600626,0.04607,0.0100151,1.0984,3.15707,5.79412,4.08513,3.03242,2.29964,1.78946,1.36548,1.11206,0.933125,0.802809,0.690495,0.604639,0.525042,0.465281,0.427673,0.418744,0.393055,0.3796,0.357373,0.300917,0.330557,0.2189,2.15046
95460,96660,96060,-0.0783985,-0.0478979,-0.0222944,-0.00951871,-0.011619,-0.0185811,-0.016216,-0.010184,-0.0143865,-0.0145532,-0.0115359,-0.017079,-0.0199036,-0.0193025,-0.00782631,0.00463749,-0.0176543,-0.0189702,-0.0298451,-0.0288224,-0.0394167,-0.00371842,0.0411855,-0.233818,-0.114123,-0.0708899,-0.0356307,-0.0139548,-0.0271224,-0.021692,-0.0117776,-0.00596705,-0.00735235,-0.00672261,-0.0043524,0.0028419,0.00352547,0.0300855,0.00941017,-0.00119315,0.0242899,0.0148246,0.0249386,-0.027511,-0.0286326
96840,97440,97140,-0.161373,-0.110244,-0.0843462,-0.0676663,-0.0490062,-0.0383083,-0.0278179,-0.0189721,-0.0194083,-0.0158067,-0.0123028,-0.0191436,-0.0227118,-0.0251203,-0.00694139,0.0176747,-0.0198358,-0.0166492,-0.0364049,-0.0403086,-0.0719039,-0.0514699,1.05538,-0.125302,-0.0583867,-0.0419566,-0.0250293,-0.00865934,-0.0355809,-0.0303094,-0.0231058,-0.00907248,-0.0158795,-0.0233061,-0.032422,-0.0370146,-0.0460206,-0.01122,-0.0148699,-0.0174736,-0.00654225,-0.0416697,-0.00577023,-0.0817715,-0.0251086
97680,97800,97740,3.02046,2.50015,2.29366,1.77987,0.938284,0.432294,0.259096,0.190079,0.1399,0.0788233,0.0604285,-0.00182967,-0.00157324,-0.0236694,0.0245337,0.0827723,-0.0227671,-0.0152842,-0.089717,-0.133135,-0.227205,1.60754,2.13148,5.60736,3.91911,2.60041,1.73352,1.15926,0.723341,0.554074,0.48002,0.422478,0.334471,0.259896,0.186955,0.153188,0.100079,0.176951,0.147217,0.131041,-0.000905608,-0.205546,-0.00771361,-0.276963,1.5404
97920,98220,98070,9.10912,6.69673,5.02375,3.73541,2.48942,1.50763,0.902737,0.55055,0.326659,0.182951,0.119236,0.0448043,0.016887,-0.00862256,0.0118388,0.0476873,-0.0314683,-0.0542939,-0.093657,-0.100156,-0.159413,3.43575,8.40636,36.9632,25.0934,16.9481,11.7901,8.40015,6.03195,4.54566,3.60249,2.94584,2.4228,2.04314,1.72894,1.5095,1.32171,1.21665,1.11358,1.02932,0.893891,0.745659,0.775438,0.558219,10.7938
98340,98880,98610,12.3419,9.10706,6.65891,4.78415,3.12379,1.88019,1.16873,0.78356,0.534513,0.353336,0.246938,0.168599,0.124641,0.0985442,0.0842008,0.0931301,0.0495564,0.0475234,0.0221973,-0.00198335,-0.023309,4.35098,10.2223,23.1389,15.7792,10.7623,7.73984,5.78977,4.44225,3.54817,2.94246,2.50149,2.14236,1.8798,1.66549,1.49946,1.35979,1.26364,1.17702,1.08807,1.01116,0.915558,0.896752,0.766789,7.15767
99000,99240,99120,8.06498,6.0107,4.50303,3.31995,2.16979,1.28957,0.787998,0.514487,0.352198,0.234862,0.165814,0.109348,0.0748538,0.0590014,0.0792581,0.108381,0.0399117,0.0262863,-0.019624,-0.0294278,-0.0882228,3.04311,8.86389,16.8125,11.6129,7.81228,5.47421,4.04578,3.00593,2.37071,1.95332,1.64689,1.4003,1.19818,1.04946,0.919832,0.811855,0.787312,0.72715,0.686679,0.574576,0.463853,0.52421,0.36274,5.04505
99360,99660,99510,41.2967,30.1236,21.5173,15.0623,9.59684,5.56657,3.32209,2.19911,1.49114,0.981253,0.664547,0.456552,0.325915,0.242722,0.195854,0.199467,0.124168,0.103234,0.0619634,0.0116049,-0.037603,13.5995,44.6718,74.6602,54.8937,38.5327,27.34,20.3536,15.551,12.3468,10.2064,8.62617,7.40432,6.49341,5.7671,5.18926,4.72369,4.32732,4.06308,3.80421,3.51172,3.27155,3.11788,2.83762,25.3026
99780,100380,100080,3.08691,2.01436,1.31025,0.861741,0.561544,0.372461,0.260863,0.196515,0.147615,0.107597,0.0858543,0.0626162,0.0528325,0.0425078,0.047024,0.0661703,0.0302739,0.0122885,-0.0103088,-0.0162703,-0.0413982,0.782715,1.52872,5.86985,4.07913,2.89413,2.10235,1.55392,1.13543,0.871427,0.699542,0.571562,0.469317,0.384978,0.324847,0.276623,0.239544,0.241863,0.221323,0.209021,0.206036,0.160541,0.182975,0.0959391,1.94223
100500,101700,101100,0.213507,0.203113,0.1845,0.169508,0.168359,0.166431,0.167456,0.172033,0.176141,0.171683,0.174762,0.168679,0.167831,0.16733,0.177977,0.201577,0.172098,0.16263,0.133954,0.137453,0.107834,0.175529,0.115502,-0.220206,-0.102635,-0.0650211,-0.0357839,-0.0121073,-0.0286125,-0.0250179,-0.012364,-0.000271222,-0.00435959,-0.00786725,-0.0163485,-0.0160852,-0.0259226,0.0067796,0.00252685,0.0148063,0.0279105,0.00105875,0.0373469,-0.0292323,-0.0313567
