Data/Raw/WEBER,RODNEY/FIREXAQ-SAGA-MC-BrC_DC8_20190725_R0.ict
56, 1001
Weber, Rodney
Georgia Institute of Technology
Water soluble brown carbon measured with mist chamber-LWCC
FIREXAQ
1, 1
2019, 07, 25, 2020, 03, 05
0
Time_Start, seconds_past_midnight, Time_Start, seconds_past_midnight
24
1, 1, 1, 1, 1, 1, 1, 1, 1, 1, 1, 1, 1, 1, 1, 1, 1, 1, 1, 1, 1, 1, 1, 1
-9999, -9999, -9999, -9999, -9999, -9999, -9999, -9999, -9999, -9999, -9999, -9999, -9999, -9999, -9999, -9999, -9999, -9999, -9999, -9999, -9999, -9999, -9999, -9999
Time_Stop, seconds_past_midnight, Time_Stop, seconds_past_midnight
Time_Mid, seconds_past_midnight, Time_Mid, seconds_past_midnight
WSAbs300, Mm-1, AerOpt_AbsorptionBrC_InSitu_UVtoRed_None_Bulk_STP, Water Soluble Brown Carbon absorption at 300 nm
WSAbs320, Mm-1, AerOpt_AbsorptionBrC_InSitu_UVtoRed_None_Bulk_STP, Water Soluble Brown Carbon absorption at 320 nm
WSAbs340, Mm-1, AerOpt_AbsorptionBrC_InSitu_UVtoRed_None_Bulk_STP, Water Soluble Brown Carbon absorption at 340 nm
WSAbs360, Mm-1, AerOpt_AbsorptionBrC_InSitu_UVtoRed_None_Bulk_STP, Water Soluble Brown Carbon absorption at 360 nm
WSAbs380, Mm-1, AerOpt_AbsorptionBrC_InSitu_UVtoRed_None_Bulk_STP, Water Soluble Brown Carbon absorption at 380 nm
WSAbs400, Mm-1, AerOpt_AbsorptionBrC_InSitu_UVtoRed_None_Bulk_STP, Water Soluble Brown Carbon absorption at 400 nm
WSAbs420, Mm-1, AerOpt_AbsorptionBrC_InSitu_UVtoRed_None_Bulk_STP, Water Soluble Brown Carbon absorption at 420 nm
WSAbs440, Mm-1, AerOpt_AbsorptionBrC_InSitu_UVtoRed_None_Bulk_STP, Water Soluble Brown Carbon absorption at 440 nm
WSAbs460, Mm-1, AerOpt_AbsorptionBrC_InSitu_UVtoRed_None_Bulk_STP, Water Soluble Brown Carbon absorption at 460 nm
WSAbs480, Mm-1, AerOpt_AbsorptionBrC_InSitu_UVtoRed_None_Bulk_STP, Water Soluble Brown Carbon absorption at 480 nm
WSAbs500, Mm-1, AerOpt_AbsorptionBrC_InSitu_UVtoRed_None_Bulk_STP, Water Soluble Brown Carbon absorption at 500 nm
WSAbs520, Mm-1, AerOpt_AbsorptionBrC_InSitu_UVtoRed_None_Bulk_STP, Water Soluble Brown Carbon absorption at 520 nm
WSAbs540, Mm-1, AerOpt_AbsorptionBrC_InSitu_UVtoRed_None_Bulk_STP, Water Soluble Brown Carbon absorption at 540 nm
WSAbs560, Mm-1, AerOpt_AbsorptionBrC_InSitu_UVtoRed_None_Bulk_STP, Water Soluble Brown Carbon absorption at 560 nm
WSAbs580, Mm-1, AerOpt_AbsorptionBrC_InSitu_UVtoRed_None_Bulk_STP, Water Soluble Brown Carbon absorption at 580 nm
WSAbs600, Mm-1, AerOpt_AbsorptionBrC_InSitu_UVtoRed_None_Bulk_STP, Water Soluble Brown Carbon absorption at 600 nm
WSAbs620, Mm-1, AerOpt_AbsorptionBrC_InSitu_UVtoRed_None_Bulk_STP, Water Soluble Brown Carbon absorption at 620 nm
WSAbs640, Mm-1, AerOpt_AbsorptionBrC_InSitu_UVtoRed_None_Bulk_STP, Water Soluble Brown Carbon absorption at 640 nm
WSAbs660, Mm-1, AerOpt_AbsorptionBrC_InSitu_UVtoRed_None_Bulk_STP, Water Soluble Brown Carbon absorption at 660 nm
WSAbs680, Mm-1, AerOpt_AbsorptionBrC_InSitu_UVtoRed_None_Bulk_STP, Water Soluble Brown Carbon absorption at 680 nm
WSAbs700, Mm-1, AerOpt_AbsorptionBrC_InSitu_UVtoRed_None_Bulk_STP, Water Soluble Brown Carbon absorption at 700 nm
WSAbs365, Mm-1, AerOpt_AbsorptionBrC_InSitu_UVtoRed_None_Bulk_STP, Water Soluble Brown Carbon absorption at 365 nm
0
18
PI_CONTACT_INFO: rweber@eas.gatech.edu
PLATFORM: NASA DC-8 aircraft 
LOCATION: Aircraft location is given by the navigational file
ASSOCIATED_DATA: N/A
INSTRUMENT_INFO: UNH Mist Chamber, WPI LWCC, Ocean Optics USB4000 spectrometer
DATA_INFO: Samples collected by mist chamber were injected through 0.22 pore size syringe filter and then a 2.5 m path length LWCC, and light absorption was measured by Ocean Optics USB4000 spectrometer. Absorption from 300 to 700 nm were recorded. Absorption of pure solvent was subtracted from the sample. Raw absorption data were processed by the equation Abs=Raw*(Volume of liquid in the mist chamber)/(Volume of air collected at STP)/(Optical Path Length, 2.5m here)*ln(10). Data reported here were averaged over 20 nm wavelength intervals. i.e. absorption at 400 nm were average by absorption data between 390 nm to 410 nm. All data have been blank corrected by averaging all blank filter in this mission (2-3 blank filters per flight). Data are reported under STP, which is T=273K & p=1013 mb. When using the data, the absorption had better to corrected by higher wavelength, ie Abs700 for baseline drift. 
UNCERTAINTY: Data may have smearing issues. If we do not account for smearing or blank, the uncertainty is ~5%
ULOD_FLAG: -7777
ULOD_VALUE: N/A
LLOD_FLAG: -8888
LLOD_VALUE: N/A
DM_CONTACT_INFO: lhzeng@gatech.edu
PROJECT_INFO: FIREX-AQ, 2019
STIPULATIONS_ON_USE: Use of these data require prior ok from PI.
OTHER_COMMENTS: N/A
REVISION: R0
RA: Preliminary Data.  For in-field use only. 
Time_Start, Time_Stop, Time_Mid, WSAbs300, WSAbs320, WSAbs340, WSAbs360, WSAbs380, WSAbs400, WSAbs420, WSAbs440, WSAbs460, WSAbs480, WSAbs500, WSAbs520, WSAbs540, WSAbs560, WSAbs580, WSAbs600, WSAbs620, WSAbs640, WSAbs660, WSAbs680, WSAbs700, WSAbs365
[from data line 78]
90798,90938,90868,28.7444,17.4308,16.9786,12.3168,8.13878,6.82402,4.9405,3.75975,3.44958,2.47341,2.25955,1.7869,1.41039,1.11026,0.981973,0.81556,0.600986,0.4263,0.450297,0.314533,-0.0444676,9.15144
90938,91078,91008,22.953,16.2361,10.2901,6.69531,5.4139,3.72285,3.49017,2.09656,1.62367,0.788713,0.763869,0.254894,0.191616,0.0959992,-0.0901179,-0.218025,-0.22461,-0.407207,-0.404365,-0.440016,-0.614937,6.23584
91079,91219,91149,34.1398,23.1592,16.8973,18.5445,9.90267,11.1706,8.45909,5.56603,4.46928,3.91116,3.31568,2.40052,1.95913,1.89565,1.49911,1.27924,0.940833,0.562205,0.69682,0.551243,-0.0822197,12.4974
91219,91359,91289,20.1369,20.8677,9.93378,10.8741,6.99121,5.92985,3.64087,2.23853,1.88018,0.99684,0.620901,0.309294,0.192838,0.0519704,-0.216443,-0.209759,-0.328796,-0.619587,-0.608798,-0.663607,-1.03609,6.9999
91360,91500,91430,16.7451,15.3112,7.78307,8.24349,3.86971,3.58503,3.0992,1.24417,1.04442,0.666079,0.105289,-0.0557443,-0.234142,-0.526086,-0.560372,-0.736029,-0.829812,-0.976158,-0.933557,-0.968495,-1.30423,5.0635
91501,91641,91571,15.6255,10.9323,6.31579,4.10847,2.65289,1.31183,0.535173,0.405915,-0.161459,-0.428636,-0.629259,-0.710137,-0.937248,-1.02121,-1.07642,-1.14761,-1.18316,-1.27112,-1.25094,-1.19833,-1.41779,3.11913
91641,91781,91711,8.49407,8.06051,5.4099,3.45636,2.46944,1.53018,0.507636,-0.102889,-0.202075,-0.399189,-0.679052,-0.831976,-0.892264,-0.935045,-1.00381,-1.02709,-1.07669,-1.17776,-1.14347,-1.17004,-1.29918,2.01246
91782,91922,91852,15.8445,7.43218,5.78176,3.56035,1.0584,0.607056,0.0919686,-0.295141,-0.741756,-0.939592,-0.994939,-1.09669,-1.19593,-1.2776,-1.29725,-1.33342,-1.37435,-1.42799,-1.41728,-1.34396,-1.49729,1.85825
91922,92062,91992,7.13046,5.50106,3.22938,2.10502,1.65019,0.817152,0.493078,-0.162828,-0.37496,-0.632405,-0.766581,-0.821848,-0.957294,-0.965907,-0.995058,-1.07552,-1.08838,-1.1649,-1.1563,-1.0964,-1.30502,1.31769
92063,92203,92133,11.1496,6.71524,4.89115,3.5253,1.7569,1.27079,0.875432,0.0594067,-0.293715,-0.304348,-0.535962,-0.682767,-0.809935,-0.888314,-0.977335,-1.00072,-1.07869,-1.16319,-1.14039,-1.13243,-1.32078,1.85592
92203,92343,92273,15.3968,13.2903,8.28591,7.27082,5.22068,4.19782,3.52819,2.19925,1.46694,1.21411,0.795308,0.729195,0.621368,0.43537,0.295031,0.0778237,0.0634237,-0.147433,-0.0561158,-0.157569,-0.455654,5.38187
92344,92484,92414,34.5438,24.3373,19.1618,8.4894,5.71386,5.2622,2.84931,1.74513,0.939998,0.736089,0.275536,0.172672,0.00388831,-0.141695,-0.235049,-0.263473,-0.333848,-0.404306,-0.402674,-0.416649,-0.51452,7.78098
92484,92614,92549,16.8162,7.90821,5.67967,4.32132,3.1919,2.58835,1.3002,1.11655,0.652766,0.594471,0.0990433,-0.00520371,-0.114573,-0.169316,-0.290236,-0.377278,-0.411479,-0.523403,-0.468387,-0.482164,-0.694563,3.6893
92615,92745,92680,18.4523,10.1897,8.51654,5.46957,4.01293,2.90347,1.50517,1.21764,0.723105,0.423274,0.18846,-0.104191,-0.242312,-0.319892,-0.443675,-0.468672,-0.591425,-0.647313,-0.627429,-0.617831,-0.824243,4.51018
92745,92875,92810,73.6596,60.576,35.166,31.5573,26.5632,16.2037,12.6583,9.25457,7.41963,5.75848,4.67837,3.89291,3.40382,3.25395,2.72951,2.24128,2.01181,1.60816,1.7134,1.50395,0.941431,23.7294
92876,93006,92941,27.4616,22.3695,13.2676,13.5552,8.59471,5.95557,4.38992,4.36613,2.87938,2.51566,2.24716,1.65664,1.30468,0.966656,0.843632,0.526376,0.573565,0.153205,0.227461,0.0811752,-0.424919,8.95799
93006,93136,93071,98.8187,61.641,41.5561,39.455,29.9473,19.3331,19.8755,12.7275,11.0544,9.28634,7.5225,7.69396,6.2226,5.38429,4.81447,4.42699,4.19343,3.72666,3.73864,3.24908,2.33222,27.9517
93137,93267,93202,33.0204,19.5229,15.6255,8.05251,4.73835,4.38821,3.14556,1.34594,1.19204,0.773312,0.357903,0.0543402,-0.0799261,-0.127631,-0.214134,-0.329966,-0.331343,-0.454673,-0.412756,-0.442092,-0.559151,6.57218
93267,93397,93332,65.7536,42.123,29.4811,27.718,15.8613,14.7379,11.2159,9.94741,8.07108,7.1624,5.62864,4.72513,4.07576,3.92334,3.36381,3.18479,2.50471,1.99404,2.27251,1.92656,1.09607,19.6303
93398,93528,93463,256.189,140.264,106.812,82.0995,70.3171,42.0203,39.2174,29.2179,22.5362,20.0524,16.7968,15.1217,14.6749,13.3303,12.2779,11.4183,10.6147,9.1316,9.38885,8.7277,7.46877,65.2702
93528,93668,93598,67.5811,52.2577,28.375,18.4516,14.6578,10.0577,8.80696,5.16951,3.93185,3.09352,2.82326,2.38194,1.84208,1.59588,1.48504,1.34317,1.27539,1.09857,1.11233,0.960745,0.898913,17.134
93669,93809,93739,98.2453,60.925,44.5161,38.4915,26.2227,18.9306,15.6592,12.9512,10.9793,8.23245,6.67916,6.53666,5.26893,5.04485,4.64282,4.44533,4.13683,3.38627,3.52722,3.21988,2.49876,26.2199
93809,93949,93879,164.624,110.751,68.7375,71.9261,43.3252,33.8697,28.3811,23.1239,19.7391,18.6115,16.0564,14.0209,13.4775,12.1326,11.4243,10.635,9.65968,8.86933,8.91167,8.39703,7.25803,49.8843
93950,94090,94020,85.6677,53.6139,49.3235,36.017,22.3652,18.3503,15.6563,11.2418,9.20965,7.48951,6.62623,5.67149,5.21853,4.31788,4.42373,3.8657,3.65787,2.96807,3.07074,2.71999,2.158,24.7258
94090,94230,94160,342.496,263.891,139.146,95.9151,72.6427,47.1797,46.4865,31.2504,23.6474,21.0941,17.7379,16.62,13.5182,12.6909,12.361,11.2852,10.4117,9.62009,9.67761,8.73128,8.41674,82.6537
94231,94371,94301,43.668,39.7481,23.3552,22.2391,15.6176,9.04501,9.26663,6.37625,4.62991,3.48437,2.97065,2.38421,1.96866,1.85217,1.54377,1.32933,1.15183,0.749211,0.85917,0.722405,0.344787,15.1275
94371,94511,94441,294.912,204.478,162.498,109.77,76.7371,52.0213,45.5188,33.0732,29.1417,24.562,20.7336,18.7786,16.5281,15.8355,14.2308,13.736,12.9824,11.8918,12.1004,11.0806,10.4736,85.6543
94512,94652,94582,114.661,93.0977,81.1867,60.5237,48.166,36.3848,29.7164,21.4389,19.5066,16.4246,16.2829,12.81,12.8735,10.8428,10.8983,9.14149,8.68506,7.35658,7.32603,6.90287,4.80268,44.6522
94652,94792,94722,89.3011,59.8665,61.1068,38.0831,39.6085,31.862,20.7121,16.0045,13.5994,11.9381,10.5615,10.2244,8.74884,8.15245,6.79455,6.55269,6.36269,5.30835,5.42588,4.77249,3.18139,34.3233
94793,94933,94863,72.9352,48.5459,29.378,21.3024,17.858,9.43547,8.90645,5.61513,4.32099,3.45732,2.86177,2.54661,2.04716,1.79215,1.76961,1.53224,1.35778,1.18835,1.277,1.06604,0.970352,17.6325
94934,95074,95004,125.674,78.6001,47.8758,42.5656,24.9496,16.3997,15.1843,9.52253,7.40083,6.1941,5.48287,4.87756,4.15869,3.92617,3.45378,3.25622,3.19125,2.8008,2.86285,2.58526,2.46853,28.1755
95074,95214,95144,86.7771,67.7259,50.8233,46.3114,30.3203,21.3102,21.462,16.5864,11.8951,11.6543,9.95756,8.70382,7.66438,6.78396,5.77923,5.85848,5.39558,4.49003,4.6194,4.01503,3.29602,32.9157
95215,95355,95285,99.8991,84.5822,53.0679,39.3066,26.4031,20.236,13.6995,10.1623,9.41137,7.7874,6.38465,5.62396,4.65074,4.11927,3.87089,3.69829,3.47511,2.9729,3.12578,2.74318,2.54,29.779
95355,95495,95425,44.8581,34.114,28.2272,20.8508,19.3185,16.0262,11.8042,9.37554,7.00618,6.42414,4.64229,4.44771,3.78869,2.99015,3.07027,2.47877,2.21791,1.70079,1.89402,1.585,0.687351,17.6325
95496,95636,95566,38.5186,28.83,20.3442,17.559,14.6236,10.6528,11.3005,7.53468,6.14338,5.26805,4.02764,3.39733,3.32878,2.81333,2.70732,2.06639,2.08609,1.49427,1.70058,1.30189,0.536433,15.5278
95637,95777,95707,89.6849,57.5857,56.6043,37.5476,24.8551,23.6626,17.193,12.9542,11.4095,9.42582,7.55992,6.63414,6.05085,5.2186,5.00617,4.2244,4.17441,3.44346,3.71441,3.20815,2.66254,28.3119
95777,95917,95847,29.3712,28.0411,19.8043,15.754,11.3279,9.262,5.60695,4.33593,4.15398,2.81073,2.50474,2.07833,1.83133,1.29048,1.09387,0.99891,0.82983,0.565878,0.536256,0.41836,-0.0390594,11.2393
95918,96058,95988,139.275,84.3519,52.1059,36.5256,29.5305,18.252,12.8612,10.2712,8.59265,6.60038,6.07548,4.99748,4.2668,4.15037,3.86966,3.57516,3.38023,3.04523,3.12563,2.92565,2.75753,28.9958
96058,96198,96128,49.2021,28.7387,22.3092,15.4725,13.4888,11.7435,7.19753,6.80426,4.77254,4.1256,3.6292,2.77295,2.53607,2.2188,1.93217,1.57634,1.46047,1.21154,1.28905,1.05601,0.66124,14.3907
96199,96339,96269,56.9091,42.0374,36.9774,20.7725,15.3563,11.6318,11.1194,8.86978,7.6607,5.35056,5.06005,3.9475,3.74348,3.13368,2.7931,2.65795,2.61319,2.0091,2.07862,1.78525,1.20827,18.656
96339,96479,96409,160.681,98.4016,65.692,44.0783,32.5058,20.8998,17.647,12.429,11.4667,8.78901,8.11705,6.94366,6.19538,5.79925,5.38771,5.06889,4.88737,4.54351,4.62902,4.18606,4.15159,36.8691
96480,96620,96550,97.9325,84.1829,53.6419,39.3032,21.2974,14.7441,11.7457,9.52113,6.72537,5.82297,4.77199,4.19666,4.06653,3.7194,3.35171,3.19041,3.04917,2.76592,2.83003,2.68078,2.50885,26.3429
96620,96760,96690,67.2491,56.7022,41.4345,28.4112,29.6434,21.5262,17.7334,14.0225,11.4144,9.85051,9.32836,8.45332,7.45215,6.25313,5.93397,5.13619,4.97398,4.22439,4.43169,3.9192,2.76699,27.9141
96761,96901,96831,84.1973,79.5429,42.5513,37.9492,23.333,17.2826,15.0738,11.6223,9.07281,8.31175,7.10891,6.03024,5.17151,4.50377,4.24489,3.81268,3.76724,3.31974,3.32386,2.86239,2.61184,27.616
96902,97042,96972,238.049,214.073,163.885,140.679,99.9405,82.8549,59.7372,49.4661,41.5103,40.922,34.2123,32.9102,29.896,26.6583,24.909,23.2036,20.9719,18.6263,18.3579,16.6953,12.6754,98.4901
97043,97183,97113,224.017,181.731,98.3638,83.7252,81.1849,56.755,45.5699,42.5317,31.1837,28.9209,27.0592,22.4486,19.426,17.1603,14.5335,14.2299,13.8396,10.9272,11.3929,9.89885,6.24766,76.0038
97183,97323,97253,218.213,125.783,83.0389,57.3879,49.1991,31.0587,24.0387,18.8692,15.1928,12.4938,9.63592,9.33005,7.76956,7.08836,6.81018,6.45138,6.29037,5.73883,5.7905,5.2627,5.17071,51.3912
97324,97464,97394,89.0294,59.0232,53.0236,30.3811,28.8285,18.0654,17.9922,13.2378,10.0866,9.47937,6.83503,6.9774,5.52185,4.65477,4.45773,3.82247,3.40313,2.56371,2.58826,2.36332,1.27059,28.4648
97464,97604,97534,191.454,104.881,79.132,42.6152,27.4991,24.7726,19.2806,11.5534,10.2365,7.98598,6.40673,5.48776,5.07462,4.69622,4.30311,4.08717,3.73495,3.45613,3.55123,3.09683,3.05826,37.0121
97605,97745,97675,69.8383,51.0308,43.7165,30.6747,22.2445,16.4903,11.7381,8.71829,7.26813,4.98712,4.02086,3.75202,2.81687,2.56971,2.10094,1.56244,1.49007,0.974285,1.1004,0.835419,0.201934,21.6854
97745,97885,97815,55.4593,38.4981,27.55,17.8691,10.1687,7.92003,6.21082,4.11536,3.25072,1.9251,1.42806,1.08669,0.893914,0.479213,0.418754,0.298578,0.185981,-0.0439597,-0.0380317,-0.0917848,-0.306047,13.8515
97886,98026,97956,33.058,26.9937,21.3879,14.2464,12.0006,6.92132,5.31742,3.25755,2.98351,1.76729,1.35699,1.1065,0.613923,0.16737,0.0648299,-0.0639728,-0.323126,-0.523377,-0.421804,-0.492502,-0.899978,11.1768
98026,98166,98096,35.3117,21.8749,15.5453,8.54175,7.81773,4.8058,3.55315,2.6025,1.42953,1.0081,0.45987,0.329601,0.0144204,-0.0974382,-0.21705,-0.334554,-0.491585,-0.608441,-0.620462,-0.584204,-0.864563,8.03134
98167,98307,98237,45.0349,26.0359,15.7628,9.94068,7.11834,3.42181,2.71267,0.949278,0.522144,-0.140043,-0.498799,-0.597417,-0.81583,-0.873807,-0.983816,-1.10792,-1.11864,-1.21085,-1.20237,-1.13922,-1.323,7.18548
98308,98448,98378,35.4331,25.9715,16.2297,11.909,6.36675,6.19399,4.00575,2.97899,1.91082,1.35149,1.07877,0.595219,0.323506,0.0728411,0.0444967,-0.141549,-0.189153,-0.397456,-0.374775,-0.399239,-0.717499,8.49611
98448,98588,98518,23.1677,18.3013,15.1949,10.1198,6.99061,4.9057,3.32497,3.26347,2.08444,1.24445,1.29949,0.993979,0.291545,0.323958,0.167306,-0.0307285,-0.277796,-0.567503,-0.512456,-0.640481,-1.23307,7.37349
98589,98729,98659,35.0328,26.2817,13.298,13.8698,9.02891,7.7975,5.34139,3.47236,3.2477,2.16779,1.57191,1.37731,0.918068,0.672498,0.324705,0.108968,0.0787024,-0.327466,-0.167856,-0.325135,-0.86639,9.19336
98729,98869,98799,15.9788,11.248,7.78696,4.23022,3.38645,2.54065,1.7466,0.735174,0.379994,-0.0242477,0.0304512,-0.247273,-0.65751,-0.594309,-0.820592,-0.861877,-1.04927,-1.23772,-1.16332,-1.12405,-1.60715,3.84996
98870,99010,98940,22.4774,12.0239,7.58247,6.98466,2.86016,2.14672,1.24475,0.376429,-0.0758039,-0.292427,-0.517763,-0.787424,-0.891793,-0.963833,-1.03911,-1.07977,-1.10752,-1.1805,-1.18837,-1.15149,-1.30131,4.11893
99010,99150,99080,22.2874,12.9047,9.54779,4.41037,2.39081,1.49362,1.10163,0.12166,-0.320471,-0.690397,-0.904641,-1.0838,-1.10984,-1.26905,-1.32259,-1.3744,-1.41815,-1.46968,-1.46204,-1.45543,-1.5677,3.77453
99151,99291,99221,35.4116,18.0376,14.1631,6.63014,6.22894,4.30835,1.72805,1.11182,0.604804,0.172008,0.042792,-0.291077,-0.457251,-0.614459,-0.713862,-0.742852,-0.873201,-0.934408,-0.921466,-0.936617,-1.10378,6.17647
99291,99431,99361,18.2397,10.6742,7.16518,6.1359,4.01866,2.00429,1.01504,0.276971,-0.0524609,-0.388937,-0.507943,-0.659809,-0.95599,-0.997726,-1.08306,-1.1916,-1.20528,-1.35312,-1.34991,-1.34983,-1.57719,3.53966
99432,99572,99502,33.5441,22.0652,13.4949,11.3087,7.41374,8.19832,4.89587,4.6736,3.60517,2.57604,1.85489,1.75633,1.09653,1.01545,0.564353,0.509514,0.337055,-0.0432348,0.0658031,-0.00685162,-0.638761,9.51045
99572,99712,99642,18.9946,10.5118,7.06998,5.61354,3.32977,2.53606,1.39882,0.240915,-0.138425,-0.365481,-0.488052,-0.655984,-0.832836,-0.950826,-0.986473,-1.0811,-1.1195,-1.18343,-1.17652,-1.18415,-1.29937,3.58408
99713,99853,99783,11.1261,10.9093,8.72972,4.97225,3.68126,3.12835,1.78705,1.82683,1.06917,0.679393,0.357226,0.222308,0.0860816,-0.0524351,-0.0846034,-0.229512,-0.291712,-0.530119,-0.440686,-0.520177,-0.871386,4.175
99853,99993,99923,12.7998,7.84076,5.85273,2.81539,2.01122,1.32842,0.400108,0.00552656,-0.308334,-0.442098,-0.654278,-0.789473,-0.848893,-0.97676,-1.04223,-1.10042,-1.13081,-1.20081,-1.17385,-1.19759,-1.32526,2.10078
99994,100134,100064,19.6699,14.1621,10.1717,5.62568,3.42076,2.73336,2.4897,1.13676,0.793634,0.451239,0.168734,-0.00394423,-0.193142,-0.298895,-0.407721,-0.486752,-0.514814,-0.605846,-0.586411,-0.625852,-0.80572,4.59559
100134,100274,100204,13.1099,6.08541,5.04999,2.93924,1.80722,1.01899,0.998967,0.198652,-0.0555583,-0.341641,-0.481542,-0.673012,-0.694128,-0.897706,-0.913553,-0.947753,-1.02521,-1.11979,-1.1167,-1.01348,-1.25408,2.75284
100275,100415,100345,26.4887,13.5592,12.3216,7.84854,5.5899,3.41125,2.88033,1.42145,1.2522,0.8107,0.461148,0.184407,0.0874061,-0.155759,-0.1515,-0.233354,-0.367246,-0.468069,-0.420478,-0.42495,-0.634998,5.59534
100415,100555,100485,7.21943,7.18944,3.88622,2.15177,2.33725,1.03409,1.08876,0.34816,0.0272733,-0.358257,-0.462229,-0.517857,-0.674241,-0.760237,-0.796826,-0.909497,-0.941474,-1.0201,-1.0105,-0.936296,-1.22342,2.02006
100556,100696,100626,10.1863,6.69548,3.99856,3.74717,2.84379,2.31099,1.69857,0.63899,0.546252,0.156718,-0.0158384,-0.153097,-0.150021,-0.388855,-0.455457,-0.517818,-0.562172,-0.668766,-0.655219,-0.693596,-0.950184,2.78953
100696,100836,100766,11.5017,7.28948,7.79082,6.18725,4.18691,3.33123,1.85658,1.23185,1.00982,0.706789,0.376267,0.014073,-0.209487,-0.276786,-0.390273,-0.433579,-0.58207,-0.661751,-0.691893,-0.698364,-0.999159,4.04206
