Data/Raw/WEBER,RODNEY/FIREXAQ-SAGA-MC-BrC_DC8_20190826_R0.ict
56, 1001
Weber, Rodney
Georgia Institute of Technology
Water soluble brown carbon measured with mist chamber-LWCC
FIREXAQ
1, 1
2019, 08, 26, 2020, 03, 06
0
Time_Start, seconds_past_midnight, Time_Start, seconds_past_midnight
24
1, 1, 1, 1, 1, 1, 1, 1, 1, 1, 1, 1, 1, 1, 1, 1, 1, 1, 1, 1, 1, 1, 1, 1
-9999, -9999, -9999, -9999, -9999, -9999, -9999, -9999, -9999, -9999, -9999, -9999, -9999, -9999, -9999, -9999, -9999, -9999, -9999, -9999, -9999, -9999, -9999, -9999
Time_Stop, seconds_past_midnight, Time_Stop, seconds_past_midnight
Time_Mid, seconds_past_midnight, Time_Mid, seconds_past_midnight
WSAbs300, Mm-1, AerOpt_AbsorptionBrC_InSitu_UVtoRed_None_Bulk_STP, Water Soluble Brown Carbon absorption at 300 nm
WSAbs320, Mm-1, AerOpt_AbsorptionBrC_InSitu_UVtoRed_None_Bulk_STP, Water Soluble Brown Carbon absorption at 320 nm
WSAbs340, Mm-1, AerOpt_AbsorptionBrC_InSitu_UVtoRed_None_Bulk_STP, Water Soluble Brown Carbon absorption at 340 nm
WSAbs360, Mm-1, AerOpt_AbsorptionBrC_InSitu_UVtoRed_None_Bulk_STP, Water Soluble Brown Carbon absorption at 360 nm
WSAbs380, Mm-1, AerOpt_AbsorptionBrC_InSitu_UVtoRed_None_Bulk_STP, Water Soluble Brown Carbon absorption at 380 nm
WSAbs400, Mm-1, AerOpt_AbsorptionBrC_InSitu_UVtoRed_None_Bulk_STP, Water Soluble Brown Carbon absorption at 400 nm
WSAbs420, Mm-1, AerOpt_AbsorptionBrC_InSitu_UVtoRed_None_Bulk_STP, Water Soluble Brown Carbon absorption at 420 nm
WSAbs440, Mm-1, AerOpt_AbsorptionBrC_InSitu_UVtoRed_None_Bulk_STP, Water Soluble Brown Carbon absorption at 440 nm
WSAbs460, Mm-1, AerOpt_AbsorptionBrC_InSitu_UVtoRed_None_Bulk_STP, Water Soluble Brown Carbon absorption at 460 nm
WSAbs480, Mm-1, AerOpt_AbsorptionBrC_InSitu_UVtoRed_None_Bulk_STP, Water Soluble Brown Carbon absorption at 480 nm
WSAbs500, Mm-1, AerOpt_AbsorptionBrC_InSitu_UVtoRed_None_Bulk_STP, Water Soluble Brown Carbon absorption at 500 nm
WSAbs520, Mm-1, AerOpt_AbsorptionBrC_InSitu_UVtoRed_None_Bulk_STP, Water Soluble Brown Carbon absorption at 520 nm
WSAbs540, Mm-1, AerOpt_AbsorptionBrC_InSitu_UVtoRed_None_Bulk_STP, Water Soluble Brown Carbon absorption at 540 nm
WSAbs560, Mm-1, AerOpt_AbsorptionBrC_InSitu_UVtoRed_None_Bulk_STP, Water Soluble Brown Carbon absorption at 560 nm
WSAbs580, Mm-1, AerOpt_AbsorptionBrC_InSitu_UVtoRed_None_Bulk_STP, Water Soluble Brown Carbon absorption at 580 nm
WSAbs600, Mm-1, AerOpt_AbsorptionBrC_InSitu_UVtoRed_None_Bulk_STP, Water Soluble Brown Carbon absorption at 600 nm
WSAbs620, Mm-1, AerOpt_AbsorptionBrC_InSitu_UVtoRed_None_Bulk_STP, Water Soluble Brown Carbon absorption at 620 nm
WSAbs640, Mm-1, AerOpt_AbsorptionBrC_InSitu_UVtoRed_None_Bulk_STP, Water Soluble Brown Carbon absorption at 640 nm
WSAbs660, Mm-1, AerOpt_AbsorptionBrC_InSitu_UVtoRed_None_Bulk_STP, Water Soluble Brown Carbon absorption at 660 nm
WSAbs680, Mm-1, AerOpt_AbsorptionBrC_InSitu_UVtoRed_None_Bulk_STP, Water Soluble Brown Carbon absorption at 680 nm
WSAbs700, Mm-1, AerOpt_AbsorptionBrC_InSitu_UVtoRed_None_Bulk_STP, Water Soluble Brown Carbon absorption at 700 nm
WSAbs365, Mm-1, AerOpt_AbsorptionBrC_InSitu_UVtoRed_None_Bulk_STP, Water Soluble Brown Carbon absorption at 365 nm
0
18
PI_CONTACT_INFO: rweber@eas.gatech.edu
PLATFORM: NASA DC-8 aircraft
LOCATION: Aircraft location is given by the navigational file
ASSOCIATED_DATA: N/A
[...]
DATA_INFO: Samples collected by mist chamber were injected through 0.22 pore size syringe filter and then a 2.5 m path length LWCC, and light absorption was measured by Ocean Optics USB4000 spectrometer. Absorption from 300 to 700 nm were recorded. Absorption of pure solvent was subtracted from the sample. Raw absorption data were processed by the equation Abs=Raw*(Volume of liquid in the mist chamber)/(Volume of air collected at STP)/(Optical Path Length, 2.5m here)*ln(10). Data reported here were averaged over 20 nm wavelength intervals. i.e. absorption at 400 nm were average by absorption data between 390 nm to 410 nm. All data have been blank corrected by averaging all blank filter in this mission (2-3 blank filters per flight). Data are reported under STP, which is T=273K & p=1013 mb. When using the data, the absorption had better to corrected by higher wavelength, ie Abs700 for baseline drift. UNCERTAINTY: Data may have smearing issues. If we do not account for smearing or blank, the uncertainty is ~5%
UNCERTAINTY: Data may have smearing issues. If we do not account for smearing or blank, the uncertainty is ~5%
ULOD_FLAG: -7777
ULOD_VALUE: N/A
LLOD_FLAG: -8888
LLOD_VALUE: N/A
DM_CONTACT_INFO: lhzeng@gatech.edu
PROJECT_INFO: FIREX-AQ, 2019
STIPULATIONS_ON_USE: Use of these data require prior ok from PI.
OTHER_COMMENTS: N/A
REVISION: R0
RA: Preliminary Data.  For in-field use only.
Time_Start, Time_Stop, Time_Mid, WSAbs300, WSAbs320, WSAbs340, WSAbs360, WSAbs380, WSAbs400, WSAbs420, WSAbs440, WSAbs460, WSAbs480, WSAbs500, WSAbs520, WSAbs540, WSAbs560, WSAbs580, WSAbs600, WSAbs620, WSAbs640, WSAbs660, WSAbs680, WSAbs700, WSAbs365
[from data line 156]
84298,84448,84373,-1.48272,-0.804563,-0.335462,-0.0773936,0.127942,0.269041,0.346469,0.437465,0.480363,0.5168,0.548209,0.569353,0.588127,0.605998,0.605582,0.628412,0.63002,0.645108,0.651813,0.54594,0.657621,-0.0215613
84449,84599,84524,0.151291,0.335877,0.449037,0.51458,0.548757,0.58536,0.598831,0.623826,0.625825,0.624603,0.625491,0.630562,0.63884,0.641484,0.64526,0.642826,0.647036,0.654168,0.654832,0.591921,0.644654,0.521412
84600,84750,84675,0.227859,0.390131,0.486168,0.529305,0.550522,0.576485,0.594004,0.611486,0.606592,0.61216,0.618242,0.621702,0.632517,0.629356,0.639086,0.62702,0.633403,0.644098,0.645373,0.567952,0.637147,0.518213
84750,84900,84825,2.00316,1.4244,1.20521,1.09267,0.983558,0.918161,0.883316,0.840706,0.80283,0.794289,0.774417,0.752585,0.744667,0.758267,0.743663,0.729203,0.728205,0.719061,0.715256,0.62484,0.695414,1.04752
84901,85051,84976,0.738157,0.708164,0.693584,0.685503,0.66552,0.676192,0.674276,0.659312,0.667194,0.660139,0.652983,0.66412,0.66565,0.650064,0.66056,0.65549,0.662512,0.654914,0.649066,0.581321,0.64405,0.669473
85051,85201,85126,14.4654,8.6437,6.29083,5.14409,4.33809,3.61447,3.18635,2.89199,2.54538,2.30241,2.17804,2.19192,1.88268,1.79794,1.79164,1.68882,1.59976,1.46491,1.52597,1.39317,1.22401,4.96748
85202,85352,85277,6.11974,3.86102,3.44458,3.07039,2.63567,2.40924,2.06578,1.89584,1.76872,1.68737,1.67748,1.55801,1.51775,1.31115,1.27161,1.32104,1.26773,1.11046,1.17583,0.98911,0.835611,2.90396
85352,85502,85427,7.8557,4.98089,3.58279,2.73491,2.26321,1.89442,1.58407,1.43862,1.28305,1.20951,1.1932,1.15695,1.10173,1.07149,1.04222,1.0298,1.01805,0.988666,0.998846,0.845174,0.953819,2.62511
85503,85653,85578,2.85339,2.60595,1.91136,1.67834,1.39315,1.25995,1.15575,1.08368,0.998802,0.96376,0.974104,0.89989,0.876673,0.867378,0.858887,0.841707,0.833655,0.811323,0.814192,0.682058,0.758427,1.56686
85654,85804,85729,4.44126,2.83685,2.33944,2.0532,1.83351,1.66155,1.54517,1.4214,1.36828,1.31701,1.3191,1.23911,1.17251,1.16167,1.13965,1.11452,1.11014,1.02248,1.05132,0.936832,0.920057,1.95615
85804,85954,85879,3.21802,2.27324,1.97359,1.65607,1.47275,1.37165,1.24705,1.16421,1.11591,1.0562,1.06513,0.995418,0.982691,0.926557,0.939973,0.922153,0.900807,0.855615,0.870248,0.762148,0.741414,1.5828
85955,86105,86030,13.2662,6.82677,6.0722,5.14268,4.52586,3.959,3.34458,3.0766,2.7012,2.5052,2.61661,2.20221,2.20425,2.08514,1.91568,1.88901,1.78265,1.62326,1.68265,1.52525,1.2798,4.8959
86105,86255,86180,4.82064,3.51826,2.91041,2.06287,1.71616,1.48111,1.3614,1.22278,1.14171,1.06653,1.05487,1.01017,0.969548,0.939133,0.921561,0.896324,0.890692,0.860669,0.868578,0.742839,0.821863,1.99239
86256,86406,86331,3.47801,3.24357,2.6483,2.34444,2.04422,1.91974,1.76699,1.64131,1.55522,1.48832,1.4024,1.40288,1.33034,1.28498,1.25232,1.20456,1.18547,1.1009,1.14558,1.01346,0.970713,2.26779
86406,86556,86481,1.9924,1.61479,1.3944,1.16464,1.04078,0.960168,0.915753,0.873109,0.841155,0.816053,0.816948,0.79524,0.784676,0.781539,0.774925,0.766711,0.763854,0.748819,0.762866,0.654056,0.740302,1.12321
86557,86707,86632,2.88649,1.82703,1.71616,1.54233,1.44439,1.34347,1.24406,1.21656,1.17347,1.13558,1.1311,1.0999,1.09177,1.06036,1.05368,1.04986,1.0397,1.01847,1.00433,0.87448,0.957021,1.49157
86707,86857,86782,1.04188,0.98076,0.94286,0.920708,0.911996,0.910409,0.902899,0.89219,0.88097,0.883194,0.872433,0.877848,0.874407,0.88093,0.873544,0.867894,0.871145,0.86642,0.869262,0.820335,0.843638,0.918628
86858,87008,86933,-1.07672,-0.1185,0.26936,0.434876,0.546954,0.635046,0.69142,0.717399,0.76719,0.770991,0.791359,0.790499,0.799769,0.821676,0.825167,0.830876,0.820462,0.834394,0.839623,0.735785,0.835514,0.460974
87008,87158,87083,-1.4895,-0.344019,0.200977,0.392719,0.547632,0.649219,0.717703,0.77038,0.827012,0.836335,0.851005,0.884516,0.893354,0.901276,0.910986,0.917022,0.939484,0.92955,0.940457,0.799415,0.941844,0.433031
87159,87309,87234,-0.989813,-0.242676,-0.239436,0.0867404,0.208472,0.325187,0.445733,0.514226,0.549815,0.62303,0.611474,0.64966,0.667316,0.700732,0.782882,0.785452,0.791387,0.872074,0.841097,0.742565,0.979739,0.133051
87310,87460,87385,-2.30249,-0.539459,-0.20287,-0.0348005,0.159966,0.291851,0.392136,0.463362,0.509787,0.542265,0.551511,0.584438,0.597144,0.605887,0.627916,0.642715,0.646622,0.66677,0.665857,0.60537,0.677377,0.0344429
87460,87610,87535,-1.76987,-0.755809,-0.361076,0.00992375,0.179948,0.32452,0.433654,0.518766,0.565821,0.59751,0.630656,0.658234,0.691503,0.704399,0.69978,0.717234,0.726784,0.74775,0.756685,0.714683,0.788977,0.0696156
87611,87761,87686,-1.19505,-0.684396,-0.240583,-0.0823168,0.131249,0.224179,0.302128,0.372432,0.441586,0.488428,0.495743,0.536099,0.555891,0.590192,0.583827,0.602253,0.624612,0.651144,0.632069,0.587975,0.685989,-0.0114332
87761,87911,87836,-2.6312,-0.73671,-0.553652,-0.0580217,0.15577,0.28267,0.413626,0.465339,0.553036,0.57791,0.582646,0.627727,0.650752,0.658401,0.677263,0.69815,0.68397,0.717743,0.699206,0.646234,0.72417,-0.0116802
87912,88062,87987,-1.62995,-0.749439,-0.443432,-0.172751,0.0171897,0.116444,0.219432,0.286299,0.360782,0.398909,0.395832,0.438086,0.49086,0.472855,0.528333,0.531834,0.552595,0.587873,0.582799,0.495941,0.644952,-0.105538
88062,88212,88137,-1.52114,-0.696675,-0.323347,-0.0985824,0.0341713,0.154652,0.283853,0.346499,0.395484,0.428447,0.438325,0.470031,0.502333,0.52772,0.540759,0.54617,0.559652,0.5791,0.584434,0.512418,0.618661,-0.0700371
88213,88363,88288,-1.66129,-0.775355,-0.593066,-0.212948,-0.094071,0.0343373,0.139993,0.224493,0.30657,0.352,0.373589,0.415424,0.430207,0.461165,0.469282,0.487448,0.503466,0.555126,0.54596,0.4712,0.62524,-0.215992
88363,88513,88438,-1.51389,-0.807049,-0.537304,-0.239957,-0.029597,0.0695078,0.184039,0.257138,0.328572,0.387612,0.425482,0.439591,0.454715,0.490837,0.507016,0.543382,0.549652,0.588576,0.590421,0.534029,0.646413,-0.173147
88514,88664,88589,-2.44077,-1.11617,-0.671095,-0.380085,-0.163662,-0.0171326,0.130312,0.198592,0.262281,0.324143,0.299763,0.355816,0.418823,0.423236,0.429742,0.455631,0.461808,0.490438,0.492371,0.429075,0.531457,-0.307064
88664,88814,88739,-0.144787,0.0424212,0.14813,0.331191,0.428372,0.490397,0.549642,0.586151,0.602738,0.625061,0.636216,0.646253,0.671736,0.671429,0.689122,0.684398,0.683087,0.700311,0.706715,0.598288,0.710407,0.355203
88815,88965,88890,-1.33423,-0.98036,-0.565774,-0.396253,-0.176266,-0.115253,0.0309712,0.121889,0.192128,0.206568,0.253391,0.252796,0.332347,0.353759,0.405237,0.368652,0.40226,0.465998,0.442075,0.385635,0.583562,-0.33667
88965,89115,89040,-0.93661,-0.00872151,0.106679,0.315525,0.406109,0.471524,0.510187,0.542321,0.563302,0.591422,0.582471,0.598788,0.62335,0.626328,0.64045,0.643319,0.644642,0.660647,0.65209,0.617996,0.654752,0.32249
89116,89266,89191,-1.11639,-0.562413,-0.404067,-0.224178,-0.133687,-0.0288188,0.0163846,0.0869615,0.119844,0.172488,0.191459,0.212196,0.218001,0.245049,0.273657,0.262465,0.278116,0.316072,0.317876,0.258659,0.367142,-0.232822
89266,89417,89342,-0.917707,-0.398812,-0.133106,0.0737556,0.166628,0.23953,0.282442,0.306636,0.338163,0.351362,0.367573,0.377219,0.378711,0.385989,0.401497,0.396996,0.408957,0.417728,0.419096,0.368873,0.408689,0.0917465
89417,89567,89492,-0.992878,-0.364083,-0.175155,-0.0873556,0.033705,0.113122,0.171149,0.207009,0.24134,0.2671,0.276057,0.32783,0.345254,0.345619,0.36464,0.381105,0.405734,0.434015,0.405391,0.375128,0.472663,-0.0630218
