Data/Raw/WEBER,RODNEY/FIREXAQ-SAGA-MC-BrC_DC8_20190730_R0.ict
56, 1001
Weber, Rodney
Georgia Institute of Technology
Water soluble brown carbon measured with mist chamber-LWCC
FIREXAQ
1, 1
2019, 07, 30, 2020, 03, 06
0
Time_Start, seconds_past_midnight, Time_Start, seconds_past_midnight
24
1, 1, 1, 1, 1, 1, 1, 1, 1, 1, 1, 1, 1, 1, 1, 1, 1, 1, 1, 1, 1, 1, 1, 1
-9999, -9999, -9999, -9999, -9999, -9999, -9999, -9999, -9999, -9999, -9999, -9999, -9999, -9999, -9999, -9999, -9999, -9999, -9999, -9999, -9999, -9999, -9999, -9999
Time_Stop, seconds_past_midnight, Time_Stop, seconds_past_midnight
Time_Mid, seconds_past_midnight, Time_Mid, seconds_past_midnight
WSAbs300, Mm-1, AerOpt_AbsorptionBrC_InSitu_UVtoRed_None_Bulk_STP, Water Soluble Brown Carbon absorption at 300 nm
WSAbs320, Mm-1, AerOpt_AbsorptionBrC_InSitu_UVtoRed_None_Bulk_STP, Water Soluble Brown Carbon absorption at 320 nm
WSAbs340, Mm-1, AerOpt_AbsorptionBrC_InSitu_UVtoRed_None_Bulk_STP, Water Soluble Brown Carbon absorption at 340 nm
WSAbs360, Mm-1, AerOpt_AbsorptionBrC_InSitu_UVtoRed_None_Bulk_STP, Water Soluble Brown Carbon absorption at 360 nm
WSAbs380, Mm-1, AerOpt_AbsorptionBrC_InSitu_UVtoRed_None_Bulk_STP, Water Soluble Brown Carbon absorption at 380 nm
WSAbs400, Mm-1, AerOpt_AbsorptionBrC_InSitu_UVtoRed_None_Bulk_STP, Water Soluble Brown Carbon absorption at 400 nm
WSAbs420, Mm-1, AerOpt_AbsorptionBrC_InSitu_UVtoRed_None_Bulk_STP, Water Soluble Brown Carbon absorption at 420 nm
WSAbs440, Mm-1, AerOpt_AbsorptionBrC_InSitu_UVtoRed_None_Bulk_STP, Water Soluble Brown Carbon absorption at 440 nm
WSAbs460, Mm-1, AerOpt_AbsorptionBrC_InSitu_UVtoRed_None_Bulk_STP, Water Soluble Brown Carbon absorption at 460 nm
WSAbs480, Mm-1, AerOpt_AbsorptionBrC_InSitu_UVtoRed_None_Bulk_STP, Water Soluble Brown Carbon absorption at 480 nm
WSAbs500, Mm-1, AerOpt_AbsorptionBrC_InSitu_UVtoRed_None_Bulk_STP, Water Soluble Brown Carbon absorption at 500 nm
WSAbs520, Mm-1, AerOpt_AbsorptionBrC_InSitu_UVtoRed_None_Bulk_STP, Water Soluble Brown Carbon absorption at 520 nm
WSAbs540, Mm-1, AerOpt_AbsorptionBrC_InSitu_UVtoRed_None_Bulk_STP, Water Soluble Brown Carbon absorption at 540 nm
WSAbs560, Mm-1, AerOpt_AbsorptionBrC_InSitu_UVtoRed_None_Bulk_STP, Water Soluble Brown Carbon absorption at 560 nm
WSAbs580, Mm-1, AerOpt_AbsorptionBrC_InSitu_UVtoRed_None_Bulk_STP, Water Soluble Brown Carbon absorption at 580 nm
WSAbs600, Mm-1, AerOpt_AbsorptionBrC_InSitu_UVtoRed_None_Bulk_STP, Water Soluble Brown Carbon absorption at 600 nm
WSAbs620, Mm-1, AerOpt_AbsorptionBrC_InSitu_UVtoRed_None_Bulk_STP, Water Soluble Brown Carbon absorption at 620 nm
WSAbs640, Mm-1, AerOpt_AbsorptionBrC_InSitu_UVtoRed_None_Bulk_STP, Water Soluble Brown Carbon absorption at 640 nm
WSAbs660, Mm-1, AerOpt_AbsorptionBrC_InSitu_UVtoRed_None_Bulk_STP, Water Soluble Brown Carbon absorption at 660 nm
WSAbs680, Mm-1, AerOpt_AbsorptionBrC_InSitu_UVtoRed_None_Bulk_STP, Water Soluble Brown Carbon absorption at 680 nm
WSAbs700, Mm-1, AerOpt_AbsorptionBrC_InSitu_UVtoRed_None_Bulk_STP, Water Soluble Brown Carbon absorption at 700 nm
WSAbs365, Mm-1, AerOpt_AbsorptionBrC_InSitu_UVtoRed_None_Bulk_STP, Water Soluble Brown Carbon absorption at 365 nm
0
18
PI_CONTACT_INFO: rweber@eas.gatech.edu
PLATFORM: NASA DC-8 aircraft
LOCATION: Aircraft location is given by the navigational file
ASSOCIATED_DATA: N/A
[...]
DATA_INFO: Samples collected by mist chamber were injected through 0.22 pore size syringe filter and then a 2.5 m path length LWCC, and light absorption was measured by Ocean Optics USB4000 spectrometer. Absorption from 300 to 700 nm were recorded. Absorption of pure solvent was subtracted from the sample. Raw absorption data were processed by the equation Abs=Raw*(Volume of liquid in the mist chamber)/(Volume of air collected at STP)/(Optical Path Length, 2.5m here)*ln(10). Data reported here were averaged over 20 nm wavelength intervals. i.e. absorption at 400 nm were average by absorption data between 390 nm to 410 nm. All data have been blank corrected by averaging all blank filter in this mission (2-3 blank filters per flight). Data are reported under STP, which is T=273K & p=1013 mb. When using the data, the absorption had better to corrected by higher wavelength, ie Abs700 for baseline drift. UNCERTAINTY: Data may have smearing issues. If we do not account for smearing or blank, the uncertainty is ~5%
UNCERTAINTY: Data may have smearing issues. If we do not account for smearing or blank, the uncertainty is ~5%
ULOD_FLAG: -7777
ULOD_VALUE: N/A
LLOD_FLAG: -8888
LLOD_VALUE: N/A
DM_CONTACT_INFO: lhzeng@gatech.edu
PROJECT_INFO: FIREX-AQ, 2019
STIPULATIONS_ON_USE: Use of these data require prior ok from PI.
OTHER_COMMENTS: N/A
REVISION: R0
RA: Preliminary Data.  For in-field use only.
Time_Start, Time_Stop, Time_Mid, WSAbs300, WSAbs320, WSAbs340, WSAbs360, WSAbs380, WSAbs400, WSAbs420, WSAbs440, WSAbs460, WSAbs480, WSAbs500, WSAbs520, WSAbs540, WSAbs560, WSAbs580, WSAbs600, WSAbs620, WSAbs640, WSAbs660, WSAbs680, WSAbs700, WSAbs365
75964,76114,76039,7.67127,7.00725,7.55683,4.25374,5.02792,3.91507,3.08098,2.32649,2.17183,1.67421,1.4539,1.2453,1.17194,0.99013,0.781173,0.641161,0.557295,0.388253,0.439193,0.36569,-0.00884048,4.19038
76114,76264,76189,5.8282,5.43104,4.32591,2.40707,2.63612,1.70117,1.69316,1.17889,0.99564,0.843313,0.662766,0.580461,0.582861,0.536048,0.437667,0.404592,0.386089,0.312866,0.30689,0.243669,0.171115,2.33572
76265,76415,76340,3.90012,2.79561,2.2751,1.57199,1.29772,1.11455,1.1692,0.887175,0.739624,0.632227,0.564665,0.472897,0.425245,0.359557,0.311968,0.315621,0.271609,0.215293,0.228159,0.184487,0.108797,1.53305
76415,76565,76490,2.36632,1.58745,1.48504,0.979019,0.92395,0.832366,0.709277,0.521628,0.492909,0.425095,0.342098,0.335717,0.296923,0.296174,0.266875,0.239782,0.233965,0.208455,0.214283,0.160363,0.150307,0.946051
76716,76866,76791,0.821219,0.608072,0.632892,0.315377,0.324464,0.263574,0.190477,0.15534,0.132241,0.0952051,0.0895104,0.0829963,0.0735993,0.0581144,0.049156,0.0456324,0.0539552,0.0421829,0.0431409,0.00421604,0.0204989,0.307483
77017,77167,77092,1.01927,0.776019,0.732099,0.265154,0.133844,0.0488192,0.0363379,-0.0928741,-0.113046,-0.153978,-0.184454,-0.214049,-0.216393,-0.227011,-0.257541,-0.255892,-0.262282,-0.278502,-0.272623,-0.262334,-0.316302,0.231955
77168,77318,77243,-9999,-9999,-9999,-9999,-9999,-9999,-9999,-9999,-9999,-9999,-9999,-9999,-9999,-9999,-9999,-9999,-9999,-9999,-9999,-9999,-9999,-9999
77318,77468,77393,0.705907,0.549483,0.49507,0.15753,0.218867,0.071084,-0.0802662,-0.0860784,-0.143459,-0.18486,-0.18582,-0.214088,-0.220536,-0.253871,-0.256671,-0.255707,-0.264169,-0.27247,-0.274209,-0.257725,-0.314294,0.131801
77469,77619,77544,4.61157,3.15021,2.62479,1.69334,1.68391,1.35756,0.643664,0.566776,0.370745,0.300069,0.122503,0.0871503,0.0276615,-0.0415108,-0.0833236,-0.0574396,-0.095307,-0.196601,-0.163244,-0.205717,-0.292939,1.57978
77620,77770,77695,0.624317,0.361779,0.232963,-0.0105756,-0.0329353,-0.0757064,-0.12456,-0.172118,-0.187585,-0.214487,-0.214944,-0.229439,-0.235336,-0.24335,-0.259828,-0.253745,-0.252942,-0.26981,-0.271558,-0.291056,-0.284,-0.021072
77770,77920,77845,2.31252,1.88877,1.4272,0.643985,0.645076,0.383683,0.249382,0.0407671,-0.0980948,-0.117837,-0.184383,-0.249811,-0.269223,-0.276267,-0.314488,-0.306143,-0.331541,-0.358071,-0.363945,-0.381022,-0.416237,0.587
77921,78071,77996,0.11966,0.153797,0.0887692,-0.0783879,-0.0543054,-0.0828269,-0.15717,-0.189431,-0.199771,-0.203954,-0.217095,-0.223727,-0.239105,-0.233419,-0.244004,-0.256433,-0.260054,-0.254114,-0.257958,-0.270987,-0.282386,-0.0836702
78222,78372,78297,0.559973,0.322457,0.22844,-0.037657,-0.121239,-0.143975,-0.208861,-0.28991,-0.326394,-0.351176,-0.3687,-0.387844,-0.395515,-0.413322,-0.41813,-0.427886,-0.435635,-0.43515,-0.443318,-0.433727,-0.473572,-0.0617702
78523,78673,78598,1.2458,0.905158,0.588292,0.286952,0.307875,0.0759766,-0.0674558,-0.109784,-0.18832,-0.241299,-0.273863,-0.28212,-0.31996,-0.338197,-0.340566,-0.349863,-0.356695,-0.385205,-0.381781,-0.387344,-0.419588,0.246816
78824,78974,78899,0.638129,0.474686,0.371977,-0.0054125,-0.0618207,-0.134902,-0.20425,-0.27472,-0.32824,-0.329079,-0.361238,-0.370871,-0.374578,-0.398378,-0.40182,-0.391303,-0.402383,-0.419695,-0.422622,-0.393825,-0.433887,-0.0354193
78975,79125,79050,1.01779,0.90442,0.450938,0.223272,0.0985171,0.0252665,0.017987,-0.135791,-0.160111,-0.184258,-0.224683,-0.261052,-0.272786,-0.281583,-0.282228,-0.299835,-0.307328,-0.325846,-0.333346,-0.333657,-0.362053,0.185049
79125,79275,79200,0.405247,0.314113,0.166371,0.0264326,-0.0200261,-0.0244693,-0.106215,-0.148925,-0.188298,-0.189944,-0.204225,-0.217587,-0.229043,-0.256617,-0.245207,-0.265014,-0.26734,-0.273139,-0.263315,-0.285118,-0.304567,0.00780942
79276,79426,79351,2.20839,1.81066,1.28199,0.68733,0.693901,0.492016,0.315075,0.100213,0.0468936,0.0300261,-0.0195604,-0.0732582,-0.117,-0.129136,-0.13761,-0.161966,-0.184392,-0.200712,-0.19853,-0.209409,-0.245938,0.627
79426,79576,79501,0.80921,0.486942,0.496832,0.115382,0.0470789,0.00974913,-0.0822078,-0.122647,-0.16087,-0.176107,-0.186506,-0.225932,-0.239143,-0.240674,-0.246828,-0.259345,-0.262505,-0.27466,-0.271735,-0.272337,-0.303865,0.0879609
79577,79727,79652,2.64343,3.25461,1.83218,1.36079,1.36512,1.16263,0.70326,0.428988,0.476547,0.211415,0.153802,0.152278,0.100461,0.0242127,0.0119466,-0.0298605,-0.0475836,-0.134597,-0.130377,-0.175952,-0.294164,1.25837
79727,79877,79802,0.723437,0.824819,0.375219,0.201711,0.188981,0.126765,-0.00816981,-0.107156,-0.116988,-0.142129,-0.15321,-0.180867,-0.217188,-0.220447,-0.227363,-0.220299,-0.241579,-0.257134,-0.256319,-0.258795,-0.29277,0.17408
79878,80028,79953,3.34036,2.22671,1.73836,1.14646,0.937742,0.795905,0.559019,0.343555,0.321235,0.253411,0.118792,0.092187,0.0189494,-0.0312776,-0.0503132,-0.0923807,-0.113762,-0.134284,-0.119414,-0.143159,-0.25454,1.08179
80028,80178,80103,1.3083,1.19761,0.543408,0.342952,0.226696,0.274839,0.148692,-0.00687165,-0.0401245,-0.0509237,-0.0929227,-0.137505,-0.118457,-0.170234,-0.176564,-0.176695,-0.198318,-0.222922,-0.223404,-0.230461,-0.266784,0.313864
80179,80329,80254,3.35233,2.11079,1.27611,0.694497,0.659376,0.333661,0.0900153,0.00859688,-0.126019,-0.172941,-0.241406,-0.264566,-0.302831,-0.323359,-0.33584,-0.345468,-0.346857,-0.373983,-0.380075,-0.368163,-0.410825,0.62832
80329,80479,80404,1.59335,1.83352,0.827282,0.477994,0.305576,0.201427,0.148436,-0.00660632,-0.119737,-0.161085,-0.170681,-0.203674,-0.242076,-0.243615,-0.276814,-0.266886,-0.274289,-0.299295,-0.287729,-0.305125,-0.333411,0.434209
80480,80630,80555,1.02342,0.855951,0.568363,0.280363,0.320313,0.091117,0.103214,-0.0667999,-0.0914741,-0.155067,-0.219012,-0.237291,-0.244466,-0.266655,-0.262965,-0.300847,-0.30377,-0.308896,-0.307828,-0.318801,-0.365024,0.250954
80630,80780,80705,0.815385,0.672727,0.49773,0.110669,0.00677751,-0.0427681,-0.149322,-0.134594,-0.201759,-0.218344,-0.256062,-0.299634,-0.306734,-0.310508,-0.331668,-0.343353,-0.364943,-0.376974,-0.372492,-0.377,-0.428019,0.0951153
80781,80931,80856,3.84031,2.86702,2.46174,1.30309,0.905454,0.652238,0.347868,0.183328,0.0365631,-0.0351027,-0.0855262,-0.154675,-0.182645,-0.227097,-0.25069,-0.2737,-0.289083,-0.335692,-0.337557,-0.310855,-0.393544,1.16578
80932,81082,81007,0.495894,0.309152,0.314819,0.0517922,0.11768,-0.103138,-0.106479,-0.154032,-0.204757,-0.219142,-0.239524,-0.261008,-0.277796,-0.288017,-0.303791,-0.316507,-0.321589,-0.338274,-0.335946,-0.351515,-0.40678,0.0230253
81082,81232,81157,1.18053,0.89232,0.492278,0.331119,0.437641,0.144522,0.126053,0.00746036,-0.0693825,-0.109659,-0.149115,-0.19757,-0.235813,-0.222295,-0.25097,-0.28903,-0.28056,-0.324116,-0.308529,-0.310339,-0.385766,0.296743
81233,81383,81308,0.0039944,0.0296775,-0.154111,-0.28442,-0.33742,-0.31844,-0.342236,-0.416193,-0.414277,-0.435525,-0.449458,-0.448925,-0.460261,-0.45805,-0.470958,-0.467655,-0.472077,-0.477309,-0.475509,-0.45538,-0.500422,-0.300253
81383,81533,81458,0.409236,0.155765,0.102489,-0.154183,-0.117962,-0.204318,-0.317638,-0.350843,-0.386183,-0.379303,-0.396917,-0.410821,-0.444724,-0.450889,-0.455018,-0.47103,-0.468696,-0.474334,-0.480825,-0.450425,-0.50854,-0.179484
81534,81684,81609,0.505304,0.212577,0.0385704,-0.114209,-0.181706,-0.274043,-0.244067,-0.319368,-0.389766,-0.415171,-0.414403,-0.461466,-0.458689,-0.470207,-0.466137,-0.495044,-0.493206,-0.500394,-0.505954,-0.49849,-0.538418,-0.136501
81835,81985,81910,0.477936,0.167948,0.0363641,-0.152111,-0.165763,-0.222444,-0.292371,-0.311891,-0.327552,-0.348326,-0.369626,-0.378724,-0.369827,-0.374538,-0.381576,-0.381494,-0.38391,-0.387154,-0.39244,-0.395527,-0.408795,-0.174116
82136,82286,82211,-0.258881,-0.252534,-0.327025,-0.394485,-0.415014,-0.427154,-0.427756,-0.451315,-0.451532,-0.465405,-0.465771,-0.483174,-0.472741,-0.476218,-0.477878,-0.47769,-0.493551,-0.492472,-0.491428,-0.489038,-0.504641,-0.411476
82286,82437,82362,2.63026,1.91199,1.25002,0.786852,0.571594,0.417575,0.312976,0.111265,0.135754,0.0270464,-0.0338388,-0.108482,-0.188656,-0.19392,-0.258728,-0.287165,-0.267483,-0.340035,-0.3394,-0.338355,-0.456469,0.76569
82437,82587,82512,0.217627,0.0545261,-0.201472,-0.344465,-0.360578,-0.40668,-0.42683,-0.479188,-0.494388,-0.498022,-0.51448,-0.506978,-0.531703,-0.531157,-0.530501,-0.531709,-0.530223,-0.530621,-0.546153,-0.522305,-0.55477,-0.357181
82588,82738,82663,1.45669,0.857772,0.867501,0.208771,0.166539,-0.0520934,-0.202597,-0.198867,-0.294996,-0.33113,-0.361849,-0.390942,-0.411401,-0.409512,-0.416914,-0.429252,-0.441076,-0.444146,-0.455303,-0.43945,-0.475138,0.153506
82738,82888,82813,-0.251541,-0.289696,-0.323145,-0.367497,-0.387592,-0.404249,-0.401333,-0.415427,-0.41244,-0.418543,-0.422753,-0.435807,-0.423149,-0.441654,-0.445592,-0.437367,-0.430118,-0.430845,-0.443511,-0.414971,-0.451927,-0.384139
82889,83039,82964,0.4092,0.340512,0.16418,-0.0501598,-0.0309449,-0.108059,-0.276235,-0.25104,-0.329667,-0.33784,-0.355014,-0.402856,-0.403412,-0.414239,-0.418718,-0.426597,-0.451368,-0.459362,-0.457898,-0.424509,-0.491371,-0.0854559
83039,83189,83114,-0.50885,-0.506634,-0.490701,-0.477141,-0.492359,-0.485777,-0.472573,-0.469113,-0.472252,-0.458607,-0.470407,-0.456359,-0.456974,-0.458927,-0.465923,-0.453757,-0.466396,-0.453078,-0.453163,-0.416536,-0.469547,-0.492267
83190,83340,83265,0.234629,0.290003,0.0327617,-0.169594,-0.210601,-0.243429,-0.361,-0.372611,-0.396358,-0.415202,-0.418292,-0.435805,-0.452748,-0.467778,-0.463358,-0.467678,-0.485379,-0.478115,-0.489573,-0.495507,-0.507344,-0.208907
83340,83490,83415,-0.48413,-0.486731,-0.460847,-0.475351,-0.469056,-0.471637,-0.464064,-0.469076,-0.454447,-0.465227,-0.459928,-0.458401,-0.46666,-0.45701,-0.460203,-0.464039,-0.451862,-0.450135,-0.469845,-0.438106,-0.469334,-0.476784
83491,83641,83566,-0.26441,-0.330001,-0.342307,-0.377897,-0.38949,-0.380007,-0.405166,-0.40552,-0.420752,-0.40525,-0.418868,-0.428505,-0.419573,-0.42246,-0.426935,-0.425889,-0.431752,-0.424142,-0.432038,-0.398781,-0.441416,-0.384195
83642,83792,83717,-0.411809,-0.427441,-0.43655,-0.497183,-0.510281,-0.506378,-0.516065,-0.522351,-0.535388,-0.529799,-0.551932,-0.536926,-0.538609,-0.543228,-0.559106,-0.550604,-0.55545,-0.551455,-0.551605,-0.569579,-0.571003,-0.5048
83792,83942,83867,0.22155,-0.0645291,-0.0377515,-0.277171,-0.312356,-0.357377,-0.401114,-0.465941,-0.474535,-0.510887,-0.518437,-0.552543,-0.557229,-0.562863,-0.5862,-0.575561,-0.59781,-0.597195,-0.601185,-0.582056,-0.640558,-0.303422
83943,84093,84018,-0.467785,-0.450649,-0.488001,-0.526745,-0.533112,-0.556989,-0.570451,-0.576412,-0.579263,-0.581449,-0.582119,-0.589307,-0.590318,-0.586371,-0.579965,-0.581606,-0.582668,-0.581753,-0.594278,-0.573356,-0.600982,-0.54173
84093,84243,84168,-0.362528,-0.436421,-0.478177,-0.507038,-0.505818,-0.543869,-0.55093,-0.548717,-0.568049,-0.569176,-0.581263,-0.587505,-0.573755,-0.581217,-0.581078,-0.598108,-0.591773,-0.608444,-0.598713,-0.537998,-0.616626,-0.515264
84244,84394,84319,-0.640284,-0.655427,-0.6724,-0.673527,-0.68236,-0.672934,-0.684096,-0.669532,-0.6804,-0.670822,-0.688886,-0.685469,-0.684557,-0.672977,-0.677742,-0.690072,-0.682624,-0.684216,-0.687971,-0.66979,-0.691033,-0.682503
84394,84544,84469,-0.628739,-0.616383,-0.654574,-0.669319,-0.683268,-0.67641,-0.687749,-0.686022,-0.706651,-0.695701,-0.693755,-0.711706,-0.701694,-0.718068,-0.704915,-0.70097,-0.704647,-0.722874,-0.711302,-0.655666,-0.726283,-0.683052
84545,84695,84620,-0.695487,-0.698847,-0.713622,-0.716451,-0.719254,-0.730863,-0.725197,-0.737889,-0.742073,-0.730689,-0.736037,-0.734771,-0.742079,-0.739702,-0.746682,-0.740834,-0.748666,-0.736307,-0.749322,-0.673009,-0.751113,-0.73344
84695,84845,84770,0.123038,-0.0239613,-0.0200512,-0.360519,-0.355166,-0.489581,-0.576343,-0.610507,-0.622715,-0.637439,-0.649561,-0.658342,-0.684411,-0.685,-0.685518,-0.694718,-0.702307,-0.709137,-0.695789,-0.661066,-0.726795,-0.390652
84846,84996,84921,-0.79436,-0.796725,-0.785272,-0.775444,-0.77436,-0.778025,-0.777787,-0.770055,-0.765378,-0.754387,-0.763901,-0.771397,-0.760968,-0.763395,-0.757671,-0.76444,-0.765966,-0.765457,-0.763892,-0.73636,-0.767246,-0.785513
84996,85146,85071,-0.638457,-0.659794,-0.689684,-0.715542,-0.729506,-0.753107,-0.766646,-0.762389,-0.76392,-0.773503,-0.784513,-0.783889,-0.778025,-0.78827,-0.795568,-0.802027,-0.806682,-0.805551,-0.799667,-0.750221,-0.817547,-0.731991
85147,85297,85222,-0.998623,-0.98663,-0.94786,-0.863507,-0.87988,-0.842649,-0.81754,-0.797765,-0.779551,-0.791068,-0.770487,-0.766381,-0.762209,-0.772023,-0.757666,-0.758477,-0.75815,-0.756398,-0.757909,-0.673999,-0.754225,-0.864599
85298,85448,85373,-0.622432,-0.603959,-0.663041,-0.679787,-0.699429,-0.700183,-0.717441,-0.721024,-0.727551,-0.723284,-0.731474,-0.723778,-0.734932,-0.740154,-0.742623,-0.744522,-0.727951,-0.742477,-0.745128,-0.71528,-0.752142,-0.69905
85448,85598,85523,-0.905817,-0.836086,-0.82746,-0.762125,-0.732541,-0.744644,-0.734899,-0.722435,-0.716254,-0.703311,-0.692739,-0.7032,-0.704676,-0.693615,-0.699523,-0.691144,-0.684047,-0.69421,-0.694341,-0.663746,-0.697359,-0.767979
85599,85749,85674,-0.633424,-0.685378,-0.698645,-0.734267,-0.727014,-0.750031,-0.749358,-0.760932,-0.771205,-0.758906,-0.775812,-0.771857,-0.772105,-0.764972,-0.77705,-0.780081,-0.772857,-0.782146,-0.781514,-0.719244,-0.783643,-0.745877
85749,85899,85824,-1.11167,-1.00835,-0.965691,-0.903031,-0.915041,-0.871011,-0.829817,-0.819587,-0.804356,-0.801561,-0.800666,-0.792811,-0.781695,-0.786569,-0.771559,-0.769232,-0.777266,-0.768525,-0.761074,-0.737487,-0.755,-0.907494
85900,86050,85975,-0.808497,-0.795849,-0.804043,-0.777618,-0.776955,-0.769056,-0.754541,-0.748525,-0.737316,-0.733617,-0.733038,-0.725198,-0.726417,-0.722579,-0.717794,-0.723143,-0.716794,-0.720355,-0.730426,-0.709968,-0.729554,-0.776927
86050,86200,86125,-1.15753,-1.11528,-0.999244,-0.9704,-0.974196,-0.923152,-0.921337,-0.90084,-0.907763,-0.878227,-0.885634,-0.880879,-0.87902,-0.873883,-0.859908,-0.856481,-0.861128,-0.848302,-0.850841,-0.827172,-0.860298,-0.972511
86201,86351,86276,-0.850808,-0.856226,-0.828824,-0.809454,-0.805856,-0.812725,-0.794067,-0.789481,-0.793137,-0.789999,-0.787136,-0.791284,-0.781678,-0.779051,-0.792663,-0.787378,-0.777928,-0.773057,-0.783708,-0.729781,-0.790436,-0.817382
86351,86501,86426,-0.983531,-0.981837,-0.955111,-0.906612,-0.898701,-0.896419,-0.88631,-0.888141,-0.88388,-0.868529,-0.874423,-0.861945,-0.879792,-0.866973,-0.870913,-0.86628,-0.865331,-0.860088,-0.859019,-0.88298,-0.875297,-0.921365
86502,86652,86577,-1.0552,-1.03751,-1.05149,-0.94394,-0.930501,-0.925102,-0.907725,-0.880254,-0.867177,-0.858111,-0.841109,-0.838937,-0.827334,-0.83742,-0.833705,-0.825935,-0.822103,-0.821617,-0.827153,-0.775702,-0.814916,-0.945705
86652,86802,86727,-1.48391,-1.38174,-1.17225,-1.09939,-1.05709,-1.04939,-1.00787,-0.970336,-0.94359,-0.939358,-0.92337,-0.920715,-0.912829,-0.90101,-0.904003,-0.88419,-0.901061,-0.888965,-0.887166,-0.8794,-0.890157,-1.09479
86803,86953,86878,-0.963452,-0.956177,-0.954394,-0.943089,-0.94052,-0.932411,-0.936705,-0.936236,-0.923096,-0.924495,-0.934356,-0.928984,-0.926047,-0.923742,-0.922377,-0.928074,-0.936941,-0.931404,-0.936081,-0.928326,-0.938329,-0.948103
86953,87103,87028,-1.79928,-1.47996,-1.39834,-1.17226,-1.12339,-1.095,-1.02801,-0.983755,-0.988227,-0.957528,-0.955127,-0.945721,-0.929592,-0.917299,-0.924336,-0.911817,-0.921078,-0.901205,-0.920072,-0.846089,-0.913886,-1.17351
87104,87254,87179,-1.09152,-1.08141,-1.03628,-0.950891,-0.971401,-0.931975,-0.923147,-0.90369,-0.898714,-0.882367,-0.880004,-0.873733,-0.87488,-0.874827,-0.877616,-0.874167,-0.873308,-0.861518,-0.866747,-0.848118,-0.859028,-0.965201
87254,87404,87329,-1.36515,-1.37216,-1.2656,-1.17216,-1.14462,-1.1357,-1.10776,-1.07343,-1.06802,-1.05024,-1.05105,-1.03904,-1.03763,-1.02406,-1.02607,-1.03589,-1.03159,-1.02793,-1.03412,-0.966803,-1.02551,-1.16909
