Data/Raw/WEBER,RODNEY/FIREXAQ-SAGA-MC-BrC_DC8_20190826_R0.ict
56, 1001
Weber, Rodney
Georgia Institute of Technology
Water soluble brown carbon measured with mist chamber-LWCC
FIREXAQ
1, 1
2019, 08, 26, 2020, 03, 06
0
Time_Start, seconds_past_midnight, Time_Start, seconds_past_midnight
24
1, 1, 1, 1, 1, 1, 1, 1, 1, 1, 1, 1, 1, 1, 1, 1, 1, 1, 1, 1, 1, 1, 1, 1
-9999, -9999, -9999, -9999, -9999, -9999, -9999, -9999, -9999, -9999, -9999, -9999, -9999, -9999, -9999, -9999, -9999, -9999, -9999, -9999, -9999, -9999, -9999, -9999
Time_Stop, seconds_past_midnight, Time_Stop, seconds_past_midnight
Time_Mid, seconds_past_midnight, Time_Mid, seconds_past_midnight
WSAbs300, Mm-1, AerOpt_AbsorptionBrC_InSitu_UVtoRed_None_Bulk_STP, Water Soluble Brown Carbon absorption at 300 nm
WSAbs320, Mm-1, AerOpt_AbsorptionBrC_InSitu_UVtoRed_None_Bulk_STP, Water Soluble Brown Carbon absorption at 320 nm
WSAbs340, Mm-1, AerOpt_AbsorptionBrC_InSitu_UVtoRed_None_Bulk_STP, Water Soluble Brown Carbon absorption at 340 nm
WSAbs360, Mm-1, AerOpt_AbsorptionBrC_InSitu_UVtoRed_None_Bulk_STP, Water Soluble Brown Carbon absorption at 360 nm
WSAbs380, Mm-1, AerOpt_AbsorptionBrC_InSitu_UVtoRed_None_Bulk_STP, Water Soluble Brown Carbon absorption at 380 nm
WSAbs400, Mm-1, AerOpt_AbsorptionBrC_InSitu_UVtoRed_None_Bulk_STP, Water Soluble Brown Carbon absorption at 400 nm
WSAbs420, Mm-1, AerOpt_AbsorptionBrC_InSitu_UVtoRed_None_Bulk_STP, Water Soluble Brown Carbon absorption at 420 nm
WSAbs440, Mm-1, AerOpt_AbsorptionBrC_InSitu_UVtoRed_None_Bulk_STP, Water Soluble Brown Carbon absorption at 440 nm
WSAbs460, Mm-1, AerOpt_AbsorptionBrC_InSitu_UVtoRed_None_Bulk_STP, Water Soluble Brown Carbon absorption at 460 nm
WSAbs480, Mm-1, AerOpt_AbsorptionBrC_InSitu_UVtoRed_None_Bulk_STP, Water Soluble Brown Carbon absorption at 480 nm
WSAbs500, Mm-1, AerOpt_AbsorptionBrC_InSitu_UVtoRed_None_Bulk_STP, Water Soluble Brown Carbon absorption at 500 nm
WSAbs520, Mm-1, AerOpt_AbsorptionBrC_InSitu_UVtoRed_None_Bulk_STP, Water Soluble Brown Carbon absorption at 520 nm
WSAbs540, Mm-1, AerOpt_AbsorptionBrC_InSitu_UVtoRed_None_Bulk_STP, Water Soluble Brown Carbon absorption at 540 nm
WSAbs560, Mm-1, AerOpt_AbsorptionBrC_InSitu_UVtoRed_None_Bulk_STP, Water Soluble Brown Carbon absorption at 560 nm
WSAbs580, Mm-1, AerOpt_AbsorptionBrC_InSitu_UVtoRed_None_Bulk_STP, Water Soluble Brown Carbon absorption at 580 nm
WSAbs600, Mm-1, AerOpt_AbsorptionBrC_InSitu_UVtoRed_None_Bulk_STP, Water Soluble Brown Carbon absorption at 600 nm
WSAbs620, Mm-1, AerOpt_AbsorptionBrC_InSitu_UVtoRed_None_Bulk_STP, Water Soluble Brown Carbon absorption at 620 nm
WSAbs640, Mm-1, AerOpt_AbsorptionBrC_InSitu_UVtoRed_None_Bulk_STP, Water Soluble Brown Carbon absorption at 640 nm
WSAbs660, Mm-1, AerOpt_AbsorptionBrC_InSitu_UVtoRed_None_Bulk_STP, Water Soluble Brown Carbon absorption at 660 nm
WSAbs680, Mm-1, AerOpt_AbsorptionBrC_InSitu_UVtoRed_None_Bulk_STP, Water Soluble Brown Carbon absorption at 680 nm
WSAbs700, Mm-1, AerOpt_AbsorptionBrC_InSitu_UVtoRed_None_Bulk_STP, Water Soluble Brown Carbon absorption at 700 nm
WSAbs365, Mm-1, AerOpt_AbsorptionBrC_InSitu_UVtoRed_None_Bulk_STP, Water Soluble Brown Carbon absorption at 365 nm
0
18
PI_CONTACT_INFO: rweber@eas.gatech.edu
PLATFORM: NASA DC-8 aircraft
LOCATION: Aircraft location is given by the navigational file
ASSOCIATED_DATA: N/A
[...]
DATA_INFO: Samples collected by mist chamber were injected through 0.22 pore size syringe filter and then a 2.5 m path length LWCC, and light absorption was measured by Ocean Optics USB4000 spectrometer. Absorption from 300 to 700 nm were recorded. Absorption of pure solvent was subtracted from the sample. Raw absorption data were processed by the equation Abs=Raw*(Volume of liquid in the mist chamber)/(Volume of air collected at STP)/(Optical Path Length, 2.5m here)*ln(10). Data reported here were averaged over 20 nm wavelength intervals. i.e. absorption at 400 nm were average by absorption data between 390 nm to 410 nm. All data have been blank corrected by averaging all blank filter in this mission (2-3 blank filters per flight). Data are reported under STP, which is T=273K & p=1013 mb. When using the data, the absorption had better to corrected by higher wavelength, ie Abs700 for baseline drift. UNCERTAINTY: Data may have smearing issues. If we do not account for smearing or blank, the uncertainty is ~5%
UNCERTAINTY: Data may have smearing issues. If we do not account for smearing or blank, the uncertainty is ~5%
ULOD_FLAG: -7777
ULOD_VALUE: N/A
LLOD_FLAG: -8888
LLOD_VALUE: N/A
DM_CONTACT_INFO: lhzeng@gatech.edu
PROJECT_INFO: FIREX-AQ, 2019
STIPULATIONS_ON_USE: Use of these data require prior ok from PI.
OTHER_COMMENTS: N/A
REVISION: R0
RA: Preliminary Data.  For in-field use only.
Time_Start, Time_Stop, Time_Mid, WSAbs300, WSAbs320, WSAbs340, WSAbs360, WSAbs380, WSAbs400, WSAbs420, WSAbs440, WSAbs460, WSAbs480, WSAbs500, WSAbs520, WSAbs540, WSAbs560, WSAbs580, WSAbs600, WSAbs620, WSAbs640, WSAbs660, WSAbs680, WSAbs700, WSAbs365
[from data line 79]
72703,72853,72778,0.015126,0.255141,0.370288,0.422004,0.47155,0.496882,0.506059,0.512677,0.525642,0.536588,0.538969,0.540167,0.53906,0.53444,0.534875,0.543887,0.537872,0.542927,0.547497,0.47644,0.535974,0.426962
72854,73004,72929,3.30967,2.08973,1.95253,1.55636,1.3487,1.2567,1.14172,1.08331,1.01634,0.956231,0.968295,0.885974,0.892954,0.837106,0.811225,0.791722,0.783021,0.730595,0.74173,0.639955,0.640697,1.49191
73004,73154,73079,-0.0969655,0.166682,0.342733,0.42386,0.464495,0.503146,0.526023,0.54848,0.572522,0.587851,0.588717,0.590133,0.591549,0.612296,0.606485,0.607152,0.607093,0.623173,0.611788,0.57669,0.614937,0.419276
73155,73305,73230,0.688743,0.596624,0.59356,0.56894,0.558951,0.563287,0.545643,0.55318,0.538859,0.551123,0.540091,0.553967,0.548044,0.535151,0.537593,0.534719,0.541124,0.532569,0.549437,0.513938,0.531733,0.557054
73306,73456,73381,0.698893,0.650791,0.63176,0.618475,0.594171,0.589379,0.564715,0.557907,0.55177,0.546915,0.558602,0.546667,0.552201,0.538161,0.55391,0.541117,0.545601,0.546673,0.537732,0.456667,0.525642,0.594578
73456,73606,73531,1.20801,1.00792,0.877595,0.745551,0.673587,0.640363,0.583146,0.55737,0.527726,0.514793,0.488488,0.481526,0.474264,0.462376,0.460821,0.453634,0.449696,0.426487,0.437799,0.364959,0.385186,0.713005
73607,73757,73682,2.31242,1.93824,1.50024,1.34697,1.19796,1.0893,0.98599,0.909136,0.870916,0.825966,0.844746,0.802593,0.770407,0.776081,0.74741,0.742108,0.735134,0.698798,0.708722,0.646206,0.655434,1.2785
73757,73907,73832,21.5879,16.161,13.5644,10.0735,8.70147,7.1766,5.80918,5.24037,4.56387,4.04931,3.48917,3.35765,3.32416,2.89206,2.44452,2.17974,2.10739,1.68041,1.91453,1.56169,0.690088,9.5282
73908,74058,73983,11.228,6.22593,5.12466,3.51318,2.70472,2.05454,1.73765,1.49697,1.30965,1.18448,1.16356,1.07514,0.938101,0.902477,0.888725,0.845924,0.801546,0.762738,0.799028,0.720119,0.703297,3.1607
74058,74208,74133,9.36146,5.6113,4.276,3.45797,2.71739,2.27569,1.95398,1.70029,1.50226,1.29343,1.32241,1.17529,1.02617,0.964295,0.943449,0.859858,0.826357,0.732089,0.761217,0.674782,0.578718,3.24585
74209,74359,74284,5.19062,3.97302,2.81144,2.25192,1.83647,1.55046,1.35195,1.2099,1.09395,0.995491,0.933878,0.899981,0.854321,0.845858,0.814748,0.806849,0.806555,0.760302,0.7815,0.687882,0.714924,2.11984
74359,74509,74434,14.0162,6.2474,5.11532,4.03234,3.1767,2.77291,2.29258,1.9776,1.73814,1.54018,1.51141,1.30237,1.23176,1.09351,1.02198,0.908865,0.901918,0.810704,0.79103,0.741917,0.610382,3.85142
74510,74660,74585,12.473,7.70674,6.2356,4.3456,3.45364,2.72636,2.33374,2.00038,1.71221,1.54472,1.51426,1.40803,1.24326,1.13324,1.1325,1.09688,0.998145,0.913217,0.976158,0.804513,0.787807,4.01527
74661,74811,74736,3.87684,3.93076,3.04788,2.3189,2.1252,1.83715,1.60813,1.39538,1.3104,1.18746,1.1697,1.03458,1.01598,0.915265,0.909947,0.86969,0.861715,0.715191,0.778698,0.631295,0.514629,2.28631
74811,74961,74886,6.73785,5.3951,4.4081,3.38222,2.89799,2.53163,2.06069,1.86871,1.71488,1.49113,1.51245,1.28843,1.26637,1.15955,1.11589,1.07286,1.04799,0.968121,1.01515,0.900383,0.799504,3.28962
74962,75112,75037,22.8982,11.0122,8.73864,6.41067,4.82613,4.00213,3.15082,2.71878,2.26812,1.98818,1.7951,1.60987,1.49332,1.31269,1.2069,1.14648,1.10141,0.971175,1.03405,0.910596,0.786655,6.06139
75112,75262,75187,6.01207,3.64063,2.70726,2.33633,1.95147,1.64003,1.46646,1.30739,1.17459,1.10792,1.05858,1.04665,0.947137,0.933289,0.926792,0.892596,0.85477,0.815825,0.822907,0.728681,0.738748,2.17474
75263,75413,75338,18.1188,10.1138,6.60634,5.33825,4.45686,3.4332,3.07118,2.57854,2.21729,1.9931,1.88159,1.77516,1.57589,1.40656,1.3704,1.30423,1.22413,1.09565,1.13352,1.02971,0.878066,5.10428
75414,75564,75489,3.06418,2.43698,2.24022,1.76126,1.47805,1.2925,1.20961,1.07101,1.01457,0.971993,0.941354,0.884711,0.879384,0.835594,0.816611,0.829408,0.799808,0.772036,0.780119,0.70662,0.720122,1.64718
75565,75715,75640,32.3773,24.3101,19.4572,13.8961,11.9506,9.91116,7.9855,6.72007,5.82494,5.31857,5.21816,4.12748,3.71333,3.6225,3.13766,3.28702,2.74755,2.40963,2.45011,2.15288,1.33969,13.3221
75715,75865,75790,9.13422,6.59024,4.48988,3.87977,3.31463,2.86239,2.59457,2.32208,1.97994,1.86699,1.75642,1.67936,1.56453,1.4759,1.39572,1.32654,1.30369,1.12971,1.19938,1.07928,0.901839,3.71693
75866,76016,75941,9.23121,5.90647,4.42812,3.71962,3.13691,2.63356,2.38008,2.1119,1.88134,1.68832,1.65937,1.5509,1.4821,1.43075,1.34028,1.25466,1.22423,1.06666,1.10726,0.930917,0.838229,3.53732
76016,76166,76091,3.19413,2.79686,2.4498,2.07768,1.79452,1.58268,1.48687,1.35931,1.26293,1.18614,1.1799,1.15377,1.07445,1.06014,1.00811,0.968918,0.956514,0.907867,0.91971,0.847598,0.787634,1.9561
76167,76317,76242,5.38185,3.58492,3.3225,2.89316,2.4704,2.23698,2.0994,1.82661,1.71874,1.62629,1.52641,1.58735,1.38999,1.29742,1.26301,1.28392,1.17909,1.05644,1.11001,0.95367,0.782541,2.7207
76317,76467,76392,1.78049,1.1938,1.03162,0.927518,0.850106,0.816997,0.793401,0.778377,0.747852,0.742708,0.744519,0.728778,0.741737,0.722777,0.721132,0.725269,0.716194,0.716367,0.725063,0.630371,0.707598,0.891389
76468,76618,76543,1.71226,1.57332,1.33523,1.22203,1.12047,1.07582,1.03523,0.996075,0.976075,0.962559,0.959428,0.933002,0.923605,0.924845,0.922604,0.909045,0.914208,0.898827,0.90635,0.848692,0.88462,1.17949
76618,76768,76693,0.518217,0.549465,0.560756,0.584568,0.599904,0.610038,0.610924,0.612854,0.616482,0.62706,0.632836,0.6293,0.622426,0.634182,0.64227,0.643695,0.637931,0.645423,0.632426,0.599389,0.642118,0.576018
76769,76919,76844,5.88764,3.60782,2.87745,2.38649,2.02085,1.73864,1.55954,1.41197,1.29797,1.23351,1.15655,1.10298,1.09709,1.02618,0.992233,0.961021,0.975188,0.897089,0.911195,0.823331,0.801004,2.25901
76919,77069,76994,0.51616,0.516478,0.528465,0.535288,0.540329,0.555794,0.545162,0.549335,0.565599,0.566741,0.561986,0.557335,0.559596,0.565505,0.570571,0.571105,0.569636,0.559629,0.575244,0.52675,0.565691,0.527979
77070,77220,77145,9.24432,5.29332,4.30565,3.15558,2.52854,2.0325,1.76587,1.49873,1.41293,1.24984,1.23351,1.12338,1.10027,1.04835,0.989565,0.964403,0.95886,0.931424,0.935591,0.827219,0.855149,2.90927
77220,77370,77295,0.265049,0.483619,0.520654,0.565026,0.584451,0.614953,0.639931,0.653117,0.662329,0.659978,0.67872,0.677966,0.681157,0.68776,0.691533,0.692818,0.69009,0.7107,0.702472,0.661638,0.714373,0.559075
77371,77521,77446,2.7836,2.20991,1.56282,1.28623,1.07747,0.988633,0.906416,0.837977,0.805868,0.784395,0.761888,0.75549,0.746411,0.732291,0.722125,0.727535,0.713798,0.717128,0.715696,0.622458,0.693,1.19911
77522,77672,77597,0.134947,0.311998,0.444897,0.501251,0.552695,0.593517,0.622041,0.63553,0.658255,0.65592,0.654987,0.669425,0.684364,0.672238,0.687761,0.687616,0.700168,0.696272,0.694322,0.600063,0.693551,0.504401
77672,77822,77747,0.0297485,0.294485,0.349099,0.433774,0.457309,0.508914,0.535049,0.545059,0.548976,0.573929,0.570439,0.570986,0.58599,0.59664,0.593972,0.592021,0.594955,0.602157,0.596462,0.557605,0.605708,0.426239
77823,77973,77898,-0.574014,-0.334621,0.106719,0.275895,0.394847,0.466826,0.521387,0.559605,0.586386,0.615286,0.619014,0.625786,0.62936,0.64927,0.643602,0.646741,0.651613,0.662109,0.664729,0.575771,0.656609,0.296534
77973,78123,78048,-0.698927,-0.245662,-0.019655,0.111143,0.229582,0.305335,0.347923,0.383193,0.3899,0.413702,0.432898,0.431727,0.440481,0.452253,0.461114,0.463451,0.462064,0.464409,0.468869,0.389073,0.462491,0.150578
78124,78274,78199,-0.465103,-0.181722,-0.0703045,0.0534358,0.177402,0.226063,0.300418,0.324503,0.371479,0.391228,0.380757,0.420527,0.437019,0.443698,0.451292,0.474951,0.482235,0.486644,0.483997,0.44101,0.524745,0.0839593
78274,78424,78349,-0.559039,-0.164113,-0.0475513,0.0667085,0.134814,0.167621,0.207716,0.239333,0.27076,0.282272,0.292616,0.302341,0.318335,0.303358,0.327508,0.340979,0.344546,0.371914,0.365585,0.314746,0.413952,0.0849134
78425,78575,78500,-0.966281,-0.356774,-0.0986162,0.11308,0.20693,0.280269,0.342296,0.364962,0.385615,0.417119,0.426055,0.4427,0.440058,0.438767,0.457725,0.459998,0.458966,0.465319,0.459879,0.393881,0.460832,0.125681
78575,78725,78650,-0.71496,-0.223206,-0.1446,0.0412421,0.093467,0.17723,0.201121,0.253054,0.281447,0.304243,0.300555,0.314194,0.337577,0.363071,0.359075,0.370823,0.366356,0.397826,0.378017,0.338943,0.403471,0.0413816
78726,78876,78801,-1.44287,-0.345208,-0.163783,-0.0132157,0.104041,0.171966,0.216966,0.258,0.287609,0.309235,0.306992,0.330004,0.342539,0.351567,0.355552,0.360827,0.361734,0.375613,0.372439,0.327523,0.379974,0
78876,79026,78951,-0.749468,-0.355539,-0.258797,-0.0722753,0.0432942,0.105711,0.14353,0.188374,0.217799,0.245291,0.241563,0.273672,0.301743,0.31957,0.330053,0.322638,0.334278,0.362408,0.346262,0.29578,0.388779,-0.051155
79027,79177,79102,0.453009,0.470269,0.473453,0.4855,0.496663,0.48423,0.500232,0.492174,0.503322,0.49758,0.488367,0.50255,0.501232,0.501465,0.505154,0.509424,0.491287,0.505422,0.500985,0.472489,0.493457,0.475834
79177,79327,79252,-0.536427,-0.252049,-0.0705734,0.044441,0.116551,0.19372,0.225283,0.258135,0.267532,0.291366,0.307969,0.308591,0.319513,0.317334,0.327358,0.328037,0.327999,0.325374,0.33779,0.290722,0.331634,0.0497451
79328,79478,79403,0.664412,0.572039,0.545875,0.528057,0.523816,0.510118,0.505569,0.507951,0.511102,0.494946,0.503725,0.504715,0.499404,0.491586,0.488598,0.498619,0.492145,0.489477,0.480836,0.430451,0.47433,0.521764
79479,79629,79554,0.293447,0.297942,0.306851,0.310352,0.301236,0.311055,0.308795,0.308373,0.293454,0.307905,0.302812,0.294742,0.302104,0.31069,0.306297,0.296443,0.30552,0.311988,0.305091,0.249298,0.293244,0.293244
79629,79779,79704,2.13163,1.56695,1.30575,1.15609,1.01414,0.942365,0.869569,0.806017,0.753839,0.722131,0.718171,0.663352,0.657685,0.649966,0.635137,0.606106,0.605156,0.590147,0.591213,0.512265,0.516321,1.09093
79780,79930,79855,8.27423,6.00043,4.81902,3.03152,2.42812,1.8492,1.52847,1.32382,1.16708,1.04292,0.982908,0.950206,0.859434,0.81268,0.811353,0.783835,0.74781,0.735091,0.728862,0.625686,0.679452,2.91562
79930,80080,80005,4.28321,3.16479,2.79254,2.22146,1.85767,1.61365,1.42059,1.2692,1.14617,1.06426,1.01751,0.958067,0.948209,0.877616,0.863896,0.83846,0.802849,0.745856,0.774733,0.633962,0.658144,2.08961
80081,80231,80156,4.67557,4.49755,3.57922,2.64752,2.36691,2.01689,1.83062,1.54822,1.39681,1.29328,1.28679,1.11301,1.05309,0.997681,0.968415,0.9186,0.90944,0.807343,0.849305,0.721863,0.620755,2.62187
80231,80381,80306,11.3493,5.45689,4.56914,3.90966,3.05846,2.68954,2.25448,1.99819,1.75088,1.64546,1.61379,1.4366,1.34071,1.2668,1.1492,1.13531,1.03176,0.946471,0.973716,0.89509,0.765794,3.56827
80382,80532,80457,17.5439,14.7413,11.7496,8.89777,7.46287,6.2718,5.44732,4.57703,4.10239,3.49156,3.47281,2.95968,2.93055,2.45062,2.51843,2.2013,2.19156,1.72643,1.89925,1.68824,1.21698,8.63638
80532,80682,80607,12.8656,9.13872,8.54621,6.1399,5.37427,4.62041,4.08866,3.55098,3.22589,2.84271,2.62974,2.65039,2.28096,2.18291,2.07421,1.83936,1.94392,1.63893,1.70337,1.45194,1.04562,6.04319
80683,80833,80758,19.7015,8.07614,6.62014,4.64194,3.48315,2.77578,2.27974,1.88248,1.65608,1.47073,1.33743,1.24481,1.1252,1.0835,1.04472,0.976611,0.948734,0.902272,0.912848,0.781209,0.806369,4.24362
80834,80984,80909,14.822,8.36712,6.61951,4.95266,3.94523,3.12595,2.53618,2.21791,1.96747,1.77364,1.73056,1.56098,1.36009,1.3443,1.29318,1.24266,1.18049,1.08006,1.08617,0.962831,0.952288,4.49645
80985,81135,81060,10.8248,9.32354,6.7462,5.7721,5.30312,4.38906,4.12948,3.46884,3.109,2.9718,2.69803,2.85083,2.55369,2.33544,2.13019,2.05431,1.98669,1.49944,1.69334,1.51691,0.894217,5.71404
81136,81286,81211,35.4945,19.5589,13.1425,9.76576,7.0734,5.61708,4.14557,3.48271,3.04587,2.63234,2.39227,2.12631,2.06368,1.85138,1.78933,1.72516,1.68503,1.55862,1.59038,1.44512,1.42857,8.88058
81286,81436,81361,8.13127,5.01221,4.39928,3.81778,3.06521,2.71988,2.47083,2.13262,1.93137,1.73909,1.6726,1.53032,1.42313,1.39899,1.39212,1.22851,1.23773,1.07678,1.12814,0.983267,0.773979,3.5418
81437,81587,81512,5.3745,4.52801,3.87542,3.05017,2.62646,2.25676,1.95432,1.72291,1.5543,1.46185,1.44385,1.35646,1.21765,1.19757,1.15477,1.13448,1.06677,0.983914,1.00504,0.867682,0.870454,2.89298
81587,81737,81662,3.35874,2.06416,1.44201,1.21304,1.03898,0.955172,0.87318,0.811024,0.778391,0.748883,0.727604,0.72685,0.710694,0.688414,0.692447,0.684115,0.678341,0.683433,0.68289,0.596989,0.658364,1.16282
81738,81888,81813,2.37191,1.65266,1.34006,1.09045,0.969933,0.855684,0.79253,0.731355,0.70405,0.677224,0.658969,0.660184,0.638278,0.63646,0.636407,0.614574,0.611809,0.614366,0.616495,0.567587,0.588967,1.05172
81889,82039,81964,5.52991,2.61983,2.11981,1.65337,1.37557,1.24751,1.10652,1.00936,0.961724,0.920127,0.88937,0.869585,0.850035,0.837628,0.827132,0.822444,0.800733,0.795239,0.802599,0.701631,0.76693,1.58241
82039,82189,82114,0.440888,0.4702,0.535507,0.556464,0.587679,0.599238,0.615432,0.61071,0.638217,0.640718,0.648669,0.632062,0.648573,0.638026,0.655746,0.655523,0.661124,0.657028,0.651963,0.602431,0.657182,0.557609
82190,82340,82265,0.384793,0.471325,0.489629,0.532141,0.542464,0.551356,0.566209,0.574977,0.566335,0.580741,0.581089,0.575923,0.584893,0.575734,0.57662,0.582553,0.583989,0.58257,0.583611,0.483562,0.574112,0.525459
82340,82490,82415,0.334355,0.411682,0.468971,0.510793,0.530943,0.554963,0.561848,0.581843,0.5819,0.589659,0.588535,0.598595,0.59879,0.610417,0.602344,0.615373,0.6076,0.613609,0.607714,0.552445,0.611217,0.514198
82491,82641,82566,-0.366925,-0.173199,0.111759,0.19615,0.300497,0.361876,0.421137,0.452753,0.482881,0.501081,0.517532,0.534746,0.544313,0.547772,0.561648,0.557292,0.572337,0.588097,0.586815,0.50681,0.617486,0.22454
82641,82791,82716,-0.795575,-0.201475,0.0800914,0.2427,0.357343,0.428426,0.490529,0.508171,0.533671,0.55571,0.567245,0.569444,0.585439,0.582935,0.589312,0.612159,0.597555,0.605769,0.602121,0.533388,0.609572,0.276212
82792,82942,82867,-0.346233,-0.24993,-0.030099,0.0295158,0.119942,0.193784,0.234724,0.280548,0.321567,0.347393,0.350901,0.36205,0.410121,0.4176,0.41729,0.443919,0.466073,0.478706,0.459204,0.401081,0.551087,0.0560427
82942,83093,83018,-0.528886,-0.207124,0.00995653,0.206713,0.299541,0.36628,0.426515,0.469206,0.487653,0.518111,0.515295,0.524055,0.533331,0.538453,0.546871,0.548995,0.564287,0.554345,0.552235,0.48885,0.557674,0.223069
83094,83244,83169,-0.949398,-0.31017,0.0118761,0.227533,0.32286,0.396334,0.440905,0.491589,0.511308,0.529969,0.53129,0.564047,0.56994,0.574011,0.573685,0.583698,0.586371,0.589197,0.60329,0.505602,0.595618,0.236357
83245,83395,83320,0.248437,0.44688,0.488771,0.521558,0.550468,0.572088,0.57874,0.60972,0.619544,0.632652,0.614318,0.646548,0.645316,0.642094,0.659273,0.670214,0.67421,0.681542,0.668751,0.62095,0.692146,0.51911
83395,83545,83470,-0.770608,-0.0237483,-0.0240552,0.166447,0.241251,0.318844,0.351659,0.406581,0.420497,0.451874,0.449777,0.483715,0.48747,0.521462,0.510297,0.521389,0.541227,0.550594,0.539182,0.460332,0.580358,0.180767
83546,83696,83621,-0.146077,-0.0203833,0.0518894,0.174634,0.273053,0.32215,0.361508,0.403964,0.433707,0.465837,0.482804,0.481988,0.499237,0.528207,0.527545,0.535202,0.567314,0.582637,0.568425,0.539247,0.633518,0.191975
83696,83846,83771,-1.72248,-0.688371,-0.274576,0.0477972,0.199452,0.283349,0.38927,0.457134,0.503169,0.537925,0.533608,0.587565,0.594472,0.611117,0.623782,0.62826,0.641049,0.655771,0.649595,0.61276,0.676349,0.0666823
83847,83997,83922,-0.581268,-0.00187823,0.19961,0.295385,0.367429,0.445648,0.467498,0.519498,0.549465,0.562061,0.5549,0.573281,0.584819,0.604511,0.616261,0.628087,0.622794,0.646381,0.640697,0.580684,0.654209,0.301942
83997,84147,84072,-1.99104,-0.628065,-0.326666,0.0102874,0.176601,0.315102,0.379991,0.467435,0.505453,0.54322,0.539519,0.569041,0.582817,0.612749,0.622665,0.627394,0.637393,0.650396,0.647245,0.540209,0.664107,0.0518832
