Data/Raw/WEBER,RODNEY/FIREXAQ-SAGA-MC-BrC_DC8_20190722_R0.ict
56, 1001
Weber, Rodney
Georgia Institute of Technology
Water soluble brown carbon measured with mist chamber-LWCC
FIREXAQ
1, 1
2019, 07, 22, 2020, 03, 06
0
Time_Start, seconds_past_midnight, Time_Start, seconds_past_midnight
24
1, 1, 1, 1, 1, 1, 1, 1, 1, 1, 1, 1, 1, 1, 1, 1, 1, 1, 1, 1, 1, 1, 1, 1
-9999, -9999, -9999, -9999, -9999, -9999, -9999, -9999, -9999, -9999, -9999, -9999, -9999, -9999, -9999, -9999, -9999, -9999, -9999, -9999, -9999, -9999, -9999, -9999
Time_Stop, seconds_past_midnight, Time_Stop, seconds_past_midnight
Time_Mid, seconds_past_midnight, Time_Mid, seconds_past_midnight
WSAbs300, Mm-1, AerOpt_AbsorptionBrC_InSitu_UVtoRed_None_Bulk_STP, Water Soluble Brown Carbon absorption at 300 nm
WSAbs320, Mm-1, AerOpt_AbsorptionBrC_InSitu_UVtoRed_None_Bulk_STP, Water Soluble Brown Carbon absorption at 320 nm
WSAbs340, Mm-1, AerOpt_AbsorptionBrC_InSitu_UVtoRed_None_Bulk_STP, Water Soluble Brown Carbon absorption at 340 nm
WSAbs360, Mm-1, AerOpt_AbsorptionBrC_InSitu_UVtoRed_None_Bulk_STP, Water Soluble Brown Carbon absorption at 360 nm
WSAbs380, Mm-1, AerOpt_AbsorptionBrC_InSitu_UVtoRed_None_Bulk_STP, Water Soluble Brown Carbon absorption at 380 nm
WSAbs400, Mm-1, AerOpt_AbsorptionBrC_InSitu_UVtoRed_None_Bulk_STP, Water Soluble Brown Carbon absorption at 400 nm
WSAbs420, Mm-1, AerOpt_AbsorptionBrC_InSitu_UVtoRed_None_Bulk_STP, Water Soluble Brown Carbon absorption at 420 nm
WSAbs440, Mm-1, AerOpt_AbsorptionBrC_InSitu_UVtoRed_None_Bulk_STP, Water Soluble Brown Carbon absorption at 440 nm
WSAbs460, Mm-1, AerOpt_AbsorptionBrC_InSitu_UVtoRed_None_Bulk_STP, Water Soluble Brown Carbon absorption at 460 nm
WSAbs480, Mm-1, AerOpt_AbsorptionBrC_InSitu_UVtoRed_None_Bulk_STP, Water Soluble Brown Carbon absorption at 480 nm
WSAbs500, Mm-1, AerOpt_AbsorptionBrC_InSitu_UVtoRed_None_Bulk_STP, Water Soluble Brown Carbon absorption at 500 nm
WSAbs520, Mm-1, AerOpt_AbsorptionBrC_InSitu_UVtoRed_None_Bulk_STP, Water Soluble Brown Carbon absorption at 520 nm
WSAbs540, Mm-1, AerOpt_AbsorptionBrC_InSitu_UVtoRed_None_Bulk_STP, Water Soluble Brown Carbon absorption at 540 nm
WSAbs560, Mm-1, AerOpt_AbsorptionBrC_InSitu_UVtoRed_None_Bulk_STP, Water Soluble Brown Carbon absorption at 560 nm
WSAbs580, Mm-1, AerOpt_AbsorptionBrC_InSitu_UVtoRed_None_Bulk_STP, Water Soluble Brown Carbon absorption at 580 nm
WSAbs600, Mm-1, AerOpt_AbsorptionBrC_InSitu_UVtoRed_None_Bulk_STP, Water Soluble Brown Carbon absorption at 600 nm
WSAbs620, Mm-1, AerOpt_AbsorptionBrC_InSitu_UVtoRed_None_Bulk_STP, Water Soluble Brown Carbon absorption at 620 nm
WSAbs640, Mm-1, AerOpt_AbsorptionBrC_InSitu_UVtoRed_None_Bulk_STP, Water Soluble Brown Carbon absorption at 640 nm
WSAbs660, Mm-1, AerOpt_AbsorptionBrC_InSitu_UVtoRed_None_Bulk_STP, Water Soluble Brown Carbon absorption at 660 nm
WSAbs680, Mm-1, AerOpt_AbsorptionBrC_InSitu_UVtoRed_None_Bulk_STP, Water Soluble Brown Carbon absorption at 680 nm
WSAbs700, Mm-1, AerOpt_AbsorptionBrC_InSitu_UVtoRed_None_Bulk_STP, Water Soluble Brown Carbon absorption at 700 nm
WSAbs365, Mm-1, AerOpt_AbsorptionBrC_InSitu_UVtoRed_None_Bulk_STP, Water Soluble Brown Carbon absorption at 365 nm
0
18
PI_CONTACT_INFO: rweber@eas.gatech.edu
PLATFORM: NASA DC-8 aircraft
LOCATION: Aircraft location is given by the navigational file
ASSOCIATED_DATA: N/A
[...]
DATA_INFO: Samples collected by mist chamber were injected through 0.22 pore size syringe filter and then a 2.5 m path length LWCC, and light absorption was measured by Ocean Optics USB4000 spectrometer. Absorption from 300 to 700 nm were recorded. Absorption of pure solvent was subtracted from the sample. Raw absorption data were processed by the equation Abs=Raw*(Volume of liquid in the mist chamber)/(Volume of air collected at STP)/(Optical Path Length, 2.5m here)*ln(10). Data reported here were averaged over 20 nm wavelength intervals. i.e. absorption at 400 nm were average by absorption data between 390 nm to 410 nm. All data have been blank corrected by averaging all blank filter in this mission (2-3 blank filters per flight). Data are reported under STP, which is T=273K & p=1013 mb. When using the data, the absorption had better to corrected by higher wavelength, ie Abs700 for baseline drift. UNCERTAINTY: Data may have smearing issues. If we do not account for smearing or blank, the uncertainty is ~5%
UNCERTAINTY: Data may have smearing issues. If we do not account for smearing or blank, the uncertainty is ~5%
ULOD_FLAG: -7777
ULOD_VALUE: N/A
LLOD_FLAG: -8888
LLOD_VALUE: N/A
DM_CONTACT_INFO: lhzeng@gatech.edu
PROJECT_INFO: FIREX-AQ, 2019
STIPULATIONS_ON_USE: Use of these data require prior ok from PI.
OTHER_COMMENTS: N/A
REVISION: R0
RA: Preliminary Data.  For in-field use only.
Time_Start, Time_Stop, Time_Mid, WSAbs300, WSAbs320, WSAbs340, WSAbs360, WSAbs380, WSAbs400, WSAbs420, WSAbs440, WSAbs460, WSAbs480, WSAbs500, WSAbs520, WSAbs540, WSAbs560, WSAbs580, WSAbs600, WSAbs620, WSAbs640, WSAbs660, WSAbs680, WSAbs700, WSAbs365
[from data line 72]
76935,77085,77010,1.2381,0.844511,0.585736,0.383874,0.254453,0.143966,0.0712936,0.0150944,-0.0301177,-0.0688383,-0.0979594,-0.124072,-0.140519,-0.14565,-0.156903,-0.173372,-0.17605,-0.200933,-0.191063,-0.187514,-0.231524,0.342915
77085,77235,77160,1.26338,0.838121,0.561953,0.363282,0.217624,0.125356,0.0449829,-0.00470057,-0.053253,-0.0803274,-0.108605,-0.126368,-0.137741,-0.148947,-0.161672,-0.174325,-0.183929,-0.194563,-0.192181,-0.198402,-0.216235,0.315546
77236,77386,77311,1.17282,0.804442,0.543438,0.353644,0.222501,0.121131,0.0556146,0.000495473,-0.044163,-0.0683028,-0.100005,-0.121357,-0.13363,-0.146472,-0.157159,-0.165959,-0.168324,-0.186117,-0.187689,-0.214589,-0.217887,0.312909
77386,77536,77461,1.16851,0.786023,0.529053,0.345226,0.207752,0.118408,0.0507399,-0.00655837,-0.0485659,-0.072712,-0.10613,-0.12483,-0.139723,-0.150819,-0.158423,-0.162231,-0.167554,-0.181889,-0.182958,-0.20049,-0.212654,0.301959
77537,77687,77612,1.21976,0.817541,0.543417,0.34937,0.214233,0.120202,0.0470559,-0.00636795,-0.0468139,-0.080296,-0.104907,-0.132991,-0.137495,-0.156263,-0.161316,-0.167595,-0.176876,-0.189878,-0.19379,-0.281052,-0.219697,0.307139
77687,77837,77762,1.13489,0.773751,0.527579,0.340441,0.220165,0.118955,0.0565195,0.00211867,-0.0389717,-0.0739575,-0.097441,-0.113608,-0.136369,-0.146362,-0.156162,-0.165703,-0.167219,-0.187806,-0.185074,-0.204649,-0.217728,0.302476
77838,77988,77913,1.22113,0.816763,0.542154,0.350375,0.212414,0.113061,0.0435364,-0.00998183,-0.0537955,-0.0921941,-0.114432,-0.134311,-0.142417,-0.156612,-0.16543,-0.182832,-0.18642,-0.197116,-0.200052,-0.213715,-0.225881,0.307609
77988,78138,78063,1.26494,0.843666,0.558428,0.355662,0.211714,0.104985,0.0305168,-0.0239066,-0.0675581,-0.0943201,-0.113118,-0.134731,-0.14759,-0.16321,-0.179215,-0.187693,-0.18621,-0.19596,-0.201577,-0.207201,-0.22712,0.30633
78139,78289,78214,1.16546,0.801039,0.543131,0.358709,0.223512,0.121194,0.0497208,-0.00683735,-0.050511,-0.0793526,-0.10577,-0.129312,-0.149664,-0.154725,-0.172763,-0.184552,-0.185081,-0.205051,-0.196901,-0.205978,-0.239991,0.315831
78289,78439,78364,1.20104,0.799299,0.523863,0.340483,0.203509,0.104096,0.0299756,-0.0194592,-0.0606441,-0.0936276,-0.113062,-0.136252,-0.154712,-0.163586,-0.169399,-0.175666,-0.190477,-0.195056,-0.195737,-0.181895,-0.22517,0.29437
78440,78590,78515,1.158,0.782915,0.532729,0.349762,0.219043,0.126356,0.0544324,-0.0105916,-0.0508688,-0.0832201,-0.10882,-0.130714,-0.144639,-0.163776,-0.173587,-0.182441,-0.191683,-0.197241,-0.196382,-0.218894,-0.236457,0.309011
78590,78740,78665,1.15274,0.777439,0.52212,0.336785,0.207583,0.117088,0.0374616,-0.0153383,-0.0491159,-0.0869125,-0.106458,-0.134659,-0.14804,-0.157543,-0.165772,-0.177179,-0.179564,-0.200391,-0.207,-0.219909,-0.228459,0.295786
78741,78891,78816,1.27318,0.849521,0.563123,0.362433,0.218785,0.117697,0.0407566,-0.0161785,-0.0678737,-0.100416,-0.123823,-0.139849,-0.156375,-0.172786,-0.181415,-0.190959,-0.201505,-0.217905,-0.207546,-0.219857,-0.244227,0.31605
78891,79041,78966,1.14064,0.780419,0.528156,0.352318,0.222789,0.120675,0.0535087,-0.0033458,-0.0449699,-0.0740994,-0.109818,-0.121628,-0.139314,-0.158631,-0.171696,-0.17306,-0.186185,-0.19752,-0.196687,-0.200024,-0.234185,0.308402
79042,79192,79117,1.20897,0.819685,0.551566,0.365386,0.226649,0.128708,0.0520844,-0.00173132,-0.0513117,-0.0828548,-0.106843,-0.128762,-0.150528,-0.159126,-0.175692,-0.187397,-0.191646,-0.202731,-0.218959,-0.188503,-0.241976,0.320524
79192,79342,79267,1.18077,0.810168,0.547764,0.367169,0.234277,0.137246,0.0618046,0.00448128,-0.0356835,-0.069162,-0.102011,-0.12421,-0.142237,-0.149396,-0.163998,-0.171387,-0.178575,-0.200366,-0.189292,-0.294976,-0.228845,0.320444
79343,79493,79418,1.34526,0.902015,0.609312,0.399624,0.244475,0.139221,0.0496111,-0.00617452,-0.0484456,-0.0868839,-0.112759,-0.137242,-0.154821,-0.167882,-0.182142,-0.185186,-0.198065,-0.204887,-0.222044,-0.218552,-0.238729,0.347132
79493,79643,79568,1.23079,0.846965,0.5666,0.379,0.244501,0.138558,0.0680421,0.0119702,-0.035971,-0.0733045,-0.101273,-0.122298,-0.13146,-0.146541,-0.15795,-0.173148,-0.176793,-0.191083,-0.191162,-0.199192,-0.224603,0.336244
79644,79794,79719,1.28586,0.88836,0.608774,0.415861,0.266016,0.165122,0.0781,0.0211377,-0.0319271,-0.0628548,-0.0913071,-0.115577,-0.133717,-0.15696,-0.157497,-0.177341,-0.180902,-0.199159,-0.197357,-0.189106,-0.23704,0.364403
79794,79944,79869,1.3248,0.899553,0.59868,0.39696,0.24901,0.134685,0.0594618,0.00190201,-0.0391841,-0.0782403,-0.0971631,-0.117834,-0.135316,-0.147036,-0.157852,-0.175062,-0.180284,-0.191271,-0.192701,-0.19951,-0.223113,0.345765
79945,80095,80020,1.35104,0.928037,0.63244,0.422864,0.265322,0.157847,0.0777063,0.0120327,-0.0297641,-0.0693324,-0.0949124,-0.126879,-0.137577,-0.157573,-0.168518,-0.180979,-0.186033,-0.198952,-0.223119,-0.205271,-0.237691,0.37132
80095,80245,80170,1.23406,0.847694,0.58157,0.399827,0.262608,0.156185,0.0796851,0.015857,-0.0266562,-0.0562551,-0.0881657,-0.111414,-0.127805,-0.145923,-0.151035,-0.165881,-0.1665,-0.181897,-0.179966,-0.196948,-0.223345,0.350576
80246,80396,80321,1.37505,0.925521,0.627753,0.416535,0.257459,0.149776,0.0671689,0.00580806,-0.0351211,-0.0763701,-0.10265,-0.130496,-0.142708,-0.16245,-0.168868,-0.181217,-0.186104,-0.195927,-0.193247,-0.303858,-0.233955,0.365721
80396,80546,80471,1.36596,0.912628,0.5985,0.387526,0.238031,0.133407,0.0596048,-0.00289959,-0.04842,-0.0841239,-0.108169,-0.120749,-0.14324,-0.15376,-0.160474,-0.171315,-0.184262,-0.191314,-0.193917,-0.208339,-0.219049,0.342645
80547,80697,80622,1.51639,1.01314,0.662723,0.43099,0.265205,0.150684,0.0582147,-0.00317254,-0.0532079,-0.0878046,-0.113768,-0.139059,-0.156966,-0.169984,-0.177676,-0.183314,-0.193023,-0.214672,-0.212285,-0.200753,-0.239021,0.380667
80697,80848,80772,1.42104,0.945561,0.63714,0.421208,0.257825,0.146699,0.062442,0.000876371,-0.0395755,-0.0702713,-0.0987029,-0.123878,-0.145338,-0.150299,-0.167728,-0.171213,-0.182528,-0.190642,-0.192169,-0.209696,-0.225821,0.366867
80848,80998,80923,1.45088,0.990983,0.68385,0.450241,0.298085,0.1745,0.0912894,0.021903,-0.0255083,-0.072395,-0.101096,-0.117678,-0.137146,-0.158875,-0.165048,-0.18627,-0.185807,-0.207884,-0.201479,-0.223271,-0.243659,0.405001
80999,81149,81074,1.47374,0.99716,0.6645,0.445437,0.27494,0.160938,0.0720885,0.0139709,-0.032364,-0.0719452,-0.101889,-0.121488,-0.143598,-0.156441,-0.163387,-0.173007,-0.183175,-0.199038,-0.188623,-0.19625,-0.225711,0.389323
81149,81299,81224,1.50354,1.03134,0.694051,0.466666,0.30518,0.187772,0.0903396,0.02852,-0.0288502,-0.0602647,-0.0951496,-0.124011,-0.135406,-0.15501,-0.160697,-0.197541,-0.189751,-0.20652,-0.203646,-0.185722,-0.236706,0.415434
81300,81450,81375,1.43332,0.971227,0.659724,0.438458,0.273404,0.166436,0.0777715,0.0242872,-0.0244479,-0.0646217,-0.0883866,-0.116724,-0.127007,-0.140868,-0.150597,-0.164286,-0.173278,-0.184895,-0.177305,-0.193382,-0.215528,0.385107
81450,81600,81525,1.41053,0.980784,0.678442,0.45982,0.300063,0.188941,0.101743,0.0381152,-0.0140664,-0.0517395,-0.0800311,-0.103381,-0.123208,-0.138453,-0.153986,-0.157351,-0.168808,-0.188611,-0.211544,-0.204724,-0.227996,0.411675
81601,81751,81676,1.41773,0.963808,0.661813,0.438973,0.290077,0.18059,0.0902157,0.0307176,-0.0194928,-0.0570574,-0.0843543,-0.102983,-0.12639,-0.140794,-0.151734,-0.15816,-0.17014,-0.178779,-0.191959,-0.195744,-0.214735,0.395249
81751,81901,81826,1.46402,1.01212,0.699428,0.478773,0.322878,0.198979,0.115956,0.0425829,-0.00750892,-0.0484365,-0.0824827,-0.0994273,-0.12362,-0.136651,-0.15098,-0.169173,-0.168914,-0.197642,-0.192933,-0.179898,-0.234581,0.431735
81902,82052,81977,1.36753,0.935887,0.644231,0.434199,0.290993,0.174923,0.0954461,0.0371722,-0.0172571,-0.0537356,-0.0727577,-0.102824,-0.114979,-0.127189,-0.147187,-0.15705,-0.153953,-0.17416,-0.175162,-0.26911,-0.209355,0.387775
82052,82202,82127,1.38502,0.964826,0.667153,0.453269,0.299138,0.190785,0.106519,0.0459098,-0.00104997,-0.0482465,-0.0776153,-0.10113,-0.115789,-0.131695,-0.140383,-0.152325,-0.16161,-0.182402,-0.17318,-0.178034,-0.219609,0.408452
82203,82353,82278,1.41199,0.954153,0.651856,0.437475,0.283714,0.170096,0.0917421,0.0292772,-0.015973,-0.0587354,-0.0840467,-0.0968428,-0.116344,-0.130662,-0.145902,-0.149804,-0.158785,-0.170706,-0.168795,-0.181007,-0.202212,0.384579
82353,82503,82428,1.65132,1.10942,0.750916,0.499739,0.318289,0.188999,0.0987658,0.0348129,-0.0216057,-0.0587554,-0.0966211,-0.12272,-0.133189,-0.151901,-0.164478,-0.17846,-0.175379,-0.197157,-0.195572,-0.202206,-0.229,0.441048
82504,82654,82579,1.35446,0.942231,0.663028,0.451906,0.309812,0.19703,0.120143,0.0509693,0.00789144,-0.0341475,-0.0641301,-0.0817695,-0.103724,-0.125963,-0.135639,-0.148075,-0.155827,-0.166427,-0.16144,-0.26397,-0.207995,0.406662
82654,82804,82729,1.59796,1.07605,0.725804,0.478069,0.307156,0.18152,0.101408,0.0243992,-0.0249966,-0.0631973,-0.0862783,-0.107811,-0.122727,-0.141153,-0.154024,-0.163896,-0.166595,-0.184756,-0.183344,-0.173758,-0.216487,0.426732
82805,82955,82880,1.42443,0.977311,0.661975,0.444995,0.295599,0.191729,0.100419,0.0457305,-0.00845635,-0.0362918,-0.0632997,-0.0854021,-0.106401,-0.118002,-0.130218,-0.144915,-0.148264,-0.157636,-0.164859,-0.155728,-0.193707,0.401565
82955,83105,83030,1.61344,1.09125,0.733861,0.492676,0.324538,0.197709,0.101382,0.0391878,-0.00532426,-0.0504437,-0.0793426,-0.100542,-0.124628,-0.136138,-0.148345,-0.155467,-0.168238,-0.183571,-0.177862,-0.165389,-0.208189,0.438111
83106,83256,83181,1.5503,1.04875,0.715049,0.475134,0.308787,0.190704,0.105339,0.0376392,-0.00445403,-0.0440999,-0.0729505,-0.0879496,-0.108378,-0.119226,-0.141467,-0.142455,-0.14948,-0.171664,-0.166305,-0.265545,-0.198002,0.426955
83257,83407,83332,1.75615,1.18017,0.808366,0.534744,0.356546,0.213008,0.11965,0.0450866,-0.010457,-0.0518349,-0.0831054,-0.104752,-0.124628,-0.136603,-0.157287,-0.162751,-0.172635,-0.191184,-0.18212,-0.189997,-0.22101,0.480639
83407,83557,83482,1.54285,1.07353,0.746872,0.524806,0.350158,0.233445,0.138392,0.0711287,0.0186064,-0.0211587,-0.0547039,-0.0816086,-0.100977,-0.116561,-0.130337,-0.149344,-0.155475,-0.175216,-0.172539,-0.17624,-0.217023,0.469833
83558,83708,83633,1.57974,1.10756,0.770694,0.534193,0.363723,0.235913,0.137552,0.0727778,0.0163365,-0.0340042,-0.0627886,-0.094393,-0.11624,-0.127614,-0.144455,-0.156972,-0.157803,-0.182713,-0.181846,-0.189317,-0.224596,0.478486
83708,83858,83783,1.54293,1.06514,0.735279,0.5004,0.328623,0.213161,0.118524,0.0499588,9.52779e-05,-0.0380817,-0.0681372,-0.0957034,-0.10867,-0.130259,-0.141537,-0.154609,-0.159239,-0.179741,-0.198825,-0.177521,-0.212787,0.444806
83859,84009,83934,1.72155,1.15921,0.782892,0.523127,0.345774,0.206509,0.114406,0.0407897,-0.0109053,-0.0571737,-0.0868119,-0.111812,-0.130585,-0.147689,-0.165275,-0.167239,-0.183066,-0.190253,-0.197327,-0.197678,-0.229866,0.468664
84009,84159,84084,1.57052,1.05701,0.715921,0.470356,0.303882,0.180095,0.0959565,0.035376,-0.0156446,-0.0512618,-0.0789288,-0.102665,-0.12492,-0.133694,-0.147494,-0.157334,-0.170667,-0.185407,-0.182642,-0.167304,-0.212569,0.4219
84160,84310,84235,1.38351,0.94165,0.646149,0.441169,0.29062,0.18519,0.103636,0.0398845,-0.0102283,-0.0451224,-0.0779601,-0.0906001,-0.106416,-0.12009,-0.131309,-0.144631,-0.153269,-0.17178,-0.161725,-0.261599,-0.201392,0.390513
84310,84460,84385,1.31211,0.908412,0.613394,0.416158,0.272244,0.16969,0.0913061,0.033586,-0.0108401,-0.0455332,-0.0695055,-0.0855353,-0.10812,-0.122925,-0.132925,-0.13952,-0.146435,-0.160024,-0.155544,-0.174524,-0.194509,0.373055
84461,84611,84536,1.35297,0.924598,0.625033,0.415801,0.279911,0.162188,0.0903012,0.0265493,-0.0159089,-0.0480484,-0.0790082,-0.0966499,-0.107726,-0.128202,-0.133776,-0.148677,-0.147836,-0.168912,-0.163005,-0.179119,-0.197825,0.374146
84611,84761,84686,1.21827,0.856491,0.594045,0.410883,0.276649,0.17401,0.105829,0.0475686,0.00596862,-0.0281589,-0.0527769,-0.0756416,-0.0951674,-0.108974,-0.117494,-0.133736,-0.13606,-0.158367,-0.145103,-0.144075,-0.18755,0.364249
84762,84912,84837,1.42681,0.965663,0.662883,0.440331,0.296464,0.178287,0.100583,0.0357381,-0.00598605,-0.0418048,-0.0758425,-0.0927066,-0.106559,-0.121481,-0.132406,-0.145063,-0.154951,-0.159327,-0.158631,-0.194257,-0.193772,0.394661
84912,85065,84988,1.39527,0.94142,0.641201,0.432403,0.289734,0.179739,0.100059,0.0434,-0.00525861,-0.0336043,-0.0636743,-0.0780828,-0.0966164,-0.108506,-0.11355,-0.127557,-0.134555,-0.149454,-0.149186,-0.16143,-0.175351,0.386858
85066,85216,85141,1.51037,1.05297,0.740446,0.521219,0.355553,0.242818,0.149776,0.0804018,0.0363245,-0.00971026,-0.0428293,-0.0728677,-0.0839313,-0.101791,-0.118669,-0.131921,-0.132537,-0.153393,-0.154494,-0.147211,-0.195656,0.469148
85216,85366,85291,1.7776,1.22789,0.856352,0.595644,0.408828,0.268191,0.162519,0.0872609,0.031221,-0.0130405,-0.0537904,-0.0799969,-0.104017,-0.113033,-0.129348,-0.140425,-0.157591,-0.169369,-0.166957,-0.178689,-0.211615,0.533813
85367,85517,85442,2.02834,1.39797,0.974921,0.676576,0.46044,0.303877,0.178681,0.094518,0.0272309,-0.0259451,-0.0647922,-0.0881429,-0.121271,-0.140882,-0.152623,-0.168809,-0.178375,-0.200041,-0.18841,-0.19511,-0.241491,0.606467
85517,85667,85592,1.82632,1.27197,0.888465,0.615551,0.422732,0.287022,0.177214,0.0955453,0.0350552,-0.0147871,-0.0511519,-0.0809627,-0.102811,-0.126929,-0.137758,-0.150805,-0.155816,-0.178704,-0.178255,-0.291177,-0.22732,0.559191
85668,85818,85743,1.91579,1.3305,0.925702,0.633968,0.43599,0.282079,0.168582,0.0855211,0.0275305,-0.0290929,-0.0585232,-0.0958758,-0.120168,-0.140075,-0.155341,-0.16172,-0.172163,-0.197457,-0.191444,-0.180508,-0.241207,0.573994
85818,85969,85894,1.93422,1.31612,0.898906,0.604813,0.397889,0.258084,0.143283,0.0689509,0.00418234,-0.0469584,-0.0844495,-0.106983,-0.124201,-0.142161,-0.166985,-0.177982,-0.196409,-0.204562,-0.194681,-0.221915,-0.238588,0.543817
85969,86119,86044,1.88261,1.29793,0.889746,0.609959,0.39893,0.251317,0.146615,0.0693838,0.00138072,-0.042266,-0.075744,-0.105382,-0.135625,-0.153425,-0.161284,-0.179595,-0.193916,-0.213592,-0.206693,-0.204656,-0.249119,0.543158
86120,86270,86195,1.73906,1.20891,0.847451,0.586994,0.39217,0.256076,0.147415,0.0736173,0.00620232,-0.0413649,-0.0794344,-0.0981655,-0.123376,-0.142492,-0.157706,-0.167957,-0.177228,-0.202736,-0.204098,-0.222317,-0.249414,0.522206
86270,86420,86345,1.91129,1.31575,0.898177,0.611905,0.403821,0.256936,0.137075,0.0563345,-0.0060714,-0.0579008,-0.0930607,-0.115711,-0.143791,-0.158483,-0.177918,-0.189525,-0.201777,-0.215645,-0.213365,-0.330915,-0.259423,0.543163
86421,86571,86496,1.81524,1.23394,0.836824,0.555351,0.363536,0.219579,0.115536,0.0404494,-0.0174342,-0.0588304,-0.0916443,-0.123323,-0.146762,-0.160996,-0.170404,-0.185308,-0.191255,-0.217477,-0.209929,-0.216143,-0.249902,0.498623
86571,86721,86646,1.84625,1.25503,0.839759,0.557966,0.365619,0.214144,0.110114,0.0354543,-0.0252993,-0.0740602,-0.111407,-0.13053,-0.153465,-0.172564,-0.184601,-0.198533,-0.206681,-0.220626,-0.245469,-0.33548,-0.261694,0.498869
86722,86872,86797,1.56327,1.08283,0.745143,0.507526,0.32515,0.201218,0.113522,0.0381538,-0.0162228,-0.0548977,-0.0972735,-0.114893,-0.144172,-0.159216,-0.16673,-0.174892,-0.185979,-0.209197,-0.206638,-0.215702,-0.249384,0.448872
86872,87022,86947,1.77029,1.23001,0.841434,0.575145,0.381222,0.229912,0.124449,0.0442101,-0.0187364,-0.0779335,-0.11391,-0.139558,-0.166408,-0.183343,-0.200612,-0.221028,-0.234477,-0.251545,-0.251665,-0.256468,-0.303291,0.514641
87023,87173,87098,2.06403,1.40655,0.946457,0.633326,0.400363,0.239264,0.113533,0.018478,-0.0576753,-0.10816,-0.154454,-0.1913,-0.217397,-0.237572,-0.253309,-0.266479,-0.275056,-0.308953,-0.30405,-0.45778,-0.351791,0.563418
