Data/Raw/WEBER,RODNEY/FIREXAQ-SAGA-MC-BrC_DC8_20190823_R0.ict
56, 1001
Weber, Rodney
Georgia Institute of Technology
Water soluble brown carbon measured with mist chamber-LWCC
FIREXAQ
1, 1
2019, 08, 23, 2020, 03, 06
0
Time_Start, seconds_past_midnight, Time_Start, seconds_past_midnight
24
1, 1, 1, 1, 1, 1, 1, 1, 1, 1, 1, 1, 1, 1, 1, 1, 1, 1, 1, 1, 1, 1, 1, 1
-9999, -9999, -9999, -9999, -9999, -9999, -9999, -9999, -9999, -9999, -9999, -9999, -9999, -9999, -9999, -9999, -9999, -9999, -9999, -9999, -9999, -9999, -9999, -9999
Time_Stop, seconds_past_midnight, Time_Stop, seconds_past_midnight
Time_Mid, seconds_past_midnight, Time_Mid, seconds_past_midnight
WSAbs300, Mm-1, AerOpt_AbsorptionBrC_InSitu_UVtoRed_None_Bulk_STP, Water Soluble Brown Carbon absorption at 300 nm
WSAbs320, Mm-1, AerOpt_AbsorptionBrC_InSitu_UVtoRed_None_Bulk_STP, Water Soluble Brown Carbon absorption at 320 nm
WSAbs340, Mm-1, AerOpt_AbsorptionBrC_InSitu_UVtoRed_None_Bulk_STP, Water Soluble Brown Carbon absorption at 340 nm
WSAbs360, Mm-1, AerOpt_AbsorptionBrC_InSitu_UVtoRed_None_Bulk_STP, Water Soluble Brown Carbon absorption at 360 nm
WSAbs380, Mm-1, AerOpt_AbsorptionBrC_InSitu_UVtoRed_None_Bulk_STP, Water Soluble Brown Carbon absorption at 380 nm
WSAbs400, Mm-1, AerOpt_AbsorptionBrC_InSitu_UVtoRed_None_Bulk_STP, Water Soluble Brown Carbon absorption at 400 nm
WSAbs420, Mm-1, AerOpt_AbsorptionBrC_InSitu_UVtoRed_None_Bulk_STP, Water Soluble Brown Carbon absorption at 420 nm
WSAbs440, Mm-1, AerOpt_AbsorptionBrC_InSitu_UVtoRed_None_Bulk_STP, Water Soluble Brown Carbon absorption at 440 nm
WSAbs460, Mm-1, AerOpt_AbsorptionBrC_InSitu_UVtoRed_None_Bulk_STP, Water Soluble Brown Carbon absorption at 460 nm
WSAbs480, Mm-1, AerOpt_AbsorptionBrC_InSitu_UVtoRed_None_Bulk_STP, Water Soluble Brown Carbon absorption at 480 nm
WSAbs500, Mm-1, AerOpt_AbsorptionBrC_InSitu_UVtoRed_None_Bulk_STP, Water Soluble Brown Carbon absorption at 500 nm
WSAbs520, Mm-1, AerOpt_AbsorptionBrC_InSitu_UVtoRed_None_Bulk_STP, Water Soluble Brown Carbon absorption at 520 nm
WSAbs540, Mm-1, AerOpt_AbsorptionBrC_InSitu_UVtoRed_None_Bulk_STP, Water Soluble Brown Carbon absorption at 540 nm
WSAbs560, Mm-1, AerOpt_AbsorptionBrC_InSitu_UVtoRed_None_Bulk_STP, Water Soluble Brown Carbon absorption at 560 nm
WSAbs580, Mm-1, AerOpt_AbsorptionBrC_InSitu_UVtoRed_None_Bulk_STP, Water Soluble Brown Carbon absorption at 580 nm
WSAbs600, Mm-1, AerOpt_AbsorptionBrC_InSitu_UVtoRed_None_Bulk_STP, Water Soluble Brown Carbon absorption at 600 nm
WSAbs620, Mm-1, AerOpt_AbsorptionBrC_InSitu_UVtoRed_None_Bulk_STP, Water Soluble Brown Carbon absorption at 620 nm
WSAbs640, Mm-1, AerOpt_AbsorptionBrC_InSitu_UVtoRed_None_Bulk_STP, Water Soluble Brown Carbon absorption at 640 nm
WSAbs660, Mm-1, AerOpt_AbsorptionBrC_InSitu_UVtoRed_None_Bulk_STP, Water Soluble Brown Carbon absorption at 660 nm
WSAbs680, Mm-1, AerOpt_AbsorptionBrC_InSitu_UVtoRed_None_Bulk_STP, Water Soluble Brown Carbon absorption at 680 nm
WSAbs700, Mm-1, AerOpt_AbsorptionBrC_InSitu_UVtoRed_None_Bulk_STP, Water Soluble Brown Carbon absorption at 700 nm
WSAbs365, Mm-1, AerOpt_AbsorptionBrC_InSitu_UVtoRed_None_Bulk_STP, Water Soluble Brown Carbon absorption at 365 nm
0
18
PI_CONTACT_INFO: rweber@eas.gatech.edu
PLATFORM: NASA DC-8 aircraft
LOCATION: Aircraft location is given by the navigational file
ASSOCIATED_DATA: N/A
[...]
DATA_INFO: Samples collected by mist chamber were injected through 0.22 pore size syringe filter and then a 2.5 m path length LWCC, and light absorption was measured by Ocean Optics USB4000 spectrometer. Absorption from 300 to 700 nm were recorded. Absorption of pure solvent was subtracted from the sample. Raw absorption data were processed by the equation Abs=Raw*(Volume of liquid in the mist chamber)/(Volume of air collected at STP)/(Optical Path Length, 2.5m here)*ln(10). Data reported here were averaged over 20 nm wavelength intervals. i.e. absorption at 400 nm were average by absorption data between 390 nm to 410 nm. All data have been blank corrected by averaging all blank filter in this mission (2-3 blank filters per flight). Data are reported under STP, which is T=273K & p=1013 mb. When using the data, the absorption had better to corrected by higher wavelength, ie Abs700 for baseline drift. UNCERTAINTY: Data may have smearing issues. If we do not account for smearing or blank, the uncertainty is ~5%
UNCERTAINTY: Data may have smearing issues. If we do not account for smearing or blank, the uncertainty is ~5%
ULOD_FLAG: -7777
ULOD_VALUE: N/A
LLOD_FLAG: -8888
LLOD_VALUE: N/A
DM_CONTACT_INFO: lhzeng@gatech.edu
PROJECT_INFO: FIREX-AQ, 2019
STIPULATIONS_ON_USE: Use of these data require prior ok from PI.
OTHER_COMMENTS: N/A
REVISION: R0
RA: Preliminary Data.  For in-field use only.
Time_Start, Time_Stop, Time_Mid, WSAbs300, WSAbs320, WSAbs340, WSAbs360, WSAbs380, WSAbs400, WSAbs420, WSAbs440, WSAbs460, WSAbs480, WSAbs500, WSAbs520, WSAbs540, WSAbs560, WSAbs580, WSAbs600, WSAbs620, WSAbs640, WSAbs660, WSAbs680, WSAbs700, WSAbs365
[from data line 78]
73196,73346,73271,22.201,12.281,8.81919,6.75678,5.536,4.59655,3.91843,3.30522,2.83856,2.50733,2.33368,2.31284,1.9499,1.77389,1.72033,1.39916,1.41433,1.11653,1.17069,1.0554,0.670734,6.52676
73347,73497,73422,10.3926,7.13423,5.47388,3.94628,2.94197,2.40546,1.96229,1.57395,1.39805,1.18066,1.10448,1.01017,0.903661,0.780189,0.743774,0.721053,0.670773,0.561453,0.61438,0.519566,0.449962,3.57373
73497,73647,73572,21.5204,14.4178,11.8747,9.3749,7.67955,6.21558,5.07849,4.22727,3.63924,3.32909,3.31718,2.62639,2.3789,2.25639,2.13614,1.69598,1.71626,1.33637,1.4002,1.24295,0.808868,8.75987
73648,73798,73723,19.021,11.3164,7.22433,5.22061,4.10459,3.15944,2.46698,2.11633,1.71616,1.4756,1.42943,1.24722,1.1631,1.00725,0.952024,0.909405,0.836454,0.747341,0.786683,0.67419,0.634807,4.88973
73799,73949,73874,19.667,13.0352,10.7598,7.41209,5.76698,4.1676,3.30369,2.6602,2.2708,1.95995,1.71198,1.53962,1.44738,1.31415,1.17256,1.15159,1.04657,0.927389,0.931825,0.840499,0.737594,6.8079
73949,74099,74024,13.5982,6.45079,5.11573,3.34458,2.75913,2.12502,1.76556,1.4535,1.22229,1.08673,1.00871,0.872016,0.83054,0.767021,0.759899,0.677056,0.6626,0.592563,0.620471,0.538589,0.511969,3.22871
74100,74250,74175,15.6758,8.35773,5.76166,4.41188,3.36216,2.795,2.25628,1.85695,1.60221,1.41938,1.38099,1.17836,1.05322,0.993664,0.979148,0.889559,0.864785,0.787442,0.796314,0.724967,0.650997,4.04125
74250,74400,74325,12.4239,5.878,4.27052,3.25832,2.43636,1.96079,1.67677,1.36224,1.24322,1.06394,0.991615,0.884417,0.856838,0.777191,0.77324,0.714115,0.692361,0.616944,0.648822,0.583713,0.551076,3.03516
74401,74551,74476,5.7635,3.81451,3.40632,2.42982,2.04496,1.62641,1.38498,1.2249,1.09167,1.01107,0.987836,0.903522,0.875867,0.78439,0.780905,0.716428,0.742334,0.667092,0.690657,0.606934,0.579316,2.29944
74551,74701,74626,3.48254,2.90021,2.15785,1.76375,1.50931,1.32471,1.14869,1.04788,0.951009,0.867912,0.865903,0.771333,0.762116,0.732902,0.686141,0.687169,0.641598,0.609845,0.605055,0.520596,0.531574,1.6772
74702,74852,74777,2.55382,2.00269,1.36763,1.03023,0.840577,0.704783,0.602602,0.553039,0.493576,0.454961,0.427614,0.394131,0.384408,0.358972,0.35943,0.350658,0.353059,0.323773,0.335533,0.271799,0.296194,0.97834
74852,75002,74927,9.2534,9.46379,6.74949,5.3008,4.26536,3.61814,2.96941,2.50786,2.21582,1.99685,2.04489,1.59296,1.64135,1.45907,1.31181,1.21479,1.1341,0.928822,0.926374,0.860498,0.544852,4.89443
75003,75153,75078,2.69013,1.98713,1.4464,1.16724,0.98522,0.841694,0.73322,0.695888,0.638618,0.594041,0.585509,0.5458,0.528486,0.506987,0.487522,0.492222,0.478675,0.458923,0.457488,0.397955,0.427819,1.07927
75153,75303,75228,3.8767,2.40435,2.00806,1.48283,1.27001,1.07057,0.948216,0.864962,0.784311,0.736671,0.683982,0.669352,0.638465,0.611849,0.603466,0.578887,0.572259,0.536559,0.544407,0.46092,0.484657,1.43335
75304,75454,75379,1.31387,0.809363,0.741702,0.606442,0.541389,0.497149,0.451171,0.436109,0.408887,0.396037,0.398658,0.374432,0.369619,0.37734,0.371934,0.369523,0.355346,0.360422,0.361825,0.29213,0.337183,0.575195
75454,75604,75529,1.02604,0.811531,0.744673,0.672522,0.642156,0.60558,0.576667,0.566374,0.534498,0.531378,0.525872,0.516147,0.509851,0.505444,0.503116,0.49954,0.502833,0.493745,0.487537,0.43727,0.463504,0.659206
75605,75755,75680,1.12184,0.71793,0.572356,0.516253,0.452288,0.419232,0.388751,0.370019,0.35649,0.346276,0.352514,0.348635,0.331498,0.32382,0.336621,0.331679,0.328936,0.32846,0.312932,0.259813,0.304038,0.480576
75756,75906,75831,2.40742,2.05024,1.53499,1.3056,1.03591,0.933636,0.778033,0.711963,0.620995,0.558297,0.56012,0.490501,0.444198,0.429736,0.430769,0.408658,0.398196,0.359204,0.35157,0.304291,0.282769,1.21187
75906,76056,75981,0.490589,0.371978,0.350024,0.312017,0.293046,0.279028,0.278133,0.272914,0.253903,0.24557,0.250045,0.246565,0.2544,0.240144,0.238098,0.235107,0.246482,0.226391,0.241974,0.183657,0.219866,0.296342
76057,76207,76132,3.48575,2.42258,2.05021,1.39871,1.16018,0.981293,0.853423,0.716995,0.651068,0.591477,0.592641,0.54241,0.500487,0.472007,0.44074,0.425181,0.420417,0.392212,0.402314,0.318488,0.339903,1.34931
76207,76360,76284,0.0114799,0.15328,0.193177,0.23857,0.248393,0.264665,0.289339,0.283576,0.299068,0.292421,0.302029,0.293414,0.308266,0.312921,0.302825,0.300038,0.301159,0.306587,0.316914,0.266459,0.300439,0.234718
76361,76511,76436,0.197077,0.270424,0.306988,0.327428,0.329317,0.335194,0.351223,0.344163,0.354495,0.353136,0.358064,0.359185,0.350286,0.360363,0.362432,0.365366,0.363576,0.36648,0.370075,0.33089,0.355798,0.316265
76511,76661,76586,-0.871,-0.235001,-0.101067,0.0631913,0.128416,0.196324,0.244051,0.25489,0.294957,0.299548,0.311205,0.31356,0.316363,0.329648,0.346573,0.350781,0.341904,0.348432,0.349038,0.298491,0.356054,0.0692328
76662,76812,76737,0.124375,0.133247,0.12754,0.139568,0.14204,0.149235,0.141681,0.150694,0.151912,0.145143,0.14711,0.143732,0.144305,0.147273,0.159306,0.151418,0.140803,0.141376,0.140106,0.115646,0.140275,0.130256
76812,76962,76887,1.75062,0.943181,0.751843,0.58543,0.475909,0.396404,0.333296,0.292017,0.276736,0.259035,0.251999,0.229301,0.221116,0.21585,0.198683,0.201666,0.198381,0.1786,0.197552,0.146772,0.167299,0.531422
76963,77113,77038,0.274455,0.169455,0.145249,0.122245,0.10495,0.0970724,0.0860497,0.0905782,0.0911949,0.0768748,0.0740955,0.0778401,0.0721606,0.0731539,0.0773354,0.0767458,0.0687098,0.0786888,0.0660925,0.039797,0.0604121,0.110756
77114,77264,77189,1.4037,0.825358,0.694992,0.527291,0.433581,0.342183,0.300192,0.254487,0.215456,0.189578,0.191501,0.184239,0.159466,0.156653,0.147879,0.138824,0.128168,0.121443,0.10773,0.066069,0.0808913,0.485348
77264,77414,77339,3.01741,2.16645,1.64157,1.16343,0.938804,0.830053,0.684615,0.564577,0.496061,0.412144,0.380985,0.347893,0.301923,0.286913,0.270186,0.266961,0.231734,0.185414,0.193185,0.144101,0.10899,1.13944
77415,77565,77490,0.598552,0.396906,0.316747,0.239515,0.207015,0.171738,0.155301,0.140454,0.131116,0.123652,0.125576,0.125002,0.105708,0.100088,0.100375,0.102539,0.0876619,0.0845822,0.0909273,0.0704925,0.077852,0.214093
77565,77715,77640,1.6028,0.853436,0.692148,0.485502,0.38414,0.310932,0.245499,0.204756,0.180366,0.163499,0.145838,0.147508,0.125943,0.126516,0.113461,0.101517,0.113341,0.105593,0.103471,0.0538556,0.0762992,0.457795
77716,77866,77791,2.3839,1.87514,1.30555,1.04517,0.815643,0.638166,0.560912,0.440276,0.380235,0.309392,0.321451,0.290133,0.195705,0.210101,0.17055,0.136565,0.14759,0.0809157,0.118345,0.0470154,0,0.974286
77866,78016,77941,1.27498,0.645991,0.528801,0.338268,0.269282,0.217854,0.19849,0.149249,0.125919,0.101688,0.103576,0.0825314,0.0537118,0.0676383,0.0439578,0.0534228,0.0324116,0.0272133,0.0295248,-5.12885e-06,-0.00903,0.325069
78017,78167,78092,3.49574,2.14363,1.66669,1.15715,0.918582,0.732074,0.581204,0.5183,0.443413,0.379922,0.359589,0.319942,0.284246,0.264802,0.238652,0.221951,0.211348,0.202061,0.191418,0.157528,0.136577,1.04994
78168,78318,78243,1.249,0.630623,0.444491,0.29038,0.20843,0.165756,0.122492,0.0971145,0.075763,0.0506437,0.0351615,0.0426787,0.0227307,0.00524579,-0.00178583,-0.00293764,-0.00209718,-0.0171644,-0.00333842,-0.0415837,-0.03511,0.272104
78318,78468,78393,3.24076,1.9825,1.21314,1.02544,0.782487,0.634189,0.507737,0.423228,0.330383,0.275821,0.268982,0.23661,0.196946,0.152745,0.133798,0.109193,0.114141,0.0904575,0.0820222,0.0491195,0.0173322,0.918609
78469,78619,78544,18.7916,12.6309,11.7991,8.26319,6.71476,5.77819,4.91139,4.00726,3.36186,3.00173,2.9715,2.28265,2.35105,2.08084,1.8002,1.53188,1.43433,1.18221,1.29676,1.0428,0.487461,7.95891
78619,78769,78694,5.64538,3.36467,2.34,1.82029,1.47287,1.29372,1.00271,0.918847,0.759746,0.671863,0.643402,0.525031,0.505613,0.453099,0.403433,0.367373,0.337738,0.288916,0.292167,0.236572,0.121867,1.72355
78770,78920,78845,13.4322,6.34598,4.47884,3.28417,2.60905,1.88031,1.56429,1.28799,1.0765,0.890802,0.763259,0.755763,0.609951,0.585443,0.525593,0.468145,0.427993,0.365176,0.376102,0.322488,0.253101,3.05409
78920,79070,78995,2.98871,1.7145,1.35176,1.05244,0.845998,0.688145,0.533867,0.433911,0.387505,0.34896,0.316277,0.286919,0.264541,0.209012,0.211734,0.174788,0.183777,0.152253,0.145628,0.120845,0.0926711,0.951985
79071,79221,79146,7.01496,4.91998,3.2299,2.52084,1.96015,1.49493,1.26226,1.09427,0.893392,0.791282,0.69468,0.626329,0.5463,0.512939,0.481407,0.406175,0.416732,0.326635,0.336786,0.264571,0.201771,2.28675
79222,79372,79297,15.6218,11.4662,7.38897,5.87722,4.49479,3.75374,2.89635,2.37023,1.97655,1.72161,1.42459,1.20597,1.2643,0.998194,0.946289,0.840535,0.712473,0.534232,0.602164,0.50714,0.303035,5.59817
79372,79522,79447,7.90757,3.78058,3.0387,2.22891,1.81355,1.44636,1.14111,0.932075,0.750606,0.664647,0.566241,0.553232,0.492155,0.454567,0.40435,0.365934,0.334456,0.275519,0.297652,0.246097,0.189168,2.12197
79523,79673,79598,13.286,11.2127,6.87707,5.13729,3.72543,2.78129,2.24065,1.73253,1.47471,1.19116,1.06321,0.957333,0.806213,0.789405,0.619371,0.618577,0.553013,0.47207,0.489221,0.406037,0.320304,4.58036
79673,79823,79748,8.23626,5.39453,4.73197,3.38301,2.6739,2.21875,1.9143,1.6403,1.38778,1.22883,1.13127,1.05075,0.958084,0.832478,0.72265,0.670539,0.649257,0.502462,0.574176,0.465644,0.291912,3.16238
79824,79974,79899,6.93669,3.76497,2.98615,2.24376,1.96753,1.57746,1.38441,1.12937,1.0116,0.904044,0.907769,0.815242,0.64255,0.586961,0.624518,0.515762,0.512584,0.375343,0.443379,0.350061,0.23202,2.20418
79975,80125,80050,6.49897,5.16622,4.50849,3.29596,2.45134,2.06409,1.6287,1.39265,1.24732,1.06454,0.90823,0.811228,0.729926,0.754177,0.660374,0.606309,0.517203,0.462379,0.489669,0.390346,0.298319,2.99172
80126,80276,80201,3.87628,2.87673,2.45579,1.76279,1.39478,1.17169,0.985532,0.833231,0.7067,0.622485,0.607124,0.560849,0.46226,0.459133,0.42162,0.36995,0.346862,0.299395,0.334248,0.260621,0.209286,1.60731
80276,80426,80351,6.794,5.57627,3.94612,2.83369,2.18482,1.75875,1.38555,1.1437,0.921556,0.807543,0.75504,0.609819,0.499747,0.466372,0.412435,0.36525,0.348303,0.261241,0.287498,0.220338,0.135703,2.62925
80427,80577,80502,3.66708,3.04839,2.17102,1.65672,1.36732,1.16437,0.938684,0.796684,0.732296,0.610598,0.599569,0.482991,0.49849,0.407391,0.410725,0.383044,0.356532,0.286887,0.305221,0.241455,0.192276,1.61345
80577,80727,80652,9.35113,5.30515,3.83209,2.993,2.2819,1.8497,1.584,1.27055,1.05976,0.940766,0.798649,0.780457,0.694785,0.623076,0.53379,0.493864,0.446185,0.352157,0.394503,0.31948,0.249574,2.84997
80728,80878,80803,7.35485,4.30484,2.57371,1.98932,1.46847,1.14737,0.949446,0.744794,0.636309,0.530651,0.514566,0.457264,0.387186,0.337515,0.296313,0.301492,0.281554,0.239097,0.240785,0.208369,0.186329,1.79848
80878,81028,80953,10.8443,6.80484,4.72241,3.41718,2.63161,2.12928,1.74739,1.47531,1.26284,1.12456,1.11865,0.865493,0.811507,0.767723,0.694674,0.577702,0.56884,0.42504,0.454596,0.370357,0.252801,3.23586
81029,81179,81104,5.08436,3.71841,2.36238,1.82475,1.48064,1.20019,0.925444,0.773271,0.689305,0.608051,0.536961,0.525821,0.459744,0.392259,0.355962,0.358773,0.332243,0.27845,0.294135,0.243271,0.193569,1.71792
81180,81330,81255,11.0107,5.21685,3.95279,2.58282,2.14916,1.58153,1.34272,1.05421,0.916863,0.797874,0.773915,0.684041,0.608296,0.550317,0.503976,0.451709,0.407567,0.347367,0.359502,0.323508,0.262351,2.52195
81330,81480,81405,2.68542,2.21297,1.82545,1.3727,1.14998,0.976288,0.797502,0.751001,0.650256,0.573273,0.609951,0.512015,0.510849,0.432833,0.39848,0.398022,0.379404,0.358048,0.34192,0.285541,0.240207,1.25442
81481,81631,81556,10.2021,5.78013,4.30457,3.34078,2.57598,2.22229,1.93008,1.5618,1.38969,1.26414,1.08047,1.13496,0.999315,0.935291,0.87141,0.798102,0.750853,0.625351,0.687121,0.583732,0.441394,3.06328
81631,81781,81706,0.870975,0.703159,0.627381,0.463721,0.407562,0.348899,0.31202,0.277595,0.248343,0.211816,0.229632,0.203834,0.18515,0.174487,0.168686,0.16781,0.160113,0.130229,0.151111,0.0993331,0.100707,0.448604
81782,81932,81857,24.5027,13.2729,9.46006,6.55238,4.82543,4.11467,3.33627,2.73501,2.23495,1.98455,1.90599,1.68428,1.50101,1.42617,1.30495,1.15109,1.07529,0.971295,1.00677,0.862338,0.733631,6.01764
81932,82082,82007,2.03937,1.71075,1.36255,1.08537,0.871278,0.758989,0.67122,0.570217,0.514431,0.470309,0.468274,0.409451,0.397587,0.356132,0.352817,0.328256,0.318873,0.291483,0.303118,0.228802,0.23152,1.0322
82083,82233,82158,4.65206,2.83265,2.24844,1.6497,1.42771,1.18153,1.05034,0.919588,0.814188,0.712907,0.729543,0.620069,0.566911,0.543487,0.5036,0.492446,0.457495,0.420014,0.449796,0.363503,0.310303,1.57291
82233,82383,82308,1.29411,1.00381,0.75815,0.581451,0.489173,0.439037,0.376818,0.351725,0.319787,0.277256,0.286888,0.272196,0.24608,0.237163,0.23041,0.228201,0.232581,0.216343,0.20989,0.163723,0.18494,0.544542
82384,82534,82459,3.2806,1.76549,1.41124,1.00635,0.795336,0.63615,0.574079,0.486782,0.426188,0.37955,0.388279,0.326367,0.316929,0.302745,0.305379,0.271354,0.273038,0.252685,0.270864,0.217374,0.221734,0.927251
82534,82684,82609,0.559365,0.353774,0.261592,0.230961,0.209006,0.194536,0.173922,0.160148,0.142634,0.147437,0.129872,0.133158,0.133947,0.12905,0.125389,0.125797,0.109593,0.10908,0.117354,0.065713,0.0873951,0.213633
82685,82835,82760,1.05357,0.582406,0.458667,0.383939,0.323298,0.289305,0.252942,0.22753,0.209958,0.177944,0.174249,0.172833,0.154031,0.153273,0.157103,0.150054,0.147773,0.120519,0.141955,0.108267,0.103175,0.350794
82835,82985,82910,1.41393,1.0389,0.976935,0.722778,0.626874,0.510665,0.459287,0.417813,0.361703,0.341115,0.351298,0.309011,0.294446,0.277374,0.27029,0.256149,0.250819,0.224741,0.242278,0.195132,0.183513,0.683074
82986,83136,83061,0.189639,0.185757,0.196274,0.197864,0.180779,0.181023,0.191713,0.192193,0.181446,0.184398,0.181395,0.186611,0.187271,0.183261,0.187,0.197088,0.188813,0.183775,0.182313,0.153262,0.180499,0.180499
83136,83286,83211,0.738923,0.56477,0.467412,0.404274,0.356129,0.329866,0.30316,0.292769,0.281808,0.275272,0.264353,0.252878,0.252119,0.255287,0.241305,0.248597,0.25094,0.25161,0.243847,0.222105,0.230179,0.380296
83287,83437,83362,0.726401,0.563064,0.469213,0.400077,0.314633,0.285139,0.24031,0.21443,0.191915,0.184022,0.176037,0.161374,0.141147,0.147453,0.150419,0.141631,0.139394,0.125734,0.121169,0.078027,0.094961,0.358741
83437,83587,83512,0.948057,0.548094,0.494047,0.363741,0.306059,0.254448,0.24303,0.198165,0.200306,0.173683,0.172184,0.168515,0.165572,0.146104,0.14075,0.135934,0.135328,0.134341,0.137672,0.0898938,0.116327,0.339288
83588,83738,83663,-0.136373,0.0408496,0.068471,0.104938,0.13215,0.143234,0.159939,0.178192,0.17154,0.173778,0.175049,0.189898,0.194786,0.199892,0.185866,0.182953,0.19216,0.197733,0.191099,0.157118,0.18907,0.109461
83739,83889,83814,1.7043,0.785747,0.619588,0.468438,0.360168,0.286932,0.244371,0.211264,0.179232,0.179768,0.150472,0.144032,0.14444,0.137504,0.121597,0.117488,0.129951,0.109882,0.125035,0.0693449,0.0960304,0.41293
83889,84039,83964,-0.0987158,-0.0465496,-0.0353087,-0.0155512,-0.0150787,-0.0121769,-0.00313145,0.00116879,-0.00159997,0.00887736,0.0052718,0.00933646,-0.000997931,0.00593406,0.000452927,0.00391088,0.00485434,0.0174751,0.0086125,-0.0131046,0,-0.0288273
84040,84190,84115,0.512984,0.359737,0.307849,0.231834,0.203245,0.176956,0.172021,0.148717,0.14281,0.131208,0.133073,0.120549,0.121334,0.112018,0.107001,0.11344,0.114655,0.0950862,0.114751,0.0651553,0.0854112,0.218273
84190,84340,84265,-0.482522,-0.225782,-0.160266,-0.123975,-0.0785235,-0.0600122,-0.0461566,-0.0322097,-0.0161507,0.00169718,0.00521887,0.00822197,-0.000443856,0.0128477,0.0173584,0.0120478,0.0292045,0.0308824,0.0235879,-0.00485386,0.0288978,-0.115591
84341,84491,84416,-0.155427,-0.0871131,-0.0272545,-0.0159009,0.0100903,0.0249033,0.0248344,0.0438494,0.0482742,0.0503743,0.0432057,0.0547023,0.0590021,0.0570898,0.0571674,0.0667534,0.0554108,0.0727193,0.0666937,0.0255141,0.0583387,-0.0194462
