Data/Raw/WEBER,RODNEY/FIREXAQ-SAGA-MC-BrC_DC8_20190830_R0.ict
56, 1001
Weber, Rodney
Georgia Institute of Technology
Water soluble brown carbon measured with mist chamber-LWCC
FIREXAQ
1, 1
2019, 08, 30, 2020, 03, 06
0
Time_Start, seconds_past_midnight, Time_Start, seconds_past_midnight
24
1, 1, 1, 1, 1, 1, 1, 1, 1, 1, 1, 1, 1, 1, 1, 1, 1, 1, 1, 1, 1, 1, 1, 1
-9999, -9999, -9999, -9999, -9999, -9999, -9999, -9999, -9999, -9999, -9999, -9999, -9999, -9999, -9999, -9999, -9999, -9999, -9999, -9999, -9999, -9999, -9999, -9999
Time_Stop, seconds_past_midnight, Time_Stop, seconds_past_midnight
Time_Mid, seconds_past_midnight, Time_Mid, seconds_past_midnight
WSAbs300, Mm-1, AerOpt_AbsorptionBrC_InSitu_UVtoRed_None_Bulk_STP, Water Soluble Brown Carbon absorption at 300 nm
WSAbs320, Mm-1, AerOpt_AbsorptionBrC_InSitu_UVtoRed_None_Bulk_STP, Water Soluble Brown Carbon absorption at 320 nm
WSAbs340, Mm-1, AerOpt_AbsorptionBrC_InSitu_UVtoRed_None_Bulk_STP, Water Soluble Brown Carbon absorption at 340 nm
WSAbs360, Mm-1, AerOpt_AbsorptionBrC_InSitu_UVtoRed_None_Bulk_STP, Water Soluble Brown Carbon absorption at 360 nm
WSAbs380, Mm-1, AerOpt_AbsorptionBrC_InSitu_UVtoRed_None_Bulk_STP, Water Soluble Brown Carbon absorption at 380 nm
WSAbs400, Mm-1, AerOpt_AbsorptionBrC_InSitu_UVtoRed_None_Bulk_STP, Water Soluble Brown Carbon absorption at 400 nm
WSAbs420, Mm-1, AerOpt_AbsorptionBrC_InSitu_UVtoRed_None_Bulk_STP, Water Soluble Brown Carbon absorption at 420 nm
WSAbs440, Mm-1, AerOpt_AbsorptionBrC_InSitu_UVtoRed_None_Bulk_STP, Water Soluble Brown Carbon absorption at 440 nm
WSAbs460, Mm-1, AerOpt_AbsorptionBrC_InSitu_UVtoRed_None_Bulk_STP, Water Soluble Brown Carbon absorption at 460 nm
WSAbs480, Mm-1, AerOpt_AbsorptionBrC_InSitu_UVtoRed_None_Bulk_STP, Water Soluble Brown Carbon absorption at 480 nm
WSAbs500, Mm-1, AerOpt_AbsorptionBrC_InSitu_UVtoRed_None_Bulk_STP, Water Soluble Brown Carbon absorption at 500 nm
WSAbs520, Mm-1, AerOpt_AbsorptionBrC_InSitu_UVtoRed_None_Bulk_STP, Water Soluble Brown Carbon absorption at 520 nm
WSAbs540, Mm-1, AerOpt_AbsorptionBrC_InSitu_UVtoRed_None_Bulk_STP, Water Soluble Brown Carbon absorption at 540 nm
WSAbs560, Mm-1, AerOpt_AbsorptionBrC_InSitu_UVtoRed_None_Bulk_STP, Water Soluble Brown Carbon absorption at 560 nm
WSAbs580, Mm-1, AerOpt_AbsorptionBrC_InSitu_UVtoRed_None_Bulk_STP, Water Soluble Brown Carbon absorption at 580 nm
WSAbs600, Mm-1, AerOpt_AbsorptionBrC_InSitu_UVtoRed_None_Bulk_STP, Water Soluble Brown Carbon absorption at 600 nm
WSAbs620, Mm-1, AerOpt_AbsorptionBrC_InSitu_UVtoRed_None_Bulk_STP, Water Soluble Brown Carbon absorption at 620 nm
WSAbs640, Mm-1, AerOpt_AbsorptionBrC_InSitu_UVtoRed_None_Bulk_STP, Water Soluble Brown Carbon absorption at 640 nm
WSAbs660, Mm-1, AerOpt_AbsorptionBrC_InSitu_UVtoRed_None_Bulk_STP, Water Soluble Brown Carbon absorption at 660 nm
WSAbs680, Mm-1, AerOpt_AbsorptionBrC_InSitu_UVtoRed_None_Bulk_STP, Water Soluble Brown Carbon absorption at 680 nm
WSAbs700, Mm-1, AerOpt_AbsorptionBrC_InSitu_UVtoRed_None_Bulk_STP, Water Soluble Brown Carbon absorption at 700 nm
WSAbs365, Mm-1, AerOpt_AbsorptionBrC_InSitu_UVtoRed_None_Bulk_STP, Water Soluble Brown Carbon absorption at 365 nm
0
18
PI_CONTACT_INFO: rweber@eas.gatech.edu
PLATFORM: NASA DC-8 aircraft
LOCATION: Aircraft location is given by the navigational file
ASSOCIATED_DATA: N/A
[...]
DATA_INFO: Samples collected by mist chamber were injected through 0.22 pore size syringe filter and then a 2.5 m path length LWCC, and light absorption was measured by Ocean Optics USB4000 spectrometer. Absorption from 300 to 700 nm were recorded. Absorption of pure solvent was subtracted from the sample. Raw absorption data were processed by the equation Abs=Raw*(Volume of liquid in the mist chamber)/(Volume of air collected at STP)/(Optical Path Length, 2.5m here)*ln(10). Data reported here were averaged over 20 nm wavelength intervals. i.e. absorption at 400 nm were average by absorption data between 390 nm to 410 nm. All data have been blank corrected by averaging all blank filter in this mission (2-3 blank filters per flight). Data are reported under STP, which is T=273K & p=1013 mb. When using the data, the absorption had better to corrected by higher wavelength, ie Abs700 for baseline drift. UNCERTAINTY: Data may have smearing issues. If we do not account for smearing or blank, the uncertainty is ~5%
UNCERTAINTY: Data may have smearing issues. If we do not account for smearing or blank, the uncertainty is ~5%
ULOD_FLAG: -7777
ULOD_VALUE: N/A
LLOD_FLAG: -8888
LLOD_VALUE: N/A
DM_CONTACT_INFO: lhzeng@gatech.edu
PROJECT_INFO: FIREX-AQ, 2019
STIPULATIONS_ON_USE: Use of these data require prior ok from PI.
OTHER_COMMENTS: N/A
REVISION: R0
RA: Preliminary Data.  For in-field use only.
Time_Start, Time_Stop, Time_Mid, WSAbs300, WSAbs320, WSAbs340, WSAbs360, WSAbs380, WSAbs400, WSAbs420, WSAbs440, WSAbs460, WSAbs480, WSAbs500, WSAbs520, WSAbs540, WSAbs560, WSAbs580, WSAbs600, WSAbs620, WSAbs640, WSAbs660, WSAbs680, WSAbs700, WSAbs365
52721,52871,52796,1.4562,0.998872,0.703068,0.553899,0.452349,0.355756,0.297156,0.258941,0.229765,0.195267,0.19155,0.186966,0.157374,0.168741,0.150392,0.142396,0.142935,0.130607,0.138098,0.112016,0.104024,0.520121
52871,53021,52946,1.79522,0.851725,0.689753,0.498176,0.409245,0.365004,0.311317,0.300565,0.277362,0.262002,0.25635,0.248229,0.227708,0.220483,0.226657,0.223983,0.229756,0.211269,0.214714,0.179675,0.204829,0.474831
53022,53172,53097,0.0512978,0.143115,0.165035,0.183072,0.20876,0.225733,0.232508,0.235608,0.249063,0.247948,0.246454,0.258073,0.250344,0.26011,0.248322,0.268269,0.25463,0.266116,0.261549,0.200383,0.25861,0.181027
53174,53324,53249,0.626542,0.375559,0.340753,0.294777,0.27246,0.236948,0.227345,0.227028,0.213758,0.201061,0.215066,0.211375,0.202781,0.202965,0.195019,0.186985,0.183718,0.184745,0.188601,0.13948,0.177113,0.270879
53324,53474,53399,-0.946149,-0.438861,-0.169349,0.0344966,0.125943,0.185705,0.239318,0.256566,0.285601,0.305264,0.30718,0.305064,0.313663,0.321027,0.323317,0.336174,0.339781,0.33522,0.327518,0.294579,0.329741,0.0399686
53475,53625,53550,0.134738,0.129395,0.158768,0.194828,0.213377,0.227238,0.233222,0.240944,0.238092,0.245071,0.238151,0.247764,0.255987,0.265998,0.253634,0.270633,0.271853,0.264533,0.268192,0.22377,0.273339,0.189236
53625,53775,53700,-2.1967,-0.914916,-0.637823,-0.319452,-0.117087,-0.026354,0.0917987,0.125569,0.158679,0.196351,0.214449,0.241267,0.244837,0.242875,0.257556,0.255218,0.261503,0.268263,0.269837,0.237449,0.272802,-0.261435
53776,53926,53851,-1.07352,-0.532741,-0.3124,-0.12642,-0.00826039,0.0734551,0.14145,0.179849,0.229445,0.245741,0.253144,0.297845,0.31393,0.310484,0.332991,0.333475,0.334209,0.35423,0.347545,0.316329,0.371654,-0.0929136
53926,54076,54001,-1.1835,-0.842422,-0.67898,-0.385905,-0.280125,-0.208718,-0.108896,-0.0530463,-0.0113692,0.0164932,0.0577485,0.0598339,0.100928,0.10656,0.118226,0.135535,0.155609,0.159367,0.16727,0.129362,0.205655,-0.37502
54077,54227,54152,-1.53193,-0.790307,-0.562089,-0.284436,-0.161841,-0.0311677,0.0245011,0.0738699,0.122792,0.149529,0.166487,0.187199,0.191886,0.204879,0.240448,0.236412,0.243551,0.260302,0.266086,0.248115,0.289233,-0.251507
54227,54377,54302,-1.01667,-0.826515,-0.719132,-0.642927,-0.656531,-0.626539,-0.558987,-0.526629,-0.530913,-0.505335,-0.557969,-0.474044,-0.544714,-0.504231,-0.393959,-0.471989,-0.405307,-0.287324,-0.355004,-0.378435,0.0548306,-0.685382
54378,54528,54453,-1.29847,-0.411651,-0.364255,-0.0681855,0.0679369,0.149158,0.22962,0.251479,0.323995,0.357148,0.384575,0.422396,0.438254,0.422155,0.458047,0.506748,0.515496,0.544615,0.539773,0.493712,0.638,-0.0543028
54528,54678,54603,-2.69182,-1.55792,-1.08285,-0.786754,-0.572762,-0.390685,-0.26364,-0.18569,-0.116636,-0.0545507,-0.0307636,-0.0100265,0.00744818,0.0489055,0.0526927,0.069201,0.100081,0.121713,0.106085,0.0894908,0.150165,-0.750823
54679,54829,54754,-1.68744,-1.37059,-0.876932,-0.560576,-0.370951,-0.26673,-0.202775,-0.140755,-0.0954899,-0.0637919,-0.0529929,-0.0270524,-0.018679,-0.00258737,0.00471312,0.0087292,0.0105079,0.0175397,0.0300648,0.00901573,0.0265129,-0.517003
54829,54979,54904,-2.12427,-1.5833,-1.21184,-0.835555,-0.62647,-0.480779,-0.380881,-0.295728,-0.256999,-0.214817,-0.197096,-0.174961,-0.167135,-0.149822,-0.131256,-0.132774,-0.122877,-0.104739,-0.109919,-0.127629,-0.105481,-0.751555
54980,55130,55055,-1.96457,-1.38062,-0.921059,-0.708063,-0.578326,-0.446876,-0.37774,-0.313012,-0.248103,-0.192338,-0.181942,-0.175325,-0.11573,-0.110406,-0.0826434,-0.0964962,-0.0648657,-0.0490271,-0.0367909,-0.0531122,0,-0.69011
55130,55280,55205,-4.23512,-2.10149,-1.24624,-0.896458,-0.590335,-0.439704,-0.294035,-0.202377,-0.136678,-0.0849729,-0.07084,-0.0316209,-0.0126355,-0.00395083,0.0131276,0.0166853,0.0109279,0.0280583,0.0374773,0.0198209,0.0383555,-0.805467
55281,55431,55356,-2.38375,-1.4915,-1.12142,-0.817665,-0.676443,-0.530019,-0.450181,-0.40009,-0.325855,-0.278327,-0.250773,-0.198443,-0.194672,-0.171455,-0.156347,-0.153806,-0.131758,-0.0966154,-0.103699,-0.129825,-0.0642768,-0.809887
55431,55581,55506,-2.87923,-1.64381,-1.21617,-0.908948,-0.740202,-0.540344,-0.478418,-0.371435,-0.291896,-0.274091,-0.221693,-0.198179,-0.19911,-0.161402,-0.128675,-0.107543,-0.0975344,-0.0783428,-0.0990823,-0.0942594,-0.0509025,-0.865343
55582,55732,55657,-2.54897,-1.29034,-1.13179,-0.958216,-0.79828,-0.681092,-0.596645,-0.505488,-0.446158,-0.401214,-0.388201,-0.331257,-0.298223,-0.298247,-0.231963,-0.244876,-0.207315,-0.15265,-0.166865,-0.186073,-0.0540205,-0.904845
55732,55882,55807,-3.66322,-1.76996,-1.36023,-1.01597,-0.796469,-0.675047,-0.568722,-0.487124,-0.403432,-0.356598,-0.31539,-0.313748,-0.28913,-0.281282,-0.23916,-0.230309,-0.21929,-0.193641,-0.195922,-0.209436,-0.167432,-1.00459
55883,56033,55958,-1.70937,-1.08202,-1.19472,-0.990726,-0.978676,-0.884597,-0.878094,-0.836712,-0.822795,-0.737779,-0.875739,-0.714214,-0.733688,-0.78796,-0.637983,-0.68456,-0.649439,-0.507324,-0.617185,-0.55541,-0.0390138,-1.02736
56033,56183,56108,-3.57065,-1.75257,-1.6521,-1.12481,-0.902762,-0.746207,-0.646591,-0.556641,-0.468642,-0.420752,-0.411435,-0.367123,-0.286504,-0.248184,-0.23351,-0.241278,-0.189216,-0.168872,-0.158854,-0.166444,-0.0750346,-1.11
56184,56334,56259,-3.99147,-2.25258,-1.69486,-1.21422,-0.897392,-0.72244,-0.588081,-0.48341,-0.408034,-0.353486,-0.314859,-0.31759,-0.286054,-0.264656,-0.235105,-0.237581,-0.214261,-0.201892,-0.209412,-0.206788,-0.178778,-1.09821
56335,56485,56410,-2.81404,-1.9119,-1.60032,-1.19513,-0.906273,-0.777245,-0.6547,-0.567143,-0.478802,-0.427185,-0.387522,-0.367932,-0.289804,-0.294771,-0.279579,-0.247023,-0.216291,-0.183919,-0.186054,-0.202538,-0.124989,-1.0999
56485,56635,56560,-4.36238,-2.3504,-1.80944,-1.23392,-0.891894,-0.680199,-0.528725,-0.440938,-0.339775,-0.300478,-0.245212,-0.2141,-0.210561,-0.149672,-0.15089,-0.14365,-0.121207,-0.10701,-0.106844,-0.134574,-0.0900332,-1.17043
56636,56786,56711,-3.24902,-2.34909,-1.77642,-1.32562,-1.04117,-0.83766,-0.685103,-0.565623,-0.479446,-0.400091,-0.358733,-0.347199,-0.297784,-0.238205,-0.225493,-0.214719,-0.197598,-0.162273,-0.184859,-0.182477,-0.117907,-1.21837
56786,56936,56861,-4.15933,-2.42783,-1.57414,-1.22837,-0.986797,-0.771694,-0.656382,-0.55685,-0.492179,-0.419555,-0.412567,-0.329425,-0.315725,-0.274972,-0.279224,-0.255272,-0.237326,-0.198092,-0.223317,-0.204256,-0.164142,-1.1995
56937,57087,57012,-4.31366,-2.61561,-1.95879,-1.24092,-1.04901,-0.735498,-0.62542,-0.48807,-0.383967,-0.321242,-0.310659,-0.239811,-0.227696,-0.154875,-0.138955,-0.123097,-0.107156,-0.0671526,-0.0872491,-0.10953,-0.0363293,-1.22309
57087,57237,57162,-4.23907,-2.67457,-2.11183,-1.38011,-0.972239,-0.760528,-0.545025,-0.436106,-0.361181,-0.299101,-0.260347,-0.242244,-0.215985,-0.190468,-0.179941,-0.166452,-0.159971,-0.14377,-0.151481,-0.154761,-0.135758,-1.25885
57238,57388,57313,-6.21063,-2.93927,-1.95738,-1.40336,-0.965446,-0.711968,-0.528445,-0.406022,-0.338596,-0.267693,-0.234317,-0.189619,-0.162759,-0.149699,-0.126384,-0.127437,-0.121613,-0.0940731,-0.0981805,-0.105618,-0.0849493,-1.2621
57388,57538,57463,-6.86934,-3.23344,-2.37167,-1.51544,-1.10469,-0.855001,-0.671293,-0.547111,-0.45646,-0.369238,-0.354287,-0.306964,-0.271863,-0.235132,-0.218814,-0.213388,-0.209961,-0.184098,-0.184445,-0.176286,-0.174002,-1.42931
57539,57689,57614,-2.97301,-1.84515,-1.62956,-1.38438,-1.127,-1.04991,-0.897554,-0.815555,-0.692268,-0.644008,-0.56025,-0.563619,-0.496627,-0.515904,-0.476218,-0.397154,-0.4003,-0.29057,-0.357226,-0.311135,-0.126015,-1.31743
57689,57839,57764,-5.47344,-2.9451,-2.01484,-1.24562,-0.960626,-0.707372,-0.576497,-0.470458,-0.413408,-0.340076,-0.310915,-0.271253,-0.261066,-0.235178,-0.216767,-0.208791,-0.197526,-0.186591,-0.171738,-0.190366,-0.16404,-1.19954
57840,57990,57915,-2.78416,-1.454,-1.26865,-1.06086,-0.878742,-0.707685,-0.618794,-0.533088,-0.476418,-0.398482,-0.358481,-0.352825,-0.342092,-0.269456,-0.271866,-0.266124,-0.211279,-0.175308,-0.19183,-0.169667,-0.0699351,-0.970349
57990,58140,58065,-2.09324,-1.28678,-1.20082,-1.04757,-0.916861,-0.850531,-0.743596,-0.712749,-0.686587,-0.610641,-0.684116,-0.579464,-0.537284,-0.51451,-0.501281,-0.474327,-0.492,-0.339642,-0.374356,-0.387764,-0.106036,-0.989668
58141,58291,58216,-3.12085,-1.82185,-1.44444,-1.11303,-0.931679,-0.861338,-0.751758,-0.64988,-0.573633,-0.526859,-0.478804,-0.42422,-0.39852,-0.372392,-0.399263,-0.30995,-0.329621,-0.262254,-0.29237,-0.245935,-0.12427,-1.09931
58291,58441,58366,-2.31981,-1.59011,-1.3417,-1.18251,-1.04591,-0.946758,-0.898688,-0.835069,-0.808666,-0.752504,-0.800616,-0.662646,-0.635508,-0.691176,-0.64689,-0.550201,-0.557686,-0.513913,-0.542174,-0.485194,-0.169398,-1.16586
58442,58592,58517,-3.28762,-2.23834,-1.85719,-1.18533,-0.91957,-0.704646,-0.54247,-0.453172,-0.391001,-0.331631,-0.279023,-0.273338,-0.236836,-0.223214,-0.196216,-0.20128,-0.198043,-0.169721,-0.175911,-0.168793,-0.152607,-1.12548
58592,58743,58668,-4.29757,-2.36564,-1.64062,-1.31572,-1.05078,-0.867484,-0.679334,-0.60831,-0.520379,-0.4623,-0.431775,-0.368428,-0.331156,-0.324261,-0.274724,-0.255257,-0.240809,-0.202585,-0.205885,-0.204349,-0.1318,-1.20648
58743,58893,58818,-2.73923,-1.98861,-1.50023,-1.19921,-1.02787,-0.822715,-0.757262,-0.643991,-0.573845,-0.502114,-0.477045,-0.491236,-0.446762,-0.350999,-0.316036,-0.291607,-0.3038,-0.198606,-0.235575,-0.212813,-0.039125,-1.15419
58894,59044,58969,-2.55376,-1.61946,-1.24884,-1.01726,-0.813306,-0.682759,-0.576128,-0.480471,-0.387751,-0.342912,-0.30768,-0.298919,-0.270534,-0.206822,-0.213392,-0.198581,-0.165425,-0.123274,-0.142639,-0.127881,-0.0606211,-0.969937
59044,59194,59119,-2.49452,-2.13628,-1.2325,-0.870772,-0.638279,-0.481411,-0.353215,-0.288638,-0.209719,-0.167558,-0.148855,-0.125387,-0.112454,-0.0991775,-0.090512,-0.0734456,-0.0598128,-0.0441044,-0.0502028,-0.0645249,-0.0451859,-0.820878
59195,59345,59270,-2.0848,-1.32827,-0.886547,-0.649946,-0.438444,-0.329109,-0.225264,-0.174466,-0.140235,-0.109708,-0.0954141,-0.0935064,-0.0773518,-0.0535291,-0.0530434,-0.0498172,-0.0554845,-0.0483614,-0.0393483,-0.0577232,-0.0402779,-0.588058
59345,59496,59420,-4.14251,-1.70434,-1.23759,-0.862609,-0.603213,-0.48333,-0.374876,-0.313478,-0.25908,-0.23651,-0.211325,-0.19106,-0.183945,-0.159839,-0.148533,-0.149174,-0.142412,-0.140494,-0.133873,-0.158095,-0.139707,-0.788935
59496,59646,59571,-1.47359,-1.18112,-0.823471,-0.648788,-0.535334,-0.411724,-0.339764,-0.286282,-0.225747,-0.184985,-0.215846,-0.164787,-0.110362,-0.107534,-0.0982199,-0.085551,-0.0567944,-0.0298824,-0.0280792,-0.0540732,0.0240269,-0.656735
59647,59797,59722,-1.68146,-1.03178,-0.828318,-0.566246,-0.500635,-0.396959,-0.338928,-0.269222,-0.207737,-0.175662,-0.158057,-0.133636,-0.1535,-0.119586,-0.107904,-0.0638338,-0.0631141,-0.045215,-0.032115,-0.0523933,0.0373735,-0.568077
59797,59948,59872,91.9739,40.3718,34.4726,25.3233,20.5376,16.7754,12.9636,11.4875,9.25756,8.42979,8.17165,6.76396,6.50222,5.84994,5.15815,4.56945,4.33526,3.57419,3.88728,3.26203,2.45688,23.9289
59948,60098,60023,13.0483,9.67152,8.33555,6.51175,5.08648,4.2839,3.78305,3.21043,2.79135,2.45946,2.1897,2.13852,1.82213,1.82381,1.57659,1.51593,1.51095,1.24128,1.28147,1.18562,0.882245,6.03121
60099,60249,60174,31.9587,22.0425,16.7011,11.8078,9.58632,7.76671,6.90118,5.92697,5.11857,4.68383,4.29069,4.19199,3.62629,3.60469,3.25589,3.08172,3.04531,2.71489,2.89535,2.50944,2.29422,11.0489
60249,60399,60324,15.2561,12.0896,8.09144,6.0134,4.28722,3.26257,2.73127,2.29611,1.86468,1.64239,1.54391,1.41704,1.25607,1.13122,1.09615,1.05786,1.0156,0.920243,0.964399,0.806265,0.817413,5.36942
60400,60550,60475,12.9407,8.00115,6.12184,4.93878,3.94247,3.11247,2.65671,2.29494,2.05057,1.83693,1.76859,1.67166,1.58481,1.52941,1.43999,1.40084,1.32864,1.23287,1.25407,1.07039,1.11868,4.55789
60550,60700,60625,45.8225,20.1954,16.9249,11.52,8.44753,6.69396,5.63489,4.59724,4.01002,3.4874,3.14012,3.15169,2.82237,2.4363,2.34428,2.28261,2.20687,1.93927,2.03809,1.89003,1.69485,10.6156
60701,60851,60776,5.19942,4.13401,2.95007,2.30732,2.02701,1.73688,1.52117,1.33657,1.2052,1.07418,1.07891,0.979132,0.957087,0.884832,0.839257,0.796526,0.794283,0.735048,0.73621,0.659043,0.588509,2.27761
60851,61001,60926,29.595,19.7952,18.3308,14.4189,12.114,9.92275,8.53539,7.88269,7.06272,6.01311,6.16065,5.55259,5.15479,4.77728,4.19883,4.13472,3.77485,3.14768,3.51978,3.08376,2.21318,13.6166
61002,61152,61077,5.7047,4.01991,3.3602,2.35675,1.92631,1.67433,1.39658,1.24557,1.15607,1.02104,0.963657,0.875176,0.891973,0.816678,0.796275,0.714461,0.699873,0.654367,0.666705,0.570314,0.559203,2.27619
61152,61303,61228,30.0974,15.5926,12.8906,11.2373,9.19729,7.66169,6.30536,5.79104,5.1,4.46993,4.33096,3.84927,3.44858,3.19932,3.08245,2.92063,2.91264,2.34986,2.48299,2.2943,1.77231,10.3041
61303,61453,61378,6.36344,3.86814,2.85721,2.22378,1.87925,1.56324,1.33339,1.19809,1.08456,0.973038,0.914335,0.860093,0.813035,0.790214,0.749806,0.710655,0.711512,0.656725,0.677644,0.600157,0.594063,2.14026
61454,61604,61529,30.9883,14.8639,12.9229,8.89553,6.82755,5.37417,4.32706,3.77849,3.15385,2.71789,2.57526,2.34649,2.06648,1.9704,1.84925,1.78115,1.69759,1.55291,1.61759,1.43459,1.31907,8.16717
61605,61755,61680,12.1219,8.62576,7.29877,5.88906,5.18143,4.28048,4.00107,3.46573,3.24068,2.80556,2.92117,2.51926,2.49082,2.28481,2.27062,2.17665,2.01582,1.7589,1.82384,1.66546,1.34716,5.64326
61755,61905,61830,67.2687,32.1279,24.1102,15.8897,12.0718,9.74914,7.65216,6.27144,5.44271,4.77414,4.45755,3.87383,3.80561,3.46979,3.28844,3.13938,3.01212,2.80195,2.86268,2.59968,2.52356,14.8492
61906,62056,61981,5.37668,4.28293,3.43081,2.54082,2.08011,1.74841,1.56345,1.34645,1.18932,1.1032,1.04054,0.979926,0.970707,0.882078,0.877763,0.859559,0.793893,0.752659,0.770374,0.644156,0.652985,2.39165
62056,62206,62131,22.3967,18.1857,17.0051,12.7591,10.3015,9.39775,8.11354,6.91724,6.19634,5.62488,5.07462,4.95201,4.83664,4.39567,4.00417,3.59448,3.63185,3.13199,3.2775,2.8126,2.20156,12.0625
62207,62357,62282,44.3497,25.2912,17.0992,11.7243,9.33028,7.50414,6.14267,5.37324,4.49431,4.1703,3.81004,3.67599,3.26708,3.17683,2.91346,2.74443,2.75863,2.49346,2.58415,2.31139,2.25177,11.3473
62358,62508,62433,24.7109,12.5491,9.6513,6.20565,4.75093,3.85007,3.12422,2.722,2.32501,2.14297,1.98089,1.8108,1.77521,1.63456,1.57426,1.54582,1.47801,1.40838,1.43569,1.33853,1.32019,5.93668
62509,62659,62584,43.2575,24.9935,17.1793,13.068,9.68413,8.17855,6.80679,5.82991,5.16718,4.7066,4.36874,4.21027,3.95919,3.64359,3.61682,3.47044,3.36218,3.16371,3.20804,3.00366,2.9,11.8736
62659,62809,62734,42.7716,34.6603,26.2815,18.3799,15.7785,13.164,10.6541,9.28891,8.13034,7.33206,6.74767,6.66278,5.90043,5.34074,5.32976,5.09399,4.84031,4.2065,4.43383,3.80498,3.4187,17.8761
62810,62960,62885,9.63625,6.87239,6.26113,4.60603,3.98032,3.53913,3.05468,2.67783,2.46071,2.19537,2.10324,2.01399,1.88695,1.79607,1.7029,1.70556,1.58618,1.48679,1.5142,1.39201,1.28874,4.53084
62961,63111,63036,38.1152,24.4609,16.8756,11.4349,8.93329,7.45928,5.86161,5.06801,4.43502,4.09569,3.95249,3.42717,3.24065,3.10137,3.04006,2.92625,2.82468,2.65594,2.67029,2.44277,2.44098,10.8967
63112,63262,63187,18.7886,14.6412,11.1252,9.1558,7.90136,6.54395,6.05928,5.32967,4.73162,4.47353,4.23258,4.12629,3.69597,3.61352,3.33442,3.25858,3.08033,2.89092,2.92804,2.603,2.36695,8.83934
63262,63412,63337,12.3432,7.75004,6.45314,5.32554,4.44586,3.7557,3.13912,2.88235,2.51478,2.36903,2.13305,2.03801,1.89772,1.83419,1.65975,1.69345,1.56595,1.43035,1.46813,1.2847,1.14706,4.95215
63413,63563,63488,19.5074,11.2092,9.26696,7.22353,6.22897,5.46657,4.93106,4.52583,4.03204,3.74796,3.72431,3.60997,3.25485,3.09094,2.86286,2.90583,2.77375,2.57398,2.60437,2.30974,2.07992,6.99457
63563,63713,63638,8.02972,6.41588,5.48265,4.60347,4.01469,3.67776,3.18579,2.89738,2.66783,2.33736,2.22417,2.29484,1.99714,1.86782,1.91497,1.7194,1.69115,1.47331,1.58489,1.35554,0.986785,4.4709
