Data/Raw/WEBER,RODNEY/FIREXAQ-SAGA-MC-BrC_DC8_20190802_R0.ict
56, 1001
Weber, Rodney
Georgia Institute of Technology
Water soluble brown carbon measured with mist chamber-LWCC
FIREXAQ
1, 1
2019, 08, 02, 2020, 03, 06
0
Time_Start, seconds_past_midnight, Time_Start, seconds_past_midnight
24
1, 1, 1, 1, 1, 1, 1, 1, 1, 1, 1, 1, 1, 1, 1, 1, 1, 1, 1, 1, 1, 1, 1, 1
-9999, -9999, -9999, -9999, -9999, -9999, -9999, -9999, -9999, -9999, -9999, -9999, -9999, -9999, -9999, -9999, -9999, -9999, -9999, -9999, -9999, -9999, -9999, -9999
Time_Stop, seconds_past_midnight, Time_Stop, seconds_past_midnight
Time_Mid, seconds_past_midnight, Time_Mid, seconds_past_midnight
WSAbs300, Mm-1, AerOpt_AbsorptionBrC_InSitu_UVtoRed_None_Bulk_STP, Water Soluble Brown Carbon absorption at 300 nm
WSAbs320, Mm-1, AerOpt_AbsorptionBrC_InSitu_UVtoRed_None_Bulk_STP, Water Soluble Brown Carbon absorption at 320 nm
WSAbs340, Mm-1, AerOpt_AbsorptionBrC_InSitu_UVtoRed_None_Bulk_STP, Water Soluble Brown Carbon absorption at 340 nm
WSAbs360, Mm-1, AerOpt_AbsorptionBrC_InSitu_UVtoRed_None_Bulk_STP, Water Soluble Brown Carbon absorption at 360 nm
WSAbs380, Mm-1, AerOpt_AbsorptionBrC_InSitu_UVtoRed_None_Bulk_STP, Water Soluble Brown Carbon absorption at 380 nm
WSAbs400, Mm-1, AerOpt_AbsorptionBrC_InSitu_UVtoRed_None_Bulk_STP, Water Soluble Brown Carbon absorption at 400 nm
WSAbs420, Mm-1, AerOpt_AbsorptionBrC_InSitu_UVtoRed_None_Bulk_STP, Water Soluble Brown Carbon absorption at 420 nm
WSAbs440, Mm-1, AerOpt_AbsorptionBrC_InSitu_UVtoRed_None_Bulk_STP, Water Soluble Brown Carbon absorption at 440 nm
WSAbs460, Mm-1, AerOpt_AbsorptionBrC_InSitu_UVtoRed_None_Bulk_STP, Water Soluble Brown Carbon absorption at 460 nm
WSAbs480, Mm-1, AerOpt_AbsorptionBrC_InSitu_UVtoRed_None_Bulk_STP, Water Soluble Brown Carbon absorption at 480 nm
WSAbs500, Mm-1, AerOpt_AbsorptionBrC_InSitu_UVtoRed_None_Bulk_STP, Water Soluble Brown Carbon absorption at 500 nm
WSAbs520, Mm-1, AerOpt_AbsorptionBrC_InSitu_UVtoRed_None_Bulk_STP, Water Soluble Brown Carbon absorption at 520 nm
WSAbs540, Mm-1, AerOpt_AbsorptionBrC_InSitu_UVtoRed_None_Bulk_STP, Water Soluble Brown Carbon absorption at 540 nm
WSAbs560, Mm-1, AerOpt_AbsorptionBrC_InSitu_UVtoRed_None_Bulk_STP, Water Soluble Brown Carbon absorption at 560 nm
WSAbs580, Mm-1, AerOpt_AbsorptionBrC_InSitu_UVtoRed_None_Bulk_STP, Water Soluble Brown Carbon absorption at 580 nm
WSAbs600, Mm-1, AerOpt_AbsorptionBrC_InSitu_UVtoRed_None_Bulk_STP, Water Soluble Brown Carbon absorption at 600 nm
WSAbs620, Mm-1, AerOpt_AbsorptionBrC_InSitu_UVtoRed_None_Bulk_STP, Water Soluble Brown Carbon absorption at 620 nm
WSAbs640, Mm-1, AerOpt_AbsorptionBrC_InSitu_UVtoRed_None_Bulk_STP, Water Soluble Brown Carbon absorption at 640 nm
WSAbs660, Mm-1, AerOpt_AbsorptionBrC_InSitu_UVtoRed_None_Bulk_STP, Water Soluble Brown Carbon absorption at 660 nm
WSAbs680, Mm-1, AerOpt_AbsorptionBrC_InSitu_UVtoRed_None_Bulk_STP, Water Soluble Brown Carbon absorption at 680 nm
WSAbs700, Mm-1, AerOpt_AbsorptionBrC_InSitu_UVtoRed_None_Bulk_STP, Water Soluble Brown Carbon absorption at 700 nm
WSAbs365, Mm-1, AerOpt_AbsorptionBrC_InSitu_UVtoRed_None_Bulk_STP, Water Soluble Brown Carbon absorption at 365 nm
0
18
PI_CONTACT_INFO: rweber@eas.gatech.edu
PLATFORM: NASA DC-8 aircraft
LOCATION: Aircraft location is given by the navigational file
ASSOCIATED_DATA: N/A
[...]
DATA_INFO: Samples collected by mist chamber were injected through 0.22 pore size syringe filter and then a 2.5 m path length LWCC, and light absorption was measured by Ocean Optics USB4000 spectrometer. Absorption from 300 to 700 nm were recorded. Absorption of pure solvent was subtracted from the sample. Raw absorption data were processed by the equation Abs=Raw*(Volume of liquid in the mist chamber)/(Volume of air collected at STP)/(Optical Path Length, 2.5m here)*ln(10). Data reported here were averaged over 20 nm wavelength intervals. i.e. absorption at 400 nm were average by absorption data between 390 nm to 410 nm. All data have been blank corrected by averaging all blank filter in this mission (2-3 blank filters per flight). Data are reported under STP, which is T=273K & p=1013 mb. When using the data, the absorption had better to corrected by higher wavelength, ie Abs700 for baseline drift. UNCERTAINTY: Data may have smearing issues. If we do not account for smearing or blank, the uncertainty is ~5%
UNCERTAINTY: Data may have smearing issues. If we do not account for smearing or blank, the uncertainty is ~5%
ULOD_FLAG: -7777
ULOD_VALUE: N/A
LLOD_FLAG: -8888
LLOD_VALUE: N/A
DM_CONTACT_INFO: lhzeng@gatech.edu
PROJECT_INFO: FIREX-AQ, 2019
STIPULATIONS_ON_USE: Use of these data require prior ok from PI.
OTHER_COMMENTS: N/A
REVISION: R0
RA: Preliminary Data.  For in-field use only.
Time_Start, Time_Stop, Time_Mid, WSAbs300, WSAbs320, WSAbs340, WSAbs360, WSAbs380, WSAbs400, WSAbs420, WSAbs440, WSAbs460, WSAbs480, WSAbs500, WSAbs520, WSAbs540, WSAbs560, WSAbs580, WSAbs600, WSAbs620, WSAbs640, WSAbs660, WSAbs680, WSAbs700, WSAbs365
[from data line 71]
87112,87262,87187,-2.68874,-2.23682,-1.9974,-1.67595,-1.49333,-1.3605,-1.27172,-1.18029,-1.14095,-1.0947,-1.06197,-1.05339,-1.02349,-1.01755,-0.979366,-0.952429,-0.938549,-0.926764,-0.929577,-0.891401,-0.884944,-1.63581
87262,87412,87337,-3.26548,-2.28791,-1.88464,-1.4179,-1.21,-1.08975,-0.978082,-0.922354,-0.869537,-0.846355,-0.821976,-0.822148,-0.80358,-0.784981,-0.771436,-0.758572,-0.751605,-0.750878,-0.758058,-0.719249,-0.747492,-1.39363
87413,87563,87488,-2.79891,-2.11233,-1.79719,-1.62224,-1.43664,-1.34952,-1.23995,-1.19217,-1.11227,-1.07661,-1.03202,-1.02853,-1.01309,-0.9576,-0.969809,-0.939759,-0.917678,-0.894531,-0.91343,-0.896786,-0.851045,-1.57116
87563,87713,87638,-1.0844,-1.06864,-1.04248,-0.97933,-0.933678,-0.929203,-0.888027,-0.868486,-0.842413,-0.831189,-0.850119,-0.803805,-0.794478,-0.798299,-0.77225,-0.744801,-0.750717,-0.73742,-0.730386,-0.683805,-0.640638,-0.973277
87714,87864,87789,-4.02543,-3.35661,-2.54182,-1.81069,-1.57586,-1.35199,-1.20636,-1.11034,-1.0246,-0.985702,-0.947948,-0.93108,-0.892936,-0.888767,-0.866182,-0.865199,-0.859493,-0.837099,-0.842193,-0.786191,-0.82389,-1.77855
87864,88014,87939,-5.70473,-2.66484,-2.08604,-1.65799,-1.44747,-1.24806,-1.12262,-1.04111,-0.968112,-0.943642,-0.912317,-0.886275,-0.887465,-0.854254,-0.849315,-0.838443,-0.841669,-0.825714,-0.835808,-0.793614,-0.823279,-1.61912
88015,88165,88090,-5.73924,-3.21,-2.83206,-2.193,-1.87307,-1.69594,-1.5194,-1.37947,-1.29233,-1.24812,-1.24957,-1.16169,-1.14558,-1.12036,-1.08563,-1.06757,-1.05971,-1.03411,-1.05381,-1.0291,-1.0107,-2.14208
88165,88315,88240,-2.08612,-1.5169,-1.32279,-1.1183,-1.02672,-0.921455,-0.879741,-0.827928,-0.793235,-0.746954,-0.753677,-0.708417,-0.684598,-0.69757,-0.681692,-0.664015,-0.651282,-0.631408,-0.632494,-0.607439,-0.598146,-1.09491
88316,88466,88391,-3.30186,-2.53736,-1.85124,-1.52934,-1.28493,-1.10163,-0.989117,-0.925838,-0.861347,-0.81495,-0.804691,-0.787473,-0.752101,-0.725319,-0.722711,-0.726315,-0.7212,-0.698557,-0.702052,-0.706069,-0.692396,-1.45823
88466,88616,88541,-2.70265,-1.9725,-1.59419,-1.38571,-1.19346,-1.11578,-0.995827,-0.960089,-0.894772,-0.86503,-0.836286,-0.820793,-0.809708,-0.793272,-0.764986,-0.751415,-0.75015,-0.730087,-0.733396,-0.725387,-0.714946,-1.32776
88617,88767,88692,-3.16821,-2.72859,-1.97791,-1.50858,-1.27214,-1.11312,-1.00636,-0.917125,-0.875164,-0.826171,-0.806263,-0.778672,-0.767896,-0.747777,-0.726098,-0.72576,-0.710824,-0.696104,-0.713757,-0.657519,-0.698448,-1.48029
88767,88917,88842,-3.02314,-2.15398,-1.65292,-1.21409,-1.04481,-0.9262,-0.871011,-0.812998,-0.763676,-0.737141,-0.724952,-0.701811,-0.678679,-0.681569,-0.672828,-0.664423,-0.674925,-0.656872,-0.660236,-0.618552,-0.657477,-1.20061
88918,89068,88993,-2.0545,-1.61339,-1.70423,-1.46485,-1.37557,-1.32468,-1.23237,-1.18138,-1.14983,-1.10017,-1.14465,-1.02114,-1.04764,-0.997539,-0.957019,-0.959203,-0.952063,-0.884683,-0.899557,-0.84611,-0.632365,-1.45544
89069,89219,89144,-3.20267,-1.94863,-1.47224,-1.21508,-1.06641,-0.937591,-0.867058,-0.800079,-0.772141,-0.719732,-0.715988,-0.698532,-0.671529,-0.662041,-0.638991,-0.632366,-0.646058,-0.62496,-0.622208,-0.625718,-0.606512,-1.17512
89219,89369,89294,-4.47109,-2.43298,-1.88276,-1.55131,-1.28225,-1.12818,-1.02562,-0.928647,-0.855904,-0.819193,-0.790907,-0.768209,-0.756007,-0.730647,-0.706172,-0.72123,-0.689327,-0.689502,-0.693381,-0.632765,-0.667411,-1.49662
89370,89520,89445,-1.50523,-1.21941,-1.11032,-0.890532,-0.790675,-0.728567,-0.675039,-0.62336,-0.604453,-0.583393,-0.578551,-0.555255,-0.5594,-0.554817,-0.53366,-0.535283,-0.543486,-0.528173,-0.519887,-0.501502,-0.522447,-0.870746
89521,89671,89596,-1.2301,-1.09754,-0.952614,-0.845969,-0.773496,-0.707399,-0.671852,-0.656098,-0.620051,-0.602917,-0.587472,-0.597302,-0.577181,-0.576791,-0.571298,-0.559914,-0.561096,-0.557057,-0.542466,-0.514656,-0.542729,-0.834345
89671,89821,89746,-0.768342,-0.679857,-0.642329,-0.617072,-0.604693,-0.587292,-0.582376,-0.591036,-0.576506,-0.570311,-0.575747,-0.578646,-0.575079,-0.568775,-0.564145,-0.565562,-0.57077,-0.568054,-0.580822,-0.570325,-0.579816,-0.623853
89822,89972,89897,-0.719869,-0.689926,-0.603658,-0.535444,-0.502774,-0.468247,-0.446607,-0.438352,-0.424935,-0.428312,-0.415887,-0.419646,-0.403703,-0.406316,-0.40722,-0.410591,-0.403914,-0.39243,-0.393191,-0.386933,-0.399073,-0.536934
89972,90122,90047,-0.826972,-0.705394,-0.653663,-0.581132,-0.526828,-0.510948,-0.472938,-0.44668,-0.43079,-0.407734,-0.41119,-0.400053,-0.39619,-0.37921,-0.37747,-0.370843,-0.366418,-0.36998,-0.374466,-0.369894,-0.354396,-0.578607
90123,90273,90198,-0.855607,-0.594435,-0.518147,-0.480279,-0.466164,-0.454375,-0.432518,-0.422165,-0.423216,-0.419396,-0.405937,-0.410487,-0.412458,-0.408274,-0.410924,-0.406103,-0.404433,-0.396531,-0.399747,-0.4056,-0.41357,-0.493103
90273,90423,90348,-0.475667,-0.458524,-0.454788,-0.447072,-0.444176,-0.455154,-0.452927,-0.444019,-0.457099,-0.452138,-0.44765,-0.445576,-0.439773,-0.45569,-0.44796,-0.448403,-0.444193,-0.450815,-0.442779,-0.433747,-0.457025,-0.464771
90424,90574,90499,1.4208,0.47461,0.232977,-0.0142719,-0.123713,-0.199972,-0.259445,-0.292896,-0.308294,-0.335702,-0.342464,-0.34956,-0.363319,-0.371884,-0.367455,-0.376242,-0.368967,-0.383285,-0.373435,-0.407159,-0.398357,-0.0580938
90574,90724,90649,4.93269,2.82971,1.67485,1.09663,0.685259,0.388922,0.228283,0.135577,0.0372239,-0.0231738,-0.0510374,-0.0771821,-0.124997,-0.151364,-0.156247,-0.149379,-0.170751,-0.183289,-0.181585,-0.204593,-0.219696,0.957248
90725,90875,90800,3.45602,1.52233,0.859258,0.438775,0.22196,0.0506347,-0.0336441,-0.0956623,-0.130398,-0.163206,-0.186275,-0.199372,-0.217905,-0.220939,-0.234196,-0.246814,-0.235626,-0.257698,-0.245877,-0.238407,-0.271424,0.356728
90876,91026,90951,-0.343809,-0.36125,-0.369935,-0.375458,-0.378887,-0.396775,-0.383227,-0.397955,-0.385111,-0.384997,-0.387253,-0.386666,-0.394255,-0.402374,-0.385996,-0.384828,-0.387835,-0.389668,-0.400385,-0.411066,-0.40531,-0.390016
91026,91176,91101,7.28118,3.1419,2.22238,1.47826,0.914161,0.605575,0.410986,0.287118,0.14779,0.0820892,0.0735075,0.019105,-0.0179061,-0.0446761,-0.0641628,-0.0863906,-0.0862466,-0.110371,-0.103812,-0.109,-0.139539,1.28685
91177,91327,91252,2.84814,2.47591,1.68421,1.28325,0.94787,0.748615,0.538057,0.379291,0.282483,0.176796,0.184616,0.117997,0.0686259,-0.00173546,-0.0484878,-0.0433225,-0.0744454,-0.131839,-0.112718,-0.150799,-0.242094,1.17012
91327,91477,91402,0.924839,0.842407,0.57812,0.536889,0.453307,0.341871,0.308824,0.280946,0.234728,0.141009,0.230623,0.100934,0.142906,0.0898539,0.0519169,0.0297378,-0.0143154,-0.0722865,-0.0361145,-0.0482781,-0.290113,0.483521
91478,91628,91553,7.79007,7.81097,7.49554,5.76634,5.56662,5.12023,4.3295,4.09164,3.8368,3.44753,3.30721,3.07278,3.39673,2.69313,2.69977,2.88497,2.5545,1.83146,2.34966,1.88737,0.375475,5.83185
91628,91778,91703,2.18048,0.924072,0.391291,0.227112,0.071797,-0.0165627,-0.100857,-0.159603,-0.182948,-0.208758,-0.224288,-0.247233,-0.249717,-0.266564,-0.275859,-0.264359,-0.278135,-0.283913,-0.289818,-0.272903,-0.30794,0.157918
91779,91929,91854,10.099,7.6367,5.24584,3.77285,2.86954,2.17037,1.69483,1.40696,1.09523,0.851792,0.784685,0.638059,0.549614,0.496141,0.454193,0.405737,0.35584,0.251612,0.24814,0.196146,0.108364,3.42896
91929,92079,92004,1.11689,0.729712,0.512077,0.391179,0.209374,0.131479,0.0592965,0.0228785,-0.0341149,-0.0876117,-0.0737777,-0.120644,-0.138373,-0.151887,-0.166268,-0.176148,-0.182613,-0.226528,-0.213665,-0.220577,-0.285532,0.326322
92080,92230,92155,5.32101,2.67611,1.85011,1.38032,1.01549,0.764407,0.609045,0.465286,0.377665,0.279715,0.260079,0.229112,0.163743,0.123115,0.0887791,0.0663105,0.0476616,0.000792928,0.0195765,-0.015457,-0.0634175,1.31591
92231,92381,92306,12.9037,6.18101,3.57061,2.50781,1.75994,1.23492,0.899697,0.699309,0.536715,0.411727,0.395056,0.255059,0.211474,0.191204,0.156901,0.141467,0.141294,0.0834112,0.0908499,0.0714836,0.0395122,2.268
92381,92531,92456,27.0473,13.5656,10.2512,6.2866,4.66635,3.69367,2.81039,2.06004,1.79725,1.42211,1.34312,1.10027,1.00952,0.856341,0.823865,0.735143,0.668282,0.562781,0.583992,0.504282,0.433858,5.94886
92532,92682,92607,2.35099,1.43776,1.31817,0.749374,0.54429,0.432435,0.282961,0.191542,0.123574,0.0608545,0.0586419,0.030653,-0.00435805,-0.0580638,-0.0804627,-0.0906247,-0.0865354,-0.116602,-0.11574,-0.158101,-0.178399,0.721704
92682,92833,92758,20.956,15.7808,9.77773,7.09694,5.80188,4.58825,3.4407,2.96099,2.49678,2.11189,2.06518,1.64317,1.5203,1.31168,1.31319,1.22514,1.06263,0.936858,0.986847,0.834893,0.722,6.82694
92833,92983,92908,10.7692,5.22926,4.15298,2.95699,2.36422,1.74669,1.46535,1.20367,0.983717,0.790453,0.690947,0.604512,0.571003,0.476738,0.384376,0.360435,0.335464,0.224379,0.263428,0.191907,0.0889342,2.71654
92984,93134,93059,6.23353,3.63818,3.35301,2.29159,1.81277,1.48256,1.10492,0.913153,0.742375,0.594524,0.523156,0.483424,0.377957,0.351224,0.302892,0.238956,0.239554,0.133464,0.17747,0.112738,0.0164451,2.12142
93134,93284,93209,10.8121,7.08716,4.87321,4.05333,3.10292,2.68633,2.27938,1.78278,1.57232,1.37414,1.36916,1.11017,1.02682,0.961401,0.77888,0.729878,0.74923,0.540694,0.533879,0.47539,0.264985,3.73542
93285,93435,93360,15.5067,6.39934,5.32544,3.09516,2.25156,1.60161,1.22404,0.964026,0.781126,0.643699,0.547743,0.475514,0.4434,0.387799,0.350563,0.291357,0.2905,0.259565,0.270265,0.221921,0.200581,2.90842
93435,93585,93510,3.34169,1.92508,1.6913,1.16055,0.919354,0.730159,0.573785,0.441718,0.32131,0.260504,0.282989,0.166374,0.159142,0.108881,0.0959207,0.0685382,0.0518851,0.0104905,0.0053738,-0.0238727,-0.0839984,1.07518
93586,93736,93661,19.8865,10.6357,7.04486,4.88703,3.83016,2.96314,2.37162,2.05464,1.65207,1.37305,1.38862,1.09327,0.968505,0.95518,0.859823,0.746294,0.752611,0.603596,0.645988,0.529548,0.448103,4.74312
93736,93886,93811,1.86473,0.793897,0.485598,0.322997,0.181176,0.10999,0.0331636,-0.0258569,-0.0448449,-0.0854791,-0.0960448,-0.111481,-0.139358,-0.14271,-0.140774,-0.148355,-0.15949,-0.167902,-0.173124,-0.166831,-0.192675,0.272957
93887,94037,93962,25.166,13.9381,9.72806,6.86281,5.45536,4.37816,3.33877,2.71966,2.41616,2.07096,1.75367,1.63507,1.55471,1.39811,1.2293,1.2277,1.11957,0.999273,1.01671,0.939103,0.824977,6.61683
94037,94187,94112,7.65137,5.29819,4.06097,2.7252,2.18512,1.90393,1.63018,1.37871,1.14849,0.995521,0.983896,0.886158,0.705793,0.679331,0.602285,0.61732,0.544647,0.418059,0.480827,0.400051,0.279738,2.64479
94188,94338,94263,8.38548,5.88552,4.03755,2.64737,2.1053,1.59228,1.17849,0.944657,0.793073,0.681655,0.620785,0.530325,0.441806,0.418535,0.36652,0.339753,0.279619,0.250913,0.247446,0.200682,0.16375,2.489
94338,94488,94413,2.47891,1.22794,0.853113,0.534033,0.367456,0.255595,0.151596,0.103049,0.0590399,0.0157761,-0.0192914,-0.0107078,-0.0425233,-0.0485926,-0.072524,-0.0833044,-0.0853015,-0.102321,-0.0913089,-0.125244,-0.147032,0.457432
94489,94639,94564,2.72671,1.37168,0.873964,0.591411,0.4076,0.277078,0.185686,0.111489,0.0695307,0.0152599,-0.00100855,-0.0294061,-0.044942,-0.0764762,-0.0825718,-0.086917,-0.103925,-0.147203,-0.130736,-0.161758,-0.20167,0.531674
94640,94790,94715,0.612717,0.0704217,-0.0192945,-0.125525,-0.202316,-0.253899,-0.282025,-0.299537,-0.318411,-0.320584,-0.317286,-0.337368,-0.347438,-0.336348,-0.347378,-0.343831,-0.358571,-0.351741,-0.349238,-0.354851,-0.373556,-0.170769
94790,94940,94865,-0.142178,-0.261314,-0.298828,-0.345756,-0.344762,-0.366942,-0.366995,-0.377521,-0.395075,-0.396911,-0.402388,-0.403497,-0.404068,-0.395629,-0.398404,-0.408699,-0.398811,-0.413588,-0.403002,-0.398431,-0.424181,-0.349327
94941,95091,95016,-2.38841,-1.58301,-1.2672,-0.932011,-0.814528,-0.709127,-0.628509,-0.577555,-0.551169,-0.528472,-0.505939,-0.504499,-0.482292,-0.47476,-0.457016,-0.453484,-0.455245,-0.435271,-0.44845,-0.443947,-0.44075,-0.915405
95091,95241,95166,2.68458,1.14616,0.666236,0.374683,0.128727,0.0288768,-0.0850608,-0.144822,-0.19189,-0.233391,-0.247771,-0.268408,-0.289971,-0.295997,-0.289567,-0.298141,-0.308546,-0.310438,-0.32529,-0.293374,-0.340058,0.285209
95242,95392,95317,-2.39319,-1.68367,-1.16896,-0.953027,-0.82849,-0.705709,-0.64861,-0.615171,-0.578362,-0.561634,-0.535824,-0.535402,-0.524869,-0.506692,-0.514446,-0.513296,-0.50484,-0.494241,-0.499828,-0.4965,-0.498549,-0.933454
95392,95542,95467,0.417683,0.153157,-0.0612097,-0.169907,-0.251345,-0.295149,-0.362702,-0.375668,-0.404917,-0.422132,-0.433598,-0.443219,-0.458331,-0.464938,-0.457069,-0.480261,-0.482098,-0.483844,-0.486942,-0.479377,-0.510855,-0.195647
95543,95693,95618,-1.94866,-1.1607,-1.01243,-0.871967,-0.785191,-0.702385,-0.678483,-0.626731,-0.602857,-0.58034,-0.581199,-0.571343,-0.554132,-0.547965,-0.542561,-0.53634,-0.525083,-0.523866,-0.532237,-0.502174,-0.523835,-0.851232
95694,95844,95769,3.61632,1.78166,1.10719,0.748921,0.503751,0.337039,0.188353,0.0856769,0.0205686,-0.0669578,-0.0804869,-0.149339,-0.182363,-0.174897,-0.22189,-0.215863,-0.268364,-0.294699,-0.27941,-0.315886,-0.376246,0.687992
95845,95995,95920,-0.433857,-0.43734,-0.435072,-0.450492,-0.43371,-0.432962,-0.438934,-0.432426,-0.444214,-0.432399,-0.450876,-0.436178,-0.450913,-0.442981,-0.431994,-0.443234,-0.449925,-0.451483,-0.433046,-0.44315,-0.451546,-0.451546
95995,96145,96070,6.10327,2.801,1.97993,0.977912,0.651969,0.332243,0.152132,0.0240316,-0.0567547,-0.122646,-0.170583,-0.188247,-0.217361,-0.245955,-0.277125,-0.269943,-0.294254,-0.312127,-0.293481,-0.3112,-0.339509,0.897272
96146,96296,96221,-3.3127,-2.45613,-1.90859,-1.41636,-1.20661,-1.06217,-0.948111,-0.88854,-0.821462,-0.782092,-0.77784,-0.742355,-0.722189,-0.709259,-0.700289,-0.694986,-0.687364,-0.671132,-0.668241,-0.679017,-0.667986,-1.40555
96296,96446,96371,1.8247,0.660115,0.3454,0.0353624,-0.173954,-0.275783,-0.376943,-0.433998,-0.466121,-0.495669,-0.50033,-0.536647,-0.536516,-0.557403,-0.56674,-0.559092,-0.562878,-0.583999,-0.587401,-0.564337,-0.60107,-0.0572447
96447,96597,96522,-3.29546,-2.33564,-2.09565,-1.71044,-1.50479,-1.33337,-1.2622,-1.15431,-1.07779,-1.02948,-0.9899,-0.986052,-0.922289,-0.893413,-0.905147,-0.872109,-0.854993,-0.810975,-0.827017,-0.766019,-0.749087,-1.63036
96597,96747,96672,-0.972463,-0.886759,-0.846052,-0.768159,-0.748419,-0.702456,-0.672418,-0.667712,-0.657379,-0.643145,-0.620455,-0.628974,-0.613945,-0.6212,-0.615528,-0.603626,-0.610924,-0.603867,-0.598144,-0.570211,-0.590362,-0.773092
