Data/Raw/WEBER,RODNEY/FIREXAQ-SAGA-MC-BrC_DC8_20190722_R0.ict
56, 1001
Weber, Rodney
Georgia Institute of Technology
Water soluble brown carbon measured with mist chamber-LWCC
FIREXAQ
1, 1
2019, 07, 22, 2020, 03, 06
0
Time_Start, seconds_past_midnight, Time_Start, seconds_past_midnight
24
1, 1, 1, 1, 1, 1, 1, 1, 1, 1, 1, 1, 1, 1, 1, 1, 1, 1, 1, 1, 1, 1, 1, 1
-9999, -9999, -9999, -9999, -9999, -9999, -9999, -9999, -9999, -9999, -9999, -9999, -9999, -9999, -9999, -9999, -9999, -9999, -9999, -9999, -9999, -9999, -9999, -9999
Time_Stop, seconds_past_midnight, Time_Stop, seconds_past_midnight
Time_Mid, seconds_past_midnight, Time_Mid, seconds_past_midnight
WSAbs300, Mm-1, AerOpt_AbsorptionBrC_InSitu_UVtoRed_None_Bulk_STP, Water Soluble Brown Carbon absorption at 300 nm
WSAbs320, Mm-1, AerOpt_AbsorptionBrC_InSitu_UVtoRed_None_Bulk_STP, Water Soluble Brown Carbon absorption at 320 nm
WSAbs340, Mm-1, AerOpt_AbsorptionBrC_InSitu_UVtoRed_None_Bulk_STP, Water Soluble Brown Carbon absorption at 340 nm
WSAbs360, Mm-1, AerOpt_AbsorptionBrC_InSitu_UVtoRed_None_Bulk_STP, Water Soluble Brown Carbon absorption at 360 nm
WSAbs380, Mm-1, AerOpt_AbsorptionBrC_InSitu_UVtoRed_None_Bulk_STP, Water Soluble Brown Carbon absorption at 380 nm
WSAbs400, Mm-1, AerOpt_AbsorptionBrC_InSitu_UVtoRed_None_Bulk_STP, Water Soluble Brown Carbon absorption at 400 nm
WSAbs420, Mm-1, AerOpt_AbsorptionBrC_InSitu_UVtoRed_None_Bulk_STP, Water Soluble Brown Carbon absorption at 420 nm
WSAbs440, Mm-1, AerOpt_AbsorptionBrC_InSitu_UVtoRed_None_Bulk_STP, Water Soluble Brown Carbon absorption at 440 nm
WSAbs460, Mm-1, AerOpt_AbsorptionBrC_InSitu_UVtoRed_None_Bulk_STP, Water Soluble Brown Carbon absorption at 460 nm
WSAbs480, Mm-1, AerOpt_AbsorptionBrC_InSitu_UVtoRed_None_Bulk_STP, Water Soluble Brown Carbon absorption at 480 nm
WSAbs500, Mm-1, AerOpt_AbsorptionBrC_InSitu_UVtoRed_None_Bulk_STP, Water Soluble Brown Carbon absorption at 500 nm
WSAbs520, Mm-1, AerOpt_AbsorptionBrC_InSitu_UVtoRed_None_Bulk_STP, Water Soluble Brown Carbon absorption at 520 nm
WSAbs540, Mm-1, AerOpt_AbsorptionBrC_InSitu_UVtoRed_None_Bulk_STP, Water Soluble Brown Carbon absorption at 540 nm
WSAbs560, Mm-1, AerOpt_AbsorptionBrC_InSitu_UVtoRed_None_Bulk_STP, Water Soluble Brown Carbon absorption at 560 nm
WSAbs580, Mm-1, AerOpt_AbsorptionBrC_InSitu_UVtoRed_None_Bulk_STP, Water Soluble Brown Carbon absorption at 580 nm
WSAbs600, Mm-1, AerOpt_AbsorptionBrC_InSitu_UVtoRed_None_Bulk_STP, Water Soluble Brown Carbon absorption at 600 nm
WSAbs620, Mm-1, AerOpt_AbsorptionBrC_InSitu_UVtoRed_None_Bulk_STP, Water Soluble Brown Carbon absorption at 620 nm
WSAbs640, Mm-1, AerOpt_AbsorptionBrC_InSitu_UVtoRed_None_Bulk_STP, Water Soluble Brown Carbon absorption at 640 nm
WSAbs660, Mm-1, AerOpt_AbsorptionBrC_InSitu_UVtoRed_None_Bulk_STP, Water Soluble Brown Carbon absorption at 660 nm
WSAbs680, Mm-1, AerOpt_AbsorptionBrC_InSitu_UVtoRed_None_Bulk_STP, Water Soluble Brown Carbon absorption at 680 nm
WSAbs700, Mm-1, AerOpt_AbsorptionBrC_InSitu_UVtoRed_None_Bulk_STP, Water Soluble Brown Carbon absorption at 700 nm
WSAbs365, Mm-1, AerOpt_AbsorptionBrC_InSitu_UVtoRed_None_Bulk_STP, Water Soluble Brown Carbon absorption at 365 nm
0
18
PI_CONTACT_INFO: rweber@eas.gatech.edu
PLATFORM: NASA DC-8 aircraft
LOCATION: Aircraft location is given by the navigational file
ASSOCIATED_DATA: N/A
[...]
DATA_INFO: Samples collected by mist chamber were injected through 0.22 pore size syringe filter and then a 2.5 m path length LWCC, and light absorption was measured by Ocean Optics USB4000 spectrometer. Absorption from 300 to 700 nm were recorded. Absorption of pure solvent was subtracted from the sample. Raw absorption data were processed by the equation Abs=Raw*(Volume of liquid in the mist chamber)/(Volume of air collected at STP)/(Optical Path Length, 2.5m here)*ln(10). Data reported here were averaged over 20 nm wavelength intervals. i.e. absorption at 400 nm were average by absorption data between 390 nm to 410 nm. All data have been blank corrected by averaging all blank filter in this mission (2-3 blank filters per flight). Data are reported under STP, which is T=273K & p=1013 mb. When using the data, the absorption had better to corrected by higher wavelength, ie Abs700 for baseline drift. UNCERTAINTY: Data may have smearing issues. If we do not account for smearing or blank, the uncertainty is ~5%
UNCERTAINTY: Data may have smearing issues. If we do not account for smearing or blank, the uncertainty is ~5%
ULOD_FLAG: -7777
ULOD_VALUE: N/A
LLOD_FLAG: -8888
LLOD_VALUE: N/A
DM_CONTACT_INFO: lhzeng@gatech.edu
PROJECT_INFO: FIREX-AQ, 2019
STIPULATIONS_ON_USE: Use of these data require prior ok from PI.
OTHER_COMMENTS: N/A
REVISION: R0
RA: Preliminary Data.  For in-field use only.
Time_Start, Time_Stop, Time_Mid, WSAbs300, WSAbs320, WSAbs340, WSAbs360, WSAbs380, WSAbs400, WSAbs420, WSAbs440, WSAbs460, WSAbs480, WSAbs500, WSAbs520, WSAbs540, WSAbs560, WSAbs580, WSAbs600, WSAbs620, WSAbs640, WSAbs660, WSAbs680, WSAbs700, WSAbs365
[from data line 141]
87324,87474,87399,3.04628,2.04232,1.35795,0.871825,0.539526,0.291467,0.111296,-0.0296427,-0.121641,-0.205246,-0.269451,-0.312645,-0.349285,-0.380404,-0.40137,-0.422235,-0.441632,-0.467618,-0.469084,-0.469877,-0.531434,0.774504
87474,87624,87549,3.13197,2.11069,1.40551,0.922822,0.561403,0.308894,0.117954,-0.0276935,-0.141028,-0.223626,-0.289068,-0.342031,-0.388727,-0.413763,-0.439597,-0.470031,-0.518293,-0.52282,-0.518869,-0.762061,-0.591446,0.811941
87625,87775,87700,3.52892,2.33512,1.52798,0.974723,0.57003,0.285569,0.0723087,-0.0812948,-0.199422,-0.290119,-0.357468,-0.413245,-0.44948,-0.486709,-0.518673,-0.534919,-0.551451,-0.599547,-0.586263,-0.86394,-0.66071,0.854038
87775,87925,87850,3.23577,2.1904,1.45353,0.943548,0.573978,0.298078,0.0851044,-0.0624403,-0.187716,-0.273141,-0.346491,-0.410154,-0.452543,-0.485227,-0.520348,-0.54385,-0.563316,-0.60886,-0.592917,-0.589551,-0.684426,0.830783
87926,88076,88001,3.34265,2.22762,1.46204,0.92747,0.548623,0.256306,0.0564406,-0.103476,-0.224864,-0.311526,-0.39102,-0.44573,-0.493693,-0.531547,-0.557457,-0.583196,-0.600691,-0.643643,-0.636466,-0.61512,-0.715402,0.814593
88076,88227,88152,3.44387,2.26924,1.46603,0.905738,0.511937,0.224741,0.0191394,-0.150582,-0.260402,-0.362386,-0.425921,-0.485432,-0.532348,-0.560421,-0.596528,-0.612058,-0.633722,-0.676496,-0.614687,-0.655499,-0.74402,0.793307
88227,88377,88302,3.37985,2.21168,1.41955,0.874856,0.48284,0.192126,-0.0186647,-0.166254,-0.290633,-0.372887,-0.443664,-0.500586,-0.54336,-0.584487,-0.609981,-0.633054,-0.647478,-0.682047,-0.681209,-0.648618,-0.755858,0.754512
88378,88528,88453,3.51389,2.27635,1.4358,0.860578,0.448587,0.155054,-0.0541359,-0.217419,-0.329372,-0.430997,-0.495768,-0.549892,-0.595956,-0.623882,-0.651085,-0.673513,-0.689259,-0.732713,-0.718481,-0.707992,-0.791812,0.736872
88528,88678,88603,3.2804,2.13872,1.36003,0.817283,0.43434,0.143815,-0.0539525,-0.216684,-0.335139,-0.427796,-0.49857,-0.553605,-0.592069,-0.635237,-0.662191,-0.679114,-0.701998,-0.740623,-0.730023,-0.734502,-0.812824,0.70454
88679,88829,88754,3.11833,2.05386,1.31728,0.803972,0.427671,0.149468,-0.0596896,-0.215732,-0.341768,-0.438898,-0.508261,-0.570027,-0.614053,-0.651374,-0.678624,-0.762168,-0.730103,-0.771365,-0.769005,-0.768302,-0.856002,0.688389
88829,88979,88904,3.24885,2.1016,1.31999,0.765533,0.369632,0.0895088,-0.12118,-0.277885,-0.400279,-0.49037,-0.552855,-0.611045,-0.65265,-0.688594,-0.716219,-0.742058,-0.763792,-0.798653,-0.790807,-0.796614,-0.872558,0.650347
88980,89130,89055,3.25026,2.10283,1.32349,0.761725,0.36683,0.0695628,-0.147459,-0.3003,-0.423766,-0.522395,-0.602702,-0.655869,-0.705545,-0.737959,-0.770486,-0.799048,-0.809163,-0.853961,-0.845282,-0.810956,-0.9334,0.644566
89130,89280,89205,2.84031,1.85006,1.16049,0.66927,0.310012,0.0518084,-0.135984,-0.284112,-0.394423,-0.487547,-0.554205,-0.607724,-0.657361,-0.692354,-0.71546,-0.745518,-0.755145,-0.805608,-0.778193,-0.779733,-0.879057,0.563392
89281,89431,89356,2.33456,1.50999,0.927152,0.528285,0.233832,0.0202279,-0.144663,-0.26514,-0.355228,-0.425341,-0.485129,-0.52563,-0.563687,-0.591685,-0.610266,-0.62281,-0.665725,-0.678675,-0.671702,-0.96422,-0.737623,0.437916
89431,89581,89506,1.68158,1.09838,0.68165,0.389132,0.1642,0.0153427,-0.104986,-0.197139,-0.275343,-0.324339,-0.371048,-0.399058,-0.432648,-0.450529,-0.472194,-0.48546,-0.496513,-0.518176,-0.516082,-0.500411,-0.577276,0.317463
89582,89732,89657,1.58736,1.00785,0.615579,0.329285,0.125543,-0.0198774,-0.126592,-0.201933,-0.263709,-0.311001,-0.354595,-0.380212,-0.401873,-0.422472,-0.441256,-0.454436,-0.462693,-0.482606,-0.474438,-0.437678,-0.525074,0.267714
89732,89882,89807,1.40185,0.879983,0.518299,0.270902,0.0989497,-0.0285455,-0.124158,-0.198428,-0.248818,-0.285259,-0.324762,-0.343596,-0.369841,-0.37949,-0.393877,-0.403668,-0.412454,-0.427944,-0.429923,-0.41947,-0.46662,0.219872
89883,90033,89958,1.27717,0.801236,0.462997,0.237075,0.0763221,-0.0418658,-0.13023,-0.192457,-0.232988,-0.277882,-0.298934,-0.326021,-0.341165,-0.360409,-0.368218,-0.373207,-0.384129,-0.397131,-0.386578,-0.358516,-0.430184,0.187583
90033,90183,90108,1.40013,0.866212,0.510154,0.251717,0.0696595,-0.0556732,-0.144086,-0.224861,-0.268102,-0.316232,-0.345272,-0.373955,-0.38567,-0.406125,-0.422317,-0.422777,-0.437492,-0.446251,-0.444268,-0.647977,-0.4854,0.19699
