Data/Raw/WEBER,RODNEY/FIREXAQ-SAGA-MC-BrC_DC8_20190803_R0.ict
56, 1001
Weber, Rodney
Georgia Institute of Technology
Water soluble brown carbon measured with mist chamber-LWCC
FIREXAQ
1, 1
2019, 08, 03, 2020, 03, 06
0
Time_Start, seconds_past_midnight, Time_Start, seconds_past_midnight
24
1, 1, 1, 1, 1, 1, 1, 1, 1, 1, 1, 1, 1, 1, 1, 1, 1, 1, 1, 1, 1, 1, 1, 1
-9999, -9999, -9999, -9999, -9999, -9999, -9999, -9999, -9999, -9999, -9999, -9999, -9999, -9999, -9999, -9999, -9999, -9999, -9999, -9999, -9999, -9999, -9999, -9999
Time_Stop, seconds_past_midnight, Time_Stop, seconds_past_midnight
Time_Mid, seconds_past_midnight, Time_Mid, seconds_past_midnight
WSAbs300, Mm-1, AerOpt_AbsorptionBrC_InSitu_UVtoRed_None_Bulk_STP, Water Soluble Brown Carbon absorption at 300 nm
WSAbs320, Mm-1, AerOpt_AbsorptionBrC_InSitu_UVtoRed_None_Bulk_STP, Water Soluble Brown Carbon absorption at 320 nm
WSAbs340, Mm-1, AerOpt_AbsorptionBrC_InSitu_UVtoRed_None_Bulk_STP, Water Soluble Brown Carbon absorption at 340 nm
WSAbs360, Mm-1, AerOpt_AbsorptionBrC_InSitu_UVtoRed_None_Bulk_STP, Water Soluble Brown Carbon absorption at 360 nm
WSAbs380, Mm-1, AerOpt_AbsorptionBrC_InSitu_UVtoRed_None_Bulk_STP, Water Soluble Brown Carbon absorption at 380 nm
WSAbs400, Mm-1, AerOpt_AbsorptionBrC_InSitu_UVtoRed_None_Bulk_STP, Water Soluble Brown Carbon absorption at 400 nm
WSAbs420, Mm-1, AerOpt_AbsorptionBrC_InSitu_UVtoRed_None_Bulk_STP, Water Soluble Brown Carbon absorption at 420 nm
WSAbs440, Mm-1, AerOpt_AbsorptionBrC_InSitu_UVtoRed_None_Bulk_STP, Water Soluble Brown Carbon absorption at 440 nm
WSAbs460, Mm-1, AerOpt_AbsorptionBrC_InSitu_UVtoRed_None_Bulk_STP, Water Soluble Brown Carbon absorption at 460 nm
WSAbs480, Mm-1, AerOpt_AbsorptionBrC_InSitu_UVtoRed_None_Bulk_STP, Water Soluble Brown Carbon absorption at 480 nm
WSAbs500, Mm-1, AerOpt_AbsorptionBrC_InSitu_UVtoRed_None_Bulk_STP, Water Soluble Brown Carbon absorption at 500 nm
WSAbs520, Mm-1, AerOpt_AbsorptionBrC_InSitu_UVtoRed_None_Bulk_STP, Water Soluble Brown Carbon absorption at 520 nm
WSAbs540, Mm-1, AerOpt_AbsorptionBrC_InSitu_UVtoRed_None_Bulk_STP, Water Soluble Brown Carbon absorption at 540 nm
WSAbs560, Mm-1, AerOpt_AbsorptionBrC_InSitu_UVtoRed_None_Bulk_STP, Water Soluble Brown Carbon absorption at 560 nm
WSAbs580, Mm-1, AerOpt_AbsorptionBrC_InSitu_UVtoRed_None_Bulk_STP, Water Soluble Brown Carbon absorption at 580 nm
WSAbs600, Mm-1, AerOpt_AbsorptionBrC_InSitu_UVtoRed_None_Bulk_STP, Water Soluble Brown Carbon absorption at 600 nm
WSAbs620, Mm-1, AerOpt_AbsorptionBrC_InSitu_UVtoRed_None_Bulk_STP, Water Soluble Brown Carbon absorption at 620 nm
WSAbs640, Mm-1, AerOpt_AbsorptionBrC_InSitu_UVtoRed_None_Bulk_STP, Water Soluble Brown Carbon absorption at 640 nm
WSAbs660, Mm-1, AerOpt_AbsorptionBrC_InSitu_UVtoRed_None_Bulk_STP, Water Soluble Brown Carbon absorption at 660 nm
WSAbs680, Mm-1, AerOpt_AbsorptionBrC_InSitu_UVtoRed_None_Bulk_STP, Water Soluble Brown Carbon absorption at 680 nm
WSAbs700, Mm-1, AerOpt_AbsorptionBrC_InSitu_UVtoRed_None_Bulk_STP, Water Soluble Brown Carbon absorption at 700 nm
WSAbs365, Mm-1, AerOpt_AbsorptionBrC_InSitu_UVtoRed_None_Bulk_STP, Water Soluble Brown Carbon absorption at 365 nm
0
18
PI_CONTACT_INFO: rweber@eas.gatech.edu
PLATFORM: NASA DC-8 aircraft
LOCATION: Aircraft location is given by the navigational file
ASSOCIATED_DATA: N/A
[...]
DATA_INFO: Samples collected by mist chamber were injected through 0.22 pore size syringe filter and then a 2.5 m path length LWCC, and light absorption was measured by Ocean Optics USB4000 spectrometer. Absorption from 300 to 700 nm were recorded. Absorption of pure solvent was subtracted from the sample. Raw absorption data were processed by the equation Abs=Raw*(Volume of liquid in the mist chamber)/(Volume of air collected at STP)/(Optical Path Length, 2.5m here)*ln(10). Data reported here were averaged over 20 nm wavelength intervals. i.e. absorption at 400 nm were average by absorption data between 390 nm to 410 nm. All data have been blank corrected by averaging all blank filter in this mission (2-3 blank filters per flight). Data are reported under STP, which is T=273K & p=1013 mb. When using the data, the absorption had better to corrected by higher wavelength, ie Abs700 for baseline drift. UNCERTAINTY: Data may have smearing issues. If we do not account for smearing or blank, the uncertainty is ~5%
UNCERTAINTY: Data may have smearing issues. If we do not account for smearing or blank, the uncertainty is ~5%
ULOD_FLAG: -7777
ULOD_VALUE: N/A
LLOD_FLAG: -8888
LLOD_VALUE: N/A
DM_CONTACT_INFO: lhzeng@gatech.edu
PROJECT_INFO: FIREX-AQ, 2019
STIPULATIONS_ON_USE: Use of these data require prior ok from PI.
OTHER_COMMENTS: N/A
REVISION: R0
RA: Preliminary Data.  For in-field use only.
Time_Start, Time_Stop, Time_Mid, WSAbs300, WSAbs320, WSAbs340, WSAbs360, WSAbs380, WSAbs400, WSAbs420, WSAbs440, WSAbs460, WSAbs480, WSAbs500, WSAbs520, WSAbs540, WSAbs560, WSAbs580, WSAbs600, WSAbs620, WSAbs640, WSAbs660, WSAbs680, WSAbs700, WSAbs365
75432,75582,75507,11.0493,4.78562,3.13312,2.04209,1.37506,0.896952,0.627985,0.474911,0.33975,0.20528,0.168213,0.133999,0.0708801,0.0292394,0.00323262,-0.00646076,-0.0320757,-0.0439697,-0.0381364,-0.057775,-0.0905917,1.78163
75582,75732,75657,12.3974,5.43767,3.17499,1.90133,1.25815,0.86101,0.557027,0.401843,0.250625,0.176549,0.138745,0.0923042,0.0367018,0.0221564,-0.00162303,-0.00974479,-0.0140928,-0.0537883,-0.0443115,-0.0651953,-0.0742642,1.74521
75733,75883,75808,3.83866,2.05725,1.4108,0.822887,0.591475,0.444505,0.294629,0.249067,0.170252,0.127163,0.101064,0.0659808,0.0353876,-0.00218623,-0.00747116,-0.0115454,-0.0233611,-0.0688759,-0.0530885,-0.0704998,-0.100019,0.784766
75883,76033,75958,3.20733,1.79337,1.13173,0.889935,0.643923,0.527241,0.406065,0.323142,0.213505,0.175784,0.1415,0.128654,0.0878014,0.00130096,-0.0117646,-0.0296073,-0.050743,-0.0799202,-0.0569576,-0.0934335,-0.188643,0.809593
76034,76184,76109,5.72474,2.08753,1.29984,0.673241,0.34271,0.169828,0.0328476,-0.0435347,-0.12901,-0.156604,-0.168326,-0.211516,-0.213266,-0.229925,-0.22909,-0.232884,-0.251353,-0.263456,-0.24756,-0.253748,-0.276641,0.585828
76184,76334,76259,2.54132,1.07018,0.879141,0.521225,0.334821,0.226356,0.103752,0.0351517,-0.0222111,-0.0558622,-0.0524335,-0.0950238,-0.111,-0.116051,-0.130683,-0.161082,-0.173858,-0.192117,-0.187173,-0.21277,-0.22838,0.473677
76335,76485,76410,3.42415,1.5688,0.844649,0.484743,0.264291,0.0905752,-0.0354748,-0.089847,-0.147727,-0.164239,-0.205686,-0.215227,-0.224588,-0.236737,-0.245364,-0.260257,-0.270924,-0.282723,-0.275502,-0.262134,-0.300981,0.392947
76485,76635,76560,1.76838,0.948352,0.606497,0.312599,0.126923,0.0371748,-0.0560746,-0.135589,-0.181308,-0.205867,-0.240683,-0.249595,-0.27618,-0.277259,-0.286803,-0.30288,-0.309787,-0.31543,-0.3282,-0.328481,-0.35081,0.263107
76636,76786,76711,3.0372,1.48559,0.737265,0.320673,0.0812291,-0.0548495,-0.166062,-0.226517,-0.267303,-0.305184,-0.300145,-0.324553,-0.33513,-0.345477,-0.367325,-0.367786,-0.377694,-0.377942,-0.373836,-0.375335,-0.400767,0.227708
76786,76936,76861,5.57844,2.17687,1.32495,0.56123,0.170237,-0.0440105,-0.173908,-0.247948,-0.333098,-0.367734,-0.384354,-0.420282,-0.429053,-0.45136,-0.443972,-0.451482,-0.470617,-0.472085,-0.464799,-0.446817,-0.492316,0.433239
76937,77087,77012,1.29973,0.61087,0.352282,0.189145,0.0513514,-0.011239,-0.0770632,-0.145421,-0.181486,-0.231552,-0.194735,-0.239213,-0.27419,-0.301517,-0.309941,-0.318655,-0.332191,-0.355878,-0.341793,-0.319077,-0.423442,0.147284
77088,77238,77163,1.07672,0.449414,0.312424,0.1757,0.0275477,-0.0604999,-0.123059,-0.165794,-0.194707,-0.234333,-0.250468,-0.264328,-0.311292,-0.305949,-0.311788,-0.326372,-0.331777,-0.352993,-0.364426,-0.387073,-0.413473,0.110932
77238,77388,77313,4.57439,1.83923,0.756336,0.244196,-0.0554161,-0.213456,-0.301187,-0.376885,-0.420912,-0.449069,-0.456384,-0.466003,-0.47801,-0.48391,-0.498297,-0.483789,-0.495417,-0.491448,-0.501862,-0.466079,-0.512547,0.146442
77389,77539,77464,7.19403,2.40922,1.28544,0.588067,0.152659,-0.107214,-0.25742,-0.351113,-0.412984,-0.454436,-0.46734,-0.505908,-0.516933,-0.510739,-0.527036,-0.5321,-0.53683,-0.53764,-0.546506,-0.533598,-0.56,0.442386
77539,77689,77614,1.90235,0.760992,0.295673,0.00557294,-0.19394,-0.303449,-0.406005,-0.449475,-0.507638,-0.547614,-0.575012,-0.586521,-0.589627,-0.623157,-0.626947,-0.648243,-0.648445,-0.661143,-0.653431,-0.628754,-0.690574,-0.0817786
77690,77840,77765,1.94204,0.772117,0.283355,0.00393165,-0.182553,-0.308481,-0.388417,-0.442364,-0.49349,-0.520715,-0.534389,-0.544583,-0.549797,-0.580416,-0.56945,-0.576416,-0.590924,-0.59964,-0.588821,-0.560447,-0.610653,-0.0492462
77840,77990,77915,1.80742,0.388052,0.212188,-0.168554,-0.314408,-0.418446,-0.477431,-0.563381,-0.602564,-0.653999,-0.652323,-0.679397,-0.705529,-0.719899,-0.73275,-0.755708,-0.754104,-0.767789,-0.774041,-0.718284,-0.808506,-0.190771
77991,78141,78066,2.33895,0.72028,0.216748,-0.0619499,-0.206069,-0.370683,-0.435187,-0.508386,-0.554019,-0.602392,-0.622161,-0.648409,-0.667338,-0.671679,-0.675825,-0.698941,-0.695298,-0.715275,-0.709486,-0.688562,-0.740123,-0.0832639
78141,78291,78216,3.40564,1.67878,0.785909,0.0813129,-0.235007,-0.387977,-0.501387,-0.585602,-0.637134,-0.658234,-0.670471,-0.695399,-0.707684,-0.718179,-0.718336,-0.714203,-0.726615,-0.720512,-0.722049,-0.67611,-0.741709,-0.00882987
78292,78442,78367,3.83473,0.92742,0.439438,-0.189695,-0.425036,-0.585243,-0.680304,-0.739299,-0.786342,-0.816632,-0.833558,-0.839441,-0.84758,-0.852926,-0.868097,-0.86543,-0.859121,-0.876456,-0.867479,-0.810685,-0.885195,-0.250164
78442,78592,78517,2.11772,0.575492,0.13344,-0.21768,-0.39809,-0.497995,-0.554746,-0.592462,-0.626053,-0.655057,-0.665232,-0.675028,-0.702784,-0.698183,-0.707854,-0.724617,-0.726968,-0.719118,-0.733996,-0.696197,-0.741742,-0.281674
78593,78743,78668,0.77854,0.00222122,-0.0211677,-0.293093,-0.435564,-0.512404,-0.575091,-0.634217,-0.677685,-0.713889,-0.740139,-0.727527,-0.763898,-0.772959,-0.796642,-0.831388,-0.84002,-0.848345,-0.849481,-0.839794,-0.911162,-0.348956
78743,78893,78818,1.90325,0.395931,0.0847638,-0.305347,-0.471904,-0.607595,-0.678421,-0.748093,-0.807216,-0.83189,-0.852095,-0.885208,-0.887448,-0.906297,-0.911174,-0.909897,-0.927949,-0.944502,-0.932429,-0.894987,-0.972721,-0.349423
78894,79044,78969,0.42614,0.110848,-0.202202,-0.357907,-0.476547,-0.552546,-0.585126,-0.641138,-0.683692,-0.72181,-0.744755,-0.752635,-0.782437,-0.797926,-0.802818,-0.799712,-0.818151,-0.85313,-0.843546,-0.842308,-0.91489,-0.394848
79045,79195,79120,3.05064,0.74804,0.0819214,-0.293536,-0.536238,-0.666302,-0.753443,-0.81015,-0.845838,-0.858286,-0.85882,-0.880149,-0.903225,-0.896935,-0.897371,-0.904832,-0.917968,-0.908948,-0.916719,-0.855667,-0.926946,-0.395
79195,79345,79270,1.0337,0.0879508,-0.105256,-0.274434,-0.389437,-0.519314,-0.607605,-0.654167,-0.707208,-0.740773,-0.758489,-0.796363,-0.784347,-0.812742,-0.816407,-0.841727,-0.837407,-0.868479,-0.8545,-0.846319,-0.906987,-0.326515
79346,79496,79421,0.861181,0.320562,0.0546973,-0.120836,-0.285044,-0.40036,-0.481507,-0.530579,-0.57449,-0.599548,-0.633379,-0.647764,-0.657574,-0.679969,-0.686022,-0.696403,-0.704651,-0.709799,-0.707814,-0.671859,-0.743242,-0.193243
79496,79646,79571,2.60605,0.4508,0.0680401,-0.216463,-0.410233,-0.528229,-0.590454,-0.647505,-0.671708,-0.699535,-0.706747,-0.721856,-0.724832,-0.740395,-0.728599,-0.738325,-0.733975,-0.744846,-0.744415,-0.732851,-0.759794,-0.297651
79647,79797,79722,0.234411,0.0995159,-0.0695616,-0.27129,-0.370157,-0.430927,-0.468921,-0.501833,-0.537936,-0.56898,-0.576804,-0.604669,-0.598373,-0.616439,-0.606803,-0.630772,-0.634023,-0.634424,-0.63973,-0.634304,-0.66731,-0.308541
79797,79947,79872,1.08434,0.430174,0.0713348,-0.250643,-0.390182,-0.467987,-0.543635,-0.583127,-0.597273,-0.624928,-0.635771,-0.661721,-0.660822,-0.673718,-0.676577,-0.682207,-0.672941,-0.677232,-0.677999,-0.683812,-0.698582,-0.292954
79948,80098,80023,0.414088,-0.122019,-0.264462,-0.344395,-0.411306,-0.451673,-0.496876,-0.523059,-0.54986,-0.55813,-0.564573,-0.581537,-0.578786,-0.592215,-0.602065,-0.595432,-0.609056,-0.621267,-0.606348,-0.587049,-0.635181,-0.372347
80098,80248,80173,0.74409,0.0754887,-0.188556,-0.29163,-0.382273,-0.424619,-0.472283,-0.510452,-0.543318,-0.561568,-0.58345,-0.595724,-0.612467,-0.636981,-0.639279,-0.639589,-0.640751,-0.654092,-0.659936,-0.661616,-0.699418,-0.322204
80249,80399,80324,0.401034,-0.0343345,-0.212505,-0.260692,-0.353081,-0.381576,-0.420538,-0.453036,-0.489702,-0.496073,-0.502852,-0.529282,-0.520347,-0.535509,-0.536448,-0.537772,-0.547528,-0.573227,-0.573803,-0.571289,-0.612007,-0.302403
80399,80549,80474,5.93342,5.89161,3.89962,2.94284,2.07041,1.49211,1.04928,0.749223,0.505615,0.293788,0.410695,0.111902,0.0566388,-0.0837745,-0.218282,-0.346104,-0.36106,-0.499483,-0.495431,-0.516209,-0.858765,2.56082
80550,80700,80625,25.983,20.9789,14.2775,11.2971,8.74777,6.75529,5.22739,4.16629,3.62098,2.7956,2.32335,2.05131,1.65281,1.57057,1.21677,1.20957,0.96282,0.691427,0.800316,0.607806,0.154618,10.6145
80700,80850,80775,22.2179,7.80747,3.90102,2.02915,0.943558,0.353301,-0.053383,-0.346756,-0.485104,-0.605834,-0.657485,-0.709549,-0.748507,-0.76964,-0.789639,-0.813074,-0.831369,-0.839431,-0.834052,-0.812171,-0.861425,1.79333
80851,81001,80926,29.1521,13.8405,10.5503,6.14462,4.71067,3.23886,2.63541,1.84355,1.27996,1.013,0.681071,0.582766,0.474505,0.309734,0.210975,0.061987,0.0162252,-0.183707,-0.104984,-0.189516,-0.359892,5.95981
81001,81151,81076,76.8007,32.3989,24.4656,15.5514,10.4536,7.1074,5.22951,3.80279,2.88711,2.29135,2.07403,1.49276,1.36803,1.05361,1.00023,0.805077,0.74058,0.597928,0.658839,0.557713,0.444966,13.7393
81152,81302,81227,23.8381,12.9852,8.43114,5.04845,3.35539,2.16736,1.39137,0.773971,0.424962,0.14647,0.0652304,-0.0468983,-0.231791,-0.30962,-0.37407,-0.396428,-0.46472,-0.531151,-0.510094,-0.512192,-0.621362,4.40602
81302,81452,81377,78.8426,37.2456,28.6144,24.1928,20.0787,15.7806,13.2122,11.4093,9.73627,8.11572,8.0132,7.33033,6.63991,5.35096,5.11959,4.76103,4.2519,3.68734,3.70549,3.24097,2.07169,22.5055
81453,81603,81528,279.872,158.635,124.763,89.1567,65.0936,52.772,40.8355,35.3032,29.2336,25.7391,24.3718,20.7712,20.3933,18.9527,17.8163,16.3392,15.8086,14.5877,14.9981,13.7376,13.2316,82.0105
81604,81754,81679,32.0555,22.8859,19.1893,12.347,10.0144,8.07231,6.31854,5.41072,4.32481,3.62804,3.47506,2.89249,2.24662,2.40128,2.00516,1.86767,1.49328,1.12326,1.20895,1.04532,0.473761,12.058
81754,81904,81829,72.9082,48.1113,38.3972,26.4948,20.583,15.0664,12.0265,10.4381,8.64773,6.93503,6.94844,5.88752,5.09577,4.58836,4.30893,3.85594,3.77535,2.99901,3.28383,2.87962,2.26988,24.3549
81905,82055,81980,194.718,104.673,75.0542,61.0708,45.8788,38.3851,32.6724,27.1536,23.6466,20.9993,20.4285,17.7226,15.8169,14.8916,14.8424,13.7651,12.7746,11.6758,11.8654,11.0721,9.64424,56.2493
82055,82205,82130,79.8475,41.183,22.105,14.9139,9.50865,6.96714,4.92315,3.46359,2.59817,2.18031,1.73058,1.61582,1.24162,1.11995,0.99678,0.965602,0.889642,0.770363,0.785964,0.692561,0.657709,13.0693
82206,82356,82281,315.856,203.77,148.672,106.96,80.5584,61.6667,48.8317,40.9377,34.5351,30.8966,29.0935,26.5759,26.2274,24.463,23.7264,22.781,22.3103,21.0467,21.4395,20.6538,20.1594,97.6311
82357,82507,82432,24.4358,14.6107,12.1061,7.65842,5.64827,3.83051,2.7658,2.25263,1.6437,1.27262,1.10722,0.857211,0.576373,0.471254,0.373373,0.243068,0.239884,0.063012,0.110869,0.0285349,-0.113492,6.88046
82507,82657,82582,88.321,52.9701,41.7872,30.4463,25.1938,21.9443,17.431,15.2339,13.4175,11.9071,10.7914,10.4734,9.37952,9.085,8.48077,7.75716,7.47656,6.61092,6.73527,5.96359,4.90749,29.8951
82658,82808,82733,223.745,118.545,82.4156,61.3695,46.5803,36.5786,31.7954,25.6901,22.8619,20.1964,20.0004,17.5684,16.7304,15.0483,13.9635,14.0338,13.1984,12.2825,12.4964,11.5087,10.7011,56.1943
82808,82958,82883,33.4513,26.5811,18.2691,12.7891,9.05779,6.82612,5.34044,4.46293,3.52774,2.9504,2.59593,2.35651,2.23321,1.95596,1.77608,1.61992,1.4707,1.30633,1.3613,1.20837,1.0299,11.7378
82959,83109,83034,336.774,138.877,86.3304,55.1293,39.5966,29.5192,22.9394,19.6258,16.594,14.8991,13.9377,13.0413,12.2298,11.7459,11.3821,11.1429,10.9169,10.4873,10.6103,10.2402,10.2291,51.1034
83110,83260,83185,67.5561,36.5654,23.8064,16.0616,12.0754,8.76409,6.84124,5.36738,4.68987,3.91431,3.49228,3.08371,2.85032,2.41786,2.33837,2.24049,2.08673,1.7854,1.90534,1.71888,1.52906,14.4921
83260,83410,83335,46.6341,34.2423,25.3433,18.283,14.7314,11.2901,9.47338,8.17749,6.99359,6.14663,5.58066,5.38743,4.50762,4.15035,3.7534,3.74791,3.44057,3.0319,3.23509,2.81857,2.2804,16.9911
83411,83561,83486,127.203,70.1718,45.7561,35.5671,26.7069,21.5044,17.801,15.0084,12.8391,11.1796,10.9484,10.2437,9.13849,8.62558,8.4469,7.96726,7.68157,7.20937,7.25017,6.74894,6.5445,32.6996
83561,83711,83636,104.641,78.5612,60.4561,39.5542,32.374,25.6867,22.2985,19.1954,16.2792,14.7196,13.5378,13.2179,11.6068,10.8787,10.7337,10.0848,9.61917,8.89643,9.11745,8.46593,7.85133,38.4964
83712,83862,83787,39.8632,20.4042,16.8966,12.4475,9.25294,7.17285,6.07948,4.94792,4.18189,3.60872,3.16844,2.78057,2.73351,2.35164,2.11661,1.96773,1.88757,1.58017,1.66463,1.44738,1.23343,11.1757
83863,84013,83938,83.4225,33.011,25.0718,15.3631,11.217,8.44627,6.41132,5.07648,4.03316,3.46945,3.35114,2.9692,2.58711,2.30131,2.21223,2.11492,2.01866,1.89145,1.9192,1.64989,1.71429,14.501
84013,84163,84088,82.5197,50.5002,36.0298,23.7266,17.7125,13.0023,10.6722,8.67324,7.58886,6.42058,6.33895,5.48146,4.92262,4.77624,4.45385,4.32842,4.18926,3.94692,4.05495,3.53668,3.65037,21.5647
84164,84314,84239,104.913,81.329,53.3216,41.4071,31.0996,26.3739,21.6883,18.3869,15.3805,13.8917,13.4276,12.2243,11.4285,10.8583,10.1594,9.54755,9.47116,8.79769,8.94425,8.42667,8.03245,38.9709
84314,84464,84389,77.9058,27.8336,19.2408,10.9678,7.38019,4.8138,3.56205,2.64528,2.00507,1.66346,1.5278,1.36296,1.20736,1.08743,1.01101,0.959625,0.902631,0.849525,0.881658,0.758559,0.795148,9.67695
84465,84615,84540,63.0117,46.9787,32.9789,26.0395,21.1075,17.0322,13.9589,12.1067,10.7001,9.32905,8.85581,7.93931,7.48427,7.20778,6.33673,6.41609,5.88064,5.31805,5.54395,5.07023,4.3922,23.934
84615,84765,84690,41.7867,27.0727,21.6963,15.6069,13.6732,11.3025,9.58818,8.46046,7.44753,6.36477,6.46795,5.37621,5.25683,4.88598,4.707,4.29005,4.16096,3.35299,3.76228,3.31607,2.40717,15.1445
84766,84916,84841,49.0001,26.9669,19.6544,13.1721,9.77334,7.90066,6.25686,5.06272,4.11426,3.47486,3.07868,2.81861,2.49347,2.3428,2.09857,1.95604,1.82424,1.5707,1.55489,1.46631,1.23273,12.258
84916,85066,84991,27.6336,16.1829,11.6966,8.55602,6.29125,5.06379,4.13031,3.47528,2.72003,2.28074,2.18875,1.95263,1.47599,1.33983,1.36081,1.16287,1.04882,0.774263,0.787621,0.72006,0.375624,7.74245
85067,85217,85142,81.2124,49.4556,33.636,24.5288,18.0781,15.6359,12.4447,10.5157,9.01379,7.97076,7.22741,7.14684,5.89156,5.6404,5.16681,4.99352,4.79315,4.42204,4.55813,4.00953,3.62111,22.4901
85217,85367,85292,93.6035,53.9421,39.0275,32.227,26.6486,21.7992,19.0041,16.7299,14.2626,12.7934,13.214,11.2735,11.0308,9.57039,9.34402,9.21685,8.67223,7.73801,7.70604,6.808,6.2231,30.1211
85368,85518,85443,29.2241,16.9579,11.1674,8.73811,6.08819,4.73432,3.48937,2.92876,2.21329,1.85891,1.78742,1.48156,1.28409,1.17537,1.01168,0.920379,0.838201,0.727751,0.797799,0.673268,0.563512,7.78398
85518,85668,85593,30.921,18.5864,12.7698,8.78108,6.05964,4.53656,3.77295,3.00521,2.30114,1.96666,1.90735,1.66294,1.33156,1.28223,1.10253,1.0416,0.989313,0.833929,0.855934,0.723349,0.677,7.82032
85669,85819,85744,156.886,76.0875,45.5694,28.3921,21.597,16.3872,12.8605,10.2281,9.0671,7.92021,7.16179,6.61541,6.29021,6.00992,5.88315,5.62946,5.50136,5.27594,5.33587,4.95597,5.05391,27.0331
85819,85969,85894,22.6014,19.8548,14.4476,9.93269,8.06974,6.1702,5.25946,4.25357,3.66796,3.23212,3.14191,2.58631,2.27101,2.07814,1.95524,1.85433,1.83193,1.51759,1.548,1.40745,1.10742,9.27949
85970,86120,86045,55.0962,29.2958,21.3041,13.5508,9.21131,7.4019,5.36506,4.33677,3.66125,3.04799,2.72031,2.43314,2.21579,2.0765,1.84023,1.77796,1.74491,1.5152,1.5777,1.34489,1.34001,12.0024
86120,86270,86195,14.1057,10.6626,7.30735,5.18734,3.8621,2.75819,2.04604,1.65082,1.26189,0.97921,0.922347,0.600707,0.488143,0.492786,0.37542,0.300458,0.276259,0.164143,0.183455,0.114834,0.0304933,4.69598
86271,86421,86346,64.949,35.1989,30.906,22.8687,19.9745,17.3682,14.6415,12.7759,11.088,10.0664,10.0945,8.48035,8.66826,7.84719,7.20963,6.5504,6.66953,5.44959,5.88666,5.23686,4.14265,22.7005
86422,86572,86497,20.2912,13.8766,11.5828,9.99539,7.92584,6.44663,5.87587,4.86665,4.4519,3.68054,3.84949,2.99075,3.0066,2.48651,2.46085,2.10241,2.2166,1.73153,1.83338,1.54843,0.854648,9.1673
86572,86722,86647,143.74,71.514,57.0308,34.8309,23.6202,17.9932,13.8337,10.9176,8.94107,7.77035,7.07473,6.57241,6.11978,5.66238,5.41452,5.18052,5.12493,4.79407,4.82591,4.57331,4.52933,30.81
