Data/Raw/WEBER,RODNEY/FIREXAQ-SAGA-AERO-BrC_DC8_20190808_R0.ict
79, 1001
Weber, Rodney
Georgia Institute of Technology
Brown carbon measured 
FIREXAQ
1, 1
2019, 08, 08, 2020, 03, 03
0
Time_Start, seconds_past_midnight, Time_Start, seconds_past_midnight
47
1, 1, 1, 1, 1, 1, 1, 1, 1, 1, 1, 1, 1, 1, 1, 1, 1, 1, 1, 1, 1, 1, 1, 1, 1, 1, 1, 1, 1, 1, 1, 1, 1, 1, 1, 1, 1, 1, 1, 1, 1, 1, 1, 1, 1, 1, 1
-9999, -9999, -9999, -9999, -9999, -9999, -9999, -9999, -9999, -9999, -9999, -9999, -9999, -9999, -9999, -9999, -9999, -9999, -9999, -9999, -9999, -9999, -9999, -9999, -9999, -9999, -9999, -9999, -9999, -9999, -9999, -9999, -9999, -9999, -9999, -9999, -9999, -9999, -9999, -9999, -9999, -9999, -9999, -9999, -9999, -9999, -9999
Time_Stop, seconds_past_midnight, Time_Stop, seconds_past_midnight
Time_Mid, seconds_past_midnight, Time_Mid, seconds_past_midnight
WSAbs300, Mm-1, AerOpt_AbsorptionBrC_InSitu_UVtoRed_None_Bulk_STP, Water Soluble Brown Carbon absorption at 300 nm
WSAbs320, Mm-1, AerOpt_AbsorptionBrC_InSitu_UVtoRed_None_Bulk_STP, Water Soluble Brown Carbon absorption at 320 nm
WSAbs340, Mm-1, AerOpt_AbsorptionBrC_InSitu_UVtoRed_None_Bulk_STP, Water Soluble Brown Carbon absorption at 340 nm
WSAbs360, Mm-1, AerOpt_AbsorptionBrC_InSitu_UVtoRed_None_Bulk_STP, Water Soluble Brown Carbon absorption at 360 nm
WSAbs380, Mm-1, AerOpt_AbsorptionBrC_InSitu_UVtoRed_None_Bulk_STP, Water Soluble Brown Carbon absorption at 380 nm
WSAbs400, Mm-1, AerOpt_AbsorptionBrC_InSitu_UVtoRed_None_Bulk_STP, Water Soluble Brown Carbon absorption at 400 nm
WSAbs420, Mm-1, AerOpt_AbsorptionBrC_InSitu_UVtoRed_None_Bulk_STP, Water Soluble Brown Carbon absorption at 420 nm
WSAbs440, Mm-1, AerOpt_AbsorptionBrC_InSitu_UVtoRed_None_Bulk_STP, Water Soluble Brown Carbon absorption at 440 nm
WSAbs460, Mm-1, AerOpt_AbsorptionBrC_InSitu_UVtoRed_None_Bulk_STP, Water Soluble Brown Carbon absorption at 460 nm
WSAbs480, Mm-1, AerOpt_AbsorptionBrC_InSitu_UVtoRed_None_Bulk_STP, Water Soluble Brown Carbon absorption at 480 nm
WSAbs500, Mm-1, AerOpt_AbsorptionBrC_InSitu_UVtoRed_None_Bulk_STP, Water Soluble Brown Carbon absorption at 500 nm
WSAbs520, Mm-1, AerOpt_AbsorptionBrC_InSitu_UVtoRed_None_Bulk_STP, Water Soluble Brown Carbon absorption at 520 nm
WSAbs540, Mm-1, AerOpt_AbsorptionBrC_InSitu_UVtoRed_None_Bulk_STP, Water Soluble Brown Carbon absorption at 540 nm
WSAbs560, Mm-1, AerOpt_AbsorptionBrC_InSitu_UVtoRed_None_Bulk_STP, Water Soluble Brown Carbon absorption at 560 nm
WSAbs580, Mm-1, AerOpt_AbsorptionBrC_InSitu_UVtoRed_None_Bulk_STP, Water Soluble Brown Carbon absorption at 580 nm
WSAbs600, Mm-1, AerOpt_AbsorptionBrC_InSitu_UVtoRed_None_Bulk_STP, Water Soluble Brown Carbon absorption at 600 nm
WSAbs620, Mm-1, AerOpt_AbsorptionBrC_InSitu_UVtoRed_None_Bulk_STP, Water Soluble Brown Carbon absorption at 620 nm
WSAbs640, Mm-1, AerOpt_AbsorptionBrC_InSitu_UVtoRed_None_Bulk_STP, Water Soluble Brown Carbon absorption at 640 nm
WSAbs660, Mm-1, AerOpt_AbsorptionBrC_InSitu_UVtoRed_None_Bulk_STP, Water Soluble Brown Carbon absorption at 660 nm
WSAbs680, Mm-1, AerOpt_AbsorptionBrC_InSitu_UVtoRed_None_Bulk_STP, Water Soluble Brown Carbon absorption at 680 nm
WSAbs700, Mm-1, AerOpt_AbsorptionBrC_InSitu_UVtoRed_None_Bulk_STP, Water Soluble Brown Carbon absorption at 700 nm
WSAbs365, Mm-1, AerOpt_AbsorptionBrC_InSitu_UVtoRed_None_Bulk_STP, Water Soluble Brown Carbon absorption at 365 nm
WSOC, ug m-3, AerComp_WSOC_inSitu_None_Bulk, MassSTP, Water Soluble Organic Carbon
MSAbs300, Mm-1, AerOpt_AbsorptionBrC_InSitu_UVtoRed_None_Bulk_STP, MeOH Soluble Brown Carbon absorption at 300 nm
MSAbs320, Mm-1, AerOpt_AbsorptionBrC_InSitu_UVtoRed_None_Bulk_STP, MeOH Soluble Brown Carbon absorption at 320 nm
MSAbs340, Mm-1, AerOpt_AbsorptionBrC_InSitu_UVtoRed_None_Bulk_STP, MeOH Soluble Brown Carbon absorption at 340 nm
MSAbs360, Mm-1, AerOpt_AbsorptionBrC_InSitu_UVtoRed_None_Bulk_STP, MeOH Soluble Brown Carbon absorption at 360 nm
MSAbs380, Mm-1, AerOpt_AbsorptionBrC_InSitu_UVtoRed_None_Bulk_STP, MeOH Soluble Brown Carbon absorption at 380 nm
MSAbs400, Mm-1, AerOpt_AbsorptionBrC_InSitu_UVtoRed_None_Bulk_STP, MeOH Soluble Brown Carbon absorption at 400 nm
MSAbs420, Mm-1, AerOpt_AbsorptionBrC_InSitu_UVtoRed_None_Bulk_STP, MeOH Soluble Brown Carbon absorption at 420 nm
MSAbs440, Mm-1, AerOpt_AbsorptionBrC_InSitu_UVtoRed_None_Bulk_STP, MeOH Soluble Brown Carbon absorption at 440 nm
MSAbs460, Mm-1, AerOpt_AbsorptionBrC_InSitu_UVtoRed_None_Bulk_STP, MeOH Soluble Brown Carbon absorption at 460 nm
MSAbs480, Mm-1, AerOpt_AbsorptionBrC_InSitu_UVtoRed_None_Bulk_STP, MeOH Soluble Brown Carbon absorption at 480 nm
MSAbs500, Mm-1, AerOpt_AbsorptionBrC_InSitu_UVtoRed_None_Bulk_STP, MeOH Soluble Brown Carbon absorption at 500 nm
MSAbs520, Mm-1, AerOpt_AbsorptionBrC_InSitu_UVtoRed_None_Bulk_STP, MeOH Soluble Brown Carbon absorption at 520 nm
MSAbs540, Mm-1, AerOpt_AbsorptionBrC_InSitu_UVtoRed_None_Bulk_STP, MeOH Soluble Brown Carbon absorption at 540 nm
MSAbs560, Mm-1, AerOpt_AbsorptionBrC_InSitu_UVtoRed_None_Bulk_STP, MeOH Soluble Brown Carbon absorption at 560 nm
MSAbs580, Mm-1, AerOpt_AbsorptionBrC_InSitu_UVtoRed_None_Bulk_STP, MeOH Soluble Brown Carbon absorption at 580 nm
MSAbs600, Mm-1, AerOpt_AbsorptionBrC_InSitu_UVtoRed_None_Bulk_STP, MeOH Soluble Brown Carbon absorption at 600 nm
MSAbs620, Mm-1, AerOpt_AbsorptionBrC_InSitu_UVtoRed_None_Bulk_STP, MeOH Soluble Brown Carbon absorption at 620 nm
MSAbs640, Mm-1, AerOpt_AbsorptionBrC_InSitu_UVtoRed_None_Bulk_STP, MeOH Soluble Brown Carbon absorption at 640 nm
MSAbs660, Mm-1, AerOpt_AbsorptionBrC_InSitu_UVtoRed_None_Bulk_STP, MeOH Soluble Brown Carbon absorption at 660 nm
MSAbs680, Mm-1, AerOpt_AbsorptionBrC_InSitu_UVtoRed_None_Bulk_STP, MeOH Soluble Brown Carbon absorption at 680 nm
MSAbs700, Mm-1, AerOpt_AbsorptionBrC_InSitu_UVtoRed_None_Bulk_STP, MeOH Soluble Brown Carbon absorption at 700 nm
MSAbs365, Mm-1, AerOpt_AbsorptionBrC_InSitu_UVtoRed_None_Bulk_STP, MeOH Soluble Brown Carbon absorption at 365 nm
0
18
PI_CONTACT_INFO: rweber@eas.gatech.edu
PLATFORM: NASA DC-8 aircraft 
LOCATION: Aircraft location is given by the navigational file
ASSOCIATED_DATA: N/A
INSTRUMENT_INFO: WPI LWCC, Ocean Optics USB4000 spectrometer and GE Sievers 900 TOC Portable Analyzer
DATA_INFO: Filters were first extracted in 15 ml of water, dried and then extracted again using 15 ml of methanol. Each extract was filtered with a 0.22 um pore size syringe filter and then injected through a 2.5 m path length LWCC and light absorption measured by Ocean Optics USB4000 spectrometer. Absorption from 300 to 700 nm were recorded. Absorption of pure solvent was subtracted from the sample. Raw absorption data were processed by the equation Abs=Raw*(Volume of extraction liquid)/(Volume of air collected at STP)/(Optical Path Length, 2.5m here)*ln(10). Data reported here were averaged over 20 nm wavelength intervals. i.e. absorption at 400 nm were average by absorption data between 390 nm to 410 nm. Ambient WSOC concentration derived from liquid WSOC concentration with similar equation. All data have been blank corrected by averaging all blank filter in this mission (2-3 blank filters per flight). Limit of detection (LOD) was determined by three times standard deviation of blank data. Data are reported under STP, which is T=273K & p=1013 mb. When using the data, the absorption had better to corrected by higher wavelength, ie Abs700 for baseline drift.
UNCERTAINTY: 16% for WSAbs365, 17% for WSOC, 19% for MSAbs365
ULOD_FLAG: -7777
ULOD_VALUE: N/A
LLOD_FLAG: -8888
LLOD_VALUE: N/A
DM_CONTACT_INFO: lhzeng@gatech.edu
PROJECT_INFO: FIREX-AQ, 2019
STIPULATIONS_ON_USE: Use of these data require prior ok from PI.
OTHER_COMMENTS: N/A
REVISION: R0
RA: Preliminary Data.  For in-field use only.
Time_Start, Time_Stop, Time_Mid, WSAbs300, WSAbs320, WSAbs340, WSAbs360, WSAbs380, WSAbs400, WSAbs420, WSAbs440, WSAbs460, WSAbs480, WSAbs500, WSAbs520, WSAbs540, WSAbs560, WSAbs580, WSAbs600, WSAbs620, WSAbs640, WSAbs660, WSAbs680, WSAbs700, WSAbs365, WSOC, MSAbs300, MSAbs320, MSAbs340, MSAbs360, MSAbs380, MSAbs400, MSAbs420, MSAbs440, MSAbs460, MSAbs480, MSAbs500, MSAbs520, MSAbs540, MSAbs560, MSAbs580, MSAbs600, MSAbs620, MSAbs640, MSAbs660, MSAbs680, MSAbs700, MSAbs365
76380,77280,76830,1.19947,0.903655,0.718765,0.566299,0.42145,0.317339,0.243663,0.191009,0.156919,0.0950293,0.0616064,0.0436406,0.027394,0.0214529,0.0212976,0.0182873,0.00533195,-0.00149646,-0.0288272,-0.00930023,0.022348,0.52176,0.403641,0.71394,0.637374,0.494361,0.384494,0.269854,0.192107,0.138996,0.113456,0.0903145,0.0614299,0.0403277,0.0230796,-0.0126072,-0.0331519,-0.0572282,-0.0668708,-0.0650682,-0.0591045,-0.0469586,-0.0551177,-0.0558937,0.352495
77400,78300,77850,0.0685932,0.0679823,0.0829744,0.0867516,0.0403085,0.0143284,0.0103169,0.0133164,-0.000749999,-0.0135359,0.00219628,-0.0200651,-0.02509,-0.0184712,-0.00931949,0.00193154,-0.0223036,-0.0264551,0.00334449,-0.047019,-0.0263034,0.085415,0.103973,-0.0401646,0.105714,0.128783,0.12309,0.0719957,0.0448765,0.0278852,0.0243178,0.0210836,0.0160987,0.00626307,0.000601229,-0.029977,-0.040966,-0.0607576,-0.0579518,-0.0506474,-0.0311489,-0.0262291,-0.0283743,-0.0311231,0.108682
78420,79020,78720,30.8324,25.1305,17.633,12.2945,8.46772,5.81176,4.04503,2.8437,1.99651,1.41077,1.03071,0.728762,0.524889,0.399202,0.306711,0.250054,0.168536,0.156722,0.160221,0.0667173,0.0794838,11.1984,13.8115,54.4632,41.0891,31.5163,24.5377,18.0375,13.8472,10.9185,8.83266,7.28924,6.10951,5.24208,4.58647,4.03271,3.61166,3.21222,2.97743,2.78896,2.64672,2.52394,2.36806,2.24342,22.5986
79140,79620,79380,25.7584,17.8701,12.4814,8.74574,6.02733,4.17577,2.94523,2.11345,1.47295,1.04046,0.753631,0.506957,0.332052,0.250903,0.181842,0.138255,0.042599,-0.00186538,0.00791829,-0.0967089,-0.125051,7.97191,7.37619,26.1479,18.4113,13.7304,10.5046,8.14991,6.4534,5.21363,4.33564,3.66646,3.12169,2.72327,2.4237,2.12728,1.91762,1.67592,1.57759,1.48558,1.37298,1.30525,1.22325,1.15359,9.84562
79740,80220,79980,28.9248,20.3456,14.2086,9.8917,6.77832,4.64096,3.20687,2.22499,1.51185,1.03317,0.719995,0.449661,0.273145,0.175509,0.110848,0.0548945,-0.0283288,-0.0849575,-0.0664383,-0.16461,-0.175046,9.01946,7.20019,78.112,56.386,41.5046,31.0887,22.6233,17.0361,13.1038,10.2735,8.18102,6.61708,5.47679,4.6324,3.9447,3.42438,2.94734,2.68168,2.45525,2.25956,2.11576,1.95215,1.85161,28.5714
80340,80820,80580,0.380692,0.205751,0.116508,0.0491411,-0.0690344,-0.138278,-0.167106,-0.173714,-0.207145,-0.21924,-0.206629,-0.247486,-0.265464,-0.252536,-0.232114,-0.221084,-0.267431,-0.312676,-0.298781,-0.371228,-0.371505,0.040157,0.101101,0.696506,0.729325,0.624659,0.528193,0.415604,0.340464,0.275231,0.246177,0.213192,0.184908,0.152443,0.129509,0.0697119,0.0472408,0.00252273,-0.00127141,0.00260865,-0.0251575,-0.0286841,-0.0176566,0.00188982,0.495553
80940,81420,81180,23.2952,16.1266,11.1576,7.64959,5.16566,3.46384,2.34386,1.59167,1.02568,0.661433,0.424812,0.223966,0.0786162,0.0201794,-0.0302457,-0.0633237,-0.141195,-0.203808,-0.198164,-0.271784,-0.276882,6.94891,6.25893,36.3498,26.5011,19.1034,14.2416,10.7131,8.17455,6.32322,4.98577,3.99112,3.22563,2.67094,2.2565,1.88959,1.63471,1.37097,1.25754,1.14394,1.02921,0.968987,0.881088,0.831193,13.2507
81540,82020,81780,14.4199,9.83163,6.84738,4.83367,3.38488,2.42199,1.77508,1.34113,0.99878,0.775979,0.635323,0.48901,0.395004,0.347299,0.313325,0.288828,0.196574,0.125201,0.10665,0.0288656,0.000717188,4.43403,3.47283,11.6149,8.53831,6.47997,4.997,3.85032,3.01713,2.41451,1.98222,1.65347,1.39783,1.19465,1.05139,0.890296,0.787874,0.658601,0.617078,0.572783,0.506228,0.499057,0.448985,0.4227,4.66887
82140,82680,82410,29.5144,21.1539,14.8201,10.244,6.98604,4.74282,3.25961,2.26744,1.54357,1.06885,0.76055,0.498535,0.334565,0.230635,0.177531,0.12095,0.0373104,-0.0272457,-0.0395343,-0.117826,-0.134211,9.31966,6.63444,34.2678,25.5138,18.5142,13.9472,10.6367,8.22923,6.45845,5.1852,4.21832,3.48561,2.93817,2.53091,2.17606,1.91419,1.6656,1.54011,1.42822,1.31487,1.246,1.15844,1.09631,13.0235
82920,83400,83160,39.5012,35.1662,25.8347,18.291,12.6801,8.78902,6.15862,4.34036,3.03483,2.14366,1.54732,1.07765,0.749744,0.543063,0.398011,0.303234,0.161565,0.0628915,-0.0307822,-0.0752548,-0.15764,16.6766,15.4426,48.0573,35.7533,27.7414,20.5569,15.7269,12.1962,9.62995,7.73685,6.3165,5.23456,4.42971,3.81184,3.29113,2.90534,2.53619,2.34241,2.16308,1.98642,1.87209,1.73722,1.66059,19.2164
83520,84240,83880,25.6526,20.9981,15.1777,10.6784,7.35469,5.02957,3.51053,2.46275,1.71852,1.21795,0.887331,0.620649,0.433374,0.315996,0.244038,0.191782,0.0995022,0.0309245,0.00417158,-0.0444129,-0.0866091,9.7241,8.57519,30.3386,22.608,15.9768,12.026,9.21102,7.15193,5.66406,4.56605,3.74514,3.11204,2.63692,2.27731,1.96789,1.7436,1.52035,1.40348,1.29883,1.20679,1.14304,1.06444,1.00714,11.2356
84360,84840,84600,34.2653,25.002,17.7112,12.431,8.49846,5.80026,4.00808,2.77142,1.86075,1.26972,0.872235,0.544007,0.317119,0.193764,0.110451,0.0458803,-0.0578312,-0.147211,-0.19778,-0.268005,-0.292425,11.3316,12.5474,67.4508,47.5554,34.2388,24.1326,17.896,13.4674,10.2704,7.94761,6.23142,4.94143,3.99378,3.30086,2.71253,2.29471,1.91538,1.70524,1.51283,1.31547,1.18989,1.07925,0.985294,22.398
84960,85500,85230,28.0896,30.1259,26.3819,19.4021,13.6852,9.46036,6.6225,4.63907,3.22755,2.26547,1.61248,1.11654,0.777966,0.548175,0.396947,0.28587,0.151252,0.0527921,-0.00637798,-0.0796074,-0.119814,17.7897,10.3585,47.819,36.077,27.6703,20.6989,15.8073,12.3501,9.84669,8.00527,6.60501,5.52775,4.7131,4.09853,3.57766,3.18046,2.81305,2.59367,2.408,2.24153,2.11428,1.95994,1.86721,19.2832
85620,86100,85860,29.3112,31.3228,30.4829,26.6528,19.4871,13.5772,9.52796,6.67093,4.63957,3.24601,2.2907,1.58349,1.09362,0.763906,0.539985,0.378191,0.211837,0.0869359,0.0135198,-0.0752333,-0.127975,24.7507,9.19285,54.0923,41.7445,32.7047,25.975,19.3927,15.162,12.2181,10.0412,8.41141,7.16969,6.23422,5.50818,4.91022,4.44127,4.00632,3.73506,3.50172,3.28654,3.12749,2.93895,2.80093,23.9752
86220,86760,86490,-0.173469,-0.0865859,-0.107141,-0.12964,-0.131415,-0.145915,-0.143791,-0.153762,-0.154911,-0.173407,-0.155932,-0.145627,-0.158725,-0.128641,-0.123867,-0.111324,-0.104383,-0.114569,-0.135407,-0.135739,-0.125901,-0.140294,0.0928164,0.413659,0.439934,0.397396,0.352928,0.293388,0.243681,0.196033,0.172793,0.150255,0.126285,0.105845,0.084649,0.0547847,0.0394329,0.0254539,0.0311088,0.02613,0.00871726,0.0040645,0.00718717,0.00589635,0.337641
86880,87480,87180,22.8688,24.9123,23.5946,18.278,13.1409,9.16602,6.4714,4.56842,3.24488,2.3021,1.6724,1.22867,0.885719,0.681062,0.525486,0.426551,0.347023,0.281206,0.241366,0.187656,0.154078,16.8049,16.7589,67.9778,46.8123,32.9691,23.6909,16.7247,12.2806,9.22477,7.02496,5.4169,4.22248,3.35089,2.71535,2.20029,1.8259,1.51067,1.32308,1.16835,1.03703,0.938269,0.852225,0.781894,21.9942
87600,88080,87840,28.2955,22.8645,16.5225,11.6796,8.04387,5.43053,3.68055,2.44802,1.58908,0.974197,0.596505,0.334969,0.122948,0.0236474,-0.0692583,-0.102407,-0.15404,-0.209589,-0.206807,-0.234988,-0.236274,10.63,5.7327,30.4722,22.6928,16.2989,12.3008,9.40641,7.28828,5.73738,4.6215,3.77986,3.14036,2.66349,2.30719,1.99379,1.75888,1.54271,1.42963,1.33327,1.23433,1.16114,1.09215,1.0403,11.4972
88200,89100,88650,0.356906,0.232917,0.16937,0.113717,0.0893206,0.0500201,0.0383208,0.0197282,0.00743507,-0.00917192,-0.00501528,-0.0137242,-0.00682841,-0.0288452,-0.0184329,-0.0149427,-0.0161171,-0.02911,-0.0333134,-0.020764,0.00670531,0.11201,1.64895,0.458536,0.514714,0.458295,0.406435,0.335491,0.27457,0.221825,0.193351,0.164745,0.137631,0.105013,0.0841299,0.0469881,0.0285538,0.0117728,0.0132131,0.0085929,-0.0179046,-0.0151842,-0.0202286,-0.0385065,0.38309
89220,89850,89535,14.5772,10.0042,6.81118,4.7009,3.28107,2.29554,1.67395,1.2133,0.895227,0.664681,0.529279,0.424241,0.361961,0.281591,0.257423,0.24621,0.221356,0.201715,0.183273,0.189998,0.225488,4.30202,4.60063,22.5177,16.1112,11.7375,8.80274,6.72497,5.22171,4.13104,3.34977,2.74513,2.27711,1.92032,1.6568,1.40295,1.21836,1.03645,0.954463,0.862881,0.769024,0.685161,0.646801,0.604062,8.21054
90000,90480,90240,26.4256,17.7124,11.9335,8.20413,5.70721,3.98029,2.86334,2.10499,1.62051,1.23382,1.00696,0.86314,0.753917,0.714916,0.578688,0.534728,0.533996,0.604748,0.641295,0.499322,0.489121,7.47046,7.20728,32.6909,29.9351,21.5215,16.1992,12.5285,9.89157,7.97239,6.59891,5.53903,4.71334,4.09014,3.61108,3.17981,2.85639,2.52903,2.36959,2.21032,2.02119,1.88654,1.76601,1.69747,15.1577
90600,91020,90810,48.7369,34.1316,22.3715,14.7774,9.7067,6.29209,4.16748,2.82827,1.89676,1.30688,0.900863,0.653119,0.505701,0.379786,0.27001,0.244062,0.177275,0.149175,0.21567,0.177776,-0.0011659,13.3029,11.3945,77.1848,59.9417,47.2478,32.8764,25.0661,19.8395,16.2353,13.6338,11.652,10.0921,8.91447,7.9832,7.17174,6.52929,5.9018,5.53318,5.19056,4.84238,4.57538,4.29165,4.08304,30.5907
91140,91560,91350,46.0322,36.821,24.0728,16.0082,10.6799,7.0614,4.78202,3.29834,2.26925,1.56963,1.13064,0.827767,0.608532,0.485584,0.34867,0.31938,0.179147,0.199271,0.17072,0.15404,0.0883499,14.4332,24.0409,78.0872,61.653,49.3548,35.3838,27.2484,21.8201,18.0892,15.3817,13.2929,11.6394,10.3742,9.36773,8.49113,7.77519,7.09433,6.68782,6.29328,5.90549,5.60782,5.27788,5.04202,32.9844
91680,92160,91920,7.43377,4.98539,3.27605,2.18769,1.44229,0.93055,0.617397,0.425637,0.295655,0.19473,0.142377,0.102245,0.0630812,0.0545703,0.0295478,0.0290266,-0.0124085,-0.0131368,-0.0381592,-0.0331825,-0.0630866,1.96066,3.79149,15.9486,11.3547,8.19309,6.16014,4.76776,3.79155,3.09272,2.60241,2.21973,1.91506,1.68304,1.49885,1.32903,1.20272,1.07552,1.00931,0.949446,0.890125,0.844477,0.785854,0.757676,5.75473
92280,92520,92400,27.1654,17.8746,11.8088,7.93627,5.31275,3.5156,2.40433,1.72177,1.19647,0.814283,0.592997,0.399279,0.273028,0.205287,0.126176,0.106212,-0.0702258,-0.0705472,-0.24145,-0.136456,-0.389785,7.13828,5.68386,43.3662,31.59,23.0515,17.5784,13.8177,11.2152,9.32858,7.98875,6.9433,6.08357,5.43897,4.93894,4.42361,4.0603,3.64653,3.48932,3.27732,2.8889,2.72522,2.59584,2.47639,16.5044
92640,93060,92850,48.091,34.1643,22.662,15.2287,10.078,6.56058,4.37144,2.99969,2.02966,1.37603,0.938458,0.651063,0.426542,0.306465,0.197457,0.151348,0.00820695,-0.00569008,-0.0957979,-0.0768363,-0.220771,13.7107,16.3041,84.9159,61.9778,46.0959,30.8509,22.71,17.3357,13.6703,11.1187,9.2168,7.78868,6.71017,5.89082,5.19137,4.65192,4.15941,3.87941,3.58886,3.25953,3.05715,2.83354,2.69348,28.4809
93180,93360,93270,96.3795,71.7099,47.8254,32.3717,21.6126,14.2094,9.62291,6.69093,4.62687,3.19266,2.25614,1.61453,1.14668,0.882951,0.635413,0.520232,0.242649,0.160231,-0.0150028,0.0481625,-0.26866,29.2398,32.4463,163.24,122.972,94.2253,65.0446,48.9987,38.3874,31.0249,25.8777,21.9719,18.9622,16.6624,14.9198,13.3775,12.1841,11.021,10.3546,9.71455,9.02896,8.55132,8.03604,7.68563,60.3622
94260,94500,94380,18.0965,12.0231,8.00309,5.52164,3.74632,2.53304,1.80032,1.34416,0.952624,0.684157,0.515115,0.413088,0.261349,0.217628,0.169323,0.196187,-0.058393,-0.123359,-0.287645,-0.245514,-0.506003,4.96793,5.89826,51.0618,35.8519,24.933,17.947,13.2126,9.97361,7.68087,6.09279,4.92179,4.02908,3.36753,2.87635,2.39933,2.05625,1.74077,1.58039,1.46602,1.1575,0.991676,0.966196,0.855389,16.5672
94680,95880,95280,-0.295198,-0.210909,-0.163379,-0.105148,-0.0847627,-0.0816339,-0.0758604,-0.0530342,-0.0462886,-0.0436876,-0.0357856,-0.0359824,-0.0485893,-0.0438122,-0.0380988,-0.0279887,-0.0870663,-0.10078,-0.160164,-0.107662,-0.182921,-0.108375,0.255818,0.439831,0.498666,0.425977,0.382018,0.321659,0.269231,0.22165,0.189809,0.162403,0.138715,0.10823,0.0905089,0.0487488,0.0324888,0.00990919,0.0154082,0.00936576,-0.00985812,-0.0153463,-0.0114816,-0.0133466,0.365841
