Data/Raw/WEBER,RODNEY/FIREXAQ-SAGA-MC-BrC_DC8_20190812_R0.ict
56, 1001
Weber, Rodney
Georgia Institute of Technology
Water soluble brown carbon measured with mist chamber-LWCC
FIREXAQ
1, 1
2019, 08, 12, 2020, 03, 06
0
Time_Start, seconds_past_midnight, Time_Start, seconds_past_midnight
24
1, 1, 1, 1, 1, 1, 1, 1, 1, 1, 1, 1, 1, 1, 1, 1, 1, 1, 1, 1, 1, 1, 1, 1
-9999, -9999, -9999, -9999, -9999, -9999, -9999, -9999, -9999, -9999, -9999, -9999, -9999, -9999, -9999, -9999, -9999, -9999, -9999, -9999, -9999, -9999, -9999, -9999
Time_Stop, seconds_past_midnight, Time_Stop, seconds_past_midnight
Time_Mid, seconds_past_midnight, Time_Mid, seconds_past_midnight
WSAbs300, Mm-1, AerOpt_AbsorptionBrC_InSitu_UVtoRed_None_Bulk_STP, Water Soluble Brown Carbon absorption at 300 nm
WSAbs320, Mm-1, AerOpt_AbsorptionBrC_InSitu_UVtoRed_None_Bulk_STP, Water Soluble Brown Carbon absorption at 320 nm
WSAbs340, Mm-1, AerOpt_AbsorptionBrC_InSitu_UVtoRed_None_Bulk_STP, Water Soluble Brown Carbon absorption at 340 nm
WSAbs360, Mm-1, AerOpt_AbsorptionBrC_InSitu_UVtoRed_None_Bulk_STP, Water Soluble Brown Carbon absorption at 360 nm
WSAbs380, Mm-1, AerOpt_AbsorptionBrC_InSitu_UVtoRed_None_Bulk_STP, Water Soluble Brown Carbon absorption at 380 nm
WSAbs400, Mm-1, AerOpt_AbsorptionBrC_InSitu_UVtoRed_None_Bulk_STP, Water Soluble Brown Carbon absorption at 400 nm
WSAbs420, Mm-1, AerOpt_AbsorptionBrC_InSitu_UVtoRed_None_Bulk_STP, Water Soluble Brown Carbon absorption at 420 nm
WSAbs440, Mm-1, AerOpt_AbsorptionBrC_InSitu_UVtoRed_None_Bulk_STP, Water Soluble Brown Carbon absorption at 440 nm
WSAbs460, Mm-1, AerOpt_AbsorptionBrC_InSitu_UVtoRed_None_Bulk_STP, Water Soluble Brown Carbon absorption at 460 nm
WSAbs480, Mm-1, AerOpt_AbsorptionBrC_InSitu_UVtoRed_None_Bulk_STP, Water Soluble Brown Carbon absorption at 480 nm
WSAbs500, Mm-1, AerOpt_AbsorptionBrC_InSitu_UVtoRed_None_Bulk_STP, Water Soluble Brown Carbon absorption at 500 nm
WSAbs520, Mm-1, AerOpt_AbsorptionBrC_InSitu_UVtoRed_None_Bulk_STP, Water Soluble Brown Carbon absorption at 520 nm
WSAbs540, Mm-1, AerOpt_AbsorptionBrC_InSitu_UVtoRed_None_Bulk_STP, Water Soluble Brown Carbon absorption at 540 nm
WSAbs560, Mm-1, AerOpt_AbsorptionBrC_InSitu_UVtoRed_None_Bulk_STP, Water Soluble Brown Carbon absorption at 560 nm
WSAbs580, Mm-1, AerOpt_AbsorptionBrC_InSitu_UVtoRed_None_Bulk_STP, Water Soluble Brown Carbon absorption at 580 nm
WSAbs600, Mm-1, AerOpt_AbsorptionBrC_InSitu_UVtoRed_None_Bulk_STP, Water Soluble Brown Carbon absorption at 600 nm
WSAbs620, Mm-1, AerOpt_AbsorptionBrC_InSitu_UVtoRed_None_Bulk_STP, Water Soluble Brown Carbon absorption at 620 nm
WSAbs640, Mm-1, AerOpt_AbsorptionBrC_InSitu_UVtoRed_None_Bulk_STP, Water Soluble Brown Carbon absorption at 640 nm
WSAbs660, Mm-1, AerOpt_AbsorptionBrC_InSitu_UVtoRed_None_Bulk_STP, Water Soluble Brown Carbon absorption at 660 nm
WSAbs680, Mm-1, AerOpt_AbsorptionBrC_InSitu_UVtoRed_None_Bulk_STP, Water Soluble Brown Carbon absorption at 680 nm
WSAbs700, Mm-1, AerOpt_AbsorptionBrC_InSitu_UVtoRed_None_Bulk_STP, Water Soluble Brown Carbon absorption at 700 nm
WSAbs365, Mm-1, AerOpt_AbsorptionBrC_InSitu_UVtoRed_None_Bulk_STP, Water Soluble Brown Carbon absorption at 365 nm
0
18
PI_CONTACT_INFO: rweber@eas.gatech.edu
PLATFORM: NASA DC-8 aircraft
LOCATION: Aircraft location is given by the navigational file
ASSOCIATED_DATA: N/A
[...]
DATA_INFO: Samples collected by mist chamber were injected through 0.22 pore size syringe filter and then a 2.5 m path length LWCC, and light absorption was measured by Ocean Optics USB4000 spectrometer. Absorption from 300 to 700 nm were recorded. Absorption of pure solvent was subtracted from the sample. Raw absorption data were processed by the equation Abs=Raw*(Volume of liquid in the mist chamber)/(Volume of air collected at STP)/(Optical Path Length, 2.5m here)*ln(10). Data reported here were averaged over 20 nm wavelength intervals. i.e. absorption at 400 nm were average by absorption data between 390 nm to 410 nm. All data have been blank corrected by averaging all blank filter in this mission (2-3 blank filters per flight). Data are reported under STP, which is T=273K & p=1013 mb. When using the data, the absorption had better to corrected by higher wavelength, ie Abs700 for baseline drift. UNCERTAINTY: Data may have smearing issues. If we do not account for smearing or blank, the uncertainty is ~5%
UNCERTAINTY: Data may have smearing issues. If we do not account for smearing or blank, the uncertainty is ~5%
ULOD_FLAG: -7777
ULOD_VALUE: N/A
LLOD_FLAG: -8888
LLOD_VALUE: N/A
DM_CONTACT_INFO: lhzeng@gatech.edu
PROJECT_INFO: FIREX-AQ, 2019
STIPULATIONS_ON_USE: Use of these data require prior ok from PI.
OTHER_COMMENTS: N/A
REVISION: R0
RA: Preliminary Data.  For in-field use only.
Time_Start, Time_Stop, Time_Mid, WSAbs300, WSAbs320, WSAbs340, WSAbs360, WSAbs380, WSAbs400, WSAbs420, WSAbs440, WSAbs460, WSAbs480, WSAbs500, WSAbs520, WSAbs540, WSAbs560, WSAbs580, WSAbs600, WSAbs620, WSAbs640, WSAbs660, WSAbs680, WSAbs700, WSAbs365
[from data line 144]
97899,98049,97974,3.49043,3.43377,2.41632,2.02094,1.66417,1.3457,1.14899,1.02855,0.880995,0.798806,0.802265,0.735649,0.703342,0.611306,0.56656,0.560137,0.506154,0.425726,0.488924,0.394769,0.32612,1.83965
98049,98199,98124,23.2535,14.0583,11.3756,7.68118,5.81417,4.85624,3.69746,3.15526,2.61443,2.24344,2.03563,1.933,1.66091,1.44016,1.37101,1.36757,1.24839,1.09084,1.15756,1.0443,0.909654,7.34589
98200,98350,98275,2.04611,1.03914,0.679764,0.441509,0.322275,0.233359,0.182356,0.13893,0.114629,0.0988335,0.0944708,0.068588,0.0686517,0.0626116,0.0661256,0.0528742,0.0593986,0.0554471,0.0407621,0.01268,0.0340872,0.409048
98350,98500,98425,2.19511,1.48946,1.11963,0.826476,0.670464,0.550556,0.470765,0.395235,0.353722,0.317754,0.318497,0.271019,0.268413,0.233132,0.234964,0.208994,0.20082,0.177327,0.190403,0.121797,0.123445,0.767128
98501,98651,98576,1.4005,0.941101,0.663611,0.576937,0.467489,0.414772,0.37571,0.344849,0.319508,0.297288,0.273254,0.282353,0.259183,0.25132,0.242523,0.237673,0.220385,0.222404,0.207326,0.178712,0.18006,0.531608
98652,98802,98727,43.3722,25.6137,19.6635,12.9909,9.0644,7.34482,5.58832,4.60455,3.76876,3.25626,3.04055,2.65504,2.53402,2.25435,2.16765,1.98517,1.97765,1.76457,1.82218,1.67011,1.57349,11.6962
98802,98952,98877,3.52461,2.02214,1.56445,1.19645,0.999275,0.851535,0.741658,0.635732,0.582886,0.519219,0.478357,0.45379,0.449408,0.422236,0.386051,0.382892,0.368982,0.337644,0.341332,0.275169,0.272558,1.11578
98953,99103,99028,10.9531,6.81361,4.75659,3.58323,2.96782,2.31166,1.99198,1.7121,1.48612,1.30441,1.21322,1.07083,1.04532,0.890464,0.874869,0.845417,0.797185,0.682592,0.69968,0.624304,0.529598,3.35413
99103,99253,99178,9.47371,5.3433,4.95787,3.75205,3.33247,2.87723,2.5652,2.17654,1.98294,1.81821,1.66762,1.50153,1.4799,1.39681,1.24416,1.23018,1.19182,0.929615,0.996785,0.852139,0.603275,3.67135
99254,99404,99329,2.5679,1.60183,1.10085,0.925246,0.77625,0.667108,0.59053,0.515546,0.460789,0.412966,0.400511,0.386915,0.357264,0.347212,0.322928,0.323822,0.301591,0.270804,0.284663,0.22239,0.229891,0.857672
99404,99554,99479,45.0993,33.2821,23.6408,19.5671,14.8909,11.6383,9.67555,7.8492,6.80848,6.04965,5.77542,4.76646,4.39406,4.33037,3.77082,3.71825,3.42842,3.14144,3.1498,2.70634,2.51925,17.7654
99555,99705,99630,54.1771,32.6894,21.4128,15.1066,12.6305,9.60615,7.75182,6.48975,5.59902,5.09284,4.879,4.20105,3.96626,3.65763,3.37457,3.23548,3.12096,2.86569,2.90444,2.72426,2.52842,14.7141
99705,99855,99780,67.0979,39.6158,25.5805,17.9635,13.2428,10.6668,8.46364,7.11134,5.90766,5.36352,5.04129,4.53024,4.23874,3.87987,3.68186,3.55692,3.542,3.24111,3.37188,2.93719,3.04041,16.8613
99856,100006,99931,9.22376,5.68487,4.6506,3.70263,3.272,2.74825,2.45496,2.24183,1.95613,1.76612,1.80224,1.49735,1.4337,1.34131,1.3064,1.20635,1.14775,1.0257,1.0691,0.92823,0.732423,3.64308
100006,100156,100081,6.27124,5.33277,3.70792,3.02541,2.4552,2.08296,1.7641,1.51473,1.27852,1.15095,1.10494,1.10688,0.948579,0.877383,0.816733,0.840112,0.761635,0.68079,0.699394,0.623671,0.546465,2.77605
100157,100307,100232,3.50522,1.70651,1.50137,1.14936,1.02609,0.837384,0.734896,0.627027,0.579107,0.53299,0.497416,0.459683,0.447222,0.414871,0.372986,0.375247,0.351138,0.320714,0.328732,0.276404,0.243638,1.13292
100308,100458,100383,8.6724,5.05967,4.441,3.20776,2.48895,1.94538,1.56974,1.38615,1.14569,1.03342,0.941158,0.869152,0.74976,0.702221,0.703258,0.629469,0.612453,0.547216,0.548079,0.465528,0.420871,2.89933
100458,100608,100533,12.4671,6.68688,3.91565,2.77576,1.91951,1.3471,1.06152,0.771688,0.650517,0.510664,0.415385,0.345795,0.296256,0.285767,0.242095,0.212891,0.187605,0.162816,0.167,0.119106,0.118246,2.49796
100609,100759,100684,36.4734,21.9297,17.7225,13.4496,11.1316,9.36503,7.93378,6.50984,5.55077,4.78296,5.22819,4.65605,3.89999,3.5762,3.07952,2.74513,2.71413,1.66479,1.98472,1.68107,0.449784,12.624
100759,100909,100834,6.42316,2.98755,2.7376,1.80736,1.29549,0.918851,0.701137,0.54467,0.399848,0.291796,0.288834,0.216324,0.113304,0.0815209,0.0289109,-0.00424244,-0.0190628,-0.0940807,-0.0525042,-0.0901938,-0.164721,1.57234
100910,101060,100985,4.49178,2.38283,2.30322,1.59107,1.3866,1.13232,0.877857,0.761008,0.674574,0.513476,0.604169,0.414328,0.393138,0.27778,0.296371,0.197073,0.151641,0.0750672,0.105311,0.0317749,-0.181094,1.50912
101060,101210,101135,0.970823,0.549642,0.476285,0.218294,0.151138,0.0504972,-0.0262907,-0.0624808,-0.115361,-0.146432,-0.12155,-0.157108,-0.179038,-0.23453,-0.243374,-0.254654,-0.266437,-0.294989,-0.275858,-0.298114,-0.37419,0.202687
101211,101361,101286,-2.05062,-1.17802,-1.10158,-0.85818,-0.753326,-0.704533,-0.637817,-0.599231,-0.57681,-0.55078,-0.545648,-0.530668,-0.508742,-0.505227,-0.513601,-0.500332,-0.496574,-0.483545,-0.480155,-0.473981,-0.480447,-0.855797
101361,101511,101436,-1.69867,-1.80931,-1.83068,-1.63009,-1.55891,-1.55234,-1.53536,-1.48491,-1.47803,-1.49331,-1.55678,-1.54913,-1.60494,-1.51057,-1.45477,-1.54702,-1.44736,-1.27807,-1.46734,-1.31072,-0.539144,-1.63284
101512,101662,101587,-5.5734,-3.34009,-2.27717,-1.65233,-1.23013,-0.956894,-0.769497,-0.668237,-0.566217,-0.523885,-0.499686,-0.468567,-0.443916,-0.41113,-0.404617,-0.393123,-0.367537,-0.365023,-0.362346,-0.378885,-0.354028,-1.51937
101662,101812,101737,-4.77014,-3.27782,-2.55914,-1.98578,-1.7067,-1.52028,-1.35116,-1.22754,-1.12489,-1.05335,-1.07061,-0.945539,-0.920087,-0.919552,-0.822241,-0.798846,-0.787101,-0.720483,-0.772971,-0.686477,-0.644498,-1.96418
101813,101963,101888,-1.12051,-0.877957,-0.748071,-0.681008,-0.664375,-0.630504,-0.60552,-0.604726,-0.582329,-0.567923,-0.556999,-0.565868,-0.556959,-0.562865,-0.554184,-0.53746,-0.54134,-0.543452,-0.535868,-0.511869,-0.536552,-0.696068
101963,102113,102038,-1.99078,-1.57976,-1.14308,-0.945836,-0.840176,-0.752252,-0.701533,-0.653524,-0.614784,-0.610975,-0.583746,-0.574629,-0.58324,-0.561432,-0.566077,-0.556918,-0.539319,-0.535497,-0.538814,-0.53506,-0.543766,-0.936485
102114,102264,102189,-2.95676,-1.99541,-2.09669,-1.79112,-1.61691,-1.49289,-1.47285,-1.36891,-1.3013,-1.26817,-1.30897,-1.25583,-1.16072,-1.16305,-1.1056,-1.02485,-0.995936,-0.884817,-0.962505,-0.885152,-0.603723,-1.72884
102264,102414,102339,-1.02909,-1.0246,-1.03329,-0.958657,-0.93423,-0.941756,-0.913372,-0.897226,-0.901087,-0.884852,-0.979738,-0.989131,-0.948558,-0.977155,-0.945905,-0.961886,-0.938509,-0.839207,-0.828151,-0.811228,-0.43267,-0.973505
102415,102565,102490,-2.89931,-2.28,-2.51528,-2.35574,-2.33013,-2.24825,-2.16164,-2.09938,-2.12006,-2.16709,-2.31949,-2.1177,-2.04036,-2.16022,-2.19829,-2.30811,-2.29138,-2.14739,-1.9371,-1.86892,-0.61301,-2.30608
102565,102716,102640,-4.14042,-2.78319,-2.57538,-2.66166,-2.56058,-2.48325,-2.48205,-2.37343,-2.40754,-2.24905,-2.65139,-2.31612,-2.53848,-2.50891,-2.22438,-2.43957,-2.3806,-2.21352,-2.26311,-1.95454,-0.663041,-2.6048
102716,102866,102791,-1.6083,-1.30085,-1.39737,-1.26701,-1.23031,-1.20132,-1.16033,-1.11233,-1.06332,-1.03293,-1.0156,-1.13901,-1.0495,-1.03347,-1.06732,-0.987914,-0.950854,-0.908394,-0.936897,-0.884572,-0.551097,-1.25005
102867,103017,102942,-2.27157,-1.62689,-1.59415,-1.35483,-1.35923,-1.2712,-1.29784,-1.25476,-1.16615,-1.12442,-1.23041,-1.21867,-1.20025,-1.03838,-1.15509,-1.07036,-1.00936,-0.978969,-0.996429,-0.89784,-0.475181,-1.39759
103017,103167,103092,-1.48229,-1.47189,-1.32225,-1.17499,-1.17029,-1.10451,-1.05352,-1.0262,-1.01938,-0.977706,-1.06054,-1.08915,-1.05664,-0.961326,-0.881488,-0.869273,-0.877164,-0.869941,-0.859103,-0.792405,-0.406865,-1.19918
103168,103318,103243,-1.67067,-1.53037,-1.4153,-1.3824,-1.24649,-1.24989,-1.1761,-1.18029,-1.13477,-1.05164,-1.15863,-1.06934,-0.98713,-1.09171,-1.08659,-1.00495,-0.988378,-0.928396,-0.900388,-0.85405,-0.443894,-1.34177
103318,103468,103393,-0.921015,-0.586372,-0.577656,-0.540766,-0.498709,-0.506796,-0.478927,-0.458987,-0.436789,-0.442654,-0.464851,-0.412023,-0.436995,-0.418352,-0.370413,-0.397461,-0.411834,-0.320526,-0.367819,-0.3723,-0.135511,-0.542044
103469,103619,103544,-1.5448,-1.17363,-1.11755,-1.06786,-1.01077,-1.03627,-0.938327,-0.922925,-0.929948,-0.884797,-0.864341,-0.994043,-0.876005,-0.799114,-0.874937,-0.800901,-0.862563,-0.794659,-0.838059,-0.724012,-0.281207,-1.0737
103620,103770,103695,0.193075,0.0717888,0.0126413,-0.0140327,-0.052922,-0.0474835,-0.0626975,-0.0691318,-0.0864472,-0.0931227,-0.090959,-0.0939342,-0.0880502,-0.088022,-0.102627,-0.0951649,-0.102148,-0.106136,-0.0963125,-0.100485,-0.111991,-0.03733
