Data/Raw/WEBER,RODNEY/FIREXAQ-SAGA-MC-BrC_DC8_20190821_R0.ict
56, 1001
Weber, Rodney
Georgia Institute of Technology
Water soluble brown carbon measured with mist chamber-LWCC
FIREXAQ
1, 1
2019, 08, 21, 2020, 03, 06
0
Time_Start, seconds_past_midnight, Time_Start, seconds_past_midnight
24
1, 1, 1, 1, 1, 1, 1, 1, 1, 1, 1, 1, 1, 1, 1, 1, 1, 1, 1, 1, 1, 1, 1, 1
-9999, -9999, -9999, -9999, -9999, -9999, -9999, -9999, -9999, -9999, -9999, -9999, -9999, -9999, -9999, -9999, -9999, -9999, -9999, -9999, -9999, -9999, -9999, -9999
Time_Stop, seconds_past_midnight, Time_Stop, seconds_past_midnight
Time_Mid, seconds_past_midnight, Time_Mid, seconds_past_midnight
WSAbs300, Mm-1, AerOpt_AbsorptionBrC_InSitu_UVtoRed_None_Bulk_STP, Water Soluble Brown Carbon absorption at 300 nm
WSAbs320, Mm-1, AerOpt_AbsorptionBrC_InSitu_UVtoRed_None_Bulk_STP, Water Soluble Brown Carbon absorption at 320 nm
WSAbs340, Mm-1, AerOpt_AbsorptionBrC_InSitu_UVtoRed_None_Bulk_STP, Water Soluble Brown Carbon absorption at 340 nm
WSAbs360, Mm-1, AerOpt_AbsorptionBrC_InSitu_UVtoRed_None_Bulk_STP, Water Soluble Brown Carbon absorption at 360 nm
WSAbs380, Mm-1, AerOpt_AbsorptionBrC_InSitu_UVtoRed_None_Bulk_STP, Water Soluble Brown Carbon absorption at 380 nm
WSAbs400, Mm-1, AerOpt_AbsorptionBrC_InSitu_UVtoRed_None_Bulk_STP, Water Soluble Brown Carbon absorption at 400 nm
WSAbs420, Mm-1, AerOpt_AbsorptionBrC_InSitu_UVtoRed_None_Bulk_STP, Water Soluble Brown Carbon absorption at 420 nm
WSAbs440, Mm-1, AerOpt_AbsorptionBrC_InSitu_UVtoRed_None_Bulk_STP, Water Soluble Brown Carbon absorption at 440 nm
WSAbs460, Mm-1, AerOpt_AbsorptionBrC_InSitu_UVtoRed_None_Bulk_STP, Water Soluble Brown Carbon absorption at 460 nm
WSAbs480, Mm-1, AerOpt_AbsorptionBrC_InSitu_UVtoRed_None_Bulk_STP, Water Soluble Brown Carbon absorption at 480 nm
WSAbs500, Mm-1, AerOpt_AbsorptionBrC_InSitu_UVtoRed_None_Bulk_STP, Water Soluble Brown Carbon absorption at 500 nm
WSAbs520, Mm-1, AerOpt_AbsorptionBrC_InSitu_UVtoRed_None_Bulk_STP, Water Soluble Brown Carbon absorption at 520 nm
WSAbs540, Mm-1, AerOpt_AbsorptionBrC_InSitu_UVtoRed_None_Bulk_STP, Water Soluble Brown Carbon absorption at 540 nm
WSAbs560, Mm-1, AerOpt_AbsorptionBrC_InSitu_UVtoRed_None_Bulk_STP, Water Soluble Brown Carbon absorption at 560 nm
WSAbs580, Mm-1, AerOpt_AbsorptionBrC_InSitu_UVtoRed_None_Bulk_STP, Water Soluble Brown Carbon absorption at 580 nm
WSAbs600, Mm-1, AerOpt_AbsorptionBrC_InSitu_UVtoRed_None_Bulk_STP, Water Soluble Brown Carbon absorption at 600 nm
WSAbs620, Mm-1, AerOpt_AbsorptionBrC_InSitu_UVtoRed_None_Bulk_STP, Water Soluble Brown Carbon absorption at 620 nm
WSAbs640, Mm-1, AerOpt_AbsorptionBrC_InSitu_UVtoRed_None_Bulk_STP, Water Soluble Brown Carbon absorption at 640 nm
WSAbs660, Mm-1, AerOpt_AbsorptionBrC_InSitu_UVtoRed_None_Bulk_STP, Water Soluble Brown Carbon absorption at 660 nm
WSAbs680, Mm-1, AerOpt_AbsorptionBrC_InSitu_UVtoRed_None_Bulk_STP, Water Soluble Brown Carbon absorption at 680 nm
WSAbs700, Mm-1, AerOpt_AbsorptionBrC_InSitu_UVtoRed_None_Bulk_STP, Water Soluble Brown Carbon absorption at 700 nm
WSAbs365, Mm-1, AerOpt_AbsorptionBrC_InSitu_UVtoRed_None_Bulk_STP, Water Soluble Brown Carbon absorption at 365 nm
0
18
PI_CONTACT_INFO: rweber@eas.gatech.edu
PLATFORM: NASA DC-8 aircraft
LOCATION: Aircraft location is given by the navigational file
ASSOCIATED_DATA: N/A
[...]
DATA_INFO: Samples collected by mist chamber were injected through 0.22 pore size syringe filter and then a 2.5 m path length LWCC, and light absorption was measured by Ocean Optics USB4000 spectrometer. Absorption from 300 to 700 nm were recorded. Absorption of pure solvent was subtracted from the sample. Raw absorption data were processed by the equation Abs=Raw*(Volume of liquid in the mist chamber)/(Volume of air collected at STP)/(Optical Path Length, 2.5m here)*ln(10). Data reported here were averaged over 20 nm wavelength intervals. i.e. absorption at 400 nm were average by absorption data between 390 nm to 410 nm. All data have been blank corrected by averaging all blank filter in this mission (2-3 blank filters per flight). Data are reported under STP, which is T=273K & p=1013 mb. When using the data, the absorption had better to corrected by higher wavelength, ie Abs700 for baseline drift. UNCERTAINTY: Data may have smearing issues. If we do not account for smearing or blank, the uncertainty is ~5%
UNCERTAINTY: Data may have smearing issues. If we do not account for smearing or blank, the uncertainty is ~5%
ULOD_FLAG: -7777
ULOD_VALUE: N/A
LLOD_FLAG: -8888
LLOD_VALUE: N/A
DM_CONTACT_INFO: lhzeng@gatech.edu
PROJECT_INFO: FIREX-AQ, 2019
STIPULATIONS_ON_USE: Use of these data require prior ok from PI.
OTHER_COMMENTS: N/A
REVISION: R0
RA: Preliminary Data.  For in-field use only.
Time_Start, Time_Stop, Time_Mid, WSAbs300, WSAbs320, WSAbs340, WSAbs360, WSAbs380, WSAbs400, WSAbs420, WSAbs440, WSAbs460, WSAbs480, WSAbs500, WSAbs520, WSAbs540, WSAbs560, WSAbs580, WSAbs600, WSAbs620, WSAbs640, WSAbs660, WSAbs680, WSAbs700, WSAbs365
54288,54438,54363,-9999,-9999,-9999,-9999,-9999,-9999,-9999,-9999,-9999,-9999,-9999,-9999,-9999,-9999,-9999,-9999,-9999,-9999,-9999,-9999,-9999,-9999
54438,54588,54513,-9999,-9999,-9999,-9999,-9999,-9999,-9999,-9999,-9999,-9999,-9999,-9999,-9999,-9999,-9999,-9999,-9999,-9999,-9999,-9999,-9999,-9999
54589,54739,54664,-9999,-9999,-9999,-9999,-9999,-9999,-9999,-9999,-9999,-9999,-9999,-9999,-9999,-9999,-9999,-9999,-9999,-9999,-9999,-9999,-9999,-9999
54739,54889,54814,-9999,-9999,-9999,-9999,-9999,-9999,-9999,-9999,-9999,-9999,-9999,-9999,-9999,-9999,-9999,-9999,-9999,-9999,-9999,-9999,-9999,-9999
54890,55040,54965,-9999,-9999,-9999,-9999,-9999,-9999,-9999,-9999,-9999,-9999,-9999,-9999,-9999,-9999,-9999,-9999,-9999,-9999,-9999,-9999,-9999,-9999
55040,55190,55115,-0.375446,-0.286998,-0.304514,-0.271097,-0.252007,-0.232633,-0.228366,-0.223396,-0.224268,-0.212591,-0.224942,-0.200025,-0.207316,-0.19291,-0.188742,-0.190011,-0.197294,-0.163445,-0.196419,-0.186852,-0.116282,-0.274095
55191,55341,55266,-0.271317,-0.243085,-0.232811,-0.226114,-0.209717,-0.214206,-0.201614,-0.181803,-0.178519,-0.17556,-0.187468,-0.20631,-0.163409,-0.173735,-0.177839,-0.176466,-0.170229,-0.149891,-0.142265,-0.167283,-0.056061,-0.224244
55341,55491,55416,-0.31171,-0.234481,-0.231114,-0.203699,-0.194832,-0.191618,-0.187247,-0.191419,-0.174415,-0.172015,-0.157377,-0.169043,-0.155681,-0.166869,-0.166406,-0.161996,-0.145841,-0.160947,-0.154283,-0.172054,-0.086901,-0.213302
55492,55642,55567,-0.233057,-0.202526,-0.191839,-0.191771,-0.184338,-0.17162,-0.168968,-0.167197,-0.159389,-0.149049,-0.155775,-0.161995,-0.156909,-0.141006,-0.141132,-0.14698,-0.134297,-0.126498,-0.13237,-0.14729,-0.0932246,-0.194218
55642,55792,55717,-0.245186,-0.220328,-0.218795,-0.221469,-0.205889,-0.216831,-0.2105,-0.207475,-0.198236,-0.212097,-0.213719,-0.209164,-0.20326,-0.195889,-0.191223,-0.200177,-0.207961,-0.187332,-0.196424,-0.199544,-0.182016,-0.221585
55793,55943,55868,-0.360291,-0.271227,-0.288171,-0.243419,-0.24553,-0.239721,-0.238252,-0.235468,-0.214655,-0.216406,-0.22484,-0.209154,-0.23877,-0.211234,-0.211423,-0.210506,-0.188219,-0.185591,-0.199241,-0.186147,-0.0994708,-0.260154
55943,56093,56018,-0.25316,-0.235084,-0.240551,-0.224125,-0.235474,-0.224437,-0.205637,-0.222828,-0.22206,-0.218164,-0.230995,-0.224192,-0.213301,-0.209938,-0.18653,-0.206278,-0.203704,-0.184538,-0.209454,-0.205587,-0.116407,-0.240574
56094,56244,56169,0.140023,-0.0115358,-0.0139609,-0.0548251,-0.057096,-0.0627399,-0.0868094,-0.0883029,-0.0945611,-0.104057,-0.098538,-0.0976717,-0.0939243,-0.108505,-0.110547,-0.107841,-0.103724,-0.108873,-0.11717,-0.138395,-0.121057,-0.0605287
56244,56394,56319,-0.38128,-0.363838,-0.365465,-0.362212,-0.343061,-0.342435,-0.321124,-0.302846,-0.311842,-0.296101,-0.298758,-0.304056,-0.315665,-0.293083,-0.291008,-0.264914,-0.256918,-0.259334,-0.285969,-0.255929,-0.153,-0.362085
56395,56545,56470,0.348,0.256777,0.20732,0.157523,0.121478,0.0921786,0.0640506,0.0620265,0.0381644,0.0444592,0.0272633,0.0338325,0.0225016,0.0153095,0.0215567,0.0167657,0.00646747,0.00386554,0.00436514,-0.0111645,-0.0150954,0.13586
56545,56695,56620,0.128786,0.119219,0.120349,0.115393,0.0984792,0.0985682,0.0984031,0.102168,0.105945,0.104118,0.097773,0.0997096,0.103694,0.0914224,0.10395,0.095129,0.101027,0.0842677,0.102028,0.0754824,0.0801839,0.0962206
56696,56846,56771,-9999,-9999,-9999,-9999,-9999,-9999,-9999,-9999,-9999,-9999,-9999,-9999,-9999,-9999,-9999,-9999,-9999,-9999,-9999,-9999,-9999,-9999
56846,56996,56921,-9999,-9999,-9999,-9999,-9999,-9999,-9999,-9999,-9999,-9999,-9999,-9999,-9999,-9999,-9999,-9999,-9999,-9999,-9999,-9999,-9999,-9999
56997,57147,57072,0.257963,0.208741,0.189625,0.172101,0.164171,0.177857,0.167669,0.162984,0.155728,0.170319,0.170176,0.162872,0.162797,0.155962,0.15374,0.160457,0.149463,0.156818,0.156146,0.123842,0.146014,0.169069
57147,57297,57222,0.393295,0.379832,0.347392,0.329291,0.306529,0.303872,0.294774,0.288081,0.283338,0.273487,0.272799,0.262689,0.277987,0.25753,0.267517,0.265568,0.259785,0.257753,0.249557,0.203083,0.240052,0.312068
57298,57448,57373,0.293907,0.268844,0.251089,0.240561,0.234243,0.232901,0.244879,0.230401,0.227691,0.243714,0.23307,0.224048,0.223485,0.225667,0.231353,0.232354,0.23352,0.23397,0.23231,0.203611,0.2213,0.236563
57448,57598,57523,0.710867,0.537662,0.454148,0.401079,0.357072,0.3355,0.303398,0.288819,0.292982,0.274278,0.271795,0.270333,0.255582,0.257317,0.247125,0.247584,0.236132,0.247772,0.231397,0.208313,0.220168,0.383256
57599,57749,57674,1.49135,1.0917,0.965538,0.815,0.759033,0.709256,0.670651,0.670839,0.656416,0.635948,0.63409,0.623557,0.630497,0.623641,0.612296,0.621613,0.622308,0.60509,0.614813,0.558527,0.597158,0.79104
57750,57900,57825,0.609521,0.611104,0.58294,0.574363,0.580223,0.582557,0.576791,0.571185,0.566339,0.561075,0.573334,0.556545,0.557218,0.565136,0.568735,0.562306,0.558376,0.554919,0.568904,0.483932,0.547981,0.572157
57900,58050,57975,3.09168,1.68185,1.34555,1.04826,0.893424,0.808854,0.737902,0.701538,0.66913,0.648132,0.646124,0.626384,0.613616,0.618125,0.598599,0.596465,0.595704,0.588729,0.592548,0.503741,0.575719,1
58051,58201,58126,0.423521,0.413141,0.41733,0.390407,0.380422,0.386553,0.380764,0.368567,0.371427,0.354909,0.352885,0.354455,0.365243,0.354958,0.355679,0.353306,0.354502,0.345739,0.349757,0.328808,0.338809,0.379143
58201,58351,58276,0.978245,0.68,0.644013,0.581743,0.552823,0.528648,0.519021,0.498749,0.499147,0.49348,0.493585,0.484831,0.490408,0.478421,0.481567,0.490878,0.486684,0.470976,0.477869,0.394775,0.467578,0.55956
58352,58502,58427,0.854698,0.661823,0.5697,0.50207,0.468347,0.459295,0.429131,0.423642,0.40114,0.400762,0.393609,0.392605,0.381559,0.392422,0.381229,0.371765,0.380849,0.382809,0.37423,0.309351,0.359334,0.487097
58502,58652,58577,1.14207,0.768235,0.642489,0.560277,0.493892,0.469946,0.431562,0.417075,0.407033,0.393733,0.383542,0.382682,0.383589,0.370374,0.373677,0.365443,0.35069,0.348595,0.355693,0.302392,0.340349,0.529432
58653,58803,58728,1.10031,1.01811,0.875252,0.752096,0.697855,0.661308,0.63367,0.608086,0.612559,0.598445,0.585846,0.586314,0.569126,0.572823,0.566137,0.558,0.572682,0.565894,0.5532,0.519611,0.545033,0.726712
58803,58953,58878,0.816976,0.767573,0.61324,0.571341,0.529887,0.47977,0.466118,0.465158,0.450403,0.444084,0.432324,0.435409,0.417847,0.426882,0.415911,0.417799,0.422394,0.412346,0.415316,0.339045,0.396796,0.542558
58954,59104,59029,0.848518,0.596382,0.486448,0.421443,0.401885,0.384424,0.364177,0.360828,0.342027,0.345754,0.337849,0.322375,0.33785,0.328273,0.316648,0.327832,0.323082,0.318406,0.31456,0.262105,0.305989,0.413499
59104,59254,59179,0.650422,0.541871,0.50484,0.462417,0.429062,0.40589,0.394984,0.403338,0.388331,0.385123,0.388875,0.377553,0.377507,0.363517,0.366679,0.378841,0.376168,0.358061,0.366196,0.304464,0.353962,0.438606
59255,59405,59330,0.718948,0.610188,0.541971,0.485609,0.465317,0.436447,0.421938,0.409013,0.408537,0.391414,0.394897,0.378718,0.370484,0.370355,0.360274,0.361215,0.352292,0.354786,0.353118,0.312535,0.320813,0.473199
59405,59555,59480,0.166378,0.233012,0.295241,0.298611,0.323089,0.327847,0.335413,0.338316,0.348518,0.350841,0.341423,0.352303,0.352007,0.34699,0.339342,0.347306,0.339794,0.351948,0.34457,0.305516,0.338299,0.299856
59556,59706,59631,0.826572,0.574289,0.463196,0.388004,0.343816,0.300368,0.296232,0.274553,0.254308,0.245384,0.233562,0.245777,0.225746,0.233064,0.230708,0.220559,0.213931,0.212254,0.219565,0.188438,0.200353,0.368649
59706,59856,59781,0.0513831,0.141461,0.137358,0.183072,0.209723,0.233919,0.236476,0.253636,0.255508,0.25723,0.264082,0.267851,0.277539,0.284951,0.285565,0.274164,0.292133,0.30073,0.297297,0.232823,0.30588,0.185138
59857,60007,59932,-0.452708,-0.142072,-0.118032,-0.00710508,0.024554,0.042085,0.0897923,0.104646,0.142839,0.153273,0.138464,0.155959,0.171754,0.189849,0.183746,0.195658,0.210539,0.221934,0.222071,0.197378,0.260145,-0.0251752
60007,60157,60082,0.521957,0.377186,0.381171,0.34641,0.314937,0.299974,0.298074,0.291046,0.285727,0.275148,0.28876,0.278475,0.272121,0.269844,0.274081,0.269284,0.279164,0.275299,0.263121,0.209253,0.256663,0.320828
60158,60308,60233,-0.507814,-0.185628,-0.0244327,0.0448678,0.087525,0.118634,0.153407,0.170437,0.18068,0.204577,0.211587,0.227153,0.244782,0.238061,0.257986,0.246403,0.259628,0.263852,0.27993,0.223579,0.289143,0.0330449
60308,60458,60383,-0.689342,-0.159197,0.0170522,0.127251,0.214753,0.240494,0.290349,0.301908,0.326266,0.328121,0.343877,0.349558,0.350014,0.359163,0.358558,0.365663,0.371003,0.364069,0.37324,0.346171,0.367884,0.150498
60459,60609,60534,0.271678,0.283794,0.286844,0.269875,0.269851,0.277796,0.270355,0.273332,0.273883,0.287734,0.286288,0.267775,0.274084,0.272872,0.274396,0.286109,0.268087,0.287179,0.278768,0.221744,0.267771,0.267771
60609,60759,60684,0.833129,0.610016,0.564874,0.486615,0.460026,0.429326,0.395615,0.388643,0.375192,0.368866,0.353222,0.344797,0.336923,0.347778,0.341284,0.335318,0.334909,0.320498,0.320286,0.269874,0.299245,0.473805
60760,60910,60835,-0.401396,-0.0272474,0.0539635,0.116778,0.146679,0.177463,0.183378,0.200228,0.216078,0.214049,0.223584,0.23162,0.235336,0.236404,0.222416,0.229778,0.231722,0.237605,0.239655,0.204906,0.226393,0.113197
60911,61061,60986,0.0626121,0.0881722,0.119385,0.172292,0.184552,0.198674,0.204671,0.206115,0.224715,0.229067,0.227974,0.226807,0.232236,0.229567,0.251051,0.236678,0.254766,0.254937,0.239452,0.19302,0.248055,0.160035
61061,61211,61136,0.535235,0.455914,0.442812,0.401417,0.395424,0.388952,0.362357,0.363996,0.362019,0.356203,0.355722,0.34197,0.353859,0.347865,0.34189,0.351964,0.349131,0.336833,0.346246,0.284749,0.325429,0.392183
61212,61362,61287,0.745155,0.568878,0.51608,0.462181,0.429946,0.403014,0.408715,0.400403,0.390094,0.373755,0.370271,0.371005,0.371301,0.36559,0.366649,0.368272,0.362866,0.372116,0.374341,0.319065,0.35391,0.440421
61362,61512,61437,1.18468,0.743188,0.660051,0.582162,0.535855,0.513782,0.487324,0.470787,0.461317,0.456535,0.453479,0.451319,0.450093,0.462013,0.451507,0.452671,0.44292,0.44391,0.445752,0.394935,0.436297,0.553761
61513,61663,61588,1.31876,1.12298,1.03129,0.965313,0.898361,0.844251,0.814785,0.787177,0.769443,0.74843,0.74509,0.725669,0.728391,0.712644,0.719739,0.70522,0.694583,0.690785,0.685433,0.629331,0.65832,0.935924
61664,61814,61739,0.946081,0.889328,0.774553,0.747813,0.704212,0.678646,0.665199,0.653288,0.639711,0.631175,0.618969,0.607959,0.619587,0.62263,0.600435,0.595191,0.613169,0.599034,0.60897,0.553039,0.577987,0.722483
61814,61964,61889,0.735531,0.879209,0.893983,0.919908,0.931689,0.955078,0.958031,0.977236,0.972866,0.990065,0.99015,1.00128,1.00149,0.991237,1.00034,0.993415,1.00141,1.01226,1.02353,0.921051,1.01977,0.918578
61966,62116,62041,0.45054,0.585006,0.633458,0.756462,0.797086,0.847655,0.878305,0.886397,0.910412,0.922681,0.92475,0.954807,0.963906,0.968287,0.967373,0.987198,0.979322,0.996169,1.00106,0.928817,1.01739,0.743808
62116,62266,62191,-0.289884,0.173356,0.484886,0.669691,0.742088,0.828431,0.863959,0.89309,0.897117,0.908864,0.915826,0.941884,0.944354,0.943285,0.941838,0.938835,0.950625,0.963626,0.953581,0.879005,0.947304,0.684606
62267,62417,62342,-0.575977,-0.0156461,0.346437,0.558602,0.665794,0.782881,0.850953,0.873756,0.91262,0.951774,0.951494,0.985254,1.00056,0.996296,1.0023,1.02935,1.02835,1.03789,1.03447,0.94335,1.05452,0.578287
62417,62567,62492,0.0202746,0.419372,0.510256,0.668409,0.727981,0.798933,0.846032,0.875203,0.897067,0.934625,0.925112,0.948767,0.965373,0.972047,0.969189,0.981833,0.980821,0.990372,0.987301,0.937196,1.00168,0.670353
62568,62718,62643,-0.130309,0.324193,0.420745,0.569317,0.627854,0.668778,0.726619,0.744325,0.787773,0.793743,0.78881,0.824168,0.813869,0.836893,0.844195,0.845027,0.855327,0.879936,0.88442,0.771706,0.896866,0.564694
62718,62868,62793,-0.259574,0.265523,0.51352,0.617925,0.717731,0.769091,0.804617,0.831786,0.867841,0.894733,0.88802,0.908665,0.923179,0.920284,0.93421,0.935262,0.931993,0.944276,0.959783,0.856055,0.959072,0.647179
62869,63019,62944,-0.379867,0.30986,0.421482,0.52249,0.593476,0.641055,0.696737,0.73977,0.773276,0.786795,0.811749,0.817821,0.843563,0.834083,0.858333,0.8629,0.882491,0.892922,0.898152,0.841256,0.938263,0.522164
63020,63170,63095,-0.532455,0.0930909,0.30753,0.410779,0.520739,0.626226,0.672007,0.725255,0.788019,0.81665,0.823073,0.839328,0.861347,0.893199,0.878569,0.91919,0.929771,0.947194,0.949215,0.904239,1.00472,0.450936
63170,63320,63245,-0.576841,0.0370231,0.453126,0.563636,0.686472,0.752962,0.814475,0.845201,0.882741,0.905007,0.918176,0.922093,0.94232,0.942374,0.959035,0.95647,0.957049,0.958021,0.952405,0.912742,0.962769,0.600701
63321,63471,63396,-0.359592,0.138644,0.243463,0.347289,0.47306,0.551245,0.626273,0.672384,0.720023,0.755405,0.728495,0.771804,0.80043,0.801664,0.82065,0.827351,0.833995,0.864824,0.863404,0.804506,0.916185,0.39979
63471,63621,63546,-1.23266,-0.23103,0.0865343,0.347283,0.475083,0.539923,0.635829,0.670655,0.73992,0.755625,0.793159,0.784983,0.835874,0.8444,0.867645,0.87661,0.870549,0.901687,0.893005,0.815457,0.931293,0.354778
63622,63772,63697,-0.448258,-0.116339,0.235106,0.522001,0.680005,0.742534,0.819454,0.86056,0.900004,0.916649,0.913269,0.940383,0.956252,0.961542,0.960926,0.98207,0.977323,0.982143,0.992696,0.87152,0.982372,0.554158
63772,63922,63847,-0.592709,-0.0502008,0.29772,0.424071,0.541189,0.609725,0.701122,0.744529,0.797798,0.827075,0.825098,0.886314,0.871015,0.913996,0.928085,0.941695,0.964611,0.97711,0.950881,0.855545,1.02198,0.433858
63923,64073,63998,-1.95313,-0.773851,-0.299465,0.157852,0.424342,0.582559,0.679145,0.741658,0.803882,0.850495,0.863606,0.888993,0.93824,0.951212,0.951091,0.967384,0.977,0.991617,0.980397,0.880976,1.01199,0.250676
64073,64223,64148,-0.00486326,0.176017,0.362023,0.494393,0.593055,0.639503,0.689674,0.745825,0.748518,0.778992,0.782162,0.816929,0.839481,0.84883,0.851091,0.874574,0.882464,0.911894,0.896404,0.858111,0.953362,0.520909
64224,64374,64299,-2.68459,-0.937406,-0.358428,0.155957,0.430344,0.575078,0.69721,0.787761,0.845794,0.89192,0.906211,0.928097,0.930412,0.960799,0.960945,0.988281,0.986048,0.993405,0.991706,0.880846,0.998409,0.195949
64374,64524,64449,-0.779962,-0.140838,0.0872094,0.305633,0.419635,0.503294,0.590138,0.630057,0.658717,0.709318,0.702962,0.74169,0.791776,0.792677,0.804098,0.844773,0.839912,0.875735,0.859584,0.756721,0.95,0.339176
64525,64675,64600,-0.653081,-0.05818,0.189771,0.374102,0.460184,0.544074,0.616588,0.663309,0.714093,0.753779,0.755467,0.806757,0.834095,0.857241,0.881641,0.878177,0.913064,0.919511,0.911652,0.782238,0.986162,0.362833
64676,64826,64751,-0.269245,0.136458,0.224026,0.417072,0.463014,0.521738,0.556308,0.608315,0.633683,0.66263,0.624556,0.691356,0.715753,0.700366,0.739859,0.724276,0.733647,0.764539,0.765868,0.674288,0.829056,0.400863
64826,64976,64901,-0.717824,-0.421785,-0.152486,0.189649,0.329909,0.451672,0.522063,0.570529,0.610206,0.66138,0.681888,0.690975,0.703767,0.749481,0.745248,0.761269,0.773465,0.786413,0.783856,0.726172,0.814001,0.207491
64977,65127,65052,0.30438,0.571286,0.601148,0.623321,0.680613,0.709673,0.726684,0.721346,0.739297,0.758448,0.760557,0.760251,0.769793,0.798514,0.79276,0.797911,0.801526,0.821269,0.8122,0.744204,0.8406,0.636342
65127,65277,65202,0.302993,0.542892,0.600936,0.728951,0.755521,0.809174,0.850122,0.871782,0.893795,0.903889,0.913386,0.923182,0.932228,0.937814,0.963114,0.946674,0.956462,0.966547,0.967388,0.862394,0.992007,0.715168
65278,65428,65353,-0.290275,0.231073,0.454939,0.630505,0.742255,0.823362,0.860842,0.9116,0.931743,0.955,0.976115,0.977529,0.99461,1.0013,1.00194,1.01975,1.00954,1.02001,1.03061,0.964554,1.02534,0.661507
65428,65578,65503,0.0914989,0.56966,0.674889,0.719717,0.787099,0.835157,0.853932,0.875789,0.88382,0.904208,0.920754,0.921913,0.935794,0.938967,0.950198,0.953204,0.956965,0.966077,0.968887,0.925519,0.984213,0.732255
