Data/Raw/WEBER,RODNEY/FIREXAQ-SAGA-AERO-BrC_DC8_20190813_R0.ict
79, 1001
Weber, Rodney
Georgia Institute of Technology
Brown carbon measured 
FIREXAQ
1, 1
2019, 08, 13, 2020, 03, 03
0
Time_Start, seconds_past_midnight, Time_Start, seconds_past_midnight
47
1, 1, 1, 1, 1, 1, 1, 1, 1, 1, 1, 1, 1, 1, 1, 1, 1, 1, 1, 1, 1, 1, 1, 1, 1, 1, 1, 1, 1, 1, 1, 1, 1, 1, 1, 1, 1, 1, 1, 1, 1, 1, 1, 1, 1, 1, 1
-9999, -9999, -9999, -9999, -9999, -9999, -9999, -9999, -9999, -9999, -9999, -9999, -9999, -9999, -9999, -9999, -9999, -9999, -9999, -9999, -9999, -9999, -9999, -9999, -9999, -9999, -9999, -9999, -9999, -9999, -9999, -9999, -9999, -9999, -9999, -9999, -9999, -9999, -9999, -9999, -9999, -9999, -9999, -9999, -9999, -9999, -9999
Time_Stop, seconds_past_midnight, Time_Stop, seconds_past_midnight
Time_Mid, seconds_past_midnight, Time_Mid, seconds_past_midnight
WSAbs300, Mm-1, AerOpt_AbsorptionBrC_InSitu_UVtoRed_None_Bulk_STP, Water Soluble Brown Carbon absorption at 300 nm
WSAbs320, Mm-1, AerOpt_AbsorptionBrC_InSitu_UVtoRed_None_Bulk_STP, Water Soluble Brown Carbon absorption at 320 nm
WSAbs340, Mm-1, AerOpt_AbsorptionBrC_InSitu_UVtoRed_None_Bulk_STP, Water Soluble Brown Carbon absorption at 340 nm
WSAbs360, Mm-1, AerOpt_AbsorptionBrC_InSitu_UVtoRed_None_Bulk_STP, Water Soluble Brown Carbon absorption at 360 nm
WSAbs380, Mm-1, AerOpt_AbsorptionBrC_InSitu_UVtoRed_None_Bulk_STP, Water Soluble Brown Carbon absorption at 380 nm
WSAbs400, Mm-1, AerOpt_AbsorptionBrC_InSitu_UVtoRed_None_Bulk_STP, Water Soluble Brown Carbon absorption at 400 nm
WSAbs420, Mm-1, AerOpt_AbsorptionBrC_InSitu_UVtoRed_None_Bulk_STP, Water Soluble Brown Carbon absorption at 420 nm
WSAbs440, Mm-1, AerOpt_AbsorptionBrC_InSitu_UVtoRed_None_Bulk_STP, Water Soluble Brown Carbon absorption at 440 nm
WSAbs460, Mm-1, AerOpt_AbsorptionBrC_InSitu_UVtoRed_None_Bulk_STP, Water Soluble Brown Carbon absorption at 460 nm
WSAbs480, Mm-1, AerOpt_AbsorptionBrC_InSitu_UVtoRed_None_Bulk_STP, Water Soluble Brown Carbon absorption at 480 nm
WSAbs500, Mm-1, AerOpt_AbsorptionBrC_InSitu_UVtoRed_None_Bulk_STP, Water Soluble Brown Carbon absorption at 500 nm
WSAbs520, Mm-1, AerOpt_AbsorptionBrC_InSitu_UVtoRed_None_Bulk_STP, Water Soluble Brown Carbon absorption at 520 nm
WSAbs540, Mm-1, AerOpt_AbsorptionBrC_InSitu_UVtoRed_None_Bulk_STP, Water Soluble Brown Carbon absorption at 540 nm
WSAbs560, Mm-1, AerOpt_AbsorptionBrC_InSitu_UVtoRed_None_Bulk_STP, Water Soluble Brown Carbon absorption at 560 nm
WSAbs580, Mm-1, AerOpt_AbsorptionBrC_InSitu_UVtoRed_None_Bulk_STP, Water Soluble Brown Carbon absorption at 580 nm
WSAbs600, Mm-1, AerOpt_AbsorptionBrC_InSitu_UVtoRed_None_Bulk_STP, Water Soluble Brown Carbon absorption at 600 nm
WSAbs620, Mm-1, AerOpt_AbsorptionBrC_InSitu_UVtoRed_None_Bulk_STP, Water Soluble Brown Carbon absorption at 620 nm
WSAbs640, Mm-1, AerOpt_AbsorptionBrC_InSitu_UVtoRed_None_Bulk_STP, Water Soluble Brown Carbon absorption at 640 nm
WSAbs660, Mm-1, AerOpt_AbsorptionBrC_InSitu_UVtoRed_None_Bulk_STP, Water Soluble Brown Carbon absorption at 660 nm
WSAbs680, Mm-1, AerOpt_AbsorptionBrC_InSitu_UVtoRed_None_Bulk_STP, Water Soluble Brown Carbon absorption at 680 nm
WSAbs700, Mm-1, AerOpt_AbsorptionBrC_InSitu_UVtoRed_None_Bulk_STP, Water Soluble Brown Carbon absorption at 700 nm
WSAbs365, Mm-1, AerOpt_AbsorptionBrC_InSitu_UVtoRed_None_Bulk_STP, Water Soluble Brown Carbon absorption at 365 nm
[...]
UNCERTAINTY: 16% for WSAbs365, 17% for WSOC, 19% for MSAbs365
ULOD_FLAG: -7777
ULOD_VALUE: N/A
LLOD_FLAG: -8888
LLOD_VALUE: N/A
DM_CONTACT_INFO: lhzeng@gatech.edu
PROJECT_INFO: FIREX-AQ, 2019
STIPULATIONS_ON_USE: Use of these data require prior ok from PI.
OTHER_COMMENTS: N/A
REVISION: R0
RA: Preliminary Data.  For in-field use only.
Time_Start, Time_Stop, Time_Mid, WSAbs300, WSAbs320, WSAbs340, WSAbs360, WSAbs380, WSAbs400, WSAbs420, WSAbs440, WSAbs460, WSAbs480, WSAbs500, WSAbs520, WSAbs540, WSAbs560, WSAbs580, WSAbs600, WSAbs620, WSAbs640, WSAbs660, WSAbs680, WSAbs700, WSAbs365, WSOC, MSAbs300, MSAbs320, MSAbs340, MSAbs360, MSAbs380, MSAbs400, MSAbs420, MSAbs440, MSAbs460, MSAbs480, MSAbs500, MSAbs520, MSAbs540, MSAbs560, MSAbs580, MSAbs600, MSAbs620, MSAbs640, MSAbs660, MSAbs680, MSAbs700, MSAbs365
76740,77640,77190,0.00416249,-0.0140583,-0.0525538,-0.0614809,-0.0698272,-0.0719048,-0.0716698,-0.0798502,-0.0836731,-0.0795945,-0.0797512,-0.0808613,-0.0926726,-0.0840587,-0.0856722,-0.0733106,-0.0962921,-0.0900493,-0.0788447,-0.0968886,-0.0597497,-0.0615625,0.0222058,-0.238402,-0.126564,-0.0763906,-0.0407553,-0.0330371,-0.0488224,-0.048871,-0.0468166,-0.0523365,-0.0475615,-0.0553298,-0.0587574,-0.0537775,-0.0768711,-0.0596874,-0.0664716,-0.0676569,-0.00856764,-0.0168512,-0.00951645,-0.0247668,-0.034847
77760,78660,78210,-0.113404,-0.0937664,-0.0868132,-0.0734174,-0.0712409,-0.0725849,-0.065418,-0.0734521,-0.0742076,-0.0727866,-0.0722869,-0.0714992,-0.0819028,-0.0704097,-0.078892,-0.0681811,-0.0849621,-0.0720489,-0.0616498,-0.0778896,-0.0352405,-0.0705471,0.0134037,-0.244415,-0.13237,-0.0605403,-0.0401704,-0.0454558,-0.0561254,-0.0558471,-0.056922,-0.0596447,-0.0544881,-0.0646758,-0.0594525,-0.0409954,-0.0364234,-0.00350467,0.010492,-0.0112867,0.00162077,-0.022688,-0.0256151,-0.0438012,-0.038161
78780,79680,79230,-0.0275199,-0.000989791,0.0242454,0.0360232,0.0233009,0.00652776,0.0111652,0.000358637,0.000445799,-0.00127676,-0.000886282,0.00575067,0.0004669,0.00838139,0.00540563,0.00893564,0.0118333,0.00636426,0.00755597,0.0117964,0.00533826,0.029981,0.0182847,-0.370904,-0.21119,-0.13121,-0.0766682,-0.0650805,-0.0722496,-0.0741361,-0.0726176,-0.0752745,-0.075582,-0.0877529,-0.0908589,-0.0917767,-0.11071,-0.100836,-0.101987,-0.10788,-0.0578842,-0.048706,-0.056407,-0.073671,-0.0708481
79800,80700,80250,-0.0222261,-0.0199872,-0.0189581,-0.0195276,-0.0127311,-0.0168723,-0.0122369,-0.0187201,-0.0187563,-0.0194922,-0.0161913,-0.0113059,-0.0165771,-0.00789447,-0.0138896,-0.00827813,-0.00026197,-0.0036381,0.00556905,0.000435523,0.00706507,-0.0249321,0.0561426,-0.295375,-0.153496,-0.0824972,-0.0533247,-0.0513216,-0.063078,-0.0632769,-0.0623655,-0.0662212,-0.0632128,-0.0712583,-0.0773311,-0.0757643,-0.0949291,-0.081168,-0.0828361,-0.0858905,-0.0269556,-0.0245775,-0.0280188,-0.0337191,-0.0470423
80820,81720,81270,0.0019218,0.00527328,0.0145411,0.0172171,0.0281777,0.0262184,0.0318594,0.0228146,0.0227508,0.0184997,0.0249961,0.0307981,0.0270109,0.0339075,0.030001,0.0316928,0.0428213,0.048397,0.0604522,0.0509241,0.0631316,0.0143272,0.100967,-0.264384,-0.144268,-0.0795008,-0.0510328,-0.0538017,-0.0660632,-0.0668061,-0.0646025,-0.0670135,-0.061132,-0.070848,-0.0698604,-0.0610833,-0.0719682,-0.0474105,-0.0397507,-0.0512545,-0.010002,-0.0243639,-0.0284967,-0.0385125,-0.0500452
81840,82380,82110,0.011647,-0.0094275,-0.0108555,-0.0108243,0.00200866,-0.00286786,0.00624617,-0.00853301,-0.00436393,-0.0117673,0.000252012,0.0128269,0.00691365,0.0155945,0.00539397,0.0112684,0.0303083,0.0465036,0.0560996,0.0403317,0.061754,-0.015168,0.108175,-0.244421,-0.142553,-0.103568,-0.0711094,-0.0841618,-0.095594,-0.0963259,-0.0933494,-0.0992008,-0.0949933,-0.109593,-0.117937,-0.113408,-0.145654,-0.128116,-0.135669,-0.139767,-0.0740763,-0.096774,-0.0850669,-0.107779,-0.0691246
82500,83010,82755,0.0563468,0.0420393,0.0283639,0.0233519,0.0311157,0.0206073,0.0259615,0.0122962,0.0128531,0.00741273,0.0143898,0.0212749,0.0185489,0.0305029,0.0241849,0.0343421,0.0444359,0.0551206,0.0614776,0.060594,0.0684327,0.016475,0.501797,-0.179207,-0.12007,-0.0971257,-0.0802231,-0.0926521,-0.106591,-0.117104,-0.115811,-0.130597,-0.115564,-0.137129,-0.136452,-0.130697,-0.153414,-0.140853,-0.13983,-0.147558,-0.106847,-0.117938,-0.12623,-0.127942,-0.0771159
83280,83460,83370,1.38064,0.846694,0.522261,0.321574,0.210162,0.126209,0.0972546,0.0368121,0.0317219,0.00442939,0.0118173,0.0596673,0.0334684,0.0478734,0.02511,0.0497386,0.0733956,0.0914487,0.0883616,0.0944022,0.0714981,0.264006,0.931996,4.42238,2.91847,2.08983,1.24361,0.68559,0.450418,0.32223,0.233919,0.145732,0.098867,0.0758327,0.147259,0.335635,0.532205,0.823463,1.0548,0.728214,0.264198,-0.0980561,-0.189959,-0.187628,1.07522
83580,83940,83760,19.7296,14.4157,10.3397,7.30772,4.86725,3.12672,2.1542,1.56944,1.12576,0.738729,0.489798,0.352647,0.2584,0.211085,0.156908,0.145802,0.146056,0.137357,0.13596,0.114952,0.0756847,6.61326,16.0438,38.3152,26.0486,17.531,12.256,8.83501,6.49317,4.87755,3.7869,2.98444,2.40249,1.95524,1.63294,1.38134,1.14065,0.953242,0.83975,0.720923,0.724949,0.63698,0.560596,0.480446,11.257
84060,84420,84240,32.942,22.7813,15.374,10.3943,6.75927,4.17147,2.64042,1.75467,1.22682,0.854275,0.630301,0.497928,0.384234,0.323836,0.262954,0.253885,0.233326,0.212085,0.184848,0.163508,0.147394,9.36045,58.2602,8.02303,11.211,53.2055,38.3281,27.3944,20.1087,15.1099,11.7239,9.28734,7.49141,6.17766,5.21853,4.46197,3.83633,3.28861,2.96898,2.65489,2.50042,2.28447,2.08044,1.93383,35.098
84540,84960,84750,21.1929,14.2694,9.59625,6.48194,4.30102,2.87023,1.9678,1.38748,0.99179,0.698366,0.503954,0.3913,0.274218,0.222354,0.16583,0.138359,0.096783,0.10194,0.0966137,0.0706088,0.10217,5.84063,9.67473,38.6006,25.8399,18.2674,13.3404,9.90332,7.46505,5.73535,4.53319,3.63341,2.96764,2.47281,2.11303,1.82909,1.57173,1.35974,1.23015,1.12144,1.12349,1.04901,0.939794,0.877121,12.3814
85080,85620,85350,23.3349,16.0462,11.0134,7.56774,5.12019,3.50338,2.48161,1.80978,1.34811,1.00028,0.769758,0.624553,0.500752,0.439049,0.36405,0.329077,0.293428,0.292263,0.285308,0.257921,0.276527,6.85408,10.5847,36.6439,26.2675,18.3908,13.3921,9.96691,7.52256,5.81932,4.60356,3.72155,3.06201,2.57116,2.21091,1.94128,1.68888,1.47134,1.35001,1.24042,1.25158,1.149,1.02577,0.983487,12.4211
85740,86220,85980,25.2132,17.2656,11.7821,8.06799,5.42284,3.66515,2.56383,1.82904,1.3258,0.96084,0.717616,0.551632,0.411809,0.334969,0.255642,0.212426,0.161077,0.1532,0.1488,0.108115,0.12424,7.30527,8.48778,36.4294,27.3326,19.4549,14.5533,11.1477,8.72482,7.01111,5.78091,4.86665,4.15831,3.6341,3.24686,2.93616,2.659,2.41274,2.2763,2.13968,2.11189,2.01255,1.83577,1.76258,13.593
86340,86880,86610,22.9336,15.872,10.9044,7.51053,5.07442,3.48481,2.46406,1.78417,1.30597,0.946026,0.708346,0.549401,0.419704,0.345355,0.276356,0.232487,0.191806,0.188095,0.160905,0.145276,0.138718,6.79439,18.578,33.8113,24.6551,17.1473,12.5937,9.47726,7.25387,5.6921,4.58399,3.76543,3.14329,2.68444,2.34247,2.07001,1.82562,1.60811,1.4832,1.38176,1.40439,1.33474,1.20546,1.13698,11.7236
87000,87540,87270,21.2484,14.4683,9.85891,6.77224,4.51898,3.01359,2.10037,1.50058,1.0921,0.800905,0.605657,0.471069,0.370498,0.310811,0.24498,0.214862,0.172385,0.153109,0.153948,0.141057,0.141838,6.12675,14.5797,38.8155,28.2846,19.2537,14.1129,10.6058,8.13046,6.39835,5.1659,4.25766,3.55602,3.04062,2.66323,2.35029,2.07199,1.8253,1.68918,1.57024,1.57332,1.51343,1.37625,1.30396,13.1205
87660,88080,87870,15.464,10.3584,7.08035,4.8952,3.34124,2.31365,1.66353,1.23886,0.950722,0.721867,0.581261,0.484841,0.403655,0.363788,0.309434,0.286735,0.251865,0.242959,0.241288,0.206679,0.21513,4.43904,16.9757,22.9922,15.5977,11.2707,8.36072,6.3051,4.81832,3.77701,3.04247,2.49484,2.07593,1.76598,1.54408,1.36407,1.19112,1.0306,0.949408,0.871799,0.952314,0.913303,0.813849,0.759833,7.78094
88200,89100,88650,13.4446,9.14366,6.1624,4.17677,2.79634,1.8746,1.30078,0.934292,0.683503,0.497736,0.376074,0.296182,0.227881,0.198785,0.162822,0.143558,0.122435,0.115559,0.100639,0.0999252,0.119362,3.77268,24.8724,26.9266,19.1301,12.7894,9.18664,6.76623,5.07598,3.90779,3.08784,2.48982,2.03677,1.70943,1.47993,1.29914,1.15178,1.02507,0.956902,0.867463,0.863331,0.804972,0.707201,0.651797,8.50214
89280,89760,89520,13.2574,8.81262,6.00409,4.16425,2.85508,1.99341,1.43572,1.07436,0.824185,0.631431,0.506705,0.432711,0.354603,0.331622,0.28695,0.267348,0.238539,0.224192,0.226115,0.21832,0.211093,3.77447,12.7804,17.4201,12.0311,8.83469,6.64329,5.06885,3.93302,3.13285,2.55534,2.12681,1.80276,1.55884,1.38867,1.25919,1.133,1.01726,0.964065,0.895505,0.921213,0.883422,0.78081,0.741858,6.21083
89940,90540,90240,-0.0210076,-0.0131699,-0.00375123,-0.00562895,-0.00240658,0.000899996,7.28477e-05,0.00949056,-0.0065988,0.00902993,0.000979218,-0.00179571,-0.00746715,-7.10838e-05,0.00164096,0.0147437,-0.00109405,0.00356182,0.0171878,0.0141722,0.0413517,0.001196,0.2243,0.0520172,0.1328,0.164139,0.184625,0.184007,0.161395,0.138903,0.115996,0.089045,0.0720803,0.0477204,0.0424557,0.0375726,0.00846919,-0.00481818,-0.00916316,-0.0192177,0.0688713,0.076436,0.0386115,0.0310393,0.189476
90720,91200,90960,0.783852,0.504639,0.35595,0.255489,0.171878,0.115478,0.0932949,0.0813505,0.0475081,0.0588926,0.0356437,0.0326203,0.0196592,0.0253396,0.0206717,0.0333942,0.0200094,0.0361853,0.036887,0.0344066,0.0725399,0.240964,0.36725,1.78168,1.34721,1.04642,0.852526,0.691045,0.556447,0.454344,0.374182,0.306653,0.249823,0.203886,0.176481,0.153619,0.105419,0.0697602,0.0480192,0.0347462,0.141041,0.147836,0.102246,0.0840197,0.816727
91320,91620,91470,6.56198,4.58332,3.22325,2.27381,1.53814,1.05564,0.766753,0.598086,0.419144,0.3256,0.215912,0.161658,0.128519,0.113704,0.097843,0.10699,0.0730256,0.0863221,0.128161,0.0937978,0.12861,2.08032,2.4771,15.8067,10.9094,7.69295,5.62518,4.20638,3.23916,2.55885,2.07853,1.7163,1.44204,1.23312,1.11011,1.00965,0.896106,0.7907,0.743503,0.670109,0.737607,0.670745,0.559421,0.552326,5.2279
91740,92220,91980,21.9722,16.3449,11.6901,8.06287,5.20318,3.19538,2.05006,1.47154,1.04012,0.73897,0.478746,0.332223,0.248112,0.20324,0.150102,0.132762,0.104039,0.114248,0.122524,0.0831348,0.11373,7.27369,15.4786,39.8193,28.9243,18.6405,13.0091,9.60439,7.34134,5.80535,4.77236,4.00451,3.41958,2.98257,2.65784,2.37986,2.12742,1.88659,1.75486,1.64026,1.68518,1.62588,1.44954,1.40079,12.0003
92340,92760,92550,23.5787,16.1817,11.1027,7.7578,5.17515,3.3747,2.27328,1.56303,1.06696,0.778036,0.554114,0.416661,0.317848,0.247273,0.186955,0.173919,0.129555,0.144977,0.135151,0.117065,0.128977,7.05177,20.9773,55.9789,40.7592,27.0097,19.4928,14.6118,11.2191,8.86129,7.20381,5.97531,5.03364,4.34427,3.8348,3.41733,3.03982,2.68697,2.49684,2.32198,2.31664,2.20852,1.99141,1.89194,18.1005
92880,93300,93090,5.35701,3.61706,2.5917,1.93072,1.33132,0.918056,0.67051,0.491435,0.345051,0.280167,0.212844,0.180592,0.147193,0.135384,0.117768,0.123265,0.0994729,0.112589,0.0896826,0.0904044,0.11329,1.77863,30.4897,9.31667,6.34441,4.35062,3.09298,2.27385,1.6982,1.28729,1.00976,0.793912,0.655174,0.516703,0.455161,0.369373,0.304706,0.217734,0.177227,0.180447,0.223445,0.218988,0.185688,0.177557,2.86918
93420,93840,93630,16.5724,11.597,7.92313,5.41286,3.56171,2.29392,1.55409,1.12546,0.804306,0.599123,0.424111,0.330155,0.246984,0.20606,0.168535,0.172793,0.131278,0.147741,0.129926,0.12181,0.136455,4.89921,32.4788,29.4266,18.9796,12.8473,9.00718,6.49834,4.79473,3.60244,2.80642,2.21859,1.79303,1.45102,1.24705,1.04354,0.87472,0.695947,0.600585,0.574871,0.590047,0.541444,0.491506,0.493775,8.29195
93960,94380,94170,15.3987,10.446,7.1231,4.88243,3.30039,2.29657,1.66192,1.24142,0.904328,0.697676,0.518559,0.42131,0.335241,0.287149,0.23371,0.232869,0.190055,0.18967,0.208411,0.158995,0.190508,4.43013,35.78,-0.531522,-0.285663,-0.153409,-0.0767484,-0.0486862,-0.0476983,-0.0476808,-0.0418133,-0.0384476,-0.0366534,-0.0383038,-0.0424302,-0.0392181,-0.0447615,-0.0321678,-0.0361897,-0.027778,0.027684,0.0467894,0.0359241,0.0211239,-0.0679224
94500,94980,94740,16.8393,11.1554,7.40278,4.93956,3.25703,2.16689,1.48856,1.06384,0.758144,0.577985,0.42377,0.333737,0.260759,0.215231,0.176172,0.173326,0.132775,0.143516,0.120838,0.115711,0.132814,4.45207,36.737,31.6556,23.728,16.3104,11.6479,8.44455,6.22199,4.67688,3.6163,2.83591,2.28662,1.85516,1.58753,1.32585,1.13784,0.921915,0.823502,0.794326,0.775257,0.747882,0.671142,0.660077,10.738
95100,95670,95385,22.7322,15.7868,10.7499,7.32467,4.90049,3.30849,2.31291,1.6662,1.19519,0.889209,0.654722,0.50775,0.395043,0.326733,0.258842,0.243779,0.194136,0.1914,0.176931,0.150011,0.155896,6.62094,40.7878,36.1752,24.7649,16.4281,11.5535,8.28665,6.05626,4.51028,3.46233,2.69542,2.15371,1.74175,1.47055,1.23533,1.0448,0.849237,0.769122,0.725395,0.71136,0.660263,0.610907,0.585327,10.6146
95820,96360,96090,25.5424,17.6243,11.9006,8.04855,5.36215,3.59112,2.48854,1.80106,1.29817,0.979765,0.740062,0.582521,0.459938,0.385077,0.312506,0.285586,0.232468,0.224739,0.23061,0.184041,0.204318,7.27046,42.758,38.6652,26.9759,18.1538,12.8816,9.37872,6.93706,5.24661,4.09579,3.25337,2.63478,2.17067,1.86072,1.59282,1.37312,1.14267,1.05043,0.998679,0.957489,0.895281,0.830238,0.818021,11.8978
96480,97080,96780,22.6719,15.7293,10.6757,7.23391,4.82684,3.25022,2.25599,1.62306,1.16467,0.866274,0.642639,0.497779,0.389711,0.318226,0.253235,0.231863,0.188788,0.180642,0.164754,0.155026,0.163094,6.54149,34.8778,29.6934,20.6587,14.0766,9.97588,7.23688,5.34797,4.02734,3.11714,2.46387,1.9907,1.62656,1.40172,1.20157,1.05126,0.891168,0.838384,0.782454,0.723807,0.66118,0.612417,0.604119,9.19921
97200,97800,97500,17.4233,11.7429,7.85869,5.27377,3.49491,2.3272,1.60843,1.16717,0.846708,0.65125,0.497412,0.397396,0.321544,0.276317,0.228569,0.221846,0.185455,0.181822,0.167545,0.151799,0.165243,4.75786,27.9114,23.7183,20.4213,13.935,9.92056,7.19281,5.30717,3.9986,3.10435,2.46087,1.99195,1.63487,1.40052,1.19647,1.02791,0.843846,0.780392,0.75539,0.745989,0.712769,0.663779,0.650834,9.15186
97920,98580,98250,0.178691,0.166477,0.143057,0.128333,0.114294,0.111826,0.113307,0.122715,0.111159,0.124384,0.10998,0.104483,0.0975388,0.0988699,0.0992004,0.111545,0.0880299,0.069902,0.0722179,0.0852035,0.0928821,0.125735,0.3479,0.117295,0.17584,0.126862,0.109166,0.122402,0.13469,0.124217,0.127512,0.123356,0.139368,0.123965,0.14816,0.144005,0.13955,0.106992,0.13181,0.16019,0.187357,0.169282,0.182202,0.203131,0.119417
98700,99900,99300,0.12279,0.125795,0.127638,0.120978,0.100529,0.0825564,0.0843779,0.0881032,0.0782976,0.0843323,0.0780934,0.069699,0.0666821,0.0676845,0.0676123,0.0794354,0.0604407,0.0483512,0.0379448,0.057655,0.0547834,0.118126,0.4378,-0.224403,-0.0965177,-0.057689,-0.0294657,0.000862991,0.0157849,0.0124397,0.0160591,0.019906,0.0298205,0.0227434,0.033736,0.0312642,0.0168799,6.2121e-05,0.0110961,0.0372006,0.0783546,0.0938917,0.0935965,0.102576,-0.0154443
