Data/Raw/WEBER,RODNEY/FIREXAQ-SAGA-MC-BrC_DC8_20190722_R0.ict
56, 1001
Weber, Rodney
Georgia Institute of Technology
Water soluble brown carbon measured with mist chamber-LWCC
FIREXAQ
1, 1
2019, 07, 22, 2020, 03, 06
0
Time_Start, seconds_past_midnight, Time_Start, seconds_past_midnight
24
1, 1, 1, 1, 1, 1, 1, 1, 1, 1, 1, 1, 1, 1, 1, 1, 1, 1, 1, 1, 1, 1, 1, 1
-9999, -9999, -9999, -9999, -9999, -9999, -9999, -9999, -9999, -9999, -9999, -9999, -9999, -9999, -9999, -9999, -9999, -9999, -9999, -9999, -9999, -9999, -9999, -9999
Time_Stop, seconds_past_midnight, Time_Stop, seconds_past_midnight
Time_Mid, seconds_past_midnight, Time_Mid, seconds_past_midnight
WSAbs300, Mm-1, AerOpt_AbsorptionBrC_InSitu_UVtoRed_None_Bulk_STP, Water Soluble Brown Carbon absorption at 300 nm
WSAbs320, Mm-1, AerOpt_AbsorptionBrC_InSitu_UVtoRed_None_Bulk_STP, Water Soluble Brown Carbon absorption at 320 nm
WSAbs340, Mm-1, AerOpt_AbsorptionBrC_InSitu_UVtoRed_None_Bulk_STP, Water Soluble Brown Carbon absorption at 340 nm
WSAbs360, Mm-1, AerOpt_AbsorptionBrC_InSitu_UVtoRed_None_Bulk_STP, Water Soluble Brown Carbon absorption at 360 nm
WSAbs380, Mm-1, AerOpt_AbsorptionBrC_InSitu_UVtoRed_None_Bulk_STP, Water Soluble Brown Carbon absorption at 380 nm
WSAbs400, Mm-1, AerOpt_AbsorptionBrC_InSitu_UVtoRed_None_Bulk_STP, Water Soluble Brown Carbon absorption at 400 nm
WSAbs420, Mm-1, AerOpt_AbsorptionBrC_InSitu_UVtoRed_None_Bulk_STP, Water Soluble Brown Carbon absorption at 420 nm
WSAbs440, Mm-1, AerOpt_AbsorptionBrC_InSitu_UVtoRed_None_Bulk_STP, Water Soluble Brown Carbon absorption at 440 nm
WSAbs460, Mm-1, AerOpt_AbsorptionBrC_InSitu_UVtoRed_None_Bulk_STP, Water Soluble Brown Carbon absorption at 460 nm
WSAbs480, Mm-1, AerOpt_AbsorptionBrC_InSitu_UVtoRed_None_Bulk_STP, Water Soluble Brown Carbon absorption at 480 nm
WSAbs500, Mm-1, AerOpt_AbsorptionBrC_InSitu_UVtoRed_None_Bulk_STP, Water Soluble Brown Carbon absorption at 500 nm
WSAbs520, Mm-1, AerOpt_AbsorptionBrC_InSitu_UVtoRed_None_Bulk_STP, Water Soluble Brown Carbon absorption at 520 nm
WSAbs540, Mm-1, AerOpt_AbsorptionBrC_InSitu_UVtoRed_None_Bulk_STP, Water Soluble Brown Carbon absorption at 540 nm
WSAbs560, Mm-1, AerOpt_AbsorptionBrC_InSitu_UVtoRed_None_Bulk_STP, Water Soluble Brown Carbon absorption at 560 nm
WSAbs580, Mm-1, AerOpt_AbsorptionBrC_InSitu_UVtoRed_None_Bulk_STP, Water Soluble Brown Carbon absorption at 580 nm
WSAbs600, Mm-1, AerOpt_AbsorptionBrC_InSitu_UVtoRed_None_Bulk_STP, Water Soluble Brown Carbon absorption at 600 nm
WSAbs620, Mm-1, AerOpt_AbsorptionBrC_InSitu_UVtoRed_None_Bulk_STP, Water Soluble Brown Carbon absorption at 620 nm
WSAbs640, Mm-1, AerOpt_AbsorptionBrC_InSitu_UVtoRed_None_Bulk_STP, Water Soluble Brown Carbon absorption at 640 nm
WSAbs660, Mm-1, AerOpt_AbsorptionBrC_InSitu_UVtoRed_None_Bulk_STP, Water Soluble Brown Carbon absorption at 660 nm
WSAbs680, Mm-1, AerOpt_AbsorptionBrC_InSitu_UVtoRed_None_Bulk_STP, Water Soluble Brown Carbon absorption at 680 nm
WSAbs700, Mm-1, AerOpt_AbsorptionBrC_InSitu_UVtoRed_None_Bulk_STP, Water Soluble Brown Carbon absorption at 700 nm
WSAbs365, Mm-1, AerOpt_AbsorptionBrC_InSitu_UVtoRed_None_Bulk_STP, Water Soluble Brown Carbon absorption at 365 nm
0
18
PI_CONTACT_INFO: rweber@eas.gatech.edu
PLATFORM: NASA DC-8 aircraft
LOCATION: Aircraft location is given by the navigational file
ASSOCIATED_DATA: N/A
[...]
DATA_INFO: Samples collected by mist chamber were injected through 0.22 pore size syringe filter and then a 2.5 m path length LWCC, and light absorption was measured by Ocean Optics USB4000 spectrometer. Absorption from 300 to 700 nm were recorded. Absorption of pure solvent was subtracted from the sample. Raw absorption data were processed by the equation Abs=Raw*(Volume of liquid in the mist chamber)/(Volume of air collected at STP)/(Optical Path Length, 2.5m here)*ln(10). Data reported here were averaged over 20 nm wavelength intervals. i.e. absorption at 400 nm were average by absorption data between 390 nm to 410 nm. All data have been blank corrected by averaging all blank filter in this mission (2-3 blank filters per flight). Data are reported under STP, which is T=273K & p=1013 mb. When using the data, the absorption had better to corrected by higher wavelength, ie Abs700 for baseline drift. UNCERTAINTY: Data may have smearing issues. If we do not account for smearing or blank, the uncertainty is ~5%
UNCERTAINTY: Data may have smearing issues. If we do not account for smearing or blank, the uncertainty is ~5%
ULOD_FLAG: -7777
ULOD_VALUE: N/A
LLOD_FLAG: -8888
LLOD_VALUE: N/A
DM_CONTACT_INFO: lhzeng@gatech.edu
PROJECT_INFO: FIREX-AQ, 2019
STIPULATIONS_ON_USE: Use of these data require prior ok from PI.
OTHER_COMMENTS: N/A
REVISION: R0
RA: Preliminary Data.  For in-field use only.
Time_Start, Time_Stop, Time_Mid, WSAbs300, WSAbs320, WSAbs340, WSAbs360, WSAbs380, WSAbs400, WSAbs420, WSAbs440, WSAbs460, WSAbs480, WSAbs500, WSAbs520, WSAbs540, WSAbs560, WSAbs580, WSAbs600, WSAbs620, WSAbs640, WSAbs660, WSAbs680, WSAbs700, WSAbs365
66092,66242,66167,0.87567,0.664386,0.520017,0.425666,0.349622,0.304791,0.256986,0.23899,0.218148,0.201456,0.17917,0.176229,0.161634,0.165205,0.149974,0.146962,0.145644,0.146647,0.140892,0.104226,0.125002,0.396219
66243,66393,66318,1.24273,0.97494,0.783236,0.660591,0.564234,0.494592,0.444877,0.407784,0.379282,0.36213,0.345357,0.332923,0.32234,0.320895,0.314568,0.30565,0.29812,0.294295,0.291927,0.229677,0.26886,0.626518
66393,66543,66468,1.31717,1.03707,0.849102,0.705881,0.619287,0.546329,0.493752,0.460253,0.42952,0.409091,0.390839,0.384507,0.3718,0.368813,0.353613,0.349872,0.343973,0.342824,0.320818,0.309358,0.321084,0.678088
66544,66694,66619,0.871707,0.690486,0.568933,0.484883,0.419982,0.380732,0.342842,0.319108,0.300572,0.285747,0.272567,0.271055,0.26052,0.254377,0.251269,0.249862,0.23949,0.238017,0.240221,0.202724,0.22134,0.461014
66694,66844,66769,1.06742,0.831448,0.666823,0.564175,0.481874,0.423405,0.378037,0.347634,0.325573,0.318015,0.299942,0.288832,0.279894,0.27405,0.26291,0.26937,0.263463,0.251988,0.258266,0.21462,0.236396,0.531999
66845,66995,66920,0.981203,0.752845,0.609424,0.508258,0.424545,0.381011,0.334293,0.307647,0.288871,0.277381,0.256747,0.253964,0.242935,0.242192,0.228943,0.224109,0.226454,0.218219,0.222635,0.19685,0.202152,0.476577
66995,67145,67070,1.01714,0.806166,0.651013,0.544562,0.473238,0.405423,0.369141,0.336109,0.31225,0.292541,0.279457,0.271626,0.262707,0.252388,0.243389,0.235716,0.232491,0.228414,0.227339,0.170418,0.20703,0.516552
67146,67296,67221,0.979328,0.772233,0.628061,0.526848,0.452046,0.393488,0.34206,0.313693,0.286198,0.268728,0.260936,0.238067,0.236263,0.229296,0.219532,0.218135,0.211564,0.204003,0.204423,0.158694,0.177733,0.495155
67296,67447,67372,1.23048,0.95678,0.767184,0.623116,0.531441,0.452364,0.396499,0.35835,0.323839,0.292306,0.27209,0.257743,0.246118,0.239995,0.232053,0.228014,0.221407,0.199864,0.210124,0.112555,0.176818,0.595058
67447,67598,67522,1.35175,1.03345,0.815411,0.661457,0.550461,0.464188,0.40052,0.363972,0.319144,0.297397,0.27586,0.249787,0.242201,0.226623,0.220552,0.212201,0.196592,0.189179,0.193617,0.160254,0.157273,0.628104
67602,67752,67677,1.52853,1.15741,0.902801,0.71829,0.593665,0.495644,0.426926,0.363311,0.324625,0.291269,0.265972,0.256112,0.231774,0.222384,0.208111,0.205525,0.199154,0.184986,0.181223,0.139647,0.150128,0.678561
67752,67902,67827,1.46194,1.09719,0.855607,0.685883,0.55841,0.458933,0.393795,0.336821,0.304317,0.271954,0.251659,0.226684,0.207781,0.205707,0.19598,0.188639,0.180807,0.167114,0.164128,0.129924,0.132,0.639649
67903,68053,67978,1.58289,1.17555,0.901647,0.701899,0.561051,0.460425,0.386492,0.338635,0.300021,0.259161,0.233323,0.22048,0.203855,0.191069,0.184299,0.181039,0.174586,0.160993,0.158851,0.121612,0.128004,0.657075
68053,68203,68128,1.64708,1.22031,0.919489,0.726057,0.574867,0.477064,0.3971,0.333426,0.298668,0.262102,0.233636,0.212844,0.198992,0.18925,0.181362,0.164085,0.163769,0.152291,0.148001,0.114673,0.121222,0.673753
68204,68354,68279,1.59212,1.20779,0.931854,0.746079,0.597553,0.492305,0.419359,0.362495,0.31878,0.277413,0.253229,0.231235,0.204402,0.19419,0.181434,0.168661,0.162413,0.145179,0.157395,0.121481,0.113596,0.695251
68354,68504,68429,1.64342,1.19462,0.895017,0.685957,0.54208,0.429709,0.350261,0.302706,0.255126,0.224334,0.202997,0.179108,0.162813,0.153781,0.145172,0.13794,0.122861,0.116616,0.114792,0.0838718,0.0889171,0.636335
68505,68655,68580,1.48588,1.11063,0.846992,0.664023,0.52921,0.431677,0.357169,0.310635,0.262617,0.229146,0.204849,0.178267,0.164093,0.151699,0.14178,0.133148,0.12026,0.105089,0.112956,0.0817883,0.0722103,0.624068
68655,68805,68730,1.52765,1.11731,0.837672,0.639339,0.499163,0.393616,0.327715,0.266876,0.232639,0.198645,0.172781,0.145375,0.132686,0.117268,0.113315,0.102101,0.0954317,0.0846824,0.0884737,0.0483967,0.0562574,0.594676
68806,68956,68881,1.39922,1.04064,0.799162,0.616678,0.493286,0.393954,0.315704,0.260713,0.223387,0.188766,0.16712,0.144166,0.126487,0.121474,0.106823,0.0998189,0.0935389,0.0677013,0.0801833,0.0457999,0.0387784,0.574912
68956,69106,69031,1.4166,1.0397,0.786389,0.602323,0.469868,0.364324,0.302165,0.242832,0.203422,0.169612,0.147137,0.117116,0.106784,0.0938712,0.0857047,0.0777205,0.0684551,0.056334,0.0535672,0.0202292,0.0205355,0.555617
69107,69257,69182,1.57688,1.12604,0.824356,0.613347,0.470384,0.361455,0.278437,0.218146,0.180038,0.145485,0.120068,0.0960504,0.080484,0.0659668,0.0578927,0.056944,0.0408495,0.0331331,0.0333352,0.00106041,0.00345577,0.569338
69257,69407,69332,1.41962,1.02203,0.743818,0.556015,0.42834,0.325693,0.253828,0.193519,0.155248,0.125179,0.102302,0.0871248,0.0616367,0.0496337,0.0495869,0.0403511,0.0278749,0.0156154,0.0198806,-0.0134025,-0.0119986,0.515807
69408,69558,69483,1.52475,1.09347,0.792215,0.588362,0.439343,0.326972,0.249622,0.186277,0.146869,0.115209,0.0935741,0.0678431,0.0507409,0.0358223,0.0227792,0.021948,0.0162834,0.00252328,0.00314393,-0.0200749,-0.0289637,0.535
69558,69708,69633,1.27685,0.934478,0.682579,0.514471,0.38318,0.287915,0.223402,0.175163,0.129808,0.0949761,0.0699774,0.0580323,0.0395436,0.0269933,0.0191795,0.0118288,0.00722282,-0.0167258,-0.0106115,-0.039426,-0.0433363,0.469913
69709,69859,69784,1.36382,0.981735,0.718553,0.537355,0.404157,0.307681,0.228945,0.16987,0.127998,0.0969514,0.0659193,0.0505135,0.0323736,0.0195568,0.00385967,0.000856511,-0.0129065,-0.0295913,-0.0224866,-0.0342593,-0.0626823,0.494084
69860,70010,69935,1.53076,1.07979,0.770918,0.550377,0.401061,0.289317,0.205179,0.146852,0.101326,0.0760268,0.043619,0.0280284,0.0134179,-0.00908642,-0.0170497,-0.021505,-0.0292168,-0.0423462,-0.0358078,-0.0650826,-0.0700453,0.502864
70010,70160,70085,1.80434,1.27745,0.915828,0.673133,0.496026,0.355527,0.267617,0.192302,0.143904,0.091291,0.0593154,0.0432238,0.0228213,-0.000600179,-0.00838259,-0.0167495,-0.0350318,-0.0496389,-0.045375,-0.0628867,-0.083506,0.613003
70161,70311,70236,1.80308,1.29007,0.93659,0.693753,0.514566,0.375541,0.279485,0.20737,0.153655,0.111174,0.0697905,0.0447082,0.0223916,0.00625134,-0.00810792,-0.0144179,-0.0261554,-0.0513322,-0.0422663,-0.076277,-0.0861321,0.633554
70311,70461,70386,2.01786,1.41281,1.00432,0.733006,0.523913,0.38604,0.271328,0.200841,0.130744,0.0896969,0.0506188,0.032265,0.00353633,-0.0146617,-0.0220321,-0.038538,-0.0478466,-0.0681902,-0.0603601,-0.0789793,-0.10313,0.664824
70462,70612,70537,1.90129,1.3324,0.950183,0.676731,0.49572,0.358765,0.252537,0.182953,0.121826,0.0712248,0.0385506,0.013871,-0.00420549,-0.023677,-0.0285332,-0.0480684,-0.0474804,-0.0729261,-0.0662729,-0.089956,-0.105566,0.621967
70612,70762,70687,1.92004,1.38906,1.01431,0.745491,0.556725,0.407476,0.299635,0.225249,0.159796,0.110831,0.0708536,0.0389002,0.0167921,-0.00625888,-0.0232431,-0.0372647,-0.0435848,-0.0682568,-0.0601446,-0.0805034,-0.115896,0.68523
70763,70913,70838,2.28568,1.60822,1.1402,0.814953,0.588022,0.423468,0.308496,0.206839,0.146832,0.0914877,0.0553548,0.0185176,-0.00263374,-0.0228074,-0.0347789,-0.0512037,-0.0626092,-0.0832404,-0.0814164,-0.0907922,-0.12613,0.746974
70913,71063,70988,2.55872,1.8007,1.28465,0.921979,0.666851,0.472434,0.337214,0.240544,0.161658,0.0947077,0.0580532,0.0215608,-0.0154667,-0.0295686,-0.0507719,-0.0690223,-0.0751366,-0.111339,-0.105262,-0.132259,-0.153323,0.841949
71064,71214,71139,2.77677,1.94838,1.37805,0.978859,0.700736,0.494274,0.343138,0.241953,0.151446,0.0928774,0.0353935,-0.00569274,-0.0363904,-0.0498849,-0.0715608,-0.12382,-0.0988612,-0.128015,-0.128314,-0.121146,-0.179083,0.895529
71214,71364,71289,3.05778,2.1133,1.47353,1.03727,0.73266,0.510261,0.348434,0.224104,0.138162,0.0701221,0.0103707,-0.0301673,-0.0579517,-0.0845445,-0.103035,-0.121212,-0.129413,-0.156929,-0.155042,-0.159915,-0.211407,0.946194
71365,71515,71440,2.45291,1.71581,1.2167,0.869266,0.619419,0.427013,0.299399,0.19807,0.12448,0.0635953,0.0165706,-0.0251696,-0.056625,-0.0687691,-0.0878316,-0.104559,-0.120202,-0.138955,-0.138747,-0.156189,-0.193662,0.789967
71515,71665,71590,2.26826,1.59819,1.13618,0.810378,0.58442,0.408026,0.275859,0.181773,0.106363,0.0522285,0.00186505,-0.0260087,-0.0602522,-0.0753638,-0.0964615,-0.115444,-0.118435,-0.146931,-0.149053,-0.137981,-0.200523,0.741697
71666,71816,71741,2.32351,1.59706,1.11289,0.775352,0.532486,0.357522,0.235777,0.137353,0.062712,0.0163445,-0.0269852,-0.0585116,-0.0884699,-0.108419,-0.120668,-0.139616,-0.143988,-0.165439,-0.161622,-0.161334,-0.206122,0.695848
71816,71966,71891,2.18014,1.50219,1.04215,0.718549,0.500053,0.327633,0.210754,0.123335,0.0567658,0.00643113,-0.0368187,-0.0630092,-0.0976223,-0.114882,-0.124802,-0.137728,-0.148926,-0.178268,-0.166153,-0.253584,-0.213625,0.653485
71967,72117,72042,2.09439,1.43958,0.993609,0.683312,0.470701,0.302737,0.187369,0.101885,0.0374324,-0.00800672,-0.0521611,-0.0815552,-0.106462,-0.121111,-0.135137,-0.154885,-0.153401,-0.181734,-0.171372,-0.16177,-0.219316,0.617563
72117,72267,72192,1.99294,1.4001,0.976255,0.680237,0.469682,0.311834,0.197615,0.11923,0.0500464,-0.00132946,-0.0512614,-0.0813618,-0.101855,-0.127775,-0.146965,-0.160658,-0.163725,-0.187415,-0.186205,-0.216469,-0.24144,0.620542
72268,72418,72343,2.0044,1.36924,0.946211,0.642487,0.433024,0.276511,0.164495,0.0737031,0.0105738,-0.0327554,-0.0735992,-0.105278,-0.125637,-0.145008,-0.162072,-0.169679,-0.186875,-0.205598,-0.201278,-0.10126,-0.245828,0.578926
72418,72568,72493,1.77456,1.24222,0.867164,0.605488,0.41097,0.260775,0.164491,0.0774877,0.01649,-0.0340781,-0.0733835,-0.0961347,-0.124485,-0.146605,-0.162927,-0.171511,-0.188978,-0.201213,-0.204755,-0.204125,-0.252104,0.541706
72569,72719,72644,1.77273,1.20933,0.816021,0.552085,0.359864,0.224899,0.119361,0.048548,-0.0161886,-0.056203,-0.0933623,-0.114546,-0.139825,-0.153927,-0.170253,-0.179795,-0.196378,-0.212657,-0.203499,-0.226799,-0.246959,0.492786
72719,72869,72794,1.70393,1.15441,0.786292,0.519799,0.340016,0.207426,0.106982,0.0322807,-0.0280607,-0.0656403,-0.10739,-0.122829,-0.143052,-0.1681,-0.179267,-0.186531,-0.192437,-0.210563,-0.210721,-0.235488,-0.251236,0.462895
72870,73020,72945,1.61899,1.10099,0.748348,0.493717,0.321552,0.194446,0.0922153,0.0255751,-0.0252801,-0.0666766,-0.101771,-0.134836,-0.14526,-0.160665,-0.175749,-0.191291,-0.200905,-0.219105,-0.210896,-0.200335,-0.253105,0.443488
73021,73171,73096,1.70409,1.14862,0.766868,0.496025,0.3138,0.175924,0.0855013,0.00453377,-0.046596,-0.0883332,-0.118015,-0.152302,-0.166428,-0.180496,-0.195064,-0.204883,-0.212462,-0.23582,-0.224526,-0.22966,-0.264825,0.441375
73171,73321,73246,1.41021,0.945979,0.640138,0.420923,0.26744,0.153337,0.0697064,0.00421355,-0.0368275,-0.0769618,-0.102804,-0.123793,-0.143193,-0.157508,-0.167273,-0.174603,-0.186092,-0.203471,-0.201072,-0.118643,-0.232827,0.368107
73322,73472,73397,1.26348,0.867645,0.58097,0.390476,0.244917,0.14865,0.0707097,0.00580516,-0.0361969,-0.0667649,-0.0989977,-0.121915,-0.132319,-0.146394,-0.164557,-0.175614,-0.180737,-0.198743,-0.196464,-0.196074,-0.228996,0.343344
73472,73622,73547,1.20968,0.815321,0.549013,0.357845,0.215283,0.125324,0.0473237,-0.00963642,-0.0500814,-0.0794767,-0.105536,-0.126754,-0.143613,-0.146602,-0.157224,-0.167136,-0.169449,-0.185725,-0.181134,-0.19379,-0.216077,0.309086
73623,73773,73698,1.10697,0.76403,0.511112,0.339959,0.221168,0.126156,0.0516147,0.000421237,-0.0390729,-0.0679171,-0.0923855,-0.109023,-0.124757,-0.146989,-0.149767,-0.162487,-0.170348,-0.180092,-0.183155,-0.190837,-0.217475,0.303053
73773,73923,73848,1.23782,0.822481,0.534041,0.339029,0.207591,0.104896,0.0302525,-0.0245477,-0.0594628,-0.0951415,-0.113705,-0.134879,-0.151088,-0.160763,-0.169196,-0.180499,-0.179334,-0.191278,-0.191519,-0.294827,-0.218249,0.298312
73924,74074,73999,1.08415,0.739996,0.501015,0.338115,0.215079,0.120201,0.0562301,-0.00153191,-0.0409181,-0.0675373,-0.101014,-0.112138,-0.137351,-0.15054,-0.15661,-0.164795,-0.17604,-0.184238,-0.180077,-0.188514,-0.21935,0.294192
74074,74224,74149,1.05202,0.721616,0.483282,0.323943,0.203265,0.111882,0.0469866,-0.00493619,-0.0461094,-0.0689933,-0.0936483,-0.118057,-0.131914,-0.138931,-0.150667,-0.165042,-0.169976,-0.17884,-0.184666,-0.171253,-0.215615,0.28348
74225,74375,74300,1.10479,0.75058,0.500025,0.328317,0.195604,0.10608,0.0384192,-0.0145311,-0.0584802,-0.0858581,-0.107592,-0.130767,-0.146802,-0.151289,-0.163195,-0.176871,-0.18101,-0.189172,-0.18759,-0.21082,-0.223957,0.28388
74375,74525,74450,1.1654,0.774205,0.507997,0.325355,0.189981,0.0894342,0.0219302,-0.029605,-0.0695782,-0.0981854,-0.112707,-0.133577,-0.15178,-0.157921,-0.173679,-0.176571,-0.187873,-0.19455,-0.197416,-0.283539,-0.221055,0.277586
74526,74676,74601,1.22399,0.802836,0.523402,0.331626,0.193213,0.0910528,0.0242449,-0.0280317,-0.0706989,-0.107058,-0.126641,-0.147212,-0.159328,-0.170111,-0.185057,-0.184837,-0.193814,-0.205029,-0.206925,-0.124251,-0.232914,0.285165
74676,74826,74751,1.1431,0.762229,0.507801,0.320361,0.192235,0.093515,0.0286234,-0.0186426,-0.0612554,-0.0928166,-0.122654,-0.131334,-0.156563,-0.16753,-0.169003,-0.176624,-0.181289,-0.197293,-0.202308,-0.189927,-0.227502,0.279764
74827,74977,74902,1.22507,0.812428,0.528506,0.333456,0.194245,0.0934888,0.0256282,-0.0340782,-0.0718422,-0.102178,-0.124147,-0.149368,-0.165446,-0.173108,-0.180178,-0.192298,-0.190698,-0.214368,-0.20842,-0.212091,-0.236236,0.291133
74977,75127,75052,1.1157,0.747223,0.494767,0.319196,0.189143,0.0989459,0.0327889,-0.0240425,-0.063787,-0.091839,-0.112301,-0.128516,-0.150128,-0.157019,-0.166407,-0.176647,-0.188559,-0.19836,-0.191348,-0.183989,-0.224236,0.273402
75128,75278,75203,1.08709,0.735677,0.500277,0.319282,0.204014,0.102953,0.0329213,-0.0148306,-0.05243,-0.0929642,-0.112556,-0.132509,-0.149624,-0.165878,-0.175552,-0.186943,-0.184785,-0.20085,-0.199369,-0.21253,-0.236892,0.28406
75278,75428,75353,1.19409,0.786327,0.514706,0.324143,0.182078,0.0836062,0.0175612,-0.0406977,-0.06961,-0.0991732,-0.129509,-0.148535,-0.161271,-0.171778,-0.176611,-0.186225,-0.195313,-0.203684,-0.201404,-0.230054,-0.230172,0.274743
75429,75579,75504,1.20332,0.798838,0.520517,0.320627,0.187872,0.0896871,0.0150631,-0.0379173,-0.0726174,-0.112268,-0.133732,-0.153726,-0.164006,-0.177701,-0.187735,-0.192815,-0.20102,-0.209924,-0.204069,-0.294718,-0.236989,0.279175
75579,75729,75654,1.15898,0.75827,0.503155,0.310538,0.187644,0.0892489,0.0192073,-0.029627,-0.0705386,-0.102505,-0.123899,-0.144029,-0.157725,-0.168671,-0.174457,-0.17684,-0.182971,-0.199233,-0.197683,-0.200769,-0.225301,0.271274
75730,75880,75805,1.21081,0.806302,0.535648,0.337696,0.207338,0.105954,0.0272645,-0.0243362,-0.0589454,-0.0968689,-0.124248,-0.134901,-0.154728,-0.169239,-0.175095,-0.186999,-0.190998,-0.206356,-0.199194,-0.220652,-0.23241,0.297017
75881,76031,75956,1.20226,0.80866,0.533942,0.341524,0.204347,0.11159,0.0421194,-0.0203556,-0.0548391,-0.0913454,-0.109838,-0.130378,-0.148891,-0.158423,-0.168744,-0.176493,-0.186721,-0.203318,-0.194418,-0.224882,-0.226,0.299959
76031,76181,76106,1.30492,0.872016,0.567706,0.362655,0.215282,0.115667,0.0365523,-0.0218019,-0.0561225,-0.0884289,-0.12228,-0.136723,-0.147546,-0.158982,-0.178673,-0.185489,-0.193279,-0.204947,-0.196205,-0.204119,-0.228646,0.31762
76182,76332,76257,1.19353,0.802115,0.53208,0.342598,0.213786,0.122101,0.0497455,-0.0120392,-0.0461738,-0.0782186,-0.0979863,-0.118703,-0.131618,-0.141704,-0.155903,-0.158626,-0.170566,-0.178868,-0.176179,-0.202257,-0.211305,0.304974
76332,76482,76407,1.14182,0.789133,0.537343,0.350456,0.230421,0.133295,0.0607194,0.00763006,-0.0393572,-0.063016,-0.0887608,-0.108631,-0.122368,-0.138835,-0.147866,-0.165179,-0.170401,-0.181004,-0.176647,-0.280136,-0.2148,0.313541
76483,76633,76558,1.22676,0.818153,0.540778,0.353723,0.21014,0.121519,0.0450991,-0.00205533,-0.0448816,-0.0799163,-0.0977539,-0.120107,-0.126383,-0.143761,-0.148217,-0.165056,-0.170958,-0.182317,-0.177339,-0.195262,-0.20284,0.303886
76633,76783,76708,1.20727,0.827779,0.563739,0.378962,0.240802,0.133042,0.0693426,0.0123189,-0.0360303,-0.0674212,-0.0899181,-0.110786,-0.135097,-0.144579,-0.15775,-0.159855,-0.173007,-0.183509,-0.187954,-0.202653,-0.221026,0.330024
