Data/Raw/WEBER,RODNEY/FIREXAQ-SAGA-MC-BrC_DC8_20190830_R0.ict
56, 1001
Weber, Rodney
Georgia Institute of Technology
Water soluble brown carbon measured with mist chamber-LWCC
FIREXAQ
1, 1
2019, 08, 30, 2020, 03, 06
0
Time_Start, seconds_past_midnight, Time_Start, seconds_past_midnight
24
1, 1, 1, 1, 1, 1, 1, 1, 1, 1, 1, 1, 1, 1, 1, 1, 1, 1, 1, 1, 1, 1, 1, 1
-9999, -9999, -9999, -9999, -9999, -9999, -9999, -9999, -9999, -9999, -9999, -9999, -9999, -9999, -9999, -9999, -9999, -9999, -9999, -9999, -9999, -9999, -9999, -9999
Time_Stop, seconds_past_midnight, Time_Stop, seconds_past_midnight
Time_Mid, seconds_past_midnight, Time_Mid, seconds_past_midnight
WSAbs300, Mm-1, AerOpt_AbsorptionBrC_InSitu_UVtoRed_None_Bulk_STP, Water Soluble Brown Carbon absorption at 300 nm
WSAbs320, Mm-1, AerOpt_AbsorptionBrC_InSitu_UVtoRed_None_Bulk_STP, Water Soluble Brown Carbon absorption at 320 nm
WSAbs340, Mm-1, AerOpt_AbsorptionBrC_InSitu_UVtoRed_None_Bulk_STP, Water Soluble Brown Carbon absorption at 340 nm
WSAbs360, Mm-1, AerOpt_AbsorptionBrC_InSitu_UVtoRed_None_Bulk_STP, Water Soluble Brown Carbon absorption at 360 nm
WSAbs380, Mm-1, AerOpt_AbsorptionBrC_InSitu_UVtoRed_None_Bulk_STP, Water Soluble Brown Carbon absorption at 380 nm
WSAbs400, Mm-1, AerOpt_AbsorptionBrC_InSitu_UVtoRed_None_Bulk_STP, Water Soluble Brown Carbon absorption at 400 nm
WSAbs420, Mm-1, AerOpt_AbsorptionBrC_InSitu_UVtoRed_None_Bulk_STP, Water Soluble Brown Carbon absorption at 420 nm
WSAbs440, Mm-1, AerOpt_AbsorptionBrC_InSitu_UVtoRed_None_Bulk_STP, Water Soluble Brown Carbon absorption at 440 nm
WSAbs460, Mm-1, AerOpt_AbsorptionBrC_InSitu_UVtoRed_None_Bulk_STP, Water Soluble Brown Carbon absorption at 460 nm
WSAbs480, Mm-1, AerOpt_AbsorptionBrC_InSitu_UVtoRed_None_Bulk_STP, Water Soluble Brown Carbon absorption at 480 nm
WSAbs500, Mm-1, AerOpt_AbsorptionBrC_InSitu_UVtoRed_None_Bulk_STP, Water Soluble Brown Carbon absorption at 500 nm
WSAbs520, Mm-1, AerOpt_AbsorptionBrC_InSitu_UVtoRed_None_Bulk_STP, Water Soluble Brown Carbon absorption at 520 nm
WSAbs540, Mm-1, AerOpt_AbsorptionBrC_InSitu_UVtoRed_None_Bulk_STP, Water Soluble Brown Carbon absorption at 540 nm
WSAbs560, Mm-1, AerOpt_AbsorptionBrC_InSitu_UVtoRed_None_Bulk_STP, Water Soluble Brown Carbon absorption at 560 nm
WSAbs580, Mm-1, AerOpt_AbsorptionBrC_InSitu_UVtoRed_None_Bulk_STP, Water Soluble Brown Carbon absorption at 580 nm
WSAbs600, Mm-1, AerOpt_AbsorptionBrC_InSitu_UVtoRed_None_Bulk_STP, Water Soluble Brown Carbon absorption at 600 nm
WSAbs620, Mm-1, AerOpt_AbsorptionBrC_InSitu_UVtoRed_None_Bulk_STP, Water Soluble Brown Carbon absorption at 620 nm
WSAbs640, Mm-1, AerOpt_AbsorptionBrC_InSitu_UVtoRed_None_Bulk_STP, Water Soluble Brown Carbon absorption at 640 nm
WSAbs660, Mm-1, AerOpt_AbsorptionBrC_InSitu_UVtoRed_None_Bulk_STP, Water Soluble Brown Carbon absorption at 660 nm
WSAbs680, Mm-1, AerOpt_AbsorptionBrC_InSitu_UVtoRed_None_Bulk_STP, Water Soluble Brown Carbon absorption at 680 nm
WSAbs700, Mm-1, AerOpt_AbsorptionBrC_InSitu_UVtoRed_None_Bulk_STP, Water Soluble Brown Carbon absorption at 700 nm
WSAbs365, Mm-1, AerOpt_AbsorptionBrC_InSitu_UVtoRed_None_Bulk_STP, Water Soluble Brown Carbon absorption at 365 nm
0
18
PI_CONTACT_INFO: rweber@eas.gatech.edu
PLATFORM: NASA DC-8 aircraft
LOCATION: Aircraft location is given by the navigational file
ASSOCIATED_DATA: N/A
[...]
DATA_INFO: Samples collected by mist chamber were injected through 0.22 pore size syringe filter and then a 2.5 m path length LWCC, and light absorption was measured by Ocean Optics USB4000 spectrometer. Absorption from 300 to 700 nm were recorded. Absorption of pure solvent was subtracted from the sample. Raw absorption data were processed by the equation Abs=Raw*(Volume of liquid in the mist chamber)/(Volume of air collected at STP)/(Optical Path Length, 2.5m here)*ln(10). Data reported here were averaged over 20 nm wavelength intervals. i.e. absorption at 400 nm were average by absorption data between 390 nm to 410 nm. All data have been blank corrected by averaging all blank filter in this mission (2-3 blank filters per flight). Data are reported under STP, which is T=273K & p=1013 mb. When using the data, the absorption had better to corrected by higher wavelength, ie Abs700 for baseline drift. UNCERTAINTY: Data may have smearing issues. If we do not account for smearing or blank, the uncertainty is ~5%
UNCERTAINTY: Data may have smearing issues. If we do not account for smearing or blank, the uncertainty is ~5%
ULOD_FLAG: -7777
ULOD_VALUE: N/A
LLOD_FLAG: -8888
LLOD_VALUE: N/A
DM_CONTACT_INFO: lhzeng@gatech.edu
PROJECT_INFO: FIREX-AQ, 2019
STIPULATIONS_ON_USE: Use of these data require prior ok from PI.
OTHER_COMMENTS: N/A
REVISION: R0
RA: Preliminary Data.  For in-field use only.
Time_Start, Time_Stop, Time_Mid, WSAbs300, WSAbs320, WSAbs340, WSAbs360, WSAbs380, WSAbs400, WSAbs420, WSAbs440, WSAbs460, WSAbs480, WSAbs500, WSAbs520, WSAbs540, WSAbs560, WSAbs580, WSAbs600, WSAbs620, WSAbs640, WSAbs660, WSAbs680, WSAbs700, WSAbs365
[from data line 74]
63865,64015,63940,86.4122,49.2094,39.86,32.5315,25.224,21.8142,18.148,16.3483,13.9519,12.8319,12.7808,11.3663,10.2787,10.111,9.5153,8.75148,8.39773,7.62525,7.92069,7.40092,6.38342,30.2618
64016,64166,64091,32.1368,17.3289,13.438,10.6279,8.68289,7.52177,6.26825,5.65763,5.09207,4.65375,4.60144,4.30616,3.81386,3.6997,3.53226,3.46068,3.37765,3.22367,3.23453,3.0365,2.9008,10.3475
64166,64316,64241,55.3067,25.6347,16.6485,12.1288,8.64234,7.04272,5.74399,4.76211,4.01913,3.52787,3.22379,3.14978,2.81574,2.64258,2.56936,2.53935,2.44478,2.26851,2.34294,2.12456,2.14625,11.0705
64317,64467,64392,16.1142,8.61638,5.56621,4.23395,3.31048,2.66706,2.26346,2.00106,1.78824,1.65373,1.55906,1.4809,1.45609,1.38782,1.33754,1.31749,1.31275,1.26293,1.26477,1.18308,1.20203,3.84973
64467,64617,64542,48.8657,28.8998,22.6805,15.9192,12.9109,10.6327,9.56301,8.01463,7.10731,6.5269,6.09067,5.67938,5.23423,5.1068,4.97307,4.59446,4.46327,4.15827,4.25655,3.85717,3.65735,15.231
64618,64768,64693,135.627,65.3182,46.5368,33.0928,25.7339,20.7595,16.7635,14.2855,12.1451,10.922,10.0931,9.67036,9.20511,8.70814,8.52636,8.07021,7.84317,7.44538,7.56656,6.72034,7.05056,30.9654
64768,64918,64843,49.795,28.3685,20.4315,14.6408,11.987,10.2736,8.6811,7.60153,6.57394,6.02105,5.85367,5.27511,4.81351,4.68536,4.34755,4.37276,4.09228,3.76767,3.87069,3.58169,3.34523,14.2844
64919,65069,64994,22.3972,18.8506,15.1813,12.325,11.0229,9.45973,8.48549,7.93024,7.1478,6.66474,6.52123,6.02558,5.55056,5.30937,5.41744,4.93127,4.83195,4.60505,4.71121,4.07444,3.6734,11.8886
65070,65220,65145,12.1472,8.34866,6.17366,5.21447,4.21208,3.56438,3.1526,2.68772,2.37037,2.17227,2.0292,1.90451,1.82679,1.70787,1.62032,1.57459,1.49892,1.42992,1.46775,1.28337,1.22157,4.81394
65220,65370,65295,13.1284,8.04072,5.49644,4.53404,3.71111,3.19745,2.8606,2.47948,2.32223,2.15581,2.12906,2.01627,1.90804,1.79084,1.75645,1.69541,1.64309,1.57039,1.57218,1.39863,1.44873,4.31309
65371,65521,65446,21.7069,20.5771,17.2944,13.2899,11.7197,10.1407,8.9743,8.30331,7.61207,6.91014,7.09779,6.24811,5.79707,5.85531,5.69146,5.2032,5.19462,4.53986,4.68484,4.12961,3.72045,13.0789
65521,65671,65596,80.3531,65.0218,52.8955,37.9553,31.225,25.2381,22.2282,18.8601,17.1764,15.5879,14.7817,14.1127,12.3415,12.0899,11.8138,10.8205,10.7511,9.88199,9.97246,9.34882,8.61472,35.6108
65672,65822,65747,21.5121,19.261,14.2295,9.76438,8.03932,6.88313,5.88662,5.05815,4.64639,4.09478,4.11081,3.8237,3.37972,3.39969,3.1279,3.0948,2.94352,2.83921,2.84898,2.6547,2.51932,9.4855
65822,65972,65897,28.8953,22.5224,21.4547,16.3446,14.0384,11.6301,10.3862,9.61443,8.61525,7.9997,7.40811,7.44756,7.17743,6.65909,6.4141,6.14085,6.00445,5.60627,5.69715,5.21915,4.96433,15.411
65973,66123,66048,11.5718,6.70575,4.66707,3.68115,2.8856,2.4196,2.03783,1.76497,1.605,1.50649,1.42524,1.33854,1.29963,1.26125,1.21199,1.17028,1.14982,1.11434,1.14258,1.02407,1.06,3.38515
66123,66273,66198,12.213,9.4988,7.19592,5.63004,4.85872,4.09832,3.70879,3.33515,3.01174,2.86847,2.71384,2.6686,2.39746,2.40526,2.25737,2.24278,2.17244,2.08577,2.07443,1.78886,1.87743,5.44196
66274,66424,66349,15.634,9.52067,6.63756,4.89134,3.91138,3.02574,2.68407,2.31213,2.01164,1.84957,1.70408,1.59721,1.53525,1.47066,1.45771,1.38958,1.34618,1.29839,1.32395,1.19227,1.21299,4.5066
66425,66575,66500,41.6625,29.4419,23.5115,20.1593,18.22,15.3297,13.8079,13.2116,12.1231,11.3229,11.3898,10.7138,9.69668,8.98406,9.06849,8.31688,7.95012,7.26204,7.50919,6.64988,5.4792,19.5175
66575,66725,66650,30.8679,22.617,16.7777,12.9104,10.2451,8.7416,7.64515,6.6306,6.06482,5.51263,5.40339,5.06591,4.69218,4.55649,4.4538,4.31594,4.2968,4.07855,4.16842,3.69984,3.88362,12.4119
66726,66876,66801,21.7453,16.209,12.6819,9.70988,8.19465,6.92339,6.10844,5.6611,4.95788,4.65686,4.48093,4.19471,4.171,3.80025,3.78675,3.62036,3.49511,3.28175,3.38306,3.14309,3.004,9.4516
66876,67026,66951,15.8953,8.64828,8.11819,6.25138,5.26616,4.69,4.34801,3.83471,3.64944,3.37686,3.15525,3.02919,2.92393,2.7331,2.5524,2.48053,2.42212,2.22221,2.37065,2.12306,1.83423,6.00385
67027,67177,67102,6.89619,5.38217,5.11081,4.27597,3.79372,3.53019,3.25967,2.94984,2.72406,2.6484,2.44168,2.46727,2.39013,2.32329,2.2172,2.03918,2.00415,1.86914,1.9362,1.73892,1.47538,4.13727
67177,67327,67252,5.4729,4.23726,3.61175,2.68998,2.33021,2.01996,1.83425,1.63829,1.5132,1.42247,1.3534,1.27779,1.24289,1.23629,1.19424,1.1515,1.12229,1.08924,1.1094,0.99212,0.986943,2.57204
67328,67478,67403,6.89516,4.1052,3.60504,3.28623,3.00859,2.74693,2.44092,2.33173,2.17022,1.98345,1.99826,1.81619,1.82067,1.80248,1.66228,1.65557,1.53827,1.42847,1.50821,1.28329,1.10659,3.19906
67479,67629,67554,2.20124,1.75587,1.41984,1.28649,1.15097,1.03452,0.986572,0.924602,0.868443,0.822603,0.816091,0.810673,0.780873,0.739887,0.72544,0.70613,0.684836,0.681184,0.673646,0.600501,0.608861,1.21772
67629,67779,67704,3.27241,2.22546,1.9708,1.62638,1.50907,1.348,1.21597,1.16935,1.07138,1.00441,1.00747,1.00118,0.953562,0.899226,0.876866,0.831441,0.839133,0.7794,0.793289,0.710318,0.660539,1.58726
67780,67930,67855,17.4562,8.5819,5.77323,4.03523,3.22999,2.69484,2.17289,1.94611,1.701,1.57747,1.5309,1.39199,1.3318,1.32286,1.26739,1.24549,1.20331,1.18069,1.18516,1.01316,1.1196,3.88361
67930,68080,68005,3.71599,3.36918,2.58547,2.15364,1.85008,1.65252,1.52717,1.40851,1.2996,1.18703,1.15446,1.08621,1.075,1.03096,0.99934,0.937977,0.954372,0.871709,0.875232,0.808597,0.766317,2.09525
68081,68231,68156,1.7019,1.23893,0.960414,0.839825,0.758995,0.687896,0.646217,0.612901,0.580562,0.557521,0.562885,0.541423,0.511375,0.516253,0.501403,0.481101,0.48233,0.479554,0.481846,0.446854,0.44266,0.804015
68231,68381,68306,6.2263,3.72486,2.63381,1.85421,1.46645,1.24071,1.03229,0.916781,0.812095,0.755196,0.719309,0.704463,0.670328,0.630451,0.629577,0.608306,0.597392,0.579154,0.594217,0.522889,0.55764,1.78445
68382,68532,68457,1.68989,1.62309,1.45261,1.23622,1.14041,1.05175,0.997652,0.920833,0.904351,0.860985,0.82803,0.819495,0.807414,0.78463,0.753126,0.742098,0.745943,0.695557,0.713576,0.647657,0.608533,1.21706
68532,68682,68607,2.24267,1.62478,1.36225,1.17928,1.10222,0.983771,0.916891,0.873727,0.813564,0.793484,0.767535,0.774184,0.724913,0.685423,0.688653,0.663826,0.654143,0.619237,0.636047,0.564969,0.528654,1.15005
68683,68833,68758,5.78011,3.28282,3.07867,2.47103,2.02539,1.82363,1.60502,1.44899,1.37132,1.2491,1.25676,1.17605,1.0639,1.05377,0.99977,1.01016,0.94335,0.892311,0.922079,0.764166,0.733957,2.29799
68833,68983,68908,0.474305,0.447578,0.427952,0.416748,0.395903,0.38798,0.389507,0.390303,0.389449,0.371711,0.381346,0.367453,0.379806,0.374263,0.371901,0.379407,0.37781,0.371884,0.376952,0.310723,0.356576,0.401148
68984,69134,69059,6.26398,3.52169,2.73862,2.10786,1.73369,1.48391,1.34329,1.18019,1.06766,1.01769,0.956051,0.919871,0.880031,0.866735,0.801434,0.782294,0.781851,0.753279,0.772609,0.689793,0.694,2.01198
69134,69284,69209,2.15979,2.11636,1.85854,1.54093,1.32323,1.20313,1.10124,1.06403,0.96689,0.931156,0.916434,0.875388,0.827928,0.820052,0.760572,0.761318,0.763894,0.688468,0.723457,0.644894,0.5797,1.44925
69285,69435,69360,0.94236,0.720122,0.666795,0.624725,0.613444,0.582019,0.551656,0.548632,0.541672,0.529858,0.532233,0.521337,0.527222,0.518883,0.50294,0.499927,0.508695,0.495645,0.508274,0.451168,0.48274,0.612045
69435,69585,69510,0.433782,0.410297,0.372276,0.343189,0.326778,0.317791,0.307804,0.299357,0.289384,0.288662,0.283704,0.275264,0.266729,0.267653,0.266383,0.251219,0.256278,0.253728,0.249007,0.199226,0.222556,0.333835
69736,69886,69811,0.45122,0.395512,0.37465,0.339166,0.332909,0.329906,0.326365,0.31377,0.312213,0.302088,0.319798,0.310326,0.303853,0.295803,0.308987,0.302371,0.29924,0.308329,0.304285,0.255747,0.290378,0.333082
70037,70187,70112,5.64125,3.68572,2.86999,2.24617,1.99442,1.72991,1.48473,1.35078,1.22184,1.12742,1.12345,1.00738,0.957579,0.935967,0.896184,0.856517,0.828201,0.759638,0.795556,0.674772,0.653161,2.1772
70188,70338,70263,7.99511,5.40605,4.38292,3.00228,2.43915,2.07905,1.67675,1.46482,1.33669,1.19517,1.17133,1.07076,0.990841,0.927384,0.919954,0.856502,0.829981,0.782361,0.786081,0.711621,0.693178,2.88825
70338,70488,70413,3.15994,2.09379,2.0061,1.54438,1.33497,1.23198,1.05676,0.958976,0.923731,0.818499,0.84079,0.750942,0.743467,0.67484,0.67767,0.613426,0.608817,0.56584,0.583464,0.482406,0.414094,1.52356
70489,70639,70564,4.16866,2.81535,2.6512,1.87019,1.65779,1.3903,1.16973,1.05583,0.917175,0.872917,0.877655,0.806599,0.740356,0.72003,0.675333,0.617247,0.598599,0.571322,0.565498,0.490397,0.475251,1.83201
70640,70790,70715,4.36577,2.59162,2.25641,1.85927,1.54995,1.38761,1.21633,1.12068,1.021,0.934109,0.907158,0.824844,0.799757,0.796406,0.737316,0.746447,0.728763,0.657601,0.668934,0.587294,0.597942,1.74535
70790,70940,70865,4.70294,2.44206,2.13014,1.58312,1.30764,1.13375,0.999421,0.86874,0.803248,0.720621,0.682479,0.684102,0.599815,0.608558,0.547572,0.561521,0.545182,0.49142,0.505359,0.41368,0.420869,1.53196
70941,71091,71016,4.43923,2.44197,1.97627,1.53541,1.27486,1.1246,0.992731,0.904016,0.857103,0.803265,0.79628,0.75828,0.747057,0.702959,0.70072,0.690905,0.688718,0.666624,0.66023,0.587233,0.624435,1.43784
71091,71241,71166,3.35955,2.14607,1.706,1.45751,1.28405,1.10978,1.03213,0.98103,0.91827,0.83571,0.813328,0.765324,0.754362,0.736649,0.682048,0.673315,0.66164,0.606829,0.655733,0.53233,0.526661,1.38552
71242,71392,71317,2.96316,1.69665,1.3681,1.09856,0.945479,0.831808,0.760117,0.712957,0.671806,0.643438,0.626121,0.616632,0.600799,0.58706,0.568453,0.561986,0.566349,0.552357,0.55318,0.48496,0.530573,1.04346
71393,71543,71468,0.556996,0.537896,0.509988,0.493023,0.481562,0.478918,0.463398,0.461969,0.454299,0.458838,0.450005,0.454085,0.450174,0.446819,0.44615,0.449319,0.443984,0.433152,0.434262,0.378648,0.425721,0.478936
71543,71693,71618,2.0126,1.23862,1.05111,0.869422,0.769822,0.68006,0.638322,0.587117,0.577924,0.529891,0.531447,0.522633,0.489866,0.493699,0.468096,0.466387,0.457101,0.449413,0.455896,0.389198,0.414254,0.819878
71694,71844,71769,2.53536,1.78221,1.40773,1.1735,0.994715,0.843816,0.754621,0.682839,0.62558,0.583009,0.554205,0.552879,0.500205,0.481271,0.469438,0.459274,0.443243,0.434112,0.440587,0.36228,0.382604,1.0979
71844,71994,71919,1.09695,0.937076,0.772153,0.590584,0.516269,0.476519,0.449589,0.408671,0.391582,0.366465,0.360169,0.33208,0.346977,0.33741,0.319749,0.325035,0.309714,0.311343,0.298481,0.250236,0.282848,0.582335
71995,72145,72070,6.07946,3.16744,2.48351,1.8368,1.50294,1.17825,0.974588,0.885136,0.732481,0.672209,0.67289,0.536889,0.502822,0.474232,0.464995,0.453943,0.426917,0.386342,0.388884,0.316278,0.311006,1.74327
72146,72296,72221,7.62336,3.81168,2.77474,1.84341,1.42284,1.07204,0.914447,0.778738,0.675083,0.586476,0.58703,0.531989,0.495936,0.461076,0.451609,0.43873,0.428088,0.401342,0.408882,0.365757,0.36219,1.70394
72296,72446,72371,5.02202,3.68765,2.42942,1.80943,1.35441,1.10469,0.877571,0.788745,0.665173,0.622836,0.57032,0.548511,0.529573,0.505061,0.460441,0.465405,0.442399,0.440871,0.434479,0.410019,0.402074,1.65559
72447,72597,72522,8.18733,4.86318,3.90696,2.93254,2.24728,1.89335,1.62016,1.3387,1.17501,1.08931,1.09274,0.969042,0.864884,0.842242,0.761418,0.739512,0.736852,0.658114,0.665878,0.561853,0.545327,2.6688
72597,72747,72672,6.58465,5.00517,3.72233,2.534,2.09619,1.68013,1.38315,1.23036,1.04933,0.921,0.889001,0.771227,0.73428,0.704424,0.670832,0.638907,0.602166,0.539209,0.552251,0.48344,0.452071,2.42779
72748,72898,72823,6.10343,3.55074,2.71252,1.7937,1.35596,1.08134,0.901429,0.741641,0.658449,0.580299,0.567822,0.505565,0.494065,0.482761,0.444337,0.429265,0.424017,0.389462,0.412697,0.340209,0.369385,1.65794
72898,73048,72973,2.74453,1.95741,1.62145,1.3201,1.20097,1.05078,0.961165,0.838323,0.784682,0.745612,0.694259,0.654849,0.63652,0.626362,0.572587,0.566188,0.568224,0.499557,0.524688,0.430305,0.410068,1.29452
73049,73199,73124,1.86581,1.12258,0.949658,0.755117,0.649882,0.595518,0.525192,0.490556,0.458227,0.452914,0.42949,0.421405,0.41701,0.399172,0.390476,0.386332,0.369844,0.366036,0.377893,0.321713,0.342863,0.728584
73199,73349,73274,1.78662,1.33825,1.10766,0.901215,0.767755,0.691097,0.625653,0.575433,0.537219,0.516882,0.509721,0.464324,0.450681,0.449462,0.438152,0.42404,0.414071,0.390958,0.410713,0.344994,0.363619,0.865759
73350,73500,73425,2.65595,1.46487,1.15937,0.888761,0.729321,0.626043,0.560096,0.520108,0.482022,0.456774,0.442514,0.441789,0.424001,0.423378,0.413542,0.405965,0.401507,0.401045,0.413868,0.352216,0.38767,0.822616
73500,73650,73575,0.673985,0.516699,0.476294,0.409408,0.38434,0.362209,0.345244,0.336735,0.319367,0.302175,0.310592,0.302662,0.305099,0.296683,0.282153,0.286931,0.292369,0.280428,0.281401,0.220473,0.265242,0.389023
73651,73801,73726,0.350717,0.27128,0.235587,0.220563,0.225992,0.217214,0.212946,0.212141,0.210926,0.209338,0.208425,0.195947,0.208605,0.207269,0.199955,0.193869,0.207038,0.197022,0.20579,0.174873,0.190688,0.217929
73801,73951,73876,-0.0630484,0.0501023,0.0863076,0.0997078,0.13036,0.133856,0.146887,0.168069,0.174613,0.169027,0.180302,0.177607,0.182156,0.184668,0.181624,0.190616,0.184596,0.179792,0.181187,0.153637,0.181993,0.103996
73952,74102,74027,0.275951,0.269155,0.277149,0.281846,0.278361,0.283464,0.284974,0.279237,0.27409,0.287627,0.27078,0.278738,0.283385,0.270325,0.277773,0.286595,0.287639,0.273039,0.275494,0.225436,0.267865,0.267865
74102,74252,74177,0.438021,0.371463,0.310864,0.293208,0.26107,0.256446,0.236494,0.227786,0.242708,0.222753,0.233152,0.235717,0.22372,0.226334,0.224379,0.232528,0.225988,0.215494,0.232679,0.187466,0.211985,0.269058
74253,74403,74328,5.68752,3.13458,2.91405,2.32831,1.99577,1.73395,1.54416,1.28708,1.22713,1.05738,1.04889,1.00109,0.883581,0.89793,0.831357,0.791581,0.754111,0.621519,0.667752,0.574487,0.42191,2.20237
74404,74554,74479,11.8089,5.86689,4.24916,2.86366,2.09348,1.58313,1.33639,1.11623,0.943741,0.80794,0.815085,0.716344,0.67092,0.642953,0.607208,0.597912,0.568626,0.543951,0.552763,0.481934,0.50499,2.56774
74554,74704,74629,1.76251,1.34983,1.09302,0.90125,0.799159,0.709665,0.646382,0.57249,0.535884,0.507538,0.471331,0.495572,0.428718,0.43711,0.42759,0.413675,0.400041,0.367509,0.391317,0.327134,0.30167,0.856351
74705,74855,74780,0.268523,0.216795,0.192235,0.187217,0.180047,0.160358,0.155163,0.144401,0.152363,0.137365,0.14472,0.146151,0.132292,0.137573,0.147109,0.127209,0.134582,0.124039,0.131976,0.0877189,0.116051,0.169613
74855,75005,74930,-1.08182,-0.435369,-0.302159,-0.172516,-0.0875286,-0.0211083,0.0134245,0.0643823,0.0780824,0.0958663,0.100949,0.104879,0.12099,0.134148,0.143854,0.142958,0.145346,0.143367,0.144225,0.110684,0.153956,-0.144334
75006,75156,75081,-0.560812,-0.213784,-0.0801125,0.0388428,0.0968675,0.133677,0.160377,0.190439,0.193286,0.214408,0.223449,0.216389,0.23948,0.229587,0.234715,0.24065,0.242871,0.236243,0.23587,0.21432,0.240575,0.044551
75156,75306,75231,5.93488,3.37737,2.42999,1.62224,1.19064,0.913284,0.758732,0.63692,0.55636,0.481655,0.462633,0.430562,0.415805,0.389945,0.360001,0.353881,0.346013,0.314648,0.321809,0.279946,0.29606,1.47207
75307,75457,75382,0.977129,0.800447,0.605086,0.455765,0.377924,0.339101,0.298907,0.262685,0.250921,0.24351,0.240437,0.230954,0.221511,0.225534,0.206213,0.223025,0.220766,0.211952,0.212701,0.171323,0.193174,0.417256
75457,75607,75532,10.4701,5.29651,4.91987,3.67215,3.08284,2.57904,2.23041,1.92875,1.72678,1.51571,1.45017,1.2414,1.24019,1.13572,1.04094,1.02303,0.962622,0.743035,0.838319,0.681725,0.506436,3.51185
75608,75758,75683,2.27716,1.71341,1.54714,1.10026,0.876254,0.74789,0.653306,0.570639,0.525275,0.476221,0.464822,0.424539,0.394181,0.395731,0.380407,0.366405,0.350468,0.33251,0.340649,0.271533,0.302215,1.02288
75758,75908,75833,9.2779,6.8042,5.0398,3.84654,3.10846,2.42109,2.06721,1.83616,1.55824,1.43329,1.31809,1.2685,1.13857,1.1012,1.00716,0.927363,0.895894,0.78136,0.830447,0.695491,0.63136,3.49247
