Data/Raw/WEBER,RODNEY/FIREXAQ-SAGA-MC-BrC_DC8_20190830_R0.ict
56, 1001
Weber, Rodney
Georgia Institute of Technology
Water soluble brown carbon measured with mist chamber-LWCC
FIREXAQ
1, 1
2019, 08, 30, 2020, 03, 06
0
Time_Start, seconds_past_midnight, Time_Start, seconds_past_midnight
24
1, 1, 1, 1, 1, 1, 1, 1, 1, 1, 1, 1, 1, 1, 1, 1, 1, 1, 1, 1, 1, 1, 1, 1
-9999, -9999, -9999, -9999, -9999, -9999, -9999, -9999, -9999, -9999, -9999, -9999, -9999, -9999, -9999, -9999, -9999, -9999, -9999, -9999, -9999, -9999, -9999, -9999
Time_Stop, seconds_past_midnight, Time_Stop, seconds_past_midnight
Time_Mid, seconds_past_midnight, Time_Mid, seconds_past_midnight
WSAbs300, Mm-1, AerOpt_AbsorptionBrC_InSitu_UVtoRed_None_Bulk_STP, Water Soluble Brown Carbon absorption at 300 nm
WSAbs320, Mm-1, AerOpt_AbsorptionBrC_InSitu_UVtoRed_None_Bulk_STP, Water Soluble Brown Carbon absorption at 320 nm
WSAbs340, Mm-1, AerOpt_AbsorptionBrC_InSitu_UVtoRed_None_Bulk_STP, Water Soluble Brown Carbon absorption at 340 nm
WSAbs360, Mm-1, AerOpt_AbsorptionBrC_InSitu_UVtoRed_None_Bulk_STP, Water Soluble Brown Carbon absorption at 360 nm
WSAbs380, Mm-1, AerOpt_AbsorptionBrC_InSitu_UVtoRed_None_Bulk_STP, Water Soluble Brown Carbon absorption at 380 nm
WSAbs400, Mm-1, AerOpt_AbsorptionBrC_InSitu_UVtoRed_None_Bulk_STP, Water Soluble Brown Carbon absorption at 400 nm
WSAbs420, Mm-1, AerOpt_AbsorptionBrC_InSitu_UVtoRed_None_Bulk_STP, Water Soluble Brown Carbon absorption at 420 nm
WSAbs440, Mm-1, AerOpt_AbsorptionBrC_InSitu_UVtoRed_None_Bulk_STP, Water Soluble Brown Carbon absorption at 440 nm
WSAbs460, Mm-1, AerOpt_AbsorptionBrC_InSitu_UVtoRed_None_Bulk_STP, Water Soluble Brown Carbon absorption at 460 nm
WSAbs480, Mm-1, AerOpt_AbsorptionBrC_InSitu_UVtoRed_None_Bulk_STP, Water Soluble Brown Carbon absorption at 480 nm
WSAbs500, Mm-1, AerOpt_AbsorptionBrC_InSitu_UVtoRed_None_Bulk_STP, Water Soluble Brown Carbon absorption at 500 nm
WSAbs520, Mm-1, AerOpt_AbsorptionBrC_InSitu_UVtoRed_None_Bulk_STP, Water Soluble Brown Carbon absorption at 520 nm
WSAbs540, Mm-1, AerOpt_AbsorptionBrC_InSitu_UVtoRed_None_Bulk_STP, Water Soluble Brown Carbon absorption at 540 nm
WSAbs560, Mm-1, AerOpt_AbsorptionBrC_InSitu_UVtoRed_None_Bulk_STP, Water Soluble Brown Carbon absorption at 560 nm
WSAbs580, Mm-1, AerOpt_AbsorptionBrC_InSitu_UVtoRed_None_Bulk_STP, Water Soluble Brown Carbon absorption at 580 nm
WSAbs600, Mm-1, AerOpt_AbsorptionBrC_InSitu_UVtoRed_None_Bulk_STP, Water Soluble Brown Carbon absorption at 600 nm
WSAbs620, Mm-1, AerOpt_AbsorptionBrC_InSitu_UVtoRed_None_Bulk_STP, Water Soluble Brown Carbon absorption at 620 nm
WSAbs640, Mm-1, AerOpt_AbsorptionBrC_InSitu_UVtoRed_None_Bulk_STP, Water Soluble Brown Carbon absorption at 640 nm
WSAbs660, Mm-1, AerOpt_AbsorptionBrC_InSitu_UVtoRed_None_Bulk_STP, Water Soluble Brown Carbon absorption at 660 nm
WSAbs680, Mm-1, AerOpt_AbsorptionBrC_InSitu_UVtoRed_None_Bulk_STP, Water Soluble Brown Carbon absorption at 680 nm
WSAbs700, Mm-1, AerOpt_AbsorptionBrC_InSitu_UVtoRed_None_Bulk_STP, Water Soluble Brown Carbon absorption at 700 nm
WSAbs365, Mm-1, AerOpt_AbsorptionBrC_InSitu_UVtoRed_None_Bulk_STP, Water Soluble Brown Carbon absorption at 365 nm
0
18
PI_CONTACT_INFO: rweber@eas.gatech.edu
PLATFORM: NASA DC-8 aircraft
LOCATION: Aircraft location is given by the navigational file
ASSOCIATED_DATA: N/A
[...]
DATA_INFO: Samples collected by mist chamber were injected through 0.22 pore size syringe filter and then a 2.5 m path length LWCC, and light absorption was measured by Ocean Optics USB4000 spectrometer. Absorption from 300 to 700 nm were recorded. Absorption of pure solvent was subtracted from the sample. Raw absorption data were processed by the equation Abs=Raw*(Volume of liquid in the mist chamber)/(Volume of air collected at STP)/(Optical Path Length, 2.5m here)*ln(10). Data reported here were averaged over 20 nm wavelength intervals. i.e. absorption at 400 nm were average by absorption data between 390 nm to 410 nm. All data have been blank corrected by averaging all blank filter in this mission (2-3 blank filters per flight). Data are reported under STP, which is T=273K & p=1013 mb. When using the data, the absorption had better to corrected by higher wavelength, ie Abs700 for baseline drift. UNCERTAINTY: Data may have smearing issues. If we do not account for smearing or blank, the uncertainty is ~5%
UNCERTAINTY: Data may have smearing issues. If we do not account for smearing or blank, the uncertainty is ~5%
ULOD_FLAG: -7777
ULOD_VALUE: N/A
LLOD_FLAG: -8888
LLOD_VALUE: N/A
DM_CONTACT_INFO: lhzeng@gatech.edu
PROJECT_INFO: FIREX-AQ, 2019
STIPULATIONS_ON_USE: Use of these data require prior ok from PI.
OTHER_COMMENTS: N/A
REVISION: R0
RA: Preliminary Data.  For in-field use only.
Time_Start, Time_Stop, Time_Mid, WSAbs300, WSAbs320, WSAbs340, WSAbs360, WSAbs380, WSAbs400, WSAbs420, WSAbs440, WSAbs460, WSAbs480, WSAbs500, WSAbs520, WSAbs540, WSAbs560, WSAbs580, WSAbs600, WSAbs620, WSAbs640, WSAbs660, WSAbs680, WSAbs700, WSAbs365
[from data line 153]
76059,76209,76134,3.80789,1.83073,1.54869,1.12884,0.906153,0.764217,0.680279,0.581197,0.53337,0.483499,0.478655,0.426361,0.403998,0.377438,0.382142,0.364861,0.343969,0.321396,0.327474,0.284759,0.286167,1.0753
76210,76360,76285,-0.274848,-0.264373,-0.139042,-0.0778866,-0.0396672,0.00199313,0.0262204,0.0438451,0.0756567,0.0762819,0.0906853,0.0924225,0.114048,0.120045,0.14172,0.13335,0.142666,0.15658,0.161523,0.11004,0.179263,-0.0806684
76360,76510,76435,-0.546861,-0.287571,-0.15072,-0.126853,-0.0597296,-0.0461785,-0.0168703,0.0218359,0.0343093,0.053343,0.0503703,0.0624344,0.0794869,0.0865997,0.0861557,0.101889,0.111454,0.131512,0.122039,0.0855521,0.141591,-0.113272
76511,76661,76586,-2.05693,-1.08497,-0.662068,-0.359062,-0.208338,-0.0974883,-0.0159437,0.0346263,0.0822789,0.104299,0.105736,0.146397,0.166413,0.159541,0.178839,0.173444,0.1807,0.202927,0.19964,0.171198,0.203433,-0.309572
76661,76811,76736,-1.67488,-0.688964,-0.48214,-0.304813,-0.184131,-0.11902,-0.0467131,-0.000556147,0.0227514,0.035979,0.0434386,0.0605615,0.0740954,0.0890678,0.0910159,0.0965013,0.0953206,0.10344,0.100033,0.0642463,0.103485,-0.282233
76812,76962,76887,-1.23703,-0.697347,-0.431293,-0.188762,-0.0727686,-0.0130244,0.0473869,0.0824599,0.10516,0.115483,0.129,0.149049,0.152461,0.151393,0.16355,0.173049,0.159163,0.171255,0.167206,0.125949,0.168249,-0.177103
76963,77113,77038,16.8653,14.3539,8.49559,6.42679,4.63551,3.72847,2.88035,2.2737,1.95382,1.62393,1.48012,1.29473,1.06084,0.951766,0.933444,0.870024,0.749355,0.652386,0.689479,0.600042,0.498497,5.8597
77114,77264,77189,25.9601,18.1861,12.6277,8.14352,6.2054,4.78858,3.62796,2.85606,2.24974,1.971,1.69783,1.61475,1.25484,1.07808,1.00117,0.987579,0.879944,0.703859,0.726748,0.617595,0.489444,7.44293
77264,77414,77339,11.0803,7.3443,5.18417,3.76453,2.8058,2.17704,1.66783,1.31353,1.13914,0.964134,0.932617,0.763024,0.669039,0.657998,0.549135,0.533746,0.515037,0.425728,0.463106,0.379426,0.343046,3.38025
77415,77565,77490,51.1113,25.9635,20.9124,14.0953,11.2852,8.67715,7.09436,6.19486,4.93612,4.19805,3.8241,3.2436,3.06314,2.51242,2.23722,2.08199,1.7872,1.26364,1.4692,1.19469,0.622825,13.6471
77565,77715,77640,8.20433,4.48769,2.69556,1.99128,1.45499,1.11384,0.931202,0.712338,0.621359,0.522513,0.47826,0.415889,0.400925,0.33648,0.305262,0.306177,0.291582,0.253409,0.251262,0.230226,0.211768,1.86741
77716,77866,77791,6.52702,4.99985,4.32273,3.5935,2.82126,2.5348,2.09631,1.77301,1.62557,1.39596,1.30005,1.194,1.05626,1.04279,0.92757,0.802564,0.792395,0.597695,0.690122,0.538374,0.244557,3.28794
77867,78017,77942,115.353,103.581,78.2989,61.1307,47.6538,40.7689,31.6034,27.4836,22.5941,20.4746,20.1168,18.0815,15.1191,11.857,11.7365,9.61138,9.58602,7.09155,7.61034,6.11322,2.13865,57.4865
78017,78167,78092,44.7162,31.1315,23.5403,20.1262,17.1783,14.5552,12.8136,11.8396,10.4389,9.66985,9.89103,7.79446,8.13759,6.19931,6.04868,5.99538,5.26273,4.04561,4.96631,3.9172,1.32935,19.7318
78168,78318,78243,88.5576,43.2513,33.5582,22.3996,17.6424,13.4677,10.4851,8.34611,7.24345,5.92496,5.5283,4.88705,4.19902,3.52684,3.43909,2.88931,2.8762,2.20796,2.44033,2.04378,1.47596,21.0216
78318,78468,78393,26.6604,13.2035,9.63506,6.98869,5.04453,4.10226,3.09307,2.47569,2.10034,1.80559,1.69333,1.4459,1.27876,1.15633,0.986296,0.953318,0.898234,0.760745,0.817983,0.679022,0.621273,6.45382
78469,78619,78544,20.4795,15.862,12.763,9.85226,8.14543,6.65921,5.66579,4.80514,3.99982,3.37621,3.57471,2.65699,2.74257,2.41672,2.20958,1.85295,1.7258,1.43442,1.65735,1.38771,0.916842,9.53346
78619,78769,78694,8.59698,5.57232,3.75751,2.84522,2.17545,1.82944,1.57978,1.3373,1.08379,0.958815,0.974611,0.798099,0.701794,0.644534,0.58278,0.551196,0.553287,0.45487,0.458601,0.406369,0.324025,2.66511
78770,78920,78845,18.1593,11.6666,8.32949,6.28702,4.44341,3.3775,2.48503,2.03527,1.63953,1.38971,1.16832,1.11828,0.975945,0.881019,0.808894,0.754539,0.714422,0.656626,0.654593,0.572704,0.555175,5.56967
78920,79070,78995,10.6243,8.33825,6.8977,5.2272,4.07046,3.59612,3.04776,2.65873,2.33547,2.032,1.96713,1.73969,1.60964,1.47023,1.25291,1.30363,1.17647,0.99317,1.01408,0.836943,0.559829,4.80096
79071,79221,79146,15.2402,9.36875,5.92214,4.32565,2.98813,2.18701,1.82408,1.40758,1.14419,0.984121,0.919621,0.79661,0.744785,0.679699,0.607126,0.595269,0.573886,0.527684,0.540872,0.443343,0.459042,3.81006
79221,79371,79296,38.3484,17.3165,15.6523,11.4182,9.2695,7.54453,6.55538,5.48507,4.71946,3.97782,3.56926,3.3904,3.15315,2.74246,2.66325,2.29119,2.21528,1.91899,1.9741,1.77255,1.2759,10.7682
79372,79522,79447,14.7141,6.91046,4.64913,3.33553,2.46772,1.89871,1.51916,1.23569,0.998955,0.888335,0.809892,0.727969,0.661432,0.629519,0.601464,0.563542,0.542057,0.490698,0.500925,0.441638,0.43898,3.02897
79522,79672,79597,11.6193,6.70219,4.49621,3.37042,2.64965,2.05191,1.74736,1.45317,1.32547,1.14599,1.09476,1.00884,0.940238,0.838484,0.809821,0.784761,0.741319,0.68183,0.686908,0.61711,0.589323,3.05487
79673,79823,79748,1.68907,1.52823,1.40146,1.14901,1.06663,0.973725,0.914343,0.826664,0.810235,0.754162,0.753053,0.739921,0.726728,0.663597,0.635305,0.637123,0.610487,0.598811,0.605013,0.515552,0.477816,1.11491
79823,79973,79898,1.45924,1.2025,1.03615,0.861423,0.789122,0.721396,0.659593,0.636015,0.614979,0.581158,0.579903,0.564164,0.534172,0.517631,0.510443,0.506937,0.504709,0.483394,0.49059,0.416064,0.428674,0.829689
79974,80124,80049,6.02977,2.58732,1.824,1.38751,1.05646,0.768332,0.64597,0.537703,0.466685,0.403667,0.396822,0.343892,0.330526,0.313589,0.292014,0.288791,0.267471,0.24675,0.25121,0.233565,0.225297,1.25901
80125,80275,80200,-0.0913607,0.0884896,0.13752,0.171677,0.198822,0.205513,0.236472,0.248038,0.243726,0.247439,0.256327,0.249992,0.262282,0.272249,0.264434,0.270972,0.267599,0.273721,0.286377,0.250816,0.281197,0.174075
80275,80425,80350,2.64272,2.0801,1.58589,1.06602,0.798932,0.613374,0.495989,0.381701,0.308375,0.272183,0.229106,0.218494,0.199525,0.175023,0.16766,0.148356,0.121903,0.108661,0.116873,0.0833976,0.0776201,0.931441
80426,80576,80501,2.46034,1.81732,1.41086,0.970864,0.762073,0.532878,0.441331,0.349935,0.254953,0.206925,0.180855,0.167787,0.108155,0.0958607,0.0786833,0.0683141,0.0590872,0.0218712,0.0351653,-0.00989848,-0.0159891,0.911381
80576,80726,80651,7.26197,3.17131,2.52043,1.46462,0.969987,0.719311,0.450244,0.290461,0.162895,0.0686319,0.0430018,-0.00172492,-0.0803276,-0.10325,-0.126837,-0.166419,-0.18636,-0.215124,-0.223746,-0.232949,-0.284175,1.34983
80727,80877,80802,0.129083,0.0309133,-0.0149623,-0.0583105,-0.0854359,-0.111553,-0.1237,-0.127214,-0.149266,-0.155627,-0.160532,-0.154355,-0.156404,-0.162482,-0.1613,-0.168673,-0.172894,-0.171075,-0.168657,-0.178985,-0.194024,-0.0808433
80877,81027,80952,3.43379,2.29227,1.85522,1.62166,1.25887,0.98371,0.844915,0.729342,0.594828,0.524335,0.518861,0.419855,0.385082,0.327618,0.309957,0.244733,0.248864,0.143369,0.152365,0.132772,0,1.45326
81028,81178,81103,-3.36922,-2.00892,-1.28213,-0.89125,-0.693275,-0.546259,-0.428013,-0.338624,-0.263421,-0.232792,-0.199708,-0.201685,-0.158825,-0.12514,-0.13074,-0.117066,-0.11066,-0.0932077,-0.0948051,-0.10642,-0.0820431,-0.869657
81178,81328,81253,6.30552,4.15338,3.11635,1.82338,1.26219,0.824242,0.565229,0.367727,0.256342,0.163715,0.082801,0.0366636,0.0317443,-0.0217945,-0.0335101,-0.0708598,-0.0849555,-0.110155,-0.0966449,-0.129565,-0.15587,1.6834
81329,81479,81404,-3.64617,-2.24906,-1.5933,-1.21024,-0.907326,-0.761001,-0.636666,-0.543409,-0.473638,-0.422795,-0.396964,-0.362516,-0.348913,-0.3293,-0.31153,-0.311205,-0.294108,-0.289272,-0.292766,-0.291813,-0.277704,-1.11082
81479,81629,81554,-2.39507,-1.49676,-1.2302,-0.966956,-0.835891,-0.754055,-0.668577,-0.621233,-0.580602,-0.564105,-0.558271,-0.536177,-0.519153,-0.492306,-0.492083,-0.482629,-0.471712,-0.478726,-0.479864,-0.451841,-0.466001,-0.947536
81780,81930,81855,-2.4369,-1.60194,-1.23878,-1.04419,-0.898661,-0.802977,-0.742487,-0.694118,-0.672973,-0.656417,-0.634843,-0.626307,-0.620859,-0.605067,-0.620107,-0.595496,-0.59706,-0.592926,-0.600693,-0.598217,-0.598682,-0.997804
81931,82081,82006,-1.34997,-1.05472,-1.00336,-0.91633,-0.903264,-0.853121,-0.827646,-0.825158,-0.762548,-0.775851,-0.817685,-0.73818,-0.784407,-0.68998,-0.74677,-0.696385,-0.693936,-0.61957,-0.710881,-0.607178,-0.411793,-0.934454
82081,82231,82156,-1.42612,-1.20111,-1.18634,-1.09563,-1.09472,-1.04239,-1.0403,-1.02728,-0.998076,-0.991641,-1.0001,-0.994586,-0.993095,-0.974246,-0.934311,-0.97244,-0.923232,-0.923114,-0.917265,-0.821022,-0.740708,-1.10318
82232,82382,82307,-1.95992,-1.95292,-1.71276,-1.66507,-1.64135,-1.63259,-1.58671,-1.51937,-1.40477,-1.42048,-1.40648,-1.40269,-1.33592,-1.46767,-1.43015,-1.28907,-1.36673,-1.13783,-1.19571,-1.10977,-0.577265,-1.69973
82382,82532,82457,-1.0184,-0.943314,-0.904165,-0.897621,-0.887646,-0.874247,-0.873439,-0.867722,-0.845882,-0.849974,-0.848521,-0.844196,-0.835683,-0.835156,-0.841032,-0.834629,-0.818553,-0.79908,-0.817919,-0.799954,-0.748295,-0.904189
82533,82683,82608,-3.48106,-2.05908,-2.15951,-1.92377,-1.7454,-1.61517,-1.55128,-1.41078,-1.37906,-1.33408,-1.35666,-1.26451,-1.19966,-1.19796,-1.11849,-1.06448,-1.02756,-1.01552,-1.0399,-0.915334,-0.560998,-1.83883
82683,82833,82758,-2.4577,-2.04736,-2.06503,-1.87769,-1.78799,-1.67872,-1.58892,-1.48929,-1.45909,-1.38976,-1.50838,-1.31722,-1.34523,-1.3633,-1.25967,-1.20244,-1.20306,-1.08018,-1.10076,-1.02822,-0.657955,-1.82433
82834,82984,82909,-2.05472,-1.92852,-2.08519,-1.79362,-1.7181,-1.57658,-1.52482,-1.5434,-1.44059,-1.44126,-1.45883,-1.53522,-1.48612,-1.46962,-1.25397,-1.18031,-1.22258,-1.09734,-1.1272,-1.10754,-0.390026,-1.7479
82985,83135,83060,-1.60445,-1.402,-1.35439,-1.28303,-1.21503,-1.16106,-1.0811,-1.05507,-1.01924,-0.986384,-1.02725,-0.999941,-0.908874,-0.95502,-0.90989,-0.871144,-0.871783,-0.748479,-0.818509,-0.744116,-0.515406,-1.28852
83135,83285,83210,-2.71989,-1.83122,-1.05892,-0.76959,-0.593231,-0.471355,-0.402603,-0.33569,-0.288655,-0.242912,-0.239799,-0.220526,-0.186999,-0.187581,-0.174198,-0.179358,-0.16276,-0.159131,-0.163172,-0.163545,-0.15839,-0.75675
83286,83436,83361,0.752203,0.565357,0.418571,0.324177,0.255081,0.205729,0.167717,0.140363,0.103212,0.0946764,0.0717362,0.0563421,0.0379797,0.0252552,0.0289957,0.0211823,0.0231684,-0.0077755,0.000957449,-0.0277522,-0.0477628,0.294537
83436,83586,83511,2.51301,1.50417,1.09129,0.886594,0.724286,0.590881,0.516479,0.420507,0.349033,0.322693,0.297789,0.285207,0.246897,0.226453,0.182562,0.197468,0.172374,0.131621,0.146528,0.106204,0.072636,0.815137
83587,83737,83662,1.08214,0.467062,0.289156,0.191667,0.134227,0.085943,0.0465759,0.0182833,-6.64334e-05,0.00289796,-0.00762584,-0.0138681,-0.0182899,-0.0180513,-0.0305078,-0.0309098,-0.0325358,-0.0278452,-0.029686,-0.0564361,-0.0423194,0.160814
83737,83887,83812,1.27783,0.861812,0.717111,0.580637,0.502098,0.442419,0.377373,0.329463,0.300237,0.252019,0.249386,0.247639,0.209904,0.173426,0.191831,0.179503,0.149614,0.116415,0.126624,0.084352,0.024268,0.558164
