Data/Raw/WEBER,RODNEY/FIREXAQ-SAGA-MC-BrC_DC8_20190905_R0.ict
56, 1001
Weber, Rodney
Georgia Institute of Technology
Water soluble brown carbon measured with mist chamber-LWCC
FIREXAQ
1, 1
2019, 09, 05, 2020, 03, 06
0
Time_Start, seconds_past_midnight, Time_Start, seconds_past_midnight
24
1, 1, 1, 1, 1, 1, 1, 1, 1, 1, 1, 1, 1, 1, 1, 1, 1, 1, 1, 1, 1, 1, 1, 1
-9999, -9999, -9999, -9999, -9999, -9999, -9999, -9999, -9999, -9999, -9999, -9999, -9999, -9999, -9999, -9999, -9999, -9999, -9999, -9999, -9999, -9999, -9999, -9999
Time_Stop, seconds_past_midnight, Time_Stop, seconds_past_midnight
Time_Mid, seconds_past_midnight, Time_Mid, seconds_past_midnight
WSAbs300, Mm-1, AerOpt_AbsorptionBrC_InSitu_UVtoRed_None_Bulk_STP, Water Soluble Brown Carbon absorption at 300 nm
WSAbs320, Mm-1, AerOpt_AbsorptionBrC_InSitu_UVtoRed_None_Bulk_STP, Water Soluble Brown Carbon absorption at 320 nm
WSAbs340, Mm-1, AerOpt_AbsorptionBrC_InSitu_UVtoRed_None_Bulk_STP, Water Soluble Brown Carbon absorption at 340 nm
WSAbs360, Mm-1, AerOpt_AbsorptionBrC_InSitu_UVtoRed_None_Bulk_STP, Water Soluble Brown Carbon absorption at 360 nm
WSAbs380, Mm-1, AerOpt_AbsorptionBrC_InSitu_UVtoRed_None_Bulk_STP, Water Soluble Brown Carbon absorption at 380 nm
WSAbs400, Mm-1, AerOpt_AbsorptionBrC_InSitu_UVtoRed_None_Bulk_STP, Water Soluble Brown Carbon absorption at 400 nm
WSAbs420, Mm-1, AerOpt_AbsorptionBrC_InSitu_UVtoRed_None_Bulk_STP, Water Soluble Brown Carbon absorption at 420 nm
WSAbs440, Mm-1, AerOpt_AbsorptionBrC_InSitu_UVtoRed_None_Bulk_STP, Water Soluble Brown Carbon absorption at 440 nm
WSAbs460, Mm-1, AerOpt_AbsorptionBrC_InSitu_UVtoRed_None_Bulk_STP, Water Soluble Brown Carbon absorption at 460 nm
WSAbs480, Mm-1, AerOpt_AbsorptionBrC_InSitu_UVtoRed_None_Bulk_STP, Water Soluble Brown Carbon absorption at 480 nm
WSAbs500, Mm-1, AerOpt_AbsorptionBrC_InSitu_UVtoRed_None_Bulk_STP, Water Soluble Brown Carbon absorption at 500 nm
WSAbs520, Mm-1, AerOpt_AbsorptionBrC_InSitu_UVtoRed_None_Bulk_STP, Water Soluble Brown Carbon absorption at 520 nm
WSAbs540, Mm-1, AerOpt_AbsorptionBrC_InSitu_UVtoRed_None_Bulk_STP, Water Soluble Brown Carbon absorption at 540 nm
WSAbs560, Mm-1, AerOpt_AbsorptionBrC_InSitu_UVtoRed_None_Bulk_STP, Water Soluble Brown Carbon absorption at 560 nm
WSAbs580, Mm-1, AerOpt_AbsorptionBrC_InSitu_UVtoRed_None_Bulk_STP, Water Soluble Brown Carbon absorption at 580 nm
WSAbs600, Mm-1, AerOpt_AbsorptionBrC_InSitu_UVtoRed_None_Bulk_STP, Water Soluble Brown Carbon absorption at 600 nm
WSAbs620, Mm-1, AerOpt_AbsorptionBrC_InSitu_UVtoRed_None_Bulk_STP, Water Soluble Brown Carbon absorption at 620 nm
WSAbs640, Mm-1, AerOpt_AbsorptionBrC_InSitu_UVtoRed_None_Bulk_STP, Water Soluble Brown Carbon absorption at 640 nm
WSAbs660, Mm-1, AerOpt_AbsorptionBrC_InSitu_UVtoRed_None_Bulk_STP, Water Soluble Brown Carbon absorption at 660 nm
WSAbs680, Mm-1, AerOpt_AbsorptionBrC_InSitu_UVtoRed_None_Bulk_STP, Water Soluble Brown Carbon absorption at 680 nm
WSAbs700, Mm-1, AerOpt_AbsorptionBrC_InSitu_UVtoRed_None_Bulk_STP, Water Soluble Brown Carbon absorption at 700 nm
WSAbs365, Mm-1, AerOpt_AbsorptionBrC_InSitu_UVtoRed_None_Bulk_STP, Water Soluble Brown Carbon absorption at 365 nm
0
18
PI_CONTACT_INFO: rweber@eas.gatech.edu
PLATFORM: NASA DC-8 aircraft
LOCATION: Aircraft location is given by the navigational file
ASSOCIATED_DATA: N/A
[...]
DATA_INFO: Samples collected by mist chamber were injected through 0.22 pore size syringe filter and then a 2.5 m path length LWCC, and light absorption was measured by Ocean Optics USB4000 spectrometer. Absorption from 300 to 700 nm were recorded. Absorption of pure solvent was subtracted from the sample. Raw absorption data were processed by the equation Abs=Raw*(Volume of liquid in the mist chamber)/(Volume of air collected at STP)/(Optical Path Length, 2.5m here)*ln(10). Data reported here were averaged over 20 nm wavelength intervals. i.e. absorption at 400 nm were average by absorption data between 390 nm to 410 nm. All data have been blank corrected by averaging all blank filter in this mission (2-3 blank filters per flight). Data are reported under STP, which is T=273K & p=1013 mb. When using the data, the absorption had better to corrected by higher wavelength, ie Abs700 for baseline drift. UNCERTAINTY: Data may have smearing issues. If we do not account for smearing or blank, the uncertainty is ~5%
UNCERTAINTY: Data may have smearing issues. If we do not account for smearing or blank, the uncertainty is ~5%
ULOD_FLAG: -7777
ULOD_VALUE: N/A
LLOD_FLAG: -8888
LLOD_VALUE: N/A
DM_CONTACT_INFO: lhzeng@gatech.edu
PROJECT_INFO: FIREX-AQ, 2019
STIPULATIONS_ON_USE: Use of these data require prior ok from PI.
OTHER_COMMENTS: N/A
REVISION: R0
RA: Preliminary Data.  For in-field use only.
Time_Start, Time_Stop, Time_Mid, WSAbs300, WSAbs320, WSAbs340, WSAbs360, WSAbs380, WSAbs400, WSAbs420, WSAbs440, WSAbs460, WSAbs480, WSAbs500, WSAbs520, WSAbs540, WSAbs560, WSAbs580, WSAbs600, WSAbs620, WSAbs640, WSAbs660, WSAbs680, WSAbs700, WSAbs365
[from data line 73]
74411,74561,74486,-1.39332,-1.26851,-1.15434,-1.09905,-1.04145,-1.01773,-1.0053,-0.982774,-0.964793,-0.950183,-0.946567,-0.942987,-0.938226,-0.937048,-0.937666,-0.928913,-0.92256,-0.902888,-0.926788,-0.82275,-0.910647,-1.09147
74561,74711,74636,-0.970742,-0.940016,-0.868827,-0.802797,-0.79175,-0.77158,-0.756301,-0.740101,-0.737785,-0.719531,-0.719091,-0.719681,-0.716417,-0.715966,-0.712395,-0.702588,-0.70433,-0.696154,-0.71029,-0.659725,-0.707415,-0.81346
74712,74862,74787,-1.8316,-1.27987,-1.06702,-0.95118,-0.876061,-0.833003,-0.801017,-0.797303,-0.760772,-0.771047,-0.763522,-0.762342,-0.742751,-0.750953,-0.745318,-0.736955,-0.747193,-0.73955,-0.731526,-0.677409,-0.744055,-0.934253
74862,75012,74937,-1.26629,-0.937006,-0.895534,-0.833454,-0.806598,-0.791906,-0.754056,-0.75485,-0.734331,-0.722748,-0.721685,-0.724664,-0.717559,-0.702928,-0.701368,-0.705124,-0.700562,-0.691637,-0.700539,-0.699411,-0.699108,-0.841437
75013,75163,75088,-1.49099,-1.12013,-0.974163,-0.931301,-0.892112,-0.847944,-0.836696,-0.83352,-0.817771,-0.818025,-0.811395,-0.808123,-0.793788,-0.803257,-0.800195,-0.795107,-0.794465,-0.793158,-0.788234,-0.789165,-0.799144,-0.923021
75164,75314,75239,-0.0275546,-0.383152,-0.417888,-0.49343,-0.552748,-0.574528,-0.602121,-0.620688,-0.640386,-0.638908,-0.65117,-0.662226,-0.66783,-0.666032,-0.674764,-0.673207,-0.677367,-0.696803,-0.676994,-0.674275,-0.709104,-0.525684
75314,75464,75389,1.14634,1.01429,0.647523,0.308736,0.074851,-0.0208625,-0.122026,-0.185989,-0.274009,-0.328267,-0.354555,-0.397539,-0.399769,-0.467154,-0.48176,-0.490136,-0.509539,-0.562567,-0.535135,-0.543492,-0.644287,0.213494
75465,75615,75540,2.0081,0.717494,0.625405,0.327403,0.199519,0.117116,-0.0220563,-0.0813094,-0.156642,-0.195746,-0.230113,-0.259569,-0.30011,-0.306521,-0.36006,-0.355758,-0.372003,-0.410303,-0.410022,-0.404443,-0.517702,0.308803
75615,75765,75690,5.43476,2.27776,1.49588,0.82891,0.466584,0.200432,0.0617097,-0.051577,-0.166649,-0.213692,-0.227558,-0.261214,-0.290982,-0.308278,-0.329505,-0.328213,-0.339458,-0.367127,-0.359194,-0.38278,-0.386433,0.722785
75766,75916,75841,3.57372,1.36108,0.813998,0.530688,0.321463,0.118323,-0.000217034,-0.0798204,-0.149243,-0.189238,-0.222426,-0.261359,-0.298817,-0.305246,-0.334021,-0.338402,-0.346393,-0.381502,-0.356655,-0.388195,-0.407648,0.454446
75917,76067,75992,3.41562,2.11893,1.14769,0.554072,0.260937,0.0432835,-0.0859757,-0.186557,-0.244569,-0.286842,-0.329296,-0.346599,-0.372805,-0.379768,-0.396432,-0.416832,-0.422765,-0.441141,-0.418115,-0.434395,-0.456591,0.44346
76067,76217,76142,0.590283,0.179208,0.0209292,-0.0986989,-0.21407,-0.284788,-0.334305,-0.359743,-0.398246,-0.430416,-0.418936,-0.446198,-0.4595,-0.486418,-0.484706,-0.511396,-0.503381,-0.534913,-0.519771,-0.502565,-0.57457,-0.158819
76218,76368,76293,1.98481,0.747718,0.403339,0.106683,-0.0436998,-0.178914,-0.254514,-0.298216,-0.344872,-0.370631,-0.376467,-0.391888,-0.414586,-0.42178,-0.425581,-0.423674,-0.433693,-0.433551,-0.421016,-0.423981,-0.448659,0.0605871
76368,76518,76443,0.23892,-0.161804,-0.217777,-0.302716,-0.338101,-0.357113,-0.389566,-0.398815,-0.420464,-0.414445,-0.424393,-0.425658,-0.427108,-0.450728,-0.437598,-0.445564,-0.457513,-0.451761,-0.455813,-0.436269,-0.471479,-0.311308
76519,76669,76594,0.548806,0.107267,-0.104809,-0.183915,-0.241452,-0.298251,-0.320044,-0.344569,-0.344835,-0.356823,-0.363576,-0.375206,-0.368578,-0.389029,-0.378353,-0.393462,-0.39621,-0.388691,-0.399335,-0.381875,-0.404521,-0.216512
76669,76819,76744,-0.50147,-0.444032,-0.413165,-0.387312,-0.379555,-0.366157,-0.366407,-0.357072,-0.356364,-0.349965,-0.340456,-0.350039,-0.33871,-0.326657,-0.340065,-0.337497,-0.331846,-0.32782,-0.322654,-0.314232,-0.33726,-0.400063
76820,76970,76895,0.154494,-0.0164564,-0.10587,-0.140619,-0.18667,-0.188066,-0.213562,-0.212393,-0.229305,-0.23695,-0.237807,-0.240635,-0.244573,-0.238263,-0.24591,-0.247189,-0.234014,-0.250815,-0.249273,-0.24827,-0.253536,-0.166687
76970,77120,77045,0.718708,0.174532,-0.063967,-0.196825,-0.267142,-0.312772,-0.340306,-0.371002,-0.394072,-0.389662,-0.401889,-0.398876,-0.411656,-0.408571,-0.413272,-0.424621,-0.429574,-0.430019,-0.419364,-0.410271,-0.441277,-0.224495
77121,77271,77196,0.304711,0.148846,0.00120873,-0.124191,-0.180493,-0.226352,-0.267014,-0.283177,-0.297555,-0.321803,-0.314724,-0.322642,-0.339847,-0.331065,-0.333888,-0.346805,-0.355279,-0.350708,-0.355672,-0.364943,-0.37026,-0.153697
77271,77421,77346,0.131116,-0.0719661,-0.172426,-0.216929,-0.255938,-0.260223,-0.304936,-0.319414,-0.315479,-0.328129,-0.33446,-0.348091,-0.349241,-0.345675,-0.357604,-0.356716,-0.358935,-0.369265,-0.371798,-0.374555,-0.386503,-0.232318
77422,77572,77497,-0.101511,-0.163656,-0.222448,-0.236077,-0.270902,-0.310509,-0.338296,-0.345835,-0.345978,-0.37783,-0.373123,-0.376987,-0.382187,-0.40373,-0.411268,-0.403954,-0.427584,-0.433642,-0.417909,-0.409359,-0.47565,-0.261402
77572,77722,77647,-0.42706,-0.404757,-0.403858,-0.399996,-0.397623,-0.40206,-0.401731,-0.402961,-0.401061,-0.383317,-0.386921,-0.392776,-0.392132,-0.390302,-0.383309,-0.393316,-0.384745,-0.379076,-0.395764,-0.369249,-0.397278,-0.410031
77723,77873,77798,-0.189931,-0.178793,-0.286457,-0.322534,-0.365065,-0.372637,-0.38064,-0.405642,-0.43233,-0.430843,-0.436993,-0.437336,-0.456792,-0.466896,-0.462541,-0.474161,-0.47947,-0.486296,-0.481727,-0.482127,-0.516949,-0.337019
77873,78023,77948,-0.270634,-0.297152,-0.317358,-0.3362,-0.339454,-0.342266,-0.350786,-0.339168,-0.356751,-0.353656,-0.349688,-0.354983,-0.352875,-0.352105,-0.351461,-0.352394,-0.365062,-0.356087,-0.351887,-0.365557,-0.366563,-0.344309
78024,78174,78099,2.14579,1.01187,0.793534,0.431456,0.196476,0.0936143,0.000591615,-0.100602,-0.140679,-0.196021,-0.200047,-0.243638,-0.261157,-0.293901,-0.280771,-0.312378,-0.307637,-0.338843,-0.330183,-0.338503,-0.369023,0.357329
78174,78325,78250,1.76506,1.53083,1.17083,0.601052,0.412488,0.265629,0.175597,0.0583515,-0.0111001,-0.0812998,-0.107399,-0.143721,-0.165109,-0.190469,-0.20002,-0.245629,-0.255141,-0.296321,-0.275768,-0.262395,-0.359696,0.58659
78325,78475,78400,5.9061,4.13006,2.62755,1.51387,0.980814,0.615697,0.379143,0.216656,0.0987142,-0.0112725,-0.0105275,-0.0941771,-0.110376,-0.132382,-0.160362,-0.177303,-0.186382,-0.207096,-0.199651,-0.219143,-0.239171,1.34624
78476,78626,78551,4.09683,3.37747,2.59552,2.06995,1.61303,1.36131,1.26521,1.03333,0.931277,0.742031,0.719885,0.708139,0.549712,0.468226,0.512335,0.474959,0.394748,0.271374,0.327728,0.219177,-0.0172155,1.88837
78626,78776,78701,4.14526,3.33142,3.15849,2.2673,1.90984,1.51583,1.37139,1.14534,0.970462,0.831592,0.722903,0.591398,0.495244,0.433047,0.472077,0.371499,0.289892,0.18101,0.227698,0.186837,-0.0671269,2.19623
78777,78927,78852,6.07685,3.01822,2.62695,2.17597,1.67437,1.44709,1.22548,0.9891,0.827102,0.740014,0.597854,0.518235,0.529909,0.375882,0.393748,0.31644,0.278474,0.120902,0.21702,0.119566,-0.085007,1.96518
78927,79077,79002,6.53118,3.58407,2.70205,1.89664,1.53101,1.18166,0.865288,0.759888,0.581692,0.424368,0.380987,0.22858,0.236127,0.126861,0.126178,0.056828,0.0408753,-0.0691332,-0.0542171,-0.105864,-0.239314,1.86185
79078,79228,79153,7.18039,4.04019,2.33859,1.56364,1.00134,0.69886,0.480169,0.31497,0.171426,0.100478,0.0448985,-0.00693025,-0.0399619,-0.0394463,-0.0849029,-0.0854362,-0.101585,-0.131177,-0.118452,-0.141816,-0.157282,1.42283
79228,79378,79303,2.50051,1.28908,0.959145,0.463083,0.236775,0.0536549,-0.0561828,-0.149833,-0.216372,-0.249508,-0.297565,-0.316942,-0.325091,-0.351764,-0.371473,-0.375457,-0.382595,-0.409252,-0.399432,-0.383035,-0.43798,0.361411
79379,79529,79454,2.43218,0.866422,0.399268,0.15797,0.00809486,-0.0754831,-0.170541,-0.214222,-0.235134,-0.260458,-0.277757,-0.2931,-0.302344,-0.314948,-0.315691,-0.318023,-0.331528,-0.328439,-0.333444,-0.33799,-0.350118,0.108527
79529,79679,79604,0.963038,0.470698,0.277739,0.133603,0.0285376,-0.0608624,-0.10847,-0.152104,-0.181254,-0.211903,-0.240555,-0.252469,-0.252471,-0.262775,-0.281131,-0.270444,-0.28062,-0.311065,-0.3026,-0.321942,-0.340807,0.096812
79680,79830,79755,0.799046,0.275015,0.132819,0.00753186,-0.0952714,-0.133773,-0.18477,-0.204178,-0.229263,-0.24775,-0.251551,-0.271707,-0.282361,-0.283618,-0.297719,-0.297969,-0.306415,-0.31078,-0.315369,-0.285272,-0.329615,-0.0315509
79830,79980,79905,1.09174,0.491316,0.208663,0.0616079,-0.0437177,-0.0880396,-0.146447,-0.174968,-0.182881,-0.209111,-0.199355,-0.225463,-0.228058,-0.235391,-0.239586,-0.227985,-0.246693,-0.243144,-0.233483,-0.250371,-0.260069,0.0286702
79981,80131,80056,0.643039,0.148121,0.0175266,-0.0634741,-0.105655,-0.158506,-0.178371,-0.218939,-0.231637,-0.251047,-0.249868,-0.268505,-0.278153,-0.263257,-0.274253,-0.284592,-0.28238,-0.297388,-0.280868,-0.317703,-0.314,-0.0769453
80131,80281,80206,0.941421,0.563899,0.239955,0.129099,0.0464303,-0.0220508,-0.0436749,-0.0730165,-0.0898489,-0.108681,-0.121709,-0.127068,-0.123056,-0.12762,-0.139868,-0.140608,-0.145794,-0.144004,-0.15142,-0.164922,-0.163817,0.0904088
80282,80432,80357,0.744636,0.143106,0.114306,-0.0327471,-0.10067,-0.140497,-0.17703,-0.209942,-0.232805,-0.258169,-0.244922,-0.265167,-0.291524,-0.299106,-0.298661,-0.294599,-0.310237,-0.339906,-0.314627,-0.304354,-0.365997,-0.0569517
80432,80582,80507,1.91959,0.609665,0.319847,0.136377,-0.0041338,-0.112305,-0.169956,-0.208415,-0.254757,-0.275114,-0.271756,-0.308382,-0.30246,-0.309422,-0.321945,-0.334861,-0.326291,-0.341106,-0.336314,-0.348018,-0.357964,0.0744969
80583,80733,80658,1.82457,0.680254,0.364686,0.101742,-0.00383241,-0.112384,-0.152005,-0.184058,-0.214361,-0.249525,-0.262012,-0.261737,-0.273976,-0.278293,-0.274847,-0.284652,-0.285234,-0.289448,-0.302343,-0.298267,-0.309536,0.0602776
80734,80884,80809,0.617154,0.0717739,-0.081859,-0.157005,-0.254201,-0.287912,-0.337997,-0.356716,-0.383183,-0.39098,-0.394185,-0.40482,-0.427505,-0.411715,-0.416116,-0.428521,-0.43365,-0.441518,-0.432642,-0.404661,-0.454646,-0.199392
80885,81035,80960,-0.189984,-0.243735,-0.253193,-0.263007,-0.270542,-0.272989,-0.29155,-0.291446,-0.287046,-0.286876,-0.287862,-0.290929,-0.290419,-0.290838,-0.309295,-0.297818,-0.304227,-0.308336,-0.30966,-0.29304,-0.315934,-0.279952
81035,81185,81110,-0.286666,-0.263176,-0.25137,-0.239228,-0.255722,-0.253134,-0.244496,-0.236864,-0.23979,-0.237898,-0.238198,-0.244868,-0.245198,-0.229865,-0.230721,-0.227242,-0.233866,-0.235228,-0.226499,-0.249209,-0.242635,-0.258571
81186,81336,81261,-0.0195647,-0.12924,-0.20805,-0.262114,-0.28781,-0.307685,-0.322621,-0.324967,-0.322898,-0.334481,-0.349177,-0.345457,-0.347429,-0.349051,-0.348419,-0.344149,-0.360636,-0.35569,-0.358973,-0.376132,-0.365513,-0.270525
81336,81486,81411,2.09514,0.878599,0.722324,0.509925,0.35435,0.271698,0.21582,0.140715,0.0924029,0.0393582,0.00973313,-0.00947595,-0.020163,-0.044087,-0.0973136,-0.117215,-0.109782,-0.168347,-0.147994,-0.163707,-0.252796,0.47353
81487,81637,81562,2.36388,1.73341,1.19129,0.922032,0.735483,0.587512,0.455013,0.363787,0.304849,0.258083,0.247259,0.19417,0.159496,0.133039,0.0947998,0.107453,0.0847536,0.0550041,0.0627162,0.0212224,-0.0131085,0.889448
81637,81787,81712,6.10966,3.91935,3.24682,1.95417,1.4157,1.09556,0.865319,0.62134,0.496279,0.422156,0.407881,0.318904,0.249602,0.216308,0.184997,0.173802,0.149296,0.130428,0.12023,0.0749762,0.0641223,1.84464
81788,81938,81863,10.4402,4.81416,3.4427,2.52966,2.00597,1.59907,1.19162,0.978752,0.82006,0.670556,0.636095,0.526564,0.405122,0.401489,0.31966,0.320078,0.274776,0.205089,0.211622,0.166548,0.106094,2.42252
81938,82088,82013,10.9926,5.33341,3.69867,2.7367,2.10681,1.60668,1.24176,0.916294,0.786022,0.642875,0.551073,0.457639,0.443796,0.364886,0.31909,0.280127,0.289401,0.216243,0.252708,0.18643,0.162034,2.58433
82089,82239,82164,7.86588,5.79865,3.65776,2.70073,1.81431,1.38543,1.02966,0.842813,0.699306,0.573924,0.512806,0.438275,0.398934,0.367322,0.359554,0.321626,0.298557,0.27141,0.274856,0.206986,0.229598,2.40165
82240,82390,82315,8.19888,4.37175,3.07455,2.532,2.16699,1.68337,1.43744,1.22414,1.07024,0.915211,0.800213,0.686586,0.603521,0.576099,0.529272,0.49404,0.442263,0.314255,0.393636,0.290346,0.119,2.45579
82390,82540,82465,-9999,-9999,-9999,-9999,-9999,-9999,-9999,-9999,-9999,-9999,-9999,-9999,-9999,-9999,-9999,-9999,-9999,-9999,-9999,-9999,-9999,-9999
82541,82691,82616,4.56423,2.68759,2.0813,1.62593,1.2934,1.09956,0.969292,0.849369,0.74096,0.615563,0.631707,0.540661,0.524494,0.485905,0.397924,0.373053,0.3501,0.244942,0.279637,0.212002,0.068348,1.53813
82691,82841,82766,-9999,-9999,-9999,-9999,-9999,-9999,-9999,-9999,-9999,-9999,-9999,-9999,-9999,-9999,-9999,-9999,-9999,-9999,-9999,-9999,-9999,-9999
82842,82992,82917,2.85562,1.85887,1.14944,0.62505,0.372079,0.237259,0.131355,0.0537862,-0.0113056,-0.0511855,-0.0771816,-0.090425,-0.0977129,-0.105449,-0.119548,-0.128973,-0.12773,-0.145365,-0.130075,-0.151165,-0.158778,0.536759
