Data/Raw/WEBER,RODNEY/FIREXAQ-SAGA-MC-BrC_DC8_20190729_R0.ict
56, 1001
Weber, Rodney
Georgia Institute of Technology
Water soluble brown carbon measured with mist chamber-LWCC
FIREXAQ
1, 1
2019, 07, 29, 2020, 03, 06
0
Time_Start, seconds_past_midnight, Time_Start, seconds_past_midnight
24
1, 1, 1, 1, 1, 1, 1, 1, 1, 1, 1, 1, 1, 1, 1, 1, 1, 1, 1, 1, 1, 1, 1, 1
-9999, -9999, -9999, -9999, -9999, -9999, -9999, -9999, -9999, -9999, -9999, -9999, -9999, -9999, -9999, -9999, -9999, -9999, -9999, -9999, -9999, -9999, -9999, -9999
Time_Stop, seconds_past_midnight, Time_Stop, seconds_past_midnight
Time_Mid, seconds_past_midnight, Time_Mid, seconds_past_midnight
WSAbs300, Mm-1, AerOpt_AbsorptionBrC_InSitu_UVtoRed_None_Bulk_STP, Water Soluble Brown Carbon absorption at 300 nm
WSAbs320, Mm-1, AerOpt_AbsorptionBrC_InSitu_UVtoRed_None_Bulk_STP, Water Soluble Brown Carbon absorption at 320 nm
WSAbs340, Mm-1, AerOpt_AbsorptionBrC_InSitu_UVtoRed_None_Bulk_STP, Water Soluble Brown Carbon absorption at 340 nm
WSAbs360, Mm-1, AerOpt_AbsorptionBrC_InSitu_UVtoRed_None_Bulk_STP, Water Soluble Brown Carbon absorption at 360 nm
WSAbs380, Mm-1, AerOpt_AbsorptionBrC_InSitu_UVtoRed_None_Bulk_STP, Water Soluble Brown Carbon absorption at 380 nm
WSAbs400, Mm-1, AerOpt_AbsorptionBrC_InSitu_UVtoRed_None_Bulk_STP, Water Soluble Brown Carbon absorption at 400 nm
WSAbs420, Mm-1, AerOpt_AbsorptionBrC_InSitu_UVtoRed_None_Bulk_STP, Water Soluble Brown Carbon absorption at 420 nm
WSAbs440, Mm-1, AerOpt_AbsorptionBrC_InSitu_UVtoRed_None_Bulk_STP, Water Soluble Brown Carbon absorption at 440 nm
WSAbs460, Mm-1, AerOpt_AbsorptionBrC_InSitu_UVtoRed_None_Bulk_STP, Water Soluble Brown Carbon absorption at 460 nm
WSAbs480, Mm-1, AerOpt_AbsorptionBrC_InSitu_UVtoRed_None_Bulk_STP, Water Soluble Brown Carbon absorption at 480 nm
WSAbs500, Mm-1, AerOpt_AbsorptionBrC_InSitu_UVtoRed_None_Bulk_STP, Water Soluble Brown Carbon absorption at 500 nm
WSAbs520, Mm-1, AerOpt_AbsorptionBrC_InSitu_UVtoRed_None_Bulk_STP, Water Soluble Brown Carbon absorption at 520 nm
WSAbs540, Mm-1, AerOpt_AbsorptionBrC_InSitu_UVtoRed_None_Bulk_STP, Water Soluble Brown Carbon absorption at 540 nm
WSAbs560, Mm-1, AerOpt_AbsorptionBrC_InSitu_UVtoRed_None_Bulk_STP, Water Soluble Brown Carbon absorption at 560 nm
WSAbs580, Mm-1, AerOpt_AbsorptionBrC_InSitu_UVtoRed_None_Bulk_STP, Water Soluble Brown Carbon absorption at 580 nm
WSAbs600, Mm-1, AerOpt_AbsorptionBrC_InSitu_UVtoRed_None_Bulk_STP, Water Soluble Brown Carbon absorption at 600 nm
WSAbs620, Mm-1, AerOpt_AbsorptionBrC_InSitu_UVtoRed_None_Bulk_STP, Water Soluble Brown Carbon absorption at 620 nm
WSAbs640, Mm-1, AerOpt_AbsorptionBrC_InSitu_UVtoRed_None_Bulk_STP, Water Soluble Brown Carbon absorption at 640 nm
WSAbs660, Mm-1, AerOpt_AbsorptionBrC_InSitu_UVtoRed_None_Bulk_STP, Water Soluble Brown Carbon absorption at 660 nm
WSAbs680, Mm-1, AerOpt_AbsorptionBrC_InSitu_UVtoRed_None_Bulk_STP, Water Soluble Brown Carbon absorption at 680 nm
WSAbs700, Mm-1, AerOpt_AbsorptionBrC_InSitu_UVtoRed_None_Bulk_STP, Water Soluble Brown Carbon absorption at 700 nm
WSAbs365, Mm-1, AerOpt_AbsorptionBrC_InSitu_UVtoRed_None_Bulk_STP, Water Soluble Brown Carbon absorption at 365 nm
0
18
PI_CONTACT_INFO: rweber@eas.gatech.edu
PLATFORM: NASA DC-8 aircraft
LOCATION: Aircraft location is given by the navigational file
ASSOCIATED_DATA: N/A
[...]
DATA_INFO: Samples collected by mist chamber were injected through 0.22 pore size syringe filter and then a 2.5 m path length LWCC, and light absorption was measured by Ocean Optics USB4000 spectrometer. Absorption from 300 to 700 nm were recorded. Absorption of pure solvent was subtracted from the sample. Raw absorption data were processed by the equation Abs=Raw*(Volume of liquid in the mist chamber)/(Volume of air collected at STP)/(Optical Path Length, 2.5m here)*ln(10). Data reported here were averaged over 20 nm wavelength intervals. i.e. absorption at 400 nm were average by absorption data between 390 nm to 410 nm. All data have been blank corrected by averaging all blank filter in this mission (2-3 blank filters per flight). Data are reported under STP, which is T=273K & p=1013 mb. When using the data, the absorption had better to corrected by higher wavelength, ie Abs700 for baseline drift. UNCERTAINTY: Data may have smearing issues. If we do not account for smearing or blank, the uncertainty is ~5%
UNCERTAINTY: Data may have smearing issues. If we do not account for smearing or blank, the uncertainty is ~5%
ULOD_FLAG: -7777
ULOD_VALUE: N/A
LLOD_FLAG: -8888
LLOD_VALUE: N/A
DM_CONTACT_INFO: lhzeng@gatech.edu
PROJECT_INFO: FIREX-AQ, 2019
STIPULATIONS_ON_USE: Use of these data require prior ok from PI.
OTHER_COMMENTS: N/A
REVISION: R0
RA: Preliminary Data.  For in-field use only.
Time_Start, Time_Stop, Time_Mid, WSAbs300, WSAbs320, WSAbs340, WSAbs360, WSAbs380, WSAbs400, WSAbs420, WSAbs440, WSAbs460, WSAbs480, WSAbs500, WSAbs520, WSAbs540, WSAbs560, WSAbs580, WSAbs600, WSAbs620, WSAbs640, WSAbs660, WSAbs680, WSAbs700, WSAbs365
79981,80131,80056,8.36244,4.88817,3.17288,2.14723,1.67928,1.21457,0.836433,0.742447,0.551478,0.506681,0.409324,0.303433,0.242435,0.213157,0.135697,0.13023,0.0904376,0.0443646,0.0641713,0.0235973,-0.0598941,1.81679
80131,80281,80206,2.30092,2.12076,1.99331,1.11297,1.04095,0.870915,0.731089,0.530016,0.361053,0.326041,0.219513,0.225157,0.13365,0.133181,0.0965328,0.0820196,0.031954,-0.013134,0.0260363,-0.01808,-0.114189,1.0114
80282,80432,80357,1.72156,1.04307,0.892828,0.793836,0.425019,0.49112,0.304745,0.176506,0.165998,0.136343,0.0978788,0.0640908,0.0288986,-0.00949444,0.0141469,-0.0335852,-0.0392267,-0.0607343,-0.0802806,-0.0828192,-0.160396,0.471753
80432,80582,80507,1.60136,1.14279,0.774465,0.388448,0.315397,0.138116,0.0616664,-0.0145958,-0.0445049,-0.0735252,-0.0970821,-0.124474,-0.124119,-0.141995,-0.162067,-0.159678,-0.163569,-0.177139,-0.17861,-0.204007,-0.199669,0.281351
80583,80733,80658,0.786307,0.299632,0.266219,-0.0458172,0.00398723,-0.206087,-0.171588,-0.269407,-0.302772,-0.315698,-0.366273,-0.367597,-0.378724,-0.386295,-0.39964,-0.394312,-0.41023,-0.428027,-0.418286,-0.391349,-0.448974,-0.0575608
80733,80883,80808,0.41601,-0.0394325,-0.0844132,-0.175911,-0.235317,-0.31823,-0.315775,-0.362125,-0.358847,-0.384915,-0.385672,-0.401275,-0.406004,-0.406236,-0.399988,-0.417988,-0.42463,-0.42609,-0.427576,-0.416194,-0.440321,-0.24576
80884,81034,80959,0.986414,0.180068,-0.139135,-0.114322,-0.305186,-0.342244,-0.380724,-0.421845,-0.475692,-0.488625,-0.502658,-0.521835,-0.519558,-0.537139,-0.534885,-0.557619,-0.554114,-0.567252,-0.565847,-0.556961,-0.58269,-0.263859
81185,81335,81260,1.6748,0.922193,0.893633,0.3074,0.25625,-0.0153926,-0.154098,-0.223937,-0.234244,-0.39059,-0.42602,-0.42455,-0.463211,-0.51502,-0.544161,-0.53596,-0.545707,-0.586475,-0.578213,-0.606601,-0.669363,0.263355
81636,81786,81711,-0.169338,-0.426479,-0.502848,-0.553023,-0.653602,-0.678305,-0.696367,-0.699443,-0.714167,-0.721265,-0.732075,-0.720989,-0.742611,-0.744561,-0.745654,-0.737582,-0.742917,-0.740977,-0.74569,-0.750735,-0.764121,-0.633416
81787,81937,81862,0.782344,-0.0906124,-0.0939445,-0.241316,-0.411908,-0.573401,-0.609185,-0.663679,-0.684268,-0.722307,-0.766188,-0.78785,-0.777516,-0.817217,-0.83129,-0.831752,-0.850756,-0.864314,-0.873085,-0.845543,-0.931156,-0.476406
81937,82087,82012,-0.931606,-0.932346,-0.917333,-0.906254,-0.909149,-0.911772,-0.901407,-0.89832,-0.914323,-0.902886,-0.909915,-0.906806,-0.908234,-0.909505,-0.897544,-0.905817,-0.89845,-0.90795,-0.908719,-0.836755,-0.911039,-0.92215
82088,82238,82163,-1.10858,-1.09657,-1.02979,-0.998456,-0.977604,-0.991445,-0.973754,-0.969787,-0.956931,-0.958863,-0.942403,-0.942641,-0.936296,-0.931968,-0.943749,-0.937551,-0.938993,-0.931643,-0.927238,-0.856423,-0.93038,-1.00481
82238,82389,82314,-1.83801,-1.64298,-1.39013,-1.23254,-1.14417,-1.02226,-1.02575,-0.961079,-0.953436,-0.93671,-0.93618,-0.927813,-0.91203,-0.917111,-0.924099,-0.91787,-0.901297,-0.905693,-0.900426,-0.821879,-0.911981,-1.13998
82389,82539,82464,-1.14798,-1.14686,-1.14901,-1.13588,-1.15498,-1.1518,-1.149,-1.14982,-1.14148,-1.15025,-1.14006,-1.13836,-1.14861,-1.14117,-1.14113,-1.14596,-1.15227,-1.15369,-1.14163,-1.12868,-1.15542,-1.15542
82540,82690,82615,-1.74084,-1.4318,-1.33987,-1.30059,-1.28051,-1.21469,-1.14992,-1.14822,-1.15682,-1.11203,-1.11401,-1.10216,-1.07213,-1.08633,-1.07298,-1.07069,-1.05033,-1.05102,-1.04947,-1.01407,-1.02549,-1.26297
82690,82840,82765,-1.78659,-1.4193,-1.37478,-1.2846,-1.2101,-1.21495,-1.19599,-1.15675,-1.15278,-1.14845,-1.135,-1.13065,-1.12103,-1.13286,-1.12075,-1.1108,-1.12046,-1.10345,-1.1059,-1.0256,-1.1188,-1.25113
82841,82991,82916,-2.18113,-1.64603,-1.67803,-1.52006,-1.47499,-1.39371,-1.35323,-1.31054,-1.29444,-1.26657,-1.26798,-1.24853,-1.25053,-1.24547,-1.24588,-1.2359,-1.22646,-1.22874,-1.24004,-1.09074,-1.22933,-1.44885
82991,83141,83066,-0.564422,-0.648825,-0.707226,-0.88585,-0.85002,-0.920708,-0.955981,-0.976597,-0.987417,-1.0229,-1.02355,-1.04227,-1.05249,-1.06561,-1.06982,-1.07045,-1.07601,-1.09333,-1.08688,-1.03793,-1.12868,-0.894
83142,83292,83217,-1.79413,-1.61229,-1.55326,-1.43774,-1.40319,-1.34213,-1.30682,-1.27977,-1.23753,-1.22952,-1.21749,-1.20249,-1.17812,-1.17934,-1.18136,-1.16948,-1.17127,-1.15322,-1.1637,-1.11687,-1.15263,-1.37268
83292,83442,83367,-0.641717,-0.669701,-0.824022,-0.932662,-0.979417,-1.05206,-1.07486,-1.10189,-1.13039,-1.12781,-1.15401,-1.16971,-1.17574,-1.18472,-1.17642,-1.18238,-1.19634,-1.18701,-1.19105,-1.10759,-1.21904,-0.997398
83443,83593,83518,-2.08495,-1.59232,-1.50279,-1.43965,-1.31565,-1.28524,-1.26392,-1.24972,-1.21119,-1.18297,-1.18766,-1.16774,-1.15064,-1.14371,-1.133,-1.14771,-1.13704,-1.126,-1.12004,-1.09832,-1.11693,-1.36848
83593,83743,83668,3.08687,1.60811,0.93332,0.60509,0.137685,-0.113541,-0.326389,-0.456874,-0.465844,-0.579768,-0.639158,-0.629094,-0.699998,-0.70798,-0.7599,-0.748498,-0.790966,-0.80623,-0.803445,-0.76168,-0.87732,0.195831
83744,83894,83819,-0.753523,-0.761343,-0.767027,-0.763198,-0.764139,-0.77678,-0.776498,-0.77266,-0.774886,-0.776846,-0.768677,-0.767275,-0.776905,-0.763789,-0.776354,-0.770819,-0.767505,-0.758514,-0.765969,-0.704209,-0.778303,-0.778303
83894,84044,83969,0.033608,-0.159137,-0.321897,-0.226975,-0.421974,-0.512808,-0.562934,-0.612102,-0.617928,-0.681519,-0.693321,-0.69552,-0.717681,-0.737922,-0.756073,-0.750707,-0.777126,-0.792157,-0.795178,-0.77418,-0.861653,-0.442906
84045,84195,84120,-0.619138,-0.646141,-0.65746,-0.672348,-0.675896,-0.701428,-0.701798,-0.698557,-0.697509,-0.710436,-0.715697,-0.721905,-0.719314,-0.714338,-0.727905,-0.726577,-0.715091,-0.72079,-0.733526,-0.688659,-0.741133,-0.695757
84195,84345,84270,2.461,3.07226,2.20359,1.21739,0.793083,0.318301,0.407388,0.0203086,-0.152517,-0.153935,-0.319915,-0.321688,-0.436675,-0.446566,-0.493713,-0.486286,-0.559049,-0.597456,-0.589883,-0.616519,-0.740459,0.820944
84346,84496,84421,-0.626083,-0.66714,-0.707012,-0.707773,-0.718892,-0.717754,-0.731279,-0.735328,-0.736553,-0.727036,-0.723391,-0.728981,-0.732793,-0.731241,-0.735003,-0.735975,-0.736198,-0.736009,-0.728701,-0.681175,-0.747387,-0.723016
84496,84646,84571,0.915492,0.29459,0.126634,-0.193799,-0.374417,-0.476231,-0.60812,-0.694781,-0.7101,-0.757209,-0.77658,-0.793445,-0.806867,-0.828109,-0.813415,-0.82732,-0.831994,-0.849816,-0.850744,-0.797983,-0.874717,-0.396779
84647,84797,84722,-1.55226,-1.26849,-1.13895,-1.00249,-0.960905,-0.90262,-0.884157,-0.852617,-0.847032,-0.832874,-0.816658,-0.806782,-0.807514,-0.818474,-0.796167,-0.804271,-0.792121,-0.792985,-0.797392,-0.763074,-0.802416,-0.977944
84797,84947,84872,2.60263,0.603814,0.346028,0.0219323,-0.0167014,-0.31518,-0.500855,-0.578013,-0.585151,-0.666556,-0.700367,-0.723408,-0.743279,-0.76397,-0.783294,-0.798394,-0.807431,-0.830192,-0.825163,-0.788681,-0.871567,-0.123252
84948,85098,85023,-0.912917,-0.996015,-0.964785,-0.903142,-0.899661,-0.885545,-0.862614,-0.8361,-0.831801,-0.812955,-0.816407,-0.797424,-0.797362,-0.801211,-0.795421,-0.780353,-0.790987,-0.785042,-0.78239,-0.771544,-0.778426,-0.905516
85098,85248,85173,1.78805,3.36076,2.04769,1.03687,0.385643,0.316874,-0.00432535,-0.232268,-0.280358,-0.426446,-0.45534,-0.511875,-0.5799,-0.610771,-0.637972,-0.638901,-0.67417,-0.702745,-0.684818,-0.674886,-0.759076,0.646023
85249,85399,85324,-0.31608,-0.527488,-0.584277,-0.632256,-0.666138,-0.69015,-0.716793,-0.714196,-0.728241,-0.733915,-0.740105,-0.741327,-0.740468,-0.74605,-0.743378,-0.740879,-0.748875,-0.748264,-0.732468,-0.713685,-0.753979,-0.669349
85399,85549,85474,0.130815,0.176451,-0.150657,-0.269871,-0.382378,-0.381218,-0.437041,-0.546178,-0.585231,-0.625033,-0.625505,-0.641629,-0.683723,-0.701756,-0.706892,-0.702171,-0.713697,-0.730825,-0.733322,-0.716232,-0.823506,-0.354107
85550,85700,85625,1.88847,0.580888,0.340365,0.00244656,-0.161189,-0.24994,-0.315957,-0.431315,-0.465275,-0.498555,-0.556215,-0.553172,-0.596776,-0.596999,-0.597103,-0.61567,-0.618411,-0.639479,-0.621445,-0.645899,-0.660664,-0.15947
85700,85850,85775,1.45711,0.550923,0.455163,0.0833532,-0.161743,-0.43416,-0.406958,-0.527155,-0.588224,-0.645879,-0.669666,-0.696446,-0.702686,-0.732759,-0.739117,-0.753846,-0.769401,-0.774494,-0.787375,-0.77133,-0.816899,-0.204225
85851,86001,85926,-0.614726,-0.723576,-0.752267,-0.778243,-0.77543,-0.768886,-0.783102,-0.792972,-0.796989,-0.801858,-0.796379,-0.803387,-0.809403,-0.806013,-0.809654,-0.810505,-0.818331,-0.815794,-0.80145,-0.804036,-0.821419,-0.780755
86001,86151,86076,2.66605,0.860636,0.98437,0.208285,0.136404,-0.0138786,-0.18533,-0.339759,-0.363384,-0.467057,-0.465672,-0.521899,-0.529472,-0.592258,-0.579112,-0.619065,-0.650624,-0.659767,-0.661281,-0.63896,-0.751269,0.150254
86152,86302,86227,-0.845567,-0.844071,-0.836192,-0.832853,-0.826654,-0.834849,-0.829367,-0.844589,-0.835656,-0.844278,-0.837417,-0.831397,-0.83554,-0.844766,-0.843174,-0.83076,-0.827834,-0.826315,-0.835577,-0.797252,-0.845811,-0.845811
86303,86453,86378,-0.233797,-0.0243893,-0.267824,-0.427623,-0.462928,-0.557245,-0.640834,-0.740397,-0.748048,-0.782043,-0.800988,-0.804653,-0.812754,-0.822037,-0.837113,-0.849675,-0.85867,-0.868666,-0.863338,-0.864899,-0.896818,-0.525409
86453,86603,86528,-0.665655,-0.703541,-0.745373,-0.7487,-0.767019,-0.798975,-0.799339,-0.818044,-0.819933,-0.809129,-0.825784,-0.814018,-0.82579,-0.834199,-0.8226,-0.828255,-0.828088,-0.838918,-0.836958,-0.818995,-0.842624,-0.783045
86604,86754,86679,1.17156,0.39069,0.330077,0.129156,-0.0530088,-0.350204,-0.313065,-0.401578,-0.484637,-0.488872,-0.539657,-0.606249,-0.649947,-0.654891,-0.682028,-0.683879,-0.71066,-0.753011,-0.741679,-0.70125,-0.856254,-0.154126
86754,86904,86829,0.467071,0.389522,-0.128312,-0.211192,-0.291908,-0.366345,-0.494493,-0.568438,-0.603987,-0.623211,-0.663462,-0.677808,-0.685728,-0.693893,-0.720493,-0.713213,-0.730019,-0.731277,-0.736689,-0.725434,-0.770115,-0.312621
86905,87055,86980,1.34362,0.649183,0.554931,0.178767,0.0143796,-0.161789,-0.33371,-0.387989,-0.415777,-0.473372,-0.532156,-0.552054,-0.584022,-0.607545,-0.628825,-0.641135,-0.665614,-0.668551,-0.676415,-0.661371,-0.734014,0.0156173
87055,87205,87130,-0.236543,-0.444181,-0.482714,-0.633158,-0.670875,-0.655307,-0.728895,-0.735784,-0.768915,-0.769183,-0.772226,-0.775925,-0.800149,-0.784936,-0.790353,-0.810988,-0.807637,-0.813862,-0.808034,-0.778942,-0.827504,-0.647951
87206,87356,87281,7.14324,3.55043,2.50087,1.25704,0.814789,0.515791,0.0566813,-0.0316351,-0.230987,-0.29879,-0.346797,-0.408654,-0.408997,-0.476815,-0.507053,-0.50333,-0.518783,-0.55516,-0.545006,-0.560139,-0.600718,0.839359
87356,87506,87431,-0.357319,-0.534325,-0.588613,-0.684189,-0.717,-0.738487,-0.773889,-0.778943,-0.786551,-0.796966,-0.810092,-0.801755,-0.800994,-0.811135,-0.80883,-0.821324,-0.822725,-0.818966,-0.813978,-0.788751,-0.834673,-0.709862
87507,87657,87582,4.39176,2.5636,1.85729,0.510734,0.354529,-0.0796484,-0.276454,-0.382862,-0.493556,-0.530667,-0.616165,-0.649096,-0.680619,-0.687173,-0.704331,-0.739926,-0.733399,-0.755488,-0.751885,-0.728194,-0.801044,0.404738
87657,87807,87732,0.982573,0.356849,-0.095607,-0.219588,-0.386127,-0.474405,-0.48148,-0.60521,-0.633082,-0.678855,-0.698876,-0.723292,-0.737922,-0.738871,-0.75001,-0.771181,-0.769831,-0.775019,-0.777694,-0.740373,-0.818102,-0.330546
87808,87958,87883,0.249817,-0.179129,-0.246943,-0.438393,-0.476633,-0.585983,-0.62273,-0.651966,-0.695522,-0.709828,-0.739666,-0.767088,-0.775898,-0.778712,-0.808074,-0.817927,-0.822512,-0.835908,-0.814499,-0.798431,-0.878893,-0.525613
87958,88108,88033,-0.757894,-0.825012,-0.832922,-0.833114,-0.847433,-0.850179,-0.853372,-0.864837,-0.865939,-0.860105,-0.860095,-0.859962,-0.865548,-0.860639,-0.864725,-0.875032,-0.867734,-0.864878,-0.86897,-0.814097,-0.884569,-0.859767
88109,88259,88184,2.86921,1.96714,1.47273,0.973691,0.101713,-0.0119851,-0.211254,-0.38179,-0.413583,-0.532599,-0.569368,-0.624288,-0.638857,-0.691276,-0.706728,-0.712119,-0.738811,-0.757076,-0.770364,-0.747018,-0.816273,0.363775
88259,88409,88334,-1.27689,-1.11552,-1.0809,-1.00331,-1.01071,-0.980951,-0.969827,-0.957632,-0.93187,-0.939813,-0.925256,-0.931923,-0.920606,-0.916684,-0.908535,-0.901377,-0.904966,-0.900412,-0.91286,-0.832923,-0.899305,-1.00857
88410,88560,88485,2.01041,1.31681,0.627683,0.297597,-0.0636509,-0.275669,-0.370843,-0.58866,-0.636385,-0.671761,-0.710073,-0.73373,-0.758013,-0.783257,-0.797371,-0.800351,-0.799382,-0.827559,-0.817808,-0.768821,-0.852826,-0.0533016
88560,88710,88635,-0.979426,-0.930243,-0.912191,-0.899186,-0.893925,-0.883209,-0.886102,-0.874811,-0.868398,-0.865924,-0.861207,-0.858773,-0.85267,-0.858231,-0.861989,-0.860275,-0.864812,-0.867565,-0.852012,-0.834191,-0.867207,-0.899031
88711,88861,88786,0.162582,0.509737,0.258574,-0.115961,-0.0896048,-0.262672,-0.3471,-0.436602,-0.463917,-0.469019,-0.536865,-0.538649,-0.562389,-0.594632,-0.613575,-0.629435,-0.627932,-0.659552,-0.642045,-0.670007,-0.714078,-0.147741
88861,89011,88936,0.109706,0.263577,-0.141851,-0.13822,-0.235555,-0.437455,-0.483919,-0.519669,-0.519712,-0.559479,-0.583092,-0.591973,-0.612093,-0.632086,-0.630572,-0.648407,-0.650032,-0.669632,-0.670414,-0.648787,-0.710183,-0.316495
89012,89162,89087,0.296582,-0.171226,-0.238176,-0.437334,-0.372149,-0.435581,-0.510699,-0.597454,-0.608743,-0.643502,-0.644506,-0.668105,-0.672968,-0.685824,-0.687276,-0.711273,-0.701508,-0.726407,-0.715605,-0.729031,-0.764126,-0.450432
89162,89312,89237,1.18715,0.207091,0.016947,-0.0668259,-0.337586,-0.281241,-0.38389,-0.434621,-0.524307,-0.576933,-0.60067,-0.616057,-0.636374,-0.651702,-0.644365,-0.666481,-0.670756,-0.700253,-0.710917,-0.668718,-0.785144,-0.253784
89313,89463,89388,1.40443,0.673131,0.173846,-0.0197546,-0.197638,-0.380636,-0.372291,-0.464843,-0.554293,-0.542883,-0.579533,-0.604938,-0.622711,-0.62799,-0.632105,-0.655255,-0.655617,-0.663245,-0.677543,-0.653968,-0.701436,-0.199272
89463,89613,89538,-0.443863,-0.51911,-0.602286,-0.661426,-0.648382,-0.681786,-0.709544,-0.746757,-0.74726,-0.760425,-0.757576,-0.778361,-0.770444,-0.793451,-0.789305,-0.783775,-0.793505,-0.792259,-0.805854,-0.739633,-0.821,-0.67755
89614,89764,89689,-0.35865,-0.610766,-0.663397,-0.746656,-0.809528,-0.809716,-0.847392,-0.873548,-0.86799,-0.890698,-0.893677,-0.890658,-0.892783,-0.909044,-0.914461,-0.907858,-0.905716,-0.909402,-0.908421,-0.871544,-0.934191,-0.796811
89765,89915,89840,-1.77642,-1.42261,-1.34427,-1.31863,-1.25998,-1.24147,-1.14811,-1.14408,-1.12423,-1.1096,-1.08285,-1.06509,-1.06023,-1.04747,-1.04178,-1.03079,-1.02644,-1.00815,-1.00304,-0.941441,-0.971044,-1.25876
89915,90065,89990,-1.90845,-1.48685,-1.4688,-1.36487,-1.22209,-1.17474,-1.0996,-1.0567,-1.05518,-1.02148,-1.01975,-1.00117,-0.989453,-0.979327,-0.978303,-0.980258,-0.976758,-0.973851,-0.965067,-0.948052,-0.963014,-1.22999
90066,90216,90141,-2.60758,-2.05298,-1.58026,-1.56865,-1.25765,-1.19092,-1.18689,-1.08594,-1.05859,-1.04303,-1.03222,-0.998477,-0.986982,-0.987375,-0.979534,-0.971366,-0.959635,-0.957493,-0.967628,-0.884851,-0.957563,-1.36795
90217,90367,90292,-0.241025,-0.40308,-0.501479,-0.628205,-0.640035,-0.732331,-0.740363,-0.803025,-0.827048,-0.840708,-0.844538,-0.861991,-0.8995,-0.878687,-0.910298,-0.919287,-0.911667,-0.929998,-0.930247,-0.856199,-0.971615,-0.709278
90367,90517,90442,-2.60033,-1.73157,-1.68456,-1.40879,-1.44525,-1.37091,-1.20565,-1.17882,-1.15665,-1.14989,-1.11954,-1.08474,-1.0735,-1.04876,-1.04288,-1.02188,-1.02877,-0.998132,-1.0058,-0.906893,-0.962589,-1.39346
90518,90668,90593,-0.993608,-1.09305,-1.06385,-0.974892,-0.95719,-0.951408,-0.93755,-0.921509,-0.90171,-0.906492,-0.9105,-0.891361,-0.886134,-0.887838,-0.877033,-0.878673,-0.883561,-0.877792,-0.876852,-0.845246,-0.875127,-0.98567
90668,90818,90743,-2.31887,-2.17589,-1.7748,-1.59805,-1.46939,-1.42964,-1.39578,-1.28937,-1.21131,-1.19929,-1.14351,-1.12943,-1.12276,-1.10183,-1.08158,-1.0757,-1.06544,-1.04205,-1.0453,-0.978317,-1.01387,-1.56345
