Data/Raw/WEBER,RODNEY/FIREXAQ-SAGA-MC-BrC_DC8_20190729_R0.ict
56, 1001
Weber, Rodney
Georgia Institute of Technology
Water soluble brown carbon measured with mist chamber-LWCC
FIREXAQ
1, 1
2019, 07, 29, 2020, 03, 06
0
Time_Start, seconds_past_midnight, Time_Start, seconds_past_midnight
24
1, 1, 1, 1, 1, 1, 1, 1, 1, 1, 1, 1, 1, 1, 1, 1, 1, 1, 1, 1, 1, 1, 1, 1
-9999, -9999, -9999, -9999, -9999, -9999, -9999, -9999, -9999, -9999, -9999, -9999, -9999, -9999, -9999, -9999, -9999, -9999, -9999, -9999, -9999, -9999, -9999, -9999
Time_Stop, seconds_past_midnight, Time_Stop, seconds_past_midnight
Time_Mid, seconds_past_midnight, Time_Mid, seconds_past_midnight
WSAbs300, Mm-1, AerOpt_AbsorptionBrC_InSitu_UVtoRed_None_Bulk_STP, Water Soluble Brown Carbon absorption at 300 nm
WSAbs320, Mm-1, AerOpt_AbsorptionBrC_InSitu_UVtoRed_None_Bulk_STP, Water Soluble Brown Carbon absorption at 320 nm
WSAbs340, Mm-1, AerOpt_AbsorptionBrC_InSitu_UVtoRed_None_Bulk_STP, Water Soluble Brown Carbon absorption at 340 nm
WSAbs360, Mm-1, AerOpt_AbsorptionBrC_InSitu_UVtoRed_None_Bulk_STP, Water Soluble Brown Carbon absorption at 360 nm
WSAbs380, Mm-1, AerOpt_AbsorptionBrC_InSitu_UVtoRed_None_Bulk_STP, Water Soluble Brown Carbon absorption at 380 nm
WSAbs400, Mm-1, AerOpt_AbsorptionBrC_InSitu_UVtoRed_None_Bulk_STP, Water Soluble Brown Carbon absorption at 400 nm
WSAbs420, Mm-1, AerOpt_AbsorptionBrC_InSitu_UVtoRed_None_Bulk_STP, Water Soluble Brown Carbon absorption at 420 nm
WSAbs440, Mm-1, AerOpt_AbsorptionBrC_InSitu_UVtoRed_None_Bulk_STP, Water Soluble Brown Carbon absorption at 440 nm
WSAbs460, Mm-1, AerOpt_AbsorptionBrC_InSitu_UVtoRed_None_Bulk_STP, Water Soluble Brown Carbon absorption at 460 nm
WSAbs480, Mm-1, AerOpt_AbsorptionBrC_InSitu_UVtoRed_None_Bulk_STP, Water Soluble Brown Carbon absorption at 480 nm
WSAbs500, Mm-1, AerOpt_AbsorptionBrC_InSitu_UVtoRed_None_Bulk_STP, Water Soluble Brown Carbon absorption at 500 nm
WSAbs520, Mm-1, AerOpt_AbsorptionBrC_InSitu_UVtoRed_None_Bulk_STP, Water Soluble Brown Carbon absorption at 520 nm
WSAbs540, Mm-1, AerOpt_AbsorptionBrC_InSitu_UVtoRed_None_Bulk_STP, Water Soluble Brown Carbon absorption at 540 nm
WSAbs560, Mm-1, AerOpt_AbsorptionBrC_InSitu_UVtoRed_None_Bulk_STP, Water Soluble Brown Carbon absorption at 560 nm
WSAbs580, Mm-1, AerOpt_AbsorptionBrC_InSitu_UVtoRed_None_Bulk_STP, Water Soluble Brown Carbon absorption at 580 nm
WSAbs600, Mm-1, AerOpt_AbsorptionBrC_InSitu_UVtoRed_None_Bulk_STP, Water Soluble Brown Carbon absorption at 600 nm
WSAbs620, Mm-1, AerOpt_AbsorptionBrC_InSitu_UVtoRed_None_Bulk_STP, Water Soluble Brown Carbon absorption at 620 nm
WSAbs640, Mm-1, AerOpt_AbsorptionBrC_InSitu_UVtoRed_None_Bulk_STP, Water Soluble Brown Carbon absorption at 640 nm
WSAbs660, Mm-1, AerOpt_AbsorptionBrC_InSitu_UVtoRed_None_Bulk_STP, Water Soluble Brown Carbon absorption at 660 nm
WSAbs680, Mm-1, AerOpt_AbsorptionBrC_InSitu_UVtoRed_None_Bulk_STP, Water Soluble Brown Carbon absorption at 680 nm
WSAbs700, Mm-1, AerOpt_AbsorptionBrC_InSitu_UVtoRed_None_Bulk_STP, Water Soluble Brown Carbon absorption at 700 nm
WSAbs365, Mm-1, AerOpt_AbsorptionBrC_InSitu_UVtoRed_None_Bulk_STP, Water Soluble Brown Carbon absorption at 365 nm
0
18
PI_CONTACT_INFO: rweber@eas.gatech.edu
PLATFORM: NASA DC-8 aircraft
LOCATION: Aircraft location is given by the navigational file
ASSOCIATED_DATA: N/A
[...]
DATA_INFO: Samples collected by mist chamber were injected through 0.22 pore size syringe filter and then a 2.5 m path length LWCC, and light absorption was measured by Ocean Optics USB4000 spectrometer. Absorption from 300 to 700 nm were recorded. Absorption of pure solvent was subtracted from the sample. Raw absorption data were processed by the equation Abs=Raw*(Volume of liquid in the mist chamber)/(Volume of air collected at STP)/(Optical Path Length, 2.5m here)*ln(10). Data reported here were averaged over 20 nm wavelength intervals. i.e. absorption at 400 nm were average by absorption data between 390 nm to 410 nm. All data have been blank corrected by averaging all blank filter in this mission (2-3 blank filters per flight). Data are reported under STP, which is T=273K & p=1013 mb. When using the data, the absorption had better to corrected by higher wavelength, ie Abs700 for baseline drift. UNCERTAINTY: Data may have smearing issues. If we do not account for smearing or blank, the uncertainty is ~5%
UNCERTAINTY: Data may have smearing issues. If we do not account for smearing or blank, the uncertainty is ~5%
ULOD_FLAG: -7777
ULOD_VALUE: N/A
LLOD_FLAG: -8888
LLOD_VALUE: N/A
DM_CONTACT_INFO: lhzeng@gatech.edu
PROJECT_INFO: FIREX-AQ, 2019
STIPULATIONS_ON_USE: Use of these data require prior ok from PI.
OTHER_COMMENTS: N/A
REVISION: R0
RA: Preliminary Data.  For in-field use only.
Time_Start, Time_Stop, Time_Mid, WSAbs300, WSAbs320, WSAbs340, WSAbs360, WSAbs380, WSAbs400, WSAbs420, WSAbs440, WSAbs460, WSAbs480, WSAbs500, WSAbs520, WSAbs540, WSAbs560, WSAbs580, WSAbs600, WSAbs620, WSAbs640, WSAbs660, WSAbs680, WSAbs700, WSAbs365
[from data line 70]
90969,91119,91044,-4.53888,-2.93431,-2.68199,-2.37303,-2.13119,-1.8528,-1.85046,-1.69674,-1.63995,-1.54109,-1.52832,-1.47488,-1.47481,-1.4556,-1.41546,-1.42072,-1.40028,-1.39256,-1.39938,-1.33782,-1.36993,-2.16305
91120,91270,91195,-2.99944,-2.25414,-1.80904,-1.79439,-1.73313,-1.64646,-1.56725,-1.48075,-1.43216,-1.41867,-1.39435,-1.3639,-1.32574,-1.32119,-1.30102,-1.29696,-1.28183,-1.26184,-1.27548,-1.2166,-1.2405,-1.69276
91270,91420,91345,-4.18177,-3.26549,-2.92666,-2.80349,-2.52354,-2.07077,-1.9108,-1.85576,-1.77626,-1.67967,-1.63625,-1.58778,-1.56357,-1.54164,-1.50965,-1.48281,-1.48441,-1.43388,-1.43723,-1.38267,-1.34172,-2.36775
91421,91571,91496,-6.35831,-3.79646,-2.91708,-2.46663,-2.07999,-1.97101,-1.84543,-1.69811,-1.61887,-1.52301,-1.45344,-1.4344,-1.40933,-1.37738,-1.3538,-1.3481,-1.34202,-1.3137,-1.32422,-1.20258,-1.30412,-2.31375
91571,91721,91646,-8.12556,-5.71832,-4.40926,-3.33097,-2.77281,-2.46151,-2.03805,-1.81323,-1.70665,-1.60263,-1.55335,-1.50076,-1.4523,-1.45725,-1.41357,-1.40948,-1.3788,-1.36776,-1.36742,-1.3154,-1.33468,-2.84731
91722,91872,91797,-3.57536,-3.76756,-3.59985,-2.78592,-2.87173,-2.47537,-2.59143,-2.36824,-2.16346,-2.11943,-2.07266,-2.05201,-2.01725,-1.96638,-1.95433,-1.93685,-1.92835,-1.88197,-1.89119,-1.83761,-1.81001,-2.8291
91873,92023,91948,-1.91957,-1.35491,-1.19919,-1.2252,-1.1129,-1.05186,-0.998766,-0.994888,-0.960133,-0.934179,-0.925617,-0.906099,-0.89631,-0.899699,-0.890369,-0.893237,-0.872759,-0.866736,-0.878819,-0.819401,-0.850884,-1.12438
92023,92173,92098,-1.52474,-1.16765,-0.884584,-0.956781,-0.689356,-0.74688,-0.593664,-0.438729,-0.402672,-0.390334,-0.31555,-0.29192,-0.271621,-0.258584,-0.209905,-0.190166,-0.205418,-0.158145,-0.173215,-0.162361,-0.0743238,-0.728374
92174,92324,92249,-1.75549,-1.38013,-1.17088,-1.05468,-0.804563,-0.697548,-0.565026,-0.536755,-0.543556,-0.439696,-0.378678,-0.377467,-0.339466,-0.333418,-0.285752,-0.305691,-0.284094,-0.23412,-0.228318,-0.233681,-0.164975,-0.884864
92324,92474,92399,-3.5876,-2.0662,-1.44929,-1.21126,-0.74306,-0.790748,-0.534123,-0.408628,-0.298553,-0.263088,-0.198546,-0.145121,-0.112634,-0.102022,-0.10009,-0.0634292,-0.0656362,-0.0207425,-0.0335362,-0.053371,0.0145999,-0.875993
92475,92625,92550,-3.13357,-1.65173,-1.66256,-1.02583,-1.01385,-0.865394,-0.682073,-0.667509,-0.578895,-0.49783,-0.406809,-0.390914,-0.347135,-0.295289,-0.291784,-0.240591,-0.229802,-0.186994,-0.196696,-0.18673,-0.0892618,-1.02651
92625,92775,92700,-2.34137,-1.57482,-1.60588,-1.04523,-0.762021,-0.805831,-0.736793,-0.499586,-0.456073,-0.33351,-0.326681,-0.26799,-0.223233,-0.19261,-0.164113,-0.135733,-0.128243,-0.0968929,-0.121241,-0.103308,-0.0147758,-0.916099
92776,92926,92851,-5.55339,-2.74784,-1.92628,-1.29989,-1.06668,-0.780574,-0.664086,-0.424986,-0.296742,-0.244031,-0.183768,-0.122267,-0.0907987,-0.0684091,-0.0487444,-0.0527091,-0.036939,-0.0130255,-0.00729458,-0.0362764,0.0148681,-1.11511
92926,93076,93001,-4.66764,-2.2695,-1.56433,-1.25648,-0.713013,-0.754279,-0.510539,-0.391921,-0.329852,-0.260633,-0.202103,-0.162837,-0.155314,-0.139586,-0.125276,-0.0987859,-0.0894225,-0.0792537,-0.0680661,-0.082104,-0.0579732,-0.913079
93077,93227,93152,-3.73868,-1.75858,-1.43164,-1.30139,-1.04208,-0.859252,-0.666566,-0.492216,-0.436444,-0.427328,-0.345068,-0.321969,-0.265788,-0.201208,-0.176859,-0.161482,-0.128847,-0.115533,-0.0927617,-0.103292,0.0148947,-1.04263
93227,93377,93302,-0.898618,-1.10229,-0.918981,-0.760074,-0.729959,-0.466507,-0.475339,-0.380248,-0.330924,-0.284593,-0.229389,-0.213299,-0.201564,-0.200047,-0.169365,-0.16654,-0.16437,-0.143769,-0.144325,-0.140578,-0.11537,-0.677797
93378,93528,93453,-4.18896,-1.93799,-1.79654,-1.3749,-1.12283,-0.725483,-0.813296,-0.570016,-0.494834,-0.423927,-0.36387,-0.281496,-0.222759,-0.244138,-0.192907,-0.192029,-0.177809,-0.135747,-0.154064,-0.151858,-0.0597883,-1.06124
93528,93678,93603,-2.07455,-1.75447,-1.23123,-0.865195,-0.939315,-0.611985,-0.438233,-0.443363,-0.342157,-0.272509,-0.23211,-0.183916,-0.172318,-0.135761,-0.128497,-0.0793293,-0.0888895,-0.0552921,-0.0606792,-0.058984,0.0145251,-0.798879
93679,93829,93754,-3.37778,-2.30005,-1.41226,-1.06937,-1.12962,-1.05417,-0.708962,-0.504269,-0.425416,-0.348695,-0.355497,-0.321362,-0.190875,-0.155446,-0.180303,-0.129259,-0.111787,-0.0384909,-0.0622154,-0.0440129,0.146966,-1.01407
93829,93979,93904,-5.23295,-2.47242,-1.66395,-1.36606,-0.816573,-0.49774,-0.339114,-0.214939,-0.143871,-0.0906683,-0.0390099,-0.0395596,0.00785756,0.0282788,0.0278176,0.040215,0.053447,0.0706303,0.0659593,0.04266,0.0865859,-0.923585
93980,94130,94055,-3.77333,-2.02895,-1.94909,-1.47018,-1.21111,-0.823055,-0.508835,-0.369772,-0.314813,-0.218623,-0.0919881,-0.0587299,-0.0439888,-0.0112831,0.0189963,0.0514735,0.0531092,0.0913003,0.0972006,0.0593891,0.162902,-1.03665
94131,94281,94206,-3.7777,-2.30015,-1.34393,-1.03193,-0.828222,-0.520497,-0.548516,-0.303343,-0.204564,-0.179301,-0.136451,-0.0815293,-0.0956303,-0.0484485,-0.0383875,-0.0399306,-0.0187868,0.00899442,0.00908589,-0.013358,0.0424493,-0.848986
94281,94431,94356,-3.56097,-2.12541,-1.3546,-1.21644,-0.900468,-0.81656,-0.721348,-0.539234,-0.416371,-0.398778,-0.367027,-0.292367,-0.273238,-0.263178,-0.226264,-0.231592,-0.226474,-0.198031,-0.183423,-0.214241,-0.159092,-1.00758
94432,94582,94507,-2.33113,-1.09022,-0.878914,-0.659636,-0.381047,-0.327432,-0.243715,-0.194307,-0.177247,-0.140911,-0.113686,-0.0950744,-0.0853685,-0.0807168,-0.0737599,-0.0640449,-0.0583222,-0.0551255,-0.0475264,-0.0753618,-0.0493719,-0.483845
94582,94732,94657,-1.86937,-1.0122,-0.955551,-0.725763,-0.623836,-0.448095,-0.406222,-0.340186,-0.286662,-0.227764,-0.22638,-0.18693,-0.194159,-0.162796,-0.156218,-0.157021,-0.144056,-0.1313,-0.136129,-0.157701,-0.120973,-0.604866
94733,94883,94808,-1.06521,-0.922523,-0.634951,-0.526203,-0.494167,-0.449476,-0.408711,-0.351858,-0.335085,-0.324858,-0.312252,-0.316633,-0.311651,-0.311474,-0.303489,-0.306741,-0.287502,-0.301759,-0.296154,-0.304751,-0.298594,-0.507611
94883,95033,94958,-1.73161,-1.22618,-0.906986,-0.834051,-0.630611,-0.54647,-0.533019,-0.398041,-0.334164,-0.353599,-0.300818,-0.268355,-0.264898,-0.246949,-0.233843,-0.225755,-0.227264,-0.199803,-0.206492,-0.204796,-0.186742,-0.66834
95034,95184,95109,-1.32919,-1.00544,-0.836159,-0.725935,-0.495819,-0.510277,-0.40974,-0.370034,-0.34497,-0.306054,-0.294769,-0.295356,-0.269177,-0.277111,-0.265632,-0.261012,-0.251213,-0.256059,-0.249676,-0.249217,-0.252754,-0.563835
95184,95334,95259,-1.41929,-1.26252,-0.919025,-0.873836,-0.679173,-0.698962,-0.578714,-0.534571,-0.527262,-0.481525,-0.456314,-0.447445,-0.43258,-0.418707,-0.417039,-0.399205,-0.402169,-0.391893,-0.395777,-0.374243,-0.372951,-0.776981
95335,95485,95410,-1.01615,-1.1354,-0.920884,-0.822627,-0.716294,-0.665887,-0.559719,-0.485753,-0.493594,-0.4432,-0.43642,-0.402224,-0.396064,-0.358379,-0.356242,-0.343734,-0.353124,-0.327471,-0.332843,-0.313958,-0.304115,-0.676899
95485,95635,95560,-1.55696,-1.05464,-0.926264,-0.736746,-0.747596,-0.580566,-0.493284,-0.48025,-0.463997,-0.433729,-0.415507,-0.37171,-0.360805,-0.325039,-0.31564,-0.296979,-0.29806,-0.262121,-0.27671,-0.292404,-0.222405,-0.695016
95636,95786,95711,-1.30516,-0.889953,-0.553139,-0.529893,-0.383221,-0.359515,-0.345404,-0.303187,-0.273306,-0.246565,-0.234513,-0.221908,-0.210426,-0.213052,-0.190175,-0.198563,-0.195951,-0.186771,-0.183597,-0.177741,-0.174442,-0.448568
95786,95936,95861,-0.924874,-0.674982,-0.521453,-0.517786,-0.42846,-0.328227,-0.308383,-0.26859,-0.241005,-0.238939,-0.213492,-0.211437,-0.22232,-0.203388,-0.198595,-0.207786,-0.207393,-0.184451,-0.183491,-0.189157,-0.19418,-0.428814
95937,96087,96012,4.99655,4.29413,3.13599,2.53393,1.79865,1.72521,1.33956,1.063,0.981654,0.770834,0.653586,0.676164,0.570227,0.445669,0.418773,0.404721,0.368524,0.268167,0.281238,0.215653,0.106,2.15206
96087,96237,96162,-0.471123,-0.339978,-0.269659,-0.214839,-0.203225,-0.185227,-0.194299,-0.163164,-0.162228,-0.158773,-0.156378,-0.14882,-0.143678,-0.135293,-0.13121,-0.142404,-0.135923,-0.139047,-0.127315,-0.130946,-0.133803,-0.21743
96238,96388,96313,17.4201,23.5782,18.3965,10.184,7.87145,7.58478,5.82441,3.9722,3.66767,2.99649,2.59754,2.06682,1.87458,1.75982,1.64507,1.55147,1.39704,1.25144,1.30619,1.174,1.02135,9.45342
96388,96539,96464,33.8607,25.6813,17.3035,18.1054,13.2416,9.64128,10.9262,8.71225,7.64254,5.90351,6.12599,5.28269,4.25921,4.37529,4.09594,3.79747,3.29226,2.76863,2.99789,2.47795,1.22749,13.146
96539,96689,96614,17.7494,13.1362,10.4172,7.32465,5.77581,4.62002,3.4755,2.87356,1.96141,1.8186,1.44814,1.26982,1.14013,0.914281,0.801612,0.783665,0.697933,0.543167,0.572688,0.442409,0.2902,6.1854
96690,96840,96765,10.9576,8.85596,5.41619,5.70902,4.40544,2.46477,2.34653,1.77215,1.40855,1.26696,1.15632,0.867605,0.767347,0.625617,0.553048,0.555596,0.441248,0.377196,0.357962,0.283631,0.110362,3.80751
96840,96990,96915,8.62676,4.18748,3.46687,2.46221,1.79611,1.35929,1.30263,0.96237,0.648232,0.62331,0.555965,0.371921,0.385625,0.300947,0.258933,0.242193,0.211492,0.164906,0.185306,0.120087,0.0433224,1.84553
96991,97141,97066,5.77415,2.44468,2.2493,1.70629,1.14575,0.813056,0.598079,0.479681,0.40707,0.32048,0.210364,0.145277,0.145038,0.0852913,0.0847392,0.0424405,0.0200718,-0.00780837,-0.0219674,-0.0368494,-0.101123,1.19509
97141,97291,97216,17.8642,9.87674,10.3518,8.3895,6.3266,6.32172,4.15407,4.60487,3.5696,3.1598,2.69096,2.56514,2.41023,2.37471,1.97157,1.80717,1.76455,1.49271,1.57944,1.31476,0.616706,6.56926
97292,97442,97367,3.80988,2.39468,1.31384,1.01662,0.858423,0.698245,0.583664,0.306132,0.201367,0.170901,0.1405,0.0449895,0.0234922,-0.01876,-0.0099299,-0.0498341,-0.0751189,-0.102705,-0.0980761,-0.130174,-0.172291,0.915864
97442,97592,97517,7.69704,5.56237,3.8578,2.97817,2.8406,1.80349,1.41333,1.02344,0.760509,0.693676,0.55845,0.430404,0.33662,0.317868,0.254813,0.213639,0.192913,0.156385,0.182508,0.123222,0.0659444,2.5471
97593,97743,97668,42.1582,25.84,19.138,11.6782,10.2301,5.70149,4.45033,3.95267,3.03352,2.51728,1.86051,1.79528,1.45056,1.28846,1.1426,1.07047,0.956866,0.813632,0.872857,0.723549,0.620369,9.32969
97743,97893,97818,83.2399,55.4415,42.0403,34.944,23.2782,17.589,16.0309,12.7824,10.5821,8.4801,7.92448,7.2675,6.05245,5.27992,4.90023,4.77947,4.32528,3.73771,4.05187,3.487,2.74789,24.1325
97894,98044,97969,20.3142,12.635,9.47604,7.11026,6.69078,4.73174,3.5827,3.0368,2.50944,1.93149,1.55211,1.44777,1.24429,1.07219,0.939277,0.864078,0.809445,0.61252,0.67824,0.534811,0.352491,6.54159
98044,98194,98119,79.6537,52.3502,41.4568,30.1588,23.8764,20.5838,14.8707,12.4611,9.79345,8.23729,7.54444,6.82314,5.86717,5.52234,4.9212,4.30777,4.21805,3.61781,3.70172,3.3188,2.75097,23.8685
98195,98345,98270,25.0975,28.1553,19.1247,17.1515,15.7668,9.72375,10.8775,7.6319,7.32953,6.32188,5.61187,4.49631,4.06043,4.0344,3.63918,3.34745,3.17417,2.41887,2.59724,2.22327,1.07864,13.706
98345,98495,98420,27.9133,19.5405,17.9327,13.3248,12.8561,10.3291,6.99185,7.52846,5.44268,4.7316,4.59701,4.43044,3.5971,3.78511,3.48729,2.99843,2.874,2.2465,2.44512,1.99594,0.895503,10.867
98496,98646,98571,38.5813,23.1227,15.363,12.4277,10.875,7.85009,7.07666,5.90544,4.26993,3.77114,3.65402,2.78026,2.74426,2.19902,2.0092,1.92207,1.7928,1.43355,1.53234,1.31846,0.787764,10.1732
98646,98796,98721,115.307,92.8008,82.6739,65.0081,51.1818,41.9506,38.2615,26.2733,25.5699,20.2767,17.9633,16.5796,16.3659,14.6879,12.9565,13.0316,11.8531,11.0059,11.1658,9.70148,8.07405,48.4196
98797,98947,98872,46.9884,41.0168,24.474,20.4584,18.7345,19.0506,15.7192,13.2323,12.0242,9.77491,9.89037,7.53874,8.05987,7.31186,6.66427,5.98729,5.48806,4.7098,4.69343,4.20399,2.18957,20.3752
98947,99097,99022,31.9626,35.8999,23.0042,24.4454,16.378,16.4128,12.1531,9.98723,8.82021,7.22866,6.97159,6.02753,6.03289,4.88576,4.85157,4.1741,4.34764,3.40745,3.80071,3.11391,2.0527,17.2165
99098,99248,99173,17.6245,13.4554,8.92993,7.3913,7.91421,7.02455,4.94828,4.37246,3.18646,2.96061,2.71385,2.34317,2.12279,1.95942,1.57057,1.57098,1.45258,1.09735,1.09648,0.95809,0.479459,7.15258
99248,99398,99323,228.978,153.969,144.65,92.9531,82.6987,56.4799,51.0739,42.5231,32.5238,31.0533,25.2546,22.9664,23.4051,19.9794,19.1524,18.937,17.1962,15.9743,16.0946,14.6473,13.7303,81.6796
99399,99549,99474,110.085,53.0718,43.5121,31.9831,24.9545,19.6945,14.3159,12.2294,9.80767,9.08294,7.38397,7.05649,6.02336,5.53548,4.91287,4.76149,4.41623,3.95565,4.03269,3.6465,3.17872,24.9065
99550,99700,99625,99.9849,64.3128,59.2703,44.8282,35.3404,36.8075,25.3841,22.9332,19.3971,17.2299,14.6732,14.7936,12.8964,11.3865,10.6781,10.2973,9.23971,7.96596,8.51008,7.50019,5.14619,37.6421
99700,99850,99775,47.7258,24.6718,16.7347,13.5753,7.58759,6.03611,4.76211,4.23264,3.47657,2.75319,2.22795,2.12081,1.67985,1.59909,1.4045,1.38455,1.2071,1.07583,1.12799,0.953964,0.848649,9.81551
99851,100001,99926,37.2358,23.4576,21.0604,12.879,12.0502,8.21915,7.0826,6.23415,5.73495,4.4734,4.08153,3.51374,3.21494,2.69643,2.50311,2.53242,2.19432,1.95145,1.96874,1.7212,1.26357,12.6357
100001,100151,100076,19.93,11.6387,6.4372,6.26666,4.3333,4.01106,3.31642,2.45002,1.97901,1.58241,1.42154,1.28375,1.0903,0.950872,0.891273,0.800897,0.740037,0.613008,0.62318,0.533521,0.396067,4.6154
100152,100302,100227,18.5306,11.6248,9.96069,8.66345,5.66962,6.31083,4.55005,4.27002,3.50703,3.42951,2.93139,2.61635,2.42614,2.22705,2.01331,1.68391,1.6182,1.35752,1.45978,1.25328,0.68887,6.51966
100302,100452,100377,19.4624,9.08409,7.15482,7.34287,6.53443,5.32486,4.20066,3.53822,3.02544,2.5933,2.32349,2.13954,1.98986,1.96525,1.80492,1.57997,1.65498,1.39418,1.39592,1.2351,0.793602,5.65044
100453,100603,100528,26.2394,19.2499,13.3133,12.4957,10.8487,11.1418,7.90135,7.82816,6.0339,6.27284,5.54488,4.65894,4.65989,4.07911,3.87728,3.40781,3.13875,2.98667,2.81974,2.57148,1.46825,11.2333
100603,100753,100678,12.7641,11.8463,8.11509,4.8994,3.37813,3.46117,2.50363,1.93456,1.58838,1.16531,0.982687,0.875908,0.80381,0.682318,0.633741,0.630932,0.562409,0.512872,0.530582,0.458347,0.401466,4.26171
100754,100904,100829,25.5062,20.7013,19.117,14.5228,11.8905,9.67191,7.71863,7.60765,6.57473,6.16632,5.68927,4.97476,4.31627,3.7116,3.59835,3.38679,3.13493,2.67767,2.60266,2.37365,1.08177,11.2967
100904,101054,100979,8.40619,6.03749,4.18785,3.76146,3.65364,2.46736,2.20772,2.30917,2.04881,1.60294,1.53886,1.29372,1.26716,1.16855,0.924919,0.82212,0.905251,0.654404,0.656802,0.57451,0.209985,3.35169
101055,101205,101130,116.664,83.9555,54.4217,33.7661,27.358,24.3096,18.591,15.7821,12.9189,11.2728,9.9302,8.80955,8.0839,7.41754,7.00416,6.76914,6.46804,5.71769,5.713,5.38396,4.66639,32.1149
101206,101356,101281,134.343,67.8188,60.5055,36.5485,27.0015,23.2999,16.9695,13.0317,11.5613,10.3063,7.96861,7.87624,6.91814,6.13702,5.76896,5.30308,5.08245,4.66522,4.73679,4.12545,3.8736,30.6983
101356,101506,101431,138.668,106.592,77.7013,57.9459,38.4479,34.8828,21.1138,19.6858,16.4448,13.9264,11.7793,10.7318,9.76973,9.65815,8.84763,8.60795,8.12077,7.27601,7.62644,6.79136,6.50604,41.6245
101507,101657,101582,66.6561,39.6376,27.259,19.6333,17.5387,11.9161,8.58498,6.81101,6.1962,5.52526,4.2051,3.80053,3.8036,3.16954,2.97533,2.74793,2.66878,2.36065,2.43681,2.20009,1.95287,16.8821
101657,101807,101732,67.6315,36.7801,31.1758,19.3257,22.1467,14.4846,11.4048,9.98551,9.63057,8.68693,6.87296,6.71281,6.00875,5.02639,4.54948,4.22209,4.09403,3.46048,3.59993,3.28519,2.26883,18.9039
101808,101958,101883,17.5583,9.54152,9.39675,7.02399,7.03928,5.50387,5.4003,4.35718,4.00692,3.53129,2.87455,2.87923,2.66466,2.2402,2.15168,1.99073,1.78931,1.46141,1.4973,1.33997,0.507277,6.37324
101958,102108,102033,27.5323,18.3325,10.7014,10.2593,8.6219,5.45324,4.29295,3.82399,3.61512,2.78753,2.33181,2.20616,1.8792,1.77409,1.44145,1.46204,1.36292,1.04355,1.16053,0.975147,0.669038,7.86393
102109,102259,102184,9.26753,5.7719,4.77036,3.6158,2.52342,1.95486,1.62086,1.06691,0.963932,0.727493,0.612086,0.472784,0.413432,0.291269,0.257036,0.182748,0.149032,0.07244,0.111867,0.0439901,-0.0647104,2.79334
