Data/Raw/WEBER,RODNEY/FIREXAQ-SAGA-AERO-BrC_DC8_20190806_R0.ict
79, 1001
Weber, Rodney
Georgia Institute of Technology
Brown carbon measured 
FIREXAQ
1, 1
2019, 08, 06, 2020, 03, 03
0
Time_Start, seconds_past_midnight, Time_Start, seconds_past_midnight
47
1, 1, 1, 1, 1, 1, 1, 1, 1, 1, 1, 1, 1, 1, 1, 1, 1, 1, 1, 1, 1, 1, 1, 1, 1, 1, 1, 1, 1, 1, 1, 1, 1, 1, 1, 1, 1, 1, 1, 1, 1, 1, 1, 1, 1, 1, 1
-9999, -9999, -9999, -9999, -9999, -9999, -9999, -9999, -9999, -9999, -9999, -9999, -9999, -9999, -9999, -9999, -9999, -9999, -9999, -9999, -9999, -9999, -9999, -9999, -9999, -9999, -9999, -9999, -9999, -9999, -9999, -9999, -9999, -9999, -9999, -9999, -9999, -9999, -9999, -9999, -9999, -9999, -9999, -9999, -9999, -9999, -9999
Time_Stop, seconds_past_midnight, Time_Stop, seconds_past_midnight
Time_Mid, seconds_past_midnight, Time_Mid, seconds_past_midnight
WSAbs300, Mm-1, AerOpt_AbsorptionBrC_InSitu_UVtoRed_None_Bulk_STP, Water Soluble Brown Carbon absorption at 300 nm
WSAbs320, Mm-1, AerOpt_AbsorptionBrC_InSitu_UVtoRed_None_Bulk_STP, Water Soluble Brown Carbon absorption at 320 nm
WSAbs340, Mm-1, AerOpt_AbsorptionBrC_InSitu_UVtoRed_None_Bulk_STP, Water Soluble Brown Carbon absorption at 340 nm
WSAbs360, Mm-1, AerOpt_AbsorptionBrC_InSitu_UVtoRed_None_Bulk_STP, Water Soluble Brown Carbon absorption at 360 nm
WSAbs380, Mm-1, AerOpt_AbsorptionBrC_InSitu_UVtoRed_None_Bulk_STP, Water Soluble Brown Carbon absorption at 380 nm
WSAbs400, Mm-1, AerOpt_AbsorptionBrC_InSitu_UVtoRed_None_Bulk_STP, Water Soluble Brown Carbon absorption at 400 nm
WSAbs420, Mm-1, AerOpt_AbsorptionBrC_InSitu_UVtoRed_None_Bulk_STP, Water Soluble Brown Carbon absorption at 420 nm
WSAbs440, Mm-1, AerOpt_AbsorptionBrC_InSitu_UVtoRed_None_Bulk_STP, Water Soluble Brown Carbon absorption at 440 nm
WSAbs460, Mm-1, AerOpt_AbsorptionBrC_InSitu_UVtoRed_None_Bulk_STP, Water Soluble Brown Carbon absorption at 460 nm
WSAbs480, Mm-1, AerOpt_AbsorptionBrC_InSitu_UVtoRed_None_Bulk_STP, Water Soluble Brown Carbon absorption at 480 nm
WSAbs500, Mm-1, AerOpt_AbsorptionBrC_InSitu_UVtoRed_None_Bulk_STP, Water Soluble Brown Carbon absorption at 500 nm
WSAbs520, Mm-1, AerOpt_AbsorptionBrC_InSitu_UVtoRed_None_Bulk_STP, Water Soluble Brown Carbon absorption at 520 nm
WSAbs540, Mm-1, AerOpt_AbsorptionBrC_InSitu_UVtoRed_None_Bulk_STP, Water Soluble Brown Carbon absorption at 540 nm
WSAbs560, Mm-1, AerOpt_AbsorptionBrC_InSitu_UVtoRed_None_Bulk_STP, Water Soluble Brown Carbon absorption at 560 nm
WSAbs580, Mm-1, AerOpt_AbsorptionBrC_InSitu_UVtoRed_None_Bulk_STP, Water Soluble Brown Carbon absorption at 580 nm
WSAbs600, Mm-1, AerOpt_AbsorptionBrC_InSitu_UVtoRed_None_Bulk_STP, Water Soluble Brown Carbon absorption at 600 nm
WSAbs620, Mm-1, AerOpt_AbsorptionBrC_InSitu_UVtoRed_None_Bulk_STP, Water Soluble Brown Carbon absorption at 620 nm
WSAbs640, Mm-1, AerOpt_AbsorptionBrC_InSitu_UVtoRed_None_Bulk_STP, Water Soluble Brown Carbon absorption at 640 nm
WSAbs660, Mm-1, AerOpt_AbsorptionBrC_InSitu_UVtoRed_None_Bulk_STP, Water Soluble Brown Carbon absorption at 660 nm
WSAbs680, Mm-1, AerOpt_AbsorptionBrC_InSitu_UVtoRed_None_Bulk_STP, Water Soluble Brown Carbon absorption at 680 nm
WSAbs700, Mm-1, AerOpt_AbsorptionBrC_InSitu_UVtoRed_None_Bulk_STP, Water Soluble Brown Carbon absorption at 700 nm
WSAbs365, Mm-1, AerOpt_AbsorptionBrC_InSitu_UVtoRed_None_Bulk_STP, Water Soluble Brown Carbon absorption at 365 nm
[...]
UNCERTAINTY: 16% for WSAbs365, 17% for WSOC, 19% for MSAbs365
ULOD_FLAG: -7777
ULOD_VALUE: N/A
LLOD_FLAG: -8888
LLOD_VALUE: N/A
DM_CONTACT_INFO: lhzeng@gatech.edu
PROJECT_INFO: FIREX-AQ, 2019
STIPULATIONS_ON_USE: Use of these data require prior ok from PI.
OTHER_COMMENTS: N/A
REVISION: R0
RA: Preliminary Data.  For in-field use only.
Time_Start, Time_Stop, Time_Mid, WSAbs300, WSAbs320, WSAbs340, WSAbs360, WSAbs380, WSAbs400, WSAbs420, WSAbs440, WSAbs460, WSAbs480, WSAbs500, WSAbs520, WSAbs540, WSAbs560, WSAbs580, WSAbs600, WSAbs620, WSAbs640, WSAbs660, WSAbs680, WSAbs700, WSAbs365, WSOC, MSAbs300, MSAbs320, MSAbs340, MSAbs360, MSAbs380, MSAbs400, MSAbs420, MSAbs440, MSAbs460, MSAbs480, MSAbs500, MSAbs520, MSAbs540, MSAbs560, MSAbs580, MSAbs600, MSAbs620, MSAbs640, MSAbs660, MSAbs680, MSAbs700, MSAbs365
66840,67800,67320,0.136461,0.111711,0.111921,0.0996603,0.0825683,0.0619935,0.0615126,0.0550176,0.0533547,0.0504494,0.0595186,0.0523706,0.0550507,0.0518932,0.0555703,0.0612701,0.0341001,0.0198485,-0.0145319,0.00599167,0.0431164,0.100149,0.487999,-0.122206,-0.0462784,-0.0289543,-0.0182557,-0.0261142,-0.029611,-0.0289801,-0.0277032,-0.0179026,-0.0220791,-0.00956411,-0.0132434,-0.0140612,-0.0131059,-0.0399222,-0.0326414,-0.00888489,0.0580381,0.065275,0.0731065,0.0710681,-0.0227449
67920,68820,68370,0.172408,0.13248,0.124588,0.112404,0.0881891,0.0687156,0.070852,0.0617752,0.061642,0.0640956,0.0670364,0.0538299,0.0621877,0.0550361,0.0644953,0.0691281,0.0335402,0.0213152,-0.0461425,-0.00909562,0.0232642,0.110202,0.233703,-0.0594139,-0.00388397,0.000673347,-0.0161983,-0.0323644,-0.0320716,-0.0229922,-0.0190298,-0.00850049,-0.013821,0.00861764,0.01065,0.0193428,0.0281606,0.010552,0.034355,0.0521701,0.0795705,0.0691921,0.0955631,0.0966968,-0.021774
68940,69840,69390,0.0722618,0.0724247,0.0781602,0.068321,0.0627365,0.0504695,0.0547571,0.0500636,0.0502616,0.0497202,0.0552072,0.0466922,0.0486233,0.0450419,0.0566936,0.0587123,0.0220832,0.00736902,-0.0425453,-0.0216863,0.00985945,0.0701306,0.197644,-0.149285,-0.0774321,-0.062836,-0.0504321,-0.0464633,-0.043611,-0.0345107,-0.0295276,-0.00876927,-0.0115662,0.00654641,0.0070818,0.00783276,0.0103302,-0.0203882,-0.00904931,0.026694,0.0773386,0.0973897,0.104266,0.10643,-0.0535263
69960,70260,70110,1.13451,0.794893,0.628102,0.499089,0.376704,0.291812,0.264375,0.22941,0.210627,0.199067,0.202127,0.183982,0.181558,0.163125,0.181433,0.181567,0.104615,0.0642831,-0.0676058,-0.020138,0.00884643,0.475718,2.09212,3.88445,2.66783,1.97498,1.38107,0.952211,0.723601,0.60024,0.4948,0.44048,0.36545,0.373965,0.376807,0.398894,0.463545,0.417064,0.500941,0.475995,0.377046,0.262841,0.305963,0.327829,1.2453
70380,70740,70560,5.41731,3.67501,2.64409,1.94136,1.427,1.08357,0.897384,0.745375,0.646689,0.576196,0.53226,0.471091,0.451924,0.413151,0.413231,0.385526,0.311975,0.255205,0.0861703,0.140842,0.160913,1.80253,2.47227,5.5716,3.98772,2.94486,2.17015,1.62655,1.29004,1.07734,0.930596,0.828489,0.733985,0.702924,0.665717,0.635706,0.636287,0.531099,0.575473,0.60035,0.548637,0.508258,0.556266,0.560157,2.00863
70860,71160,71010,3.3414,2.28024,1.68003,1.29977,0.92047,0.674135,0.583154,0.457743,0.39102,0.353921,0.336864,0.267809,0.276352,0.226522,0.213524,0.22034,0.2179,0.178706,0.140856,0.222068,0.195172,1.21044,8.84625,4.26347,2.97086,2.14267,1.53188,1.08548,0.838894,0.685953,0.585327,0.509208,0.434291,0.430577,0.413524,0.403962,0.407454,0.321187,0.375833,0.403717,0.340377,0.305499,0.347424,0.380973,1.39966
71280,71640,71460,1.27699,0.875853,0.642232,0.510037,0.34406,0.242627,0.21831,0.159695,0.132265,0.129462,0.118919,0.082268,0.1021,0.0740894,0.075658,0.0902497,0.0858881,0.0460823,0.0327379,0.0892386,0.0673371,0.466983,3.24834,4.50593,3.13985,2.32176,1.73326,1.28766,1.01343,0.851124,0.719876,0.640822,0.566176,0.54312,0.507835,0.473193,0.442312,0.343649,0.365313,0.408962,0.407075,0.388645,0.40773,0.42183,1.59653
71760,72120,71940,2.05469,1.40605,1.00338,0.752723,0.517611,0.37796,0.315941,0.246083,0.198923,0.187405,0.17445,0.119716,0.13567,0.107648,0.103784,0.11331,0.105277,0.0805016,0.028031,0.106969,0.0562367,0.694666,3.64412,4.32473,3.06039,2.2555,1.68076,1.24824,0.97255,0.807032,0.683427,0.611508,0.539645,0.510043,0.47192,0.439425,0.406712,0.307463,0.327563,0.367436,0.356327,0.349778,0.398562,0.402393,1.55628
72240,72660,72450,8.43542,5.5463,3.76286,2.55123,1.68162,1.13113,0.808322,0.56568,0.412317,0.31641,0.252348,0.171389,0.158807,0.117716,0.097188,0.0914833,0.0930496,0.0448709,0.020899,0.0769743,0.0575756,2.29641,4.51501,25.292,15.709,10.8945,7.6415,5.38374,3.84416,2.82205,2.12765,1.65684,1.29072,1.06032,0.872515,0.730647,0.615194,0.467997,0.439904,0.431187,0.41823,0.369591,0.37649,0.384206,6.99075
72780,73680,73230,0.167971,0.112922,0.083034,0.0683666,0.0475298,0.0323547,0.0332568,0.0221602,0.0143055,0.0201689,0.0173753,-0.000848276,0.0088209,0.00271108,0.00498915,0.0134785,0.00850341,-0.00850561,-0.0139403,0.00569644,0.00282111,0.0638751,0.361511,0.914073,1.2338,0.528136,0.0527747,0.000763625,-0.00919304,-0.0071641,-0.000771201,0.0137424,0.0186086,0.0318567,0.0279217,0.0338618,0.0313577,0.0158805,0.0293261,0.0623345,0.0975925,0.101625,0.123003,0.117613,0.0318539
73800,74460,74130,0.0415908,0.0298189,0.0174405,0.0298714,0.017539,0.00834345,0.017728,0.00404794,-0.000400081,0.00828568,0.0162098,-0.010163,0.00847083,-0.00822097,-0.0040552,0.00451184,0.0129281,-0.0225292,-0.00976505,0.0234625,0.0118807,0.029299,0.0543511,-0.0569702,-0.00206851,-0.0263513,-0.0583194,-0.0742737,-0.051841,-0.0303178,-0.0123268,0.00782306,0.0160951,0.0401894,0.0520718,0.0696556,0.0899744,0.0748115,0.119586,0.133733,0.112931,0.0815615,0.12993,0.129215,-0.0658078
75000,75360,75180,1.45427,0.956499,0.661779,0.496695,0.350048,0.26232,0.232757,0.174353,0.149055,0.138235,0.136949,0.0879044,0.109527,0.08376,0.0782139,0.0811761,0.0958181,0.071147,0.0613884,0.0908244,0.0737619,0.459234,1.75136,2.37276,1.59497,1.13979,0.823549,0.604344,0.481439,0.407921,0.363709,0.333424,0.295414,0.306438,0.291177,0.282609,0.271663,0.189613,0.214116,0.263177,0.301366,0.316131,0.325348,0.349507,0.753389
75480,75660,75570,3.38723,2.27872,1.59729,1.151,0.753523,0.487511,0.390729,0.248507,0.199146,0.187325,0.16,0.0767452,0.116456,0.0697734,0.0634131,0.0793054,0.112403,0.0710936,0.0275582,0.144922,0.0936167,1.04886,3.94129,15.8354,10.7344,7.32366,5.12372,3.6691,2.77617,2.19583,1.80478,1.55008,1.31435,1.21201,1.11921,1.01848,0.961862,0.726595,0.766303,0.810334,0.774236,0.763548,0.797734,0.873927,4.68886
75780,76020,75900,6.14639,4.26442,2.97333,2.10903,1.39806,0.887311,0.631038,0.424107,0.310688,0.243751,0.193848,0.119114,0.135415,0.0982886,0.0719745,0.0671868,0.0879735,0.0754471,0.104379,0.140748,0.11886,1.91831,9.81782,31.3033,20.8813,14.3885,10.1493,7.29,5.40821,4.1648,3.31888,2.74873,2.27251,1.99286,1.74844,1.55545,1.41164,1.16055,1.11686,1.108,1.0444,0.992055,0.956968,0.964981,9.3222
76140,76320,76230,18.0944,12.6235,8.83272,6.23315,4.23391,2.85346,2.05504,1.47034,1.10601,0.830319,0.654606,0.464604,0.460471,0.366627,0.282018,0.271521,0.310064,0.310671,0.293243,0.379536,0.406049,5.68095,18.1945,50.6591,33.1944,22.8909,16.2005,11.6946,8.714,6.69781,5.30741,4.32825,3.53426,3.08438,2.69322,2.43073,2.25731,1.93667,1.92448,1.85359,1.65004,1.49529,1.42974,1.42095,14.8886
76440,76680,76560,15.0192,10.1315,7.19538,5.28037,3.61266,2.4912,1.85522,1.30716,0.961119,0.74761,0.608822,0.459529,0.434418,0.360457,0.296281,0.282202,0.300245,0.300606,0.278153,0.368035,0.345546,4.82378,8.79276,26.9947,18.0846,12.6664,8.98358,6.44941,4.7957,3.6805,2.8857,2.33703,1.89636,1.65377,1.47065,1.35339,1.29584,1.1262,1.18303,1.13296,0.931159,0.814317,0.804463,0.79953,8.24744
76800,77040,76920,8.83354,5.85806,4.05418,2.89055,1.97314,1.37176,1.06939,0.791746,0.622263,0.517329,0.457592,0.341332,0.348465,0.297593,0.247688,0.245921,0.299821,0.281434,0.259059,0.334251,0.321406,2.6463,10.1661,22.4043,15.3207,10.9058,7.87963,5.78902,4.39589,3.47129,2.80991,2.36004,1.97902,1.78261,1.60359,1.46779,1.37681,1.1605,1.1784,1.18087,1.11228,1.06418,1.02617,1.04811,7.28187
77160,77610,77385,9.33674,6.20395,4.19817,2.89054,1.96501,1.36111,0.991532,0.724628,0.542106,0.42607,0.348401,0.261916,0.24266,0.199974,0.165859,0.160411,0.166602,0.16588,0.159034,0.185072,0.180732,2.62576,6.25017,18.0239,12.0958,8.67029,6.31321,4.66738,3.54064,2.775,2.2304,1.85397,1.54297,1.35354,1.19998,1.08412,1.00542,0.873936,0.861813,0.841819,0.808205,0.76944,0.731877,0.716385,5.84004
77760,77940,77850,16.1484,10.6701,7.22911,4.96818,3.36748,2.32656,1.71077,1.23197,0.924626,0.718937,0.58049,0.425935,0.405217,0.313762,0.259961,0.248096,0.263035,0.259116,0.219377,0.353173,0.288708,4.51659,48.5592,25.886,17.5237,12.4757,8.98637,6.55714,4.90998,3.79314,3.02137,2.48346,2.04222,1.79882,1.56472,1.39422,1.27237,1.00476,0.993123,1.03282,1.00907,0.953432,0.958757,0.994621,8.28751
78060,78360,78210,17.1838,11.4799,7.87832,5.49992,3.76483,2.64685,1.9341,1.39931,1.05062,0.811171,0.644682,0.478861,0.428658,0.33955,0.281943,0.256941,0.270015,0.256678,0.263002,0.301553,0.280629,4.99227,8.87858,19.0201,12.8611,9.11547,6.55473,4.76523,3.55353,2.73162,2.16078,1.7599,1.44377,1.26502,1.1058,0.983998,0.895116,0.696986,0.689689,0.713696,0.694458,0.642406,0.663548,0.703436,6.02924
78480,78600,78540,23.0273,14.8706,9.95554,6.80657,4.4935,3.02006,2.19014,1.51693,1.11038,0.857855,0.690119,0.417355,0.453204,0.332007,0.221948,0.211169,0.31254,0.296326,0.376986,0.453403,0.423708,6.1418,9.83774,32.2036,22.6215,16.2625,11.4083,8.37193,6.6602,5.52435,4.72121,4.17792,3.68381,3.50608,3.308,3.2433,3.27786,2.94582,3.14266,3.06573,2.57217,2.31579,2.30722,2.38826,10.4806
78780,79260,79020,0.213633,0.142244,0.136821,0.142865,0.0683871,0.0178587,0.0192456,0.00613574,0.00492845,-0.000995886,0.00671571,-0.0192331,0.00376215,-0.0116979,-0.0120095,0.00070944,0.0085596,0.00537861,0.0107266,0.0386255,0.0424505,0.128176,0.128924,-0.152737,-0.120892,-0.124998,-0.129338,-0.120784,-0.0882367,-0.0554364,-0.0337593,-0.00652513,-0.000258339,0.0349506,0.0500836,0.0724013,0.10486,0.0931406,0.141288,0.160389,0.138962,0.121117,0.143545,0.1523,-0.13458
79380,80280,79830,0.0135125,0.00479433,0.0019721,0.00779849,-0.00176086,-0.0108304,-0.000261675,-0.00959134,-0.0125534,-0.0112895,-0.00485396,-0.0228884,-0.0066284,-0.0126373,-0.0177957,-0.00749917,-0.000652876,0.0123874,0.0156313,0.0299075,0.0532983,0.00624805,0.108037,-0.451719,-0.323107,-0.253592,-0.202754,-0.167051,-0.139427,-0.113224,-0.0993443,-0.0797754,-0.0813326,-0.0644955,-0.0680963,-0.0622729,-0.0678531,-0.0882213,-0.0858717,-0.0516625,-0.0116839,0.0035047,0.0165248,0.0239269,-0.19378
80400,81300,80850,0.0312003,0.00451534,-0.00117493,0.00916518,-0.00316937,-0.00764487,-0.00271428,-0.0131184,-0.0123064,-0.0109714,-0.00289637,-0.0179756,-0.00734517,-0.010601,-0.0161554,-0.0025363,0.00468276,0.0180335,0.0382627,0.0512046,0.0672188,0.00799478,0.151939,-0.383152,-0.282255,-0.227286,-0.175357,-0.144209,-0.118418,-0.0962766,-0.0781244,-0.0647891,-0.0567186,-0.0422195,-0.0406402,-0.0395473,-0.0365503,-0.0608428,-0.0585738,-0.0257505,0.0228216,0.0349553,0.0541508,0.052419,-0.168347
81420,82800,82110,27.3163,18.8974,13.1216,9.15364,6.27274,4.29067,3.05415,2.14525,1.52195,1.03651,0.695022,0.46815,0.342926,0.235753,0.172436,0.152202,0.0953627,0.107575,0.156517,-0.0866561,0.0949185,8.34013,9.46999,35.4094,24.8695,17.8379,13.0398,8.86772,6.53544,4.96667,3.86031,3.04099,2.41909,1.9759,1.6298,1.36547,1.15633,0.968413,0.8544,0.765678,0.715545,0.646557,0.570683,0.517081,11.6712
82980,83220,83100,2.83412,1.87611,1.27112,0.952091,0.627512,0.423941,0.352172,0.239301,0.177362,0.15798,0.139626,0.081757,0.119042,0.0935788,0.055186,0.0656015,0.119106,0.190341,0.194281,0.258618,0.300839,0.867454,1.99213,2.08613,1.29435,0.78577,0.42661,0.233407,0.190359,0.178917,0.164315,0.167726,0.136182,0.183562,0.18366,0.208128,0.261059,0.18679,0.260191,0.29033,0.200931,0.129847,0.177252,0.207398,0.356675
83340,83460,83400,0.880452,0.602128,0.507256,0.461009,0.223255,0.0764621,0.0672344,0.0126457,0.00212072,-0.012672,0.000756076,-0.0332306,-0.00705012,-0.0207826,-0.030513,-0.016609,0.0225501,0.0421962,0.0787998,0.120925,0.163139,0.418143,5.07006,0.651901,0.362397,0.175859,0.0662187,0.0177163,0.027671,0.0554349,0.0584131,0.0747615,0.0728455,0.110687,0.112112,0.109161,0.106575,0.0225177,0.051448,0.119413,0.132643,0.137374,0.189068,0.200641,0.0481731
83580,83820,83700,1.57638,1.02742,0.722642,0.585509,0.333753,0.190256,0.165851,0.0876212,0.0490324,0.0389856,0.0631148,-0.00428295,0.0656597,0.0203089,-0.0147034,-0.00344695,0.0714326,0.141373,0.221678,0.268919,0.344597,0.526163,1.28685,1.54351,0.788965,0.246757,-0.0182378,-0.0949251,-0.058988,-0.0289299,-0.00313362,0.0220675,-0.00740609,0.053377,0.0436858,0.0195243,0.0194393,-0.155666,-0.144609,-0.0130745,-0.00290294,-0.0512006,0.0867009,0.143221,-0.0614082
83940,84060,84000,77.2297,57.2507,42.0856,30.4981,21.0172,14.8096,11.3906,8.84281,6.36192,4.10425,2.53227,1.58563,1.18006,0.87722,0.589532,0.459577,0.483236,0.581319,0.671458,0.623248,0.596683,27.8117,40.0479,170.497,117.041,79.7821,53.3315,37.7262,27.4585,20.5326,15.8829,12.5902,10.0405,8.31105,6.95141,5.82228,5.05227,4.03724,3.60516,3.30981,2.84618,2.51269,2.34217,2.21437,48.7364
84180,84300,84240,180.579,151.145,109.138,76.8869,51.5078,33.5824,22.9838,16.3692,11.5017,7.80686,5.35001,3.68857,2.80092,2.0397,1.50488,1.17195,1.06761,1.0568,1.10157,0.964762,1.02787,69.7323,169.488,409.092,286.383,204.857,149.373,101.089,73.9049,55.6803,43.3125,34.4081,27.6164,22.7425,19.0294,16.0524,13.8094,11.5798,10.3538,9.24134,7.98822,6.99043,6.29582,5.78879,133.4
84420,84600,84510,152.711,111.341,79.8532,56.185,37.4547,24.3007,16.8143,12.4957,9.17692,6.02415,4.07025,2.6999,1.65297,1.817,1.23199,0.989229,0.948141,0.935767,-0.0335156,0.84864,0.817552,50.8842,75.1281,299.66,211.116,151.921,111.399,83.0511,58.839,44.0356,34.1246,27.0316,21.6973,17.8175,14.8449,12.5135,10.7292,8.99977,7.98496,7.07728,6.17597,5.37382,4.79415,4.38435,103.359
84720,84960,84840,363.628,212.974,128.846,80.2212,51.0857,33.5033,22.7212,15.9186,11.0663,7.62303,5.30914,3.75801,2.80481,2.09602,1.52814,1.16332,0.940886,0.824453,0.729642,0.667286,0.653976,71.5529,218.715,392.497,276.444,198.881,145.799,108.678,82.2215,63.0551,47.2894,36.8654,29.2751,23.811,19.6446,16.3494,13.7545,11.4783,9.96596,8.80053,7.80879,6.99395,6.19094,5.6411,135.269
85080,85260,85170,268.738,191.068,129.409,88.5614,58.9696,38.6765,26.5896,19.0822,13.6268,9.04216,6.13222,4.25515,2.75828,2.54136,1.67652,1.34333,1.03992,1.20499,0.112969,0.766388,0.532202,80.1569,278.368,547.582,384.494,275.823,201.66,149.939,113.175,86.6025,72.1565,54.5472,42.4654,34.0581,27.7025,22.7833,18.914,15.5926,13.3334,11.5913,10.1268,8.84823,7.7611,7.00196,186.976
85380,85560,85470,234.065,158.881,104.96,70.1706,46.4444,30.6328,20.8539,14.9496,10.8391,7.43599,5.2387,3.5862,2.13914,1.99548,1.10589,0.650107,0.441961,0.32775,-0.853867,0.166413,0.112242,63.2001,114.002,204.443,157.005,122.5,96.9364,83.1701,62.9651,50.0581,41.0107,34.4016,29.3022,25.5727,22.6352,20.2719,18.3975,16.4981,15.3953,14.4166,13.4722,12.6293,11.9079,11.3689,109.499
85920,86220,86070,107.722,74.2106,49.3708,33.1409,21.8507,14.2155,9.57686,6.78838,4.81517,3.10056,2.02487,1.32858,0.599176,0.702195,0.291547,0.138509,0.0766051,0.254052,-0.647994,-0.0553626,-0.0892679,29.8555,63.6002,192.937,137.775,100.405,74.5053,56.1687,40.154,30.4537,23.8212,19.0333,15.4005,12.7491,10.6862,9.0718,7.755,6.55428,5.81296,5.2472,4.70264,4.24804,3.86251,3.60956,69.3251
86400,86880,86640,112.47,79.661,54.0755,36.5182,24.1782,16.0736,11.2737,8.22794,5.85869,3.87565,2.534,1.72159,1.02108,0.937469,0.544037,0.402712,0.288391,0.292793,-0.217042,0.0458141,-0.0240054,32.9168,67.6876,239.242,161.883,112.16,79.3594,57.1965,41.905,29.5174,22.1422,16.9778,13.1894,10.4654,8.39435,6.77827,5.51488,4.42599,3.69309,3.13257,2.64839,2.24946,1.90298,1.64348,72.999
87000,87420,87210,81.1975,55.9079,37.0445,24.962,16.6726,11.0051,7.42156,5.18441,3.66085,2.37097,1.56436,1.02037,0.490312,0.510653,0.221899,0.110131,0.0977465,0.0643779,-0.382285,-0.0378542,-0.06124,22.5275,37.8162,119.041,85.002,61.9391,45.9568,34.636,25.4093,19.3651,15.1404,12.0391,9.66904,7.95179,6.63869,5.61456,4.85448,4.15415,3.74769,3.3123,2.81921,2.44493,2.1963,2.01503,42.7584
87540,87780,87660,8.83305,6.08197,4.18171,2.91549,2.05751,1.45801,1.03785,0.759086,0.549439,0.388841,0.331892,0.258358,0.202035,0.17502,0.135155,0.125999,0.0517803,0.136583,0.131541,0.130733,0.0557546,2.69194,3.29434,20.0782,14.6179,10.673,8.03367,6.21584,4.98994,4.06551,3.34313,2.81041,2.38307,2.11302,1.85979,1.67701,1.52465,1.28613,1.25056,1.22986,1.04359,0.891609,0.943806,0.899977,7.50683
