Data/Raw/WEBER,RODNEY/FIREXAQ-SAGA-MC-BrC_DC8_20190903_R0.ict
56, 1001
Weber, Rodney
Georgia Institute of Technology
Water soluble brown carbon measured with mist chamber-LWCC
FIREXAQ
1, 1
2019, 09, 03, 2020, 03, 06
0
Time_Start, seconds_past_midnight, Time_Start, seconds_past_midnight
24
1, 1, 1, 1, 1, 1, 1, 1, 1, 1, 1, 1, 1, 1, 1, 1, 1, 1, 1, 1, 1, 1, 1, 1
-9999, -9999, -9999, -9999, -9999, -9999, -9999, -9999, -9999, -9999, -9999, -9999, -9999, -9999, -9999, -9999, -9999, -9999, -9999, -9999, -9999, -9999, -9999, -9999
Time_Stop, seconds_past_midnight, Time_Stop, seconds_past_midnight
Time_Mid, seconds_past_midnight, Time_Mid, seconds_past_midnight
WSAbs300, Mm-1, AerOpt_AbsorptionBrC_InSitu_UVtoRed_None_Bulk_STP, Water Soluble Brown Carbon absorption at 300 nm
WSAbs320, Mm-1, AerOpt_AbsorptionBrC_InSitu_UVtoRed_None_Bulk_STP, Water Soluble Brown Carbon absorption at 320 nm
WSAbs340, Mm-1, AerOpt_AbsorptionBrC_InSitu_UVtoRed_None_Bulk_STP, Water Soluble Brown Carbon absorption at 340 nm
WSAbs360, Mm-1, AerOpt_AbsorptionBrC_InSitu_UVtoRed_None_Bulk_STP, Water Soluble Brown Carbon absorption at 360 nm
WSAbs380, Mm-1, AerOpt_AbsorptionBrC_InSitu_UVtoRed_None_Bulk_STP, Water Soluble Brown Carbon absorption at 380 nm
WSAbs400, Mm-1, AerOpt_AbsorptionBrC_InSitu_UVtoRed_None_Bulk_STP, Water Soluble Brown Carbon absorption at 400 nm
WSAbs420, Mm-1, AerOpt_AbsorptionBrC_InSitu_UVtoRed_None_Bulk_STP, Water Soluble Brown Carbon absorption at 420 nm
WSAbs440, Mm-1, AerOpt_AbsorptionBrC_InSitu_UVtoRed_None_Bulk_STP, Water Soluble Brown Carbon absorption at 440 nm
WSAbs460, Mm-1, AerOpt_AbsorptionBrC_InSitu_UVtoRed_None_Bulk_STP, Water Soluble Brown Carbon absorption at 460 nm
WSAbs480, Mm-1, AerOpt_AbsorptionBrC_InSitu_UVtoRed_None_Bulk_STP, Water Soluble Brown Carbon absorption at 480 nm
WSAbs500, Mm-1, AerOpt_AbsorptionBrC_InSitu_UVtoRed_None_Bulk_STP, Water Soluble Brown Carbon absorption at 500 nm
WSAbs520, Mm-1, AerOpt_AbsorptionBrC_InSitu_UVtoRed_None_Bulk_STP, Water Soluble Brown Carbon absorption at 520 nm
WSAbs540, Mm-1, AerOpt_AbsorptionBrC_InSitu_UVtoRed_None_Bulk_STP, Water Soluble Brown Carbon absorption at 540 nm
WSAbs560, Mm-1, AerOpt_AbsorptionBrC_InSitu_UVtoRed_None_Bulk_STP, Water Soluble Brown Carbon absorption at 560 nm
WSAbs580, Mm-1, AerOpt_AbsorptionBrC_InSitu_UVtoRed_None_Bulk_STP, Water Soluble Brown Carbon absorption at 580 nm
WSAbs600, Mm-1, AerOpt_AbsorptionBrC_InSitu_UVtoRed_None_Bulk_STP, Water Soluble Brown Carbon absorption at 600 nm
WSAbs620, Mm-1, AerOpt_AbsorptionBrC_InSitu_UVtoRed_None_Bulk_STP, Water Soluble Brown Carbon absorption at 620 nm
WSAbs640, Mm-1, AerOpt_AbsorptionBrC_InSitu_UVtoRed_None_Bulk_STP, Water Soluble Brown Carbon absorption at 640 nm
WSAbs660, Mm-1, AerOpt_AbsorptionBrC_InSitu_UVtoRed_None_Bulk_STP, Water Soluble Brown Carbon absorption at 660 nm
WSAbs680, Mm-1, AerOpt_AbsorptionBrC_InSitu_UVtoRed_None_Bulk_STP, Water Soluble Brown Carbon absorption at 680 nm
WSAbs700, Mm-1, AerOpt_AbsorptionBrC_InSitu_UVtoRed_None_Bulk_STP, Water Soluble Brown Carbon absorption at 700 nm
WSAbs365, Mm-1, AerOpt_AbsorptionBrC_InSitu_UVtoRed_None_Bulk_STP, Water Soluble Brown Carbon absorption at 365 nm
0
18
PI_CONTACT_INFO: rweber@eas.gatech.edu
PLATFORM: NASA DC-8 aircraft
LOCATION: Aircraft location is given by the navigational file
ASSOCIATED_DATA: N/A
[...]
DATA_INFO: Samples collected by mist chamber were injected through 0.22 pore size syringe filter and then a 2.5 m path length LWCC, and light absorption was measured by Ocean Optics USB4000 spectrometer. Absorption from 300 to 700 nm were recorded. Absorption of pure solvent was subtracted from the sample. Raw absorption data were processed by the equation Abs=Raw*(Volume of liquid in the mist chamber)/(Volume of air collected at STP)/(Optical Path Length, 2.5m here)*ln(10). Data reported here were averaged over 20 nm wavelength intervals. i.e. absorption at 400 nm were average by absorption data between 390 nm to 410 nm. All data have been blank corrected by averaging all blank filter in this mission (2-3 blank filters per flight). Data are reported under STP, which is T=273K & p=1013 mb. When using the data, the absorption had better to corrected by higher wavelength, ie Abs700 for baseline drift. UNCERTAINTY: Data may have smearing issues. If we do not account for smearing or blank, the uncertainty is ~5%
UNCERTAINTY: Data may have smearing issues. If we do not account for smearing or blank, the uncertainty is ~5%
ULOD_FLAG: -7777
ULOD_VALUE: N/A
LLOD_FLAG: -8888
LLOD_VALUE: N/A
DM_CONTACT_INFO: lhzeng@gatech.edu
PROJECT_INFO: FIREX-AQ, 2019
STIPULATIONS_ON_USE: Use of these data require prior ok from PI.
OTHER_COMMENTS: N/A
REVISION: R0
RA: Preliminary Data.  For in-field use only.
Time_Start, Time_Stop, Time_Mid, WSAbs300, WSAbs320, WSAbs340, WSAbs360, WSAbs380, WSAbs400, WSAbs420, WSAbs440, WSAbs460, WSAbs480, WSAbs500, WSAbs520, WSAbs540, WSAbs560, WSAbs580, WSAbs600, WSAbs620, WSAbs640, WSAbs660, WSAbs680, WSAbs700, WSAbs365
57398,57548,57473,17.977,12.5247,8.75731,7.10949,5.84814,4.92245,4.27031,3.64442,3.21525,2.974,2.91429,2.60713,2.56725,2.30375,2.29946,2.15385,2.02102,1.8863,1.96601,1.77673,1.6249,6.77684
57549,57699,57624,0.235424,0.128416,0.0349828,-0.0148959,-0.035175,-0.0659391,-0.0878374,-0.118602,-0.117373,-0.130349,-0.118834,-0.145924,-0.160283,-0.169477,-0.169575,-0.173703,-0.175036,-0.19062,-0.18334,-0.175681,-0.226922,-0.0234746
57699,57849,57774,2.15952,1.83022,1.32726,1.12767,0.92267,0.751513,0.6272,0.519807,0.446455,0.406263,0.380095,0.365714,0.268366,0.25295,0.195255,0.151004,0.148052,0.0985504,0.107237,0.0583023,-0.0734534,1.02018
57850,58000,57925,2.82755,1.90258,1.40652,0.803874,0.564915,0.374136,0.241279,0.143498,0.0820149,0.0114049,0.0133435,-0.0272626,-0.0539956,-0.0863641,-0.0792171,-0.102253,-0.109572,-0.127497,-0.123729,-0.137043,-0.155209,0.727031
58000,58150,58075,-0.400832,-0.364724,-0.342912,-0.341503,-0.319047,-0.324687,-0.326173,-0.316421,-0.303659,-0.312468,-0.312693,-0.295558,-0.306743,-0.303989,-0.305463,-0.285005,-0.290919,-0.267327,-0.270919,-0.272195,-0.194595,-0.344964
58151,58301,58226,-0.574332,-0.547062,-0.496075,-0.478782,-0.44594,-0.445013,-0.40532,-0.399448,-0.389917,-0.391652,-0.368689,-0.391829,-0.361667,-0.364968,-0.346698,-0.338989,-0.352671,-0.315542,-0.322933,-0.318815,-0.245846,-0.482236
58301,58451,58376,-1.35296,-0.970745,-0.959591,-0.95655,-0.962328,-0.90936,-0.89456,-0.877181,-0.845551,-0.861285,-0.861971,-0.926175,-0.828533,-0.843266,-0.881709,-0.793384,-0.859975,-0.743892,-0.752567,-0.736943,-0.363156,-0.964956
58452,58602,58527,-0.851993,-0.797259,-0.818364,-0.742827,-0.73489,-0.723493,-0.712884,-0.693291,-0.700866,-0.676581,-0.724251,-0.655987,-0.650762,-0.6811,-0.657727,-0.625589,-0.691701,-0.615382,-0.671066,-0.610509,-0.362467,-0.746258
58602,58752,58677,-1.59467,-1.46107,-1.33277,-1.26818,-1.18273,-1.16697,-1.12062,-1.07218,-1.03289,-1.02638,-1.0585,-1.01193,-1.03807,-0.963567,-0.922374,-0.898546,-0.894971,-0.874325,-0.925414,-0.821661,-0.522887,-1.25038
58753,58903,58828,-2.44761,-1.65216,-1.64359,-1.48683,-1.38336,-1.37897,-1.26873,-1.23999,-1.18036,-1.11146,-1.20178,-1.15317,-1.04319,-1.09275,-1.04507,-1.04484,-0.945513,-0.890455,-0.944469,-0.880772,-0.64523,-1.48899
58903,59053,58978,-2.70038,-2.2717,-2.21061,-1.87218,-1.77213,-1.65489,-1.55568,-1.49173,-1.44615,-1.40046,-1.50825,-1.33191,-1.32973,-1.27334,-1.28703,-1.24966,-1.23581,-1.14945,-1.18126,-1.0322,-0.792546,-1.85838
59054,59204,59129,-3.15948,-2.11926,-2.16245,-1.95764,-1.8766,-1.78426,-1.77306,-1.66676,-1.63149,-1.56978,-1.75253,-1.67887,-1.60923,-1.54173,-1.41579,-1.45103,-1.51826,-1.37152,-1.40715,-1.30902,-0.746916,-1.92261
59204,59354,59279,-3.27488,-2.24431,-2.20656,-1.9935,-1.97957,-1.86329,-1.87106,-1.73461,-1.71299,-1.62519,-1.7028,-1.63007,-1.58492,-1.61741,-1.55187,-1.54053,-1.48125,-1.46613,-1.39194,-1.29234,-0.943305,-2.02534
59355,59505,59430,-2.46374,-1.83772,-1.75329,-1.76403,-1.66975,-1.66197,-1.60722,-1.5932,-1.52089,-1.53168,-1.48802,-1.55659,-1.50702,-1.42166,-1.45872,-1.3649,-1.44314,-1.35287,-1.37069,-1.23753,-0.957,-1.73899
59505,59655,59580,-2.59738,-2.42213,-2.31913,-2.13284,-1.98159,-1.95057,-1.85986,-1.83685,-1.75578,-1.71406,-1.72391,-1.83935,-1.69578,-1.71934,-1.60703,-1.54447,-1.57546,-1.51914,-1.47167,-1.37724,-0.999851,-2.10928
59656,59806,59731,-2.50862,-1.93389,-1.92504,-1.74821,-1.60333,-1.56602,-1.54095,-1.45026,-1.4117,-1.38828,-1.36007,-1.35887,-1.34567,-1.29765,-1.28378,-1.2204,-1.22863,-1.20435,-1.18965,-1.11536,-0.979306,-1.71052
59807,59957,59882,-3.28622,-2.68618,-2.29776,-2.24246,-2.12227,-1.92883,-1.84408,-1.81602,-1.70021,-1.67613,-1.7317,-1.61024,-1.53237,-1.53936,-1.56168,-1.50534,-1.41665,-1.34807,-1.40271,-1.2439,-1.05338,-2.17427
59957,60107,60032,-2.64023,-2.44067,-2.1679,-2.01275,-1.97974,-1.87461,-1.83967,-1.80827,-1.77202,-1.69061,-1.77708,-1.72717,-1.67935,-1.67057,-1.6007,-1.67638,-1.48928,-1.5195,-1.49917,-1.39979,-0.931348,-2.02856
60108,60258,60183,-3.05698,-2.75096,-2.52518,-2.26525,-2.2029,-2.23736,-2.09975,-2.1245,-2.04102,-1.97529,-1.96496,-2.15283,-2.09806,-1.9955,-2.04506,-1.95953,-1.78481,-1.8539,-1.91882,-1.59251,-1.0281,-2.30663
60258,60408,60333,-1.69738,-1.39797,-1.41481,-1.32589,-1.26168,-1.2421,-1.24358,-1.22692,-1.20493,-1.18108,-1.22267,-1.15503,-1.17267,-1.14508,-1.10623,-1.09859,-1.10332,-1.06531,-1.09357,-1.01607,-0.899858,-1.31718
60409,60559,60484,-3.34902,-2.9156,-2.72942,-2.33274,-2.1842,-2.05725,-1.93529,-1.89923,-1.81817,-1.73018,-1.77098,-1.63544,-1.60726,-1.60594,-1.49828,-1.5189,-1.41824,-1.35468,-1.43277,-1.33712,-1.11264,-2.33252
60559,60709,60634,-3.03328,-2.6839,-2.39788,-2.26887,-2.09656,-1.93687,-1.82852,-1.82337,-1.697,-1.67314,-1.74138,-1.5516,-1.53978,-1.5207,-1.50615,-1.41097,-1.3614,-1.31255,-1.37995,-1.3025,-1.02028,-2.19753
60710,60860,60785,-4.3276,-2.74394,-2.55677,-2.57745,-2.31456,-2.26384,-2.19294,-2.03394,-2.01874,-1.9329,-1.98587,-1.85445,-1.92197,-1.7516,-1.76607,-1.69285,-1.63978,-1.54848,-1.57784,-1.49562,-1.00734,-2.47257
60860,61010,60935,-3.34309,-2.57277,-2.54711,-2.48964,-2.426,-2.36383,-2.26514,-2.28957,-2.19228,-2.18783,-2.09332,-2.18108,-2.10498,-2.05618,-2.16633,-2.1784,-2.1608,-1.85907,-1.98979,-1.81281,-1.02957,-2.47618
61011,61161,61086,-2.96059,-2.95624,-2.72509,-2.69202,-2.49723,-2.51024,-2.46657,-2.3632,-2.31069,-2.31439,-2.508,-2.22228,-2.19385,-2.41492,-2.13125,-2.1585,-2.18799,-2.04317,-2.10643,-1.8653,-1.09047,-2.63
61161,61311,61236,-3.07952,-2.98275,-2.77421,-2.70875,-2.41258,-2.3847,-2.14954,-2.06253,-2.04765,-1.88446,-1.96198,-1.85814,-1.85745,-1.80485,-1.79142,-1.57779,-1.58499,-1.38651,-1.42782,-1.34092,-0.877223,-2.59296
61312,61462,61387,-3.68474,-3.13341,-2.74419,-2.69412,-2.59375,-2.63765,-2.56883,-2.45792,-2.44875,-2.35842,-2.30224,-2.35893,-2.51408,-2.42298,-2.33038,-2.4011,-2.10316,-2.19591,-2.27041,-1.99577,-0.980812,-2.74363
61462,61612,61537,-2.90474,-2.97944,-2.60277,-2.70161,-2.50951,-2.55334,-2.43144,-2.38696,-2.38083,-2.41713,-2.63651,-2.47842,-2.30943,-2.50449,-2.28448,-2.38429,-2.51533,-2.33796,-2.20732,-2.08251,-1.0426,-2.63257
61613,61763,61688,-2.9441,-3.07666,-3.01635,-2.72851,-2.65317,-2.70197,-2.57967,-2.43019,-2.48726,-2.47628,-2.43596,-2.52699,-2.39229,-2.46999,-2.4958,-2.14891,-2.19829,-2.02924,-2.22546,-1.97668,-0.869058,-2.75202
61763,61913,61838,-3.36161,-3.13013,-2.67089,-2.43159,-2.22257,-2.04387,-2.02563,-1.90873,-1.79203,-1.72875,-1.79059,-1.77214,-1.54718,-1.55846,-1.47439,-1.40981,-1.52007,-1.2773,-1.40303,-1.27836,-0.785607,-2.34527
61914,62064,61989,-3.23032,-2.96316,-2.52243,-2.44285,-2.43322,-2.22523,-2.1362,-2.12842,-2.00311,-1.94914,-1.95989,-2.06698,-1.93433,-2.02962,-1.88717,-1.72384,-1.71893,-1.5803,-1.6461,-1.55325,-0.887925,-2.44468
62064,62214,62139,-2.81428,-2.35511,-2.32954,-2.17109,-2.04599,-2.01084,-2.01485,-1.91133,-1.89201,-1.87362,-2.04438,-1.8603,-1.78627,-1.83214,-1.73367,-1.83231,-1.70703,-1.54893,-1.64247,-1.53434,-0.838583,-2.12368
62215,62365,62290,-3.08095,-2.98188,-2.86946,-2.53428,-2.44383,-2.31322,-2.23267,-2.12853,-2.07695,-1.98178,-2.00245,-1.99151,-1.86366,-1.93579,-1.802,-1.83971,-1.71966,-1.65116,-1.72401,-1.60181,-1.26482,-2.49576
62365,62515,62440,-3.49595,-2.55274,-2.41281,-2.42641,-2.29253,-2.27789,-2.16819,-2.16191,-2.05895,-2.05915,-2.11607,-2.02155,-2.09345,-1.93252,-1.98058,-1.97176,-1.88635,-1.81239,-1.83669,-1.68611,-1.32458,-2.38425
62516,62666,62591,-2.72713,-2.65493,-2.53711,-2.5449,-2.50044,-2.43284,-2.39391,-2.42484,-2.33121,-2.28784,-2.2795,-2.4319,-2.30328,-2.32034,-2.3835,-2.35927,-2.27049,-2.04579,-2.22076,-1.99208,-1.27738,-2.55476
62666,62816,62741,-2.74838,-2.41297,-2.39609,-2.30571,-2.32261,-2.19323,-2.22043,-2.18755,-2.14253,-2.11216,-2.06878,-2.11324,-2.16204,-2.04914,-2.10596,-1.94828,-2.04179,-1.94597,-1.97414,-1.79092,-1.34482,-2.31311
62817,62967,62892,-3.87495,-2.76845,-2.82462,-2.5893,-2.40594,-2.33572,-2.29219,-2.24162,-2.14127,-2.13311,-2.06206,-2.17146,-1.97511,-2.10898,-1.93395,-1.99807,-1.89586,-1.79762,-1.89057,-1.72158,-1.3133,-2.51625
62967,63117,63042,-3.1767,-2.6777,-2.6683,-2.46224,-2.48055,-2.42832,-2.30293,-2.31938,-2.27064,-2.20441,-2.28036,-2.17515,-2.17141,-2.13803,-2.23166,-2.20339,-2.16333,-2.00137,-2.05481,-1.79733,-1.42912,-2.49265
63118,63268,63193,-3.07817,-3.05397,-2.71548,-2.58352,-2.48935,-2.39811,-2.30512,-2.21255,-2.1589,-2.07153,-2.1767,-2.1297,-1.95185,-1.94061,-1.83081,-1.82691,-1.90232,-1.78488,-1.83142,-1.63994,-1.30846,-2.60555
63269,63419,63344,-4.16835,-3.38729,-3.07213,-2.74303,-2.59086,-2.39664,-2.28985,-2.24812,-2.16048,-2.05697,-2.16265,-2.00744,-2.02859,-1.9849,-1.8537,-1.89185,-1.80105,-1.72067,-1.80807,-1.57026,-1.44188,-2.66459
63419,63569,63494,-3.90621,-3.38146,-3.07615,-2.69467,-2.54601,-2.50807,-2.37467,-2.34701,-2.2436,-2.14494,-2.18227,-2.22709,-2.07568,-2.12317,-2.10973,-1.92802,-1.97036,-1.84645,-1.86575,-1.66532,-1.40663,-2.70949
63570,63720,63645,-3.62067,-2.76365,-2.71551,-2.57013,-2.50793,-2.57778,-2.46029,-2.37589,-2.38318,-2.36623,-2.42727,-2.27787,-2.41553,-2.33695,-2.33693,-2.31595,-2.15672,-2.08557,-2.12844,-2.11027,-1.28897,-2.61245
63720,63870,63795,-3.41317,-3.02552,-2.76514,-2.72973,-2.73393,-2.65655,-2.53161,-2.50858,-2.39396,-2.39351,-2.57709,-2.33633,-2.51235,-2.26947,-2.29079,-2.32649,-2.18998,-2.22458,-2.26689,-1.89648,-1.36855,-2.74869
63871,64021,63946,-2.87485,-2.91449,-2.67897,-2.61827,-2.48458,-2.48439,-2.42038,-2.43488,-2.39445,-2.33047,-2.56147,-2.45763,-2.40253,-2.30746,-2.4145,-2.3204,-2.37778,-2.2651,-2.25025,-2.08835,-1.2627,-2.56933
64021,64171,64096,-3.18017,-2.5908,-2.60139,-2.55634,-2.48818,-2.46905,-2.3514,-2.32608,-2.28985,-2.33938,-2.37223,-2.36395,-2.22367,-2.24101,-2.29676,-2.25034,-2.3017,-2.0074,-2.19179,-2.0521,-1.23408,-2.53254
64172,64322,64247,-2.90699,-2.94833,-2.68835,-2.50486,-2.49384,-2.48705,-2.35587,-2.33868,-2.25342,-2.23101,-2.20213,-2.19676,-2.25887,-2.35283,-2.27409,-2.1205,-2.13202,-2.00802,-2.08486,-1.92413,-1.22302,-2.5452
64322,64472,64397,-3.76714,-2.69313,-2.82313,-2.69192,-2.60608,-2.61859,-2.56669,-2.50396,-2.46905,-2.49664,-2.63043,-2.49262,-2.56669,-2.37068,-2.40069,-2.35455,-2.40862,-2.26593,-2.31783,-2.05784,-1.30903,-2.66319
64473,64623,64548,-3.33849,-2.93286,-2.68998,-2.70412,-2.67825,-2.59796,-2.52559,-2.5381,-2.50954,-2.45479,-2.65895,-2.61227,-2.51617,-2.40563,-2.51497,-2.50065,-2.40475,-2.23847,-2.41696,-2.03546,-1.22621,-2.65679
64623,64773,64698,-2.90037,-2.92699,-2.9072,-2.72556,-2.60345,-2.55386,-2.57417,-2.61217,-2.47298,-2.55271,-2.67578,-2.74102,-2.48057,-2.45372,-2.39521,-2.56867,-2.47321,-2.35534,-2.45655,-2.23534,-1.27409,-2.70464
64774,64924,64849,-2.61509,-2.81763,-2.80389,-2.54479,-2.58404,-2.45963,-2.52841,-2.46156,-2.41163,-2.38894,-2.47357,-2.56789,-2.47514,-2.33933,-2.29241,-2.35132,-2.38326,-2.09791,-2.30822,-2.09234,-1.17646,-2.5948
64924,65074,64999,-2.37612,-2.39799,-2.49931,-2.3392,-2.22297,-2.14544,-2.1694,-2.08092,-2.0935,-2.018,-2.16072,-1.96058,-2.189,-1.9735,-1.93459,-2.10043,-1.97957,-1.85406,-1.88039,-1.70307,-1.01479,-2.29513
65075,65225,65150,-2.61486,-2.23701,-2.19148,-1.9142,-1.94956,-1.84755,-1.8307,-1.79591,-1.79923,-1.71841,-1.85804,-1.75248,-1.74234,-1.64529,-1.75608,-1.62946,-1.67833,-1.63606,-1.64016,-1.42886,-0.953949,-1.95993
65225,65375,65300,-2.22443,-1.78152,-1.672,-1.58398,-1.58248,-1.50252,-1.50959,-1.48393,-1.48586,-1.44586,-1.50399,-1.43695,-1.47948,-1.45679,-1.49902,-1.44981,-1.43301,-1.39438,-1.42081,-1.24337,-0.807516,-1.58456
65376,65526,65451,-1.95318,-1.89979,-1.753,-1.68467,-1.62534,-1.64977,-1.56746,-1.57437,-1.52274,-1.4976,-1.48379,-1.54067,-1.48815,-1.51935,-1.4105,-1.43667,-1.44285,-1.38511,-1.39338,-1.22039,-0.908359,-1.68923
65526,65676,65601,-2.16447,-1.68657,-1.6793,-1.64776,-1.66519,-1.61331,-1.57492,-1.53838,-1.54849,-1.525,-1.59864,-1.68377,-1.58078,-1.5959,-1.5211,-1.50624,-1.59369,-1.39728,-1.51243,-1.36277,-0.79454,-1.69448
65677,65827,65752,-1.84712,-1.62761,-1.67561,-1.59427,-1.51641,-1.50746,-1.46554,-1.46802,-1.4533,-1.44307,-1.56603,-1.49056,-1.5511,-1.38767,-1.35376,-1.43958,-1.4601,-1.2854,-1.32811,-1.28437,-0.791478,-1.56647
65827,65977,65902,-1.15632,-1.01296,-0.951852,-0.869071,-0.831574,-0.809752,-0.766602,-0.757782,-0.737109,-0.735738,-0.723575,-0.720674,-0.709907,-0.715419,-0.714089,-0.703809,-0.693927,-0.695727,-0.701322,-0.668487,-0.697382,-0.877881
65978,66128,66053,0.638521,0.0802743,-0.0869249,-0.259034,-0.353434,-0.422988,-0.467909,-0.522597,-0.558251,-0.562715,-0.591141,-0.615929,-0.613971,-0.633629,-0.629396,-0.636381,-0.653307,-0.665847,-0.651279,-0.621155,-0.702254,-0.275885
66129,66279,66204,-1.87202,-1.41747,-1.19022,-1.12,-1.05708,-0.973657,-0.942952,-0.922977,-0.891093,-0.869268,-0.861502,-0.824383,-0.817809,-0.805326,-0.78695,-0.77924,-0.77181,-0.758679,-0.751364,-0.7314,-0.70274,-1.10914
66279,66429,66354,-1.70295,-1.38028,-1.14249,-0.994473,-0.900203,-0.847468,-0.81459,-0.784215,-0.758181,-0.737014,-0.717996,-0.727172,-0.69558,-0.692205,-0.680977,-0.685723,-0.684146,-0.652685,-0.671122,-0.674573,-0.652729,-0.983225
66430,66580,66505,-3.30778,-1.77952,-1.56387,-1.25011,-1.09001,-0.986247,-0.891618,-0.842942,-0.793413,-0.754074,-0.74113,-0.729718,-0.686753,-0.670245,-0.675211,-0.66706,-0.663533,-0.648439,-0.637164,-0.60793,-0.630606,-1.22712
66580,66730,66655,-1.57822,-1.22158,-1.06508,-0.951489,-0.871877,-0.80459,-0.772143,-0.742072,-0.716476,-0.698882,-0.696654,-0.672688,-0.671214,-0.657755,-0.660439,-0.645164,-0.638493,-0.62965,-0.640787,-0.587638,-0.632717,-0.928533
66731,66882,66806,4.83391,2.00835,0.966606,0.514477,0.216598,-0.0411276,-0.171248,-0.303885,-0.362308,-0.43334,-0.461863,-0.479397,-0.495306,-0.518998,-0.536075,-0.550645,-0.546572,-0.577734,-0.577569,-0.540805,-0.601016,0.414786
66882,67032,66957,8.44486,5.88496,4.49659,3.26515,2.58993,2.09046,1.74855,1.56785,1.20717,1.07995,1.17423,0.900809,0.573956,0.501462,0.446781,0.440146,0.407574,0.147047,0.182029,0.0970303,-0.388959,3.04547
67033,67183,67108,5.44587,2.85331,2.28116,1.54388,1.18918,0.820243,0.619454,0.45657,0.375103,0.243018,0.260197,0.0685452,0.104097,-0.00833689,-0.091638,-0.0795028,-0.154203,-0.239593,-0.215325,-0.210255,-0.431068,1.36082
67183,67333,67258,10.5353,7.26264,5.70202,4.11367,3.2093,2.72795,2.21875,1.74521,1.36086,1.11171,1.07307,1.01541,0.608486,0.63307,0.494094,0.255209,0.314581,0.0244614,0.160231,0.0383417,-0.406234,4.0136
67334,67484,67409,5.2677,4.0751,2.81717,1.77687,1.17761,0.803639,0.618142,0.341293,0.196216,0.072123,0.0107621,-0.0826128,-0.115719,-0.16464,-0.244036,-0.267588,-0.282955,-0.37945,-0.357834,-0.375686,-0.478802,1.63453
67485,67635,67560,7.36266,4.58468,3.07948,2.12631,1.29759,0.759199,0.433456,0.270193,0.104808,-0.0310881,-0.0907271,-0.146909,-0.202836,-0.274063,-0.311191,-0.334014,-0.338057,-0.387415,-0.374478,-0.374315,-0.445,1.80477
67635,67785,67710,0.266711,-0.0542109,-0.131641,-0.198627,-0.269081,-0.314173,-0.346656,-0.385289,-0.427164,-0.439517,-0.441343,-0.444854,-0.486956,-0.490097,-0.505786,-0.505239,-0.517344,-0.539682,-0.528295,-0.532612,-0.620729,-0.224152
67786,67936,67861,-0.297932,-0.43324,-0.461613,-0.49486,-0.507527,-0.517363,-0.526122,-0.548463,-0.558296,-0.560669,-0.567688,-0.562129,-0.570205,-0.57839,-0.572037,-0.573933,-0.573011,-0.593613,-0.58218,-0.540549,-0.616612,-0.502098
67936,68086,68011,-2.21889,-1.68364,-1.2576,-1.12652,-0.99629,-0.922355,-0.884622,-0.84622,-0.816234,-0.812877,-0.80277,-0.800242,-0.7789,-0.780554,-0.78531,-0.766601,-0.770766,-0.773994,-0.769426,-0.709578,-0.773606,-1.08483
68087,68237,68162,-0.597199,-0.628247,-0.624761,-0.650328,-0.6534,-0.649536,-0.656497,-0.656607,-0.653437,-0.658184,-0.658644,-0.673674,-0.66351,-0.661386,-0.675704,-0.664385,-0.671434,-0.681832,-0.680335,-0.634596,-0.688871,-0.653992
68237,68387,68312,-1.88169,-1.55603,-1.3201,-1.17266,-1.04905,-0.961292,-0.905209,-0.881794,-0.847445,-0.825052,-0.815806,-0.773937,-0.767802,-0.770768,-0.745295,-0.746001,-0.745274,-0.729301,-0.725089,-0.740985,-0.713672,-1.13143
