Data/Raw/WEBER,RODNEY/FIREXAQ-SAGA-MC-BrC_DC8_20190802_R0.ict
56, 1001
Weber, Rodney
Georgia Institute of Technology
Water soluble brown carbon measured with mist chamber-LWCC
FIREXAQ
1, 1
2019, 08, 02, 2020, 03, 06
0
Time_Start, seconds_past_midnight, Time_Start, seconds_past_midnight
24
1, 1, 1, 1, 1, 1, 1, 1, 1, 1, 1, 1, 1, 1, 1, 1, 1, 1, 1, 1, 1, 1, 1, 1
-9999, -9999, -9999, -9999, -9999, -9999, -9999, -9999, -9999, -9999, -9999, -9999, -9999, -9999, -9999, -9999, -9999, -9999, -9999, -9999, -9999, -9999, -9999, -9999
Time_Stop, seconds_past_midnight, Time_Stop, seconds_past_midnight
Time_Mid, seconds_past_midnight, Time_Mid, seconds_past_midnight
WSAbs300, Mm-1, AerOpt_AbsorptionBrC_InSitu_UVtoRed_None_Bulk_STP, Water Soluble Brown Carbon absorption at 300 nm
WSAbs320, Mm-1, AerOpt_AbsorptionBrC_InSitu_UVtoRed_None_Bulk_STP, Water Soluble Brown Carbon absorption at 320 nm
WSAbs340, Mm-1, AerOpt_AbsorptionBrC_InSitu_UVtoRed_None_Bulk_STP, Water Soluble Brown Carbon absorption at 340 nm
WSAbs360, Mm-1, AerOpt_AbsorptionBrC_InSitu_UVtoRed_None_Bulk_STP, Water Soluble Brown Carbon absorption at 360 nm
WSAbs380, Mm-1, AerOpt_AbsorptionBrC_InSitu_UVtoRed_None_Bulk_STP, Water Soluble Brown Carbon absorption at 380 nm
WSAbs400, Mm-1, AerOpt_AbsorptionBrC_InSitu_UVtoRed_None_Bulk_STP, Water Soluble Brown Carbon absorption at 400 nm
WSAbs420, Mm-1, AerOpt_AbsorptionBrC_InSitu_UVtoRed_None_Bulk_STP, Water Soluble Brown Carbon absorption at 420 nm
WSAbs440, Mm-1, AerOpt_AbsorptionBrC_InSitu_UVtoRed_None_Bulk_STP, Water Soluble Brown Carbon absorption at 440 nm
WSAbs460, Mm-1, AerOpt_AbsorptionBrC_InSitu_UVtoRed_None_Bulk_STP, Water Soluble Brown Carbon absorption at 460 nm
WSAbs480, Mm-1, AerOpt_AbsorptionBrC_InSitu_UVtoRed_None_Bulk_STP, Water Soluble Brown Carbon absorption at 480 nm
WSAbs500, Mm-1, AerOpt_AbsorptionBrC_InSitu_UVtoRed_None_Bulk_STP, Water Soluble Brown Carbon absorption at 500 nm
WSAbs520, Mm-1, AerOpt_AbsorptionBrC_InSitu_UVtoRed_None_Bulk_STP, Water Soluble Brown Carbon absorption at 520 nm
WSAbs540, Mm-1, AerOpt_AbsorptionBrC_InSitu_UVtoRed_None_Bulk_STP, Water Soluble Brown Carbon absorption at 540 nm
WSAbs560, Mm-1, AerOpt_AbsorptionBrC_InSitu_UVtoRed_None_Bulk_STP, Water Soluble Brown Carbon absorption at 560 nm
WSAbs580, Mm-1, AerOpt_AbsorptionBrC_InSitu_UVtoRed_None_Bulk_STP, Water Soluble Brown Carbon absorption at 580 nm
WSAbs600, Mm-1, AerOpt_AbsorptionBrC_InSitu_UVtoRed_None_Bulk_STP, Water Soluble Brown Carbon absorption at 600 nm
WSAbs620, Mm-1, AerOpt_AbsorptionBrC_InSitu_UVtoRed_None_Bulk_STP, Water Soluble Brown Carbon absorption at 620 nm
WSAbs640, Mm-1, AerOpt_AbsorptionBrC_InSitu_UVtoRed_None_Bulk_STP, Water Soluble Brown Carbon absorption at 640 nm
WSAbs660, Mm-1, AerOpt_AbsorptionBrC_InSitu_UVtoRed_None_Bulk_STP, Water Soluble Brown Carbon absorption at 660 nm
WSAbs680, Mm-1, AerOpt_AbsorptionBrC_InSitu_UVtoRed_None_Bulk_STP, Water Soluble Brown Carbon absorption at 680 nm
WSAbs700, Mm-1, AerOpt_AbsorptionBrC_InSitu_UVtoRed_None_Bulk_STP, Water Soluble Brown Carbon absorption at 700 nm
WSAbs365, Mm-1, AerOpt_AbsorptionBrC_InSitu_UVtoRed_None_Bulk_STP, Water Soluble Brown Carbon absorption at 365 nm
0
18
PI_CONTACT_INFO: rweber@eas.gatech.edu
PLATFORM: NASA DC-8 aircraft
LOCATION: Aircraft location is given by the navigational file
ASSOCIATED_DATA: N/A
[...]
DATA_INFO: Samples collected by mist chamber were injected through 0.22 pore size syringe filter and then a 2.5 m path length LWCC, and light absorption was measured by Ocean Optics USB4000 spectrometer. Absorption from 300 to 700 nm were recorded. Absorption of pure solvent was subtracted from the sample. Raw absorption data were processed by the equation Abs=Raw*(Volume of liquid in the mist chamber)/(Volume of air collected at STP)/(Optical Path Length, 2.5m here)*ln(10). Data reported here were averaged over 20 nm wavelength intervals. i.e. absorption at 400 nm were average by absorption data between 390 nm to 410 nm. All data have been blank corrected by averaging all blank filter in this mission (2-3 blank filters per flight). Data are reported under STP, which is T=273K & p=1013 mb. When using the data, the absorption had better to corrected by higher wavelength, ie Abs700 for baseline drift. UNCERTAINTY: Data may have smearing issues. If we do not account for smearing or blank, the uncertainty is ~5%
UNCERTAINTY: Data may have smearing issues. If we do not account for smearing or blank, the uncertainty is ~5%
ULOD_FLAG: -7777
ULOD_VALUE: N/A
LLOD_FLAG: -8888
LLOD_VALUE: N/A
DM_CONTACT_INFO: lhzeng@gatech.edu
PROJECT_INFO: FIREX-AQ, 2019
STIPULATIONS_ON_USE: Use of these data require prior ok from PI.
OTHER_COMMENTS: N/A
REVISION: R0
RA: Preliminary Data.  For in-field use only.
Time_Start, Time_Stop, Time_Mid, WSAbs300, WSAbs320, WSAbs340, WSAbs360, WSAbs380, WSAbs400, WSAbs420, WSAbs440, WSAbs460, WSAbs480, WSAbs500, WSAbs520, WSAbs540, WSAbs560, WSAbs580, WSAbs600, WSAbs620, WSAbs640, WSAbs660, WSAbs680, WSAbs700, WSAbs365
76424,76574,76499,4.88464,3.08476,2.14074,1.77487,1.43687,1.18933,1.02184,0.864509,0.774152,0.669064,0.600608,0.617772,0.512339,0.482546,0.48831,0.426463,0.428384,0.349272,0.392342,0.311144,0.258494,1.63405
76575,76725,76650,1.71992,1.0975,1.03175,0.800813,0.670372,0.603586,0.544998,0.495883,0.460511,0.432906,0.431661,0.396232,0.385993,0.375606,0.380174,0.366673,0.359265,0.344809,0.335751,0.270818,0.305944,0.747864
76725,76875,76800,0.630821,0.480221,0.440927,0.395057,0.363042,0.347478,0.322474,0.315273,0.30381,0.297701,0.303485,0.296059,0.30034,0.292242,0.287859,0.294808,0.298008,0.296104,0.293431,0.226833,0.272666,0.366689
76876,77026,76951,0.0827981,0.184189,0.199844,0.22551,0.24371,0.256422,0.259652,0.25673,0.275879,0.264415,0.277625,0.270348,0.279786,0.271641,0.28527,0.285339,0.270435,0.268722,0.275819,0.243624,0.267716,0.225885
77026,77176,77101,-0.446188,-0.273698,-0.101892,-0.030742,0.0495429,0.0891916,0.121097,0.126095,0.150123,0.15856,0.171086,0.166291,0.181124,0.173843,0.183194,0.184562,0.173975,0.194694,0.177254,0.157306,0.180267,-0.0100148
77177,77327,77252,-1.32589,-0.792479,-0.430793,-0.221947,-0.0862095,0.00306704,0.0598524,0.102969,0.133097,0.154051,0.178995,0.17256,0.197007,0.196211,0.201519,0.214324,0.229999,0.222056,0.223364,0.202227,0.233447,-0.177865
77327,77477,77402,-1.09071,-0.809631,-0.643568,-0.400402,-0.295744,-0.206449,-0.134061,-0.116513,-0.0777959,-0.0484971,-0.0561013,-0.0307788,-0.0185165,-0.00599187,0.00552086,0.0026584,0.00875362,0.0105999,0.0127258,-0.00993312,0.0254386,-0.368861
77478,77628,77553,-2.94066,-1.44952,-0.870996,-0.499926,-0.31859,-0.168319,-0.0727737,0.0109587,0.0552434,0.0894814,0.12616,0.143333,0.152509,0.171183,0.179858,0.185184,0.18956,0.210722,0.203072,0.149098,0.208947,-0.467059
77628,77778,77703,-2.72645,-1.22835,-0.90744,-0.567247,-0.360479,-0.202955,-0.102526,-0.0299178,0.0204776,0.0818594,0.107228,0.113753,0.140385,0.173593,0.185735,0.191589,0.202339,0.208614,0.209277,0.195306,0.2251,-0.520543
77779,77929,77854,-2.56087,-1.82898,-0.965811,-0.642887,-0.384378,-0.225284,-0.141076,-0.039613,0.0361782,0.101916,0.11128,0.158498,0.159709,0.18224,0.192276,0.202548,0.210953,0.232234,0.222512,0.194624,0.252143,-0.610451
77929,78079,78004,-2.2414,-1.13903,-0.843658,-0.578763,-0.44158,-0.330548,-0.269962,-0.220111,-0.176097,-0.138949,-0.133959,-0.0966079,-0.0923063,-0.0716023,-0.0762681,-0.0509776,-0.0542488,-0.0397828,-0.0413069,-0.0645302,-0.0271271,-0.556107
78080,78230,78155,-2.04785,-1.17492,-0.843426,-0.640662,-0.499032,-0.356742,-0.278661,-0.221558,-0.1594,-0.135674,-0.11753,-0.111527,-0.0746067,-0.0603447,-0.0444123,-0.0179412,-0.0265054,0.00629013,-0.0019561,-0.0188875,0.0236,-0.590442
78230,78380,78305,-2.80409,-1.35396,-0.892016,-0.591279,-0.433803,-0.323765,-0.252124,-0.206082,-0.167435,-0.143363,-0.135082,-0.121387,-0.10811,-0.0983728,-0.105722,-0.100937,-0.0853329,-0.0763581,-0.0793475,-0.0866804,-0.0867026,-0.544988
78381,78531,78456,-1.564,-0.884301,-0.698904,-0.569557,-0.510233,-0.432269,-0.375356,-0.34614,-0.308031,-0.289735,-0.282049,-0.271487,-0.264232,-0.247006,-0.237049,-0.23683,-0.223246,-0.208694,-0.225866,-0.219133,-0.209728,-0.573991
78532,78682,78607,-1.39357,-0.902835,-0.660319,-0.539889,-0.464346,-0.415965,-0.381145,-0.33035,-0.304482,-0.301261,-0.295836,-0.283489,-0.274811,-0.278506,-0.260863,-0.254621,-0.242517,-0.244258,-0.254419,-0.255086,-0.244418,-0.525499
78682,78832,78757,-0.995429,-0.804193,-0.733021,-0.599169,-0.513313,-0.462908,-0.427235,-0.389978,-0.365772,-0.343191,-0.32009,-0.32164,-0.300469,-0.303051,-0.287099,-0.294449,-0.288601,-0.275637,-0.268134,-0.296585,-0.255634,-0.585829
78833,78983,78908,-0.771384,-0.624906,-0.547985,-0.474345,-0.441267,-0.409253,-0.400595,-0.387484,-0.375072,-0.358951,-0.360353,-0.356325,-0.35019,-0.3426,-0.344072,-0.356713,-0.354739,-0.346838,-0.34107,-0.35856,-0.348866,-0.471996
78983,79133,79058,-0.849809,-0.670341,-0.604258,-0.552713,-0.514712,-0.469409,-0.45399,-0.446128,-0.427464,-0.428938,-0.413838,-0.407841,-0.408188,-0.410144,-0.398409,-0.4006,-0.403619,-0.399662,-0.394424,-0.367232,-0.398916,-0.542117
79134,79284,79209,-1.15392,-0.882785,-0.726923,-0.592012,-0.539518,-0.499952,-0.459394,-0.423874,-0.413736,-0.392571,-0.397511,-0.387634,-0.387959,-0.378096,-0.359688,-0.365437,-0.356686,-0.356321,-0.349979,-0.341797,-0.351692,-0.589602
79284,79434,79359,-1.23922,-1.0467,-0.854047,-0.64708,-0.568299,-0.499988,-0.474046,-0.452769,-0.414939,-0.409246,-0.39583,-0.394991,-0.387208,-0.37234,-0.379235,-0.372511,-0.355626,-0.360262,-0.357555,-0.364843,-0.361652,-0.642937
79435,79585,79510,-0.84309,-0.751189,-0.712216,-0.665549,-0.634813,-0.604909,-0.610603,-0.586767,-0.579729,-0.575914,-0.573804,-0.573841,-0.571236,-0.567734,-0.55748,-0.554719,-0.546893,-0.555878,-0.564075,-0.524478,-0.557811,-0.667186
79585,79735,79660,-1.34964,-0.987284,-0.846562,-0.741096,-0.690002,-0.63072,-0.615145,-0.594324,-0.576209,-0.559569,-0.571077,-0.552747,-0.53891,-0.545026,-0.550202,-0.541691,-0.543826,-0.53641,-0.525131,-0.516885,-0.531211,-0.729113
79736,79886,79811,-0.583919,-0.605765,-0.595907,-0.607394,-0.607539,-0.618166,-0.606059,-0.611512,-0.617695,-0.623253,-0.623188,-0.611542,-0.618977,-0.609323,-0.623862,-0.616829,-0.610112,-0.611208,-0.627967,-0.581012,-0.629498,-0.619
79886,80036,79961,-1.20174,-0.941154,-0.83585,-0.773319,-0.733189,-0.701289,-0.688684,-0.662998,-0.651607,-0.644026,-0.64662,-0.647832,-0.648222,-0.636577,-0.641567,-0.623513,-0.641262,-0.621567,-0.625342,-0.633448,-0.63534,-0.766791
80037,80187,80112,-0.790099,-0.739221,-0.740786,-0.71916,-0.709289,-0.701781,-0.700759,-0.690093,-0.692312,-0.691096,-0.696429,-0.690411,-0.694912,-0.675354,-0.689085,-0.688961,-0.675919,-0.689825,-0.673564,-0.678675,-0.690659,-0.723034
80187,80337,80262,-1.50997,-1.01433,-0.937786,-0.842986,-0.803688,-0.770042,-0.75206,-0.733664,-0.710578,-0.702261,-0.710238,-0.697008,-0.697856,-0.703413,-0.695603,-0.690094,-0.693445,-0.676219,-0.694853,-0.651866,-0.691259,-0.847349
80338,80488,80413,-1.20205,-0.936239,-0.886647,-0.833711,-0.795282,-0.770753,-0.738354,-0.740585,-0.724256,-0.701511,-0.703221,-0.698381,-0.694203,-0.684106,-0.673289,-0.677016,-0.68415,-0.674034,-0.668881,-0.662294,-0.67094,-0.835924
80488,80638,80563,-2.00109,-1.34001,-1.20283,-1.02503,-0.917351,-0.884889,-0.806847,-0.795041,-0.756491,-0.724008,-0.721372,-0.719028,-0.693812,-0.682841,-0.673722,-0.670223,-0.654519,-0.635434,-0.657028,-0.657617,-0.637047,-1.01704
80639,80789,80714,-1.01255,-0.944537,-0.939736,-0.90851,-0.90774,-0.897294,-0.886477,-0.870661,-0.87701,-0.872126,-0.874759,-0.865188,-0.874179,-0.866113,-0.862939,-0.855472,-0.870158,-0.861123,-0.858074,-0.866986,-0.870046,-0.915243
80789,80939,80864,-0.915707,-0.769909,-0.748202,-0.742513,-0.730564,-0.710831,-0.705427,-0.705773,-0.674334,-0.675366,-0.677438,-0.668455,-0.660868,-0.677828,-0.646985,-0.663031,-0.653515,-0.637891,-0.641093,-0.635175,-0.610729,-0.745449
80940,81090,81015,-0.543929,-0.542877,-0.521104,-0.533341,-0.525834,-0.518861,-0.514314,-0.5277,-0.521345,-0.525995,-0.523756,-0.527781,-0.517015,-0.519855,-0.523864,-0.52249,-0.508199,-0.514259,-0.524912,-0.491878,-0.527197,-0.535065
81090,81240,81165,-0.878728,-0.759173,-0.718611,-0.683779,-0.653799,-0.618712,-0.607276,-0.594646,-0.592941,-0.57362,-0.590229,-0.577808,-0.578084,-0.563471,-0.561071,-0.567806,-0.553163,-0.55545,-0.567568,-0.510644,-0.560624,-0.679545
81241,81391,81316,-0.765758,-0.719416,-0.684484,-0.601762,-0.585945,-0.568559,-0.551271,-0.533429,-0.520368,-0.522359,-0.516536,-0.510827,-0.512854,-0.497375,-0.503255,-0.493511,-0.492107,-0.487346,-0.494072,-0.469265,-0.494997,-0.614755
81391,81541,81466,-1.05558,-0.84726,-0.764104,-0.73289,-0.703621,-0.680806,-0.68087,-0.664821,-0.65091,-0.650938,-0.661425,-0.64504,-0.635468,-0.637655,-0.634221,-0.639041,-0.639661,-0.625363,-0.630563,-0.627011,-0.638965,-0.739855
81542,81692,81617,-0.883643,-0.762202,-0.679511,-0.603498,-0.57345,-0.554565,-0.529115,-0.516651,-0.500181,-0.483429,-0.481781,-0.486767,-0.469047,-0.473033,-0.470081,-0.462381,-0.456875,-0.457338,-0.464035,-0.463245,-0.465769,-0.608505
81693,81843,81768,-1.17375,-0.834681,-0.743235,-0.659982,-0.615865,-0.584695,-0.557487,-0.561942,-0.537702,-0.53738,-0.52298,-0.525842,-0.52896,-0.519762,-0.518359,-0.513144,-0.511271,-0.50706,-0.518976,-0.497004,-0.516108,-0.656866
81843,81993,81918,-0.513537,-0.486176,-0.479883,-0.461268,-0.454895,-0.463841,-0.458702,-0.455398,-0.453385,-0.450864,-0.441929,-0.460779,-0.449192,-0.458065,-0.457248,-0.439448,-0.45026,-0.455984,-0.45321,-0.433135,-0.456133,-0.477854
81994,82144,82069,-0.332892,-0.336661,-0.351901,-0.366127,-0.37856,-0.380044,-0.37706,-0.387155,-0.383712,-0.388653,-0.394064,-0.386,-0.402368,-0.388169,-0.398942,-0.396041,-0.397701,-0.398965,-0.40366,-0.409946,-0.41538,-0.380179
82144,82294,82219,1.16256,0.720574,0.732663,0.573953,0.47922,0.405306,0.32899,0.272108,0.224483,0.236924,0.274268,0.188254,0.125974,0.166702,0.127145,0.0808525,0.0210784,-0.0323378,0.0380271,-0.0267161,-0.261265,0.5379
82295,82445,82370,90.2883,45.125,37.5509,27.0093,21.4636,16.8613,14.0637,12.0947,10.9998,9.62616,9.19879,8.69768,7.7827,7.61946,7.206,6.99739,6.62682,6.08044,6.19453,5.72924,5.46876,24.5406
82445,82595,82520,5.63155,2.46215,2.19078,1.46389,1.1646,0.880816,0.68844,0.54846,0.480172,0.396255,0.301409,0.242206,0.207428,0.205525,0.14579,0.146813,0.10203,0.0578749,0.0742063,0.0296907,-0.0306684,1.39541
82596,82746,82671,82.267,40.0342,26.839,21.0024,16.4626,13.1438,11.0617,9.24001,8.32704,7.54233,7.055,6.7648,6.14443,5.9722,5.79321,5.67946,5.56555,5.28177,5.28073,4.95613,4.9941,19.5709
82746,82896,82821,4.59544,3.69301,3.25111,2.67817,2.58872,2.39803,2.13865,1.96171,1.8723,1.80612,1.66783,1.74735,1.71882,1.64977,1.49129,1.28703,1.27158,1.01292,1.08448,1.02058,0.391751,2.7269
82897,83047,82972,40.6329,20.0972,13.6089,10.8556,8.72251,6.95667,5.98329,5.13698,4.69739,4.22371,4.19694,3.69735,3.60053,3.52117,3.35258,3.23797,3.1302,2.98669,3.03488,2.81045,2.78936,10.2721
83047,83197,83122,5.35049,2.29506,2.26246,1.47612,1.28132,0.971238,0.75975,0.638506,0.540007,0.464235,0.397459,0.332501,0.266869,0.267146,0.233916,0.161729,0.143692,0.0758639,0.0906607,0.0490344,-0.055293,1.43762
83198,83348,83273,7.16054,4.64239,3.9443,2.44794,1.89203,1.4808,1.1804,0.919605,0.791062,0.645348,0.634586,0.552818,0.490809,0.468364,0.417111,0.396653,0.38475,0.317771,0.334092,0.280341,0.279556,2.32663
83348,83498,83423,55.7293,24.6995,20.2313,14.3409,11.8199,9.74858,8.45729,7.44591,6.58459,6.14969,6.03146,5.61899,5.42388,5.12178,4.96943,4.82102,4.77981,4.60697,4.6376,4.14124,4.37969,13.7341
83499,83649,83574,3.70396,1.61435,1.04282,0.672916,0.401493,0.208648,0.0976474,0.0269014,-0.0430853,-0.0793873,-0.122276,-0.146969,-0.154752,-0.162256,-0.188591,-0.192967,-0.207684,-0.228181,-0.226236,-0.232955,-0.253312,0.569952
83649,83799,83724,19.5952,10.0151,7.22671,4.73355,3.79658,3.00893,2.46022,2.12843,1.8897,1.72806,1.63584,1.48132,1.41233,1.41924,1.35474,1.30824,1.27995,1.22538,1.23434,1.12143,1.14293,4.52451
83800,83950,83875,16.1551,13.1379,9.66289,7.66595,6.29221,4.98802,4.21486,3.79509,3.35048,3.03774,2.70663,2.72343,2.51047,2.25861,2.18908,2.10908,2.03722,1.91572,1.96791,1.84106,1.71269,7.1192
83950,84100,84025,4.3295,3.03809,2.27518,1.48652,1.22169,0.962712,0.738108,0.58204,0.499265,0.401627,0.361332,0.326408,0.26111,0.248754,0.185292,0.191797,0.174608,0.0952495,0.107793,0.0713087,0.0184784,1.4136
84101,84251,84176,9.28956,5.33616,5.01864,3.60603,2.87189,2.58102,2.17758,1.90652,1.6792,1.51606,1.5575,1.3741,1.21408,1.14914,1.07837,1.06469,1.01677,0.858369,0.904916,0.816327,0.673995,3.40742
84251,84401,84326,0.766587,0.271977,0.222974,0.166494,0.0948904,0.0767532,0.0426601,-0.000546547,-0.0188426,-0.0484374,-0.0241461,-0.0829126,-0.0821841,-0.110417,-0.0991929,-0.118296,-0.147724,-0.182039,-0.150494,-0.196059,-0.323639,0.147949
84402,84552,84477,3.75644,1.8216,1.33461,0.898884,0.664726,0.48661,0.340199,0.291241,0.20364,0.155615,0.134762,0.113521,0.0821962,0.0545242,0.0498934,0.0199276,0.0287848,0.00526268,0.0076348,-0.0206966,-0.0393847,0.787696
84553,84703,84628,0.0651914,-0.145071,-0.194163,-0.26158,-0.301368,-0.33703,-0.340752,-0.37057,-0.370723,-0.383419,-0.389452,-0.391638,-0.397809,-0.398924,-0.398175,-0.403264,-0.395138,-0.406068,-0.402167,-0.409031,-0.423355,-0.285765
84703,84853,84778,-0.645148,-0.551099,-0.520542,-0.490174,-0.469597,-0.451271,-0.433802,-0.436855,-0.424015,-0.430008,-0.418128,-0.429073,-0.408975,-0.417447,-0.41524,-0.422666,-0.407983,-0.414598,-0.423706,-0.384338,-0.422712,-0.49126
84854,85004,84929,-1.06222,-0.848114,-0.728432,-0.671727,-0.639136,-0.602635,-0.599167,-0.569315,-0.565078,-0.559125,-0.558521,-0.5481,-0.548232,-0.551516,-0.544102,-0.54755,-0.5514,-0.548857,-0.549635,-0.517644,-0.548128,-0.669934
85004,85154,85079,-0.381303,-0.419887,-0.480058,-0.509272,-0.530564,-0.537417,-0.542334,-0.551069,-0.566151,-0.552951,-0.566798,-0.567772,-0.575381,-0.570611,-0.561462,-0.571087,-0.566231,-0.566554,-0.570304,-0.56298,-0.58331,-0.523789
85155,85305,85230,1.48477,0.367332,0.152911,-0.0828752,-0.187017,-0.299686,-0.354354,-0.390857,-0.41945,-0.435156,-0.434868,-0.456929,-0.47644,-0.486593,-0.490431,-0.497045,-0.491348,-0.495856,-0.494305,-0.488504,-0.519783,-0.124296
85305,85455,85380,-1.07056,-1.05571,-1.01053,-0.999213,-0.996291,-0.992234,-0.979698,-0.977619,-0.959496,-0.967697,-0.962551,-0.960456,-0.954596,-0.953215,-0.952289,-0.958519,-0.948358,-0.964369,-0.951062,-0.896397,-0.961191,-1.01048
85456,85606,85531,-0.417949,-0.611022,-0.688958,-0.737807,-0.774231,-0.781845,-0.797926,-0.824333,-0.815344,-0.836881,-0.833676,-0.830649,-0.844689,-0.852458,-0.833998,-0.847695,-0.840063,-0.858634,-0.848378,-0.820369,-0.863271,-0.749014
85606,85756,85681,-2.34329,-1.98848,-1.71024,-1.41865,-1.30044,-1.2257,-1.15367,-1.10076,-1.08802,-1.0577,-1.0467,-1.0381,-1.01905,-1.00036,-0.998952,-0.998439,-0.978988,-0.979048,-0.98057,-0.904861,-0.970035,-1.40979
85757,85907,85832,-1.53435,-1.14167,-1.04611,-0.989632,-0.933007,-0.905146,-0.901469,-0.880837,-0.853649,-0.852922,-0.84541,-0.835057,-0.838727,-0.838249,-0.83378,-0.820877,-0.822697,-0.813446,-0.816551,-0.804304,-0.817298,-0.985565
85907,86057,85982,-0.981335,-0.953699,-0.893797,-0.886062,-0.877239,-0.858912,-0.861463,-0.853716,-0.850076,-0.832965,-0.843627,-0.840818,-0.824132,-0.823406,-0.8259,-0.811996,-0.824936,-0.803005,-0.815497,-0.7763,-0.785182,-0.895597
86058,86208,86133,-1.08333,-1.04573,-1.02156,-1.00323,-0.969891,-0.971354,-0.960552,-0.93659,-0.939677,-0.932927,-0.937404,-0.924078,-0.923646,-0.93124,-0.930686,-0.924087,-0.917117,-0.910232,-0.921793,-0.852586,-0.9199,-0.998747
86208,86358,86283,-3.29596,-2.43383,-1.9377,-1.4654,-1.27992,-1.12833,-1.0328,-0.963207,-0.930325,-0.896216,-0.893043,-0.858441,-0.858038,-0.833169,-0.829049,-0.830692,-0.82268,-0.823323,-0.821209,-0.770651,-0.816,-1.4187
86359,86509,86434,-1.38175,-1.21,-1.12734,-1.06265,-1.02443,-1.01457,-0.994277,-0.966337,-0.965839,-0.953732,-0.946939,-0.944132,-0.942033,-0.92913,-0.933154,-0.927269,-0.928486,-0.913335,-0.923199,-0.90298,-0.911141,-1.06514
86510,86660,86585,-2.8771,-1.82008,-1.67855,-1.44554,-1.3404,-1.24381,-1.18302,-1.14942,-1.11937,-1.09391,-1.10042,-1.0566,-1.05228,-1.04299,-1.04085,-1.03139,-1.03468,-1.01682,-1.02475,-1.01299,-1.01683,-1.4182
86660,86810,86735,-0.880047,-0.84205,-0.837366,-0.831319,-0.813764,-0.817044,-0.808774,-0.806897,-0.81659,-0.815641,-0.812446,-0.806692,-0.810054,-0.813433,-0.797579,-0.812437,-0.799477,-0.801207,-0.793394,-0.733834,-0.810537,-0.836269
86811,86961,86886,-2.08728,-1.48951,-1.29398,-1.12876,-1.03491,-0.985758,-0.936255,-0.909874,-0.883214,-0.880501,-0.87794,-0.857319,-0.84364,-0.839535,-0.837893,-0.840682,-0.836013,-0.831192,-0.8407,-0.811684,-0.840318,-1.11181
