Data/Raw/WEBER,RODNEY/FIREXAQ-SAGA-MC-BrC_DC8_20190806_R0.ict
56, 1001
Weber, Rodney
Georgia Institute of Technology
Water soluble brown carbon measured with mist chamber-LWCC
FIREXAQ
1, 1
2019, 08, 06, 2020, 03, 06
0
Time_Start, seconds_past_midnight, Time_Start, seconds_past_midnight
24
1, 1, 1, 1, 1, 1, 1, 1, 1, 1, 1, 1, 1, 1, 1, 1, 1, 1, 1, 1, 1, 1, 1, 1
-9999, -9999, -9999, -9999, -9999, -9999, -9999, -9999, -9999, -9999, -9999, -9999, -9999, -9999, -9999, -9999, -9999, -9999, -9999, -9999, -9999, -9999, -9999, -9999
Time_Stop, seconds_past_midnight, Time_Stop, seconds_past_midnight
Time_Mid, seconds_past_midnight, Time_Mid, seconds_past_midnight
WSAbs300, Mm-1, AerOpt_AbsorptionBrC_InSitu_UVtoRed_None_Bulk_STP, Water Soluble Brown Carbon absorption at 300 nm
WSAbs320, Mm-1, AerOpt_AbsorptionBrC_InSitu_UVtoRed_None_Bulk_STP, Water Soluble Brown Carbon absorption at 320 nm
WSAbs340, Mm-1, AerOpt_AbsorptionBrC_InSitu_UVtoRed_None_Bulk_STP, Water Soluble Brown Carbon absorption at 340 nm
WSAbs360, Mm-1, AerOpt_AbsorptionBrC_InSitu_UVtoRed_None_Bulk_STP, Water Soluble Brown Carbon absorption at 360 nm
WSAbs380, Mm-1, AerOpt_AbsorptionBrC_InSitu_UVtoRed_None_Bulk_STP, Water Soluble Brown Carbon absorption at 380 nm
WSAbs400, Mm-1, AerOpt_AbsorptionBrC_InSitu_UVtoRed_None_Bulk_STP, Water Soluble Brown Carbon absorption at 400 nm
WSAbs420, Mm-1, AerOpt_AbsorptionBrC_InSitu_UVtoRed_None_Bulk_STP, Water Soluble Brown Carbon absorption at 420 nm
WSAbs440, Mm-1, AerOpt_AbsorptionBrC_InSitu_UVtoRed_None_Bulk_STP, Water Soluble Brown Carbon absorption at 440 nm
WSAbs460, Mm-1, AerOpt_AbsorptionBrC_InSitu_UVtoRed_None_Bulk_STP, Water Soluble Brown Carbon absorption at 460 nm
WSAbs480, Mm-1, AerOpt_AbsorptionBrC_InSitu_UVtoRed_None_Bulk_STP, Water Soluble Brown Carbon absorption at 480 nm
WSAbs500, Mm-1, AerOpt_AbsorptionBrC_InSitu_UVtoRed_None_Bulk_STP, Water Soluble Brown Carbon absorption at 500 nm
WSAbs520, Mm-1, AerOpt_AbsorptionBrC_InSitu_UVtoRed_None_Bulk_STP, Water Soluble Brown Carbon absorption at 520 nm
WSAbs540, Mm-1, AerOpt_AbsorptionBrC_InSitu_UVtoRed_None_Bulk_STP, Water Soluble Brown Carbon absorption at 540 nm
WSAbs560, Mm-1, AerOpt_AbsorptionBrC_InSitu_UVtoRed_None_Bulk_STP, Water Soluble Brown Carbon absorption at 560 nm
WSAbs580, Mm-1, AerOpt_AbsorptionBrC_InSitu_UVtoRed_None_Bulk_STP, Water Soluble Brown Carbon absorption at 580 nm
WSAbs600, Mm-1, AerOpt_AbsorptionBrC_InSitu_UVtoRed_None_Bulk_STP, Water Soluble Brown Carbon absorption at 600 nm
WSAbs620, Mm-1, AerOpt_AbsorptionBrC_InSitu_UVtoRed_None_Bulk_STP, Water Soluble Brown Carbon absorption at 620 nm
WSAbs640, Mm-1, AerOpt_AbsorptionBrC_InSitu_UVtoRed_None_Bulk_STP, Water Soluble Brown Carbon absorption at 640 nm
WSAbs660, Mm-1, AerOpt_AbsorptionBrC_InSitu_UVtoRed_None_Bulk_STP, Water Soluble Brown Carbon absorption at 660 nm
WSAbs680, Mm-1, AerOpt_AbsorptionBrC_InSitu_UVtoRed_None_Bulk_STP, Water Soluble Brown Carbon absorption at 680 nm
WSAbs700, Mm-1, AerOpt_AbsorptionBrC_InSitu_UVtoRed_None_Bulk_STP, Water Soluble Brown Carbon absorption at 700 nm
WSAbs365, Mm-1, AerOpt_AbsorptionBrC_InSitu_UVtoRed_None_Bulk_STP, Water Soluble Brown Carbon absorption at 365 nm
0
18
PI_CONTACT_INFO: rweber@eas.gatech.edu
PLATFORM: NASA DC-8 aircraft
LOCATION: Aircraft location is given by the navigational file
ASSOCIATED_DATA: N/A
[...]
DATA_INFO: Samples collected by mist chamber were injected through 0.22 pore size syringe filter and then a 2.5 m path length LWCC, and light absorption was measured by Ocean Optics USB4000 spectrometer. Absorption from 300 to 700 nm were recorded. Absorption of pure solvent was subtracted from the sample. Raw absorption data were processed by the equation Abs=Raw*(Volume of liquid in the mist chamber)/(Volume of air collected at STP)/(Optical Path Length, 2.5m here)*ln(10). Data reported here were averaged over 20 nm wavelength intervals. i.e. absorption at 400 nm were average by absorption data between 390 nm to 410 nm. All data have been blank corrected by averaging all blank filter in this mission (2-3 blank filters per flight). Data are reported under STP, which is T=273K & p=1013 mb. When using the data, the absorption had better to corrected by higher wavelength, ie Abs700 for baseline drift. UNCERTAINTY: Data may have smearing issues. If we do not account for smearing or blank, the uncertainty is ~5%
UNCERTAINTY: Data may have smearing issues. If we do not account for smearing or blank, the uncertainty is ~5%
ULOD_FLAG: -7777
ULOD_VALUE: N/A
LLOD_FLAG: -8888
LLOD_VALUE: N/A
DM_CONTACT_INFO: lhzeng@gatech.edu
PROJECT_INFO: FIREX-AQ, 2019
STIPULATIONS_ON_USE: Use of these data require prior ok from PI.
OTHER_COMMENTS: N/A
REVISION: R0
RA: Preliminary Data.  For in-field use only.
Time_Start, Time_Stop, Time_Mid, WSAbs300, WSAbs320, WSAbs340, WSAbs360, WSAbs380, WSAbs400, WSAbs420, WSAbs440, WSAbs460, WSAbs480, WSAbs500, WSAbs520, WSAbs540, WSAbs560, WSAbs580, WSAbs600, WSAbs620, WSAbs640, WSAbs660, WSAbs680, WSAbs700, WSAbs365
[from data line 75]
76885,77035,76960,6.43801,5.50146,3.66698,2.92374,2.18944,1.66817,1.43069,1.11873,0.891047,0.724292,0.738721,0.474532,0.421788,0.36262,0.268621,0.210971,0.237166,0.0650596,0.151382,0.0729383,-0.0889663,2.70457
77035,77185,77110,17.6914,11.8699,6.64221,4.35431,2.83856,2.03358,1.60525,1.25439,1.04427,0.87538,0.811425,0.736861,0.630749,0.611942,0.583964,0.53822,0.536698,0.512143,0.522302,0.419993,0.468666,3.84479
77186,77336,77261,6.47027,3.89051,2.84106,1.6229,0.983882,0.532511,0.28014,0.0415089,-0.0708767,-0.19873,-0.192369,-0.284665,-0.374675,-0.366399,-0.426923,-0.449393,-0.474925,-0.512005,-0.489002,-0.455122,-0.555579,1.38027
77336,77486,77411,19.5056,11.1991,9.46964,8.2261,7.37599,6.49937,5.83093,5.2519,4.8798,4.58983,4.62163,4.25963,3.99633,3.81891,3.60077,3.56429,3.35022,3.01482,3.11474,2.79819,2.28414,8.12707
77487,77637,77562,8.67179,7.14587,6.04949,5.30602,4.38818,4.00147,3.47247,3.07535,2.73051,2.51728,2.41441,2.20626,2.03333,1.92048,1.90346,1.83251,1.77344,1.40056,1.4827,1.34805,0.86594,4.94823
77638,77788,77713,12.9808,9.52067,8.99045,7.63622,6.67705,6.23587,5.53313,5.21529,4.81495,4.61281,4.33806,4.31593,4.24407,3.73813,3.74048,3.7934,3.46515,3.23451,3.16355,2.89673,2.01945,7.23638
77788,77938,77863,13.7094,11.6283,9.87498,8.38951,7.31366,6.53262,5.67441,5.17147,4.7985,4.29439,4.18188,4.13646,3.75718,3.54807,3.52429,3.22149,3.14017,2.90578,2.93262,2.62842,2.31582,8.00335
77939,78089,78014,10.6813,4.96454,4.71531,3.22692,2.6333,2.23779,1.84953,1.66591,1.41999,1.2384,1.25047,1.12749,0.974155,0.884891,0.840648,0.719053,0.67686,0.6105,0.625894,0.53348,0.374883,3.15734
78089,78239,78164,17.0629,12.8644,9.34098,6.21505,4.56388,3.43855,2.72509,2.38001,2.03739,1.81853,1.73387,1.61942,1.47342,1.44529,1.353,1.3182,1.2868,1.21802,1.2373,1.08352,1.16028,5.53968
78240,78390,78315,19.0602,11.3395,10.1009,8.96475,8.07932,7.06658,6.75058,6.02157,5.89779,5.28724,5.65578,5.3148,4.84158,4.7964,4.67036,4.28052,4.18449,3.74074,3.83917,3.47558,2.62703,8.51259
78390,78540,78465,16.5213,11.7696,10.5527,9.37228,7.93113,7.26202,6.31168,5.86234,5.42445,5.12964,4.83264,4.57121,4.68022,4.16404,4.08226,3.89622,3.94934,3.62425,3.71466,3.22025,2.82297,8.75121
78541,78691,78616,10.0202,7.88172,6.05841,4.3922,3.79346,3.30504,2.8817,2.53692,2.2282,1.99149,1.86588,1.85712,1.56692,1.51202,1.49207,1.3845,1.3362,1.117,1.17181,1.01641,0.797676,4.31271
78692,78842,78767,9.62745,6.14038,3.89773,2.79312,1.92064,1.44698,1.06803,0.824959,0.661484,0.500043,0.416924,0.398143,0.305981,0.242312,0.229472,0.188307,0.167462,0.135859,0.128202,0.0998242,0.0624712,2.48992
78842,78992,78917,10.9503,5.80642,3.13164,2.06209,1.49553,0.999876,0.696133,0.489957,0.329905,0.224716,0.165109,0.123931,0.0614948,0.0357229,0.0130568,0.0125194,-0.020812,-0.0449634,-0.0390811,-0.0534594,-0.0707468,1.94554
78993,79143,79068,4.9751,2.87667,2.11597,1.07389,0.660067,0.344616,0.0721966,-0.0916206,-0.21966,-0.325695,-0.406528,-0.429974,-0.497062,-0.531224,-0.551355,-0.590456,-0.604679,-0.647275,-0.632065,-0.596734,-0.704745,0.998389
79143,79293,79218,5.07572,3.59861,2.73735,2.0541,1.56784,1.27868,1.1507,0.882392,0.791742,0.607016,0.518001,0.482564,0.300307,0.300096,0.183136,0.218682,0.15771,-0.0691441,0.047362,-0.0408116,-0.38599,1.91016
79294,79444,79369,9.54603,3.7756,1.5044,0.463892,-0.0781588,-0.501938,-0.734024,-0.888126,-1.00745,-1.06327,-1.10051,-1.13892,-1.17227,-1.20217,-1.2068,-1.21087,-1.23097,-1.24368,-1.24852,-1.17124,-1.26674,0.293883
79595,79745,79670,2.48913,1.58183,0.526314,0.216206,-0.0944016,-0.267954,-0.490946,-0.598791,-0.661846,-0.765229,-0.822465,-0.872396,-0.88861,-0.901915,-0.934663,-0.946992,-0.961781,-0.997859,-0.988115,-0.987871,-1.08559,0.103389
79745,79895,79820,3.75897,1.7436,0.867279,0.368719,-0.00228792,-0.229993,-0.398282,-0.532608,-0.655128,-0.754717,-0.807642,-0.853112,-0.90511,-0.971631,-1.00732,-1.02282,-1.0455,-1.09431,-1.09789,-0.993718,-1.20406,0.268673
79896,80046,79971,2.424,1.02653,0.592215,0.416401,0.122593,-0.00228748,-0.150535,-0.237621,-0.405576,-0.421672,-0.454339,-0.548908,-0.535495,-0.674141,-0.737496,-0.704384,-0.765629,-0.891774,-0.799947,-0.774201,-1.1439,0.308357
80046,80196,80121,0.523845,0.50894,-0.00470059,-0.169723,-0.3537,-0.531242,-0.618097,-0.693311,-0.731238,-0.837829,-0.776196,-0.846632,-0.896115,-0.977605,-0.974209,-1.03388,-1.03411,-1.09966,-1.0802,-1.02578,-1.2496,-0.259916
80197,80347,80272,1.22313,0.115432,0.153699,-0.147708,-0.303026,-0.36742,-0.466849,-0.547361,-0.632857,-0.638627,-0.700576,-0.662244,-0.697449,-0.768751,-0.827851,-0.854555,-0.864476,-0.977374,-0.929331,-0.863404,-1.27717,-0.182452
80347,80497,80422,1.04029,0.232862,0.0245336,-0.340667,-0.543353,-0.652678,-0.836667,-0.909581,-1.00359,-1.0458,-0.980428,-1.07644,-1.15428,-1.20046,-1.21285,-1.24247,-1.29525,-1.35009,-1.34205,-1.34115,-1.54052,-0.447246
80498,80648,80573,0.345997,-0.210584,-0.527734,-0.649822,-0.721128,-0.792014,-0.856164,-0.918471,-0.97069,-1.00522,-1.05027,-1.04401,-1.10888,-1.06781,-1.15022,-1.12677,-1.16893,-1.24699,-1.19846,-1.08182,-1.42168,-0.666103
80648,80798,80723,2.68719,1.13824,0.33133,-0.167347,-0.552539,-0.791814,-0.93615,-1.04767,-1.14797,-1.20632,-1.22753,-1.25812,-1.28088,-1.31396,-1.32543,-1.33566,-1.32986,-1.36246,-1.34878,-1.22997,-1.38046,-0.317803
80799,80949,80874,5.73227,1.86529,0.617584,-0.0907292,-0.510129,-0.804234,-1.00309,-1.15447,-1.21471,-1.28233,-1.293,-1.35538,-1.36891,-1.3843,-1.4004,-1.41257,-1.42642,-1.4253,-1.42414,-1.2838,-1.4572,-0.266811
80949,81099,81024,3.86692,1.12967,0.217079,-0.614516,-1.04792,-1.29028,-1.45832,-1.55913,-1.63818,-1.68945,-1.71348,-1.72907,-1.75147,-1.76227,-1.7633,-1.78287,-1.78986,-1.79556,-1.78679,-1.68599,-1.80911,-0.75801
81100,81250,81175,3.95525,1.06823,-0.0953105,-0.549128,-0.996542,-1.25564,-1.38163,-1.50812,-1.58142,-1.63851,-1.67955,-1.72119,-1.73556,-1.74893,-1.76241,-1.76482,-1.78547,-1.79557,-1.80327,-1.65113,-1.8281,-0.726965
81250,81400,81325,0.897234,0.230937,-0.144283,-0.419729,-0.656992,-0.779962,-0.908744,-0.993667,-1.10809,-1.16687,-1.17119,-1.21871,-1.27233,-1.31141,-1.31553,-1.34738,-1.36967,-1.43705,-1.39205,-1.33105,-1.51339,-0.474193
81401,81551,81476,0.0154786,-0.224716,-0.158343,-0.545416,-0.631935,-0.700326,-0.762876,-0.903146,-0.923162,-0.990342,-0.99799,-0.992028,-1.0749,-1.06965,-1.16377,-1.2196,-1.17236,-1.3138,-1.24358,-1.13666,-1.56763,-0.533431
81551,81701,81626,3.08169,0.0271597,-0.304912,-0.924474,-1.24477,-1.41143,-1.56084,-1.68271,-1.76853,-1.81609,-1.86156,-1.89429,-1.90862,-1.94801,-1.96895,-1.96677,-1.98759,-1.98933,-1.99955,-1.98476,-2.04,-1.03118
81702,81852,81777,0.524352,-0.300079,-0.506241,-0.594834,-0.784424,-0.838858,-0.977643,-1.04605,-1.10174,-1.10683,-1.15995,-1.25026,-1.22805,-1.19641,-1.31146,-1.29199,-1.37539,-1.45654,-1.43867,-1.34451,-1.80539,-0.65459
81852,82002,81927,4.19763,0.316917,-0.361236,-1.01241,-1.40202,-1.66472,-1.7861,-1.88113,-1.95588,-2.01455,-2.04035,-2.04161,-2.0675,-2.09532,-2.09726,-2.09928,-2.12161,-2.12778,-2.12349,-1.99704,-2.14496,-1.18484
82003,82153,82078,77.1541,69.4422,56.2099,49.9449,46.1938,43.669,40.8497,37.4523,34.4195,33.4698,34.4236,31.1731,30.5837,28.4138,26.9116,28.0058,26.6978,24.1516,24.0461,21.3062,16.1271,49.8184
82153,82303,82228,19.9825,7.19912,4.66814,2.30832,1.22646,0.597094,0.138856,-0.145855,-0.369462,-0.538688,-0.605994,-0.682845,-0.727129,-0.749916,-0.772372,-0.803513,-0.811343,-0.837468,-0.841395,-0.835644,-0.874597,2.04073
82304,82454,82379,35.9772,26.3051,21.6856,16.0167,12.6111,10.7905,8.80366,7.83554,6.99849,6.33698,5.8699,5.48376,5.13553,4.98937,4.68785,4.44778,4.24611,3.90603,4.04288,3.70288,3.48427,15.005
82455,82605,82530,1.29546,1.31866,0.549162,0.212748,0.0517325,-0.129258,-0.328793,-0.435458,-0.645557,-0.732557,-0.5945,-0.811105,-0.951102,-0.908676,-1.03493,-1.1499,-1.03229,-1.22774,-1.26272,-1.10735,-1.86848,0.141398
82605,82755,82680,17.9417,8.72591,6.61106,4.72942,3.4807,2.48236,1.96812,1.49795,1.09695,0.887961,0.765472,0.514456,0.510594,0.420875,0.30285,0.216789,0.077249,-0.0391372,0.0306256,-0.0356548,-0.230621,4.17316
82756,82906,82831,5.5201,2.38834,1.07715,0.466362,0.0668433,-0.344085,-0.576526,-0.78766,-0.891561,-0.994785,-1.12467,-1.10695,-1.20216,-1.23596,-1.31494,-1.3278,-1.34902,-1.42808,-1.39339,-1.32807,-1.53742,0.328213
82906,83056,82981,20.9528,11.387,7.63762,5.37056,4.05837,3.06279,2.35076,1.88203,1.48336,1.23908,1.20712,0.946885,0.831916,0.758265,0.689857,0.6217,0.568615,0.456516,0.505539,0.425355,0.329572,4.87598
83057,83207,83132,5.60423,1.89769,1.25048,0.157662,-0.195947,-0.589877,-0.775604,-0.943969,-1.06771,-1.18167,-1.18207,-1.29032,-1.32909,-1.35585,-1.37643,-1.39882,-1.44533,-1.47647,-1.47605,-1.37095,-1.54937,0.0846652
83207,83357,83282,18.302,8.98582,4.45362,2.47925,1.31611,0.592153,0.0743716,-0.246385,-0.464966,-0.600842,-0.68164,-0.762186,-0.801388,-0.856845,-0.881981,-0.890479,-0.919407,-0.958668,-0.941182,-0.895931,-0.98425,2.25094
83358,83508,83433,2.87331,1.96555,0.975172,0.441256,-9.31304e-06,-0.373042,-0.660497,-0.814,-0.91818,-1.06382,-1.09178,-1.18854,-1.19014,-1.25645,-1.27952,-1.34068,-1.35149,-1.42368,-1.39651,-1.35028,-1.5237,0.24015
83508,83658,83583,3.44069,2.04733,1.26831,0.762269,0.338039,0.060335,-0.254375,-0.383557,-0.565638,-0.674176,-0.736927,-0.784322,-0.889905,-0.99583,-1.03169,-1.12011,-1.13376,-1.21422,-1.22031,-1.19515,-1.45471,0.662019
83659,83809,83734,1.00645,0.845198,0.36757,0.0246449,-0.0756561,-0.268206,-0.484907,-0.548566,-0.650998,-0.72134,-0.725724,-0.791614,-0.834726,-0.899849,-0.945373,-0.996979,-1.04005,-1.09675,-1.07586,-1.0874,-1.30019,0.0161515
83809,83959,83884,2.97563,1.03576,1.11873,0.669626,0.366642,0.121437,-0.0704229,-0.0764285,-0.24241,-0.405145,-0.260823,-0.359721,-0.421854,-0.575885,-0.708983,-0.663618,-0.797716,-0.923422,-0.79973,-0.817679,-1.53287,0.539502
83960,84110,84035,38.9666,32.8458,26.9429,22.6463,21.409,18.6138,17.0549,14.8614,14.0013,12.7132,13.7685,11.6951,11.7223,11.3589,9.85395,10.322,9.67645,8.58624,8.34397,8.0323,5.79067,22.6741
84110,84260,84185,121.074,68.7293,50.6926,38.9496,31.3717,26.1496,22.7744,19.0637,17.2052,15.4856,14.538,14.1633,13.2153,12.2064,12.0624,11.4372,11.35,10.5428,10.8532,9.95552,9.68639,37.1227
84261,84411,84336,20.0096,18.1313,15.2943,13.6458,13.1182,12.1441,10.4691,10.376,9.30586,8.63166,9.72338,9.04445,7.92549,7.74492,6.9022,7.42365,7.01035,6.11148,6.21267,5.55655,2.77152,13.6273
84412,84562,84487,116.462,95.3855,83.9568,75.0916,66.1376,58.8762,53.4006,47.4682,45.0036,43.2152,39.0252,40.5486,35.9661,35.8419,31.8411,30.8338,30.4931,28.2294,29.0117,24.9654,18.8763,71.038
84562,84712,84637,17.9534,9.93619,8.16918,6.01615,4.91714,3.93133,3.43379,2.8953,2.41461,1.9992,1.71896,1.84887,1.54231,1.38704,1.02527,0.908953,0.931432,0.484246,0.623761,0.47664,-0.21856,5.47241
84713,84863,84788,423.846,222.94,137.47,105.385,78.7625,61.9945,52.0799,45.0553,39.8384,35.9182,34.4455,32.7089,30.6667,30.4638,29.2617,28.7625,28.4527,27.7146,27.7613,26.3806,26.9352,95.4871
84863,85013,84938,77.812,37.1514,28.3236,18.6681,14.7622,11.3165,9.54214,8.07172,6.89294,6.09313,5.58852,5.28806,4.89505,4.77032,4.51024,4.15267,4.04999,3.86523,3.8744,3.38313,3.48052,17.5299
85014,85164,85089,266.074,191.814,167.923,144.623,123.044,109.546,95.9342,90.538,82.8826,76.0467,71.3927,69.9181,64.4586,62.4374,63.6718,57.2825,58.5629,52.0039,51.9951,47.0592,40.0466,135.414
85164,85314,85239,67.0265,38.4592,32.3707,26.4446,21.9238,18.4285,16.8455,14.6452,12.6861,11.4756,11.754,10.8807,9.92749,8.7627,8.96805,8.20039,7.86124,7.1572,7.42418,6.26265,5.41471,25.16
85315,85465,85390,248.778,122.021,82.3644,60.654,46.7321,35.7604,30.2319,25.5473,22.9859,20.7986,20.1536,18.5699,18.3895,17.1309,17.0058,16.5701,16.4063,15.6918,15.8699,14.116,15.2098,56.0475
85465,85615,85540,153.969,127.913,98.6618,83.5563,70.0904,61.3941,52.3984,48.1428,44.6417,39.9474,40.2757,38.1762,34.2913,34.3792,31.7315,31.8004,30.8422,28.386,29.3508,26.455,24.8306,78.6263
85616,85766,85691,321.255,215.032,177.035,161.205,136.196,120.144,114.179,99.68,95.4082,87.1012,83.1686,79.2222,75.4998,74.6031,71.1562,67.8627,67.7328,62.0298,60.665,57.4991,47.0308,151.651
85766,85916,85841,174.058,83.7834,53.315,34.2878,24.0276,19.6391,15.2108,13.226,11.4265,10.463,9.89673,9.44351,8.83732,8.60708,8.46941,8.19519,8.07087,7.79849,7.90227,7.41571,7.61739,31.1258
85917,86067,85992,186.87,149.69,107.666,85.0373,72.3048,62.0836,51.8871,47.0395,41.9447,37.4047,35.0411,35.3526,32.616,31.1154,30.2142,28.4925,27.4724,26.4229,26.7267,23.8059,23.7374,82.4847
86067,86217,86142,114.394,73.8955,60.8724,48.8502,44.6527,38.9514,36.0107,31.7812,30.0368,27.5323,28.1167,26.4456,24.1736,22.2771,21.9089,21.3137,21.2634,18.4403,19.5056,16.974,15.0457,48.2347
86218,86368,86293,56.5564,54.9261,39.7451,34.8291,31.4506,27.4328,25.3468,22.5364,21.4443,18.9796,18.5109,17.0308,16.1266,15.9205,15.1181,13.9845,13.5348,11.6836,12.7371,11.5626,8.19033,34.9024
86368,86520,86444,37.485,26.643,21.0596,15.8786,12.9381,10.3345,8.8957,7.423,6.76262,5.97804,5.959,5.04265,4.64622,4.35241,4.02408,4.063,3.78707,3.30813,3.50369,3.01195,2.79937,14.8642
86521,86671,86596,220.266,110.451,81.9618,63.2493,49.2638,43.5264,35.6777,31.6222,28.8461,26.4605,24.8056,23.2433,22.6223,21.6369,20.6979,20.4127,20.0523,18.8721,19.0424,17.6399,17.6501,59.11
86672,86822,86747,228.923,158.459,115.163,108.225,92.2443,82.424,77.6765,68.9953,64.9612,62.0552,56.4443,60.1068,51.0049,53.168,48.6246,48.5409,45.6634,40.8301,42.1079,39.3565,31.0263,102.016
86822,86972,86897,112.148,64.4092,43.6736,29.5517,22.2622,16.8221,14.2495,11.7986,10.2909,9.3889,8.41537,7.97753,7.47685,7.05182,6.82656,6.6033,6.56665,6.21543,6.24682,5.61883,5.83893,27.1328
86973,87123,87048,76.0378,54.2594,41.0426,26.3827,20.9812,16.1396,13.3497,11.1962,9.47797,8.54646,8.43,7.40602,7.12948,6.8251,6.72477,6.44133,6.27762,6.03194,6.09803,5.47361,5.76488,25.2932
87123,87273,87198,297.884,142.786,115.401,82.4401,67.9412,57.3968,49.6049,43.925,39.9323,37.0853,34.5449,33.3329,31.7658,30.1599,30.119,28.739,28.4391,27.3618,27.9143,26.5953,26.0397,80.3056
87274,87424,87349,33.6723,26.8348,23.5729,20.0939,17.7836,16.3006,15.0835,13.5722,12.2443,11.1416,11.1404,11.1062,9.1366,9.91642,8.16145,8.06551,7.55184,6.67471,7.27873,6.2716,3.96161,20.1547
87424,87574,87499,123.542,59.5689,41.9273,32.9808,25.6212,19.989,17.072,14.5704,13.1829,11.5425,11.474,10.6565,9.52958,9.45591,8.66759,8.5179,8.22661,7.66568,7.93381,7.04381,7.09495,29.8904
87575,87725,87650,68.5164,36.2459,22.5685,17.011,12.1194,9.53981,7.88136,6.6883,5.87901,5.26132,4.88691,4.63313,4.29952,4.25007,4.00608,3.9026,3.89628,3.71845,3.75903,3.56451,3.54195,15.1963
87725,87875,87800,81.7083,42.5046,26.053,18.4337,13.4191,10.7245,8.44992,7.2084,5.95033,5.45463,4.92565,4.70402,4.26478,4.01718,3.85718,3.74176,3.55745,3.31676,3.3723,2.96755,3.11154,17.2589
87876,88026,87951,136.909,78.1879,65.7324,46.3741,35.9281,29.2638,25.3685,22.5892,20.1198,18.5893,18.0596,16.6887,15.8119,15.3367,14.9587,14.8815,14.58,13.9696,14.1201,13.5971,13.4515,43.1956
88027,88177,88102,762.438,427.66,268.456,213.857,170.377,140.052,120.721,109.875,97.7671,91.5827,88.2439,83.4875,81.5271,77.2428,76.6471,73.4627,72.5738,70.4617,70.942,64.4464,68.1171,200.951
88177,88327,88252,143.137,63.7713,42.7373,30.575,23.0495,19.1938,15.5682,13.56,11.6892,10.9207,10.5027,9.78545,9.08299,8.99567,8.7301,8.53019,8.27368,8.04199,8.11576,7.20274,7.74185,28.7128
88328,88478,88403,164.881,142.661,98.075,69.5113,58.2758,48.0478,40.4425,34.9538,31.1619,29.0166,28.2651,25.6609,25.4632,23.812,23.2802,22.236,22.3354,21.1419,21.3179,19.4807,19.9465,66.7111
88478,88628,88553,32.2648,18.5506,15.1352,12.7221,11.2356,9.66111,7.83632,7.12599,6.15665,5.66309,5.82793,4.73651,4.31363,4.21595,3.72479,3.91242,3.63929,2.77726,3.10422,2.6154,1.49428,12.2999
