Data/Raw/WEBER,RODNEY/FIREXAQ-SAGA-MC-BrC_DC8_20190829_R0.ict
56, 1001
Weber, Rodney
Georgia Institute of Technology
Water soluble brown carbon measured with mist chamber-LWCC
FIREXAQ
1, 1
2019, 08, 29, 2020, 03, 06
0
Time_Start, seconds_past_midnight, Time_Start, seconds_past_midnight
24
1, 1, 1, 1, 1, 1, 1, 1, 1, 1, 1, 1, 1, 1, 1, 1, 1, 1, 1, 1, 1, 1, 1, 1
-9999, -9999, -9999, -9999, -9999, -9999, -9999, -9999, -9999, -9999, -9999, -9999, -9999, -9999, -9999, -9999, -9999, -9999, -9999, -9999, -9999, -9999, -9999, -9999
Time_Stop, seconds_past_midnight, Time_Stop, seconds_past_midnight
Time_Mid, seconds_past_midnight, Time_Mid, seconds_past_midnight
WSAbs300, Mm-1, AerOpt_AbsorptionBrC_InSitu_UVtoRed_None_Bulk_STP, Water Soluble Brown Carbon absorption at 300 nm
WSAbs320, Mm-1, AerOpt_AbsorptionBrC_InSitu_UVtoRed_None_Bulk_STP, Water Soluble Brown Carbon absorption at 320 nm
WSAbs340, Mm-1, AerOpt_AbsorptionBrC_InSitu_UVtoRed_None_Bulk_STP, Water Soluble Brown Carbon absorption at 340 nm
WSAbs360, Mm-1, AerOpt_AbsorptionBrC_InSitu_UVtoRed_None_Bulk_STP, Water Soluble Brown Carbon absorption at 360 nm
WSAbs380, Mm-1, AerOpt_AbsorptionBrC_InSitu_UVtoRed_None_Bulk_STP, Water Soluble Brown Carbon absorption at 380 nm
WSAbs400, Mm-1, AerOpt_AbsorptionBrC_InSitu_UVtoRed_None_Bulk_STP, Water Soluble Brown Carbon absorption at 400 nm
WSAbs420, Mm-1, AerOpt_AbsorptionBrC_InSitu_UVtoRed_None_Bulk_STP, Water Soluble Brown Carbon absorption at 420 nm
WSAbs440, Mm-1, AerOpt_AbsorptionBrC_InSitu_UVtoRed_None_Bulk_STP, Water Soluble Brown Carbon absorption at 440 nm
WSAbs460, Mm-1, AerOpt_AbsorptionBrC_InSitu_UVtoRed_None_Bulk_STP, Water Soluble Brown Carbon absorption at 460 nm
WSAbs480, Mm-1, AerOpt_AbsorptionBrC_InSitu_UVtoRed_None_Bulk_STP, Water Soluble Brown Carbon absorption at 480 nm
WSAbs500, Mm-1, AerOpt_AbsorptionBrC_InSitu_UVtoRed_None_Bulk_STP, Water Soluble Brown Carbon absorption at 500 nm
WSAbs520, Mm-1, AerOpt_AbsorptionBrC_InSitu_UVtoRed_None_Bulk_STP, Water Soluble Brown Carbon absorption at 520 nm
WSAbs540, Mm-1, AerOpt_AbsorptionBrC_InSitu_UVtoRed_None_Bulk_STP, Water Soluble Brown Carbon absorption at 540 nm
WSAbs560, Mm-1, AerOpt_AbsorptionBrC_InSitu_UVtoRed_None_Bulk_STP, Water Soluble Brown Carbon absorption at 560 nm
WSAbs580, Mm-1, AerOpt_AbsorptionBrC_InSitu_UVtoRed_None_Bulk_STP, Water Soluble Brown Carbon absorption at 580 nm
WSAbs600, Mm-1, AerOpt_AbsorptionBrC_InSitu_UVtoRed_None_Bulk_STP, Water Soluble Brown Carbon absorption at 600 nm
WSAbs620, Mm-1, AerOpt_AbsorptionBrC_InSitu_UVtoRed_None_Bulk_STP, Water Soluble Brown Carbon absorption at 620 nm
WSAbs640, Mm-1, AerOpt_AbsorptionBrC_InSitu_UVtoRed_None_Bulk_STP, Water Soluble Brown Carbon absorption at 640 nm
WSAbs660, Mm-1, AerOpt_AbsorptionBrC_InSitu_UVtoRed_None_Bulk_STP, Water Soluble Brown Carbon absorption at 660 nm
WSAbs680, Mm-1, AerOpt_AbsorptionBrC_InSitu_UVtoRed_None_Bulk_STP, Water Soluble Brown Carbon absorption at 680 nm
WSAbs700, Mm-1, AerOpt_AbsorptionBrC_InSitu_UVtoRed_None_Bulk_STP, Water Soluble Brown Carbon absorption at 700 nm
WSAbs365, Mm-1, AerOpt_AbsorptionBrC_InSitu_UVtoRed_None_Bulk_STP, Water Soluble Brown Carbon absorption at 365 nm
0
18
PI_CONTACT_INFO: rweber@eas.gatech.edu
PLATFORM: NASA DC-8 aircraft
LOCATION: Aircraft location is given by the navigational file
ASSOCIATED_DATA: N/A
[...]
DATA_INFO: Samples collected by mist chamber were injected through 0.22 pore size syringe filter and then a 2.5 m path length LWCC, and light absorption was measured by Ocean Optics USB4000 spectrometer. Absorption from 300 to 700 nm were recorded. Absorption of pure solvent was subtracted from the sample. Raw absorption data were processed by the equation Abs=Raw*(Volume of liquid in the mist chamber)/(Volume of air collected at STP)/(Optical Path Length, 2.5m here)*ln(10). Data reported here were averaged over 20 nm wavelength intervals. i.e. absorption at 400 nm were average by absorption data between 390 nm to 410 nm. All data have been blank corrected by averaging all blank filter in this mission (2-3 blank filters per flight). Data are reported under STP, which is T=273K & p=1013 mb. When using the data, the absorption had better to corrected by higher wavelength, ie Abs700 for baseline drift. UNCERTAINTY: Data may have smearing issues. If we do not account for smearing or blank, the uncertainty is ~5%
UNCERTAINTY: Data may have smearing issues. If we do not account for smearing or blank, the uncertainty is ~5%
ULOD_FLAG: -7777
ULOD_VALUE: N/A
LLOD_FLAG: -8888
LLOD_VALUE: N/A
DM_CONTACT_INFO: lhzeng@gatech.edu
PROJECT_INFO: FIREX-AQ, 2019
STIPULATIONS_ON_USE: Use of these data require prior ok from PI.
OTHER_COMMENTS: N/A
REVISION: R0
RA: Preliminary Data.  For in-field use only.
Time_Start, Time_Stop, Time_Mid, WSAbs300, WSAbs320, WSAbs340, WSAbs360, WSAbs380, WSAbs400, WSAbs420, WSAbs440, WSAbs460, WSAbs480, WSAbs500, WSAbs520, WSAbs540, WSAbs560, WSAbs580, WSAbs600, WSAbs620, WSAbs640, WSAbs660, WSAbs680, WSAbs700, WSAbs365
[from data line 71]
71791,71942,71866,27.9311,18.8356,14.6061,12.6395,11.1012,8.93816,7.54904,6.86722,5.87478,5.05838,5.47786,4.21953,3.88297,3.60427,3.47541,3.05923,2.56264,2.04912,2.35441,1.91937,0.606256,12.1429
71942,72092,72017,13.9325,6.92102,3.99207,2.93299,2.14906,1.57383,1.25737,0.963773,0.749386,0.63733,0.530031,0.440674,0.449907,0.376815,0.306835,0.283549,0.257899,0.220264,0.229735,0.161324,0.147049,2.72959
72093,72243,72168,5.14454,2.61951,2.39806,1.9129,1.67354,1.34873,1.18479,0.961672,0.876583,0.760076,0.815477,0.676757,0.563185,0.489339,0.435508,0.397045,0.353879,0.219778,0.250789,0.217451,-0.0297101,1.83213
72244,72394,72319,-0.144934,-0.149252,-0.145204,-0.152747,-0.137066,-0.145634,-0.140696,-0.144727,-0.154972,-0.152813,-0.142758,-0.148145,-0.149625,-0.145841,-0.149471,-0.13913,-0.136989,-0.137224,-0.136504,-0.169085,-0.155639,-0.155639
72394,72544,72469,-1.11306,-0.682773,-0.628793,-0.499532,-0.450319,-0.36965,-0.346789,-0.312416,-0.283302,-0.263514,-0.264937,-0.240131,-0.225154,-0.228902,-0.210228,-0.194682,-0.170758,-0.164001,-0.170435,-0.16704,-0.120758,-0.503159
72545,72695,72620,-3.21078,-1.37887,-1.13878,-0.801285,-0.611739,-0.485656,-0.399754,-0.33816,-0.301105,-0.267325,-0.242667,-0.218222,-0.228612,-0.203957,-0.195772,-0.186217,-0.184207,-0.168622,-0.17111,-0.178127,-0.165054,-0.732425
72698,72849,72774,-1.16236,-1.06174,-1.10607,-0.94483,-0.899845,-0.797683,-0.769139,-0.756926,-0.697812,-0.669562,-0.669569,-0.657643,-0.609085,-0.60161,-0.606629,-0.515363,-0.488472,-0.435169,-0.497178,-0.451321,-0.2213,-0.945553
72849,72999,72924,-1.30652,-1.19975,-1.13849,-0.928592,-0.864704,-0.83559,-0.763478,-0.771691,-0.703531,-0.682245,-0.669078,-0.623354,-0.604194,-0.606881,-0.564696,-0.590282,-0.557145,-0.501644,-0.543461,-0.507949,-0.283402,-0.941299
73000,73150,73075,-1.64189,-1.09481,-1.0985,-0.975959,-0.921997,-0.852976,-0.793317,-0.780195,-0.729228,-0.676808,-0.7161,-0.666796,-0.603076,-0.586086,-0.59671,-0.545122,-0.509047,-0.505722,-0.478553,-0.457211,-0.24621,-0.965142
73150,73300,73225,-2.09265,-1.40247,-1.32383,-1.12312,-1.08323,-1.00816,-0.927885,-0.930545,-0.84688,-0.850456,-0.881542,-0.799276,-0.754846,-0.726839,-0.732061,-0.706071,-0.720366,-0.616491,-0.63094,-0.611606,-0.373351,-1.14079
73301,73451,73376,-2.28398,-1.81108,-1.3374,-1.10587,-0.927923,-0.777081,-0.686028,-0.625953,-0.557941,-0.49003,-0.491344,-0.459769,-0.420443,-0.402795,-0.378937,-0.372343,-0.371125,-0.333934,-0.341725,-0.34411,-0.299884,-1.0641
73452,73602,73527,-2.38275,-1.55934,-1.34827,-1.19567,-1.08741,-1.06449,-1.01881,-0.927705,-0.882059,-0.829851,-0.811941,-0.764568,-0.75652,-0.701259,-0.735542,-0.625384,-0.610563,-0.567435,-0.641559,-0.550898,-0.269972,-1.19411
73602,73752,73677,-3.98825,-2.16062,-1.62903,-1.22363,-0.979495,-0.834931,-0.696963,-0.639136,-0.567922,-0.5102,-0.529254,-0.478674,-0.448198,-0.40613,-0.413346,-0.406475,-0.392226,-0.363518,-0.37538,-0.374547,-0.34345,-1.16773
73753,73903,73828,-1.88382,-1.56429,-1.46256,-1.23198,-1.17186,-1.05766,-0.965086,-0.970437,-0.880826,-0.844417,-0.811285,-0.856101,-0.74699,-0.813433,-0.728416,-0.707714,-0.668862,-0.627798,-0.665057,-0.618507,-0.32869,-1.2052
73903,74053,73978,-4.0661,-2.5183,-1.70901,-1.22437,-1.01508,-0.838949,-0.716659,-0.632889,-0.59698,-0.547624,-0.51035,-0.500615,-0.490796,-0.474636,-0.464622,-0.452572,-0.447827,-0.431538,-0.440443,-0.452961,-0.430426,-1.19563
74054,74204,74129,-3.14274,-2.15939,-1.76462,-1.23939,-0.936307,-0.786253,-0.664466,-0.589539,-0.555881,-0.496094,-0.493718,-0.466679,-0.453337,-0.436047,-0.430354,-0.421915,-0.409088,-0.390858,-0.397728,-0.400317,-0.395995,-1.14839
74204,74354,74279,-2.9849,-1.81192,-1.2185,-0.899215,-0.714338,-0.551731,-0.474025,-0.403817,-0.361312,-0.323156,-0.311129,-0.302457,-0.27967,-0.26245,-0.260301,-0.253853,-0.242327,-0.232208,-0.233839,-0.243876,-0.234691,-0.83947
74355,74505,74430,0.107755,0.0557284,0.0180026,-0.0270591,-0.0559096,-0.0670626,-0.0702497,-0.0834477,-0.103575,-0.0908873,-0.0963618,-0.105615,-0.108459,-0.108841,-0.122226,-0.121727,-0.118227,-0.113838,-0.117684,-0.148595,-0.137892,-0.0430912
74505,74655,74580,7.13397,3.50862,2.9472,2.13992,1.49768,1.24768,0.957875,0.717166,0.572625,0.49561,0.430104,0.363505,0.282211,0.250266,0.236261,0.192644,0.178659,0.117633,0.118829,0.0726968,0.0240342,1.89068
74656,74806,74731,2.27361,1.48204,1.13754,0.772461,0.573108,0.451405,0.343396,0.251028,0.211414,0.144493,0.140255,0.0893777,0.0595843,0.0447684,0.041781,0.0334914,-0.00620518,-0.0217838,-0.0180008,-0.0471104,-0.0966501,0.716821
74807,74957,74882,10.2689,5.24051,3.70434,2.76772,2.03342,1.52852,1.19939,0.953793,0.735588,0.622012,0.611016,0.433214,0.444969,0.345918,0.330475,0.318094,0.279086,0.213425,0.248336,0.168285,0.147141,2.55861
74957,75107,75032,1.22606,0.7749,0.798376,0.539173,0.413043,0.34891,0.313904,0.245577,0.204454,0.158403,0.185659,0.133561,0.107866,0.0757928,0.0551993,0.0500115,0.0500618,0.00253749,0.019431,-0.00826955,-0.0891664,0.51068
75108,75258,75183,2.03195,1.29543,0.835529,0.670314,0.485463,0.3876,0.289919,0.251748,0.184059,0.156951,0.121315,0.131453,0.0967707,0.0814778,0.0678051,0.0613381,0.0464984,0.024394,0.0222942,-0.0014222,-0.0159123,0.604667
75259,75409,75334,0.476816,0.262149,0.130045,0.0448445,0.0105415,-0.0250841,-0.057839,-0.0692834,-0.07514,-0.085007,-0.101483,-0.100206,-0.103705,-0.101738,-0.101571,-0.107941,-0.119347,-0.105195,-0.120666,-0.109623,-0.12467,0.0332451
75409,75559,75484,5.13783,3.02772,2.2948,1.41411,0.994651,0.700298,0.534749,0.400529,0.295917,0.245646,0.229751,0.172613,0.158075,0.131691,0.112919,0.0988796,0.100855,0.0744484,0.0734031,0.0595556,0.0477034,1.24824
75560,75710,75635,2.97997,2.10391,1.66476,1.17273,0.954804,0.750495,0.580342,0.491244,0.430172,0.367206,0.351789,0.322451,0.287964,0.264941,0.248613,0.231778,0.21679,0.197779,0.206553,0.177183,0.15995,1.11165
75710,75860,75785,2.2832,2.06237,1.31826,0.912047,0.697356,0.523127,0.417895,0.348598,0.285274,0.237365,0.210609,0.187929,0.170788,0.143991,0.134726,0.126262,0.121277,0.0924356,0.111061,0.0716119,0.0625313,0.85199
75861,76012,75936,2.44626,1.81328,1.28585,0.9241,0.735221,0.608892,0.506947,0.44171,0.378535,0.332753,0.326272,0.303931,0.275533,0.272361,0.259302,0.24646,0.239286,0.21203,0.225233,0.186147,0.188,0.874609
76012,76162,76087,0.742638,0.563185,0.490165,0.361831,0.298531,0.236693,0.200706,0.184729,0.163035,0.142116,0.131692,0.123973,0.104622,0.108964,0.107754,0.101059,0.0960122,0.0846691,0.0873176,0.0409105,0.0583746,0.32523
76163,76313,76238,-0.903999,-0.800255,-0.774663,-0.618073,-0.528455,-0.495367,-0.451871,-0.42632,-0.403565,-0.355378,-0.39562,-0.358666,-0.320811,-0.320727,-0.317332,-0.295361,-0.294242,-0.22043,-0.243169,-0.215715,-0.00956737,-0.612312
76313,76463,76388,-1.95763,-1.38525,-1.02087,-0.999443,-0.911582,-0.869561,-0.788199,-0.706062,-0.679129,-0.633651,-0.586456,-0.597635,-0.574939,-0.586226,-0.485636,-0.538608,-0.5041,-0.428425,-0.423592,-0.419381,-0.145146,-0.974557
76464,76614,76539,-2.46824,-1.57053,-1.28341,-1.23995,-1.08485,-1.03624,-0.983051,-0.894062,-0.862087,-0.832227,-0.830703,-0.731543,-0.748092,-0.764659,-0.731906,-0.644631,-0.607868,-0.553119,-0.587215,-0.527888,-0.201535,-1.1986
76614,76764,76689,-1.80398,-1.22534,-1.29723,-1.18734,-1.13761,-1.05482,-1.05322,-0.998686,-1.017,-1.00728,-1.00523,-1.0566,-0.965305,-0.907407,-1.02802,-0.940819,-0.881501,-0.805609,-0.92508,-0.819638,-0.269545,-1.16803
76765,76915,76840,-1.8423,-1.50967,-1.43286,-1.34795,-1.18449,-1.15111,-1.07568,-1.00869,-0.921253,-0.829777,-0.884344,-0.910845,-0.861335,-0.754432,-0.738915,-0.713812,-0.626928,-0.615262,-0.662056,-0.579151,-0.207536,-1.2971
76915,77065,76990,-2.22277,-1.51351,-1.31056,-1.25555,-1.19863,-1.06473,-1.02391,-0.972491,-0.899989,-0.889282,-0.958234,-0.872124,-0.859536,-0.756972,-0.737589,-0.690432,-0.68313,-0.611518,-0.667163,-0.567466,-0.282732,-1.26219
77066,77216,77141,-1.91103,-1.66354,-1.59446,-1.40569,-1.29964,-1.17385,-1.0944,-1.03017,-0.942904,-0.900045,-0.959637,-0.959883,-0.876511,-0.877021,-0.720427,-0.73726,-0.764336,-0.653132,-0.680751,-0.629463,-0.259284,-1.35044
77216,77366,77291,-1.43961,-1.34675,-1.27367,-1.19973,-1.15175,-1.15136,-1.06488,-1.06692,-1.01688,-1.0091,-1.01268,-1.10345,-1.03974,-0.916241,-0.926026,-1.07255,-0.996042,-0.90928,-1.01122,-0.852086,-0.245848,-1.19851
77367,77517,77442,-1.39518,-1.29485,-1.32392,-1.18568,-1.12649,-1.13814,-1.06037,-1.04635,-1.04692,-1.02465,-1.04211,-0.952995,-1.00673,-0.909243,-0.909937,-0.99194,-0.953064,-0.79308,-0.931666,-0.813789,-0.266433,-1.19895
77518,77668,77593,-1.57684,-1.11226,-1.02355,-0.987036,-0.943676,-0.918214,-0.866262,-0.86021,-0.794091,-0.748208,-0.820306,-0.730137,-0.716861,-0.726974,-0.659556,-0.721972,-0.706785,-0.553114,-0.601288,-0.593708,-0.278,-1.001
77668,77818,77743,-0.784993,-0.579335,-0.49717,-0.405356,-0.360815,-0.323072,-0.306836,-0.284507,-0.27476,-0.257384,-0.253262,-0.244647,-0.243264,-0.237473,-0.231723,-0.216395,-0.213614,-0.224812,-0.214323,-0.238639,-0.216566,-0.398481
77819,77985,77902,8.70396,6.26663,4.23477,3.04562,2.32069,1.92911,1.45913,1.20568,0.982669,0.797523,0.722128,0.58763,0.517995,0.489509,0.39742,0.330713,0.312126,0.24047,0.246729,0.183524,0.103832,2.96266
77986,78136,78061,30.5836,16.7741,10.6596,7.57431,5.72123,4.20924,3.25881,2.53617,2.12144,1.74063,1.52708,1.40364,1.14131,1.03118,0.984359,0.940183,0.828792,0.706139,0.774912,0.690138,0.581698,6.98783
78137,78287,78212,11.4113,6.35982,5.3734,3.66676,2.72573,2.163,1.7338,1.48287,1.19271,1.02767,1.03769,0.78164,0.717906,0.634842,0.565833,0.580562,0.536018,0.443093,0.462952,0.369267,0.292479,3.29227
78295,78449,78372,18.1252,16.6357,11.709,10.2407,8.12662,7.25417,6.41598,5.43844,4.63554,4.20332,4.27031,3.65302,3.3299,2.81606,2.88937,2.63704,2.36933,2.05063,2.00196,1.83563,1.00629,9.58842
78454,78604,78529,20.897,13.1819,9.36023,6.23494,4.43734,3.42672,2.74592,2.34351,1.9492,1.64752,1.55207,1.33317,1.2473,1.08583,0.986845,0.913756,0.86372,0.797313,0.812992,0.69083,0.65146,5.5533
78605,78755,78680,8.10636,4.51357,3.94726,3.35284,2.68988,2.37613,2.15156,1.80035,1.649,1.4578,1.56281,1.21922,1.26287,1.08606,0.997078,1.01436,0.94397,0.775708,0.869959,0.717684,0.41418,3.08605
78755,78905,78830,2.62775,1.95593,1.74434,1.33819,1.14444,0.919544,0.830955,0.734287,0.638273,0.574227,0.557587,0.459041,0.478409,0.449226,0.405732,0.344594,0.340816,0.265667,0.291897,0.240102,0.148231,1.26432
78906,79056,78981,0.0763323,0.0730779,0.0827847,0.0700311,0.0800523,0.068963,0.0668951,0.0776021,0.0819937,0.0708494,0.0723856,0.0777421,0.0790418,0.0722208,0.0786868,0.0643336,0.080788,0.074474,0.0722312,0.0474477,0.0639347,0.0639347
79057,79207,79132,-1.57718,-0.793497,-0.708453,-0.505838,-0.432324,-0.352053,-0.293326,-0.267802,-0.242118,-0.190534,-0.190344,-0.184457,-0.163582,-0.162724,-0.153772,-0.133707,-0.122758,-0.105692,-0.106024,-0.132533,-0.0827566,-0.49654
79207,79357,79282,-1.19133,-0.725592,-0.583354,-0.465341,-0.377711,-0.32222,-0.270161,-0.256028,-0.225145,-0.214876,-0.202364,-0.206502,-0.196767,-0.183633,-0.182432,-0.184399,-0.177099,-0.164462,-0.174871,-0.187631,-0.165018,-0.436813
79358,79508,79433,-1.14078,-0.863357,-0.687769,-0.522771,-0.446406,-0.387598,-0.339807,-0.31236,-0.271908,-0.248588,-0.240361,-0.231602,-0.202232,-0.20469,-0.194676,-0.194029,-0.187764,-0.172048,-0.174839,-0.188622,-0.164419,-0.526141
79509,79659,79584,-0.304294,-0.165973,-0.136415,-0.0934476,-0.0828134,-0.0640837,-0.0509671,-0.0515896,-0.041618,-0.0418176,-0.0293009,-0.0201363,-0.0242325,-0.0250454,-0.0192558,-0.0100789,-0.0261658,-0.0232699,-0.0192899,-0.0476545,-0.0178213,-0.106928
79659,79809,79734,1.14234,0.625541,0.447382,0.303405,0.229519,0.197613,0.165834,0.155046,0.130871,0.120387,0.113843,0.107412,0.110808,0.104772,0.103312,0.103256,0.103729,0.106192,0.108372,0.0807195,0.0871662,0.277347
79810,79960,79885,2.19582,1.83316,1.53736,1.26416,1.05772,0.931242,0.803467,0.740236,0.687465,0.632567,0.596926,0.564458,0.511179,0.512114,0.46338,0.453376,0.447279,0.360033,0.37842,0.331357,0.26203,1.17913
