Data/Raw/WEBER,RODNEY/FIREXAQ-SAGA-MC-BrC_DC8_20190826_R0.ict
56, 1001
Weber, Rodney
Georgia Institute of Technology
Water soluble brown carbon measured with mist chamber-LWCC
FIREXAQ
1, 1
2019, 08, 26, 2020, 03, 06
0
Time_Start, seconds_past_midnight, Time_Start, seconds_past_midnight
24
1, 1, 1, 1, 1, 1, 1, 1, 1, 1, 1, 1, 1, 1, 1, 1, 1, 1, 1, 1, 1, 1, 1, 1
-9999, -9999, -9999, -9999, -9999, -9999, -9999, -9999, -9999, -9999, -9999, -9999, -9999, -9999, -9999, -9999, -9999, -9999, -9999, -9999, -9999, -9999, -9999, -9999
Time_Stop, seconds_past_midnight, Time_Stop, seconds_past_midnight
Time_Mid, seconds_past_midnight, Time_Mid, seconds_past_midnight
WSAbs300, Mm-1, AerOpt_AbsorptionBrC_InSitu_UVtoRed_None_Bulk_STP, Water Soluble Brown Carbon absorption at 300 nm
WSAbs320, Mm-1, AerOpt_AbsorptionBrC_InSitu_UVtoRed_None_Bulk_STP, Water Soluble Brown Carbon absorption at 320 nm
WSAbs340, Mm-1, AerOpt_AbsorptionBrC_InSitu_UVtoRed_None_Bulk_STP, Water Soluble Brown Carbon absorption at 340 nm
WSAbs360, Mm-1, AerOpt_AbsorptionBrC_InSitu_UVtoRed_None_Bulk_STP, Water Soluble Brown Carbon absorption at 360 nm
WSAbs380, Mm-1, AerOpt_AbsorptionBrC_InSitu_UVtoRed_None_Bulk_STP, Water Soluble Brown Carbon absorption at 380 nm
WSAbs400, Mm-1, AerOpt_AbsorptionBrC_InSitu_UVtoRed_None_Bulk_STP, Water Soluble Brown Carbon absorption at 400 nm
WSAbs420, Mm-1, AerOpt_AbsorptionBrC_InSitu_UVtoRed_None_Bulk_STP, Water Soluble Brown Carbon absorption at 420 nm
WSAbs440, Mm-1, AerOpt_AbsorptionBrC_InSitu_UVtoRed_None_Bulk_STP, Water Soluble Brown Carbon absorption at 440 nm
WSAbs460, Mm-1, AerOpt_AbsorptionBrC_InSitu_UVtoRed_None_Bulk_STP, Water Soluble Brown Carbon absorption at 460 nm
WSAbs480, Mm-1, AerOpt_AbsorptionBrC_InSitu_UVtoRed_None_Bulk_STP, Water Soluble Brown Carbon absorption at 480 nm
WSAbs500, Mm-1, AerOpt_AbsorptionBrC_InSitu_UVtoRed_None_Bulk_STP, Water Soluble Brown Carbon absorption at 500 nm
WSAbs520, Mm-1, AerOpt_AbsorptionBrC_InSitu_UVtoRed_None_Bulk_STP, Water Soluble Brown Carbon absorption at 520 nm
WSAbs540, Mm-1, AerOpt_AbsorptionBrC_InSitu_UVtoRed_None_Bulk_STP, Water Soluble Brown Carbon absorption at 540 nm
WSAbs560, Mm-1, AerOpt_AbsorptionBrC_InSitu_UVtoRed_None_Bulk_STP, Water Soluble Brown Carbon absorption at 560 nm
WSAbs580, Mm-1, AerOpt_AbsorptionBrC_InSitu_UVtoRed_None_Bulk_STP, Water Soluble Brown Carbon absorption at 580 nm
WSAbs600, Mm-1, AerOpt_AbsorptionBrC_InSitu_UVtoRed_None_Bulk_STP, Water Soluble Brown Carbon absorption at 600 nm
WSAbs620, Mm-1, AerOpt_AbsorptionBrC_InSitu_UVtoRed_None_Bulk_STP, Water Soluble Brown Carbon absorption at 620 nm
WSAbs640, Mm-1, AerOpt_AbsorptionBrC_InSitu_UVtoRed_None_Bulk_STP, Water Soluble Brown Carbon absorption at 640 nm
WSAbs660, Mm-1, AerOpt_AbsorptionBrC_InSitu_UVtoRed_None_Bulk_STP, Water Soluble Brown Carbon absorption at 660 nm
WSAbs680, Mm-1, AerOpt_AbsorptionBrC_InSitu_UVtoRed_None_Bulk_STP, Water Soluble Brown Carbon absorption at 680 nm
WSAbs700, Mm-1, AerOpt_AbsorptionBrC_InSitu_UVtoRed_None_Bulk_STP, Water Soluble Brown Carbon absorption at 700 nm
WSAbs365, Mm-1, AerOpt_AbsorptionBrC_InSitu_UVtoRed_None_Bulk_STP, Water Soluble Brown Carbon absorption at 365 nm
0
18
PI_CONTACT_INFO: rweber@eas.gatech.edu
PLATFORM: NASA DC-8 aircraft
LOCATION: Aircraft location is given by the navigational file
ASSOCIATED_DATA: N/A
[...]
DATA_INFO: Samples collected by mist chamber were injected through 0.22 pore size syringe filter and then a 2.5 m path length LWCC, and light absorption was measured by Ocean Optics USB4000 spectrometer. Absorption from 300 to 700 nm were recorded. Absorption of pure solvent was subtracted from the sample. Raw absorption data were processed by the equation Abs=Raw*(Volume of liquid in the mist chamber)/(Volume of air collected at STP)/(Optical Path Length, 2.5m here)*ln(10). Data reported here were averaged over 20 nm wavelength intervals. i.e. absorption at 400 nm were average by absorption data between 390 nm to 410 nm. All data have been blank corrected by averaging all blank filter in this mission (2-3 blank filters per flight). Data are reported under STP, which is T=273K & p=1013 mb. When using the data, the absorption had better to corrected by higher wavelength, ie Abs700 for baseline drift. UNCERTAINTY: Data may have smearing issues. If we do not account for smearing or blank, the uncertainty is ~5%
UNCERTAINTY: Data may have smearing issues. If we do not account for smearing or blank, the uncertainty is ~5%
ULOD_FLAG: -7777
ULOD_VALUE: N/A
LLOD_FLAG: -8888
LLOD_VALUE: N/A
DM_CONTACT_INFO: lhzeng@gatech.edu
PROJECT_INFO: FIREX-AQ, 2019
STIPULATIONS_ON_USE: Use of these data require prior ok from PI.
OTHER_COMMENTS: N/A
REVISION: R0
RA: Preliminary Data.  For in-field use only.
Time_Start, Time_Stop, Time_Mid, WSAbs300, WSAbs320, WSAbs340, WSAbs360, WSAbs380, WSAbs400, WSAbs420, WSAbs440, WSAbs460, WSAbs480, WSAbs500, WSAbs520, WSAbs540, WSAbs560, WSAbs580, WSAbs600, WSAbs620, WSAbs640, WSAbs660, WSAbs680, WSAbs700, WSAbs365
60795,60945,60870,5.31355,3.3101,2.4622,2.08924,1.64045,1.46925,1.27584,1.11036,0.96593,0.864714,0.853365,0.729043,0.721479,0.700606,0.633706,0.623026,0.586679,0.475723,0.490417,0.421995,0.343575,1.90684
60945,61095,61020,1.61462,1.32113,1.20904,0.972952,0.887342,0.813276,0.755636,0.668732,0.653786,0.621231,0.575375,0.559891,0.524841,0.555869,0.52871,0.505703,0.480714,0.466932,0.456668,0.380222,0.365685,0.952482
61096,61246,61171,1.43542,1.21633,1.13642,0.96948,0.858654,0.816257,0.766547,0.731925,0.670909,0.648679,0.671098,0.619691,0.605775,0.595309,0.579988,0.563369,0.550541,0.542308,0.547472,0.491533,0.481953,0.927532
61246,61396,61321,0.440956,0.447422,0.423711,0.416101,0.417048,0.421842,0.411309,0.412162,0.410603,0.401004,0.412574,0.395521,0.404358,0.405667,0.397564,0.398413,0.400547,0.391448,0.402327,0.377553,0.389884,0.408902
61397,61547,61472,-0.0586925,0.138167,0.203802,0.265651,0.2864,0.310696,0.332137,0.342518,0.335176,0.352525,0.361261,0.34584,0.359581,0.371537,0.367546,0.362704,0.373122,0.375104,0.37747,0.335605,0.362944,0.262126
61547,61697,61622,0.218473,0.281765,0.335627,0.36873,0.378246,0.397991,0.419111,0.419529,0.436669,0.442753,0.435123,0.450934,0.449789,0.455846,0.44888,0.459551,0.465029,0.458819,0.468233,0.427414,0.470993,0.360761
61698,61848,61773,0.316888,0.354433,0.374509,0.381235,0.396069,0.398248,0.392671,0.398465,0.405952,0.392482,0.3908,0.401577,0.39882,0.406471,0.394733,0.407756,0.401898,0.403949,0.411187,0.34958,0.392401,0.371748
61848,61998,61923,1.10181,0.821582,0.730099,0.618597,0.583326,0.543894,0.514259,0.491389,0.474666,0.443799,0.457642,0.441919,0.432052,0.411266,0.422465,0.417247,0.404362,0.402728,0.392692,0.372043,0.373439,0.595485
61999,62149,62074,0.366201,0.309231,0.310304,0.286937,0.297443,0.288221,0.28538,0.274865,0.268668,0.284354,0.274454,0.269301,0.273597,0.265306,0.274348,0.268389,0.266941,0.273407,0.274187,0.228923,0.261774,0.283589
62149,62299,62224,0.305627,0.32527,0.3269,0.324069,0.321447,0.321964,0.331936,0.324945,0.337077,0.334396,0.335069,0.340533,0.328079,0.34415,0.340636,0.330878,0.339636,0.342486,0.33662,0.266561,0.327808,0.316882
62300,62450,62375,-0.508453,-0.108482,0.0627084,0.111832,0.163993,0.202555,0.231677,0.248013,0.259365,0.271678,0.275985,0.294527,0.286456,0.303504,0.297185,0.31885,0.306852,0.322829,0.310805,0.277508,0.316931,0.116208
62451,62601,62526,-0.0801587,-0.0242685,0.0597079,0.100237,0.137106,0.149562,0.181193,0.185239,0.213473,0.207539,0.223083,0.21776,0.218667,0.227065,0.234112,0.237097,0.231919,0.2501,0.244008,0.204992,0.24526,0.100333
62601,62751,62676,-1.09305,-0.347866,-0.197003,-0.0211152,0.0550985,0.125004,0.173128,0.203092,0.217934,0.238843,0.245539,0.250587,0.25517,0.264038,0.266932,0.264485,0.27783,0.271745,0.287307,0.23705,0.276636,-0.00987985
62752,62902,62827,0.361211,0.344257,0.312927,0.295708,0.30332,0.297927,0.279426,0.273394,0.270456,0.274752,0.276761,0.263657,0.267687,0.269567,0.273039,0.264689,0.269182,0.266724,0.2673,0.220388,0.249,0.292385
62902,63052,62977,4.70592,3.19773,2.23709,1.69188,1.2707,0.989808,0.805642,0.660648,0.578658,0.497086,0.468911,0.416664,0.38466,0.334115,0.323565,0.313048,0.28634,0.248832,0.258692,0.225822,0.196894,1.5241
63053,63203,63128,1.02914,0.699696,0.587167,0.495848,0.468174,0.445757,0.431606,0.416926,0.397171,0.409257,0.407005,0.390089,0.383729,0.398532,0.389728,0.390477,0.381859,0.38721,0.381114,0.333028,0.373984,0.482024
63203,63353,63278,1.97428,1.274,1.05222,0.843045,0.768121,0.703559,0.637191,0.604783,0.558631,0.543574,0.519358,0.484458,0.481373,0.454452,0.473486,0.438289,0.44887,0.417786,0.423421,0.370391,0.372018,0.823191
63354,63504,63429,1.37839,1.16096,0.893939,0.779728,0.710807,0.645203,0.60499,0.572868,0.545357,0.537274,0.518307,0.518414,0.503872,0.509371,0.501117,0.498379,0.481629,0.472653,0.474523,0.411622,0.459707,0.758113
63504,63654,63579,2.38312,1.97758,1.56762,1.36419,1.25041,1.07792,1.04208,0.93275,0.876493,0.828265,0.836033,0.79145,0.783762,0.721937,0.711306,0.697666,0.668433,0.628796,0.65696,0.566753,0.538738,1.32732
63655,63805,63730,2.65287,2.14303,1.78689,1.55688,1.34997,1.23948,1.13819,1.07123,1.01277,0.934631,0.884459,0.896496,0.866914,0.810718,0.823223,0.764376,0.755941,0.727414,0.729566,0.639002,0.630115,1.49754
63806,63956,63881,8.76917,7.14274,6.61346,4.98876,4.2212,3.74307,3.17325,2.82125,2.54976,2.4005,2.25981,2.29308,2.01333,1.86863,1.80688,1.60468,1.4964,1.31707,1.43325,1.29169,0.867921,4.74018
63956,64106,64031,4.8193,2.70486,2.36146,2.01558,1.76439,1.62613,1.45982,1.35918,1.28149,1.21711,1.13587,1.11576,1.1196,1.04876,1.00815,1.00745,0.976308,0.894272,0.938232,0.860064,0.801074,1.96342
64107,64257,64182,58.1422,32.7001,24.2641,15.8047,12.6556,9.48481,8.1475,6.53042,5.45945,4.61252,4.40096,4.08392,3.38778,3.07525,2.89948,2.60776,2.45729,2.19134,2.20516,2.01676,1.59661,14.9245
64258,64408,64333,16.1092,8.06202,5.16736,3.60061,2.89055,2.29157,1.8845,1.63334,1.43886,1.3137,1.21797,1.17511,1.10238,1.06074,1.01422,0.987601,0.959583,0.931234,0.942201,0.814792,0.876778,3.44809
64408,64558,64483,15.6791,6.90285,6.32449,4.44311,3.43769,2.95271,2.43733,2.08855,1.87441,1.65566,1.50473,1.44806,1.3033,1.20603,1.18026,1.08921,1.02017,0.910248,0.949213,0.818434,0.757778,4.13
64559,64709,64634,12.2655,6.23563,4.36915,3.38208,2.80464,2.27796,1.98879,1.70276,1.53794,1.46427,1.40987,1.29964,1.26397,1.23251,1.1932,1.16519,1.13844,1.09779,1.11434,1.05508,1.04602,3.22042
64710,64860,64785,3.75019,2.39824,2.17768,1.96015,1.68265,1.50941,1.41777,1.31359,1.23897,1.17815,1.09906,1.0519,1.02038,1.03974,0.930145,0.908239,0.85198,0.835075,0.831492,0.728369,0.605966,1.8428
64860,65010,64935,6.81146,7.10745,5.63174,4.53006,3.8966,3.6861,3.21748,2.85416,2.68475,2.47609,2.55271,2.36796,2.20577,2.08147,1.84289,1.84993,1.80072,1.55138,1.69927,1.45185,1.09687,4.42073
65011,65161,65086,4.27688,3.28861,2.64269,1.99642,1.63927,1.43192,1.23368,1.13184,1.03257,0.95832,0.919047,0.868851,0.812119,0.817358,0.780042,0.771959,0.7417,0.696911,0.719212,0.59194,0.638389,1.90642
65161,65311,65236,18.5829,10.8077,10.1266,8.29379,7.21529,6.15351,5.53505,5.06124,4.60032,4.26789,4.20984,3.71443,3.67082,3.31148,3.39925,3.0583,2.79827,2.67453,2.81499,2.29197,1.54771,7.83054
65312,65462,65387,8.00538,6.1416,5.57576,4.43839,4.13835,3.49769,3.04088,2.77438,2.55057,2.25041,2.12535,2.123,2.07348,1.81415,1.67148,1.73739,1.64566,1.3487,1.48255,1.32823,0.984152,4.42868
65463,65613,65538,12.5248,7.99101,5.39217,3.88655,3.06068,2.55526,2.18421,1.84695,1.69494,1.56961,1.48146,1.43552,1.38123,1.31996,1.28698,1.23709,1.22819,1.19402,1.20586,1.07878,1.13952,3.71183
65613,65763,65688,5.24049,4.42276,3.72333,3.42497,2.85165,2.71156,2.40904,2.2581,2.06354,1.89771,1.80999,1.66763,1.58525,1.55443,1.4506,1.42837,1.42992,1.24684,1.32599,1.12754,0.897163,3.19669
65764,65914,65839,3.99421,2.74662,2.42121,2.20202,1.97876,1.81831,1.7209,1.63608,1.518,1.47015,1.40114,1.36226,1.35023,1.25843,1.22207,1.20418,1.19441,1.14731,1.1405,0.995998,0.929842,2.16399
65914,66064,65989,6.79057,4.39106,4.33035,3.44463,2.91816,2.51943,2.29864,2.016,1.93002,1.7278,1.76806,1.58332,1.56516,1.47134,1.36934,1.34727,1.21636,1.1651,1.14388,1.02927,0.877904,3.20739
66065,66215,66140,4.79623,3.17213,2.84781,2.33638,2.11913,1.96707,1.8093,1.69907,1.58973,1.49841,1.44668,1.44137,1.3477,1.34294,1.30423,1.21692,1.24205,1.13264,1.15197,1.05333,0.905472,2.2553
66216,66366,66291,6.11056,4.32242,3.2985,2.88041,2.40315,2.16629,1.86038,1.63931,1.56034,1.38446,1.31459,1.31182,1.22618,1.15006,1.14086,1.03209,1.03881,0.91099,0.947878,0.850385,0.767596,2.69493
66366,66516,66441,3.29722,2.44431,2.04074,1.66862,1.46486,1.34446,1.24087,1.18205,1.10603,1.07467,1.05868,1.01577,1.00444,0.962711,0.969002,0.958447,0.934191,0.905277,0.934517,0.795734,0.869265,1.59075
66517,66667,66592,4.30422,2.34071,1.8233,1.47361,1.24238,1.10816,1.00047,0.930342,0.893463,0.855883,0.827021,0.833993,0.806707,0.805538,0.784851,0.791834,0.775635,0.772536,0.779538,0.649407,0.75246,1.37368
66667,66817,66742,2.90492,2.28291,1.83836,1.52749,1.30152,1.17703,1.1063,1.02542,0.972719,0.959668,0.950899,0.924513,0.902843,0.88644,0.875668,0.860979,0.849212,0.842146,0.839587,0.755193,0.817293,1.44598
66818,66968,66893,2.20864,1.51137,1.27373,1.17841,1.10818,1.04,0.983776,0.950303,0.912528,0.889684,0.892792,0.864453,0.848477,0.843017,0.823503,0.820002,0.816985,0.797684,0.79999,0.678872,0.754204,1.14926
66968,67118,67043,3.78644,2.44016,1.91188,1.64286,1.43425,1.29273,1.20097,1.14011,1.1,1.06703,1.04113,1.00979,1.00015,0.992342,0.975741,0.965134,0.950719,0.947647,0.947876,0.887636,0.916886,1.58054
67119,67269,67194,1.73835,1.66272,1.35508,1.28444,1.18838,1.08402,1.05745,0.987275,0.936651,0.917762,0.890294,0.893532,0.867876,0.838798,0.832157,0.816247,0.796899,0.767749,0.780328,0.714329,0.689956,1.22846
67269,67420,67344,10.7367,5.92132,4.26491,3.09177,2.55738,2.07788,1.75441,1.54926,1.43154,1.30228,1.30579,1.16193,1.12415,1.10114,1.06834,1.0461,1.01575,0.98389,0.991384,0.905565,0.924988,2.8983
67420,67570,67495,5.23608,3.17254,2.25004,1.95654,1.71489,1.52691,1.38965,1.28679,1.19667,1.13713,1.08626,1.05244,1.01014,0.980891,0.961093,0.935521,0.935436,0.899227,0.905639,0.809366,0.825811,1.88149
67571,67721,67646,2.3346,2.17298,1.8264,1.54162,1.32623,1.22249,1.15755,1.08522,1.00689,0.961986,0.966729,0.922652,0.893186,0.873647,0.844112,0.834155,0.817028,0.800075,0.811307,0.712226,0.735086,1.47017
67721,67871,67796,17.6263,9.04066,6.64957,4.94604,3.80207,3.14296,2.65135,2.2367,1.92118,1.70189,1.62444,1.48574,1.39935,1.26401,1.23056,1.18312,1.17345,1.07605,1.11178,0.978343,0.974968,4.62891
67872,68022,67947,2.42527,1.79638,1.6968,1.46895,1.32843,1.27434,1.18829,1.12106,1.09541,1.03074,1.06613,0.991797,0.997995,0.941253,0.924284,0.934305,0.890138,0.85893,0.863341,0.744013,0.748433,1.41762
68022,68172,68097,3.4546,2.5587,1.86155,1.62829,1.40579,1.20833,1.12233,1.04466,0.992246,0.941785,0.91294,0.908078,0.863594,0.852534,0.847699,0.823157,0.820597,0.793459,0.801504,0.746293,0.752626,1.52454
68173,68323,68248,0.646752,0.717771,0.761233,0.78301,0.78439,0.79586,0.820435,0.82237,0.832816,0.825041,0.826901,0.8382,0.847475,0.838245,0.841794,0.842012,0.841603,0.848077,0.843542,0.725524,0.853936,0.768541
68323,68476,68400,-0.0427852,0.348315,0.558712,0.632255,0.671144,0.714117,0.742257,0.766956,0.777475,0.786443,0.787376,0.798935,0.794579,0.793591,0.798881,0.81425,0.807769,0.819061,0.821174,0.724753,0.811009,0.623092
68486,68636,68561,-0.142372,0.199748,0.381695,0.475914,0.535959,0.590372,0.644434,0.658597,0.677164,0.710399,0.695615,0.724083,0.721581,0.739926,0.733227,0.756268,0.751724,0.771258,0.779156,0.734977,0.786654,0.490382
68637,68787,68712,0.195942,0.324576,0.435292,0.483852,0.536138,0.560106,0.590817,0.597168,0.627211,0.633316,0.646124,0.641105,0.65845,0.659198,0.68036,0.686424,0.701572,0.703038,0.696525,0.597501,0.726925,0.491442
68788,68938,68863,0.189767,0.422368,0.492536,0.574076,0.604835,0.622536,0.635125,0.640461,0.656206,0.658609,0.657491,0.655028,0.671343,0.668519,0.668535,0.673925,0.672726,0.668689,0.674276,0.626743,0.661308,0.566835
68939,69089,69014,0.671645,0.657564,0.654928,0.645409,0.650987,0.654286,0.649725,0.650437,0.645311,0.649441,0.647526,0.640116,0.651027,0.641472,0.646617,0.648425,0.654588,0.648551,0.634963,0.602803,0.63383,0.642633
69090,69240,69165,2.53538,1.46625,1.23076,1.06105,0.944063,0.882399,0.848676,0.803032,0.786227,0.762243,0.768767,0.745444,0.746022,0.731967,0.729955,0.724018,0.735797,0.715679,0.717821,0.608962,0.70601,1.01257
69240,69390,69315,1.99916,1.6061,1.31501,1.19403,1.06874,0.980971,0.949518,0.882034,0.865638,0.816504,0.83091,0.801181,0.771021,0.769039,0.736325,0.7343,0.725782,0.698498,0.707856,0.626404,0.634703,1.13899
69391,69541,69466,12.2165,8.46735,6.29257,5.20854,4.67339,3.9252,3.37941,3.0184,2.79531,2.51067,2.31887,2.23834,2.06767,2.04726,1.81831,1.75324,1.66787,1.46122,1.54404,1.39331,1.04435,5.1708
69541,69692,69616,2.06826,1.95102,1.66483,1.47678,1.34195,1.23608,1.15568,1.08642,1.03138,1.00564,0.983734,0.986912,0.93578,0.935252,0.892013,0.889005,0.882482,0.850106,0.864967,0.738567,0.783778,1.41253
69692,69842,69767,7.43365,4.25222,2.79399,2.16197,1.7302,1.45329,1.29428,1.16351,1.10002,1.02906,0.995226,0.958046,0.930236,0.92114,0.911751,0.891713,0.886652,0.876772,0.877514,0.798412,0.845981,2.01543
69843,69993,69918,3.50321,2.3578,2.22134,1.89503,1.76849,1.60321,1.47627,1.39971,1.34703,1.26969,1.27164,1.23271,1.18886,1.16045,1.07048,1.03941,1.00743,0.991537,0.982183,0.854415,0.786507,1.85823
69994,70144,70069,20.305,11.3369,7.46668,5.27823,4.14933,3.21327,2.61249,2.29633,1.98939,1.73945,1.66369,1.55555,1.49467,1.41309,1.31396,1.27683,1.26959,1.19985,1.23248,1.07108,1.13745,5.03132
70144,70294,70219,2.36181,1.69744,1.56164,1.37339,1.23687,1.16714,1.11565,1.05848,1.00013,0.984333,0.937473,0.951978,0.91898,0.901946,0.868685,0.861018,0.855318,0.81892,0.809125,0.722202,0.720077,1.32872
70295,70445,70370,3.39532,2.54009,2.35871,2.04487,1.8156,1.68197,1.55465,1.46792,1.3881,1.3461,1.29484,1.23501,1.19973,1.18542,1.18696,1.13377,1.11354,1.0582,1.07874,0.923744,0.948586,1.94367
70445,70595,70520,3.78198,3.2355,3.09196,2.42143,2.26263,2.04529,1.93813,1.80228,1.72282,1.59059,1.56472,1.5266,1.45893,1.40543,1.33272,1.2987,1.33016,1.21575,1.22962,1.05868,0.963723,2.42282
70596,70746,70671,0.931194,0.885774,0.873411,0.864265,0.865673,0.858296,0.864456,0.856785,0.859394,0.851286,0.862582,0.860303,0.856714,0.842362,0.858968,0.845245,0.841822,0.848964,0.848335,0.781954,0.840206,0.857709
70746,70896,70821,0.833715,0.818477,0.813381,0.8085,0.800265,0.798823,0.802411,0.81219,0.795173,0.796184,0.803771,0.799757,0.802583,0.805294,0.809652,0.792954,0.809887,0.798066,0.797943,0.705435,0.79016,0.799915
70897,71047,70972,0.0985001,0.444728,0.502589,0.583251,0.635769,0.655954,0.673329,0.678249,0.7017,0.715341,0.717776,0.707632,0.711513,0.731636,0.731243,0.723461,0.734544,0.736045,0.737006,0.674569,0.736,0.587023
71047,71197,71122,0.368194,0.455878,0.506596,0.534475,0.553778,0.569345,0.577914,0.58364,0.571724,0.5886,0.589264,0.589029,0.580389,0.590045,0.586303,0.593383,0.583037,0.597352,0.592482,0.515527,0.5811,0.53057
71198,71348,71273,2.6414,1.71749,1.33373,1.13342,1.01651,0.937485,0.876791,0.843791,0.813916,0.805751,0.779083,0.773866,0.765089,0.758013,0.763866,0.74388,0.73899,0.747158,0.747999,0.66248,0.719228,1.10393
71349,71499,71424,3.5056,3.0505,2.31502,1.82548,1.5671,1.34309,1.24942,1.14081,1.04151,0.990535,0.945125,0.933803,0.905176,0.867066,0.855532,0.83633,0.832483,0.806866,0.806543,0.691293,0.752215,1.7301
71499,71649,71574,2.83269,2.17009,1.88979,1.74336,1.57843,1.44316,1.36371,1.2736,1.2002,1.14997,1.13489,1.10953,1.04203,1.03216,1.00536,0.98425,0.968844,0.909107,0.920188,0.850071,0.797001,1.66503
71650,71800,71725,2.31765,1.83349,1.66919,1.53341,1.38861,1.31147,1.23366,1.17812,1.13409,1.10839,1.11105,1.07872,1.00883,0.998964,0.975031,0.968444,0.964404,0.927275,0.920866,0.794479,0.843439,1.47811
71800,71950,71875,2.14308,1.59841,1.27152,1.15832,1.06195,0.986464,0.93708,0.904952,0.887566,0.871325,0.864069,0.835467,0.833968,0.84136,0.832879,0.836558,0.817557,0.814794,0.820798,0.717271,0.804659,1.11159
71951,72101,72026,1.98082,1.51403,1.41691,1.34991,1.27342,1.21871,1.17207,1.14663,1.11776,1.09713,1.11514,1.09392,1.0623,1.04115,1.04856,1.01937,1.02297,1.00749,1.00645,0.932068,0.945221,1.30876
72101,72251,72176,0.166628,0.369664,0.474368,0.517431,0.555728,0.590282,0.586883,0.621156,0.630939,0.644905,0.648301,0.649406,0.652286,0.657919,0.676416,0.670355,0.675123,0.68818,0.681643,0.588575,0.697348,0.518541
72252,72402,72327,2.52893,1.85161,1.62276,1.43477,1.31386,1.18944,1.1335,1.07208,1.02351,1.00291,0.984735,0.966304,0.952198,0.951283,0.921913,0.901185,0.894785,0.891401,0.89589,0.790631,0.847595,1.38195
72402,72552,72477,0.214011,0.416422,0.470039,0.494748,0.531884,0.555642,0.572524,0.578437,0.584226,0.593795,0.613404,0.603656,0.61826,0.623779,0.620748,0.613431,0.621566,0.639307,0.638046,0.561143,0.633372,0.503228
