Data/Raw/WEBER,RODNEY/FIREXAQ-SAGA-MC-BrC_DC8_20190807_R2.ict
58, 1001
Weber, Rodney
Georgia Institute of Technology
Brown carbon measured with SAGA filters
FIREXAQ
1, 1
2019, 08, 07, 2020, 04, 16
0
Time_Start, seconds_past_midnight, Time_Start, seconds_past_midnight
24
1, 1, 1, 1, 1, 1, 1, 1, 1, 1, 1, 1, 1, 1, 1, 1, 1, 1, 1, 1, 1, 1, 1, 1
-9999, -9999, -9999, -9999, -9999, -9999, -9999, -9999, -9999, -9999, -9999, -9999, -9999, -9999, -9999, -9999, -9999, -9999, -9999, -9999, -9999, -9999, -9999, -9999
Time_Stop, seconds_past_midnight, Time_Stop, seconds_past_midnight
Time_Mid, seconds_past_midnight, Time_Mid, seconds_past_midnight
WSAbs300, Mm-1, AerOpt_AbsorptionBrC_InSitu_UVtoRed_None_Bulk_STP, Water Soluble Brown Carbon absorption at 300 nm
WSAbs320, Mm-1, AerOpt_AbsorptionBrC_InSitu_UVtoRed_None_Bulk_STP, Water Soluble Brown Carbon absorption at 320 nm
WSAbs340, Mm-1, AerOpt_AbsorptionBrC_InSitu_UVtoRed_None_Bulk_STP, Water Soluble Brown Carbon absorption at 340 nm
WSAbs360, Mm-1, AerOpt_AbsorptionBrC_InSitu_UVtoRed_None_Bulk_STP, Water Soluble Brown Carbon absorption at 360 nm
WSAbs380, Mm-1, AerOpt_AbsorptionBrC_InSitu_UVtoRed_None_Bulk_STP, Water Soluble Brown Carbon absorption at 380 nm
WSAbs400, Mm-1, AerOpt_AbsorptionBrC_InSitu_UVtoRed_None_Bulk_STP, Water Soluble Brown Carbon absorption at 400 nm
WSAbs420, Mm-1, AerOpt_AbsorptionBrC_InSitu_UVtoRed_None_Bulk_STP, Water Soluble Brown Carbon absorption at 420 nm
WSAbs440, Mm-1, AerOpt_AbsorptionBrC_InSitu_UVtoRed_None_Bulk_STP, Water Soluble Brown Carbon absorption at 440 nm
WSAbs460, Mm-1, AerOpt_AbsorptionBrC_InSitu_UVtoRed_None_Bulk_STP, Water Soluble Brown Carbon absorption at 460 nm
WSAbs480, Mm-1, AerOpt_AbsorptionBrC_InSitu_UVtoRed_None_Bulk_STP, Water Soluble Brown Carbon absorption at 480 nm
WSAbs500, Mm-1, AerOpt_AbsorptionBrC_InSitu_UVtoRed_None_Bulk_STP, Water Soluble Brown Carbon absorption at 500 nm
WSAbs520, Mm-1, AerOpt_AbsorptionBrC_InSitu_UVtoRed_None_Bulk_STP, Water Soluble Brown Carbon absorption at 520 nm
WSAbs540, Mm-1, AerOpt_AbsorptionBrC_InSitu_UVtoRed_None_Bulk_STP, Water Soluble Brown Carbon absorption at 540 nm
WSAbs560, Mm-1, AerOpt_AbsorptionBrC_InSitu_UVtoRed_None_Bulk_STP, Water Soluble Brown Carbon absorption at 560 nm
WSAbs580, Mm-1, AerOpt_AbsorptionBrC_InSitu_UVtoRed_None_Bulk_STP, Water Soluble Brown Carbon absorption at 580 nm
WSAbs600, Mm-1, AerOpt_AbsorptionBrC_InSitu_UVtoRed_None_Bulk_STP, Water Soluble Brown Carbon absorption at 600 nm
WSAbs620, Mm-1, AerOpt_AbsorptionBrC_InSitu_UVtoRed_None_Bulk_STP, Water Soluble Brown Carbon absorption at 620 nm
WSAbs640, Mm-1, AerOpt_AbsorptionBrC_InSitu_UVtoRed_None_Bulk_STP, Water Soluble Brown Carbon absorption at 640 nm
WSAbs660, Mm-1, AerOpt_AbsorptionBrC_InSitu_UVtoRed_None_Bulk_STP, Water Soluble Brown Carbon absorption at 660 nm
WSAbs680, Mm-1, AerOpt_AbsorptionBrC_InSitu_UVtoRed_None_Bulk_STP, Water Soluble Brown Carbon absorption at 680 nm
WSAbs700, Mm-1, AerOpt_AbsorptionBrC_InSitu_UVtoRed_None_Bulk_STP, Water Soluble Brown Carbon absorption at 700 nm
WSAbs365, Mm-1, AerOpt_AbsorptionBrC_InSitu_UVtoRed_None_Bulk_STP, Water Soluble Brown Carbon absorption at 365 nm
0
20
PI_CONTACT_INFO: rweber@eas.gatech.edu
PLATFORM: NASA DC-8 aircraft
LOCATION: Aircraft location is given by the navigational file
ASSOCIATED_DATA: N/A
INSTRUMENT_INFO: UNH Mist Chamber, WPI LWCC, Ocean Optics USB4000 spectrometer
DATA_INFO: Samples collected by mist chamber were injected through 0.22 um pore size syringe filter and then a 2.5 m path length LWCC, and light absorption was measured by Ocean Optics USB4000 spectrometer. Absorption from 300 to 700 nm were recorded. Absorption of pure solvent was subtracted from the sample. Raw absorption data were processed by the equation Abs=Raw*(Volume of liquid in the mist chamber)/(Volume of air collected at STP)/(Optical Path Length, 2.5m here)*ln(10). Data reported here were averaged over 20 nm wavelength intervals. i.e. absorption at 400 nm were average by absorption data between 390 nm to 410 nm. All data have been blank corrected by averaging all blank filter in this mission (2-3 blank filters per flight). Data are reported under STP, which is T=273K & p=1013 mb. When using the data, the absorption had better to corrected by higher wavelength, ie Abs700 for baseline drift.
UNCERTAINTY: Data may have smearing issues. If we do not account for smearing or blank, the uncertainty is ~5%
ULOD_FLAG: -7777
ULOD_VALUE: N/A
LLOD_FLAG: -8888
LLOD_VALUE: N/A
DM_CONTACT_INFO: lhzeng@gatech.edu
PROJECT_INFO: FIREX-AQ, 2019
STIPULATIONS_ON_USE: Use of these data require prior ok from PI.
OTHER_COMMENTS: N/A
REVISION: R2
R2: Final Data
R1: Final Data
R0: Final Data
Time_Start, Time_Stop, Time_Mid, WSAbs300, WSAbs320, WSAbs340, WSAbs360, WSAbs380, WSAbs400, WSAbs420, WSAbs440, WSAbs460, WSAbs480, WSAbs500, WSAbs520, WSAbs540, WSAbs560, WSAbs580, WSAbs600, WSAbs620, WSAbs640, WSAbs660, WSAbs680, WSAbs700, WSAbs365
[from data line 80]
90050,90200,90125,37.5086,19.7288,15.9291,12.7118,9.81975,7.68387,6.41315,5.12494,4.03629,3.37316,3.39161,3.03147,2.26006,2.26064,1.90435,1.50613,1.4255,1.10307,1.1455,0.972921,0.423548,11.4358
90201,90351,90276,12.581,10.7752,8.10073,5.38165,4.15365,3.16979,2.59923,1.98821,1.52343,1.23533,1.06298,0.965034,0.676485,0.384559,0.269117,0.215922,0.129977,-0.0609859,-0.0151181,-0.0510345,-0.395964,5.13622
90351,90501,90426,31.1353,20.1465,16.5728,11.4065,8.8744,7.11684,5.69615,4.66833,3.91576,3.44168,3.32005,2.89966,2.27569,2.20017,1.89256,1.83985,1.42285,1.17662,1.28083,1.0579,0.553831,10.5616
90502,90652,90577,20.8672,10.8072,8.3453,5.79371,4.66411,3.5693,2.83692,2.40775,1.84846,1.49361,1.42894,1.33001,1.04686,0.834224,0.630336,0.616352,0.483911,0.299644,0.393978,0.269727,-0.00840939,5.65951
90653,90803,90728,23.4107,15.8941,9.34573,7.10491,5.12337,4.0602,2.91301,2.47156,1.96282,1.5534,1.46819,1.24084,0.971325,0.834817,0.708002,0.671412,0.633579,0.461519,0.494074,0.406795,0.308427,6.5712
90803,90953,90878,82.4628,59.1819,47.0792,35.0592,28.6158,23.3315,19.8219,15.8053,14.3525,12.4075,11.3607,10.7143,8.85667,8.42207,7.38956,7.3432,7.06103,5.62417,6.06829,5.30707,3.81647,33.3702
90954,91104,91029,867.642,510.353,373.101,270.912,210.727,169.524,141.037,120.519,102.758,90.7589,84.7482,77.935,70.1003,68.6283,65.2807,62.1971,58.9684,55.3675,56.1733,49.57,48.604,250.779
91104,91254,91179,89.2773,54.6301,55.5605,44.587,37.3792,34.7451,31.4964,27.2854,25.663,23.925,23.5779,23.1192,20.7195,19.1643,17.9441,17.4508,16.4903,13.443,13.831,12.4102,6.77656,41.9278
91255,91405,91330,254.777,157.815,121.107,94.899,81.9891,65.4241,57.7834,48.9671,41.961,37.4706,35.4705,32.7359,31.5163,26.3705,24.8712,24.3979,22.3546,20.224,21.0687,19.0497,14.7585,91.8091
91405,91555,91480,728.757,442.466,355.891,275.989,228.643,178.738,158.461,131.405,119.822,102.56,98.6364,90.7723,84.6465,76.2757,71.5524,69.0787,63.5756,56.403,58.5297,53.4857,42.6457,256.569
91556,91706,91631,241.535,125.625,109.218,78.3009,62.8629,48.1857,43.1585,34.386,30.3388,27.4551,25.0482,22.514,20.4903,19.9789,18.0325,15.462,15.4686,12.6302,13.2249,12.2054,9.38266,71.7769
91707,91857,91782,448.558,314.132,212.959,163.566,129.922,108.954,88.0681,74.3222,62.1334,56.409,51.2422,45.8094,41.0221,39.75,35.8441,34.1768,32.795,30.2457,30.702,27.17,25.0717,160.155
91857,92007,91932,629.061,380.757,300.704,240.7,195.721,165.584,143.46,123.172,111.839,94.2795,95.3964,79.8548,82.1228,72.8167,62.9578,61.2099,59.5857,51.0069,52.5256,46.7569,34.994,226.761
92008,92158,92083,212.057,161.01,111.427,76.697,63.5328,49.2437,40.9485,32.9788,28.2333,23.6056,21.6617,20.1144,18.4329,15.894,15.2885,13.7422,13.0072,10.8645,11.2359,9.78023,8.35689,74.0895
92158,92308,92233,446.551,370.666,290.735,258.73,239.822,216.736,196.119,174.796,157.767,148.76,142.812,134.793,125.483,114.525,116.537,103.752,103.682,93.5888,99.7595,84.8481,53.9719,258.244
92309,92459,92384,491.45,271.72,211.002,162.934,129.351,112.64,96.7421,86.0267,73.5462,64.4847,59.1304,59.4866,52.4478,50.9676,47.0245,43.5801,39.3617,32.0413,36.0451,31.8935,22.1569,154.479
92459,92610,92534,674.031,395.629,271.243,210.724,157.28,127.59,111.447,90.8621,77.7742,68.2757,68.7905,59.3874,52.3424,49.2832,47.1038,42.8322,42.6071,36.9834,38.4433,33.4658,29.1704,190.703
92610,92760,92685,591.433,388.747,280.687,232.415,186.618,148.194,127.06,103.578,88.8331,82.1341,78.746,71.9828,62.1999,59.6563,52.081,52.4536,47.8077,41.6619,43.3958,40.4291,33.1474,212.99
92761,92911,92836,227.303,143.641,101.936,70.531,58.9398,47.5242,38.9272,30.509,25.9876,22.4136,20.9449,18.9966,18.1487,15.9265,14.4157,12.7797,12.8587,10.3498,10.7831,9.53039,7.74283,68.9039
92911,93061,92986,493.893,272.663,190.306,141.215,115.715,95.8754,75.1654,67.961,58.5985,50.359,50.8221,41.7841,39.249,36.6498,32.4624,31.7846,29.9372,24.339,25.4213,23.1524,19.0975,135.359
93062,93212,93137,440.576,417.61,319.516,274.738,240.832,220.531,207.671,177.932,171.233,155.275,167.979,137.57,138.941,120.284,124.558,107.82,103.406,89.0807,93.8758,88.6218,53.6393,272.417
93212,93362,93287,244.68,109.823,92.6113,60.0255,49.1406,37.3132,30.3248,24.869,20.2009,17.2578,15.5926,14.1052,13.3462,11.8167,10.5137,10.0589,9.08941,8.38714,8.51126,7.62843,6.62547,57.6088
93363,93513,93438,277.241,234.397,173.059,131.732,104.611,86.0345,67.849,57.7077,49.0577,43.9328,44.9911,36.0915,33.3758,28.9577,26.6566,25.1955,25.0381,21.5047,22.1692,18.9399,14.8433,119.934
93513,93663,93588,737.164,459.051,331.249,245.129,192.786,162.566,138.178,112.832,101.836,88.6602,79.326,76.1361,67.2424,60.2749,56.6508,55.7593,54.5248,45.9471,46.9484,41.0416,35.3822,230.979
93664,93814,93739,333.646,147.528,125.017,88.6735,68.6545,50.714,43.5206,35.8814,30.5366,24.9935,23.52,21.0666,19.4409,17.6286,15.6887,15.2915,13.3005,11.7754,12.7417,10.9142,9.24087,80.369
93815,93965,93890,290.566,191.383,175.527,149.366,127.526,115.932,101.676,88.933,85.4979,74.4931,77.5609,76.0701,59.9395,62.1603,57.7354,48.437,47.8224,39.1055,41.7785,36.3885,13.2971,146.681
93965,94115,94040,122.132,64.0211,60.7581,42.5804,33.3464,27.9844,23.7105,20.7205,17.6387,14.8409,15.9032,14.0642,11.6848,11.0143,9.05969,9.22366,8.20723,6.75704,6.65536,6.19552,3.76322,40.078
94116,94266,94191,463.629,400.15,296.177,216.644,179.024,144.344,112.81,95.6864,84.1404,72.1291,71.3268,60.1016,57.4065,53.7571,45.713,45.8115,40.7314,37.0929,38.0224,34.9721,28.2928,204.324
94266,94416,94341,186.976,114.871,79.2401,63.0043,53.4042,43.217,36.9447,30.2088,25.9328,24.1191,22.6676,20.9119,18.5417,15.8858,14.359,13.1894,12.7654,10.6962,10.9908,9.85278,6.49602,60.4717
94417,94567,94492,897.414,482.502,364.537,256.395,199.813,155.8,126.433,105.446,91.6102,78.9606,72.8035,64.5403,59.7889,54.1225,52.3165,49.6797,46.5201,40.5787,41.1313,39.4114,34.1811,239.748
94568,94718,94643,544.232,334.529,262.032,207.889,176.249,143.574,126.115,105.183,95.3619,84.7665,82.0579,76.8359,69.4618,63.8297,59.6003,56.8187,51.5285,42.1298,43.6007,41.6883,29.5607,196.103
94718,94868,94793,370.31,209.283,153.834,119.073,89.4002,66.8985,54.2361,45.5661,37.7118,32.2873,31.7461,26.4865,24.5217,22.2425,19.1621,18.0248,18.374,15.7088,15.714,14.9805,12.833,108.428
94869,95019,94944,193.443,107.195,96.2543,78.052,69.97,59.0113,54.6309,45.7709,43.6727,39.8851,36.8264,34.1716,34.1174,33.259,31.153,24.5666,23.8343,22.3964,21.7106,19.0951,8.44699,74.0082
95019,95169,95094,190.042,129.078,84.1406,63.8825,48.649,37.2479,29.9732,24.5093,20.5044,16.2375,15.3528,13.7167,12.6168,10.0195,9.1758,8.98746,8.02063,6.55951,7.17584,6.43004,4.75899,57.5814
95170,95320,95245,123.879,58.0657,45.5764,32.6476,26.2112,19.5877,15.1459,12.3069,10.2328,8.97921,7.80219,7.1332,6.06995,5.54181,4.74486,3.95043,3.70149,3.03179,3.2028,2.93648,1.9546,30.8779
95321,95471,95396,72.7629,48.5454,38.3543,28.223,22.2747,17.3719,13.7073,11.3872,9.61506,7.91795,7.02909,5.94693,5.65936,5.48842,4.49994,4.38005,3.55636,2.6343,2.76016,2.47,1.2196,25.4578
95471,95621,95546,79.1974,55.5748,42.564,31.271,24.5932,20.1284,16.1189,13.4713,11.7971,9.75575,9.30121,8.48644,7.11532,5.95662,5.60313,5.12123,4.2954,3.37534,3.63309,3.16442,1.78412,30.8122
95622,95772,95697,130.716,65.3997,48.2241,35.6857,25.218,19.326,14.5967,12.0416,9.2896,7.78417,7.44624,5.65013,4.6361,4.57847,3.63236,3.3343,2.99194,2.18869,2.3423,2.0339,1.31271,32.2253
95772,95922,95847,66.4706,53.7296,48.9402,37.0434,33.1334,29.481,26.3317,21.5858,20.8895,18.0139,17.8595,17.0006,15.2715,14.2803,12.9379,11.9084,12.2392,9.41359,9.75095,8.40955,2.61749,36.105
95923,96073,95998,187.872,98.4991,77.2634,51.536,37.6946,28.1253,21.5654,16.5607,14.1715,11.0378,9.98397,8.60371,7.88145,5.93982,4.97727,5.04706,4.12689,2.97875,3.26366,2.84288,1.65323,46.1409
96073,96223,96148,132.172,72.1587,47.9189,38.1361,27.3921,23.0753,18.907,15.5547,12.9901,10.6177,9.67011,7.90358,7.31178,7.1507,6.34504,5.81642,5.16168,4.32478,4.46773,3.9972,2.85198,34.3713
96224,96374,96299,120.415,88.2115,61.8679,38.9172,30.5699,23.344,18.7579,15.0567,11.8704,9.72271,9.48748,7.41456,6.57429,5.3664,4.96882,4.28921,3.96614,3.01642,3.47256,2.86879,1.8153,37.3015
96374,96524,96449,282.934,196.268,161.942,115.86,102.985,80.9129,69.5643,64.2902,53.1976,47.0955,45.3517,43.493,40.5818,37.5466,33.509,30.8899,28.2027,24.4279,27.1752,22.4537,17.2529,114.821
96525,96675,96600,274.587,151.126,113.08,87.4158,68.9072,58.9814,49.6482,41.2438,36.7463,32.4951,32.4064,29.9572,23.2044,21.392,21.6436,18.9734,18.1668,15.4068,16.2136,14.1235,10.2689,82.0259
96675,96825,96750,431.99,269.78,193.822,142.744,113.19,89.4516,73.2847,60.1534,51.119,46.7988,42.8898,39.6905,36.746,32.5708,31.2076,27.8972,28.4949,23.9583,25.886,22.7746,20.1458,131.566
96826,96976,96901,71.872,52.3416,43.9914,33.7996,30.8192,26.7726,23.3864,20.7917,19.1652,16.9871,17.0211,15.5633,15.3339,12.8827,13.7936,12.7452,11.5884,8.98531,9.4052,8.49132,3.57469,33.556
96976,97126,97051,105.293,76.805,71.068,46.0937,38.9343,30.1791,24.2725,20.9069,17.4236,14.9349,14.6298,12.5297,11.6421,10.1693,9.5364,8.80252,8.10382,7.11374,7.29273,6.94947,5.42263,44.9191
97127,97277,97202,76.06,51.4796,35.9475,28.7728,23.3832,19.98,16.3561,13.6739,11.655,10.1436,9.9297,8.95627,8.34024,7.17427,6.46748,5.51921,5.58955,3.83444,4.34075,3.74993,1.99189,28.0319
97277,97428,97352,91.9656,49.8419,32.0998,25.4989,19.7642,15.0844,11.8404,9.67351,7.95795,6.83842,6.52138,5.04779,4.68583,4.33475,3.60105,3.42146,3.23919,2.67239,2.94552,2.60647,1.99036,23.281
97428,97578,97503,49.9191,30.7267,26.7611,16.8433,13.0356,10.7819,8.26048,6.50256,5.51642,4.35097,4.17685,3.00702,2.80165,2.52854,2.27671,1.97768,1.82163,1.14364,1.29028,1.13995,0.58113,16.4865
97579,97729,97654,129.389,53.6118,44.6696,30.2949,23.0827,17.5828,13.3429,10.7432,9.09529,7.41697,7.18789,6.32262,5.0173,4.48896,4.09708,3.99164,3.55981,2.80159,3.03242,2.73759,2.01462,28.0946
97729,97879,97804,51.0471,31.4449,19.4746,16.1709,12.2437,9.96998,7.88705,6.54298,5.52733,4.46894,4.01676,4.05114,3.3299,2.50356,2.18465,1.9585,1.63295,1.30655,1.34323,1.10282,0.122696,14.9995
97880,98030,97955,90.1918,49.0879,38.4398,27.9895,22.4194,17.629,15.6599,12.9868,10.8611,8.97534,8.52862,7.61599,6.80217,5.25077,4.90748,4.85071,3.92585,2.85809,3.08232,2.84781,1.186,26.4093
98030,98180,98105,29.8598,26.5268,20.2442,13.4006,10.3693,8.82255,7.1665,5.62637,4.75462,3.85287,3.42383,2.93438,2.602,2.38275,1.91733,1.72436,1.46377,0.755837,0.995535,0.660067,-0.282186,12.8976
98181,98331,98256,52.2742,28.0792,21.4645,15.1177,10.6231,7.8565,5.85808,4.63008,3.70087,2.94604,2.82296,2.12015,1.64546,1.38161,1.1868,0.895547,0.733858,0.321354,0.499833,0.334382,-0.051652,13.6534
98331,98481,98406,89.1012,41.2277,38.9434,26.4804,20.2012,16.6743,13.6495,11.3555,9.83028,7.81892,8.0372,6.68752,5.2193,5.18381,4.09582,3.31838,3.11967,2.12174,2.62069,2.00581,0.174659,24.8968
98482,98632,98557,92.2142,51.2939,38.8268,27.2162,21.1431,15.275,12.5239,10.2505,8.59231,7.08023,6.60836,5.04252,4.60196,4.10586,3.40328,3.08386,3.06724,2.31152,2.50912,2.09464,1.2442,24.5566
98632,98782,98707,90.8088,47.4667,37.6589,25.9556,20.9936,16.9652,14.8076,11.7113,10.2327,8.07915,7.88882,6.18751,5.53995,5.5206,3.87575,3.9347,3.22221,2.03131,2.77122,2.06081,0.14027,25.0382
98783,98933,98858,47.8342,35.1927,26.3949,19.1964,13.929,10.2239,8.10553,6.70763,5.22975,4.6058,3.88019,3.72796,3.13364,2.75956,2.41308,2.17804,2.1382,1.64518,1.8137,1.57744,1.2252,17.2121
98933,99085,99009,50.2937,25.948,21.6132,16.6175,13.8117,11.2144,9.23881,7.88124,6.41749,5.5451,5.18822,5.12412,4.15434,4.08491,3.36877,3.12682,2.88767,2.13023,2.30089,1.89903,0.772536,16.1493
99086,99236,99161,42.1515,20.1501,14.5353,11.6526,8.94109,7.04122,5.95965,4.78471,4.17852,3.42159,3.1305,3.02807,2.65173,2.17,2.04168,1.93479,1.54702,1.33016,1.37202,1.21334,0.739446,10.924
99237,99387,99312,78.6251,45.0632,34.9756,23.9947,20.1013,15.2574,12.0604,9.92774,8.25626,7.15217,6.66553,5.44449,5.0357,4.56638,4.13498,3.22693,3.2145,2.43092,2.58239,2.27632,1.177,23.1239
