Data/Raw/WEBER,RODNEY/FIREXAQ-SAGA-AERO-BrC_DC8_20190905_R0.ict
79, 1001
Weber, Rodney
Georgia Institute of Technology
Brown carbon measured 
FIREXAQ
1, 1
2019, 09, 05, 2020, 03, 03
0
Time_Start, seconds_past_midnight, Time_Start, seconds_past_midnight
47
1, 1, 1, 1, 1, 1, 1, 1, 1, 1, 1, 1, 1, 1, 1, 1, 1, 1, 1, 1, 1, 1, 1, 1, 1, 1, 1, 1, 1, 1, 1, 1, 1, 1, 1, 1, 1, 1, 1, 1, 1, 1, 1, 1, 1, 1, 1
-9999, -9999, -9999, -9999, -9999, -9999, -9999, -9999, -9999, -9999, -9999, -9999, -9999, -9999, -9999, -9999, -9999, -9999, -9999, -9999, -9999, -9999, -9999, -9999, -9999, -9999, -9999, -9999, -9999, -9999, -9999, -9999, -9999, -9999, -9999, -9999, -9999, -9999, -9999, -9999, -9999, -9999, -9999, -9999, -9999, -9999, -9999
Time_Stop, seconds_past_midnight, Time_Stop, seconds_past_midnight
Time_Mid, seconds_past_midnight, Time_Mid, seconds_past_midnight
WSAbs300, Mm-1, AerOpt_AbsorptionBrC_InSitu_UVtoRed_None_Bulk_STP, Water Soluble Brown Carbon absorption at 300 nm
WSAbs320, Mm-1, AerOpt_AbsorptionBrC_InSitu_UVtoRed_None_Bulk_STP, Water Soluble Brown Carbon absorption at 320 nm
WSAbs340, Mm-1, AerOpt_AbsorptionBrC_InSitu_UVtoRed_None_Bulk_STP, Water Soluble Brown Carbon absorption at 340 nm
WSAbs360, Mm-1, AerOpt_AbsorptionBrC_InSitu_UVtoRed_None_Bulk_STP, Water Soluble Brown Carbon absorption at 360 nm
WSAbs380, Mm-1, AerOpt_AbsorptionBrC_InSitu_UVtoRed_None_Bulk_STP, Water Soluble Brown Carbon absorption at 380 nm
WSAbs400, Mm-1, AerOpt_AbsorptionBrC_InSitu_UVtoRed_None_Bulk_STP, Water Soluble Brown Carbon absorption at 400 nm
WSAbs420, Mm-1, AerOpt_AbsorptionBrC_InSitu_UVtoRed_None_Bulk_STP, Water Soluble Brown Carbon absorption at 420 nm
WSAbs440, Mm-1, AerOpt_AbsorptionBrC_InSitu_UVtoRed_None_Bulk_STP, Water Soluble Brown Carbon absorption at 440 nm
WSAbs460, Mm-1, AerOpt_AbsorptionBrC_InSitu_UVtoRed_None_Bulk_STP, Water Soluble Brown Carbon absorption at 460 nm
WSAbs480, Mm-1, AerOpt_AbsorptionBrC_InSitu_UVtoRed_None_Bulk_STP, Water Soluble Brown Carbon absorption at 480 nm
WSAbs500, Mm-1, AerOpt_AbsorptionBrC_InSitu_UVtoRed_None_Bulk_STP, Water Soluble Brown Carbon absorption at 500 nm
WSAbs520, Mm-1, AerOpt_AbsorptionBrC_InSitu_UVtoRed_None_Bulk_STP, Water Soluble Brown Carbon absorption at 520 nm
WSAbs540, Mm-1, AerOpt_AbsorptionBrC_InSitu_UVtoRed_None_Bulk_STP, Water Soluble Brown Carbon absorption at 540 nm
WSAbs560, Mm-1, AerOpt_AbsorptionBrC_InSitu_UVtoRed_None_Bulk_STP, Water Soluble Brown Carbon absorption at 560 nm
WSAbs580, Mm-1, AerOpt_AbsorptionBrC_InSitu_UVtoRed_None_Bulk_STP, Water Soluble Brown Carbon absorption at 580 nm
WSAbs600, Mm-1, AerOpt_AbsorptionBrC_InSitu_UVtoRed_None_Bulk_STP, Water Soluble Brown Carbon absorption at 600 nm
WSAbs620, Mm-1, AerOpt_AbsorptionBrC_InSitu_UVtoRed_None_Bulk_STP, Water Soluble Brown Carbon absorption at 620 nm
WSAbs640, Mm-1, AerOpt_AbsorptionBrC_InSitu_UVtoRed_None_Bulk_STP, Water Soluble Brown Carbon absorption at 640 nm
WSAbs660, Mm-1, AerOpt_AbsorptionBrC_InSitu_UVtoRed_None_Bulk_STP, Water Soluble Brown Carbon absorption at 660 nm
WSAbs680, Mm-1, AerOpt_AbsorptionBrC_InSitu_UVtoRed_None_Bulk_STP, Water Soluble Brown Carbon absorption at 680 nm
WSAbs700, Mm-1, AerOpt_AbsorptionBrC_InSitu_UVtoRed_None_Bulk_STP, Water Soluble Brown Carbon absorption at 700 nm
WSAbs365, Mm-1, AerOpt_AbsorptionBrC_InSitu_UVtoRed_None_Bulk_STP, Water Soluble Brown Carbon absorption at 365 nm
WSOC, ug m-3, AerComp_WSOC_inSitu_None_Bulk, MassSTP, Water Soluble Organic Carbon
MSAbs300, Mm-1, AerOpt_AbsorptionBrC_InSitu_UVtoRed_None_Bulk_STP, MeOH Soluble Brown Carbon absorption at 300 nm
MSAbs320, Mm-1, AerOpt_AbsorptionBrC_InSitu_UVtoRed_None_Bulk_STP, MeOH Soluble Brown Carbon absorption at 320 nm
MSAbs340, Mm-1, AerOpt_AbsorptionBrC_InSitu_UVtoRed_None_Bulk_STP, MeOH Soluble Brown Carbon absorption at 340 nm
MSAbs360, Mm-1, AerOpt_AbsorptionBrC_InSitu_UVtoRed_None_Bulk_STP, MeOH Soluble Brown Carbon absorption at 360 nm
MSAbs380, Mm-1, AerOpt_AbsorptionBrC_InSitu_UVtoRed_None_Bulk_STP, MeOH Soluble Brown Carbon absorption at 380 nm
MSAbs400, Mm-1, AerOpt_AbsorptionBrC_InSitu_UVtoRed_None_Bulk_STP, MeOH Soluble Brown Carbon absorption at 400 nm
MSAbs420, Mm-1, AerOpt_AbsorptionBrC_InSitu_UVtoRed_None_Bulk_STP, MeOH Soluble Brown Carbon absorption at 420 nm
MSAbs440, Mm-1, AerOpt_AbsorptionBrC_InSitu_UVtoRed_None_Bulk_STP, MeOH Soluble Brown Carbon absorption at 440 nm
MSAbs460, Mm-1, AerOpt_AbsorptionBrC_InSitu_UVtoRed_None_Bulk_STP, MeOH Soluble Brown Carbon absorption at 460 nm
MSAbs480, Mm-1, AerOpt_AbsorptionBrC_InSitu_UVtoRed_None_Bulk_STP, MeOH Soluble Brown Carbon absorption at 480 nm
MSAbs500, Mm-1, AerOpt_AbsorptionBrC_InSitu_UVtoRed_None_Bulk_STP, MeOH Soluble Brown Carbon absorption at 500 nm
MSAbs520, Mm-1, AerOpt_AbsorptionBrC_InSitu_UVtoRed_None_Bulk_STP, MeOH Soluble Brown Carbon absorption at 520 nm
MSAbs540, Mm-1, AerOpt_AbsorptionBrC_InSitu_UVtoRed_None_Bulk_STP, MeOH Soluble Brown Carbon absorption at 540 nm
MSAbs560, Mm-1, AerOpt_AbsorptionBrC_InSitu_UVtoRed_None_Bulk_STP, MeOH Soluble Brown Carbon absorption at 560 nm
MSAbs580, Mm-1, AerOpt_AbsorptionBrC_InSitu_UVtoRed_None_Bulk_STP, MeOH Soluble Brown Carbon absorption at 580 nm
MSAbs600, Mm-1, AerOpt_AbsorptionBrC_InSitu_UVtoRed_None_Bulk_STP, MeOH Soluble Brown Carbon absorption at 600 nm
MSAbs620, Mm-1, AerOpt_AbsorptionBrC_InSitu_UVtoRed_None_Bulk_STP, MeOH Soluble Brown Carbon absorption at 620 nm
MSAbs640, Mm-1, AerOpt_AbsorptionBrC_InSitu_UVtoRed_None_Bulk_STP, MeOH Soluble Brown Carbon absorption at 640 nm
MSAbs660, Mm-1, AerOpt_AbsorptionBrC_InSitu_UVtoRed_None_Bulk_STP, MeOH Soluble Brown Carbon absorption at 660 nm
MSAbs680, Mm-1, AerOpt_AbsorptionBrC_InSitu_UVtoRed_None_Bulk_STP, MeOH Soluble Brown Carbon absorption at 680 nm
MSAbs700, Mm-1, AerOpt_AbsorptionBrC_InSitu_UVtoRed_None_Bulk_STP, MeOH Soluble Brown Carbon absorption at 700 nm
MSAbs365, Mm-1, AerOpt_AbsorptionBrC_InSitu_UVtoRed_None_Bulk_STP, MeOH Soluble Brown Carbon absorption at 365 nm
0
18
PI_CONTACT_INFO: rweber@eas.gatech.edu
PLATFORM: NASA DC-8 aircraft 
LOCATION: Aircraft location is given by the navigational file
ASSOCIATED_DATA: N/A
INSTRUMENT_INFO: WPI LWCC, Ocean Optics USB4000 spectrometer and GE Sievers 900 TOC Portable Analyzer
DATA_INFO: Filters were first extracted in 15 ml of water, dried and then extracted again using 15 ml of methanol. Each extract was filtered with a 0.22 um pore size syringe filter and then injected through a 2.5 m path length LWCC and light absorption measured by Ocean Optics USB4000 spectrometer. Absorption from 300 to 700 nm were recorded. Absorption of pure solvent was subtracted from the sample. Raw absorption data were processed by the equation Abs=Raw*(Volume of extraction liquid)/(Volume of air collected at STP)/(Optical Path Length, 2.5m here)*ln(10). Data reported here were averaged over 20 nm wavelength intervals. i.e. absorption at 400 nm were average by absorption data between 390 nm to 410 nm. Ambient WSOC concentration derived from liquid WSOC concentration with similar equation. All data have been blank corrected by averaging all blank filter in this mission (2-3 blank filters per flight). Limit of detection (LOD) was determined by three times standard deviation of blank data. Data are reported under STP, which is T=273K & p=1013 mb. When using the data, the absorption had better to corrected by higher wavelength, ie Abs700 for baseline drift.
UNCERTAINTY: 16% for WSAbs365, 17% for WSOC, 19% for MSAbs365
ULOD_FLAG: -7777
ULOD_VALUE: N/A
LLOD_FLAG: -8888
LLOD_VALUE: N/A
DM_CONTACT_INFO: lhzeng@gatech.edu
PROJECT_INFO: FIREX-AQ, 2019
STIPULATIONS_ON_USE: Use of these data require prior ok from PI.
OTHER_COMMENTS: N/A
REVISION: R0
RA: Preliminary Data.  For in-field use only.
Time_Start, Time_Stop, Time_Mid, WSAbs300, WSAbs320, WSAbs340, WSAbs360, WSAbs380, WSAbs400, WSAbs420, WSAbs440, WSAbs460, WSAbs480, WSAbs500, WSAbs520, WSAbs540, WSAbs560, WSAbs580, WSAbs600, WSAbs620, WSAbs640, WSAbs660, WSAbs680, WSAbs700, WSAbs365, WSOC, MSAbs300, MSAbs320, MSAbs340, MSAbs360, MSAbs380, MSAbs400, MSAbs420, MSAbs440, MSAbs460, MSAbs480, MSAbs500, MSAbs520, MSAbs540, MSAbs560, MSAbs580, MSAbs600, MSAbs620, MSAbs640, MSAbs660, MSAbs680, MSAbs700, MSAbs365
64260,65940,65100,-0.074607,-0.0355774,-0.0215518,-0.00723796,-0.000977463,-0.00636832,-0.0033187,-0.0040755,-0.00355712,-0.00297708,-0.00442898,-0.00198916,-0.00301908,-0.00386977,-0.00487174,-0.011095,-0.00631665,-0.00675708,-0.00540766,-0.00541392,0.00690336,-0.00573173,0.0966922,-0.386381,-0.188735,-0.0916819,-0.0311824,-0.0173946,-0.0130928,-0.0104443,-0.00506944,-0.00491817,-0.00449548,-0.00868028,-0.0112686,-0.0151754,-0.01556,-0.0102245,-0.012358,-0.00493416,0.0501138,0.0662438,0.0572985,0.0503584,-0.0230986
66060,67800,66930,-0.129406,-0.0676448,-0.0441672,-0.0263034,-0.0143003,-0.0140894,-0.00930093,-0.00964333,-0.00900732,-0.007119,-0.00710943,-0.00503486,-0.00651893,-0.00613097,-0.0105659,-0.0210019,-0.0134232,-0.0125557,-0.00567538,-0.00394817,0.00673072,-0.0206931,0.0819044,-0.422225,-0.217458,-0.120282,-0.0558396,-0.0385237,-0.0296817,-0.0246626,-0.0163407,-0.0171769,-0.0158898,-0.0185464,-0.0232465,-0.0258539,-0.0270718,-0.0238043,-0.026151,-0.0144697,0.0384778,0.0600559,0.0511167,0.0426711,-0.0446142
67920,69600,68760,-0.124849,-0.0662181,-0.0397925,-0.0193325,-0.00971309,-0.0112089,-0.00678279,-0.00730276,-0.00662214,-0.00541804,-0.00854646,-0.00331963,-0.0061881,-0.00480363,-0.0114299,-0.0255243,-0.0138084,-0.0110515,0.00048151,-0.00136869,0.0142724,-0.0139777,0.0266957,-0.424456,-0.230697,-0.138862,-0.0689816,-0.0493044,-0.0360323,-0.0284541,-0.0168646,-0.02105,-0.0153725,-0.0231053,-0.0246276,-0.0299876,-0.0290039,-0.0262681,-0.0296178,-0.0170511,0.0356266,0.0587847,0.0466537,0.038126,-0.057955
69720,71520,70620,-0.0950743,-0.0331945,0.000580172,0.0216681,0.00845237,-0.0112604,-0.00727921,-0.00726857,-0.00904135,-0.00951284,-0.0111076,-0.00729592,-0.00723344,-0.00899005,-0.0145276,-0.0286543,-0.0157062,-0.00309213,0.00448529,-0.00268224,0.0112114,0.0225916,0.141253,-0.463906,-0.263976,-0.166715,-0.088723,-0.0632709,-0.0483468,-0.0392494,-0.0284941,-0.0301849,-0.0285458,-0.0347778,-0.0365941,-0.0479679,-0.0443888,-0.0448379,-0.0464599,-0.0389073,0.014595,0.0384355,0.0309289,0.0205883,-0.0775789
71640,72300,71970,0.1239,0.103351,0.0779463,0.0813386,0.0673474,0.0482508,0.0464117,0.036263,0.0322798,0.0273966,0.0213372,0.0266221,0.025469,0.0163635,0.0015422,-0.0318805,0.00108692,0.0261215,0.0396199,0.0284292,0.0481057,0.0829877,0.0436224,-0.265557,-0.119446,-0.071815,-0.0193981,-0.025676,-0.0123602,-0.00654299,-0.000918226,-0.0174573,-0.0202895,-0.0334053,-0.0353288,-0.0593247,-0.0550563,-0.0712373,-0.0702008,-0.0684547,-0.0166588,-0.000526307,-0.0029957,-0.0103351,-0.0150501
72420,72900,72660,1.64692,0.996712,0.723169,0.589639,0.485171,0.398394,0.345867,0.293786,0.262992,0.2345,0.207642,0.205637,0.191841,0.17657,0.145451,0.112204,0.13167,0.160077,0.185413,0.162321,0.198998,0.565743,0.667353,0.663206,0.618114,0.570236,0.532257,0.459034,0.421981,0.395294,0.375781,0.33516,0.31918,0.295078,0.280683,0.251574,0.253716,0.232433,0.224805,0.226006,0.27096,0.278374,0.265264,0.258465,0.527711
73020,73500,73260,9.12468,6.00347,4.29967,3.3724,2.68194,2.18294,1.84188,1.56566,1.35546,1.17383,1.04144,0.965956,0.876269,0.805839,0.705751,0.637449,0.643529,0.65945,0.692987,0.608118,0.632117,3.18239,3.6277,2.61649,2.13389,1.73765,1.49151,1.25182,1.08271,0.958193,0.862991,0.76697,0.69789,0.644273,0.603865,0.556577,0.537357,0.496387,0.480299,0.480373,0.509285,0.520996,0.47719,0.467603,1.43633
73620,74100,73860,9.92807,6.20353,4.58665,3.68401,2.97164,2.43889,2.08228,1.79352,1.56393,1.37052,1.23297,1.14124,1.04496,0.96397,0.848052,0.792052,0.777082,0.800714,0.831231,0.725538,0.789731,3.49286,2.90646,2.43162,1.98521,1.6431,1.42764,1.19979,1.04878,0.944394,0.857467,0.765095,0.697621,0.643195,0.601313,0.550747,0.528584,0.482914,0.463982,0.464066,0.504929,0.521347,0.485003,0.460016,1.3751
74220,74820,74520,2.49684,1.87346,1.44949,1.18173,0.966656,0.804096,0.699288,0.606396,0.539151,0.477096,0.431983,0.410541,0.38131,0.354834,0.314856,0.290414,0.30279,0.320259,0.354374,0.315506,0.362588,1.12822,1.38854,1.68691,1.44409,1.21238,1.04228,0.863505,0.73898,0.649739,0.584387,0.518828,0.468776,0.421364,0.392138,0.354164,0.336313,0.302769,0.288772,0.293131,0.337148,0.348001,0.321386,0.312267,1.00053
74940,75540,75240,2.88721,2.06048,1.57039,1.26658,1.01973,0.834166,0.716113,0.61618,0.542333,0.483507,0.439353,0.419671,0.387868,0.35911,0.32116,0.301862,0.302397,0.315936,0.342376,0.295723,0.34668,1.20261,0.687081,1.7752,1.56039,1.38106,1.23647,1.07049,0.954438,0.870352,0.801727,0.730475,0.680759,0.632447,0.600842,0.552429,0.537185,0.494276,0.479097,0.479005,0.51562,0.518305,0.47937,0.468502,1.19876
75660,76080,75870,7.62777,5.52484,4.18289,3.29977,2.62899,2.14687,1.82849,1.56271,1.36885,1.2031,1.09676,1.02931,0.962674,0.893891,0.805522,0.750334,0.748107,0.768972,0.763831,0.70609,0.768062,3.12065,1.49113,5.05024,4.00935,3.29496,2.78127,2.32478,1.9996,1.75898,1.58229,1.41444,1.28967,1.18468,1.1065,1.01491,0.967528,0.878339,0.847637,0.83001,0.852318,0.845956,0.801399,0.773388,2.67422
76200,76620,76410,0.175473,0.11132,0.08424,0.0862312,0.0821574,0.0575842,0.0551451,0.0430303,0.042744,0.0408331,0.0314324,0.0523014,0.0437965,0.0277541,0.0182106,-0.00758505,0.0239388,0.0498398,0.082,0.0700837,0.101555,0.0930862,0.210742,0.116112,0.165928,0.166033,0.188685,0.161549,0.177388,0.182136,0.183887,0.163462,0.163538,0.149587,0.144955,0.11703,0.129526,0.104471,0.103711,0.133136,0.178918,0.19403,0.168337,0.185163,0.194678
76740,77160,76950,0.390097,0.185059,0.127046,0.11933,0.106135,0.0827378,0.0723518,0.0665594,0.0630709,0.0613975,0.0550897,0.0647811,0.0587195,0.0459592,0.034521,0.0230861,0.0318713,0.0489033,0.0887398,0.0583159,0.121968,0.121394,0.22664,-0.206785,-0.0626258,-0.00961064,0.0446362,0.0414281,0.0636695,0.0794699,0.0899946,0.079169,0.0812167,0.0765095,0.0730932,0.0538127,0.0641866,0.0513197,0.0465662,0.0664022,0.121112,0.133725,0.121887,0.126105,0.0572739
77280,77760,77520,0.0172065,0.00700697,0.025952,0.0515089,0.0202031,-0.011025,-0.00764545,-0.00896373,-0.0093347,-0.00780013,-0.0114375,0.00451607,-0.00336396,-0.0103432,-0.0125775,-0.0289516,-0.0109326,0.00651326,0.0289121,0.0115459,0.0606836,0.0524513,0.396756,-0.202888,-0.0896855,-0.0339377,0.0188266,0.0205913,0.0351736,0.0441373,0.0524245,0.0379933,0.0355754,0.0225675,0.0181045,-0.00426779,0.00407908,-0.0172577,-0.0156395,-0.00558454,0.0446088,0.0665497,0.0549043,0.0620247,0.0288962
77880,78300,78090,0.585611,0.37752,0.283783,0.249382,0.189131,0.141896,0.119838,0.0957081,0.0767621,0.0719879,0.0582501,0.0703298,0.0604205,0.044377,0.0375182,0.0141876,0.0362219,0.0435705,0.067655,0.0611559,0.10125,0.240721,0.785694,0.434472,0.392916,0.33475,0.335597,0.286801,0.291776,0.284988,0.294887,0.263183,0.262343,0.247665,0.243207,0.214986,0.223781,0.198957,0.188644,0.209246,0.276852,0.294882,0.276189,0.274517,0.330843
78420,78720,78570,5.90335,4.02077,2.94003,2.28254,1.78611,1.42889,1.19568,0.995509,0.856841,0.74459,0.65625,0.620697,0.565682,0.512359,0.459845,0.428499,0.428456,0.418344,0.454049,0.38715,0.454849,2.15246,3.77766,5.47664,4.49772,3.84183,3.37681,2.93707,2.65024,2.42304,2.24525,2.06617,1.93013,1.80889,1.7261,1.61207,1.55274,1.43027,1.38603,1.36832,1.37485,1.36484,1.30079,1.26362,3.27545
78840,79260,79050,6.34816,4.30302,3.10848,2.35007,1.7776,1.38168,1.1146,0.900451,0.748486,0.631129,0.545996,0.503787,0.451743,0.403461,0.362866,0.337483,0.33154,0.323738,0.337418,0.28123,0.341313,2.19323,2.99858,4.35035,3.38781,2.73914,2.2928,1.88217,1.61009,1.41439,1.26861,1.12802,1.0281,0.941424,0.882325,0.808664,0.778289,0.706855,0.684449,0.675406,0.712064,0.716586,0.662159,0.654427,2.18635
79380,79800,79590,0.580107,0.328149,0.245489,0.221131,0.187108,0.146893,0.138184,0.123629,0.113037,0.105698,0.0953503,0.103851,0.0961085,0.0808672,0.0746077,0.0603534,0.0639431,0.0672202,0.0910764,0.0704851,0.111142,0.215367,0.173876,-0.0151113,0.0337248,0.0580893,0.097461,0.0780512,0.108998,0.130634,0.150607,0.131721,0.131204,0.125591,0.121423,0.109837,0.133019,0.127217,0.136282,0.134656,0.16557,0.187907,0.158852,0.163878,0.104522
79920,80460,80190,0.434529,0.310311,0.241023,0.217889,0.180765,0.143941,0.132975,0.116218,0.105718,0.102355,0.0914213,0.0957882,0.08297,0.0713708,0.0685444,0.0593662,0.0507084,0.0544251,0.061254,0.0529072,0.0941973,0.214264,0.951307,-0.159562,-0.022738,0.0363298,0.078004,0.0631649,0.0759108,0.0848221,0.0908403,0.0705756,0.0636538,0.0404265,0.0379222,0.0119469,0.019074,0.00357095,0.0053162,0.000931464,0.0241999,0.043233,0.0371278,0.0423162,0.08436
80580,81060,80820,0.309116,0.16506,0.119656,0.111562,0.094194,0.0733493,0.0729406,0.056431,0.0555111,0.0548734,0.0480455,0.0573656,0.0536675,0.0395226,0.0377497,0.0307138,0.0320812,0.02168,0.0366873,0.0245355,0.0748301,0.117201,0.812325,-0.299861,-0.164761,-0.0975339,-0.0168232,-0.0135152,0.0279794,0.051045,0.0663857,0.0515098,0.0513475,0.0360103,0.0357896,0.0103068,0.0129035,-0.00429296,0.00146698,-0.00126795,0.0385565,0.0769913,0.071165,0.0645844,-0.00530383
81180,81660,81420,3.47276,2.46457,1.84365,1.42932,1.1065,0.874077,0.726808,0.602095,0.515531,0.458546,0.407863,0.379179,0.349666,0.314156,0.287568,0.265938,0.253089,0.238747,0.246682,0.205331,0.234811,1.34258,1.68856,1.63492,1.29546,1.01203,0.832871,0.644279,0.541999,0.463514,0.405459,0.340525,0.300058,0.262803,0.232863,0.183635,0.174639,0.146201,0.14092,0.147437,0.18808,0.223712,0.180156,0.194761,0.789041
81780,82080,81930,5.53889,3.78538,2.71036,2.05993,1.56213,1.22492,0.999198,0.818779,0.679826,0.583654,0.515125,0.476863,0.434555,0.380602,0.339388,0.322589,0.304854,0.26767,0.292211,0.233322,0.303298,1.92992,4.88938,3.33756,2.56362,2.0666,1.73808,1.42696,1.24379,1.11776,1.02333,0.921292,0.852802,0.790822,0.756219,0.689934,0.671422,0.611956,0.59934,0.605277,0.63907,0.650609,0.617105,0.613017,1.67061
82200,82680,82440,5.35512,3.68193,2.72834,2.11525,1.56166,1.18193,0.957291,0.787188,0.652551,0.556582,0.484106,0.446617,0.40109,0.356985,0.334197,0.309097,0.293019,0.252695,0.268009,0.234563,0.257365,1.96916,4.43028,3.96467,3.10344,2.53527,2.13071,1.76994,1.5478,1.37618,1.25584,1.13315,1.04829,0.978742,0.924533,0.861645,0.836414,0.7758,0.759818,0.748233,0.783687,0.783421,0.731177,0.718285,2.03748
82800,83100,82950,3.07223,2.23742,1.84275,1.58678,1.21943,0.957462,0.83507,0.733464,0.652147,0.602733,0.541017,0.521473,0.484614,0.436273,0.412188,0.401611,0.3748,0.312523,0.333099,0.299593,0.331471,1.50732,2.06439,1.83691,1.46366,1.21519,1.07468,0.924731,0.87328,0.831148,0.784634,0.709768,0.668871,0.632261,0.609609,0.556796,0.556294,0.50108,0.490191,0.496007,0.554894,0.546899,0.528138,0.522195,1.05462
