Data/Raw/WEBER,RODNEY/FIREXAQ-SAGA-AERO-BrC_DC8_20190821_R0.ict
79, 1001
Weber, Rodney
Georgia Institute of Technology
Brown carbon measured 
FIREXAQ
1, 1
2019, 08, 21, 2020, 03, 03
0
Time_Start, seconds_past_midnight, Time_Start, seconds_past_midnight
47
1, 1, 1, 1, 1, 1, 1, 1, 1, 1, 1, 1, 1, 1, 1, 1, 1, 1, 1, 1, 1, 1, 1, 1, 1, 1, 1, 1, 1, 1, 1, 1, 1, 1, 1, 1, 1, 1, 1, 1, 1, 1, 1, 1, 1, 1, 1
-9999, -9999, -9999, -9999, -9999, -9999, -9999, -9999, -9999, -9999, -9999, -9999, -9999, -9999, -9999, -9999, -9999, -9999, -9999, -9999, -9999, -9999, -9999, -9999, -9999, -9999, -9999, -9999, -9999, -9999, -9999, -9999, -9999, -9999, -9999, -9999, -9999, -9999, -9999, -9999, -9999, -9999, -9999, -9999, -9999, -9999, -9999
Time_Stop, seconds_past_midnight, Time_Stop, seconds_past_midnight
Time_Mid, seconds_past_midnight, Time_Mid, seconds_past_midnight
WSAbs300, Mm-1, AerOpt_AbsorptionBrC_InSitu_UVtoRed_None_Bulk_STP, Water Soluble Brown Carbon absorption at 300 nm
WSAbs320, Mm-1, AerOpt_AbsorptionBrC_InSitu_UVtoRed_None_Bulk_STP, Water Soluble Brown Carbon absorption at 320 nm
WSAbs340, Mm-1, AerOpt_AbsorptionBrC_InSitu_UVtoRed_None_Bulk_STP, Water Soluble Brown Carbon absorption at 340 nm
WSAbs360, Mm-1, AerOpt_AbsorptionBrC_InSitu_UVtoRed_None_Bulk_STP, Water Soluble Brown Carbon absorption at 360 nm
WSAbs380, Mm-1, AerOpt_AbsorptionBrC_InSitu_UVtoRed_None_Bulk_STP, Water Soluble Brown Carbon absorption at 380 nm
WSAbs400, Mm-1, AerOpt_AbsorptionBrC_InSitu_UVtoRed_None_Bulk_STP, Water Soluble Brown Carbon absorption at 400 nm
WSAbs420, Mm-1, AerOpt_AbsorptionBrC_InSitu_UVtoRed_None_Bulk_STP, Water Soluble Brown Carbon absorption at 420 nm
WSAbs440, Mm-1, AerOpt_AbsorptionBrC_InSitu_UVtoRed_None_Bulk_STP, Water Soluble Brown Carbon absorption at 440 nm
WSAbs460, Mm-1, AerOpt_AbsorptionBrC_InSitu_UVtoRed_None_Bulk_STP, Water Soluble Brown Carbon absorption at 460 nm
WSAbs480, Mm-1, AerOpt_AbsorptionBrC_InSitu_UVtoRed_None_Bulk_STP, Water Soluble Brown Carbon absorption at 480 nm
WSAbs500, Mm-1, AerOpt_AbsorptionBrC_InSitu_UVtoRed_None_Bulk_STP, Water Soluble Brown Carbon absorption at 500 nm
WSAbs520, Mm-1, AerOpt_AbsorptionBrC_InSitu_UVtoRed_None_Bulk_STP, Water Soluble Brown Carbon absorption at 520 nm
WSAbs540, Mm-1, AerOpt_AbsorptionBrC_InSitu_UVtoRed_None_Bulk_STP, Water Soluble Brown Carbon absorption at 540 nm
WSAbs560, Mm-1, AerOpt_AbsorptionBrC_InSitu_UVtoRed_None_Bulk_STP, Water Soluble Brown Carbon absorption at 560 nm
WSAbs580, Mm-1, AerOpt_AbsorptionBrC_InSitu_UVtoRed_None_Bulk_STP, Water Soluble Brown Carbon absorption at 580 nm
WSAbs600, Mm-1, AerOpt_AbsorptionBrC_InSitu_UVtoRed_None_Bulk_STP, Water Soluble Brown Carbon absorption at 600 nm
WSAbs620, Mm-1, AerOpt_AbsorptionBrC_InSitu_UVtoRed_None_Bulk_STP, Water Soluble Brown Carbon absorption at 620 nm
WSAbs640, Mm-1, AerOpt_AbsorptionBrC_InSitu_UVtoRed_None_Bulk_STP, Water Soluble Brown Carbon absorption at 640 nm
WSAbs660, Mm-1, AerOpt_AbsorptionBrC_InSitu_UVtoRed_None_Bulk_STP, Water Soluble Brown Carbon absorption at 660 nm
WSAbs680, Mm-1, AerOpt_AbsorptionBrC_InSitu_UVtoRed_None_Bulk_STP, Water Soluble Brown Carbon absorption at 680 nm
WSAbs700, Mm-1, AerOpt_AbsorptionBrC_InSitu_UVtoRed_None_Bulk_STP, Water Soluble Brown Carbon absorption at 700 nm
WSAbs365, Mm-1, AerOpt_AbsorptionBrC_InSitu_UVtoRed_None_Bulk_STP, Water Soluble Brown Carbon absorption at 365 nm
[...]
UNCERTAINTY: 16% for WSAbs365, 17% for WSOC, 19% for MSAbs365
ULOD_FLAG: -7777
ULOD_VALUE: N/A
LLOD_FLAG: -8888
LLOD_VALUE: N/A
DM_CONTACT_INFO: lhzeng@gatech.edu
PROJECT_INFO: FIREX-AQ, 2019
STIPULATIONS_ON_USE: Use of these data require prior ok from PI.
OTHER_COMMENTS: N/A
REVISION: R0
RA: Preliminary Data.  For in-field use only.
Time_Start, Time_Stop, Time_Mid, WSAbs300, WSAbs320, WSAbs340, WSAbs360, WSAbs380, WSAbs400, WSAbs420, WSAbs440, WSAbs460, WSAbs480, WSAbs500, WSAbs520, WSAbs540, WSAbs560, WSAbs580, WSAbs600, WSAbs620, WSAbs640, WSAbs660, WSAbs680, WSAbs700, WSAbs365, WSOC, MSAbs300, MSAbs320, MSAbs340, MSAbs360, MSAbs380, MSAbs400, MSAbs420, MSAbs440, MSAbs460, MSAbs480, MSAbs500, MSAbs520, MSAbs540, MSAbs560, MSAbs580, MSAbs600, MSAbs620, MSAbs640, MSAbs660, MSAbs680, MSAbs700, MSAbs365
55140,55740,55440,1.53346,1.19086,0.972592,0.840943,0.737886,0.662434,0.602065,0.541019,0.502746,0.455857,0.419376,0.397446,0.377618,0.345264,0.322064,0.314274,0.301547,0.269964,0.258422,0.262078,0.230447,0.812072,1.16737,0.662969,0.560967,0.461987,0.363717,0.312782,0.256943,0.241882,0.216151,0.219673,0.203765,0.199838,0.18572,0.174158,0.147022,0.0889744,0.0937214,0.133036,0.13451,0.131069,0.143458,0.162879,0.360434
55860,56520,56190,1.33415,0.990378,0.779614,0.661265,0.571119,0.507931,0.460689,0.408274,0.380702,0.342466,0.316908,0.300368,0.286077,0.2679,0.247495,0.244356,0.235712,0.210042,0.197533,0.199444,0.186271,0.636372,0.635346,0.718418,0.637334,0.544417,0.45414,0.39462,0.336683,0.319447,0.29507,0.291143,0.271852,0.269292,0.252489,0.241377,0.212782,0.153293,0.15645,0.196462,0.207591,0.195675,0.207007,0.22505,0.444355
56640,57240,56940,1.22339,0.894153,0.689836,0.579885,0.493227,0.433026,0.394256,0.345618,0.325375,0.293421,0.271976,0.255407,0.243472,0.222157,0.207712,0.20793,0.201497,0.157417,0.14784,0.14598,0.117975,0.553595,0.969357,0.568601,0.483314,0.397861,0.312473,0.261896,0.220274,0.204511,0.185716,0.187143,0.176775,0.180604,0.167667,0.157853,0.131138,0.0673402,0.0726241,0.120383,0.123503,0.121418,0.129566,0.161615,0.306658
57360,57960,57660,3.17283,2.35629,1.82312,1.47271,1.20899,1.0261,0.901883,0.792202,0.728824,0.652863,0.605588,0.570465,0.540241,0.501868,0.470381,0.461358,0.443593,0.403746,0.374547,0.382129,0.337718,1.39501,1.1068,3.62113,2.80765,2.19738,1.71741,1.38353,1.12446,0.963192,0.82885,0.751217,0.66497,0.616528,0.563348,0.51324,0.463734,0.363704,0.362824,0.392261,0.379118,0.371355,0.368749,0.387002,1.63301
58080,58680,58380,2.8096,2.10433,1.64521,1.35641,1.13484,0.978065,0.87232,0.770566,0.709572,0.639055,0.592775,0.555574,0.526535,0.490175,0.456107,0.444298,0.429392,0.38219,0.373609,0.359977,0.320213,1.29169,0.934349,2.34882,1.91134,1.55994,1.2682,1.0658,0.906981,0.813102,0.734038,0.688437,0.6347,0.605686,0.578398,0.541403,0.503282,0.414808,0.416483,0.454242,0.459753,0.462604,0.456429,0.479239,1.22309
58800,59400,59100,1.0897,0.840814,0.692335,0.604121,0.510512,0.447989,0.412953,0.367567,0.34982,0.317277,0.29984,0.28368,0.279457,0.258272,0.244577,0.243923,0.239046,0.20851,0.198947,0.204336,0.173167,0.576662,0.455604,0.843331,0.751075,0.654658,0.554634,0.493447,0.433556,0.410438,0.385675,0.375712,0.360366,0.356725,0.343388,0.329718,0.304661,0.238179,0.250297,0.294462,0.309143,0.312747,0.312062,0.343546,0.545296
59520,60120,59820,0.120556,0.103105,0.108,0.110592,0.0755154,0.0561534,0.0525461,0.0427734,0.0467039,0.039123,0.0353595,0.0316185,0.0387126,0.0329964,0.0325464,0.0385706,0.0408696,0.0241786,0.0200602,0.0291077,0.00621968,0.101064,0.12335,0.0454595,0.126465,0.140761,0.124894,0.141649,0.133874,0.155571,0.154164,0.174196,0.177002,0.18957,0.192409,0.185992,0.173096,0.12031,0.133007,0.187901,0.204853,0.216386,0.218983,0.264636,0.136819
60240,60840,60540,0.231501,0.174951,0.147475,0.131629,0.10125,0.0853713,0.081324,0.0659623,0.0730657,0.0615108,0.0534534,0.0552658,0.0575352,0.0493101,0.0497871,0.0534637,0.0611594,0.0306786,0.0284394,0.0460334,0.013671,0.122248,0.111427,0.196182,0.239206,0.233234,0.203067,0.203303,0.186331,0.196786,0.19763,0.217328,0.213153,0.225287,0.221585,0.215845,0.202428,0.138666,0.153457,0.20298,0.222465,0.234397,0.231113,0.272941,0.213657
60960,61620,61290,3.36641,2.68564,2.23647,1.96214,1.74475,1.58055,1.45503,1.32989,1.23994,1.13544,1.06164,1.00661,0.953297,0.890034,0.822288,0.797667,0.769783,0.704096,0.674309,0.655066,0.604823,1.89817,1.16885,2.1747,1.79992,1.48653,1.22384,1.06485,0.932366,0.870736,0.798959,0.771928,0.722194,0.707692,0.678251,0.653874,0.618021,0.534263,0.546362,0.579055,0.565526,0.55506,0.542771,0.567581,1.18935
61770,62220,61995,2.02084,1.58297,1.32408,1.17545,1.05846,0.968185,0.899368,0.825198,0.778471,0.7127,0.664386,0.63389,0.604191,0.561299,0.526537,0.514702,0.500818,0.442439,0.414117,0.405652,0.357178,1.14107,0.89821,0.734731,0.617036,0.514608,0.425725,0.386502,0.351479,0.356097,0.348984,0.369641,0.365091,0.37409,0.368917,0.358792,0.337679,0.257046,0.27739,0.344518,0.349239,0.361555,0.365496,0.4289,0.425126
62340,62940,62640,1.96824,1.58751,1.35931,1.2225,1.09936,1.00404,0.934924,0.859262,0.806431,0.740998,0.692859,0.659582,0.623188,0.585101,0.544191,0.53408,0.511448,0.461242,0.431806,0.424979,0.390875,1.18853,0.469484,0.560887,0.547532,0.507016,0.43844,0.397205,0.359518,0.359882,0.347365,0.35504,0.345665,0.349087,0.34984,0.346536,0.341038,0.291087,0.310949,0.343941,0.330914,0.327902,0.325737,0.353168,0.433366
63060,63660,63360,0.36856,0.231687,0.157974,0.130788,0.111419,0.0874357,0.0817615,0.0717097,0.0610581,0.0513136,0.0528906,0.051337,0.0524383,0.0590665,0.038466,0.0485997,0.0531609,0.0448915,0.0494223,0.0505859,0.0384819,0.117781,0.453972,0.238329,0.26683,0.264927,0.234757,0.229359,0.208911,0.212067,0.208305,0.225775,0.221044,0.230817,0.227105,0.225314,0.209096,0.158496,0.170588,0.217038,0.23696,0.236302,0.242997,0.276412,0.240195
63780,64680,64230,0.00197211,0.00590217,0.00502182,0.010471,0.0163668,0.00478209,0.00943518,0.00596789,0.00458065,0.00218397,0.0022968,0.00154897,0.0036861,0.012727,0.00305265,-0.00291139,0.00699286,0.00187736,0.0116941,0.0154749,0.00415423,0.00633319,0.300581,-0.128506,-0.0098321,0.0406182,0.0536878,0.0705755,0.0650371,0.07841,0.0836089,0.0966499,0.0981789,0.108307,0.105909,0.107888,0.0985651,0.0698479,0.0796267,0.112388,0.143611,0.158157,0.150556,0.173055,0.0633788
64800,65700,65250,1.99936,1.60044,1.34042,1.18341,1.07667,0.984479,0.907403,0.84558,0.783409,0.708132,0.667893,0.640938,0.602732,0.577967,0.44489,0.50026,0.483299,0.477468,0.444496,0.414372,0.412795,1.15155,1.37889,0.543106,0.532557,0.4766,0.430408,0.393629,0.352363,0.336373,0.319551,0.318278,0.305959,0.303116,0.29207,0.280421,0.258997,0.21464,0.218103,0.249591,0.275933,0.286807,0.280235,0.299714,0.427589
65820,66060,65940,9.23842,6.87934,4.98264,3.3917,2.32309,1.61479,1.17434,0.924106,0.73825,0.543825,0.423219,0.37076,0.319203,0.292503,0.184728,0.168464,0.203592,0.25629,0.185463,0.131948,0.152185,3.06668,10.9793,28.8709,20.4516,13.1848,9.07597,6.75213,5.26116,4.32737,3.66946,3.23585,2.84958,2.57866,2.33703,2.12325,1.94464,1.62674,1.58697,1.60356,1.50254,1.42278,1.37915,1.42417,8.38103
66180,66600,66390,2.22053,1.58408,1.16752,0.932525,0.787624,0.682056,0.594314,0.543749,0.491928,0.42508,0.387036,0.373954,0.346875,0.328638,0.239779,0.263469,0.260796,0.266763,0.215383,0.189474,0.223677,0.887998,1.64569,2.21306,1.82574,1.53233,1.29112,1.16118,1.05145,1.01359,0.953688,0.931446,0.892116,0.878609,0.8523,0.814247,0.76916,0.64133,0.654895,0.721123,0.713521,0.690947,0.695105,0.772219,1.27042
66840,67020,66930,15.7302,11.5369,8.42767,6.07904,4.35468,3.22681,2.48858,2.02444,1.6814,1.3583,1.16452,1.05208,0.941437,0.842795,0.594341,0.658694,0.657601,0.650198,0.553145,0.484105,0.471879,5.58589,14.2339,53.9334,35.8781,24.0582,17.1742,12.9617,10.1608,8.32656,7.03569,6.13025,5.36518,4.82728,4.36666,3.97604,3.62018,3.08432,2.95489,2.95437,2.76893,2.66586,2.52161,2.58598,15.946
67140,68040,67590,5.31591,3.98155,3.08529,2.47474,2.01682,1.68523,1.45563,1.28797,1.15127,1.01451,0.936352,0.885164,0.82622,0.778253,0.60822,0.683495,0.659263,0.633706,0.595387,0.545203,0.533012,2.34299,0.997519,6.33189,4.73575,3.69663,2.88041,2.26695,1.81372,1.50718,1.28594,1.12653,0.992152,0.890708,0.817878,0.770634,0.727526,0.678236,0.673157,0.634384,0.58439,0.534909,0.487851,0.469014,2.7185
68160,68760,68460,0.731566,0.529674,0.443096,0.386467,0.279376,0.206733,0.171601,0.1645,0.145214,0.125936,0.112008,0.111166,0.102706,0.0973037,0.0714997,0.0902886,0.0819512,0.0736915,0.0425612,0.0245721,0.0501462,0.361689,0.834041,0.499949,0.435895,0.354583,0.262492,0.191421,0.120289,0.109168,0.0903095,0.107742,0.105087,0.106996,0.0991983,0.0952238,0.0763224,0.0264044,0.0359251,0.0785194,0.0704143,0.0755392,0.0938977,0.112672,0.254578
68880,69300,69090,7.87222,5.84446,3.86455,2.49518,1.60691,1.0286,0.669466,0.473573,0.34298,0.234951,0.161982,0.124593,0.094096,0.07985,0.0452838,0.0587047,0.0484716,0.0368327,0.0210315,-0.0117265,0.0161676,2.23057,5.33035,14.6602,10.8949,7.89508,5.66932,4.16237,3.10417,2.42455,1.95842,1.62752,1.35444,1.15125,0.984157,0.831601,0.709441,0.54262,0.497717,0.492266,0.439094,0.392556,0.378134,0.386895,5.24124
69420,69660,69540,10.3356,7.79662,5.42321,3.65233,2.41822,1.6032,1.09173,0.818554,0.614641,0.434424,0.29755,0.228491,0.172614,0.144965,0.0887303,0.111255,0.0840086,0.0917168,0.0352519,-0.0233836,0.0205089,3.29052,10.9532,21.3818,15.7829,11.5164,8.37423,6.23553,4.74286,3.79997,3.11714,2.64489,2.25935,1.97001,1.72654,1.51608,1.33969,1.0857,1.03845,1.03962,0.910237,0.815486,0.800001,0.811678,7.77279
69780,69960,69870,30.503,23.0716,16.4305,10.9257,6.88647,4.24245,2.63041,1.73004,1.11202,0.643203,0.246733,0.00710774,-0.174426,-0.266743,-0.280772,-0.390248,-0.476869,-0.479179,-0.539551,-0.728926,-0.70448,9.76419,14.0117,67.6017,48.9745,35.6691,25.8205,19.2472,14.7162,11.6958,9.60038,8.12643,6.92715,5.93423,5.09085,4.37183,3.80194,3.08368,2.85859,2.7583,2.30076,2.01428,1.95388,1.96067,23.9412
70080,70170,70125,2.36769,1.29233,0.856398,0.78254,0.526431,0.432955,0.334104,0.311079,0.235568,0.22291,0.194473,0.194809,0.159729,0.167607,0.134941,0.233999,0.124997,-0.0198369,0.0107389,0.136424,0.257188,0.769491,5.20058,6.26741,4.42591,3.14265,2.01474,1.42078,1.07883,1.02721,0.935192,1.00858,0.995474,1.04085,1.04936,1.09531,1.11365,0.911602,1.11908,1.22007,0.564694,0.235222,0.463957,0.636401,1.89719
70320,70500,70410,6.87241,5.18827,3.42635,2.33244,1.60084,1.13006,0.80737,0.627417,0.471081,0.361221,0.26124,0.20697,0.18375,0.161076,0.127697,0.153365,0.107978,0.0283901,0.00996663,0.0587834,0.131785,2.14662,7.85234,15.719,12.1562,9.09923,6.6989,5.14427,4.03804,3.38301,2.89229,2.61032,2.34075,2.13899,1.93295,1.75617,1.58581,1.2996,1.29258,1.369,1.06863,0.886338,0.996775,1.03905,6.28946
70620,70920,70770,22.7203,16.9818,11.6882,7.78347,5.13142,3.27341,2.07281,1.37792,0.914552,0.585397,0.365595,0.231949,0.150585,0.103568,0.0541629,0.0701311,0.0283942,-0.0067724,-0.0187319,0.000455633,0.0371286,7.03353,10.2686,36.0776,26.2075,19.3492,14.2507,10.7351,8.21055,6.52048,5.32845,4.44386,3.71586,3.16634,2.72799,2.36574,2.04356,1.67352,1.55164,1.48268,1.22302,1.06217,1.02543,1.01116,13.2735
71040,71220,71130,26.6635,20.7405,14.5656,9.59318,6.24344,4.08924,2.81385,2.08528,1.55709,1.14113,0.794001,0.576083,0.450121,0.375093,0.279557,0.309631,0.229237,0.131444,0.140838,0.135831,0.217466,8.64244,20.0776,62.4095,48.5321,37.5822,29.4478,23.9056,19.9204,17.1757,15.1397,13.5884,12.2516,11.1849,10.2335,9.41608,8.67583,7.76662,7.43645,7.17991,6.53369,6.00034,5.82477,5.66748,27.9479
71460,71880,71670,2.64789,1.95188,1.24715,0.918843,0.673608,0.49991,0.373129,0.294424,0.233478,0.186014,0.158073,0.131327,0.112255,0.100489,0.0856653,0.110302,0.0774485,0.0326077,0.0242824,0.0431539,0.0800924,0.861576,3.24988,5.14123,4.07228,3.07291,2.3383,1.84299,1.47731,1.26751,1.10581,1.00535,0.913369,0.841675,0.780299,0.732013,0.681868,0.602432,0.619642,0.631608,0.486223,0.402772,0.430442,0.444252,2.21447
72000,72360,72180,9.12816,6.91572,5.06003,4.02231,3.26526,2.72677,2.35877,2.1312,1.96252,1.80204,1.72104,1.68582,1.6408,1.6219,1.52656,1.58369,1.55866,1.48441,1.47437,1.50903,1.54892,3.8292,3.17946,17.2329,13.1341,9.97351,7.69842,6.05408,4.81973,4.00584,3.39261,2.96599,2.60289,2.32623,2.08624,1.88766,1.68956,1.45123,1.40937,1.38796,1.15205,0.99649,1.03522,1.0282,7.26651
72480,72720,72600,2.68385,1.91569,1.20529,0.901481,0.621688,0.424972,0.285248,0.239102,0.191525,0.157907,0.142177,0.129778,0.105981,0.0931153,0.0882044,0.0899682,0.0579716,0.0966193,0.16599,0.0793635,0.00900178,0.837403,2.43344,5.40277,4.20143,3.14488,2.31531,1.79974,1.41593,1.22835,1.08703,1.02078,0.958051,0.897758,0.823897,0.774343,0.691228,0.570857,0.601339,0.655936,0.435133,0.295334,0.422832,0.474982,2.19234
72840,73860,73350,0.149079,0.0963531,0.0406869,0.0293266,0.0353133,0.0267238,0.01765,0.0208031,0.0156454,0.0131149,0.0152797,0.0136033,0.0101118,0.00987191,0.0110279,0.0137369,0.00400199,0.00803578,0.0256136,0.00947956,0.00177386,0.0304649,1.09951,0.334889,0.343262,0.276451,0.226148,0.185016,0.13948,0.130924,0.122982,0.128559,0.129477,0.125459,0.115718,0.112609,0.0961434,0.0823648,0.0924846,0.113716,0.0943423,0.078806,0.103536,0.107419,0.221775
73980,75060,74520,-0.134545,-0.0810814,-0.05666,-0.0386147,-0.0160008,-0.0107411,-0.0139259,-0.00477848,-0.00474662,-0.00488505,-0.00173353,-0.0010785,-0.00490619,1.89409e-05,0.0006793,0.00165764,-0.00717374,-0.00528365,0.0148089,0.00215991,-0.010288,-0.0313266,0.344299,-0.180827,-0.0238745,0.0151497,0.0203953,0.0278242,0.0162152,0.0288124,0.0387583,0.0563148,0.0695938,0.0737306,0.0667928,0.068229,0.0555342,0.0421339,0.0560472,0.0841965,0.0613338,0.0408868,0.0742286,0.0775438,0.0294355
75180,76380,75780,0.0268494,-0.0173799,-0.01205,-0.00398863,0.0127666,0.0120364,0.00546766,0.0116923,0.00898931,0.00682896,0.0100024,0.00659251,0.00470063,0.00589122,0.00933726,0.0122288,0.0026913,-0.00221742,0.0197802,0.00522507,-0.00210082,-0.000711515,0.395164,-0.170875,0.0179088,0.0396649,0.0309975,0.0328976,0.0166394,0.0264605,0.0367027,0.0535281,0.0662851,0.0699408,0.063459,0.0676952,0.0544874,0.0476699,0.057037,0.0813861,0.067816,0.0551529,0.0850816,0.0806532,0.0370643
