Data/Raw/WEBER,RODNEY/FIREXAQ-SAGA-MC-BrC_DC8_20190903_R0.ict
56, 1001
Weber, Rodney
Georgia Institute of Technology
Water soluble brown carbon measured with mist chamber-LWCC
FIREXAQ
1, 1
2019, 09, 03, 2020, 03, 06
0
Time_Start, seconds_past_midnight, Time_Start, seconds_past_midnight
24
1, 1, 1, 1, 1, 1, 1, 1, 1, 1, 1, 1, 1, 1, 1, 1, 1, 1, 1, 1, 1, 1, 1, 1
-9999, -9999, -9999, -9999, -9999, -9999, -9999, -9999, -9999, -9999, -9999, -9999, -9999, -9999, -9999, -9999, -9999, -9999, -9999, -9999, -9999, -9999, -9999, -9999
Time_Stop, seconds_past_midnight, Time_Stop, seconds_past_midnight
Time_Mid, seconds_past_midnight, Time_Mid, seconds_past_midnight
WSAbs300, Mm-1, AerOpt_AbsorptionBrC_InSitu_UVtoRed_None_Bulk_STP, Water Soluble Brown Carbon absorption at 300 nm
WSAbs320, Mm-1, AerOpt_AbsorptionBrC_InSitu_UVtoRed_None_Bulk_STP, Water Soluble Brown Carbon absorption at 320 nm
WSAbs340, Mm-1, AerOpt_AbsorptionBrC_InSitu_UVtoRed_None_Bulk_STP, Water Soluble Brown Carbon absorption at 340 nm
WSAbs360, Mm-1, AerOpt_AbsorptionBrC_InSitu_UVtoRed_None_Bulk_STP, Water Soluble Brown Carbon absorption at 360 nm
WSAbs380, Mm-1, AerOpt_AbsorptionBrC_InSitu_UVtoRed_None_Bulk_STP, Water Soluble Brown Carbon absorption at 380 nm
WSAbs400, Mm-1, AerOpt_AbsorptionBrC_InSitu_UVtoRed_None_Bulk_STP, Water Soluble Brown Carbon absorption at 400 nm
WSAbs420, Mm-1, AerOpt_AbsorptionBrC_InSitu_UVtoRed_None_Bulk_STP, Water Soluble Brown Carbon absorption at 420 nm
WSAbs440, Mm-1, AerOpt_AbsorptionBrC_InSitu_UVtoRed_None_Bulk_STP, Water Soluble Brown Carbon absorption at 440 nm
WSAbs460, Mm-1, AerOpt_AbsorptionBrC_InSitu_UVtoRed_None_Bulk_STP, Water Soluble Brown Carbon absorption at 460 nm
WSAbs480, Mm-1, AerOpt_AbsorptionBrC_InSitu_UVtoRed_None_Bulk_STP, Water Soluble Brown Carbon absorption at 480 nm
WSAbs500, Mm-1, AerOpt_AbsorptionBrC_InSitu_UVtoRed_None_Bulk_STP, Water Soluble Brown Carbon absorption at 500 nm
WSAbs520, Mm-1, AerOpt_AbsorptionBrC_InSitu_UVtoRed_None_Bulk_STP, Water Soluble Brown Carbon absorption at 520 nm
WSAbs540, Mm-1, AerOpt_AbsorptionBrC_InSitu_UVtoRed_None_Bulk_STP, Water Soluble Brown Carbon absorption at 540 nm
WSAbs560, Mm-1, AerOpt_AbsorptionBrC_InSitu_UVtoRed_None_Bulk_STP, Water Soluble Brown Carbon absorption at 560 nm
WSAbs580, Mm-1, AerOpt_AbsorptionBrC_InSitu_UVtoRed_None_Bulk_STP, Water Soluble Brown Carbon absorption at 580 nm
WSAbs600, Mm-1, AerOpt_AbsorptionBrC_InSitu_UVtoRed_None_Bulk_STP, Water Soluble Brown Carbon absorption at 600 nm
WSAbs620, Mm-1, AerOpt_AbsorptionBrC_InSitu_UVtoRed_None_Bulk_STP, Water Soluble Brown Carbon absorption at 620 nm
WSAbs640, Mm-1, AerOpt_AbsorptionBrC_InSitu_UVtoRed_None_Bulk_STP, Water Soluble Brown Carbon absorption at 640 nm
WSAbs660, Mm-1, AerOpt_AbsorptionBrC_InSitu_UVtoRed_None_Bulk_STP, Water Soluble Brown Carbon absorption at 660 nm
WSAbs680, Mm-1, AerOpt_AbsorptionBrC_InSitu_UVtoRed_None_Bulk_STP, Water Soluble Brown Carbon absorption at 680 nm
WSAbs700, Mm-1, AerOpt_AbsorptionBrC_InSitu_UVtoRed_None_Bulk_STP, Water Soluble Brown Carbon absorption at 700 nm
WSAbs365, Mm-1, AerOpt_AbsorptionBrC_InSitu_UVtoRed_None_Bulk_STP, Water Soluble Brown Carbon absorption at 365 nm
0
18
PI_CONTACT_INFO: rweber@eas.gatech.edu
PLATFORM: NASA DC-8 aircraft
LOCATION: Aircraft location is given by the navigational file
ASSOCIATED_DATA: N/A
[...]
DATA_INFO: Samples collected by mist chamber were injected through 0.22 pore size syringe filter and then a 2.5 m path length LWCC, and light absorption was measured by Ocean Optics USB4000 spectrometer. Absorption from 300 to 700 nm were recorded. Absorption of pure solvent was subtracted from the sample. Raw absorption data were processed by the equation Abs=Raw*(Volume of liquid in the mist chamber)/(Volume of air collected at STP)/(Optical Path Length, 2.5m here)*ln(10). Data reported here were averaged over 20 nm wavelength intervals. i.e. absorption at 400 nm were average by absorption data between 390 nm to 410 nm. All data have been blank corrected by averaging all blank filter in this mission (2-3 blank filters per flight). Data are reported under STP, which is T=273K & p=1013 mb. When using the data, the absorption had better to corrected by higher wavelength, ie Abs700 for baseline drift. UNCERTAINTY: Data may have smearing issues. If we do not account for smearing or blank, the uncertainty is ~5%
UNCERTAINTY: Data may have smearing issues. If we do not account for smearing or blank, the uncertainty is ~5%
ULOD_FLAG: -7777
ULOD_VALUE: N/A
LLOD_FLAG: -8888
LLOD_VALUE: N/A
DM_CONTACT_INFO: lhzeng@gatech.edu
PROJECT_INFO: FIREX-AQ, 2019
STIPULATIONS_ON_USE: Use of these data require prior ok from PI.
OTHER_COMMENTS: N/A
REVISION: R0
RA: Preliminary Data.  For in-field use only.
Time_Start, Time_Stop, Time_Mid, WSAbs300, WSAbs320, WSAbs340, WSAbs360, WSAbs380, WSAbs400, WSAbs420, WSAbs440, WSAbs460, WSAbs480, WSAbs500, WSAbs520, WSAbs540, WSAbs560, WSAbs580, WSAbs600, WSAbs620, WSAbs640, WSAbs660, WSAbs680, WSAbs700, WSAbs365
[from data line 74]
68538,68688,68613,0.338568,-0.012395,-0.202457,-0.343725,-0.403316,-0.447113,-0.493262,-0.506308,-0.531146,-0.529294,-0.552475,-0.553423,-0.565326,-0.552662,-0.556537,-0.571284,-0.562296,-0.562439,-0.568045,-0.58429,-0.58638,-0.365425
68689,68839,68764,0.627452,0.480491,0.180125,-0.0772124,-0.163371,-0.263852,-0.35156,-0.41017,-0.437023,-0.473783,-0.487781,-0.522575,-0.540378,-0.551163,-0.575527,-0.578892,-0.597579,-0.622535,-0.610992,-0.59684,-0.659606,-0.100193
68839,68989,68914,-1.26813,-1.30694,-1.21528,-1.20604,-1.1968,-1.15162,-1.1666,-1.15083,-1.12793,-1.10788,-1.19729,-1.13143,-1.09496,-1.09752,-1.14083,-1.11991,-1.10285,-1.02372,-1.04052,-0.977138,-0.796185,-1.20354
68990,69140,69065,-1.85204,-1.62831,-1.68872,-1.56205,-1.5448,-1.45063,-1.42813,-1.44558,-1.4162,-1.35928,-1.44155,-1.48669,-1.31849,-1.42634,-1.34107,-1.30851,-1.30041,-1.2072,-1.27804,-1.15153,-0.848435,-1.53902
69140,69290,69215,-1.97409,-1.83819,-1.95828,-1.79071,-1.73992,-1.7283,-1.67759,-1.63928,-1.60046,-1.61185,-1.62832,-1.64116,-1.55401,-1.57496,-1.53012,-1.50968,-1.57286,-1.3745,-1.50591,-1.33603,-0.876368,-1.77244
69291,69441,69366,-1.88482,-2.0164,-1.95721,-1.72242,-1.702,-1.6645,-1.69729,-1.58965,-1.56182,-1.5631,-1.53529,-1.67146,-1.61318,-1.4846,-1.46763,-1.50766,-1.46622,-1.47532,-1.38131,-1.31676,-0.86984,-1.76933
69442,69592,69517,-2.22199,-2.09215,-1.92048,-1.84045,-1.79397,-1.77903,-1.71434,-1.76001,-1.7156,-1.6805,-1.70783,-1.69971,-1.82276,-1.62916,-1.72114,-1.65652,-1.75215,-1.67846,-1.70134,-1.53534,-0.952909,-1.8356
69592,69742,69667,-2.23556,-1.85338,-1.92642,-1.75525,-1.66445,-1.64252,-1.63905,-1.59786,-1.49852,-1.50623,-1.63611,-1.52174,-1.46679,-1.43139,-1.50617,-1.40461,-1.41093,-1.31854,-1.38073,-1.20234,-0.809532,-1.72383
69743,69893,69818,-2.14909,-1.99336,-1.96717,-1.81394,-1.8412,-1.80203,-1.75547,-1.67826,-1.68534,-1.63036,-1.81363,-1.61215,-1.64942,-1.64715,-1.71416,-1.6083,-1.60792,-1.55356,-1.49322,-1.40992,-0.900888,-1.84053
69893,70043,69968,-1.80084,-1.85991,-1.74765,-1.68214,-1.63844,-1.55542,-1.53137,-1.5084,-1.4753,-1.458,-1.45424,-1.44103,-1.36795,-1.45675,-1.35282,-1.41507,-1.34551,-1.31212,-1.36654,-1.21333,-0.889805,-1.67549
70044,70194,70119,-1.95635,-1.82249,-1.6777,-1.58198,-1.53725,-1.50454,-1.45685,-1.47812,-1.4353,-1.38389,-1.47481,-1.44011,-1.43853,-1.37924,-1.3346,-1.34251,-1.23654,-1.19529,-1.22819,-1.14319,-0.839334,-1.60724
70194,70344,70269,0.188162,-0.164346,-0.250432,-0.389657,-0.414393,-0.466537,-0.499346,-0.5227,-0.543286,-0.574646,-0.565114,-0.576362,-0.577138,-0.599191,-0.603936,-0.618675,-0.617611,-0.62465,-0.617171,-0.598107,-0.663851,-0.401588
70345,70495,70420,3.44661,1.42236,0.892355,0.328409,0.144556,-0.0518802,-0.181612,-0.265964,-0.334366,-0.364098,-0.396048,-0.409531,-0.440629,-0.459604,-0.463068,-0.47491,-0.48771,-0.495119,-0.495027,-0.496929,-0.53157,0.28623
70495,70645,70570,1.83015,0.774486,0.413138,0.10947,-0.0744288,-0.196633,-0.294651,-0.33662,-0.391353,-0.42883,-0.429293,-0.469302,-0.47146,-0.470308,-0.486093,-0.502071,-0.502781,-0.512665,-0.511984,-0.487374,-0.538113,0.0240946
70646,70796,70721,-0.527744,-0.5392,-0.54433,-0.553255,-0.555764,-0.542128,-0.554512,-0.558142,-0.561965,-0.552224,-0.560936,-0.557665,-0.554878,-0.564979,-0.555872,-0.555469,-0.566348,-0.562491,-0.565562,-0.509296,-0.567766,-0.559654
70796,70946,70871,-0.921297,-0.778614,-0.708208,-0.672381,-0.649679,-0.644312,-0.631452,-0.616558,-0.61267,-0.616503,-0.622943,-0.617591,-0.606901,-0.605498,-0.618438,-0.617311,-0.601128,-0.60678,-0.612805,-0.612528,-0.615779,-0.680599
70947,71097,71022,0.481838,0.167284,-0.0173074,-0.145928,-0.228019,-0.268307,-0.312377,-0.356358,-0.39511,-0.40753,-0.411589,-0.453704,-0.426971,-0.480819,-0.469963,-0.483947,-0.501056,-0.514089,-0.510438,-0.507393,-0.58763,-0.173805
71098,71248,71173,2.9322,1.58738,0.753323,0.310064,0.0551007,-0.134528,-0.241578,-0.306434,-0.365189,-0.41391,-0.421261,-0.457747,-0.474791,-0.478269,-0.502022,-0.498915,-0.523052,-0.528614,-0.521836,-0.512577,-0.552415,0.210073
71248,71398,71323,0.379949,-0.0126733,-0.186463,-0.25409,-0.317194,-0.368697,-0.404408,-0.424542,-0.458577,-0.477217,-0.486227,-0.482544,-0.514886,-0.51536,-0.536458,-0.530431,-0.540098,-0.553429,-0.539214,-0.54795,-0.58715,-0.285421
71399,71549,71474,24.3409,17.611,9.66103,6.66577,4.51298,3.19119,2.20174,1.58705,1.14177,0.728709,0.61972,0.391779,0.168994,0.0767347,-0.0707155,-0.118596,-0.139211,-0.273433,-0.269376,-0.314013,-0.428392,6.28307
71549,71699,71624,4.46784,2.56344,2.09862,1.26281,0.949114,0.644974,0.475821,0.28925,0.121321,-0.00066759,0.00761759,-0.0968883,-0.1958,-0.198425,-0.268685,-0.282886,-0.345251,-0.396624,-0.394305,-0.366195,-0.545299,1.20805
71700,71850,71775,15.4759,8.01152,5.52057,4.47464,3.45012,2.61583,2.11914,1.67034,1.34717,1.03404,1.13455,0.758344,0.655503,0.4449,0.293699,0.226781,0.166116,-0.0390126,0.0350296,-0.0247534,-0.381488,4.1466
71850,72000,71925,0.758227,0.259685,0.0217511,-0.226153,-0.327378,-0.403942,-0.447076,-0.485207,-0.523715,-0.522631,-0.546143,-0.553694,-0.559699,-0.554949,-0.564387,-0.576962,-0.574289,-0.576841,-0.572929,-0.546715,-0.595505,-0.251621
72001,72151,72076,2.78886,1.3231,0.97354,0.646672,0.444435,0.270288,0.128924,0.0190479,-0.037836,-0.121334,-0.194065,-0.166836,-0.249326,-0.27061,-0.294039,-0.340751,-0.353636,-0.415461,-0.399432,-0.411139,-0.562543,0.61146
72151,72301,72226,2.07313,0.857714,0.649929,0.299453,0.131671,0.0076812,-0.0873217,-0.178263,-0.200455,-0.264471,-0.299323,-0.338278,-0.341615,-0.366456,-0.40208,-0.412774,-0.420704,-0.45318,-0.440839,-0.470548,-0.520758,0.251979
72302,72452,72377,3.13412,2.01906,1.04685,0.63762,0.340199,0.160182,0.0198446,-0.0943579,-0.173757,-0.227156,-0.293614,-0.318892,-0.320684,-0.364558,-0.385333,-0.380242,-0.416956,-0.436132,-0.433582,-0.433908,-0.488191,0.568222
72455,72605,72530,-0.59876,-0.564329,-0.557566,-0.563536,-0.547155,-0.552318,-0.529617,-0.541022,-0.53565,-0.526537,-0.532126,-0.527577,-0.530541,-0.530221,-0.525389,-0.527141,-0.516252,-0.514277,-0.515383,-0.515583,-0.529073,-0.563766
72605,72755,72680,-1.18758,-1.06872,-0.95763,-0.865589,-0.828366,-0.79385,-0.773649,-0.751404,-0.724236,-0.720697,-0.715455,-0.694443,-0.682861,-0.670367,-0.671665,-0.674429,-0.658508,-0.645405,-0.661919,-0.622805,-0.64062,-0.868786
72756,72906,72831,-1.89413,-1.69702,-1.54652,-1.26611,-1.1734,-1.11219,-1.03409,-0.962909,-0.926395,-0.899688,-0.900889,-0.870316,-0.843058,-0.809404,-0.803085,-0.778842,-0.777982,-0.756648,-0.763787,-0.716832,-0.707295,-1.26429
72906,73056,72981,-0.0223398,-0.296316,-0.40711,-0.450303,-0.479146,-0.490276,-0.522657,-0.524304,-0.531754,-0.532574,-0.539922,-0.552783,-0.549573,-0.557592,-0.561531,-0.55199,-0.565196,-0.553256,-0.56503,-0.580402,-0.571197,-0.460368
73057,73207,73132,1.62229,0.445851,0.2535,0.0777788,-0.0485777,-0.164743,-0.229058,-0.286518,-0.325775,-0.358794,-0.372864,-0.407811,-0.425184,-0.431172,-0.439364,-0.459549,-0.459366,-0.480072,-0.498279,-0.464945,-0.539444,0.0252864
73207,73357,73282,-0.445054,-0.518274,-0.5376,-0.543008,-0.56805,-0.565225,-0.58039,-0.569346,-0.576321,-0.582804,-0.573729,-0.583265,-0.581023,-0.574676,-0.572101,-0.58346,-0.58222,-0.588057,-0.577035,-0.575564,-0.592215,-0.566087
73358,73508,73433,-1.47451,-1.33639,-1.18856,-1.18027,-1.14798,-1.12239,-1.13659,-1.11791,-1.09061,-1.08712,-1.07697,-1.07846,-1.08088,-1.08476,-1.05087,-1.03221,-1.0171,-0.990511,-1.0659,-0.948792,-0.692103,-1.18646
73509,73659,73584,-1.23969,-0.972301,-0.838284,-0.741065,-0.710107,-0.660165,-0.640889,-0.620096,-0.618178,-0.606926,-0.60312,-0.598634,-0.58115,-0.59223,-0.578373,-0.577177,-0.584088,-0.576323,-0.583733,-0.567198,-0.582844,-0.747025
73660,73810,73735,7.71683,3.95915,2.41167,1.74836,1.15885,0.719419,0.410084,0.252965,0.0879894,-0.0586441,-0.0840573,-0.221103,-0.200227,-0.272968,-0.325574,-0.347065,-0.366307,-0.411293,-0.401488,-0.439169,-0.497898,1.52991
73810,73961,73886,1.96573,1.15365,0.51734,0.202683,0.0246602,-0.105333,-0.199991,-0.248666,-0.321794,-0.331912,-0.353392,-0.373934,-0.389298,-0.407278,-0.406269,-0.43131,-0.430107,-0.436765,-0.433407,-0.427154,-0.461811,0.143321
73961,74111,74036,9.60123,5.99615,3.62928,2.33474,1.60224,0.90704,0.577758,0.343458,0.140134,0.025149,-0.0389876,-0.083766,-0.167869,-0.248538,-0.236531,-0.272112,-0.290855,-0.341845,-0.33492,-0.347004,-0.385,2.12382
74112,74262,74187,3.74673,3.014,1.9403,1.58511,1.22407,0.891519,0.685299,0.593791,0.387081,0.283363,0.322789,0.121223,0.15722,0.0259364,0.0265409,-0.0722941,-0.0713523,-0.165516,-0.145241,-0.18186,-0.39862,1.46432
74262,74412,74337,0.755092,0.195875,0.121496,-0.0642986,-0.161476,-0.248776,-0.275541,-0.320633,-0.354646,-0.394063,-0.413717,-0.409726,-0.43529,-0.444919,-0.453425,-0.469739,-0.463734,-0.503853,-0.489229,-0.489368,-0.568334,-0.119167
74413,74563,74488,-0.127975,-0.330653,-0.389173,-0.440228,-0.449054,-0.468284,-0.475909,-0.496582,-0.499125,-0.505544,-0.512324,-0.512538,-0.511415,-0.515332,-0.505053,-0.521939,-0.513324,-0.514288,-0.518808,-0.486751,-0.528211,-0.452753
74564,74714,74639,-1.90637,-1.35238,-1.1128,-0.988147,-0.877278,-0.834896,-0.782097,-0.741532,-0.720312,-0.7018,-0.695027,-0.682136,-0.683222,-0.666705,-0.651016,-0.648747,-0.653536,-0.635551,-0.623012,-0.600098,-0.621638,-0.959098
74714,74864,74789,-1.36005,-1.04862,-0.90199,-0.812946,-0.742787,-0.714523,-0.668563,-0.660783,-0.637181,-0.611093,-0.6203,-0.608613,-0.594382,-0.584501,-0.578685,-0.572072,-0.564943,-0.562492,-0.561567,-0.517049,-0.541835,-0.808584
74865,75015,74940,13.7987,9.89133,8.5725,5.76836,4.61561,3.82525,3.22229,2.57373,2.1473,1.64428,1.70209,1.50438,0.986502,0.836852,0.699529,0.750602,0.640144,0.198915,0.318397,0.23182,-0.293538,5.56091
75015,75165,75090,15.1264,8.09787,5.98286,3.99926,2.85765,2.11285,1.48319,1.01551,0.680489,0.50028,0.394064,0.170905,0.174243,0.0816483,-0.040634,-0.0914177,-0.116408,-0.207946,-0.201903,-0.234098,-0.351102,3.57485
75166,75316,75241,11.3531,9.27014,7.7236,5.53767,4.62481,3.44626,3.06172,2.5537,2.02666,1.80712,1.70142,1.29506,1.39591,1.01798,1.00114,0.817231,0.614506,0.311792,0.34997,0.313199,-0.268323,5.16522
75316,75466,75391,11.0761,8.02448,5.05516,3.04871,2.15849,1.39289,0.955718,0.636301,0.407171,0.236594,0.160006,0.0351794,-0.0384345,-0.107991,-0.128934,-0.172685,-0.189354,-0.242673,-0.247553,-0.257096,-0.319648,2.79107
75467,75617,75542,13.3633,7.09766,5.23904,3.67179,2.66436,1.90007,1.46123,1.18684,0.806059,0.625981,0.412495,0.331731,0.284518,0.184748,0.02075,-0.0331792,-0.0691556,-0.177438,-0.139189,-0.174904,-0.366759,3.35084
75617,75767,75692,2.75517,1.45252,1.10084,0.784046,0.556382,0.342277,0.179356,0.0195023,-0.0407622,-0.105323,-0.109145,-0.175438,-0.265379,-0.301324,-0.324761,-0.320792,-0.371012,-0.416993,-0.413922,-0.402015,-0.525395,0.695376
75768,75918,75843,1.53007,0.778244,0.447532,0.130061,0.0301321,-0.103422,-0.179218,-0.210261,-0.267684,-0.301933,-0.297876,-0.333998,-0.359201,-0.376409,-0.386944,-0.398527,-0.402789,-0.423832,-0.424584,-0.434108,-0.470635,0.0908243
75918,76068,75993,7.41502,4.7008,2.68324,1.99102,1.37834,1.03707,0.694315,0.529619,0.363984,0.189194,0.197989,0.102293,0.0228889,-0.0779785,-0.150979,-0.16852,-0.221177,-0.28552,-0.287565,-0.297779,-0.426478,1.86875
76069,76219,76144,29.3958,21.4767,14.7214,10.5487,6.93647,5.50106,3.7358,2.9696,2.22205,1.62463,1.43337,1.00974,0.911145,0.67,0.451059,0.380219,0.176085,0.0350113,0.0230204,-0.0174721,-0.265229,9.22311
76219,76369,76294,9.33758,5.14376,3.48285,2.18411,1.33043,0.903863,0.544899,0.363771,0.181871,0.0285593,-0.037406,-0.0804935,-0.156884,-0.190925,-0.217102,-0.277518,-0.285834,-0.331671,-0.327322,-0.317,-0.401367,1.90649
76370,76520,76445,19.7792,12.8355,8.57669,7.29634,5.94169,5.14813,4.20931,3.66562,2.85782,2.46615,2.21514,2.23619,1.68956,1.62674,1.44034,1.16394,0.9315,0.661835,0.654847,0.579415,-0.283925,6.83926
76520,76670,76595,7.74879,4.03127,3.46974,2.8815,2.28518,1.8475,1.60318,1.32375,1.04005,0.878052,0.921511,0.702432,0.606602,0.458724,0.370675,0.354293,0.154207,-0.0168468,0.132158,0.0167362,-0.362637,2.67734
76671,76821,76746,7.99982,5.3067,3.77631,2.95518,2.15042,1.69589,1.22836,0.955928,0.650127,0.541517,0.3819,0.391095,0.186205,0.0988586,0.084755,-0.00387574,-0.0390458,-0.167114,-0.129517,-0.186002,-0.333889,2.71749
76821,76971,76896,1.57396,0.925584,0.502534,0.313642,0.158166,0.0576857,-0.0284937,-0.0904872,-0.121109,-0.158426,-0.176274,-0.188398,-0.205421,-0.229245,-0.234454,-0.238092,-0.257712,-0.264543,-0.257238,-0.28819,-0.290404,0.264781
76972,77122,77047,12.0226,10.8783,8.40895,6.17353,4.7821,4.09662,3.42179,2.83464,2.36309,2.12535,1.92216,1.86848,1.44764,1.19453,1.14126,1.1007,1.04011,0.66847,0.687684,0.603317,0.134423,5.65472
77122,77272,77197,-0.414451,-0.463238,-0.480134,-0.484179,-0.480873,-0.488685,-0.497045,-0.493872,-0.492055,-0.500362,-0.497931,-0.506711,-0.509555,-0.506692,-0.491796,-0.505962,-0.494695,-0.503606,-0.51161,-0.52095,-0.51232,-0.493345
77273,77423,77348,6.45665,4.03102,2.45072,1.36887,0.821613,0.522345,0.21225,0.0363221,-0.0901166,-0.177172,-0.241814,-0.255057,-0.340876,-0.357996,-0.39036,-0.397746,-0.405029,-0.449311,-0.439175,-0.456247,-0.497308,1.23774
77424,77574,77499,-1.95754,-0.55507,-0.219702,0.110727,0.246195,0.36462,0.410989,0.452225,0.480684,0.494772,0.513977,0.524074,0.530773,0.534373,0.55742,0.545619,0.54768,0.554265,0.553628,0.507635,0.558189,0.139547
77574,77724,77649,3.0752,2.46994,2.09392,1.7755,1.64685,1.53063,1.43503,1.40193,1.31968,1.30813,1.27899,1.2495,1.24057,1.21492,1.19324,1.19454,1.19771,1.15213,1.1773,1.01608,1.11935,1.7441
77725,77875,77800,-1.88647,-1.82705,-1.76833,-1.65327,-1.66579,-1.6682,-1.6305,-1.61182,-1.5914,-1.60464,-1.66299,-1.68253,-1.62946,-1.63534,-1.56288,-1.59626,-1.58265,-1.5528,-1.55986,-1.4232,-1.10316,-1.69625
77875,78025,77950,-2.16459,-1.96649,-2.06235,-1.94273,-1.92318,-1.90409,-1.89044,-1.87728,-1.83657,-1.81924,-1.80433,-1.93103,-1.88899,-1.89621,-1.86094,-1.73447,-1.74919,-1.78367,-1.81882,-1.61559,-1.25088,-1.94582
78026,78176,78101,-2.34768,-2.32987,-2.34585,-2.13892,-2.15549,-2.09245,-2.09702,-2.06288,-2.01057,-1.98484,-2.06896,-2.08558,-2.056,-2.03354,-1.89505,-2.00589,-1.85773,-1.85257,-1.82027,-1.66073,-1.37554,-2.17191
78176,78326,78251,-2.55583,-2.40883,-2.41456,-2.33629,-2.32129,-2.29528,-2.24526,-2.19707,-2.17921,-2.17914,-2.14492,-2.26245,-2.22687,-2.14649,-2.04639,-2.1542,-2.09107,-2.02486,-2.0013,-1.81394,-1.5024,-2.35546
78327,78477,78402,-2.54604,-2.56485,-2.48472,-2.39076,-2.33307,-2.25284,-2.17012,-2.15201,-2.13016,-2.08704,-2.18671,-2.106,-2.01563,-2.0818,-1.96878,-2.06287,-1.97508,-1.88942,-1.98655,-1.71211,-1.40555,-2.3546
78477,78627,78552,-3.53768,-2.89348,-2.94022,-2.6703,-2.66509,-2.6224,-2.54495,-2.43918,-2.42315,-2.37439,-2.48109,-2.50963,-2.41619,-2.37249,-2.27913,-2.34273,-2.2543,-2.14036,-2.12938,-2.02133,-1.52972,-2.68665
78628,78778,78703,-2.59746,-2.80079,-2.66796,-2.51577,-2.5379,-2.42876,-2.44974,-2.41339,-2.36565,-2.39889,-2.43189,-2.42027,-2.39647,-2.43347,-2.38351,-2.28122,-2.27407,-2.15893,-2.25878,-2.17064,-1.57364,-2.52738
78778,78928,78853,-3.5687,-2.98511,-2.6971,-2.61609,-2.53511,-2.50019,-2.48378,-2.46835,-2.36786,-2.39392,-2.31809,-2.43882,-2.34086,-2.32462,-2.32587,-2.3315,-2.16701,-2.19019,-2.17162,-1.98134,-1.5189,-2.63939
78929,79079,79004,-3.18381,-2.88371,-2.86523,-2.6549,-2.53299,-2.55077,-2.44976,-2.4492,-2.39982,-2.40161,-2.59183,-2.38643,-2.40046,-2.3467,-2.29502,-2.39975,-2.41875,-2.18349,-2.26717,-2.09934,-1.55099,-2.62942
79080,79230,79155,-2.93149,-3.04339,-2.8803,-2.75584,-2.77805,-2.74365,-2.66806,-2.56721,-2.57278,-2.47763,-2.67488,-2.55911,-2.60116,-2.54744,-2.48511,-2.40451,-2.31764,-2.33168,-2.31087,-2.06912,-1.62336,-2.80626
