Data/Raw/WEBER,RODNEY/FIREXAQ-SAGA-AERO-BrC_DC8_20190725_R0.ict
79, 1001
Weber, Rodney
Georgia Institute of Technology
Brown carbon measured 
FIREXAQ
1, 1
2019, 07, 25, 2020, 03, 04
0
Time_Start, seconds_past_midnight, Time_Start, seconds_past_midnight
47
1, 1, 1, 1, 1, 1, 1, 1, 1, 1, 1, 1, 1, 1, 1, 1, 1, 1, 1, 1, 1, 1, 1, 1, 1, 1, 1, 1, 1, 1, 1, 1, 1, 1, 1, 1, 1, 1, 1, 1, 1, 1, 1, 1, 1, 1, 1
-9999, -9999, -9999, -9999, -9999, -9999, -9999, -9999, -9999, -9999, -9999, -9999, -9999, -9999, -9999, -9999, -9999, -9999, -9999, -9999, -9999, -9999, -9999, -9999, -9999, -9999, -9999, -9999, -9999, -9999, -9999, -9999, -9999, -9999, -9999, -9999, -9999, -9999, -9999, -9999, -9999, -9999, -9999, -9999, -9999, -9999, -9999
Time_Stop, seconds_past_midnight, Time_Stop, seconds_past_midnight
Time_Mid, seconds_past_midnight, Time_Mid, seconds_past_midnight
WSAbs300, Mm-1, AerOpt_AbsorptionBrC_InSitu_UVtoRed_None_Bulk_STP, Water Soluble Brown Carbon absorption at 300 nm
WSAbs320, Mm-1, AerOpt_AbsorptionBrC_InSitu_UVtoRed_None_Bulk_STP, Water Soluble Brown Carbon absorption at 320 nm
WSAbs340, Mm-1, AerOpt_AbsorptionBrC_InSitu_UVtoRed_None_Bulk_STP, Water Soluble Brown Carbon absorption at 340 nm
WSAbs360, Mm-1, AerOpt_AbsorptionBrC_InSitu_UVtoRed_None_Bulk_STP, Water Soluble Brown Carbon absorption at 360 nm
WSAbs380, Mm-1, AerOpt_AbsorptionBrC_InSitu_UVtoRed_None_Bulk_STP, Water Soluble Brown Carbon absorption at 380 nm
WSAbs400, Mm-1, AerOpt_AbsorptionBrC_InSitu_UVtoRed_None_Bulk_STP, Water Soluble Brown Carbon absorption at 400 nm
WSAbs420, Mm-1, AerOpt_AbsorptionBrC_InSitu_UVtoRed_None_Bulk_STP, Water Soluble Brown Carbon absorption at 420 nm
WSAbs440, Mm-1, AerOpt_AbsorptionBrC_InSitu_UVtoRed_None_Bulk_STP, Water Soluble Brown Carbon absorption at 440 nm
WSAbs460, Mm-1, AerOpt_AbsorptionBrC_InSitu_UVtoRed_None_Bulk_STP, Water Soluble Brown Carbon absorption at 460 nm
WSAbs480, Mm-1, AerOpt_AbsorptionBrC_InSitu_UVtoRed_None_Bulk_STP, Water Soluble Brown Carbon absorption at 480 nm
WSAbs500, Mm-1, AerOpt_AbsorptionBrC_InSitu_UVtoRed_None_Bulk_STP, Water Soluble Brown Carbon absorption at 500 nm
WSAbs520, Mm-1, AerOpt_AbsorptionBrC_InSitu_UVtoRed_None_Bulk_STP, Water Soluble Brown Carbon absorption at 520 nm
WSAbs540, Mm-1, AerOpt_AbsorptionBrC_InSitu_UVtoRed_None_Bulk_STP, Water Soluble Brown Carbon absorption at 540 nm
WSAbs560, Mm-1, AerOpt_AbsorptionBrC_InSitu_UVtoRed_None_Bulk_STP, Water Soluble Brown Carbon absorption at 560 nm
WSAbs580, Mm-1, AerOpt_AbsorptionBrC_InSitu_UVtoRed_None_Bulk_STP, Water Soluble Brown Carbon absorption at 580 nm
WSAbs600, Mm-1, AerOpt_AbsorptionBrC_InSitu_UVtoRed_None_Bulk_STP, Water Soluble Brown Carbon absorption at 600 nm
WSAbs620, Mm-1, AerOpt_AbsorptionBrC_InSitu_UVtoRed_None_Bulk_STP, Water Soluble Brown Carbon absorption at 620 nm
WSAbs640, Mm-1, AerOpt_AbsorptionBrC_InSitu_UVtoRed_None_Bulk_STP, Water Soluble Brown Carbon absorption at 640 nm
WSAbs660, Mm-1, AerOpt_AbsorptionBrC_InSitu_UVtoRed_None_Bulk_STP, Water Soluble Brown Carbon absorption at 660 nm
WSAbs680, Mm-1, AerOpt_AbsorptionBrC_InSitu_UVtoRed_None_Bulk_STP, Water Soluble Brown Carbon absorption at 680 nm
WSAbs700, Mm-1, AerOpt_AbsorptionBrC_InSitu_UVtoRed_None_Bulk_STP, Water Soluble Brown Carbon absorption at 700 nm
WSAbs365, Mm-1, AerOpt_AbsorptionBrC_InSitu_UVtoRed_None_Bulk_STP, Water Soluble Brown Carbon absorption at 365 nm
[...]
UNCERTAINTY: 16% for WSAbs365, 17% for WSOC, 19% for MSAbs365
ULOD_FLAG: -7777
ULOD_VALUE: N/A
LLOD_FLAG: -8888
LLOD_VALUE: N/A
DM_CONTACT_INFO: lhzeng@gatech.edu
PROJECT_INFO: FIREX-AQ, 2019
STIPULATIONS_ON_USE: Use of these data require prior ok from PI.
OTHER_COMMENTS: N/A
REVISION: R0
RA: Preliminary Data.  For in-field use only. 
Time_Start, Time_Stop, Time_Mid, WSAbs300, WSAbs320, WSAbs340, WSAbs360, WSAbs380, WSAbs400, WSAbs420, WSAbs440, WSAbs460, WSAbs480, WSAbs500, WSAbs520, WSAbs540, WSAbs560, WSAbs580, WSAbs600, WSAbs620, WSAbs640, WSAbs660, WSAbs680, WSAbs700, WSAbs365, WSOC, MSAbs300, MSAbs320, MSAbs340, MSAbs360, MSAbs380, MSAbs400, MSAbs420, MSAbs440, MSAbs460, MSAbs480, MSAbs500, MSAbs520, MSAbs540, MSAbs560, MSAbs580, MSAbs600, MSAbs620, MSAbs640, MSAbs660, MSAbs680, MSAbs700, MSAbs365
80280,81000,80640,0.00501968,0.00749161,0.00378275,0.00242809,0.0021657,0.00135514,-0.000850463,0.000791521,-0.00197253,-0.00308792,-0.00424567,-0.0112942,-0.00922272,-0.00451042,-0.00797681,-0.020342,-0.0106494,-0.00470631,-0.00279693,-0.00938902,-0.0151384,-0.000518384,0.2376,-0.270469,-0.114666,-0.0530623,-0.0281551,-0.0223896,-0.0372127,-0.0561307,-0.0586659,-0.0722673,-0.0750891,-0.0943833,-0.111677,-0.113423,-0.123516,-0.115673,-0.13533,-0.145552,-0.145039,-0.133882,-0.154348,-0.163516,-0.0297215
81120,81720,81420,0.0585913,0.0278798,0.0134454,0.00823441,0.00694153,0.00641624,0.0033538,0.00735039,0.00399983,0.00237415,0.00359731,-0.00532924,-0.00168744,0.00136695,-0.00241757,-0.00978424,-0.00306096,-0.00327018,-0.000536664,-0.0117529,-0.0186898,0.00416686,0.3027,-0.388262,-0.237223,-0.160974,-0.122677,-0.105817,-0.112872,-0.128882,-0.127323,-0.145301,-0.145759,-0.169804,-0.193662,-0.202455,-0.214576,-0.200926,-0.217589,-0.225432,-0.231951,-0.211946,-0.241499,-0.234391,-0.122813
81900,82200,82050,113.783,76.9311,53.2559,37.6486,27.1208,24.723,23.6341,20.9472,16.1354,10.9324,7.03656,4.70588,3.48357,2.76014,2.08709,1.81715,1.57175,1.3523,1.13006,0.941818,0.712809,34.6253,34.783,101.019,96.5433,63.6034,43.3498,31.211,23.1069,17.4511,13.5314,10.5483,8.15141,6.27908,4.81085,3.65603,2.71666,1.91594,1.39664,0.959208,0.554463,0.279476,-0.0194282,-0.157888,39.6797
82320,82440,82380,278.253,208.287,155.198,112.96,78.3884,53.93,38.2859,28.3793,20.2154,13.1426,8.5571,5.16211,2.2482,0.482266,-0.64326,-2.03552,-2.1937,-2.02316,-2.49667,-2.32498,-4.23431,103.499,86.6754,124.06,137.296,94.5982,66.3154,48.8593,37.2065,29.0886,23.4327,19.0702,15.5449,12.795,10.6281,8.85649,7.43503,6.12031,5.35838,4.57845,3.79231,3.29258,2.72217,2.43231,61.0889
82560,82680,82620,48.6959,43.8676,35.2268,26.8925,20.2668,16.722,14.6391,12.1742,8.91384,5.73476,3.61527,2.46793,1.85066,1.48339,1.04617,0.86577,0.755148,0.762074,0.655673,0.56161,0.497201,24.9491,32.4787,115.981,85.1924,58.5609,41.4641,30.1827,22.2074,16.5557,12.6932,9.76136,7.49854,5.79525,4.48904,3.44833,2.62023,1.90472,1.43127,1.05008,0.648802,0.40643,0.144148,0.0323145,38.1805
82950,83040,82995,27.7635,19.599,13.5793,9.37568,6.38822,4.57318,3.43946,2.59403,1.96602,1.43349,1.11461,0.86015,0.698089,0.583591,0.397894,0.359526,0.306014,0.364039,0.262102,0.190152,0.159988,8.49495,24.4467,65.893,47.4496,33.713,24.5293,18.1588,13.5835,10.3,7.98653,6.24354,4.88164,3.84126,3.06162,2.44847,1.96051,1.51283,1.18725,0.943232,0.595572,0.45376,0.211417,0.0503156,22.6962
83160,83400,83280,83.1704,57.3663,39.2145,26.8269,17.887,11.7471,7.9057,5.42942,3.66141,2.31995,1.41179,0.699371,-0.0407595,-0.455534,-0.665573,-1.10069,-1.04271,-1.01632,-1.19271,-1.12135,-1.6057,24.2951,41.5616,77.4884,62.8327,44.4193,32.049,23.5124,17.4118,13.0596,9.97692,7.71243,5.91211,4.62692,3.62003,2.85581,2.27204,1.75467,1.47518,1.15725,0.955504,0.735295,0.509476,0.448626,29.6367
83580,83820,83700,1.74222,0.417466,0.303422,0.225996,0.17322,0.132507,0.114151,0.0924139,0.0771517,0.0591814,0.0507452,0.0458983,0.0319659,0.0449379,0.0139072,0.0243262,0.0134779,0.00317384,0.00708546,0.0305615,0.0431967,0.211971,0.1581,0.765681,0.385702,0.163539,0.0933405,0.0780596,0.061608,0.0412677,0.00554308,-0.0119178,-0.0264276,-0.0566717,-0.103914,-0.118084,-0.117577,-0.123135,-0.10928,-0.155212,-0.133481,-0.184754,-0.234551,-0.201399,0.10057
83940,84360,84150,0.607185,0.407808,0.288845,0.207164,0.146501,0.0992222,0.0771501,0.063542,0.0445362,0.0273568,0.0279007,0.0204754,0.0255897,0.00884183,0.0101936,0.0205691,0.00627964,0.0154177,0.00387209,0.0360772,0.0508361,0.183826,0.0991038,1.21911,0.764409,0.466134,0.330789,0.238533,0.162668,0.0920714,0.0443566,0.00869209,-0.0163681,-0.0480653,-0.0904278,-0.103931,-0.119445,-0.121431,-0.128114,-0.141353,-0.092946,-0.109172,-0.13094,-0.129072,0.306575
84480,85020,84750,0.0114948,0.0176207,0.0183821,0.0176852,0.0153831,0.0117585,0.0148432,0.0161849,0.00945091,0.00669136,0.00796074,0.00505604,0.00670601,0.00753207,0.00854125,0.00494507,0.0134233,0.0114857,-0.000217822,0.0145825,0.023632,0.0158812,0.0741801,-0.0996012,-0.130525,-0.156627,-0.124453,-0.0936135,-0.0772744,-0.0866027,-0.0955983,-0.109438,-0.12026,-0.145406,-0.170448,-0.186525,-0.195994,-0.193834,-0.205106,-0.21634,-0.182462,-0.181501,-0.230613,-0.200776,-0.110184
85200,85500,85350,0.202295,0.120832,0.0776429,0.0570744,0.0416117,0.0273638,0.0218859,0.0247125,0.0168025,0.0101867,0.00861476,0.0059677,0.00997316,0.00845121,0.0107007,0.0164646,0.00300998,-0.00748636,0.00386271,0.0269818,-0.00371904,0.0475732,0.0964041,0.237491,0.115437,0.024903,0.00131612,-0.0160349,-0.0424142,-0.0745995,-0.119579,-0.161751,-0.205146,-0.249471,-0.307959,-0.329468,-0.347555,-0.340362,-0.353214,-0.408967,-0.454205,-0.478329,-0.528775,-0.467136,0.00698502
85620,85740,85680,-9999,-9999,-9999,-9999,-9999,-9999,-9999,-9999,-9999,-9999,-9999,-9999,-9999,-9999,-9999,-9999,-9999,-9999,-9999,-9999,-9999,-9999,-9999,-9999,-9999,-9999,-9999,-9999,-9999,-9999,-9999,-9999,-9999,-9999,-9999,-9999,-9999,-9999,-9999,-9999,-9999,-9999,-9999,-9999,-9999
85860,85980,85920,46.7241,37.4184,28.2024,20.8983,14.7617,10.5009,8.00531,6.20671,4.42758,2.81456,1.79557,1.22293,0.918128,0.709146,0.483648,0.459983,0.352844,0.268009,0.231755,0.241051,0.0589195,19.1924,39.1915,144.414,106.406,71.4393,49.6075,35.3882,25.496,18.6151,13.9943,10.6368,8.01025,6.07824,4.59916,3.42145,2.54918,1.72886,1.2815,0.825796,0.567415,0.196685,-0.105732,-0.163931,45.5117
86100,86280,86190,466.667,385.963,297.566,225.396,160.448,112.251,83.3451,63.548,44.8818,28.2196,17.4021,10.9978,6.72532,4.1466,2.09619,0.713034,0.259966,0.131227,-0.682779,-0.954057,-2.55329,208.054,236.909,501.963,345.245,242.902,174.368,127.42,93.1627,69.8744,53.8611,41.9288,32.663,25.5716,20.0991,15.8218,12.462,9.61969,7.80134,6.21883,4.9778,4.00494,3.06165,2.59282,138.022
86460,86760,86610,83.0831,60.8781,44.7819,32.4316,21.6672,13.5938,8.88799,6.22542,4.04234,2.34941,1.16927,0.406897,-0.27149,-0.603528,-0.767101,-1.18685,-1.20321,-1.07069,-1.3657,-1.16587,-1.63854,29.5553,49.2302,55.5775,64.2231,44.9714,31.4916,22.673,16.4976,12.1824,9.24825,7.11184,5.43828,4.21381,3.25058,2.51194,1.91772,1.40509,1.09916,0.819502,0.652292,0.47301,0.274022,0.205039,28.962
86880,87180,87030,22.6164,18.1731,13.8246,10.4272,7.56483,5.59353,4.36992,3.38577,2.42863,1.56202,1.01851,0.705458,0.523918,0.411041,0.283596,0.223321,0.197127,0.19482,0.155153,0.149425,0.114354,9.64121,15.3154,47.6318,34.1494,22.6374,15.667,11.2681,8.24898,6.11138,4.62668,3.55003,2.70064,2.07887,1.57453,1.20524,0.914067,0.654897,0.513411,0.361114,0.280216,0.174894,0.0363509,0.00250603,14.3872
87300,87420,87360,538.435,400.469,299.165,219.726,147.003,91.886,60.03,42.7842,29.1342,17.7558,10.3964,5.76549,2.1362,0.11425,-0.482668,-3.18167,-3.11936,-2.84839,-3.33083,-3.19196,-6.31605,200.437,132.426,375.688,258.414,181.823,126.107,91.4214,67.3411,50.3529,38.7582,30.2294,23.5713,18.7106,14.8885,11.9114,9.57027,7.45134,6.19345,5.07123,4.18997,3.39336,2.63197,2.22747,116.032
87540,87720,87630,42.6473,40.3675,31.6726,23.2176,16.4435,12.0928,9.40898,7.27287,5.21667,3.41008,2.23534,1.52394,1.07261,0.771238,0.484552,0.340175,0.227479,0.165575,0.0841756,0.05121,-0.0346897,21.278,29.6453,202.379,139.242,97.9937,69.9937,50.7209,36.8267,27.15,20.5032,15.6468,11.9105,9.20105,7.15506,5.63765,4.52125,3.54888,3.03442,2.26546,1.60178,1.04096,0.595651,0.417518,64.5501
87840,88020,87930,42.6898,38.2068,28.6877,20.681,14.388,9.94467,7.10308,5.15865,3.67679,2.53824,1.81548,1.3339,0.966706,0.709794,0.429227,0.273547,0.203244,0.160123,0.0943272,0.0837464,-0.0248704,18.9237,17.1407,89.5532,65.2969,45.4998,32.8469,24.3318,18.2444,13.8609,10.7148,8.40433,6.55676,5.2342,4.17285,3.36848,2.72166,2.10792,1.78703,1.4639,1.26223,0.993272,0.772871,0.669468,30.4235
88140,88320,88230,61.0568,44.8666,31.0107,21.7001,14.8808,10.3263,7.4285,5.41094,3.90595,2.69726,1.95918,1.42809,1.06274,0.815464,0.57214,0.289189,0.195429,0.271824,0.337133,0.210408,0.18658,19.7759,33.6423,103.487,75.0754,52.5367,38.0382,28.0905,20.9709,15.8156,12.1,9.36506,7.16139,5.5747,4.30968,3.31731,2.56453,1.8323,1.47146,1.069,0.82549,0.548344,0.235496,0.121792,35.2316
88440,88560,88500,153.051,105.031,70.0971,48.0493,32.9452,22.6428,16.2078,11.8852,8.79046,6.31238,4.94459,3.90009,2.79161,2.14428,1.38956,1.27874,0.992475,1.10083,0.798956,0.5604,0.846742,43.6954,39.2598,202.018,139.143,99.5346,71.9509,53.2261,39.6467,29.8278,22.7676,17.5439,13.4525,10.4603,8.16166,6.36707,4.96828,3.72578,3.01664,2.34734,1.85429,1.41862,0.973204,0.797511,66.6738
88680,89040,88860,28.8462,25.1099,18.4061,13.0473,9.0613,6.50716,4.85247,3.64971,2.69168,1.91622,1.42788,1.08701,0.838919,0.659911,0.440784,0.393046,0.319102,0.247247,0.252173,0.192626,0.220259,11.9108,20.0993,87.0585,60.0443,42.6505,30.9013,22.8196,16.9875,12.7959,9.76103,7.53756,5.79317,4.51286,3.52791,2.76225,2.16839,1.63566,1.31915,1.03762,0.861111,0.665751,0.456816,0.352973,28.6327
89160,89400,89280,39.8942,36.6812,26.9821,19.1349,13.2914,9.39297,6.84686,5.06474,3.72971,2.69664,2.05265,1.60055,1.25366,0.995125,0.673931,0.593942,0.498131,0.385758,0.387338,0.312214,0.282284,17.4905,47.5496,121.109,81.331,58.0059,42.5047,31.6327,23.7203,18.003,13.8212,10.6921,8.22621,6.41041,4.99596,3.90092,3.04896,2.29201,1.83932,1.4037,1.06671,0.783868,0.458498,0.369699,39.4724
89520,89760,89640,48.7906,37.4922,26.8257,19.2417,13.5195,9.72403,7.17444,5.27668,3.84244,2.73517,2.06008,1.59203,1.23482,0.970286,0.636447,0.568906,0.478715,0.365264,0.398097,0.297181,0.28666,17.6258,38.9861,139.98,97.0811,69.051,50.4267,37.4527,28.0338,21.2704,16.3332,12.6484,9.71321,7.57623,5.93377,4.63103,3.62482,2.66731,2.13967,1.64638,1.33915,0.991486,0.60503,0.465524,46.7677
89880,90060,89970,47.7899,43.8782,33.1355,24.0798,17.0327,12.2235,9.01674,6.67503,4.92009,3.56717,2.71592,2.10911,1.65326,1.30235,0.895883,0.814472,0.654199,0.504228,0.497317,0.380107,0.383689,22.1292,23.4172,121.705,85.0736,60.489,44.4929,33.2513,25.0935,19.1382,14.777,11.5023,8.88999,6.98137,5.50335,4.32638,3.43338,2.5694,2.09342,1.65074,1.42118,1.13217,0.746065,0.626426,41.3471
90180,90480,90330,22.5276,16.4181,11.7411,8.43783,5.96008,4.35012,3.29168,2.48472,1.85425,1.33341,1.0182,0.805016,0.621945,0.511267,0.353278,0.324501,0.276509,0.247998,0.229063,0.223564,0.200578,7.72369,3.17186,38.4259,27.98,19.967,14.7217,11.0443,8.39157,6.44792,5.01609,3.92977,3.04768,2.42054,1.93281,1.55102,1.2392,0.902992,0.722266,0.53317,0.530603,0.413617,0.205366,0.194853,13.6869
91080,92040,91560,-0.0418334,-0.022277,-0.0108607,-0.00512684,-0.00137937,-0.000998428,0.000831828,0.00318082,0.00134996,-0.000112926,0.000515498,-0.00137839,-0.00454568,0.000184712,0.00190387,0.00666864,-0.00261765,-0.0100831,-0.00903728,0.00208904,0.00939013,-0.00664378,0.0481989,-0.144797,-0.199489,-0.183965,-0.151469,-0.108853,-0.0805937,-0.0532238,-0.0434057,-0.0488378,-0.0416313,-0.048897,-0.0552893,-0.051317,-0.0683515,-0.0710288,-0.0744619,-0.0588243,-0.0425709,-0.0289501,-0.0232081,-0.0217409,-0.142203
92280,92640,92460,0.230816,0.149298,0.10764,0.0815008,0.0619221,0.05165,0.0415795,0.037213,0.0236325,0.0202154,0.0197091,0.0127711,0.0179038,0.016223,0.00472489,-0.00458404,0.000460041,0.00497715,0.00726874,0.00287193,-0.0106378,0.082395,0.057022,-0.531522,-0.285663,-0.153409,-0.0767484,-0.0486862,-0.0476983,-0.0476808,-0.0418133,-0.0384476,-0.0366534,-0.0383038,-0.0424302,-0.0392181,-0.0447615,-0.0321678,-0.0361897,-0.027778,0.027684,0.0467894,0.0359241,0.0211239,-0.0679224
92760,92940,92850,24.2528,18.8335,14.2016,9.68899,6.16211,4.15371,3.05596,2.3972,1.80053,1.19955,0.784256,0.5295,0.404274,0.313967,0.193484,0.15205,0.154565,0.165884,0.177779,0.145137,0.113709,8.6624,50.303,70.3808,50.3229,32.1695,21.442,15.4571,11.7743,9.34393,7.66113,6.33505,5.17011,4.38683,3.71719,3.17905,2.66206,2.13046,1.84854,1.64895,1.40356,1.18187,1.05297,0.796922,19.58
93060,93240,93150,14.8346,11.2608,8.59445,6.50948,4.63682,3.33141,2.53032,1.93457,1.37728,0.874592,0.572836,0.394652,0.309435,0.249016,0.154812,0.123416,0.117074,0.152801,0.148657,0.12091,0.104517,6.0158,12.1806,31.829,22.8292,15.0052,10.3151,7.44826,5.56678,4.27402,3.39242,2.73943,2.17029,1.75871,1.42188,1.20177,0.966653,0.772783,0.616812,0.508676,0.470312,0.324884,0.420844,0.201384,9.46213
93360,93540,93450,232.985,178.039,136.542,102.921,71.5471,47.681,33.988,25.702,18.5881,12.0804,8.23457,5.89764,3.89028,2.96065,1.8801,1.84918,1.58174,1.73156,1.37812,1.11015,1.20011,94.6357,83.8336,224.04,158.812,114.941,78.5196,57.6433,43.731,33.7755,26.7165,21.3835,17.195,14.1337,11.7277,9.84952,8.17946,6.66487,5.76496,4.90463,4.01833,3.58658,2.96051,2.46505,72.307
93660,93900,93780,34.4027,27.8826,22.1372,17.1356,12.8014,10.002,8.40204,6.93539,5.02406,3.09967,1.84175,1.16752,0.846679,0.662235,0.434149,0.350571,0.335989,0.338981,0.285216,0.232438,0.203012,15.9401,35.4381,70.7906,55.4344,36.725,25.435,18.5089,13.9126,10.7068,8.48733,6.82811,5.46858,4.47279,3.69935,3.08303,2.55316,2.07645,1.78145,1.45215,1.25377,0.970414,0.935182,0.666818,23.3781
94020,94200,94110,194.617,150.02,115.58,88.2314,62.9798,44.3935,33.4381,25.6797,18.4202,12.3367,8.24284,6.06826,4.49069,3.57999,2.50312,2.30423,2.31115,1.96989,2.25394,0.812107,1.19423,81.4417,28.8405,147.646,105.267,88.9373,61.9756,45.5572,34.422,26.6015,21.0146,16.7914,13.4191,10.8515,8.87097,7.27366,5.95832,4.74837,3.96122,3.14919,2.5704,2.03242,1.70428,1.21003,57.2049
94320,94650,94485,146.615,105.138,73.3887,52.1303,35.87,24.3102,17.2316,12.7208,9.35683,6.85813,5.19683,4.07833,2.99455,2.38747,1.6193,1.41147,1.40055,1.05911,1.20586,0.536168,0.582195,47.5933,48.7954,-0.531522,-0.285663,-0.153409,-0.0767484,-0.0486862,-0.0476983,-0.0476808,-0.0418133,-0.0384476,-0.0366534,-0.0383038,-0.0424302,-0.0392181,-0.0447615,-0.0321678,-0.0361897,-0.027778,0.027684,0.0467894,0.0359241,0.0211239,-0.0679224
94800,95280,95040,36.1956,23.2631,15.3511,11.282,8.01059,5.72281,4.21671,3.12173,2.25687,1.58962,1.17871,0.891438,0.695782,0.542183,0.365835,0.314964,0.261478,0.205721,0.186989,0.150714,0.128567,10.3849,6.25083,33.7952,35.0747,24.084,17.3165,12.8139,9.62374,7.30838,5.65289,4.40302,3.41959,2.67732,2.11539,1.66836,1.31706,1.00483,0.812917,0.630593,0.484777,0.427676,0.293872,0.264554,16.0334
95400,95820,95610,10.7143,7.49502,5.09674,3.55295,2.38427,1.64039,1.1939,0.874501,0.632231,0.453613,0.35282,0.265546,0.211764,0.166837,0.107356,0.107774,0.0820037,0.0451173,0.0387336,0.0308645,0.0145593,3.23207,7.81718,25.8688,18.6129,13.3075,9.81112,7.30484,5.52958,4.20433,3.22071,2.48152,1.89299,1.45208,1.11425,0.852456,0.661916,0.479553,0.3817,0.256985,0.131493,0.0962013,0.0159701,0.0211239,9.09504
96000,96300,96150,24.5752,19.0761,13.7505,9.8577,6.96716,5.05943,3.80543,2.90996,2.23351,1.70617,1.38844,1.13394,0.94898,0.805998,0.602535,0.572813,0.509987,0.431527,0.393605,0.36161,0.262318,9.04659,10.4562,37.4825,27.1522,19.5435,14.4696,10.882,8.28223,6.38308,4.96912,3.92616,3.09943,2.48874,1.99706,1.62631,1.3466,1.07913,0.91856,0.777109,0.658561,0.605549,0.463978,0.485851,13.4522
97800,98580,98190,0.128079,0.129649,0.1302,0.119312,0.109297,0.0959618,0.0883067,0.0852321,0.0743798,0.0685643,0.0676442,0.0576748,0.0583102,0.0599846,0.0482086,0.0546039,0.0494688,0.0322305,0.0290799,0.0338114,0.0179649,0.118002,0.140775,0.00189309,0.0880976,0.109312,0.129039,0.1151,0.0929347,0.060295,0.0361033,0.0184582,0.0024079,-0.0209187,-0.0397152,-0.051609,-0.0605452,-0.0649594,-0.0664903,-0.0695164,-0.0427929,-0.0203765,-0.0303113,-0.0177364,0.123983
98700,99600,99150,0.24347,0.182772,0.13195,0.104783,0.0815952,0.0611136,0.0530924,0.0449806,0.0306293,0.0289685,0.0223496,0.0194752,0.0152806,0.0205773,0.0145473,0.00988026,0.019481,0.0105296,0.0201173,0.00100383,0.00594569,0.0963,0.164574,0.22286,0.200938,0.175746,0.169671,0.149195,0.115838,0.0721692,0.0396674,0.0194692,-0.00218505,-0.0278105,-0.0565824,-0.074358,-0.0803755,-0.0845393,-0.0843972,-0.0779324,-0.0577778,-0.0361769,-0.0594954,-0.0362327,0.161662
