Data/Raw/WEBER,RODNEY/FIREXAQ-SAGA-MC-BrC_DC8_20190816_R0.ict
56, 1001
Weber, Rodney
Georgia Institute of Technology
Water soluble brown carbon measured with mist chamber-LWCC
FIREXAQ
1, 1
2019, 08, 16, 2020, 03, 06
0
Time_Start, seconds_past_midnight, Time_Start, seconds_past_midnight
24
1, 1, 1, 1, 1, 1, 1, 1, 1, 1, 1, 1, 1, 1, 1, 1, 1, 1, 1, 1, 1, 1, 1, 1
-9999, -9999, -9999, -9999, -9999, -9999, -9999, -9999, -9999, -9999, -9999, -9999, -9999, -9999, -9999, -9999, -9999, -9999, -9999, -9999, -9999, -9999, -9999, -9999
Time_Stop, seconds_past_midnight, Time_Stop, seconds_past_midnight
Time_Mid, seconds_past_midnight, Time_Mid, seconds_past_midnight
WSAbs300, Mm-1, AerOpt_AbsorptionBrC_InSitu_UVtoRed_None_Bulk_STP, Water Soluble Brown Carbon absorption at 300 nm
WSAbs320, Mm-1, AerOpt_AbsorptionBrC_InSitu_UVtoRed_None_Bulk_STP, Water Soluble Brown Carbon absorption at 320 nm
WSAbs340, Mm-1, AerOpt_AbsorptionBrC_InSitu_UVtoRed_None_Bulk_STP, Water Soluble Brown Carbon absorption at 340 nm
WSAbs360, Mm-1, AerOpt_AbsorptionBrC_InSitu_UVtoRed_None_Bulk_STP, Water Soluble Brown Carbon absorption at 360 nm
WSAbs380, Mm-1, AerOpt_AbsorptionBrC_InSitu_UVtoRed_None_Bulk_STP, Water Soluble Brown Carbon absorption at 380 nm
WSAbs400, Mm-1, AerOpt_AbsorptionBrC_InSitu_UVtoRed_None_Bulk_STP, Water Soluble Brown Carbon absorption at 400 nm
WSAbs420, Mm-1, AerOpt_AbsorptionBrC_InSitu_UVtoRed_None_Bulk_STP, Water Soluble Brown Carbon absorption at 420 nm
WSAbs440, Mm-1, AerOpt_AbsorptionBrC_InSitu_UVtoRed_None_Bulk_STP, Water Soluble Brown Carbon absorption at 440 nm
WSAbs460, Mm-1, AerOpt_AbsorptionBrC_InSitu_UVtoRed_None_Bulk_STP, Water Soluble Brown Carbon absorption at 460 nm
WSAbs480, Mm-1, AerOpt_AbsorptionBrC_InSitu_UVtoRed_None_Bulk_STP, Water Soluble Brown Carbon absorption at 480 nm
WSAbs500, Mm-1, AerOpt_AbsorptionBrC_InSitu_UVtoRed_None_Bulk_STP, Water Soluble Brown Carbon absorption at 500 nm
WSAbs520, Mm-1, AerOpt_AbsorptionBrC_InSitu_UVtoRed_None_Bulk_STP, Water Soluble Brown Carbon absorption at 520 nm
WSAbs540, Mm-1, AerOpt_AbsorptionBrC_InSitu_UVtoRed_None_Bulk_STP, Water Soluble Brown Carbon absorption at 540 nm
WSAbs560, Mm-1, AerOpt_AbsorptionBrC_InSitu_UVtoRed_None_Bulk_STP, Water Soluble Brown Carbon absorption at 560 nm
WSAbs580, Mm-1, AerOpt_AbsorptionBrC_InSitu_UVtoRed_None_Bulk_STP, Water Soluble Brown Carbon absorption at 580 nm
WSAbs600, Mm-1, AerOpt_AbsorptionBrC_InSitu_UVtoRed_None_Bulk_STP, Water Soluble Brown Carbon absorption at 600 nm
WSAbs620, Mm-1, AerOpt_AbsorptionBrC_InSitu_UVtoRed_None_Bulk_STP, Water Soluble Brown Carbon absorption at 620 nm
WSAbs640, Mm-1, AerOpt_AbsorptionBrC_InSitu_UVtoRed_None_Bulk_STP, Water Soluble Brown Carbon absorption at 640 nm
WSAbs660, Mm-1, AerOpt_AbsorptionBrC_InSitu_UVtoRed_None_Bulk_STP, Water Soluble Brown Carbon absorption at 660 nm
WSAbs680, Mm-1, AerOpt_AbsorptionBrC_InSitu_UVtoRed_None_Bulk_STP, Water Soluble Brown Carbon absorption at 680 nm
WSAbs700, Mm-1, AerOpt_AbsorptionBrC_InSitu_UVtoRed_None_Bulk_STP, Water Soluble Brown Carbon absorption at 700 nm
WSAbs365, Mm-1, AerOpt_AbsorptionBrC_InSitu_UVtoRed_None_Bulk_STP, Water Soluble Brown Carbon absorption at 365 nm
0
18
PI_CONTACT_INFO: rweber@eas.gatech.edu
PLATFORM: NASA DC-8 aircraft
LOCATION: Aircraft location is given by the navigational file
ASSOCIATED_DATA: N/A
[...]
DATA_INFO: Samples collected by mist chamber were injected through 0.22 pore size syringe filter and then a 2.5 m path length LWCC, and light absorption was measured by Ocean Optics USB4000 spectrometer. Absorption from 300 to 700 nm were recorded. Absorption of pure solvent was subtracted from the sample. Raw absorption data were processed by the equation Abs=Raw*(Volume of liquid in the mist chamber)/(Volume of air collected at STP)/(Optical Path Length, 2.5m here)*ln(10). Data reported here were averaged over 20 nm wavelength intervals. i.e. absorption at 400 nm were average by absorption data between 390 nm to 410 nm. All data have been blank corrected by averaging all blank filter in this mission (2-3 blank filters per flight). Data are reported under STP, which is T=273K & p=1013 mb. When using the data, the absorption had better to corrected by higher wavelength, ie Abs700 for baseline drift. UNCERTAINTY: Data may have smearing issues. If we do not account for smearing or blank, the uncertainty is ~5%
UNCERTAINTY: Data may have smearing issues. If we do not account for smearing or blank, the uncertainty is ~5%
ULOD_FLAG: -7777
ULOD_VALUE: N/A
LLOD_FLAG: -8888
LLOD_VALUE: N/A
DM_CONTACT_INFO: lhzeng@gatech.edu
PROJECT_INFO: FIREX-AQ, 2019
STIPULATIONS_ON_USE: Use of these data require prior ok from PI.
OTHER_COMMENTS: N/A
REVISION: R0
RA: Preliminary Data.  For in-field use only.
Time_Start, Time_Stop, Time_Mid, WSAbs300, WSAbs320, WSAbs340, WSAbs360, WSAbs380, WSAbs400, WSAbs420, WSAbs440, WSAbs460, WSAbs480, WSAbs500, WSAbs520, WSAbs540, WSAbs560, WSAbs580, WSAbs600, WSAbs620, WSAbs640, WSAbs660, WSAbs680, WSAbs700, WSAbs365
[from data line 73]
92638,92788,92713,11.0544,8.72615,6.96543,5.51066,4.79907,4.15147,3.75269,3.24211,3.01017,2.71556,2.75178,2.70266,2.33455,1.98041,2.15406,1.89401,1.74036,1.50897,1.55995,1.43324,0.819799,5.3376
92788,92938,92863,2.59137,1.8521,1.36128,0.878355,0.704109,0.565417,0.442487,0.372067,0.31665,0.286421,0.264203,0.261482,0.236893,0.225021,0.208072,0.194658,0.202195,0.177872,0.179491,0.147989,0.162634,0.84931
92939,93089,93014,9.58792,5.9784,4.63228,3.12323,2.4752,2.03439,1.67106,1.35584,1.17684,1.04677,1.01063,0.885704,0.810454,0.694808,0.67164,0.64847,0.614281,0.526768,0.538654,0.462113,0.407778,3.0085
93089,93239,93164,17.7168,13.4727,11.0641,9.5133,7.98503,6.83476,6.12091,5.48248,4.98909,4.59599,4.37334,3.78769,4.10651,3.34947,2.95546,2.86274,2.8871,2.17782,2.58717,2.18264,1.08452,9.06882
93240,93390,93315,7.95968,4.96981,3.99975,3.03185,2.6829,2.15926,1.98203,1.78951,1.50033,1.36683,1.28835,1.31774,1.04392,1.04439,0.928481,0.884987,0.884883,0.678024,0.733416,0.633544,0.416946,2.90935
93390,93540,93465,8.95558,4.28644,2.91272,2.13397,1.68119,1.29808,0.988704,0.850379,0.717064,0.582044,0.579146,0.475853,0.417995,0.407074,0.38147,0.346491,0.331868,0.287052,0.301567,0.248329,0.230498,1.97305
93541,93691,93616,6.15809,3.97828,3.2452,2.14439,1.82324,1.45779,1.19284,1.05339,0.918346,0.803033,0.778546,0.734945,0.681621,0.623324,0.588652,0.591786,0.563375,0.530593,0.544186,0.459497,0.4616,2.09077
93691,93841,93766,9.01118,6.79818,6.4431,5.01511,4.1314,3.57764,3.2631,2.73444,2.6215,2.28184,2.31498,1.85024,1.73326,1.78553,1.57783,1.58881,1.45054,1.17164,1.29366,1.10208,0.724257,4.82523
93842,93992,93917,17.0906,10.168,8.45536,6.96902,6.26039,5.16376,4.41787,4.03045,3.40692,3.05044,2.96293,2.63018,2.62487,2.27626,2.12415,2.07388,1.96007,1.71774,1.78631,1.60951,1.21441,6.88164
93992,94142,94067,31.3472,24.886,14.7871,10.7068,8.02203,6.36218,5.08398,4.19546,3.61202,3.13723,2.89143,2.53077,2.34401,2.15196,2.09328,1.94062,1.93017,1.76567,1.81324,1.62173,1.58192,10.2778
94143,94295,94219,10.3386,8.16206,5.74246,4.70635,3.74969,3.07407,2.68747,2.26957,2.07353,1.83995,1.75628,1.50911,1.41268,1.28069,1.2903,1.2207,1.17291,0.980613,1.01001,0.904749,0.754617,4.36791
94295,94445,94370,11.6438,7.37955,4.51023,3.19833,2.33997,1.78313,1.32666,1.11417,0.91725,0.821483,0.730737,0.699329,0.586845,0.585562,0.534568,0.513849,0.489882,0.45144,0.460826,0.409139,0.402602,2.86396
94446,94596,94521,6.7695,3.62862,2.95682,2.05441,1.65176,1.34047,1.18964,0.986204,0.879114,0.773006,0.760404,0.658519,0.601522,0.569218,0.560027,0.517379,0.517177,0.489376,0.488027,0.440397,0.4189,1.98104
94596,94746,94671,13.2428,9.08227,7.41911,5.33043,4.18167,3.44973,2.7366,2.41599,2.03824,1.81109,1.62019,1.54109,1.37624,1.33399,1.23828,1.19025,1.07235,0.943826,0.993283,0.891626,0.749705,4.96792
94747,94897,94822,61.8869,57.0069,43.795,30.7279,23.8038,20.9115,16.7515,14.6832,12.6421,11.3292,11.3129,10.1431,9.19534,8.8705,7.78431,7.36391,7.06262,6.37239,6.7605,5.75878,5.18376,28.7154
94898,95048,94973,26.4785,17.6795,14.0682,10.827,8.75931,7.41844,5.88584,5.12294,4.64634,4.07973,3.76717,3.38574,3.14485,3.11624,2.65397,2.71233,2.51461,2.11634,2.29065,1.97411,1.55156,9.90039
95048,95198,95123,85.9816,59.4896,50.0694,33.9828,25.7858,20.9724,17.3689,14.2091,12.1549,11.149,10.1408,8.91706,8.75001,8.14291,7.82742,7.17526,7.11589,6.36165,6.44877,5.64849,5.50713,31.0525
95199,95349,95274,17.2833,11.2684,8.98133,8.19522,6.70717,5.76548,5.25374,4.61273,4.07178,3.64876,3.49177,3.33679,2.88671,2.9489,2.71677,2.44485,2.29855,1.92374,2.08734,1.91891,1.1586,7.61113
95349,95499,95424,13.5059,10.1522,8.87059,7.00152,5.75161,5.17351,4.36363,3.88474,3.56872,3.14406,3.05221,2.67544,2.67849,2.30565,2.21034,1.97114,2.01807,1.64181,1.84526,1.592,0.972902,6.45972
95500,95650,95575,26.6166,21.8256,13.9052,10.8139,8.77978,6.59634,5.38329,4.78985,3.92619,3.46586,2.99137,2.74485,2.66524,2.45536,2.29824,2.06097,2.02355,1.74308,1.80178,1.67533,1.48552,10.3363
95650,95800,95725,96.9019,51.6864,35.4391,25.9355,18.5607,15.495,12.1804,9.93351,8.7082,7.67037,7.1623,6.61028,6.09781,5.88367,5.29954,5.09905,4.94108,4.69532,4.6801,4.24776,4.23174,23.4899
95801,95951,95876,30.2489,20.1339,15.795,10.46,8.00601,5.96559,4.92758,3.90377,3.30917,2.83128,2.61621,2.28853,2.11978,2.02385,1.90839,1.84579,1.76099,1.64676,1.68123,1.50325,1.50851,9.87802
95952,96102,96027,77.6184,52.5651,38.2093,29.6,23.2582,18.6677,14.7436,12.7671,10.879,9.5059,9.43468,8.4007,7.99889,6.99321,6.66883,6.65092,6.17654,5.76111,5.79785,5.30694,5.05572,27.0828
96102,96252,96177,34.6501,29.5967,23.6548,18.5823,16.2837,14.9015,12.8979,11.6637,10.6555,9.73912,9.39633,8.84487,8.49133,7.22645,6.5278,6.21757,6.0761,5.18193,5.89349,5.106,3.20365,18.628
96253,96403,96328,34.166,16.8054,14.626,11.5261,9.60435,7.90075,7.01122,6.1113,5.53267,4.90482,4.6446,4.14144,4.00448,3.45388,3.22814,3.26365,2.87821,2.56999,2.82125,2.37311,1.79122,11.0902
96403,96553,96478,23.4719,12.3198,8.64014,5.51581,4.31416,3.37876,2.52028,2.15559,1.84914,1.55657,1.37248,1.32671,1.18981,1.06379,1.06202,0.975205,0.933861,0.884292,0.884137,0.792575,0.773366,5.2521
96554,96704,96629,42.1617,25.6195,16.016,11.4614,9.41243,7.39962,6.10658,4.88998,4.10845,3.67583,3.68311,2.95683,2.82268,2.68622,2.45394,2.39289,2.30409,2.04389,2.05421,1.80159,1.74394,11.1111
96704,96854,96779,9.59412,6.34668,5.2479,3.49901,2.81769,2.14859,1.81153,1.42975,1.25253,1.08885,0.998158,0.942156,0.848854,0.792976,0.69965,0.649971,0.613683,0.588187,0.599131,0.530902,0.483802,3.36902
96855,97005,96930,10.9551,7.71926,4.40046,3.26105,2.48337,1.87524,1.46399,1.15475,0.972431,0.878226,0.789236,0.69635,0.682253,0.605874,0.592992,0.566601,0.538274,0.499307,0.522101,0.471462,0.458362,2.97936
97005,97155,97080,3.84677,2.43993,1.98186,1.4183,1.16854,0.936482,0.826168,0.686204,0.625581,0.532555,0.513675,0.446876,0.415255,0.405103,0.34827,0.34991,0.332027,0.268719,0.276701,0.223063,0.175638,1.36377
97156,97306,97231,10.766,7.14708,4.54125,3.76742,2.87925,2.40667,1.98879,1.68666,1.50524,1.36979,1.21893,1.18524,1.06079,0.912903,0.893617,0.852834,0.779923,0.673049,0.694999,0.632729,0.522157,3.46624
97306,97456,97381,2.67704,1.78318,1.46034,1.07432,0.878734,0.73868,0.622215,0.544427,0.468894,0.422485,0.393643,0.379852,0.345571,0.315043,0.289098,0.277827,0.281209,0.243692,0.261646,0.197924,0.18913,0.987675
97457,97607,97532,3.20015,2.66538,2.56686,1.95009,1.70086,1.49148,1.29761,1.13697,1.02389,0.903428,0.827902,0.787508,0.755008,0.689811,0.693424,0.634364,0.605564,0.515249,0.536728,0.455714,0.318,1.87875
97607,97757,97682,1.56363,1.105,0.844423,0.666579,0.567087,0.507756,0.441672,0.396523,0.337616,0.29109,0.274896,0.256541,0.246655,0.252601,0.20745,0.21117,0.194555,0.144239,0.158816,0.125174,0.0666978,0.625291
97758,97908,97833,8.39772,4.19528,3.38326,2.48715,1.93023,1.4531,1.25804,1.02997,0.882424,0.805229,0.781086,0.661418,0.619156,0.585433,0.544355,0.540799,0.537704,0.48477,0.49834,0.431566,0.42235,2.24997
97909,98059,97984,3.23723,2.52295,2.04887,1.50691,1.16143,0.968504,0.82929,0.688202,0.609944,0.541505,0.507129,0.489497,0.432716,0.403686,0.364439,0.370608,0.344231,0.319017,0.3226,0.28118,0.25559,1.3738
98059,98209,98134,5.70089,2.98467,2.56653,2.08356,1.76827,1.5279,1.38508,1.21393,1.05138,0.965164,0.937225,0.917678,0.833847,0.777686,0.694705,0.668798,0.612666,0.56888,0.594036,0.497154,0.391312,2.00352
98210,98360,98285,11.6588,5.99488,4.5398,3.33835,2.70762,2.04952,1.7271,1.45168,1.23335,1.12216,1.11485,0.98658,0.844583,0.825193,0.69149,0.686362,0.638032,0.579955,0.59685,0.512162,0.424956,3.09968
98360,98510,98435,38.8195,17.4846,13.3415,8.56728,6.48906,5.01088,3.90167,3.3444,2.90064,2.51413,2.47708,2.13666,1.97645,1.917,1.82741,1.78566,1.72846,1.64275,1.66903,1.42781,1.53152,7.9809
98511,98661,98586,13.3337,8.20125,6.01885,5.07026,3.89243,3.30159,2.94821,2.42078,2.20146,1.99385,1.85024,1.73448,1.63595,1.38484,1.38672,1.2198,1.20683,1.06636,1.07163,0.955544,0.768494,4.6455
98662,98812,98737,6.70575,3.98575,3.63066,3.10726,2.67331,2.39111,2.16273,1.88886,1.81731,1.67786,1.67008,1.54107,1.4076,1.25794,1.31888,1.12431,1.19572,1.02892,1.06303,0.896519,0.677416,2.98063
98812,98962,98887,9.74279,5.33602,5.25209,4.1095,3.786,3.24279,2.97843,2.68381,2.34715,2.26402,2.27635,2.02007,1.74813,1.83171,1.60006,1.6855,1.58407,1.29661,1.41105,1.19306,0.746959,4.04236
98963,99113,99038,23.125,16.062,12.6205,10.8664,9.02858,8.35499,7.08291,6.35433,5.91734,5.1969,5.19564,4.9565,4.74765,4.28333,4.015,3.91571,3.60058,3.07771,3.21066,2.87616,2.04277,10.4051
99114,99264,99189,14.0875,9.33192,6.06132,4.25355,3.364,2.4707,1.96772,1.60732,1.38943,1.18689,1.12367,0.989984,0.924521,0.868924,0.823356,0.803043,0.766078,0.710069,0.730713,0.653525,0.641749,4.04934
99264,99414,99339,19.365,11.4923,8.51141,6.83976,5.08136,4.1197,3.53598,2.98469,2.52892,2.29099,2.036,1.87828,1.80005,1.73975,1.66427,1.51566,1.4669,1.37881,1.42444,1.26695,1.2419,6.20947
99415,99565,99490,4.76456,4.11354,3.80246,2.95809,2.51785,2.21825,1.85992,1.75475,1.5825,1.37331,1.48562,1.33116,1.25346,1.07484,1.08395,0.976421,0.933633,0.829227,0.854488,0.761708,0.584578,2.77674
99565,99715,99640,12.089,9.56161,7.28934,5.56981,4.56563,3.99159,3.42712,3.02655,2.5536,2.32998,2.38897,1.97521,1.84427,1.84054,1.70151,1.67988,1.61595,1.34491,1.46778,1.22457,1.08655,5.32677
99716,99866,99791,14.2891,9.71741,6.50305,5.33799,4.23044,3.31196,2.84023,2.44854,2.14678,1.87809,1.77826,1.58222,1.46067,1.39205,1.37283,1.3103,1.21488,1.11094,1.16937,0.998201,0.975816,4.91626
99866,100016,99941,11.0231,8.3568,6.34498,5.06929,4.2224,3.45361,2.94667,2.51618,2.20104,1.92853,1.7911,1.74181,1.65906,1.5301,1.3846,1.36245,1.30792,1.21416,1.23776,1.05122,1.02615,4.92374
100017,100167,100092,7.23764,6.09398,5.10327,4.61385,3.93984,3.5891,3.15182,2.80276,2.66967,2.35767,2.37608,2.16998,1.91309,1.85109,1.73659,1.79969,1.67723,1.38324,1.57533,1.31736,0.964952,4.3969
100168,100318,100243,40.1108,20.1314,13.3837,10.1278,7.16482,5.63917,4.58937,3.84046,3.1296,2.76262,2.66117,2.33698,2.24774,2.09565,2.0329,1.97046,1.93006,1.78812,1.83972,1.58089,1.67982,9.09904
100318,100468,100393,5.29342,2.66037,2.2676,1.63371,1.35494,1.07638,0.908056,0.810682,0.70619,0.628834,0.598268,0.577068,0.527258,0.495125,0.471993,0.441828,0.4129,0.378427,0.407162,0.34961,0.317872,1.52755
100469,100619,100544,7.3497,6.40155,5.15565,4.77476,3.97253,3.54784,3.04165,2.71324,2.49922,2.37641,2.15949,1.92676,1.89775,1.90763,1.61993,1.67077,1.51271,1.31087,1.36017,1.20809,0.813394,4.45226
100619,100769,100694,24.1524,10.2719,7.21333,5.40397,4.24108,3.31508,2.71148,2.23234,1.87085,1.69333,1.54181,1.40396,1.3028,1.27491,1.1842,1.13394,1.08738,1.02156,1.04362,0.948872,0.939817,5.11579
100770,100920,100845,10.2991,8.90496,7.04426,5.9078,5.18349,4.25587,3.87843,3.28179,3.01236,2.65443,2.46504,2.43855,2.28122,2.17371,1.96649,1.79852,1.73349,1.56545,1.68396,1.43881,1.11549,5.62932
100921,101071,100996,12.3857,9.8904,7.97527,5.4357,4.40305,3.59939,2.92167,2.5397,2.19455,1.94065,1.85378,1.71077,1.55497,1.47198,1.3069,1.30459,1.18521,1.06532,1.08893,0.982227,0.876755,5.11592
101071,101221,101146,32.5506,16.4272,13.6985,9.40551,7.54291,6.04471,5.20066,4.43528,3.7677,3.38781,3.15007,2.82477,2.62253,2.54535,2.37792,2.34628,2.19552,2.08025,2.11398,1.90962,1.82128,9.08062
101222,101372,101297,3.67303,3.12705,2.53612,2.16782,1.75703,1.58345,1.32685,1.21305,1.04854,0.966918,0.870398,0.823812,0.769956,0.788932,0.704834,0.641751,0.625935,0.547122,0.584113,0.483723,0.409203,2.02861
101372,101522,101447,6.60978,5.66967,4.29804,3.51207,3.03851,2.62724,2.24516,1.99941,1.78657,1.59233,1.49759,1.43686,1.30432,1.15255,1.12234,1.08201,0.996323,0.915693,0.972037,0.844069,0.64483,3.39384
101523,101673,101598,7.55105,5.79704,4.23554,2.73929,2.12747,1.72034,1.41319,1.18311,1.06221,0.94378,0.928606,0.754788,0.719754,0.722991,0.66221,0.623569,0.610387,0.557932,0.567047,0.49413,0.484248,2.60613
101673,101823,101748,25.5835,10.575,7.96632,5.51431,4.30011,3.2652,2.57226,2.19858,1.92434,1.65952,1.61415,1.40724,1.3751,1.28518,1.25391,1.21312,1.16654,1.10523,1.12015,1.00296,1.03164,5.19258
101824,101974,101899,10.9518,7.05224,4.63418,3.26923,2.47542,1.94112,1.53893,1.27021,1.10354,0.967218,0.900796,0.814309,0.76328,0.72877,0.715126,0.670959,0.660937,0.612041,0.643022,0.581334,0.573733,3.04795
101974,102124,102049,18.7852,9.56103,7.69877,5.80739,4.63545,3.69371,3.07032,2.66899,2.355,2.0746,1.97974,1.75641,1.78502,1.56387,1.5427,1.43688,1.3725,1.28512,1.26125,1.18774,1.0721,5.30049
102125,102275,102200,9.52987,6.83059,6.62212,5.36767,4.49388,4.09988,3.80303,3.41837,2.90695,2.71762,2.60651,2.41795,2.46561,2.07407,2.05696,1.94092,1.83016,1.63418,1.68862,1.4881,0.951499,5.14877
102276,102426,102351,17.3788,10.7301,8.18802,6.83589,5.68474,5.20755,4.35951,3.90834,3.6461,3.30854,3.27093,3.00063,2.764,2.78142,2.62736,2.23814,2.36295,2.02082,1.98688,1.84267,1.28641,6.44056
102426,102576,102501,7.40022,3.43069,2.78863,1.93875,1.56082,1.23761,1.02149,0.870992,0.726637,0.644527,0.616473,0.545468,0.529212,0.490498,0.455766,0.43981,0.418242,0.388659,0.380891,0.350317,0.333129,1.86727
102577,102727,102652,13.292,8.32338,6.22976,4.32449,3.27749,2.62218,2.20621,1.93494,1.64785,1.50844,1.45247,1.35224,1.27391,1.16892,1.13001,1.0797,1.08229,1.01232,1.02677,0.867203,0.916576,3.92255
102727,102877,102802,2.57564,2.2603,1.82482,1.37522,1.16296,0.986874,0.849826,0.765844,0.704671,0.62708,0.643962,0.596211,0.544852,0.522679,0.503144,0.464544,0.455576,0.405032,0.438923,0.364699,0.344816,1.32365
102878,103028,102953,2.9091,1.7357,1.12737,0.854655,0.689199,0.605514,0.511012,0.444676,0.407645,0.379956,0.34655,0.341013,0.332116,0.321146,0.309522,0.29566,0.290141,0.279138,0.286897,0.237977,0.263648,0.812916
103028,103178,103103,0.522902,0.442146,0.383317,0.346531,0.300066,0.272508,0.256695,0.239246,0.218312,0.226581,0.214785,0.208585,0.200029,0.185014,0.193363,0.184147,0.178501,0.179521,0.174021,0.129437,0.157927,0.315852
103179,103329,103254,1.4026,0.780536,0.521846,0.442847,0.388442,0.338796,0.301484,0.296781,0.274932,0.276797,0.269429,0.26394,0.244786,0.257713,0.239453,0.236346,0.233246,0.238892,0.235663,0.192833,0.225931,0.421054
103329,103480,103404,0.37188,0.293745,0.28846,0.275251,0.275313,0.277826,0.270861,0.26601,0.249014,0.259713,0.254711,0.248601,0.258979,0.254357,0.24721,0.25808,0.245357,0.23741,0.255984,0.200435,0.231247,0.271464
103480,103630,103555,4.57836,3.70086,2.37981,1.93348,1.51316,1.33054,1.07582,0.973635,0.885078,0.813256,0.785592,0.737535,0.710904,0.678392,0.671293,0.631758,0.609749,0.60273,0.613527,0.548055,0.555593,1.79576
103631,103781,103706,0.228336,0.243403,0.254172,0.274898,0.284729,0.288594,0.288207,0.293542,0.298713,0.292808,0.299219,0.298402,0.307698,0.304564,0.30074,0.292527,0.303504,0.304407,0.3071,0.250725,0.29429,0.264861
103781,103931,103856,10.1099,5.59477,4.77682,3.6708,3.01451,2.5791,2.15733,1.90144,1.73259,1.55383,1.47612,1.34955,1.30035,1.21283,1.18283,1.11535,1.10888,1.00505,1.03638,0.893443,0.888258,3.44921
103932,104082,104007,-0.929268,-0.497391,-0.223563,0.0327289,0.149619,0.221866,0.274274,0.309181,0.330599,0.345971,0.363297,0.375926,0.380758,0.380197,0.392966,0.394533,0.393076,0.410848,0.406669,0.360822,0.400018,0.048487
104083,104233,104158,2.57439,2.26048,1.74485,1.27934,1.07967,0.939609,0.854663,0.769689,0.721767,0.671518,0.683307,0.642417,0.610341,0.60818,0.611276,0.583413,0.569506,0.562317,0.577076,0.476702,0.537432,1.22675
104233,104383,104308,0.740543,0.662017,0.617502,0.589773,0.582528,0.567561,0.567361,0.558135,0.543179,0.546984,0.547008,0.537568,0.537699,0.547391,0.542606,0.533087,0.53619,0.545617,0.537531,0.495544,0.528315,0.57863
104384,104534,104459,0.648577,0.611481,0.57629,0.540366,0.524166,0.49447,0.492579,0.484648,0.469719,0.482993,0.467232,0.463904,0.473208,0.467865,0.46162,0.468666,0.45391,0.458384,0.450589,0.400106,0.442309,0.523787
