Data/Raw/WEBER,RODNEY/FIREXAQ-SAGA-MC-BrC_DC8_20190813_R0.ict
56, 1001
Weber, Rodney
Georgia Institute of Technology
Water soluble brown carbon measured with mist chamber-LWCC
FIREXAQ
1, 1
2019, 08, 13, 2020, 03, 06
0
Time_Start, seconds_past_midnight, Time_Start, seconds_past_midnight
24
1, 1, 1, 1, 1, 1, 1, 1, 1, 1, 1, 1, 1, 1, 1, 1, 1, 1, 1, 1, 1, 1, 1, 1
-9999, -9999, -9999, -9999, -9999, -9999, -9999, -9999, -9999, -9999, -9999, -9999, -9999, -9999, -9999, -9999, -9999, -9999, -9999, -9999, -9999, -9999, -9999, -9999
Time_Stop, seconds_past_midnight, Time_Stop, seconds_past_midnight
Time_Mid, seconds_past_midnight, Time_Mid, seconds_past_midnight
WSAbs300, Mm-1, AerOpt_AbsorptionBrC_InSitu_UVtoRed_None_Bulk_STP, Water Soluble Brown Carbon absorption at 300 nm
WSAbs320, Mm-1, AerOpt_AbsorptionBrC_InSitu_UVtoRed_None_Bulk_STP, Water Soluble Brown Carbon absorption at 320 nm
WSAbs340, Mm-1, AerOpt_AbsorptionBrC_InSitu_UVtoRed_None_Bulk_STP, Water Soluble Brown Carbon absorption at 340 nm
WSAbs360, Mm-1, AerOpt_AbsorptionBrC_InSitu_UVtoRed_None_Bulk_STP, Water Soluble Brown Carbon absorption at 360 nm
WSAbs380, Mm-1, AerOpt_AbsorptionBrC_InSitu_UVtoRed_None_Bulk_STP, Water Soluble Brown Carbon absorption at 380 nm
WSAbs400, Mm-1, AerOpt_AbsorptionBrC_InSitu_UVtoRed_None_Bulk_STP, Water Soluble Brown Carbon absorption at 400 nm
WSAbs420, Mm-1, AerOpt_AbsorptionBrC_InSitu_UVtoRed_None_Bulk_STP, Water Soluble Brown Carbon absorption at 420 nm
WSAbs440, Mm-1, AerOpt_AbsorptionBrC_InSitu_UVtoRed_None_Bulk_STP, Water Soluble Brown Carbon absorption at 440 nm
WSAbs460, Mm-1, AerOpt_AbsorptionBrC_InSitu_UVtoRed_None_Bulk_STP, Water Soluble Brown Carbon absorption at 460 nm
WSAbs480, Mm-1, AerOpt_AbsorptionBrC_InSitu_UVtoRed_None_Bulk_STP, Water Soluble Brown Carbon absorption at 480 nm
WSAbs500, Mm-1, AerOpt_AbsorptionBrC_InSitu_UVtoRed_None_Bulk_STP, Water Soluble Brown Carbon absorption at 500 nm
WSAbs520, Mm-1, AerOpt_AbsorptionBrC_InSitu_UVtoRed_None_Bulk_STP, Water Soluble Brown Carbon absorption at 520 nm
WSAbs540, Mm-1, AerOpt_AbsorptionBrC_InSitu_UVtoRed_None_Bulk_STP, Water Soluble Brown Carbon absorption at 540 nm
WSAbs560, Mm-1, AerOpt_AbsorptionBrC_InSitu_UVtoRed_None_Bulk_STP, Water Soluble Brown Carbon absorption at 560 nm
WSAbs580, Mm-1, AerOpt_AbsorptionBrC_InSitu_UVtoRed_None_Bulk_STP, Water Soluble Brown Carbon absorption at 580 nm
WSAbs600, Mm-1, AerOpt_AbsorptionBrC_InSitu_UVtoRed_None_Bulk_STP, Water Soluble Brown Carbon absorption at 600 nm
WSAbs620, Mm-1, AerOpt_AbsorptionBrC_InSitu_UVtoRed_None_Bulk_STP, Water Soluble Brown Carbon absorption at 620 nm
WSAbs640, Mm-1, AerOpt_AbsorptionBrC_InSitu_UVtoRed_None_Bulk_STP, Water Soluble Brown Carbon absorption at 640 nm
WSAbs660, Mm-1, AerOpt_AbsorptionBrC_InSitu_UVtoRed_None_Bulk_STP, Water Soluble Brown Carbon absorption at 660 nm
WSAbs680, Mm-1, AerOpt_AbsorptionBrC_InSitu_UVtoRed_None_Bulk_STP, Water Soluble Brown Carbon absorption at 680 nm
WSAbs700, Mm-1, AerOpt_AbsorptionBrC_InSitu_UVtoRed_None_Bulk_STP, Water Soluble Brown Carbon absorption at 700 nm
WSAbs365, Mm-1, AerOpt_AbsorptionBrC_InSitu_UVtoRed_None_Bulk_STP, Water Soluble Brown Carbon absorption at 365 nm
0
18
PI_CONTACT_INFO: rweber@eas.gatech.edu
PLATFORM: NASA DC-8 aircraft
LOCATION: Aircraft location is given by the navigational file
ASSOCIATED_DATA: N/A
[...]
DATA_INFO: Samples collected by mist chamber were injected through 0.22 pore size syringe filter and then a 2.5 m path length LWCC, and light absorption was measured by Ocean Optics USB4000 spectrometer. Absorption from 300 to 700 nm were recorded. Absorption of pure solvent was subtracted from the sample. Raw absorption data were processed by the equation Abs=Raw*(Volume of liquid in the mist chamber)/(Volume of air collected at STP)/(Optical Path Length, 2.5m here)*ln(10). Data reported here were averaged over 20 nm wavelength intervals. i.e. absorption at 400 nm were average by absorption data between 390 nm to 410 nm. All data have been blank corrected by averaging all blank filter in this mission (2-3 blank filters per flight). Data are reported under STP, which is T=273K & p=1013 mb. When using the data, the absorption had better to corrected by higher wavelength, ie Abs700 for baseline drift. UNCERTAINTY: Data may have smearing issues. If we do not account for smearing or blank, the uncertainty is ~5%
UNCERTAINTY: Data may have smearing issues. If we do not account for smearing or blank, the uncertainty is ~5%
ULOD_FLAG: -7777
ULOD_VALUE: N/A
LLOD_FLAG: -8888
LLOD_VALUE: N/A
DM_CONTACT_INFO: lhzeng@gatech.edu
PROJECT_INFO: FIREX-AQ, 2019
STIPULATIONS_ON_USE: Use of these data require prior ok from PI.
OTHER_COMMENTS: N/A
REVISION: R0
RA: Preliminary Data.  For in-field use only.
Time_Start, Time_Stop, Time_Mid, WSAbs300, WSAbs320, WSAbs340, WSAbs360, WSAbs380, WSAbs400, WSAbs420, WSAbs440, WSAbs460, WSAbs480, WSAbs500, WSAbs520, WSAbs540, WSAbs560, WSAbs580, WSAbs600, WSAbs620, WSAbs640, WSAbs660, WSAbs680, WSAbs700, WSAbs365
[from data line 152]
99247,99397,99322,2.73645,2.30976,1.24027,0.650206,0.290052,0.082729,-0.0868376,-0.201381,-0.288222,-0.351124,-0.350581,-0.421129,-0.445221,-0.470166,-0.480217,-0.506926,-0.505106,-0.520758,-0.512738,-0.543187,-0.571013,0.545634
99397,99547,99472,3.36433,1.03498,0.529043,0.157909,-0.0870236,-0.204481,-0.353178,-0.46327,-0.507264,-0.559086,-0.606464,-0.609521,-0.652524,-0.67605,-0.682547,-0.687679,-0.692078,-0.712456,-0.70823,-0.648311,-0.755305,0.111438
99548,99698,99623,7.18796,4.04276,2.92232,2.08445,1.41875,0.973957,0.786021,0.486258,0.279241,0.138902,0.129205,-0.0186248,-0.126344,-0.113419,-0.177048,-0.286869,-0.306939,-0.388629,-0.359865,-0.430926,-0.619283,1.804
99699,99849,99774,1.12942,0.619047,0.287755,0.108954,-0.0605163,-0.170596,-0.24897,-0.31291,-0.347404,-0.40651,-0.395925,-0.426177,-0.498043,-0.48389,-0.546603,-0.544114,-0.574811,-0.604256,-0.600358,-0.608194,-0.7467,0.0253118
99849,99999,99924,5.25437,2.23861,1.35332,1.08559,0.640306,0.352565,0.205098,0.00494699,-0.0579023,-0.146944,-0.269962,-0.29291,-0.370944,-0.388283,-0.424352,-0.488306,-0.507386,-0.551419,-0.536119,-0.540094,-0.697015,0.890629
100000,100150,100075,0.841275,0.189099,0.111682,-0.0994015,-0.18933,-0.290186,-0.335728,-0.410682,-0.459706,-0.459591,-0.502347,-0.489617,-0.530032,-0.541961,-0.55446,-0.580145,-0.581636,-0.602273,-0.608492,-0.559382,-0.675264,-0.137554
100150,100300,100225,-1.44723,-1.21975,-1.14802,-1.09379,-1.06186,-1.03487,-1.00111,-0.987494,-0.988997,-0.973112,-0.954815,-0.963696,-0.952048,-0.954403,-0.940668,-0.934653,-0.937104,-0.908723,-0.927566,-0.861823,-0.902757,-1.08862
100301,100451,100376,-1.11972,-0.987021,-0.927961,-0.845195,-0.828539,-0.797525,-0.777081,-0.763569,-0.746636,-0.734922,-0.735654,-0.729846,-0.714552,-0.73189,-0.722579,-0.720437,-0.712035,-0.704261,-0.704275,-0.669826,-0.69455,-0.852956
100451,100601,100526,-1.93425,-1.52997,-1.53641,-1.44617,-1.37375,-1.3429,-1.31008,-1.29291,-1.2843,-1.26264,-1.23045,-1.25268,-1.23085,-1.24498,-1.22972,-1.17256,-1.16969,-1.13582,-1.15417,-1.02058,-1.04526,-1.43101
100602,100752,100677,-1.52404,-1.28158,-1.19564,-1.06412,-1.00925,-0.972087,-0.943352,-0.915164,-0.904187,-0.872614,-0.864592,-0.869777,-0.858431,-0.84667,-0.854913,-0.847082,-0.834297,-0.826741,-0.838138,-0.770101,-0.832396,-1.07022
100752,100902,100827,1.18074,0.092478,-0.0856207,-0.290314,-0.419336,-0.493645,-0.558259,-0.615175,-0.644799,-0.682377,-0.689712,-0.733063,-0.725465,-0.762697,-0.755436,-0.790596,-0.778599,-0.7903,-0.796831,-0.726981,-0.842193,-0.320835
100903,101053,100978,5.08613,2.84045,1.71497,1.2421,0.984004,0.671828,0.438019,0.282576,0.158271,0.0659547,0.0123852,0.0223412,-0.0960393,-0.138982,-0.139168,-0.165525,-0.229917,-0.289306,-0.25864,-0.253524,-0.389409,1.18079
101053,101203,101128,2.9944,1.07537,0.518193,0.0086822,-0.215357,-0.343463,-0.456762,-0.548034,-0.632001,-0.652967,-0.669124,-0.719392,-0.743056,-0.777746,-0.777228,-0.790869,-0.797255,-0.815578,-0.814029,-0.801347,-0.864317,-0.0270099
101204,101354,101279,5.62241,2.87519,2.15351,1.39591,0.951721,0.643994,0.401208,0.244806,0.116254,0.00636526,-0.0672221,-0.067585,-0.171248,-0.212111,-0.21652,-0.255402,-0.277801,-0.329943,-0.309822,-0.323925,-0.404765,1.25477
101354,101504,101429,-2.10232,-1.36121,-1.2367,-1.07771,-1.01468,-0.95267,-0.939287,-0.91229,-0.900734,-0.882291,-0.867542,-0.862732,-0.859785,-0.857312,-0.859614,-0.867547,-0.85677,-0.84523,-0.856768,-0.790933,-0.857897,-1.06907
101505,101655,101580,0.0404628,-0.21936,-0.293842,-0.390283,-0.437012,-0.485281,-0.485856,-0.511754,-0.533356,-0.554191,-0.548025,-0.567934,-0.56123,-0.58302,-0.594503,-0.588446,-0.596057,-0.607887,-0.60013,-0.614049,-0.640768,-0.411058
101656,101806,101731,-1.43683,-1.232,-1.21755,-1.13669,-1.11401,-1.07708,-1.0619,-1.02919,-1.01119,-1.00691,-1.01203,-0.995539,-0.99071,-0.971078,-0.960252,-0.95683,-0.943901,-0.935778,-0.936508,-0.873902,-0.905668,-1.14803
101806,101956,101881,-1.93401,-1.54972,-1.44855,-1.38742,-1.36648,-1.32432,-1.29904,-1.29608,-1.25126,-1.25445,-1.31474,-1.24753,-1.18176,-1.24249,-1.18943,-1.20389,-1.17229,-1.08787,-1.18627,-1.04363,-0.863245,-1.41037
101957,102107,102032,-2.12212,-1.90939,-1.91225,-1.79108,-1.72489,-1.60832,-1.59942,-1.49664,-1.49998,-1.45983,-1.44321,-1.38349,-1.36667,-1.34182,-1.33299,-1.29653,-1.28488,-1.19826,-1.24588,-1.14535,-0.948752,-1.77428
102107,102257,102182,-1.41964,-1.16641,-1.0527,-0.95922,-0.885228,-0.859341,-0.827085,-0.800407,-0.777371,-0.772042,-0.75003,-0.752034,-0.750477,-0.720229,-0.72366,-0.707489,-0.707013,-0.694519,-0.700461,-0.644633,-0.694905,-0.946682
102258,102408,102333,-0.790423,-0.770923,-0.769778,-0.765322,-0.754927,-0.74525,-0.741839,-0.731757,-0.731284,-0.733293,-0.732564,-0.732765,-0.740274,-0.741319,-0.737985,-0.735847,-0.729489,-0.736027,-0.725642,-0.68612,-0.733578,-0.763725
102408,102558,102483,0.519416,0.503442,0.309195,0.140848,0.0712655,0.0182371,-0.0452705,-0.0878544,-0.127039,-0.141633,-0.140922,-0.200277,-0.174021,-0.205427,-0.224538,-0.215274,-0.236155,-0.25534,-0.256127,-0.238803,-0.312445,0.107403
102559,102709,102634,-1.42906,-1.04255,-0.962903,-0.886143,-0.837455,-0.758631,-0.717181,-0.685028,-0.659037,-0.624652,-0.63674,-0.615709,-0.592966,-0.56927,-0.562784,-0.559606,-0.537919,-0.52493,-0.527941,-0.537469,-0.472735,-0.872742
