Data/Raw/WEBER,RODNEY/FIREXAQ-SAGA-MC-BrC_DC8_20190808_R0.ict
56, 1001
Weber, Rodney
Georgia Institute of Technology
Water soluble brown carbon measured with mist chamber-LWCC
FIREXAQ
1, 1
2019, 08, 08, 2020, 03, 06
0
Time_Start, seconds_past_midnight, Time_Start, seconds_past_midnight
24
1, 1, 1, 1, 1, 1, 1, 1, 1, 1, 1, 1, 1, 1, 1, 1, 1, 1, 1, 1, 1, 1, 1, 1
-9999, -9999, -9999, -9999, -9999, -9999, -9999, -9999, -9999, -9999, -9999, -9999, -9999, -9999, -9999, -9999, -9999, -9999, -9999, -9999, -9999, -9999, -9999, -9999
Time_Stop, seconds_past_midnight, Time_Stop, seconds_past_midnight
Time_Mid, seconds_past_midnight, Time_Mid, seconds_past_midnight
WSAbs300, Mm-1, AerOpt_AbsorptionBrC_InSitu_UVtoRed_None_Bulk_STP, Water Soluble Brown Carbon absorption at 300 nm
WSAbs320, Mm-1, AerOpt_AbsorptionBrC_InSitu_UVtoRed_None_Bulk_STP, Water Soluble Brown Carbon absorption at 320 nm
WSAbs340, Mm-1, AerOpt_AbsorptionBrC_InSitu_UVtoRed_None_Bulk_STP, Water Soluble Brown Carbon absorption at 340 nm
WSAbs360, Mm-1, AerOpt_AbsorptionBrC_InSitu_UVtoRed_None_Bulk_STP, Water Soluble Brown Carbon absorption at 360 nm
WSAbs380, Mm-1, AerOpt_AbsorptionBrC_InSitu_UVtoRed_None_Bulk_STP, Water Soluble Brown Carbon absorption at 380 nm
WSAbs400, Mm-1, AerOpt_AbsorptionBrC_InSitu_UVtoRed_None_Bulk_STP, Water Soluble Brown Carbon absorption at 400 nm
WSAbs420, Mm-1, AerOpt_AbsorptionBrC_InSitu_UVtoRed_None_Bulk_STP, Water Soluble Brown Carbon absorption at 420 nm
WSAbs440, Mm-1, AerOpt_AbsorptionBrC_InSitu_UVtoRed_None_Bulk_STP, Water Soluble Brown Carbon absorption at 440 nm
WSAbs460, Mm-1, AerOpt_AbsorptionBrC_InSitu_UVtoRed_None_Bulk_STP, Water Soluble Brown Carbon absorption at 460 nm
WSAbs480, Mm-1, AerOpt_AbsorptionBrC_InSitu_UVtoRed_None_Bulk_STP, Water Soluble Brown Carbon absorption at 480 nm
WSAbs500, Mm-1, AerOpt_AbsorptionBrC_InSitu_UVtoRed_None_Bulk_STP, Water Soluble Brown Carbon absorption at 500 nm
WSAbs520, Mm-1, AerOpt_AbsorptionBrC_InSitu_UVtoRed_None_Bulk_STP, Water Soluble Brown Carbon absorption at 520 nm
WSAbs540, Mm-1, AerOpt_AbsorptionBrC_InSitu_UVtoRed_None_Bulk_STP, Water Soluble Brown Carbon absorption at 540 nm
WSAbs560, Mm-1, AerOpt_AbsorptionBrC_InSitu_UVtoRed_None_Bulk_STP, Water Soluble Brown Carbon absorption at 560 nm
WSAbs580, Mm-1, AerOpt_AbsorptionBrC_InSitu_UVtoRed_None_Bulk_STP, Water Soluble Brown Carbon absorption at 580 nm
WSAbs600, Mm-1, AerOpt_AbsorptionBrC_InSitu_UVtoRed_None_Bulk_STP, Water Soluble Brown Carbon absorption at 600 nm
WSAbs620, Mm-1, AerOpt_AbsorptionBrC_InSitu_UVtoRed_None_Bulk_STP, Water Soluble Brown Carbon absorption at 620 nm
WSAbs640, Mm-1, AerOpt_AbsorptionBrC_InSitu_UVtoRed_None_Bulk_STP, Water Soluble Brown Carbon absorption at 640 nm
WSAbs660, Mm-1, AerOpt_AbsorptionBrC_InSitu_UVtoRed_None_Bulk_STP, Water Soluble Brown Carbon absorption at 660 nm
WSAbs680, Mm-1, AerOpt_AbsorptionBrC_InSitu_UVtoRed_None_Bulk_STP, Water Soluble Brown Carbon absorption at 680 nm
WSAbs700, Mm-1, AerOpt_AbsorptionBrC_InSitu_UVtoRed_None_Bulk_STP, Water Soluble Brown Carbon absorption at 700 nm
WSAbs365, Mm-1, AerOpt_AbsorptionBrC_InSitu_UVtoRed_None_Bulk_STP, Water Soluble Brown Carbon absorption at 365 nm
0
18
PI_CONTACT_INFO: rweber@eas.gatech.edu
PLATFORM: NASA DC-8 aircraft
LOCATION: Aircraft location is given by the navigational file
ASSOCIATED_DATA: N/A
[...]
DATA_INFO: Samples collected by mist chamber were injected through 0.22 pore size syringe filter and then a 2.5 m path length LWCC, and light absorption was measured by Ocean Optics USB4000 spectrometer. Absorption from 300 to 700 nm were recorded. Absorption of pure solvent was subtracted from the sample. Raw absorption data were processed by the equation Abs=Raw*(Volume of liquid in the mist chamber)/(Volume of air collected at STP)/(Optical Path Length, 2.5m here)*ln(10). Data reported here were averaged over 20 nm wavelength intervals. i.e. absorption at 400 nm were average by absorption data between 390 nm to 410 nm. All data have been blank corrected by averaging all blank filter in this mission (2-3 blank filters per flight). Data are reported under STP, which is T=273K & p=1013 mb. When using the data, the absorption had better to corrected by higher wavelength, ie Abs700 for baseline drift. UNCERTAINTY: Data may have smearing issues. If we do not account for smearing or blank, the uncertainty is ~5%
UNCERTAINTY: Data may have smearing issues. If we do not account for smearing or blank, the uncertainty is ~5%
ULOD_FLAG: -7777
ULOD_VALUE: N/A
LLOD_FLAG: -8888
LLOD_VALUE: N/A
DM_CONTACT_INFO: lhzeng@gatech.edu
PROJECT_INFO: FIREX-AQ, 2019
STIPULATIONS_ON_USE: Use of these data require prior ok from PI.
OTHER_COMMENTS: N/A
REVISION: R0
RA: Preliminary Data.  For in-field use only.
Time_Start, Time_Stop, Time_Mid, WSAbs300, WSAbs320, WSAbs340, WSAbs360, WSAbs380, WSAbs400, WSAbs420, WSAbs440, WSAbs460, WSAbs480, WSAbs500, WSAbs520, WSAbs540, WSAbs560, WSAbs580, WSAbs600, WSAbs620, WSAbs640, WSAbs660, WSAbs680, WSAbs700, WSAbs365
[from data line 82]
88275,88425,88350,22.9438,15.5768,13.2913,8.91661,7.44704,5.68109,4.55838,3.77843,3.19241,2.82803,2.68222,2.17462,2.02934,1.51248,1.53771,1.19746,1.08675,0.837658,0.85441,0.731452,0.260037,8.63079
88426,88576,88501,46.9522,24.4206,20.5285,14.4171,10.0263,7.82494,6.32258,5.02601,4.06219,3.48915,3.18472,2.89696,2.23912,2.06282,1.91898,1.85376,1.7295,1.38465,1.48121,1.31058,1.05795,12.8175
88576,88726,88651,54.1063,35.6546,21.2136,13.0858,8.3543,5.93639,4.17493,3.15514,2.25584,1.79378,1.71035,1.28829,1.10913,0.977024,0.890302,0.806124,0.755807,0.647148,0.689624,0.596004,0.543691,11.2816
88727,88877,88802,36.074,22.3733,14.2839,9.35639,6.27055,4.28963,2.98937,2.11855,1.52456,1.11259,0.822448,0.615221,0.465277,0.355472,0.274159,0.213316,0.167347,0.1323,0.105352,0.0844651,0,8.44829
88878,89028,88953,25.2543,13.8263,10.2873,9.05132,7.12189,5.83588,4.75277,3.86994,3.1898,2.7671,2.32317,2.26735,1.77386,1.34605,1.45188,1.23821,0.723346,0.36813,0.590352,0.381833,-0.440008,8.17156
89028,89178,89103,13.894,9.01648,5.79268,3.46883,2.07847,1.15928,0.605019,0.210268,-0.109314,-0.31105,-0.39464,-0.611564,-0.661275,-0.782681,-0.790307,-0.845195,-0.876277,-0.940431,-0.922593,-0.918657,-1.01846,3.10311
89179,89329,89254,15.5873,8.61815,6.23211,3.17703,1.88589,1.00027,0.516391,0.0156369,-0.211171,-0.482615,-0.503132,-0.72019,-0.834084,-0.894433,-0.985295,-0.971062,-1.03133,-1.11102,-1.08294,-1.01724,-1.20915,2.92741
89330,89480,89405,12.7682,8.09116,5.33853,2.83026,1.55215,0.620897,0.169049,-0.226187,-0.496535,-0.627165,-0.71857,-0.838186,-0.882347,-0.961191,-1.00764,-1.02256,-1.03181,-1.08014,-1.06854,-1.06454,-1.12611,2.3115
89480,89630,89555,17.6079,7.86997,4.62066,2.5729,1.22551,0.425517,-0.0968882,-0.383404,-0.55551,-0.684684,-0.780245,-0.825906,-0.873797,-0.882021,-0.902207,-0.913836,-0.920434,-0.941352,-0.947528,-0.87207,-0.973813,2.03355
89631,89781,89706,92.9884,44.8729,27.0511,18.021,12.6609,9.76391,7.11055,5.92973,4.80055,4.13265,3.71934,3.45927,3.1556,2.92631,2.78848,2.73945,2.65094,2.49577,2.53317,2.1599,2.34643,16.5581
89781,89931,89856,23.4004,15.4734,11.5683,8.87588,6.81198,5.6167,4.45043,3.52007,3.13157,2.60274,2.13116,2.1267,1.76892,1.67901,1.47154,1.22764,1.13946,0.865439,0.975645,0.800205,0.516803,8.41651
89932,90082,90007,78.5216,40.0929,24.9844,14.9733,10.1167,7.14683,5.31159,3.93117,3.27772,2.65071,2.36095,2.09393,1.86283,1.74892,1.67529,1.58695,1.49427,1.40294,1.41492,1.34632,1.29652,13.6323
90082,90232,90157,51.2444,30.765,21.6668,16.902,11.6551,9.213,7.22808,5.69198,4.8493,4.14483,3.72035,3.41085,3.01973,2.61638,2.61273,2.39865,2.31111,2.06073,2.13865,1.97122,1.78345,15.1466
90233,90383,90308,45.4776,23.8573,24.859,19.8089,17.6105,15.7876,15.3271,13.8953,12.3463,11.7882,10.766,10.8623,10.6265,9.237,9.2287,8.17783,7.70204,6.72693,7.04309,6.54755,3.01019,19.5771
90383,90533,90458,20.1843,18.4148,11.9924,8.94939,7.11127,5.7659,4.4345,3.68305,3.2194,2.71549,2.56347,2.34019,2.08318,1.71699,1.64707,1.57545,1.41049,1.16718,1.27385,1.08449,0.846761,8.48906
90534,90684,90609,22.2263,13.2378,9.90401,6.25387,4.92772,4.18494,3.27624,2.69611,2.16981,1.83249,1.5767,1.58057,1.28497,1.10287,0.834182,0.884829,0.659516,0.496955,0.581257,0.448991,0.165134,6.12094
90685,90835,90760,57.6472,31.073,16.4844,11.087,7.12601,4.78411,3.71097,2.70041,2.15861,1.86888,1.68312,1.47938,1.41142,1.30278,1.20373,1.1785,1.15518,1.1003,1.10015,0.938464,1.04459,9.72627
90835,90985,90910,100.661,94.7378,71.934,52.5373,42.7096,34.7892,29.9485,26.454,23.2587,21.2701,20.4325,18.6405,17.506,16.2202,15.2838,14.9048,13.7979,13.0879,13.2996,12.1274,10.8592,48.5109
90986,91136,91061,32.6444,19.0873,12.0582,7.46696,4.7746,3.40696,2.24577,1.68024,1.19698,0.871152,0.768543,0.577441,0.512198,0.447969,0.335695,0.322989,0.274877,0.237049,0.242559,0.198877,0.171534,6.60974
91137,91287,91212,26.3102,16.5328,15.6099,13.1442,11.7303,10.9917,9.76705,9.25743,8.41905,7.69071,8.08792,8.35212,6.78102,7.43538,5.98364,5.87995,6.17693,4.65154,5.58009,4.61615,1.61035,12.5238
91287,91437,91362,56.9727,42.7466,35.4131,26.6541,24.9822,21.356,18.6446,17.2985,15.2141,14.4951,15.3682,13.6726,11.7852,12.1573,10.6725,10.4712,10.0177,8.47567,8.75035,7.78822,5.01611,26.7328
91438,91588,91513,132.002,101.809,56.3107,34.9684,25.2508,18.2396,14.2836,12.0035,10.2941,9.42269,8.89242,8.26103,7.82716,7.71086,7.49392,7.28823,7.18273,6.99959,7.04699,6.72559,6.8727,32.6294
91588,91738,91663,30.3451,18.1598,14.9632,11.7167,9.50308,8.27126,6.94466,6.16132,5.21863,4.63396,4.88628,4.10811,3.31353,3.36114,2.77504,2.83537,2.36661,2.04417,2.06101,1.90247,1.04811,11.4593
91739,91889,91814,31.5936,19.1136,14.1317,11.0496,8.53657,7.3515,6.00016,5.2901,4.55123,4.00931,3.73114,3.42856,2.96302,2.88086,2.49551,2.57256,2.38306,1.97595,2.10672,1.81293,1.24029,10.2431
91889,92039,91964,15.658,11.4352,8.51191,6.44379,4.95215,3.85756,3.04176,2.42516,1.95312,1.58751,1.30132,1.07506,0.894574,0.74938,0.631665,0.535535,0.456499,0.391106,0.336678,0.291124,0.35771,6.38289
92040,92190,92115,100.744,60.4368,43.2469,29.4244,21.1811,17.0411,13.4929,11.7266,9.86633,8.9327,8.09919,7.89859,7.02323,6.7053,6.36258,6.30062,5.89423,5.61159,5.70786,5.30481,5.20848,26.5461
92190,92340,92265,10.4226,7.41092,5.37958,3.97722,2.98885,2.27926,1.76128,1.37744,1.08909,0.869756,0.700999,0.569787,0.466772,0.385165,0.319977,0.267498,0.224943,0.190202,0.161659,0.138068,-0.350073,3.34758
92341,92491,92416,67.4594,33.1812,23.1554,17.5484,14.4619,11.9628,9.74066,8.31674,7.3187,6.23068,6.13268,5.67946,5.06687,4.95459,4.49323,4.21672,4.11083,3.71989,3.84953,3.42088,3.26609,17.0229
92492,92642,92567,15.7896,8.51902,6.84291,5.691,5.12498,4.18807,3.65089,3.04651,2.76103,2.4491,2.23371,2.11641,1.99383,1.55653,1.47963,1.33342,1.32258,1.06513,1.06013,0.930869,0.399999,5.61081
92642,92792,92717,37.7806,16.9836,13.662,9.33036,6.69786,5.0528,4.161,3.19202,2.6425,2.33184,1.99929,1.96326,1.70962,1.4841,1.42781,1.32794,1.22787,1.13826,1.15773,1.014,0.963666,8.35854
92793,92943,92868,55.5506,25.0536,21.3883,14.0652,11.1197,9.4636,7.6099,6.39742,5.32185,4.68824,4.20276,4.09515,3.5869,3.2306,3.12171,2.95506,2.71273,2.44055,2.42989,2.28826,1.91658,13.6858
92943,93093,93018,174.643,93.6893,74.3444,45.636,32.8073,26.9156,21.3386,18.1688,15.3475,14.0288,13.1803,12.3137,11.7271,11.2529,10.8908,10.5593,10.3637,10.0091,10.0088,8.78721,9.62042,42.4341
93094,93244,93169,64.8748,34.0397,23.3184,16.8623,13.245,10.2736,8.29859,7.12761,6.25108,5.38968,4.70952,4.58217,4.03438,3.81119,3.67016,3.50428,3.24562,2.97603,3.1328,2.89401,2.61101,15.7936
93244,93394,93319,412.333,149.714,108.491,62.2713,43.9908,32.0042,25.0828,20.8373,18.1869,16.4695,15.6832,14.4954,14.3158,13.5992,13.5059,13.1619,13.0168,12.792,12.8858,12.4245,12.6287,56.6975
93395,93545,93470,45.9815,24.0852,16.0348,9.54697,6.46616,4.48676,3.19708,2.51817,2.05076,1.68503,1.47986,1.35658,1.19481,1.11063,0.988688,0.949548,0.948572,0.879604,0.88058,0.767987,0.813683,8.59396
93546,93696,93621,58.6694,36.0001,27.7322,21.7631,18.3165,15.3803,13.1682,10.8319,9.91078,8.73072,8.87328,7.18262,6.89096,6.70823,5.95031,5.46185,5.41894,4.62946,4.90479,4.46831,3.62022,20.8505
93696,93846,93771,31.4279,18.7086,11.4929,7.25967,4.70103,3.11281,2.10305,1.447,1.0123,0.719041,0.517921,0.377887,0.279015,0.208298,0.157108,0.119637,0.09192,0.0712181,0.0556136,0.04375,-0.0459212,6.45194
93847,93997,93922,36.7361,29.1207,24.3053,20.9675,17.5631,14.9005,12.7486,10.7039,9.80988,8.79781,8.6388,7.44229,7.31851,6.40106,6.3448,5.83203,5.35855,4.67757,4.88826,4.22089,2.95734,19.4446
93997,94147,94072,31.0107,12.8086,7.77636,4.84871,2.95502,1.99002,1.20648,0.712031,0.446102,0.213261,0.158709,0.021116,-0.0439465,-0.10994,-0.140457,-0.153551,-0.174574,-0.215025,-0.213735,-0.224904,-0.253479,4.39787
94148,94298,94223,19.0192,10.5334,6.65355,4.96722,3.3073,2.45332,1.77551,1.28141,0.953982,0.652834,0.593498,0.346139,0.310305,0.111038,0.0780929,0.0236947,-0.0471001,-0.146212,-0.129667,-0.17078,-0.288417,4.36387
94298,94448,94373,22.1648,13.5133,11.6669,8.85832,7.4682,6.52238,5.39288,4.90033,4.18472,3.92089,3.6831,3.39616,3.30022,2.93013,2.62502,2.46043,2.34072,1.95463,2.12653,1.83742,1.1508,8.50817
94449,94599,94524,17.9954,9.36407,5.95529,3.44442,2.37033,1.57423,0.941849,0.544378,0.235434,0.0728266,-0.0208794,-0.145992,-0.197393,-0.259036,-0.308573,-0.352135,-0.404276,-0.45133,-0.438218,-0.412569,-0.522668,3.17247
94599,94749,94674,11.3758,6.01194,4.34153,3.21568,2.73957,2.0534,1.63313,1.24706,0.918806,0.666754,0.62355,0.596952,0.350183,0.186693,0.0692319,-0.00942932,-0.0492279,-0.200302,-0.24745,-0.2343,-0.683785,3.18645
94750,94900,94825,16.2273,6.38894,4.4733,2.638,1.61169,0.987977,0.475583,0.185844,-0.0750329,-0.265384,-0.41197,-0.464563,-0.554564,-0.616754,-0.6562,-0.67803,-0.724878,-0.78903,-0.782045,-0.729647,-0.862414,2.36772
95051,95201,95126,10.8279,8.44257,5.01785,2.79967,1.42182,0.671608,0.269955,-0.140472,-0.427657,-0.610411,-0.72493,-0.796904,-0.857604,-0.963629,-0.990411,-1.04235,-1.0614,-1.13375,-1.1322,-1.09603,-1.21763,2.28091
95352,95502,95427,28.512,9.91481,5.3335,2.85935,1.64584,0.713562,0.161367,-0.195533,-0.429606,-0.588523,-0.628417,-0.740198,-0.798826,-0.827022,-0.829905,-0.863551,-0.875001,-0.895857,-0.893827,-0.851289,-0.93069,2.51286
95503,95653,95578,11.3917,7.13127,4.59283,3.03333,2.04882,1.41198,0.990934,0.706994,0.512042,0.375976,0.27957,0.210315,0.159924,0.122824,0.0952091,0.0744427,0.0586773,0.0466015,0.0372743,0.0300133,-1.14217,1.60221
95653,95803,95728,9.37165,5.96028,3.89616,2.60954,1.7861,1.2465,0.88533,0.638897,0.467794,0.34709,0.260688,0.198005,0.151963,0.117756,0.0920691,0.0725886,0.0576778,0.0461657,0.0372054,0.030178,-1.09336,1.27559
95804,95954,95879,8.33579,5.80149,4.12741,2.99413,2.21005,1.65691,1.2598,0.970156,0.755832,0.595147,0.473217,0.379667,0.307153,0.250412,0.205622,0.169975,0.141388,0.118298,0.0995237,0.084162,-0.825393,1.94556
95954,96104,96029,15.3883,10.3223,7.09381,4.98076,3.56466,2.59534,1.91909,1.43912,1.09309,0.84004,0.652547,0.511949,0.40534,0.323668,0.260502,0.211212,0.17243,0.141679,0.117117,0.0973659,-0.218472,4.35487
96105,96255,96180,14.2708,8.60301,5.17769,2.8932,1.63478,0.970066,0.537639,0.0963945,-0.182404,-0.335843,-0.458633,-0.558523,-0.580666,-0.643538,-0.730225,-0.767205,-0.800983,-0.844415,-0.84755,-0.820319,-0.93069,2.51286
96255,96405,96330,10.0802,6.68169,4.54081,3.1548,2.23544,1.61224,1.18147,0.878416,0.661757,0.504583,0.389023,0.303004,0.238242,0.188967,0.151107,0.121752,0.0987974,0.0807039,0.0663356,0.0548455,-1.01049,1.87888
96406,96556,96481,8.40338,5.33026,3.61271,2.55268,2.12072,1.32568,0.954259,0.6932,0.431995,0.186923,0.22173,0.0425619,-0.130121,-0.208584,-0.363003,-0.496615,-0.490576,-0.64565,-0.599909,-0.65799,-0.93069,2.51286
96556,96706,96631,11.1766,7.00716,4.5193,2.98876,2.02126,1.39466,0.979895,0.699879,0.507416,0.372949,0.277585,0.209012,0.159074,0.122275,0.0948612,0.0742295,0.0585541,0.0465382,0.0372504,0.030015,-1.04252,1.6624
96707,96857,96782,17.8161,9.83211,5.33919,2.86584,1.66828,0.720202,0.286195,-0.105832,-0.33767,-0.474751,-0.563707,-0.665519,-0.733214,-0.760299,-0.798413,-0.825682,-0.85168,-0.893361,-0.88858,-0.855204,-0.93069,2.51286
96857,97007,96932,9.05138,4.67085,3.64594,2.71338,2.05345,1.81648,1.4217,0.964457,0.799452,0.627768,0.678122,0.387944,0.431511,0.292512,0.0906332,-0.0529452,-0.127041,-0.370652,-0.360197,-0.384626,-0.93069,2.51286
97008,97158,97083,8.59004,5.22907,3.2804,2.11352,1.39448,0.939901,0.645823,0.451573,0.320812,0.231256,0.168943,0.12495,0.0934707,0.0706644,0.0539497,0.0415672,0.0323018,0.0253035,0.0199709,0.0158738,-0.80418,1.09661
97158,97308,97233,34.1273,22.9874,15.8593,11.1762,8.02648,5.86317,4.34906,3.27111,2.49169,1.9201,1.49546,1.17621,0.933533,0.74718,0.602719,0.489742,0.400661,0.329879,0.273231,0.227588,1.79875,12.0698
97309,97459,97384,18.4231,10.6095,6.31775,3.87527,2.44073,1.57413,1.03718,0.696788,0.47646,0.331115,0.233553,0.167008,0.120944,0.0886202,0.0656477,0.0491274,0.0371157,0.0282916,0.0217463,0.0168471,-0.257665,3.18646
