Data/Raw/WEBER,RODNEY/FIREXAQ-SAGA-AERO-BrC_DC8_20190729_R0.ict
79, 1001
Weber, Rodney
Georgia Institute of Technology
Brown carbon measured 
FIREXAQ
1, 1
2019, 07, 29, 2020, 03, 04
0
Time_Start, seconds_past_midnight, Time_Start, seconds_past_midnight
47
1, 1, 1, 1, 1, 1, 1, 1, 1, 1, 1, 1, 1, 1, 1, 1, 1, 1, 1, 1, 1, 1, 1, 1, 1, 1, 1, 1, 1, 1, 1, 1, 1, 1, 1, 1, 1, 1, 1, 1, 1, 1, 1, 1, 1, 1, 1
-9999, -9999, -9999, -9999, -9999, -9999, -9999, -9999, -9999, -9999, -9999, -9999, -9999, -9999, -9999, -9999, -9999, -9999, -9999, -9999, -9999, -9999, -9999, -9999, -9999, -9999, -9999, -9999, -9999, -9999, -9999, -9999, -9999, -9999, -9999, -9999, -9999, -9999, -9999, -9999, -9999, -9999, -9999, -9999, -9999, -9999, -9999
Time_Stop, seconds_past_midnight, Time_Stop, seconds_past_midnight
Time_Mid, seconds_past_midnight, Time_Mid, seconds_past_midnight
WSAbs300, Mm-1, AerOpt_AbsorptionBrC_InSitu_UVtoRed_None_Bulk_STP, Water Soluble Brown Carbon absorption at 300 nm
WSAbs320, Mm-1, AerOpt_AbsorptionBrC_InSitu_UVtoRed_None_Bulk_STP, Water Soluble Brown Carbon absorption at 320 nm
WSAbs340, Mm-1, AerOpt_AbsorptionBrC_InSitu_UVtoRed_None_Bulk_STP, Water Soluble Brown Carbon absorption at 340 nm
WSAbs360, Mm-1, AerOpt_AbsorptionBrC_InSitu_UVtoRed_None_Bulk_STP, Water Soluble Brown Carbon absorption at 360 nm
WSAbs380, Mm-1, AerOpt_AbsorptionBrC_InSitu_UVtoRed_None_Bulk_STP, Water Soluble Brown Carbon absorption at 380 nm
WSAbs400, Mm-1, AerOpt_AbsorptionBrC_InSitu_UVtoRed_None_Bulk_STP, Water Soluble Brown Carbon absorption at 400 nm
WSAbs420, Mm-1, AerOpt_AbsorptionBrC_InSitu_UVtoRed_None_Bulk_STP, Water Soluble Brown Carbon absorption at 420 nm
WSAbs440, Mm-1, AerOpt_AbsorptionBrC_InSitu_UVtoRed_None_Bulk_STP, Water Soluble Brown Carbon absorption at 440 nm
WSAbs460, Mm-1, AerOpt_AbsorptionBrC_InSitu_UVtoRed_None_Bulk_STP, Water Soluble Brown Carbon absorption at 460 nm
WSAbs480, Mm-1, AerOpt_AbsorptionBrC_InSitu_UVtoRed_None_Bulk_STP, Water Soluble Brown Carbon absorption at 480 nm
WSAbs500, Mm-1, AerOpt_AbsorptionBrC_InSitu_UVtoRed_None_Bulk_STP, Water Soluble Brown Carbon absorption at 500 nm
WSAbs520, Mm-1, AerOpt_AbsorptionBrC_InSitu_UVtoRed_None_Bulk_STP, Water Soluble Brown Carbon absorption at 520 nm
WSAbs540, Mm-1, AerOpt_AbsorptionBrC_InSitu_UVtoRed_None_Bulk_STP, Water Soluble Brown Carbon absorption at 540 nm
WSAbs560, Mm-1, AerOpt_AbsorptionBrC_InSitu_UVtoRed_None_Bulk_STP, Water Soluble Brown Carbon absorption at 560 nm
WSAbs580, Mm-1, AerOpt_AbsorptionBrC_InSitu_UVtoRed_None_Bulk_STP, Water Soluble Brown Carbon absorption at 580 nm
WSAbs600, Mm-1, AerOpt_AbsorptionBrC_InSitu_UVtoRed_None_Bulk_STP, Water Soluble Brown Carbon absorption at 600 nm
WSAbs620, Mm-1, AerOpt_AbsorptionBrC_InSitu_UVtoRed_None_Bulk_STP, Water Soluble Brown Carbon absorption at 620 nm
WSAbs640, Mm-1, AerOpt_AbsorptionBrC_InSitu_UVtoRed_None_Bulk_STP, Water Soluble Brown Carbon absorption at 640 nm
WSAbs660, Mm-1, AerOpt_AbsorptionBrC_InSitu_UVtoRed_None_Bulk_STP, Water Soluble Brown Carbon absorption at 660 nm
WSAbs680, Mm-1, AerOpt_AbsorptionBrC_InSitu_UVtoRed_None_Bulk_STP, Water Soluble Brown Carbon absorption at 680 nm
WSAbs700, Mm-1, AerOpt_AbsorptionBrC_InSitu_UVtoRed_None_Bulk_STP, Water Soluble Brown Carbon absorption at 700 nm
WSAbs365, Mm-1, AerOpt_AbsorptionBrC_InSitu_UVtoRed_None_Bulk_STP, Water Soluble Brown Carbon absorption at 365 nm
[...]
UNCERTAINTY: 16% for WSAbs365, 17% for WSOC, 19% for MSAbs365
ULOD_FLAG: -7777
ULOD_VALUE: N/A
LLOD_FLAG: -8888
LLOD_VALUE: N/A
DM_CONTACT_INFO: lhzeng@gatech.edu
PROJECT_INFO: FIREX-AQ, 2019
STIPULATIONS_ON_USE: Use of these data require prior ok from PI.
OTHER_COMMENTS: N/A
REVISION: R0
RA: Preliminary Data.  For in-field use only. 
Time_Start, Time_Stop, Time_Mid, WSAbs300, WSAbs320, WSAbs340, WSAbs360, WSAbs380, WSAbs400, WSAbs420, WSAbs440, WSAbs460, WSAbs480, WSAbs500, WSAbs520, WSAbs540, WSAbs560, WSAbs580, WSAbs600, WSAbs620, WSAbs640, WSAbs660, WSAbs680, WSAbs700, WSAbs365, WSOC, MSAbs300, MSAbs320, MSAbs340, MSAbs360, MSAbs380, MSAbs400, MSAbs420, MSAbs440, MSAbs460, MSAbs480, MSAbs500, MSAbs520, MSAbs540, MSAbs560, MSAbs580, MSAbs600, MSAbs620, MSAbs640, MSAbs660, MSAbs680, MSAbs700, MSAbs365
80360,81000,80680,0.162006,0.0932374,0.0563292,0.0350166,0.0240343,0.012314,0.00887921,0.00588677,0.00259563,0.00281419,0.00175848,-0.00317398,-0.000218385,-0.00174728,0.00276494,0.0152634,-0.00657862,-0.0153603,-0.0280575,-0.0223893,-0.0110138,0.031451,0.65629,-0.0609166,-0.20455,-0.263204,-0.276318,-0.262116,-0.241799,-0.241145,-0.2292,-0.235755,-0.265239,-0.269607,-0.288024,-0.276162,-0.297439,-0.26614,-0.262992,-0.299148,-0.311075,-0.317151,-0.329671,-0.329163,-0.284056
81120,81720,81420,0.0517444,0.0312505,0.0218957,0.0147025,0.0150155,0.00982466,0.00874267,0.00807603,0.0067976,0.00832618,0.00679683,0.00217307,0.00612757,0.00481996,0.00746778,0.0215663,-0.00200365,-0.0116336,-0.023467,-0.02023,-0.0200346,0.0143375,0.506051,-0.321237,-0.355068,-0.380634,-0.356599,-0.311014,-0.276916,-0.265938,-0.254374,-0.240588,-0.268044,-0.264709,-0.288166,-0.284279,-0.322624,-0.307551,-0.300617,-0.319769,-0.286051,-0.265729,-0.281704,-0.281023,-0.353331
81840,82440,82140,-0.0190115,-0.00991305,-0.0111645,-0.00965365,-0.00604061,-0.00963374,-0.00906453,-0.00932247,-0.0084728,-0.0042102,-0.00631139,-0.0108318,-0.00284113,-0.0050888,0.000671002,0.0169691,-0.00928917,-0.0204689,-0.036902,-0.0310288,-0.0325031,-0.0104393,0.165157,-0.620935,-0.695954,-0.671932,-0.613788,-0.537613,-0.46863,-0.43013,-0.385657,-0.34714,-0.34795,-0.325749,-0.330792,-0.303531,-0.328439,-0.282438,-0.290373,-0.302495,-0.264226,-0.258814,-0.252465,-0.268196,-0.606361
82560,83460,83010,-0.0274319,-0.0119974,-0.00432732,0.000362844,0.0017156,-0.00340106,-0.00315971,-0.00219537,-0.002489,-0.000511412,-0.000537699,-0.00553082,-0.00015289,-0.00149093,0.00215318,0.0141158,-0.00519857,-0.0171421,-0.0251313,-0.0241148,-0.0215948,-0.00025684,0.337526,-0.314614,-0.210339,-0.162517,-0.104327,-0.0791847,-0.0721944,-0.0700138,-0.0707977,-0.060864,-0.0629914,-0.0685154,-0.0779932,-0.0829891,-0.0899337,-0.0778496,-0.0854893,-0.0745226,-0.0387583,-0.0250959,-0.00666726,-0.0340861,-0.104135
83760,84000,83880,0.644761,0.368863,0.232863,0.155629,0.10411,0.069834,0.0512897,0.0367255,0.0304465,0.0304936,0.0229169,0.0119614,0.0280061,0.0169472,0.023068,0.0457839,0.00357893,-0.0206829,-0.0549979,-0.0365633,-0.0543854,0.141904,1.5656,1.49847,0.837612,0.47875,0.276702,0.147571,0.0912489,0.0591419,0.00738764,0.0131314,-0.00776921,-0.0291641,-0.035613,-0.0262866,-0.0140492,0.02764,0.0427952,0.0259997,-0.0309234,-0.0529722,-0.00765974,-0.0327822,0.217274
84120,84360,84240,2.34061,1.48282,0.965286,0.653566,0.439447,0.295602,0.211758,0.158294,0.129096,0.109425,0.0879427,0.0689839,0.0743379,0.0615965,0.0573012,0.0790452,0.0392439,0.0112817,-0.0217727,-0.00908622,-0.0323967,0.592202,4.51963,7.33812,4.89107,3.27769,2.2399,1.5326,1.05904,0.749291,0.528215,0.399506,0.28001,0.191064,0.117704,0.0742227,0.0392086,0.0315133,0.0234187,-0.00729055,-0.0573896,-0.0987443,-0.0260401,-0.0859895,2.00708
84480,84960,84720,1.25937,0.77151,0.495826,0.338378,0.234254,0.162265,0.119687,0.0935272,0.0768867,0.0659633,0.0569485,0.047024,0.0509494,0.0454469,0.0409085,0.0568649,0.0306164,0.016139,0.00183947,0.00916036,0.004274,0.307475,2.24692,1.88552,1.25842,0.830842,0.591687,0.386761,0.263233,0.178691,0.126343,0.109845,0.0779423,0.0537239,0.0322544,0.0274395,0.00713597,0.0217422,0.016931,0.0315427,0.0523494,0.0543522,0.0987067,0.0629517,0.520337
85080,85320,85200,2.72285,1.71837,1.11056,0.751165,0.479526,0.309788,0.210136,0.156579,0.111587,0.071643,0.0567518,0.0522461,0.0424464,0.0483067,0.0217173,0.0312217,0.0349174,0.0616407,0.11588,0.0459683,0.221085,0.673187,5.28675,10.4411,7.10121,4.84486,3.42076,2.3865,1.69642,1.21517,0.89402,0.69196,0.508011,0.371243,0.258934,0.186784,0.112174,0.0821559,0.0548975,0.0318477,-0.00563626,-0.0264659,0.042809,-0.0194345,3.11285
85440,85740,85590,-9999,-9999,-9999,-9999,-9999,-9999,-9999,-9999,-9999,-9999,-9999,-9999,-9999,-9999,-9999,-9999,-9999,-9999,-9999,-9999,-9999,-9999,-9999,-9999,-9999,-9999,-9999,-9999,-9999,-9999,-9999,-9999,-9999,-9999,-9999,-9999,-9999,-9999,-9999,-9999,-9999,-9999,-9999,-9999,-9999
85860,86220,86040,1.96315,1.23291,0.805622,0.548365,0.372515,0.252347,0.182039,0.138766,0.11019,0.0908789,0.0751508,0.0596951,0.0610886,0.0581888,0.0434848,0.055345,0.026832,0.0214907,0.0194999,0.00930139,0.00230944,0.498081,1.91948,5.89397,4.04826,2.76674,1.95559,1.36024,0.959511,0.689898,0.50991,0.398412,0.31077,0.23245,0.174386,0.135779,0.0971849,0.09603,0.0829487,0.0674049,0.0765932,0.0561271,0.105935,0.055256,1.77127
86370,86580,86475,0.756364,0.43828,0.272912,0.180941,0.118921,0.0802365,0.0597997,0.0396626,0.0302976,0.022922,0.0160397,0.0110991,0.0210793,0.0232896,0.00905328,0.0142724,-0.00173638,0.0371718,0.0663695,0.0542697,0.131561,0.164873,3.22748,9.74997,6.49949,4.46199,3.13663,2.14551,1.48037,1.04391,0.733086,0.548447,0.391401,0.267079,0.159185,0.0840412,0.0165054,-0.0145282,-0.0335764,-0.0656676,-0.129929,-0.131462,-0.0655044,-0.120463,2.83225
86700,87000,86850,2.71069,1.64695,1.03389,0.673849,0.43987,0.291746,0.203388,0.139374,0.10213,0.0719712,0.0594727,0.0493723,0.053331,0.0592225,0.0299705,0.0306802,0.030707,0.0956057,0.148072,0.122321,0.249983,0.604072,4.14839,10.8214,7.39678,5.19164,3.7135,2.63793,1.88459,1.37628,1.00903,0.797238,0.611784,0.466342,0.36268,0.286257,0.221524,0.207268,0.173651,0.171732,0.129771,0.10585,0.176289,0.104369,3.37986
87160,87420,87290,4.1348,2.55891,1.67257,1.12979,0.758565,0.517216,0.372962,0.268839,0.204414,0.15343,0.132967,0.117001,0.112891,0.114883,0.0737819,0.0778053,0.0853979,0.161673,0.237154,0.199861,0.370606,1.02227,3.09209,7.85545,4.56419,2.64299,1.60266,1.06069,0.748888,0.517084,0.357414,0.220528,0.0935866,-0.00283904,-0.0240244,-0.112872,-0.144581,-0.21319,-0.19614,-0.219022,-0.23311,-0.189611,-0.234395,-0.193316,1.4208
87600,87900,87750,1.50207,0.947651,0.676943,0.509589,0.313284,0.184737,0.121519,0.0932856,0.0627596,0.0393034,0.0282399,0.0261011,0.0216766,0.0242683,0.0114705,0.0150503,0.0130587,0.0143711,0.0293237,-0.00104884,0.0727577,0.456503,4.56248,6.1522,3.52355,1.9856,1.14033,0.722208,0.502452,0.341246,0.244429,0.139107,0.0518682,-0.0195197,-0.0192985,-0.089512,-0.122936,-0.209126,-0.182315,-0.169484,-0.157574,-0.0965036,-0.12711,-0.124371,0.9927
88020,88380,88200,2.07043,1.30804,0.89102,0.636967,0.410203,0.264741,0.179795,0.133437,0.0938562,0.0631573,0.0486221,0.0418674,0.03677,0.039761,0.0218787,0.0295705,0.0236179,0.0280709,0.0524991,0.0181905,0.101999,0.573825,4.20339,6.66214,3.93686,2.32059,1.40393,0.913916,0.638638,0.443358,0.315813,0.201241,0.105329,0.0418146,0.0294247,-0.0448075,-0.087008,-0.191885,-0.160461,-0.126489,-0.0808523,-0.0167227,-0.0414927,-0.0141502,1.23763
88500,89040,88770,3.30956,2.15234,1.43261,0.956634,0.643223,0.451705,0.333158,0.261418,0.205394,0.158438,0.13712,0.121681,0.109135,0.107451,0.0768066,0.089119,0.081861,0.0866616,0.11326,0.0788257,0.148351,0.861092,4.62616,4.82291,2.99073,1.8558,1.16309,0.80029,0.585553,0.429349,0.312852,0.214837,0.120964,0.0516181,0.0183816,-0.052738,-0.0979569,-0.193228,-0.188077,-0.146981,-0.126145,-0.0548454,-0.0832351,-0.057591,1.04151
89160,89460,89310,3.51677,2.19716,1.43786,0.98101,0.662671,0.459187,0.33357,0.25916,0.201591,0.152985,0.128002,0.120898,0.106726,0.105494,0.0725482,0.0810769,0.0824581,0.0953197,0.133206,0.0910497,0.181669,0.887015,2.39704,6.93559,4.29815,2.68159,1.69842,1.17121,0.858676,0.639484,0.488822,0.367968,0.252673,0.188876,0.166056,0.0761674,0.0321438,-0.108634,-0.0523283,0.00389009,0.0282765,0.124229,0.099039,0.148432,1.52581
89880,90780,90330,-0.0703855,-0.0285465,-0.00890565,0.00092216,-0.000897316,-0.00749951,-0.00787402,-0.00327115,-0.00597694,-0.00765666,-0.00728976,-0.00699686,-0.00727383,-0.0015896,-0.0045026,0.000457771,-0.00438911,0.000380057,0.00995514,0.000213701,0.0416828,-0.000269832,0.221825,-0.433089,-0.435614,-0.428719,-0.38224,-0.302007,-0.233611,-0.185455,-0.148162,-0.126725,-0.114666,-0.105307,-0.0872026,-0.0924081,-0.0974742,-0.124458,-0.104081,-0.0752628,-0.0322198,0.0162155,0.0092477,0.0154199,-0.368693
91200,92160,91680,-9999,-9999,-9999,-9999,-9999,-9999,-9999,-9999,-9999,-9999,-9999,-9999,-9999,-9999,-9999,-9999,-9999,-9999,-9999,-9999,-9999,-9999,-9999,-9999,-9999,-9999,-9999,-9999,-9999,-9999,-9999,-9999,-9999,-9999,-9999,-9999,-9999,-9999,-9999,-9999,-9999,-9999,-9999,-9999,-9999
92340,93660,93000,-9999,-9999,-9999,-9999,-9999,-9999,-9999,-9999,-9999,-9999,-9999,-9999,-9999,-9999,-9999,-9999,-9999,-9999,-9999,-9999,-9999,-9999,-9999,-9999,-9999,-9999,-9999,-9999,-9999,-9999,-9999,-9999,-9999,-9999,-9999,-9999,-9999,-9999,-9999,-9999,-9999,-9999,-9999,-9999,-9999
93840,94500,94170,-0.00976016,-0.0152793,-0.0140863,-0.00930208,-0.00858237,-0.010076,-0.0113751,-0.00524421,-0.00763431,-0.0117767,-0.0102379,-0.00637298,-0.00768443,0.0020408,-0.00536491,-0.000914985,-0.0018319,0.00754523,0.0345626,0.00513336,0.0781063,-0.0107388,0.0952869,-0.0495547,-0.0542091,-0.0608435,-0.0488479,-0.0376036,-0.0614547,-0.0604297,-0.0552985,-0.0478655,-0.0711732,-0.0802257,-0.0589235,-0.0591553,-0.0632015,-0.0328981,-0.0200866,-0.0288169,-0.0274521,-0.030533,-0.0487825,-0.0357014,-0.0531277
94620,95400,95010,-0.00536411,-0.00182367,0.000516204,0.00367124,0.00270621,-0.00161256,-0.00416375,0.00016091,-0.00294207,-0.00540619,-0.00626342,-0.00399825,-0.00489767,0.00196958,-0.00349841,0.000934528,-0.000423587,0.0102293,0.0303702,0.006983,0.0615817,0.00167607,0.177329,-0.188973,-0.133351,-0.10023,-0.063619,-0.0366762,-0.0564411,-0.059479,-0.0516452,-0.0433393,-0.0586219,-0.0641142,-0.0533299,-0.0582891,-0.0718714,-0.0525217,-0.054548,-0.046629,-0.0106334,-0.0111047,-0.0177425,-0.0090891,-0.0560018
95900,96120,96010,2.03927,1.49634,1.17191,0.916637,0.586703,0.359897,0.235797,0.163023,0.110279,0.0656207,0.0464975,0.0425555,0.0314984,0.0373982,0.016578,0.0164232,0.0195167,0.0547389,0.107868,0.0505432,0.187758,0.832011,5.24481,12.8669,9.29799,6.51456,4.53921,3.21209,2.31844,1.75086,1.38231,1.09251,0.833861,0.655019,0.586924,0.512075,0.480686,0.501631,0.530557,0.416008,0.247963,0.0929551,0.0368107,0.0638388,4.13893
96240,96540,96390,-9999,-9999,-9999,-9999,-9999,-9999,-9999,-9999,-9999,-9999,-9999,-9999,-9999,-9999,-9999,-9999,-9999,-9999,-9999,-9999,-9999,-9999,-9999,-9999,-9999,-9999,-9999,-9999,-9999,-9999,-9999,-9999,-9999,-9999,-9999,-9999,-9999,-9999,-9999,-9999,-9999,-9999,-9999,-9999,-9999
96720,96990,96855,0.104764,0.0816037,0.0755912,0.0731409,0.0327714,0.00136771,-0.00681417,-0.00387274,-0.00987479,-0.0172238,-0.0187895,-0.0124886,-0.0157131,-0.00643151,-0.0127797,-0.00499744,-0.00351799,0.0158879,0.0453993,0.005934,0.13862,0.0634399,0.0401846,0.0266305,0.0184861,-0.00130646,0.0105668,0.0413592,0.00863598,0.00742757,0.0239933,0.0282819,0.00697739,-0.0129277,0.00666235,-0.00267361,-0.01247,0.0307875,0.0480833,0.0357925,0.00563527,-0.0425027,-0.0300084,-0.0124344,0.00761709
97125,97320,97222,-9999,-9999,-9999,-9999,-9999,-9999,-9999,-9999,-9999,-9999,-9999,-9999,-9999,-9999,-9999,-9999,-9999,-9999,-9999,-9999,-9999,-9999,-9999,-9999,-9999,-9999,-9999,-9999,-9999,-9999,-9999,-9999,-9999,-9999,-9999,-9999,-9999,-9999,-9999,-9999,-9999,-9999,-9999,-9999,-9999
97440,97860,97650,-9999,-9999,-9999,-9999,-9999,-9999,-9999,-9999,-9999,-9999,-9999,-9999,-9999,-9999,-9999,-9999,-9999,-9999,-9999,-9999,-9999,-9999,-9999,-9999,-9999,-9999,-9999,-9999,-9999,-9999,-9999,-9999,-9999,-9999,-9999,-9999,-9999,-9999,-9999,-9999,-9999,-9999,-9999,-9999,-9999
98010,98460,98235,-9999,-9999,-9999,-9999,-9999,-9999,-9999,-9999,-9999,-9999,-9999,-9999,-9999,-9999,-9999,-9999,-9999,-9999,-9999,-9999,-9999,-9999,-9999,-9999,-9999,-9999,-9999,-9999,-9999,-9999,-9999,-9999,-9999,-9999,-9999,-9999,-9999,-9999,-9999,-9999,-9999,-9999,-9999,-9999,-9999
98580,99000,98790,112.16,67.6932,42.1209,26.9291,17.6403,11.8034,7.07375,4.59196,3.05385,1.93527,1.24057,0.838211,0.593712,0.44829,0.288086,0.248479,0.20002,0.188026,0.216074,0.14319,0.250603,24.173,34.5002,86.3722,61.4043,44.5577,33.7587,24.6455,18.4658,14.1962,11.226,8.96582,7.18316,5.84426,4.79841,3.96214,3.27303,2.68512,2.30886,1.94724,1.6996,1.51744,1.25191,1.11059,31.0346
99120,99660,99390,-9999,-9999,-9999,-9999,-9999,-9999,-9999,-9999,-9999,-9999,-9999,-9999,-9999,-9999,-9999,-9999,-9999,-9999,-9999,-9999,-9999,-9999,-9999,-9999,-9999,-9999,-9999,-9999,-9999,-9999,-9999,-9999,-9999,-9999,-9999,-9999,-9999,-9999,-9999,-9999,-9999,-9999,-9999,-9999,-9999
100110,100680,100395,5.30805,3.42326,2.26851,1.52821,1.01325,0.663304,0.448509,0.313818,0.226319,0.163076,0.129374,0.101356,0.0833454,0.0733557,0.0536561,0.0618019,0.0488937,0.0493344,0.0472486,0.039981,0.06224,1.37892,4.56461,8.08819,6.0556,4.61699,3.57274,2.81903,2.24229,1.81058,1.49996,1.25272,1.05044,0.898253,0.77785,0.686254,0.599901,0.536678,0.49624,0.446324,0.45365,0.448834,0.389685,0.362894,3.35358
100980,101600,101290,79.5276,46.8792,28.5293,17.8617,11.472,7.53178,5.0489,3.44931,2.39347,1.52175,0.98825,0.659963,0.458343,0.331308,0.213707,0.181991,0.133509,0.116232,0.101955,0.0680986,0.100962,15.9526,30.8917,69.2457,51.9151,39.5917,30.6601,24.0544,18.271,14.5658,11.957,9.93746,8.35268,7.12414,6.14278,5.33534,4.68329,4.10787,3.69235,3.3164,3.06382,2.84847,2.5995,2.41921,29.5368
102060,102780,102420,-0.180055,-0.133119,-0.102005,-0.0643451,-0.0499467,-0.0443611,-0.0448687,-0.0338532,-0.0317172,-0.0189481,-0.00807064,-0.0071611,-0.00382063,0.00508803,0.00551899,0.0180296,0.00906001,0.00691874,-0.0107157,-0.0310233,0.0355824,-0.0613803,0.171009,0.825583,0.622052,0.545418,0.455348,0.387464,0.357146,0.316544,0.259405,0.216503,0.175434,0.129314,0.0972992,0.0594094,0.0478915,0.040741,0.0353187,-0.0327697,-0.0415134,0.00260577,-0.0404423,0.00320687,0.446135
