Data/Raw/WEBER,RODNEY/FIREXAQ-SAGA-MC-BrC_DC8_20190903_R0.ict
56, 1001
Weber, Rodney
Georgia Institute of Technology
Water soluble brown carbon measured with mist chamber-LWCC
FIREXAQ
1, 1
2019, 09, 03, 2020, 03, 06
0
Time_Start, seconds_past_midnight, Time_Start, seconds_past_midnight
24
1, 1, 1, 1, 1, 1, 1, 1, 1, 1, 1, 1, 1, 1, 1, 1, 1, 1, 1, 1, 1, 1, 1, 1
-9999, -9999, -9999, -9999, -9999, -9999, -9999, -9999, -9999, -9999, -9999, -9999, -9999, -9999, -9999, -9999, -9999, -9999, -9999, -9999, -9999, -9999, -9999, -9999
Time_Stop, seconds_past_midnight, Time_Stop, seconds_past_midnight
Time_Mid, seconds_past_midnight, Time_Mid, seconds_past_midnight
WSAbs300, Mm-1, AerOpt_AbsorptionBrC_InSitu_UVtoRed_None_Bulk_STP, Water Soluble Brown Carbon absorption at 300 nm
WSAbs320, Mm-1, AerOpt_AbsorptionBrC_InSitu_UVtoRed_None_Bulk_STP, Water Soluble Brown Carbon absorption at 320 nm
WSAbs340, Mm-1, AerOpt_AbsorptionBrC_InSitu_UVtoRed_None_Bulk_STP, Water Soluble Brown Carbon absorption at 340 nm
WSAbs360, Mm-1, AerOpt_AbsorptionBrC_InSitu_UVtoRed_None_Bulk_STP, Water Soluble Brown Carbon absorption at 360 nm
WSAbs380, Mm-1, AerOpt_AbsorptionBrC_InSitu_UVtoRed_None_Bulk_STP, Water Soluble Brown Carbon absorption at 380 nm
WSAbs400, Mm-1, AerOpt_AbsorptionBrC_InSitu_UVtoRed_None_Bulk_STP, Water Soluble Brown Carbon absorption at 400 nm
WSAbs420, Mm-1, AerOpt_AbsorptionBrC_InSitu_UVtoRed_None_Bulk_STP, Water Soluble Brown Carbon absorption at 420 nm
WSAbs440, Mm-1, AerOpt_AbsorptionBrC_InSitu_UVtoRed_None_Bulk_STP, Water Soluble Brown Carbon absorption at 440 nm
WSAbs460, Mm-1, AerOpt_AbsorptionBrC_InSitu_UVtoRed_None_Bulk_STP, Water Soluble Brown Carbon absorption at 460 nm
WSAbs480, Mm-1, AerOpt_AbsorptionBrC_InSitu_UVtoRed_None_Bulk_STP, Water Soluble Brown Carbon absorption at 480 nm
WSAbs500, Mm-1, AerOpt_AbsorptionBrC_InSitu_UVtoRed_None_Bulk_STP, Water Soluble Brown Carbon absorption at 500 nm
WSAbs520, Mm-1, AerOpt_AbsorptionBrC_InSitu_UVtoRed_None_Bulk_STP, Water Soluble Brown Carbon absorption at 520 nm
WSAbs540, Mm-1, AerOpt_AbsorptionBrC_InSitu_UVtoRed_None_Bulk_STP, Water Soluble Brown Carbon absorption at 540 nm
WSAbs560, Mm-1, AerOpt_AbsorptionBrC_InSitu_UVtoRed_None_Bulk_STP, Water Soluble Brown Carbon absorption at 560 nm
WSAbs580, Mm-1, AerOpt_AbsorptionBrC_InSitu_UVtoRed_None_Bulk_STP, Water Soluble Brown Carbon absorption at 580 nm
WSAbs600, Mm-1, AerOpt_AbsorptionBrC_InSitu_UVtoRed_None_Bulk_STP, Water Soluble Brown Carbon absorption at 600 nm
WSAbs620, Mm-1, AerOpt_AbsorptionBrC_InSitu_UVtoRed_None_Bulk_STP, Water Soluble Brown Carbon absorption at 620 nm
WSAbs640, Mm-1, AerOpt_AbsorptionBrC_InSitu_UVtoRed_None_Bulk_STP, Water Soluble Brown Carbon absorption at 640 nm
WSAbs660, Mm-1, AerOpt_AbsorptionBrC_InSitu_UVtoRed_None_Bulk_STP, Water Soluble Brown Carbon absorption at 660 nm
WSAbs680, Mm-1, AerOpt_AbsorptionBrC_InSitu_UVtoRed_None_Bulk_STP, Water Soluble Brown Carbon absorption at 680 nm
WSAbs700, Mm-1, AerOpt_AbsorptionBrC_InSitu_UVtoRed_None_Bulk_STP, Water Soluble Brown Carbon absorption at 700 nm
WSAbs365, Mm-1, AerOpt_AbsorptionBrC_InSitu_UVtoRed_None_Bulk_STP, Water Soluble Brown Carbon absorption at 365 nm
0
18
PI_CONTACT_INFO: rweber@eas.gatech.edu
PLATFORM: NASA DC-8 aircraft
LOCATION: Aircraft location is given by the navigational file
ASSOCIATED_DATA: N/A
[...]
DATA_INFO: Samples collected by mist chamber were injected through 0.22 pore size syringe filter and then a 2.5 m path length LWCC, and light absorption was measured by Ocean Optics USB4000 spectrometer. Absorption from 300 to 700 nm were recorded. Absorption of pure solvent was subtracted from the sample. Raw absorption data were processed by the equation Abs=Raw*(Volume of liquid in the mist chamber)/(Volume of air collected at STP)/(Optical Path Length, 2.5m here)*ln(10). Data reported here were averaged over 20 nm wavelength intervals. i.e. absorption at 400 nm were average by absorption data between 390 nm to 410 nm. All data have been blank corrected by averaging all blank filter in this mission (2-3 blank filters per flight). Data are reported under STP, which is T=273K & p=1013 mb. When using the data, the absorption had better to corrected by higher wavelength, ie Abs700 for baseline drift. UNCERTAINTY: Data may have smearing issues. If we do not account for smearing or blank, the uncertainty is ~5%
UNCERTAINTY: Data may have smearing issues. If we do not account for smearing or blank, the uncertainty is ~5%
ULOD_FLAG: -7777
ULOD_VALUE: N/A
LLOD_FLAG: -8888
LLOD_VALUE: N/A
DM_CONTACT_INFO: lhzeng@gatech.edu
PROJECT_INFO: FIREX-AQ, 2019
STIPULATIONS_ON_USE: Use of these data require prior ok from PI.
OTHER_COMMENTS: N/A
REVISION: R0
RA: Preliminary Data.  For in-field use only.
Time_Start, Time_Stop, Time_Mid, WSAbs300, WSAbs320, WSAbs340, WSAbs360, WSAbs380, WSAbs400, WSAbs420, WSAbs440, WSAbs460, WSAbs480, WSAbs500, WSAbs520, WSAbs540, WSAbs560, WSAbs580, WSAbs600, WSAbs620, WSAbs640, WSAbs660, WSAbs680, WSAbs700, WSAbs365
[from data line 146]
79381,79531,79456,-3.81282,-3.17792,-3.22392,-2.93534,-2.94,-2.91629,-2.75821,-2.80233,-2.72453,-2.6755,-2.64996,-2.79994,-2.73272,-2.69021,-2.54576,-2.48034,-2.53329,-2.33753,-2.42746,-2.19962,-1.57099,-2.96602
79531,79681,79606,-3.49554,-2.83717,-2.84811,-2.62853,-2.58052,-2.53728,-2.54679,-2.48418,-2.46671,-2.43607,-2.55437,-2.47366,-2.43884,-2.36326,-2.37963,-2.38839,-2.29867,-2.22926,-2.29554,-2.06978,-1.66059,-2.66664
79682,79832,79757,-3.31657,-3.27983,-3.08745,-3.13462,-3.03491,-2.97158,-2.94614,-2.87602,-2.89151,-2.90755,-2.9056,-2.99961,-3.04857,-3.04944,-2.7833,-2.73166,-2.70031,-2.59713,-2.76668,-2.55124,-1.53718,-3.08706
79832,79982,79907,-3.12134,-3.00777,-2.85535,-2.91229,-2.78593,-2.81699,-2.77311,-2.79971,-2.68192,-2.67034,-2.92648,-2.68661,-2.60645,-2.7811,-2.64934,-2.67513,-2.68342,-2.46669,-2.69335,-2.46988,-1.62765,-2.87875
79983,80133,80058,-3.26298,-3.19564,-3.24187,-3.19801,-3.12063,-3.04341,-2.96517,-2.86027,-2.86302,-2.86586,-2.85882,-2.90065,-2.74933,-2.79784,-2.8031,-2.72469,-2.76433,-2.71781,-2.72312,-2.34294,-1.64539,-3.12876
80133,80283,80208,-3.75693,-3.09363,-3.0447,-2.93385,-2.95597,-2.869,-2.80127,-2.77763,-2.81466,-2.67389,-2.85982,-2.8659,-2.65465,-2.62333,-2.62619,-2.68242,-2.61501,-2.57085,-2.52888,-2.32776,-1.49065,-3.00553
80284,80434,80359,-3.58346,-3.66999,-3.41673,-3.27376,-3.16525,-3.09042,-2.8896,-2.87129,-2.78583,-2.75951,-2.77023,-2.66905,-2.5443,-2.78017,-2.48092,-2.64427,-2.6221,-2.3259,-2.50405,-2.20274,-1.53496,-3.20719
80434,80584,80509,-3.34937,-3.26564,-3.00136,-2.88941,-2.88169,-2.8325,-2.79565,-2.8613,-2.79967,-2.70852,-2.74477,-2.73961,-2.68264,-2.63765,-2.89893,-2.66968,-2.80741,-2.48306,-2.5288,-2.33321,-1.55206,-2.95975
80585,80735,80660,-2.93829,-2.50275,-2.51865,-2.58094,-2.50032,-2.46482,-2.31007,-2.2818,-2.34271,-2.25553,-2.41506,-2.19604,-2.43756,-2.14972,-2.33302,-2.24308,-2.32229,-1.94673,-2.19122,-1.94104,-0.982408,-2.5106
80736,80886,80811,-4.53387,-3.40979,-3.15591,-3.15093,-3.09055,-3.03514,-2.93939,-2.84861,-2.77912,-2.79788,-2.88622,-2.79281,-2.6576,-2.79472,-2.80943,-2.64119,-2.63553,-2.47757,-2.58398,-2.22238,-1.64313,-3.13147
80886,81036,80961,-3.94785,-3.32914,-3.37939,-3.27097,-3.3288,-3.22059,-3.23527,-3.17031,-3.10008,-3.03295,-3.27844,-3.19867,-3.00878,-3.02028,-2.99848,-2.90484,-3.02312,-2.97719,-2.8766,-2.71089,-1.90518,-3.32449
81037,81187,81112,-3.17062,-2.76671,-2.6439,-2.59437,-2.41667,-2.39208,-2.34106,-2.28544,-2.22785,-2.16655,-2.28298,-2.15232,-2.19197,-2.12616,-2.02779,-2.13228,-2.06446,-1.90879,-2.03004,-1.77469,-1.35716,-2.53599
81187,81337,81262,12.4901,8.98269,7.52306,4.86214,3.73974,3.03347,2.35637,1.9304,1.59971,1.15904,1.05405,0.948108,0.729382,0.449209,0.337974,0.29451,0.280309,0.0131926,0.108236,-0.00728379,-0.332614,4.67927
81338,81488,81413,0.303076,-0.293827,-0.488745,-0.666136,-0.738839,-0.800869,-0.847352,-0.861897,-0.888392,-0.922795,-0.932374,-0.927166,-0.949061,-0.945516,-0.948315,-0.962765,-0.965358,-0.977324,-0.965731,-0.948303,-0.991359,-0.698826
81488,81639,81564,2.18097,1.71784,1.25517,0.610861,0.472735,0.279958,0.0804114,-0.0152643,-0.111837,-0.20846,-0.235274,-0.291168,-0.329711,-0.440158,-0.409043,-0.491337,-0.535403,-0.598476,-0.582024,-0.568081,-0.769527,0.595762
81639,81789,81714,-1.31042,-1.17658,-1.10183,-1.06129,-1.03733,-1.01319,-0.997981,-0.988744,-0.995684,-0.973882,-0.971609,-0.974513,-0.970211,-0.955764,-0.951702,-0.969005,-0.950714,-0.9638,-0.946409,-0.923282,-0.959815,-1.06832
81790,81940,81865,-0.325636,-0.487975,-0.570688,-0.650889,-0.719923,-0.741006,-0.753092,-0.78867,-0.803441,-0.800273,-0.798834,-0.81294,-0.823992,-0.819091,-0.816005,-0.826079,-0.819861,-0.836404,-0.824408,-0.835573,-0.844756,-0.685842
81940,82090,82015,-3.58989,-2.20681,-1.83945,-1.5206,-1.37194,-1.24587,-1.1837,-1.1342,-1.0877,-1.05043,-1.04648,-1.03767,-1.02469,-1.00474,-0.99582,-0.986098,-0.986344,-0.981815,-0.986807,-0.991518,-0.978657,-1.49287
82091,82241,82166,-3.13524,-2.32847,-1.89941,-1.68833,-1.55368,-1.4335,-1.33111,-1.2842,-1.23147,-1.20046,-1.17272,-1.12325,-1.10566,-1.11263,-1.09822,-1.06098,-1.05285,-1.03419,-1.04574,-0.939424,-0.993921,-1.67938
82241,82391,82316,-2.10844,-1.91527,-1.76838,-1.66636,-1.4799,-1.41649,-1.33799,-1.29749,-1.24113,-1.1816,-1.16975,-1.14426,-1.11509,-1.10728,-1.05878,-1.0625,-1.05235,-1.00777,-1.0288,-0.903519,-0.896756,-1.60913
82392,82542,82467,-1.63328,-1.5902,-1.57411,-1.51692,-1.45332,-1.4761,-1.44985,-1.45333,-1.40166,-1.40784,-1.38878,-1.51336,-1.45872,-1.45963,-1.4257,-1.45494,-1.43042,-1.35406,-1.30727,-1.22219,-0.893487,-1.49766
82542,82692,82617,-1.75527,-1.34944,-1.27147,-1.15662,-1.04865,-0.994006,-0.962787,-0.929405,-0.91559,-0.896602,-0.888267,-0.859157,-0.844925,-0.847796,-0.842567,-0.824373,-0.823816,-0.816608,-0.822123,-0.796394,-0.795756,-1.12732
82693,82843,82768,-2.65146,-1.91467,-1.89578,-1.70391,-1.56349,-1.4895,-1.4393,-1.35238,-1.28429,-1.22206,-1.28304,-1.24595,-1.12472,-1.09559,-1.14319,-1.09209,-1.05448,-0.988503,-1.00288,-0.946896,-0.792353,-1.65287
82843,82993,82918,-4.61866,-2.39043,-2.07079,-1.63331,-1.4591,-1.27129,-1.18888,-1.10165,-1.04217,-1.00985,-0.982413,-0.961957,-0.931221,-0.938338,-0.923231,-0.915041,-0.893039,-0.888906,-0.885814,-0.802506,-0.875287,-1.60887
82994,83144,83069,-2.21153,-1.71812,-1.32105,-1.13826,-1.02564,-0.928432,-0.881684,-0.852838,-0.818161,-0.812411,-0.789554,-0.774976,-0.78134,-0.771003,-0.768256,-0.758803,-0.756295,-0.748226,-0.748236,-0.744568,-0.752845,-1.10812
83144,83294,83219,-2.51791,-2.09453,-1.87422,-1.51173,-1.37223,-1.22635,-1.16421,-1.07876,-1.02378,-0.967192,-0.931788,-0.921712,-0.917931,-0.870351,-0.8625,-0.861011,-0.829757,-0.813507,-0.807827,-0.768949,-0.776371,-1.511
83295,83445,83370,-2.2626,-1.45483,-1.33346,-1.0837,-0.976329,-0.899963,-0.848723,-0.813055,-0.78775,-0.762148,-0.748946,-0.730025,-0.724049,-0.714541,-0.706253,-0.694367,-0.684594,-0.668197,-0.671675,-0.642073,-0.658983,-1.08141
83445,83595,83520,-3.24715,-1.95414,-1.50324,-1.22191,-1.08913,-0.986212,-0.929095,-0.886019,-0.854337,-0.834545,-0.83832,-0.812728,-0.800584,-0.779918,-0.790789,-0.771998,-0.781698,-0.764565,-0.76345,-0.760493,-0.767173,-1.20913
83596,83746,83671,-3.63528,-2.40393,-2.12006,-1.80934,-1.62776,-1.5028,-1.40284,-1.31945,-1.25979,-1.21104,-1.19325,-1.13004,-1.11441,-1.11125,-1.06337,-1.05743,-1.03932,-0.993961,-0.99244,-0.918252,-0.92464,-1.78015
83746,83896,83821,-2.20098,-1.67802,-1.41797,-1.13512,-1.00678,-0.935429,-0.872125,-0.827665,-0.806942,-0.786892,-0.765961,-0.753136,-0.758445,-0.750369,-0.746079,-0.741848,-0.742907,-0.723849,-0.742023,-0.677186,-0.735984,-1.11611
83897,84047,83972,-2.66158,-1.86997,-1.82229,-1.62275,-1.5473,-1.52231,-1.44568,-1.42591,-1.32969,-1.33563,-1.29115,-1.28765,-1.28752,-1.26897,-1.22101,-1.20059,-1.20458,-1.09661,-1.11138,-1.03164,-0.843447,-1.63679
84047,84197,84122,-1.91075,-1.80938,-1.61261,-1.50429,-1.46134,-1.42492,-1.33626,-1.30812,-1.28513,-1.2362,-1.25522,-1.22581,-1.21425,-1.17948,-1.18977,-1.19957,-1.17612,-1.07634,-1.1019,-1.04953,-0.843301,-1.52124
84198,84348,84273,-2.75244,-2.15147,-2.28896,-2.04308,-2.04249,-2.06231,-2.08682,-2.0032,-2.06896,-2.06216,-2.03142,-2.18405,-2.08959,-2.08752,-1.98412,-1.97338,-1.97504,-2.03182,-2.17807,-1.87411,-0.962994,-2.0954
84348,84498,84423,-1.91691,-1.80402,-1.74212,-1.78414,-1.74328,-1.65352,-1.61704,-1.6207,-1.57858,-1.55981,-1.66654,-1.53653,-1.66451,-1.51206,-1.60326,-1.5503,-1.46152,-1.47125,-1.55416,-1.32799,-0.870888,-1.7592
84499,84649,84574,-3.74556,-2.56371,-2.48397,-2.2202,-2.04771,-1.91656,-1.85813,-1.76292,-1.72606,-1.67239,-1.66784,-1.76787,-1.66956,-1.59363,-1.51811,-1.51413,-1.42311,-1.30489,-1.44557,-1.31886,-0.868725,-2.15408
84650,84800,84725,-2.82753,-2.23565,-1.94824,-1.90522,-1.85259,-1.73933,-1.72312,-1.69151,-1.61939,-1.61113,-1.58062,-1.48765,-1.60869,-1.55145,-1.43702,-1.40678,-1.39922,-1.3368,-1.38666,-1.32907,-0.944935,-1.88986
