Data/Raw/WEBER,RODNEY/FIREXAQ-SAGA-MC-BrC_DC8_20190730_R0.ict
56, 1001
Weber, Rodney
Georgia Institute of Technology
Water soluble brown carbon measured with mist chamber-LWCC
FIREXAQ
1, 1
2019, 07, 30, 2020, 03, 06
0
Time_Start, seconds_past_midnight, Time_Start, seconds_past_midnight
24
1, 1, 1, 1, 1, 1, 1, 1, 1, 1, 1, 1, 1, 1, 1, 1, 1, 1, 1, 1, 1, 1, 1, 1
-9999, -9999, -9999, -9999, -9999, -9999, -9999, -9999, -9999, -9999, -9999, -9999, -9999, -9999, -9999, -9999, -9999, -9999, -9999, -9999, -9999, -9999, -9999, -9999
Time_Stop, seconds_past_midnight, Time_Stop, seconds_past_midnight
Time_Mid, seconds_past_midnight, Time_Mid, seconds_past_midnight
WSAbs300, Mm-1, AerOpt_AbsorptionBrC_InSitu_UVtoRed_None_Bulk_STP, Water Soluble Brown Carbon absorption at 300 nm
WSAbs320, Mm-1, AerOpt_AbsorptionBrC_InSitu_UVtoRed_None_Bulk_STP, Water Soluble Brown Carbon absorption at 320 nm
WSAbs340, Mm-1, AerOpt_AbsorptionBrC_InSitu_UVtoRed_None_Bulk_STP, Water Soluble Brown Carbon absorption at 340 nm
WSAbs360, Mm-1, AerOpt_AbsorptionBrC_InSitu_UVtoRed_None_Bulk_STP, Water Soluble Brown Carbon absorption at 360 nm
WSAbs380, Mm-1, AerOpt_AbsorptionBrC_InSitu_UVtoRed_None_Bulk_STP, Water Soluble Brown Carbon absorption at 380 nm
WSAbs400, Mm-1, AerOpt_AbsorptionBrC_InSitu_UVtoRed_None_Bulk_STP, Water Soluble Brown Carbon absorption at 400 nm
WSAbs420, Mm-1, AerOpt_AbsorptionBrC_InSitu_UVtoRed_None_Bulk_STP, Water Soluble Brown Carbon absorption at 420 nm
WSAbs440, Mm-1, AerOpt_AbsorptionBrC_InSitu_UVtoRed_None_Bulk_STP, Water Soluble Brown Carbon absorption at 440 nm
WSAbs460, Mm-1, AerOpt_AbsorptionBrC_InSitu_UVtoRed_None_Bulk_STP, Water Soluble Brown Carbon absorption at 460 nm
WSAbs480, Mm-1, AerOpt_AbsorptionBrC_InSitu_UVtoRed_None_Bulk_STP, Water Soluble Brown Carbon absorption at 480 nm
WSAbs500, Mm-1, AerOpt_AbsorptionBrC_InSitu_UVtoRed_None_Bulk_STP, Water Soluble Brown Carbon absorption at 500 nm
WSAbs520, Mm-1, AerOpt_AbsorptionBrC_InSitu_UVtoRed_None_Bulk_STP, Water Soluble Brown Carbon absorption at 520 nm
WSAbs540, Mm-1, AerOpt_AbsorptionBrC_InSitu_UVtoRed_None_Bulk_STP, Water Soluble Brown Carbon absorption at 540 nm
WSAbs560, Mm-1, AerOpt_AbsorptionBrC_InSitu_UVtoRed_None_Bulk_STP, Water Soluble Brown Carbon absorption at 560 nm
WSAbs580, Mm-1, AerOpt_AbsorptionBrC_InSitu_UVtoRed_None_Bulk_STP, Water Soluble Brown Carbon absorption at 580 nm
WSAbs600, Mm-1, AerOpt_AbsorptionBrC_InSitu_UVtoRed_None_Bulk_STP, Water Soluble Brown Carbon absorption at 600 nm
WSAbs620, Mm-1, AerOpt_AbsorptionBrC_InSitu_UVtoRed_None_Bulk_STP, Water Soluble Brown Carbon absorption at 620 nm
WSAbs640, Mm-1, AerOpt_AbsorptionBrC_InSitu_UVtoRed_None_Bulk_STP, Water Soluble Brown Carbon absorption at 640 nm
WSAbs660, Mm-1, AerOpt_AbsorptionBrC_InSitu_UVtoRed_None_Bulk_STP, Water Soluble Brown Carbon absorption at 660 nm
WSAbs680, Mm-1, AerOpt_AbsorptionBrC_InSitu_UVtoRed_None_Bulk_STP, Water Soluble Brown Carbon absorption at 680 nm
WSAbs700, Mm-1, AerOpt_AbsorptionBrC_InSitu_UVtoRed_None_Bulk_STP, Water Soluble Brown Carbon absorption at 700 nm
WSAbs365, Mm-1, AerOpt_AbsorptionBrC_InSitu_UVtoRed_None_Bulk_STP, Water Soluble Brown Carbon absorption at 365 nm
0
18
PI_CONTACT_INFO: rweber@eas.gatech.edu
PLATFORM: NASA DC-8 aircraft
LOCATION: Aircraft location is given by the navigational file
ASSOCIATED_DATA: N/A
[...]
DATA_INFO: Samples collected by mist chamber were injected through 0.22 pore size syringe filter and then a 2.5 m path length LWCC, and light absorption was measured by Ocean Optics USB4000 spectrometer. Absorption from 300 to 700 nm were recorded. Absorption of pure solvent was subtracted from the sample. Raw absorption data were processed by the equation Abs=Raw*(Volume of liquid in the mist chamber)/(Volume of air collected at STP)/(Optical Path Length, 2.5m here)*ln(10). Data reported here were averaged over 20 nm wavelength intervals. i.e. absorption at 400 nm were average by absorption data between 390 nm to 410 nm. All data have been blank corrected by averaging all blank filter in this mission (2-3 blank filters per flight). Data are reported under STP, which is T=273K & p=1013 mb. When using the data, the absorption had better to corrected by higher wavelength, ie Abs700 for baseline drift. UNCERTAINTY: Data may have smearing issues. If we do not account for smearing or blank, the uncertainty is ~5%
UNCERTAINTY: Data may have smearing issues. If we do not account for smearing or blank, the uncertainty is ~5%
ULOD_FLAG: -7777
ULOD_VALUE: N/A
LLOD_FLAG: -8888
LLOD_VALUE: N/A
DM_CONTACT_INFO: lhzeng@gatech.edu
PROJECT_INFO: FIREX-AQ, 2019
STIPULATIONS_ON_USE: Use of these data require prior ok from PI.
OTHER_COMMENTS: N/A
REVISION: R0
RA: Preliminary Data.  For in-field use only.
Time_Start, Time_Stop, Time_Mid, WSAbs300, WSAbs320, WSAbs340, WSAbs360, WSAbs380, WSAbs400, WSAbs420, WSAbs440, WSAbs460, WSAbs480, WSAbs500, WSAbs520, WSAbs540, WSAbs560, WSAbs580, WSAbs600, WSAbs620, WSAbs640, WSAbs660, WSAbs680, WSAbs700, WSAbs365
[from data line 70]
87555,87705,87630,-1.38384,-1.31421,-1.32081,-1.15479,-1.14661,-1.10571,-1.10633,-1.05122,-1.0483,-1.01903,-1.01191,-0.992158,-0.995163,-0.982388,-0.970145,-0.965996,-0.976581,-0.964173,-0.956663,-0.898906,-0.949168,-1.17064
87706,87856,87781,-1.0189,-1.01118,-1.00105,-0.940348,-0.936035,-0.921358,-0.908034,-0.90303,-0.88332,-0.881745,-0.885487,-0.884851,-0.871864,-0.877069,-0.868217,-0.869504,-0.87086,-0.861863,-0.8618,-0.850077,-0.867453,-0.952313
87856,88006,87931,-1.68175,-1.46555,-1.36158,-1.19873,-1.2189,-1.1173,-1.08273,-0.991179,-0.992762,-0.98556,-0.955837,-0.932939,-0.935729,-0.92397,-0.917551,-0.908964,-0.900228,-0.911222,-0.906808,-0.84703,-0.901849,-1.19571
88007,88157,88082,-1.13023,-1.16238,-1.06427,-1.02947,-1.00669,-0.991623,-0.977997,-0.951161,-0.95391,-0.954145,-0.930938,-0.94157,-0.928675,-0.926073,-0.923271,-0.919666,-0.914938,-0.902986,-0.908366,-0.880058,-0.903661,-1.02732
88157,88307,88232,-1.72979,-1.59244,-1.53166,-1.27867,-1.21429,-1.26426,-1.20781,-1.10521,-1.09417,-1.06861,-1.03513,-1.02003,-0.988025,-0.991342,-0.983967,-0.941817,-0.952231,-0.937603,-0.934782,-0.917974,-0.894491,-1.29324
88308,88458,88383,-1.58996,-1.60379,-1.439,-1.17121,-1.11506,-1.10954,-0.977859,-0.970473,-0.919609,-0.89963,-0.902121,-0.874654,-0.857214,-0.841281,-0.844252,-0.81946,-0.817056,-0.799675,-0.813843,-0.813565,-0.789756,-1.16385
88459,88609,88534,-1.84064,-1.83292,-1.66559,-1.42803,-1.4195,-1.32494,-1.25283,-1.22615,-1.21292,-1.17917,-1.1779,-1.16502,-1.15497,-1.13101,-1.12102,-1.09489,-1.10039,-1.09721,-1.09897,-1.02851,-1.07036,-1.43103
88609,88759,88684,-1.61422,-1.46446,-1.3573,-1.24136,-1.28874,-1.17855,-1.14608,-1.11446,-1.07263,-1.05378,-1.02635,-1.01453,-1.00827,-0.986431,-0.987985,-0.983105,-0.983977,-0.962227,-0.959707,-0.925456,-0.946162,-1.24052
88760,88910,88835,-2.33877,-1.81589,-1.84813,-1.514,-1.54178,-1.32524,-1.31314,-1.26892,-1.2214,-1.19407,-1.14538,-1.1101,-1.10762,-1.09023,-1.07805,-1.07803,-1.04825,-1.04504,-1.05099,-0.963725,-1.0173,-1.49672
88910,89060,88985,-1.9069,-1.53688,-1.45378,-1.25966,-1.28467,-1.11593,-1.09106,-1.072,-1.01994,-1.00202,-0.985052,-0.979561,-0.956325,-0.96441,-0.942389,-0.943782,-0.93059,-0.930028,-0.912577,-0.84606,-0.909087,-1.24999
89061,89211,89136,-2.27687,-1.82269,-1.65906,-1.45511,-1.39814,-1.25434,-1.2907,-1.1746,-1.15409,-1.10625,-1.09883,-1.0809,-1.06376,-1.06672,-1.05332,-1.04007,-1.04369,-1.02866,-1.02282,-0.938904,-1.01278,-1.43187
89211,89361,89286,-1.96333,-1.78495,-1.6239,-1.32275,-1.27919,-1.24391,-1.16534,-1.1119,-1.0825,-1.05452,-1.04117,-1.01364,-1.02089,-0.99739,-0.988246,-0.983171,-0.989138,-0.980672,-0.982959,-0.939326,-0.967559,-1.32906
89362,89512,89437,-2.46712,-2.01412,-1.82413,-1.56002,-1.47878,-1.39105,-1.27856,-1.25579,-1.2245,-1.17158,-1.14865,-1.15468,-1.13349,-1.12131,-1.11596,-1.11316,-1.10548,-1.09654,-1.09006,-0.999003,-1.08796,-1.53936
89512,89662,89587,-1.72567,-1.64772,-1.33478,-1.24648,-1.26519,-1.19727,-1.13097,-1.1171,-1.08912,-1.07519,-1.06358,-1.05705,-1.04188,-1.04348,-1.03437,-1.04498,-1.02896,-1.02039,-1.03137,-0.972558,-1.03235,-1.2449
89813,89963,89888,-2.30454,-2.26759,-1.61774,-1.36064,-1.35718,-1.18542,-1.1632,-1.0541,-1.00671,-1.00271,-0.978001,-0.951171,-0.94736,-0.942582,-0.93591,-0.921389,-0.910688,-0.908193,-0.920491,-0.916483,-0.907584,-1.35616
90114,90264,90189,-1.92318,-1.79561,-1.56273,-1.35288,-1.39905,-1.25362,-1.22073,-1.18478,-1.16322,-1.129,-1.10959,-1.11293,-1.09772,-1.07507,-1.07196,-1.06383,-1.06565,-1.0414,-1.04405,-0.9967,-1.02846,-1.36785
90415,90565,90490,-0.783238,-0.734251,-0.617608,-0.405507,-0.416234,-0.377918,-0.272395,-0.25966,-0.242989,-0.237616,-0.226606,-0.221546,-0.200485,-0.192487,-0.190459,-0.198164,-0.182884,-0.176987,-0.18353,-0.174663,-0.176117,-0.410939
90716,90866,90791,-0.747369,-0.778071,-0.562823,-0.431661,-0.386483,-0.353999,-0.318269,-0.234887,-0.170719,-0.165521,-0.152167,-0.137473,-0.11589,-0.106216,-0.0817831,-0.0840846,-0.0683864,-0.0564172,-0.0706836,-0.0796591,-0.0312522,-0.427114
91017,91167,91092,-0.910578,-0.871339,-0.642094,-0.393842,-0.384166,-0.231324,-0.23945,-0.123537,-0.11052,-0.071369,-0.066188,-0.0240394,-0.030052,0.000696134,0.0137717,0.0115517,0.0140325,0.0334206,0.028868,0.00638148,0.04092,-0.398971
91318,91468,91393,-0.689501,-0.641195,-0.431135,-0.23969,-0.191661,-0.188458,-0.100262,-0.0692863,-0.0551287,-0.0576422,-0.0331756,-0.0196235,-0.00986273,-0.00398701,-0.0132925,0.00736368,0.0124229,0.0146762,0.00305045,-0.00127632,0.0160148,-0.240222
91469,91619,91544,-0.971274,-0.905395,-0.811652,-0.410873,-0.326446,-0.236903,-0.306652,-0.203034,-0.152129,-0.101368,-0.0745406,-0.0552477,-0.0356626,-0.0183722,0.0118554,0.0326338,0.0414483,0.0694912,0.0470514,0.0383718,0.112222,-0.420832
91619,91769,91694,-0.709326,-0.532668,-0.34914,-0.249149,-0.279711,-0.173599,-0.0805674,-0.0283488,-0.0136704,0.0297282,0.0301935,0.0485971,0.0761245,0.076113,0.0803881,0.0887292,0.108811,0.106186,0.117991,0.0767923,0.127486,-0.239036
91770,91920,91845,-0.641347,-0.680389,-0.537123,-0.243869,-0.176663,-0.203662,-0.127696,-0.0102028,0.0136646,0.0254863,0.0250135,0.0614431,0.0742146,0.0899455,0.0936609,0.112435,0.107606,0.129022,0.132965,0.0942162,0.16058,-0.231948
91920,92070,91995,-0.585077,-0.555969,-0.34992,-0.148903,-0.121728,-0.140329,-0.00837399,0.0346341,0.0270723,0.0967966,0.0909995,0.114089,0.149828,0.154431,0.165857,0.169757,0.174903,0.203923,0.189714,0.167416,0.226856,-0.160994
92071,92221,92146,0.380813,0.369583,0.334683,0.296414,0.27707,0.276439,0.274396,0.272361,0.264103,0.253847,0.254101,0.253409,0.249717,0.239587,0.248744,0.244541,0.237435,0.238696,0.241175,0.193688,0.227985,0.28498
92221,92371,92296,0.490244,0.438444,0.383889,0.353121,0.342201,0.308236,0.321302,0.307631,0.292773,0.272901,0.276932,0.267013,0.259437,0.250516,0.244439,0.241082,0.242471,0.232979,0.231085,0.196243,0.221,0.345088
92372,92522,92447,0.473156,0.474785,0.414718,0.402771,0.386722,0.387228,0.365933,0.351169,0.348304,0.353245,0.357795,0.339985,0.341647,0.334775,0.340156,0.34822,0.346558,0.343838,0.339148,0.317945,0.328297,0.380525
92522,92672,92597,0.662049,0.534012,0.435822,0.395748,0.371846,0.370019,0.341606,0.335019,0.317153,0.327461,0.314486,0.305603,0.294496,0.305933,0.30083,0.300746,0.301835,0.296185,0.291888,0.239656,0.282063,0.385257
92673,92823,92748,3.78154,3.21246,2.65301,1.88184,1.65234,1.67562,1.47345,1.2485,1.13904,1.04208,0.949229,0.91033,0.82939,0.800918,0.768979,0.74537,0.695034,0.66835,0.668327,0.596249,0.55065,1.79726
92824,92974,92899,0.782792,0.79997,0.570967,0.50605,0.497051,0.424322,0.419792,0.38181,0.364908,0.347523,0.338039,0.329927,0.325169,0.313398,0.314973,0.297326,0.298309,0.301722,0.305681,0.244442,0.270984,0.477788
92974,93124,93049,3.68409,4.29797,2.61059,2.20206,1.92848,1.91118,1.42897,1.48485,1.23059,1.14336,1.12918,1.06144,0.961092,0.927195,0.855155,0.833483,0.804875,0.729815,0.756206,0.654714,0.579265,2.12397
93125,93275,93200,1.18959,1.37438,0.932366,0.788238,0.816559,0.624492,0.665994,0.553828,0.513369,0.476622,0.428488,0.435998,0.40625,0.408131,0.384937,0.377871,0.37984,0.362696,0.359328,0.318745,0.307444,0.761622
93275,93425,93350,1.68433,1.79667,1.29522,1.06611,0.944376,1.04221,0.7983,0.764882,0.718372,0.669871,0.633838,0.594246,0.564308,0.55665,0.527417,0.516371,0.495406,0.466105,0.473056,0.407718,0.404859,1.03792
93426,93576,93501,2.36219,1.58358,1.37165,0.986407,1.00416,0.70727,0.607051,0.535864,0.462649,0.457774,0.433847,0.383413,0.370436,0.355944,0.332987,0.307515,0.318245,0.300475,0.295152,0.236307,0.248332,0.922376
93576,93726,93651,7.07494,6.06564,3.45204,2.60429,2.55827,2.20904,1.79386,1.413,1.26862,1.0883,0.993902,0.959502,0.937726,0.839732,0.848852,0.801033,0.794164,0.746542,0.760123,0.679247,0.677421,2.47635
93727,93877,93802,1.49032,1.1877,0.916497,0.74423,0.734143,0.609053,0.549913,0.458466,0.462161,0.426636,0.396141,0.390198,0.378657,0.360563,0.355175,0.358921,0.348393,0.331782,0.323821,0.28927,0.304196,0.702549
93878,94028,93953,5.09454,5.40025,3.60905,2.80244,2.91425,2.62642,2.16865,1.81786,1.4802,1.34247,1.29178,1.18788,1.0258,1.06093,0.961489,0.940839,0.91028,0.822831,0.817239,0.686509,0.63181,2.71527
94028,94178,94103,1.92819,2.20552,1.70261,1.24095,1.3527,0.97348,0.930568,0.806763,0.787482,0.708159,0.626233,0.636765,0.564728,0.549898,0.561466,0.524893,0.502239,0.459122,0.482955,0.388,0.390699,1.20051
94179,94329,94254,2.77627,3.05792,2.37559,1.73838,1.78755,1.38786,1.45976,1.10756,1.03015,0.84246,0.777076,0.737237,0.709316,0.66388,0.664835,0.659913,0.617841,0.54782,0.555134,0.49447,0.415237,1.67604
94329,94479,94404,2.42898,2.33559,2.03871,1.3097,1.27245,1.22869,0.903094,0.89725,0.776685,0.710153,0.642798,0.641848,0.573339,0.555095,0.525833,0.522883,0.509431,0.47853,0.482946,0.387488,0.365813,1.28035
94480,94630,94555,4.75425,4.08094,3.24655,2.43438,2.36624,1.73781,1.60126,1.38451,1.16672,1.12377,1.04874,0.977414,0.863048,0.850882,0.810664,0.762208,0.736401,0.713638,0.711575,0.662255,0.61266,2.375
94630,94780,94705,2.18491,2.43467,2.26614,1.43749,1.57321,1.22189,1.00048,0.937873,0.858825,0.782478,0.721669,0.638591,0.59485,0.578937,0.594797,0.566513,0.518384,0.469438,0.509269,0.423778,0.367743,1.38444
94781,94931,94856,6.00031,4.99163,3.77695,3.12541,2.87233,2.30126,2.43297,1.77136,1.6341,1.58426,1.3824,1.24394,1.1714,1.06995,1.04073,1.00192,0.979612,0.900681,0.919006,0.82589,0.72044,3.05436
94931,95081,95006,3.4971,2.76301,2.43361,1.63697,1.42745,1.2812,1.11559,0.934419,0.878335,0.738829,0.653692,0.681401,0.58585,0.577671,0.520921,0.508549,0.510106,0.459463,0.486135,0.395724,0.384058,1.59421
95082,95232,95157,3.28761,3.75701,3.22944,2.17143,2.32903,1.70815,1.54921,1.40428,1.26785,1.17996,1.08287,0.993522,0.973322,0.929887,0.889649,0.839753,0.791622,0.783534,0.762781,0.669682,0.598526,2.09484
95232,95382,95307,9.26448,6.33089,5.44211,3.38003,3.08846,2.36432,1.87156,1.66183,1.56153,1.40708,1.21843,1.13489,1.08315,1.03228,1.00353,0.964409,0.972561,0.898402,0.907851,0.768957,0.797537,3.19014
95383,95533,95458,4.46671,4.65715,3.17066,2.06059,2.03853,1.54911,1.23474,1.14071,1.02422,0.941,0.853007,0.784863,0.765423,0.73865,0.715229,0.700252,0.680137,0.649024,0.636865,0.555078,0.589919,1.95644
95533,95683,95608,4.4367,3.80467,2.78189,1.64483,1.69247,1.38621,0.97176,0.879952,0.760868,0.709896,0.656538,0.617716,0.575706,0.555618,0.525805,0.511927,0.488137,0.454044,0.469666,0.398535,0.417834,1.56511
95684,95834,95759,6.22375,5.01948,3.69538,2.94028,2.48846,2.37647,1.95193,1.70384,1.48905,1.40507,1.19306,1.12078,1.09739,1.03206,1.00867,0.944709,0.925329,0.876798,0.89015,0.807748,0.762675,2.80151
95835,95985,95910,8.84573,7.75823,4.73012,3.64085,3.41313,2.73718,2.52114,2.11455,1.7255,1.72994,1.52584,1.43061,1.27911,1.25043,1.20574,1.17441,1.12796,1.03577,1.0697,0.931277,0.92275,3.47265
95985,96135,96060,4.37003,3.82499,2.92509,2.40009,2.6379,1.81485,1.64256,1.54803,1.40491,1.19351,1.19606,1.04966,1.0478,0.93691,0.933121,0.904631,0.852309,0.799546,0.804401,0.698258,0.637965,2.35898
96136,96286,96211,5.5147,5.20364,3.93087,2.4276,2.50527,2.01597,1.76526,1.26021,1.15048,1.08717,1.00532,0.934472,0.867399,0.832953,0.793889,0.777341,0.755997,0.698699,0.700664,0.586389,0.621711,2.33654
96286,96436,96361,2.63078,2.30417,2.16392,1.67473,1.66339,1.34616,1.37729,1.10373,1.08036,0.945454,0.954105,0.85999,0.83952,0.766616,0.743497,0.68657,0.662471,0.627487,0.625137,0.532741,0.472312,1.64571
96437,96587,96512,6.13879,5.1832,4.75397,3.17308,2.8687,2.36525,2.5645,2.20134,1.87508,1.8037,1.62627,1.41436,1.46049,1.34476,1.25397,1.19394,1.17208,1.06779,1.08191,0.950437,0.789351,3.06047
96587,96737,96662,5.96251,6.62849,4.60878,3.42796,2.9811,2.65252,2.81456,2.20426,2.13949,2.01749,1.6501,1.69756,1.45983,1.49631,1.36782,1.3437,1.22194,1.12443,1.20141,1.06667,0.847978,3.37704
96738,96888,96813,5.3778,5.1096,4.38572,2.66422,2.36953,1.87692,1.79096,1.45399,1.40141,1.24841,1.12818,1.06812,1.01607,0.967378,0.885716,0.873616,0.86161,0.820956,0.837643,0.7228,0.719465,2.5534
96888,97038,96963,4.41989,3.54207,2.44478,1.76069,1.54348,1.31213,1.10523,0.992678,0.866813,0.832164,0.745352,0.674996,0.638709,0.630613,0.604842,0.602645,0.579434,0.553483,0.547328,0.496817,0.497607,1.68592
97039,97189,97114,2.52687,2.5268,1.80088,1.23033,1.0805,0.904389,0.974941,0.735917,0.701764,0.623181,0.569315,0.518974,0.516015,0.502497,0.475133,0.458046,0.44208,0.418126,0.435639,0.366515,0.356802,1.18458
97189,97339,97264,1.20103,1.27569,1.17843,0.771812,0.759373,0.706757,0.69281,0.573054,0.538583,0.493892,0.464833,0.417485,0.391689,0.416393,0.393072,0.380217,0.377778,0.335594,0.340157,0.288145,0.291528,0.757974
97340,97490,97415,2.07326,1.78831,1.49756,1.12945,1.01983,0.983171,0.819752,0.720902,0.627176,0.548658,0.547397,0.492852,0.475909,0.449326,0.452936,0.430428,0.419881,0.384219,0.388161,0.335609,0.336811,1.07493
97490,97640,97565,2.249,2.36443,1.76441,1.35657,1.31057,1.26178,1.07309,0.93767,0.879999,0.817971,0.795747,0.738411,0.695385,0.665302,0.619794,0.602892,0.586697,0.547346,0.550448,0.470057,0.437089,1.3335
97641,97791,97716,3.67552,3.92731,2.95499,1.95481,1.72547,1.51754,1.38391,1.2084,1.01967,1.03027,0.879777,0.834479,0.814149,0.798339,0.746241,0.727218,0.728926,0.676437,0.687136,0.638942,0.599183,1.87509
97792,97942,97867,5.11303,4.7626,4.46265,2.84829,2.36249,1.9787,1.76157,1.68282,1.50505,1.29843,1.27837,1.19562,1.10309,1.05611,0.996826,0.947267,0.937781,0.860614,0.867163,0.795828,0.732474,2.7248
97942,98092,98017,5.50431,4.58325,4.20603,2.63725,2.70851,1.97045,1.88897,1.47305,1.35919,1.21001,1.16062,1.13792,1.06711,1.0107,0.964619,0.918403,0.919174,0.883488,0.883671,0.762211,0.77663,2.52586
98093,98243,98168,3.77089,2.8606,2.46041,1.45632,1.31832,1.06243,0.895291,0.783269,0.728522,0.669147,0.638433,0.590994,0.572526,0.56064,0.526541,0.512683,0.512563,0.486291,0.494205,0.406382,0.451781,1.38546
98243,98393,98318,3.68028,3.61731,2.56117,1.769,1.75604,1.49554,1.28938,1.10409,0.900986,0.859916,0.830366,0.75261,0.700971,0.682812,0.671165,0.653849,0.628591,0.58725,0.613602,0.510909,0.534602,1.73746
98394,98544,98469,8.73367,7.15954,5.27878,3.8373,3.64077,2.91134,2.54407,2.41157,2.01072,1.78645,1.7733,1.5823,1.52346,1.38248,1.38681,1.28585,1.24413,1.16095,1.18825,1.048,0.953576,3.72559
98547,98697,98622,10.7417,9.30064,7.386,4.42007,4.10356,3.42957,2.93557,2.26294,2.10794,1.89942,1.68281,1.53925,1.49218,1.42253,1.38453,1.32009,1.28291,1.22785,1.24965,1.13305,1.14008,4.26448
98698,98848,98773,4.4152,5.16451,4.01738,2.86106,2.63095,2.23422,2.26513,1.98528,1.68436,1.47446,1.55172,1.38876,1.32743,1.2862,1.1404,1.12558,1.06935,1.02164,1.04027,0.895762,0.821328,2.80745
98848,98998,98923,3.97564,4.79725,3.37805,2.57144,2.32132,2.568,1.85239,1.69021,1.70179,1.48846,1.43778,1.34227,1.26526,1.17052,1.06962,1.1079,1.07687,0.964475,0.968892,0.835579,0.769512,2.55727
98999,99149,99074,2.39448,1.98159,1.8443,1.18817,1.04624,1.04047,0.858798,0.746368,0.710876,0.658977,0.651001,0.593642,0.599239,0.558102,0.567492,0.55234,0.55236,0.535287,0.537867,0.49415,0.500994,1.15483
99149,99299,99224,2.38425,2.55782,1.71794,1.17421,1.0354,0.992714,0.760757,0.677685,0.624564,0.583993,0.559765,0.533042,0.52757,0.497719,0.478665,0.482802,0.48002,0.468417,0.472891,0.410143,0.434434,1.12084
99300,99450,99375,0.904664,0.82609,0.72213,0.635024,0.57858,0.557078,0.521351,0.474354,0.445024,0.434455,0.415353,0.422439,0.415748,0.389787,0.391563,0.386642,0.367981,0.369718,0.359314,0.288691,0.33195,0.611487
99451,99601,99526,1.16427,0.904034,0.722005,0.565186,0.490122,0.458795,0.399189,0.380374,0.368141,0.355077,0.333313,0.335764,0.317061,0.313943,0.309165,0.303968,0.309058,0.299005,0.307674,0.263362,0.276978,0.545563
99601,99751,99676,1.75115,1.48892,1.15266,0.934723,0.84617,0.757923,0.654339,0.622594,0.565279,0.530119,0.520477,0.494463,0.476834,0.476479,0.460317,0.446953,0.447562,0.45108,0.449613,0.402154,0.416852,0.915262
