Data/Raw/WEBER,RODNEY/FIREXAQ-SAGA-MC-BrC_DC8_20190812_R0.ict
56, 1001
Weber, Rodney
Georgia Institute of Technology
Water soluble brown carbon measured with mist chamber-LWCC
FIREXAQ
1, 1
2019, 08, 12, 2020, 03, 06
0
Time_Start, seconds_past_midnight, Time_Start, seconds_past_midnight
24
1, 1, 1, 1, 1, 1, 1, 1, 1, 1, 1, 1, 1, 1, 1, 1, 1, 1, 1, 1, 1, 1, 1, 1
-9999, -9999, -9999, -9999, -9999, -9999, -9999, -9999, -9999, -9999, -9999, -9999, -9999, -9999, -9999, -9999, -9999, -9999, -9999, -9999, -9999, -9999, -9999, -9999
Time_Stop, seconds_past_midnight, Time_Stop, seconds_past_midnight
Time_Mid, seconds_past_midnight, Time_Mid, seconds_past_midnight
WSAbs300, Mm-1, AerOpt_AbsorptionBrC_InSitu_UVtoRed_None_Bulk_STP, Water Soluble Brown Carbon absorption at 300 nm
WSAbs320, Mm-1, AerOpt_AbsorptionBrC_InSitu_UVtoRed_None_Bulk_STP, Water Soluble Brown Carbon absorption at 320 nm
WSAbs340, Mm-1, AerOpt_AbsorptionBrC_InSitu_UVtoRed_None_Bulk_STP, Water Soluble Brown Carbon absorption at 340 nm
WSAbs360, Mm-1, AerOpt_AbsorptionBrC_InSitu_UVtoRed_None_Bulk_STP, Water Soluble Brown Carbon absorption at 360 nm
WSAbs380, Mm-1, AerOpt_AbsorptionBrC_InSitu_UVtoRed_None_Bulk_STP, Water Soluble Brown Carbon absorption at 380 nm
WSAbs400, Mm-1, AerOpt_AbsorptionBrC_InSitu_UVtoRed_None_Bulk_STP, Water Soluble Brown Carbon absorption at 400 nm
WSAbs420, Mm-1, AerOpt_AbsorptionBrC_InSitu_UVtoRed_None_Bulk_STP, Water Soluble Brown Carbon absorption at 420 nm
WSAbs440, Mm-1, AerOpt_AbsorptionBrC_InSitu_UVtoRed_None_Bulk_STP, Water Soluble Brown Carbon absorption at 440 nm
WSAbs460, Mm-1, AerOpt_AbsorptionBrC_InSitu_UVtoRed_None_Bulk_STP, Water Soluble Brown Carbon absorption at 460 nm
WSAbs480, Mm-1, AerOpt_AbsorptionBrC_InSitu_UVtoRed_None_Bulk_STP, Water Soluble Brown Carbon absorption at 480 nm
WSAbs500, Mm-1, AerOpt_AbsorptionBrC_InSitu_UVtoRed_None_Bulk_STP, Water Soluble Brown Carbon absorption at 500 nm
WSAbs520, Mm-1, AerOpt_AbsorptionBrC_InSitu_UVtoRed_None_Bulk_STP, Water Soluble Brown Carbon absorption at 520 nm
WSAbs540, Mm-1, AerOpt_AbsorptionBrC_InSitu_UVtoRed_None_Bulk_STP, Water Soluble Brown Carbon absorption at 540 nm
WSAbs560, Mm-1, AerOpt_AbsorptionBrC_InSitu_UVtoRed_None_Bulk_STP, Water Soluble Brown Carbon absorption at 560 nm
WSAbs580, Mm-1, AerOpt_AbsorptionBrC_InSitu_UVtoRed_None_Bulk_STP, Water Soluble Brown Carbon absorption at 580 nm
WSAbs600, Mm-1, AerOpt_AbsorptionBrC_InSitu_UVtoRed_None_Bulk_STP, Water Soluble Brown Carbon absorption at 600 nm
WSAbs620, Mm-1, AerOpt_AbsorptionBrC_InSitu_UVtoRed_None_Bulk_STP, Water Soluble Brown Carbon absorption at 620 nm
WSAbs640, Mm-1, AerOpt_AbsorptionBrC_InSitu_UVtoRed_None_Bulk_STP, Water Soluble Brown Carbon absorption at 640 nm
WSAbs660, Mm-1, AerOpt_AbsorptionBrC_InSitu_UVtoRed_None_Bulk_STP, Water Soluble Brown Carbon absorption at 660 nm
WSAbs680, Mm-1, AerOpt_AbsorptionBrC_InSitu_UVtoRed_None_Bulk_STP, Water Soluble Brown Carbon absorption at 680 nm
WSAbs700, Mm-1, AerOpt_AbsorptionBrC_InSitu_UVtoRed_None_Bulk_STP, Water Soluble Brown Carbon absorption at 700 nm
WSAbs365, Mm-1, AerOpt_AbsorptionBrC_InSitu_UVtoRed_None_Bulk_STP, Water Soluble Brown Carbon absorption at 365 nm
0
18
PI_CONTACT_INFO: rweber@eas.gatech.edu
PLATFORM: NASA DC-8 aircraft
LOCATION: Aircraft location is given by the navigational file
ASSOCIATED_DATA: N/A
[...]
DATA_INFO: Samples collected by mist chamber were injected through 0.22 pore size syringe filter and then a 2.5 m path length LWCC, and light absorption was measured by Ocean Optics USB4000 spectrometer. Absorption from 300 to 700 nm were recorded. Absorption of pure solvent was subtracted from the sample. Raw absorption data were processed by the equation Abs=Raw*(Volume of liquid in the mist chamber)/(Volume of air collected at STP)/(Optical Path Length, 2.5m here)*ln(10). Data reported here were averaged over 20 nm wavelength intervals. i.e. absorption at 400 nm were average by absorption data between 390 nm to 410 nm. All data have been blank corrected by averaging all blank filter in this mission (2-3 blank filters per flight). Data are reported under STP, which is T=273K & p=1013 mb. When using the data, the absorption had better to corrected by higher wavelength, ie Abs700 for baseline drift. UNCERTAINTY: Data may have smearing issues. If we do not account for smearing or blank, the uncertainty is ~5%
UNCERTAINTY: Data may have smearing issues. If we do not account for smearing or blank, the uncertainty is ~5%
ULOD_FLAG: -7777
ULOD_VALUE: N/A
LLOD_FLAG: -8888
LLOD_VALUE: N/A
DM_CONTACT_INFO: lhzeng@gatech.edu
PROJECT_INFO: FIREX-AQ, 2019
STIPULATIONS_ON_USE: Use of these data require prior ok from PI.
OTHER_COMMENTS: N/A
REVISION: R0
RA: Preliminary Data.  For in-field use only.
Time_Start, Time_Stop, Time_Mid, WSAbs300, WSAbs320, WSAbs340, WSAbs360, WSAbs380, WSAbs400, WSAbs420, WSAbs440, WSAbs460, WSAbs480, WSAbs500, WSAbs520, WSAbs540, WSAbs560, WSAbs580, WSAbs600, WSAbs620, WSAbs640, WSAbs660, WSAbs680, WSAbs700, WSAbs365
[from data line 70]
86755,86905,86830,-1.7273,-1.2505,-0.952838,-0.677594,-0.619843,-0.508982,-0.455663,-0.401021,-0.370742,-0.33601,-0.321458,-0.300351,-0.279748,-0.280971,-0.250018,-0.258163,-0.231632,-0.211093,-0.219792,-0.209236,-0.196123,-0.686431
86906,87056,86981,-2.75304,-1.5217,-1.24022,-1.06776,-0.90326,-0.761481,-0.646,-0.553158,-0.511517,-0.475501,-0.482768,-0.428085,-0.367428,-0.363987,-0.354764,-0.318162,-0.321037,-0.247579,-0.273357,-0.269665,-0.188058,-0.994023
87056,87206,87131,-1.53736,-1.34451,-1.01525,-0.838139,-0.721021,-0.627261,-0.563541,-0.499519,-0.441601,-0.407589,-0.390977,-0.353913,-0.338607,-0.33707,-0.319385,-0.290283,-0.290605,-0.253956,-0.256491,-0.255894,-0.186143,-0.841691
87207,87357,87282,-2.95525,-1.70232,-1.45747,-1.06771,-0.892542,-0.726988,-0.624744,-0.539691,-0.457475,-0.396803,-0.35924,-0.345109,-0.314058,-0.263483,-0.243603,-0.235294,-0.210708,-0.181989,-0.170474,-0.181305,-0.107023,-1.03456
87357,87507,87432,-1.39512,-0.735184,-0.593813,-0.487751,-0.45231,-0.382045,-0.34329,-0.297762,-0.274397,-0.253724,-0.244258,-0.235872,-0.217048,-0.205103,-0.181773,-0.173477,-0.185546,-0.169608,-0.171101,-0.163555,-0.142016,-0.501235
87508,87658,87583,11.7452,6.31873,3.83754,2.84451,2.2373,1.7091,1.27664,1.09265,0.88443,0.737509,0.742143,0.570555,0.541195,0.507095,0.467186,0.410275,0.392659,0.335311,0.355508,0.278976,0.270401,2.64092
87659,87809,87734,-0.406733,-0.315403,-0.275456,-0.250556,-0.21784,-0.194101,-0.17946,-0.168638,-0.143861,-0.145358,-0.141764,-0.145305,-0.124919,-0.130603,-0.123125,-0.110011,-0.116073,-0.0977141,-0.109523,-0.108749,-0.0997562,-0.241078
87810,87960,87885,0.783153,0.504905,0.319158,0.215522,0.162383,0.121344,0.0924291,0.0783347,0.0507378,0.0462179,0.0458066,0.0326856,0.0332769,0.022878,0.0123805,0.0156703,0.0201609,0.00211135,0.00636813,-0.0118495,-0.00890716,0.195958
87960,88110,88035,24.3442,14.2545,10.8507,8.21242,6.51125,5.87098,5.0003,4.15471,3.58927,3.17212,2.97013,2.99449,2.63659,2.1644,2.11788,1.85315,1.84998,1.56415,1.58558,1.39322,0.904009,7.75104
88111,88261,88186,0.676242,0.446064,0.329119,0.195569,0.100224,0.0635157,0.036345,-0.00867506,-0.00958109,-0.031114,-0.0375166,-0.0387258,-0.0377651,-0.0467126,-0.0534531,-0.0522063,-0.0564539,-0.0709037,-0.0517744,-0.0761516,-0.0766483,0.153297
88261,88411,88336,7.14625,4.84985,3.27817,2.42252,1.93321,1.564,1.25635,1.01006,0.819921,0.684536,0.571038,0.536998,0.424489,0.399105,0.37197,0.340747,0.270641,0.223613,0.261982,0.191173,0.120458,2.3449
88412,88562,88487,12.4628,9.86892,7.86324,5.74398,5.20747,4.24287,3.6645,3.38515,2.89746,2.70914,2.73795,2.45543,2.02119,2.00509,1.70041,1.79167,1.57288,1.32085,1.37636,1.15418,0.552985,5.72857
88562,88712,88637,6.09324,4.11346,3.1994,2.90222,2.41821,2.07068,1.70784,1.5315,1.32438,1.25713,1.14909,1.10072,1.00471,0.847796,0.852204,0.770014,0.645667,0.517431,0.520608,0.454246,0.138863,2.70374
88713,88863,88788,5.74176,2.86858,2.37057,1.91628,1.53209,1.27623,1.1012,0.891404,0.809617,0.718131,0.690324,0.599792,0.502755,0.465632,0.413553,0.425525,0.361044,0.286876,0.30823,0.259638,0.134775,1.77903
88863,89013,88938,0.569423,0.2631,0.161011,0.119458,0.0614021,0.039666,0.00571236,0.0053521,-0.00683173,-0.0151527,-0.0334127,-0.0443254,-0.0373216,-0.0449588,-0.0488727,-0.0552163,-0.0495104,-0.0702606,-0.0706531,-0.0941842,-0.0839354,0.0923289
89014,89164,89089,20.5235,12.6022,8.88571,7.10528,5.31241,4.22433,3.65656,3.02924,2.59116,2.25394,1.94919,1.82644,1.68596,1.48029,1.32585,1.29578,1.20388,0.957024,1.07954,0.909372,0.72303,6.55954
89165,89315,89240,0.887748,0.387498,0.290248,0.217957,0.16739,0.117355,0.0913853,0.0771348,0.0633817,0.0472742,0.0474803,0.0273899,0.0294471,0.0246363,0.0170936,0.0248574,0.00612719,0.0104858,0.00350873,-0.00849799,-0.0167098,0.192162
89315,89465,89390,25.4099,13.5749,9.01038,7.09001,5.74768,4.81989,4.26129,3.43886,2.93106,2.63778,2.52929,2.25165,1.87448,1.941,1.72996,1.58236,1.39218,1.22353,1.2884,1.12741,0.842963,6.97441
89466,89616,89541,5.573,5.3997,3.95265,3.40728,2.87971,2.45395,2.05804,1.9145,1.54486,1.44169,1.38914,1.15478,1.0421,0.965615,0.93422,0.898013,0.728874,0.530537,0.652624,0.50718,0.090906,3.29741
89616,89767,89692,15.5299,7.77964,6.89355,4.30861,3.29552,2.66791,2.12975,1.72706,1.49304,1.26387,1.20835,1.06772,0.951344,0.828998,0.822021,0.757327,0.738921,0.665668,0.665291,0.579451,0.544681,4.13958
89767,89917,89842,25.5607,13.7033,9.44783,6.64591,4.78892,3.7027,3.10046,2.38504,2.01541,1.75903,1.63018,1.4478,1.32665,1.22931,1.12887,1.07599,0.982153,0.901873,0.933782,0.780164,0.77361,6.12087
89918,90068,89993,6.12417,3.98414,2.70836,1.73284,1.27115,0.95661,0.757594,0.620032,0.481675,0.408614,0.353411,0.284674,0.280384,0.246175,0.222637,0.193425,0.190817,0.155204,0.143452,0.106563,0.0967575,1.6009
90068,90218,90143,38.3319,17.9959,11.309,8.07952,6.05656,4.35169,3.50103,3.01412,2.52484,2.23071,2.08287,1.85489,1.74822,1.66331,1.55458,1.46923,1.43011,1.3426,1.34274,1.23681,1.23962,7.27969
90219,90369,90294,4.73776,2.91517,2.16209,1.46558,1.00274,0.780038,0.600791,0.474122,0.390502,0.334421,0.27339,0.247505,0.21447,0.178991,0.169066,0.148106,0.136618,0.0878516,0.103133,0.067092,0.0538552,1.28355
90369,90519,90444,3.27522,1.82579,1.75865,1.46799,1.25273,1.1146,0.915921,0.85654,0.787233,0.696786,0.699054,0.648444,0.535807,0.590064,0.528883,0.480777,0.456762,0.346379,0.373298,0.326621,0.16925,1.354
90520,90670,90595,0.853814,0.508603,0.38953,0.220377,0.148903,0.0905555,0.0515526,0.00655353,-0.0373078,-0.0578873,-0.054236,-0.0777651,-0.107671,-0.102926,-0.102077,-0.137907,-0.134095,-0.140803,-0.142197,-0.149894,-0.181732,0.208992
90670,90820,90745,2.7399,2.57637,1.80656,1.60052,1.24406,1.10812,0.876973,0.774695,0.711936,0.565831,0.617361,0.45647,0.471282,0.373462,0.318603,0.284282,0.317861,0.219526,0.210687,0.17275,0.0274771,1.44712
90821,90971,90896,14.4732,6.41887,4.89828,3.28283,2.29389,1.84428,1.42955,1.13023,0.945938,0.817764,0.778212,0.668504,0.637113,0.596809,0.551971,0.519612,0.487506,0.449045,0.45669,0.378299,0.406904,2.9593
90972,91122,91047,1.59082,0.823276,0.67669,0.438319,0.356727,0.274834,0.220462,0.205437,0.175767,0.166079,0.140525,0.146314,0.13437,0.132256,0.12075,0.121976,0.126169,0.11293,0.11221,0.0851197,0.0953775,0.416193
91122,91272,91197,0.53289,0.388417,0.265955,0.212362,0.136261,0.102175,0.0767849,0.0588738,0.0431571,0.0392564,0.028762,0.0205399,0.0175049,0.0144347,0.0113895,-0.0072616,-0.000688617,-0.0182081,-0.00808769,-0.0378872,-0.0372344,0.176864
91273,91423,91348,2.92198,2.39476,1.66389,1.31772,0.977741,0.852158,0.681802,0.578463,0.491547,0.431172,0.364335,0.325385,0.296875,0.305502,0.288156,0.253868,0.22853,0.221868,0.212694,0.171653,0.159742,1.20693
91424,91574,91499,11.2032,8.18347,5.49653,4.46042,3.48843,2.65355,2.26082,1.84367,1.64806,1.37594,1.33102,1.14921,0.993463,1.0116,0.896889,0.793238,0.790698,0.694914,0.70779,0.633449,0.498137,4.04149
91574,91724,91649,1.43746,0.741312,0.529382,0.362908,0.255293,0.176062,0.135086,0.0879288,0.065073,0.0377733,0.037337,0.0273519,0.0155039,0.0166936,0.00198784,-0.00670576,-0.0021567,-0.0227198,-0.00791405,-0.0280722,-0.0359621,0.32366
91725,91875,91800,1.73828,1.05529,0.853998,0.700452,0.559253,0.480339,0.405921,0.352212,0.317106,0.253416,0.28944,0.215242,0.164254,0.193615,0.156999,0.105836,0.10882,0.0713496,0.0722404,0.0370626,-0.0361285,0.632249
91875,92025,91950,-0.194973,-0.173453,-0.166541,-0.12825,-0.122118,-0.103853,-0.104783,-0.0908577,-0.0896501,-0.0904095,-0.073519,-0.0814865,-0.0866202,-0.0828896,-0.0744271,-0.0798,-0.0738746,-0.06522,-0.0765202,-0.0729349,-0.0776388,-0.138025
92026,92176,92101,13.3212,9.3542,6.17605,4.02734,2.88372,2.28303,1.77411,1.42836,1.15973,0.984525,0.909266,0.785315,0.735296,0.691749,0.648288,0.609971,0.592682,0.545345,0.570479,0.476384,0.497996,3.65494
92176,92326,92251,6.70634,3.17712,2.28853,1.53079,1.12254,0.891396,0.67205,0.561819,0.44736,0.367387,0.365539,0.321191,0.253635,0.228645,0.208036,0.201578,0.175117,0.138967,0.155652,0.123559,0.101318,1.4269
92327,92477,92402,1.21446,0.996543,0.810177,0.610535,0.510209,0.444274,0.390706,0.341417,0.314523,0.261705,0.260122,0.238865,0.23493,0.201013,0.206111,0.16513,0.172672,0.14608,0.153791,0.0986554,0.0702853,0.562282
92477,92627,92552,1.25293,0.450262,0.352411,0.193572,0.149603,0.0716918,0.0370926,0.0174057,-0.00424869,-0.0132193,-0.0248194,-0.0324167,-0.0265546,-0.0385817,-0.0425998,-0.0528769,-0.0552977,-0.0471641,-0.0547956,-0.0659024,-0.0667774,0.17529
92628,92778,92703,10.5425,5.85106,5.59927,4.15308,3.33357,2.83253,2.52722,2.23686,1.87546,1.67672,1.64342,1.4704,1.40188,1.28734,1.22372,1.1796,1.09265,0.928493,0.947906,0.845888,0.636969,3.8577
92779,92929,92854,2.07995,1.39014,1.1352,0.911578,0.786125,0.68627,0.586847,0.543108,0.464231,0.419316,0.410829,0.38213,0.348622,0.333176,0.308061,0.292773,0.275139,0.220011,0.26515,0.183304,0.128819,0.867379
92929,93079,93004,2.65506,1.9135,1.19114,0.892715,0.701746,0.520917,0.442053,0.345121,0.282323,0.228742,0.203268,0.209381,0.154872,0.158493,0.123088,0.127947,0.108986,0.0935451,0.084038,0.0425039,0.0452296,0.850317
93080,93230,93155,2.04227,1.01298,0.774963,0.548848,0.459403,0.375153,0.329187,0.312621,0.290363,0.277533,0.273195,0.265063,0.252155,0.249135,0.238162,0.238547,0.234571,0.235046,0.223166,0.202461,0.216899,0.511882
93230,93380,93305,16.1951,12.7974,8.37833,6.46714,5.04971,4.12773,3.34893,2.88343,2.5728,2.25345,1.99032,1.92862,1.79492,1.59705,1.52817,1.4907,1.46846,1.29658,1.30265,1.23453,1.12052,6.18094
93381,93531,93456,2.69759,2.29696,1.49539,1.19252,0.892472,0.735233,0.617574,0.548387,0.478058,0.429755,0.390516,0.391352,0.350095,0.330982,0.306899,0.293115,0.288864,0.250524,0.259111,0.212343,0.224107,1.07744
93531,93681,93606,4.25243,2.67097,2.04168,1.63091,1.39119,1.17494,0.989119,0.863599,0.802455,0.718742,0.726666,0.614174,0.598951,0.559639,0.525664,0.501826,0.501324,0.432447,0.456288,0.399611,0.33188,1.52485
93682,93832,93757,2.79996,1.72037,1.48068,1.06084,0.878137,0.757217,0.625135,0.570935,0.501156,0.456159,0.452489,0.429516,0.395567,0.377485,0.352876,0.333494,0.347204,0.30258,0.307546,0.254555,0.267953,0.994015
93832,93983,93908,11.3942,7.54642,4.61779,3.44638,2.63854,2.10134,1.70381,1.46247,1.24776,1.13072,1.0652,1.00924,0.923006,0.869307,0.84881,0.814788,0.802199,0.743107,0.761584,0.645769,0.694011,3.25651
93983,94133,94058,7.27637,4.55009,3.86079,2.98718,2.50037,2.16971,1.94526,1.82546,1.5596,1.4227,1.47189,1.28314,1.25616,1.16276,1.02774,0.932845,0.977795,0.809615,0.820758,0.698238,0.453945,2.86335
94134,94284,94209,1.80422,1.24871,1.066,0.753812,0.594851,0.50023,0.417053,0.367701,0.319969,0.308317,0.272345,0.250043,0.248869,0.238032,0.240446,0.228878,0.220886,0.203387,0.218878,0.161171,0.182,0.7098
94285,94435,94360,6.91723,3.72454,3.29418,2.53185,2.17594,1.80789,1.63758,1.39326,1.29099,1.18383,1.07958,1.11641,1.03887,0.956647,0.912747,0.877085,0.853493,0.760596,0.773383,0.644664,0.575275,2.37083
94435,94585,94510,3.7744,3.34177,2.72899,2.19442,1.86201,1.66933,1.43951,1.30055,1.16373,1.08534,1.02588,1.01235,0.897011,0.869383,0.861604,0.78604,0.785923,0.666456,0.711013,0.575401,0.519334,2.10419
94586,94736,94661,1.96062,1.38247,0.956023,0.719848,0.606777,0.504539,0.456888,0.424771,0.393489,0.363219,0.361941,0.339203,0.331277,0.337958,0.32004,0.316757,0.327905,0.311476,0.317147,0.258197,0.300682,0.687273
94736,94886,94811,0.458935,0.368815,0.344495,0.309328,0.289856,0.269981,0.273943,0.255474,0.256352,0.24935,0.236531,0.235565,0.228499,0.226044,0.228679,0.230713,0.214129,0.219135,0.227369,0.166393,0.203056,0.295354
94887,95037,94962,0.548909,0.340606,0.269609,0.206571,0.169996,0.158222,0.147197,0.137345,0.122919,0.118571,0.117317,0.107604,0.115004,0.103114,0.108147,0.112647,0.110285,0.101522,0.113047,0.0821747,0.0973798,0.185906
95037,95187,95112,1.60469,1.04438,0.912617,0.713667,0.593726,0.517772,0.466026,0.42174,0.38722,0.35618,0.366133,0.344703,0.321059,0.301825,0.308821,0.300439,0.292154,0.286964,0.275145,0.236003,0.257425,0.671142
95188,95338,95263,4.26886,2.22303,1.59371,1.11128,0.931273,0.754927,0.660804,0.599962,0.543879,0.508308,0.508108,0.457812,0.466777,0.438534,0.423237,0.421726,0.411085,0.405956,0.403083,0.363758,0.383563,1.05257
95339,95489,95414,-0.364329,-0.246453,-0.121664,-0.0610511,-0.0290263,0.00909687,0.0289164,0.0454015,0.0641367,0.0658169,0.0688242,0.0666242,0.0782282,0.074637,0.0854652,0.0842471,0.091149,0.10114,0.0931702,0.0657241,0.0916107,-0.0641275
95489,95639,95564,-0.512084,-0.286197,-0.13735,-0.0534439,0.00467127,0.0516377,0.0652207,0.0901595,0.104942,0.102284,0.113281,0.116139,0.119091,0.120368,0.119677,0.126483,0.133738,0.12747,0.135712,0.0888688,0.120911,-0.0372034
95640,95790,95715,-2.78365,-1.97488,-1.2285,-0.923761,-0.686747,-0.531031,-0.461861,-0.392024,-0.327372,-0.3062,-0.290369,-0.282839,-0.257094,-0.238519,-0.247058,-0.224625,-0.233289,-0.214367,-0.223169,-0.24066,-0.214356,-0.835988
95790,95940,95865,-0.54396,-0.505899,-0.330594,-0.257392,-0.227638,-0.180302,-0.153596,-0.126938,-0.0989676,-0.0864133,-0.0661104,-0.0702589,-0.055402,-0.0575811,-0.0499398,-0.0420754,-0.0352726,-0.0178331,-0.0289065,-0.0579515,-0.01009,-0.262339
95941,96091,96016,-1.10006,-0.799871,-0.713458,-0.691528,-0.719826,-0.702394,-0.681805,-0.649536,-0.623136,-0.627226,-0.631468,-0.775996,-0.715077,-0.626989,-0.684697,-0.710763,-0.643563,-0.543512,-0.640011,-0.572512,-0.0223582,-0.726644
96091,96241,96166,-2.13188,-1.03721,-0.746318,-0.551073,-0.432984,-0.366798,-0.29461,-0.25309,-0.225238,-0.188561,-0.178507,-0.170894,-0.143181,-0.154869,-0.133024,-0.127038,-0.127237,-0.114815,-0.111466,-0.124627,-0.107145,-0.535724
96242,96392,96317,-1.37237,-1.279,-1.31131,-1.13142,-1.10043,-1.06024,-1.03945,-0.993584,-0.976379,-0.91003,-1.05161,-0.909291,-0.971421,-0.861432,-0.796626,-0.812206,-0.831955,-0.797357,-0.852583,-0.736157,-0.327441,-1.12265
96393,96543,96468,-1.9453,-1.81409,-1.51611,-1.29643,-1.24362,-1.10929,-1.06617,-1.0002,-0.95862,-0.858002,-0.943181,-0.813236,-0.761061,-0.790907,-0.733098,-0.698192,-0.718449,-0.63386,-0.632594,-0.608923,-0.334564,-1.29365
96543,96693,96618,-2.43925,-1.71448,-1.8161,-1.51003,-1.52786,-1.4681,-1.39251,-1.35363,-1.30026,-1.25668,-1.32457,-1.39444,-1.32507,-1.15912,-1.25943,-1.08077,-1.08908,-1.00213,-1.11491,-0.979559,-0.403311,-1.53258
96694,96844,96769,-2.60202,-1.41881,-1.17061,-1.01084,-0.832898,-0.740536,-0.663642,-0.608311,-0.56408,-0.514925,-0.50856,-0.450338,-0.424215,-0.419221,-0.417877,-0.373446,-0.377544,-0.362211,-0.365361,-0.366788,-0.302263,-0.969325
96845,96995,96920,-1.63991,-1.03542,-0.797334,-0.677837,-0.569948,-0.511546,-0.463126,-0.412679,-0.393745,-0.376045,-0.373409,-0.352613,-0.339069,-0.328995,-0.323267,-0.333724,-0.328024,-0.318307,-0.314432,-0.313003,-0.308354,-0.645616
96995,97145,97070,5.10693,3.76747,2.44514,1.79787,1.33122,0.954074,0.724582,0.569467,0.475497,0.360635,0.347526,0.256227,0.238647,0.194853,0.183263,0.166381,0.154898,0.125311,0.125378,0.0846627,0.0811588,1.59882
97146,97296,97221,1.95211,1.25613,1.02936,0.704932,0.515712,0.412153,0.318388,0.285355,0.213039,0.199182,0.181251,0.159816,0.128239,0.123306,0.104042,0.0873897,0.0873445,0.0629652,0.0767745,0.0368759,0.0343202,0.626344
97296,97446,97371,3.55731,1.58956,1.19841,0.753003,0.520798,0.389131,0.28188,0.196593,0.160146,0.11207,0.0953145,0.0566628,0.0505702,0.0482088,0.0276856,0.0335821,0.00853788,-0.00386833,0.00584487,-0.0165712,-0.0247483,0.684703
97447,97597,97522,-0.663215,-0.440796,-0.473493,-0.423714,-0.452787,-0.441893,-0.433393,-0.441483,-0.439095,-0.438396,-0.427397,-0.452522,-0.449364,-0.474225,-0.426635,-0.402482,-0.458646,-0.428383,-0.409352,-0.430984,-0.0959729,-0.444965
97598,97748,97673,3.09247,1.74393,1.44515,1.1178,1.03257,0.834687,0.777708,0.665799,0.600899,0.522435,0.565098,0.43815,0.425329,0.428321,0.381121,0.339411,0.339956,0.283002,0.307029,0.228525,0.158522,1.09296
