Data/Raw/WEBER,RODNEY/FIREXAQ-SAGA-MC-BrC_DC8_20190725_R0.ict
56, 1001
Weber, Rodney
Georgia Institute of Technology
Water soluble brown carbon measured with mist chamber-LWCC
FIREXAQ
1, 1
2019, 07, 25, 2020, 03, 05
0
Time_Start, seconds_past_midnight, Time_Start, seconds_past_midnight
24
1, 1, 1, 1, 1, 1, 1, 1, 1, 1, 1, 1, 1, 1, 1, 1, 1, 1, 1, 1, 1, 1, 1, 1
-9999, -9999, -9999, -9999, -9999, -9999, -9999, -9999, -9999, -9999, -9999, -9999, -9999, -9999, -9999, -9999, -9999, -9999, -9999, -9999, -9999, -9999, -9999, -9999
Time_Stop, seconds_past_midnight, Time_Stop, seconds_past_midnight
Time_Mid, seconds_past_midnight, Time_Mid, seconds_past_midnight
WSAbs300, Mm-1, AerOpt_AbsorptionBrC_InSitu_UVtoRed_None_Bulk_STP, Water Soluble Brown Carbon absorption at 300 nm
WSAbs320, Mm-1, AerOpt_AbsorptionBrC_InSitu_UVtoRed_None_Bulk_STP, Water Soluble Brown Carbon absorption at 320 nm
WSAbs340, Mm-1, AerOpt_AbsorptionBrC_InSitu_UVtoRed_None_Bulk_STP, Water Soluble Brown Carbon absorption at 340 nm
WSAbs360, Mm-1, AerOpt_AbsorptionBrC_InSitu_UVtoRed_None_Bulk_STP, Water Soluble Brown Carbon absorption at 360 nm
WSAbs380, Mm-1, AerOpt_AbsorptionBrC_InSitu_UVtoRed_None_Bulk_STP, Water Soluble Brown Carbon absorption at 380 nm
WSAbs400, Mm-1, AerOpt_AbsorptionBrC_InSitu_UVtoRed_None_Bulk_STP, Water Soluble Brown Carbon absorption at 400 nm
WSAbs420, Mm-1, AerOpt_AbsorptionBrC_InSitu_UVtoRed_None_Bulk_STP, Water Soluble Brown Carbon absorption at 420 nm
WSAbs440, Mm-1, AerOpt_AbsorptionBrC_InSitu_UVtoRed_None_Bulk_STP, Water Soluble Brown Carbon absorption at 440 nm
WSAbs460, Mm-1, AerOpt_AbsorptionBrC_InSitu_UVtoRed_None_Bulk_STP, Water Soluble Brown Carbon absorption at 460 nm
WSAbs480, Mm-1, AerOpt_AbsorptionBrC_InSitu_UVtoRed_None_Bulk_STP, Water Soluble Brown Carbon absorption at 480 nm
WSAbs500, Mm-1, AerOpt_AbsorptionBrC_InSitu_UVtoRed_None_Bulk_STP, Water Soluble Brown Carbon absorption at 500 nm
WSAbs520, Mm-1, AerOpt_AbsorptionBrC_InSitu_UVtoRed_None_Bulk_STP, Water Soluble Brown Carbon absorption at 520 nm
WSAbs540, Mm-1, AerOpt_AbsorptionBrC_InSitu_UVtoRed_None_Bulk_STP, Water Soluble Brown Carbon absorption at 540 nm
WSAbs560, Mm-1, AerOpt_AbsorptionBrC_InSitu_UVtoRed_None_Bulk_STP, Water Soluble Brown Carbon absorption at 560 nm
WSAbs580, Mm-1, AerOpt_AbsorptionBrC_InSitu_UVtoRed_None_Bulk_STP, Water Soluble Brown Carbon absorption at 580 nm
WSAbs600, Mm-1, AerOpt_AbsorptionBrC_InSitu_UVtoRed_None_Bulk_STP, Water Soluble Brown Carbon absorption at 600 nm
WSAbs620, Mm-1, AerOpt_AbsorptionBrC_InSitu_UVtoRed_None_Bulk_STP, Water Soluble Brown Carbon absorption at 620 nm
WSAbs640, Mm-1, AerOpt_AbsorptionBrC_InSitu_UVtoRed_None_Bulk_STP, Water Soluble Brown Carbon absorption at 640 nm
WSAbs660, Mm-1, AerOpt_AbsorptionBrC_InSitu_UVtoRed_None_Bulk_STP, Water Soluble Brown Carbon absorption at 660 nm
WSAbs680, Mm-1, AerOpt_AbsorptionBrC_InSitu_UVtoRed_None_Bulk_STP, Water Soluble Brown Carbon absorption at 680 nm
WSAbs700, Mm-1, AerOpt_AbsorptionBrC_InSitu_UVtoRed_None_Bulk_STP, Water Soluble Brown Carbon absorption at 700 nm
WSAbs365, Mm-1, AerOpt_AbsorptionBrC_InSitu_UVtoRed_None_Bulk_STP, Water Soluble Brown Carbon absorption at 365 nm
0
18
PI_CONTACT_INFO: rweber@eas.gatech.edu
PLATFORM: NASA DC-8 aircraft 
LOCATION: Aircraft location is given by the navigational file
ASSOCIATED_DATA: N/A
INSTRUMENT_INFO: UNH Mist Chamber, WPI LWCC, Ocean Optics USB4000 spectrometer
DATA_INFO: Samples collected by mist chamber were injected through 0.22 pore size syringe filter and then a 2.5 m path length LWCC, and light absorption was measured by Ocean Optics USB4000 spectrometer. Absorption from 300 to 700 nm were recorded. Absorption of pure solvent was subtracted from the sample. Raw absorption data were processed by the equation Abs=Raw*(Volume of liquid in the mist chamber)/(Volume of air collected at STP)/(Optical Path Length, 2.5m here)*ln(10). Data reported here were averaged over 20 nm wavelength intervals. i.e. absorption at 400 nm were average by absorption data between 390 nm to 410 nm. All data have been blank corrected by averaging all blank filter in this mission (2-3 blank filters per flight). Data are reported under STP, which is T=273K & p=1013 mb. When using the data, the absorption had better to corrected by higher wavelength, ie Abs700 for baseline drift. 
UNCERTAINTY: Data may have smearing issues. If we do not account for smearing or blank, the uncertainty is ~5%
ULOD_FLAG: -7777
ULOD_VALUE: N/A
LLOD_FLAG: -8888
LLOD_VALUE: N/A
DM_CONTACT_INFO: lhzeng@gatech.edu
PROJECT_INFO: FIREX-AQ, 2019
STIPULATIONS_ON_USE: Use of these data require prior ok from PI.
OTHER_COMMENTS: N/A
REVISION: R0
RA: Preliminary Data.  For in-field use only. 
Time_Start, Time_Stop, Time_Mid, WSAbs300, WSAbs320, WSAbs340, WSAbs360, WSAbs380, WSAbs400, WSAbs420, WSAbs440, WSAbs460, WSAbs480, WSAbs500, WSAbs520, WSAbs540, WSAbs560, WSAbs580, WSAbs600, WSAbs620, WSAbs640, WSAbs660, WSAbs680, WSAbs700, WSAbs365
79397,79547,79472,0.213615,0.203246,0.184271,0.180959,0.173794,0.165108,0.166416,0.161559,0.156138,0.15373,0.14413,0.140276,0.134595,0.132396,0.134957,0.127086,0.135486,0.130198,0.127313,0.106587,0.0879612,0.172991
79547,79697,79622,0.6073,0.59761,0.5983,0.620822,0.627578,0.640515,0.652312,0.658921,0.676564,0.675906,0.690826,0.692409,0.702434,0.707167,0.712147,0.710896,0.723598,0.729087,0.729402,0.627986,0.825309,0.617187
79698,79848,79773,0.8201,0.6305,0.7103,0.633411,0.651478,0.673321,0.69511,0.708809,0.731301,0.739904,0.75281,0.764146,0.776129,0.7918,0.795112,0.812312,0.81363,0.832073,0.83472,0.696119,1.00116,0.629765
79848,79998,79923,0.0797191,0.124768,0.166481,0.19318,0.224016,0.252611,0.280523,0.302733,0.322244,0.329609,0.345515,0.366248,0.374924,0.395508,0.405525,0.411953,0.423975,0.440907,0.445435,0.356407,0.650421,0.19874
79999,80149,80074,-0.049915,-0.00314538,0.0439154,0.0971773,0.131071,0.155522,0.193279,0.219947,0.242801,0.255591,0.280946,0.299489,0.307215,0.321714,0.340552,0.355444,0.363885,0.392551,0.389118,0.310577,0.622416,0.0950913
80149,80299,80224,-0.29203,-0.193496,-0.110036,-0.0391469,0.0269627,0.0789641,0.11491,0.155804,0.186747,0.214816,0.248819,0.274393,0.28527,0.314309,0.324932,0.343228,0.357837,0.386604,0.383802,0.323089,0.550701,-0.025417
80300,80450,80375,-0.11849,-0.0715166,-0.0192271,0.0115835,0.0468528,0.0837103,0.117179,0.145449,0.166994,0.188414,0.209102,0.220524,0.237449,0.26297,0.272169,0.281064,0.29342,0.329373,0.328272,0.210881,0.661633,0.0189038
80450,80600,80525,-0.262773,-0.171095,-0.096677,-0.0289208,0.0302832,0.0703834,0.123066,0.158384,0.191522,0.210457,0.245287,0.270064,0.28414,0.302628,0.320965,0.339742,0.346895,0.382295,0.375266,0.283964,0.593373,-0.0194548
80601,80751,80676,-0.250633,-0.213986,-0.174145,-0.138493,-0.112628,-0.098172,-0.0752964,-0.0535341,-0.0423647,-0.0278671,-0.0130728,0.0011791,0.0104332,0.0237888,0.0323168,0.0411317,0.0443336,0.0589337,0.0648595,0.00659543,0.186197,-0.142386
80751,80901,80826,-9999,-9999,-9999,-9999,-9999,-9999,-9999,-9999,-9999,-9999,-9999,-9999,-9999,-9999,-9999,-9999,-9999,-9999,-9999,-9999,-9999,-9999
80902,81052,80977,-9999,-9999,-9999,-9999,-9999,-9999,-9999,-9999,-9999,-9999,-9999,-9999,-9999,-9999,-9999,-9999,-9999,-9999,-9999,-9999,-9999,-9999
81052,81202,81127,-0.24117,-0.436743,-0.725308,-0.798484,-0.902204,-0.913135,-0.930576,-0.993048,-1.00895,-1.02437,-1.0211,-1.04753,-1.05191,-1.05282,-1.0621,-1.05896,-1.071,-1.06861,-1.07968,-1.03478,-1.09584,-0.856515
81203,81353,81278,0.34377,-0.0175814,-0.384396,-0.675834,-0.858845,-1.01841,-1.06462,-1.10276,-1.12922,-1.14642,-1.1727,-1.18086,-1.18079,-1.1847,-1.19776,-1.19231,-1.18672,-1.19574,-1.2042,-1.13117,-1.2107,-0.864784
81354,81504,81429,-0.179367,-0.560861,-0.817457,-0.905062,-0.939709,-0.995128,-1.04168,-1.0649,-1.08824,-1.10588,-1.10787,-1.11687,-1.11667,-1.11607,-1.13893,-1.13839,-1.14426,-1.13634,-1.14341,-1.03002,-1.15,-0.945478
81504,81654,81579,-0.589331,-0.781903,-0.831917,-0.884349,-0.981567,-1.01966,-1.0448,-1.07434,-1.07515,-1.08923,-1.09755,-1.11251,-1.11544,-1.12123,-1.12954,-1.12251,-1.12495,-1.13751,-1.13263,-1.08403,-1.15281,-0.977383
81655,81805,81730,-0.661959,-0.856754,-0.952267,-0.997479,-1.06337,-1.08829,-1.10491,-1.11896,-1.13469,-1.12307,-1.13601,-1.14386,-1.1469,-1.14114,-1.15059,-1.13845,-1.14608,-1.15644,-1.14729,-1.04947,-1.1584,-1.04126
81805,81955,81880,-0.756942,-0.824084,-0.922031,-0.968454,-0.945263,-0.993294,-1.00656,-1.03015,-1.03385,-1.03281,-1.04,-1.05216,-1.04946,-1.0506,-1.05066,-1.05361,-1.05965,-1.06437,-1.06676,-0.961281,-1.07472,-0.977019
81956,82106,82031,-0.452964,-0.523858,-0.638974,-0.690383,-0.720934,-0.750713,-0.780492,-0.784804,-0.799404,-0.810336,-0.818743,-0.821834,-0.824448,-0.833211,-0.826824,-0.825343,-0.839506,-0.831508,-0.822947,-0.761415,-0.84833,-0.731893
82106,82256,82181,36.9549,36.1199,21.858,17.4109,12.4369,8.40737,5.71242,5.39857,3.42606,2.94848,2.25952,1.79218,1.19013,0.834014,0.625517,0.419397,0.224008,-0.216306,-0.161211,-0.205058,-0.721098,13.5861
82257,82407,82332,37.2373,33.2233,19.6477,18.8588,10.7934,9.86317,8.1239,4.84829,3.97544,2.94947,1.90278,1.82063,1.54079,0.981242,0.507025,0.335208,0.216518,-0.0844567,-0.057127,-0.116506,-0.713582,13.2251
82407,82557,82482,37.8574,28.4269,17.9498,11.3698,6.84589,4.48594,3.29028,1.62252,1.07893,0.507836,0.374052,0.123996,-0.0444624,-0.207353,-0.345599,-0.445313,-0.528665,-0.60635,-0.57698,-0.592087,-0.740854,8.04237
82558,82708,82633,29.6671,27.9181,19.3267,13.6324,11.1238,8.36847,7.48564,4.0392,4.08785,3.14931,2.42559,1.53446,1.54037,1.01174,0.754601,0.37127,0.255539,0.0478072,0.0641913,-0.0690159,-0.684001,11.0566
82708,82858,82783,10.1184,7.87702,6.78286,4.16965,3.73802,3.1115,2.02765,1.26893,0.895326,0.669226,0.30371,0.119978,-0.0373327,-0.222602,-0.168542,-0.35836,-0.405365,-0.558838,-0.502695,-0.533209,-0.846285,3.7622
82859,83009,82934,23.4828,22.4456,13.1743,9.48055,7.61146,4.84385,2.94446,2.4899,1.29989,0.954501,0.726837,0.29376,0.102929,-0.013163,-0.0590728,-0.280177,-0.322091,-0.513839,-0.482912,-0.475652,-0.764782,7.14357
83009,83159,83084,12.3204,9.18682,6.00509,5.22264,4.42495,2.31556,2.3529,1.19061,0.936568,0.391875,0.289171,0.103814,-0.187068,-0.236156,-0.38569,-0.399111,-0.488319,-0.59227,-0.557554,-0.633693,-0.845246,3.87
83160,83310,83235,20.6159,18.2092,14.9239,10.4779,7.23183,6.15008,3.67,2.7491,2.56094,1.63726,1.06696,1.0615,0.860182,0.587822,0.223252,0.183438,0.115266,-0.204309,-0.0926931,-0.239921,-0.669075,7.2912
83310,83460,83385,50.9606,35.4517,16.2843,10.6486,8.38489,6.20232,2.88288,1.95963,1.03849,0.82051,0.354712,0.103506,-0.1203,-0.201387,-0.390441,-0.46273,-0.491188,-0.62789,-0.598952,-0.609273,-0.746141,9.00637
83461,83611,83536,15.7354,8.17663,5.91197,4.24785,2.65067,2.53209,1.12044,0.87231,0.573545,0.249896,-0.130661,-0.225238,-0.383734,-0.387149,-0.567664,-0.583852,-0.648641,-0.762779,-0.721576,-0.717039,-0.916691,3.6026
83611,83761,83686,17.401,13.7738,7.59649,4.44893,3.42746,1.84606,1.08022,0.534319,0.0296375,-0.109925,-0.329856,-0.471969,-0.591031,-0.618296,-0.680291,-0.717552,-0.75202,-0.814893,-0.791627,-0.819053,-0.89132,3.77236
83762,83912,83837,6.97469,6.40503,4.22414,2.32047,1.45985,1.07124,0.205875,-0.119075,-0.179545,-0.410656,-0.54722,-0.616818,-0.620283,-0.712182,-0.756293,-0.808304,-0.806923,-0.883473,-0.875703,-0.840232,-0.961204,1.55061
83912,84062,83987,6.23322,4.18876,3.40571,2.72047,1.37711,0.680417,0.284103,0.111753,-0.159911,-0.306129,-0.358567,-0.466354,-0.562571,-0.652776,-0.699817,-0.739114,-0.757957,-0.82226,-0.822419,-0.797939,-0.924006,1.49688
84063,84213,84138,5.20773,3.90539,2.57166,1.12135,0.798388,0.192346,-0.218394,-0.438477,-0.606461,-0.651705,-0.745136,-0.833935,-0.858339,-0.878873,-0.928902,-0.942409,-0.965851,-0.99934,-1.00061,-0.999907,-1.05904,0.61617
84213,84363,84288,4.65635,3.34323,1.58647,0.835401,0.516085,0.119779,-0.191505,-0.407632,-0.48135,-0.566664,-0.677694,-0.71171,-0.747528,-0.792492,-0.821541,-0.821822,-0.838441,-0.87444,-0.852895,-0.810636,-0.913144,0.601845
84364,84514,84439,2.92787,2.03714,1.36171,0.467906,0.30346,-0.071318,-0.469327,-0.474858,-0.628546,-0.724081,-0.752097,-0.82052,-0.868013,-0.904306,-0.944993,-0.992624,-1.017,-1.0718,-1.04426,-0.986808,-1.1529,0.163243
84514,84664,84589,4.00933,2.53196,1.39966,0.723785,0.12887,-0.388914,-0.652078,-0.759362,-0.829867,-0.855669,-0.926842,-0.943561,-0.980942,-1.00284,-1.01234,-1.02974,-1.03536,-1.04756,-1.05463,-0.995253,-1.07415,0.100388
84665,84815,84740,2.96259,1.80814,0.671276,0.230418,0.300256,0.0143567,-0.224831,-0.404948,-0.611972,-0.617561,-0.726117,-0.794062,-0.811107,-0.829738,-0.854348,-0.882713,-0.918281,-0.943857,-0.954595,-0.877068,-1.04622,0.176097
84815,84965,84890,1.97825,1.30167,1.18757,0.516129,-0.0834419,-0.179466,-0.385818,-0.522302,-0.633384,-0.694165,-0.756514,-0.782764,-0.816143,-0.81439,-0.842758,-0.866373,-0.871859,-0.902517,-0.8939,-0.879887,-0.938576,0.0592784
84966,85116,85041,5.95965,2.88191,2.48581,1.91781,0.61868,0.635562,0.105643,-0.137177,-0.184228,-0.384221,-0.475788,-0.556262,-0.614394,-0.677449,-0.701748,-0.736184,-0.79944,-0.824367,-0.827085,-0.765758,-0.932069,0.960896
85117,85267,85192,10.8523,7.59078,5.04684,2.342,1.59518,1.12028,0.423338,0.0188731,-0.215879,-0.382958,-0.428314,-0.520393,-0.576301,-0.617798,-0.640555,-0.659801,-0.680671,-0.711722,-0.706284,-0.702457,-0.751584,1.82424
85267,85417,85342,39.0062,28.3966,19.5785,13.3812,8.79052,5.94516,3.69651,1.81475,1.45917,0.757573,0.34973,0.213041,-0.0367456,-0.13502,-0.27586,-0.354745,-0.414977,-0.544421,-0.51491,-0.522624,-0.67146,8.71484
85418,85568,85493,14.0126,8.86466,5.02212,2.76661,1.43699,0.716391,0.359042,0.213223,-0.065209,-0.251651,-0.399914,-0.4666,-0.53685,-0.553472,-0.603884,-0.599681,-0.637845,-0.670463,-0.660105,-0.644569,-0.70817,2.05447
85568,85718,85643,63.9832,31.898,29.9489,17.2808,10.9932,10.2089,6.20804,4.87818,3.18279,2.31536,2.08013,1.54147,1.21147,0.967246,0.542902,0.464636,0.365541,0.0977844,0.17381,0.0517233,-0.219695,13.8559
85719,85869,85794,65.4651,34.5693,31.8838,17.7637,15.054,13.1983,9.92062,5.49043,4.90583,3.74836,3.36653,2.30999,2.20425,1.52767,1.33547,1.12818,0.866944,0.559447,0.57985,0.442019,-0.120177,15.3398
85869,86019,85944,47.1269,31.7842,18.2311,12.8535,8.19689,6.2685,4.73742,2.45855,1.8339,1.30767,0.801764,0.672435,0.327429,0.12944,0.0196972,-0.0606644,-0.0988503,-0.296807,-0.290004,-0.322293,-0.500623,9.28574
86020,86170,86095,301.398,155.643,139.562,92.8906,75.7561,42.6255,39.2749,27.952,21.5158,19.7887,15.792,13.8127,11.1855,9.68145,8.6136,7.76598,7.07593,6.13834,6.22761,5.62753,4.52799,72.7579
86170,86320,86245,92.2617,61.0764,50.5703,25.7391,24.9728,16.0571,11.6721,9.25729,6.97881,6.24615,4.71615,4.215,2.87464,2.45915,2.17481,2.10623,1.6522,1.11254,1.27357,0.990182,0.372052,23.9741
86321,86471,86396,92.6023,53.2696,50.0448,30.6103,32.1289,20.8781,19.7559,15.9086,11.7991,9.91616,9.13304,7.90711,5.91196,5.47316,5.02034,4.3034,3.81197,2.40829,2.71606,2.37241,0.672835,29.096
86471,86622,86546,32.4577,23.4259,14.3137,10.0048,6.80856,7.52279,4.78194,3.08895,2.87087,2.11686,1.4956,1.0414,1.01145,0.531129,0.472686,0.391047,0.171825,-0.100358,-0.0504403,-0.142142,-0.506496,8.53129
86622,86772,86697,149.241,123.661,71.3649,55.0799,46.6644,28.8774,26.1886,17.9333,17.2894,13.1665,10.1989,9.25957,8.26469,7.04479,6.46761,5.74031,5.01611,4.29117,4.38572,3.84637,2.91836,46.0947
86773,86923,86848,26.8896,17.9792,12.7623,10.5259,7.92817,6.79797,3.74631,3.49731,2.73279,2.05939,1.54234,1.06677,0.704155,0.646223,0.525762,0.234467,0.117571,-0.11639,-0.156753,-0.1493,-0.680775,7.61779
86923,87073,86998,60.8365,43.833,30.6948,18.8071,16.2558,10.7533,6.97057,5.06906,4.27084,3.24153,2.57472,1.97625,1.38777,1.25613,0.99955,0.834863,0.771062,0.441716,0.488974,0.375202,0.128177,15.0906
87074,87224,87149,53.9431,38.7131,25.6519,19.1001,10.0869,9.35455,5.55529,4.35675,4.27064,2.82988,2.33508,1.70655,1.55256,1.07126,1.09725,0.816928,0.667927,0.326534,0.414146,0.295362,-0.0422959,13.2048
87224,87344,87284,50.8159,31.7311,19.1863,14.1848,10.0019,6.85844,5.11828,4.60983,3.15731,2.54209,2.02807,1.37309,1.19505,0.786109,0.576689,0.551045,0.318427,0.0568997,0.169826,0.0336522,-0.366481,12.0101
87345,87465,87405,167.895,134.162,91.2794,78.8765,57.1554,46.0777,32.9755,25.6474,21.8274,17.6831,16.1972,12.7841,10.7729,10.5943,9.82825,7.98738,8.18933,6.35102,6.89154,5.90685,4.08727,59.4578
87465,87585,87525,52.6062,41.9285,26.0884,19.3953,12.6159,6.2746,5.20037,3.86723,2.63116,1.50936,1.159,0.67968,0.558333,0.390094,0.163801,0.0714733,-0.0880476,-0.198206,-0.172783,-0.20161,-0.402818,12.3221
87586,87706,87646,205.245,148.015,93.1855,61.1056,50.4248,35.4502,30.5136,23.155,22.9245,17.4911,16.0516,13.0807,11.0843,10.7054,9.55541,9.05884,8.33204,6.91081,7.4411,6.50632,4.75281,55.2384
87706,87846,87776,41.1064,31.938,19.2892,15.4084,13.6952,9.35233,7.96647,5.78727,3.82358,2.89713,2.90452,2.16206,1.71837,1.33809,1.17145,0.822982,0.762285,0.313062,0.500035,0.321263,-0.186292,13.2978
87847,87987,87917,84.586,63.0875,52.5333,34.8562,33.9579,22.0419,21.6199,13.2486,12.3086,10.1309,9.05991,6.84094,6.6342,5.56102,5.01908,4.94994,4.41547,3.54426,3.77326,3.23096,2.06958,30.6862
87987,88127,88057,24.005,15.8097,14.4614,10.4068,7.94897,6.58575,5.22634,3.03195,2.4769,2.23223,1.79334,1.22577,1.1213,0.818911,0.500059,0.540976,0.409719,0.0145706,0.0719024,0.015864,-0.517509,7.50388
88128,88268,88198,162.354,94.2464,65.9433,45.5204,27.2567,18.8962,14.6246,12.0954,8.03165,6.70282,6.13468,4.93232,4.36689,4.06308,3.65887,3.54495,3.40906,3.0121,3.0626,2.69911,2.62117,31.8644
88268,88408,88338,32.1992,16.8088,11.9761,10.8626,7.46164,4.94651,4.41472,2.54304,2.08614,1.85643,1.11763,0.796276,0.638357,0.399131,0.303153,0.108969,0.0743857,-0.105972,-0.0879259,-0.156819,-0.442484,8.12401
88409,88549,88479,150.399,125.091,67.7428,69.1096,51.1064,44.4306,33.8642,24.9912,19.1427,17.577,15.5807,14.6086,11.6534,10.7506,10.5954,9.54059,8.7588,7.51805,8.02452,6.87467,5.30359,49.8593
88550,88690,88620,33.5056,17.7735,15.5666,10.8335,10.041,7.16873,5.14441,4.08758,3.08678,2.58908,1.57492,1.59518,1.10853,0.799844,0.615101,0.473844,0.393505,0.18515,0.187877,0.0759565,-0.303822,8.84659
88690,88830,88760,86.5689,47.7479,33.9725,21.5151,16.745,12.7168,7.33235,4.96503,4.05359,3.22806,2.54728,2.09696,1.67782,1.47108,1.27479,1.05421,1.00852,0.830835,0.868813,0.693289,0.592024,17.7801
88831,88971,88901,211.804,130.832,86.395,62.3498,30.9825,25.9033,17.0265,13.553,12.1961,9.99618,8.35264,7.19844,6.7938,5.84687,5.6781,5.2171,4.93601,4.60578,4.6375,4.3624,4.17198,41.4727
88971,89111,89041,38.1419,19.8256,21.5226,16.3785,11.0344,8.88306,5.18484,3.67177,3.28751,2.45005,1.94463,1.46639,1.11223,0.844521,0.838745,0.534898,0.556755,0.255619,0.333708,0.20414,-0.151851,11.0662
89112,89252,89182,161.055,103.545,87.5681,71.6208,43.0343,41.1453,33.0077,21.5702,19.139,15.7636,13.6573,12.0646,10.046,9.18596,9.26412,8.38572,8.01547,6.90765,7.06175,6.13912,5.61467,50.5782
89252,89392,89322,56.0398,47.5581,25.3477,18.0514,17.0982,13.3425,10.5952,7.73384,5.09152,4.96589,4.19252,3.44866,2.75185,2.47368,2.14081,1.96162,1.68495,1.35249,1.47915,1.27778,0.866,17.3246
89393,89533,89463,73.1237,55.5044,32.5112,21.2344,19.8262,14.908,9.50372,5.94112,4.59253,4.09183,3.29702,2.80209,2.36084,2.18772,1.95503,1.74147,1.6675,1.43266,1.52019,1.32646,1.21754,19.964
89533,89673,89603,149.898,107.746,86.64,55.1995,40.1392,38.1122,28.0578,19.5582,16.6198,14.1733,13.6338,12.0889,11.0486,9.87676,8.19764,8.40567,7.19727,6.33133,6.81318,5.90222,4.77264,46.2974
89674,89814,89744,73.0108,51.225,29.0287,18.664,15.8336,7.99486,7.41846,4.82998,3.4533,2.82075,2.34576,1.78376,1.43249,1.33359,1.08475,0.972267,0.892098,0.729328,0.763315,0.620499,0.560242,15.253
89814,89954,89884,137.456,101.604,69.0818,58.9992,52.2162,32.8623,34.848,23.9309,22.3808,18.3899,14.4573,14.0035,12.3339,11.7878,10.3323,9.17982,8.71734,7.42492,7.78212,6.81734,5.22117,49.1432
89955,90095,90025,76.2613,53.0549,40.1695,24.5971,17.7222,11.8409,9.51181,7.59485,7.13082,5.64967,4.54813,4.0759,3.38731,3.10244,2.76579,2.61008,2.16977,1.8301,1.95431,1.6732,1.36049,19.6908
90095,90235,90165,70.0323,55.1622,33.7551,21.5866,15.8472,11.8706,8.81209,5.47971,3.94514,3.18564,2.78225,2.27634,1.87857,1.74648,1.49857,1.30229,1.20677,1.04659,1.07054,0.936742,0.848377,16.9578
90236,90376,90306,95.6124,52.1166,35.1724,34.5934,26.2185,14.2025,14.0123,10.1884,9.11184,6.37384,6.1756,5.07179,4.68688,4.23646,3.56394,3.32997,3.26624,2.81308,2.79752,2.53941,2.1246,23.5269
90376,90516,90446,52.6121,26.8885,18.8751,16.3936,8.19422,6.33266,5.70295,3.40412,2.50162,1.60128,1.45567,0.885804,0.717729,0.578343,0.507376,0.385661,0.255005,0.129699,0.161189,0.0963494,-0.0381132,10.7765
90517,90657,90587,39.0908,31.1314,24.3314,13.5265,13.3081,8.37284,9.68172,6.66479,5.51273,3.91494,3.40668,3.45158,2.80074,2.65581,1.99986,1.8171,1.81478,1.22517,1.24676,1.12737,0.411175,12.6839
