Data/Raw/WEBER,RODNEY/FIREXAQ-SAGA-MC-BrC_DC8_20190831_R0.ict
56, 1001
Weber, Rodney
Georgia Institute of Technology
Water soluble brown carbon measured with mist chamber-LWCC
FIREXAQ
1, 1
2019, 08, 31, 2020, 03, 06
0
Time_Start, seconds_past_midnight, Time_Start, seconds_past_midnight
24
1, 1, 1, 1, 1, 1, 1, 1, 1, 1, 1, 1, 1, 1, 1, 1, 1, 1, 1, 1, 1, 1, 1, 1
-9999, -9999, -9999, -9999, -9999, -9999, -9999, -9999, -9999, -9999, -9999, -9999, -9999, -9999, -9999, -9999, -9999, -9999, -9999, -9999, -9999, -9999, -9999, -9999
Time_Stop, seconds_past_midnight, Time_Stop, seconds_past_midnight
Time_Mid, seconds_past_midnight, Time_Mid, seconds_past_midnight
WSAbs300, Mm-1, AerOpt_AbsorptionBrC_InSitu_UVtoRed_None_Bulk_STP, Water Soluble Brown Carbon absorption at 300 nm
WSAbs320, Mm-1, AerOpt_AbsorptionBrC_InSitu_UVtoRed_None_Bulk_STP, Water Soluble Brown Carbon absorption at 320 nm
WSAbs340, Mm-1, AerOpt_AbsorptionBrC_InSitu_UVtoRed_None_Bulk_STP, Water Soluble Brown Carbon absorption at 340 nm
WSAbs360, Mm-1, AerOpt_AbsorptionBrC_InSitu_UVtoRed_None_Bulk_STP, Water Soluble Brown Carbon absorption at 360 nm
WSAbs380, Mm-1, AerOpt_AbsorptionBrC_InSitu_UVtoRed_None_Bulk_STP, Water Soluble Brown Carbon absorption at 380 nm
WSAbs400, Mm-1, AerOpt_AbsorptionBrC_InSitu_UVtoRed_None_Bulk_STP, Water Soluble Brown Carbon absorption at 400 nm
WSAbs420, Mm-1, AerOpt_AbsorptionBrC_InSitu_UVtoRed_None_Bulk_STP, Water Soluble Brown Carbon absorption at 420 nm
WSAbs440, Mm-1, AerOpt_AbsorptionBrC_InSitu_UVtoRed_None_Bulk_STP, Water Soluble Brown Carbon absorption at 440 nm
WSAbs460, Mm-1, AerOpt_AbsorptionBrC_InSitu_UVtoRed_None_Bulk_STP, Water Soluble Brown Carbon absorption at 460 nm
WSAbs480, Mm-1, AerOpt_AbsorptionBrC_InSitu_UVtoRed_None_Bulk_STP, Water Soluble Brown Carbon absorption at 480 nm
WSAbs500, Mm-1, AerOpt_AbsorptionBrC_InSitu_UVtoRed_None_Bulk_STP, Water Soluble Brown Carbon absorption at 500 nm
WSAbs520, Mm-1, AerOpt_AbsorptionBrC_InSitu_UVtoRed_None_Bulk_STP, Water Soluble Brown Carbon absorption at 520 nm
WSAbs540, Mm-1, AerOpt_AbsorptionBrC_InSitu_UVtoRed_None_Bulk_STP, Water Soluble Brown Carbon absorption at 540 nm
WSAbs560, Mm-1, AerOpt_AbsorptionBrC_InSitu_UVtoRed_None_Bulk_STP, Water Soluble Brown Carbon absorption at 560 nm
WSAbs580, Mm-1, AerOpt_AbsorptionBrC_InSitu_UVtoRed_None_Bulk_STP, Water Soluble Brown Carbon absorption at 580 nm
WSAbs600, Mm-1, AerOpt_AbsorptionBrC_InSitu_UVtoRed_None_Bulk_STP, Water Soluble Brown Carbon absorption at 600 nm
WSAbs620, Mm-1, AerOpt_AbsorptionBrC_InSitu_UVtoRed_None_Bulk_STP, Water Soluble Brown Carbon absorption at 620 nm
WSAbs640, Mm-1, AerOpt_AbsorptionBrC_InSitu_UVtoRed_None_Bulk_STP, Water Soluble Brown Carbon absorption at 640 nm
WSAbs660, Mm-1, AerOpt_AbsorptionBrC_InSitu_UVtoRed_None_Bulk_STP, Water Soluble Brown Carbon absorption at 660 nm
WSAbs680, Mm-1, AerOpt_AbsorptionBrC_InSitu_UVtoRed_None_Bulk_STP, Water Soluble Brown Carbon absorption at 680 nm
WSAbs700, Mm-1, AerOpt_AbsorptionBrC_InSitu_UVtoRed_None_Bulk_STP, Water Soluble Brown Carbon absorption at 700 nm
WSAbs365, Mm-1, AerOpt_AbsorptionBrC_InSitu_UVtoRed_None_Bulk_STP, Water Soluble Brown Carbon absorption at 365 nm
0
18
PI_CONTACT_INFO: rweber@eas.gatech.edu
PLATFORM: NASA DC-8 aircraft
LOCATION: Aircraft location is given by the navigational file
ASSOCIATED_DATA: N/A
[...]
DATA_INFO: Samples collected by mist chamber were injected through 0.22 pore size syringe filter and then a 2.5 m path length LWCC, and light absorption was measured by Ocean Optics USB4000 spectrometer. Absorption from 300 to 700 nm were recorded. Absorption of pure solvent was subtracted from the sample. Raw absorption data were processed by the equation Abs=Raw*(Volume of liquid in the mist chamber)/(Volume of air collected at STP)/(Optical Path Length, 2.5m here)*ln(10). Data reported here were averaged over 20 nm wavelength intervals. i.e. absorption at 400 nm were average by absorption data between 390 nm to 410 nm. All data have been blank corrected by averaging all blank filter in this mission (2-3 blank filters per flight). Data are reported under STP, which is T=273K & p=1013 mb. When using the data, the absorption had better to corrected by higher wavelength, ie Abs700 for baseline drift. UNCERTAINTY: Data may have smearing issues. If we do not account for smearing or blank, the uncertainty is ~5%
UNCERTAINTY: Data may have smearing issues. If we do not account for smearing or blank, the uncertainty is ~5%
ULOD_FLAG: -7777
ULOD_VALUE: N/A
LLOD_FLAG: -8888
LLOD_VALUE: N/A
DM_CONTACT_INFO: lhzeng@gatech.edu
PROJECT_INFO: FIREX-AQ, 2019
STIPULATIONS_ON_USE: Use of these data require prior ok from PI.
OTHER_COMMENTS: N/A
REVISION: R0
RA: Preliminary Data.  For in-field use only.
Time_Start, Time_Stop, Time_Mid, WSAbs300, WSAbs320, WSAbs340, WSAbs360, WSAbs380, WSAbs400, WSAbs420, WSAbs440, WSAbs460, WSAbs480, WSAbs500, WSAbs520, WSAbs540, WSAbs560, WSAbs580, WSAbs600, WSAbs620, WSAbs640, WSAbs660, WSAbs680, WSAbs700, WSAbs365
62975,63125,63050,9.58264,6.89869,5.06645,3.78709,2.8757,2.2147,1.72751,1.36317,1.08705,0.875255,0.710988,0.582279,0.480478,0.399256,0.333927,0.280985,0.237778,0.202285,0.172948,0.14856,0.0157952,3.54603
63126,63276,63201,6.10861,4.52381,3.41175,2.6149,2.0332,1.60145,1.27615,1.02774,0.835682,0.685527,0.566917,0.472336,0.396255,0.334559,0.284151,0.242679,0.208334,0.179719,0.155741,0.13554,-0.0577018,2.39462
63277,63427,63352,5.61672,4.35861,3.43473,2.7438,2.21864,1.81366,1.49725,1.24712,1.04726,0.885983,0.75468,0.646894,0.557737,0.483468,0.421197,0.368665,0.324098,0.286087,0.253505,0.225446,-0.0276495,2.5714
63427,63577,63502,4.89536,3.9982,3.30579,2.76318,2.33213,1.98553,1.70376,1.47243,1.28079,1.12073,0.986025,0.871882,0.774541,0.691036,0.619008,0.55656,0.50216,0.45456,0.412735,0.37584,-0.0280512,2.61812
63578,63728,63653,0.80701,0.661458,0.548737,0.460113,0.389496,0.332547,0.286124,0.24791,0.216172,0.189601,0.167188,0.148154,0.131887,0.117904,0.105819,0.0953216,0.0861601,0.0781294,0.0710609,0.0648151,278.578,279.019
63728,63878,63803,2.79003,1.83049,1.23204,0.848232,0.595897,0.42628,0.309969,0.22876,0.171123,0.129599,0.0992712,0.07684,0.060055,0.0473592,0.03766,0.0301807,0.0243631,0.019801,0.0161962,0.0133274,321.161,321.936
64029,64179,64104,3.33801,2.61927,2.08574,1.68265,1.37333,1.13261,0.942905,0.791702,0.669931,0.570934,0.489753,0.42265,0.366775,0.319933,0.280415,0.246879,0.218263,0.193721,0.172571,0.154261,-0.212191,1.38548
64180,64330,64255,7.33613,4.70508,3.10002,2.09181,1.44185,1.013,0.724068,0.525696,0.387143,0.288845,0.218098,0.166504,0.128416,0.0999818,0.07853,0.062188,0.049625,0.0398847,0.0322725,0.0262787,-0.322827,1.57955
64330,64480,64405,4.35157,2.91502,2.00074,1.40308,1.00302,0.729488,0.538857,0.403692,0.306339,0.23521,0.182555,0.143104,0.113213,0.090333,0.07265,0.0588617,0.0480206,0.0394302,0.0325735,0.0270631,-0.257588,1.03035
64481,64631,64556,6.89698,5.64388,4.67495,3.9143,3.30903,2.82157,2.42471,2.09841,1.82773,1.60135,1.4106,1.24878,1.11061,0.991954,0.889494,0.800571,0.723031,0.655116,0.595386,0.542648,-0.221318,3.52878
64631,64781,64706,5.11241,3.46144,2.39972,1.69886,1.22538,0.898796,0.6693,0.505287,0.386263,0.298672,0.233381,0.184136,0.146587,0.117667,0.0951845,0.0775529,0.0636133,0.0525085,0.0435989,0.0364026,-0.236819,1.32619
64782,64932,64857,11.8754,8.41813,6.09317,4.4926,3.36751,2.56179,1.97503,1.5412,1.216,0.96915,0.779598,0.632497,0.517217,0.426056,0.353358,0.29493,0.247626,0.209067,0.177433,0.151326,-0.37,3.80359
64932,65082,65007,3.81215,2.82277,2.1286,1.63125,1.26823,0.998815,0.795853,0.640871,0.521063,0.427402,0.353423,0.294437,0.246991,0.20852,0.17709,0.151233,0.129821,0.111983,0.0970357,0.0844441,-0.243375,1.28641
65083,65233,65158,6.98018,4.70884,3.25333,2.29575,1.65085,1.20737,0.896606,0.675114,0.514791,0.397097,0.309575,0.243711,0.193601,0.155087,0.125205,0.101818,0.0833618,0.0686862,0.0569325,0.0474552,-0.44804,1.66247
65233,65383,65308,2.62786,2.06489,1.64642,1.32987,1.08665,0.897168,0.747684,0.628413,0.532264,0.454025,0.389808,0.336682,0.292409,0.255264,0.223902,0.197268,0.174526,0.155007,0.138175,0.123593,-0.293215,0.969863
65384,65534,65459,4.76383,3.32895,2.37738,1.73081,1.2819,0.96416,0.735328,0.567921,0.443693,0.350301,0.279248,0.224595,0.18213,0.148824,0.122474,0.101457,0.0845673,0.070898,0.0597615,0.0506319,-0.380014,1.22317
65534,65684,65609,3.51216,2.49905,1.81525,1.34288,1.00976,0.770461,0.595684,0.466101,0.368706,0.294588,0.237535,0.193156,0.158299,0.130675,0.1086,0.090822,0.076401,0.0646236,0.054944,0.0469412,-0.408658,0.840019
65685,65835,65760,3.02231,2.44387,2.00176,1.65845,1.38807,1.17243,0.998477,0.856714,0.740099,0.643353,0.562461,0.494339,0.43659,0.387333,0.34508,0.308643,0.277065,0.249572,0.225531,0.204423,-0.449432,1.13541
65835,65985,65910,3.35046,2.39912,1.75305,1.30416,0.985852,0.756011,0.587315,0.461653,0.366782,0.294276,0.238235,0.194471,0.159968,0.132524,0.110516,0.0927323,0.0782591,0.0664016,0.0566263,0.0485202,-0.355128,0.85918
65986,66136,66061,6.88621,5.50835,4.46626,3.66499,3.03981,2.54558,2.15024,1.83062,1.5697,1.35481,1.17639,1.02714,0.901426,0.794866,0.704004,0.6261,0.558962,0.500824,0.450253,0.406076,-0.339717,3.15451
66136,66286,66211,3.75009,2.66975,1.94021,1.436,1.08026,0.824598,0.637795,0.499242,0.395066,0.315758,0.254691,0.207173,0.169839,0.140243,0.116585,0.0975273,0.0820636,0.0694314,0.0590466,0.0504585,-0.342413,0.992999
66287,66437,66362,3.99694,2.6821,1.84386,1.29505,0.927137,0.675223,0.499425,0.374617,0.284615,0.218779,0.169989,0.133393,0.105638,0.0843704,0.0679184,0.0550781,0.0449733,0.0369595,0.0305576,0.0254085,-0.280916,0.908295
66438,66588,66513,3.50497,2.49123,1.80773,1.33604,1.0037,0.765179,0.591116,0.462165,0.36532,0.291674,0.235024,0.190988,0.156424,0.129048,0.107185,0.0895874,0.0753209,0.063676,0.0541105,0.0462058,-0.23885,1
66588,66738,66663,4.58381,3.1572,2.22432,1.59878,1.16986,0.869845,0.656189,0.501547,0.387957,0.303391,0.239653,0.191064,0.153635,0.124521,0.101672,0.0835879,0.0691632,0.057573,0.0481963,0.0405614,-0.178049,1.29827
66739,66889,66814,2.85782,2.34321,1.94453,1.63098,1.38107,1.17947,1.01508,0.879729,0.767291,0.673131,0.593691,0.526212,0.468531,0.418939,0.376069,0.338824,0.306314,0.277811,0.252719,0.230544,-0.0610041,1.50222
66889,67039,66964,5.09735,3.46061,2.40525,1.70687,1.23395,0.907034,0.676819,0.511962,0.392097,0.303724,0.237736,0.187881,0.149806,0.120435,0.0975665,0.0796069,0.065388,0.0540453,0.044933,0.0375635,-0.0686485,1.50263
67040,67190,67115,5.05347,3.37831,2.31427,1.62003,1.15613,0.839479,0.619149,0.463161,0.350973,0.269118,0.208603,0.163319,0.129053,0.102853,0.082627,0.0668734,0.0545001,0.0447057,0.0368957,0.0306251,-0.0158131,1.47062
67190,67340,67265,4.06989,2.96064,2.19568,1.65644,1.26883,0.985298,0.774628,0.615857,0.494646,0.401016,0.327906,0.27025,0.224364,0.187533,0.157738,0.133458,0.113535,0.0970839,0.0834172,0.0719998,-0.0377448,1.50979
67491,67641,67566,-9999,-9999,-9999,-9999,-9999,-9999,-9999,-9999,-9999,-9999,-9999,-9999,-9999,-9999,-9999,-9999,-9999,-9999,-9999,-9999,-9999,-9999
67642,67792,67717,38.4021,30.5208,24.5972,20.0693,16.5561,13.7934,11.5946,9.82533,8.38756,7.20858,6.23375,5.42156,4.74009,4.16459,3.67561,3.25782,2.89896,2.5892,2.32061,2.08668,1.71126,20.8191
67793,67943,67868,28.7254,20.9623,15.5922,11.7958,9.05942,7.05268,5.55795,4.42882,3.56489,2.89612,2.37285,1.95938,1.62969,1.36459,1.14976,0.974387,0.83026,0.711057,0.611879,0.528901,0.801715,11.8294
67943,68093,68018,15.9093,11.7661,8.86252,6.78453,5.26935,4.14597,3.30048,2.65544,2.15722,1.76805,1.4609,1.21618,1.01949,0.860105,0.729982,0.623001,0.534468,0.460753,0.399024,0.347051,0.425697,6.78658
68094,68244,68169,32.8281,26.9359,22.368,18.7731,15.906,13.5919,11.7039,10.1485,8.85578,7.77268,6.85848,6.08159,5.41722,4.84578,4.35161,3.92211,3.54706,3.21814,2.92847,2.67239,0.752867,18.7488
68244,68394,68319,10.7885,7.97046,5.99762,4.58707,3.5595,2.7983,2.22586,1.78948,1.45268,1.18978,0.982437,0.817342,0.684729,0.577339,0.489714,0.417713,0.358161,0.308603,0.267123,0.232217,0.154789,4.45446
68395,68545,68470,25.1058,16.6893,11.3725,7.92136,5.62648,4.06721,2.98699,2.2254,1.67983,1.28328,0.991184,0.773367,0.609095,0.4839,0.387556,0.312738,0.254146,0.207896,0.171117,0.141666,0.324674,7.58405
68545,68695,68620,17.0638,11.3551,7.74517,5.39973,3.83871,2.77717,2.04117,1.52187,1.14959,0.878816,0.679225,0.530296,0.417908,0.332204,0.266212,0.214937,0.174759,0.143029,0.117784,0.0975585,0.413871,5.36344
68696,68846,68771,13.5227,9.2559,6.48274,4.63385,3.37296,2.49549,1.87365,1.42564,1.09802,0.855135,0.672812,0.534365,0.428113,0.345765,0.281358,0.230554,0.190161,0.157808,0.131712,0.110527,0.244649,4.51785
68846,68996,68921,7.79542,5.79317,4.3834,3.37001,2.628,2.07568,1.65843,1.33896,1.09137,0.897331,0.743714,0.620952,0.521996,0.441589,0.375768,0.321512,0.2765,0.238932,0.207398,0.180788,0.305822,3.46866
68997,69147,69072,7.44873,6.11479,5.08017,4.26557,3.61561,3.09079,2.66245,2.30944,2.01595,1.76997,1.56227,1.38572,1.2347,1.10476,0.992363,0.894649,0.809303,0.734433,0.668483,0.610167,0.319486,4.4089
69147,69297,69222,9.13528,6.7797,5.12334,3.93415,3.06445,2.4178,1.9298,1.55654,1.26752,1.04124,0.862247,0.719327,0.604215,0.510754,0.434303,0.371331,0.319125,0.275581,0.239056,0.208254,0.444315,4.13555
69298,69448,69373,7.2623,5.04486,3.58277,2.5947,1.9122,1.43147,1.08684,0.835824,0.650332,0.511439,0.406175,0.325505,0.263046,0.214226,0.175728,0.14512,0.120597,0.100809,0.0847343,0.071593,0.175024,2.57535
69448,69598,69523,3.88558,3.04158,2.41653,1.94535,1.58452,1.30427,1.08383,0.908447,0.767441,0.652992,0.559287,0.481949,0.417644,0.363809,0.318452,0.280012,0.247252,0.219189,0.195033,0.174145,0.302097,2.14824
69599,69749,69674,16.7539,11.1696,7.63203,5.32965,3.79481,2.74947,2.02366,1.51085,1.14273,0.874645,0.676799,0.529001,0.417341,0.332102,0.2664,0.215299,0.17522,0.143538,0.118308,0.098077,0.439855,5.32713
69749,69899,69824,22.1337,14.4312,9.65643,6.61159,4.62054,3.28899,2.38033,1.74882,1.30259,0.982459,0.749588,0.578016,0.450109,0.353709,0.280316,0.22391,0.180177,0.14599,0.119058,0.0976869,0.641008,6.67503
69900,70050,69975,11.8503,8.38172,6.05423,4.45515,3.33326,2.53128,1.94825,1.51788,1.19578,0.951644,0.764445,0.61937,0.505829,0.416156,0.344732,0.287396,0.24103,0.203276,0.172337,0.146829,0.481463,4.61879
70050,70200,70125,10.1403,6.94916,4.87268,3.48672,2.54055,1.88145,1.41391,1.07677,0.830016,0.646934,0.509392,0.40487,0.324597,0.26234,0.213614,0.175154,0.144556,0.120033,0.100242,0.0841662,0.310101,3.52629
70201,70351,70276,12.7342,8.95198,6.42909,4.70544,3.50253,2.64692,2.02785,1.57295,1.23396,0.978072,0.782641,0.63176,0.514105,0.421509,0.348008,0.289196,0.241787,0.203302,0.171857,0.146006,0.359393,4.72344
70352,70502,70427,11.5708,8.21299,5.95204,4.39365,3.29697,2.51074,1.9376,1.51343,1.19517,0.953373,0.767545,0.623215,0.510019,0.420438,0.348948,0.29145,0.244868,0.206871,0.17568,0.149922,0.677614,4.7609
70502,70652,70577,6.77699,5.10071,3.90579,3.03679,2.39349,1.90965,1.54049,1.25519,1.03207,0.855719,0.714948,0.601561,0.509466,0.434086,0.371943,0.320371,0.277303,0.241128,0.210576,0.18464,0.347914,3.20577
70653,70803,70728,8.45582,5.87715,4.17599,3.02578,2.23091,1.67077,1.26905,0.976339,0.759948,0.597859,0.474972,0.380765,0.3078,0.250751,0.20575,0.169961,0.14128,0.11813,0.0993191,0.083937,0.519767,3.31921
70803,70953,70878,4.43419,3.45504,2.73315,2.19126,1.77793,1.45812,1.20746,1.00871,0.849436,0.720564,0.615364,0.528786,0.456997,0.397056,0.346683,0.304097,0.267891,0.236947,0.210371,0.18744,0.313411,2.39088
70954,71104,71029,4.56967,3.39538,2.56871,1.97456,1.53959,1.21586,0.971321,0.784118,0.639048,0.525373,0.435387,0.363482,0.305527,0.25844,0.219898,0.188131,0.161779,0.139786,0.121328,0.105753,0.280773,2.13388
71104,71254,71179,3.94702,2.99347,2.30868,1.80718,1.43348,1.15065,0.933585,0.764871,0.632225,0.526836,0.442296,0.373878,0.318055,0.272163,0.234169,0.202509,0.175966,0.153585,0.134614,0.118451,0.157244,1.86071
71255,71405,71330,4.50358,3.47055,2.71707,2.15716,1.73413,1.40976,1.15771,0.959472,0.801848,0.675257,0.572655,0.488793,0.419713,0.362399,0.314528,0.274294,0.240284,0.211377,0.186682,0.165486,0.327907,2.36822
71405,71555,71480,3.63296,2.89728,2.34249,1.9171,1.58605,1.325,1.11667,0.948611,0.811713,0.699195,0.605954,0.528103,0.46265,0.407264,0.360117,0.319759,0.285033,0.255007,0.228927,0.206177,0.232476,2.05907
71556,71706,71631,17.1854,13.7976,11.2261,9.24219,7.68934,6.45806,5.47033,4.66959,4.01421,3.4731,3.02275,2.64516,2.32643,2.05568,1.82435,1.62561,1.45402,1.30515,1.17542,1.06191,0.804899,9.6234
71706,71856,71781,22.7525,17.8649,14.2344,11.49,9.38281,7.7421,6.44849,5.41691,4.58576,3.90976,3.35519,2.89661,2.51462,2.19426,1.92389,1.69437,1.49847,1.33039,1.1855,1.06003,0.736072,11.6473
71857,72007,71932,45.0334,32.7264,24.2476,18.2762,13.9876,10.8532,8.52611,6.77361,5.43666,4.40462,3.5993,2.96461,2.45978,2.05482,1.7274,1.46073,1.24203,1.06153,0.911655,0.786507,1.62535,18.6962
72007,72157,72082,13.0599,9.95733,7.71774,6.06965,4.83593,3.89815,3.17546,2.61155,2.16653,1.81169,1.52607,1.29416,1.10435,0.947821,0.817857,0.709251,0.617947,0.540758,0.475159,0.419132,0.649902,6.37771
72158,72308,72233,24.9009,18.1307,13.4577,10.1608,7.78912,6.05298,4.76206,3.7885,3.04478,2.46993,2.0208,1.66641,1.3842,1.15758,0.974146,0.824592,0.701823,0.600398,0.516104,0.445653,0.922732,10.4174
72308,72458,72383,29.2244,20.3077,14.4266,10.451,7.70408,5.76873,4.38097,3.36994,2.62264,2.06296,1.6387,1.3135,1.06166,0.86478,0.709498,0.586017,0.487072,0.407217,0.342336,0.289287,0.87205,10.5408
72459,72609,72534,22.0335,14.1288,9.3075,6.27948,4.3277,3.04008,2.17269,1.57724,1.1614,0.866414,0.65413,0.499333,0.385073,0.299778,0.235436,0.186425,0.148751,0.119544,0.0967202,0.0787506,0.550418,6.261
72609,72759,72684,27.209,19.1371,13.7501,10.0681,7.49731,5.66806,4.34401,3.37073,2.64518,2.09733,1.67878,1.35554,1.10341,0.904925,0.747327,0.621192,0.519486,0.436906,0.369416,0.31392,0.934723,10.2733
72760,72910,72835,8.28408,6.30945,4.88551,3.83865,3.05571,2.46109,2.00323,1.64624,1.36472,1.14041,0.959985,0.813581,0.693825,0.595132,0.513235,0.444835,0.387363,0.338802,0.297552,0.26234,0.318704,3.94035
72910,73060,72985,11.1533,7.80477,5.5811,4.06823,3.01661,2.27141,1.73414,1.34069,1.04843,0.828511,0.661044,0.53212,0.431862,0.353165,0.290855,0.24112,0.201123,0.168729,0.14232,0.120656,0.467,4.23589
73061,73211,73136,7.11085,5.22613,3.91336,2.97922,2.30176,1.80205,1.42778,1.14356,0.925002,0.755002,0.621375,0.515321,0.430398,0.361831,0.306047,0.260336,0.222631,0.191335,0.165206,0.143273,0.251951,3.0414
73211,73361,73286,16.1775,11.7713,8.73202,6.589,5.04822,3.92096,3.0832,2.4517,1.96952,1.59698,1.30604,1.07657,0.893909,0.747277,0.628639,0.531944,0.452595,0.387062,0.332615,0.287124,0.52573,6.68186
73362,73512,73437,11.4825,9.30883,7.64332,6.34693,5.32367,4.50584,3.84481,3.30506,2.86026,2.4906,2.181,1.91986,1.69814,1.50874,1.34604,1.20555,1.08362,0.977336,0.884278,0.802474,0.679059,6.74761
73513,73663,73588,14.3254,10.1076,7.28406,5.34852,3.99345,3.02673,2.32526,1.80842,1.42226,1.13005,0.906354,0.733254,0.597978,0.491289,0.406429,0.338395,0.283448,0.238762,0.202185,0.172064,0.550593,5.51496
73663,73813,73738,13.415,8.95753,6.12946,4.28625,3.05586,2.21681,1.63353,1.22094,0.92445,0.708296,0.548617,0.429215,0.338926,0.269938,0.216717,0.175289,0.142771,0.117045,0.0965431,0.0800916,0.422269,4.35405
73814,73964,73889,6.73252,4.91074,3.65112,2.76099,2.11966,1.64952,1.29946,1.03512,0.83293,0.676463,0.554075,0.457397,0.380331,0.318379,0.268186,0.227224,0.193568,0.165739,0.14259,0.123226,0.38236,2.9633
73964,74114,74039,8.72102,6.56573,5.02893,3.91101,3.08324,2.46051,1.98529,1.61793,1.3306,1.10344,0.922077,0.775972,0.657284,0.560121,0.480009,0.413513,0.357975,0.311319,0.271909,0.23845,0.488167,4.16895
74115,74265,74190,8.28017,5.28453,3.46578,2.32846,1.59838,1.1186,0.796583,0.5763,0.422977,0.31456,0.236778,0.180226,0.138601,0.107613,0.0842985,0.0665841,0.0530006,0.0424949,0.0343041,0.0278696,0.215855,2.33123
74266,74416,74341,29.9663,21.4789,15.7094,11.697,8.84948,6.79167,5.28012,4.15336,3.30209,2.65105,2.14754,1.7541,1.44372,1.19671,0.99851,0.838269,0.707793,0.600844,0.512633,0.43945,1.18349,12.077
74416,74566,74491,8.85269,5.7876,3.88253,2.66468,1.86644,1.33143,0.965563,0.710781,0.530403,0.400763,0.306294,0.236575,0.184516,0.145219,0.115256,0.0921949,0.0742899,0.060274,0.049218,0.040434,0.16751,2.60081
74567,74717,74642,8.74682,6.5234,4.95247,3.81954,2.98745,2.36628,1.89571,1.53446,1.25379,1.0333,0.858338,0.718208,0.605012,0.512846,0.437249,0.374817,0.322926,0.279539,0.243058,0.212222,0.332023,3.91949
74717,74867,74792,5.33558,4.3839,3.64513,3.06301,2.59819,2.22259,1.91584,1.66287,1.45242,1.27593,1.12683,1.00002,0.891487,0.798061,0.717207,0.646884,0.585433,0.531502,0.483976,0.441934,0.314686,3.25175
74868,75018,74943,13.813,9.28152,6.38884,4.49261,3.21993,2.34755,1.73812,1.30503,0.992412,0.763531,0.593759,0.466314,0.369579,0.295398,0.237971,0.193118,0.157796,0.129764,0.107356,0.0893218,0.474603,4.60124
