Data/Raw/WEBER,RODNEY/FIREXAQ-SAGA-MC-BrC_DC8_20190812_R0.ict
56, 1001
Weber, Rodney
Georgia Institute of Technology
Water soluble brown carbon measured with mist chamber-LWCC
FIREXAQ
1, 1
2019, 08, 12, 2020, 03, 06
0
Time_Start, seconds_past_midnight, Time_Start, seconds_past_midnight
24
1, 1, 1, 1, 1, 1, 1, 1, 1, 1, 1, 1, 1, 1, 1, 1, 1, 1, 1, 1, 1, 1, 1, 1
-9999, -9999, -9999, -9999, -9999, -9999, -9999, -9999, -9999, -9999, -9999, -9999, -9999, -9999, -9999, -9999, -9999, -9999, -9999, -9999, -9999, -9999, -9999, -9999
Time_Stop, seconds_past_midnight, Time_Stop, seconds_past_midnight
Time_Mid, seconds_past_midnight, Time_Mid, seconds_past_midnight
WSAbs300, Mm-1, AerOpt_AbsorptionBrC_InSitu_UVtoRed_None_Bulk_STP, Water Soluble Brown Carbon absorption at 300 nm
WSAbs320, Mm-1, AerOpt_AbsorptionBrC_InSitu_UVtoRed_None_Bulk_STP, Water Soluble Brown Carbon absorption at 320 nm
WSAbs340, Mm-1, AerOpt_AbsorptionBrC_InSitu_UVtoRed_None_Bulk_STP, Water Soluble Brown Carbon absorption at 340 nm
WSAbs360, Mm-1, AerOpt_AbsorptionBrC_InSitu_UVtoRed_None_Bulk_STP, Water Soluble Brown Carbon absorption at 360 nm
WSAbs380, Mm-1, AerOpt_AbsorptionBrC_InSitu_UVtoRed_None_Bulk_STP, Water Soluble Brown Carbon absorption at 380 nm
WSAbs400, Mm-1, AerOpt_AbsorptionBrC_InSitu_UVtoRed_None_Bulk_STP, Water Soluble Brown Carbon absorption at 400 nm
WSAbs420, Mm-1, AerOpt_AbsorptionBrC_InSitu_UVtoRed_None_Bulk_STP, Water Soluble Brown Carbon absorption at 420 nm
WSAbs440, Mm-1, AerOpt_AbsorptionBrC_InSitu_UVtoRed_None_Bulk_STP, Water Soluble Brown Carbon absorption at 440 nm
WSAbs460, Mm-1, AerOpt_AbsorptionBrC_InSitu_UVtoRed_None_Bulk_STP, Water Soluble Brown Carbon absorption at 460 nm
WSAbs480, Mm-1, AerOpt_AbsorptionBrC_InSitu_UVtoRed_None_Bulk_STP, Water Soluble Brown Carbon absorption at 480 nm
WSAbs500, Mm-1, AerOpt_AbsorptionBrC_InSitu_UVtoRed_None_Bulk_STP, Water Soluble Brown Carbon absorption at 500 nm
WSAbs520, Mm-1, AerOpt_AbsorptionBrC_InSitu_UVtoRed_None_Bulk_STP, Water Soluble Brown Carbon absorption at 520 nm
WSAbs540, Mm-1, AerOpt_AbsorptionBrC_InSitu_UVtoRed_None_Bulk_STP, Water Soluble Brown Carbon absorption at 540 nm
WSAbs560, Mm-1, AerOpt_AbsorptionBrC_InSitu_UVtoRed_None_Bulk_STP, Water Soluble Brown Carbon absorption at 560 nm
WSAbs580, Mm-1, AerOpt_AbsorptionBrC_InSitu_UVtoRed_None_Bulk_STP, Water Soluble Brown Carbon absorption at 580 nm
WSAbs600, Mm-1, AerOpt_AbsorptionBrC_InSitu_UVtoRed_None_Bulk_STP, Water Soluble Brown Carbon absorption at 600 nm
WSAbs620, Mm-1, AerOpt_AbsorptionBrC_InSitu_UVtoRed_None_Bulk_STP, Water Soluble Brown Carbon absorption at 620 nm
WSAbs640, Mm-1, AerOpt_AbsorptionBrC_InSitu_UVtoRed_None_Bulk_STP, Water Soluble Brown Carbon absorption at 640 nm
WSAbs660, Mm-1, AerOpt_AbsorptionBrC_InSitu_UVtoRed_None_Bulk_STP, Water Soluble Brown Carbon absorption at 660 nm
WSAbs680, Mm-1, AerOpt_AbsorptionBrC_InSitu_UVtoRed_None_Bulk_STP, Water Soluble Brown Carbon absorption at 680 nm
WSAbs700, Mm-1, AerOpt_AbsorptionBrC_InSitu_UVtoRed_None_Bulk_STP, Water Soluble Brown Carbon absorption at 700 nm
WSAbs365, Mm-1, AerOpt_AbsorptionBrC_InSitu_UVtoRed_None_Bulk_STP, Water Soluble Brown Carbon absorption at 365 nm
0
18
PI_CONTACT_INFO: rweber@eas.gatech.edu
PLATFORM: NASA DC-8 aircraft
LOCATION: Aircraft location is given by the navigational file
ASSOCIATED_DATA: N/A
[...]
DATA_INFO: Samples collected by mist chamber were injected through 0.22 pore size syringe filter and then a 2.5 m path length LWCC, and light absorption was measured by Ocean Optics USB4000 spectrometer. Absorption from 300 to 700 nm were recorded. Absorption of pure solvent was subtracted from the sample. Raw absorption data were processed by the equation Abs=Raw*(Volume of liquid in the mist chamber)/(Volume of air collected at STP)/(Optical Path Length, 2.5m here)*ln(10). Data reported here were averaged over 20 nm wavelength intervals. i.e. absorption at 400 nm were average by absorption data between 390 nm to 410 nm. All data have been blank corrected by averaging all blank filter in this mission (2-3 blank filters per flight). Data are reported under STP, which is T=273K & p=1013 mb. When using the data, the absorption had better to corrected by higher wavelength, ie Abs700 for baseline drift. UNCERTAINTY: Data may have smearing issues. If we do not account for smearing or blank, the uncertainty is ~5%
UNCERTAINTY: Data may have smearing issues. If we do not account for smearing or blank, the uncertainty is ~5%
ULOD_FLAG: -7777
ULOD_VALUE: N/A
LLOD_FLAG: -8888
LLOD_VALUE: N/A
DM_CONTACT_INFO: lhzeng@gatech.edu
PROJECT_INFO: FIREX-AQ, 2019
STIPULATIONS_ON_USE: Use of these data require prior ok from PI.
OTHER_COMMENTS: N/A
REVISION: R0
RA: Preliminary Data.  For in-field use only.
Time_Start, Time_Stop, Time_Mid, WSAbs300, WSAbs320, WSAbs340, WSAbs360, WSAbs380, WSAbs400, WSAbs420, WSAbs440, WSAbs460, WSAbs480, WSAbs500, WSAbs520, WSAbs540, WSAbs560, WSAbs580, WSAbs600, WSAbs620, WSAbs640, WSAbs660, WSAbs680, WSAbs700, WSAbs365
76216,76367,76292,5.28586,4.59061,3.34483,2.85258,2.32156,2.00618,1.6916,1.50756,1.29917,1.14204,1.04957,0.874473,0.845584,0.722253,0.708517,0.69997,0.5754,0.455342,0.474158,0.432519,0.202262,2.60513
76367,76517,76442,6.51971,3.94672,3.12647,1.99119,1.58791,1.21868,0.912636,0.69689,0.556554,0.457451,0.461433,0.330312,0.278359,0.227944,0.217585,0.205999,0.160698,0.107001,0.138318,0.0698261,0.0371672,1.86765
76518,76668,76593,4.10477,2.8056,1.91089,1.54667,1.13324,0.958857,0.792365,0.63769,0.5287,0.457788,0.400165,0.373547,0.343368,0.260762,0.271493,0.217183,0.233693,0.160652,0.189454,0.131904,0.0754428,1.38626
76668,76818,76743,4.25958,2.00957,1.47439,1.13073,0.936441,0.711633,0.524174,0.427752,0.333187,0.280093,0.21669,0.172177,0.176224,0.0921723,0.0588406,0.0470734,0.0281297,-0.00848092,-0.00151049,-0.0228799,-0.10031,1.06328
76819,76969,76894,11.0537,9.17547,6.62998,5.05592,3.91684,3.07987,2.62555,2.21896,1.77749,1.47566,1.54087,1.09037,0.926594,0.869296,0.790402,0.625393,0.579442,0.346375,0.417852,0.326566,-0.0417432,4.63349
76970,77120,77045,0.932812,0.822617,0.461356,0.263655,0.150454,0.0481999,-0.0171548,-0.0701308,-0.129188,-0.12868,-0.150611,-0.162962,-0.189603,-0.203574,-0.228862,-0.228106,-0.226394,-0.258101,-0.251274,-0.243124,-0.291815,0.216159
77120,77270,77195,3.09643,1.42179,1.08929,0.641688,0.475021,0.308347,0.205861,0.1084,0.0541853,-0.016134,-0.0325092,-0.0675444,-0.100007,-0.116144,-0.141577,-0.167041,-0.158389,-0.185746,-0.200399,-0.198911,-0.262201,0.605079
77271,77421,77346,3.29919,1.70494,1.12813,0.659795,0.430257,0.214168,0.118848,0.0165555,-0.0497352,-0.107841,-0.127631,-0.173986,-0.18259,-0.208458,-0.210753,-0.224641,-0.242162,-0.259125,-0.268323,-0.267859,-0.30808,0.58429
77421,77571,77496,10.804,8.65281,5.90732,3.30322,2.36837,1.56576,1.08206,0.645406,0.433615,0.260657,0.128278,0.0665771,0.0177447,-0.0928494,-0.107396,-0.170686,-0.203335,-0.267503,-0.226795,-0.260297,-0.324707,3.06442
77572,77722,77647,3.89976,2.05591,1.76354,1.10666,0.830664,0.517609,0.337569,0.256632,0.0940364,0.0504062,0.0605377,-0.0475468,-0.11536,-0.150792,-0.189865,-0.178767,-0.216031,-0.264816,-0.254913,-0.262823,-0.346653,1.00746
77722,77872,77797,6.03164,3.05572,1.83445,1.34789,0.840539,0.560704,0.349843,0.195046,0.0755145,-0.0185724,-0.0576952,-0.0988985,-0.138452,-0.175533,-0.196664,-0.221771,-0.228156,-0.272502,-0.252662,-0.271658,-0.316037,1.14563
77873,78023,77948,1.06616,0.909508,0.651183,0.388665,0.258128,0.157737,0.0543844,0.035479,-0.0301904,-0.0677799,-0.0947115,-0.0946608,-0.150243,-0.151116,-0.189428,-0.188547,-0.216753,-0.247918,-0.229411,-0.274591,-0.33797,0.33797
78023,78173,78098,4.13689,2.32757,1.6268,0.88308,0.544924,0.314891,0.13633,0.0143134,-0.0917474,-0.14125,-0.192048,-0.214029,-0.235373,-0.251565,-0.262399,-0.273786,-0.290156,-0.303772,-0.303859,-0.313343,-0.338915,0.797449
78174,78324,78249,0.4596,0.199419,0.136662,0.00132772,-0.0550333,-0.0884994,-0.129999,-0.154905,-0.191723,-0.20672,-0.200148,-0.210836,-0.230873,-0.246809,-0.242112,-0.23535,-0.260825,-0.267064,-0.270161,-0.265901,-0.310969,-0.0207313
78324,78474,78399,3.54061,1.4803,1.12434,0.586987,0.28393,0.111991,0.015288,-0.0987471,-0.159906,-0.196661,-0.245658,-0.25137,-0.283421,-0.319334,-0.322522,-0.332359,-0.337043,-0.363918,-0.366261,-0.353948,-0.397779,0.485095
78475,78625,78550,5.31709,2.79949,1.84501,1.32726,0.928995,0.613181,0.392537,0.274038,0.12523,0.036007,0.0404713,-0.0511972,-0.062908,-0.127647,-0.159018,-0.176511,-0.208013,-0.253158,-0.243797,-0.264131,-0.320472,1.2302
78625,78775,78700,2.66226,1.9287,1.62708,1.27589,0.944354,0.731659,0.60697,0.485252,0.360893,0.269852,0.170592,0.133386,0.161261,0.0106009,0.0328291,-0.0311013,-0.0756504,-0.157466,-0.0952565,-0.124573,-0.339968,1.13599
78776,78926,78851,2.64798,1.70368,1.22504,0.770191,0.45103,0.313357,0.178164,0.0846158,0.00141173,-0.0660283,-0.0675922,-0.127222,-0.133055,-0.175952,-0.185077,-0.199831,-0.213451,-0.234445,-0.217119,-0.228825,-0.278533,0.649911
78926,79076,79001,1.2677,0.739045,0.386586,0.228576,0.122879,0.0411728,-0.0195387,-0.047994,-0.0996964,-0.132046,-0.139289,-0.141066,-0.161501,-0.18823,-0.193089,-0.187852,-0.205204,-0.208426,-0.218769,-0.228591,-0.252746,0.193772
79077,79227,79152,0.534965,0.191274,0.0302833,-0.0286623,-0.0834187,-0.123703,-0.14962,-0.17044,-0.191708,-0.21307,-0.213627,-0.220489,-0.219515,-0.239319,-0.244013,-0.246921,-0.25754,-0.250013,-0.26101,-0.247413,-0.2836,-0.0515636
79227,79377,79302,0.494974,0.101773,0.0246416,-0.0337854,-0.0738218,-0.0970521,-0.119165,-0.145894,-0.167789,-0.18038,-0.170914,-0.179036,-0.200043,-0.196331,-0.19643,-0.216476,-0.203449,-0.211855,-0.218044,-0.223072,-0.242087,-0.0500868
79378,79528,79453,-0.121699,-0.190678,-0.198189,-0.235679,-0.242566,-0.25233,-0.271622,-0.284397,-0.290584,-0.295723,-0.291823,-0.294155,-0.309605,-0.301348,-0.304111,-0.313616,-0.320186,-0.322231,-0.311567,-0.33318,-0.334599,-0.241655
79528,79678,79603,-0.564188,-0.485067,-0.463129,-0.428474,-0.407252,-0.372689,-0.358559,-0.357186,-0.348931,-0.333973,-0.350868,-0.333339,-0.335811,-0.319556,-0.318842,-0.32552,-0.309965,-0.316857,-0.313194,-0.315862,-0.299576,-0.429
79679,79829,79754,-0.0523351,-0.111798,-0.124086,-0.143445,-0.155609,-0.158639,-0.164586,-0.17991,-0.177425,-0.184721,-0.183773,-0.178908,-0.195464,-0.194706,-0.180757,-0.186785,-0.182196,-0.187665,-0.183715,-0.200378,-0.201776,-0.159297
79829,79979,79904,0.20349,-0.000527656,-0.0656845,-0.114975,-0.13666,-0.158656,-0.162333,-0.175686,-0.176946,-0.175473,-0.187351,-0.195872,-0.195439,-0.194568,-0.199322,-0.194672,-0.198828,-0.184894,-0.195219,-0.196026,-0.203246,-0.128366
79980,80130,80055,-0.668731,-0.649311,-0.629164,-0.580409,-0.560567,-0.534145,-0.523688,-0.499476,-0.48653,-0.479129,-0.490155,-0.46436,-0.476509,-0.463878,-0.447027,-0.424983,-0.422605,-0.417477,-0.419633,-0.366781,-0.340506,-0.590211
80131,80281,80206,-0.82087,-0.643803,-0.588723,-0.55663,-0.529205,-0.510432,-0.490951,-0.472928,-0.455247,-0.429738,-0.454995,-0.420484,-0.428035,-0.415228,-0.421967,-0.394578,-0.37551,-0.379267,-0.372737,-0.379624,-0.300023,-0.558665
80281,80431,80356,-0.845187,-0.738726,-0.740045,-0.686766,-0.656345,-0.631265,-0.609656,-0.589741,-0.563085,-0.548061,-0.574577,-0.536587,-0.530811,-0.517175,-0.514751,-0.490044,-0.470111,-0.458932,-0.474381,-0.464278,-0.385523,-0.680336
80432,80582,80507,-1.22308,-1.21565,-0.958796,-0.854003,-0.743289,-0.661299,-0.640502,-0.569505,-0.533884,-0.52227,-0.510726,-0.488649,-0.479041,-0.45774,-0.442264,-0.40162,-0.401001,-0.386656,-0.377335,-0.369003,-0.294788,-0.821194
80582,80732,80657,-1.47605,-1.06789,-0.962955,-0.84865,-0.824024,-0.752002,-0.705955,-0.668215,-0.63551,-0.627934,-0.64721,-0.645022,-0.58567,-0.567114,-0.578127,-0.536379,-0.526301,-0.484724,-0.50252,-0.463959,-0.320212,-0.864574
80733,80883,80808,-1.74483,-1.1415,-1.11752,-0.964318,-0.897445,-0.800991,-0.783507,-0.714799,-0.70837,-0.648377,-0.648884,-0.587844,-0.658498,-0.581673,-0.56957,-0.529401,-0.523317,-0.449153,-0.51227,-0.472801,-0.282986,-0.950022
80883,81033,80958,-1.96718,-1.39874,-1.23935,-1.03321,-0.879725,-0.849499,-0.760219,-0.71277,-0.664112,-0.631186,-0.584528,-0.569417,-0.569002,-0.536153,-0.529712,-0.487725,-0.507918,-0.447345,-0.461868,-0.42136,-0.344329,-0.999663
81034,81184,81109,-1.2327,-1.07591,-1.17358,-1.04138,-1.0197,-1.01648,-0.92921,-0.956862,-0.902935,-0.862765,-0.926374,-0.876766,-0.899223,-0.840278,-0.893673,-0.846433,-0.861094,-0.802814,-0.833334,-0.72477,-0.238084,-1.05585
81184,81334,81259,-1.41608,-1.07328,-0.861965,-0.726573,-0.642947,-0.581636,-0.537073,-0.499524,-0.456858,-0.447489,-0.451756,-0.414295,-0.40472,-0.403089,-0.382965,-0.375996,-0.365819,-0.359263,-0.353808,-0.358141,-0.338533,-0.709827
81335,81485,81410,-0.833349,-0.701874,-0.626914,-0.52164,-0.502167,-0.467477,-0.449721,-0.423115,-0.413632,-0.389629,-0.387434,-0.386602,-0.376468,-0.369675,-0.351397,-0.34932,-0.349508,-0.331554,-0.347953,-0.354824,-0.33039,-0.536883
81485,81635,81560,-1.69826,-1.29037,-1.17572,-1.01677,-0.940857,-0.850314,-0.8185,-0.766672,-0.719788,-0.676766,-0.714909,-0.641354,-0.651364,-0.633575,-0.600395,-0.608438,-0.58847,-0.553941,-0.562258,-0.521092,-0.500182,-1.00036
81636,81786,81711,-1.7585,-1.65525,-1.10111,-0.913721,-0.758372,-0.642127,-0.598706,-0.5023,-0.477574,-0.435337,-0.419538,-0.37345,-0.367564,-0.343106,-0.341351,-0.319259,-0.31728,-0.280555,-0.302965,-0.284413,-0.256359,-0.902382
81786,81936,81861,-2.00946,-1.32361,-1.12063,-0.915457,-0.80644,-0.733818,-0.643025,-0.607453,-0.586343,-0.542718,-0.533395,-0.516417,-0.48324,-0.485051,-0.473871,-0.471634,-0.462134,-0.441292,-0.448171,-0.450138,-0.42911,-0.902231
81937,82087,82012,-2.07537,-1.34079,-1.07933,-0.97746,-0.857964,-0.753726,-0.684886,-0.621025,-0.564842,-0.549103,-0.516984,-0.465057,-0.44658,-0.428821,-0.439127,-0.405689,-0.409811,-0.331356,-0.355233,-0.362961,-0.253255,-0.94971
82087,82237,82162,-1.95675,-1.36519,-1.19548,-0.884718,-0.711967,-0.622073,-0.546676,-0.510952,-0.456326,-0.418982,-0.408559,-0.396048,-0.382527,-0.365863,-0.363046,-0.360077,-0.343397,-0.334157,-0.326786,-0.332483,-0.328793,-0.843903
82238,82388,82313,-2.99123,-1.58783,-1.37579,-0.96166,-0.827811,-0.692789,-0.579979,-0.511497,-0.459079,-0.400892,-0.377241,-0.37967,-0.342349,-0.320989,-0.299615,-0.289445,-0.279435,-0.252742,-0.2442,-0.253817,-0.212882,-0.952902
82388,82538,82463,-2.05299,-1.4678,-1.30213,-1.02128,-0.932027,-0.774441,-0.695059,-0.600044,-0.555331,-0.510136,-0.473251,-0.456488,-0.425942,-0.404237,-0.397999,-0.367105,-0.350732,-0.315873,-0.335086,-0.299368,-0.256373,-1.0255
82539,82689,82614,-1.96679,-1.38445,-1.1046,-0.906259,-0.734392,-0.650169,-0.560221,-0.530677,-0.467301,-0.440486,-0.409062,-0.401032,-0.384831,-0.355269,-0.348229,-0.33958,-0.312673,-0.304351,-0.296588,-0.302836,-0.278516,-0.855438
82689,82839,82764,-5.27196,-2.23655,-1.75972,-1.19769,-0.863642,-0.698624,-0.597493,-0.520363,-0.444419,-0.407364,-0.388984,-0.372783,-0.369264,-0.339969,-0.335967,-0.331057,-0.314412,-0.29844,-0.300875,-0.294905,-0.305122,-1.08972
82840,82990,82915,-3.51496,-1.66262,-1.44632,-0.996472,-0.823039,-0.702728,-0.608503,-0.53612,-0.475057,-0.449718,-0.436511,-0.390602,-0.372547,-0.38202,-0.358001,-0.344974,-0.338738,-0.332687,-0.329546,-0.31151,-0.31741,-0.982946
82991,83141,83066,-4.25604,-2.72122,-1.97238,-1.33121,-0.98174,-0.804048,-0.698992,-0.581073,-0.531465,-0.472189,-0.435462,-0.407493,-0.386428,-0.37596,-0.361301,-0.36408,-0.341659,-0.34256,-0.343215,-0.326198,-0.326006,-1.23882
83141,83291,83216,-1.42681,-1.04907,-0.887705,-0.743804,-0.654704,-0.550191,-0.503143,-0.47653,-0.446159,-0.410586,-0.396035,-0.402551,-0.381827,-0.366799,-0.365279,-0.350061,-0.336754,-0.331561,-0.33272,-0.329279,-0.307556,-0.714323
83292,83442,83367,-2.81766,-1.9871,-1.56346,-1.31763,-1.01821,-0.883136,-0.719266,-0.633338,-0.556001,-0.490691,-0.483173,-0.457145,-0.412678,-0.402028,-0.368033,-0.364832,-0.342118,-0.312537,-0.323445,-0.332866,-0.289768,-1.21274
83442,83592,83517,-3.36548,-2.00699,-1.37998,-1.15968,-1.04128,-0.848694,-0.780857,-0.672672,-0.60953,-0.554928,-0.533489,-0.542596,-0.458873,-0.455044,-0.398618,-0.395832,-0.385967,-0.355763,-0.37304,-0.35616,-0.275708,-1.16191
83593,83743,83668,-2.00571,-1.92698,-1.51224,-1.24314,-1.13852,-0.9686,-0.891109,-0.797311,-0.738621,-0.645592,-0.63384,-0.616488,-0.532717,-0.496899,-0.525365,-0.47021,-0.437948,-0.402958,-0.389647,-0.392806,-0.286768,-1.25329
83743,83893,83818,-2.31986,-1.79488,-1.55602,-1.21529,-1.0517,-0.936607,-0.786487,-0.734145,-0.647896,-0.599006,-0.618221,-0.542508,-0.497645,-0.486765,-0.433996,-0.42541,-0.390071,-0.358073,-0.386348,-0.367445,-0.273317,-1.15401
83894,84044,83969,-2.94851,-2.03618,-1.74338,-1.47578,-1.31973,-1.14949,-1.01855,-0.917446,-0.863202,-0.74705,-0.726411,-0.693402,-0.609377,-0.651901,-0.584863,-0.529312,-0.5276,-0.466521,-0.475434,-0.434113,-0.296705,-1.42647
84044,84194,84119,-5.83342,-3.42305,-2.4906,-1.55548,-1.19342,-0.957561,-0.780001,-0.673345,-0.595206,-0.520181,-0.468732,-0.46698,-0.427547,-0.417751,-0.387177,-0.382153,-0.373339,-0.35571,-0.360948,-0.350152,-0.330871,-1.51099
84195,84345,84270,-5.81322,-3.19212,-2.08991,-1.55982,-1.29151,-1.07432,-0.894901,-0.764908,-0.723284,-0.642743,-0.64725,-0.582985,-0.569794,-0.562327,-0.529362,-0.513488,-0.523951,-0.492355,-0.506559,-0.472957,-0.491835,-1.51064
84345,84495,84420,-3.47417,-2.14655,-1.87022,-1.25242,-0.996024,-0.793966,-0.640098,-0.560531,-0.468747,-0.409574,-0.362911,-0.338382,-0.317815,-0.29773,-0.27549,-0.256291,-0.257234,-0.215742,-0.213094,-0.227907,-0.185348,-1.18841
84496,84646,84571,-2.78957,-2.21529,-1.92509,-1.49244,-1.20567,-1.08275,-0.976896,-0.82458,-0.770506,-0.665385,-0.685368,-0.576152,-0.580543,-0.501807,-0.508091,-0.495866,-0.444028,-0.351498,-0.394254,-0.382064,-0.220368,-1.41499
84646,84796,84721,-3.5091,-2.54736,-1.8461,-1.23211,-1.02721,-0.838057,-0.705674,-0.614955,-0.532517,-0.463699,-0.435111,-0.425675,-0.379423,-0.335779,-0.310466,-0.296514,-0.286685,-0.261293,-0.266192,-0.267604,-0.230014,-1.21579
84797,84948,84872,-2.22184,-1.75778,-1.79265,-1.47576,-1.52467,-1.51811,-1.49526,-1.39614,-1.35712,-1.3554,-1.59146,-1.46018,-1.37201,-1.28482,-1.47764,-1.46898,-1.4681,-1.25923,-1.16105,-1.18673,-0.266917,-1.53187
84948,85099,85024,-1.97044,-1.37432,-1.38558,-1.27121,-1.24601,-1.17814,-1.19007,-1.11169,-1.11496,-1.0984,-1.2438,-1.2023,-1.00671,-1.08343,-1.13702,-1.02329,-1.02153,-1.00167,-1.00929,-0.927914,-0.30876,-1.25633
85099,85249,85174,-2.0735,-1.74833,-1.60468,-1.50379,-1.36608,-1.34689,-1.33957,-1.22232,-1.17594,-1.1645,-1.32209,-1.28291,-1.05394,-1.13586,-1.01817,-1.04638,-1.07169,-0.970184,-1.01937,-0.913948,-0.275367,-1.4801
85250,85400,85325,-4.70888,-2.46302,-1.94534,-1.46845,-1.19348,-0.974496,-0.846497,-0.76431,-0.66551,-0.63221,-0.588525,-0.586292,-0.556557,-0.531054,-0.530239,-0.49872,-0.494968,-0.47882,-0.47808,-0.456014,-0.465537,-1.36413
85400,85550,85475,-3.80944,-2.89731,-2.16418,-1.57615,-1.22942,-1.02155,-0.897191,-0.74875,-0.649526,-0.578354,-0.527563,-0.486027,-0.435235,-0.41138,-0.396326,-0.395172,-0.363565,-0.316803,-0.340898,-0.301349,-0.266315,-1.49802
85551,85701,85626,-4.05266,-1.88593,-1.34282,-0.977334,-0.793121,-0.633699,-0.559405,-0.476525,-0.439785,-0.411895,-0.407657,-0.362556,-0.352096,-0.338965,-0.337248,-0.33668,-0.331024,-0.324552,-0.321225,-0.306478,-0.323379,-0.942417
85701,85851,85776,-2.36486,-1.49908,-1.08376,-0.808444,-0.662132,-0.521909,-0.440582,-0.383591,-0.32469,-0.297171,-0.289526,-0.261945,-0.253454,-0.238826,-0.243887,-0.23673,-0.223854,-0.21227,-0.224298,-0.231579,-0.219493,-0.785112
85852,86002,85927,-1.19619,-0.987699,-0.912415,-0.845518,-0.805393,-0.781117,-0.769673,-0.721657,-0.690655,-0.723955,-0.679507,-0.754532,-0.744398,-0.730456,-0.705288,-0.636921,-0.580061,-0.572787,-0.638895,-0.541962,-0.197318,-0.87149
86002,86152,86077,-1.76673,-1.36492,-1.22447,-0.953014,-0.889338,-0.828058,-0.737949,-0.685538,-0.65144,-0.59994,-0.567264,-0.554983,-0.585637,-0.558322,-0.511682,-0.425675,-0.444812,-0.356053,-0.406077,-0.364945,-0.137566,-0.962961
86153,86303,86228,-1.66774,-1.25205,-0.967198,-0.760904,-0.63961,-0.565039,-0.514717,-0.476062,-0.429784,-0.399849,-0.386126,-0.344877,-0.33815,-0.314064,-0.312371,-0.302394,-0.302851,-0.278757,-0.28978,-0.281135,-0.252062,-0.739924
86304,86454,86379,-1.99934,-1.24235,-0.980685,-0.837692,-0.744608,-0.613444,-0.5524,-0.489678,-0.417115,-0.369219,-0.413088,-0.360023,-0.337687,-0.284243,-0.289078,-0.258614,-0.210329,-0.171383,-0.218036,-0.212745,-0.089593,-0.815296
86454,86604,86529,-0.937265,-0.830306,-0.825755,-0.652757,-0.61529,-0.58908,-0.544535,-0.496857,-0.502443,-0.450517,-0.483212,-0.416375,-0.442626,-0.383782,-0.396151,-0.359637,-0.354004,-0.348555,-0.329441,-0.331588,-0.20292,-0.665575
