Data/Raw/WEBER,RODNEY/FIREXAQ-SAGA-MC-BrC_DC8_20190813_R0.ict
56, 1001
Weber, Rodney
Georgia Institute of Technology
Water soluble brown carbon measured with mist chamber-LWCC
FIREXAQ
1, 1
2019, 08, 13, 2020, 03, 06
0
Time_Start, seconds_past_midnight, Time_Start, seconds_past_midnight
24
1, 1, 1, 1, 1, 1, 1, 1, 1, 1, 1, 1, 1, 1, 1, 1, 1, 1, 1, 1, 1, 1, 1, 1
-9999, -9999, -9999, -9999, -9999, -9999, -9999, -9999, -9999, -9999, -9999, -9999, -9999, -9999, -9999, -9999, -9999, -9999, -9999, -9999, -9999, -9999, -9999, -9999
Time_Stop, seconds_past_midnight, Time_Stop, seconds_past_midnight
Time_Mid, seconds_past_midnight, Time_Mid, seconds_past_midnight
WSAbs300, Mm-1, AerOpt_AbsorptionBrC_InSitu_UVtoRed_None_Bulk_STP, Water Soluble Brown Carbon absorption at 300 nm
WSAbs320, Mm-1, AerOpt_AbsorptionBrC_InSitu_UVtoRed_None_Bulk_STP, Water Soluble Brown Carbon absorption at 320 nm
WSAbs340, Mm-1, AerOpt_AbsorptionBrC_InSitu_UVtoRed_None_Bulk_STP, Water Soluble Brown Carbon absorption at 340 nm
WSAbs360, Mm-1, AerOpt_AbsorptionBrC_InSitu_UVtoRed_None_Bulk_STP, Water Soluble Brown Carbon absorption at 360 nm
WSAbs380, Mm-1, AerOpt_AbsorptionBrC_InSitu_UVtoRed_None_Bulk_STP, Water Soluble Brown Carbon absorption at 380 nm
WSAbs400, Mm-1, AerOpt_AbsorptionBrC_InSitu_UVtoRed_None_Bulk_STP, Water Soluble Brown Carbon absorption at 400 nm
WSAbs420, Mm-1, AerOpt_AbsorptionBrC_InSitu_UVtoRed_None_Bulk_STP, Water Soluble Brown Carbon absorption at 420 nm
WSAbs440, Mm-1, AerOpt_AbsorptionBrC_InSitu_UVtoRed_None_Bulk_STP, Water Soluble Brown Carbon absorption at 440 nm
WSAbs460, Mm-1, AerOpt_AbsorptionBrC_InSitu_UVtoRed_None_Bulk_STP, Water Soluble Brown Carbon absorption at 460 nm
WSAbs480, Mm-1, AerOpt_AbsorptionBrC_InSitu_UVtoRed_None_Bulk_STP, Water Soluble Brown Carbon absorption at 480 nm
WSAbs500, Mm-1, AerOpt_AbsorptionBrC_InSitu_UVtoRed_None_Bulk_STP, Water Soluble Brown Carbon absorption at 500 nm
WSAbs520, Mm-1, AerOpt_AbsorptionBrC_InSitu_UVtoRed_None_Bulk_STP, Water Soluble Brown Carbon absorption at 520 nm
WSAbs540, Mm-1, AerOpt_AbsorptionBrC_InSitu_UVtoRed_None_Bulk_STP, Water Soluble Brown Carbon absorption at 540 nm
WSAbs560, Mm-1, AerOpt_AbsorptionBrC_InSitu_UVtoRed_None_Bulk_STP, Water Soluble Brown Carbon absorption at 560 nm
WSAbs580, Mm-1, AerOpt_AbsorptionBrC_InSitu_UVtoRed_None_Bulk_STP, Water Soluble Brown Carbon absorption at 580 nm
WSAbs600, Mm-1, AerOpt_AbsorptionBrC_InSitu_UVtoRed_None_Bulk_STP, Water Soluble Brown Carbon absorption at 600 nm
WSAbs620, Mm-1, AerOpt_AbsorptionBrC_InSitu_UVtoRed_None_Bulk_STP, Water Soluble Brown Carbon absorption at 620 nm
WSAbs640, Mm-1, AerOpt_AbsorptionBrC_InSitu_UVtoRed_None_Bulk_STP, Water Soluble Brown Carbon absorption at 640 nm
WSAbs660, Mm-1, AerOpt_AbsorptionBrC_InSitu_UVtoRed_None_Bulk_STP, Water Soluble Brown Carbon absorption at 660 nm
WSAbs680, Mm-1, AerOpt_AbsorptionBrC_InSitu_UVtoRed_None_Bulk_STP, Water Soluble Brown Carbon absorption at 680 nm
WSAbs700, Mm-1, AerOpt_AbsorptionBrC_InSitu_UVtoRed_None_Bulk_STP, Water Soluble Brown Carbon absorption at 700 nm
WSAbs365, Mm-1, AerOpt_AbsorptionBrC_InSitu_UVtoRed_None_Bulk_STP, Water Soluble Brown Carbon absorption at 365 nm
0
18
PI_CONTACT_INFO: rweber@eas.gatech.edu
PLATFORM: NASA DC-8 aircraft
LOCATION: Aircraft location is given by the navigational file
ASSOCIATED_DATA: N/A
[...]
DATA_INFO: Samples collected by mist chamber were injected through 0.22 pore size syringe filter and then a 2.5 m path length LWCC, and light absorption was measured by Ocean Optics USB4000 spectrometer. Absorption from 300 to 700 nm were recorded. Absorption of pure solvent was subtracted from the sample. Raw absorption data were processed by the equation Abs=Raw*(Volume of liquid in the mist chamber)/(Volume of air collected at STP)/(Optical Path Length, 2.5m here)*ln(10). Data reported here were averaged over 20 nm wavelength intervals. i.e. absorption at 400 nm were average by absorption data between 390 nm to 410 nm. All data have been blank corrected by averaging all blank filter in this mission (2-3 blank filters per flight). Data are reported under STP, which is T=273K & p=1013 mb. When using the data, the absorption had better to corrected by higher wavelength, ie Abs700 for baseline drift. UNCERTAINTY: Data may have smearing issues. If we do not account for smearing or blank, the uncertainty is ~5%
UNCERTAINTY: Data may have smearing issues. If we do not account for smearing or blank, the uncertainty is ~5%
ULOD_FLAG: -7777
ULOD_VALUE: N/A
LLOD_FLAG: -8888
LLOD_VALUE: N/A
DM_CONTACT_INFO: lhzeng@gatech.edu
PROJECT_INFO: FIREX-AQ, 2019
STIPULATIONS_ON_USE: Use of these data require prior ok from PI.
OTHER_COMMENTS: N/A
REVISION: R0
RA: Preliminary Data.  For in-field use only.
Time_Start, Time_Stop, Time_Mid, WSAbs300, WSAbs320, WSAbs340, WSAbs360, WSAbs380, WSAbs400, WSAbs420, WSAbs440, WSAbs460, WSAbs480, WSAbs500, WSAbs520, WSAbs540, WSAbs560, WSAbs580, WSAbs600, WSAbs620, WSAbs640, WSAbs660, WSAbs680, WSAbs700, WSAbs365
76208,76358,76283,3.0077,2.63483,2.00057,1.63368,1.36816,1.12085,0.963836,0.78227,0.678229,0.588743,0.56068,0.530548,0.477123,0.411909,0.388235,0.347465,0.320921,0.234714,0.250342,0.202002,0.0960011,1.49762
76359,76509,76434,2.72278,1.9043,1.63811,1.29154,1.14595,1.00922,0.865535,0.763652,0.709759,0.621998,0.624281,0.538248,0.563333,0.463538,0.421474,0.431394,0.386062,0.331422,0.364304,0.301308,0.157919,1.26334
76509,76659,76584,2.73501,1.65349,1.0154,0.791493,0.565419,0.439658,0.354207,0.285044,0.227975,0.197493,0.168553,0.152024,0.137452,0.137955,0.116856,0.104862,0.0895619,0.0883367,0.0807109,0.0536384,0.051357,0.708726
76660,76810,76735,1.45567,1.10928,0.698019,0.506056,0.398474,0.332475,0.250332,0.206084,0.152476,0.143046,0.105495,0.114735,0.0926331,0.0818906,0.0616794,0.0593361,0.0498976,0.0479051,0.0408547,0.00547566,0.00984581,0.49229
76810,76960,76885,1.01556,0.532447,0.393664,0.311245,0.231847,0.171451,0.105498,0.0903438,0.0605982,0.037476,0.0498694,-0.0169958,-0.00888686,-0.0449832,-0.0318362,-0.049944,-0.0621538,-0.0966636,-0.0808795,-0.106089,-0.163434,0.256826
76961,77111,77036,2.43736,1.1976,0.58692,0.381552,0.230438,0.119434,0.0418282,-0.00938084,-0.0301595,-0.0580433,-0.0622799,-0.0787326,-0.104896,-0.0919735,-0.115926,-0.116393,-0.109456,-0.134821,-0.120124,-0.130571,-0.142752,0.329426
77111,77261,77186,2.02821,1.08862,0.824682,0.519631,0.328462,0.238497,0.134534,0.0766766,0.0158465,-0.0272371,-0.0356904,-0.0561902,-0.0989721,-0.0794322,-0.1316,-0.123196,-0.139993,-0.183649,-0.148213,-0.169334,-0.221418,0.431766
77262,77412,77337,-0.0273593,-0.110714,-0.157481,-0.155267,-0.169874,-0.1805,-0.183647,-0.188475,-0.194735,-0.214486,-0.210402,-0.211273,-0.204281,-0.213124,-0.216338,-0.221637,-0.22825,-0.237737,-0.229597,-0.257132,-0.277476,-0.170755
77412,77562,77487,0.803628,0.46061,0.344374,0.0847797,-0.0161544,-0.0939754,-0.147667,-0.190424,-0.201199,-0.219536,-0.242414,-0.250309,-0.260782,-0.270483,-0.272146,-0.270049,-0.279619,-0.290866,-0.296929,-0.269927,-0.307035,0.0568583
77563,77713,77638,0.439639,0.120658,0.0273745,-0.120943,-0.147752,-0.191523,-0.23009,-0.265797,-0.307512,-0.325645,-0.330545,-0.330294,-0.365322,-0.368315,-0.383022,-0.414495,-0.424048,-0.442263,-0.415099,-0.43348,-0.504838,-0.126209
77713,77863,77788,1.62119,0.685141,0.480875,0.109942,-0.0304108,-0.139355,-0.218419,-0.282612,-0.321677,-0.345475,-0.381051,-0.396378,-0.414734,-0.435034,-0.453089,-0.453793,-0.467607,-0.481838,-0.482778,-0.485181,-0.513387,0.0781242
77864,78014,77939,-0.0428157,-0.249365,-0.323406,-0.416611,-0.455373,-0.480305,-0.512619,-0.52252,-0.533355,-0.542751,-0.535276,-0.551842,-0.554245,-0.547456,-0.547357,-0.5455,-0.555805,-0.551057,-0.557357,-0.515056,-0.568,-0.439124
78014,78164,78089,-0.29222,-0.365556,-0.358491,-0.431288,-0.474448,-0.505851,-0.517772,-0.538466,-0.53842,-0.552761,-0.557085,-0.571296,-0.582395,-0.585363,-0.587579,-0.580241,-0.596796,-0.598356,-0.587198,-0.595123,-0.625527,-0.457976
78165,78315,78240,0.189171,-0.0160723,-0.160284,-0.30396,-0.392198,-0.426979,-0.478392,-0.508667,-0.540952,-0.558049,-0.571069,-0.57825,-0.572837,-0.590085,-0.590728,-0.602668,-0.606602,-0.601442,-0.609137,-0.583567,-0.625292,-0.339142
78315,78465,78390,0.0203115,-0.262902,-0.392562,-0.464112,-0.50847,-0.527285,-0.550496,-0.556095,-0.565099,-0.565935,-0.5839,-0.58012,-0.584211,-0.587019,-0.596371,-0.581922,-0.585967,-0.582037,-0.59629,-0.586733,-0.602715,-0.484325
78466,78616,78541,-0.163675,-0.317723,-0.365232,-0.442341,-0.47281,-0.50236,-0.514953,-0.537943,-0.550313,-0.559098,-0.554344,-0.570165,-0.579037,-0.570482,-0.591479,-0.577342,-0.597912,-0.600289,-0.594828,-0.539233,-0.630912,-0.464882
78618,78768,78693,1.31291,0.394624,0.145899,-0.0116862,-0.153232,-0.249645,-0.315083,-0.396248,-0.433165,-0.466513,-0.512804,-0.530589,-0.546324,-0.544256,-0.56751,-0.593072,-0.587557,-0.612811,-0.604796,-0.577692,-0.656221,-0.0765593
78769,78919,78844,-0.41971,-0.47519,-0.544824,-0.593489,-0.61528,-0.63602,-0.647516,-0.664301,-0.65781,-0.681916,-0.680598,-0.688201,-0.686896,-0.68729,-0.685054,-0.687167,-0.702753,-0.693898,-0.697857,-0.663601,-0.716637,-0.604662
78919,79069,78994,-0.08914,-0.341486,-0.500168,-0.614229,-0.666799,-0.714799,-0.746794,-0.759858,-0.772782,-0.788191,-0.775394,-0.788899,-0.794538,-0.792066,-0.798599,-0.811856,-0.813473,-0.8076,-0.800611,-0.754784,-0.821273,-0.6437
79070,79220,79145,1.98287,0.412951,-0.026846,-0.360973,-0.513894,-0.644864,-0.707085,-0.761501,-0.796431,-0.829925,-0.858086,-0.861193,-0.861172,-0.874117,-0.891701,-0.896537,-0.896302,-0.893578,-0.895071,-0.86178,-0.919036,-0.420763
79220,79370,79295,0.000808748,-0.34972,-0.435617,-0.561161,-0.631232,-0.672432,-0.718163,-0.735724,-0.751865,-0.753747,-0.754862,-0.763953,-0.762626,-0.779708,-0.764075,-0.781078,-0.773404,-0.785493,-0.781194,-0.776065,-0.793691,-0.595269
79371,79521,79446,-0.390953,-0.529484,-0.600341,-0.717146,-0.780921,-0.800243,-0.812176,-0.846506,-0.856212,-0.861039,-0.867693,-0.868627,-0.875126,-0.885338,-0.877748,-0.888584,-0.880305,-0.890968,-0.888547,-0.848038,-0.903471,-0.740193
79521,79671,79596,-0.651272,-0.754481,-0.797005,-0.807285,-0.825322,-0.838255,-0.840211,-0.860881,-0.858414,-0.869396,-0.858605,-0.864577,-0.864048,-0.882831,-0.870649,-0.879711,-0.878607,-0.875895,-0.886932,-0.784447,-0.896553,-0.83
79672,79822,79747,-0.30229,-0.573513,-0.701204,-0.74041,-0.7818,-0.820689,-0.846667,-0.858969,-0.868544,-0.877525,-0.888191,-0.897895,-0.903082,-0.912199,-0.914442,-0.910417,-0.907614,-0.924289,-0.93114,-0.875491,-0.946606,-0.772517
79822,79972,79897,-0.775514,-0.815225,-0.846087,-0.863178,-0.871244,-0.876061,-0.899938,-0.90088,-0.906635,-0.904196,-0.907069,-0.903874,-0.913026,-0.905773,-0.917203,-0.920808,-0.910683,-0.915514,-0.912519,-0.889421,-0.938844,-0.871783
79973,80123,80048,-0.728808,-0.833078,-0.861246,-0.876632,-0.904685,-0.918255,-0.913574,-0.9305,-0.936166,-0.939868,-0.941443,-0.943331,-0.936662,-0.950864,-0.94683,-0.951496,-0.943251,-0.945187,-0.949355,-0.935483,-0.962733,-0.897831
80123,80273,80198,-0.96248,-0.958614,-0.953195,-0.944715,-0.958183,-0.943918,-0.953907,-0.95835,-0.949408,-0.948939,-0.946627,-0.948844,-0.959001,-0.945646,-0.955774,-0.951116,-0.957324,-0.960336,-0.953903,-0.870314,-0.963376,-0.963376
80274,80424,80349,-0.512863,-0.768981,-0.773256,-0.831213,-0.855879,-0.884688,-0.902589,-0.910189,-0.92874,-0.929029,-0.927848,-0.94593,-0.947953,-0.945534,-0.945568,-0.950368,-0.957569,-0.976803,-0.965085,-0.935813,-0.990565,-0.849056
80424,80574,80499,2.4488,0.946193,0.545541,0.0772909,-0.163012,-0.350425,-0.478844,-0.575621,-0.635523,-0.695865,-0.706143,-0.750959,-0.769957,-0.777406,-0.810621,-0.816236,-0.829696,-0.84514,-0.833021,-0.819016,-0.896261,-0.0106698
80575,80725,80650,6.73865,3.2105,1.84194,1.08813,0.618215,0.199985,-0.0305795,-0.240772,-0.407236,-0.517769,-0.530391,-0.633019,-0.701436,-0.723198,-0.758811,-0.778506,-0.843808,-0.85926,-0.862074,-0.791652,-0.946884,0.968905
80725,80875,80800,0.620334,0.342871,-0.0100602,-0.230149,-0.36635,-0.449525,-0.561068,-0.630527,-0.702816,-0.71865,-0.748315,-0.799523,-0.824493,-0.827434,-0.832144,-0.866212,-0.906547,-0.918625,-0.916003,-0.885136,-0.998754,-0.24414
80876,81026,80951,1.12131,0.711326,0.380949,0.185511,-0.00359035,-0.187128,-0.301654,-0.373517,-0.469929,-0.520828,-0.561453,-0.597705,-0.639256,-0.693594,-0.721502,-0.746605,-0.753531,-0.799606,-0.766389,-0.810014,-0.942826,0.117853
81027,81177,81102,3.6436,1.4054,0.980599,0.237389,-0.0826596,-0.303224,-0.482629,-0.575789,-0.67999,-0.723883,-0.762444,-0.802986,-0.806356,-0.838616,-0.836352,-0.863007,-0.857587,-0.893395,-0.874407,-0.837583,-0.918183,0.121687
81177,81327,81252,1.23537,0.341977,0.00228991,-0.378439,-0.519274,-0.640459,-0.751894,-0.827539,-0.87129,-0.907945,-0.931377,-0.963615,-0.971796,-1.00941,-1.02698,-1.02851,-1.03457,-1.06084,-1.06035,-0.992385,-1.11135,-0.425625
81328,81478,81403,0.516782,-0.322783,-0.444943,-0.668428,-0.753617,-0.829584,-0.909525,-0.940972,-0.971229,-1.00179,-1.00852,-1.02375,-1.03319,-1.04028,-1.0501,-1.05447,-1.05951,-1.07896,-1.05948,-1.06368,-1.09884,-0.694671
81478,81628,81553,0.290635,-0.4487,-0.619932,-0.75131,-0.837927,-0.905919,-0.9531,-0.987242,-1.02305,-1.0393,-1.05886,-1.06252,-1.08423,-1.09385,-1.09986,-1.11,-1.10473,-1.13405,-1.11633,-1.10886,-1.15674,-0.771158
81629,81779,81704,0.23214,-0.0892932,-0.553673,-0.813252,-0.923272,-1.03267,-1.09608,-1.1609,-1.19965,-1.23317,-1.2275,-1.25517,-1.26811,-1.28588,-1.27394,-1.28252,-1.29128,-1.30551,-1.29942,-1.21454,-1.32082,-0.832948
81779,81929,81854,-0.926037,-1.08209,-1.11328,-1.16912,-1.18783,-1.20523,-1.21715,-1.22177,-1.23531,-1.23133,-1.22598,-1.24296,-1.24813,-1.23285,-1.24217,-1.24263,-1.23783,-1.24176,-1.24203,-1.16255,-1.25413,-1.18634
81930,82080,82005,-0.413508,-0.776821,-0.931296,-1.04965,-1.09073,-1.15293,-1.17999,-1.21247,-1.21209,-1.24224,-1.23854,-1.25104,-1.26543,-1.25487,-1.27437,-1.26583,-1.26794,-1.27716,-1.28427,-1.17154,-1.29786,-1.07016
82080,82230,82155,-1.26234,-1.2128,-1.20355,-1.20595,-1.18948,-1.18117,-1.1795,-1.18362,-1.17238,-1.17772,-1.18227,-1.16945,-1.15918,-1.17396,-1.17353,-1.17378,-1.16768,-1.1735,-1.16099,-1.12749,-1.16986,-1.20361
82231,82381,82306,0.479928,-0.424372,-0.702292,-0.840552,-0.915361,-0.973952,-1.00522,-1.03165,-1.06536,-1.06566,-1.09112,-1.08307,-1.10083,-1.10061,-1.09429,-1.09494,-1.09525,-1.11232,-1.11251,-1.00241,-1.12103,-0.874399
82381,82531,82456,2.21131,0.476506,-0.102251,-0.36492,-0.564882,-0.716621,-0.779973,-0.866373,-0.913079,-0.957799,-0.973369,-0.976918,-1.00705,-1.01088,-1.02136,-1.02238,-1.03521,-1.053,-1.0346,-0.954793,-1.06603,-0.441487
82532,82682,82607,-0.0817121,-0.407159,-0.502177,-0.573097,-0.636543,-0.662829,-0.701285,-0.754638,-0.769895,-0.776805,-0.791483,-0.791482,-0.820331,-0.817844,-0.834037,-0.839839,-0.845719,-0.860228,-0.849207,-0.832251,-0.890521,-0.596649
82682,82832,82757,0.440646,0.0281655,-0.0669606,-0.246513,-0.329263,-0.387344,-0.44051,-0.48983,-0.522306,-0.525212,-0.541794,-0.54166,-0.586635,-0.590764,-0.599419,-0.599323,-0.597108,-0.614993,-0.605243,-0.611447,-0.646273,-0.286324
82833,82983,82908,-0.584783,-0.594734,-0.605387,-0.634182,-0.632004,-0.629685,-0.637542,-0.652488,-0.639588,-0.656985,-0.653184,-0.65684,-0.648788,-0.660666,-0.653753,-0.664224,-0.657301,-0.666602,-0.663943,-0.661707,-0.676357,-0.636097
82984,83134,83059,9.65327,5.44861,3.62145,2.46287,1.89,1.37465,0.977802,0.761289,0.521207,0.403124,0.392346,0.183175,0.117154,0.106349,0.0464989,-0.0372992,-0.0746693,-0.123501,-0.117729,-0.12603,-0.255471,2.39812
83134,83284,83209,1.9187,1.15052,0.372015,0.0842435,-0.0908242,-0.215282,-0.324253,-0.382916,-0.421689,-0.464551,-0.49576,-0.495673,-0.519473,-0.526573,-0.543347,-0.548693,-0.550425,-0.570015,-0.566764,-0.586072,-0.583499,0.0435446
83285,83435,83360,6.98808,4.84665,3.21904,2.50847,2.19685,1.71999,1.30335,1.12784,0.920589,0.715802,0.764238,0.431145,0.385677,0.262035,0.299853,0.173828,0.141986,0.0110698,0.0252607,-0.0257976,-0.290779,2.47578
83435,83585,83510,0.879158,0.346927,0.0246783,-0.0658019,-0.187379,-0.271098,-0.328432,-0.364184,-0.399752,-0.42362,-0.419308,-0.449628,-0.440502,-0.468046,-0.476605,-0.470618,-0.476447,-0.480888,-0.48163,-0.49203,-0.515825,-0.126843
83586,83736,83661,29.5624,13.7125,8.6527,5.36507,3.61836,2.434,1.81429,1.20774,0.822351,0.607877,0.47723,0.352031,0.222653,0.0837177,0.0310487,-0.0357694,-0.0372997,-0.121375,-0.111419,-0.140711,-0.218288,4.99544
83737,83887,83812,74.2969,48.366,38.3014,27.4487,21.8609,17.5063,13.2722,11.6567,9.53043,8.43506,8.36327,7.03167,6.19689,5.98369,5.4232,5.02199,4.86288,4.26589,4.52865,4.09285,3.42724,25.303
83887,84037,83962,15.8048,6.60293,5.00613,3.66402,2.7794,2.11355,1.5707,1.11746,0.836182,0.664585,0.529275,0.385777,0.272694,0.277573,0.171906,0.128531,0.0980944,-0.0179958,0.00244956,-0.0399736,-0.147481,3.40026
84038,84188,84113,33.4667,19.4946,12.7332,8.99004,6.76413,5.25778,4.33617,3.46067,2.76602,2.3749,2.22484,1.79768,1.74133,1.40519,1.36159,1.19585,1.11817,0.92659,1.01332,0.862241,0.695474,8.3633
84188,84338,84263,80.6945,66.9823,52.5659,39.6646,35.1997,29.061,24.364,21.928,19.763,17.1586,17.1475,14.6362,14.4833,12.9428,12.5259,10.5871,10.1777,8.59589,9.68365,8.2124,6.1278,39.1298
84339,84489,84414,40.4408,30.7311,18.2622,12.5597,9.62645,7.32911,5.35244,4.33313,3.46066,3.04943,2.7216,2.4663,2.18205,1.92668,1.79784,1.69585,1.66125,1.46665,1.54989,1.31777,1.31275,12.0534
84489,84639,84564,27.1219,21.6418,14.1662,11.8797,9.55133,7.51719,6.58129,5.51731,4.54973,3.98027,3.66619,3.56418,3.00967,2.80289,2.37356,2.42316,2.17668,1.82992,1.81962,1.6174,1.08125,11.0734
84640,84790,84715,31.1714,24.092,21.3464,14.3276,11.1047,9.05138,7.61469,6.65455,5.44575,5.04528,4.50508,4.09924,3.86354,3.54232,3.36905,3.14987,2.94642,2.65,2.65635,2.49607,2.14694,13.6497
84791,84941,84866,40.036,31.7291,22.2463,14.4781,10.8858,8.79245,7.06313,5.77107,4.80929,4.04028,3.86911,3.18945,3.12648,2.91015,2.65156,2.48038,2.29978,2.06078,2.12437,1.87743,1.79659,13.9532
84941,85091,85016,13.5492,11.222,7.62384,4.49498,3.1804,2.23672,1.6746,1.29679,0.950475,0.78192,0.626853,0.55602,0.455479,0.372137,0.335085,0.278315,0.228016,0.170485,0.17842,0.12201,0.0907222,4.10972
85092,85242,85167,20.1012,11.8136,8.57047,5.57037,3.96473,3.02339,2.31614,1.64224,1.27796,1.01745,0.945043,0.696445,0.501369,0.398082,0.374631,0.303384,0.208437,0.127976,0.160939,0.0666412,-0.0650253,5.07197
85242,85392,85317,59.6563,32.3626,24.6931,18.3508,13.7399,11.5155,9.0817,7.7216,6.72853,5.74877,5.17096,4.7748,4.32043,4.19657,4.03026,3.75736,3.5949,3.09987,3.231,2.93278,2.58685,16.6546
85393,85543,85468,54.0414,28.7076,20.1513,15.1561,11.3334,8.58932,6.7422,5.46237,4.6928,4.12512,4.0302,3.308,3.0833,2.85051,2.75731,2.68257,2.53252,2.33476,2.42943,2.25453,2.10337,13.7826
85543,85693,85618,26.7277,14.8832,8.99319,6.67113,4.83229,3.58174,2.8144,2.10419,1.7278,1.52256,1.26684,1.21897,1.03776,0.960651,0.806388,0.767368,0.730128,0.588843,0.630212,0.556295,0.483577,5.90523
85694,85844,85769,15.3445,8.03748,5.83844,4.29528,3.11072,2.43454,1.93417,1.46685,1.2404,0.986586,0.877229,0.82641,0.597963,0.548247,0.469487,0.47637,0.412678,0.294789,0.31136,0.24583,0.139815,3.84023
85844,85994,85919,102.479,50.2137,33.8633,22.3456,17.8315,13.401,11.282,9.0599,7.98929,6.86693,6.45716,5.85435,5.49547,4.9798,4.99535,4.59998,4.56978,4.16553,4.26037,3.75077,3.76956,21.4008
85995,86145,86070,23.23,23.8419,19.259,14.4651,12.0779,9.90199,8.53754,7.60098,7.11836,6.20127,6.19398,5.43437,5.1937,4.77985,4.528,4.26733,3.81198,3.30762,3.30433,3.06178,1.99,13.4061
86146,86296,86221,28.9165,15.1487,9.33763,6.27114,4.73405,3.37394,2.6965,2.05262,1.71027,1.41012,1.34389,1.04174,0.926978,0.910908,0.839324,0.766488,0.733618,0.627666,0.653219,0.539335,0.515005,5.77542
86296,86446,86371,6.13461,4.53668,4.17473,3.01106,2.58925,2.26134,1.84706,1.61087,1.40748,1.24034,1.17191,1.0917,0.998247,0.854085,0.706783,0.695552,0.677816,0.453904,0.418153,0.3659,-0.0468828,2.91611
86447,86597,86522,35.4664,27.8684,19.3532,16.9996,13.7493,12.1683,11.1246,9.87369,8.8046,7.6129,7.52933,6.44327,6.49252,6.34519,5.86553,5.27401,4.96397,4.35272,4.38758,3.8819,2.5496,15.9583
86597,86748,86672,38.3508,23.947,19.1565,12.9888,10.311,8.27712,7.0002,5.96999,4.96094,4.26486,3.84404,3.87979,3.29384,3.08904,2.88303,2.76014,2.66966,2.32076,2.4014,2.11392,1.89963,12.434
86748,86898,86823,25.7177,13.8886,10.9472,8.42387,6.41895,4.88514,4.10984,3.22844,2.83528,2.36571,2.39077,1.86743,1.80921,1.63928,1.48965,1.36728,1.32151,1.15114,1.18788,1.05288,0.925346,7.61264
86899,87049,86974,14.9204,7.85949,6.30075,4.16745,2.99176,2.27105,1.56498,1.20566,0.978044,0.713513,0.576281,0.506769,0.371138,0.325739,0.274905,0.17847,0.1853,0.0967916,0.0987953,0.0699473,-0.0186532,3.75862
87049,87199,87124,31.4407,15.3886,11.2802,8.2931,6.10247,4.60271,3.62209,2.92059,2.53148,2.13103,2.04068,1.85708,1.57573,1.53457,1.32154,1.2995,1.23714,1.07349,1.14102,0.963475,0.941916,7.37834
