Data/Raw/WEBER,RODNEY/FIREXAQ-SAGA-MC-BrC_DC8_20190806_R0.ict
56, 1001
Weber, Rodney
Georgia Institute of Technology
Water soluble brown carbon measured with mist chamber-LWCC
FIREXAQ
1, 1
2019, 08, 06, 2020, 03, 06
0
Time_Start, seconds_past_midnight, Time_Start, seconds_past_midnight
24
1, 1, 1, 1, 1, 1, 1, 1, 1, 1, 1, 1, 1, 1, 1, 1, 1, 1, 1, 1, 1, 1, 1, 1
-9999, -9999, -9999, -9999, -9999, -9999, -9999, -9999, -9999, -9999, -9999, -9999, -9999, -9999, -9999, -9999, -9999, -9999, -9999, -9999, -9999, -9999, -9999, -9999
Time_Stop, seconds_past_midnight, Time_Stop, seconds_past_midnight
Time_Mid, seconds_past_midnight, Time_Mid, seconds_past_midnight
WSAbs300, Mm-1, AerOpt_AbsorptionBrC_InSitu_UVtoRed_None_Bulk_STP, Water Soluble Brown Carbon absorption at 300 nm
WSAbs320, Mm-1, AerOpt_AbsorptionBrC_InSitu_UVtoRed_None_Bulk_STP, Water Soluble Brown Carbon absorption at 320 nm
WSAbs340, Mm-1, AerOpt_AbsorptionBrC_InSitu_UVtoRed_None_Bulk_STP, Water Soluble Brown Carbon absorption at 340 nm
WSAbs360, Mm-1, AerOpt_AbsorptionBrC_InSitu_UVtoRed_None_Bulk_STP, Water Soluble Brown Carbon absorption at 360 nm
WSAbs380, Mm-1, AerOpt_AbsorptionBrC_InSitu_UVtoRed_None_Bulk_STP, Water Soluble Brown Carbon absorption at 380 nm
WSAbs400, Mm-1, AerOpt_AbsorptionBrC_InSitu_UVtoRed_None_Bulk_STP, Water Soluble Brown Carbon absorption at 400 nm
WSAbs420, Mm-1, AerOpt_AbsorptionBrC_InSitu_UVtoRed_None_Bulk_STP, Water Soluble Brown Carbon absorption at 420 nm
WSAbs440, Mm-1, AerOpt_AbsorptionBrC_InSitu_UVtoRed_None_Bulk_STP, Water Soluble Brown Carbon absorption at 440 nm
WSAbs460, Mm-1, AerOpt_AbsorptionBrC_InSitu_UVtoRed_None_Bulk_STP, Water Soluble Brown Carbon absorption at 460 nm
WSAbs480, Mm-1, AerOpt_AbsorptionBrC_InSitu_UVtoRed_None_Bulk_STP, Water Soluble Brown Carbon absorption at 480 nm
WSAbs500, Mm-1, AerOpt_AbsorptionBrC_InSitu_UVtoRed_None_Bulk_STP, Water Soluble Brown Carbon absorption at 500 nm
WSAbs520, Mm-1, AerOpt_AbsorptionBrC_InSitu_UVtoRed_None_Bulk_STP, Water Soluble Brown Carbon absorption at 520 nm
WSAbs540, Mm-1, AerOpt_AbsorptionBrC_InSitu_UVtoRed_None_Bulk_STP, Water Soluble Brown Carbon absorption at 540 nm
WSAbs560, Mm-1, AerOpt_AbsorptionBrC_InSitu_UVtoRed_None_Bulk_STP, Water Soluble Brown Carbon absorption at 560 nm
WSAbs580, Mm-1, AerOpt_AbsorptionBrC_InSitu_UVtoRed_None_Bulk_STP, Water Soluble Brown Carbon absorption at 580 nm
WSAbs600, Mm-1, AerOpt_AbsorptionBrC_InSitu_UVtoRed_None_Bulk_STP, Water Soluble Brown Carbon absorption at 600 nm
WSAbs620, Mm-1, AerOpt_AbsorptionBrC_InSitu_UVtoRed_None_Bulk_STP, Water Soluble Brown Carbon absorption at 620 nm
WSAbs640, Mm-1, AerOpt_AbsorptionBrC_InSitu_UVtoRed_None_Bulk_STP, Water Soluble Brown Carbon absorption at 640 nm
WSAbs660, Mm-1, AerOpt_AbsorptionBrC_InSitu_UVtoRed_None_Bulk_STP, Water Soluble Brown Carbon absorption at 660 nm
WSAbs680, Mm-1, AerOpt_AbsorptionBrC_InSitu_UVtoRed_None_Bulk_STP, Water Soluble Brown Carbon absorption at 680 nm
WSAbs700, Mm-1, AerOpt_AbsorptionBrC_InSitu_UVtoRed_None_Bulk_STP, Water Soluble Brown Carbon absorption at 700 nm
WSAbs365, Mm-1, AerOpt_AbsorptionBrC_InSitu_UVtoRed_None_Bulk_STP, Water Soluble Brown Carbon absorption at 365 nm
0
18
PI_CONTACT_INFO: rweber@eas.gatech.edu
PLATFORM: NASA DC-8 aircraft
LOCATION: Aircraft location is given by the navigational file
ASSOCIATED_DATA: N/A
[...]
DATA_INFO: Samples collected by mist chamber were injected through 0.22 pore size syringe filter and then a 2.5 m path length LWCC, and light absorption was measured by Ocean Optics USB4000 spectrometer. Absorption from 300 to 700 nm were recorded. Absorption of pure solvent was subtracted from the sample. Raw absorption data were processed by the equation Abs=Raw*(Volume of liquid in the mist chamber)/(Volume of air collected at STP)/(Optical Path Length, 2.5m here)*ln(10). Data reported here were averaged over 20 nm wavelength intervals. i.e. absorption at 400 nm were average by absorption data between 390 nm to 410 nm. All data have been blank corrected by averaging all blank filter in this mission (2-3 blank filters per flight). Data are reported under STP, which is T=273K & p=1013 mb. When using the data, the absorption had better to corrected by higher wavelength, ie Abs700 for baseline drift. UNCERTAINTY: Data may have smearing issues. If we do not account for smearing or blank, the uncertainty is ~5%
UNCERTAINTY: Data may have smearing issues. If we do not account for smearing or blank, the uncertainty is ~5%
ULOD_FLAG: -7777
ULOD_VALUE: N/A
LLOD_FLAG: -8888
LLOD_VALUE: N/A
DM_CONTACT_INFO: lhzeng@gatech.edu
PROJECT_INFO: FIREX-AQ, 2019
STIPULATIONS_ON_USE: Use of these data require prior ok from PI.
OTHER_COMMENTS: N/A
REVISION: R0
RA: Preliminary Data.  For in-field use only.
Time_Start, Time_Stop, Time_Mid, WSAbs300, WSAbs320, WSAbs340, WSAbs360, WSAbs380, WSAbs400, WSAbs420, WSAbs440, WSAbs460, WSAbs480, WSAbs500, WSAbs520, WSAbs540, WSAbs560, WSAbs580, WSAbs600, WSAbs620, WSAbs640, WSAbs660, WSAbs680, WSAbs700, WSAbs365
65443,65593,65518,26.2885,16.5991,12.4646,10.6327,9.31241,7.52085,6.73299,6.21777,5.3351,4.89248,4.34045,4.11932,3.69186,3.87509,3.6506,3.30382,3.12632,2.55057,2.803,2.34151,1.37587,10.0525
65594,65744,65669,18.3019,15.675,12.2609,11.3968,10.1735,9.04319,8.23762,7.53147,6.70888,6.16263,5.95475,6.35305,5.88403,4.64417,4.60524,4.80811,4.07847,3.69732,3.59963,3.37002,1.36956,10.8194
65744,65894,65819,341.499,238.338,209.345,189.456,177.547,166.518,158.481,154.315,149.614,146.741,147.473,143.189,141.704,141.023,138.73,138.42,137.412,135.817,135.714,125.963,132.161,184.472
65895,66045,65970,302.104,284.758,279.419,274.176,272.195,270.607,269.738,268.898,268.312,267.934,267.751,267.577,267.274,267.18,267.098,266.914,266.842,266.719,266.782,246.5,266.555,273.777
66045,66195,66120,143.539,179.152,198.363,222.153,234.498,245.321,253.224,257.334,263.37,266.215,269,270.718,272.387,273.669,274.357,275.706,275.884,277.377,277.192,268.937,280.215,223.719
66196,66346,66271,25.0719,17.861,12.1205,9.51496,8.28884,7.15618,6.30447,5.86335,5.4422,5.22342,5.13844,4.97738,4.81838,4.71424,4.64698,4.62825,4.56512,4.47852,4.49123,3.92957,4.38676,9.24159
66497,66647,66572,14.974,6.89674,5.79734,4.3376,3.54082,2.95944,2.36652,1.84716,1.58475,1.29554,1.17532,1.05626,0.887136,0.588558,0.523299,0.302099,0.213555,0.0153483,0.104629,0.045424,-0.409542,4.20918
66647,66797,66722,33.1667,17.9432,12.6027,8.16593,6.15571,4.74539,3.55325,2.65132,2.18982,1.7986,1.54682,1.46019,1.16246,1.1009,0.892356,0.797038,0.750282,0.597546,0.668539,0.553861,0.445243,7.60093
66798,66948,66873,4.68429,2.87117,2.35046,1.52762,1.25178,0.886773,0.70898,0.462765,0.37083,0.291217,0.285468,0.210986,0.0322693,0.0140203,-0.0326783,-0.0465494,-0.0956197,-0.167079,-0.122198,-0.148065,-0.296031,1.42729
66948,67098,67023,4.31458,4.56371,3.43627,2.94842,2.45438,2.09335,1.91668,1.69141,1.59507,1.28146,1.50995,1.23121,1.01453,0.849146,0.968376,0.840246,0.753401,0.389861,0.566547,0.428439,-0.379,2.79384
67099,67249,67174,8.7427,3.95098,3.05375,1.74876,1.23712,0.941571,0.58022,0.320529,0.194163,-0.0179367,-0.0421223,-0.081066,-0.196651,-0.325071,-0.321363,-0.391404,-0.461341,-0.503634,-0.469855,-0.489423,-0.679185,1.68735
67249,67399,67324,5.93763,3.03775,1.81749,1.16796,0.632501,0.366961,0.10909,-0.108114,-0.250725,-0.328577,-0.369013,-0.439531,-0.498127,-0.535234,-0.553575,-0.593417,-0.604992,-0.649277,-0.647228,-0.646115,-0.721644,0.980142
67400,67550,67475,20.7664,10.2249,6.96402,3.65803,2.28627,1.33012,0.750119,0.380219,0.0810474,-0.0903864,-0.15657,-0.312756,-0.418235,-0.44742,-0.487143,-0.504774,-0.539119,-0.593718,-0.582706,-0.5768,-0.656007,3.36059
67550,67700,67625,4.55609,3.42647,1.56396,0.661256,0.103179,-0.166783,-0.456512,-0.596216,-0.713604,-0.77885,-0.795408,-0.866047,-0.906385,-0.928495,-0.933868,-0.948697,-0.968589,-1.00943,-0.998725,-0.940533,-1.02889,0.514447
67701,67851,67776,6.89631,3.44821,2.29918,0.990381,0.242856,-0.132319,-0.432955,-0.657442,-0.79911,-0.90027,-0.984441,-1.02716,-1.04387,-1.09456,-1.10406,-1.13082,-1.13872,-1.16515,-1.15351,-1.08836,-1.19623,0.698789
67852,68002,67927,3.17243,1.80437,1.2255,0.870335,0.514467,0.233333,0.101774,-0.0911162,-0.192739,-0.258379,-0.189012,-0.343076,-0.47646,-0.457721,-0.655618,-0.649705,-0.747231,-0.860677,-0.788723,-0.830054,-1.21899,0.729114
68002,68152,68077,11.2726,5.21024,1.84684,0.727602,-0.173686,-0.662603,-1.00569,-1.19368,-1.34532,-1.442,-1.48013,-1.52763,-1.58061,-1.61442,-1.64684,-1.67804,-1.68082,-1.69897,-1.69743,-1.57877,-1.73099,0.43569
68153,68303,68228,2.04066,1.36293,0.796585,0.0394029,-0.186963,-0.498657,-0.688606,-0.832841,-0.921106,-1.04101,-1.02703,-1.17929,-1.27158,-1.23653,-1.3108,-1.36116,-1.4231,-1.49857,-1.47501,-1.34991,-1.69916,-0.0465521
68303,68453,68378,6.11243,3.05934,1.99544,0.989506,0.380131,-0.00474082,-0.306454,-0.58244,-0.755195,-0.863659,-0.863702,-1.03217,-1.11468,-1.18486,-1.23767,-1.23735,-1.27994,-1.36168,-1.35083,-1.27727,-1.51492,0.721957
68454,68604,68529,47.5272,25.6809,15.8308,10.1016,6.01343,3.95939,2.45218,1.40901,0.582151,0.0967326,0.0426311,-0.346822,-0.520698,-0.67438,-0.749134,-0.806541,-0.875174,-0.975618,-0.945168,-0.865492,-1.06279,8.99911
68604,68754,68679,7.91934,2.61937,1.39719,0.650905,0.066724,-0.289938,-0.637528,-0.892185,-1.07547,-1.24035,-1.31352,-1.38931,-1.43721,-1.57718,-1.61242,-1.61585,-1.67644,-1.74409,-1.72781,-1.68209,-1.86472,0.536
68755,68905,68830,13.5175,5.44886,3.69348,1.4914,0.599961,-0.133149,-0.596226,-0.908111,-1.14571,-1.28839,-1.36772,-1.42579,-1.51645,-1.53272,-1.57675,-1.62398,-1.6465,-1.6837,-1.66907,-1.68071,-1.73924,1.2277
68905,69055,68980,5.69027,2.22141,0.635509,-0.093215,-0.466184,-0.741256,-0.984057,-1.09972,-1.22464,-1.29143,-1.31827,-1.36575,-1.39621,-1.41669,-1.43918,-1.46213,-1.48332,-1.50482,-1.48987,-1.39938,-1.53685,-0.187707
69056,69206,69131,11.5048,5.11874,4.55248,2.70136,1.8991,1.41282,0.774733,0.331025,0.0540338,-0.184758,-0.320939,-0.604021,-0.606799,-0.864804,-0.79418,-0.970791,-1.0404,-1.28712,-1.32031,-1.29059,-1.83441,2.48713
69206,69357,69282,6.83387,2.9015,1.6702,0.544639,-0.0255149,-0.296362,-0.639344,-0.96034,-1.05859,-1.26357,-1.34926,-1.34168,-1.4288,-1.58146,-1.66209,-1.64875,-1.71341,-1.80766,-1.77137,-1.59259,-2.00011,0.390826
69358,69508,69433,4.00275,2.30474,1.81499,0.852061,0.463095,0.256337,0.106536,-0.12541,-0.33535,-0.473174,-0.54475,-0.646385,-0.79009,-0.918936,-0.799835,-1.05591,-0.970298,-1.24021,-1.12508,-1.05311,-1.82119,0.843146
69508,69658,69583,9.33262,3.57764,1.32393,0.352219,-0.331693,-0.85222,-1.14563,-1.35607,-1.48864,-1.60081,-1.62774,-1.70227,-1.74639,-1.7704,-1.79436,-1.83094,-1.84331,-1.88252,-1.8571,-1.7961,-1.91069,0.0558684
69659,69809,69734,7.43196,3.17821,2.17441,0.753726,0.0577066,-0.386871,-0.705165,-0.936764,-1.12462,-1.25853,-1.31436,-1.39137,-1.4672,-1.51335,-1.58362,-1.5921,-1.6266,-1.67993,-1.65636,-1.51932,-1.7311,0.631342
69809,69959,69884,5.58723,3.52575,2.10536,0.950484,0.329727,-0.192255,-0.484934,-0.678053,-0.854436,-0.996245,-1.023,-1.14261,-1.21611,-1.23033,-1.27841,-1.29287,-1.31435,-1.34111,-1.34394,-1.30428,-1.41664,0.720327
69960,70110,70035,9.69168,5.6147,3.45506,2.41264,1.4943,0.999295,0.598091,0.252819,-0.123655,-0.319074,-0.290109,-0.399181,-0.584494,-0.740024,-0.836705,-0.875374,-0.887712,-1.06075,-1.01379,-0.947228,-1.27242,2.0513
70111,70261,70186,3.31753,2.05641,1.22806,0.790005,0.607701,0.322299,0.0649394,-0.134779,-0.209518,-0.307539,-0.2835,-0.353059,-0.626466,-0.6942,-0.648637,-0.754664,-0.834497,-0.96666,-0.938793,-0.881955,-1.36031,0.771639
70261,70411,70336,18.8596,8.40982,4.39913,2.41391,1.27994,0.602124,-0.0527159,-0.308899,-0.57587,-0.768377,-0.830853,-0.922786,-0.988578,-1.07145,-1.10474,-1.10601,-1.16754,-1.20226,-1.19092,-1.15279,-1.2471,2.13261
70412,70562,70487,11.1055,5.31589,2.8092,1.5402,0.815111,0.417521,0.0599285,-0.212084,-0.386403,-0.521282,-0.561229,-0.659795,-0.705855,-0.742758,-0.779603,-0.791116,-0.823997,-0.843499,-0.837596,-0.79571,-0.897832,1.41915
70562,70712,70637,11.8855,6.94086,6.35014,4.66376,4.26209,3.69705,3.31544,2.73145,2.45111,2.2111,2.52183,1.86122,1.61788,1.51811,1.53515,1.38437,0.963054,0.756271,0.780177,0.645945,-0.709397,4.66376
70713,70863,70788,6.89311,2.8991,2.38291,1.87785,1.31562,0.962917,0.61424,0.475794,0.286435,0.0856798,-0.0250724,-0.0106404,-0.0743361,-0.238959,-0.261235,-0.409289,-0.415616,-0.569554,-0.529612,-0.521502,-0.886273,1.68465
70863,71013,70938,4.16383,3.27971,2.1618,1.75851,1.28321,0.809411,0.577183,0.303398,0.127345,-0.0319569,0.0547035,-0.0130676,-0.296272,-0.3142,-0.480904,-0.465002,-0.548364,-0.696653,-0.699678,-0.71593,-1.14092,1.55429
71014,71164,71089,7.61659,3.16566,2.28397,1.05884,0.613431,0.277435,-0.00768712,-0.209094,-0.433064,-0.552958,-0.562795,-0.656117,-0.719397,-0.767902,-0.819653,-0.857251,-0.920723,-0.969662,-0.960599,-0.928529,-1.06901,0.993849
71164,71314,71239,4.67277,1.79377,1.91136,1.02292,0.798782,0.56696,0.428779,0.239126,0.0206101,-0.0698082,-0.12804,-0.150104,-0.200671,-0.421011,-0.46125,-0.428766,-0.52601,-0.667408,-0.600043,-0.603218,-1.02552,1.03323
71315,71465,71390,11.8443,5.68205,3.23123,1.96214,1.2965,0.627039,0.333978,0.00984204,-0.174219,-0.29023,-0.342593,-0.506092,-0.568004,-0.597289,-0.63419,-0.6476,-0.694784,-0.747936,-0.724471,-0.752593,-0.831124,1.75786
71465,71615,71540,10.2468,6.0808,3.69784,1.68764,0.871426,0.240197,-0.176332,-0.429118,-0.619526,-0.700157,-0.759328,-0.855617,-0.883559,-0.919404,-0.954334,-0.978891,-0.987942,-1.02533,-1.00235,-0.990952,-1.05248,1.46319
71616,71766,71691,5.27405,2.66507,2.00377,1.3142,1.01469,0.649991,0.467526,0.204733,0.0546101,-0.0498898,-0.0367932,-0.152951,-0.263227,-0.328145,-0.323452,-0.345318,-0.393225,-0.48588,-0.451744,-0.501714,-0.652085,1.27486
71766,71916,71841,8.87805,4.56835,2.27798,1.2189,0.628598,0.18741,-0.0859845,-0.339737,-0.455498,-0.558755,-0.599661,-0.663513,-0.72232,-0.764286,-0.775515,-0.791497,-0.809478,-0.848671,-0.832923,-0.806184,-0.889569,1.02761
71917,72067,71992,4.68728,2.69053,2.25367,1.30973,0.964433,0.558981,0.300102,0.0975088,0.0281299,-0.131744,-0.117805,-0.268097,-0.339242,-0.350174,-0.410995,-0.41293,-0.481227,-0.53746,-0.493295,-0.490152,-0.658473,1.19584
72067,72217,72142,9.5999,4.55805,2.14807,1.25175,0.749662,0.218043,0.0120761,-0.262761,-0.373678,-0.471522,-0.527738,-0.601784,-0.631941,-0.667437,-0.669071,-0.719463,-0.7263,-0.754551,-0.735462,-0.702884,-0.79672,1.13379
72218,72368,72293,12.4892,10.627,9.3469,8.79389,7.67551,7.44237,6.95734,6.40994,6.0261,5.54564,5.85689,5.27643,5.28977,4.74301,4.70747,4.71345,4.70902,3.94104,4.3765,3.74738,2.18016,8.41852
72368,72518,72443,11.7913,8.5269,7.30023,5.51378,4.44917,3.79817,3.23556,2.69656,2.25029,1.98321,1.8597,1.79122,1.44221,1.35597,1.24112,1.18644,1.11519,1.00728,1.00393,0.898847,0.643099,5.20562
72519,72669,72594,6.31195,5.28419,3.8779,3.0688,2.35729,1.94034,1.64381,1.32809,1.12587,0.940757,0.896246,0.779187,0.644707,0.591263,0.550375,0.458797,0.4339,0.295247,0.346483,0.281422,0.0809784,2.76137
72669,72819,72744,5.03289,2.39468,2.14446,1.57796,1.25153,0.949355,0.743525,0.634271,0.476102,0.389534,0.399611,0.200395,0.157544,0.165337,0.100348,0.0233029,-0.0235956,-0.175398,-0.0887189,-0.155181,-0.455605,1.43828
72820,72970,72895,3.49523,2.19595,1.73523,1.09702,0.691278,0.429975,0.153463,0.0170024,-0.0759826,-0.214489,-0.190547,-0.301059,-0.339722,-0.407505,-0.410969,-0.436483,-0.488642,-0.542606,-0.513771,-0.50929,-0.655498,0.906923
72971,73121,73046,3.9491,2.32914,1.092,0.448373,0.0229867,-0.183326,-0.383752,-0.517255,-0.611312,-0.6443,-0.683673,-0.704619,-0.728636,-0.753929,-0.766531,-0.784059,-0.801749,-0.817579,-0.797142,-0.726509,-0.833989,0.335513
73121,73271,73196,5.0764,2.64615,1.4615,0.563493,0.0234037,-0.28671,-0.487437,-0.648252,-0.744562,-0.835977,-0.859795,-0.885017,-0.931801,-0.943809,-0.976877,-0.992564,-1.00644,-1.02899,-1.02907,-0.972791,-1.07327,0.351069
73272,73422,73347,1.67588,0.513982,0.37352,0.214064,-0.00519758,-0.142471,-0.195819,-0.298491,-0.391136,-0.420649,-0.383165,-0.439627,-0.580737,-0.621013,-0.591689,-0.616322,-0.645163,-0.793715,-0.722275,-0.664003,-1.05285,0.103221
73422,73572,73497,3.44465,2.268,1.43636,0.865124,0.393753,0.221694,-0.0634724,-0.205277,-0.306239,-0.433007,-0.452493,-0.603537,-0.565984,-0.705425,-0.764451,-0.801894,-0.84654,-0.93801,-0.892787,-0.958453,-1.17452,0.690894
73573,73723,73648,2.46116,1.53318,0.79618,0.190293,-0.132822,-0.287811,-0.507976,-0.633545,-0.738828,-0.823592,-0.811378,-0.92224,-0.929107,-0.955214,-0.990719,-1.02533,-1.04695,-1.07179,-1.06714,-1.05768,-1.15806,0.111743
73723,73873,73798,2.11159,1.29603,0.898149,0.304769,0.120965,-0.048156,-0.182994,-0.26673,-0.416349,-0.451762,-0.483107,-0.493068,-0.579887,-0.620795,-0.705705,-0.700707,-0.757671,-0.794992,-0.791745,-0.8139,-1.00265,0.296702
73874,74024,73949,2.76433,1.13994,0.399308,-0.221322,-0.556834,-0.809433,-1.00281,-1.10556,-1.20042,-1.25831,-1.29901,-1.34186,-1.34066,-1.35986,-1.37584,-1.39428,-1.39462,-1.4211,-1.42088,-1.39695,-1.44403,-0.319751
74024,74174,74099,3.77583,1.03381,0.612227,0.0234163,-0.343837,-0.539648,-0.761428,-0.855324,-0.954422,-1.01109,-1.05784,-1.09767,-1.13961,-1.16354,-1.15504,-1.18851,-1.20786,-1.2443,-1.23158,-1.11352,-1.27769,-0.0927358
74175,74325,74250,1.49862,0.485475,-0.0653439,-0.421955,-0.696824,-0.890696,-0.994265,-1.07854,-1.13804,-1.19968,-1.20483,-1.23424,-1.25339,-1.2549,-1.28513,-1.27263,-1.28229,-1.30285,-1.28796,-1.25251,-1.32104,-0.528416
74325,74475,74400,1.74503,1.05641,0.329612,-0.293282,-0.569882,-0.69693,-0.849912,-0.927573,-1.01596,-1.05139,-1.07892,-1.09125,-1.11146,-1.12735,-1.14168,-1.15901,-1.18101,-1.19477,-1.17621,-1.1398,-1.21443,-0.354656
74476,74626,74551,1.81514,0.602914,0.137659,-0.0727214,-0.304529,-0.408915,-0.546205,-0.657092,-0.729289,-0.817681,-0.781734,-0.852576,-0.913585,-0.908863,-0.994049,-0.984904,-1.00894,-1.07122,-1.03852,-1.01982,-1.17538,-0.170475
74626,74776,74701,4.12048,1.65779,0.692594,0.0525646,-0.390368,-0.728525,-0.890064,-1.0041,-1.09215,-1.14766,-1.2005,-1.19305,-1.21941,-1.24094,-1.26428,-1.26469,-1.28428,-1.308,-1.28847,-1.26347,-1.32103,-0.144771
74777,74927,74852,0.152865,-0.191385,-0.362075,-0.504727,-0.661587,-0.734574,-0.767236,-0.863391,-0.889475,-0.953978,-0.985702,-1.01796,-1.05044,-1.02076,-1.05815,-1.10452,-1.09221,-1.19438,-1.1634,-1.14631,-1.38001,-0.567127
74927,75077,75002,1.93702,1.01941,0.46689,0.208008,-0.0994289,-0.323376,-0.49048,-0.595482,-0.67693,-0.769937,-0.819202,-0.821579,-0.918526,-0.958961,-0.984351,-1.00528,-1.00936,-1.07695,-1.06801,-0.96287,-1.18242,0.0675669
75078,75228,75153,4.84712,2.14632,1.02576,0.305123,-0.0933353,-0.357306,-0.508225,-0.635019,-0.720252,-0.77309,-0.806401,-0.826527,-0.852403,-0.873106,-0.894955,-0.899134,-0.91759,-0.940949,-0.930855,-0.946193,-0.967,0.155639
75228,75378,75303,3.1501,3.14363,2.21442,1.46628,0.949534,0.712117,0.51171,0.257496,0.153917,-0.0237977,-0.16474,-0.18521,-0.310314,-0.364984,-0.419902,-0.499672,-0.496724,-0.652689,-0.636996,-0.65104,-0.931508,1.31221
75379,75529,75454,10.7749,5.22079,4.33736,3.45095,2.86096,2.40427,1.87725,1.49934,1.25136,0.97338,0.724774,0.713779,0.550297,0.536304,0.424473,0.231645,0.0718903,-0.0936042,0.0593799,-0.0348118,-0.52226,3.32941
75530,75680,75605,6.68987,3.2827,2.32488,1.4107,0.837648,0.53245,0.323333,0.075663,-0.0374158,-0.178616,-0.18954,-0.255893,-0.352426,-0.424058,-0.564426,-0.54542,-0.594585,-0.709559,-0.656939,-0.712174,-0.882217,1.22345
75680,75830,75755,11.094,4.06019,2.41985,1.23788,0.549876,0.131846,-0.117321,-0.313984,-0.465219,-0.566847,-0.592068,-0.666181,-0.675588,-0.73485,-0.767208,-0.76697,-0.77844,-0.80204,-0.788456,-0.786046,-0.839265,1.03425
75831,75981,75906,27.9884,18.5085,9.89524,7.01698,5.2137,3.64537,2.79699,2.20306,1.87178,1.58711,1.51902,1.35713,1.18312,1.14862,1.07825,1.03589,1.00872,0.949353,0.951927,0.860563,0.870902,6.47572
75981,76131,76056,14.9802,6.38018,3.76318,1.93167,1.06883,0.524981,0.135199,-0.0857782,-0.258927,-0.371693,-0.403459,-0.482967,-0.531484,-0.544273,-0.581726,-0.578591,-0.594029,-0.628849,-0.625962,-0.577526,-0.646251,1.66665
76132,76282,76207,55.8774,30.1923,19.8518,14.6785,10.9967,8.78981,7.48918,6.26838,5.58632,5.13935,4.77154,4.59832,4.33481,4.15349,4.06405,3.98222,3.87715,3.7739,3.79805,3.50817,3.61049,13.3109
76283,76433,76358,3.70497,1.86234,2.02834,1.34807,1.13289,0.818351,0.697133,0.545022,0.442196,0.349713,0.292462,0.238671,0.205207,-0.0239591,0.0723564,-0.0128471,-0.0409079,-0.192801,-0.235197,-0.220846,-0.659013,1.2686
76433,76583,76508,21.1006,15.6326,14.3191,11.766,9.9916,9.42367,8.40611,7.82054,7.37921,6.86242,6.4131,6.23295,6.20733,5.30241,5.17584,5.29193,4.82192,4.39113,4.66443,3.99392,2.99138,11.1874
76584,76734,76659,9.58031,6.26601,3.81755,2.08689,1.24684,0.76781,0.375135,0.162253,0.0288053,-0.0891101,-0.14923,-0.227158,-0.25359,-0.28003,-0.312532,-0.322342,-0.338673,-0.356486,-0.357907,-0.357517,-0.392491,1.85389
