Data/Raw/WEBER,RODNEY/FIREXAQ-SAGA-AERO-BrC_DC8_20190722_R0.ict
79, 1001
Weber, Rodney
Georgia Institute of Technology
Brown carbon measured 
FIREXAQ
1, 1
2019, 07, 22, 2020, 03, 03
0
Time_Start, seconds, Time_Start, seconds_past_midnight
47
1, 1, 1, 1, 1, 1, 1, 1, 1, 1, 1, 1, 1, 1, 1, 1, 1, 1, 1, 1, 1, 1, 1, 1, 1, 1, 1, 1, 1, 1, 1, 1, 1, 1, 1, 1, 1, 1, 1, 1, 1, 1, 1, 1, 1, 1, 1
-9999, -9999, -9999, -9999, -9999, -9999, -9999, -9999, -9999, -9999, -9999, -9999, -9999, -9999, -9999, -9999, -9999, -9999, -9999, -9999, -9999, -9999, -9999, -9999, -9999, -9999, -9999, -9999, -9999, -9999, -9999, -9999, -9999, -9999, -9999, -9999, -9999, -9999, -9999, -9999, -9999, -9999, -9999, -9999, -9999, -9999, -9999
Time_Stop, seconds, Time_Stop, seconds_past_midnight
Time_Mid, seconds, Time_Mid, seconds_past_midnight
WSAbs300, Mm-1, AerOpt_AbsorptionBrC_InSitu_UVtoRed_None_Bulk_STP, Water Soluble Brown Carbon absorption at 300 nm
WSAbs320, Mm-1, AerOpt_AbsorptionBrC_InSitu_UVtoRed_None_Bulk_STP, Water Soluble Brown Carbon absorption at 320 nm
WSAbs340, Mm-1, AerOpt_AbsorptionBrC_InSitu_UVtoRed_None_Bulk_STP, Water Soluble Brown Carbon absorption at 340 nm
WSAbs360, Mm-1, AerOpt_AbsorptionBrC_InSitu_UVtoRed_None_Bulk_STP, Water Soluble Brown Carbon absorption at 360 nm
WSAbs380, Mm-1, AerOpt_AbsorptionBrC_InSitu_UVtoRed_None_Bulk_STP, Water Soluble Brown Carbon absorption at 380 nm
WSAbs400, Mm-1, AerOpt_AbsorptionBrC_InSitu_UVtoRed_None_Bulk_STP, Water Soluble Brown Carbon absorption at 400 nm
WSAbs420, Mm-1, AerOpt_AbsorptionBrC_InSitu_UVtoRed_None_Bulk_STP, Water Soluble Brown Carbon absorption at 420 nm
WSAbs440, Mm-1, AerOpt_AbsorptionBrC_InSitu_UVtoRed_None_Bulk_STP, Water Soluble Brown Carbon absorption at 440 nm
WSAbs460, Mm-1, AerOpt_AbsorptionBrC_InSitu_UVtoRed_None_Bulk_STP, Water Soluble Brown Carbon absorption at 460 nm
WSAbs480, Mm-1, AerOpt_AbsorptionBrC_InSitu_UVtoRed_None_Bulk_STP, Water Soluble Brown Carbon absorption at 480 nm
WSAbs500, Mm-1, AerOpt_AbsorptionBrC_InSitu_UVtoRed_None_Bulk_STP, Water Soluble Brown Carbon absorption at 500 nm
WSAbs520, Mm-1, AerOpt_AbsorptionBrC_InSitu_UVtoRed_None_Bulk_STP, Water Soluble Brown Carbon absorption at 520 nm
WSAbs540, Mm-1, AerOpt_AbsorptionBrC_InSitu_UVtoRed_None_Bulk_STP, Water Soluble Brown Carbon absorption at 540 nm
WSAbs560, Mm-1, AerOpt_AbsorptionBrC_InSitu_UVtoRed_None_Bulk_STP, Water Soluble Brown Carbon absorption at 560 nm
WSAbs580, Mm-1, AerOpt_AbsorptionBrC_InSitu_UVtoRed_None_Bulk_STP, Water Soluble Brown Carbon absorption at 580 nm
WSAbs600, Mm-1, AerOpt_AbsorptionBrC_InSitu_UVtoRed_None_Bulk_STP, Water Soluble Brown Carbon absorption at 600 nm
WSAbs620, Mm-1, AerOpt_AbsorptionBrC_InSitu_UVtoRed_None_Bulk_STP, Water Soluble Brown Carbon absorption at 620 nm
WSAbs640, Mm-1, AerOpt_AbsorptionBrC_InSitu_UVtoRed_None_Bulk_STP, Water Soluble Brown Carbon absorption at 640 nm
WSAbs660, Mm-1, AerOpt_AbsorptionBrC_InSitu_UVtoRed_None_Bulk_STP, Water Soluble Brown Carbon absorption at 660 nm
WSAbs680, Mm-1, AerOpt_AbsorptionBrC_InSitu_UVtoRed_None_Bulk_STP, Water Soluble Brown Carbon absorption at 680 nm
WSAbs700, Mm-1, AerOpt_AbsorptionBrC_InSitu_UVtoRed_None_Bulk_STP, Water Soluble Brown Carbon absorption at 700 nm
WSAbs365, Mm-1, AerOpt_AbsorptionBrC_InSitu_UVtoRed_None_Bulk_STP, Water Soluble Brown Carbon absorption at 365 nm
[...]
UNCERTAINTY: 16% for WSAbs365, 17% for WSOC, 19% for MSAbs365
ULOD_FLAG: -7777
ULOD_VALUE: N/A
LLOD_FLAG: -8888
LLOD_VALUE: N/A
DM_CONTACT_INFO: lhzeng@gatech.edu
PROJECT_INFO: FIREX-AQ, 2019
STIPULATIONS_ON_USE: Use of these data require prior ok from PI.
OTHER_COMMENTS: N/A
REVISION: R0
RA: Preliminary Data.  For in-field use only.
Time_Start, Time_Stop, Time_Mid, WSAbs300, WSAbs320, WSAbs340, WSAbs360, WSAbs380, WSAbs400, WSAbs420, WSAbs440, WSAbs460, WSAbs480, WSAbs500, WSAbs520, WSAbs540, WSAbs560, WSAbs580, WSAbs600, WSAbs620, WSAbs640, WSAbs660, WSAbs680, WSAbs700, WSAbs365, WSOC, MSAbs300, MSAbs320, MSAbs340, MSAbs360, MSAbs380, MSAbs400, MSAbs420, MSAbs440, MSAbs460, MSAbs480, MSAbs500, MSAbs520, MSAbs540, MSAbs560, MSAbs580, MSAbs600, MSAbs620, MSAbs640, MSAbs660, MSAbs680, MSAbs700, MSAbs365
66840,67140,66990,1.6649,1.1265,0.88293,0.753635,0.66404,0.614106,0.577686,0.553306,0.534557,0.501936,0.498855,0.507881,0.499381,0.505217,0.44223,0.504154,0.486486,0.48422,0.483174,0.495186,0.521384,0.725638,2.70937,4.14635,2.11502,1.40659,1.0272,0.765148,0.615938,0.515629,0.460291,0.415104,0.374531,0.371251,0.369779,0.390801,0.399537,0.442242,0.469328,0.45571,0.377743,0.365102,0.320229,0.27153,0.946116
67260,67620,67440,2.65772,2.23619,2.00331,1.8874,1.77833,1.71819,1.68635,1.66184,1.64667,1.59444,1.60301,1.62558,1.62452,1.63099,1.5524,1.65002,1.62925,1.62804,1.61941,1.63324,1.67918,1.85797,6.21038,0.99586,0.710684,0.460294,0.250052,0.0813236,-0.0198165,-0.101721,-0.140652,-0.184738,-0.212315,-0.223915,-0.238978,-0.243892,-0.273692,-0.248503,-0.266055,-0.252437,-0.224924,-0.194603,-0.20291,-0.252999,0.199326
67740,68100,67920,0.790812,0.501985,0.313481,0.220099,0.154489,0.119077,0.093359,0.0809218,0.0674945,0.0598196,0.0467314,0.0486782,0.0416481,0.0449027,0.0330394,0.0609514,0.0304721,0.00939651,-0.0200369,0.0164937,-0.00563709,0.201729,0.820143,22.9687,1.59876,1.3636,1.04634,0.774442,0.59428,0.47194,0.370195,0.297654,0.22885,0.160713,0.138804,0.111168,0.0793595,0.0557665,0.0437553,0.0400025,0.0604215,0.0856084,0.0559872,0.0884142,0.974136
68220,68700,68460,0.188415,0.11907,0.08034,0.0644095,0.0494642,0.0395673,0.0326625,0.0311273,0.0264033,0.0233835,0.0177972,0.0189191,0.0145478,0.0157206,0.0144323,0.0311974,0.00684254,-0.0127438,-0.0329515,-0.00803018,-0.0198592,0.0587581,1.38066,-0.231366,-0.0178395,0.144472,0.123152,0.0691644,0.0279938,0.00659741,-0.0125923,-0.0212875,-0.0368356,-0.0607352,-0.0570035,-0.0589762,-0.0658859,-0.0659036,-0.0724128,-0.0587119,-0.011774,0.0137971,0.00924013,0.0116181,0.110145
68820,69300,69060,0.585162,0.326482,0.185744,0.114422,0.0651381,0.0441206,0.0275422,0.0214595,0.0138379,0.00891321,0.00111941,-0.000554192,-0.00252206,-0.00169946,-0.00384076,0.0155048,-0.0119012,-0.036779,-0.0640657,-0.037268,-0.0591266,0.100228,0.589377,0.183288,0.306673,0.387111,0.296667,0.189635,0.113046,0.0716472,0.0265886,0.0103972,-0.0273749,-0.059382,-0.0651917,-0.0649217,-0.0847711,-0.0908459,-0.100488,-0.0863516,-0.0233702,0.000351746,-0.0216406,-0.00314053,0.268269
69420,69900,69660,1.23707,0.75118,0.492957,0.357028,0.257227,0.193848,0.152502,0.120131,0.0927225,0.070631,0.0537678,0.045761,0.0351371,0.0345133,0.0256487,0.048116,0.0155556,-0.00880886,-0.034554,-0.0146592,-0.0353725,0.327973,6.86096,2.17265,1.64725,1.43505,1.16326,0.909664,0.721362,0.601923,0.498766,0.433669,0.35965,0.31061,0.28746,0.275269,0.24328,0.211813,0.196571,0.203806,0.257719,0.286075,0.255312,0.258136,1.09252
70020,70680,70350,1.5771,1.07511,0.76314,0.590165,0.445253,0.344775,0.278881,0.232049,0.188529,0.151598,0.126912,0.112898,0.0980022,0.0902093,0.0718425,0.0913282,0.0611263,0.0404964,0.0188369,0.0320392,0.00776372,0.549774,9.23119,0.119134,1.72412,1.49384,1.16562,0.875842,0.677959,0.555006,0.461915,0.388385,0.320487,0.275171,0.265125,0.272961,0.275535,0.294525,0.318064,0.286392,0.251499,0.230477,0.190141,0.183966,1.08429
71160,72060,71610,0.362776,0.322722,0.234429,0.168323,0.108509,0.0722157,0.0605289,0.0560212,0.0471767,0.0413229,0.0366858,0.0331395,0.0300741,0.0298874,0.0234389,0.0384755,0.0186947,0.00268729,-0.014177,0.00183395,-0.00940104,0.153523,0.395381,-1.54039,0.0797589,0.231789,0.213932,0.157867,0.111732,0.090165,0.0747289,0.063406,0.0450755,0.0317955,0.0319176,0.0451055,0.0473833,0.0642497,0.0785549,0.0657466,0.079721,0.0796199,0.0577033,0.0527231,0.19932
72180,73200,72690,-0.0121676,0.0260364,0.0507835,0.0609122,0.0332214,0.0130107,0.00989453,0.0103575,0.00779438,0.00633409,0.00458774,0.00265812,0.00128798,0.00310956,0.00270768,0.0146466,-0.00280711,-0.0158357,-0.0264454,-0.0150403,-0.0246498,0.0547649,0.2449,-0.350928,-0.135639,-0.0332712,0.0115493,0.00967567,-0.0028387,-0.00347257,-0.00727293,-0.00500421,-0.0106097,-0.0196269,-0.0181489,-0.0106883,-0.0173756,-0.00160118,-0.000293763,0.0053054,0.0412486,0.055965,0.0440518,0.0393921,0.0119833
73680,74040,73860,1.58814,0.964426,0.684553,0.523747,0.40538,0.327726,0.274436,0.238283,0.20463,0.174947,0.155245,0.141947,0.126975,0.120138,0.0937109,0.118107,0.0828271,0.0504583,0.0215904,0.0371136,-0.00219129,0.489556,1.12968,1.14663,1.27159,1.23599,1.02572,0.817039,0.669837,0.580754,0.503001,0.448242,0.39015,0.345055,0.331329,0.331501,0.327384,0.339469,0.362708,0.322573,0.266677,0.22332,0.21409,0.206399,0.969545
74100,74520,74310,2.21469,1.50593,1.05553,0.809991,0.618864,0.490718,0.402635,0.340656,0.288764,0.239522,0.208855,0.189067,0.164564,0.150988,0.118163,0.145304,0.1027,0.0685242,0.0294543,0.0514948,0.0114775,0.756817,1.73562,0.382068,0.326554,0.38253,0.302712,0.22629,0.180036,0.154856,0.121453,0.102474,0.0790454,0.0396695,0.0365002,0.0320923,0.00562121,0.0100395,0.0177136,0.0262213,0.0367799,0.0421939,0.041273,0.0502668,0.284143
74640,75000,74820,2.16183,1.07623,0.743686,0.558466,0.41631,0.327503,0.262561,0.220821,0.185291,0.151986,0.129537,0.11667,0.101914,0.0939814,0.0705343,0.0934787,0.0569667,0.0277327,-0.0026095,0.0175938,-0.024684,0.51764,2.77233,0.454868,0.56724,0.630039,0.488454,0.356852,0.29581,0.247821,0.20426,0.183886,0.152574,0.128271,0.132989,0.15163,0.160868,0.199337,0.231354,0.200856,0.154439,0.119462,0.111178,0.119157,0.447828
75120,75480,75300,1.88295,0.906591,0.6348,0.483779,0.353394,0.266083,0.212347,0.176719,0.145979,0.119112,0.100127,0.0906537,0.0751779,0.0706635,0.0528311,0.0727055,0.042366,0.0143583,-0.0137996,0.00813836,-0.0268195,0.448014,3.16427,0.891422,0.977421,0.932352,0.735823,0.55468,0.448142,0.377637,0.31459,0.269636,0.227758,0.183398,0.177924,0.179606,0.170937,0.189363,0.205451,0.188561,0.16409,0.136074,0.130515,0.121826,0.683196
75660,76020,75840,3.06115,1.65389,1.14967,0.870517,0.643276,0.498832,0.402481,0.337477,0.286545,0.238368,0.203313,0.186318,0.159749,0.147493,0.1155,0.144938,0.0982692,0.0535683,-0.00496571,0.0313752,-0.0382451,0.806508,3.13498,0.846665,1.05446,1.17573,0.870368,0.602235,0.476607,0.413061,0.359711,0.3135,0.267635,0.225442,0.248472,0.314073,0.370152,0.470355,0.556422,0.459339,0.26307,0.149635,0.113694,0.11318,0.787779
76140,76500,76320,1.4807,0.656,0.432292,0.318058,0.229328,0.174146,0.136223,0.114223,0.0920184,0.0748293,0.0602876,0.0550092,0.0423512,0.0415039,0.0315275,0.0513918,0.0149328,-0.0164383,-0.0456875,-0.0221828,-0.0632215,0.290504,2.20834,1.21398,1.36064,1.33534,1.08236,0.818092,0.658517,0.564745,0.478835,0.416605,0.36028,0.306328,0.280371,0.257695,0.212829,0.204688,0.20446,0.198076,0.182746,0.186075,0.177279,0.186446,1.00822
76620,76980,76800,1.06557,0.727626,0.544986,0.432223,0.29176,0.203566,0.159425,0.133463,0.108078,0.088101,0.0700575,0.0624554,0.05096,0.0481637,0.0344405,0.055188,0.0224543,-0.0135952,-0.0437152,-0.0190929,-0.05711,0.39646,7.36816,0.896602,0.971635,0.969486,0.746863,0.553889,0.443524,0.386534,0.330886,0.287294,0.249164,0.206604,0.201529,0.216352,0.202233,0.229915,0.258578,0.227733,0.16941,0.133382,0.143006,0.133334,0.689718
77100,77460,77280,2.76449,1.66556,1.19571,0.925928,0.717106,0.57543,0.481034,0.412711,0.353096,0.301007,0.266435,0.245655,0.21734,0.201685,0.161095,0.194416,0.150391,0.103968,0.0661354,0.0837712,0.0476964,0.866009,7.33383,1.03458,1.159,1.25009,1.10035,0.921507,0.80308,0.717442,0.635984,0.577026,0.509252,0.446637,0.41714,0.387812,0.341794,0.318164,0.310048,0.29045,0.268344,0.25706,0.257341,0.232224,1.05437
77640,78000,77820,2.7765,2.03581,1.58939,1.29989,1.04161,0.858531,0.733599,0.636361,0.555604,0.477542,0.430433,0.395365,0.358159,0.326803,0.271293,0.298448,0.246603,0.202452,0.159791,0.168762,0.114675,1.23147,1.8164,0.717538,0.762246,0.745409,0.676549,0.574967,0.49455,0.446292,0.398088,0.365354,0.325555,0.279797,0.26342,0.249052,0.212887,0.208251,0.214236,0.202987,0.198018,0.178681,0.193468,0.182866,0.654118
78120,78540,78330,2.98952,2.15887,1.64649,1.31451,1.00347,0.790887,0.661102,0.562479,0.480026,0.405937,0.35985,0.329513,0.294212,0.269169,0.217982,0.245115,0.197384,0.162136,0.120929,0.132467,0.081599,1.23189,1.57423,1.59981,1.77583,1.78862,1.58084,1.36668,1.20214,1.07921,0.964046,0.873199,0.784574,0.702701,0.66047,0.622543,0.569435,0.536503,0.51906,0.482862,0.460223,0.419626,0.413439,0.380179,1.52567
78720,79080,78900,3.63364,1.87095,1.26753,0.924907,0.674439,0.508507,0.394554,0.316037,0.251833,0.198314,0.164017,0.141956,0.120563,0.10501,0.0800875,0.101435,0.0654481,0.0313442,-0.00194469,0.0127702,-0.0282165,0.852994,5.06603,1.30913,1.42261,1.39305,1.20584,1.01516,0.881025,0.784278,0.701419,0.63306,0.569698,0.501448,0.470114,0.446212,0.398176,0.379045,0.373574,0.348287,0.325811,0.299978,0.313797,0.284929,1.15521
79260,79620,79440,4.05771,2.44422,1.69133,1.23074,0.883929,0.660689,0.511206,0.407734,0.325856,0.256994,0.212405,0.185765,0.156366,0.136348,0.105602,0.127665,0.0864506,0.0492357,0.0126755,0.0330303,-0.00961144,1.13182,2.51023,1.67121,1.70883,1.66639,1.37636,1.10934,0.946701,0.827698,0.718586,0.64197,0.571107,0.510575,0.486438,0.475122,0.447536,0.450427,0.460757,0.434215,0.39857,0.358659,0.364577,0.335493,1.3017
79800,80160,79980,1.08437,0.700409,0.520521,0.41028,0.290949,0.212011,0.166992,0.140199,0.113082,0.0902598,0.0733191,0.0630499,0.0528915,0.0457149,0.0364115,0.0578721,0.0214408,-0.0112269,-0.0402606,-0.0167571,-0.056128,0.378622,5.12917,1.23414,1.36259,1.4365,1.26089,1.04807,0.892832,0.794446,0.712262,0.653519,0.586596,0.523366,0.491782,0.465947,0.428721,0.407826,0.408281,0.387878,0.363293,0.320812,0.320104,0.306437,1.20284
80340,80700,80520,4.42967,3.0837,2.2375,1.70107,1.2255,0.910049,0.721298,0.586942,0.479633,0.387426,0.328633,0.288259,0.248266,0.220559,0.172498,0.199573,0.151221,0.106093,0.0647299,0.0802977,0.0359103,1.57065,2.45456,1.50711,1.65059,1.71355,1.48602,1.25605,1.09555,0.98426,0.86252,0.770185,0.693539,0.619528,0.580961,0.54586,0.500336,0.479793,0.48118,0.453481,0.43331,0.387173,0.392006,0.358644,1.42463
80880,81240,81060,3.7222,2.35765,1.66189,1.25223,0.910367,0.686841,0.548731,0.452945,0.371325,0.301774,0.258051,0.227783,0.195836,0.17395,0.137716,0.162139,0.119015,0.0832754,0.0408018,0.0553448,-0.000753504,1.15608,4.36397,1.83383,1.9115,1.88197,1.60659,1.34805,1.17883,1.05733,0.947718,0.861281,0.775597,0.699463,0.663877,0.637648,0.608478,0.597264,0.602054,0.554777,0.483504,0.422138,0.413178,0.37887,1.53536
81360,81840,81600,1.64685,0.76071,0.510527,0.377283,0.252642,0.171607,0.124442,0.0990713,0.0731329,0.0541712,0.0402415,0.0307407,0.0225085,0.0172689,0.0136216,0.0314347,0.000473463,-0.0260892,-0.0540477,-0.0295017,-0.0693375,0.343181,1.4738,0.965809,1.06833,1.10938,0.955737,0.76912,0.638174,0.555568,0.49107,0.441251,0.390156,0.347041,0.321361,0.313043,0.281161,0.283821,0.284392,0.275336,0.263959,0.254384,0.246744,0.23207,0.9037
82020,82500,82260,0.675263,0.432618,0.327594,0.264563,0.173896,0.111634,0.0858373,0.0713406,0.055175,0.0436327,0.0349448,0.0286044,0.0232439,0.0213945,0.0165264,0.0312567,0.0087226,-0.0113465,-0.0283114,-0.0121671,-0.0263457,0.241232,3.29757,0.440777,0.494544,0.484516,0.428703,0.348473,0.289482,0.249731,0.216727,0.188666,0.162444,0.132154,0.121147,0.116686,0.106386,0.120424,0.125193,0.111079,0.103707,0.0881009,0.085447,0.0727946,0.406623
82680,83220,82950,5.25727,2.96548,2.09358,1.57126,1.17317,0.903368,0.723852,0.592893,0.489809,0.400112,0.344743,0.304195,0.265762,0.236561,0.188718,0.206996,0.165255,0.127372,0.095921,0.102207,0.0707724,1.4577,2.63065,2.60527,2.09704,1.73161,1.46489,1.21912,1.04598,0.923572,0.816741,0.735719,0.659418,0.587651,0.549929,0.517361,0.478098,0.459973,0.46063,0.432122,0.410586,0.375181,0.36034,0.343259,1.39699
83520,84120,83820,0.458808,0.322858,0.302262,0.283958,0.155053,0.0705989,0.0495308,0.041274,0.0302005,0.02248,0.0160033,0.0123365,0.00835788,0.00643613,0.00535133,0.0216657,-0.00474036,-0.0251881,-0.0462153,-0.0263033,-0.0497363,0.256455,0.393744,-0.0351184,0.121534,0.181058,0.19493,0.161254,0.139229,0.122867,0.105366,0.0891304,0.0694907,0.0404742,0.0336754,0.0406212,0.0377884,0.0680345,0.0822032,0.0619619,0.0196617,-0.00517727,-0.0164093,-0.00446114,0.18459
84600,85080,84840,1.25753,0.831093,0.607304,0.467785,0.30833,0.206031,0.151202,0.113303,0.0780826,0.054624,0.0378882,0.0300917,0.0206826,0.0153869,0.0100166,0.0274667,-0.00129336,-0.0295588,-0.0458356,-0.0294874,-0.0607421,0.426164,7.89839,4.67241,3.9372,3.17219,2.43451,1.86104,1.4681,1.20978,0.997151,0.839816,0.702355,0.593712,0.531882,0.482682,0.426865,0.3994,0.391981,0.368117,0.35527,0.348659,0.304902,0.299503,2.26772
85500,86700,86100,0.0639745,0.0801824,0.101349,0.107631,0.0610575,0.026661,0.020289,0.0203715,0.0156987,0.0124506,0.0104858,0.0081091,0.00597555,0.00771284,0.00649179,0.0182239,0.0019659,-0.0104342,-0.0173252,-0.00813955,-0.0135196,0.0978433,0.21283,-0.294041,-0.0945724,-0.000600687,0.0506246,0.0587041,0.0517618,0.0459682,0.0428926,0.0393489,0.0347294,0.0227956,0.0161522,0.0185997,0.0076904,0.0198561,0.0184019,0.0212726,0.055956,0.0657039,0.062584,0.049094,0.0545679
87720,89220,88470,0.147029,0.102594,0.0728392,0.052563,0.0278564,0.0103045,0.00177355,0.00268719,-0.00178904,-0.00427939,-0.0071575,-0.00880831,-0.0115218,-0.00801188,-0.00638423,0.00622692,-0.0158257,-0.0326858,-0.0454038,-0.0347105,-0.0445012,0.045261,0.34747,-0.319154,-0.100649,0.00542472,0.0753956,0.0850131,0.081373,0.0806557,0.0734402,0.0705764,0.0608576,0.0434001,0.0391453,0.0431788,0.029291,0.0427023,0.047612,0.0481479,0.0670767,0.063244,0.0686111,0.0624539,0.0785785
