Data/Raw/WEBER,RODNEY/FIREXAQ-SAGA-AERO-BrC_DC8_20190826_R0.ict
79, 1001
Weber, Rodney
Georgia Institute of Technology
Brown carbon measured 
FIREXAQ
1, 1
2019, 08, 26, 2020, 03, 03
0
Time_Start, seconds_past_midnight, Time_Start, seconds_past_midnight
47
1, 1, 1, 1, 1, 1, 1, 1, 1, 1, 1, 1, 1, 1, 1, 1, 1, 1, 1, 1, 1, 1, 1, 1, 1, 1, 1, 1, 1, 1, 1, 1, 1, 1, 1, 1, 1, 1, 1, 1, 1, 1, 1, 1, 1, 1, 1
-9999, -9999, -9999, -9999, -9999, -9999, -9999, -9999, -9999, -9999, -9999, -9999, -9999, -9999, -9999, -9999, -9999, -9999, -9999, -9999, -9999, -9999, -9999, -9999, -9999, -9999, -9999, -9999, -9999, -9999, -9999, -9999, -9999, -9999, -9999, -9999, -9999, -9999, -9999, -9999, -9999, -9999, -9999, -9999, -9999, -9999, -9999
Time_Stop, seconds_past_midnight, Time_Stop, seconds_past_midnight
Time_Mid, seconds_past_midnight, Time_Mid, seconds_past_midnight
WSAbs300, Mm-1, AerOpt_AbsorptionBrC_InSitu_UVtoRed_None_Bulk_STP, Water Soluble Brown Carbon absorption at 300 nm
WSAbs320, Mm-1, AerOpt_AbsorptionBrC_InSitu_UVtoRed_None_Bulk_STP, Water Soluble Brown Carbon absorption at 320 nm
WSAbs340, Mm-1, AerOpt_AbsorptionBrC_InSitu_UVtoRed_None_Bulk_STP, Water Soluble Brown Carbon absorption at 340 nm
WSAbs360, Mm-1, AerOpt_AbsorptionBrC_InSitu_UVtoRed_None_Bulk_STP, Water Soluble Brown Carbon absorption at 360 nm
WSAbs380, Mm-1, AerOpt_AbsorptionBrC_InSitu_UVtoRed_None_Bulk_STP, Water Soluble Brown Carbon absorption at 380 nm
WSAbs400, Mm-1, AerOpt_AbsorptionBrC_InSitu_UVtoRed_None_Bulk_STP, Water Soluble Brown Carbon absorption at 400 nm
WSAbs420, Mm-1, AerOpt_AbsorptionBrC_InSitu_UVtoRed_None_Bulk_STP, Water Soluble Brown Carbon absorption at 420 nm
WSAbs440, Mm-1, AerOpt_AbsorptionBrC_InSitu_UVtoRed_None_Bulk_STP, Water Soluble Brown Carbon absorption at 440 nm
WSAbs460, Mm-1, AerOpt_AbsorptionBrC_InSitu_UVtoRed_None_Bulk_STP, Water Soluble Brown Carbon absorption at 460 nm
WSAbs480, Mm-1, AerOpt_AbsorptionBrC_InSitu_UVtoRed_None_Bulk_STP, Water Soluble Brown Carbon absorption at 480 nm
WSAbs500, Mm-1, AerOpt_AbsorptionBrC_InSitu_UVtoRed_None_Bulk_STP, Water Soluble Brown Carbon absorption at 500 nm
WSAbs520, Mm-1, AerOpt_AbsorptionBrC_InSitu_UVtoRed_None_Bulk_STP, Water Soluble Brown Carbon absorption at 520 nm
WSAbs540, Mm-1, AerOpt_AbsorptionBrC_InSitu_UVtoRed_None_Bulk_STP, Water Soluble Brown Carbon absorption at 540 nm
WSAbs560, Mm-1, AerOpt_AbsorptionBrC_InSitu_UVtoRed_None_Bulk_STP, Water Soluble Brown Carbon absorption at 560 nm
WSAbs580, Mm-1, AerOpt_AbsorptionBrC_InSitu_UVtoRed_None_Bulk_STP, Water Soluble Brown Carbon absorption at 580 nm
WSAbs600, Mm-1, AerOpt_AbsorptionBrC_InSitu_UVtoRed_None_Bulk_STP, Water Soluble Brown Carbon absorption at 600 nm
WSAbs620, Mm-1, AerOpt_AbsorptionBrC_InSitu_UVtoRed_None_Bulk_STP, Water Soluble Brown Carbon absorption at 620 nm
WSAbs640, Mm-1, AerOpt_AbsorptionBrC_InSitu_UVtoRed_None_Bulk_STP, Water Soluble Brown Carbon absorption at 640 nm
WSAbs660, Mm-1, AerOpt_AbsorptionBrC_InSitu_UVtoRed_None_Bulk_STP, Water Soluble Brown Carbon absorption at 660 nm
WSAbs680, Mm-1, AerOpt_AbsorptionBrC_InSitu_UVtoRed_None_Bulk_STP, Water Soluble Brown Carbon absorption at 680 nm
WSAbs700, Mm-1, AerOpt_AbsorptionBrC_InSitu_UVtoRed_None_Bulk_STP, Water Soluble Brown Carbon absorption at 700 nm
WSAbs365, Mm-1, AerOpt_AbsorptionBrC_InSitu_UVtoRed_None_Bulk_STP, Water Soluble Brown Carbon absorption at 365 nm
[...]
UNCERTAINTY: 16% for WSAbs365, 17% for WSOC, 19% for MSAbs365
ULOD_FLAG: -7777
ULOD_VALUE: N/A
LLOD_FLAG: -8888
LLOD_VALUE: N/A
DM_CONTACT_INFO: lhzeng@gatech.edu
PROJECT_INFO: FIREX-AQ, 2019
STIPULATIONS_ON_USE: Use of these data require prior ok from PI.
OTHER_COMMENTS: N/A
REVISION: R0
RA: Preliminary Data.  For in-field use only.
Time_Start, Time_Stop, Time_Mid, WSAbs300, WSAbs320, WSAbs340, WSAbs360, WSAbs380, WSAbs400, WSAbs420, WSAbs440, WSAbs460, WSAbs480, WSAbs500, WSAbs520, WSAbs540, WSAbs560, WSAbs580, WSAbs600, WSAbs620, WSAbs640, WSAbs660, WSAbs680, WSAbs700, WSAbs365, WSOC, MSAbs300, MSAbs320, MSAbs340, MSAbs360, MSAbs380, MSAbs400, MSAbs420, MSAbs440, MSAbs460, MSAbs480, MSAbs500, MSAbs520, MSAbs540, MSAbs560, MSAbs580, MSAbs600, MSAbs620, MSAbs640, MSAbs660, MSAbs680, MSAbs700, MSAbs365
61560,62460,62010,-0.102595,-0.0562484,-0.0455786,-0.0333335,-0.0251145,-0.0252889,-0.0239922,-0.0199398,-0.0263945,-0.0238837,-0.0133155,-0.0202819,-0.0191863,-0.0209342,-0.0197145,-0.0173458,-0.0401424,-0.0510317,-0.0221557,-0.0177898,-0.0202948,-0.0309918,0.0115154,-0.314903,-0.177441,-0.109305,-0.0511711,-0.0426232,-0.0569381,-0.0641272,-0.0726912,-0.0791149,-0.0826755,-0.0789063,-0.0875325,-0.0991729,-0.100645,-0.0935082,-0.104133,-0.0945734,-0.0320291,0.00345168,-0.015485,-0.0158464,-0.055136
62580,63480,63030,0.11364,0.0778783,0.016444,0.00122609,-0.00457927,-0.00969819,-0.0156483,-0.0150741,-0.0228185,-0.02008,-0.0134153,-0.0190933,-0.0213352,-0.0199256,-0.0186386,-0.0186969,-0.0327146,-0.0472957,-0.0260454,-0.0176079,-0.0165258,0.00153552,0.466244,0.233087,0.233556,0.23378,0.190678,0.131012,0.0928071,0.0786023,0.0605046,0.0454875,0.0372068,0.0470152,0.0537163,0.075718,0.117996,0.165008,0.190143,0.159817,0.139304,0.118587,0.0879387,0.0772729,0.160631
63600,63960,63780,3.54725,2.49951,1.66046,1.16343,0.843506,0.659754,0.510493,0.369713,0.214301,0.114323,0.0620919,0.0138885,-0.00194481,-0.017648,-0.0260535,-0.043984,-0.0706197,-0.0855721,-0.0213664,-0.0297302,-0.036822,1.06947,3.70039,13.7969,9.87679,7.03917,5.21913,3.9155,2.98641,2.35916,1.88397,1.53474,1.27062,1.10128,0.967498,0.841986,0.777517,0.696284,0.621569,0.582496,0.610752,0.633108,0.531891,0.508645,4.81516
64080,64380,64230,11.9908,8.86708,6.2713,4.3868,2.965,1.99742,1.38848,1.00804,0.715194,0.496033,0.348666,0.233878,0.17973,0.121243,0.085447,0.0499634,0.00824359,-0.0172475,0.0551797,0.0439692,0.0206628,3.98442,6.43742,39.1682,29.5578,19.6856,13.8354,10.0227,7.46013,5.73954,4.54553,3.65964,2.99386,2.53553,2.15741,1.82379,1.60997,1.36513,1.21548,1.11263,1.09176,1.07632,0.906644,0.87325,12.6839
64500,65040,64770,3.55458,2.57646,1.71646,1.26962,0.950444,0.727051,0.588197,0.491754,0.414268,0.360886,0.332119,0.295993,0.270346,0.246196,0.228017,0.216539,0.182588,0.155876,0.182864,0.17587,0.166404,1.1827,2.89223,5.26553,3.90639,2.82863,2.1825,1.70636,1.33638,1.08988,0.894022,0.75785,0.651045,0.590272,0.519863,0.460661,0.434705,0.390948,0.36437,0.367648,0.423509,0.460456,0.393628,0.384848,2.03221
65160,65520,65340,6.33205,4.54232,3.13249,2.21352,1.52847,1.05809,0.760518,0.564045,0.417735,0.318505,0.259132,0.195829,0.161276,0.132677,0.112304,0.0862435,0.0597526,0.0132213,0.0464025,0.0532429,0.0389965,2.02081,7.22838,21.5176,14.8239,10.4584,7.72943,5.86898,4.52921,3.58854,2.91814,2.41842,2.03458,1.77047,1.54962,1.34955,1.22222,1.06544,0.97928,0.927014,0.961649,0.980723,0.848695,0.80923,7.18566
65640,65880,65760,3.589,2.57085,1.76331,1.31281,0.98634,0.762655,0.618231,0.518359,0.436396,0.381125,0.345871,0.305088,0.280858,0.256696,0.235917,0.221158,0.187889,0.161273,0.177004,0.167211,0.150856,1.22071,2.37836,6.69179,4.99901,3.83914,3.05521,2.45645,2.00463,1.68781,1.44365,1.25762,1.10874,1.01304,0.927124,0.853013,0.80537,0.751998,0.720845,0.691374,0.718557,0.719798,0.634514,0.623432,2.87229
66600,66960,66780,0.937725,0.60702,0.38485,0.286401,0.19558,0.133418,0.0980768,0.0799019,0.0523055,0.0490565,0.0540182,0.0385463,0.0299789,0.0172446,0.0218891,0.00698962,-0.0168906,-0.0627958,-0.0271774,-0.014295,-0.0461313,0.264337,1.30026,0.790167,0.672367,0.593321,0.56813,0.511768,0.45215,0.413254,0.360158,0.323689,0.291859,0.289179,0.269281,0.237201,0.232719,0.210586,0.192673,0.212449,0.288384,0.343462,0.275734,0.28823,0.532333
67080,67920,67500,2.09336,1.41274,0.971389,0.706324,0.47777,0.320947,0.228499,0.169995,0.117783,0.0920211,0.0830759,0.0579424,0.0491266,0.0366435,0.0330082,0.0270922,0.0064227,-0.0211035,-0.00691241,0.00416643,-0.0116869,0.648674,1.79526,7.06242,5.12742,3.80936,2.97032,2.35053,1.88675,1.56395,1.32082,1.12952,0.974675,0.869567,0.774495,0.681402,0.624894,0.555896,0.512057,0.497982,0.542176,0.554359,0.489256,0.480828,2.78543
68040,69000,68520,0.642847,0.506894,0.384986,0.315036,0.264642,0.220981,0.189929,0.170515,0.142617,0.1345,0.130997,0.110778,0.103511,0.0927509,0.0881482,0.0829699,0.0566976,0.0215902,0.0335926,0.0441147,0.0346821,0.302042,0.594731,0.0790206,0.142148,0.162261,0.18436,0.168901,0.133431,0.114429,0.0919875,0.0740558,0.0627988,0.0618136,0.0536754,0.0343785,0.0320592,0.025257,0.0150645,0.0310122,0.107766,0.135186,0.109282,0.106914,0.170873
69120,69720,69420,3.3913,2.43299,1.67777,1.20961,0.882787,0.656724,0.50555,0.409127,0.325919,0.274688,0.248706,0.207513,0.185233,0.162818,0.142868,0.129891,0.0989738,0.0703611,0.0777245,0.0856452,0.0513326,1.11871,2.60669,5.04087,3.8574,2.92128,2.25041,1.74262,1.35251,1.09175,0.893243,0.744628,0.62732,0.55765,0.48901,0.422579,0.39097,0.34122,0.308776,0.308369,0.376229,0.414002,0.351366,0.345861,2.09543
69840,70200,70020,4.1524,2.96142,2.03053,1.43295,1.00019,0.711185,0.510928,0.381621,0.273988,0.209092,0.189458,0.131429,0.108717,0.0702347,0.0563228,0.0373262,-0.0161544,-0.103761,-0.0594711,-0.0135561,-0.107602,1.31446,1.8374,10.8079,7.96312,5.87914,4.37771,3.2918,2.50043,1.95312,1.53422,1.22474,0.982986,0.840193,0.710044,0.564441,0.503311,0.394856,0.336614,0.317892,0.395999,0.441514,0.340296,0.347767,4.04371
70320,71100,70710,0.504899,0.391721,0.282783,0.219479,0.176334,0.148364,0.122571,0.108029,0.082695,0.0787404,0.0808786,0.0630316,0.0566288,0.0472384,0.0418882,0.0340188,0.00942985,-0.0212834,-0.0146548,0.017666,-0.0309637,0.209581,0.830242,0.0288793,0.099315,0.127595,0.151423,0.144208,0.11755,0.103453,0.0833821,0.0714919,0.0571658,0.0634989,0.0525815,0.0389143,0.0389926,0.0312995,0.0213301,0.0420058,0.121249,0.170082,0.137504,0.134799,0.138634
71220,71760,71490,1.41036,1.06218,0.788541,0.655702,0.56416,0.495531,0.443468,0.400494,0.355593,0.332001,0.320888,0.289108,0.271289,0.246411,0.229194,0.209628,0.170568,0.12015,0.148043,0.147751,0.110452,0.634629,1.42282,0.950421,0.795063,0.687359,0.633996,0.5621,0.492515,0.443602,0.388712,0.345524,0.312404,0.306962,0.284849,0.253301,0.255669,0.221675,0.210409,0.222376,0.307734,0.346027,0.287649,0.289221,0.601252
71880,73260,72570,-0.0777684,-0.0431347,-0.0360477,-0.0307554,-0.0283377,-0.0278813,-0.0296859,-0.0276334,-0.0307437,-0.0302411,-0.0220639,-0.0286868,-0.0271413,-0.0266803,-0.0277575,-0.0267241,-0.041212,-0.0525161,-0.0378924,-0.0282566,-0.0309083,-0.0283853,0.108618,-0.346399,-0.164581,-0.0703238,-0.00647807,0.0115276,0.0082756,0.00443047,-0.00133568,-0.00343841,-0.00582162,-0.00153256,-0.0086016,-0.0143857,-0.0135756,-0.0112337,-0.0163539,-0.00230473,0.0682975,0.102485,0.073473,0.0692709,-0.00716591
73380,74040,73710,6.3022,4.72202,3.27002,2.21324,1.47584,0.960841,0.636507,0.438122,0.299357,0.204571,0.142782,0.0856905,0.0576572,0.0364988,0.0184378,0.00194517,-0.0198228,-0.0321419,-0.000411444,-0.00404025,-0.0261824,2.00486,10.2162,9.12858,6.85455,5.11607,3.86001,2.9549,2.30305,1.85864,1.52827,1.27916,1.07522,0.937432,0.812261,0.703608,0.624099,0.544544,0.495197,0.473368,0.525451,0.53899,0.456268,0.448556,3.58834
74160,74580,74370,5.09713,3.73902,2.54798,1.76207,1.20519,0.807511,0.549773,0.384078,0.262795,0.189385,0.148687,0.108263,0.0787186,0.0547449,0.0355235,0.0154526,-0.00827979,-0.0362468,0.0133598,0.00234964,-0.0074535,1.61152,3.69771,8.89953,6.76101,5.10264,3.90977,3.03455,2.37837,1.93542,1.59637,1.33374,1.13253,1.00131,0.882954,0.766901,0.700659,0.616498,0.566408,0.556688,0.601432,0.635553,0.547578,0.529409,3.63838
74700,75060,74880,10.791,7.94926,5.5824,3.98292,2.78097,1.9195,1.33243,0.955084,0.68072,0.505427,0.397653,0.28518,0.233113,0.181679,0.137189,0.098344,0.0444785,-0.000806286,0.0624803,0.0694029,-0.00460196,3.65902,4.55848,22.6988,17.1271,13.155,10.2364,8.11364,6.53939,5.41901,4.58447,3.93081,3.40005,3.04639,2.72577,2.4335,2.22592,1.99574,1.87434,1.79809,1.79461,1.78231,1.58395,1.55518,9.60482
75180,75600,75390,9.98078,7.51924,5.24066,3.55112,2.33329,1.51851,1.00839,0.698455,0.468544,0.325718,0.237758,0.152731,0.101492,0.0677564,0.041447,0.0194472,-0.0165609,-0.0520548,-0.0148188,-0.0138178,-0.0415147,3.21034,5.17602,25.939,18.6676,14.2122,10.9528,8.63918,6.97126,5.80801,4.94516,4.25159,3.68679,3.27528,2.93336,2.62647,2.41157,2.18255,2.0455,1.89937,1.81311,1.73648,1.55353,1.47303,10.2674
75720,76980,76350,1.25119,0.931441,0.646429,0.49211,0.380752,0.300141,0.247229,0.209279,0.175799,0.158914,0.14656,0.128154,0.117728,0.10769,0.0995168,0.0969427,0.0734419,0.051193,0.0590763,0.0638291,0.0613831,0.460295,0.999375,0.81299,0.720495,0.627383,0.55217,0.468023,0.386861,0.33029,0.283985,0.24689,0.219372,0.204537,0.184003,0.169422,0.162026,0.163338,0.157908,0.159196,0.203937,0.224325,0.187907,0.180014,0.521733
77100,78960,78030,-0.0450389,-0.00307267,0.00139353,0.0020991,0.00401498,-0.0016466,-0.00462222,-0.00408283,-0.0104429,-0.00845423,-0.00392877,-0.0111246,-0.0103111,-0.01172,-0.0103985,-0.00712321,-0.0237839,-0.0374425,-0.0264246,-0.0181729,-0.0262542,0.00298495,0.220918,-0.41209,-0.213622,-0.109935,-0.0336502,-0.0051601,-0.00336839,-0.00354922,-0.00496744,-0.00538689,-0.00425764,2.55427e-05,-0.00482301,-0.00877651,-0.00980523,0.000162225,-0.00427278,0.0078697,0.0689288,0.0906138,0.073431,0.0643281,-0.0305859
79080,79860,79470,2.30303,1.65403,1.18017,0.909744,0.705463,0.558887,0.460468,0.392529,0.32309,0.282172,0.26283,0.225852,0.204044,0.181609,0.1647,0.149859,0.123077,0.0898905,0.101655,0.113396,0.08222,0.855384,1.38193,1.57819,1.22917,0.970267,0.78868,0.622128,0.486292,0.393387,0.31522,0.257747,0.216618,0.195196,0.164921,0.138902,0.125345,0.125593,0.112871,0.118732,0.160733,0.188841,0.143119,0.140189,0.731198
79980,80280,80130,6.4357,4.71285,3.23729,2.28047,1.59782,1.13756,0.836354,0.648572,0.499837,0.390966,0.330804,0.249245,0.207236,0.170516,0.14479,0.121012,0.0749262,0.00448654,0.0456353,0.0559812,-0.00535026,2.08742,5.17978,8.9412,6.80839,5.13354,3.9341,3.02685,2.35353,1.90128,1.54038,1.2791,1.07259,0.949405,0.822602,0.694048,0.630494,0.564232,0.516959,0.494088,0.537218,0.54409,0.460218,0.47348,3.65138
80400,80880,80640,12.1837,8.71997,6.09486,4.3247,3.02655,2.10511,1.50764,1.1238,0.837581,0.649143,0.521203,0.40937,0.340384,0.282302,0.238272,0.203401,0.143219,0.0975412,0.120632,0.112579,0.0690234,3.96031,7.49994,21.1878,15.1432,11.2635,8.46593,6.4016,4.88137,3.82667,3.04764,2.47895,2.03597,1.72561,1.4702,1.24513,1.09615,0.949608,0.861467,0.797991,0.791388,0.771507,0.691581,0.643557,7.86489
81000,81300,81150,21.1607,15.1917,10.7663,7.74063,5.45677,3.83168,2.80584,2.12608,1.62219,1.24233,1.02536,0.87993,0.733814,0.656396,0.496201,0.416419,0.456209,0.510314,0.404562,0.385868,0.380467,7.09487,3.70037,28.4293,20.6178,15.5095,11.8065,9.03407,6.96838,5.52205,4.43381,3.62979,3.01061,2.59405,2.23292,1.92338,1.71627,1.5182,1.37283,1.28755,1.24733,1.20447,1.07434,1.03105,11.0001
81540,82620,82080,0.182173,0.150758,0.122164,0.0979447,0.0910096,0.0810857,0.0842986,0.0846501,0.0764373,0.0737309,0.0803862,0.0806322,0.0722316,0.0733431,0.0516965,0.0561546,0.0657284,0.0703371,0.0548817,0.0606731,0.0653985,0.0935725,1.02257,-0.29091,-0.108723,-0.0150553,0.0457879,0.0624263,0.0538443,0.0487836,0.040914,0.0334928,0.0304951,0.0302946,0.0207657,0.014475,0.0112994,0.0196701,0.0132213,0.021301,0.0756884,0.0998146,0.0797616,0.0693976,0.0463604
82860,84420,83640,0.90166,0.661885,0.482134,0.372942,0.303853,0.251689,0.22867,0.208183,0.183249,0.166655,0.164615,0.156675,0.142947,0.137816,0.110633,0.116837,0.11984,0.118758,0.103396,0.104553,0.121623,0.352027,1.16902,0.032803,0.134629,0.183644,0.205723,0.18552,0.148371,0.1265,0.108314,0.0908534,0.0804274,0.0739376,0.0607145,0.0504805,0.042795,0.0503992,0.0432794,0.0500828,0.0982382,0.118457,0.100019,0.0880868,0.196944
84540,84930,84735,2.32329,1.69052,1.22361,0.976719,0.839042,0.748002,0.712474,0.677736,0.631017,0.598546,0.607083,0.598698,0.556941,0.540212,0.438981,0.450568,0.486232,0.492985,0.416496,0.455414,0.443716,0.930667,0.927437,0.852737,0.70618,0.580471,0.538509,0.482089,0.414711,0.370107,0.312671,0.270031,0.244617,0.235056,0.2064,0.167269,0.157657,0.153557,0.141961,0.155785,0.183859,0.219862,0.186877,0.184352,0.504685
85080,85800,85440,3.4378,2.45601,1.73327,1.27834,0.965282,0.750666,0.63989,0.556431,0.482038,0.427942,0.411959,0.389252,0.355194,0.335949,0.268979,0.278822,0.294066,0.275421,0.228469,0.243349,0.245907,1.18398,1.52551,5.35547,4.14109,3.00063,2.33901,1.89374,1.54935,1.32084,1.15415,1.0261,0.926241,0.852963,0.781342,0.713585,0.670852,0.636622,0.608646,0.596461,0.603092,0.602501,0.568412,0.538495,2.2012
85920,86100,86010,2.66072,1.89833,1.28724,0.845707,0.592156,0.434459,0.382117,0.346612,0.311022,0.285406,0.297513,0.294551,0.253971,0.241243,0.160951,0.212974,0.242052,0.205542,0.129559,0.166332,0.19594,0.759825,3.10362,5.24616,3.94978,2.64905,1.91991,1.49057,1.17407,0.967261,0.804372,0.685503,0.609503,0.555125,0.472865,0.404911,0.3743,0.357697,0.333216,0.32655,0.323666,0.319503,0.286334,0.267471,1.77125
86820,87720,87270,0.238545,0.183266,0.123761,0.0880255,0.0761462,0.0696874,0.0822582,0.0890565,0.0861654,0.0870488,0.100933,0.10294,0.0934807,0.0910297,0.0630437,0.0864768,0.0894906,0.0698535,0.0369398,0.0595044,0.0587914,0.079048,0.510082,-0.431698,-0.227798,-0.129481,-0.0479763,-0.0151385,-0.0158044,-0.0156012,-0.0187957,-0.0244898,-0.0212569,-0.0188478,-0.028584,-0.0392976,-0.0424398,-0.0285582,-0.0319758,-0.0222082,0.014766,0.0259337,0.0194783,0.00838993,-0.0456828
87840,88740,88290,0.0787545,0.0865648,0.0694776,0.0540634,0.0432388,0.0309307,0.0456687,0.0576301,0.0585357,0.0639238,0.0772001,0.083043,0.0714771,0.0741244,0.0497153,0.0770684,0.0758254,0.0460593,0.00977467,0.0367375,0.0376869,0.0478052,0.0409666,-0.607279,-0.371756,-0.240787,-0.141077,-0.0862862,-0.0729124,-0.0631971,-0.0612938,-0.0618736,-0.0574284,-0.0540944,-0.0604439,-0.0678834,-0.0664849,-0.0463401,-0.0445103,-0.0419031,-0.0182777,-0.00346211,-0.0109156,-0.019271,-0.135484
