Data/Raw/WEBER,RODNEY/FIREXAQ-SAGA-MC-BrC_DC8_20190831_R0.ict
56, 1001
Weber, Rodney
Georgia Institute of Technology
Water soluble brown carbon measured with mist chamber-LWCC
FIREXAQ
1, 1
2019, 08, 31, 2020, 03, 06
0
Time_Start, seconds_past_midnight, Time_Start, seconds_past_midnight
24
1, 1, 1, 1, 1, 1, 1, 1, 1, 1, 1, 1, 1, 1, 1, 1, 1, 1, 1, 1, 1, 1, 1, 1
-9999, -9999, -9999, -9999, -9999, -9999, -9999, -9999, -9999, -9999, -9999, -9999, -9999, -9999, -9999, -9999, -9999, -9999, -9999, -9999, -9999, -9999, -9999, -9999
Time_Stop, seconds_past_midnight, Time_Stop, seconds_past_midnight
Time_Mid, seconds_past_midnight, Time_Mid, seconds_past_midnight
WSAbs300, Mm-1, AerOpt_AbsorptionBrC_InSitu_UVtoRed_None_Bulk_STP, Water Soluble Brown Carbon absorption at 300 nm
WSAbs320, Mm-1, AerOpt_AbsorptionBrC_InSitu_UVtoRed_None_Bulk_STP, Water Soluble Brown Carbon absorption at 320 nm
WSAbs340, Mm-1, AerOpt_AbsorptionBrC_InSitu_UVtoRed_None_Bulk_STP, Water Soluble Brown Carbon absorption at 340 nm
WSAbs360, Mm-1, AerOpt_AbsorptionBrC_InSitu_UVtoRed_None_Bulk_STP, Water Soluble Brown Carbon absorption at 360 nm
WSAbs380, Mm-1, AerOpt_AbsorptionBrC_InSitu_UVtoRed_None_Bulk_STP, Water Soluble Brown Carbon absorption at 380 nm
WSAbs400, Mm-1, AerOpt_AbsorptionBrC_InSitu_UVtoRed_None_Bulk_STP, Water Soluble Brown Carbon absorption at 400 nm
WSAbs420, Mm-1, AerOpt_AbsorptionBrC_InSitu_UVtoRed_None_Bulk_STP, Water Soluble Brown Carbon absorption at 420 nm
WSAbs440, Mm-1, AerOpt_AbsorptionBrC_InSitu_UVtoRed_None_Bulk_STP, Water Soluble Brown Carbon absorption at 440 nm
WSAbs460, Mm-1, AerOpt_AbsorptionBrC_InSitu_UVtoRed_None_Bulk_STP, Water Soluble Brown Carbon absorption at 460 nm
WSAbs480, Mm-1, AerOpt_AbsorptionBrC_InSitu_UVtoRed_None_Bulk_STP, Water Soluble Brown Carbon absorption at 480 nm
WSAbs500, Mm-1, AerOpt_AbsorptionBrC_InSitu_UVtoRed_None_Bulk_STP, Water Soluble Brown Carbon absorption at 500 nm
WSAbs520, Mm-1, AerOpt_AbsorptionBrC_InSitu_UVtoRed_None_Bulk_STP, Water Soluble Brown Carbon absorption at 520 nm
WSAbs540, Mm-1, AerOpt_AbsorptionBrC_InSitu_UVtoRed_None_Bulk_STP, Water Soluble Brown Carbon absorption at 540 nm
WSAbs560, Mm-1, AerOpt_AbsorptionBrC_InSitu_UVtoRed_None_Bulk_STP, Water Soluble Brown Carbon absorption at 560 nm
WSAbs580, Mm-1, AerOpt_AbsorptionBrC_InSitu_UVtoRed_None_Bulk_STP, Water Soluble Brown Carbon absorption at 580 nm
WSAbs600, Mm-1, AerOpt_AbsorptionBrC_InSitu_UVtoRed_None_Bulk_STP, Water Soluble Brown Carbon absorption at 600 nm
WSAbs620, Mm-1, AerOpt_AbsorptionBrC_InSitu_UVtoRed_None_Bulk_STP, Water Soluble Brown Carbon absorption at 620 nm
WSAbs640, Mm-1, AerOpt_AbsorptionBrC_InSitu_UVtoRed_None_Bulk_STP, Water Soluble Brown Carbon absorption at 640 nm
WSAbs660, Mm-1, AerOpt_AbsorptionBrC_InSitu_UVtoRed_None_Bulk_STP, Water Soluble Brown Carbon absorption at 660 nm
WSAbs680, Mm-1, AerOpt_AbsorptionBrC_InSitu_UVtoRed_None_Bulk_STP, Water Soluble Brown Carbon absorption at 680 nm
WSAbs700, Mm-1, AerOpt_AbsorptionBrC_InSitu_UVtoRed_None_Bulk_STP, Water Soluble Brown Carbon absorption at 700 nm
WSAbs365, Mm-1, AerOpt_AbsorptionBrC_InSitu_UVtoRed_None_Bulk_STP, Water Soluble Brown Carbon absorption at 365 nm
0
18
PI_CONTACT_INFO: rweber@eas.gatech.edu
PLATFORM: NASA DC-8 aircraft
LOCATION: Aircraft location is given by the navigational file
ASSOCIATED_DATA: N/A
[...]
DATA_INFO: Samples collected by mist chamber were injected through 0.22 pore size syringe filter and then a 2.5 m path length LWCC, and light absorption was measured by Ocean Optics USB4000 spectrometer. Absorption from 300 to 700 nm were recorded. Absorption of pure solvent was subtracted from the sample. Raw absorption data were processed by the equation Abs=Raw*(Volume of liquid in the mist chamber)/(Volume of air collected at STP)/(Optical Path Length, 2.5m here)*ln(10). Data reported here were averaged over 20 nm wavelength intervals. i.e. absorption at 400 nm were average by absorption data between 390 nm to 410 nm. All data have been blank corrected by averaging all blank filter in this mission (2-3 blank filters per flight). Data are reported under STP, which is T=273K & p=1013 mb. When using the data, the absorption had better to corrected by higher wavelength, ie Abs700 for baseline drift. UNCERTAINTY: Data may have smearing issues. If we do not account for smearing or blank, the uncertainty is ~5%
UNCERTAINTY: Data may have smearing issues. If we do not account for smearing or blank, the uncertainty is ~5%
ULOD_FLAG: -7777
ULOD_VALUE: N/A
LLOD_FLAG: -8888
LLOD_VALUE: N/A
DM_CONTACT_INFO: lhzeng@gatech.edu
PROJECT_INFO: FIREX-AQ, 2019
STIPULATIONS_ON_USE: Use of these data require prior ok from PI.
OTHER_COMMENTS: N/A
REVISION: R0
RA: Preliminary Data.  For in-field use only.
Time_Start, Time_Stop, Time_Mid, WSAbs300, WSAbs320, WSAbs340, WSAbs360, WSAbs380, WSAbs400, WSAbs420, WSAbs440, WSAbs460, WSAbs480, WSAbs500, WSAbs520, WSAbs540, WSAbs560, WSAbs580, WSAbs600, WSAbs620, WSAbs640, WSAbs660, WSAbs680, WSAbs700, WSAbs365
[from data line 79]
75169,75319,75244,8.33629,6.77296,5.57256,4.63633,3.89596,3.30317,2.82322,2.43071,2.10674,1.8371,1.61095,1.41994,1.25756,1.11867,0.999222,0.89595,0.80623,0.72793,0.659304,0.598915,0.449932,4.88497
75320,75470,75395,9.10417,6.36686,4.55019,3.31494,2.45675,1.84893,1.41093,1.09032,0.85227,0.673218,0.536928,0.432045,0.350514,0.28654,0.235905,0.195502,0.16302,0.136721,0.115288,0.0977103,0.369807,3.44082
75470,75620,75545,15.7877,10.8052,7.56718,5.40854,3.93654,2.91224,2.18639,1.66349,1.28112,0.997676,0.784914,0.623363,0.499387,0.403308,0.328165,0.268896,0.221775,0.184034,0.153595,0.128884,0.590737,5.57824
75621,75771,75696,5.53113,4.18852,3.22575,2.52166,1.99767,1.6016,1.29797,1.06225,0.877113,0.730173,0.612416,0.517206,0.439593,0.375842,0.323109,0.279202,0.24242,0.211429,0.185178,0.16283,0.357704,2.73388
75771,75921,75846,5.42251,4.00147,3.00776,2.29803,1.78151,1.39924,1.11203,0.893276,0.724573,0.592991,0.489292,0.406782,0.340552,0.286954,0.243249,0.207359,0.177692,0.153018,0.132377,0.115018,0.258065,2.41158
75922,76072,75997,4.19816,3.03685,2.24035,1.68176,1.28217,0.991225,0.775986,0.614444,0.491607,0.397078,0.323535,0.265739,0.219895,0.183218,0.153638,0.129606,0.109944,0.0937539,0.0803406,0.0691644,0.204691,1.77399
76072,76222,76147,3.77789,3.05841,2.50788,2.07991,1.74252,1.47317,1.25571,1.07833,0.932297,0.81105,0.709596,0.624096,0.551564,0.489657,0.436519,0.390666,0.350904,0.316265,0.285959,0.259335,0.316097,2.30418
76223,76373,76298,7.4128,5.87729,4.72591,3.84776,3.1678,2.63415,2.21021,1.8697,1.59346,1.36731,1.18061,1.02529,0.895152,0.785404,0.692281,0.612817,0.544647,0.485876,0.434973,0.390691,0.461671,4.12321
76373,76523,76448,7.28468,4.82202,3.27276,2.27103,1.60736,1.15799,0.847709,0.629638,0.47389,0.361008,0.278087,0.216417,0.170024,0.134754,0.107675,0.0866948,0.0703003,0.0573868,0.0471389,0.038949,0.367435,2.44679
76524,76674,76599,5.94846,4.38473,3.29242,2.51305,1.94639,1.52741,1.21287,0.9735,0.789045,0.645284,0.532066,0.442046,0.369835,0.311434,0.263841,0.224782,0.192514,0.165692,0.143266,0.124415,0.350316,2.70477
76674,76824,76749,5.65034,4.12786,3.07357,2.32748,1.7892,1.39409,1.09955,0.876863,0.706348,0.574254,0.470825,0.389044,0.323791,0.271289,0.228715,0.193942,0.165347,0.141684,0.121986,0.105497,0.297183,2.47361
76825,76975,76900,5.34584,3.70894,2.63095,1.90328,1.40119,1.04788,0.794857,0.61073,0.474785,0.373078,0.296058,0.237079,0.191448,0.155807,0.127721,0.105406,0.0875387,0.0731304,0.0614326,0.0518753,0.2169,1.97713
76975,77125,77050,16.5613,13.505,11.1497,9.30666,7.84454,6.67036,5.71699,4.93517,4.28821,3.74841,3.29462,2.91045,2.58314,2.30261,2.06085,1.85141,1.66912,1.50974,1.3698,1.24644,0.482049,9.39164
77126,77276,77201,7.29468,5.54193,4.28108,3.35626,2.66609,2.143,1.741,1.42815,1.18188,0.985988,0.828673,0.701223,0.597126,0.511464,0.440478,0.38127,0.331587,0.289659,0.254088,0.223759,0.228877,3.3937
77276,77426,77351,23.8283,17.2284,12.7039,9.53219,7.26434,5.61375,4.39312,3.47734,2.78122,2.2457,1.8292,1.50199,1.24251,1.03498,0.867658,0.731748,0.620584,0.529068,0.453268,0.390125,0.872422,9.76628
77427,77577,77502,10.7046,8.36443,6.63435,5.3323,4.33673,3.56464,2.95817,2.47628,2.08934,1.77566,1.51913,1.30764,1.13198,0.985071,0.861421,0.756726,0.667586,0.591295,0.525681,0.468993,0.466439,5.52489
77578,77728,77653,27.9007,19.8571,14.427,10.675,8.02844,6.12696,4.73791,3.70787,2.93356,2.34421,1.89049,1.5375,1.26022,1.04044,0.864787,0.72331,0.608532,0.514785,0.437727,0.374011,0.881826,10.8084
77728,77878,77803,12.5788,10.2182,8.40582,6.99255,5.87509,4.9805,4.2563,3.6641,3.17537,2.76865,2.42758,2.13952,1.89466,1.68526,1.50517,1.34949,1.21425,1.09623,0.992803,0.901798,0.595789,7.28452
77879,78029,77954,30.3615,23.3563,18.2555,14.4711,11.6163,9.43032,7.73402,6.40164,5.34353,4.49474,3.80757,3.24652,2.78485,2.40219,2.0829,1.81479,1.58836,1.39607,1.23195,1.09118,1.14769,14.8299
78029,78179,78104,8.13605,6.64671,5.49699,4.59578,3.87971,3.30379,2.83552,2.45098,2.13237,1.8662,1.64217,1.45231,1.29036,1.15142,1.03155,0.927609,0.837054,0.757806,0.688165,0.626724,0.438604,4.84003
78180,78330,78255,23.0043,17.1224,12.9747,9.98896,7.79981,6.16822,4.93412,3.98814,3.25417,2.67837,2.22205,1.85703,1.56252,1.323,1.12676,0.964863,0.830443,0.718162,0.623844,0.544197,0.599509,9.97754
78330,78480,78405,10.5321,7.15354,4.9741,3.53127,2.55384,1.87792,1.40177,1.06068,0.812598,0.629641,0.492984,0.38971,0.310816,0.249941,0.202533,0.165291,0.135799,0.112268,0.093359,0.0780636,0.356726,3.6078
78481,78631,78556,16.5846,10.714,7.10725,4.82664,3.34716,2.36518,1.69986,1.24061,0.918201,0.688342,0.522131,0.400371,0.310098,0.242422,0.19116,0.151956,0.121706,0.0981665,0.0797056,0.0651201,0.405272,4.8016
78632,78782,78707,5.91195,4.69843,3.78639,3.08928,2.5484,2.12309,1.78458,1.51222,1.2909,1.10942,0.959363,0.834348,0.729457,0.640877,0.565617,0.501314,0.446084,0.398412,0.357074,0.321074,0.29518,3.23644
78782,78932,78857,11.0395,8.12327,6.08962,4.64092,3.58921,2.81268,2.23053,1.78806,1.44752,1.18242,0.973888,0.808258,0.675533,0.568299,0.480996,0.409413,0.35033,0.301261,0.26027,0.22584,0.615059,4.96148
78933,79083,79008,3.03441,2.49879,2.08209,1.75308,1.48984,1.27675,1.10241,0.958398,0.838402,0.737618,0.652351,0.579728,0.51749,0.463845,0.417362,0.376883,0.341471,0.310357,0.282909,0.258602,0.514434,2.19623
79083,79233,79158,7.55036,5.96953,4.78741,3.88813,3.1935,2.6496,2.21844,1.87287,1.59307,1.36444,1.17603,1.01957,0.888696,0.778504,0.68515,0.605609,0.537472,0.478812,0.428074,0.383995,0.626134,4.32387
79234,79384,79309,3.96097,2.91451,2.18479,1.66498,1.28763,1.00901,0.800152,0.641408,0.519237,0.424135,0.349324,0.289908,0.242296,0.20383,0.172514,0.146837,0.125644,0.108044,0.093341,0.0809921,0.472184,2.0315
79535,79685,79610,3.5817,2.68009,2.04102,1.57873,1.23823,0.983349,0.789766,0.640796,0.524779,0.433437,0.360799,0.302504,0.25532,0.216829,0.185199,0.159032,0.137245,0.118999,0.103633,0.0906235,0.324594,1.80845
79686,79836,79761,4.13714,3.34945,2.74669,2.27809,1.90865,1.61371,1.37556,1.18131,1.02137,0.888576,0.777455,0.683804,0.604355,0.536542,0.478332,0.428101,0.384541,0.346592,0.313389,0.28422,0.291835,2.46938
79836,79986,79911,3.86645,2.9224,2.24667,1.75335,1.38682,1.11019,0.898444,0.734277,0.605515,0.503448,0.421752,0.355775,0.302053,0.257975,0.221551,0.191255,0.1659,0.144557,0.126496,0.111132,0.0943731,1.7459
79987,80137,80062,3.28529,2.61685,2.11338,1.72775,1.42796,1.19179,1.00349,0.851727,0.728207,0.626767,0.542771,0.472693,0.413816,0.36403,0.321677,0.285446,0.254291,0.227369,0.203998,0.183624,0.0805615,1.72632
80137,80287,80212,2.87037,2.31508,1.89171,1.56372,1.30598,1.10085,0.935704,0.801372,0.691071,0.59972,0.523465,0.459351,0.405082,0.358861,0.31927,0.285174,0.255664,0.230005,0.207595,0.187943,0.0452576,1.53875
80288,80438,80363,4.60356,3.02998,2.04551,1.41227,0.994802,0.713449,0.520037,0.384677,0.288389,0.218871,0.167991,0.130285,0.102016,0.0805942,0.0641997,0.0515361,0.0416695,0.03392,0.0277872,0.0228991,0.1025,1.394
80438,80588,80513,2.68816,2.05864,1.60226,1.26506,1.01167,0.818359,0.668875,0.551851,0.459211,0.385124,0.325317,0.276624,0.236663,0.203627,0.176129,0.153096,0.133688,0.117244,0.103238,0.0912521,0.00948365,1.20442
80589,80739,80664,14.1737,9.88461,7.04576,5.12038,3.78594,2.84298,2.16493,1.66963,1.3026,1.02705,0.817688,0.65685,0.532029,0.434244,0.356966,0.295397,0.24597,0.206007,0.173481,0.146842,0.432653,5.17343
80740,80890,80815,4.44707,3.16751,2.30303,1.70527,1.28336,0.980017,0.75829,0.593772,0.470032,0.375798,0.303214,0.246717,0.202316,0.167107,0.138955,0.116271,0.0978596,0.082816,0.070446,0.0602137,-0.0382168,1.54778
80890,81040,80965,15.748,10.9189,7.74059,5.59645,4.11784,3.07796,2.33359,1.79217,1.39262,1.09383,0.867655,0.694531,0.56064,0.4561,0.37375,0.308343,0.255992,0.213789,0.179536,0.151559,0.234806,5.40993
81041,81191,81116,4.32542,3.08438,2.24499,1.66398,1.25347,0.958064,0.741943,0.581449,0.460638,0.368565,0.297592,0.242311,0.198835,0.164338,0.136737,0.114483,0.0964108,0.0816357,0.0694797,0.0594191,-0.0562893,1.49167
81191,81341,81266,4.18521,3.26367,2.58372,2.07293,1.68306,1.3812,1.14446,0.956631,0.806029,0.684105,0.584526,0.502532,0.434512,0.377692,0.32992,0.289515,0.25515,0.225767,0.200522,0.178731,-0.061153,1.90447
81342,81492,81417,4.10374,3.06671,2.33259,1.80218,1.41194,1.12014,0.898745,0.728533,0.596096,0.491917,0.409142,0.342763,0.289079,0.245318,0.209385,0.179677,0.15496,0.134272,0.116861,0.10213,-0.0855257,1.60788
81492,81642,81567,47.2731,38.1937,31.2598,25.8794,21.6451,18.2703,15.5498,13.334,11.5124,10.002,8.73975,7.67734,6.77716,6.00972,5.35171,4.78452,4.29319,3.86559,3.49183,3.1638,2.9508,27.6771
81643,81793,81718,14.1948,9.53351,6.55936,4.61057,3.30315,2.40731,1.78173,1.33731,1.01663,0.781915,0.607873,0.47726,0.378148,0.302167,0.24336,0.197442,0.16129,0.132606,0.109683,0.0912375,0.367527,4.60208
81793,81943,81868,35.0612,22.5395,14.8833,10.0637,6.95038,4.89222,3.50304,2.54762,1.8792,1.40423,1.06186,0.811818,0.626976,0.488793,0.384409,0.304789,0.243506,0.195937,0.158719,0.129381,1.07147,10.2284
81944,82094,82019,38.9781,24.9276,16.3801,11.025,7.58117,5.31423,3.79031,2.74623,2.01846,1.50313,1.13292,0.863415,0.664802,0.516767,0.405262,0.320447,0.255341,0.204935,0.165597,0.134664,0.852458,10.8729
82094,82244,82169,23.7936,18.7149,14.9361,12.075,9.87492,8.15944,6.80505,5.72361,4.85122,4.14084,3.55741,3.07444,2.67171,2.33363,2.04802,1.80535,1.59803,1.42,1.2664,1.13328,1.00202,12.4731
82245,82395,82320,10.4226,7.88992,6.07435,4.74702,3.75952,3.01329,2.4414,1.99751,1.64898,1.37241,1.15083,0.971707,0.825721,0.705835,0.606686,0.524148,0.455016,0.39678,0.347458,0.305476,0.363778,4.83659
82395,82545,82470,37.8862,26.6683,19.176,14.0511,10.4704,7.92087,6.0743,4.7161,3.70303,2.93766,2.35261,1.90057,1.5478,1.26996,1.04925,0.872526,0.729971,0.614176,0.519504,0.441626,1.7039,14.7391
82546,82696,82621,17.2319,12.878,9.79561,7.56848,5.92986,4.70454,3.77481,3.06,2.50382,2.06629,1.71865,1.43986,1.21438,1.03057,0.879638,0.754852,0.651026,0.564125,0.490983,0.429101,0.429014,7.54075
82697,82847,82772,20.9149,14.6716,10.5157,7.68189,5.70786,4.30622,3.29376,2.55096,1.99825,1.58165,1.26391,1.01892,0.828133,0.678161,0.559257,0.464225,0.387701,0.32565,0.275001,0.233405,0.730606,7.85191
82847,82997,82922,32.6053,22.8279,16.3317,11.91,8.83505,6.65518,5.08295,3.93113,3.07526,2.43099,1.94024,1.56231,1.26833,1.0375,0.854685,0.708726,0.591314,0.496198,0.418636,0.354994,1.44026,12.4766
82998,83148,83073,18.8387,13.138,9.36477,6.8057,5.03205,3.77872,2.8775,2.21918,1.73135,1.3651,1.08683,0.873054,0.707148,0.577177,0.474464,0.392629,0.326933,0.273816,0.230584,0.195177,0.565275,6.86643
83148,83300,83224,39.6568,29.5023,22.3452,17.1953,13.4212,10.6094,8.48353,6.85456,5.59113,4.60029,3.81531,3.18758,2.68127,2.26961,1.93242,1.65433,1.42349,1.23072,1.06883,0.932154,1.42817,17.5701
83301,83456,83378,26.4968,19.4581,14.5594,11.076,8.55164,6.69079,5.29794,4.24084,3.42843,2.79685,2.30067,1.90706,1.59203,1.3378,1.13105,0.961713,0.822088,0.706243,0.609565,0.528439,1.20372,11.5725
83460,83610,83535,37.5863,24.6381,16.5695,11.3989,8.00204,5.72036,4.1568,3.06582,2.29199,1.73483,1.32812,1.02748,0.802623,0.632635,0.502831,0.402784,0.324999,0.264028,0.215872,0.177563,1.03613,11.4512
83610,83760,83685,14.6234,11.7493,9.56612,7.8807,6.56064,5.5133,4.67266,3.99079,3.43242,2.97117,2.5871,2.26494,1.99288,1.76168,1.56405,1.39421,1.2475,1.12018,1.0092,0.91204,0.845658,8.36627
83761,83911,83836,11.3953,8.66167,6.69428,5.25053,4.17262,3.35532,2.72696,2.23776,1.85254,1.54601,1.29977,1.1002,0.93716,0.802949,0.691701,0.598886,0.520981,0.455221,0.399416,0.351823,0.528583,5.48017
83912,84062,83987,21.7123,14.1037,9.4043,6.41773,4.47107,3.17318,2.29005,1.67798,1.24661,0.937932,0.713929,0.549273,0.426794,0.334684,0.264701,0.211024,0.169486,0.137076,0.11159,0.0914015,0.717129,6.56956
84062,84212,84137,7.18425,5.60435,4.43823,3.56194,2.89288,2.3747,1.96821,1.64561,1.38688,1.17738,1.00622,0.865264,0.748302,0.650579,0.568402,0.498884,0.439745,0.389173,0.345715,0.308197,0.422227,3.80004
84213,84363,84288,8.53527,6.18186,4.56581,3.43116,2.61863,2.02641,1.58787,1.25844,1.00772,0.814613,0.664258,0.546007,0.45214,0.376988,0.316339,0.26703,0.226663,0.193403,0.165831,0.142844,0.497091,3.69966
84363,84513,84438,8.13501,6.30566,4.96378,3.96128,3.20006,2.61357,2.15577,1.79416,1.50544,1.27266,1.08327,0.927915,0.799497,0.692593,0.603013,0.527491,0.463457,0.408873,0.362111,0.321862,0.324302,4.07569
84514,84664,84589,4.56778,3.63431,2.93196,2.39457,1.97721,1.64871,1.38703,1.17631,1.00494,0.864304,0.747941,0.650926,0.569473,0.500641,0.442123,0.392093,0.349098,0.311965,0.279748,0.251676,0.324172,2.60456
84664,84814,84739,6.56542,4.39925,3.02022,2.11855,1.51484,1.10197,0.814171,0.610068,0.463034,0.355587,0.276033,0.216416,0.171241,0.136654,0.10992,0.0890712,0.0726763,0.0596834,0.0493113,0.0409746,0.364052,2.30886
84815,84965,84890,6.99176,5.32397,4.12157,3.23776,2.57689,2.07508,1.68874,1.38757,1.15011,0.960933,0.808786,0.685347,0.584389,0.5012,0.432176,0.374535,0.326108,0.285194,0.250445,0.220784,0.64636,3.70093
84965,85115,85040,5.09824,3.6725,2.69863,2.01825,1.53331,1.18143,0.921963,0.727827,0.580642,0.467698,0.380065,0.311375,0.257027,0.21365,0.178749,0.150457,0.12736,0.108381,0.0926897,0.0796409,0.461743,2.34335
85116,85266,85191,6.74402,4.63591,3.26004,2.33913,1.70876,1.26855,0.955529,0.729303,0.563363,0.439989,0.347118,0.276409,0.222004,0.179735,0.146596,0.120396,0.0995194,0.0827616,0.0692173,0.0581992,0.455224,2.61428
85266,85416,85341,8.89576,6.05768,4.22231,3.00439,2.17748,1.60445,1.19997,0.909671,0.698145,0.541876,0.424959,0.336461,0.268751,0.216428,0.175622,0.143523,0.118069,0.0977336,0.0813725,0.068122,0.327342,3.09486
85417,85567,85492,7.17749,4.81106,3.30403,2.31835,1.65819,1.20658,0.891697,0.668327,0.507374,0.389728,0.302602,0.237298,0.187802,0.1499,0.120597,0.0977412,0.0797646,0.0655157,0.054139,0.0449934,0.22968,2.35805
85567,85717,85642,8.06787,5.51707,3.86072,2.75735,2.00549,1.48267,1.11242,0.84586,0.651056,0.50673,0.398455,0.316283,0.253256,0.204434,0.166269,0.13618,0.112268,0.0931241,0.0776903,0.065166,-0.0669011,2.47534
85718,85868,85793,4.79561,3.71285,2.91952,2.32747,1.87836,1.53268,1.26309,1.05033,0.880602,0.74386,0.632696,0.541573,0.466302,0.403684,0.351248,0.307068,0.269632,0.237738,0.210431,0.18694,-0.0722489,2.13134
85868,86018,85943,9.04419,5.7718,3.78514,2.5429,1.7455,1.2215,0.869825,0.629263,0.461831,0.343442,0.258508,0.196759,0.151311,0.117478,0.0920231,0.0726832,0.0578538,0.0463848,0.0374432,0.0304191,-0.393582,1.91657
86019,86169,86094,5.88523,4.14224,2.97822,2.18208,1.62589,1.22989,0.943098,0.732172,0.574853,0.456009,0.365171,0.294987,0.24022,0.197087,0.162827,0.135395,0.113268,0.0952961,0.0806029,0.0685168,-0.376195,1.64809
86169,86319,86244,4.88114,3.63804,2.76029,2.12764,1.66324,1.31674,1.05438,0.853064,0.69672,0.573955,0.476578,0.398618,0.335667,0.28443,0.242419,0.207735,0.178918,0.15483,0.134583,0.117475,-0.555991,1.4421
86320,86470,86395,4.68331,3.41298,2.5354,1.91576,1.46966,1.14288,0.89973,0.71624,0.575982,0.467506,0.382707,0.315758,0.262419,0.219563,0.184859,0.15655,0.133302,0.114086,0.0981099,0.0847516,-0.336825,1.45366
86471,86621,86546,4.74972,3.50054,2.62808,2.00568,1.55321,1.2187,0.967619,0.776557,0.629345,0.514625,0.424288,0.352467,0.294861,0.248275,0.210316,0.179165,0.153433,0.132044,0.114164,0.0991343,-0.591549,1.28749
86621,86771,86696,3.45901,2.74741,2.2129,1.80456,1.4879,1.23901,1.04101,0.881766,0.752415,0.64639,0.558759,0.485776,0.424564,0.372887,0.328995,0.291504,0.259313,0.231535,0.207455,0.18649,-0.513594,1.20429
86772,86922,86847,5.01251,3.47319,2.46073,1.7781,1.30762,0.976905,0.740293,0.568276,0.441388,0.34654,0.274774,0.219863,0.177411,0.144278,0.118187,0.0974714,0.0808963,0.0675384,0.0567002,0.0478505,-0.70213,0.941881
