Data/Raw/WEBER,RODNEY/FIREXAQ-SAGA-AERO-BrC_DC8_20190823_R0.ict
79, 1001
Weber, Rodney
Georgia Institute of Technology
Brown carbon measured 
FIREXAQ
1, 1
2019, 08, 23, 2020, 03, 03
0
Time_Start, seconds_past_midnight, Time_Start, seconds_past_midnight
47
1, 1, 1, 1, 1, 1, 1, 1, 1, 1, 1, 1, 1, 1, 1, 1, 1, 1, 1, 1, 1, 1, 1, 1, 1, 1, 1, 1, 1, 1, 1, 1, 1, 1, 1, 1, 1, 1, 1, 1, 1, 1, 1, 1, 1, 1, 1
-9999, -9999, -9999, -9999, -9999, -9999, -9999, -9999, -9999, -9999, -9999, -9999, -9999, -9999, -9999, -9999, -9999, -9999, -9999, -9999, -9999, -9999, -9999, -9999, -9999, -9999, -9999, -9999, -9999, -9999, -9999, -9999, -9999, -9999, -9999, -9999, -9999, -9999, -9999, -9999, -9999, -9999, -9999, -9999, -9999, -9999, -9999
Time_Stop, seconds_past_midnight, Time_Stop, seconds_past_midnight
Time_Mid, seconds_past_midnight, Time_Mid, seconds_past_midnight
WSAbs300, Mm-1, AerOpt_AbsorptionBrC_InSitu_UVtoRed_None_Bulk_STP, Water Soluble Brown Carbon absorption at 300 nm
WSAbs320, Mm-1, AerOpt_AbsorptionBrC_InSitu_UVtoRed_None_Bulk_STP, Water Soluble Brown Carbon absorption at 320 nm
WSAbs340, Mm-1, AerOpt_AbsorptionBrC_InSitu_UVtoRed_None_Bulk_STP, Water Soluble Brown Carbon absorption at 340 nm
WSAbs360, Mm-1, AerOpt_AbsorptionBrC_InSitu_UVtoRed_None_Bulk_STP, Water Soluble Brown Carbon absorption at 360 nm
WSAbs380, Mm-1, AerOpt_AbsorptionBrC_InSitu_UVtoRed_None_Bulk_STP, Water Soluble Brown Carbon absorption at 380 nm
WSAbs400, Mm-1, AerOpt_AbsorptionBrC_InSitu_UVtoRed_None_Bulk_STP, Water Soluble Brown Carbon absorption at 400 nm
WSAbs420, Mm-1, AerOpt_AbsorptionBrC_InSitu_UVtoRed_None_Bulk_STP, Water Soluble Brown Carbon absorption at 420 nm
WSAbs440, Mm-1, AerOpt_AbsorptionBrC_InSitu_UVtoRed_None_Bulk_STP, Water Soluble Brown Carbon absorption at 440 nm
WSAbs460, Mm-1, AerOpt_AbsorptionBrC_InSitu_UVtoRed_None_Bulk_STP, Water Soluble Brown Carbon absorption at 460 nm
WSAbs480, Mm-1, AerOpt_AbsorptionBrC_InSitu_UVtoRed_None_Bulk_STP, Water Soluble Brown Carbon absorption at 480 nm
WSAbs500, Mm-1, AerOpt_AbsorptionBrC_InSitu_UVtoRed_None_Bulk_STP, Water Soluble Brown Carbon absorption at 500 nm
WSAbs520, Mm-1, AerOpt_AbsorptionBrC_InSitu_UVtoRed_None_Bulk_STP, Water Soluble Brown Carbon absorption at 520 nm
WSAbs540, Mm-1, AerOpt_AbsorptionBrC_InSitu_UVtoRed_None_Bulk_STP, Water Soluble Brown Carbon absorption at 540 nm
WSAbs560, Mm-1, AerOpt_AbsorptionBrC_InSitu_UVtoRed_None_Bulk_STP, Water Soluble Brown Carbon absorption at 560 nm
WSAbs580, Mm-1, AerOpt_AbsorptionBrC_InSitu_UVtoRed_None_Bulk_STP, Water Soluble Brown Carbon absorption at 580 nm
WSAbs600, Mm-1, AerOpt_AbsorptionBrC_InSitu_UVtoRed_None_Bulk_STP, Water Soluble Brown Carbon absorption at 600 nm
WSAbs620, Mm-1, AerOpt_AbsorptionBrC_InSitu_UVtoRed_None_Bulk_STP, Water Soluble Brown Carbon absorption at 620 nm
WSAbs640, Mm-1, AerOpt_AbsorptionBrC_InSitu_UVtoRed_None_Bulk_STP, Water Soluble Brown Carbon absorption at 640 nm
WSAbs660, Mm-1, AerOpt_AbsorptionBrC_InSitu_UVtoRed_None_Bulk_STP, Water Soluble Brown Carbon absorption at 660 nm
WSAbs680, Mm-1, AerOpt_AbsorptionBrC_InSitu_UVtoRed_None_Bulk_STP, Water Soluble Brown Carbon absorption at 680 nm
WSAbs700, Mm-1, AerOpt_AbsorptionBrC_InSitu_UVtoRed_None_Bulk_STP, Water Soluble Brown Carbon absorption at 700 nm
WSAbs365, Mm-1, AerOpt_AbsorptionBrC_InSitu_UVtoRed_None_Bulk_STP, Water Soluble Brown Carbon absorption at 365 nm
[...]
UNCERTAINTY: 16% for WSAbs365, 17% for WSOC, 19% for MSAbs365
ULOD_FLAG: -7777
ULOD_VALUE: N/A
LLOD_FLAG: -8888
LLOD_VALUE: N/A
DM_CONTACT_INFO: lhzeng@gatech.edu
PROJECT_INFO: FIREX-AQ, 2019
STIPULATIONS_ON_USE: Use of these data require prior ok from PI.
OTHER_COMMENTS: N/A
REVISION: R0
RA: Preliminary Data.  For in-field use only.
Time_Start, Time_Stop, Time_Mid, WSAbs300, WSAbs320, WSAbs340, WSAbs360, WSAbs380, WSAbs400, WSAbs420, WSAbs440, WSAbs460, WSAbs480, WSAbs500, WSAbs520, WSAbs540, WSAbs560, WSAbs580, WSAbs600, WSAbs620, WSAbs640, WSAbs660, WSAbs680, WSAbs700, WSAbs365, WSOC, MSAbs300, MSAbs320, MSAbs340, MSAbs360, MSAbs380, MSAbs400, MSAbs420, MSAbs440, MSAbs460, MSAbs480, MSAbs500, MSAbs520, MSAbs540, MSAbs560, MSAbs580, MSAbs600, MSAbs620, MSAbs640, MSAbs660, MSAbs680, MSAbs700, MSAbs365
62040,62940,62490,-0.0703929,-0.0287706,-0.00515049,0.00359878,0.00559709,0.01242,0.0139651,0.021374,0.0193177,0.0221963,0.029693,0.0243853,0.0300122,0.0298593,0.0185285,0.0379581,0.0363365,0.0186008,0.0368741,0.037408,0.0384775,0.0023247,0.0213608,-0.203794,-0.0547569,-0.00253844,0.00664653,0.0145239,0.00345417,0.0173531,0.0271159,0.0449452,0.056092,0.0576925,0.0510821,0.0489924,0.032671,0.0200378,0.0341018,0.0568858,0.0294028,0.00246198,0.0454836,0.0476879,0.0158182
64080,64980,64530,0.0481554,0.0462833,0.0515146,0.0475829,0.0336855,0.0318177,0.0322306,0.0386921,0.0399449,0.0375552,0.0502909,0.0470898,0.0512154,0.0525422,0.0284861,0.0584944,0.0576324,0.0366056,0.0492182,0.0605855,0.0550815,0.0444838,0.0534894,-0.104528,0.0142152,0.0467115,0.0442452,0.045495,0.0275163,0.0396485,0.0505494,0.0695107,0.0853905,0.0866801,0.0847049,0.0855623,0.0693787,0.0572287,0.0699427,0.101088,0.0678144,0.0440803,0.0755196,0.0915604,0.0509227
65100,65520,65310,1.21536,0.915336,0.676973,0.577213,0.499385,0.461112,0.429327,0.405623,0.382857,0.312669,0.349839,0.334357,0.325663,0.312173,0.207084,0.290437,0.286729,0.234546,0.265504,0.267214,0.239026,0.551286,0.424511,0.87738,0.819534,0.692715,0.56884,0.499745,0.432487,0.420897,0.40831,0.411975,0.420021,0.415008,0.391805,0.384174,0.353264,0.317883,0.337996,0.36714,0.259179,0.189452,0.260252,0.265744,0.561412
65640,66000,65820,0.90719,0.625797,0.299267,0.210478,0.154877,0.154406,0.152688,0.158644,0.158051,0.143555,0.178783,0.174695,0.183011,0.175403,0.0956851,0.17821,0.192338,0.135222,0.157006,0.190627,0.167091,0.187892,0.940932,1.33201,1.11458,0.843664,0.623991,0.514011,0.44778,0.445248,0.438952,0.45975,0.472287,0.475532,0.445259,0.453954,0.435997,0.392136,0.453085,0.47347,0.264261,0.11027,0.231689,0.257279,0.605301
66120,66360,66240,1.0887,0.755387,0.412513,0.302782,0.240849,0.252679,0.25011,0.266244,0.266069,0.243358,0.299826,0.294267,0.304528,0.290487,0.167539,0.303281,0.337702,0.203671,0.270079,0.309449,0.245134,0.281478,0.826233,1.72861,1.39331,1.00991,0.689094,0.553666,0.464449,0.486752,0.465799,0.500772,0.525666,0.509141,0.480845,0.442385,0.395695,0.282992,0.368029,0.400525,0.00351688,-0.163054,0.055599,0.110171,0.684953
66480,66900,66690,2.85243,2.10943,1.36356,1.0406,0.815509,0.684246,0.589382,0.528257,0.477977,0.383058,0.42191,0.39772,0.382154,0.368867,0.242605,0.345027,0.344019,0.277776,0.29927,0.307151,0.261149,0.974326,1.02948,3.51399,2.86419,2.25056,1.77125,1.45702,1.22283,1.09935,1.0066,0.967936,0.912274,0.870055,0.811922,0.781906,0.727109,0.655565,0.670252,0.70569,0.555227,0.45441,0.529381,0.539875,1.7027
67020,67200,67110,4.28424,3.09086,2.1126,1.57695,1.20645,1.03637,0.906334,0.848945,0.788481,0.658282,0.753117,0.723632,0.707536,0.673053,0.432678,0.66079,0.693412,0.485898,0.562397,0.61328,0.475103,1.46045,1.90933,8.34947,6.53992,4.98603,3.80172,3.11534,2.60643,2.42751,2.25476,2.18917,2.13007,2.061,2.03923,2.047,1.96968,1.80117,1.7344,1.6815,1.12524,0.765916,1.06748,1.12966,3.64172
67380,67800,67590,0.969668,0.762618,0.397203,0.32636,0.296198,0.265768,0.23248,0.211097,0.176351,0.172129,0.177734,0.152457,0.144625,0.133394,0.132609,0.1213,0.0983689,0.0828393,0.116466,0.133372,0.109694,0.322778,0.834345,0.856999,0.776083,0.624674,0.511275,0.449024,0.402871,0.408226,0.410016,0.441282,0.457313,0.462854,0.444343,0.442,0.413304,0.367928,0.394986,0.43744,0.30045,0.226263,0.332894,0.330556,0.508216
67920,68100,68010,13.894,10.4423,6.99431,4.65946,3.06044,1.9698,1.26832,0.852304,0.568617,0.397968,0.292054,0.180977,0.152862,0.112977,0.100178,0.0633048,0.0302159,-0.00794851,0.0806291,0.121749,0.120401,4.21043,4.38002,31.6701,24.5462,18.3714,13.6709,10.491,8.19701,6.70096,5.64158,4.87595,4.25605,3.76668,3.32515,2.99663,2.6855,2.34407,2.25589,2.21077,1.73698,1.40083,1.53209,1.51676,12.7755
68220,68340,68280,7.61703,5.79566,3.25685,2.1808,1.49746,0.994614,0.651329,0.435479,0.271151,0.22766,0.216263,0.12677,0.122413,0.0673004,0.0931822,0.0489058,-0.0046599,-0.115996,0.0134163,0.111902,0.0553122,2.0042,2.20434,16.7222,12.7568,9.48671,6.93311,5.36283,4.29463,3.69615,3.27199,3.01817,2.83196,2.66095,2.49086,2.45728,2.38519,2.26567,2.41456,2.36563,1.53621,1.03853,1.33716,1.36771,6.52025
68460,68520,68490,5.20204,3.91202,2.41602,1.78066,1.30964,0.990556,0.743523,0.56547,0.404923,0.386575,0.415089,0.285736,0.281476,0.189068,0.261094,0.167085,0.021356,-0.213703,0.0255867,0.20367,0.00156413,1.68622,1.75302,10.6115,8.16552,5.70736,4.13043,3.42344,2.93331,2.87729,2.79188,2.90406,2.98363,2.95393,2.87113,2.80254,2.635,2.37881,2.59532,2.77958,1.5481,0.819839,1.54291,1.69362,4.00534
68670,68910,68790,11.3175,8.56712,5.80302,4.02411,2.71835,1.79099,1.16972,0.787395,0.517778,0.357064,0.280341,0.171373,0.153154,0.100094,0.08299,0.0538028,0.00295846,-0.0640945,-0.00416775,0.0420394,0.00572882,3.66645,2.93979,29.2663,23.0633,17.8219,13.8107,11.0481,8.98631,7.59988,6.57756,5.82013,5.19903,4.68476,4.25745,3.8946,3.55217,3.18012,3.05994,2.96174,2.51402,2.20765,2.2474,2.20912,13.0418
69060,69240,69150,7.20914,5.10419,3.34607,2.33027,1.57084,1.05707,0.689185,0.45817,0.293426,0.218506,0.202145,0.115788,0.111251,0.0763977,0.0652767,0.0327892,-0.0147965,-0.123791,-0.046797,0.0304312,-0.0783829,2.14301,3.24258,17.2699,13.5817,10.4905,8.09094,6.48284,5.29377,4.52508,3.95532,3.57742,3.25851,2.9755,2.73652,2.53828,2.3279,2.09023,2.07483,2.05742,1.58529,1.32639,1.46163,1.49661,7.65764
69360,69690,69525,12.6361,9.65184,6.77603,4.94747,3.46081,2.27951,1.48078,0.999243,0.685558,0.493627,0.379406,0.277564,0.234565,0.191245,0.172561,0.142925,0.0966124,0.027677,0.0725832,0.0924,0.0431074,4.55981,6.44528,28.7281,22.3107,17.2752,13.4829,10.7605,8.68333,7.25553,6.20018,5.42721,4.78876,4.29343,3.86668,3.54127,3.23382,2.91019,2.79622,2.68203,2.30508,2.06481,2.06928,1.99465,12.7413
69840,70230,70035,1.69753,1.307,0.874524,0.578549,0.370032,0.228548,0.130566,0.0791666,0.0408257,0.021632,0.0212957,0.00210937,0.00350796,0.000438389,-0.00712307,-0.0399658,-0.0304646,-0.0316848,0.000503233,0.0174147,-0.0118097,0.521531,1.77261,5.06803,3.98212,2.96408,2.16395,1.61791,1.22149,0.992836,0.83449,0.73285,0.656731,0.588438,0.525632,0.487306,0.437218,0.394439,0.393036,0.403843,0.328042,0.257682,0.311604,0.302861,2.01141
70380,71010,70695,4.54428,3.20836,2.19782,1.58593,1.11428,0.785744,0.566192,0.429493,0.327048,0.261451,0.236111,0.197234,0.17721,0.160442,0.137931,0.0910795,0.0962573,0.0970743,0.128099,0.135871,0.0976247,1.45895,1.26822,6.76043,5.12498,3.84862,2.89916,2.21295,1.69391,1.37098,1.13871,0.986954,0.870944,0.769442,0.685689,0.623136,0.558362,0.49549,0.487609,0.49843,0.393394,0.338219,0.380675,0.37569,2.71498
71160,71535,71348,13.4198,10.3324,7.13067,4.47667,2.78336,1.72947,1.11395,0.769736,0.548876,0.387082,0.292292,0.196079,0.160737,0.129443,0.0873759,0.0102513,0.0242431,0.0272819,0.110018,0.106167,0.0273042,3.97857,6.33298,21.7867,16.8209,12.3704,8.90638,6.56966,4.96495,3.93715,3.23588,2.74762,2.36539,2.03697,1.7584,1.54145,1.34284,1.14817,1.09116,1.06275,0.811215,0.654603,0.726102,0.697777,8.24086
71760,72180,71970,11.6734,8.27168,5.6088,4.00089,2.8231,1.99526,1.45135,1.10563,0.854117,0.681631,0.581648,0.487794,0.429391,0.37632,0.317271,0.252271,0.238654,0.224086,0.25716,0.251071,0.207564,3.67449,2.76986,12.3095,9.08965,6.84645,5.11839,3.87225,2.96612,2.37807,1.94774,1.66343,1.44429,1.27755,1.13851,1.0651,0.990715,0.916639,0.923897,0.882814,0.658117,0.500688,0.562318,0.55401,4.78283
72300,72900,72600,8.59802,6.61597,4.69927,3.22066,2.17543,1.43426,0.960013,0.679002,0.482418,0.335173,0.227381,0.137937,0.103168,0.0724514,0.0469956,0.00823489,0.00842995,0.00355229,0.035257,0.0328895,0.012278,2.92621,7.38188,15.0409,11.7364,8.89609,6.71276,5.16963,4.04825,3.28412,2.74794,2.33718,2.01227,1.75213,1.53307,1.35583,1.19229,1.04348,0.984206,0.937627,0.788505,0.681628,0.693506,0.661896,6.28182
73020,73590,73305,7.09968,5.44951,3.73248,2.52989,1.70728,1.12381,0.748917,0.523164,0.363104,0.253274,0.188419,0.123955,0.0949628,0.066838,0.0509397,0.0135437,0.00476009,-0.0024514,0.0214968,0.02978,0.00627158,2.29607,2.87838,12.5918,9.90495,7.49698,5.62794,4.31403,3.36259,2.74806,2.29611,1.97498,1.71753,1.50685,1.31962,1.17405,1.04246,0.909881,0.868708,0.842339,0.688702,0.57072,0.607225,0.591207,5.26353
73740,73860,73800,4.06942,3.11331,2.03804,1.31985,0.847473,0.525912,0.334774,0.224996,0.133949,0.0958077,0.0796045,0.0304048,0.0284544,0.00757754,0.0027176,-0.0388888,-0.0526244,-0.0771072,-0.0400864,-0.0114803,-0.0561056,1.18241,9.2388,6.93706,5.59329,4.21885,3.14667,2.44047,1.92599,1.6382,1.41622,1.27945,1.18048,1.07475,0.968636,0.886649,0.803628,0.699036,0.701912,0.728417,0.49006,0.38584,0.476452,0.484164,2.95206
73980,74340,74160,2.84562,2.10186,1.3807,0.960767,0.660961,0.455641,0.313906,0.221085,0.143931,0.128194,0.115672,0.0739613,0.0682029,0.0461906,0.0451035,-0.00336974,-0.0122139,-0.0649302,-0.0325165,0.0186554,-0.0735222,0.881597,1.43798,5.74402,4.60312,3.52619,2.70585,2.16205,1.77555,1.5674,1.40705,1.32765,1.25551,1.18869,1.10908,1.04483,0.976333,0.886487,0.906563,0.943245,0.686313,0.546389,0.679828,0.689063,2.57334
74520,75240,74880,0.163624,0.128979,0.0763977,0.058459,0.0448877,0.030271,0.0213847,0.0160276,0.00229309,0.00769055,0.0142109,0.00239862,0.00278893,-0.0015191,0.00124299,-0.00960155,-0.023835,-0.0437815,-0.0413512,-0.00811122,-0.0367516,0.0578048,0.524182,0.00336386,0.0944737,0.12496,0.151575,0.136013,0.100097,0.0829727,0.061017,0.0468017,0.0415783,0.0400275,0.031481,0.00643199,-0.00817731,-0.00321709,-0.0122715,-0.00723279,0.0373556,0.0577702,0.0433656,0.0367698,0.13943
75360,76260,75810,-0.0146617,-0.0113152,-0.0131596,-0.011647,-0.0149316,-0.020036,-0.0284189,-0.0279298,-0.0336889,-0.0268851,-0.0167655,-0.0251342,-0.0246446,-0.027013,-0.0204997,-0.0276025,-0.0462464,-0.0729665,-0.0610282,-0.0384646,-0.0574284,-0.00938856,0.195301,-0.250056,-0.145492,-0.0865182,-0.0373738,-0.0327088,-0.0510212,-0.049456,-0.0610454,-0.0635849,-0.0610993,-0.0525831,-0.0636634,-0.0755705,-0.0719989,-0.0556735,-0.0564784,-0.0464213,-0.00718274,0.00785954,0.00868349,-0.00219465,-0.0464076
76380,77700,77040,-0.0815633,-0.03852,-0.0261724,-0.0230187,-0.0126083,-0.012611,-0.0159292,-0.0110225,-0.0190223,-0.013868,-0.00643502,-0.0134801,-0.0123631,-0.0153779,-0.0101456,-0.0155266,-0.0272906,-0.0542609,-0.0329347,-0.0195018,-0.0355548,-0.0198873,0.0402459,-0.390115,-0.233058,-0.146177,-0.0847809,-0.0686528,-0.0767531,-0.0757563,-0.0789771,-0.0763825,-0.0727291,-0.0707467,-0.0746086,-0.0816339,-0.079637,-0.0600077,-0.0601946,-0.0528576,-0.0131535,0.00423687,-0.00397673,-0.0103363,-0.0889296
77970,78660,78315,11.226,8.31309,6.10848,4.59075,3.33316,2.37102,1.74156,1.34003,1.04095,0.817799,0.679785,0.573109,0.499792,0.446727,0.39952,0.357977,0.313262,0.271721,0.272367,0.266072,0.239724,4.25003,5.98695,10.5803,7.91423,6.12005,4.79357,3.74287,2.93943,2.37089,1.94913,1.62545,1.37458,1.1968,1.04167,0.909407,0.81397,0.729258,0.670074,0.630529,0.632935,0.614545,0.546751,0.509183,4.49155
78780,79650,79215,4.50355,3.3751,2.31431,1.65024,1.21323,0.912301,0.712229,0.583556,0.476161,0.408005,0.363206,0.314116,0.286107,0.258621,0.235301,0.213593,0.185719,0.153358,0.145091,0.156135,0.12499,1.52605,1.78989,6.07281,4.68906,3.59413,2.76228,2.1076,1.60977,1.27447,1.03242,0.846139,0.699199,0.595928,0.501425,0.420417,0.362491,0.321022,0.285078,0.264192,0.289082,0.277251,0.24813,0.22949,2.56827
79800,80460,80130,4.10693,3.11742,2.16143,1.64815,1.30388,1.04972,0.882422,0.755816,0.656674,0.585741,0.54269,0.484178,0.451621,0.410256,0.381337,0.350728,0.310001,0.262291,0.267445,0.271639,0.227577,1.5511,2.16678,4.92838,3.81398,2.95065,2.31181,1.7943,1.39573,1.12566,0.919248,0.763233,0.646384,0.565508,0.484535,0.412922,0.366147,0.337434,0.306593,0.296217,0.312122,0.308845,0.274391,0.259438,2.15617
80580,81180,80880,2.85293,2.30163,1.51821,1.28001,1.11704,0.996777,0.892241,0.809759,0.729597,0.67852,0.646038,0.593543,0.558586,0.514662,0.482767,0.443102,0.407075,0.345369,0.349169,0.345997,0.294838,1.23838,0.875783,1.35659,1.08123,0.856875,0.753396,0.630266,0.522151,0.443944,0.374763,0.3199,0.28505,0.271183,0.23491,0.198176,0.184721,0.174851,0.157558,0.162406,0.198397,0.202221,0.181246,0.190843,0.701857
81300,82200,81750,0.67559,0.567473,0.444472,0.394111,0.359259,0.325789,0.296029,0.272248,0.242388,0.230267,0.223342,0.202459,0.188229,0.172308,0.163774,0.156649,0.124789,0.0871466,0.0991215,0.115592,0.0786989,0.387413,0.445649,-0.0645368,0.0200651,0.0651666,0.106821,0.102624,0.0781137,0.0679248,0.0508736,0.0425642,0.0379128,0.038252,0.0265142,0.0189391,0.0195066,0.0289406,0.0248146,0.032927,0.0699254,0.0966072,0.0742905,0.0706431,0.0949651
82320,83220,82770,0.0334766,0.0243133,0.0123424,0.00721761,0.00583568,0.00187045,-0.003623,0.00107063,-0.00992114,-0.00480248,0.00205805,-0.00700286,-0.00741939,-0.0113508,-0.00624028,-0.00665318,-0.0298409,-0.0548883,-0.0518348,-0.0264217,-0.0348917,0.00820219,0.0374814,-0.265397,-0.153852,-0.0831314,-0.033897,-0.0271145,-0.0393874,-0.0438998,-0.0510192,-0.0576189,-0.0547865,-0.0492897,-0.0552939,-0.0583922,-0.0501832,-0.0353692,-0.0364995,-0.0290445,0.0108982,0.0365298,0.0119574,0.00935841,-0.0415193
83340,84240,83790,-0.00619277,0.00925651,0.00449852,0.00482295,0.00598587,0.00102673,-0.00331102,-0.00229219,-0.00900078,-0.00413777,0.000891546,-0.00512287,-0.00574635,-0.0113652,-0.00337624,-0.000103006,-0.0255156,-0.0570963,-0.0476169,-0.0271364,-0.0365213,0.00651219,0.108051,-0.337349,-0.196964,-0.118074,-0.0599328,-0.0470478,-0.0566493,-0.0563041,-0.0659587,-0.0730624,-0.0714035,-0.0682133,-0.0739636,-0.0872582,-0.0789063,-0.0701806,-0.0733249,-0.066939,-0.0181581,0.0121408,-0.0140457,-0.0165825,-0.0651758
