Data/Raw/WEBER,RODNEY/FIREXAQ-SAGA-MC-BrC_DC8_20190816_R0.ict
56, 1001
Weber, Rodney
Georgia Institute of Technology
Water soluble brown carbon measured with mist chamber-LWCC
FIREXAQ
1, 1
2019, 08, 16, 2020, 03, 06
0
Time_Start, seconds_past_midnight, Time_Start, seconds_past_midnight
24
1, 1, 1, 1, 1, 1, 1, 1, 1, 1, 1, 1, 1, 1, 1, 1, 1, 1, 1, 1, 1, 1, 1, 1
-9999, -9999, -9999, -9999, -9999, -9999, -9999, -9999, -9999, -9999, -9999, -9999, -9999, -9999, -9999, -9999, -9999, -9999, -9999, -9999, -9999, -9999, -9999, -9999
Time_Stop, seconds_past_midnight, Time_Stop, seconds_past_midnight
Time_Mid, seconds_past_midnight, Time_Mid, seconds_past_midnight
WSAbs300, Mm-1, AerOpt_AbsorptionBrC_InSitu_UVtoRed_None_Bulk_STP, Water Soluble Brown Carbon absorption at 300 nm
WSAbs320, Mm-1, AerOpt_AbsorptionBrC_InSitu_UVtoRed_None_Bulk_STP, Water Soluble Brown Carbon absorption at 320 nm
WSAbs340, Mm-1, AerOpt_AbsorptionBrC_InSitu_UVtoRed_None_Bulk_STP, Water Soluble Brown Carbon absorption at 340 nm
WSAbs360, Mm-1, AerOpt_AbsorptionBrC_InSitu_UVtoRed_None_Bulk_STP, Water Soluble Brown Carbon absorption at 360 nm
WSAbs380, Mm-1, AerOpt_AbsorptionBrC_InSitu_UVtoRed_None_Bulk_STP, Water Soluble Brown Carbon absorption at 380 nm
WSAbs400, Mm-1, AerOpt_AbsorptionBrC_InSitu_UVtoRed_None_Bulk_STP, Water Soluble Brown Carbon absorption at 400 nm
WSAbs420, Mm-1, AerOpt_AbsorptionBrC_InSitu_UVtoRed_None_Bulk_STP, Water Soluble Brown Carbon absorption at 420 nm
WSAbs440, Mm-1, AerOpt_AbsorptionBrC_InSitu_UVtoRed_None_Bulk_STP, Water Soluble Brown Carbon absorption at 440 nm
WSAbs460, Mm-1, AerOpt_AbsorptionBrC_InSitu_UVtoRed_None_Bulk_STP, Water Soluble Brown Carbon absorption at 460 nm
WSAbs480, Mm-1, AerOpt_AbsorptionBrC_InSitu_UVtoRed_None_Bulk_STP, Water Soluble Brown Carbon absorption at 480 nm
WSAbs500, Mm-1, AerOpt_AbsorptionBrC_InSitu_UVtoRed_None_Bulk_STP, Water Soluble Brown Carbon absorption at 500 nm
WSAbs520, Mm-1, AerOpt_AbsorptionBrC_InSitu_UVtoRed_None_Bulk_STP, Water Soluble Brown Carbon absorption at 520 nm
WSAbs540, Mm-1, AerOpt_AbsorptionBrC_InSitu_UVtoRed_None_Bulk_STP, Water Soluble Brown Carbon absorption at 540 nm
WSAbs560, Mm-1, AerOpt_AbsorptionBrC_InSitu_UVtoRed_None_Bulk_STP, Water Soluble Brown Carbon absorption at 560 nm
WSAbs580, Mm-1, AerOpt_AbsorptionBrC_InSitu_UVtoRed_None_Bulk_STP, Water Soluble Brown Carbon absorption at 580 nm
WSAbs600, Mm-1, AerOpt_AbsorptionBrC_InSitu_UVtoRed_None_Bulk_STP, Water Soluble Brown Carbon absorption at 600 nm
WSAbs620, Mm-1, AerOpt_AbsorptionBrC_InSitu_UVtoRed_None_Bulk_STP, Water Soluble Brown Carbon absorption at 620 nm
WSAbs640, Mm-1, AerOpt_AbsorptionBrC_InSitu_UVtoRed_None_Bulk_STP, Water Soluble Brown Carbon absorption at 640 nm
WSAbs660, Mm-1, AerOpt_AbsorptionBrC_InSitu_UVtoRed_None_Bulk_STP, Water Soluble Brown Carbon absorption at 660 nm
WSAbs680, Mm-1, AerOpt_AbsorptionBrC_InSitu_UVtoRed_None_Bulk_STP, Water Soluble Brown Carbon absorption at 680 nm
WSAbs700, Mm-1, AerOpt_AbsorptionBrC_InSitu_UVtoRed_None_Bulk_STP, Water Soluble Brown Carbon absorption at 700 nm
WSAbs365, Mm-1, AerOpt_AbsorptionBrC_InSitu_UVtoRed_None_Bulk_STP, Water Soluble Brown Carbon absorption at 365 nm
0
18
PI_CONTACT_INFO: rweber@eas.gatech.edu
PLATFORM: NASA DC-8 aircraft
LOCATION: Aircraft location is given by the navigational file
ASSOCIATED_DATA: N/A
[...]
DATA_INFO: Samples collected by mist chamber were injected through 0.22 pore size syringe filter and then a 2.5 m path length LWCC, and light absorption was measured by Ocean Optics USB4000 spectrometer. Absorption from 300 to 700 nm were recorded. Absorption of pure solvent was subtracted from the sample. Raw absorption data were processed by the equation Abs=Raw*(Volume of liquid in the mist chamber)/(Volume of air collected at STP)/(Optical Path Length, 2.5m here)*ln(10). Data reported here were averaged over 20 nm wavelength intervals. i.e. absorption at 400 nm were average by absorption data between 390 nm to 410 nm. All data have been blank corrected by averaging all blank filter in this mission (2-3 blank filters per flight). Data are reported under STP, which is T=273K & p=1013 mb. When using the data, the absorption had better to corrected by higher wavelength, ie Abs700 for baseline drift. UNCERTAINTY: Data may have smearing issues. If we do not account for smearing or blank, the uncertainty is ~5%
UNCERTAINTY: Data may have smearing issues. If we do not account for smearing or blank, the uncertainty is ~5%
ULOD_FLAG: -7777
ULOD_VALUE: N/A
LLOD_FLAG: -8888
LLOD_VALUE: N/A
DM_CONTACT_INFO: lhzeng@gatech.edu
PROJECT_INFO: FIREX-AQ, 2019
STIPULATIONS_ON_USE: Use of these data require prior ok from PI.
OTHER_COMMENTS: N/A
REVISION: R0
RA: Preliminary Data.  For in-field use only.
Time_Start, Time_Stop, Time_Mid, WSAbs300, WSAbs320, WSAbs340, WSAbs360, WSAbs380, WSAbs400, WSAbs420, WSAbs440, WSAbs460, WSAbs480, WSAbs500, WSAbs520, WSAbs540, WSAbs560, WSAbs580, WSAbs600, WSAbs620, WSAbs640, WSAbs660, WSAbs680, WSAbs700, WSAbs365
81195,81345,81270,2.41885,1.76237,1.42234,1.16595,1.04984,0.962841,0.902957,0.878473,0.846891,0.829223,0.82974,0.803846,0.801395,0.80258,0.780864,0.786133,0.774089,0.778804,0.779309,0.692462,0.761242,1.11837
81345,81495,81420,6.26316,3.46374,2.46721,1.8506,1.46904,1.26114,1.11385,0.999009,0.89902,0.828554,0.822265,0.780526,0.754188,0.712842,0.713126,0.705258,0.690966,0.671334,0.674939,0.611805,0.627565,1.73561
81496,81646,81571,0.822932,0.729253,0.702905,0.69789,0.667874,0.653799,0.65451,0.652663,0.641102,0.645656,0.632587,0.630102,0.643272,0.628188,0.637152,0.629055,0.633014,0.639736,0.62526,0.595997,0.621481,0.672421
81646,81796,81721,3.19556,2.60367,1.89279,1.3987,1.14335,0.972526,0.839402,0.744236,0.67703,0.635414,0.591155,0.597549,0.532262,0.521761,0.508926,0.507298,0.5025,0.469059,0.482063,0.406015,0.44381,1.29815
81797,81947,81872,1.59817,1.04766,0.840111,0.730216,0.672538,0.635971,0.594449,0.564803,0.554976,0.539253,0.531253,0.528332,0.523018,0.501095,0.502027,0.505229,0.510007,0.489099,0.497483,0.459274,0.478069,0.717103
81948,82098,82023,4.3166,2.14021,1.5444,1.23156,1.0137,0.864692,0.761477,0.679343,0.639217,0.595369,0.564467,0.562771,0.54526,0.528656,0.525436,0.508652,0.521059,0.492614,0.505864,0.450052,0.475412,1.16089
82098,82248,82173,3.34173,2.18187,1.73565,1.31672,1.01163,0.888902,0.736286,0.648416,0.611568,0.546436,0.547021,0.485796,0.489738,0.459484,0.433069,0.424597,0.418295,0.409009,0.407825,0.342592,0.360318,1.20106
82249,82399,82324,1.79282,1.13531,0.954398,0.752202,0.659327,0.607886,0.554441,0.511099,0.496234,0.466949,0.464345,0.444764,0.453013,0.43128,0.447655,0.433328,0.42068,0.423015,0.426015,0.362304,0.40602,0.721814
82399,82549,82474,2.25104,1.31607,1.19055,1.03035,0.882833,0.829528,0.722695,0.679,0.633775,0.575563,0.578935,0.541875,0.482169,0.478423,0.46766,0.461723,0.414349,0.395194,0.389292,0.32732,0.271589,0.966853
82550,82700,82625,1.27518,0.792085,0.679739,0.603888,0.547909,0.48099,0.45825,0.428425,0.400793,0.378534,0.370202,0.379883,0.361414,0.325341,0.327621,0.32916,0.301732,0.301014,0.290784,0.243821,0.226802,0.572406
82701,82851,82776,2.72792,1.39594,0.928282,0.669147,0.495997,0.410073,0.324631,0.290151,0.248996,0.22331,0.220268,0.205869,0.210402,0.180334,0.184425,0.183437,0.176615,0.177692,0.166871,0.113328,0.150964,0.603856
82851,83001,82926,2.0488,1.16764,0.80731,0.601957,0.503986,0.406119,0.342692,0.276415,0.259767,0.222189,0.220017,0.205663,0.195357,0.176119,0.164809,0.171129,0.161168,0.146078,0.158597,0.123521,0.128,0.574049
83002,83152,83077,2.29342,2.05221,1.60535,1.36078,1.08106,0.955957,0.835914,0.725779,0.636793,0.566921,0.561133,0.56991,0.467184,0.38579,0.373388,0.367588,0.321671,0.229713,0.314383,0.213174,0.0513545,1.26332
83152,83302,83227,1.45425,0.848572,0.675027,0.458746,0.326301,0.251642,0.198117,0.150055,0.116869,0.0700591,0.0807801,0.0545852,0.0415217,0.0212389,0.0222245,0.0147806,-0.00298682,-0.0198591,-0.00319131,-0.0304245,-0.0537381,0.40841
83303,83453,83378,1.97635,0.928111,0.784369,0.558757,0.447411,0.344858,0.278432,0.201383,0.171036,0.120138,0.0897125,0.0996357,0.0584518,0.0513233,0.0415309,0.0225871,-0.0086149,-0.0282781,-0.00512027,-0.0302937,-0.073126,0.511881
83453,83603,83528,1.00842,0.58091,0.447295,0.336501,0.281638,0.237012,0.194862,0.164265,0.161163,0.137889,0.137454,0.119042,0.11867,0.114895,0.110882,0.107147,0.0940177,0.100498,0.0948205,0.0587855,0.0749002,0.299601
83604,83754,83679,0.936877,0.641143,0.525426,0.37066,0.337377,0.283803,0.233803,0.197823,0.166197,0.156463,0.140437,0.138071,0.127419,0.118822,0.0981853,0.099441,0.0948624,0.0733328,0.0720556,0.041542,0.0317593,0.349353
83755,83905,83830,1.74192,0.881378,0.651226,0.443092,0.327197,0.247269,0.202405,0.168475,0.14347,0.127944,0.139087,0.127032,0.102394,0.114967,0.0987455,0.101633,0.101584,0.0877008,0.0983288,0.0656508,0.0747163,0.394928
83905,84055,83980,4.05362,2.69044,1.76622,1.16173,0.787919,0.58661,0.40641,0.308122,0.19719,0.136086,0.100186,0.0607601,0.0429334,-0.000851916,0.00656415,-0.00221661,-0.0289435,-0.0382224,-0.0377326,-0.0795397,-0.0767323,1.08521
84056,84206,84131,0.692474,0.560343,0.432687,0.308681,0.246119,0.19292,0.163641,0.134955,0.116033,0.0752613,0.0778223,0.0522142,0.0647719,0.0328693,0.0243996,0.00834373,0.0211557,-0.0321329,-0.0171071,-0.0359758,-0.0858438,0.282058
84206,84356,84281,1.71718,1.27676,0.963836,0.671394,0.484719,0.391678,0.300144,0.226915,0.174916,0.147873,0.144983,0.115829,0.0783131,0.0627341,0.0459885,0.0421502,0.0342478,0.0180635,0.0067094,0.00228939,-0.0229594,0.596946
84357,84507,84432,0.96694,0.5852,0.407344,0.293341,0.217543,0.143996,0.119458,0.0730281,0.0647051,0.0362309,0.0202555,0.0154483,0.00797489,0.00863783,0.000274279,-0.0220476,-0.021805,-0.0360443,-0.0265511,-0.064584,-0.0577559,0.254127
84507,84657,84582,0.467227,0.472625,0.471416,0.433014,0.405064,0.37579,0.356288,0.345976,0.341023,0.355982,0.378606,0.332266,0.331147,0.301029,0.286867,0.29995,0.320409,0.242987,0.259964,0.229168,0,0.407
84658,84808,84733,0.477811,0.355854,0.243705,0.113304,0.0442563,0.00669182,-0.0180301,-0.0497545,-0.0757906,-0.0896632,-0.0911602,-0.0972377,-0.113808,-0.114046,-0.109912,-0.131899,-0.127253,-0.140261,-0.127301,-0.13664,-0.154968,0.0834445
84808,84958,84883,1.08452,0.670136,0.524033,0.367318,0.296547,0.246124,0.191838,0.154518,0.142076,0.127441,0.127168,0.116145,0.0725213,0.0908296,0.0653157,0.0505043,0.0541339,0.0440676,0.0385417,0.0121444,-0.012071,0.337989
84959,85109,85034,0.415599,0.222296,0.175126,0.154557,0.0952078,0.0820245,0.0672454,0.030882,0.0261599,0.0126315,0.00416718,0.00182853,-0.0108221,-0.0172306,-0.0327556,-0.024812,-0.0378565,-0.0464649,-0.0329709,-0.0701376,-0.0818874,0.116982
85109,85259,85184,0.381189,0.277216,0.229462,0.17583,0.155385,0.119903,0.105395,0.0837439,0.0659526,0.0537792,0.052454,0.0451037,0.0346841,0.0480014,0.0298633,0.0279042,0.0227225,0.0117085,0.0110057,-0.0117933,-0.0116731,0.163423
85260,85410,85335,0.376211,0.137153,0.112725,0.0634147,0.0401153,0.00400375,-0.0224508,-0.0226278,-0.0357906,-0.0530068,-0.0444529,-0.0584701,-0.0568854,-0.0662284,-0.0778193,-0.0893651,-0.0857577,-0.0955813,-0.100269,-0.118834,-0.1305,0.0355909
85410,85560,85485,0.875882,0.664243,0.380382,0.287406,0.201373,0.152953,0.0938335,0.0623093,0.031592,0.0076718,0.00233957,-0.0130504,-0.00785753,-0.0199942,-0.0361949,-0.0388756,-0.0506643,-0.0511776,-0.0598774,-0.0917533,-0.0799172,0.251169
85561,85711,85636,-0.176782,-0.0496512,-0.0314952,-0.0166217,0.019732,0.0242156,0.0214197,0.0465827,0.0531151,0.0448851,0.0561063,0.060176,0.0531806,0.0556125,0.0666337,0.0709432,0.0704491,0.0805453,0.0737169,0.0392618,0.0726418,-0.012107
85712,85862,85787,1.17888,0.520279,0.306823,0.124922,0.0722115,0.00599394,-0.0289287,-0.0606165,-0.0755438,-0.0929875,-0.104073,-0.092815,-0.106808,-0.115624,-0.120363,-0.120402,-0.118948,-0.114359,-0.130034,-0.139012,-0.137563,0.103172
85862,86012,85937,-0.0152827,-0.0197903,-0.0251706,-0.00329858,-0.0152407,-0.016541,-0.00987663,-0.00873746,-0.0102711,-0.00841331,-0.0178702,-0.0106106,-0.0170725,-0.0161684,-0.00782242,-0.00894924,-0.00407306,-0.0127966,-0.0220228,-0.0493178,0,-0.0235904
86013,86163,86088,-0.0261601,-0.0268876,-0.0187499,-0.0320268,-0.0261187,-0.0255696,-0.0347859,-0.0237366,-0.0322082,-0.0344896,-0.0257689,-0.0400258,-0.0281735,-0.0243871,-0.0264376,-0.0429375,-0.0453659,-0.0340403,-0.0289193,-0.0591606,-0.082258,-0.0352534
86163,86313,86238,-0.13648,-0.102042,-0.0990396,-0.104444,-0.115296,-0.0975354,-0.105923,-0.0929581,-0.099486,-0.103935,-0.113779,-0.0995598,-0.101914,-0.11116,-0.108156,-0.10372,-0.101639,-0.0942821,-0.0925851,-0.120099,-0.0647398,-0.116532
86314,86464,86389,-0.0730132,-0.112192,-0.122049,-0.13821,-0.123106,-0.142658,-0.125125,-0.135274,-0.137073,-0.14479,-0.123969,-0.121312,-0.129716,-0.124704,-0.143163,-0.140711,-0.147908,-0.156462,-0.147628,-0.139842,-0.225744,-0.137954
86464,86614,86539,-0.219126,-0.166246,-0.162194,-0.156858,-0.155092,-0.156191,-0.144867,-0.155322,-0.150807,-0.153525,-0.153372,-0.139164,-0.155716,-0.152391,-0.153171,-0.146111,-0.149374,-0.111305,-0.140215,-0.133087,-0.0365996,-0.170798
86615,86765,86690,0.382156,0.277324,0.274828,0.235389,0.240083,0.231669,0.246236,0.236845,0.2138,0.225467,0.223402,0.223363,0.262246,0.218678,0.208307,0.223523,0.197937,0.212198,0.19466,0.157957,-0.0456967,0.239907
86765,86915,86840,-0.21982,-0.177723,-0.170471,-0.156054,-0.15347,-0.163289,-0.155267,-0.155869,-0.146253,-0.13961,-0.1441,-0.15752,-0.140995,-0.130284,-0.130868,-0.124021,-0.139674,-0.131077,-0.136513,-0.142091,-0.0475755,-0.166514
86916,87066,86991,-0.159974,-0.161029,-0.151286,-0.154739,-0.138422,-0.157032,-0.136013,-0.143625,-0.150572,-0.139543,-0.14175,-0.151751,-0.134511,-0.145106,-0.125473,-0.148593,-0.139346,-0.125827,-0.142452,-0.164225,-0.0908755,-0.159032
87067,87217,87142,-0.321966,-0.250231,-0.237901,-0.217522,-0.201958,-0.206705,-0.211993,-0.194393,-0.197351,-0.181699,-0.189918,-0.196765,-0.202979,-0.189265,-0.190111,-0.179739,-0.176242,-0.18742,-0.172308,-0.17951,-0.0587285,-0.223169
87217,87367,87292,-0.235506,-0.181682,-0.15579,-0.145834,-0.147556,-0.137813,-0.135696,-0.12986,-0.124028,-0.130247,-0.15828,-0.155141,-0.106999,-0.123629,-0.134288,-0.123345,-0.127071,-0.090595,-0.106086,-0.118868,0.0338668,-0.158045
87368,87518,87443,-0.236682,-0.226776,-0.250004,-0.23673,-0.203276,-0.191244,-0.199859,-0.194329,-0.175198,-0.170823,-0.22592,-0.182508,-0.217821,-0.192322,-0.153357,-0.155933,-0.217073,-0.160794,-0.143368,-0.176181,0.0477809,-0.22696
87519,87669,87594,-0.424418,-0.25685,-0.258256,-0.247314,-0.232185,-0.223119,-0.205501,-0.209865,-0.202146,-0.202443,-0.24585,-0.204982,-0.244138,-0.178975,-0.185789,-0.176351,-0.175525,-0.181976,-0.181547,-0.189818,0.0113415,-0.23817
87669,87819,87744,-0.463808,-0.341803,-0.328664,-0.295846,-0.294431,-0.289454,-0.289316,-0.26671,-0.292107,-0.270338,-0.301859,-0.292783,-0.274721,-0.283872,-0.257497,-0.285259,-0.258941,-0.253744,-0.254607,-0.248279,-0.0693075,-0.311884
87820,87970,87895,-0.5072,-0.31208,-0.323732,-0.301498,-0.288794,-0.267692,-0.290489,-0.269552,-0.271535,-0.256024,-0.295712,-0.305377,-0.257333,-0.247489,-0.259894,-0.282124,-0.248332,-0.219479,-0.220469,-0.248375,-0.0225081,-0.30386
87970,88120,88045,-0.444132,-0.303238,-0.336602,-0.312614,-0.31173,-0.308135,-0.29735,-0.26314,-0.277427,-0.273642,-0.294738,-0.281996,-0.24995,-0.262018,-0.286134,-0.232924,-0.271116,-0.264841,-0.269537,-0.259493,-0.0219584,-0.318397
88121,88271,88196,-0.212127,-0.191987,-0.176372,-0.154225,-0.174288,-0.166087,-0.161756,-0.145823,-0.147822,-0.14503,-0.171648,-0.156671,-0.15857,-0.159572,-0.166627,-0.134174,-0.147076,-0.138334,-0.131198,-0.147989,-0.0481732,-0.173424
88422,88572,88497,-0.641856,-0.41297,-0.278941,-0.191345,-0.13375,-0.11162,-0.0920781,-0.0639136,-0.0526494,-0.0570313,-0.0553644,-0.0378703,-0.036695,-0.0459404,-0.032465,-0.0317725,-0.0300244,-0.0218061,-0.0309672,-0.0433372,-0.0330107,-0.189811
88572,88722,88647,-0.583499,-0.236439,-0.186112,-0.0951343,-0.0641737,-0.0310399,-0.0128601,0.0164169,0.0239699,0.0364583,0.0270963,0.0446451,0.043797,0.048655,0.0534245,0.0518003,0.0527212,0.0570935,0.0627578,0.033511,0.0518767,-0.0951073
88723,88873,88798,-1.04843,-0.492162,-0.291794,-0.189608,-0.104516,-0.0565355,-0.0359327,-0.0066884,0.00162721,0.0259037,0.0360637,0.0287481,0.0349766,0.0563099,0.0675798,0.0607476,0.0634668,0.0662476,0.0658149,0.0266757,0.0684075,-0.171019
88874,89024,88949,7.27141,4.07694,3.50324,2.56621,2.35536,1.98766,1.79435,1.58584,1.31669,1.23459,1.24933,1.07401,1.0108,0.92904,0.903255,0.759008,0.737794,0.658962,0.62895,0.541089,0.314023,2.55581
89024,89174,89099,-0.112702,-0.0588858,-0.0100954,0.00663511,0.0235672,0.0492014,0.0531546,0.0549704,0.0716719,0.0631516,0.0757242,0.0805567,0.0841161,0.0845625,0.0828395,0.0946306,0.0933146,0.0834362,0.0813657,0.0492739,0.0845257,0.00845257
89325,89475,89400,6.71387,4.55211,3.67554,2.68841,2.25127,1.72728,1.52269,1.22711,1.12145,0.935489,0.889245,0.769822,0.784724,0.693805,0.617194,0.56494,0.54059,0.474316,0.496062,0.429001,0.365324,2.53987
89627,89777,89702,4.53205,1.93931,1.56584,1.1084,0.804189,0.645758,0.537308,0.440283,0.389834,0.334997,0.304406,0.282601,0.264465,0.247684,0.248053,0.226029,0.202854,0.199749,0.206468,0.153744,0.170518,0.99753
89777,89927,89852,3.87487,1.97391,1.67299,1.47816,1.22068,1.08346,0.971719,0.824564,0.775489,0.704235,0.614409,0.563326,0.563636,0.54937,0.50599,0.443584,0.435115,0.358579,0.395852,0.299081,0.198516,1.39824
89928,90078,90003,2.54867,1.70331,1.31493,0.855224,0.666239,0.547225,0.47108,0.407628,0.353476,0.309915,0.297758,0.291324,0.282424,0.255045,0.255373,0.253157,0.243923,0.229176,0.241466,0.19066,0.214647,0.80707
90078,90228,90153,1.82495,1.23474,1.0112,0.75823,0.666208,0.565321,0.509052,0.454911,0.410735,0.386563,0.373453,0.370244,0.343124,0.332372,0.319249,0.312462,0.295059,0.293121,0.296063,0.247127,0.252834,0.731412
90229,90379,90304,16.1958,6.66227,5.31956,3.70825,2.983,2.33586,1.81615,1.45894,1.23808,1.04673,0.93676,0.94145,0.766231,0.742629,0.641046,0.619812,0.564504,0.513068,0.516029,0.454391,0.39625,3.59155
90379,90529,90454,1.04961,0.655532,0.66014,0.50666,0.447506,0.3954,0.339202,0.332025,0.291776,0.271215,0.273239,0.239832,0.234784,0.235108,0.21865,0.223347,0.208258,0.197792,0.190162,0.167865,0.151824,0.473335
90530,90680,90605,3.06989,1.80005,1.40411,1.11154,0.915104,0.776439,0.651666,0.592068,0.519711,0.471836,0.467717,0.421612,0.410807,0.372638,0.364986,0.341088,0.350274,0.307095,0.310999,0.264445,0.257868,1.04007
90680,90830,90755,21.6046,11.1019,6.40753,4.49624,3.4304,2.48208,1.92703,1.50488,1.26955,1.06206,1.00728,0.826816,0.800101,0.697413,0.668919,0.636934,0.616931,0.553837,0.567865,0.510085,0.480705,4.30013
90831,90981,90906,3.70482,2.03525,1.78801,1.43119,1.30843,1.06216,0.968667,0.865752,0.751924,0.711716,0.713535,0.651514,0.556418,0.532613,0.546074,0.515819,0.483691,0.398606,0.416625,0.347359,0.258566,1.39091
90981,91131,91056,23.9246,9.72703,7.50084,4.82653,3.53157,2.70599,2.08893,1.64401,1.38235,1.19064,1.09326,0.931804,0.793911,0.73091,0.704168,0.628499,0.631817,0.566614,0.568274,0.476551,0.464,4.51453
91132,91282,91207,1.06828,0.916911,0.826524,0.705685,0.661176,0.585034,0.540673,0.49709,0.449326,0.42345,0.431772,0.418517,0.363878,0.394899,0.349144,0.330442,0.327026,0.307827,0.306821,0.239567,0.218022,0.699488
91282,91432,91357,3.579,2.8227,1.92007,1.38036,1.03082,0.839739,0.694307,0.583858,0.506154,0.452746,0.39826,0.391598,0.367532,0.35119,0.338827,0.326978,0.314911,0.288954,0.289072,0.252258,0.263045,1.28705
91433,91583,91508,0.932569,0.572797,0.447553,0.386162,0.332477,0.301211,0.267021,0.253434,0.253673,0.224398,0.228047,0.230909,0.223773,0.206489,0.208189,0.207669,0.198774,0.201349,0.199739,0.174987,0.185975,0.363096
91583,91733,91658,20.3966,10.1805,8.39873,5.57737,4.23085,3.53122,2.75981,2.23484,1.85692,1.56154,1.50893,1.3791,1.17246,1.0371,1.05487,0.949763,0.895849,0.790832,0.842902,0.764959,0.675893,5.37012
91734,91884,91809,2.94809,2.62705,2.37387,1.88127,1.55614,1.42229,1.29079,1.10539,1.00906,0.917065,0.904897,0.857961,0.788944,0.7161,0.736996,0.687266,0.609997,0.525728,0.58198,0.464037,0.337429,1.76011
91885,92035,91960,18.1711,9.12699,6.86,4.46511,3.73759,2.87392,2.26982,1.89356,1.69304,1.37818,1.36541,1.24536,1.07933,0.905756,0.847466,0.840689,0.772504,0.649852,0.697435,0.567524,0.49971,4.34007
92035,92185,92110,2.80888,1.64899,1.17265,0.845558,0.667334,0.537853,0.477013,0.407298,0.377075,0.359133,0.342151,0.32809,0.310483,0.31179,0.284456,0.282173,0.280435,0.272101,0.27345,0.244926,0.256976,0.762065
92186,92336,92261,3.33045,2.7229,2.22488,1.63274,1.4322,1.19717,1.08207,0.953308,0.825829,0.779956,0.798956,0.710597,0.648841,0.621466,0.578101,0.577071,0.536616,0.492461,0.509282,0.446459,0.381474,1.57241
92336,92486,92411,1.35275,1.07034,0.835795,0.609401,0.494847,0.413201,0.378782,0.334673,0.3071,0.305938,0.280285,0.283188,0.28137,0.276917,0.27072,0.26843,0.268092,0.256004,0.256993,0.223912,0.240238,0.551658
