Data/Raw/WEBER,RODNEY/FIREXAQ-SAGA-AERO-BrC_DC8_20190724_R0.ict
79, 1001
Weber, Rodney
Georgia Institute of Technology
Brown carbon measured 
FIREXAQ
1, 1
2019, 07, 24, 2020, 03, 03
0
Time_Start, seconds_past_midnight, Time_Start, seconds_past_midnight
47
1, 1, 1, 1, 1, 1, 1, 1, 1, 1, 1, 1, 1, 1, 1, 1, 1, 1, 1, 1, 1, 1, 1, 1, 1, 1, 1, 1, 1, 1, 1, 1, 1, 1, 1, 1, 1, 1, 1, 1, 1, 1, 1, 1, 1, 1, 1
-9999, -9999, -9999, -9999, -9999, -9999, -9999, -9999, -9999, -9999, -9999, -9999, -9999, -9999, -9999, -9999, -9999, -9999, -9999, -9999, -9999, -9999, -9999, -9999, -9999, -9999, -9999, -9999, -9999, -9999, -9999, -9999, -9999, -9999, -9999, -9999, -9999, -9999, -9999, -9999, -9999, -9999, -9999, -9999, -9999, -9999, -9999
Time_Stop, seconds_past_midnight, Time_Stop, seconds_past_midnight
Time_Mid, seconds_past_midnight, Time_Mid, seconds_past_midnight
WSAbs300, Mm-1, AerOpt_AbsorptionBrC_InSitu_UVtoRed_None_Bulk_STP, Water Soluble Brown Carbon absorption at 300 nm
WSAbs320, Mm-1, AerOpt_AbsorptionBrC_InSitu_UVtoRed_None_Bulk_STP, Water Soluble Brown Carbon absorption at 320 nm
WSAbs340, Mm-1, AerOpt_AbsorptionBrC_InSitu_UVtoRed_None_Bulk_STP, Water Soluble Brown Carbon absorption at 340 nm
WSAbs360, Mm-1, AerOpt_AbsorptionBrC_InSitu_UVtoRed_None_Bulk_STP, Water Soluble Brown Carbon absorption at 360 nm
WSAbs380, Mm-1, AerOpt_AbsorptionBrC_InSitu_UVtoRed_None_Bulk_STP, Water Soluble Brown Carbon absorption at 380 nm
WSAbs400, Mm-1, AerOpt_AbsorptionBrC_InSitu_UVtoRed_None_Bulk_STP, Water Soluble Brown Carbon absorption at 400 nm
WSAbs420, Mm-1, AerOpt_AbsorptionBrC_InSitu_UVtoRed_None_Bulk_STP, Water Soluble Brown Carbon absorption at 420 nm
WSAbs440, Mm-1, AerOpt_AbsorptionBrC_InSitu_UVtoRed_None_Bulk_STP, Water Soluble Brown Carbon absorption at 440 nm
WSAbs460, Mm-1, AerOpt_AbsorptionBrC_InSitu_UVtoRed_None_Bulk_STP, Water Soluble Brown Carbon absorption at 460 nm
WSAbs480, Mm-1, AerOpt_AbsorptionBrC_InSitu_UVtoRed_None_Bulk_STP, Water Soluble Brown Carbon absorption at 480 nm
WSAbs500, Mm-1, AerOpt_AbsorptionBrC_InSitu_UVtoRed_None_Bulk_STP, Water Soluble Brown Carbon absorption at 500 nm
WSAbs520, Mm-1, AerOpt_AbsorptionBrC_InSitu_UVtoRed_None_Bulk_STP, Water Soluble Brown Carbon absorption at 520 nm
WSAbs540, Mm-1, AerOpt_AbsorptionBrC_InSitu_UVtoRed_None_Bulk_STP, Water Soluble Brown Carbon absorption at 540 nm
WSAbs560, Mm-1, AerOpt_AbsorptionBrC_InSitu_UVtoRed_None_Bulk_STP, Water Soluble Brown Carbon absorption at 560 nm
WSAbs580, Mm-1, AerOpt_AbsorptionBrC_InSitu_UVtoRed_None_Bulk_STP, Water Soluble Brown Carbon absorption at 580 nm
WSAbs600, Mm-1, AerOpt_AbsorptionBrC_InSitu_UVtoRed_None_Bulk_STP, Water Soluble Brown Carbon absorption at 600 nm
WSAbs620, Mm-1, AerOpt_AbsorptionBrC_InSitu_UVtoRed_None_Bulk_STP, Water Soluble Brown Carbon absorption at 620 nm
WSAbs640, Mm-1, AerOpt_AbsorptionBrC_InSitu_UVtoRed_None_Bulk_STP, Water Soluble Brown Carbon absorption at 640 nm
WSAbs660, Mm-1, AerOpt_AbsorptionBrC_InSitu_UVtoRed_None_Bulk_STP, Water Soluble Brown Carbon absorption at 660 nm
WSAbs680, Mm-1, AerOpt_AbsorptionBrC_InSitu_UVtoRed_None_Bulk_STP, Water Soluble Brown Carbon absorption at 680 nm
WSAbs700, Mm-1, AerOpt_AbsorptionBrC_InSitu_UVtoRed_None_Bulk_STP, Water Soluble Brown Carbon absorption at 700 nm
WSAbs365, Mm-1, AerOpt_AbsorptionBrC_InSitu_UVtoRed_None_Bulk_STP, Water Soluble Brown Carbon absorption at 365 nm
WSOC, ug m-3, AerComp_WSOC_inSitu_None_Bulk, MassSTP, Water Soluble Organic Carbon
MSAbs300, Mm-1, AerOpt_AbsorptionBrC_InSitu_UVtoRed_None_Bulk_STP, MeOH Soluble Brown Carbon absorption at 300 nm
MSAbs320, Mm-1, AerOpt_AbsorptionBrC_InSitu_UVtoRed_None_Bulk_STP, MeOH Soluble Brown Carbon absorption at 320 nm
MSAbs340, Mm-1, AerOpt_AbsorptionBrC_InSitu_UVtoRed_None_Bulk_STP, MeOH Soluble Brown Carbon absorption at 340 nm
MSAbs360, Mm-1, AerOpt_AbsorptionBrC_InSitu_UVtoRed_None_Bulk_STP, MeOH Soluble Brown Carbon absorption at 360 nm
MSAbs380, Mm-1, AerOpt_AbsorptionBrC_InSitu_UVtoRed_None_Bulk_STP, MeOH Soluble Brown Carbon absorption at 380 nm
MSAbs400, Mm-1, AerOpt_AbsorptionBrC_InSitu_UVtoRed_None_Bulk_STP, MeOH Soluble Brown Carbon absorption at 400 nm
MSAbs420, Mm-1, AerOpt_AbsorptionBrC_InSitu_UVtoRed_None_Bulk_STP, MeOH Soluble Brown Carbon absorption at 420 nm
MSAbs440, Mm-1, AerOpt_AbsorptionBrC_InSitu_UVtoRed_None_Bulk_STP, MeOH Soluble Brown Carbon absorption at 440 nm
MSAbs460, Mm-1, AerOpt_AbsorptionBrC_InSitu_UVtoRed_None_Bulk_STP, MeOH Soluble Brown Carbon absorption at 460 nm
MSAbs480, Mm-1, AerOpt_AbsorptionBrC_InSitu_UVtoRed_None_Bulk_STP, MeOH Soluble Brown Carbon absorption at 480 nm
MSAbs500, Mm-1, AerOpt_AbsorptionBrC_InSitu_UVtoRed_None_Bulk_STP, MeOH Soluble Brown Carbon absorption at 500 nm
MSAbs520, Mm-1, AerOpt_AbsorptionBrC_InSitu_UVtoRed_None_Bulk_STP, MeOH Soluble Brown Carbon absorption at 520 nm
MSAbs540, Mm-1, AerOpt_AbsorptionBrC_InSitu_UVtoRed_None_Bulk_STP, MeOH Soluble Brown Carbon absorption at 540 nm
MSAbs560, Mm-1, AerOpt_AbsorptionBrC_InSitu_UVtoRed_None_Bulk_STP, MeOH Soluble Brown Carbon absorption at 560 nm
MSAbs580, Mm-1, AerOpt_AbsorptionBrC_InSitu_UVtoRed_None_Bulk_STP, MeOH Soluble Brown Carbon absorption at 580 nm
MSAbs600, Mm-1, AerOpt_AbsorptionBrC_InSitu_UVtoRed_None_Bulk_STP, MeOH Soluble Brown Carbon absorption at 600 nm
MSAbs620, Mm-1, AerOpt_AbsorptionBrC_InSitu_UVtoRed_None_Bulk_STP, MeOH Soluble Brown Carbon absorption at 620 nm
MSAbs640, Mm-1, AerOpt_AbsorptionBrC_InSitu_UVtoRed_None_Bulk_STP, MeOH Soluble Brown Carbon absorption at 640 nm
MSAbs660, Mm-1, AerOpt_AbsorptionBrC_InSitu_UVtoRed_None_Bulk_STP, MeOH Soluble Brown Carbon absorption at 660 nm
MSAbs680, Mm-1, AerOpt_AbsorptionBrC_InSitu_UVtoRed_None_Bulk_STP, MeOH Soluble Brown Carbon absorption at 680 nm
MSAbs700, Mm-1, AerOpt_AbsorptionBrC_InSitu_UVtoRed_None_Bulk_STP, MeOH Soluble Brown Carbon absorption at 700 nm
MSAbs365, Mm-1, AerOpt_AbsorptionBrC_InSitu_UVtoRed_None_Bulk_STP, MeOH Soluble Brown Carbon absorption at 365 nm
0
18
PI_CONTACT_INFO: rweber@eas.gatech.edu
PLATFORM: NASA DC-8 aircraft 
LOCATION: Aircraft location is given by the navigational file
ASSOCIATED_DATA: N/A
INSTRUMENT_INFO: WPI LWCC, Ocean Optics USB4000 spectrometer and GE Sievers 900 TOC Portable Analyzer
DATA_INFO: Filters were first extracted in 15 ml of water, dried and then extracted again using 15 ml of methanol. Each extract was filtered with a 0.22 um pore size syringe filter and then injected through a 2.5 m path length LWCC and light absorption measured by Ocean Optics USB4000 spectrometer. Absorption from 300 to 700 nm were recorded. Absorption of pure solvent was subtracted from the sample. Raw absorption data were processed by the equation Abs=Raw*(Volume of extraction liquid)/(Volume of air collected at STP)/(Optical Path Length, 2.5m here)*ln(10). Data reported here were averaged over 20 nm wavelength intervals. i.e. absorption at 400 nm were average by absorption data between 390 nm to 410 nm. Ambient WSOC concentration derived from liquid WSOC concentration with similar equation. All data have been blank corrected by averaging all blank filter in this mission (2-3 blank filters per flight). Limit of detection (LOD) was determined by three times standard deviation of blank data. Data are reported under STP, which is T=273K & p=1013 mb. When using the data, the absorption had better to corrected by higher wavelength, ie Abs700 for baseline drift.
UNCERTAINTY: 16% for WSAbs365, 17% for WSOC, 19% for MSAbs365
ULOD_FLAG: -7777
ULOD_VALUE: N/A
LLOD_FLAG: -8888
LLOD_VALUE: N/A
DM_CONTACT_INFO: lhzeng@gatech.edu
PROJECT_INFO: FIREX-AQ, 2019
STIPULATIONS_ON_USE: Use of these data require prior ok from PI.
OTHER_COMMENTS: N/A
REVISION: R0
RA: Preliminary Data.  For in-field use only.
Time_Start, Time_Stop, Time_Mid, WSAbs300, WSAbs320, WSAbs340, WSAbs360, WSAbs380, WSAbs400, WSAbs420, WSAbs440, WSAbs460, WSAbs480, WSAbs500, WSAbs520, WSAbs540, WSAbs560, WSAbs580, WSAbs600, WSAbs620, WSAbs640, WSAbs660, WSAbs680, WSAbs700, WSAbs365, WSOC, MSAbs300, MSAbs320, MSAbs340, MSAbs360, MSAbs380, MSAbs400, MSAbs420, MSAbs440, MSAbs460, MSAbs480, MSAbs500, MSAbs520, MSAbs540, MSAbs560, MSAbs580, MSAbs600, MSAbs620, MSAbs640, MSAbs660, MSAbs680, MSAbs700, MSAbs365
77220,77820,77520,-0.0299735,-0.0103533,-0.0089071,-0.0110102,-0.00725985,-0.00752201,-0.00178314,0.00494482,0.00899715,0.0088274,0.0176697,0.0230276,0.0228083,0.0254819,0.000842402,0.0223486,0.0310149,0.0225297,0.037203,0.0404279,0.0563694,-0.0118751,0.36743,-0.419157,-0.198181,-0.0434531,0.0384753,0.0445423,0.0449385,0.0384732,0.0305777,0.0186297,-7.25606e-05,-0.0299743,-0.0400822,-0.0465874,-0.0665058,-0.0546637,-0.0600914,-0.0641671,-0.0649775,-0.0522095,-0.0619779,-0.0573504,0.0411931
77940,78540,78240,0.291308,0.199271,0.13324,0.0910615,0.067246,0.0527751,0.0471143,0.045191,0.045192,0.037247,0.0462701,0.0508003,0.0481368,0.0502386,0.0155296,0.0424807,0.0519996,0.0491224,0.0624912,0.0658086,0.0851122,0.082267,0.579346,-0.0624671,0.0620036,0.11691,0.139062,0.126561,0.116553,0.0989006,0.0795496,0.0655306,0.0421277,0.0090787,0.00242944,0.000938424,-0.0194767,-0.00706348,-0.00611096,-0.0119982,-0.017253,-0.0239967,-0.0320326,-0.0389933,0.136748
78660,79200,78930,0.268384,0.203742,0.148241,0.10558,0.0692184,0.0459305,0.0416803,0.0383818,0.0404113,0.0318156,0.0441728,0.0513097,0.0485541,0.0489883,0.0131682,0.0422398,0.0566102,0.0511287,0.0773673,0.0807168,0.0963074,0.0946111,0.354098,-0.0747889,0.0781562,0.137189,0.180167,0.167802,0.151468,0.134164,0.115155,0.0944725,0.0764107,0.0467905,0.0370153,0.0357509,0.0188594,0.0310659,0.0470893,0.0369804,0.0146213,0.00583172,0.018887,0.0225601,0.178341
79440,79680,79560,0.932075,0.63089,0.45153,0.324382,0.235023,0.172163,0.131603,0.11256,0.0845067,0.0657721,0.058679,0.0432094,0.0487006,0.0463229,0.0315245,0.0378288,0.0367751,0.0311882,0.0239827,0.035915,0.0435953,0.300751,2.25826,1.18627,1.16103,1.15433,1.04539,0.865047,0.731564,0.645933,0.555971,0.495102,0.426654,0.342651,0.306946,0.274494,0.218789,0.205795,0.206465,0.177087,0.138302,0.11075,0.117646,0.105997,1.00385
79800,80100,79950,4.71357,3.57054,2.74782,2.15632,1.69039,1.36664,1.14801,0.98085,0.835994,0.689598,0.606648,0.534964,0.487984,0.444402,0.347516,0.366952,0.340202,0.311676,0.30448,0.280708,0.264841,2.02663,0.846891,4.41215,3.217,2.36959,1.8631,1.44855,1.10695,0.86943,0.706906,0.552724,0.43348,0.325509,0.237725,0.166881,0.103855,0.0420182,-0.0214893,-0.0453157,-0.0620172,-0.033914,-0.119039,-0.0926047,1.74811
80220,80520,80370,5.53014,4.08768,3.07261,2.35246,1.8006,1.42946,1.18195,0.990674,0.822243,0.65687,0.563781,0.488285,0.436641,0.39332,0.304515,0.32361,0.295414,0.267548,0.266037,0.239658,0.215486,2.19928,1.16289,4.40552,3.16147,2.30902,1.76849,1.37604,1.0535,0.819899,0.66531,0.523154,0.417021,0.320889,0.242348,0.192317,0.133331,0.0797014,0.040199,0.0245111,0.0103996,0.0361452,-0.0219543,-0.032343,1.658
80640,80910,80775,4.77864,3.50892,2.61085,1.98573,1.48583,1.14135,0.915075,0.740906,0.599736,0.479923,0.410217,0.353778,0.314717,0.279927,0.217644,0.248793,0.2184,0.179441,0.166652,0.16064,0.142764,1.84927,2.58971,5.81704,4.37351,3.35294,2.6387,2.08822,1.66382,1.34854,1.12895,0.928586,0.766877,0.637028,0.541919,0.471149,0.411823,0.348932,0.309711,0.248158,0.197001,0.200218,0.123646,0.0952529,2.48402
81060,81420,81240,8.86494,7.12176,5.799,4.78119,3.88168,3.22064,2.7416,2.35581,2.03754,1.74316,1.54373,1.38699,1.25116,1.14261,0.976753,0.9399,0.871761,0.806514,0.745008,0.679501,0.624645,4.53887,1.66883,2.86178,2.27857,1.83338,1.51958,1.25465,1.03615,0.87023,0.755955,0.640631,0.54771,0.463706,0.398599,0.349262,0.295653,0.241437,0.203923,0.183826,0.172559,0.191025,0.135373,0.126222,1.44648
81720,82380,82050,0.832183,0.635879,0.486302,0.382918,0.30166,0.2463,0.205881,0.177113,0.152257,0.125995,0.114817,0.0988426,0.0896079,0.0833911,0.0626279,0.0700418,0.0634474,0.0628024,0.0572418,0.0412271,0.0465371,0.357749,0.0761096,0.0754755,0.0939489,0.107759,0.121997,0.12562,0.110721,0.0857326,0.0702471,0.0448951,0.0316193,0.0112438,-0.0105413,-0.0128526,-0.0252542,-0.0241354,-0.0361363,-0.0362872,-0.0285816,-0.0141133,-0.0312488,-0.0418757,0.12184
83040,83460,83250,1.65538,1.26713,1.00487,0.821946,0.629026,0.499803,0.422863,0.364652,0.315299,0.262608,0.2398,0.207954,0.195522,0.178898,0.138746,0.146647,0.141357,0.12914,0.126267,0.0909179,0.083032,0.767829,0.8001,2.00663,1.58906,1.25592,1.01393,0.805014,0.62372,0.489436,0.391535,0.292236,0.215548,0.144456,0.0792702,0.0364505,-0.0110167,-0.0488552,-0.0878136,-0.115044,-0.140961,-0.135237,-0.179232,-0.199602,0.955221
83580,84000,83790,2.90396,2.14556,1.62289,1.26785,0.980407,0.784143,0.650439,0.553169,0.471614,0.393392,0.351045,0.308488,0.280372,0.255093,0.199878,0.209974,0.19403,0.175785,0.165951,0.137776,0.121665,1.18517,1.08289,1.60675,1.38053,1.17431,0.987254,0.79548,0.633042,0.516679,0.432739,0.35282,0.285278,0.219918,0.160295,0.118725,0.0711486,0.0374529,0.00174284,-0.025431,-0.0291012,-0.0170516,-0.0584015,-0.0794465,0.937137
84120,85140,84630,0.812378,0.620177,0.554145,0.495865,0.288055,0.161379,0.119562,0.0964963,0.0758977,0.0583526,0.0528111,0.0380609,0.0373293,0.0341733,0.025849,0.0332288,0.0290423,0.0216934,0.0234144,-0.00216486,0.000792974,0.44828,1.15887,2.45887,1.91446,1.42166,1.06065,0.74285,0.498844,0.342773,0.240057,0.131373,0.0634724,-0.00956579,-0.0741932,-0.114502,-0.164808,-0.186779,-0.222806,-0.244385,-0.271482,-0.264478,-0.295986,-0.287851,0.969591
85200,86100,85650,0.306157,0.232236,0.177553,0.139661,0.100769,0.0764868,0.0611783,0.055485,0.0488853,0.0389134,0.0370579,0.0257161,0.0269235,0.0276227,0.0198445,0.0285505,0.02225,0.014052,0.0148838,-0.00183431,-0.000947739,0.125804,0.0367383,-0.0257262,0.0349385,0.0447394,0.0346557,0.000844554,-0.0484697,-0.086026,-0.0979332,-0.127023,-0.142553,-0.169241,-0.194892,-0.207496,-0.223821,-0.21668,-0.238572,-0.258285,-0.269805,-0.255602,-0.278484,-0.282614,0.0214891
86340,86940,86640,0.997402,0.720285,0.509722,0.362783,0.247281,0.170759,0.126992,0.101091,0.0756356,0.0538453,0.0422545,0.0285562,0.0245079,0.0247123,0.0160303,0.0226367,0.0162808,0.0103351,0.0101233,0.00573807,0.00353062,0.327805,1.62042,2.35589,1.7567,1.21562,0.871897,0.631724,0.447697,0.316529,0.235354,0.168122,0.11771,0.0711108,0.0326172,0.00794796,-0.0173034,-0.0255087,-0.0452715,-0.0512428,-0.0245556,-0.0142379,-0.0351722,-0.0500059,0.800432
87120,87900,87510,0.153508,0.14568,0.12694,0.115253,0.0996403,0.0901087,0.0824143,0.0821572,0.0771545,0.0720417,0.072298,0.0635729,0.0646483,0.0678525,0.0611587,0.0664773,0.0623649,0.0558263,0.0490205,0.0404148,0.0329487,0.108466,0.131,-0.329561,-0.18837,-0.117712,-0.0816485,-0.0735641,-0.0935976,-0.117907,-0.123899,-0.149608,-0.157816,-0.184086,-0.2093,-0.224054,-0.247303,-0.236566,-0.257637,-0.269978,-0.269229,-0.258465,-0.275118,-0.280027,-0.0812124
