Data/Raw/WEBER,RODNEY/FIREXAQ-SAGA-MC-BrC_DC8_20190813_R0.ict
56, 1001
Weber, Rodney
Georgia Institute of Technology
Water soluble brown carbon measured with mist chamber-LWCC
FIREXAQ
1, 1
2019, 08, 13, 2020, 03, 06
0
Time_Start, seconds_past_midnight, Time_Start, seconds_past_midnight
24
1, 1, 1, 1, 1, 1, 1, 1, 1, 1, 1, 1, 1, 1, 1, 1, 1, 1, 1, 1, 1, 1, 1, 1
-9999, -9999, -9999, -9999, -9999, -9999, -9999, -9999, -9999, -9999, -9999, -9999, -9999, -9999, -9999, -9999, -9999, -9999, -9999, -9999, -9999, -9999, -9999, -9999
Time_Stop, seconds_past_midnight, Time_Stop, seconds_past_midnight
Time_Mid, seconds_past_midnight, Time_Mid, seconds_past_midnight
WSAbs300, Mm-1, AerOpt_AbsorptionBrC_InSitu_UVtoRed_None_Bulk_STP, Water Soluble Brown Carbon absorption at 300 nm
WSAbs320, Mm-1, AerOpt_AbsorptionBrC_InSitu_UVtoRed_None_Bulk_STP, Water Soluble Brown Carbon absorption at 320 nm
WSAbs340, Mm-1, AerOpt_AbsorptionBrC_InSitu_UVtoRed_None_Bulk_STP, Water Soluble Brown Carbon absorption at 340 nm
WSAbs360, Mm-1, AerOpt_AbsorptionBrC_InSitu_UVtoRed_None_Bulk_STP, Water Soluble Brown Carbon absorption at 360 nm
WSAbs380, Mm-1, AerOpt_AbsorptionBrC_InSitu_UVtoRed_None_Bulk_STP, Water Soluble Brown Carbon absorption at 380 nm
WSAbs400, Mm-1, AerOpt_AbsorptionBrC_InSitu_UVtoRed_None_Bulk_STP, Water Soluble Brown Carbon absorption at 400 nm
WSAbs420, Mm-1, AerOpt_AbsorptionBrC_InSitu_UVtoRed_None_Bulk_STP, Water Soluble Brown Carbon absorption at 420 nm
WSAbs440, Mm-1, AerOpt_AbsorptionBrC_InSitu_UVtoRed_None_Bulk_STP, Water Soluble Brown Carbon absorption at 440 nm
WSAbs460, Mm-1, AerOpt_AbsorptionBrC_InSitu_UVtoRed_None_Bulk_STP, Water Soluble Brown Carbon absorption at 460 nm
WSAbs480, Mm-1, AerOpt_AbsorptionBrC_InSitu_UVtoRed_None_Bulk_STP, Water Soluble Brown Carbon absorption at 480 nm
WSAbs500, Mm-1, AerOpt_AbsorptionBrC_InSitu_UVtoRed_None_Bulk_STP, Water Soluble Brown Carbon absorption at 500 nm
WSAbs520, Mm-1, AerOpt_AbsorptionBrC_InSitu_UVtoRed_None_Bulk_STP, Water Soluble Brown Carbon absorption at 520 nm
WSAbs540, Mm-1, AerOpt_AbsorptionBrC_InSitu_UVtoRed_None_Bulk_STP, Water Soluble Brown Carbon absorption at 540 nm
WSAbs560, Mm-1, AerOpt_AbsorptionBrC_InSitu_UVtoRed_None_Bulk_STP, Water Soluble Brown Carbon absorption at 560 nm
WSAbs580, Mm-1, AerOpt_AbsorptionBrC_InSitu_UVtoRed_None_Bulk_STP, Water Soluble Brown Carbon absorption at 580 nm
WSAbs600, Mm-1, AerOpt_AbsorptionBrC_InSitu_UVtoRed_None_Bulk_STP, Water Soluble Brown Carbon absorption at 600 nm
WSAbs620, Mm-1, AerOpt_AbsorptionBrC_InSitu_UVtoRed_None_Bulk_STP, Water Soluble Brown Carbon absorption at 620 nm
WSAbs640, Mm-1, AerOpt_AbsorptionBrC_InSitu_UVtoRed_None_Bulk_STP, Water Soluble Brown Carbon absorption at 640 nm
WSAbs660, Mm-1, AerOpt_AbsorptionBrC_InSitu_UVtoRed_None_Bulk_STP, Water Soluble Brown Carbon absorption at 660 nm
WSAbs680, Mm-1, AerOpt_AbsorptionBrC_InSitu_UVtoRed_None_Bulk_STP, Water Soluble Brown Carbon absorption at 680 nm
WSAbs700, Mm-1, AerOpt_AbsorptionBrC_InSitu_UVtoRed_None_Bulk_STP, Water Soluble Brown Carbon absorption at 700 nm
WSAbs365, Mm-1, AerOpt_AbsorptionBrC_InSitu_UVtoRed_None_Bulk_STP, Water Soluble Brown Carbon absorption at 365 nm
0
18
PI_CONTACT_INFO: rweber@eas.gatech.edu
PLATFORM: NASA DC-8 aircraft
LOCATION: Aircraft location is given by the navigational file
ASSOCIATED_DATA: N/A
[...]
DATA_INFO: Samples collected by mist chamber were injected through 0.22 pore size syringe filter and then a 2.5 m path length LWCC, and light absorption was measured by Ocean Optics USB4000 spectrometer. Absorption from 300 to 700 nm were recorded. Absorption of pure solvent was subtracted from the sample. Raw absorption data were processed by the equation Abs=Raw*(Volume of liquid in the mist chamber)/(Volume of air collected at STP)/(Optical Path Length, 2.5m here)*ln(10). Data reported here were averaged over 20 nm wavelength intervals. i.e. absorption at 400 nm were average by absorption data between 390 nm to 410 nm. All data have been blank corrected by averaging all blank filter in this mission (2-3 blank filters per flight). Data are reported under STP, which is T=273K & p=1013 mb. When using the data, the absorption had better to corrected by higher wavelength, ie Abs700 for baseline drift. UNCERTAINTY: Data may have smearing issues. If we do not account for smearing or blank, the uncertainty is ~5%
UNCERTAINTY: Data may have smearing issues. If we do not account for smearing or blank, the uncertainty is ~5%
ULOD_FLAG: -7777
ULOD_VALUE: N/A
LLOD_FLAG: -8888
LLOD_VALUE: N/A
DM_CONTACT_INFO: lhzeng@gatech.edu
PROJECT_INFO: FIREX-AQ, 2019
STIPULATIONS_ON_USE: Use of these data require prior ok from PI.
OTHER_COMMENTS: N/A
REVISION: R0
RA: Preliminary Data.  For in-field use only.
Time_Start, Time_Stop, Time_Mid, WSAbs300, WSAbs320, WSAbs340, WSAbs360, WSAbs380, WSAbs400, WSAbs420, WSAbs440, WSAbs460, WSAbs480, WSAbs500, WSAbs520, WSAbs540, WSAbs560, WSAbs580, WSAbs600, WSAbs620, WSAbs640, WSAbs660, WSAbs680, WSAbs700, WSAbs365
[from data line 74]
87351,87501,87426,29.4953,24.2225,18.6582,14.4027,11.1633,9.11019,7.63992,6.92895,5.74544,5.18675,5.05204,4.62192,3.97063,3.77291,3.5309,3.177,3.16669,2.77229,2.83014,2.46594,1.95442,13.0873
87501,87651,87576,18.3715,9.26934,7.78577,4.93918,3.64579,2.69412,2.01085,1.52192,1.24348,0.985244,0.839063,0.694822,0.641109,0.484929,0.436253,0.428033,0.373186,0.263284,0.269996,0.221765,0.158684,4.46181
87652,87802,87727,17.6989,13.0019,11.9981,8.93743,7.77148,6.78838,5.58788,5.14869,4.52053,4.00951,3.69836,3.22946,3.3191,2.80765,2.64679,2.22954,2.21377,1.83797,1.9722,1.63185,0.897291,8.89966
87802,87952,87877,36.781,18.3746,13.8981,9.20962,6.68816,5.07396,4.0342,3.29507,2.68008,2.3552,2.1131,1.93194,1.80526,1.61657,1.51279,1.46084,1.40696,1.25753,1.27693,1.10743,1.1136,8.52224
87953,88103,88028,18.4447,13.88,10.6155,7.11173,5.62138,4.24614,3.40457,2.76961,2.49175,2.02317,1.90949,1.59741,1.55088,1.4036,1.2469,1.10803,1.11956,0.958391,0.958356,0.848144,0.72919,6.87262
88103,88253,88178,11.7197,7.64134,5.04329,3.76155,2.87051,2.17943,1.86089,1.42335,1.11693,0.96476,0.937116,0.711316,0.63125,0.50154,0.454045,0.320059,0.285459,0.162714,0.233184,0.149996,-0.0274641,3.51541
88254,88404,88329,5.07925,3.30104,2.89939,1.79764,1.19819,0.942284,0.605038,0.440954,0.302333,0.195359,0.134321,0.0167513,-0.0209175,-0.082744,-0.126107,-0.155941,-0.184332,-0.242548,-0.203187,-0.226635,-0.345557,1.61918
88406,88556,88481,6.49538,3.9303,2.53933,2.05272,1.62037,1.27045,1.08709,0.873932,0.702459,0.549188,0.547246,0.478446,0.24926,0.152544,0.164809,0.126003,0.0521343,-0.0381753,0.00365623,-0.0790771,-0.295797,1.99424
88556,88706,88631,15.6586,9.06946,6.6721,4.94095,3.72392,2.98004,2.42539,1.89616,1.58123,1.35784,1.40925,1.07066,1.03252,0.984193,0.816786,0.811865,0.712734,0.609502,0.631396,0.509106,0.428809,4.44765
88707,88857,88782,33.7549,23.3111,16.5515,10.2429,7.50558,5.77596,4.41051,3.48368,2.87936,2.37507,2.2547,2.00868,1.74389,1.63671,1.59813,1.51919,1.47148,1.31138,1.3384,1.21287,1.20237,9.45003
88857,89008,88932,29.5133,21.2013,19.7196,15.4607,13.284,11.5894,10.4777,9.10156,8.59295,8.01306,7.95112,7.20004,7.11668,6.27697,5.42922,5.6122,5.18166,4.3446,4.77163,4.07025,2.20336,14.9097
89008,89158,89083,7.62083,5.87799,4.28604,3.08831,2.57804,2.08156,1.6811,1.36135,1.21435,0.956567,0.902255,0.706996,0.664596,0.641128,0.471667,0.451891,0.401034,0.241666,0.263534,0.189671,-0.0780592,3.01503
89159,89309,89234,10.5976,8.88529,6.31384,4.65804,3.65453,3.03537,2.5559,2.17186,1.81408,1.53989,1.40915,1.37807,1.10492,0.961633,0.888606,0.876124,0.793943,0.6229,0.663069,0.522791,0.296967,4.39702
89309,89459,89384,10.2862,7.36614,5.17954,4.11458,3.43005,3.04816,2.63857,2.16674,1.87392,1.69955,1.6441,1.49987,1.30271,1.23446,1.07791,1.0565,0.860703,0.670866,0.725205,0.633302,0.238491,4.00467
89460,89610,89535,20.9161,13.2229,10.4326,7.50534,5.91834,4.68488,3.75233,3.29659,2.84022,2.4736,2.28031,2.06669,1.80818,1.63164,1.4895,1.39829,1.36074,1.16101,1.18884,1.07687,0.849401,6.80509
89610,89760,89685,12.3497,7.02025,4.36633,3.10299,2.46576,1.6976,1.2689,0.957444,0.752149,0.607414,0.515051,0.40374,0.324865,0.226872,0.231089,0.183158,0.133358,0.0450902,0.0723956,0.0441465,-0.0387268,2.99165
89761,89911,89836,5.17948,4.28377,2.77125,1.7174,1.18082,0.854322,0.612727,0.35117,0.188571,0.0864908,0.0164269,-0.0308586,-0.0385496,-0.105122,-0.154828,-0.204372,-0.209478,-0.238037,-0.228143,-0.273004,-0.319462,1.62636
89911,90061,89986,1.48067,0.513461,0.261248,0.0016533,-0.119364,-0.21797,-0.31207,-0.365329,-0.402772,-0.448678,-0.481065,-0.481911,-0.50632,-0.510934,-0.534853,-0.555229,-0.578442,-0.594529,-0.581239,-0.540703,-0.656303,-0.04167
90062,90212,90137,15.0155,6.79553,4.24093,2.54717,1.6111,0.972919,0.523703,0.275113,0.089067,-0.0363754,-0.0681131,-0.13503,-0.23338,-0.278491,-0.30093,-0.326897,-0.344444,-0.385385,-0.38581,-0.378532,-0.430905,2.15453
90212,90362,90287,-0.171121,-0.510365,-0.597422,-0.719694,-0.788972,-0.835107,-0.86748,-0.87099,-0.899939,-0.906971,-0.908679,-0.915872,-0.913441,-0.929759,-0.921723,-0.916502,-0.923436,-0.93441,-0.920815,-0.897502,-0.942373,-0.75638
90363,90513,90438,-0.150068,-0.361979,-0.459834,-0.622772,-0.694209,-0.755343,-0.809175,-0.84861,-0.878055,-0.882395,-0.894221,-0.894335,-0.92866,-0.924376,-0.948399,-0.943538,-0.942252,-0.958764,-0.943255,-0.857412,-0.983592,-0.643584
90513,90663,90588,0.178248,-0.239858,-0.367807,-0.531948,-0.600901,-0.651115,-0.687104,-0.714946,-0.742028,-0.756797,-0.761327,-0.776623,-0.776064,-0.785824,-0.783305,-0.780431,-0.791575,-0.792956,-0.799369,-0.798142,-0.806429,-0.552348
90664,90814,90739,16.0663,6.8439,4.91067,3.18623,2.2486,1.63177,1.21531,0.864706,0.609961,0.430071,0.393638,0.291575,0.230603,0.13127,0.109499,0.0573798,0.0312434,-0.0176029,0.00401971,-0.0339624,-0.079729,2.95883
90814,90964,90889,5.40479,3.39986,1.74606,1.08717,0.523172,0.237328,0.0340943,-0.0933562,-0.196006,-0.274396,-0.319525,-0.365793,-0.388067,-0.417927,-0.435792,-0.450557,-0.450851,-0.490436,-0.481825,-0.479783,-0.515997,0.887151
90965,91115,91040,1.03128,0.360292,0.325255,0.104135,-0.0489965,-0.140027,-0.20345,-0.271246,-0.313014,-0.349592,-0.334823,-0.380425,-0.429208,-0.424235,-0.469592,-0.493202,-0.502668,-0.556541,-0.552569,-0.521503,-0.665151,0.0539311
91115,91266,91190,4.8347,2.70934,1.46294,1.02065,0.771888,0.485465,0.303196,0.151448,0.0244228,-0.0559428,-0.114368,-0.190963,-0.197642,-0.243285,-0.254283,-0.279107,-0.300638,-0.352824,-0.349737,-0.359222,-0.435023,0.960675
91417,91567,91492,1.91767,1.12925,0.434588,0.0960581,-0.122438,-0.243349,-0.349665,-0.438375,-0.484081,-0.549983,-0.562114,-0.589222,-0.602154,-0.632396,-0.626417,-0.632118,-0.64813,-0.662892,-0.653969,-0.61089,-0.689132,0.0634728
91567,91718,91642,12.5433,6.97757,5.89438,3.8391,3.06384,2.54655,2.02267,1.61752,1.3434,1.1493,0.987273,0.850253,0.753162,0.685443,0.650517,0.600654,0.507089,0.433382,0.432652,0.390655,0.250731,3.74305
91718,91868,91793,2.99283,1.77711,1.52412,1.05849,0.789051,0.604113,0.415253,0.318734,0.233387,0.148327,0.124963,0.0983102,0.0209532,-0.0349232,-0.0777626,-0.0899279,-0.11116,-0.182746,-0.155813,-0.179055,-0.301867,0.978781
91869,92019,91944,29.8639,18.4669,15.8555,10.2539,7.87836,6.54446,4.94392,4.23671,3.517,2.86962,2.68958,2.45394,2.04006,2.01779,1.82246,1.63914,1.42136,1.23732,1.28104,1.0992,0.794404,9.71761
92019,92170,92094,30.6116,24.7582,18.515,13.1035,10.156,8.19351,6.85777,6.12141,5.13231,4.42992,4.38903,3.48259,3.32945,2.90398,2.8513,2.42349,2.31156,2.00386,2.08257,1.71419,1.24454,12.1678
92170,92320,92245,6.59712,4.44628,3.47055,2.65608,2.24031,1.89322,1.4292,1.24376,1.01001,0.836564,0.596817,0.726786,0.564369,0.405931,0.212604,0.160796,0.176223,-0.0386414,0.0627239,-0.019765,-0.372708,2.60896
92321,92471,92396,11.8773,7.88657,6.03331,4.65906,4.19313,3.22852,2.88537,2.39978,2.05583,1.78762,1.67739,1.71242,1.43103,1.35489,1.12014,0.922436,0.823997,0.639737,0.823314,0.641862,0.202207,4.63237
92471,92621,92546,111.894,50.628,36.7724,25.3231,18.8819,14.5413,12.2409,9.48941,8.42451,7.03399,7.00811,6.11934,5.6805,5.0465,4.77595,4.51566,4.42609,3.96647,4.03728,3.72853,3.54,23.321
92622,92772,92697,15.3376,9.38831,7.70189,5.18148,3.83536,3.10199,2.51709,1.9169,1.65536,1.39237,1.25052,0.97311,0.831993,0.852937,0.76035,0.592867,0.563961,0.332442,0.455829,0.315455,0.109639,4.75103
92772,92922,92847,21.4707,11.9675,9.26153,6.66809,5.53439,4.48182,3.57057,2.96731,2.35439,2.05846,1.7708,1.80384,1.59893,1.24389,1.19312,1.12554,1.05077,0.84374,0.904189,0.779887,0.568823,6.52312
92923,93073,92998,10.726,5.04084,2.97964,1.66339,1.11648,0.606313,0.340609,0.169432,0.0569387,-0.0498433,-0.115441,-0.138009,-0.198368,-0.219814,-0.234537,-0.247604,-0.262068,-0.292284,-0.27181,-0.321052,-0.324397,1.48296
93074,93224,93149,16.3758,10.5747,8.95964,6.39266,5.12565,4.16075,3.49888,3.0588,2.5894,2.24272,2.28559,2.099,1.65,1.65731,1.48372,1.3848,1.23637,1.1014,1.1725,0.991273,0.70301,6.03493
93224,93374,93299,7.04745,3.53853,2.6466,1.52166,1.04496,0.695571,0.47641,0.32381,0.198178,0.0888536,0.0886755,-0.0241018,-0.0306191,-0.0646405,-0.0888944,-0.105519,-0.135913,-0.168901,-0.158296,-0.168229,-0.223567,1.44871
93375,93525,93450,8.16388,4.91421,4.11336,2.86519,2.13342,1.81214,1.43877,1.19637,1.05745,0.885796,0.793358,0.592813,0.487359,0.418652,0.369254,0.382905,0.246553,0.141105,0.177983,0.136143,-0.108529,2.63183
93525,93675,93600,29.9835,16.9594,13.072,10.7979,9.05894,7.10739,6.49105,5.23467,4.64221,4.24443,3.81377,3.35516,3.44031,3.16075,2.887,2.65746,2.37626,1.89695,2.07378,1.86075,1.17591,10.0432
93676,93826,93751,30.6417,15.5794,9.30913,7.28999,5.3036,4.00732,3.1543,2.46687,1.99494,1.64267,1.58341,1.2353,1.17786,0.94126,0.945207,0.80101,0.760159,0.665132,0.68443,0.577525,0.487085,6.51809
93827,93977,93902,9.74357,8.56809,5.26286,3.69665,2.87069,2.07666,1.57913,1.18668,0.916256,0.730713,0.71822,0.528973,0.424971,0.366578,0.293475,0.251491,0.16975,0.120171,0.131236,0.0713245,-0.0179152,3.50243
93977,94127,94052,24.608,14.0306,11.9658,9.53924,7.3835,6.3167,5.34949,4.31391,3.75542,3.21221,3.39743,2.60276,2.33122,2.13007,2.05544,1.9319,1.84766,1.51167,1.55781,1.37786,0.909316,8.70346
94128,94278,94203,35.3612,22.5377,16.6887,13.873,11.0116,8.45604,7.15056,6.11772,5.13881,4.69868,4.611,3.69472,3.54427,3.28409,3.16713,2.83377,2.82192,2.39233,2.45778,2.2133,1.79722,12.5631
94278,94428,94353,15.038,10.1009,7.59206,6.06563,4.74841,3.72164,3.19905,2.6316,2.23798,1.85003,1.76532,1.42254,1.44927,1.18535,1.17232,1.10577,0.991936,0.757773,0.823389,0.690553,0.502645,5.52909
94429,94579,94504,11.2644,5.4848,4.35212,3.397,2.77006,2.3226,1.77456,1.50693,1.29402,1.12775,0.994727,0.767995,0.777302,0.667526,0.582725,0.499842,0.472714,0.306108,0.315214,0.237118,-0.00891357,3.22671
94579,94729,94654,35.4175,22.9315,16.2776,11.4019,8.16663,6.3252,5.0362,3.9962,3.24993,2.82764,2.61151,2.44251,2.14132,2.04219,1.96223,1.86138,1.7425,1.64991,1.68082,1.58055,1.49416,10.3097
94730,94880,94805,44.3194,33.5449,23.7159,14.7596,10.7934,8.8144,6.90701,5.49623,4.77551,4.04313,3.71618,3.33982,3.24312,3.00428,2.90662,2.7379,2.66183,2.48791,2.52709,2.24103,2.31767,14.097
94880,95030,94955,14.0577,11.5174,9.7878,7.08627,5.49927,4.85656,4.05643,3.23374,2.77333,2.46668,2.43882,2.0533,1.79832,1.751,1.56857,1.53604,1.36818,1.22718,1.24582,1.07157,0.81489,6.68383
95031,95181,95106,9.16568,6.44776,5.52158,4.32065,3.64765,3.14643,2.60152,2.17228,1.96225,1.74452,1.55135,1.40762,1.22241,1.10314,1.1875,1.05249,0.934971,0.739767,0.732061,0.629424,0.276257,4.19732
95182,95332,95257,21.434,17.8412,12.433,8.39884,6.12766,4.86594,3.81492,3.24236,2.81623,2.3727,2.18711,2.05433,1.80797,1.69044,1.55526,1.48085,1.42194,1.23624,1.31392,1.12899,1.07222,7.78254
95332,95482,95407,46.8058,31.1359,22.433,17.8403,14.9492,13.7731,12.0182,10.0964,9.52522,8.31914,8.6345,7.02872,7.26965,6.58748,6.04227,5.2653,5.19391,4.55324,4.99272,4.12064,2.9142,17.5029
95483,95633,95558,37.1704,22.3764,20.4101,15.7981,12.8215,11.2643,9.35658,8.02925,7.15205,6.34148,6.04693,5.41901,5.6375,5.03582,4.3756,4.10527,4.13888,3.61098,3.83368,3.22048,2.5113,14.8211
95633,95783,95708,10.4596,10.3475,8.41882,6.49698,5.67988,4.86209,4.27981,3.56724,3.07862,2.7293,2.63087,2.53103,2.17871,2.01251,1.88995,1.85964,1.45947,1.34858,1.42501,1.13286,0.432436,6.21295
95784,95934,95859,40.8262,23.8217,15.737,9.78679,7.28641,5.49731,4.53248,3.60382,3.06199,2.65946,2.45405,2.10107,1.97608,1.90979,1.72647,1.637,1.58808,1.46768,1.49656,1.3714,1.33132,9.29279
95934,96085,96010,45.687,29.4447,21.1601,18.8974,16.7741,15.1601,12.5626,11.6564,10.5412,9.53373,8.9684,8.28374,7.7371,7.42159,7.04986,6.8161,6.83163,5.27379,5.60677,5.12421,3.00194,18.3492
96085,96235,96160,47.1992,25.2321,21.7168,18.0836,14.9378,12.9236,11.2305,9.47998,8.46683,7.60981,6.98383,7.15387,5.7979,5.88535,5.07456,4.90355,4.52511,4.2252,4.30694,3.78323,2.82755,16.7672
96236,96386,96311,24.6565,19.5193,13.3844,9.17645,6.46492,5.09987,4.08076,3.24976,2.74031,2.29154,2.17231,1.92343,1.74247,1.53949,1.51555,1.41347,1.36683,1.20384,1.25077,1.08164,1.04279,8.3158
96386,96536,96461,26.8242,16.3764,12.7923,9.20795,7.79682,6.47025,5.69262,4.90355,4.27358,3.65809,3.52171,3.15266,2.77177,2.84013,2.64518,2.30767,2.28529,1.92292,2.085,1.80559,1.32031,8.9941
96537,96687,96612,37.7574,18.748,12.5894,8.44892,5.95618,4.65923,3.61609,2.86074,2.50325,2.09785,1.83704,1.80297,1.52912,1.42391,1.34748,1.32369,1.25097,1.16252,1.20868,1.0008,1.05899,7.74827
96687,96837,96762,49.1988,31.9572,29.5895,20.5125,17.0677,14.2752,12.3168,10.7472,9.20279,8.53815,7.63219,7.83061,6.88633,6.21654,6.09852,5.49201,5.29944,4.80751,4.91974,4.40178,3.65546,20.2281
96838,96988,96913,23.7097,14.6941,12.2298,9.21277,7.89941,6.76408,6.06,5.23735,4.71624,4.23426,4.34565,3.53706,3.38438,2.95851,3.00157,2.79223,2.60922,2.12588,2.33084,1.9704,1.19357,9.16842
96989,97139,97064,30.7735,19.0465,13.0704,9.83177,7.49222,6.3056,5.43619,4.46687,3.88228,3.40157,2.98146,2.77023,2.70959,2.3983,2.07955,1.92612,1.85778,1.64892,1.68686,1.55638,1.21244,9.11542
97139,97289,97214,17.0735,11.8045,10.1185,7.37442,6.32748,5.40064,4.6711,4.2716,3.61931,3.20578,3.49726,3.02101,2.86304,2.39827,2.36201,2.10718,1.95366,1.69317,1.63568,1.48404,0.853261,7.36267
97290,97440,97365,53.4224,30.4242,23.7837,20.122,17.8856,14.9442,13.0167,11.4447,10.4822,9.2142,8.68591,8.83929,8.1907,7.50955,6.67557,6.06237,6.01107,4.88698,5.13154,4.77737,3.22354,19.5438
97440,97590,97515,33.3593,17.2383,17.3556,12.9393,11.2068,9.20354,8.71497,7.17793,6.54113,5.96328,6.02674,4.99441,5.15581,4.62178,4.39523,4.10434,3.88343,3.01001,3.21787,2.83899,1.74936,12.4663
97591,97741,97666,43.0028,21.5207,13.8457,10.9127,8.88569,7.01144,5.96684,4.91544,4.31165,3.75514,3.28298,3.04473,2.97061,2.6077,2.49151,2.31351,2.2207,1.93776,2.08996,1.81629,1.61758,10.4967
97741,97891,97816,13.7481,8.31713,7.47135,5.24366,4.2492,3.59482,3.02705,2.74308,2.35983,2.03523,1.76962,1.76813,1.43086,1.23751,1.32332,1.18205,1.07611,0.794912,0.911427,0.743538,0.319853,5.07442
97892,98042,97967,15.9996,8.63179,7.6855,5.57437,4.30626,3.74487,3.02416,2.51886,2.21328,1.95291,1.7991,1.66233,1.47619,1.3057,1.12869,1.06037,0.961295,0.815185,0.923671,0.772707,0.549501,5.147
98042,98192,98117,5.3879,3.87825,2.61653,1.63416,1.02632,0.70602,0.431982,0.223733,0.0614034,-0.0388153,-0.0355519,-0.182436,-0.228528,-0.256255,-0.257899,-0.299681,-0.326145,-0.373171,-0.372835,-0.353294,-0.440141,1.46373
98193,98343,98268,5.56258,3.90667,2.69472,1.90364,1.25775,0.781372,0.501221,0.309687,0.164162,0.0571057,0.0452591,-0.0834625,-0.116308,-0.193096,-0.225576,-0.247922,-0.259897,-0.344251,-0.319174,-0.336164,-0.410195,1.6297
98343,98493,98418,2.48326,1.62893,1.52781,1.03044,0.804517,0.572816,0.419732,0.281919,0.187178,0.10022,0.15395,0.0229713,-0.0708842,-0.0273353,-0.0665358,-0.126178,-0.205669,-0.260399,-0.243368,-0.237044,-0.48603,0.902628
98494,98644,98569,4.1357,2.2271,1.91035,1.06897,0.751523,0.553476,0.377696,0.22415,0.0811175,-0.0132499,-0.0939386,-0.133235,-0.131673,-0.19965,-0.244751,-0.284218,-0.288302,-0.371036,-0.351297,-0.360514,-0.481756,1.01476
98644,98794,98719,9.21968,4.29076,2.70476,1.7224,0.952582,0.523502,0.275074,0.0975066,-0.0762679,-0.148879,-0.228051,-0.246971,-0.33324,-0.37971,-0.396617,-0.405648,-0.407149,-0.461293,-0.448117,-0.446779,-0.496495,1.4322
98795,98945,98870,20.6881,10.8736,8.62808,7.4256,6.03173,5.09124,4.21442,3.80628,3.19218,2.90687,2.69405,2.67742,2.28781,2.11841,1.95229,1.75322,1.5645,1.26796,1.43961,1.18723,0.678153,6.85688
98946,99096,99021,1.38642,0.203845,0.13433,-0.0949633,-0.214895,-0.28772,-0.348875,-0.418132,-0.470578,-0.502206,-0.508757,-0.510691,-0.57511,-0.570663,-0.579198,-0.610282,-0.646395,-0.643959,-0.66191,-0.662164,-0.741996,-0.106
