Data/Raw/YANG,MELISSA/FIREXAQ-MetNav_DC8_20190819_R0.ict
76, 1001
Project Office
NSRC - National Suborbital Research Center
N817NA Meteorological and Navigation Facility Instrumentation
FIREX-AQ
1,1
2019,08,19,2020,02,28
1
Time_Start, seconds (from midnight UTC)
35
1,1,1,1,1,1,1,1,1,1,1,1,1,1,1,1,1,1,1,1,1,1,1,1,1,1,1,1,1,1,1,1,1,1,1
-9999,-9999,-9999,-9999,-9999,-9999,-9999,-9999,-9999,-9999,-9999,-9999,-9999,-9999,-9999,-9999,-9999,-9999,-9999,-9999,-9999,-9999,-9999,-9999,-9999,-9999,-9999,-9999,-9999,-9999,-9999,-9999,-9999,-9999,-9999
Day_Of_Year, day, None, calendar day beginning January 1
Latitude, deg, Platform_Latitude_InSitu_None
Longitude, deg, Platform_Longitude_InSitu_None
MSL_GPS_Altitude, m, Platform_AltitudeMSL_InSitu_None
HAE_GPS_Altitude, m, Platform_AltitudeEllipsoid_InSitu_None, reference WGS-84
Pressure_Altitude, ft, Platform_AltitudePressure_InSitu_None
Radar_Altitude, ft, Platform_AltitudeAGL_InSitu_None
Ground_Speed, m/s, Platform_GroundSpeed_InSitu_None
True_Air_Speed, kts, Platform_AircraftTrueAirSpeed_InSitu_None
Indicated_Air_Speed, kts, Platform_AircraftIndicatedAirSpeed_InSitu_None
Mach_Number, mach, None
Vertical_Speed, m/s, None
True_Heading, deg 0-360, Platform_HeadingTrue_InSitu_None, cw from +y
Track_Angle, deg 0-360, Platform_TrackAngle_InSitu_None, cw from +y
Drift_Angle, deg +-180, Platform_DriftAngle_InSitu_None, cw from +y
Pitch_Angle, deg +-180, Platform_PitchAngle_InSitu_None, up+
Roll_Angle, deg +-180, Platform_RollAngle_InSitu_None, rt+
Static_Air_Temp, degrees Celcius, Met_StaticAirTemperature_InSitu_None
Potential_Temp, Kelvin, Met_PotentialTemperature_InSitu_None
Dew_Point, degrees Celcius, Met_DewPoint_InSitu_None
Total_Air_Temp, degrees Celcius, None
IR_Surf_Temp, degrees Celcius, Met_SufaceTemperature_InSitu_None
Static_Pressure, hPa, Met_StaticPressure_InSitu_None
Cabin_Pressure, hPa, None
Wind_Speed, m/s, Met_WindSpeed_InSitu_None, limited to where Roll_Angle does not exceed 5 degrees
Wind_Direction, deg 0-360 cw from +y, Met_WindDirection_InSitu_None, limited to where Roll_Angle does not exceed 5 degrees
Solar_Zenith_Angle, deg, Platform_SolarZenithAngle_InSitu_None
Aircraft_Sun_Elevation, deg, None
Sun_Azimuth, deg, Platform_SolarAzimuthAngle_InSitu_None
Aircraft_Sun_Azimuth, deg, None
Mixing_Ratio, g/kg, Met_H2OMR_InSitu_None
Part_Press_Water_Vapor, hPa, Met_PartialPressureH2O_InSitu_None
Sat_Vapor_Press_H2O, hPa, Met_SatVaporPressureH2OWater_InSitu_None
Sat_Vapor_Press_Ice, hPa, Met_SatVaporPressureH2OIce_InSitu_None
Relative_Humidity, percent, Met_RelativeHumidityWater_InSitu_None
0
27
PI_CONTACT_INFO: Melissa Yang Martin, m.yang@baeri.org 
Platform: NASA DC-8 N817NA
LOCATION: Included in data records
ASSOCIATED_DATA: This flight represents FIREX-AQ Transit Flight from Boise, ID. to Salina, KS. See FIREX-AQ archive on Langley archive at https://www-air.larc.nasa.gov/missions/firex-aq/index.html
INSTRUMENT_INFO: 
	Position, attitude, ground speed, and vertical speed from LN251
	Wind_Speed and Wind_Direction calculated from LN251, Aircraft Data System-85
	Radar_Altitude from APN-232
	Total_Air_Temperature from Rosemount 102 type non-deiced with Laurels LTE signal conditioner
	IR_Surface_Temp from KT-19.85II
        Cabin_Pressure from MKS Baratron 220D
	Dew_Point and calculated water vapor parameters from Buck Hygrometer 1011-C
[...]
LLOD_FLAG:-8888
LLOD_VALUE:0,-90,-180,N/A,N/A,-1871,0,0,0,0,0,-104.04,0,0,-180,-180,-180,-99,N/A,-60,-60,-50,N/A,0.66,0,0,N/A,N/A,N/A,N/A,N/A,N/A,N/A,N/A,N/A
DM_CONTACT_INFO: Ryan Bennett, r.bennett@baeri.org
PROJECT_INFO: N/A
STIPULATIONS_ON_USE: Please contact PI or DM with questions on best use practices and instrumentation caveats that are not explicitly published here.
OTHER_COMMENTS: Wind Speed and Wind Direction flagged where Roll_Angle exceeds 5 degrees. Few segments of Dew_Point and associated water vapor calculations may be flagged due to instrument dew point overshoots on aircraft descent due to condensation within the probe. Potential_Temp derived from Static_Air_Temp and Static_Pressure.
REVISION: R0
R0: R0: Public release data with limits of detection and instrument calibrations applied to Total_Air_Temp (follows through to reduction to Static_Air_Temp and calculation of Potential_Temp), and Cabin_Pressure.
RA: Preliminary field data with limits of detection applied.
Time_Start,Day_Of_Year,Latitude,Longitude,MSL_GPS_Altitude,HAE_GPS_Altitude,Pressure_Altitude,Radar_Altitude,Ground_Speed,True_Air_Speed,Indicated_Air_Speed,Mach_Number,Vertical_Speed,True_Heading,Track_Angle,Drift_Angle,Pitch_Angle,Roll_Angle,Static_Air_Temp,Potential_Temp,Dew_Point,Total_Air_Temp,IR_Surf_Temp,Static_Pressure,Cabin_Pressure,Wind_Speed,Wind_Direction,Solar_Zenith_Angle,Aircraft_Sun_Elevation,Sun_Azimuth,Aircraft_Sun_Azimuth,Mixing_Ratio,Part_Press_Water_Vapor,Sat_Vapor_Press_H2O,Sat_Vapor_Press_Ice,Relative_Humidity
[from data line 6821]
71170,231,39.3279107,-98.7291703,4606,4579.6,14134,13394.5,160.89,295.75,232.81,0.456,1.8,96.90,97.91,1.0,3.85,0.58,3.59,321.5,-5.5,15.1,31.3,592.05,1001.8,9.2,294.9,30.4,63.0,-146.6,112.6,4.34,4.10,7.98,8.28,51.35
71171,231,39.3277096,-98.7273317,4610,4582.9,14144,13356.0,160.57,295.06,232.19,0.455,2.4,96.83,97.94,1.1,3.64,2.66,3.54,321.5,-5.5,15.0,31.4,591.82,1001.4,9.3,296.5,30.4,64.8,-146.6,114.6,4.34,4.10,7.96,8.24,51.57
71172,231,39.3275039,-98.7254965,4613,4585.9,14155,13368.5,160.25,294.56,231.69,0.455,2.7,96.92,97.98,1.2,3.47,4.56,3.53,321.5,-5.5,15.0,31.5,591.56,1001.4,9.2,295.9,30.4,66.1,-146.5,116.0,4.35,4.11,7.95,8.24,51.71
71173,231,39.3272919,-98.7236654,4615,4588.4,14164,13333.5,159.73,294.00,231.25,0.454,2.8,97.25,98.31,1.3,3.38,6.03,3.52,321.5,-5.5,14.9,31.7,591.34,1001.4,-9999,-9999,30.5,67.2,-146.5,117.2,4.36,4.11,7.95,8.23,51.77
71174,231,39.3270719,-98.7218388,4617,4590.5,14172,13292.5,159.73,293.50,230.81,0.453,2.8,97.76,98.31,1.0,3.24,7.38,3.51,321.5,-5.5,14.9,31.9,591.15,1001.3,-9999,-9999,30.5,68.4,-146.5,118.6,4.36,4.11,7.94,8.22,51.82
71175,231,39.3268422,-98.7200156,4619,4591.9,14179,13305.0,159.54,293.31,230.69,0.453,2.5,98.35,98.62,0.7,2.98,8.88,3.47,321.5,-5.5,14.8,32.3,590.99,1001.6,-9999,-9999,30.5,70.1,-146.5,121.4,4.36,4.12,7.92,8.20,51.98
71176,231,39.3265998,-98.7181965,4619,4592.4,14184,13292.5,159.35,293.12,230.50,0.452,2.1,99.01,99.01,0.5,2.54,11.11,3.44,321.5,-5.5,14.8,32.7,590.87,1001.6,-9999,-9999,30.5,71.5,-146.5,124.0,4.37,4.12,7.90,8.18,52.13
71177,231,39.3263414,-98.7163819,4619,4592.1,14185,13293.5,159.22,293.06,230.44,0.452,1.5,99.87,99.49,0.3,2.29,12.79,3.44,321.5,-5.4,14.8,33.1,590.85,1001.4,-9999,-9999,30.5,72.9,-146.5,125.3,4.37,4.12,7.90,8.18,52.17
71178,231,39.3260629,-98.7145725,4619,4591.6,14183,13297.0,159.09,293.25,230.62,0.453,0.7,101.00,100.06,0.0,2.41,14.35,3.43,321.5,-5.4,14.8,33.4,590.89,1001.3,-9999,-9999,30.5,74.1,-146.5,124.0,4.37,4.12,7.89,8.17,52.22
71179,231,39.3257627,-98.7127700,4619,4591.4,14182,13313.5,159.03,293.12,230.56,0.453,0.1,102.26,101.63,0.4,2.87,15.21,3.43,321.5,-5.4,14.8,33.6,590.92,1001.4,-9999,-9999,30.5,74.9,-146.5,122.0,4.37,4.12,7.90,8.17,52.23
71180,231,39.3254390,-98.7109766,4620,4591.8,14182,13334.0,159.03,293.19,230.62,0.453,0.0,103.57,101.62,-0.9,3.13,15.90,3.43,321.5,-5.4,14.8,33.6,590.92,1001.5,-9999,-9999,30.5,76.3,-146.5,121.7,4.38,4.13,7.89,8.17,52.31
71181,231,39.3250889,-98.7091936,4621,4592.8,14183,13345.5,158.90,292.75,230.25,0.452,0.0,104.83,102.58,-1.3,3.36,17.48,3.41,321.5,-5.4,14.7,33.6,590.89,1001.4,-9999,-9999,30.5,78.3,-146.4,122.8,4.38,4.13,7.89,8.16,52.43
71182,231,39.3247096,-98.7074231,4622,4594.4,14187,13355.0,158.71,292.44,230.00,0.451,0.4,106.09,103.65,-1.5,3.66,19.47,3.39,321.5,-5.4,14.7,33.5,590.80,1001.9,-9999,-9999,30.5,78.8,-146.4,118.7,4.39,4.14,7.87,8.15,52.58
71183,231,39.3243005,-98.7056670,4624,4596.5,14192,13369.5,158.51,292.12,229.69,0.451,0.8,107.49,104.84,-1.5,3.99,19.14,3.37,321.5,-5.4,14.6,33.4,590.68,1001.6,-9999,-9999,30.5,78.0,-146.4,112.5,4.39,4.14,7.86,8.13,52.61
71184,231,39.3238639,-98.7039258,4627,4599.1,14199,13394.5,158.26,291.25,229.00,0.450,1.3,108.90,106.06,-1.7,4.05,18.23,3.38,321.5,-5.4,14.6,33.3,590.51,1001.4,-9999,-9999,30.5,78.0,-146.4,109.4,4.37,4.12,7.87,8.14,52.38
71185,231,39.3234021,-98.7021995,4630,4601.9,14206,13406.0,157.68,290.56,228.38,0.449,1.7,110.14,108.49,-0.7,3.97,18.39,3.34,321.5,-5.5,14.5,33.2,590.35,1001.7,-9999,-9999,30.5,78.7,-146.4,107.2,4.36,4.11,7.84,8.11,52.39
71186,231,39.3229134,-98.7004892,4633,4604.9,14215,13430.0,157.74,290.25,228.12,0.448,2.0,111.39,108.46,-2.0,4.02,19.06,3.31,321.5,-5.5,14.4,33.1,590.14,1001.8,-9999,-9999,30.5,79.5,-146.4,104.3,4.35,4.09,7.83,8.09,52.30
71187,231,39.3223971,-98.6987967,4636,4608.0,14224,13449.0,157.29,289.81,227.69,0.447,2.4,112.67,109.62,-2.0,4.18,19.85,3.25,321.4,-5.6,14.3,32.9,589.92,1001.8,-9999,-9999,30.5,80.5,-146.4,101.0,4.33,4.08,7.79,8.05,52.36
71188,231,39.3218523,-98.6971242,4639,4611.4,14234,13457.5,157.03,289.12,227.06,0.446,2.6,114.07,110.85,-2.1,4.36,20.79,3.25,321.5,-5.6,14.3,32.6,589.69,1001.4,-9999,-9999,30.5,80.6,-146.4,95.5,4.32,4.06,7.80,8.05,52.14
71189,231,39.3212782,-98.6954724,4643,4614.9,14244,13465.5,156.65,288.19,226.19,0.445,2.8,115.46,112.16,-2.2,4.56,20.56,3.22,321.5,-5.7,14.2,32.3,589.45,1001.8,-9999,-9999,30.5,79.2,-146.4,91.5,4.31,4.05,7.78,8.03,52.10
71190,231,39.3206788,-98.6938412,4646,4618.6,14255,13487.5,156.26,287.38,225.62,0.444,3.1,116.87,113.47,-2.3,4.41,19.10,3.23,321.5,-5.7,14.1,31.8,589.19,1001.6,-9999,-9999,30.5,77.1,-146.4,88.8,4.30,4.05,7.78,8.04,52.00
71191,231,39.3200566,-98.6922283,4650,4622.3,14266,13500.5,155.49,286.75,225.00,0.443,3.1,118.36,115.91,-1.3,4.27,17.00,3.18,321.5,-5.7,14.0,31.6,588.93,1001.5,-9999,-9999,30.5,74.9,-146.3,85.1,4.31,4.05,7.76,8.01,52.24
71192,231,39.3194143,-98.6906349,4654,4626.5,14278,13520.0,155.56,286.00,224.38,0.442,3.3,119.72,115.87,-2.8,4.62,15.05,3.14,321.5,-5.6,13.9,31.6,588.65,1001.4,-9999,-9999,30.5,73.3,-146.3,82.1,4.32,4.06,7.73,7.98,52.49
71193,231,39.3187531,-98.6890598,4659,4631.3,14293,13548.5,155.10,285.12,223.62,0.440,3.7,120.72,116.94,-3.0,4.87,13.68,3.11,321.5,-5.6,13.8,31.9,588.29,1001.7,-9999,-9999,30.5,72.1,-146.3,81.1,4.33,4.07,7.72,7.96,52.69
71194,231,39.3180770,-98.6875014,4664,4636.2,14306,13559.5,154.65,284.44,222.94,0.439,3.9,121.46,117.97,-2.9,4.78,12.68,3.06,321.5,-5.6,13.7,32.4,587.99,1001.6,-9999,-9999,30.5,71.1,-146.3,81.2,4.34,4.07,7.69,7.93,52.99
71195,231,39.3173866,-98.6859590,4669,4640.9,14319,13574.0,154.20,283.38,222.06,0.438,4.0,122.09,118.87,-2.7,4.52,11.68,3.04,321.5,-5.6,13.6,33.0,587.68,1001.8,-9999,-9999,30.5,69.9,-146.3,81.3,4.36,4.09,7.68,7.92,53.22
71196,231,39.3166830,-98.6844303,4674,4645.1,14332,13588.0,153.82,282.25,221.12,0.436,4.0,122.68,119.67,-2.5,4.35,10.49,3.02,321.6,-5.5,13.5,33.7,587.38,1001.6,-9999,-9999,30.5,67.5,-146.3,81.8,4.37,4.10,7.67,7.91,53.41
71197,231,39.3159703,-98.6829137,4677,4648.9,14345,13609.0,153.05,281.56,220.56,0.435,4.0,123.32,120.95,-1.9,4.25,7.62,2.97,321.5,-5.5,13.4,34.1,587.07,1001.9,-9999,-9999,30.5,63.6,-146.3,82.4,4.38,4.10,7.64,7.87,53.69
71198,231,39.3152524,-98.6814051,4681,4652.5,14358,13628.5,153.11,281.38,220.44,0.435,3.9,123.87,120.92,-2.5,4.28,3.85,2.93,321.6,-5.5,13.4,34.2,586.76,1001.7,11.3,259.9,30.5,61.4,-146.3,82.7,4.38,4.11,7.62,7.85,53.88
71199,231,39.3145333,-98.6799011,4684,4655.7,14370,13654.5,152.73,281.12,220.12,0.434,3.9,124.03,121.34,-2.6,4.13,2.16,2.90,321.6,-5.5,13.3,34.0,586.48,1001.8,10.7,262.0,30.5,61.4,-146.3,83.1,4.38,4.10,7.60,7.83,53.98
71200,231,39.3138114,-98.6784028,4687,4658.4,14380,13668.5,152.47,280.75,219.88,0.434,3.6,123.84,121.63,-2.4,3.79,2.36,2.87,321.6,-5.5,13.3,33.6,586.25,1001.6,9.9,267.3,30.5,61.4,-146.2,83.7,4.38,4.10,7.59,7.81,53.98
71201,231,39.3130877,-98.6769091,4689,4660.6,14387,13683.5,152.15,280.25,219.50,0.433,3.0,123.61,121.81,-2.0,3.62,2.00,2.86,321.6,-5.5,13.2,33.2,586.08,1001.9,9.2,272.5,30.5,60.4,-146.2,84.6,4.37,4.09,7.58,7.80,53.98
71202,231,39.3123624,-98.6754189,4690,4662.1,14394,13703.5,151.95,279.94,219.19,0.433,2.5,123.46,121.94,-1.6,3.42,1.10,2.83,321.6,-5.5,13.2,32.7,585.92,1001.7,8.9,276.4,30.5,59.8,-146.2,85.2,4.38,4.09,7.57,7.79,54.09
71203,231,39.3116370,-98.6739303,4692,4663.2,14400,13713.0,151.63,279.31,218.62,0.432,2.3,123.30,122.12,-1.3,3.24,0.40,2.83,321.6,-5.5,13.1,32.5,585.78,1001.6,8.5,281.7,30.5,59.0,-146.2,85.8,4.38,4.10,7.57,7.79,54.17
71204,231,39.3109116,-98.6724424,4693,4663.8,14404,13719.5,151.63,278.88,218.31,0.431,1.9,123.13,122.11,-1.2,3.05,-0.38,2.81,321.6,-5.5,13.1,32.4,585.68,1001.7,8.6,284.7,30.5,58.8,-146.2,86.2,4.39,4.10,7.56,7.78,54.30
71205,231,39.3101874,-98.6709544,4693,4664.1,14406,13726.5,151.57,278.88,218.25,0.431,1.3,122.94,122.12,-1.0,3.04,-0.44,2.81,321.6,-5.5,13.1,32.4,585.64,1001.9,8.4,287.9,30.5,59.0,-146.2,85.7,4.39,4.11,7.56,7.78,54.35
71206,231,39.3094643,-98.6694670,4694,4664.9,14407,13734.5,151.44,278.88,218.25,0.431,0.9,122.76,122.09,-0.8,3.47,-0.33,2.81,321.6,-5.5,13.1,32.4,585.61,1001.4,8.2,290.3,30.5,58.4,-146.2,84.9,4.39,4.11,7.56,7.78,54.36
71207,231,39.3087441,-98.6679802,4696,4666.8,14411,13739.0,151.38,278.50,217.94,0.430,0.8,122.63,122.05,-0.7,4.20,-0.93,2.79,321.6,-5.5,13.0,32.3,585.52,1001.6,8.2,291.8,30.5,57.5,-146.2,84.1,4.39,4.10,7.55,7.76,54.39
71208,231,39.3080285,-98.6664933,4698,4669.9,14417,13750.0,151.25,277.81,217.38,0.429,1.1,122.53,121.97,-0.6,4.83,-1.84,2.74,321.6,-5.5,12.9,32.2,585.38,1001.5,8.5,292.5,30.5,57.0,-146.2,83.6,4.39,4.10,7.52,7.73,54.57
71209,231,39.3073192,-98.6650077,4702,4673.9,14428,13764.0,150.67,277.00,216.69,0.428,1.9,122.35,121.71,-0.8,5.27,-2.13,2.75,321.6,-5.5,12.9,32.2,585.12,1001.6,8.3,290.6,30.5,57.5,-146.2,83.6,4.40,4.11,7.52,7.74,54.60
71210,231,39.3066139,-98.6635231,4706,4678.3,14439,13779.0,150.67,276.25,216.06,0.427,2.6,122.09,121.70,-0.6,5.15,-1.43,2.71,321.6,-5.5,12.8,32.5,584.86,1001.7,8.6,295.3,30.5,58.4,-146.1,84.9,4.40,4.11,7.50,7.71,54.82
71211,231,39.3059114,-98.6620403,4710,4681.7,14451,13790.5,150.35,275.69,215.62,0.426,3.0,121.87,121.55,-0.5,4.26,-0.78,2.65,321.6,-5.5,12.7,33.2,584.58,1001.8,8.6,296.3,30.5,58.4,-146.1,87.2,4.40,4.11,7.47,7.67,55.02
71212,231,39.3052101,-98.6605575,4711,4683.3,14459,13791.5,150.09,275.50,215.44,0.426,3.1,121.78,121.43,-0.4,3.02,-0.99,2.61,321.6,-5.5,12.6,34.1,584.39,1001.6,8.4,295.6,30.5,58.2,-146.1,88.9,4.40,4.10,7.45,7.65,55.08
71213,231,39.3045111,-98.6590724,4711,4682.8,14463,13790.5,149.83,275.62,215.50,0.426,2.5,121.78,121.34,-0.4,2.08,-1.12,2.60,321.6,-5.5,12.6,35.2,584.30,1001.8,8.1,293.7,30.5,58.8,-146.1,90.1,4.39,4.10,7.44,7.64,55.05
71214,231,39.3038127,-98.6575850,4709,4680.3,14462,13789.5,149.83,276.00,215.81,0.427,1.5,121.78,121.27,-0.5,1.36,-0.42,2.62,321.6,-5.5,12.7,36.6,584.32,1001.6,8.0,292.0,30.5,59.8,-146.1,91.3,4.39,4.10,7.45,7.66,54.96
71215,231,39.3031131,-98.6560953,4706,4675.9,14455,13803.0,150.02,276.56,216.38,0.428,0.1,121.79,121.18,-0.6,0.60,0.64,2.62,321.6,-5.5,12.7,37.6,584.49,1001.8,7.9,290.1,30.5,60.5,-146.1,92.9,4.38,4.09,7.46,7.66,54.88
71216,231,39.3024118,-98.6546033,4699,4669.4,14441,13795.5,150.09,277.31,217.06,0.429,-1.5,121.88,121.17,-0.6,-0.24,1.18,2.72,321.6,-5.6,12.9,38.4,584.81,1001.7,7.6,287.9,30.5,60.6,-146.1,94.3,4.38,4.09,7.51,7.72,54.45
71217,231,39.3017076,-98.6531079,4691,4660.9,14421,13748.5,150.28,278.12,217.81,0.430,-3.3,122.05,121.19,-0.7,-1.09,1.27,2.80,321.6,-5.6,13.0,39.1,585.28,1001.8,7.5,284.7,30.5,60.4,-146.1,95.3,4.37,4.08,7.55,7.77,54.06
71218,231,39.3009989,-98.6516079,4682,4651.0,14394,13713.5,150.67,279.50,219.00,0.432,-5.1,122.23,121.22,-0.9,-1.65,1.14,2.85,321.6,-5.6,13.2,39.3,585.92,1001.8,7.4,281.0,30.5,60.1,-146.1,95.1,4.37,4.09,7.57,7.80,53.94
71219,231,39.3002867,-98.6501022,4672,4640.5,14364,13690.5,151.05,281.06,220.44,0.435,-6.8,122.42,121.26,-1.0,-1.54,0.84,2.87,321.5,-5.5,13.3,39.4,586.62,1001.6,7.1,277.1,30.5,59.8,-146.1,93.6,4.37,4.09,7.59,7.81,53.87
71220,231,39.2995711,-98.6485913,4661,4630.6,14335,13629.5,151.70,282.69,221.88,0.437,-8.0,122.53,121.32,-1.1,-0.75,0.40,2.91,321.4,-5.5,13.5,39.3,587.31,1001.9,7.0,275.3,30.5,59.4,-146.0,92.1,4.36,4.09,7.61,7.84,53.78
71221,231,39.2988526,-98.6470746,4652,4622.1,14308,13610.5,152.98,284.00,223.12,0.439,-8.3,122.53,121.38,-1.2,0.02,0.04,3.05,321.5,-5.5,13.7,39.0,587.94,1001.9,7.5,278.4,30.5,59.2,-146.0,91.1,4.37,4.10,7.69,7.93,53.31
71222,231,39.2981324,-98.6455534,4645,4615.0,14282,13601.0,152.98,284.88,223.81,0.440,-8.1,122.42,121.37,-1.1,0.62,-0.20,3.09,321.5,-5.5,13.8,38.7,588.55,1001.7,7.0,278.9,30.5,58.9,-146.0,90.2,4.36,4.10,7.71,7.95,53.15
71223,231,39.2974116,-98.6440288,4639,4609.5,14260,13596.5,153.50,285.38,224.31,0.441,-7.8,122.22,121.39,-1.0,1.21,-0.53,3.11,321.4,-5.5,13.9,38.1,589.07,1001.7,7.0,283.8,30.6,58.4,-146.0,89.2,4.36,4.10,7.72,7.97,53.08
71224,231,39.2966908,-98.6425007,4635,4605.7,14243,13562.5,153.95,285.94,224.75,0.442,-7.0,121.98,121.38,-0.8,1.97,-1.07,3.17,321.4,-5.5,14.0,37.7,589.47,1001.9,7.0,288.6,30.6,57.7,-146.0,88.2,4.36,4.10,7.75,8.00,52.90
71225,231,39.2959723,-98.6409692,4633,4604.0,14232,13524.5,154.20,286.00,224.88,0.442,-5.7,121.73,121.31,-0.6,2.81,-1.76,3.17,321.4,-5.5,14.0,37.3,589.73,1001.9,7.2,292.6,30.6,57.4,-146.0,87.3,4.36,4.10,7.75,8.00,52.96
71226,231,39.2952584,-98.6394365,4633,4604.2,14225,13520.5,154.33,285.81,224.62,0.442,-4.1,121.44,121.20,-0.5,3.54,-1.91,3.19,321.4,-5.5,14.0,36.9,589.90,1001.9,7.3,296.3,30.6,57.9,-146.0,86.4,4.36,4.11,7.76,8.01,52.96
71227,231,39.2945474,-98.6379039,4635,4606.2,14225,13523.5,154.14,285.31,224.25,0.441,-2.6,121.10,120.93,-0.4,4.20,-1.30,3.18,321.4,-5.5,13.9,36.5,589.90,1002.1,7.4,297.4,30.6,58.5,-146.0,85.6,4.36,4.11,7.76,8.01,52.99
71228,231,39.2938398,-98.6363735,4638,4609.9,14230,13536.0,154.14,284.88,223.75,0.440,-0.9,120.81,120.92,-0.1,4.87,-0.69,3.16,321.4,-5.5,13.9,36.2,589.78,1002.3,7.6,303.0,30.6,58.5,-146.0,84.9,4.36,4.11,7.75,8.00,53.00
71229,231,39.2931362,-98.6348466,4643,4614.9,14242,13540.5,153.88,283.88,223.00,0.438,0.8,120.66,120.79,0.0,5.39,-0.89,3.14,321.4,-5.5,13.8,35.7,589.50,1001.9,7.9,303.2,30.6,57.7,-145.9,85.0,4.36,4.11,7.73,7.98,53.08
71230,231,39.2924378,-98.6333219,4648,4620.7,14255,13569.5,153.50,283.06,222.12,0.437,2.3,120.64,120.69,0.0,5.46,-1.74,3.11,321.4,-5.5,13.7,35.3,589.19,1001.9,7.9,301.6,30.6,57.2,-145.9,85.4,4.37,4.11,7.72,7.96,53.24
71231,231,39.2917456,-98.6317984,4654,4626.6,14272,13596.0,152.98,282.06,221.25,0.435,3.4,120.60,120.57,-0.1,5.33,-2.03,3.04,321.4,-5.5,13.5,34.9,588.79,1002.1,7.9,300.0,30.6,57.7,-145.9,85.5,4.37,4.11,7.68,7.92,53.54
71232,231,39.2910586,-98.6302778,4660,4632.5,14290,13597.0,152.53,281.06,220.38,0.434,4.3,120.51,120.43,-0.2,5.22,-1.47,3.01,321.4,-5.5,13.4,34.6,588.37,1002.1,7.9,298.9,30.6,58.5,-145.9,85.5,4.38,4.12,7.66,7.90,53.73
71233,231,39.2903745,-98.6287595,4666,4638.1,14307,13617.5,151.57,280.06,219.44,0.433,4.9,120.40,120.17,-0.3,5.13,-0.59,2.94,321.4,-5.4,13.3,34.6,587.96,1002.0,7.5,295.7,30.6,59.1,-145.9,86.0,4.39,4.12,7.62,7.85,54.09
71234,231,39.2896921,-98.6272451,4671,4643.1,14325,13623.5,151.63,279.19,218.69,0.431,5.1,120.40,120.17,-0.2,4.77,-0.16,2.95,321.5,-5.4,13.2,34.6,587.54,1002.3,8.0,296.0,30.6,59.0,-145.9,87.1,4.40,4.13,7.63,7.86,54.14
71235,231,39.2890126,-98.6257325,4675,4646.9,14340,13611.5,151.18,278.19,217.94,0.430,5.0,120.47,120.09,-0.3,4.11,-0.35,2.92,321.5,-5.4,13.1,34.8,587.19,1002.2,8.1,293.5,30.6,58.8,-145.9,88.1,4.41,4.14,7.61,7.84,54.31
71236,231,39.2883354,-98.6242205,4678,4649.3,14351,13599.5,150.93,277.75,217.50,0.429,4.6,120.53,120.04,-0.4,3.50,-0.62,2.90,321.5,-5.4,13.1,35.0,586.93,1002.1,8.1,291.4,30.6,58.7,-145.9,89.0,4.41,4.13,7.60,7.83,54.39
71237,231,39.2876593,-98.6227085,4679,4650.2,14358,13603.0,150.73,277.81,217.56,0.429,3.7,120.65,119.99,-0.6,2.94,-0.66,2.84,321.5,-5.4,13.0,35.1,586.76,1002.1,8.0,288.1,30.6,58.9,-145.9,90.0,4.41,4.13,7.57,7.80,54.53
71238,231,39.2869843,-98.6211959,4679,4649.8,14362,13588.0,150.54,277.88,217.62,0.430,2.7,120.76,119.94,-0.7,2.25,-0.38,2.83,321.5,-5.4,13.0,35.3,586.67,1002.2,7.9,284.9,30.6,59.4,-145.9,91.2,4.40,4.12,7.57,7.79,54.49
71239,231,39.2863088,-98.6196821,4677,4647.6,14360,13561.5,150.47,277.94,217.75,0.430,1.5,120.80,119.91,-0.9,1.45,0.20,2.83,321.4,-5.5,13.0,35.4,586.72,1002.4,7.8,283.4,30.6,60.2,-145.8,92.5,4.40,4.12,7.56,7.78,54.45
71240,231,39.2856310,-98.6181678,4674,4643.7,14353,13550.0,150.54,278.25,218.06,0.430,0.1,120.80,119.90,-0.9,0.73,0.95,2.91,321.5,-5.5,13.1,35.4,586.88,1002.0,7.7,283.0,30.6,60.8,-145.8,93.4,4.39,4.11,7.61,7.83,54.07
71241,231,39.2849498,-98.6166517,4669,4638.5,14341,13522.0,150.67,279.06,218.81,0.431,-1.4,120.86,119.90,-0.9,0.36,1.55,2.94,321.5,-5.5,13.2,35.2,587.16,1002.2,7.5,281.4,30.6,60.9,-145.8,93.3,4.39,4.11,7.63,7.86,53.91
