Data/Raw/YANG,MELISSA/FIREXAQ-MetNav_DC8_20190717_R0_L1.ict
76, 1001
Project Office
NSRC - National Suborbital Research Center
N817NA Meteorological and Navigation Facility Instrumentation
FIREX-AQ/SARP
1,1
2019,07,17,2020,03,05
1
Time_Start, seconds (from midnight UTC)
35
1,1,1,1,1,1,1,1,1,1,1,1,1,1,1,1,1,1,1,1,1,1,1,1,1,1,1,1,1,1,1,1,1,1,1
-9999,-9999,-9999,-9999,-9999,-9999,-9999,-9999,-9999,-9999,-9999,-9999,-9999,-9999,-9999,-9999,-9999,-9999,-9999,-9999,-9999,-9999,-9999,-9999,-9999,-9999,-9999,-9999,-9999,-9999,-9999,-9999,-9999,-9999,-9999
Day_Of_Year, day, None, calendar day beginning January 1
Latitude, deg, Platform_Latitude_InSitu_None
Longitude, deg, Platform_Longitude_InSitu_None
MSL_GPS_Altitude, m, Platform_AltitudeMSL_InSitu_None
HAE_GPS_Altitude, m, Platform_AltitudeEllipsoid_InSitu_None, reference WGS-84
Pressure_Altitude, ft, Platform_AltitudePressure_InSitu_None
Radar_Altitude, ft, Platform_AltitudeAGL_InSitu_None
Ground_Speed, m/s, Platform_GroundSpeed_InSitu_None
True_Air_Speed, kts, Platform_AircraftTrueAirSpeed_InSitu_None
Indicated_Air_Speed, kts, Platform_AircraftIndicatedAirSpeed_InSitu_None
Mach_Number, mach, None
Vertical_Speed, m/s, None
True_Heading, deg 0-360, Platform_HeadingTrue_InSitu_None, cw from +y
Track_Angle, deg 0-360, Platform_TrackAngle_InSitu_None, cw from +y
Drift_Angle, deg +-180, Platform_DriftAngle_InSitu_None, cw from +y
Pitch_Angle, deg +-180, Platform_PitchAngle_InSitu_None, up+
Roll_Angle, deg +-180, Platform_RollAngle_InSitu_None, rt+
Static_Air_Temp, degrees Celcius, Met_StaticAirTemperature_InSitu_None
Potential_Temp, Kelvin, Met_PotentialTemperature_InSitu_None
Dew_Point, degrees Celcius, Met_DewPoint_InSitu_None
Total_Air_Temp, degrees Celcius, None
IR_Surf_Temp, degrees Celcius, Met_SufaceTemperature_InSitu_None
Static_Pressure, hPa, Met_StaticPressure_InSitu_None
Cabin_Pressure, hPa, None
Wind_Speed, m/s, Met_WindSpeed_InSitu_None, limited to where Roll_Angle does not exceed 5 degrees
Wind_Direction, deg 0-360 cw from +y, Met_WindDirection_InSitu_None, limited to where Roll_Angle does not exceed 5 degrees
Solar_Zenith_Angle, deg, Platform_SolarZenithAngle_InSitu_None
Aircraft_Sun_Elevation, deg, None
Sun_Azimuth, deg, Platform_SolarAzimuthAngle_InSitu_None
Aircraft_Sun_Azimuth, deg, None
Mixing_Ratio, g/kg, Met_H2OMR_InSitu_None
Part_Press_Water_Vapor, hPa, Met_PartialPressureH2O_InSitu_None
Sat_Vapor_Press_H2O, hPa, Met_SatVaporPressureH2OWater_InSitu_None
Sat_Vapor_Press_Ice, hPa, Met_SatVaporPressureH2OIce_InSitu_None
Relative_Humidity, percent, Met_RelativeHumidityWater_InSitu_None
0
27
PI_CONTACT_INFO: Melissa Yang Martin, m.yang@baeri.org 
Platform: NASA DC-8 N817NA
LOCATION: Included in data records
ASSOCIATED_DATA: This flight represents SARP Science Flight #2 out of Palmdale, CA. This flight includes the Salton Sea overflight, several missed approaches in the LA Basin, and a TCCON tower spiral. See SARP archive on Langley archive at https://www-air.larc.nasa.gov/missions/sarp/index.html
INSTRUMENT_INFO: 
	Position, attitude, ground speed, and vertical speed from LN251
	Wind_Speed and Wind_Direction calculated from LN251, Aircraft Data System-85
	Radar_Altitude from APN-232
	Total_Air_Temperature from Rosemount 102 type non-deiced with Laurels LTE signal conditioner
	IR_Surface_Temp from KT-19.85II
    Cabin_Pressure from MKS Baratron 220D
[...]
ULOD_FLAG:-7777
ULOD_VALUE:366,90,180,N/A,N/A,57343,65000,N/A,600,510,0.99,104.04,360,360,180,180,180,60,N/A,90,99,200,N/A,1333.22,N/A,360,N/A,N/A,N/A,N/A,N/A,N/A,N/A,N/A,N/A
LLOD_FLAG:-8888
LLOD_VALUE:0,-90,-180,N/A,N/A,-1871,0,0,0,0,0,-104.04,0,0,-180,-180,-180,-99,N/A,-60,-60,-50,N/A,0.66,0,0,N/A,N/A,N/A,N/A,N/A,N/A,N/A,N/A,N/A
DM_CONTACT_INFO: Ryan Bennett, r.bennett@baeri.org
PROJECT_INFO: N/A
STIPULATIONS_ON_USE: Please contact DM or PI with questions before use.
OTHER_COMMENTS: Potential TAT wetting between Start_UTC 58630 and 58932. Will re-assess in future revision. Wind Speed and Wind Direction flagged where Roll_Angle exceeds 5 degrees.
REVISION: R0
R0: Public release data with limits of detection and instrument calibrations applied to Total_Air_Temp (follows through to reduction to Static_Air_Temp and calculation of Potential_Temp), and Cabin_Pressure.
RA: Preliminary field data with limits of detection applied.
Time_Start,Day_Of_Year,Latitude,Longitude,MSL_GPS_Altitude,HAE_GPS_Altitude,Pressure_Altitude,Radar_Altitude,Ground_Speed,True_Air_Speed,Indicated_Air_Speed,Mach_Number,Vertical_Speed,True_Heading,Track_Angle,Drift_Angle,Pitch_Angle,Roll_Angle,Static_Air_Temp,Potential_Temp,Dew_Point,Total_Air_Temp,IR_Surf_Temp,Static_Pressure,Cabin_Pressure,Wind_Speed,Wind_Direction,Solar_Zenith_Angle,Aircraft_Sun_Elevation,Sun_Azimuth,Aircraft_Sun_Azimuth,Mixing_Ratio,Part_Press_Water_Vapor,Sat_Vapor_Press_H2O,Sat_Vapor_Press_Ice,Relative_Humidity
[from data line 1390]
57020,198,33.7700991,-118.0928150,377,341.5,1199,1227.0,77.71,146.56,143.00,0.221,-3.8,315.17,313.71,-1.5,-0.65,-2.81,16.08,291.7,15.5,18.9,24.9,970.11,981.4,3.0,94.2,55.9,31.8,85.9,130.1,11.63,17.81,18.45,21.56,96.51
57021,198,33.7705815,-118.0934221,373,337.6,1188,1214.5,77.56,146.38,142.88,0.221,-4.0,314.87,313.45,-1.4,-0.60,-2.06,16.03,291.7,14.7,18.9,24.8,970.50,981.8,2.9,94.2,55.9,32.5,85.9,130.7,10.99,16.85,18.40,21.49,91.57
57022,198,33.7710616,-118.0940306,369,333.6,1177,1200.0,77.54,145.88,142.44,0.220,-4.1,314.49,313.28,-1.2,-0.41,-1.51,16.10,291.7,14.5,18.9,24.6,970.89,982.3,3.0,100.9,55.9,33.0,85.9,131.2,10.85,16.64,18.48,21.61,90.04
57023,198,33.7715406,-118.0946406,365,329.5,1166,1184.0,77.64,146.25,142.81,0.221,-4.0,313.94,313.12,-0.8,-0.20,-1.51,16.14,291.7,14.5,19.0,24.5,971.28,982.6,2.6,109.1,55.9,33.2,85.9,131.5,10.87,16.69,18.52,21.66,90.08
57024,198,33.7720186,-118.0952536,361,325.6,1156,1177.0,77.81,146.81,143.62,0.222,-3.8,313.25,312.89,-0.4,-0.12,-2.16,16.16,291.7,14.1,19.0,24.5,971.63,983.1,2.3,121.2,55.9,32.8,85.9,131.9,10.61,16.29,18.56,21.70,87.80
57025,198,33.7724960,-118.0958698,357,322.0,1144,1157.0,78.05,147.69,144.44,0.223,-3.6,312.55,312.57,0.0,-0.27,-2.43,16.13,291.6,14.3,19.0,24.5,972.06,983.6,2.1,133.4,55.9,32.5,85.9,132.5,10.75,16.51,18.52,21.65,89.18
57026,198,33.7729717,-118.0964929,354,318.5,1132,1148.5,78.41,148.44,145.00,0.224,-3.4,311.82,312.21,0.4,-0.49,-1.65,16.10,291.6,14.7,19.0,24.5,972.48,984.3,2.1,146.4,55.9,32.9,85.9,133.6,11.02,16.94,18.48,21.60,91.64
57027,198,33.7734466,-118.0971233,350,315.1,1121,1138.0,78.86,147.38,144.06,0.222,-3.5,310.79,311.93,1.1,-0.76,-0.84,16.14,291.6,14.9,19.0,24.6,972.87,984.7,3.4,158.3,55.9,33.3,85.9,135.0,11.15,17.13,18.53,21.67,92.46
57028,198,33.7739222,-118.0977598,347,311.5,1110,1133.5,79.34,148.56,145.31,0.224,-3.8,309.55,311.64,2.1,-1.22,-0.96,16.25,291.6,15.1,19.2,24.8,973.26,984.8,4.1,174.9,55.9,32.9,85.9,136.4,11.28,17.33,18.65,21.83,92.93
57029,198,33.7743982,-118.0984024,343,307.5,1100,1104.0,79.82,150.50,147.44,0.227,-4.1,308.50,311.42,2.9,-1.59,0.51,16.22,291.6,15.4,19.2,25.0,973.61,985.5,4.7,189.1,55.9,33.6,85.9,138.4,11.50,17.67,18.62,21.79,94.90
57030,198,33.7748754,-118.0990514,339,303.5,1085,1090.0,80.38,151.00,147.75,0.228,-4.1,307.81,311.28,3.5,-1.41,1.74,16.25,291.6,15.3,19.3,25.1,974.15,985.8,5.5,190.1,55.9,34.5,85.9,139.8,11.42,17.57,18.66,21.84,94.16
57031,198,33.7753546,-118.0997061,335,299.3,1070,1086.0,80.89,151.38,148.19,0.228,-4.2,307.47,311.25,3.8,-1.25,2.00,16.23,291.5,15.3,19.3,25.1,974.68,986.7,6.0,189.5,55.9,34.8,85.9,140.4,11.42,17.57,18.64,21.81,94.26
57032,198,33.7758376,-118.1003637,331,295.2,1056,1070.5,81.39,152.19,148.81,0.230,-3.9,307.46,311.33,3.9,-1.06,3.70,16.20,291.4,16.0,19.3,25.0,975.18,986.9,6.2,189.5,55.9,36.0,85.9,141.3,11.94,18.36,18.60,21.76,98.72
57033,198,33.7763241,-118.1010240,327,291.3,1043,1064.5,81.83,155.19,152.06,0.234,-3.7,307.38,311.54,4.2,-1.15,5.80,16.23,291.4,16.0,19.4,25.0,975.64,987.6,-9999,-9999,55.9,37.3,85.9,142.7,11.92,18.35,18.63,21.81,98.47
57034,198,33.7768164,-118.1016845,323,287.5,1030,1047.5,82.23,154.88,151.62,0.234,-3.7,307.33,311.93,4.6,-1.19,4.98,16.19,291.4,16.3,19.4,25.1,976.10,988.0,7.0,198.2,55.9,36.7,85.9,142.3,12.15,18.70,18.59,21.75,100.61
57035,198,33.7773146,-118.1023450,319,283.8,1017,1033.0,82.60,155.44,152.38,0.235,-3.7,307.65,312.17,4.5,-1.21,4.21,16.32,291.4,17.0,19.5,25.2,976.56,988.3,6.9,197.6,55.9,36.3,85.9,141.7,12.71,19.55,18.74,21.95,104.35
57036,198,33.7778166,-118.1030057,315,280.1,1005,1023.0,82.89,154.75,151.56,0.234,-3.5,308.31,312.41,4.1,-1.12,4.48,16.30,291.4,16.4,19.5,25.3,976.99,988.7,6.7,190.9,55.9,36.5,85.9,141.2,12.23,18.84,18.71,21.91,100.66
57037,198,33.7783229,-118.1036657,312,276.8,993,1013.0,83.17,154.19,151.06,0.233,-3.2,309.02,312.77,3.7,-0.93,5.38,16.32,291.4,16.2,19.5,25.3,977.41,989.4,-9999,-9999,55.9,37.3,85.9,140.9,12.05,18.57,18.74,21.96,99.09
57038,198,33.7788331,-118.1043241,309,273.5,982,1002.5,83.33,154.44,151.38,0.233,-3.5,309.51,313.02,3.5,-1.12,4.30,16.46,291.5,16.2,19.6,25.3,977.81,989.8,6.3,183.4,55.9,36.6,85.9,139.8,12.03,18.55,18.91,22.18,98.11
57039,198,33.7793460,-118.1049828,305,269.8,971,987.0,83.52,155.25,152.44,0.234,-3.8,310.10,313.12,3.0,-1.20,2.68,16.53,291.5,15.2,19.7,25.2,978.20,990.0,5.6,181.3,55.8,35.4,85.9,138.4,11.29,17.44,18.99,22.29,91.86
57040,198,33.7798609,-118.1056421,302,266.0,959,964.5,83.69,156.12,153.12,0.236,-3.7,310.61,313.13,2.5,-1.02,1.99,16.49,291.4,15.2,19.7,25.2,978.62,990.5,4.9,178.8,55.8,35.1,85.9,137.4,11.26,17.40,18.94,22.23,91.84
57041,198,33.7803765,-118.1063026,298,262.4,947,959.5,83.83,156.88,153.81,0.237,-3.3,310.92,313.03,2.1,-0.77,0.20,16.71,291.6,15.1,20.0,25.0,979.05,990.9,4.4,176.1,55.8,34.1,85.9,136.0,11.23,17.37,19.21,22.58,90.41
57042,198,33.7808905,-118.1069672,295,259.4,936,935.5,83.95,156.69,153.50,0.236,-3.0,311.20,312.72,1.5,-0.67,-0.91,16.67,291.5,14.8,19.9,24.8,979.44,991.4,4.0,165.1,55.8,33.4,85.9,135.1,11.01,17.03,19.16,22.52,88.90
57043,198,33.7814027,-118.1076355,292,256.5,928,934.0,84.07,155.88,152.81,0.235,-2.7,311.51,312.51,1.0,-0.67,0.30,16.65,291.5,14.7,19.9,24.6,979.73,991.6,4.1,152.4,55.8,34.2,85.9,135.3,10.88,16.85,19.14,22.49,88.02
57044,198,33.7819150,-118.1083055,289,253.9,918,937.5,84.21,156.62,153.81,0.236,-2.5,311.61,312.54,0.9,-1.19,2.20,16.67,291.5,15.1,19.9,24.4,980.08,991.7,3.9,152.4,55.8,35.2,85.9,136.4,11.18,17.31,19.16,22.52,90.33
57045,198,33.7824296,-118.1089749,287,251.2,909,922.0,84.33,157.56,154.69,0.238,-2.9,311.47,312.73,1.3,-1.60,3.44,16.63,291.4,15.0,19.9,24.2,980.41,991.9,3.7,161.3,55.8,35.7,85.9,137.4,11.13,17.23,19.12,22.46,90.13
57046,198,33.7829471,-118.1096429,283,248.1,899,901.5,84.44,157.50,154.75,0.238,-3.4,311.56,312.99,1.4,-1.67,3.88,16.73,291.5,15.3,20.0,24.3,980.76,992.3,4.0,163.4,55.8,36.0,85.9,137.6,11.32,17.53,19.24,22.62,91.14
57047,198,33.7834683,-118.1103089,280,244.4,889,883.0,84.58,158.44,155.44,0.239,-3.9,311.81,313.30,1.5,-1.92,4.72,16.75,291.5,14.9,20.1,24.4,981.12,992.7,3.8,167.6,55.8,36.4,85.9,138.0,11.06,17.14,19.25,22.64,89.04
57048,198,33.7839944,-118.1109721,276,240.4,877,868.5,84.82,157.25,154.31,0.237,-4.0,311.97,313.72,1.7,-1.95,5.44,16.79,291.5,14.7,20.1,24.6,981.55,993.2,-9999,-9999,55.8,36.9,85.9,138.2,10.91,16.91,19.31,22.72,87.58
57049,198,33.7845264,-118.1116322,272,236.5,866,879.5,85.09,158.62,155.56,0.239,-3.8,311.92,314.16,2.2,-1.97,4.61,16.79,291.5,14.9,20.1,24.6,981.94,993.9,4.8,176.1,55.8,36.3,85.9,137.8,11.05,17.13,19.31,22.71,88.75
57050,198,33.7850634,-118.1122899,269,232.7,853,872.5,85.33,160.56,157.69,0.242,-3.5,311.86,314.48,2.6,-2.29,3.95,16.75,291.4,15.9,20.2,24.7,982.40,994.1,4.7,187.8,55.8,35.6,85.9,137.6,11.75,18.21,19.26,22.66,94.52
57051,198,33.7856041,-118.1129462,265,229.2,841,857.5,85.52,160.88,157.88,0.243,-3.9,311.75,314.70,2.9,-2.99,4.38,16.84,291.4,16.2,20.3,24.8,982.83,994.4,5.1,190.7,55.8,35.4,85.9,138.3,11.99,18.59,19.37,22.81,95.93
57052,198,33.7861485,-118.1136021,261,225.1,831,845.0,85.82,161.19,158.25,0.243,-4.6,311.72,314.96,3.2,-3.69,5.12,16.83,291.4,16.7,20.3,24.9,983.19,994.9,-9999,-9999,55.8,35.4,86.0,139.1,12.41,19.23,19.36,22.78,99.37
57053,198,33.7866983,-118.1142573,256,220.1,818,830.0,86.20,161.56,158.62,0.244,-5.3,311.85,315.28,3.4,-4.01,5.04,16.91,291.4,16.7,20.4,24.8,983.65,995.5,-9999,-9999,55.8,35.1,86.0,139.2,12.41,19.23,19.46,22.92,98.84
57054,198,33.7872540,-118.1149116,250,214.5,801,811.5,86.62,162.19,159.31,0.244,-5.7,312.10,315.62,3.5,-3.71,4.43,16.85,291.3,16.0,20.3,24.6,984.26,995.9,6.1,192.5,55.8,34.9,86.0,138.5,11.79,18.31,19.38,22.81,94.51
57055,198,33.7878142,-118.1155655,245,208.9,782,789.0,86.90,163.25,160.69,0.246,-5.5,312.42,315.85,3.4,-3.16,3.70,16.89,291.3,16.2,20.4,24.5,984.94,996.6,5.9,194.4,55.8,34.9,86.0,137.5,11.95,18.57,19.43,22.88,95.59
57056,198,33.7883773,-118.1162185,240,203.6,763,771.0,87.05,163.88,161.00,0.247,-5.2,312.87,316.00,3.1,-3.09,2.25,17.01,291.4,16.5,20.6,24.3,985.62,997.5,5.4,194.0,55.8,34.0,86.0,136.3,12.23,19.00,19.58,23.09,97.04
57057,198,33.7889418,-118.1168718,235,198.4,746,757.0,87.17,164.25,161.38,0.248,-5.0,313.36,315.96,2.6,-3.40,0.62,16.95,291.3,16.0,20.5,24.4,986.23,998.1,4.7,190.2,55.8,32.6,86.0,135.1,11.78,18.34,19.50,22.98,94.02
57058,198,33.7895055,-118.1175282,229,193.4,729,736.0,87.32,163.50,160.75,0.247,-5.0,313.70,315.75,2.1,-3.45,-0.60,17.03,291.3,16.1,20.6,24.5,986.84,998.6,4.4,178.4,55.8,31.7,86.0,134.1,11.91,18.54,19.61,23.12,94.56
57059,198,33.7900683,-118.1181889,224,188.5,711,718.0,87.48,162.69,160.00,0.245,-5.0,313.90,315.53,1.6,-3.42,-0.48,17.07,291.3,15.8,20.6,24.8,987.49,998.8,4.5,167.4,55.8,31.8,86.0,133.9,11.67,18.19,19.65,23.18,92.56
57060,198,33.7906308,-118.1188520,219,183.3,695,703.5,87.58,162.81,160.38,0.245,-5.3,313.86,315.42,1.6,-3.49,0.49,17.16,291.3,16.1,20.7,25.1,988.06,999.2,4.5,165.9,55.8,32.5,86.0,134.3,11.82,18.43,19.77,23.34,93.24
57061,198,33.7911936,-118.1195165,214,178.0,679,689.5,87.71,164.31,161.69,0.248,-5.5,313.73,315.37,1.6,-4.20,0.25,17.29,291.4,16.1,20.9,25.6,988.63,999.9,4.0,172.2,55.8,31.9,86.0,134.7,11.82,18.44,19.93,23.56,92.53
57062,198,33.7917568,-118.1201832,208,172.2,661,678.5,87.96,165.56,162.88,0.250,-5.9,313.69,315.25,1.6,-5.22,-0.46,17.58,291.6,16.1,21.2,25.9,989.28,1000.7,3.6,174.7,55.8,30.6,86.0,134.8,11.81,18.43,20.30,24.07,90.78
57063,198,33.7923210,-118.1208532,202,166.3,641,656.0,88.24,165.88,163.25,0.250,-6.3,313.73,315.13,1.4,-5.84,-0.14,17.33,291.3,16.2,21.0,26.2,990.00,1001.0,3.6,170.6,55.8,30.4,86.0,135.2,11.95,18.66,19.98,23.62,93.40
57064,198,33.7928855,-118.1215272,196,159.7,621,630.0,88.52,166.12,163.62,0.250,-7.1,313.61,315.02,1.4,-6.21,0.40,17.36,291.3,16.4,21.0,26.2,990.72,1001.9,3.7,169.4,55.8,30.5,86.0,135.7,12.03,18.80,20.02,23.69,93.89
57065,198,33.7934511,-118.1222040,188,152.3,598,606.5,88.82,166.19,163.69,0.250,-7.6,313.42,315.04,1.6,-6.11,0.50,17.27,291.1,16.1,20.9,26.1,991.54,1002.5,4.1,170.8,55.8,30.6,86.0,135.9,11.82,18.49,19.90,23.52,92.92
57066,198,33.7940190,-118.1228821,181,144.7,574,578.5,89.12,166.69,164.06,0.251,-7.6,313.20,315.05,1.8,-5.21,1.15,17.44,291.2,15.5,21.1,25.9,992.41,1003.4,4.4,174.0,55.8,31.7,86.0,136.1,11.32,17.74,20.12,23.82,88.15
57067,198,33.7945893,-118.1235617,174,137.5,552,496.0,89.41,168.00,165.94,0.253,-6.5,313.00,315.21,2.2,-4.09,2.41,17.63,291.3,16.2,21.4,25.7,993.20,1004.3,4.5,182.8,55.8,33.4,86.0,136.5,11.85,18.57,20.36,24.15,91.23
57068,198,33.7951623,-118.1242408,167,131.6,530,528.0,89.51,169.38,166.88,0.255,-5.4,312.60,315.37,2.8,-4.06,1.82,17.62,291.3,16.0,21.4,25.6,993.99,1005.3,4.9,194.9,55.8,33.0,86.0,136.5,11.73,18.40,20.35,24.13,90.41
57069,198,33.7957369,-118.1249191,162,126.4,511,501.5,89.56,169.56,167.19,0.255,-5.2,312.25,315.39,3.1,-4.74,0.92,17.66,291.3,16.1,21.5,25.5,994.68,1006.2,5.4,198.2,55.8,31.9,86.0,136.6,11.75,18.44,20.40,24.20,90.41
57070,198,33.7963114,-118.1255994,156,121.0,495,497.5,89.62,168.88,166.50,0.254,-5.6,312.01,315.29,3.3,-4.87,1.06,17.69,291.2,16.1,21.5,25.5,995.26,1006.7,5.8,195.2,55.8,31.8,86.0,137.1,11.75,18.46,20.44,24.26,90.28
57071,198,33.7968858,-118.1262817,151,115.2,479,474.0,89.73,168.50,166.00,0.254,-5.7,311.95,315.24,3.3,-4.48,1.52,17.76,291.3,16.0,21.5,25.5,995.83,1007.3,5.9,192.6,55.8,32.4,86.0,137.3,11.71,18.41,20.53,24.38,89.66
57072,198,33.7974604,-118.1269637,145,109.4,459,459.0,89.70,169.69,167.25,0.256,-5.8,312.02,315.29,3.3,-4.39,1.80,17.71,291.1,16.4,21.5,25.7,996.56,1008.2,5.6,198.2,55.8,32.7,86.0,137.4,11.99,18.85,20.46,24.28,92.12
57073,198,33.7980357,-118.1276444,139,103.8,439,440.0,89.75,168.94,166.75,0.254,-5.5,312.16,315.33,3.2,-4.50,1.38,17.99,291.4,16.0,21.8,25.8,997.28,1008.6,5.7,193.6,55.7,32.4,86.0,137.0,11.67,18.36,20.83,24.79,88.16
57074,198,33.7986109,-118.1283260,134,98.3,423,420.5,89.80,170.69,168.50,0.257,-5.5,312.26,315.28,3.0,-5.08,0.87,17.96,291.3,16.5,21.8,25.9,997.86,1009.3,5.1,200.7,55.7,31.6,86.0,136.9,12.03,18.93,20.79,24.74,91.05
57075,198,33.7991860,-118.1290091,128,92.7,403,407.0,89.85,172.25,170.06,0.259,-5.8,312.57,315.23,2.7,-5.19,1.20,17.94,291.2,15.9,21.9,25.8,998.58,1009.7,4.3,207.4,55.7,31.7,86.0,136.9,11.59,18.27,20.76,24.70,87.98
57076,198,33.7997611,-118.1296929,122,86.9,383,386.5,89.84,171.56,169.25,0.258,-5.8,312.68,315.27,2.6,-4.40,1.48,17.97,291.2,15.6,21.9,25.7,999.30,1010.4,4.3,202.6,55.7,32.5,86.0,136.6,11.37,17.94,20.81,24.76,86.23
57077,198,33.8003366,-118.1303739,117,81.3,361,363.0,89.56,169.88,167.69,0.256,-5.5,312.95,315.40,2.4,-3.65,1.11,18.05,291.2,15.6,21.9,25.6,1000.10,1010.9,4.4,194.4,55.7,32.8,86.0,135.8,11.36,17.94,20.91,24.90,85.81
57078,198,33.8009104,-118.1310504,111,76.0,343,348.0,89.11,168.81,166.69,0.254,-5.1,313.17,315.41,2.2,-3.36,0.09,18.10,291.2,16.1,21.9,25.6,1000.75,1011.4,4.1,191.0,55.7,32.2,86.0,134.8,11.68,18.44,20.97,24.99,87.94
57079,198,33.8014799,-118.1317242,106,71.0,326,330.0,88.57,167.50,165.44,0.252,-4.9,313.42,315.29,1.9,-3.40,-0.57,18.21,291.2,15.8,21.9,25.6,1001.37,1012.1,3.7,184.4,55.7,31.9,86.0,134.4,11.48,18.15,21.11,25.18,85.97
57080,198,33.8020446,-118.1323963,101,66.1,310,308.5,88.05,166.31,164.19,0.250,-4.9,313.74,315.16,1.4,-3.42,-0.85,18.36,291.3,15.4,22.0,25.7,1001.95,1012.8,3.3,175.2,55.7,31.6,86.0,134.0,11.17,17.68,21.32,25.46,82.94
57081,198,33.8026054,-118.1330657,97,61.4,294,297.5,87.52,166.62,164.56,0.251,-4.5,314.13,315.08,1.0,-3.33,-0.49,18.49,291.4,15.7,22.2,25.7,1002.53,1012.9,2.3,173.3,55.7,32.0,86.0,133.7,11.39,18.02,21.49,25.70,83.86
57082,198,33.8031628,-118.1337315,92,57.1,281,262.0,87.07,164.88,162.94,0.248,-4.1,314.12,315.07,0.9,-3.41,0.28,18.47,291.4,15.7,22.1,25.8,1003.00,1013.2,2.7,166.9,55.7,32.5,86.0,134.0,11.37,18.00,21.47,25.66,83.86
57083,198,33.8037174,-118.1343933,88,53.0,267,269.0,86.59,163.00,161.06,0.245,-4.2,313.82,315.10,1.3,-3.92,-0.93,18.45,291.3,15.4,22.0,25.8,1003.51,1013.2,3.3,169.2,55.7,31.3,86.0,133.9,11.13,17.64,21.44,25.63,82.24
57084,198,33.8042687,-118.1350518,84,48.4,253,253.0,86.14,161.44,159.81,0.243,-5.0,313.49,314.96,1.5,-4.42,-2.10,18.47,291.3,15.2,21.9,25.8,1004.02,1013.3,3.8,169.3,55.7,30.0,86.0,133.8,11.00,17.46,21.47,25.66,81.32
57085,198,33.8048153,-118.1357095,78,42.9,236,235.0,85.74,160.50,158.81,0.241,-5.7,313.11,314.76,1.6,-4.10,-1.49,18.51,291.3,15.5,21.9,25.8,1004.64,1013.6,4.0,171.3,55.7,30.7,86.0,134.3,11.22,17.81,21.52,25.74,82.73
57086,198,33.8053572,-118.1363676,73,37.4,219,220.0,85.37,160.31,158.62,0.241,-5.4,312.72,314.60,1.9,-2.97,-1.12,18.52,291.2,15.5,21.9,26.0,1005.26,1014.1,4.0,177.2,55.7,31.7,86.0,134.4,11.22,17.81,21.53,25.76,82.70
57087,198,33.8058956,-118.1370237,68,32.3,203,201.5,84.98,160.06,158.50,0.241,-4.7,312.50,314.49,2.0,-1.85,-0.62,18.63,291.3,15.8,22.0,26.3,1005.84,1014.7,3.9,181.3,55.7,32.9,86.0,134.4,11.44,18.16,21.68,25.95,83.80
57088,198,33.8064310,-118.1376772,64,28.1,190,183.0,84.62,161.00,159.44,0.242,-3.9,312.62,314.42,1.8,-1.44,-0.10,18.84,291.5,15.9,22.3,26.7,1006.31,1015.4,3.2,189.3,55.7,33.5,86.0,134.5,11.50,18.27,21.96,26.35,83.17
57089,198,33.8069640,-118.1383273,60,24.4,176,168.5,84.32,159.62,158.00,0.240,-3.4,313.04,314.57,1.5,-1.98,2.33,18.79,291.4,16.3,22.2,27.0,1006.82,1015.8,3.1,179.1,55.7,34.9,86.0,135.6,11.78,18.72,21.91,26.27,85.44
57090,198,33.8074984,-118.1389730,56,21.0,164,157.0,84.19,157.69,156.12,0.237,-3.2,312.83,314.79,2.0,-2.05,2.20,19.03,291.6,16.7,22.3,27.2,1007.26,1016.6,4.2,176.5,55.7,34.8,86.0,135.6,12.09,19.21,22.22,26.71,86.44
57091,198,33.8080340,-118.1396164,53,18.0,153,146.5,84.06,157.56,156.06,0.237,-3.0,312.52,314.94,2.4,-2.12,0.97,18.98,291.5,17.2,22.3,27.5,1007.66,1017.1,4.6,183.0,55.7,33.9,86.0,135.3,12.47,19.80,22.16,26.63,89.35
57092,198,33.8085690,-118.1402585,50,14.6,142,135.5,83.92,157.88,156.31,0.237,-3.6,312.51,314.92,2.4,-2.50,0.06,18.77,291.3,17.2,22.1,27.7,1008.06,1017.1,4.4,185.9,55.7,32.9,86.0,135.1,12.44,19.77,21.87,26.23,90.37
