Data/Raw/YANG,MELISSA/FIREXAQ-MetNav_DC8_20190819_R0.ict
76, 1001
Project Office
NSRC - National Suborbital Research Center
N817NA Meteorological and Navigation Facility Instrumentation
FIREX-AQ
1,1
2019,08,19,2020,02,28
1
Time_Start, seconds (from midnight UTC)
35
1,1,1,1,1,1,1,1,1,1,1,1,1,1,1,1,1,1,1,1,1,1,1,1,1,1,1,1,1,1,1,1,1,1,1
-9999,-9999,-9999,-9999,-9999,-9999,-9999,-9999,-9999,-9999,-9999,-9999,-9999,-9999,-9999,-9999,-9999,-9999,-9999,-9999,-9999,-9999,-9999,-9999,-9999,-9999,-9999,-9999,-9999,-9999,-9999,-9999,-9999,-9999,-9999
Day_Of_Year, day, None, calendar day beginning January 1
Latitude, deg, Platform_Latitude_InSitu_None
Longitude, deg, Platform_Longitude_InSitu_None
MSL_GPS_Altitude, m, Platform_AltitudeMSL_InSitu_None
HAE_GPS_Altitude, m, Platform_AltitudeEllipsoid_InSitu_None, reference WGS-84
Pressure_Altitude, ft, Platform_AltitudePressure_InSitu_None
Radar_Altitude, ft, Platform_AltitudeAGL_InSitu_None
Ground_Speed, m/s, Platform_GroundSpeed_InSitu_None
True_Air_Speed, kts, Platform_AircraftTrueAirSpeed_InSitu_None
Indicated_Air_Speed, kts, Platform_AircraftIndicatedAirSpeed_InSitu_None
Mach_Number, mach, None
Vertical_Speed, m/s, None
True_Heading, deg 0-360, Platform_HeadingTrue_InSitu_None, cw from +y
Track_Angle, deg 0-360, Platform_TrackAngle_InSitu_None, cw from +y
Drift_Angle, deg +-180, Platform_DriftAngle_InSitu_None, cw from +y
Pitch_Angle, deg +-180, Platform_PitchAngle_InSitu_None, up+
Roll_Angle, deg +-180, Platform_RollAngle_InSitu_None, rt+
Static_Air_Temp, degrees Celcius, Met_StaticAirTemperature_InSitu_None
Potential_Temp, Kelvin, Met_PotentialTemperature_InSitu_None
Dew_Point, degrees Celcius, Met_DewPoint_InSitu_None
Total_Air_Temp, degrees Celcius, None
IR_Surf_Temp, degrees Celcius, Met_SufaceTemperature_InSitu_None
Static_Pressure, hPa, Met_StaticPressure_InSitu_None
Cabin_Pressure, hPa, None
Wind_Speed, m/s, Met_WindSpeed_InSitu_None, limited to where Roll_Angle does not exceed 5 degrees
Wind_Direction, deg 0-360 cw from +y, Met_WindDirection_InSitu_None, limited to where Roll_Angle does not exceed 5 degrees
Solar_Zenith_Angle, deg, Platform_SolarZenithAngle_InSitu_None
Aircraft_Sun_Elevation, deg, None
Sun_Azimuth, deg, Platform_SolarAzimuthAngle_InSitu_None
Aircraft_Sun_Azimuth, deg, None
Mixing_Ratio, g/kg, Met_H2OMR_InSitu_None
Part_Press_Water_Vapor, hPa, Met_PartialPressureH2O_InSitu_None
Sat_Vapor_Press_H2O, hPa, Met_SatVaporPressureH2OWater_InSitu_None
Sat_Vapor_Press_Ice, hPa, Met_SatVaporPressureH2OIce_InSitu_None
Relative_Humidity, percent, Met_RelativeHumidityWater_InSitu_None
0
27
PI_CONTACT_INFO: Melissa Yang Martin, m.yang@baeri.org 
Platform: NASA DC-8 N817NA
LOCATION: Included in data records
ASSOCIATED_DATA: This flight represents FIREX-AQ Transit Flight from Boise, ID. to Salina, KS. See FIREX-AQ archive on Langley archive at https://www-air.larc.nasa.gov/missions/firex-aq/index.html
INSTRUMENT_INFO: 
	Position, attitude, ground speed, and vertical speed from LN251
	Wind_Speed and Wind_Direction calculated from LN251, Aircraft Data System-85
	Radar_Altitude from APN-232
	Total_Air_Temperature from Rosemount 102 type non-deiced with Laurels LTE signal conditioner
	IR_Surface_Temp from KT-19.85II
        Cabin_Pressure from MKS Baratron 220D
	Dew_Point and calculated water vapor parameters from Buck Hygrometer 1011-C
[...]
LLOD_FLAG:-8888
LLOD_VALUE:0,-90,-180,N/A,N/A,-1871,0,0,0,0,0,-104.04,0,0,-180,-180,-180,-99,N/A,-60,-60,-50,N/A,0.66,0,0,N/A,N/A,N/A,N/A,N/A,N/A,N/A,N/A,N/A
DM_CONTACT_INFO: Ryan Bennett, r.bennett@baeri.org
PROJECT_INFO: N/A
STIPULATIONS_ON_USE: Please contact PI or DM with questions on best use practices and instrumentation caveats that are not explicitly published here.
OTHER_COMMENTS: Wind Speed and Wind Direction flagged where Roll_Angle exceeds 5 degrees. Few segments of Dew_Point and associated water vapor calculations may be flagged due to instrument dew point overshoots on aircraft descent due to condensation within the probe. Potential_Temp derived from Static_Air_Temp and Static_Pressure.
REVISION: R0
R0: R0: Public release data with limits of detection and instrument calibrations applied to Total_Air_Temp (follows through to reduction to Static_Air_Temp and calculation of Potential_Temp), and Cabin_Pressure.
RA: Preliminary field data with limits of detection applied.
Time_Start,Day_Of_Year,Latitude,Longitude,MSL_GPS_Altitude,HAE_GPS_Altitude,Pressure_Altitude,Radar_Altitude,Ground_Speed,True_Air_Speed,Indicated_Air_Speed,Mach_Number,Vertical_Speed,True_Heading,Track_Angle,Drift_Angle,Pitch_Angle,Roll_Angle,Static_Air_Temp,Potential_Temp,Dew_Point,Total_Air_Temp,IR_Surf_Temp,Static_Pressure,Cabin_Pressure,Wind_Speed,Wind_Direction,Solar_Zenith_Angle,Aircraft_Sun_Elevation,Sun_Azimuth,Aircraft_Sun_Azimuth,Mixing_Ratio,Part_Press_Water_Vapor,Sat_Vapor_Press_H2O,Sat_Vapor_Press_Ice,Relative_Humidity
[from data line 2815]
67164,231,42.2109690,-108.4915031,11503,11483.7,35788,30754.0,263.97,463.06,263.75,0.793,4.6,109.67,107.68,-2.0,2.33,0.18,-48.94,341.5,-59.4,-20.7,39.2,229.61,819.6,27.2,270.0,30.7,58.0,161.0,48.7,0.06,0.02,0.07,0.05,29.09
67165,231,42.2102488,-108.4884630,11508,11488.5,35802,30782.5,263.97,462.94,263.56,0.793,4.6,109.66,107.68,-2.0,2.33,0.15,-48.97,341.5,-59.3,-20.8,39.3,229.46,819.5,27.2,270.1,30.7,58.0,161.0,48.7,0.06,0.02,0.07,0.05,29.22
67166,231,42.2095286,-108.4854235,11513,11493.4,35818,30797.0,263.91,462.81,263.44,0.793,4.6,109.65,107.68,-2.0,2.33,0.16,-49.01,341.5,-59.3,-20.8,39.4,229.28,819.4,27.2,270.2,30.7,58.0,161.0,48.7,0.06,0.02,0.07,0.05,29.39
67167,231,42.2088090,-108.4823839,11517,11498.2,35833,30855.5,263.78,462.88,263.44,0.793,4.7,109.64,107.67,-2.0,2.35,0.18,-49.08,341.5,-59.3,-20.9,39.4,229.12,819.1,27.1,270.0,30.7,57.9,161.0,48.8,0.06,0.02,0.07,0.04,29.66
67168,231,42.2080899,-108.4793450,11522,11503.0,35849,30845.0,263.78,462.94,263.44,0.793,4.7,109.65,107.67,-2.0,2.36,0.15,-49.13,341.5,-59.3,-20.9,39.2,228.94,819.0,27.1,269.9,30.7,57.9,161.0,48.8,0.06,0.02,0.07,0.04,29.89
67169,231,42.2073709,-108.4763071,11527,11507.9,35863,30855.0,263.78,463.06,263.44,0.794,4.6,109.66,107.67,-2.0,2.36,0.10,-49.15,341.5,-59.3,-20.9,39.1,228.79,818.9,27.0,269.8,30.7,57.9,161.0,48.9,0.06,0.02,0.07,0.04,30.02
67170,231,42.2066524,-108.4732693,11532,11512.8,35879,30885.0,263.72,463.06,263.38,0.794,4.6,109.67,107.66,-2.0,2.34,0.09,-49.20,341.5,-59.3,-21.0,38.9,228.61,818.7,27.0,269.7,30.7,57.9,161.1,48.9,0.06,0.02,0.07,0.04,30.23
67171,231,42.2059339,-108.4702315,11536,11517.6,35894,30913.0,263.65,462.94,263.25,0.793,4.6,109.66,107.65,-2.0,2.35,0.10,-49.28,341.5,-59.3,-21.1,38.7,228.45,818.8,27.0,269.6,30.7,57.9,161.1,48.8,0.06,0.02,0.07,0.04,30.56
67172,231,42.2052165,-108.4671948,11541,11522.5,35909,30886.5,263.59,462.81,263.12,0.793,4.6,109.64,107.66,-2.0,2.37,0.12,-49.32,341.5,-59.2,-21.1,38.6,228.29,818.7,26.9,269.8,30.7,57.9,161.1,48.9,0.06,0.02,0.07,0.04,30.74
67173,231,42.2044992,-108.4641587,11546,11527.4,35924,30923.5,263.52,462.69,262.94,0.793,4.6,109.63,107.64,-2.0,2.37,0.09,-49.35,341.5,-59.2,-21.2,38.6,228.12,818.9,26.9,269.7,30.7,57.9,161.1,48.9,0.06,0.02,0.07,0.04,30.92
67174,231,42.2037818,-108.4611232,11551,11532.3,35940,30931.5,263.52,462.69,262.88,0.793,4.6,109.63,107.63,-2.0,2.38,0.07,-49.35,341.6,-59.2,-21.2,38.7,227.95,818.4,27.0,269.7,30.7,57.9,161.1,49.0,0.06,0.02,0.07,0.04,30.97
67175,231,42.2030656,-108.4580877,11556,11537.1,35956,30958.0,263.40,462.50,262.69,0.793,4.6,109.63,107.63,-2.0,2.36,0.06,-49.43,341.6,-59.2,-21.3,38.9,227.77,818.3,26.9,269.7,30.7,57.9,161.1,49.0,0.06,0.02,0.07,0.04,31.27
67176,231,42.2023495,-108.4550527,11561,11542.0,35972,30956.0,263.40,462.44,262.56,0.793,4.7,109.62,107.62,-2.0,2.37,0.06,-49.46,341.6,-59.2,-21.3,39.1,227.60,818.3,26.9,269.7,30.7,57.9,161.1,49.0,0.06,0.02,0.07,0.04,31.43
67177,231,42.2016338,-108.4520183,11566,11546.8,35986,30956.0,263.33,462.31,262.38,0.793,4.6,109.61,107.61,-2.0,2.37,0.04,-49.50,341.6,-59.2,-21.4,39.4,227.44,818.3,26.9,269.7,30.7,57.9,161.1,49.0,0.06,0.02,0.07,0.04,31.59
67178,231,42.2009188,-108.4489845,11571,11551.6,36001,31013.0,263.33,462.25,262.31,0.793,4.6,109.59,107.60,-2.0,2.38,0.04,-49.54,341.6,-59.2,-21.4,39.5,227.28,818.3,27.0,269.7,30.7,57.9,161.2,49.1,0.06,0.02,0.07,0.04,31.77
67179,231,42.2002037,-108.4459513,11576,11556.5,36016,31028.5,263.20,462.25,262.25,0.793,4.6,109.58,107.59,-2.0,2.38,0.02,-49.59,341.6,-59.2,-21.5,39.6,227.12,818.0,26.8,269.7,30.7,57.8,161.2,49.1,0.06,0.02,0.07,0.04,31.94
67180,231,42.1994898,-108.4429180,11580,11561.3,36032,31041.0,263.20,462.19,262.12,0.793,4.6,109.57,107.58,-2.0,2.37,0.02,-49.68,341.5,-59.2,-21.6,39.7,226.94,817.7,26.9,269.7,30.7,57.8,161.2,49.2,0.06,0.02,0.07,0.04,32.29
67181,231,42.1987765,-108.4398854,11585,11566.1,36048,31044.0,263.14,462.06,262.00,0.793,4.7,109.55,107.58,-2.0,2.37,0.02,-49.72,341.5,-59.2,-21.6,39.7,226.77,817.8,26.8,269.9,30.7,57.9,161.2,49.1,0.06,0.02,0.07,0.04,32.43
67182,231,42.1980632,-108.4368533,11589,11570.9,36063,31045.5,263.14,462.00,261.88,0.793,4.7,109.54,107.57,-2.0,2.37,0.06,-49.77,341.5,-59.2,-21.7,39.6,226.60,817.8,26.9,269.9,30.7,58.0,161.2,49.0,0.06,0.02,0.07,0.04,32.58
67183,231,42.1973504,-108.4338212,11594,11575.6,36077,31064.0,263.07,462.12,261.94,0.793,4.6,109.53,107.56,-2.0,2.38,0.16,-49.78,341.6,-59.2,-21.7,39.6,226.45,817.6,26.8,269.8,30.7,58.0,161.2,49.0,0.06,0.02,0.07,0.04,32.63
67184,231,42.1966376,-108.4307902,11598,11580.4,36093,31088.0,263.01,462.06,261.81,0.793,4.6,109.53,107.55,-2.0,2.40,0.20,-49.82,341.6,-59.2,-21.7,39.6,226.28,817.4,26.8,269.6,30.7,58.0,161.2,49.0,0.06,0.02,0.07,0.04,32.75
67185,231,42.1959254,-108.4277599,11603,11585.2,36108,31125.0,262.95,461.88,261.69,0.793,4.6,109.52,107.55,-2.0,2.40,0.20,-49.90,341.6,-59.2,-21.8,39.6,226.12,817.3,26.8,269.8,30.7,58.0,161.3,49.0,0.06,0.02,0.07,0.04,33.03
67186,231,42.1952133,-108.4247295,11608,11590.0,36123,31106.5,262.95,461.88,261.56,0.793,4.6,109.52,107.56,-2.0,2.40,0.23,-49.95,341.5,-59.2,-21.9,39.7,225.95,817.2,26.7,269.8,30.7,58.0,161.3,49.0,0.06,0.02,0.07,0.04,33.21
67187,231,42.1945016,-108.4217003,11613,11594.8,36138,31106.0,262.88,461.69,261.38,0.793,4.6,109.51,107.54,-2.0,2.40,0.23,-49.94,341.6,-59.2,-21.9,39.7,225.79,817.2,26.8,269.8,30.7,58.0,161.3,49.0,0.06,0.02,0.07,0.04,33.12
67188,231,42.1937900,-108.4186716,11618,11599.6,36153,31126.0,262.82,461.56,261.25,0.792,4.6,109.50,107.55,-2.0,2.42,0.25,-49.97,341.7,-59.2,-21.9,39.8,225.63,817.0,26.8,269.9,30.7,58.0,161.3,48.9,0.06,0.02,0.07,0.04,33.23
67189,231,42.1930790,-108.4156435,11623,11604.5,36170,31191.5,262.75,461.44,261.06,0.792,4.6,109.49,107.53,-2.0,2.44,0.25,-50.04,341.6,-59.2,-22.0,39.8,225.44,817.0,26.8,269.9,30.7,58.0,161.3,49.0,0.06,0.02,0.06,0.04,33.47
67190,231,42.1923680,-108.4126160,11628,11609.3,36185,31174.5,262.69,461.44,261.00,0.792,4.7,109.48,107.54,-1.9,2.44,0.24,-50.10,341.6,-59.2,-22.1,39.8,225.28,816.8,26.7,270.0,30.7,58.0,161.3,49.0,0.06,0.02,0.06,0.04,33.63
67191,231,42.1916569,-108.4095891,11632,11614.2,36200,31188.0,262.56,461.12,260.75,0.792,4.6,109.46,107.53,-2.0,2.44,0.26,-50.12,341.6,-59.3,-22.1,39.8,225.12,816.8,26.7,270.1,30.7,58.1,161.3,49.0,0.06,0.02,0.06,0.04,33.66
67192,231,42.1909459,-108.4065633,11637,11619.0,36217,31207.5,262.62,461.12,260.62,0.792,4.7,109.45,107.53,-1.9,2.45,0.29,-50.15,341.7,-59.3,-22.2,39.7,224.93,816.6,26.7,270.3,30.7,58.0,161.3,49.0,0.06,0.02,0.06,0.04,33.74
67193,231,42.1902354,-108.4035381,11642,11623.9,36232,31240.5,262.56,460.88,260.44,0.791,4.8,109.44,107.53,-1.9,2.46,0.26,-50.18,341.7,-59.3,-22.2,39.7,224.77,816.7,26.8,270.4,30.7,58.0,161.4,49.0,0.06,0.02,0.06,0.04,33.78
67194,231,42.1895249,-108.4005134,11646,11628.7,36247,31239.0,262.50,460.69,260.25,0.791,4.7,109.43,107.54,-1.9,2.47,0.26,-50.20,341.7,-59.3,-22.3,39.6,224.61,816.5,26.8,270.5,30.7,58.0,161.4,49.0,0.06,0.02,0.06,0.04,33.78
67195,231,42.1888150,-108.3974888,11651,11633.5,36263,31292.0,262.37,460.62,260.12,0.791,4.7,109.43,107.53,-1.9,2.47,0.27,-50.29,341.7,-59.3,-22.4,39.6,224.44,816.3,26.7,270.4,30.7,58.1,161.4,49.0,0.06,0.02,0.06,0.04,34.03
67196,231,42.1881051,-108.3944658,11656,11638.3,36278,31303.5,262.30,460.50,260.00,0.791,4.7,109.43,107.53,-1.9,2.46,0.29,-50.33,341.7,-59.4,-22.4,39.6,224.28,816.5,26.7,270.4,30.7,58.1,161.4,49.0,0.06,0.02,0.06,0.04,34.06
67197,231,42.1873953,-108.3914429,11660,11643.0,36293,31289.0,262.30,460.31,259.88,0.791,4.6,109.44,107.52,-1.9,2.46,0.29,-50.36,341.7,-59.4,-22.5,39.8,224.11,816.5,26.8,270.3,30.7,58.1,161.4,49.0,0.06,0.02,0.06,0.04,34.05
67198,231,42.1866854,-108.3884206,11665,11647.7,36309,31285.0,262.24,460.38,259.75,0.791,4.6,109.45,107.53,-1.9,2.47,0.32,-50.41,341.7,-59.4,-22.5,39.9,223.94,816.4,26.7,270.2,30.7,58.1,161.4,48.9,0.06,0.02,0.06,0.04,34.12
67199,231,42.1859755,-108.3853994,11670,11652.4,36323,31346.0,262.17,460.38,259.75,0.791,4.6,109.45,107.53,-1.9,2.49,0.39,-50.41,341.8,-59.4,-22.5,40.0,223.79,816.1,26.7,270.2,30.7,58.2,161.4,48.8,0.06,0.02,0.06,0.04,33.97
67200,231,42.1852656,-108.3823787,11675,11657.1,36338,31321.5,262.11,460.12,259.50,0.791,4.6,109.43,107.53,-1.9,2.50,0.46,-50.53,341.7,-59.5,-22.7,40.1,223.63,816.1,26.7,270.5,30.7,58.2,161.4,48.8,0.06,0.02,0.06,0.04,34.28
67201,231,42.1845551,-108.3793592,11680,11661.9,36354,31375.5,262.11,459.88,259.25,0.790,4.6,109.41,107.53,-1.9,2.53,0.50,-50.55,341.7,-59.5,-22.7,40.2,223.46,816.1,26.8,270.7,30.7,58.2,161.5,48.9,0.06,0.02,0.06,0.04,34.19
67202,231,42.1838452,-108.3763409,11685,11666.6,36370,31364.0,262.04,459.75,259.12,0.790,4.6,109.40,107.54,-1.9,2.50,0.47,-50.58,341.7,-59.6,-22.8,40.3,223.29,816.2,26.8,270.9,30.6,58.2,161.5,48.9,0.06,0.02,0.06,0.04,34.12
67203,231,42.1831347,-108.3733231,11689,11671.2,36385,31400.0,261.92,459.56,258.94,0.790,4.6,109.39,107.55,-1.8,2.51,0.45,-50.57,341.8,-59.6,-22.8,40.4,223.13,816.1,26.7,271.0,30.6,58.2,161.5,48.9,0.06,0.02,0.06,0.04,33.90
67204,231,42.1824243,-108.3703059,11693,11675.8,36399,31433.0,261.92,459.19,258.62,0.789,4.6,109.35,107.56,-1.8,2.51,0.50,-50.58,341.9,-59.7,-22.8,40.5,222.98,815.8,26.8,271.6,30.6,58.3,161.5,48.8,0.06,0.02,0.06,0.04,33.72
67205,231,42.1817138,-108.3672899,11698,11680.4,36415,31467.5,261.85,459.06,258.44,0.789,4.6,109.35,107.57,-1.8,2.53,0.57,-50.56,342.0,-59.7,-22.8,40.5,222.80,815.7,26.8,271.7,30.6,58.2,161.5,48.9,0.06,0.02,0.06,0.04,33.45
67206,231,42.1810022,-108.3642744,11702,11684.9,36429,31447.5,261.79,459.00,258.31,0.789,4.6,109.38,107.57,-1.8,2.52,0.53,-50.60,342.0,-59.8,-22.9,40.5,222.65,815.6,26.8,271.5,30.6,58.2,161.5,48.9,0.06,0.02,0.06,0.04,33.41
67207,231,42.1802911,-108.3612595,11707,11689.4,36444,31428.5,261.72,458.69,258.06,0.788,4.5,109.43,107.59,-1.8,2.52,0.47,-50.61,342.0,-59.8,-22.9,40.5,222.49,815.6,27.0,271.2,30.6,58.2,161.5,48.8,0.06,0.02,0.06,0.04,33.21
67208,231,42.1795801,-108.3582457,11712,11693.9,36458,31462.0,261.66,458.62,257.94,0.788,4.4,109.48,107.59,-1.8,2.51,0.54,-50.65,342.0,-59.9,-23.0,40.3,222.34,815.8,27.0,270.9,30.6,58.4,161.6,48.7,0.06,0.02,0.06,0.04,33.15
67209,231,42.1788685,-108.3552331,11716,11698.4,36472,31485.0,261.59,458.44,257.75,0.788,4.3,109.51,107.60,-1.9,2.50,0.67,-50.68,342.1,-59.9,-23.0,40.2,222.19,815.6,27.1,270.7,30.6,58.4,161.6,48.6,0.06,0.02,0.06,0.04,33.03
67210,231,42.1781563,-108.3522211,11721,11702.9,36486,31455.5,261.59,458.31,257.62,0.788,4.2,109.54,107.62,-1.9,2.53,0.72,-50.71,342.1,-60.0,-23.1,40.0,222.04,815.6,27.1,270.7,30.6,58.4,161.6,48.5,0.06,0.02,0.06,0.04,32.90
67211,231,42.1774430,-108.3492108,11725,11707.4,36500,31503.0,261.53,458.19,257.44,0.788,4.2,109.57,107.63,-1.9,2.55,0.72,-50.75,342.1,-8888,-23.1,39.8,221.90,815.2,27.2,270.6,30.6,58.4,161.6,48.5,-9999,-9999,0.06,0.04,-9999
67212,231,42.1767296,-108.3462010,11729,11712.0,36515,31540.0,261.53,458.00,257.31,0.788,4.4,109.59,107.65,-1.9,2.57,0.72,-50.78,342.1,-8888,-23.2,39.7,221.74,815.2,27.3,270.6,30.6,58.4,161.6,48.5,-9999,-9999,0.06,0.04,-9999
67213,231,42.1760163,-108.3431919,11733,11716.5,36530,31537.0,261.40,457.81,257.12,0.787,4.5,109.62,107.68,-1.9,2.55,0.73,-50.81,342.1,-8888,-23.2,39.5,221.58,815.1,27.2,270.6,30.6,58.4,161.6,48.5,-9999,-9999,0.06,0.04,-9999
67214,231,42.1753018,-108.3401838,11738,11721.0,36545,31569.5,261.34,457.69,256.94,0.787,4.6,109.64,107.68,-1.9,2.55,0.73,-50.89,342.1,-8888,-23.3,39.3,221.42,815.3,27.2,270.5,30.6,58.4,161.6,48.5,-9999,-9999,0.06,0.04,-9999
67215,231,42.1745868,-108.3371769,11742,11725.5,36560,31585.5,261.27,457.56,256.81,0.787,4.5,109.67,107.70,-1.9,2.54,0.72,-50.92,342.1,-8888,-23.4,39.0,221.26,815.2,27.3,270.4,30.6,58.4,161.6,48.5,-9999,-9999,0.06,0.04,-9999
67216,231,42.1738712,-108.3341712,11746,11729.9,36575,31587.5,261.27,457.44,256.69,0.787,4.5,109.69,107.72,-2.0,2.55,0.73,-50.96,342.1,-8888,-23.4,38.5,221.10,815.0,27.3,270.5,30.6,58.4,161.7,48.4,-9999,-9999,0.06,0.04,-9999
67217,231,42.1731550,-108.3311660,11751,11734.3,36589,31640.5,261.14,457.31,256.56,0.787,4.4,109.69,107.74,-1.9,2.54,0.74,-50.99,342.1,-8888,-23.5,38.0,220.95,814.9,27.2,270.6,30.6,58.4,161.7,48.5,-9999,-9999,0.06,0.04,-9999
67218,231,42.1724382,-108.3281620,11755,11738.7,36603,31681.0,261.14,457.12,256.31,0.786,4.3,109.71,107.76,-1.9,2.53,0.74,-51.02,342.2,-8888,-23.5,37.7,220.80,815.0,27.3,270.8,30.6,58.4,161.7,48.5,-9999,-9999,0.06,0.04,-9999
67219,231,42.1717208,-108.3251592,11759,11743.0,36618,31623.0,261.08,457.06,256.25,0.786,4.3,109.71,107.78,-1.9,2.53,0.70,-51.06,342.2,-8888,-23.6,37.6,220.64,814.9,27.3,270.9,30.6,58.4,161.7,48.5,-9999,-9999,0.06,0.03,-9999
67220,231,42.1710029,-108.3221569,11764,11747.4,36631,31721.0,261.02,456.94,256.12,0.786,4.3,109.72,107.79,-1.9,2.54,0.66,-51.10,342.2,-8888,-23.6,37.6,220.50,814.7,27.3,270.9,30.6,58.3,161.7,48.6,-9999,-9999,0.06,0.03,-9999
67221,231,42.1702850,-108.3191551,11768,11751.7,36644,31723.0,261.02,456.94,256.06,0.786,4.1,109.73,107.81,-1.9,2.55,0.62,-51.11,342.2,-8888,-23.6,37.8,220.36,814.8,27.2,271.0,30.6,58.3,161.7,48.6,-9999,-9999,0.06,0.03,-9999
67222,231,42.1695660,-108.3161551,11772,11756.1,36657,32250.5,260.95,456.81,255.94,0.786,4.0,109.73,107.82,-1.9,2.56,0.58,-51.14,342.2,-8888,-23.7,38.1,220.23,814.7,27.2,271.1,30.6,58.2,161.7,48.7,-9999,-9999,0.06,0.03,-9999
67223,231,42.1688475,-108.3131551,11777,11760.6,36671,32237.5,260.82,456.75,255.81,0.786,4.1,109.73,107.85,-1.9,2.57,0.53,-51.17,342.2,-8888,-23.7,38.4,220.08,814.7,27.1,271.3,30.6,58.2,161.7,48.7,-9999,-9999,0.06,0.03,-9999
67224,231,42.1681284,-108.3101563,11782,11765.0,36685,32274.5,260.82,456.69,255.75,0.786,4.1,109.74,107.85,-1.9,2.57,0.48,-51.22,342.2,-8888,-23.8,38.5,219.93,814.7,27.1,271.3,30.6,58.2,161.8,48.8,-9999,-9999,0.06,0.03,-9999
67225,231,42.1674088,-108.3071585,11786,11769.5,36699,32248.0,260.82,456.75,255.69,0.786,4.2,109.74,107.86,-1.9,2.57,0.45,-51.23,342.3,-8888,-23.8,38.7,219.78,814.4,27.1,271.4,30.6,58.2,161.8,48.8,-9999,-9999,0.06,0.03,-9999
67226,231,42.1666897,-108.3041614,11791,11774.0,36713,32250.5,260.76,456.81,255.69,0.786,4.2,109.74,107.87,-1.9,2.58,0.43,-51.29,342.3,-8888,-23.8,38.7,219.64,814.4,27.0,271.3,30.6,58.1,161.8,48.8,-9999,-9999,0.06,0.03,-9999
67227,231,42.1659701,-108.3011648,11795,11778.4,36727,32253.5,260.69,456.88,255.69,0.787,4.1,109.75,107.89,-1.9,2.59,0.38,-51.30,342.3,-8888,-23.8,38.6,219.49,814.6,26.9,271.4,30.6,58.2,161.8,49.0,-9999,-9999,0.06,0.03,-9999
67228,231,42.1652504,-108.2981688,11799,11782.7,36741,32315.0,260.63,456.81,255.50,0.786,4.2,109.74,107.89,-1.9,2.49,0.33,-51.33,342.3,-8888,-23.9,38.6,219.34,814.2,26.8,271.5,30.6,58.2,161.8,49.1,-9999,-9999,0.06,0.03,-9999
67229,231,42.1645308,-108.2951734,11804,11786.7,36755,32323.5,260.57,456.75,255.44,0.786,4.3,109.74,107.90,-1.8,2.42,0.34,-51.38,342.3,-8888,-23.9,38.6,219.19,814.5,26.8,271.5,30.6,58.3,161.8,49.2,-9999,-9999,0.06,0.03,-9999
67230,231,42.1638106,-108.2921780,11808,11790.6,36769,32320.5,260.50,456.94,255.56,0.787,4.2,109.76,107.90,-1.8,2.34,0.35,-51.41,342.3,-8888,-23.9,38.6,219.04,814.3,26.7,271.2,30.6,58.3,161.8,49.2,-9999,-9999,0.06,0.03,-9999
67231,231,42.1630904,-108.2891831,11811,11794.2,36780,32303.5,260.50,457.06,255.56,0.787,4.0,109.79,107.90,-1.9,2.32,0.35,-51.42,342.4,-8888,-23.9,38.8,218.93,814.4,26.6,271.0,30.6,58.3,161.8,49.2,-9999,-9999,0.06,0.03,-9999
67232,231,42.1623702,-108.2861889,11815,11797.8,36791,32314.5,260.44,457.19,255.69,0.788,3.7,109.82,107.90,-1.9,2.33,0.40,-51.45,342.4,-8888,-23.9,38.9,218.81,814.3,26.6,270.6,30.6,58.4,161.9,49.1,-9999,-9999,0.06,0.03,-9999
67233,231,42.1616494,-108.2831946,11819,11801.4,36803,32332.0,260.44,457.31,255.62,0.788,3.6,109.85,107.92,-1.9,2.31,0.43,-51.51,342.3,-8888,-24.0,39.0,218.69,814.2,26.5,270.5,30.6,58.4,161.9,49.1,-9999,-9999,0.05,0.03,-9999
