Data/Raw/YANG,MELISSA/FIREXAQ-MetNav_DC8_20190716_R0.ict
76, 1001
Project Office
NSRC - National Suborbital Research Center
N817NA Meteorological and Navigation Facility Instrumentation
FIREX-AQ/SARP
1,1
2019,07,16,2020,03,05
1
Time_Start, seconds (from midnight UTC)
35
1,1,1,1,1,1,1,1,1,1,1,1,1,1,1,1,1,1,1,1,1,1,1,1,1,1,1,1,1,1,1,1,1,1,1
-9999,-9999,-9999,-9999,-9999,-9999,-9999,-9999,-9999,-9999,-9999,-9999,-9999,-9999,-9999,-9999,-9999,-9999,-9999,-9999,-9999,-9999,-9999,-9999,-9999,-9999,-9999,-9999,-9999,-9999,-9999,-9999,-9999,-9999,-9999
Day_Of_Year, day, None, calendar day beginning January 1
Latitude, deg, Platform_Latitude_InSitu_None
Longitude, deg, Platform_Longitude_InSitu_None
MSL_GPS_Altitude, m, Platform_AltitudeMSL_InSitu_None
HAE_GPS_Altitude, m, Platform_AltitudeEllipsoid_InSitu_None, reference WGS-84
Pressure_Altitude, ft, Platform_AltitudePressure_InSitu_None
Radar_Altitude, ft, Platform_AltitudeAGL_InSitu_None
Ground_Speed, m/s, Platform_GroundSpeed_InSitu_None
True_Air_Speed, kts, Platform_AircraftTrueAirSpeed_InSitu_None
Indicated_Air_Speed, kts, Platform_AircraftIndicatedAirSpeed_InSitu_None
Mach_Number, mach, None
Vertical_Speed, m/s, None
True_Heading, deg 0-360, Platform_HeadingTrue_InSitu_None, cw from +y
Track_Angle, deg 0-360, Platform_TrackAngle_InSitu_None, cw from +y
Drift_Angle, deg +-180, Platform_DriftAngle_InSitu_None, cw from +y
Pitch_Angle, deg +-180, Platform_PitchAngle_InSitu_None, up+
Roll_Angle, deg +-180, Platform_RollAngle_InSitu_None, rt+
Static_Air_Temp, degrees Celcius, Met_StaticAirTemperature_InSitu_None
Potential_Temp, Kelvin, Met_PotentialTemperature_InSitu_None
Dew_Point, degrees Celcius, Met_DewPoint_InSitu_None
Total_Air_Temp, degrees Celcius, None
IR_Surf_Temp, degrees Celcius, Met_SufaceTemperature_InSitu_None
Static_Pressure, hPa, Met_StaticPressure_InSitu_None
Cabin_Pressure, hPa, None
Wind_Speed, m/s, Met_WindSpeed_InSitu_None, limited to where Roll_Angle does not exceed 5 degrees
Wind_Direction, deg 0-360 cw from +y, Met_WindDirection_InSitu_None, limited to where Roll_Angle does not exceed 5 degrees
Solar_Zenith_Angle, deg, Platform_SolarZenithAngle_InSitu_None
Aircraft_Sun_Elevation, deg, None
Sun_Azimuth, deg, Platform_SolarAzimuthAngle_InSitu_None
Aircraft_Sun_Azimuth, deg, None
Mixing_Ratio, g/kg, Met_H2OMR_InSitu_None
Part_Press_Water_Vapor, hPa, Met_PartialPressureH2O_InSitu_None
Sat_Vapor_Press_H2O, hPa, Met_SatVaporPressureH2OWater_InSitu_None
Sat_Vapor_Press_Ice, hPa, Met_SatVaporPressureH2OIce_InSitu_None
Relative_Humidity, percent, Met_RelativeHumidityWater_InSitu_None
0
27
PI_CONTACT_INFO: Melissa Yang Martin, m.yang@baeri.org 
Platform: NASA DC-8 N817NA
LOCATION: Included in data records
ASSOCIATED_DATA: This flight represents SARP Science Flight #1 out of Palmdale, CA. This flight includes a run over to Searles Valley post-earthquake, several missed approaches at San Joaquin Valley airfields and a TCCON spiral. See SARP archive on Langley archive at https://www-air.larc.nasa.gov/missions/sarp/index.html
INSTRUMENT_INFO: 
	Position, attitude, ground speed, and vertical speed from LN251
	Wind_Speed and Wind_Direction calculated from LN251, Aircraft Data System-85
	Radar_Altitude from APN-232
	Total_Air_Temperature from Rosemount 102 type non-deiced with Laurels LTE signal conditioner
	IR_Surface_Temp from KT-19.85II
[...]
ULOD_FLAG:-7777
ULOD_VALUE:366,90,180,N/A,N/A,57343,65000,N/A,600,510,0.99,104.04,360,360,180,180,180,60,N/A,90,99,200,N/A,1333.22,N/A,360,N/A,N/A,N/A,N/A,N/A,N/A,N/A,N/A,N/A
LLOD_FLAG:-8888
LLOD_VALUE:0,-90,-180,N/A,N/A,-1871,0,0,0,0,0,-104.04,0,0,-180,-180,-180,-99,N/A,-60,-60,-50,N/A,0.66,0,0,N/A,N/A,N/A,N/A,N/A,N/A,N/A,N/A,N/A
DM_CONTACT_INFO: Ryan Bennett, r.bennett@baeri.org
PROJECT_INFO: N/A
STIPULATIONS_ON_USE: Please contact DM or PI with questions before use.
OTHER_COMMENTS: Wind Speed and Wind Direction flagged where Roll_Angle exceeds 5 degrees.
REVISION: R0
R0: Public release data with limits of detection and instrument calibrations applied to Total_Air_Temp (follows through to reduction to Static_Air_Temp and calculation of Potential_Temp), and Cabin_Pressure.
RA: Preliminary field data with limits of detection applied.
Time_Start,Day_Of_Year,Latitude,Longitude,MSL_GPS_Altitude,HAE_GPS_Altitude,Pressure_Altitude,Radar_Altitude,Ground_Speed,True_Air_Speed,Indicated_Air_Speed,Mach_Number,Vertical_Speed,True_Heading,Track_Angle,Drift_Angle,Pitch_Angle,Roll_Angle,Static_Air_Temp,Potential_Temp,Dew_Point,Total_Air_Temp,IR_Surf_Temp,Static_Pressure,Cabin_Pressure,Wind_Speed,Wind_Direction,Solar_Zenith_Angle,Aircraft_Sun_Elevation,Sun_Azimuth,Aircraft_Sun_Azimuth,Mixing_Ratio,Part_Press_Water_Vapor,Sat_Vapor_Press_H2O,Sat_Vapor_Press_Ice,Relative_Humidity
[from data line 1269]
70185,197,35.7901955,-117.3387909,1117,-9999,3650,2039.0,133.50,255.69,234.00,0.378,-1.1,35.42,35.39,0.8,4.57,12.05,28.48,312.2,5.6,37.1,55.3,886.55,965.2,-9999,-9999,15.6,86.7,156.2,166.9,6.52,9.20,39.24,51.57,23.45
70186,197,35.7912254,-117.3379326,1119,-9999,3654,2042.5,133.56,254.31,232.56,0.376,-0.3,36.50,35.94,0.6,5.84,13.66,28.54,312.3,5.6,37.1,55.7,886.41,965.2,-9999,-9999,15.6,87.9,156.2,-156.0,6.51,9.18,39.37,51.77,23.31
70187,197,35.7920837,-117.3370743,1122,-9999,3663,2048.5,133.63,253.25,231.50,0.374,0.8,37.55,36.71,0.5,6.42,15.62,28.56,312.3,5.6,37.0,55.9,886.12,965.1,-9999,-9999,15.6,87.1,156.2,-122.2,6.53,9.21,39.43,51.85,23.36
70188,197,35.7931137,-117.3362160,1125,-9999,3670,2062.0,133.63,254.25,232.75,0.376,1.6,38.46,37.69,0.7,5.76,16.14,28.53,312.3,5.5,37.1,55.9,885.89,965.1,-9999,-9999,15.6,86.9,156.2,-127.4,6.46,9.11,39.35,51.73,23.14
70189,197,35.7939720,-117.3351860,1129,-9999,3676,2077.5,133.56,255.94,234.19,0.379,1.8,39.72,38.80,0.5,5.89,16.20,28.41,312.2,5.2,37.1,55.8,885.69,965.0,-9999,-9999,15.6,87.3,156.2,-117.0,6.34,8.94,39.10,51.35,22.86
70190,197,35.7948303,-117.3341560,1133,-9999,3689,2089.0,133.43,254.88,233.12,0.377,2.4,41.17,39.78,0.1,6.41,16.39,28.39,312.2,5.0,37.0,55.6,885.26,964.9,-9999,-9999,15.6,87.2,156.2,-103.1,6.28,8.84,39.04,51.26,22.66
70191,197,35.7956886,-117.3332977,1137,-9999,3703,2101.5,133.18,255.38,233.50,0.378,3.2,42.51,40.78,-0.3,6.45,16.90,28.31,312.2,4.8,36.9,55.4,884.81,964.9,-9999,-9999,15.6,87.4,156.3,-94.0,6.18,8.71,38.87,51.00,22.41
70192,197,35.7967186,-117.3322678,1141,-9999,3717,2114.0,133.18,255.25,233.31,0.377,3.7,43.70,41.86,-0.5,6.74,16.14,28.28,312.2,4.8,36.9,55.2,884.35,964.7,-9999,-9999,15.6,88.5,156.3,-75.8,6.17,8.69,38.78,50.87,22.40
70193,197,35.7975769,-117.3312378,1146,-9999,3730,2126.5,133.11,254.06,232.31,0.376,3.9,44.98,42.87,-0.6,6.65,14.89,28.29,312.3,4.9,36.8,55.1,883.92,964.5,-9999,-9999,15.6,89.2,156.3,-40.1,6.21,8.74,38.81,50.91,22.52
70194,197,35.7982635,-117.3302078,1150,-9999,3745,2140.5,133.11,254.06,232.06,0.376,4.1,46.29,43.95,-0.9,6.58,14.87,28.26,312.3,5.0,36.8,55.0,883.43,964.4,-9999,-9999,15.6,89.1,156.3,-25.7,6.28,8.83,38.74,50.80,22.80
70195,197,35.7991219,-117.3290062,1155,-9999,3760,2159.0,133.11,253.00,231.00,0.374,4.3,47.79,44.98,-1.3,6.35,14.27,28.42,312.5,5.8,36.9,54.9,882.94,964.6,-9999,-9999,15.6,88.8,156.3,36.3,6.64,9.33,39.12,51.38,23.85
70196,197,35.7999802,-117.3279762,1161,-9999,3776,2174.5,133.18,254.50,232.44,0.377,4.6,49.36,46.02,-1.8,6.22,12.95,28.40,312.5,5.9,37.0,54.9,882.41,964.3,-9999,-9999,15.6,87.6,156.4,54.7,6.68,9.37,39.06,51.30,23.98
70197,197,35.8008385,-117.3269463,1168,-9999,3795,2194.0,133.24,256.19,234.00,0.379,5.0,51.04,47.04,-2.4,6.30,12.50,28.25,312.4,5.8,36.9,54.8,881.79,964.4,-9999,-9999,15.6,87.0,156.4,53.9,6.65,9.32,38.72,50.77,24.08
70198,197,35.8015251,-117.3257446,1176,-9999,3813,2215.5,133.24,256.56,234.19,0.380,5.3,52.48,48.05,-3.1,6.08,12.18,28.12,312.4,5.7,36.8,54.8,881.20,964.1,-9999,-9999,15.6,86.5,156.4,52.3,6.60,9.25,38.44,50.34,24.06
70199,197,35.8023834,-117.3247147,1184,-9999,3837,2241.0,133.31,257.06,234.56,0.380,5.8,53.55,49.00,-3.4,6.41,12.38,28.05,312.4,5.7,36.8,54.8,880.42,964.1,-9999,-9999,15.6,86.2,156.4,47.3,6.58,9.22,38.27,50.08,24.10
70200,197,35.8030701,-117.3235130,1193,-9999,3863,2270.0,133.24,257.50,234.81,0.381,6.6,54.12,49.92,-3.0,6.23,11.37,27.88,312.3,5.4,36.6,54.6,879.57,964.4,-9999,-9999,15.6,85.1,156.4,59.0,6.48,9.08,37.91,49.54,23.94
70201,197,35.8037567,-117.3223114,1202,-9999,3890,2299.0,133.31,255.44,233.25,0.378,7.3,54.53,50.94,-2.6,5.72,9.43,27.94,312.4,5.2,36.6,54.4,878.69,964.2,-9999,-9999,15.6,83.3,156.4,72.0,6.37,8.91,38.03,49.73,23.42
70202,197,35.8046150,-117.3211098,1210,-9999,3915,2324.5,133.24,257.56,234.94,0.382,7.6,55.11,51.84,-2.3,5.11,7.39,27.70,312.3,5.2,36.5,54.1,877.87,964.0,-9999,-9999,15.6,81.8,156.5,77.7,6.40,8.94,37.51,48.94,23.83
70203,197,35.8053017,-117.3199081,1218,-9999,3939,2339.5,133.37,258.94,236.06,0.383,7.6,55.59,52.55,-2.4,5.28,6.36,27.77,312.4,5.0,36.6,53.8,877.09,963.9,-9999,-9999,15.6,80.4,156.5,77.8,6.31,8.80,37.65,49.14,23.38
70204,197,35.8059883,-117.3187065,1225,-9999,3963,2360.0,133.56,259.75,236.50,0.385,7.5,55.46,53.11,-1.9,5.13,4.81,27.71,312.4,4.8,36.6,53.4,876.31,964.1,5.5,143.6,15.6,79.4,156.5,80.9,6.24,8.70,37.52,48.96,23.20
70205,197,35.8066750,-117.3175049,1232,-9999,3984,2382.5,134.08,258.06,234.94,0.382,7.1,55.39,53.59,-1.3,4.71,4.65,27.44,312.2,4.8,36.2,53.1,875.62,964.0,4.4,162.0,15.6,79.4,156.5,82.1,6.24,8.70,36.93,48.07,23.57
70206,197,35.8073616,-117.3163033,1238,-9999,4003,2397.5,134.46,258.00,235.00,0.382,6.6,55.48,54.07,-1.0,4.94,4.32,27.33,312.2,5.4,36.1,52.7,875.01,964.1,3.7,172.7,15.6,78.6,156.5,81.1,6.49,9.04,36.70,47.71,24.62
70207,197,35.8080482,-117.3151016,1243,-9999,4020,2413.0,134.91,259.38,236.12,0.384,6.1,55.73,54.41,-1.0,5.28,3.13,27.28,312.2,5.4,36.2,52.5,874.45,964.4,3.4,170.7,15.6,77.7,156.6,79.3,6.52,9.07,36.59,47.54,24.79
70208,197,35.8087349,-117.3139000,1249,-9999,4037,2426.5,135.43,261.00,237.56,0.387,5.6,55.89,54.65,-0.9,6.21,2.97,27.22,312.2,5.4,36.2,52.4,873.90,963.9,3.1,166.9,15.6,77.3,156.6,75.1,6.53,9.08,36.46,47.36,24.89
70209,197,35.8094215,-117.3126984,1256,-9999,4057,2444.5,135.75,260.12,236.62,0.385,5.5,55.89,54.94,-0.7,7.15,1.87,27.15,312.2,5.1,36.1,52.4,873.25,963.9,3.0,186.2,15.6,75.6,156.6,73.5,6.39,8.88,36.32,47.14,24.44
70210,197,35.8101082,-117.3113251,1265,-9999,4081,2474.5,135.94,258.50,234.94,0.383,6.1,55.96,55.16,-0.6,7.48,0.31,27.06,312.2,5.0,35.9,52.6,872.47,963.8,3.5,202.9,15.6,74.3,156.6,74.8,6.37,8.84,36.14,46.86,24.46
70211,197,35.8107948,-117.3101234,1274,-9999,4105,2503.5,136.07,258.06,234.56,0.382,6.7,56.16,55.28,-0.8,7.33,-0.49,26.99,312.2,4.8,35.8,52.9,871.69,963.5,3.9,203.7,15.6,73.6,156.6,75.5,6.26,8.69,35.98,46.62,24.16
70212,197,35.8116531,-117.3089218,1283,-9999,4131,2523.5,136.13,257.94,234.38,0.382,7.2,56.30,55.34,-1.0,7.54,-0.93,26.95,312.2,4.9,35.7,53.6,870.85,963.7,4.1,202.6,15.6,73.2,156.7,74.7,6.31,8.75,35.89,46.49,24.39
70213,197,35.8123398,-117.3077202,1293,-9999,4161,2546.0,136.13,257.19,233.62,0.381,7.7,56.23,55.24,-1.1,7.79,-1.16,26.89,312.2,4.8,35.6,54.2,869.88,963.9,4.5,204.5,15.6,72.9,156.7,74.7,6.28,8.69,35.78,46.32,24.30
70214,197,35.8130264,-117.3063469,1302,-9999,4190,2567.0,136.20,258.38,234.56,0.383,8.2,56.06,55.15,-1.0,7.86,-1.31,26.77,312.2,4.7,35.6,55.0,868.94,963.5,3.9,202.5,15.6,72.9,156.7,74.5,6.22,8.60,35.51,45.92,24.22
70215,197,35.8137131,-117.3051453,1312,-9999,4219,2585.0,136.20,257.94,234.12,0.382,8.5,55.83,55.06,-0.9,7.93,-1.30,26.64,312.2,4.5,35.4,56.0,868.01,963.5,3.9,208.0,15.6,72.8,156.7,74.7,6.15,8.49,35.25,45.54,24.09
70216,197,35.8143997,-117.3039436,1321,-9999,4250,2605.5,136.20,258.69,234.81,0.384,8.9,55.58,54.96,-0.8,7.93,-1.80,26.54,312.2,4.6,35.4,56.8,867.00,963.5,3.4,210.2,15.6,72.2,156.7,75.6,6.21,8.57,35.04,45.21,24.46
70217,197,35.8150864,-117.3027420,1332,-9999,4281,2624.0,136.20,260.06,236.00,0.386,9.1,55.45,54.83,-0.8,7.87,-2.24,26.44,312.2,4.8,35.4,57.4,866.00,963.3,2.8,203.7,15.6,72.1,156.7,76.1,6.30,8.69,34.83,44.90,24.94
70218,197,35.8157730,-117.3015404,1343,-9999,4312,2645.5,136.26,261.00,236.38,0.387,9.3,55.40,54.65,-0.9,7.75,-1.88,26.24,312.1,5.3,35.2,58.0,865.01,963.0,2.7,193.1,15.6,72.6,156.8,76.1,6.56,9.03,34.43,44.31,26.21
70219,197,35.8164597,-117.3003387,1353,-9999,4343,2665.5,136.39,260.38,235.81,0.386,9.4,55.34,54.46,-1.1,7.70,-1.70,26.18,312.1,5.3,35.1,58.4,864.01,963.5,3.2,194.6,15.6,72.6,156.8,76.4,6.53,8.97,34.31,44.13,26.16
70220,197,35.8173180,-117.2989655,1363,-9999,4373,2685.0,136.65,259.19,234.75,0.384,9.3,55.24,54.29,-1.2,7.68,-1.47,26.16,312.2,5.1,35.0,58.6,863.04,963.3,4.0,200.7,15.6,73.2,156.8,75.6,6.47,8.89,34.26,44.06,25.94
70221,197,35.8180046,-117.2977638,1373,-9999,4404,2698.0,136.78,259.25,234.69,0.385,9.3,54.95,54.10,-1.0,8.04,-0.66,26.05,312.2,5.2,34.9,58.7,862.05,963.5,3.9,204.2,15.6,73.6,156.8,74.2,6.51,8.93,34.05,43.73,26.22
70222,197,35.8186913,-117.2965622,1383,-9999,4436,2712.0,136.97,260.38,235.62,0.387,9.4,54.62,54.03,-0.8,8.17,-0.69,25.92,312.2,5.5,34.9,58.6,861.02,963.2,3.3,209.4,15.6,73.5,156.8,74.5,6.65,9.11,33.79,43.35,26.95
70223,197,35.8193779,-117.2953606,1393,-9999,4467,2721.5,137.16,260.88,235.94,0.387,9.5,54.43,53.91,-0.6,8.09,-0.85,25.89,312.2,5.5,34.9,58.5,860.02,963.3,3.2,211.5,15.6,73.5,156.9,75.0,6.69,9.16,33.72,43.25,27.16
70224,197,35.8202362,-117.2941589,1404,-9999,4498,2729.0,137.23,260.62,235.62,0.387,9.5,54.22,53.84,-0.5,8.11,-0.91,25.71,312.1,5.3,34.7,58.2,859.03,963.2,3.3,218.1,15.6,73.4,156.9,75.1,6.57,8.97,33.37,42.73,26.89
70225,197,35.8209229,-117.2929573,1414,-9999,4531,2731.5,137.36,260.69,235.62,0.387,9.7,54.16,53.77,-0.5,8.15,-1.13,25.65,312.2,5.0,34.6,58.0,857.97,963.2,3.4,217.9,15.6,73.4,156.9,75.1,6.44,8.79,33.25,42.55,26.43
70226,197,35.8216095,-117.2915840,1425,-9999,4565,2734.5,137.42,260.38,235.19,0.387,9.8,54.22,53.66,-0.7,8.07,-0.48,25.53,312.2,4.8,34.5,57.8,856.89,963.2,3.7,213.0,15.6,74.0,156.9,74.7,6.37,8.69,33.01,42.20,26.33
70227,197,35.8224678,-117.2903824,1436,-9999,4597,2741.0,137.49,261.38,236.12,0.389,9.8,54.24,53.54,-0.8,8.14,-0.25,25.45,312.2,4.6,34.5,57.6,855.86,963.1,3.5,205.0,15.6,74.1,156.9,74.2,6.27,8.55,32.85,41.95,26.02
70228,197,35.8231544,-117.2891808,1447,-9999,4631,2751.0,137.55,261.56,236.12,0.389,10.0,54.24,53.44,-0.8,8.23,-0.23,25.39,312.2,4.4,34.4,57.5,854.78,963.2,3.5,201.4,15.6,74.2,157.0,73.9,6.19,8.43,32.73,41.78,25.75
70229,197,35.8238411,-117.2879791,1459,-9999,4665,2759.0,137.68,260.69,235.06,0.387,10.1,54.17,53.38,-0.9,8.13,0.11,25.16,312.1,4.6,34.1,57.4,853.69,962.8,4.0,206.2,15.6,74.5,157.0,74.2,6.30,8.57,32.30,41.14,26.52
70230,197,35.8246994,-117.2867775,1470,-9999,4699,2734.5,137.74,261.19,235.62,0.389,10.2,53.84,53.36,-0.6,8.15,0.01,25.06,312.1,5.3,34.1,57.4,852.61,962.8,3.6,214.6,15.6,74.3,157.0,74.3,6.63,8.99,32.10,40.84,28.00
70231,197,35.8253860,-117.2855759,1482,-9999,4734,2747.0,137.87,262.31,236.25,0.390,10.4,53.65,53.33,-0.4,8.12,-0.38,25.05,312.2,5.3,34.1,57.4,851.50,962.7,3.0,219.0,15.6,74.0,157.0,75.2,6.66,9.02,32.08,40.82,28.11
70232,197,35.8260727,-117.2843742,1494,-9999,4770,2798.5,137.87,264.12,238.19,0.393,10.6,53.66,53.31,-0.4,8.10,0.07,24.84,312.1,5.3,34.1,57.4,850.35,962.9,2.2,210.3,15.6,74.9,157.0,74.4,6.65,9.00,31.68,40.23,28.41
70233,197,35.8267593,-117.2831726,1505,-9999,4805,2803.0,138.00,262.88,236.44,0.390,10.6,53.65,53.27,-0.4,7.89,0.91,24.74,312.1,5.1,33.8,57.1,849.24,962.8,2.9,215.4,15.6,75.3,157.0,74.8,6.58,8.89,31.49,39.95,28.25
70234,197,35.8276176,-117.2817993,1516,-9999,4839,2737.5,138.00,261.31,235.25,0.389,10.6,53.46,53.26,-0.2,7.84,0.42,24.75,312.3,4.8,33.8,56.9,848.16,962.8,3.6,225.9,15.6,74.8,157.1,75.7,6.44,8.69,31.51,39.98,27.56
70235,197,35.8283043,-117.2805977,1528,-9999,4874,2643.0,138.13,265.06,238.31,0.394,10.6,53.57,53.26,-0.3,7.79,-0.24,24.50,312.1,4.8,33.8,56.3,847.05,962.7,1.9,210.4,15.6,74.2,157.1,76.3,6.43,8.67,31.04,39.29,27.93
70236,197,35.8291626,-117.2793961,1539,-9999,4906,2591.0,138.26,266.19,239.38,0.396,10.4,53.75,53.22,-0.5,7.70,-0.48,24.50,312.2,4.5,33.9,55.7,846.04,962.8,1.8,189.6,15.6,74.0,157.1,76.5,6.33,8.52,31.05,39.30,27.45
70237,197,35.8298492,-117.2781944,1550,-9999,4940,2645.5,138.39,268.38,240.94,0.400,10.2,53.92,53.20,-0.8,7.89,-0.50,24.30,312.1,4.7,33.8,55.0,844.97,962.6,1.8,154.1,15.6,74.0,157.1,75.7,6.40,8.61,30.68,38.77,28.05
70238,197,35.8305359,-117.2769928,1561,-9999,4974,2715.0,138.51,266.88,240.06,0.397,10.3,54.06,53.10,-1.0,7.93,-0.16,24.32,312.3,5.2,33.7,53.8,843.89,962.6,2.6,171.4,15.6,74.3,157.1,75.2,6.67,8.96,30.70,38.80,29.17
70239,197,35.8313942,-117.2757912,1572,-9999,5008,2752.5,138.58,266.19,239.25,0.396,10.3,54.10,53.01,-1.1,7.95,-0.32,24.27,312.3,5.5,33.6,53.0,842.82,962.6,3.1,175.6,15.6,74.1,157.2,75.3,6.79,9.10,30.62,38.68,29.72
70240,197,35.8320808,-117.2745895,1583,-9999,5044,2707.0,138.58,266.81,239.56,0.397,10.3,54.14,52.96,-1.2,7.97,-0.16,24.10,312.3,5.3,33.5,52.2,841.68,962.6,3.1,168.4,15.6,74.4,157.2,75.1,6.71,8.99,30.30,38.21,29.66
70241,197,35.8327675,-117.2732162,1594,-9999,5078,2640.0,138.71,266.31,239.19,0.397,10.4,54.10,52.92,-1.2,7.89,0.50,24.10,312.4,5.0,33.5,51.7,840.61,962.6,3.3,174.5,15.6,74.9,157.2,74.6,6.61,8.84,30.31,38.23,29.18
70242,197,35.8336258,-117.2720146,1606,-9999,5113,2636.0,138.77,267.62,240.19,0.399,10.4,53.96,52.91,-1.1,7.92,0.08,23.97,312.4,4.8,33.4,51.5,839.51,962.4,2.8,166.8,15.6,74.4,157.2,75.3,6.51,8.70,30.07,37.87,28.92
70243,197,35.8343124,-117.2708130,1617,-9999,5148,2676.0,138.77,267.06,239.69,0.398,10.5,54.01,52.88,-1.1,8.00,0.08,23.86,312.4,4.6,33.3,51.5,838.41,962.4,3.1,170.2,15.6,74.3,157.2,75.3,6.44,8.60,29.87,37.58,28.77
70244,197,35.8351707,-117.2696114,1628,-9999,5181,2700.5,138.90,267.06,239.12,0.398,10.5,54.01,52.89,-1.2,7.89,-0.65,23.63,312.2,4.6,33.0,51.7,837.38,962.3,3.1,172.7,15.6,73.6,157.2,76.1,6.43,8.57,29.47,37.00,29.09
70245,197,35.8358574,-117.2684097,1640,-9999,5217,2716.0,138.90,264.25,236.75,0.394,10.5,53.77,52.83,-1.0,7.92,-1.34,23.61,312.3,4.4,32.8,51.9,836.25,962.2,3.7,196.0,15.6,73.5,157.3,76.7,6.33,8.43,29.43,36.94,28.64
70246,197,35.8367157,-117.2672081,1651,-9999,5251,2721.0,138.96,265.94,238.19,0.396,10.6,53.53,52.77,-0.9,7.62,-0.52,23.54,312.4,4.9,32.9,52.1,835.18,962.2,2.8,192.9,15.6,74.2,157.3,77.3,6.60,8.77,29.31,36.77,29.92
70247,197,35.8374023,-117.2660065,1663,-9999,5287,2716.0,139.09,267.50,239.88,0.399,10.6,53.38,52.75,-0.8,7.67,-1.19,23.46,312.4,5.1,32.9,52.4,834.06,962.1,2.1,186.9,15.6,73.4,157.3,77.8,6.70,8.89,29.17,36.56,30.49
70248,197,35.8380890,-117.2646332,1676,-9999,5324,2710.5,139.16,269.00,240.94,0.401,10.9,53.27,52.60,-0.8,7.52,-0.85,23.33,312.4,4.8,32.9,52.6,832.90,962.0,1.8,168.4,15.6,74.2,157.3,78.3,6.56,8.69,28.93,36.22,30.04
70249,197,35.8389473,-117.2634315,1688,-9999,5360,2676.5,139.29,267.44,239.12,0.398,11.0,53.27,52.51,-0.9,7.33,0.05,23.10,312.3,4.7,32.5,52.7,831.77,962.0,2.5,185.6,15.6,74.6,157.3,77.9,6.54,8.66,28.54,35.65,30.33
70250,197,35.8396339,-117.2622299,1699,-9999,5399,2656.0,139.35,267.50,239.38,0.399,11.1,52.85,52.40,-0.6,7.49,-0.36,22.98,312.3,5.0,32.4,52.8,830.56,962.0,2.0,200.5,15.6,74.2,157.4,78.5,6.66,8.80,28.33,35.34,31.05
70251,197,35.8404922,-117.2610283,1713,-9999,5439,2639.0,139.48,266.75,238.38,0.398,11.7,52.75,52.34,-0.5,6.96,-0.90,22.98,312.4,5.4,32.4,52.8,829.31,962.0,2.5,208.7,15.6,74.1,157.4,81.5,6.87,9.06,28.34,35.36,31.98
70252,197,35.8411789,-117.2598267,1725,-9999,5473,2601.5,139.61,269.50,241.00,0.403,11.5,52.76,52.28,-0.5,6.36,-0.24,22.87,312.4,5.4,32.5,52.8,828.25,961.7,1.5,182.3,15.6,74.9,157.4,81.2,6.88,9.06,28.14,35.08,32.20
70253,197,35.8420372,-117.2586250,1736,-9999,5507,2576.5,139.86,268.62,239.50,0.400,11.0,52.54,52.23,-0.4,7.13,0.60,22.78,312.4,5.3,32.3,52.8,827.20,961.5,1.8,208.3,15.6,75.3,157.4,78.7,6.85,9.01,28.00,34.87,32.17
70254,197,35.8427238,-117.2574234,1746,-9999,5545,2600.0,140.12,268.81,240.12,0.402,10.9,52.65,52.18,-0.5,7.34,0.37,22.66,312.4,5.2,32.2,52.8,826.02,961.7,2.2,200.4,15.6,75.3,157.4,78.7,6.78,8.91,27.79,34.57,32.07
70255,197,35.8435822,-117.2562218,1757,-9999,5578,2574.0,140.44,270.69,241.81,0.404,10.6,52.74,52.10,-0.6,6.99,0.65,22.59,312.5,4.9,32.3,52.8,824.99,961.6,2.0,179.8,15.6,75.6,157.5,79.3,6.68,8.77,27.68,34.41,31.69
70256,197,35.8442688,-117.2548485,1767,-9999,5610,2494.5,140.57,270.19,241.06,0.403,10.2,52.62,52.15,-0.5,7.23,0.35,22.44,312.4,4.7,32.1,52.7,824.00,961.5,1.9,196.5,15.6,75.1,157.5,78.7,6.57,8.62,27.42,34.04,31.43
70257,197,35.8451271,-117.2536469,1778,-9999,5643,2371.0,140.83,270.38,241.31,0.404,10.2,52.65,52.16,-0.5,7.21,0.04,22.22,312.3,4.3,31.9,52.5,822.98,961.0,2.1,198.2,15.6,74.9,157.5,79.6,6.43,8.42,27.05,33.51,31.11
70258,197,35.8459854,-117.2524452,1789,-9999,5675,2250.0,140.89,270.31,241.56,0.405,10.0,52.86,52.14,-0.7,6.89,-0.23,22.49,312.7,4.2,32.2,52.2,821.99,961.1,2.5,188.7,15.6,74.7,157.5,80.4,6.39,8.36,27.50,34.15,30.42
