Data/Raw/YANG,MELISSA/FIREXAQ-MetNav_DC8_20190715_R0.ict
76, 1001
Project Office
NSRC - National Suborbital Research Center
N817NA Meteorological and Navigation Facility Instrumentation
FIREX-AQ
1,1
2019,07,15,2020,02,28
1
Time_Start, seconds, from 0000 UTC
35
1,1,1,1,1,1,1,1,1,1,1,1,1,1,1,1,1,1,1,1,1,1,1,1,1,1,1,1,1,1,1,1,1,1,1
-9999,-9999,-9999,-9999,-9999,-9999,-9999,-9999,-9999,-9999,-9999,-9999,-9999,-9999,-9999,-9999,-9999,-9999,-9999,-9999,-9999,-9999,-9999,-9999,-9999,-9999,-9999,-9999,-9999,-9999,-9999,-9999,-9999,-9999,-9999
Day_Of_Year, day, None, calendar day beginning January 1
Latitude, deg, Platform_Latitude_InSitu_None
Longitude, deg, Platform_Longitude_InSitu_None
MSL_GPS_Altitude, m, Platform_AltitudeMSL_InSitu_None
HAE_GPS_Altitude, m, Platform_AltitudeEllipsoid_InSitu_None, reference WGS-84
Pressure_Altitude, ft, Platform_AltitudePressure_InSitu_None
Radar_Altitude, ft, Platform_AltitudeAGL_InSitu_None
Ground_Speed, m/s, Platform_GroundSpeed_InSitu_None
True_Air_Speed, kts, Platform_AircraftTrueAirSpeed_InSitu_None
Indicated_Air_Speed, kts, Platform_AircraftIndicatedAirSpeed_InSitu_None
Mach_Number, mach, None
Vertical_Speed, m/s, None
True_Heading, deg 0-360, Platform_HeadingTrue_InSitu_None, cw from +y
Track_Angle, deg 0-360, Platform_TrackAngle_InSitu_None, cw from +y
Drift_Angle, deg +-180, Platform_DriftAngle_InSitu_None, cw from +y
Pitch_Angle, deg +-180, Platform_PitchAngle_InSitu_None, up+
Roll_Angle, deg +-180, Platform_RollAngle_InSitu_None, rt+
Static_Air_Temp, degrees Celcius, Met_StaticAirTemperature_InSitu_None
Potential_Temp, Kelvin, Met_PotentialTemperature_InSitu_None
Dew_Point, degrees Celcius, Met_DewPoint_InSitu_None
Total_Air_Temp, degrees Celcius, None
IR_Surf_Temp, degrees Celcius, Met_SufaceTemperature_InSitu_None
Static_Pressure, hPa, Met_StaticPressure_InSitu_None
Cabin_Pressure, hPa, None
Wind_Speed, m/s, Met_WindSpeed_InSitu_None, limited to where Roll_Angle does not exceed 5 degrees
Wind_Direction, deg 0-360 cw from +y, Met_WindDirection_InSitu_None, limited to where Roll_Angle does not exceed 5 degrees
Solar_Zenith_Angle, deg, Platform_SolarZenithAngle_InSitu_None
Aircraft_Sun_Elevation, deg, None
Sun_Azimuth, deg, Platform_SolarAzimuthAngle_InSitu_None
Aircraft_Sun_Azimuth, deg, None
Mixing_Ratio, g/kg, Met_H2OMR_InSitu_None
Part_Press_Water_Vapor, hPa, Met_PartialPressureH2O_InSitu_None
Sat_Vapor_Press_H2O, hPa, Met_SatVaporPressureH2OWater_InSitu_None
Sat_Vapor_Press_Ice, hPa, Met_SatVaporPressureH2OIce_InSitu_None
Relative_Humidity, percent, Met_RelativeHumidityWater_InSitu_None
0
27
PI_CONTACT_INFO: Melissa Yang Martin, m.yang@baeri.org 
Platform: NASA DC-8 N817NA
LOCATION: Included in data records
ASSOCIATED_DATA: This flight represents FIREX-AQ Test Flight #01 out of Palmdale, CA. See FIREX-AQ archive on Langley archive at https://www-air.larc.nasa.gov/missions/firex-aq/index.html
INSTRUMENT_INFO: 
	Position, attitude, ground speed, and vertical speed from LN251
	Wind_Speed and Wind_Direction calculated from LN251, Aircraft Data System-85
	Radar_Altitude from APN-232
	Total_Air_Temperature from Rosemount 102E4AL type non-deiced with Laurels LTE signal conditioner
	IR_Surface_Temp from KT-19.85II
    Cabin_Pressure from MKS Baratron 220D
	Dew_Point and calculated water vapor parameters from Buck Hygrometer 1011-C
[...]
LLOD_FLAG:-8888
LLOD_VALUE:0,-90,-180,N/A,N/A,-1871,0,0,0,0,0,-104.04,0,0,-180,-180,-180,-99,N/A,-60,-60,-50,N/A,0.66,0,0,N/A,N/A,N/A,N/A,N/A,N/A,N/A,N/A,N/A
DM_CONTACT_INFO: Ryan Bennett, r.bennett@baeri.org
PROJECT_INFO: N/A
STIPULATIONS_ON_USE: Please contact PI or DM with questions on best use practices and instrumentation caveats that are not explicitly published here.
OTHER_COMMENTS: Wind Speed and Wind Direction flagged where Roll_Angle exceeds 5 degrees. Few segments of Dew_Point and associated water vapor calculations may be flagged due to instrument dew point overshoots on aircraft descent due to condensation within the probe. Potential_Temp derived from Static_Air_Temp and Static_Pressure.
REVISION: R0
R0: Public release data with limits of detection and instrument calibrations applied to Total_Air_Temp (follows through to reduction to Static_Air_Temp and calculation of Potential_Temp), and Cabin_Pressure. 
RA: Preliminary field data with limits of detection applied.
Time_Start,Day_Of_Year,Latitude,Longitude,MSL_GPS_Altitude,HAE_GPS_Altitude,Pressure_Altitude,Radar_Altitude,Ground_Speed,True_Air_Speed,Indicated_Air_Speed,Mach_Number,Vertical_Speed,True_Heading,Track_Angle,Drift_Angle,Pitch_Angle,Roll_Angle,Static_Air_Temp,Potential_Temp,Dew_Point,Total_Air_Temp,IR_Surf_Temp,Static_Pressure,Cabin_Pressure,Wind_Speed,Wind_Direction,Solar_Zenith_Angle,Aircraft_Sun_Elevation,Sun_Azimuth,Aircraft_Sun_Azimuth,Mixing_Ratio,Part_Press_Water_Vapor,Sat_Vapor_Press_H2O,Sat_Vapor_Press_Ice,Relative_Humidity
[from data line 4283]
81205,196,38.2124981,-121.3592538,869,839.2,2728,2839.0,132.22,246.38,230.62,0.367,-6.2,92.55,91.88,-0.7,0.12,-0.37,24.52,305.1,4.6,32.5,37.6,917.27,954.6,5.7,256.6,34.5,55.3,-108.8,158.6,5.85,8.55,31.08,39.35,27.52
81206,196,38.2124583,-121.3577450,863,833.1,2709,2818.0,132.25,247.19,231.62,0.368,-5.9,92.46,91.94,-0.5,0.12,-0.21,24.70,305.2,5.3,32.8,38.5,917.91,954.1,5.2,259.1,34.5,55.3,-108.8,158.9,6.15,8.99,31.43,39.86,28.60
81207,196,38.2124172,-121.3562361,857,827.2,2690,2793.5,132.25,247.38,231.88,0.368,-5.9,92.43,91.98,-0.5,0.07,-0.57,24.83,305.3,5.9,32.9,39.0,918.55,954.5,5.1,260.5,34.5,55.2,-108.8,158.5,6.42,9.38,31.67,40.22,29.63
81208,196,38.2123760,-121.3547269,852,821.4,2672,2774.0,132.28,247.62,232.19,0.369,-5.9,92.48,91.97,-0.5,-0.13,-0.78,25.50,305.9,6.3,33.6,39.0,919.16,955.2,5.0,259.0,34.6,54.9,-108.8,158.3,6.60,9.65,32.95,42.10,29.27
81209,196,38.2123356,-121.3532174,846,815.4,2653,2757.5,132.30,247.88,232.44,0.369,-6.1,92.51,91.94,-0.6,-0.25,-0.88,25.63,306.0,5.9,33.8,38.4,919.80,955.5,5.0,257.1,34.6,54.7,-108.8,158.2,6.41,9.39,33.21,42.50,28.27
81210,196,38.2122957,-121.3517075,839,809.1,2633,2737.0,132.33,247.94,232.44,0.369,-6.6,92.56,91.93,-0.6,-0.21,-0.96,25.59,305.9,5.4,33.7,37.6,920.48,956.1,5.0,255.4,34.6,54.7,-108.8,158.1,6.17,9.04,33.13,42.37,27.30
81211,196,38.2122554,-121.3501974,833,802.4,2614,2716.0,132.35,248.12,232.69,0.369,-6.8,92.63,91.95,-0.7,-0.11,-0.61,24.66,304.9,5.0,32.8,36.8,921.12,955.2,5.0,254.1,34.6,54.9,-108.8,158.3,6.00,8.80,31.35,39.74,28.06
81212,196,38.2122144,-121.3486873,826,795.7,2593,2685.5,132.37,248.38,232.88,0.369,-6.7,92.39,92.00,-0.4,0.07,0.03,24.65,304.8,5.3,32.8,36.0,921.84,954.3,4.7,261.2,34.6,55.2,-108.8,159.3,6.14,9.01,31.33,39.71,28.77
81213,196,38.2121718,-121.3471771,819,789.0,2572,2664.5,132.39,247.69,232.44,0.368,-6.6,92.24,92.07,-0.2,0.01,-0.29,24.39,304.5,6.0,32.5,35.6,922.55,953.9,5.0,267.7,34.6,55.2,-108.8,159.2,6.44,9.45,30.84,39.00,30.65
81214,196,38.2121279,-121.3456665,813,782.4,2552,2661.0,132.42,247.56,232.62,0.368,-6.5,92.18,92.10,-0.1,0.04,-0.78,24.83,304.9,6.6,32.9,35.6,923.23,954.1,5.1,270.2,34.6,55.0,-108.8,158.6,6.71,9.86,31.67,40.22,31.13
81215,196,38.2120844,-121.3441555,806,775.9,2532,2634.0,132.43,249.25,234.19,0.371,-6.4,92.17,92.07,-0.1,0.05,-1.04,24.92,304.9,7.3,33.1,36.3,923.91,954.1,4.2,269.1,34.6,54.9,-108.8,158.3,7.04,10.35,31.83,40.45,32.51
81216,196,38.2120428,-121.3426440,800,769.8,2514,2604.0,132.50,248.50,233.69,0.370,-5.9,92.16,91.95,-0.2,0.07,-2.07,24.67,304.6,8.0,32.8,36.9,924.52,954.8,4.7,266.3,34.6,54.5,-108.8,157.1,7.39,10.85,31.37,39.77,34.60
81217,196,38.2120038,-121.3411319,794,763.9,2494,2587.0,132.53,249.56,234.81,0.371,-6.0,92.48,91.81,-0.7,-0.27,-2.27,24.85,304.7,8.7,33.1,37.3,925.20,955.2,4.4,252.1,34.6,54.2,-108.8,156.6,7.76,11.39,31.69,40.25,35.95
81218,196,38.2119678,-121.3396194,787,757.8,2473,2567.0,132.53,249.88,235.12,0.372,-6.2,92.56,91.68,-0.9,-0.17,-1.52,24.98,304.8,9.2,33.2,37.2,925.91,955.4,4.5,245.6,34.6,54.5,-108.8,157.3,7.98,11.72,31.94,40.61,36.70
81219,196,38.2119333,-121.3381070,781,751.4,2454,2550.5,132.52,249.56,234.88,0.371,-6.5,92.48,91.64,-0.8,0.06,-0.85,24.99,304.7,8.8,33.2,36.7,926.56,954.3,4.6,247.1,34.6,54.9,-108.8,158.2,7.78,11.44,31.97,40.66,35.79
81220,196,38.2118993,-121.3365948,775,744.6,2436,2557.0,132.52,248.19,233.56,0.369,-6.6,92.74,91.62,-1.1,0.09,-0.98,24.75,304.4,8.3,32.9,35.8,927.17,953.5,5.5,244.4,34.6,54.8,-108.8,158.0,7.50,11.05,31.51,39.98,35.08
81221,196,38.2118662,-121.3350822,768,738.3,2417,2502.0,132.61,248.06,233.50,0.369,-6.2,93.26,91.54,-1.7,-0.36,-1.56,24.75,304.4,8.7,32.9,34.8,927.82,954.2,6.3,234.4,34.6,54.3,-108.7,156.9,7.70,11.34,31.52,39.99,35.98
81222,196,38.2118346,-121.3335683,762,732.0,2396,2483.5,132.68,248.06,233.62,0.369,-6.4,93.53,91.46,-2.1,-0.40,-1.72,24.85,304.4,9.2,33.0,34.4,928.54,955.2,6.9,229.6,34.6,54.2,-108.7,156.4,8.00,11.79,31.70,40.26,37.18
81223,196,38.2118047,-121.3320537,755,725.2,2374,2464.5,132.69,247.94,233.69,0.369,-7.0,93.65,91.43,-2.2,0.03,-1.10,24.95,304.4,9.9,33.1,34.3,929.29,954.1,7.2,228.1,34.6,54.7,-108.7,156.7,8.39,12.36,31.90,40.55,38.75
81224,196,38.2117740,-121.3305390,749,718.5,2354,2440.0,132.73,248.88,234.69,0.370,-6.4,93.35,91.54,-1.8,0.05,0.46,25.14,304.5,10.0,33.3,34.3,929.97,953.9,6.3,231.2,34.6,55.4,-108.7,158.9,8.38,12.37,32.25,41.07,38.36
81225,196,38.2117401,-121.3290241,742,712.2,2333,2421.0,132.75,249.06,235.00,0.371,-6.3,92.90,91.68,-1.2,-0.13,0.21,25.08,304.4,9.9,33.3,34.2,930.69,953.5,5.4,241.3,34.6,55.2,-108.7,159.3,8.32,12.29,32.13,40.90,38.24
81226,196,38.2117040,-121.3275095,736,705.9,2312,2395.0,132.74,250.19,236.00,0.372,-6.1,92.66,91.76,-0.9,0.01,-0.26,25.00,304.3,9.7,33.3,34.2,931.41,953.7,4.5,245.2,34.6,55.1,-108.7,158.8,8.20,12.12,31.99,40.69,37.87
81227,196,38.2116664,-121.3259947,730,699.8,2293,2362.5,132.72,251.31,237.19,0.374,-6.3,92.56,91.79,-0.8,-0.12,-0.58,25.08,304.3,9.9,33.4,34.5,932.06,953.6,3.9,245.0,34.6,54.9,-108.7,158.6,8.31,12.29,32.13,40.90,38.24
81228,196,38.2116291,-121.3244801,723,693.5,2274,2340.5,132.71,250.69,236.62,0.373,-6.3,92.54,91.77,-0.8,-0.17,-1.07,25.07,304.2,9.9,33.4,34.8,932.71,954.2,4.1,246.9,34.6,54.7,-108.7,158.0,8.31,12.30,32.12,40.89,38.30
81229,196,38.2115929,-121.3229656,717,687.2,2254,2321.0,132.73,249.75,235.62,0.371,-6.6,92.61,91.71,-0.9,-0.30,-1.14,25.19,304.3,9.9,33.4,35.3,933.39,954.3,4.7,246.4,34.6,54.5,-108.7,157.9,8.32,12.32,32.34,41.21,38.09
81230,196,38.2115576,-121.3214506,711,680.4,2234,2309.5,132.75,248.06,234.06,0.369,-6.9,92.58,91.69,-0.9,-0.31,-0.73,25.25,304.3,9.8,33.4,36.0,934.08,954.6,5.5,250.7,34.6,54.6,-108.7,158.5,8.27,12.25,32.47,41.39,37.74
81231,196,38.2115222,-121.3199352,704,673.6,2215,2289.5,132.87,247.50,233.69,0.368,-6.4,92.55,91.70,-0.8,-0.23,-0.45,25.39,304.4,10.2,33.5,36.6,934.73,954.8,5.9,253.0,34.6,54.8,-108.7,158.8,8.50,12.60,32.73,41.78,38.48
81232,196,38.2114861,-121.3184177,698,667.9,2199,2282.0,133.06,247.88,234.38,0.369,-5.1,92.58,91.72,-0.9,-0.53,-0.56,25.55,304.5,10.3,33.7,37.0,935.28,954.3,5.9,252.7,34.7,54.5,-108.7,158.9,8.53,12.65,33.06,42.26,38.28
81233,196,38.2114499,-121.3168985,693,663.0,2178,2253.0,133.19,248.12,234.44,0.369,-5.0,92.73,91.70,-1.0,-0.77,-1.09,25.59,304.4,10.2,33.7,37.2,936.00,954.0,6.0,249.3,34.7,54.1,-108.7,158.2,8.48,12.59,33.12,42.36,38.00
81234,196,38.2114151,-121.3153780,688,657.8,2161,2236.5,133.27,246.50,233.00,0.366,-5.4,92.68,91.63,-1.0,-0.41,-1.30,25.70,304.5,10.2,33.7,37.3,936.58,953.9,6.9,252.0,34.7,54.3,-108.7,157.8,8.46,12.56,33.34,42.68,37.68
81235,196,38.2113819,-121.3138568,682,652.0,2144,2216.0,133.26,248.31,234.69,0.369,-6.3,92.84,91.57,-1.3,-0.44,-1.19,25.58,304.3,9.7,33.7,37.5,937.17,954.3,6.2,244.5,34.7,54.3,-108.7,157.8,8.16,12.13,33.11,42.34,36.64
81236,196,38.2113490,-121.3123359,675,645.3,2125,2196.0,133.25,248.25,234.69,0.369,-7.1,92.89,91.58,-1.3,-0.46,-0.45,25.63,304.3,9.7,33.8,38.1,937.82,954.6,6.3,244.1,34.7,54.6,-108.7,158.6,8.14,12.12,33.21,42.50,36.47
81237,196,38.2113150,-121.3108153,669,638.1,2106,2165.5,133.30,248.94,235.50,0.370,-7.2,92.65,91.64,-1.0,-0.43,-0.43,25.79,304.4,9.8,34.0,38.7,938.47,954.8,5.7,248.4,34.7,54.6,-108.7,158.9,8.22,12.25,33.51,42.94,36.54
81238,196,38.2112800,-121.3092938,662,631.1,2083,2137.5,133.39,249.81,236.44,0.371,-6.8,92.60,91.67,-0.9,-0.41,-0.73,25.78,304.3,9.4,34.0,39.3,939.27,955.2,5.3,248.5,34.7,54.5,-108.7,158.6,7.98,11.91,33.49,42.91,35.54
81239,196,38.2112449,-121.3077713,655,624.1,2061,2113.0,133.44,248.94,235.56,0.370,-6.9,92.65,91.65,-1.0,-0.41,-0.68,25.88,304.4,9.1,34.1,40.0,940.02,955.3,5.8,249.1,34.7,54.5,-108.6,158.6,7.80,11.64,33.71,43.23,34.54
81240,196,38.2112106,-121.3062480,648,617.3,2039,2090.0,133.50,248.88,235.69,0.370,-6.8,92.66,91.63,-1.0,-0.27,-1.19,25.99,304.4,8.9,34.2,40.6,940.78,956.0,6.0,248.7,34.7,54.5,-108.6,157.9,7.72,11.53,33.91,43.54,34.01
81241,196,38.2111769,-121.3047243,641,610.5,2018,2065.0,133.52,249.31,236.06,0.370,-6.8,92.65,91.62,-1.0,-0.20,-0.58,26.01,304.4,8.7,34.2,41.2,941.51,956.1,5.8,248.1,34.7,54.7,-108.6,158.6,7.60,11.36,33.97,43.62,33.45
81242,196,38.2111427,-121.3032005,634,603.7,1997,2042.0,133.52,249.94,236.75,0.371,-6.7,92.45,91.64,-0.8,0.09,-0.34,26.17,304.5,8.8,34.4,41.8,942.23,957.2,5.3,251.6,34.7,54.9,-108.6,159.1,7.64,11.43,34.28,44.09,33.35
81243,196,38.2111080,-121.3016769,627,597.1,1976,2016.5,133.50,249.50,236.38,0.370,-6.6,92.39,91.67,-0.7,0.05,-0.65,26.25,304.5,9.0,34.5,42.2,942.96,957.9,5.4,254.3,34.7,55.0,-108.6,158.7,7.77,11.63,34.45,44.33,33.75
81244,196,38.2110727,-121.3001535,621,590.5,1956,1997.0,133.49,249.50,236.44,0.370,-6.4,92.52,91.66,-0.9,0.10,-1.03,26.25,304.4,9.0,34.5,42.5,943.65,958.3,5.5,251.2,34.7,54.9,-108.6,158.1,7.75,11.61,34.45,44.33,33.71
81245,196,38.2110384,-121.2986299,614,584.3,1936,1973.0,133.48,249.56,236.50,0.371,-6.2,92.65,91.60,-1.1,0.03,-1.11,26.30,304.4,9.3,34.5,42.6,944.34,959.0,5.6,246.8,34.7,54.8,-108.6,157.8,7.91,11.86,34.54,44.47,34.33
81246,196,38.2110058,-121.2971065,608,578.1,1916,1952.5,133.47,249.44,236.44,0.370,-6.1,92.74,91.57,-1.2,0.04,-0.95,26.31,304.3,9.8,34.5,42.7,945.03,960.0,5.8,244.7,34.7,54.8,-108.6,158.0,8.14,12.20,34.57,44.51,35.30
81247,196,38.2109730,-121.2955832,602,572.2,1898,1932.0,133.47,248.38,235.50,0.369,-5.9,92.71,91.57,-1.1,0.12,-0.73,26.38,304.4,10.0,34.5,42.8,945.65,960.5,6.3,247.5,34.7,55.0,-108.6,158.2,8.28,12.43,34.70,44.71,35.81
81248,196,38.2109399,-121.2940599,596,566.5,1879,1907.0,133.45,248.56,235.81,0.369,-5.6,92.71,91.57,-1.1,0.22,-0.86,26.37,304.3,10.1,34.5,43.0,946.31,961.2,6.2,247.2,34.7,55.0,-108.6,158.0,8.29,12.45,34.68,44.68,35.91
81249,196,38.2109065,-121.2925371,590,560.9,1862,1891.0,133.41,248.31,235.62,0.369,-5.5,92.73,91.59,-1.1,0.16,-0.67,26.62,304.5,9.9,34.8,43.3,946.90,961.6,6.2,247.4,34.7,55.0,-108.6,158.3,8.18,12.30,35.21,45.48,34.92
81250,196,38.2108732,-121.2910150,584,555.2,1845,1872.0,133.34,248.31,235.56,0.368,-5.9,92.60,91.59,-1.0,0.08,-0.67,26.53,304.3,9.3,34.7,43.7,947.49,962.3,6.1,249.9,34.7,54.9,-108.6,158.5,7.89,11.87,35.02,45.19,33.90
81251,196,38.2108399,-121.2894935,578,549.1,1827,1853.5,133.28,248.62,235.94,0.369,-6.3,92.60,91.59,-1.0,0.10,-0.87,26.75,304.5,9.6,34.9,44.5,948.12,963.0,5.8,249.0,34.7,54.9,-108.6,158.2,8.01,12.05,35.48,45.88,33.96
81252,196,38.2108067,-121.2879727,572,542.7,1807,1830.0,133.22,248.81,236.19,0.369,-6.5,92.68,91.57,-1.1,0.21,-0.91,26.84,304.5,9.5,35.0,45.1,948.81,963.5,5.8,246.3,34.7,55.0,-108.6,158.0,7.96,11.99,35.67,46.15,33.63
81253,196,38.2107744,-121.2864526,566,536.3,1788,1810.5,133.16,248.31,235.81,0.368,-6.4,92.71,91.54,-1.2,0.30,-0.97,27.03,304.7,8.8,35.2,45.6,949.47,964.2,6.0,245.8,34.7,55.0,-108.6,157.9,7.59,11.44,36.05,46.74,31.73
81254,196,38.2107425,-121.2849333,559,530.1,1768,1789.5,133.10,249.50,237.00,0.370,-5.9,92.87,91.52,-1.4,0.54,-1.01,27.05,304.6,8.6,35.3,46.0,950.16,964.9,5.7,239.2,34.7,55.2,-108.6,157.5,7.48,11.29,36.10,46.81,31.29
81255,196,38.2107109,-121.2834145,554,524.5,1749,1772.5,133.03,249.62,236.94,0.370,-5.3,92.82,91.52,-1.3,0.65,-0.38,26.99,304.5,8.0,35.2,46.1,950.83,965.4,5.5,239.5,34.8,55.5,-108.6,158.3,7.15,10.80,35.98,46.63,30.01
81256,196,38.2106787,-121.2818969,549,519.4,1732,1751.5,132.92,249.06,236.69,0.369,-4.7,92.69,91.56,-1.1,0.82,-0.49,26.98,304.4,8.3,35.2,46.1,951.42,966.4,5.4,243.8,34.8,55.7,-108.6,158.2,7.34,11.09,35.96,46.60,30.84
81257,196,38.2106459,-121.2803808,545,515.0,1717,1734.5,132.78,249.62,237.00,0.370,-4.2,92.73,91.57,-1.2,0.84,-0.52,26.90,304.3,8.9,35.1,46.1,951.94,966.8,5.1,240.9,34.8,55.7,-108.5,158.2,7.60,11.50,35.79,46.34,32.12
81258,196,38.2106130,-121.2788661,540,510.8,1703,1719.0,132.66,247.88,235.50,0.368,-4.3,92.85,91.58,-1.3,0.50,-0.63,26.97,304.3,9.5,35.1,46.0,952.43,967.3,5.9,242.8,34.8,55.3,-108.5,158.2,7.92,11.98,35.93,46.55,33.34
81259,196,38.2105803,-121.2773524,536,506.3,1689,1702.5,132.56,248.69,236.38,0.369,-4.6,93.05,91.56,-1.5,0.34,-1.17,27.01,304.3,10.2,35.2,46.0,952.91,967.9,5.7,235.9,34.8,55.0,-108.5,157.3,8.29,12.53,36.02,46.68,34.78
81260,196,38.2105482,-121.2758399,531,501.5,1675,1682.0,132.45,248.88,236.56,0.369,-5.2,93.07,91.55,-1.5,0.44,-0.69,27.05,304.3,10.8,35.2,46.0,953.40,968.3,5.6,234.4,34.8,55.2,-108.5,157.8,8.64,13.06,36.10,46.80,36.17
81261,196,38.2105159,-121.2743287,526,496.2,1660,1658.0,132.33,247.44,235.25,0.367,-5.4,92.93,91.58,-1.4,0.46,-0.12,27.09,304.3,11.5,35.2,45.9,953.92,968.8,5.9,241.0,34.8,55.4,-108.5,158.7,9.05,13.69,36.20,46.96,37.81
81262,196,38.2104826,-121.2728190,521,491.0,1645,1650.5,132.28,245.94,233.81,0.364,-4.9,92.90,91.65,-1.2,0.48,-0.26,27.29,304.5,11.4,35.3,45.8,954.45,969.3,6.4,246.3,34.8,55.4,-108.5,158.6,9.02,13.64,36.61,47.58,37.26
81263,196,38.2104477,-121.2713099,516,486.1,1630,1631.5,132.21,245.62,233.56,0.364,-5.0,92.79,91.68,-1.1,0.25,-0.53,27.30,304.4,11.2,35.3,45.8,954.97,969.9,6.4,249.0,34.8,55.1,-108.5,158.4,8.91,13.48,36.65,47.63,36.78
81264,196,38.2104126,-121.2698016,510,480.8,1613,1613.5,132.13,245.50,233.56,0.364,-5.5,92.75,91.66,-1.1,0.49,-1.19,27.41,304.5,10.9,35.4,46.0,955.56,970.0,6.3,249.3,34.8,55.1,-108.5,157.5,8.67,13.14,36.88,47.98,35.62
81265,196,38.2103783,-121.2682940,505,475.2,1598,1604.0,132.05,245.88,234.00,0.364,-5.6,92.92,91.62,-1.3,0.54,-1.05,27.34,304.4,10.5,35.3,46.3,956.09,971.3,6.3,244.5,34.8,55.1,-108.5,157.5,8.47,12.85,36.73,47.76,34.99
81266,196,38.2103449,-121.2667874,499,469.9,1581,1584.0,131.97,245.75,233.94,0.364,-5.3,92.87,91.62,-1.3,0.43,-0.31,27.50,304.5,10.1,35.5,46.6,956.68,971.7,6.2,245.2,34.8,55.3,-108.5,158.5,8.21,12.46,37.07,48.27,33.62
81267,196,38.2103105,-121.2652815,495,465.0,1565,1559.5,131.99,246.31,234.50,0.365,-4.3,92.82,91.68,-1.1,0.44,-0.35,27.66,304.6,9.6,35.7,46.9,957.24,972.2,5.9,246.3,34.8,55.3,-108.5,158.6,7.95,12.07,37.41,48.78,32.28
81268,196,38.2102745,-121.2637757,490,460.6,1549,1563.0,131.91,245.00,233.00,0.363,-4.5,92.66,91.77,-0.9,0.28,0.16,27.74,304.6,9.9,35.7,47.0,957.80,972.6,6.2,253.2,34.8,55.3,-108.5,159.4,8.13,12.35,37.60,49.07,32.86
81269,196,38.2102366,-121.2622704,485,456.2,1535,1541.5,131.90,243.56,231.75,0.361,-4.3,92.50,91.87,-0.6,0.39,0.76,27.84,304.7,10.4,35.7,46.8,958.29,973.1,6.8,260.1,34.8,55.7,-108.5,160.4,8.40,12.77,37.81,49.39,33.78
81270,196,38.2101962,-121.2607659,481,451.4,1520,1523.0,131.77,243.62,232.06,0.361,-5.4,92.44,91.99,-0.5,0.31,0.05,27.69,304.5,10.9,35.5,46.4,958.82,973.9,6.5,263.3,34.8,55.3,-108.5,159.7,8.67,13.18,37.49,48.90,35.16
81271,196,38.2101547,-121.2592628,475,445.6,1505,1500.0,131.67,242.69,231.00,0.359,-6.0,92.57,91.98,-0.6,0.47,-1.05,27.70,304.4,11.2,35.5,45.7,959.34,974.1,6.9,261.4,34.8,55.1,-108.5,158.0,8.82,13.41,37.51,48.93,35.75
81272,196,38.2101142,-121.2577608,469,439.4,1488,1479.5,131.61,243.31,231.62,0.360,-6.3,92.78,91.92,-0.9,0.37,-1.13,27.86,304.5,10.7,35.7,44.6,959.94,974.6,6.7,255.7,34.8,54.9,-108.5,157.7,8.54,13.00,37.85,49.46,34.36
81273,196,38.2100750,-121.2562590,463,433.2,1469,1461.0,131.58,243.81,232.19,0.361,-6.1,93.03,91.89,-1.1,0.45,-0.96,27.97,304.6,10.3,35.8,43.7,960.60,975.3,6.7,249.8,34.8,55.1,-108.5,157.7,8.29,12.64,38.11,49.84,33.16
81274,196,38.2100373,-121.2547578,457,427.4,1451,1438.0,131.54,243.56,232.06,0.361,-5.7,93.14,91.83,-1.3,0.63,-0.70,27.94,304.5,9.7,35.8,42.9,961.24,975.9,6.9,247.4,34.8,55.3,-108.5,157.7,7.98,12.18,38.02,49.71,32.04
81275,196,38.2099997,-121.2532573,452,421.8,1432,1418.5,131.44,243.31,231.88,0.360,-5.5,93.27,91.85,-1.4,0.97,-0.63,27.96,304.5,9.5,35.8,42.2,961.90,976.7,7.0,245.5,34.8,55.7,-108.4,157.6,7.84,11.98,38.07,49.78,31.46
81276,196,38.2099607,-121.2517576,446,417.0,1420,1404.0,131.48,243.31,231.94,0.360,-3.4,93.57,91.95,-1.6,1.21,1.41,28.35,304.8,10.0,36.2,42.0,962.32,977.3,7.3,242.8,34.8,56.6,-108.4,159.8,8.10,12.37,38.94,51.11,31.76
81277,196,38.2099179,-121.2502577,443,414.5,1409,1389.5,131.45,243.19,231.81,0.360,-2.1,93.69,92.19,-1.5,0.34,1.43,28.41,304.9,10.5,36.2,42.1,962.71,978.0,7.2,245.1,34.8,55.9,-108.4,160.3,8.40,12.83,39.08,51.32,32.84
