Data/Raw/YANG,MELISSA/FIREXAQ-MetNav_DC8_20190724_R0.ict
77, 1001
Project Office
NSRC - National Suborbital Research Center
N817NA Meteorological and Navigation Facility Instrumentation
FIREX-AQ
1,1
2019,07,24,2020,02,28
1
Time_Start, seconds (from midnight UTC)
35
1,1,1,1,1,1,1,1,1,1,1,1,1,1,1,1,1,1,1,1,1,1,1,1,1,1,1,1,1,1,1,1,1,1,1
-9999,-9999,-9999,-9999,-9999,-9999,-9999,-9999,-9999,-9999,-9999,-9999,-9999,-9999,-9999,-9999,-9999,-9999,-9999,-9999,-9999,-9999,-9999,-9999,-9999,-9999,-9999,-9999,-9999,-9999,-9999,-9999,-9999,-9999,-9999
Day_Of_Year, day, None, calendar day beginning January 1
Latitude, deg, Platform_Latitude_InSitu_None
Longitude, deg, Platform_Longitude_InSitu_None
MSL_GPS_Altitude, m, Platform_AltitudeMSL_InSitu_None
HAE_GPS_Altitude, m, Platform_AltitudeEllipsoid_InSitu_None, reference WGS-84
Pressure_Altitude, ft, Platform_AltitudePressure_InSitu_None
Radar_Altitude, ft, Platform_AltitudeAGL_InSitu_None
Ground_Speed, m/s, Platform_GroundSpeed_InSitu_None
True_Air_Speed, kts, Platform_AircraftTrueAirSpeed_InSitu_None
Indicated_Air_Speed, kts, Platform_AircraftIndicatedAirSpeed_InSitu_None
Mach_Number, mach, None
Vertical_Speed, m/s, None
True_Heading, deg 0-360, Platform_HeadingTrue_InSitu_None, cw from +y
Track_Angle, deg 0-360, Platform_TrackAngle_InSitu_None, cw from +y
Drift_Angle, deg +-180, Platform_DriftAngle_InSitu_None, cw from +y
Pitch_Angle, deg +-180, Platform_PitchAngle_InSitu_None, up+
Roll_Angle, deg +-180, Platform_RollAngle_InSitu_None, rt+
Static_Air_Temp, degrees Celcius, Met_StaticAirTemperature_InSitu_None
Potential_Temp, Kelvin, Met_PotentialTemperature_InSitu_None
Dew_Point, degrees Celcius, Met_DewPoint_InSitu_None
Total_Air_Temp, degrees Celcius, None
IR_Surf_Temp, degrees Celcius, Met_SufaceTemperature_InSitu_None
Static_Pressure, hPa, Met_StaticPressure_InSitu_None
Cabin_Pressure, hPa, None
Wind_Speed, m/s, Met_WindSpeed_InSitu_None, limited to where Roll_Angle does not exceed 5 degrees
Wind_Direction, deg 0-360 cw from +y, Met_WindDirection_InSitu_None, limited to where Roll_Angle does not exceed 5 degrees
Solar_Zenith_Angle, deg, Platform_SolarZenithAngle_InSitu_None
Aircraft_Sun_Elevation, deg, None
Sun_Azimuth, deg, Platform_SolarAzimuthAngle_InSitu_None
Aircraft_Sun_Azimuth, deg, None
Mixing_Ratio, g/kg, Met_H2OMR_InSitu_None
Part_Press_Water_Vapor, hPa, Met_PartialPressureH2O_InSitu_None
Sat_Vapor_Press_H2O, hPa, Met_SatVaporPressureH2OWater_InSitu_None
Sat_Vapor_Press_Ice, hPa, Met_SatVaporPressureH2OIce_InSitu_None
Relative_Humidity, percent, Met_RelativeHumidityWater_InSitu_None
0
28
PI_CONTACT_INFO: Melissa Yang Martin, m.yang@baeri.org 
Platform: NASA DC-8 N817NA
LOCATION: Included in data records
ASSOCIATED_DATA: This flight represents FIREX-AQ Science Flight #02 out of Boise, ID. See FIREX-AQ archive on Langley archive at https://www-air.larc.nasa.gov/missions/firex-aq/index.html
INSTRUMENT_INFO: 
	Position, attitude, ground speed, and vertical speed from LN251
	Wind_Speed and Wind_Direction calculated from LN251, Aircraft Data System-85
	Radar_Altitude from APN-232
	Total_Air_Temperature from Rosemount 102 type non-deiced with Laurels LTE signal conditioner
	IR_Surface_Temp from KT-19.85II
        Cabin_Pressure from MKS Baratron 220D
	Dew_Point and calculated water vapor parameters from Buck Hygrometer 1011-C
[...]
LLOD_FLAG:-8888
LLOD_VALUE:0,-90,-180,N/A,N/A,-1871,0,0,0,0,0,-104.04,0,0,-180,-180,-180,-99,N/A,-60,-60,-50,N/A,0.66,0,0,N/A,N/A,N/A,N/A,N/A,N/A,N/A,N/A,N/A
DM_CONTACT_INFO: Ryan Bennett, r.bennett@baeri.org
PROJECT_INFO: N/A
STIPULATIONS_ON_USE: Please contact PI or DM with questions on best use practices and instrumentation caveats that are not explicitly published here.
OTHER_COMMENTS: Wind Speed and Wind Direction flagged where Roll_Angle exceeds 5 degrees. Few segments of Dew_Point and associated water vapor calculations may be flagged due to instrument dew point overshoots on aircraft descent due to condensation within the probe. Potential_Temp derived from Static_Air_Temp and Static_Pressure.
REVISION: R0
R0: R0: Public release data with limits of detection and instrument calibrations applied to Total_Air_Temp (follows through to reduction to Static_Air_Temp and calculation of Potential_Temp), and Cabin_Pressure.
RB: Altered Time_Start per request of FIREX-AQ management.
RA: Preliminary field data with limits of detection applied.
Time_Start,Day_Of_Year,Latitude,Longitude,MSL_GPS_Altitude,HAE_GPS_Altitude,Pressure_Altitude,Radar_Altitude,Ground_Speed,True_Air_Speed,Indicated_Air_Speed,Mach_Number,Vertical_Speed,True_Heading,Track_Angle,Drift_Angle,Pitch_Angle,Roll_Angle,Static_Air_Temp,Potential_Temp,Dew_Point,Total_Air_Temp,IR_Surf_Temp,Static_Pressure,Cabin_Pressure,Wind_Speed,Wind_Direction,Solar_Zenith_Angle,Aircraft_Sun_Elevation,Sun_Azimuth,Aircraft_Sun_Azimuth,Mixing_Ratio,Part_Press_Water_Vapor,Sat_Vapor_Press_H2O,Sat_Vapor_Press_Ice,Relative_Humidity
[from data line 7758]
84226,205,43.7254613,-112.4369237,2004,1984.4,6282,1542.5,112.21,250.81,220.19,0.373,0.3,233.96,238.66,4.7,3.42,2.08,24.47,316.9,0.6,32.8,40.8,803.40,955.4,19.5,205.9,52.5,35.2,-98.2,25.7,5.02,6.43,30.99,39.22,20.75
84227,205,43.7249314,-112.4381262,2004,1984.5,6281,1545.0,112.40,253.00,222.06,0.377,-0.1,234.38,238.76,4.4,3.12,3.22,24.42,316.8,0.5,32.9,41.0,803.43,955.6,20.0,209.0,52.5,35.9,-98.2,24.5,5.01,6.42,30.90,39.09,20.76
84228,205,43.7244076,-112.4393206,2004,1984.3,6280,1541.5,112.61,253.06,222.19,0.377,-0.3,234.75,238.90,4.1,3.09,3.12,24.47,316.8,0.5,32.9,41.1,803.46,955.7,19.6,210.3,52.5,35.9,-98.2,24.2,5.00,6.40,30.98,39.21,20.67
84229,205,43.7238898,-112.4405069,2004,1983.8,6279,1550.0,112.83,253.44,222.44,0.377,-0.6,235.21,239.04,3.8,3.22,2.70,24.40,316.8,0.5,32.9,41.1,803.49,955.7,19.3,212.2,52.5,35.5,-98.2,24.1,4.99,6.40,30.85,39.02,20.74
84230,205,43.7233625,-112.4417213,2003,1983.4,6279,1556.0,113.05,252.75,221.81,0.376,-0.3,235.70,239.18,3.5,3.28,3.14,24.45,316.8,0.5,32.9,41.1,803.49,956.0,18.5,213.9,52.6,35.6,-98.2,23.2,4.99,6.39,30.94,39.15,20.67
84231,205,43.7228418,-112.4429275,2003,1983.2,6278,1561.0,113.24,252.69,221.75,0.376,-0.5,236.03,239.33,3.3,3.19,2.74,24.45,316.8,0.5,32.9,41.0,803.52,956.0,18.2,215.0,52.6,35.5,-98.2,23.2,4.99,6.39,30.95,39.16,20.65
84232,205,43.7223224,-112.4441367,2003,1982.5,6276,1560.0,113.39,252.75,221.88,0.376,-1.0,236.39,239.43,3.0,3.31,2.22,24.54,316.9,0.5,33.0,40.7,803.58,956.2,17.8,216.7,52.6,35.2,-98.2,23.2,4.99,6.39,31.12,39.41,20.55
84233,205,43.7218034,-112.4453485,2002,1981.5,6274,1559.5,113.52,254.19,223.19,0.378,-0.9,236.79,239.48,2.7,3.60,1.57,24.45,316.8,0.5,33.0,40.5,803.64,956.1,18.2,219.7,52.6,34.6,-98.2,23.2,4.98,6.39,30.95,39.16,20.64
84234,205,43.7212899,-112.4465498,2000,1980.4,6271,1563.0,113.59,253.50,222.50,0.377,-1.0,237.26,239.56,2.3,3.67,1.49,24.44,316.8,0.4,32.9,40.3,803.73,956.4,17.5,222.2,52.6,34.5,-98.2,22.8,4.97,6.38,30.94,39.15,20.60
84235,205,43.7207726,-112.4477651,1999,1979.4,6268,1563.0,113.63,252.44,221.75,0.376,-1.0,237.52,239.67,2.1,3.71,1.83,24.52,316.8,0.4,32.9,40.1,803.83,956.5,16.9,222.9,52.6,34.6,-98.2,22.2,4.96,6.36,31.07,39.34,20.47
84236,205,43.7202524,-112.4489951,1998,1978.4,6265,1561.5,113.65,250.88,220.19,0.373,-0.9,237.69,239.82,2.1,3.90,1.55,24.47,316.8,0.4,32.8,40.0,803.92,956.6,16.1,222.4,52.6,34.3,-98.2,22.2,4.95,6.35,30.99,39.22,20.48
84237,205,43.7197399,-112.4502152,1998,1977.5,6261,1561.0,113.62,251.44,220.56,0.374,-0.8,237.79,239.98,2.2,4.19,1.02,24.53,316.8,0.4,32.9,40.0,804.04,956.7,16.4,222.5,52.6,33.8,-98.2,22.4,4.94,6.34,31.11,39.39,20.39
84238,205,43.7192296,-112.4514355,1998,1977.1,6260,1556.5,113.48,254.00,223.06,0.378,0.0,237.85,240.07,2.2,4.50,0.69,24.36,316.7,0.4,32.9,40.0,804.07,956.7,17.8,223.5,52.6,33.4,-98.2,22.5,4.94,6.34,30.79,38.93,20.58
84239,205,43.7187210,-112.4526547,1998,1977.3,6258,1564.5,113.31,252.69,222.00,0.376,0.4,237.84,240.13,2.3,4.48,0.38,24.40,316.7,0.4,32.8,40.0,804.13,956.8,17.4,222.8,52.6,33.3,-98.2,22.7,4.94,6.33,30.86,39.03,20.52
84240,205,43.7182141,-112.4538731,1999,1978.0,6260,1577.0,113.17,251.00,220.38,0.374,0.8,238.00,240.21,2.2,4.40,0.78,24.46,316.8,0.3,32.8,40.0,804.07,956.7,16.6,222.8,52.6,33.5,-98.2,22.3,4.93,6.33,30.97,39.20,20.42
84241,205,43.7177140,-112.4550793,2000,1978.9,6262,1595.5,113.06,251.50,220.44,0.374,1.1,238.11,240.28,2.2,4.31,0.60,25.01,317.4,0.3,33.4,40.0,804.01,956.9,17.0,223.4,52.6,33.5,-98.2,22.4,4.92,6.31,32.01,40.72,19.70
84242,205,43.7172058,-112.4563097,2001,1980.4,6264,1608.0,112.91,253.88,222.81,0.378,1.5,238.27,240.36,2.1,4.35,0.03,24.76,317.1,0.3,33.3,40.0,803.95,957.4,18.2,225.2,52.6,33.2,-98.2,22.6,4.91,6.29,31.53,40.01,19.96
84243,205,43.7167043,-112.4575269,2003,1982.3,6269,1619.5,112.77,252.88,222.00,0.376,2.4,238.35,240.43,2.1,4.35,0.70,24.88,317.2,0.2,33.3,40.1,803.79,957.1,17.9,225.1,52.6,33.5,-98.2,22.0,4.90,6.28,31.75,40.34,19.78
84244,205,43.7162044,-112.4587432,2005,1985.0,6277,1635.0,112.61,257.12,225.81,0.383,2.4,237.85,240.50,2.7,3.90,0.50,24.84,317.2,0.2,33.6,40.2,803.55,957.3,20.5,223.1,52.6,33.9,-98.2,22.4,4.89,6.27,31.68,40.23,19.79
84245,205,43.7157053,-112.4599578,2007,1986.6,6282,1648.0,112.48,256.06,224.69,0.381,1.5,237.83,240.43,2.6,4.08,-1.49,24.96,317.4,0.2,33.6,40.2,803.40,957.4,20.0,223.1,52.6,32.9,-98.2,24.1,4.88,6.26,31.91,40.57,19.61
84246,205,43.7152050,-112.4611693,2008,1987.3,6285,1644.0,112.30,253.94,222.94,0.378,-0.2,238.66,240.25,1.6,3.69,-1.62,24.82,317.2,0.2,33.3,40.2,803.31,957.4,18.6,229.0,52.6,33.2,-98.2,23.8,4.88,6.25,31.64,40.17,19.76
84247,205,43.7147072,-112.4623646,2007,1986.9,6289,1641.0,112.25,251.56,220.56,0.374,-0.1,239.32,240.03,0.7,3.64,-2.08,24.88,317.3,0.2,33.2,40.2,803.19,957.5,17.2,234.7,52.6,33.1,-98.2,23.3,4.87,6.24,31.75,40.34,19.66
84248,205,43.7141951,-112.4635810,2007,1987.0,6291,1640.0,112.31,251.25,219.81,0.374,0.2,240.14,239.77,-0.4,2.96,-2.41,25.14,317.6,0.1,33.5,40.2,803.13,957.4,17.0,242.6,52.6,33.6,-98.2,23.1,4.86,6.23,32.26,41.08,19.32
84249,205,43.7136846,-112.4647836,2007,1986.7,6285,1638.0,112.35,250.62,219.69,0.373,-0.7,240.69,239.59,-1.1,2.94,-2.19,24.85,317.3,0.1,33.1,40.2,803.31,957.6,16.7,248.1,52.6,33.7,-98.2,22.3,4.85,6.22,31.69,40.25,19.63
84250,205,43.7131771,-112.4659739,2006,1986.0,6282,1638.0,112.46,246.62,216.12,0.367,-0.6,240.75,239.55,-1.2,3.40,-0.52,25.05,317.5,0.1,33.1,40.2,803.40,957.3,14.6,250.0,52.6,33.9,-98.2,20.8,4.84,6.20,32.09,40.83,19.33
84251,205,43.7126647,-112.4671772,2006,1985.6,6281,1638.5,112.46,249.50,218.75,0.371,-0.6,240.67,239.60,-1.1,3.50,-1.18,24.77,317.2,0.0,33.0,40.2,803.43,957.7,16.1,248.2,52.6,33.5,-98.2,21.3,4.82,6.17,31.55,40.04,19.57
84252,205,43.7121475,-112.4683914,2005,1984.9,6278,1631.5,112.40,247.75,217.31,0.368,-0.5,240.54,239.54,-1.0,4.02,-1.41,24.69,317.1,-0.1,32.8,40.2,803.52,957.6,15.2,247.9,52.6,33.0,-98.2,21.5,4.79,6.14,31.40,39.81,19.55
84253,205,43.7116401,-112.4695805,2004,1984.3,6278,1620.5,112.35,246.31,215.88,0.366,-0.5,240.51,239.51,-1.0,4.02,-1.35,24.73,317.1,-0.2,32.7,40.2,803.52,957.6,14.5,248.3,52.6,33.0,-98.2,21.5,4.76,6.10,31.47,39.93,19.39
84254,205,43.7111222,-112.4707929,2004,1983.9,6276,1609.0,112.29,247.38,216.88,0.368,-0.4,240.34,239.51,-0.8,3.96,-1.19,24.61,317.0,-0.2,32.7,40.1,803.58,957.8,15.1,246.5,52.6,33.1,-98.2,21.5,4.73,6.07,31.24,39.59,19.41
84255,205,43.7106100,-112.4719934,2004,1983.8,6276,1612.0,112.28,245.94,215.62,0.366,0.3,240.04,239.55,-0.5,4.05,0.06,24.70,317.1,-0.3,32.7,40.1,803.58,957.7,14.3,243.9,52.6,33.4,-98.2,20.9,4.70,6.03,31.42,39.85,19.20
84256,205,43.7100994,-112.4731950,2004,1984.4,6275,1632.0,112.22,248.88,218.38,0.370,0.5,239.63,239.70,0.1,3.93,0.73,24.60,317.0,-0.4,32.8,40.1,803.61,957.9,15.8,239.1,52.6,33.8,-98.2,20.8,4.68,6.00,31.24,39.58,19.22
84257,205,43.7095916,-112.4743973,2004,1984.7,6274,1641.5,112.10,249.44,218.94,0.371,0.2,239.15,239.87,0.7,4.23,0.73,24.56,316.9,-0.5,32.8,40.2,803.64,958.1,16.3,234.2,52.6,33.6,-98.2,21.1,4.66,5.97,31.17,39.47,19.17
84258,205,43.7090871,-112.4756008,2005,1985.2,6277,1643.0,112.00,249.12,218.62,0.371,0.9,238.80,240.03,1.2,4.47,0.99,24.48,316.8,-0.5,32.7,40.3,803.55,958.0,16.4,230.4,52.6,33.4,-98.2,21.3,4.64,5.95,31.01,39.25,19.18
84259,205,43.7085900,-112.4767922,2006,1986.3,6282,1643.0,111.88,248.12,217.50,0.369,1.1,238.55,240.12,1.6,4.07,-0.27,24.46,316.8,-0.6,32.6,40.3,803.40,958.2,16.1,227.6,52.6,33.4,-98.2,22.5,4.62,5.92,30.96,39.18,19.12
84260,205,43.7080831,-112.4780060,2007,1987.1,6283,1646.0,111.78,248.88,218.38,0.370,0.5,238.51,240.02,1.5,3.87,-1.44,24.70,317.1,-0.6,32.9,40.2,803.37,958.0,16.6,228.3,52.6,33.1,-98.2,23.5,4.59,5.89,31.42,39.84,18.75
84261,205,43.7075843,-112.4791938,2007,1987.5,6284,1648.5,111.71,249.44,219.06,0.371,0.1,238.73,239.81,1.1,3.65,-2.42,24.76,317.2,-0.7,33.0,40.1,803.34,958.2,16.8,231.5,52.6,32.9,-98.2,24.0,4.57,5.86,31.53,40.01,18.60
84262,205,43.7070774,-112.4803899,2006,1987.0,6284,1648.5,111.64,249.12,218.62,0.371,-1.0,239.12,239.60,0.5,3.46,-2.28,24.83,317.2,-0.8,33.0,39.9,803.34,958.2,16.5,235.9,52.6,33.1,-98.1,23.7,4.55,5.83,31.66,40.20,18.42
84263,205,43.7065625,-112.4815946,2005,1986.0,6284,1636.5,111.62,250.69,219.94,0.373,-0.9,239.29,239.45,0.2,3.69,-1.31,24.68,317.1,-0.8,33.0,39.8,803.34,958.6,17.4,238.3,52.6,33.3,-98.1,22.7,4.53,5.81,31.38,39.79,18.52
84264,205,43.7060512,-112.4827858,2005,1985.1,6282,1627.0,111.57,250.12,219.44,0.372,-0.8,239.26,239.36,0.1,3.81,-1.20,24.76,317.2,-0.9,33.0,39.8,803.40,958.4,17.1,238.6,52.6,33.2,-98.1,22.6,4.52,5.80,31.54,40.02,18.39
84265,205,43.7055446,-112.4839638,2004,1984.5,6281,1620.5,111.52,250.94,220.25,0.373,-0.3,239.31,239.31,0.0,3.85,-1.49,24.67,317.1,-0.9,33.0,39.9,803.43,958.2,17.6,239.3,52.6,33.1,-98.1,22.8,4.52,5.79,31.36,39.76,18.47
84266,205,43.7050321,-112.4851524,2004,1984.4,6279,1615.5,111.46,249.81,219.12,0.372,0.0,239.38,239.23,-0.1,3.81,-1.06,24.74,317.1,-0.9,33.0,40.0,803.49,958.2,17.1,240.4,52.6,33.3,-98.1,22.4,4.51,5.78,31.50,39.96,18.36
84267,205,43.7045187,-112.4863396,2004,1984.6,6277,1608.5,111.41,249.88,219.25,0.372,0.3,239.17,239.22,0.0,3.92,-0.55,24.64,317.0,-0.9,32.9,40.1,803.55,958.7,17.1,238.9,52.6,33.4,-98.1,22.2,4.50,5.77,31.31,39.68,18.44
84268,205,43.7040009,-112.4875383,2005,1985.0,6277,1604.0,111.32,248.69,218.19,0.370,0.4,238.84,239.21,0.4,4.20,-1.30,24.76,317.1,-0.9,32.9,40.3,803.55,958.6,16.6,236.4,52.6,32.8,-98.1,22.9,4.49,5.76,31.54,40.02,18.27
84269,205,43.7034883,-112.4887236,2005,1985.4,6278,1595.5,111.19,248.38,217.81,0.370,0.4,238.78,239.10,0.3,4.34,-2.45,24.64,317.0,-1.0,32.8,40.3,803.52,958.7,16.6,236.6,52.6,32.2,-98.1,23.8,4.48,5.75,31.31,39.68,18.36
84270,205,43.7029789,-112.4898931,2005,1985.7,6279,1581.5,111.04,247.56,217.31,0.368,0.2,238.77,238.92,0.1,4.29,-2.89,24.74,317.1,-1.0,32.8,40.3,803.49,958.7,16.3,237.8,52.6,32.1,-98.1,24.1,4.47,5.73,31.50,39.96,18.19
84271,205,43.7024618,-112.4910701,2006,1986.0,6280,1573.0,110.91,248.94,218.38,0.370,0.4,238.48,238.72,0.2,4.21,-2.57,24.55,316.9,-1.1,32.7,40.3,803.46,958.8,17.2,236.9,52.6,32.3,-98.1,24.1,4.46,5.71,31.14,39.44,18.35
84272,205,43.7019372,-112.4922557,2006,1986.1,6280,1583.0,110.80,247.44,216.94,0.368,-0.3,238.08,238.56,0.5,4.01,-2.98,24.55,316.9,-1.1,32.6,40.3,803.46,958.8,16.5,234.9,52.6,32.3,-98.1,24.8,4.44,5.70,31.14,39.44,18.30
84273,205,43.7014162,-112.4934269,2006,1985.6,6279,1577.0,110.72,247.44,217.06,0.368,-0.4,237.81,238.40,0.6,4.18,-2.64,24.45,316.8,-1.1,32.5,40.3,803.49,958.8,16.6,233.8,52.6,32.3,-98.1,24.8,4.43,5.68,30.95,39.16,18.36
84274,205,43.7008931,-112.4945952,2006,1985.4,6281,1557.0,110.67,246.12,215.88,0.366,0.0,237.34,238.21,0.9,4.18,-2.82,24.68,317.1,-1.2,32.7,40.3,803.43,958.7,16.1,231.3,52.6,32.2,-98.1,25.3,4.43,5.68,31.38,39.79,18.09
84275,205,43.7003727,-112.4957481,2006,1985.3,6281,1543.0,110.54,247.88,217.50,0.369,-0.1,236.96,237.99,1.0,4.09,-3.55,24.61,317.0,-1.2,32.7,40.3,803.43,959.0,17.1,230.3,52.6,32.0,-98.1,26.2,4.43,5.68,31.25,39.61,18.16
84276,205,43.6998437,-112.4969079,2005,1984.9,6279,1535.5,110.41,248.31,217.81,0.370,-0.5,236.78,237.64,0.9,4.28,-4.88,24.54,316.9,-1.2,32.7,40.2,803.49,958.9,17.4,231.3,52.6,31.2,-98.1,27.2,4.43,5.68,31.11,39.40,18.25
84277,205,43.6993087,-112.4980608,2005,1984.5,6280,1526.0,110.31,246.38,216.12,0.367,-0.2,236.87,237.17,0.3,4.37,-5.09,24.62,317.0,-1.1,32.6,40.1,803.46,959.0,-9999,-9999,52.6,31.0,-98.1,27.4,4.43,5.68,31.26,39.62,18.17
84278,205,43.6987623,-112.4992178,2005,1984.1,6278,1502.5,110.16,246.06,215.88,0.366,-0.8,236.89,236.78,-0.1,4.11,-4.75,24.63,317.0,-1.1,32.6,40.0,803.52,959.3,16.4,237.7,52.6,31.4,-98.1,27.1,4.43,5.68,31.29,39.66,18.16
84279,205,43.6982227,-112.5003464,2004,1983.1,6274,1491.0,110.05,248.19,217.81,0.369,-1.0,236.67,236.48,-0.2,4.35,-3.89,24.60,317.0,-1.1,32.7,39.9,803.64,958.8,17.6,237.9,52.7,31.6,-98.1,26.6,4.43,5.68,31.22,39.56,18.20
84280,205,43.6976746,-112.5014820,2003,1982.2,6272,1462.5,109.89,248.75,218.38,0.370,-0.8,236.14,236.25,0.1,4.70,-3.57,24.56,316.9,-1.2,32.7,39.9,803.70,959.0,18.1,235.5,52.7,31.4,-98.1,26.8,4.43,5.68,31.15,39.46,18.23
84281,205,43.6971186,-112.5026239,2003,1981.5,6271,1443.0,109.69,247.00,216.75,0.368,-0.3,235.67,235.97,0.3,4.88,-4.87,24.52,316.9,-1.1,32.6,39.9,803.73,959.1,17.4,233.8,52.7,30.6,-98.1,28.0,4.43,5.68,31.09,39.37,18.27
84282,205,43.6965645,-112.5037477,2003,1981.5,6272,1455.5,109.50,246.44,216.12,0.367,0.3,235.23,235.56,0.3,4.80,-5.22,24.61,317.0,-1.1,32.6,40.0,803.70,959.1,-9999,-9999,52.7,30.5,-98.1,28.6,4.43,5.68,31.25,39.60,18.19
84283,205,43.6960109,-112.5048527,2003,1981.8,6272,1500.0,109.31,245.31,215.12,0.365,0.3,234.69,235.14,0.4,4.70,-5.19,24.69,317.0,-1.1,32.6,40.0,803.70,959.3,-9999,-9999,52.7,30.6,-98.1,29.1,4.43,5.68,31.39,39.81,18.10
84284,205,43.6954458,-112.5059613,2003,1982.4,6274,1529.0,109.17,246.75,216.50,0.367,0.8,234.32,234.72,0.4,4.70,-4.54,24.69,317.1,-1.1,32.7,40.1,803.64,959.3,17.8,231.8,52.7,30.9,-98.1,29.1,4.43,5.68,31.39,39.81,18.10
84285,205,43.6948708,-112.5070745,2004,1983.3,6275,1546.0,109.00,246.44,216.31,0.367,0.9,233.57,234.43,0.9,4.58,-2.28,24.66,317.0,-1.1,32.7,40.2,803.61,959.4,17.9,228.3,52.7,32.0,-98.1,28.4,4.43,5.69,31.34,39.74,18.15
84286,205,43.6943006,-112.5081726,2005,1984.2,6276,1550.0,108.78,250.31,219.75,0.373,0.8,232.88,234.36,1.5,4.64,-0.66,24.60,317.0,-1.1,32.9,40.4,803.58,959.6,20.2,224.9,52.7,32.7,-98.1,28.0,4.44,5.70,31.24,39.58,18.24
84287,205,43.6937306,-112.5092677,2006,1985.0,6279,1563.5,108.56,251.50,220.69,0.374,0.7,232.53,234.33,1.8,4.71,0.15,24.54,316.9,-1.1,32.9,40.5,803.49,959.7,21.1,223.3,52.7,33.1,-98.1,27.9,4.44,5.70,31.13,39.42,18.31
84288,205,43.6931617,-112.5103604,2006,1985.6,6282,1560.0,108.32,252.62,221.75,0.376,0.4,232.51,234.34,1.8,4.60,1.03,24.45,316.8,-1.1,32.9,40.5,803.40,959.9,22.0,223.5,52.7,33.6,-98.1,27.5,4.45,5.70,30.95,39.16,18.42
84289,205,43.6926005,-112.5114400,2006,1985.6,6284,1557.0,108.11,251.06,220.56,0.374,0.0,232.85,234.41,1.6,4.38,1.70,24.46,316.8,-1.1,32.8,40.6,803.34,960.0,21.3,224.9,52.7,34.1,-98.1,26.9,4.45,5.70,30.96,39.18,18.41
84290,205,43.6920359,-112.5125308,2007,1985.9,6289,1558.0,108.04,248.56,218.06,0.370,0.7,233.51,234.60,1.1,4.03,2.55,24.43,316.8,-1.1,32.6,40.6,803.19,959.9,20.0,227.6,52.7,34.7,-98.1,25.8,4.44,5.70,30.91,39.11,18.43
84291,205,43.6914743,-112.5136241,2008,1986.7,6288,1567.5,108.02,245.06,215.06,0.364,0.6,233.83,234.83,1.0,3.50,3.49,24.41,316.8,-1.1,32.3,40.6,803.22,960.0,18.2,227.9,52.7,35.6,-98.1,24.9,4.44,5.69,30.89,39.07,18.42
84292,205,43.6909166,-112.5147215,2008,1987.1,6287,1579.5,108.07,242.69,212.69,0.361,0.3,234.13,235.16,1.0,3.61,3.48,24.56,317.0,-1.1,32.3,40.5,803.25,959.8,16.9,227.5,52.7,35.5,-98.1,24.6,4.43,5.68,31.16,39.47,18.24
84293,205,43.6903634,-112.5158240,2008,1987.4,6288,1585.0,108.09,244.50,214.44,0.364,0.5,234.59,235.52,0.9,3.97,3.34,24.54,316.9,-1.1,32.4,40.5,803.22,960.1,17.8,228.9,52.7,35.1,-98.1,24.2,4.43,5.68,31.12,39.40,18.25
84294,205,43.6898100,-112.5169421,2008,1987.8,6287,1586.0,108.02,246.75,216.50,0.367,0.2,235.16,235.85,0.7,4.01,3.14,24.49,316.9,-1.1,32.5,40.4,803.25,959.9,19.0,231.2,52.7,34.9,-98.1,23.8,4.43,5.68,31.03,39.28,18.31
84295,205,43.6892725,-112.5180410,2009,1988.1,6287,1571.0,107.93,247.25,217.12,0.368,0.2,235.50,236.20,0.7,4.14,3.47,24.36,316.7,-1.1,32.4,40.4,803.25,960.0,19.3,231.6,52.7,34.8,-98.1,23.1,4.43,5.68,30.78,38.91,18.47
84296,205,43.6887295,-112.5191659,2009,1988.2,6288,1556.0,107.85,244.19,214.19,0.363,-0.1,235.79,236.55,0.8,4.22,3.28,24.46,316.9,-1.1,32.3,40.3,803.22,960.3,17.8,231.2,52.7,34.7,-98.1,22.9,4.44,5.70,30.97,39.19,18.39
84297,205,43.6881968,-112.5202822,2008,1987.6,6289,1549.5,107.75,243.31,213.31,0.362,-0.8,236.21,236.83,0.6,4.14,1.79,24.67,317.1,-1.1,32.5,40.2,803.19,960.1,17.5,232.4,52.7,34.1,-98.1,23.7,4.46,5.71,31.35,39.75,18.23
84298,205,43.6876730,-112.5213892,2007,1986.4,6287,1544.5,107.64,245.56,215.62,0.366,-1.3,236.75,237.00,0.2,4.20,1.63,24.62,317.0,-1.0,32.6,40.1,803.25,960.3,18.7,235.3,52.7,34.0,-98.1,23.3,4.47,5.73,31.26,39.61,18.33
