Data/Raw/YANG,MELISSA/FIREXAQ-MetNav_DC8_20190724_R0.ict
77, 1001
Project Office
NSRC - National Suborbital Research Center
N817NA Meteorological and Navigation Facility Instrumentation
FIREX-AQ
1,1
2019,07,24,2020,02,28
1
Time_Start, seconds (from midnight UTC)
35
1,1,1,1,1,1,1,1,1,1,1,1,1,1,1,1,1,1,1,1,1,1,1,1,1,1,1,1,1,1,1,1,1,1,1
-9999,-9999,-9999,-9999,-9999,-9999,-9999,-9999,-9999,-9999,-9999,-9999,-9999,-9999,-9999,-9999,-9999,-9999,-9999,-9999,-9999,-9999,-9999,-9999,-9999,-9999,-9999,-9999,-9999,-9999,-9999,-9999,-9999,-9999,-9999
Day_Of_Year, day, None, calendar day beginning January 1
Latitude, deg, Platform_Latitude_InSitu_None
Longitude, deg, Platform_Longitude_InSitu_None
MSL_GPS_Altitude, m, Platform_AltitudeMSL_InSitu_None
HAE_GPS_Altitude, m, Platform_AltitudeEllipsoid_InSitu_None, reference WGS-84
Pressure_Altitude, ft, Platform_AltitudePressure_InSitu_None
Radar_Altitude, ft, Platform_AltitudeAGL_InSitu_None
Ground_Speed, m/s, Platform_GroundSpeed_InSitu_None
True_Air_Speed, kts, Platform_AircraftTrueAirSpeed_InSitu_None
Indicated_Air_Speed, kts, Platform_AircraftIndicatedAirSpeed_InSitu_None
Mach_Number, mach, None
Vertical_Speed, m/s, None
True_Heading, deg 0-360, Platform_HeadingTrue_InSitu_None, cw from +y
Track_Angle, deg 0-360, Platform_TrackAngle_InSitu_None, cw from +y
Drift_Angle, deg +-180, Platform_DriftAngle_InSitu_None, cw from +y
Pitch_Angle, deg +-180, Platform_PitchAngle_InSitu_None, up+
Roll_Angle, deg +-180, Platform_RollAngle_InSitu_None, rt+
Static_Air_Temp, degrees Celcius, Met_StaticAirTemperature_InSitu_None
Potential_Temp, Kelvin, Met_PotentialTemperature_InSitu_None
Dew_Point, degrees Celcius, Met_DewPoint_InSitu_None
Total_Air_Temp, degrees Celcius, None
IR_Surf_Temp, degrees Celcius, Met_SufaceTemperature_InSitu_None
Static_Pressure, hPa, Met_StaticPressure_InSitu_None
Cabin_Pressure, hPa, None
Wind_Speed, m/s, Met_WindSpeed_InSitu_None, limited to where Roll_Angle does not exceed 5 degrees
Wind_Direction, deg 0-360 cw from +y, Met_WindDirection_InSitu_None, limited to where Roll_Angle does not exceed 5 degrees
Solar_Zenith_Angle, deg, Platform_SolarZenithAngle_InSitu_None
Aircraft_Sun_Elevation, deg, None
Sun_Azimuth, deg, Platform_SolarAzimuthAngle_InSitu_None
Aircraft_Sun_Azimuth, deg, None
Mixing_Ratio, g/kg, Met_H2OMR_InSitu_None
Part_Press_Water_Vapor, hPa, Met_PartialPressureH2O_InSitu_None
Sat_Vapor_Press_H2O, hPa, Met_SatVaporPressureH2OWater_InSitu_None
Sat_Vapor_Press_Ice, hPa, Met_SatVaporPressureH2OIce_InSitu_None
Relative_Humidity, percent, Met_RelativeHumidityWater_InSitu_None
0
28
PI_CONTACT_INFO: Melissa Yang Martin, m.yang@baeri.org 
Platform: NASA DC-8 N817NA
LOCATION: Included in data records
ASSOCIATED_DATA: This flight represents FIREX-AQ Science Flight #02 out of Boise, ID. See FIREX-AQ archive on Langley archive at https://www-air.larc.nasa.gov/missions/firex-aq/index.html
INSTRUMENT_INFO: 
	Position, attitude, ground speed, and vertical speed from LN251
	Wind_Speed and Wind_Direction calculated from LN251, Aircraft Data System-85
	Radar_Altitude from APN-232
	Total_Air_Temperature from Rosemount 102 type non-deiced with Laurels LTE signal conditioner
	IR_Surface_Temp from KT-19.85II
        Cabin_Pressure from MKS Baratron 220D
	Dew_Point and calculated water vapor parameters from Buck Hygrometer 1011-C
[...]
LLOD_FLAG:-8888
LLOD_VALUE:0,-90,-180,N/A,N/A,-1871,0,0,0,0,0,-104.04,0,0,-180,-180,-180,-99,N/A,-60,-60,-50,N/A,0.66,0,0,N/A,N/A,N/A,N/A,N/A,N/A,N/A,N/A,N/A
DM_CONTACT_INFO: Ryan Bennett, r.bennett@baeri.org
PROJECT_INFO: N/A
STIPULATIONS_ON_USE: Please contact PI or DM with questions on best use practices and instrumentation caveats that are not explicitly published here.
OTHER_COMMENTS: Wind Speed and Wind Direction flagged where Roll_Angle exceeds 5 degrees. Few segments of Dew_Point and associated water vapor calculations may be flagged due to instrument dew point overshoots on aircraft descent due to condensation within the probe. Potential_Temp derived from Static_Air_Temp and Static_Pressure.
REVISION: R0
R0: R0: Public release data with limits of detection and instrument calibrations applied to Total_Air_Temp (follows through to reduction to Static_Air_Temp and calculation of Potential_Temp), and Cabin_Pressure.
RB: Altered Time_Start per request of FIREX-AQ management.
RA: Preliminary field data with limits of detection applied.
Time_Start,Day_Of_Year,Latitude,Longitude,MSL_GPS_Altitude,HAE_GPS_Altitude,Pressure_Altitude,Radar_Altitude,Ground_Speed,True_Air_Speed,Indicated_Air_Speed,Mach_Number,Vertical_Speed,True_Heading,Track_Angle,Drift_Angle,Pitch_Angle,Roll_Angle,Static_Air_Temp,Potential_Temp,Dew_Point,Total_Air_Temp,IR_Surf_Temp,Static_Pressure,Cabin_Pressure,Wind_Speed,Wind_Direction,Solar_Zenith_Angle,Aircraft_Sun_Elevation,Sun_Azimuth,Aircraft_Sun_Azimuth,Mixing_Ratio,Part_Press_Water_Vapor,Sat_Vapor_Press_H2O,Sat_Vapor_Press_Ice,Relative_Humidity
[from data line 4062]
80530,205,43.9813032,-112.3957803,3153,3134.8,9796,5443.5,139.73,265.94,222.44,0.403,0.4,128.31,121.80,-6.5,4.30,26.27,14.49,318.2,-2.7,23.8,42.6,702.35,977.8,-9999,-9999,41.9,70.4,-111.8,146.7,4.51,5.05,16.66,19.18,30.33
80531,205,43.9806240,-112.3943180,3153,3135.0,9793,5427.0,139.40,263.31,220.06,0.399,0.2,130.18,123.74,-6.4,4.63,25.58,14.56,318.3,-2.8,23.7,42.5,702.43,977.9,-9999,-9999,41.9,70.9,-111.8,141.3,4.49,5.04,16.74,19.29,30.08
80532,205,43.9799110,-112.3928919,3154,3135.3,9796,5416.5,139.02,264.44,221.00,0.400,0.2,131.97,125.56,-6.4,4.69,22.51,14.26,318.0,-2.8,23.5,42.4,702.35,977.7,-9999,-9999,41.9,69.4,-111.8,131.9,4.48,5.02,16.42,18.86,30.59
80533,205,43.9791701,-112.3914991,3154,3135.5,9797,5414.0,138.71,262.75,219.62,0.398,0.4,134.18,127.14,-7.0,4.35,19.23,14.18,317.9,-2.8,23.3,42.3,702.32,977.9,-9999,-9999,41.9,66.9,-111.8,123.8,4.47,5.01,16.33,18.74,30.69
80534,205,43.9784045,-112.3901369,3155,3136.4,9799,5426.0,138.46,263.88,220.69,0.400,1.0,136.24,128.60,-7.6,3.71,17.99,14.20,317.9,-2.9,23.4,42.2,702.27,978.1,-9999,-9999,41.9,65.8,-111.8,119.9,4.46,5.00,16.35,18.77,30.57
80535,205,43.9776174,-112.3888024,3156,3137.6,9799,5419.5,138.25,263.31,220.31,0.399,1.2,137.95,129.87,-8.1,3.62,15.87,14.18,317.9,-2.9,23.3,42.1,702.27,977.8,-9999,-9999,41.9,64.1,-111.8,115.3,4.44,4.98,16.33,18.74,30.50
80536,205,43.9768104,-112.3874912,3157,3138.9,9800,5414.0,138.14,263.38,220.25,0.399,1.5,139.86,131.04,-8.8,3.82,13.07,14.13,317.8,-3.0,23.3,42.0,702.24,977.6,-9999,-9999,41.9,61.7,-111.8,110.3,4.42,4.96,16.28,18.67,30.48
80537,205,43.9759863,-112.3862027,3159,3140.8,9803,5412.0,138.00,263.25,220.19,0.399,2.1,141.31,132.05,-9.3,3.74,11.58,14.18,317.9,-3.0,23.3,41.9,702.16,978.0,-9999,-9999,41.9,60.2,-111.8,107.3,4.41,4.94,16.33,18.74,30.25
80538,205,43.9751480,-112.3849353,3161,3142.9,9807,5406.5,137.90,260.31,217.50,0.394,2.0,142.23,132.93,-9.3,3.50,9.20,14.19,317.9,-3.1,23.1,41.8,702.05,978.3,-9999,-9999,41.9,57.9,-111.7,105.3,4.39,4.92,16.34,18.76,30.10
80539,205,43.9742969,-112.3836854,3163,3144.5,9814,5403.0,137.86,261.44,218.69,0.396,1.2,142.82,133.66,-9.2,3.43,7.23,13.96,317.7,-3.1,23.0,41.8,701.86,977.8,-9999,-9999,41.9,55.9,-111.7,103.9,4.37,4.90,16.11,18.45,30.43
80540,205,43.9734347,-112.3824492,3164,3145.7,9822,5383.5,137.96,261.12,218.69,0.396,1.5,142.67,134.35,-8.3,3.26,6.76,14.27,318.1,-3.2,23.3,41.8,701.64,977.9,-9999,-9999,41.9,55.4,-111.7,103.9,4.36,4.88,16.43,18.87,29.73
80541,205,43.9725613,-112.3812272,3165,3147.1,9826,5370.5,138.04,264.12,221.12,0.400,1.3,142.27,135.01,-7.3,2.84,5.57,14.36,318.2,-3.2,23.6,41.9,701.53,977.7,-9999,-9999,42.0,54.2,-111.7,104.5,4.34,4.87,16.52,18.99,29.45
80542,205,43.9716789,-112.3800162,3165,3147.6,9827,5358.0,138.17,262.25,219.44,0.397,-0.2,141.55,135.43,-6.1,2.80,4.33,14.48,318.3,-3.3,23.6,42.0,701.50,977.9,14.9,241.1,42.0,52.9,-111.7,104.9,4.33,4.85,16.66,19.17,29.11
80543,205,43.9707899,-112.3788119,3165,3147.1,9825,5359.0,138.35,267.06,223.50,0.405,-0.5,140.93,135.79,-5.1,3.07,2.52,14.30,318.1,-3.3,23.7,42.1,701.56,977.7,12.4,232.8,42.0,51.3,-111.7,104.9,4.32,4.84,16.46,18.91,29.38
80544,205,43.9698957,-112.3776116,3165,3146.4,9826,5343.5,138.56,266.69,223.19,0.404,-0.7,140.60,135.96,-4.6,2.97,1.64,14.28,318.1,-3.4,23.7,42.2,701.53,977.7,11.3,235.3,42.0,50.4,-111.7,105.2,4.30,4.82,16.44,18.88,29.33
80545,205,43.9689971,-112.3764134,3164,3145.3,9825,5328.0,138.81,267.25,223.56,0.405,-1.3,140.67,136.09,-4.6,2.54,1.35,14.15,318.0,-3.4,23.6,42.4,701.56,977.8,11.1,235.2,42.0,50.0,-111.7,105.7,4.29,4.80,16.30,18.70,29.47
80546,205,43.9680947,-112.3752153,3162,3143.5,9820,5318.5,139.12,264.88,221.56,0.401,-2.1,140.95,136.23,-4.7,2.40,2.35,14.31,318.1,-3.4,23.6,42.5,701.69,977.9,11.7,242.7,42.0,50.9,-111.7,105.9,4.28,4.79,16.47,18.93,29.08
80547,205,43.9671875,-112.3740186,3160,3141.2,9815,5314.0,139.41,266.06,222.62,0.403,-2.6,140.92,136.42,-4.5,2.76,3.41,14.37,318.2,-3.5,23.7,42.7,701.83,977.9,11.1,241.8,42.0,52.0,-111.7,105.7,4.27,4.78,16.54,19.02,28.92
80548,205,43.9662759,-112.3728234,3159,3139.0,9811,5304.5,139.70,267.38,223.75,0.405,-1.9,141.09,136.63,-4.5,3.23,2.58,14.23,318.0,-3.5,23.7,43.0,701.94,977.6,11.0,240.1,42.0,51.4,-111.7,104.9,4.26,4.78,16.39,18.82,29.14
80549,205,43.9653602,-112.3716295,3157,3137.4,9804,5299.0,139.93,267.81,224.19,0.406,-1.4,141.83,136.77,-5.1,3.19,2.30,14.25,318.0,-3.5,23.7,43.4,702.13,977.8,12.5,239.3,42.0,51.0,-111.7,104.2,4.25,4.77,16.41,18.85,29.04
80550,205,43.9644419,-112.3704364,3156,3136.1,9799,5298.0,140.09,268.38,224.69,0.407,-1.0,142.57,136.93,-5.6,3.31,3.11,14.17,317.9,-3.5,23.7,43.7,702.27,977.6,13.8,238.2,42.0,51.8,-111.7,103.4,4.24,4.76,16.32,18.73,29.15
80551,205,43.9635192,-112.3692473,3155,3135.4,9796,5292.0,140.23,270.25,226.44,0.410,-0.2,143.02,137.22,-5.8,3.65,3.90,14.38,318.1,-3.6,24.0,44.0,702.35,977.7,14.2,235.0,42.0,52.6,-111.7,102.6,4.24,4.75,16.54,19.02,28.72
80552,205,43.9625907,-112.3680650,3156,3135.4,9792,5293.5,140.26,270.44,226.69,0.410,0.3,143.30,137.57,-5.7,3.97,4.36,14.32,318.0,-3.6,24.0,44.1,702.46,977.9,14.0,235.1,42.0,53.1,-111.7,101.9,4.23,4.74,16.48,18.93,28.78
80553,205,43.9616564,-112.3668916,3156,3135.9,9792,5301.0,140.22,271.75,227.75,0.412,0.9,143.36,137.98,-5.4,4.20,4.74,14.17,317.9,-3.6,23.9,44.1,702.46,977.5,13.2,232.5,42.0,53.5,-111.7,101.6,4.22,4.73,16.32,18.73,28.99
80554,205,43.9607168,-112.3657274,3157,3136.9,9793,5307.0,140.16,272.69,228.56,0.413,0.9,143.48,138.30,-5.2,4.35,3.59,14.20,317.9,-3.6,24.0,43.9,702.43,978.0,12.7,230.3,42.0,52.5,-111.6,101.1,4.21,4.72,16.36,18.78,28.86
80555,205,43.9597737,-112.3645698,3158,3138.1,9796,5320.0,140.10,273.69,229.44,0.415,1.4,143.80,138.55,-5.3,4.50,2.46,14.09,317.8,-3.7,24.0,43.7,702.35,977.7,12.9,228.1,42.0,51.3,-111.6,100.4,4.20,4.71,16.23,18.62,29.04
80556,205,43.9588282,-112.3634174,3159,3139.7,9802,5345.5,140.02,272.44,228.50,0.413,1.8,144.27,138.74,-5.5,4.06,2.89,14.20,317.9,-3.7,24.0,43.4,702.18,977.8,13.5,230.9,42.0,51.7,-111.6,100.5,4.20,4.71,16.36,18.78,28.80
80557,205,43.9578804,-112.3622698,3161,3141.7,9807,5362.0,140.01,276.31,231.75,0.419,2.2,144.54,138.93,-5.6,3.72,2.07,14.14,317.9,-3.7,24.2,43.0,702.05,977.8,14.0,223.0,42.0,50.8,-111.6,100.5,4.19,4.70,16.29,18.69,28.88
80558,205,43.9569291,-112.3611253,3163,3143.9,9812,5384.0,140.11,274.25,229.88,0.416,2.1,144.99,139.06,-5.9,3.46,1.12,14.09,317.8,-3.7,24.0,42.6,701.91,977.6,14.6,228.2,42.0,49.8,-111.6,100.3,4.18,4.69,16.24,18.63,28.88
80559,205,43.9559758,-112.3599826,3164,3145.6,9815,5400.5,140.19,273.94,229.44,0.415,1.0,145.38,139.15,-6.2,3.27,0.58,14.02,317.8,-3.8,23.9,42.2,701.83,977.4,15.3,229.5,42.0,49.1,-111.6,100.0,4.18,4.68,16.17,18.52,28.95
80560,205,43.9550212,-112.3588415,3165,3146.3,9817,5418.5,140.26,273.00,228.62,0.414,0.5,145.37,139.27,-6.1,3.42,1.52,14.04,317.8,-3.8,23.9,41.7,701.78,977.6,14.9,231.6,42.0,50.1,-111.6,99.8,4.17,4.67,16.19,18.55,28.86
80561,205,43.9540636,-112.3577021,3166,3146.7,9823,5434.5,140.39,272.88,228.56,0.413,0.4,145.26,139.42,-5.8,3.23,1.38,13.86,317.6,-3.8,23.7,41.3,701.61,977.5,14.3,232.4,42.0,50.0,-111.6,100.1,4.16,4.67,16.00,18.30,29.16
80562,205,43.9531029,-112.3565653,3166,3146.9,9825,5449.5,140.56,271.06,227.06,0.411,0.0,145.37,139.53,-5.8,3.02,0.39,13.99,317.8,-3.8,23.7,40.9,701.56,977.7,14.3,236.9,42.0,48.9,-111.6,100.2,4.16,4.66,16.13,18.48,28.88
80563,205,43.9521396,-112.3554304,3166,3146.5,9823,5450.5,140.70,273.56,229.25,0.415,-0.8,145.68,139.61,-6.1,3.05,0.25,14.00,317.8,-3.8,23.9,40.4,701.61,977.6,14.9,232.5,42.0,48.7,-111.6,99.9,4.15,4.65,16.14,18.49,28.83
80564,205,43.9511745,-112.3542957,3165,3145.6,9822,5461.5,140.84,273.62,229.38,0.415,-1.0,145.65,139.70,-5.9,3.19,1.31,14.04,317.8,-3.8,23.9,40.1,701.64,977.6,14.6,233.0,42.0,49.8,-111.6,99.8,4.15,4.65,16.18,18.55,28.73
80565,205,43.9502067,-112.3531628,3164,3144.6,9821,5473.5,140.96,274.19,229.81,0.416,-0.9,145.54,139.85,-5.7,3.23,1.33,14.04,317.8,-3.9,24.0,39.9,701.67,977.3,14.0,232.3,42.0,49.9,-111.6,99.9,4.14,4.64,16.19,18.55,28.69
80566,205,43.9492360,-112.3520321,3163,3143.8,9819,5478.5,141.11,273.44,229.06,0.414,-0.7,145.76,139.95,-5.8,3.34,0.39,14.01,317.8,-3.9,23.9,39.6,701.72,977.5,14.3,234.6,42.0,49.0,-111.6,99.5,4.14,4.65,16.15,18.51,28.76
80567,205,43.9482634,-112.3509022,3162,3143.2,9817,5484.0,141.24,274.69,230.25,0.416,-0.4,146.07,140.00,-6.1,3.40,-0.17,14.01,317.8,-3.9,24.0,39.4,701.78,977.5,15.0,232.8,42.0,48.4,-111.6,99.1,4.14,4.64,16.16,18.51,28.74
80568,205,43.9472894,-112.3497720,3162,3143.1,9813,5478.5,141.38,274.88,230.38,0.417,-0.1,146.29,140.06,-6.2,3.27,0.67,14.05,317.8,-3.9,24.0,39.1,701.89,977.7,15.4,233.1,42.0,49.1,-111.6,99.0,4.14,4.64,16.19,18.56,28.65
80569,205,43.9463138,-112.3486419,3162,3142.9,9811,5474.0,141.46,274.44,230.06,0.416,-0.2,146.00,140.16,-5.8,3.58,0.66,14.08,317.8,-3.9,24.0,38.9,701.94,977.5,14.4,234.2,42.0,49.2,-111.6,98.9,4.13,4.63,16.22,18.60,28.56
80570,205,43.9453359,-112.3475146,3161,3142.5,9809,5476.5,141.46,276.81,232.38,0.420,-0.4,145.86,140.23,-5.6,4.04,-0.29,14.15,317.9,-3.9,24.3,38.7,701.99,977.4,14.0,229.2,42.0,48.4,-111.5,98.5,4.13,4.63,16.30,18.70,28.39
80571,205,43.9443573,-112.3463893,3161,3142.2,9809,5479.0,141.43,277.56,233.06,0.421,-0.2,145.94,140.25,-5.7,4.16,-0.41,14.15,317.9,-3.9,24.3,38.5,701.99,977.4,14.2,227.6,42.0,48.2,-111.5,98.3,4.12,4.62,16.30,18.70,28.35
80572,205,43.9433793,-112.3452639,3161,3142.1,9809,5485.5,141.39,277.19,232.50,0.420,-0.2,145.89,140.28,-5.6,4.05,0.11,13.98,317.7,-4.0,24.1,38.4,701.99,977.5,14.0,228.1,42.1,48.7,-111.5,98.5,4.10,4.60,16.13,18.47,28.54
80573,205,43.9424006,-112.3441392,3162,3142.4,9812,5492.0,141.42,277.62,232.94,0.421,0.6,145.79,140.35,-5.4,4.00,0.41,13.84,317.6,-4.0,24.0,38.3,701.91,977.4,13.6,227.1,42.1,49.0,-111.5,98.6,4.09,4.58,15.98,18.28,28.68
80574,205,43.9414204,-112.3430166,3163,3143.3,9812,5508.5,141.41,278.56,233.44,0.422,1.1,145.80,140.40,-5.4,3.94,-0.30,14.08,317.8,-4.1,24.3,38.0,701.91,977.2,13.5,225.1,42.1,48.3,-111.5,98.7,4.08,4.57,16.22,18.60,28.18
80575,205,43.9404400,-112.3418949,3164,3144.5,9812,5519.0,141.40,280.12,235.19,0.425,1.1,145.86,140.38,-5.5,4.03,-0.76,14.10,317.9,-4.1,24.5,37.1,701.91,977.3,13.9,221.9,42.1,47.9,-111.5,98.5,4.07,4.57,16.25,18.64,28.09
80576,205,43.9394607,-112.3407725,3165,3145.5,9813,5532.0,141.34,280.25,235.19,0.425,1.0,145.82,140.36,-5.5,4.09,-0.59,14.00,317.7,-4.1,24.4,35.9,701.89,977.4,13.9,221.3,42.1,48.0,-111.5,98.5,4.07,4.56,16.14,18.50,28.25
80577,205,43.9384823,-112.3396490,3166,3146.5,9816,5533.5,141.31,280.50,235.31,0.425,0.6,146.01,140.31,-5.7,3.89,-0.60,14.09,317.8,-4.1,24.5,34.4,701.80,977.4,14.5,221.3,42.1,48.0,-111.5,98.6,4.06,4.56,16.23,18.61,28.06
80578,205,43.9375040,-112.3385257,3166,3146.7,9817,5527.0,141.31,276.75,232.12,0.419,0.0,146.44,140.33,-6.1,3.80,-0.72,13.92,317.7,-4.1,24.0,32.2,701.78,977.1,15.1,229.4,42.1,47.8,-111.5,98.3,4.06,4.55,16.06,18.39,28.33
80579,205,43.9365253,-112.3374021,3166,3146.8,9820,5519.5,141.40,276.50,231.62,0.419,0.1,146.49,140.31,-6.2,3.51,0.19,13.94,317.7,-4.1,24.0,30.7,701.69,977.4,15.3,230.2,42.1,48.7,-111.5,98.5,4.06,4.55,16.08,18.42,28.27
80580,205,43.9355457,-112.3362780,3166,3147.0,9821,5527.5,141.51,274.31,229.75,0.415,0.2,146.43,140.38,-6.0,3.46,-0.67,14.05,317.8,-4.2,24.0,29.8,701.67,977.3,14.9,234.9,42.1,47.9,-111.5,98.6,4.05,4.54,16.20,18.57,28.04
80581,205,43.9345648,-112.3351542,3166,3147.3,9820,5527.0,141.60,276.62,232.00,0.419,0.5,146.38,140.39,-6.0,3.65,0.03,14.11,317.9,-4.2,24.2,29.7,701.69,977.3,14.9,230.7,42.1,48.5,-111.5,98.5,4.05,4.54,16.26,18.65,27.92
80582,205,43.9335829,-112.3340309,3167,3148.1,9821,5534.0,141.64,279.00,234.12,0.423,0.9,146.39,140.46,-5.9,3.64,0.20,14.08,317.9,-4.2,24.4,30.6,701.67,977.3,14.9,226.1,42.1,48.7,-111.5,98.5,4.05,4.54,16.23,18.60,27.97
80583,205,43.9325999,-112.3329087,3168,3149.2,9824,5534.0,141.68,281.19,236.19,0.426,1.4,146.35,140.51,-5.8,3.70,-0.14,13.88,317.7,-4.2,24.3,31.9,701.59,977.2,14.9,221.9,42.1,48.4,-111.5,98.5,4.05,4.54,16.02,18.33,28.35
80584,205,43.9316159,-112.3317881,3169,3150.6,9826,5544.0,141.69,280.94,235.81,0.426,1.3,146.36,140.53,-5.8,3.61,-1.13,14.05,317.8,-4.2,24.5,34.0,701.53,977.1,14.8,222.4,42.1,47.4,-111.5,98.5,4.05,4.54,16.20,18.57,28.05
80585,205,43.9306324,-112.3306664,3171,3151.9,9829,5552.0,141.73,282.88,237.50,0.429,1.5,146.44,140.46,-6.0,3.50,-1.33,13.85,317.6,-4.2,24.4,35.5,701.45,977.2,15.4,219.3,42.1,47.2,-111.5,98.5,4.05,4.54,15.99,18.29,28.40
80586,205,43.9296492,-112.3295422,3172,3153.6,9836,5558.0,141.84,282.94,237.38,0.429,1.8,146.50,140.41,-6.1,3.08,-1.23,13.81,317.6,-4.2,24.4,36.8,701.26,977.0,15.7,219.8,42.1,47.2,-111.4,98.9,4.05,4.53,15.94,18.23,28.44
80587,205,43.9286657,-112.3284164,3174,3155.1,9838,5569.0,141.95,283.00,237.38,0.429,0.9,146.37,140.39,-6.0,2.63,-1.38,13.90,317.7,-4.2,24.5,38.0,701.21,977.0,15.4,219.8,42.1,47.0,-111.4,99.4,4.05,4.53,16.04,18.35,28.26
80588,205,43.9276812,-112.3272895,3174,3155.6,9840,5570.0,142.12,281.25,235.75,0.426,0.1,146.07,140.36,-5.7,2.69,-1.54,13.79,317.6,-4.2,24.2,38.6,701.15,977.1,14.5,223.0,42.1,46.9,-111.4,99.6,4.04,4.53,15.93,18.21,28.43
80589,205,43.9266960,-112.3261598,3175,3155.7,9842,5574.0,142.33,281.62,236.12,0.427,0.1,146.02,140.32,-5.7,2.68,-1.65,14.00,317.8,-4.2,24.5,38.8,701.10,976.9,14.5,223.0,42.1,46.7,-111.4,99.8,4.04,4.52,16.15,18.50,28.02
80590,205,43.9257103,-112.3250278,3175,3155.6,9842,5573.5,142.49,281.56,236.06,0.427,-0.3,145.83,140.30,-5.5,2.40,-0.36,13.77,317.6,-4.2,24.2,38.8,701.10,977.1,14.1,223.4,42.1,48.0,-111.4,100.4,4.04,4.52,15.91,18.19,28.41
80591,205,43.9247234,-112.3238946,3174,3154.9,9842,5575.0,142.70,280.81,235.38,0.426,-0.7,145.59,140.31,-5.3,2.48,-0.69,13.77,317.6,-4.2,24.2,38.5,701.10,977.0,13.3,225.4,42.1,47.7,-111.4,100.5,4.03,4.51,15.91,18.19,28.37
80592,205,43.9237350,-112.3227593,3173,3154.1,9842,5571.0,142.92,281.88,236.56,0.427,-0.9,145.65,140.29,-5.4,2.50,-0.91,13.93,317.8,-4.3,24.4,38.1,701.10,977.0,13.6,224.2,42.1,47.4,-111.4,100.5,4.02,4.51,16.07,18.40,28.03
80593,205,43.9227456,-112.3216212,3172,3153.4,9841,5569.5,143.20,281.19,235.81,0.426,-0.4,145.84,140.24,-5.6,2.38,-0.76,13.74,317.6,-4.3,24.2,37.7,701.12,977.0,14.1,227.1,42.1,47.6,-111.4,100.5,4.02,4.50,15.88,18.15,28.34
80594,205,43.9217537,-112.3204817,3172,3152.7,9840,5573.5,143.45,276.00,231.19,0.418,-1.3,146.09,140.32,-5.8,1.89,0.99,14.21,318.1,-4.3,24.3,37.4,701.15,977.1,14.4,239.0,42.1,49.1,-111.4,100.9,4.01,4.49,16.37,18.79,27.46
80595,205,43.9207582,-112.3193430,3170,3150.9,9834,5566.0,143.71,273.75,229.19,0.415,-2.3,145.46,140.48,-5.0,2.34,0.27,14.33,318.2,-4.3,24.2,37.1,701.31,977.3,12.7,246.1,42.1,48.6,-111.4,100.9,4.01,4.49,16.50,18.96,27.23
80596,205,43.9197597,-112.3182044,3167,3148.6,9830,5558.5,143.97,275.94,231.31,0.418,-1.9,145.23,140.49,-4.7,2.93,-0.84,13.93,317.7,-4.3,24.0,36.8,701.42,976.6,12.0,242.5,42.1,47.6,-111.4,100.5,4.01,4.49,16.07,18.40,27.95
80597,205,43.9187604,-112.3170624,3166,3147.0,9826,5557.5,144.21,278.31,233.50,0.422,-1.3,145.68,140.40,-5.3,2.89,-1.36,14.05,317.8,-4.3,24.3,36.7,701.53,976.7,13.3,237.5,42.1,47.1,-111.4,100.2,4.01,4.49,16.19,18.56,27.74
80598,205,43.9177616,-112.3159162,3165,3145.7,9821,5555.5,144.38,280.62,235.50,0.426,-1.3,146.15,140.30,-5.9,2.92,-1.04,13.83,317.6,-4.3,24.2,36.6,701.67,977.0,14.8,233.3,42.1,47.4,-111.4,99.7,4.01,4.49,15.96,18.26,28.14
80599,205,43.9167627,-112.3147660,3164,3144.7,9817,5552.5,144.58,281.75,236.62,0.428,-0.6,146.49,140.20,-6.3,3.18,-1.47,13.83,317.6,-4.3,24.3,36.5,701.78,976.7,15.9,232.0,42.1,47.0,-111.4,99.0,4.01,4.49,15.97,18.26,28.13
80600,205,43.9157635,-112.3136127,3164,3144.4,9814,5545.5,144.71,282.81,237.38,0.429,-0.2,146.98,140.11,-6.9,3.28,-1.58,13.81,317.5,-4.3,24.4,36.3,701.86,976.8,17.4,231.0,42.1,46.8,-111.4,98.4,4.01,4.49,15.95,18.24,28.17
80601,205,43.9147647,-112.3124568,3164,3144.3,9812,5547.0,144.84,278.12,233.38,0.421,0.1,147.32,140.06,-7.3,3.37,-1.77,14.11,317.9,-4.3,24.3,36.1,701.91,976.8,18.3,239.2,42.1,46.6,-111.4,97.9,4.01,4.49,16.26,18.65,27.64
