Data/Raw/YANG,MELISSA/FIREXAQ-MetNav_DC8_20190715_R0.ict
76, 1001
Project Office
NSRC - National Suborbital Research Center
N817NA Meteorological and Navigation Facility Instrumentation
FIREX-AQ
1,1
2019,07,15,2020,02,28
1
Time_Start, seconds, from 0000 UTC
35
1,1,1,1,1,1,1,1,1,1,1,1,1,1,1,1,1,1,1,1,1,1,1,1,1,1,1,1,1,1,1,1,1,1,1
-9999,-9999,-9999,-9999,-9999,-9999,-9999,-9999,-9999,-9999,-9999,-9999,-9999,-9999,-9999,-9999,-9999,-9999,-9999,-9999,-9999,-9999,-9999,-9999,-9999,-9999,-9999,-9999,-9999,-9999,-9999,-9999,-9999,-9999,-9999
Day_Of_Year, day, None, calendar day beginning January 1
Latitude, deg, Platform_Latitude_InSitu_None
Longitude, deg, Platform_Longitude_InSitu_None
MSL_GPS_Altitude, m, Platform_AltitudeMSL_InSitu_None
HAE_GPS_Altitude, m, Platform_AltitudeEllipsoid_InSitu_None, reference WGS-84
Pressure_Altitude, ft, Platform_AltitudePressure_InSitu_None
Radar_Altitude, ft, Platform_AltitudeAGL_InSitu_None
Ground_Speed, m/s, Platform_GroundSpeed_InSitu_None
True_Air_Speed, kts, Platform_AircraftTrueAirSpeed_InSitu_None
Indicated_Air_Speed, kts, Platform_AircraftIndicatedAirSpeed_InSitu_None
Mach_Number, mach, None
Vertical_Speed, m/s, None
True_Heading, deg 0-360, Platform_HeadingTrue_InSitu_None, cw from +y
Track_Angle, deg 0-360, Platform_TrackAngle_InSitu_None, cw from +y
Drift_Angle, deg +-180, Platform_DriftAngle_InSitu_None, cw from +y
Pitch_Angle, deg +-180, Platform_PitchAngle_InSitu_None, up+
Roll_Angle, deg +-180, Platform_RollAngle_InSitu_None, rt+
Static_Air_Temp, degrees Celcius, Met_StaticAirTemperature_InSitu_None
Potential_Temp, Kelvin, Met_PotentialTemperature_InSitu_None
Dew_Point, degrees Celcius, Met_DewPoint_InSitu_None
Total_Air_Temp, degrees Celcius, None
IR_Surf_Temp, degrees Celcius, Met_SufaceTemperature_InSitu_None
Static_Pressure, hPa, Met_StaticPressure_InSitu_None
Cabin_Pressure, hPa, None
Wind_Speed, m/s, Met_WindSpeed_InSitu_None, limited to where Roll_Angle does not exceed 5 degrees
Wind_Direction, deg 0-360 cw from +y, Met_WindDirection_InSitu_None, limited to where Roll_Angle does not exceed 5 degrees
Solar_Zenith_Angle, deg, Platform_SolarZenithAngle_InSitu_None
Aircraft_Sun_Elevation, deg, None
Sun_Azimuth, deg, Platform_SolarAzimuthAngle_InSitu_None
Aircraft_Sun_Azimuth, deg, None
Mixing_Ratio, g/kg, Met_H2OMR_InSitu_None
Part_Press_Water_Vapor, hPa, Met_PartialPressureH2O_InSitu_None
Sat_Vapor_Press_H2O, hPa, Met_SatVaporPressureH2OWater_InSitu_None
Sat_Vapor_Press_Ice, hPa, Met_SatVaporPressureH2OIce_InSitu_None
Relative_Humidity, percent, Met_RelativeHumidityWater_InSitu_None
0
27
PI_CONTACT_INFO: Melissa Yang Martin, m.yang@baeri.org 
Platform: NASA DC-8 N817NA
LOCATION: Included in data records
ASSOCIATED_DATA: This flight represents FIREX-AQ Test Flight #01 out of Palmdale, CA. See FIREX-AQ archive on Langley archive at https://www-air.larc.nasa.gov/missions/firex-aq/index.html
INSTRUMENT_INFO: 
	Position, attitude, ground speed, and vertical speed from LN251
	Wind_Speed and Wind_Direction calculated from LN251, Aircraft Data System-85
	Radar_Altitude from APN-232
	Total_Air_Temperature from Rosemount 102E4AL type non-deiced with Laurels LTE signal conditioner
	IR_Surface_Temp from KT-19.85II
    Cabin_Pressure from MKS Baratron 220D
	Dew_Point and calculated water vapor parameters from Buck Hygrometer 1011-C
[...]
LLOD_FLAG:-8888
LLOD_VALUE:0,-90,-180,N/A,N/A,-1871,0,0,0,0,0,-104.04,0,0,-180,-180,-180,-99,N/A,-60,-60,-50,N/A,0.66,0,0,N/A,N/A,N/A,N/A,N/A,N/A,N/A,N/A,N/A
DM_CONTACT_INFO: Ryan Bennett, r.bennett@baeri.org
PROJECT_INFO: N/A
STIPULATIONS_ON_USE: Please contact PI or DM with questions on best use practices and instrumentation caveats that are not explicitly published here.
OTHER_COMMENTS: Wind Speed and Wind Direction flagged where Roll_Angle exceeds 5 degrees. Few segments of Dew_Point and associated water vapor calculations may be flagged due to instrument dew point overshoots on aircraft descent due to condensation within the probe. Potential_Temp derived from Static_Air_Temp and Static_Pressure.
REVISION: R0
R0: Public release data with limits of detection and instrument calibrations applied to Total_Air_Temp (follows through to reduction to Static_Air_Temp and calculation of Potential_Temp), and Cabin_Pressure. 
RA: Preliminary field data with limits of detection applied.
Time_Start,Day_Of_Year,Latitude,Longitude,MSL_GPS_Altitude,HAE_GPS_Altitude,Pressure_Altitude,Radar_Altitude,Ground_Speed,True_Air_Speed,Indicated_Air_Speed,Mach_Number,Vertical_Speed,True_Heading,Track_Angle,Drift_Angle,Pitch_Angle,Roll_Angle,Static_Air_Temp,Potential_Temp,Dew_Point,Total_Air_Temp,IR_Surf_Temp,Static_Pressure,Cabin_Pressure,Wind_Speed,Wind_Direction,Solar_Zenith_Angle,Aircraft_Sun_Elevation,Sun_Azimuth,Aircraft_Sun_Azimuth,Mixing_Ratio,Part_Press_Water_Vapor,Sat_Vapor_Press_H2O,Sat_Vapor_Press_Ice,Relative_Humidity
[from data line 3485]
80407,196,37.9153783,-121.5157206,6448,6417.5,19998,21021.5,146.83,302.62,217.31,0.479,0.1,300.06,303.27,3.2,3.53,-0.76,-9.86,327.6,-28.9,2.2,32.4,465.67,929.1,12.3,257.9,31.9,56.1,-112.0,-46.7,0.77,0.57,2.93,2.66,19.54
80408,196,37.9161032,-121.5171153,6448,6417.6,19998,21064.0,146.83,302.62,217.38,0.479,0.1,300.06,303.27,3.2,3.50,-0.65,-9.86,327.6,-28.8,2.2,31.8,465.67,929.5,12.2,258.0,31.9,56.0,-112.0,-46.9,0.77,0.58,2.93,2.66,19.70
80409,196,37.9168282,-121.5185100,6448,6417.7,19998,21091.0,146.83,302.75,217.44,0.479,0.1,300.07,303.27,3.2,3.48,-0.55,-9.88,327.6,-28.7,2.2,31.4,465.67,929.6,12.3,258.1,31.9,55.9,-112.0,-47.0,0.78,0.58,2.92,2.66,19.90
80410,196,37.9175535,-121.5199045,6448,6417.7,19998,21104.0,146.84,302.69,217.38,0.479,0.1,300.07,303.29,3.2,3.48,-0.52,-9.87,327.6,-28.6,2.2,31.2,465.67,929.7,12.3,258.0,31.9,55.9,-112.0,-47.0,0.79,0.59,2.93,2.66,20.09
80411,196,37.9182789,-121.5212990,6448,6417.8,19999,21106.0,146.84,302.81,217.50,0.479,0.1,300.09,303.30,3.2,3.48,-0.50,-9.83,327.7,-28.5,2.3,31.3,465.65,929.5,12.3,258.2,31.9,55.9,-112.0,-47.1,0.79,0.59,2.93,2.67,20.23
80412,196,37.9190045,-121.5226933,6448,6417.8,19999,21066.0,146.84,302.75,217.44,0.479,0.0,300.10,303.31,3.2,3.49,-0.45,-9.83,327.7,-28.4,2.3,31.5,465.65,929.4,12.3,258.1,31.9,55.9,-112.0,-47.1,0.80,0.60,2.94,2.67,20.39
80413,196,37.9197304,-121.5240875,6448,6417.9,19999,21064.0,146.84,302.75,217.44,0.479,0.0,300.11,303.33,3.2,3.49,-0.40,-9.88,327.6,-28.3,2.2,31.9,465.65,929.5,12.3,258.0,31.9,55.8,-112.0,-47.2,0.81,0.60,2.92,2.66,20.61
80414,196,37.9204567,-121.5254813,6448,6417.9,20000,21058.5,146.84,302.62,217.38,0.479,0.0,300.11,303.35,3.2,3.48,-0.35,-9.86,327.6,-28.3,2.2,32.5,465.63,929.5,12.3,257.7,31.9,55.8,-112.0,-47.2,0.81,0.61,2.93,2.66,20.73
80415,196,37.9211835,-121.5268748,6448,6417.9,20000,21058.0,146.85,302.62,217.38,0.479,0.0,300.12,303.37,3.3,3.47,-0.32,-9.86,327.6,-28.2,2.2,33.0,465.63,929.2,12.3,257.5,31.9,55.8,-112.0,-47.3,0.82,0.61,2.93,2.66,20.88
80416,196,37.9219109,-121.5282681,6448,6417.9,20000,21027.0,146.86,302.69,217.38,0.479,0.0,300.12,303.40,3.3,3.46,-0.34,-9.92,327.6,-28.1,2.2,33.5,465.63,929.4,12.4,257.5,31.9,55.8,-112.0,-47.3,0.82,0.61,2.92,2.65,21.10
80417,196,37.9226386,-121.5296611,6448,6417.9,20000,21053.5,146.87,302.69,217.38,0.479,0.0,300.14,303.42,3.3,3.45,-0.35,-9.87,327.6,-28.1,2.2,34.0,465.63,929.3,12.4,257.4,31.9,55.8,-112.0,-47.3,0.83,0.62,2.93,2.66,21.16
80418,196,37.9233668,-121.5310538,6448,6417.9,20000,21056.0,146.88,302.69,217.38,0.479,0.0,300.15,303.44,3.3,3.44,-0.37,-9.87,327.6,-28.0,2.2,34.6,465.63,929.2,12.4,257.3,31.9,55.8,-112.0,-47.3,0.83,0.62,2.93,2.66,21.29
80419,196,37.9240954,-121.5324464,6448,6417.8,20000,21074.0,146.89,302.75,217.44,0.479,0.0,300.16,303.46,3.3,3.42,-0.37,-9.88,327.6,-27.9,2.2,35.3,465.63,929.5,12.4,257.3,31.9,55.8,-112.0,-47.3,0.84,0.63,2.92,2.66,21.43
80420,196,37.9248245,-121.5338387,6448,6417.8,19999,21069.5,146.91,303.00,217.62,0.479,-0.1,300.17,303.48,3.3,3.41,-0.37,-9.94,327.5,-27.8,2.2,36.2,465.65,929.5,12.5,257.6,31.9,55.8,-112.0,-47.3,0.85,0.63,2.91,2.64,21.74
80421,196,37.9255540,-121.5352309,6448,6417.7,20000,21096.0,146.92,302.94,217.56,0.479,-0.1,300.19,303.50,3.3,3.40,-0.39,-9.94,327.5,-27.7,2.2,37.0,465.63,929.4,12.5,257.4,31.9,55.8,-112.0,-47.3,0.85,0.64,2.91,2.65,21.92
80422,196,37.9262840,-121.5366230,6448,6417.7,19999,21095.5,146.94,302.94,217.56,0.479,-0.1,300.20,303.51,3.3,3.39,-0.44,-9.89,327.6,-27.6,2.2,37.5,465.65,929.5,12.5,257.4,31.9,55.9,-112.0,-47.3,0.86,0.64,2.92,2.66,22.07
80423,196,37.9270143,-121.5380151,6447,6417.6,19999,21112.5,146.96,303.12,217.69,0.480,-0.1,300.22,303.52,3.3,3.39,-0.48,-9.91,327.6,-27.5,2.2,37.9,465.65,929.5,12.5,257.7,31.9,55.9,-112.0,-47.3,0.87,0.65,2.92,2.65,22.31
80424,196,37.9277449,-121.5394071,6447,6417.5,19999,21121.5,146.97,303.12,217.75,0.480,-0.1,300.23,303.53,3.3,3.39,-0.48,-9.91,327.6,-27.4,2.2,38.1,465.65,929.5,12.5,257.7,31.9,55.9,-112.0,-47.3,0.88,0.66,2.92,2.65,22.56
80425,196,37.9284757,-121.5407992,6447,6417.4,19999,21120.0,146.99,303.31,217.88,0.480,-0.1,300.24,303.55,3.3,3.37,-0.49,-9.88,327.6,-27.3,2.3,38.1,465.65,929.7,12.6,257.9,31.9,55.9,-112.0,-47.3,0.89,0.66,2.92,2.66,22.73
80426,196,37.9292071,-121.5421911,6447,6417.3,19999,21097.5,147.01,303.31,217.88,0.480,-0.1,300.25,303.56,3.3,3.35,-0.50,-9.88,327.6,-27.2,2.3,37.9,465.65,929.4,12.6,257.8,31.9,56.0,-112.0,-47.3,0.90,0.67,2.92,2.66,22.98
80427,196,37.9299387,-121.5435830,6447,6417.1,19999,21085.0,147.03,303.25,217.81,0.480,-0.1,300.26,303.57,3.3,3.34,-0.53,-9.87,327.6,-27.1,2.3,37.8,465.65,929.5,12.5,257.6,31.9,56.0,-112.0,-47.3,0.91,0.68,2.93,2.66,23.15
80428,196,37.9306706,-121.5449751,6446,6417.0,19998,21091.0,147.05,303.25,217.81,0.480,-0.1,300.26,303.58,3.3,3.35,-0.56,-9.87,327.6,-27.0,2.3,37.7,465.67,929.5,12.5,257.5,31.9,56.0,-112.0,-47.3,0.91,0.68,2.93,2.66,23.31
80429,196,37.9314028,-121.5463672,6446,6416.8,19998,21104.5,147.06,303.38,217.94,0.480,-0.1,300.26,303.59,3.3,3.36,-0.58,-9.88,327.6,-26.9,2.3,37.8,465.67,929.3,12.6,257.6,31.9,56.0,-112.0,-47.3,0.92,0.69,2.92,2.66,23.47
80430,196,37.9321351,-121.5477593,6446,6416.7,19998,21181.0,147.08,303.50,218.00,0.480,-0.1,300.26,303.60,3.3,3.37,-0.59,-9.89,327.6,-26.9,2.3,38.0,465.67,929.5,12.6,257.6,31.9,56.0,-112.0,-47.2,0.92,0.69,2.92,2.66,23.51
80431,196,37.9328677,-121.5491515,6445,6416.6,19997,21168.5,147.10,303.56,218.06,0.481,-0.1,300.25,303.60,3.3,3.36,-0.62,-9.85,327.6,-26.9,2.3,38.1,465.69,929.5,12.7,257.6,31.9,56.0,-112.0,-47.2,0.92,0.69,2.93,2.67,23.43
80432,196,37.9336005,-121.5505437,6445,6416.5,19997,21159.5,147.11,303.62,218.12,0.481,-0.1,300.25,303.60,3.4,3.37,-0.66,-9.85,327.6,-27.0,2.3,38.3,465.69,929.3,12.7,257.6,31.9,56.0,-112.0,-47.1,0.92,0.68,2.93,2.67,23.35
80433,196,37.9343333,-121.5519361,6445,6416.5,19997,21114.5,147.12,303.56,218.06,0.481,0.0,300.24,303.61,3.4,3.39,-0.69,-9.85,327.6,-27.0,2.3,38.5,465.69,929.3,12.7,257.4,31.9,56.1,-112.0,-47.1,0.91,0.68,2.93,2.67,23.22
80434,196,37.9350662,-121.5533286,6445,6416.5,19997,21109.0,147.13,303.62,218.12,0.481,0.0,300.23,303.60,3.4,3.38,-0.72,-9.85,327.6,-27.1,2.3,38.8,465.69,929.5,12.7,257.3,31.9,56.1,-112.0,-47.0,0.90,0.68,2.93,2.67,23.05
80435,196,37.9357991,-121.5547214,6445,6416.5,19997,21091.5,147.15,303.81,218.25,0.481,0.0,300.22,303.60,3.4,3.30,-0.76,-9.87,327.6,-27.2,2.3,39.0,465.69,929.2,12.8,257.6,31.9,56.2,-112.0,-47.1,0.90,0.67,2.93,2.66,22.87
80436,196,37.9365320,-121.5561144,6445,6416.3,19996,21079.0,147.19,303.88,218.31,0.481,-0.6,300.22,303.59,3.4,2.66,-0.82,-9.87,327.6,-27.3,2.3,39.2,465.71,929.2,12.8,257.5,31.9,56.6,-112.0,-47.7,0.89,0.66,2.93,2.66,22.63
80437,196,37.9372653,-121.5575083,6445,6415.0,19995,21080.5,147.31,304.25,218.56,0.482,-2.0,300.22,303.59,3.4,1.69,-0.87,-9.85,327.6,-27.5,2.4,39.3,465.73,929.5,12.8,257.8,31.9,57.3,-112.0,-48.8,0.87,0.65,2.93,2.67,22.33
80438,196,37.9379994,-121.5589042,6442,6412.2,19990,21057.5,147.57,304.44,218.81,0.482,-3.9,300.22,303.58,3.4,0.67,-0.82,-9.82,327.6,-27.6,2.4,39.2,465.82,929.3,12.7,257.3,31.9,57.9,-112.0,-50.0,0.87,0.65,2.94,2.67,22.02
80439,196,37.9387349,-121.5603034,6438,6407.2,19981,21028.5,147.92,305.19,219.31,0.483,-6.1,300.22,303.57,3.4,-0.23,-0.67,-9.78,327.7,-27.7,2.5,39.0,466.00,929.1,12.7,257.4,31.9,58.4,-112.0,-51.3,0.86,0.64,2.95,2.68,21.73
80440,196,37.9394721,-121.5617058,6431,6400.1,19965,20980.0,148.25,306.06,220.06,0.484,-8.0,300.19,303.58,3.4,-0.63,-0.45,-9.71,327.7,-27.8,2.7,38.5,466.31,929.2,12.9,257.4,31.9,58.5,-112.0,-52.0,0.84,0.63,2.96,2.70,21.34
80441,196,37.9402111,-121.5631110,6423,6391.4,19942,20962.5,148.58,306.69,220.62,0.486,-9.3,300.20,303.59,3.4,-0.64,-0.25,-9.66,327.6,-28.0,2.8,37.8,466.76,928.9,12.9,257.3,31.9,58.3,-112.0,-52.2,0.83,0.62,2.98,2.71,20.98
80442,196,37.9409519,-121.5645185,6413,6381.8,19914,20914.0,148.85,307.25,221.19,0.486,-9.9,300.24,303.62,3.4,-0.60,0.08,-9.61,327.6,-28.1,2.9,36.6,467.31,928.2,12.9,257.5,31.9,58.1,-112.0,-52.4,0.82,0.62,2.99,2.72,20.61
80443,196,37.9416944,-121.5659277,6403,6371.6,19886,20910.0,149.10,307.75,221.56,0.487,-10.2,300.31,303.64,3.3,-0.58,0.00,-9.45,327.7,-28.3,3.1,35.3,467.86,928.2,12.8,257.8,32.0,58.1,-112.0,-52.5,0.81,0.61,3.03,2.76,20.06
80444,196,37.9424387,-121.5673389,6393,6361.4,19854,20886.0,149.33,308.19,222.06,0.488,-10.2,300.37,303.68,3.3,-0.37,0.00,-9.38,327.6,-28.4,3.2,34.0,468.48,928.3,12.8,258.0,32.0,57.9,-111.9,-52.3,0.79,0.60,3.04,2.78,19.66
80445,196,37.9431846,-121.5687518,6383,6351.3,19822,20864.5,149.53,308.56,222.44,0.488,-9.9,300.42,303.71,3.3,-0.11,0.08,-9.31,327.6,-28.5,3.3,32.6,469.11,928.9,12.8,258.2,32.0,57.8,-111.9,-52.0,0.79,0.59,3.06,2.80,19.34
80446,196,37.9439320,-121.5701659,6373,6341.5,19791,20818.5,149.66,308.81,222.81,0.488,-9.6,300.46,303.73,3.3,0.02,-0.24,-9.23,327.6,-28.7,3.4,31.9,469.72,928.7,12.7,258.4,32.0,57.9,-111.9,-51.7,0.78,0.58,3.08,2.82,19.01
80447,196,37.9446802,-121.5715807,6363,6332.0,19760,20802.0,149.75,309.19,223.12,0.489,-9.5,300.48,303.74,3.3,-0.15,-0.48,-9.16,327.5,-28.7,3.5,31.6,470.33,929.0,12.8,258.7,32.0,58.1,-111.9,-51.6,0.77,0.58,3.09,2.83,18.77
80448,196,37.9454288,-121.5729965,6354,6322.4,19730,20770.0,149.83,309.62,223.56,0.490,-9.9,300.47,303.73,3.3,-0.69,-0.77,-9.05,327.6,-28.8,3.6,32.0,470.92,929.2,12.9,259.2,32.0,58.7,-111.9,-52.0,0.76,0.58,3.12,2.86,18.52
80449,196,37.9461778,-121.5744136,6343,6312.0,19700,20795.5,149.95,310.00,223.94,0.490,-11.0,300.45,303.71,3.3,-1.48,-1.03,-8.98,327.5,-28.8,3.7,32.9,471.51,929.2,13.0,259.4,32.0,59.4,-111.9,-52.8,0.76,0.58,3.14,2.88,18.34
80450,196,37.9469269,-121.5758328,6332,6300.3,19666,20766.0,150.14,310.44,224.31,0.491,-12.3,300.42,303.67,3.3,-1.99,-1.18,-8.87,327.5,-28.8,3.9,34.0,472.18,929.2,13.0,259.4,32.0,59.8,-111.9,-53.3,0.76,0.58,3.17,2.91,18.20
80451,196,37.9476766,-121.5772548,6319,6287.4,19629,20672.0,150.39,311.06,224.94,0.492,-13.5,300.39,303.63,3.2,-2.18,-1.20,-8.77,327.5,-28.8,4.0,35.1,472.91,929.1,13.0,259.6,32.0,60.0,-111.9,-53.5,0.76,0.58,3.19,2.93,18.10
80452,196,37.9484268,-121.5786797,6306,6273.6,19591,20575.5,150.69,311.56,225.50,0.492,-14.2,300.36,303.60,3.2,-2.26,-1.13,-8.71,327.4,-28.7,4.1,35.5,473.66,929.3,13.0,259.5,32.0,59.9,-111.9,-53.7,0.76,0.58,3.21,2.95,18.12
80453,196,37.9491777,-121.5801080,6292,6259.1,19549,20617.0,151.01,312.19,226.12,0.493,-14.6,300.32,303.56,3.2,-2.30,-1.03,-8.56,327.5,-28.6,4.3,35.4,474.50,929.3,13.0,259.4,32.0,59.9,-111.9,-53.8,0.77,0.59,3.24,2.99,18.09
80454,196,37.9499296,-121.5815399,6278,6244.3,19507,20576.5,151.37,313.06,226.94,0.495,-14.9,300.28,303.52,3.2,-2.30,-0.99,-8.49,327.4,-28.5,4.5,34.7,475.33,929.2,13.1,259.5,32.0,59.8,-111.9,-53.8,0.78,0.59,3.26,3.01,18.19
80455,196,37.9506826,-121.5829762,6263,6229.5,19462,20521.5,151.75,313.88,227.69,0.496,-14.8,300.23,303.48,3.2,-2.15,-1.10,-8.41,327.3,-28.4,4.6,34.0,476.22,929.5,13.2,259.5,32.0,59.8,-111.9,-53.4,0.79,0.60,3.28,3.03,18.29
80456,196,37.9514365,-121.5844169,6248,6214.7,19415,20431.5,152.11,314.75,228.50,0.497,-14.6,300.21,303.43,3.2,-2.00,-1.29,-8.43,327.1,-28.2,4.7,33.1,477.16,929.5,13.2,259.9,32.0,59.9,-111.9,-53.0,0.80,0.61,3.28,3.02,18.64
80457,196,37.9521907,-121.5858622,6234,6200.3,19371,20339.0,152.46,314.94,228.81,0.497,-14.4,300.20,303.36,3.2,-2.01,-1.44,-8.33,327.1,-28.0,4.8,32.1,478.03,929.4,12.9,259.6,32.0,60.0,-111.9,-52.8,0.81,0.62,3.30,3.05,18.84
80458,196,37.9529452,-121.5873120,6219,6185.9,19326,20332.0,152.80,315.44,229.38,0.498,-14.3,300.15,303.28,3.1,-2.06,-1.48,-8.18,327.1,-27.8,5.0,31.4,478.93,929.3,12.8,259.5,32.0,60.1,-111.9,-52.8,0.82,0.63,3.34,3.09,18.95
80459,196,37.9536999,-121.5887663,6204,6171.7,19281,20267.0,153.14,315.75,229.81,0.498,-14.2,300.08,303.21,3.1,-2.10,-1.50,-8.06,327.0,-27.6,5.1,30.9,479.83,929.4,12.7,258.8,32.0,60.1,-111.9,-52.8,0.84,0.64,3.37,3.12,19.11
80460,196,37.9544551,-121.5902249,6190,6157.4,19237,20214.0,153.47,316.25,230.38,0.499,-14.2,300.00,303.15,3.1,-2.13,-1.55,-7.95,327.0,-27.4,5.3,30.7,480.71,929.5,12.7,258.3,32.0,60.2,-111.9,-52.7,0.85,0.65,3.40,3.15,19.26
80461,196,37.9552106,-121.5916878,6176,6143.2,19193,20166.5,153.80,316.94,231.00,0.500,-14.3,299.91,303.08,3.2,-2.19,-1.54,-7.81,327.0,-27.3,5.5,30.6,481.59,929.3,12.7,258.1,32.0,60.2,-111.9,-52.7,0.86,0.67,3.44,3.19,19.36
80462,196,37.9559664,-121.5931549,6162,6128.9,19149,20181.5,154.13,317.56,231.69,0.501,-14.3,299.81,303.01,3.2,-2.26,-1.46,-7.71,327.0,-27.1,5.6,30.7,482.47,929.5,12.8,257.6,32.0,60.2,-111.9,-52.8,0.87,0.67,3.46,3.22,19.48
80463,196,37.9567224,-121.5946262,6148,6114.6,19105,20159.5,154.46,318.38,232.38,0.502,-14.4,299.71,302.95,3.2,-2.33,-1.43,-7.54,327.0,-27.0,5.9,30.9,483.36,929.5,13.0,257.3,32.0,60.2,-111.9,-52.8,0.88,0.68,3.51,3.27,19.45
80464,196,37.9574789,-121.5961018,6133,6100.2,19060,20111.5,154.80,319.19,233.25,0.503,-14.4,299.61,302.89,3.3,-2.35,-1.41,-7.45,326.9,-26.9,6.0,31.4,484.26,929.2,13.1,257.1,32.0,60.2,-111.9,-52.7,0.89,0.69,3.53,3.29,19.55
80465,196,37.9582357,-121.5975816,6119,6085.8,19016,20031.5,155.14,320.00,234.00,0.505,-14.4,299.50,302.83,3.3,-2.32,-1.40,-7.42,326.8,-26.7,6.1,32.1,485.15,929.4,13.3,256.8,32.0,60.2,-111.9,-52.6,0.90,0.70,3.54,3.30,19.76
80466,196,37.9589928,-121.5990658,6105,6071.4,18971,19951.0,155.47,320.25,234.31,0.505,-14.4,299.42,302.75,3.3,-2.36,-1.56,-7.34,326.7,-26.6,6.2,33.2,486.06,929.5,13.2,255.9,32.0,60.3,-111.9,-52.4,0.91,0.71,3.57,3.32,19.87
80467,196,37.9597498,-121.6005544,6090,6057.0,18927,19881.0,155.79,320.88,234.88,0.506,-14.4,299.39,302.67,3.3,-2.43,-1.72,-7.29,326.6,-26.5,6.3,34.1,486.95,929.5,13.0,256.4,32.0,60.5,-111.9,-52.3,0.91,0.71,3.58,3.34,19.95
80468,196,37.9605064,-121.6020477,6076,6042.6,18882,19845.0,156.12,321.44,235.56,0.507,-14.5,299.41,302.57,3.2,-2.56,-1.66,-7.14,326.6,-26.4,6.5,35.0,487.86,929.5,12.8,257.2,32.0,60.5,-111.9,-52.5,0.92,0.72,3.62,3.38,19.81
80469,196,37.9612628,-121.6035458,6061,6028.0,18836,19779.5,156.46,322.12,236.25,0.508,-14.7,299.43,302.49,3.1,-2.64,-1.40,-7.10,326.5,-26.4,6.6,35.9,488.79,929.5,12.6,258.0,32.0,60.4,-111.9,-52.9,0.92,0.72,3.63,3.39,19.83
80470,196,37.9620197,-121.6050482,6047,6013.2,18789,19719.0,156.81,322.62,236.88,0.508,-14.8,299.44,302.44,3.0,-2.65,-1.05,-7.04,326.4,-26.4,6.7,36.4,489.75,929.6,12.5,258.3,32.0,60.1,-111.9,-53.3,0.92,0.72,3.65,3.41,19.78
80471,196,37.9627774,-121.6065546,6032,5998.4,18743,19702.0,157.16,322.88,237.19,0.508,-14.9,299.45,302.41,3.0,-2.66,-0.75,-6.95,326.3,-26.4,6.8,36.6,490.68,929.4,12.2,257.9,32.0,59.9,-111.9,-53.6,0.92,0.72,3.67,3.44,19.67
80472,196,37.9635365,-121.6080647,6017,5983.5,18698,19695.0,157.51,323.38,237.81,0.509,-14.9,299.47,302.40,2.9,-2.64,-0.62,-6.80,326.3,-26.4,7.0,36.5,491.60,929.5,12.1,257.9,32.0,59.7,-111.9,-53.7,0.91,0.72,3.72,3.48,19.42
80473,196,37.9642969,-121.6095784,6002,5968.6,18652,19667.0,157.87,324.38,238.75,0.511,-14.8,299.51,302.39,2.9,-2.60,-0.55,-6.70,326.3,-26.4,7.2,36.2,492.54,929.5,12.1,258.8,32.0,59.6,-111.9,-53.8,0.91,0.72,3.75,3.51,19.25
80474,196,37.9650586,-121.6110958,5988,5953.8,18606,19617.5,158.20,325.06,239.50,0.512,-14.8,299.56,302.36,2.8,-2.63,-1.79,-6.61,326.2,-26.4,7.4,35.8,493.48,929.5,12.0,259.6,32.0,60.6,-111.9,-52.7,0.91,0.72,3.77,3.54,19.08
80475,196,37.9658202,-121.6126177,5973,5939.1,18560,19539.5,158.51,325.75,240.19,0.513,-14.8,299.69,302.20,2.5,-2.54,-4.87,-6.51,326.1,-26.4,7.5,35.0,494.42,929.5,11.5,262.7,32.0,62.9,-111.9,-49.2,0.90,0.72,3.80,3.57,18.89
80476,196,37.9665779,-121.6141467,5958,5924.3,18516,19470.0,158.79,326.38,240.81,0.514,-14.7,299.73,301.88,2.2,-2.44,-6.58,-6.41,326.1,-26.5,7.7,34.5,495.32,929.5,-9999,-9999,32.0,64.2,-111.9,-46.9,0.90,0.71,3.83,3.60,18.66
80477,196,37.9673295,-121.6156845,5943,5909.6,18471,19423.0,159.07,327.12,241.50,0.515,-14.8,299.45,301.52,2.1,-2.54,-7.16,-6.23,326.1,-26.5,7.9,34.1,496.24,929.8,-9999,-9999,32.0,64.7,-111.9,-45.9,0.90,0.72,3.88,3.66,18.43
