Data/Raw/YANG,MELISSA/FIREXAQ-MetNav_DC8_20190819_R0.ict
76, 1001
Project Office
NSRC - National Suborbital Research Center
N817NA Meteorological and Navigation Facility Instrumentation
FIREX-AQ
1,1
2019,08,19,2020,02,28
1
Time_Start, seconds (from midnight UTC)
35
1,1,1,1,1,1,1,1,1,1,1,1,1,1,1,1,1,1,1,1,1,1,1,1,1,1,1,1,1,1,1,1,1,1,1
-9999,-9999,-9999,-9999,-9999,-9999,-9999,-9999,-9999,-9999,-9999,-9999,-9999,-9999,-9999,-9999,-9999,-9999,-9999,-9999,-9999,-9999,-9999,-9999,-9999,-9999,-9999,-9999,-9999,-9999,-9999,-9999,-9999,-9999,-9999
Day_Of_Year, day, None, calendar day beginning January 1
Latitude, deg, Platform_Latitude_InSitu_None
Longitude, deg, Platform_Longitude_InSitu_None
MSL_GPS_Altitude, m, Platform_AltitudeMSL_InSitu_None
HAE_GPS_Altitude, m, Platform_AltitudeEllipsoid_InSitu_None, reference WGS-84
Pressure_Altitude, ft, Platform_AltitudePressure_InSitu_None
Radar_Altitude, ft, Platform_AltitudeAGL_InSitu_None
Ground_Speed, m/s, Platform_GroundSpeed_InSitu_None
True_Air_Speed, kts, Platform_AircraftTrueAirSpeed_InSitu_None
Indicated_Air_Speed, kts, Platform_AircraftIndicatedAirSpeed_InSitu_None
Mach_Number, mach, None
Vertical_Speed, m/s, None
True_Heading, deg 0-360, Platform_HeadingTrue_InSitu_None, cw from +y
Track_Angle, deg 0-360, Platform_TrackAngle_InSitu_None, cw from +y
Drift_Angle, deg +-180, Platform_DriftAngle_InSitu_None, cw from +y
Pitch_Angle, deg +-180, Platform_PitchAngle_InSitu_None, up+
Roll_Angle, deg +-180, Platform_RollAngle_InSitu_None, rt+
Static_Air_Temp, degrees Celcius, Met_StaticAirTemperature_InSitu_None
Potential_Temp, Kelvin, Met_PotentialTemperature_InSitu_None
Dew_Point, degrees Celcius, Met_DewPoint_InSitu_None
Total_Air_Temp, degrees Celcius, None
IR_Surf_Temp, degrees Celcius, Met_SufaceTemperature_InSitu_None
Static_Pressure, hPa, Met_StaticPressure_InSitu_None
Cabin_Pressure, hPa, None
Wind_Speed, m/s, Met_WindSpeed_InSitu_None, limited to where Roll_Angle does not exceed 5 degrees
Wind_Direction, deg 0-360 cw from +y, Met_WindDirection_InSitu_None, limited to where Roll_Angle does not exceed 5 degrees
Solar_Zenith_Angle, deg, Platform_SolarZenithAngle_InSitu_None
Aircraft_Sun_Elevation, deg, None
Sun_Azimuth, deg, Platform_SolarAzimuthAngle_InSitu_None
Aircraft_Sun_Azimuth, deg, None
Mixing_Ratio, g/kg, Met_H2OMR_InSitu_None
Part_Press_Water_Vapor, hPa, Met_PartialPressureH2O_InSitu_None
Sat_Vapor_Press_H2O, hPa, Met_SatVaporPressureH2OWater_InSitu_None
Sat_Vapor_Press_Ice, hPa, Met_SatVaporPressureH2OIce_InSitu_None
Relative_Humidity, percent, Met_RelativeHumidityWater_InSitu_None
0
27
PI_CONTACT_INFO: Melissa Yang Martin, m.yang@baeri.org 
Platform: NASA DC-8 N817NA
LOCATION: Included in data records
ASSOCIATED_DATA: This flight represents FIREX-AQ Transit Flight from Boise, ID. to Salina, KS. See FIREX-AQ archive on Langley archive at https://www-air.larc.nasa.gov/missions/firex-aq/index.html
INSTRUMENT_INFO: 
	Position, attitude, ground speed, and vertical speed from LN251
	Wind_Speed and Wind_Direction calculated from LN251, Aircraft Data System-85
	Radar_Altitude from APN-232
	Total_Air_Temperature from Rosemount 102 type non-deiced with Laurels LTE signal conditioner
	IR_Surface_Temp from KT-19.85II
        Cabin_Pressure from MKS Baratron 220D
	Dew_Point and calculated water vapor parameters from Buck Hygrometer 1011-C
[...]
LLOD_FLAG:-8888
LLOD_VALUE:0,-90,-180,N/A,N/A,-1871,0,0,0,0,0,-104.04,0,0,-180,-180,-180,-99,N/A,-60,-60,-50,N/A,0.66,0,0,N/A,N/A,N/A,N/A,N/A,N/A,N/A,N/A,N/A
DM_CONTACT_INFO: Ryan Bennett, r.bennett@baeri.org
PROJECT_INFO: N/A
STIPULATIONS_ON_USE: Please contact PI or DM with questions on best use practices and instrumentation caveats that are not explicitly published here.
OTHER_COMMENTS: Wind Speed and Wind Direction flagged where Roll_Angle exceeds 5 degrees. Few segments of Dew_Point and associated water vapor calculations may be flagged due to instrument dew point overshoots on aircraft descent due to condensation within the probe. Potential_Temp derived from Static_Air_Temp and Static_Pressure.
REVISION: R0
R0: R0: Public release data with limits of detection and instrument calibrations applied to Total_Air_Temp (follows through to reduction to Static_Air_Temp and calculation of Potential_Temp), and Cabin_Pressure.
RA: Preliminary field data with limits of detection applied.
Time_Start,Day_Of_Year,Latitude,Longitude,MSL_GPS_Altitude,HAE_GPS_Altitude,Pressure_Altitude,Radar_Altitude,Ground_Speed,True_Air_Speed,Indicated_Air_Speed,Mach_Number,Vertical_Speed,True_Heading,Track_Angle,Drift_Angle,Pitch_Angle,Roll_Angle,Static_Air_Temp,Potential_Temp,Dew_Point,Total_Air_Temp,IR_Surf_Temp,Static_Pressure,Cabin_Pressure,Wind_Speed,Wind_Direction,Solar_Zenith_Angle,Aircraft_Sun_Elevation,Sun_Azimuth,Aircraft_Sun_Azimuth,Mixing_Ratio,Part_Press_Water_Vapor,Sat_Vapor_Press_H2O,Sat_Vapor_Press_Ice,Relative_Humidity
[from data line 1097]
65446,231,43.3258280,-113.8736366,10092,10073.2,31492,28197.5,267.96,477.94,294.06,0.801,4.4,106.00,103.82,-2.2,1.74,0.15,-39.01,336.6,-8888,-8.9,27.3,281.01,824.0,24.2,261.0,36.2,52.6,141.0,34.0,-9999,-9999,0.21,0.15,-9999
65447,231,43.3252350,-113.8703358,10097,10078.2,31509,28220.0,267.96,477.94,294.00,0.802,4.5,105.96,103.83,-2.2,1.74,0.13,-39.02,336.7,-8888,-8.9,28.5,280.79,823.9,24.1,261.5,36.2,52.6,141.1,34.1,-9999,-9999,0.21,0.15,-9999
65448,231,43.3245847,-113.8667141,10102,10083.7,31523,28236.5,268.03,477.81,293.88,0.801,4.5,105.90,103.83,-2.1,1.74,0.10,-39.05,336.7,-8888,-9.0,30.5,280.61,823.9,24.1,262.1,36.2,52.5,141.1,34.3,-9999,-9999,0.21,0.14,-9999
65449,231,43.3240782,-113.8638929,10106,10088.0,31538,28261.5,268.03,477.88,293.81,0.801,4.5,105.91,103.83,-2.1,1.75,0.06,-39.06,336.8,-8888,-9.0,32.0,280.41,824.1,24.1,262.0,36.2,52.5,141.1,34.3,-9999,-9999,0.21,0.14,-9999
65450,231,43.3234800,-113.8605588,10111,10093.0,31552,28288.5,268.09,477.88,293.75,0.802,4.4,105.95,103.82,-2.1,1.74,0.07,-39.07,336.8,-8888,-9.0,33.5,280.23,823.8,24.2,261.6,36.2,52.6,141.1,34.2,-9999,-9999,0.21,0.14,-9999
65451,231,43.3227839,-113.8566788,10116,10098.8,31567,28303.5,268.03,477.75,293.56,0.801,4.4,106.03,103.81,-2.1,1.72,0.06,-39.10,336.8,-8888,-9.0,35.1,280.04,823.9,24.4,260.8,36.2,52.6,141.1,34.1,-9999,-9999,0.21,0.14,-9999
65452,231,43.3223467,-113.8542414,10121,10102.4,31583,28284.5,268.15,477.81,293.56,0.802,4.6,106.09,103.80,-2.2,1.71,0.08,-39.16,336.8,-8888,-9.1,36.1,279.83,824.2,24.6,260.3,36.2,52.7,141.1,33.9,-9999,-9999,0.21,0.14,-9999
65453,231,43.3217715,-113.8510340,10126,10107.2,31599,28308.5,268.22,477.88,293.50,0.802,4.7,106.11,103.80,-2.3,1.71,0.21,-39.16,336.9,-8888,-9.1,37.0,279.62,824.0,24.7,260.1,36.2,52.7,141.1,33.8,-9999,-9999,0.21,0.14,-9999
65454,231,43.3212186,-113.8479549,10130,10111.7,31613,28350.5,268.22,478.25,293.62,0.802,4.6,106.11,103.80,-2.3,1.72,0.26,-39.25,336.8,-8888,-9.1,37.8,279.44,824.1,24.5,260.0,36.2,52.6,141.1,33.9,-9999,-9999,0.21,0.14,-9999
65455,231,43.3205849,-113.8444261,10135,10117.0,31627,28363.0,268.22,478.19,293.62,0.802,4.5,106.13,103.82,-2.3,1.74,0.15,-39.26,336.9,-8888,-9.1,38.2,279.26,824.1,24.5,259.9,36.2,52.6,141.1,34.0,-9999,-9999,0.21,0.14,-9999
65456,231,43.3200612,-113.8415069,10140,10121.4,31641,28365.5,268.22,478.19,293.50,0.802,4.3,106.19,103.82,-2.3,1.76,0.06,-39.30,336.9,-8888,-9.2,38.5,279.08,824.0,24.6,259.4,36.2,52.6,141.1,33.9,-9999,-9999,0.21,0.14,-9999
65457,231,43.3194802,-113.8382662,10145,10126.4,31657,28378.0,268.22,478.19,293.38,0.802,4.4,106.21,103.82,-2.4,1.76,0.15,-39.34,336.9,-8888,-9.2,38.6,278.88,824.0,24.7,259.2,36.2,52.6,141.2,33.8,-9999,-9999,0.21,0.14,-9999
65458,231,43.3188924,-113.8349929,10150,10131.4,31673,28406.0,268.35,478.38,293.44,0.803,4.6,106.21,103.81,-2.4,1.76,0.23,-39.37,336.9,-8888,-9.2,38.6,278.67,824.1,24.7,259.2,36.2,52.6,141.2,33.8,-9999,-9999,0.21,0.14,-9999
65459,231,43.3183337,-113.8318806,10155,10136.2,31687,28394.0,268.28,478.44,293.44,0.803,4.6,106.20,103.81,-2.4,1.76,0.19,-39.47,336.8,-8888,-9.3,38.6,278.49,824.1,24.6,259.2,36.1,52.6,141.2,33.9,-9999,-9999,0.20,0.14,-9999
65460,231,43.3177573,-113.8286709,10160,10141.1,31702,28429.0,268.35,478.25,293.19,0.803,4.6,106.20,103.80,-2.4,1.77,0.15,-39.44,336.9,-8888,-9.3,38.5,278.30,824.2,24.8,259.2,36.1,52.6,141.2,34.0,-9999,-9999,0.20,0.14,-9999
65461,231,43.3171586,-113.8253328,10165,10146.2,31718,28410.0,268.41,478.31,293.19,0.803,4.5,106.25,103.82,-2.4,1.78,0.08,-39.47,337.0,-8888,-9.3,38.5,278.09,824.1,24.9,259.0,36.1,52.6,141.2,33.9,-9999,-9999,0.20,0.14,-9999
65462,231,43.3166108,-113.8222835,10170,10150.9,31735,28482.0,268.48,478.38,293.19,0.803,4.7,106.31,103.82,-2.4,1.79,0.13,-39.52,337.0,-8888,-9.4,38.5,277.87,824.3,25.0,258.4,36.1,52.7,141.2,33.6,-9999,-9999,0.20,0.14,-9999
65463,231,43.3159651,-113.8186882,10175,10156.3,31750,28495.5,268.41,478.56,293.25,0.803,4.7,106.33,103.82,-2.5,1.77,0.33,-39.55,337.0,-8888,-9.4,38.5,277.68,824.2,24.9,258.2,36.1,52.7,141.2,33.7,-9999,-9999,0.20,0.14,-9999
65464,231,43.3153710,-113.8153817,10179,10161.3,31765,28509.5,268.48,478.44,293.06,0.803,4.7,106.36,103.82,-2.5,1.79,0.24,-39.63,336.9,-8888,-9.5,38.6,277.49,824.0,25.1,258.0,36.1,52.6,141.2,33.7,-9999,-9999,0.20,0.14,-9999
65465,231,43.3148691,-113.8125891,10184,10165.5,31780,28474.0,268.54,478.56,293.06,0.803,4.6,106.41,103.82,-2.5,1.81,0.19,-39.59,337.1,-8888,-9.4,38.6,277.30,824.3,25.2,257.5,36.1,52.6,141.2,33.6,-9999,-9999,0.20,0.14,-9999
65466,231,43.3142577,-113.8091857,10189,10170.7,31796,28501.0,268.54,478.25,292.69,0.803,4.6,106.44,103.83,-2.6,1.83,0.20,-39.57,337.2,-8888,-9.4,38.9,277.09,824.0,25.4,257.6,36.1,52.7,141.2,33.5,-9999,-9999,0.20,0.14,-9999
65467,231,43.3136744,-113.8059434,10194,10175.5,31812,28508.5,268.54,478.00,292.50,0.803,4.8,106.42,103.83,-2.6,1.82,0.29,-39.58,337.2,-8888,-9.5,39.3,276.89,824.0,25.4,257.9,36.1,52.7,141.3,33.5,-9999,-9999,0.20,0.14,-9999
65468,231,43.3130568,-113.8025079,10198,10180.6,31826,28573.0,268.54,477.94,292.38,0.802,4.7,106.38,103.83,-2.6,1.81,0.35,-39.57,337.3,-8888,-9.5,39.7,276.71,824.0,25.4,258.3,36.1,52.7,141.3,33.7,-9999,-9999,0.20,0.14,-9999
65469,231,43.3125652,-113.7997789,10203,10184.6,31840,28601.5,268.54,477.81,292.19,0.802,4.5,106.38,103.84,-2.5,1.81,0.21,-39.60,337.3,-8888,-9.5,40.4,276.53,824.1,25.4,258.4,36.1,52.6,141.3,33.8,-9999,-9999,0.20,0.14,-9999
65470,231,43.3118719,-113.7959258,10208,10190.3,31853,28600.5,268.60,477.56,291.88,0.802,4.2,106.42,103.84,-2.5,1.81,0.12,-39.57,337.4,-8888,-9.5,40.9,276.36,824.1,25.7,258.3,36.1,52.6,141.3,33.7,-9999,-9999,0.20,0.14,-9999
65471,231,43.3112422,-113.7924250,10213,10195.5,31869,28604.5,268.60,477.56,291.81,0.802,4.3,106.50,103.83,-2.6,1.82,0.21,-39.62,337.4,-8888,-9.6,41.3,276.16,824.3,25.8,257.6,36.1,52.7,141.3,33.4,-9999,-9999,0.20,0.14,-9999
65472,231,43.3107105,-113.7894708,10217,10200.0,31885,28582.0,268.60,477.25,291.50,0.801,4.6,106.53,103.84,-2.7,1.81,0.37,-39.63,337.5,-8888,-9.6,41.4,275.95,824.3,26.1,257.5,36.1,52.8,141.3,33.3,-9999,-9999,0.20,0.14,-9999
65473,231,43.3102184,-113.7867407,10222,10204.0,31900,28611.0,268.67,477.31,291.44,0.801,4.6,106.55,103.85,-2.7,1.81,0.47,-39.68,337.5,-8888,-9.7,41.4,275.76,824.4,26.1,257.6,36.1,52.8,141.3,33.3,-9999,-9999,0.20,0.13,-9999
65474,231,43.3096391,-113.7835293,10227,10208.9,31915,28641.0,268.67,477.25,291.31,0.801,4.6,106.55,103.86,-2.7,1.82,0.46,-39.67,337.6,-8888,-9.7,41.3,275.57,824.3,26.1,257.7,36.1,52.7,141.3,33.4,-9999,-9999,0.20,0.14,-9999
65475,231,43.3090764,-113.7804141,10232,10213.6,31931,28632.0,268.73,477.25,291.25,0.801,4.6,106.57,103.86,-2.7,1.85,0.36,-39.72,337.5,-8888,-9.7,41.4,275.36,824.7,26.2,257.6,36.1,52.7,141.3,33.4,-9999,-9999,0.20,0.13,-9999
65476,231,43.3084273,-113.7768171,10237,10219.0,31946,28639.5,268.73,477.12,291.12,0.801,4.6,106.58,103.88,-2.7,1.84,0.34,-39.76,337.6,-8888,-9.8,41.6,275.17,824.4,26.3,257.7,36.1,52.7,141.3,33.3,-9999,-9999,0.20,0.13,-9999
65477,231,43.3076435,-113.7724809,10242,10225.6,31961,28635.0,268.73,476.69,290.69,0.800,4.6,106.58,103.89,-2.7,1.84,0.41,-39.75,337.6,-8888,-9.8,41.9,274.98,824.4,26.4,258.0,36.1,52.8,141.4,33.3,-9999,-9999,0.20,0.13,-9999
65478,231,43.3073301,-113.7707466,10246,10228.2,31976,28645.5,268.80,476.62,290.50,0.800,4.6,106.59,103.90,-2.7,1.84,0.42,-39.78,337.7,-8888,-9.9,42.2,274.79,824.4,26.5,258.1,36.1,52.7,141.4,33.4,-9999,-9999,0.20,0.13,-9999
65479,231,43.3067600,-113.7675987,10251,10232.9,31991,28677.5,268.80,476.19,290.19,0.800,4.6,106.62,103.90,-2.7,1.83,0.36,-39.79,337.7,-8888,-9.9,42.4,274.60,824.4,26.8,258.2,36.1,52.7,141.4,33.4,-9999,-9999,0.20,0.13,-9999
65480,231,43.3061320,-113.7641289,10256,10238.1,32006,28722.0,268.80,476.06,290.00,0.799,4.6,106.64,103.91,-2.7,1.83,0.36,-39.82,337.7,-8888,-10.0,42.6,274.41,824.6,26.8,258.1,36.1,52.8,141.4,33.3,-9999,-9999,0.20,0.13,-9999
65481,231,43.3055734,-113.7610452,10261,10242.7,32022,28716.5,268.86,475.94,289.88,0.799,4.6,106.65,103.93,-2.7,1.82,0.47,-39.86,337.8,-8888,-10.0,42.7,274.21,824.7,26.9,258.3,36.1,52.9,141.4,33.2,-9999,-9999,0.20,0.13,-9999
65482,231,43.3048738,-113.7571898,10265,10248.4,32036,28744.5,268.86,475.81,289.75,0.799,4.6,106.64,103.94,-2.7,1.81,0.53,-39.84,337.8,-8888,-10.0,42.8,274.03,824.3,27.0,258.6,36.1,52.8,141.4,33.2,-9999,-9999,0.20,0.13,-9999
65483,231,43.3043604,-113.7543628,10270,10252.6,32052,28778.0,268.86,475.75,289.56,0.799,4.6,106.63,103.95,-2.7,1.83,0.48,-39.93,337.8,-8888,-10.1,42.6,273.83,824.6,26.9,258.8,36.1,52.8,141.4,33.4,-9999,-9999,0.19,0.13,-9999
65484,231,43.3038058,-113.7513107,10275,10257.2,32065,28790.5,268.93,475.69,289.50,0.799,4.4,106.63,103.96,-2.7,1.83,0.36,-39.93,337.8,-8888,-10.1,42.2,273.66,824.5,27.0,259.0,36.1,52.7,141.4,33.5,-9999,-9999,0.19,0.13,-9999
65485,231,43.3031698,-113.7478082,10280,10262.5,32079,28813.5,268.99,475.75,289.44,0.799,4.4,106.63,103.96,-2.7,1.82,0.26,-39.98,337.8,-8888,-10.2,41.8,273.48,824.7,27.0,259.1,36.0,52.7,141.4,33.5,-9999,-9999,0.19,0.13,-9999
65486,231,43.3026788,-113.7451084,10284,10266.5,32095,28797.0,268.99,475.81,289.44,0.799,4.5,106.63,103.97,-2.6,1.81,0.28,-40.04,337.8,-8888,-10.2,41.3,273.28,824.5,27.0,259.1,36.0,52.8,141.5,33.5,-9999,-9999,0.19,0.13,-9999
65487,231,43.3019368,-113.7410267,10289,10272.5,32110,28795.0,268.93,475.69,289.31,0.799,4.6,106.61,103.97,-2.6,1.80,0.32,-40.08,337.8,-8888,-10.3,40.7,273.09,824.8,26.9,259.3,36.0,52.8,141.5,33.5,-9999,-9999,0.19,0.13,-9999
65488,231,43.3014573,-113.7383911,10294,10276.5,32125,28797.5,269.05,475.75,289.31,0.799,4.5,106.57,103.99,-2.6,1.80,0.34,-40.13,337.8,-8888,-10.3,40.3,272.90,824.6,26.9,259.8,36.0,52.7,141.5,33.6,-9999,-9999,0.19,0.13,-9999
65489,231,43.3007789,-113.7346623,10299,10282.0,32140,28816.0,269.12,475.75,289.25,0.800,4.4,106.58,103.98,-2.6,1.81,0.25,-40.18,337.8,-8888,-10.4,40.0,272.71,824.3,27.0,259.7,36.0,52.7,141.5,33.7,-9999,-9999,0.19,0.13,-9999
65490,231,43.3003285,-113.7321865,10304,10285.7,32155,28851.0,269.12,475.88,289.25,0.800,4.5,106.61,103.98,-2.6,1.81,0.22,-40.25,337.8,-59.9,-10.4,39.6,272.52,824.4,27.0,259.4,36.0,52.8,141.5,33.6,0.05,0.02,0.19,0.13,10.58
65491,231,43.2997670,-113.7291000,10308,10290.3,32171,28848.0,269.12,475.94,289.25,0.800,4.6,106.62,104.00,-2.6,1.80,0.32,-40.26,337.8,-59.6,-10.4,39.4,272.32,824.7,27.0,259.4,36.0,52.9,141.5,33.5,0.05,0.02,0.19,0.13,11.08
65492,231,43.2991225,-113.7255631,10313,10295.5,32186,28861.0,269.18,475.88,289.12,0.800,4.6,106.64,103.99,-2.6,1.79,0.41,-40.31,337.8,-59.2,-10.5,39.2,272.13,824.6,27.1,259.3,36.0,52.8,141.5,33.4,0.05,0.02,0.19,0.13,11.66
65493,231,43.2985008,-113.7221546,10318,10300.5,32200,28865.5,269.18,475.88,289.12,0.800,4.6,106.66,104.00,-2.6,1.81,0.41,-40.36,337.8,-58.8,-10.5,39.0,271.95,824.5,27.1,259.3,36.0,52.9,141.5,33.4,0.05,0.02,0.19,0.12,12.29
65494,231,43.2979548,-113.7191637,10323,10304.9,32216,28865.0,269.31,476.06,289.12,0.800,4.6,106.66,104.01,-2.6,1.81,0.42,-40.38,337.9,-58.4,-10.5,38.9,271.75,824.8,27.1,259.4,36.0,52.9,141.5,33.4,0.05,0.02,0.19,0.12,12.92
65495,231,43.2974030,-113.7161408,10327,10309.4,32230,28859.5,269.31,476.19,289.12,0.801,4.6,106.64,104.02,-2.6,1.81,0.44,-40.44,337.9,-58.0,-10.6,38.9,271.57,824.5,27.0,259.5,36.0,52.9,141.5,33.5,0.06,0.03,0.18,0.12,13.67
65496,231,43.2966209,-113.7118631,10332,10315.7,32244,28848.0,269.31,476.19,289.12,0.801,4.5,106.64,104.02,-2.6,1.81,0.40,-40.44,337.9,-57.6,-10.6,39.2,271.40,824.7,27.0,259.5,36.0,52.8,141.6,33.6,0.06,0.03,0.18,0.12,14.39
65497,231,43.2962273,-113.7097082,10337,10318.8,32258,28865.0,269.31,476.50,289.19,0.802,4.3,106.66,104.04,-2.6,1.81,0.29,-40.53,337.8,-57.2,-10.6,39.6,271.22,824.7,26.9,259.4,36.0,52.8,141.6,33.7,0.06,0.03,0.18,0.12,15.29
65498,231,43.2956039,-113.7062986,10341,10323.8,32273,28876.0,269.38,476.50,289.19,0.802,4.3,106.64,104.05,-2.6,1.81,0.20,-40.54,337.9,-56.8,-10.6,40.0,271.03,824.9,26.9,259.7,36.0,52.8,141.6,33.8,0.07,0.03,0.18,0.12,16.12
65499,231,43.2950625,-113.7033392,10346,10328.1,32288,28875.5,269.38,476.62,289.19,0.802,4.4,106.62,104.05,-2.6,1.80,0.20,-40.59,337.9,-56.3,-10.7,40.6,270.84,824.8,26.8,259.8,36.0,52.8,141.6,33.8,0.07,0.03,0.18,0.12,17.08
65500,231,43.2944981,-113.7002504,10351,10332.5,32302,28899.0,269.38,476.75,289.19,0.802,4.4,106.57,104.05,-2.6,1.80,0.20,-40.62,337.9,-55.9,-10.7,41.0,270.67,825.0,26.6,260.2,36.0,52.7,141.6,34.0,0.07,0.03,0.18,0.12,18.05
65501,231,43.2937687,-113.6962609,10355,10338.2,32317,28869.0,269.44,476.75,289.12,0.802,4.4,106.55,104.05,-2.5,1.80,0.09,-40.66,337.9,-55.5,-10.7,41.3,270.48,824.8,26.7,260.4,36.0,52.7,141.6,34.1,0.08,0.03,0.18,0.12,19.10
65502,231,43.2932863,-113.6936219,10360,10342.0,32331,28900.5,269.50,476.81,289.12,0.802,4.3,106.53,104.06,-2.5,1.80,0.02,-40.72,337.9,-55.0,-10.8,41.5,270.30,824.6,26.6,260.7,36.0,52.7,141.6,34.1,0.08,0.04,0.18,0.12,20.25
65503,231,43.2926578,-113.6901784,10365,10346.8,32345,28904.0,269.50,477.00,289.12,0.803,4.3,106.52,104.04,-2.5,1.79,0.05,-40.75,337.9,-54.6,-10.8,41.6,270.13,824.8,26.6,260.5,36.0,52.7,141.6,34.1,0.09,0.04,0.18,0.12,21.38
65504,231,43.2921347,-113.6873136,10369,10350.8,32359,28919.5,269.50,477.06,289.12,0.803,4.3,106.55,104.04,-2.5,1.79,0.04,-40.75,338.0,-54.2,-10.8,41.7,269.95,824.8,26.6,260.2,36.0,52.7,141.6,34.1,0.09,0.04,0.18,0.12,22.52
65505,231,43.2915061,-113.6838690,10374,10355.6,32374,28939.0,269.57,477.12,289.12,0.803,4.4,106.57,104.02,-2.5,1.79,0.08,-40.81,338.0,-53.8,-10.8,41.7,269.76,824.8,26.7,259.9,36.0,52.8,141.6,33.9,0.10,0.04,0.18,0.12,23.83
65506,231,43.2909303,-113.6807137,10378,10359.9,32388,28922.5,269.57,477.31,289.19,0.803,4.4,106.59,104.02,-2.5,1.79,0.18,-40.88,337.9,-53.3,-10.9,41.6,269.59,824.9,26.6,259.7,36.0,52.8,141.7,33.9,0.10,0.04,0.18,0.12,25.20
65507,231,43.2902130,-113.6767855,10382,10365.4,32401,28933.0,269.63,477.31,289.12,0.803,4.2,106.58,104.04,-2.5,1.80,0.21,-40.88,338.0,-52.9,-10.9,41.5,269.42,824.7,26.7,259.9,36.0,52.8,141.7,33.9,0.11,0.05,0.18,0.12,26.43
65508,231,43.2896664,-113.6737906,10387,10369.5,32416,28931.5,269.63,477.31,289.06,0.803,4.2,106.58,104.04,-2.5,1.81,0.17,-40.93,338.0,-52.5,-10.9,41.4,269.24,824.9,26.7,259.9,36.0,52.7,141.7,34.0,0.11,0.05,0.17,0.12,27.81
65509,231,43.2890023,-113.6701518,10391,10374.6,32429,28956.5,269.70,477.38,289.00,0.804,4.2,106.56,104.03,-2.5,1.81,0.12,-40.94,338.0,-52.2,-10.9,41.3,269.07,824.8,26.7,260.1,36.0,52.7,141.7,34.1,0.12,0.05,0.17,0.12,29.10
65510,231,43.2885674,-113.6677683,10396,10378.0,32443,28959.5,269.70,477.38,288.94,0.804,4.1,106.52,104.03,-2.5,1.82,0.08,-40.99,338.0,-51.8,-11.0,41.3,268.90,824.8,26.6,260.4,36.0,52.7,141.7,34.2,0.12,0.05,0.17,0.12,30.53
65511,231,43.2879211,-113.6642251,10401,10383.0,32456,28967.0,269.70,477.50,288.94,0.804,4.1,106.51,104.02,-2.5,1.81,0.01,-41.01,338.0,-51.4,-11.0,41.3,268.74,824.9,26.5,260.3,36.0,52.7,141.7,34.3,0.13,0.06,0.17,0.12,31.86
65512,231,43.2873516,-113.6611008,10405,10387.5,32470,28980.5,269.76,477.56,288.94,0.804,4.1,106.51,104.02,-2.5,1.82,0.03,-41.07,338.0,-51.1,-11.0,41.4,268.56,825.0,26.6,260.3,35.9,52.7,141.7,34.2,0.13,0.06,0.17,0.12,33.26
65513,231,43.2867827,-113.6579753,10410,10391.9,32485,28988.5,269.76,477.75,289.00,0.805,4.2,106.53,104.02,-2.5,1.81,0.02,-41.14,338.0,-50.8,-11.1,41.4,268.37,824.7,26.5,260.0,35.9,52.8,141.7,34.1,0.14,0.06,0.17,0.11,34.67
65514,231,43.2861725,-113.6546246,10414,10396.6,32500,29026.5,269.83,477.81,289.00,0.805,4.4,106.55,104.00,-2.5,1.80,0.10,-41.15,338.0,-50.5,-11.1,41.4,268.19,825.0,26.6,259.7,35.9,52.8,141.7,34.1,0.14,0.06,0.17,0.11,35.84
65515,231,43.2855325,-113.6511124,10419,10401.5,32515,29013.0,269.83,477.94,289.00,0.805,4.4,106.55,104.00,-2.5,1.81,0.14,-41.21,338.0,-50.3,-11.1,41.4,268.00,825.0,26.5,259.7,35.9,52.8,141.8,34.1,0.15,0.06,0.17,0.11,37.12
65516,231,43.2850220,-113.6483089,10424,10405.5,32528,28997.5,269.89,478.00,289.00,0.805,4.3,106.53,104.00,-2.5,1.82,0.15,-41.27,338.0,-50.1,-11.2,41.2,267.84,824.9,26.6,259.8,35.9,52.8,141.8,34.1,0.15,0.06,0.17,0.11,38.27
