Data/Raw/YANG,MELISSA/FIREXAQ-MetNav_DC8_20190715_R0.ict
76, 1001
Project Office
NSRC - National Suborbital Research Center
N817NA Meteorological and Navigation Facility Instrumentation
FIREX-AQ
1,1
2019,07,15,2020,02,28
1
Time_Start, seconds, from 0000 UTC
35
1,1,1,1,1,1,1,1,1,1,1,1,1,1,1,1,1,1,1,1,1,1,1,1,1,1,1,1,1,1,1,1,1,1,1
-9999,-9999,-9999,-9999,-9999,-9999,-9999,-9999,-9999,-9999,-9999,-9999,-9999,-9999,-9999,-9999,-9999,-9999,-9999,-9999,-9999,-9999,-9999,-9999,-9999,-9999,-9999,-9999,-9999,-9999,-9999,-9999,-9999,-9999,-9999
Day_Of_Year, day, None, calendar day beginning January 1
Latitude, deg, Platform_Latitude_InSitu_None
Longitude, deg, Platform_Longitude_InSitu_None
MSL_GPS_Altitude, m, Platform_AltitudeMSL_InSitu_None
HAE_GPS_Altitude, m, Platform_AltitudeEllipsoid_InSitu_None, reference WGS-84
Pressure_Altitude, ft, Platform_AltitudePressure_InSitu_None
Radar_Altitude, ft, Platform_AltitudeAGL_InSitu_None
Ground_Speed, m/s, Platform_GroundSpeed_InSitu_None
True_Air_Speed, kts, Platform_AircraftTrueAirSpeed_InSitu_None
Indicated_Air_Speed, kts, Platform_AircraftIndicatedAirSpeed_InSitu_None
Mach_Number, mach, None
Vertical_Speed, m/s, None
True_Heading, deg 0-360, Platform_HeadingTrue_InSitu_None, cw from +y
Track_Angle, deg 0-360, Platform_TrackAngle_InSitu_None, cw from +y
Drift_Angle, deg +-180, Platform_DriftAngle_InSitu_None, cw from +y
Pitch_Angle, deg +-180, Platform_PitchAngle_InSitu_None, up+
Roll_Angle, deg +-180, Platform_RollAngle_InSitu_None, rt+
Static_Air_Temp, degrees Celcius, Met_StaticAirTemperature_InSitu_None
Potential_Temp, Kelvin, Met_PotentialTemperature_InSitu_None
Dew_Point, degrees Celcius, Met_DewPoint_InSitu_None
Total_Air_Temp, degrees Celcius, None
IR_Surf_Temp, degrees Celcius, Met_SufaceTemperature_InSitu_None
Static_Pressure, hPa, Met_StaticPressure_InSitu_None
Cabin_Pressure, hPa, None
Wind_Speed, m/s, Met_WindSpeed_InSitu_None, limited to where Roll_Angle does not exceed 5 degrees
Wind_Direction, deg 0-360 cw from +y, Met_WindDirection_InSitu_None, limited to where Roll_Angle does not exceed 5 degrees
Solar_Zenith_Angle, deg, Platform_SolarZenithAngle_InSitu_None
Aircraft_Sun_Elevation, deg, None
Sun_Azimuth, deg, Platform_SolarAzimuthAngle_InSitu_None
Aircraft_Sun_Azimuth, deg, None
Mixing_Ratio, g/kg, Met_H2OMR_InSitu_None
Part_Press_Water_Vapor, hPa, Met_PartialPressureH2O_InSitu_None
Sat_Vapor_Press_H2O, hPa, Met_SatVaporPressureH2OWater_InSitu_None
Sat_Vapor_Press_Ice, hPa, Met_SatVaporPressureH2OIce_InSitu_None
Relative_Humidity, percent, Met_RelativeHumidityWater_InSitu_None
0
27
PI_CONTACT_INFO: Melissa Yang Martin, m.yang@baeri.org 
Platform: NASA DC-8 N817NA
LOCATION: Included in data records
ASSOCIATED_DATA: This flight represents FIREX-AQ Test Flight #01 out of Palmdale, CA. See FIREX-AQ archive on Langley archive at https://www-air.larc.nasa.gov/missions/firex-aq/index.html
INSTRUMENT_INFO: 
	Position, attitude, ground speed, and vertical speed from LN251
	Wind_Speed and Wind_Direction calculated from LN251, Aircraft Data System-85
	Radar_Altitude from APN-232
	Total_Air_Temperature from Rosemount 102E4AL type non-deiced with Laurels LTE signal conditioner
	IR_Surface_Temp from KT-19.85II
    Cabin_Pressure from MKS Baratron 220D
	Dew_Point and calculated water vapor parameters from Buck Hygrometer 1011-C
[...]
LLOD_FLAG:-8888
LLOD_VALUE:0,-90,-180,N/A,N/A,-1871,0,0,0,0,0,-104.04,0,0,-180,-180,-180,-99,N/A,-60,-60,-50,N/A,0.66,0,0,N/A,N/A,N/A,N/A,N/A,N/A,N/A,N/A,N/A
DM_CONTACT_INFO: Ryan Bennett, r.bennett@baeri.org
PROJECT_INFO: N/A
STIPULATIONS_ON_USE: Please contact PI or DM with questions on best use practices and instrumentation caveats that are not explicitly published here.
OTHER_COMMENTS: Wind Speed and Wind Direction flagged where Roll_Angle exceeds 5 degrees. Few segments of Dew_Point and associated water vapor calculations may be flagged due to instrument dew point overshoots on aircraft descent due to condensation within the probe. Potential_Temp derived from Static_Air_Temp and Static_Pressure.
REVISION: R0
R0: Public release data with limits of detection and instrument calibrations applied to Total_Air_Temp (follows through to reduction to Static_Air_Temp and calculation of Potential_Temp), and Cabin_Pressure. 
RA: Preliminary field data with limits of detection applied.
Time_Start,Day_Of_Year,Latitude,Longitude,MSL_GPS_Altitude,HAE_GPS_Altitude,Pressure_Altitude,Radar_Altitude,Ground_Speed,True_Air_Speed,Indicated_Air_Speed,Mach_Number,Vertical_Speed,True_Heading,Track_Angle,Drift_Angle,Pitch_Angle,Roll_Angle,Static_Air_Temp,Potential_Temp,Dew_Point,Total_Air_Temp,IR_Surf_Temp,Static_Pressure,Cabin_Pressure,Wind_Speed,Wind_Direction,Solar_Zenith_Angle,Aircraft_Sun_Elevation,Sun_Azimuth,Aircraft_Sun_Azimuth,Mixing_Ratio,Part_Press_Water_Vapor,Sat_Vapor_Press_H2O,Sat_Vapor_Press_Ice,Relative_Humidity
[from data line 7128]
84050,196,38.4101136,-121.0800361,5273,5244.3,16371,17184.0,189.24,378.44,290.31,0.590,10.5,321.49,324.10,2.6,3.81,-1.62,-1.72,323.6,-24.0,17.2,45.6,540.93,915.1,10.3,264.6,43.8,45.2,-98.8,-55.7,1.03,0.90,5.44,5.36,16.44
84051,196,38.4114934,-121.0813060,5284,5254.9,16403,17231.5,189.28,378.50,290.19,0.590,10.6,321.45,324.08,2.6,3.82,-1.49,-1.78,323.6,-23.9,17.1,45.5,540.22,915.3,10.3,264.4,43.8,45.0,-98.8,-55.7,1.04,0.90,5.42,5.34,16.64
84052,196,38.4128731,-121.0825770,5294,5265.5,16436,17278.5,189.32,378.69,290.19,0.590,10.6,321.41,324.06,2.6,3.79,-1.39,-1.89,323.6,-23.9,17.0,45.3,539.50,915.1,10.4,264.5,43.8,45.0,-98.8,-55.7,1.04,0.90,5.38,5.29,16.72
84053,196,38.4142529,-121.0838488,5305,5276.0,16468,17311.5,189.38,379.06,290.31,0.591,10.5,321.39,324.04,2.7,3.77,-1.32,-1.97,323.6,-24.0,17.0,45.1,538.79,915.3,10.5,265.0,43.8,44.9,-98.8,-55.8,1.03,0.89,5.35,5.25,16.66
84054,196,38.4156329,-121.0851212,5316,5286.5,16501,17342.5,189.43,379.12,290.25,0.591,10.5,321.37,324.03,2.7,3.79,-1.25,-2.08,323.6,-23.4,16.9,44.9,538.07,915.2,10.5,264.9,43.8,44.9,-98.7,-55.8,1.09,0.95,5.30,5.20,17.82
84055,196,38.4170130,-121.0863944,5326,5297.0,16533,17379.5,189.48,379.19,290.19,0.591,10.4,321.36,324.03,2.7,3.77,-1.16,-2.18,323.6,-22.6,16.8,44.8,537.37,915.1,10.6,264.7,43.8,44.8,-98.7,-55.9,1.17,1.01,5.26,5.16,19.17
84056,196,38.4183934,-121.0876681,5337,5307.4,16565,17427.0,189.53,379.38,290.19,0.592,10.4,321.35,324.02,2.7,3.75,-1.08,-2.26,323.7,-22.0,16.7,44.8,536.67,915.0,10.6,264.8,43.8,44.7,-98.7,-55.9,1.24,1.07,5.23,5.13,20.44
84057,196,38.4197741,-121.0889422,5347,5317.8,16598,17450.0,189.58,379.56,290.19,0.592,10.4,321.35,324.02,2.7,3.76,-1.04,-2.33,323.7,-21.5,16.7,44.8,535.95,915.2,10.6,265.1,43.9,44.7,-98.7,-55.9,1.30,1.12,5.21,5.10,21.41
84058,196,38.4211552,-121.0902167,5357,5328.2,16630,17500.0,189.64,379.75,290.19,0.592,10.4,321.36,324.02,2.7,3.76,-1.00,-2.44,323.7,-21.2,16.6,44.7,535.25,915.2,10.6,265.3,43.9,44.6,-98.7,-56.0,1.33,1.14,5.16,5.05,22.14
84059,196,38.4225367,-121.0914915,5368,5338.7,16662,17521.0,189.68,379.81,290.12,0.593,10.5,321.36,324.02,2.7,3.78,-0.96,-2.50,323.7,-21.3,16.5,44.6,534.55,915.2,10.6,265.2,43.9,44.6,-98.7,-56.0,1.32,1.13,5.14,5.02,22.03
84060,196,38.4239186,-121.0927665,5378,5349.3,16694,17541.0,189.73,379.94,290.12,0.593,10.6,321.36,324.03,2.7,3.82,-0.93,-2.61,323.7,-21.1,16.4,44.6,533.85,915.1,10.7,265.2,43.9,44.5,-98.7,-55.9,1.34,1.15,5.10,4.98,22.59
84061,196,38.4253008,-121.0940416,5389,5359.9,16726,17564.5,189.76,380.00,290.06,0.593,10.7,321.34,324.04,2.7,3.84,-0.92,-2.67,323.8,-20.6,16.4,44.6,533.15,915.1,10.7,265.0,43.9,44.5,-98.7,-55.9,1.41,1.20,5.08,4.95,23.69
84062,196,38.4266834,-121.0953166,5400,5370.7,16759,17608.5,189.79,380.12,290.00,0.594,10.8,321.32,324.05,2.7,3.83,-0.94,-2.78,323.8,-20.7,16.3,44.7,532.43,914.9,10.8,264.9,43.9,44.5,-98.7,-55.9,1.40,1.19,5.03,4.91,23.67
84063,196,38.4280665,-121.0965917,5411,5381.5,16794,17633.5,189.83,380.19,289.94,0.594,10.8,321.32,324.05,2.7,3.83,-0.99,-2.89,323.8,-20.8,16.2,44.8,531.67,915.0,10.8,264.8,43.9,44.6,-98.7,-55.9,1.39,1.19,4.99,4.86,23.80
84064,196,38.4294498,-121.0978670,5421,5392.3,16827,17669.0,189.86,380.31,289.88,0.594,10.8,321.33,324.05,2.7,3.83,-1.02,-2.95,323.8,-20.4,16.1,44.9,530.96,915.2,10.8,264.9,43.9,44.6,-98.7,-55.9,1.45,1.23,4.97,4.84,24.78
84065,196,38.4308334,-121.0991424,5432,5403.2,16860,17705.0,189.90,380.25,289.69,0.594,10.8,321.33,324.06,2.7,3.81,-1.01,-3.04,323.8,-20.2,16.0,45.0,530.24,915.2,10.8,264.6,43.9,44.6,-98.7,-55.9,1.46,1.24,4.94,4.80,25.22
84066,196,38.4322174,-121.1004181,5443,5413.9,16893,17730.0,189.94,380.44,289.69,0.594,10.7,321.33,324.06,2.7,3.81,-0.99,-3.16,323.8,-19.8,15.9,45.1,529.53,915.2,10.8,264.9,43.9,44.6,-98.7,-55.9,1.52,1.29,4.89,4.75,26.37
84067,196,38.4336018,-121.1016939,5454,5424.6,16927,17752.5,189.98,380.50,289.56,0.595,10.7,321.33,324.06,2.7,3.80,-0.98,-3.27,323.8,-19.5,15.8,45.2,528.79,915.1,10.9,264.8,43.9,44.6,-98.7,-55.9,1.57,1.33,4.85,4.71,27.39
84068,196,38.4349865,-121.1029699,5464,5435.3,16960,17773.0,190.03,380.44,289.44,0.595,10.6,321.33,324.07,2.7,3.75,-0.99,-3.32,323.9,-19.2,15.8,45.2,528.08,914.7,10.8,264.3,43.9,44.6,-98.7,-55.9,1.60,1.36,4.84,4.69,28.09
84069,196,38.4363716,-121.1042461,5475,5445.9,16993,17796.0,190.07,380.62,289.38,0.595,10.6,321.32,324.07,2.7,3.79,-0.99,-3.43,323.9,-19.1,15.7,45.2,527.37,915.1,10.9,264.5,43.9,44.6,-98.7,-55.9,1.63,1.37,4.80,4.65,28.65
84070,196,38.4377571,-121.1055226,5485,5456.5,17026,17808.5,190.11,380.69,289.31,0.595,10.6,321.32,324.07,2.8,3.79,-0.98,-3.54,323.9,-18.8,15.6,45.2,526.65,915.1,10.9,264.4,43.9,44.6,-98.7,-55.9,1.67,1.41,4.76,4.60,29.63
84071,196,38.4391428,-121.1067994,5496,5467.1,17059,17837.0,190.16,380.88,289.38,0.596,10.5,321.31,324.07,2.8,3.77,-0.97,-3.66,323.9,-18.8,15.5,45.2,525.94,914.9,10.9,264.6,43.9,44.6,-98.7,-55.9,1.68,1.41,4.72,4.56,29.97
84072,196,38.4405289,-121.1080764,5506,5477.6,17092,17846.5,190.20,380.94,289.31,0.596,10.6,321.31,324.07,2.8,3.79,-0.98,-3.71,323.9,-18.7,15.4,45.1,525.23,915.0,11.0,264.5,43.9,44.6,-98.7,-55.9,1.69,1.42,4.70,4.54,30.29
84073,196,38.4419154,-121.1093537,5517,5488.2,17125,17892.5,190.24,380.94,289.19,0.596,10.6,321.30,324.07,2.8,3.79,-1.00,-3.81,323.9,-18.8,15.3,45.0,524.52,914.8,11.0,264.2,43.9,44.6,-98.7,-55.9,1.67,1.40,4.66,4.50,30.09
84074,196,38.4433021,-121.1106313,5528,5498.7,17158,17923.5,190.28,380.75,288.88,0.596,10.5,321.29,324.07,2.8,3.78,-1.02,-3.85,324.0,-18.9,15.3,44.9,523.81,914.9,10.9,263.6,43.9,44.6,-98.7,-55.9,1.67,1.40,4.65,4.48,30.10
84075,196,38.4446890,-121.1119093,5538,5509.2,17190,17960.0,190.32,380.81,288.75,0.596,10.5,321.28,324.07,2.8,3.79,-1.02,-3.94,324.0,-18.9,15.2,44.6,523.13,915.0,10.9,263.4,43.9,44.6,-98.7,-55.8,1.66,1.39,4.62,4.45,30.17
84076,196,38.4460762,-121.1131877,5548,5519.8,17224,17980.5,190.36,381.12,288.88,0.596,10.5,321.27,324.07,2.8,3.77,-1.01,-4.07,324.0,-19.0,15.1,44.1,522.40,915.1,11.0,263.8,43.9,44.6,-98.7,-55.8,1.66,1.39,4.57,4.40,30.35
84077,196,38.4474637,-121.1144664,5559,5530.3,17257,18005.5,190.40,381.25,288.88,0.597,10.5,321.25,324.06,2.8,3.78,-1.01,-4.14,324.0,-19.2,15.0,43.4,521.69,914.8,11.1,263.7,43.9,44.6,-98.7,-55.8,1.62,1.36,4.55,4.37,29.83
84078,196,38.4488514,-121.1157453,5569,5540.8,17289,18058.5,190.43,381.50,288.88,0.597,10.6,321.22,324.06,2.8,3.81,-1.04,-4.27,324.0,-19.3,14.9,42.7,521.01,915.1,11.2,263.9,43.9,44.6,-98.7,-55.8,1.62,1.35,4.51,4.33,30.02
84079,196,38.4502393,-121.1170246,5580,5551.4,17322,18097.5,190.46,381.44,288.69,0.597,10.6,321.21,324.06,2.8,3.83,-1.07,-4.31,324.1,-19.4,14.9,42.1,520.30,914.7,11.2,263.6,43.9,44.6,-98.7,-55.7,1.61,1.34,4.49,4.31,29.85
84080,196,38.4516273,-121.1183043,5590,5562.0,17354,18129.5,190.49,381.69,288.75,0.598,10.6,321.19,324.06,2.9,3.82,-1.03,-4.30,324.2,-19.5,14.9,41.9,519.62,914.6,11.3,263.8,43.9,44.6,-98.7,-55.7,1.59,1.32,4.50,4.32,29.42
84081,196,38.4530155,-121.1195841,5601,5572.6,17385,18166.5,190.52,381.56,288.50,0.598,10.6,321.12,324.06,2.9,3.84,-0.92,-4.29,324.3,-19.9,14.9,41.8,518.96,914.6,11.5,262.8,43.9,44.5,-98.7,-55.7,1.54,1.28,4.50,4.32,28.45
84082,196,38.4544042,-121.1208639,5611,5583.3,17418,18213.0,190.54,381.12,288.00,0.597,10.7,321.07,324.08,3.0,3.89,-0.87,-4.34,324.4,-20.2,14.8,41.8,518.26,914.9,11.6,261.1,43.9,44.4,-98.7,-55.7,1.50,1.25,4.48,4.30,27.81
84083,196,38.4557932,-121.1221432,5622,5594.1,17451,18252.0,190.56,381.31,288.06,0.597,10.7,321.00,324.09,3.1,3.86,-0.87,-4.31,324.6,-20.6,14.9,41.9,517.56,914.7,11.8,260.8,43.9,44.4,-98.7,-55.6,1.46,1.21,4.49,4.31,26.93
84084,196,38.4571825,-121.1234223,5633,5604.8,17484,18278.5,190.58,382.12,288.50,0.599,10.8,320.93,324.10,3.2,3.86,-0.91,-4.44,324.5,-21.0,14.8,42.0,516.86,914.8,12.3,261.8,43.9,44.4,-98.7,-55.5,1.41,1.17,4.45,4.26,26.28
84085,196,38.4585720,-121.1247015,5643,5615.6,17518,18324.0,190.60,382.44,288.56,0.599,10.8,320.87,324.10,3.2,3.83,-1.02,-4.57,324.5,-21.3,14.7,42.2,516.13,914.8,12.5,261.9,43.9,44.5,-98.7,-55.4,1.37,1.14,4.40,4.22,25.78
84086,196,38.4599618,-121.1259810,5654,5626.4,17552,18359.5,190.63,382.50,288.50,0.599,10.7,320.85,324.10,3.2,3.79,-1.14,-4.67,324.5,-21.7,14.6,42.4,515.41,914.8,12.6,261.8,43.9,44.6,-98.7,-55.3,1.32,1.09,4.37,4.18,25.02
84087,196,38.4613516,-121.1272609,5665,5637.0,17585,18404.0,190.66,382.56,288.38,0.600,10.6,320.86,324.09,3.2,3.83,-1.18,-4.78,324.5,-22.0,14.5,42.6,514.72,914.8,12.5,261.9,43.9,44.6,-98.7,-55.3,1.30,1.07,4.34,4.14,24.73
84088,196,38.4627413,-121.1285415,5676,5647.7,17617,18440.5,190.68,382.69,288.31,0.600,10.7,320.85,324.08,3.2,3.83,-1.11,-4.88,324.5,-22.0,14.4,42.9,514.04,914.7,12.5,262.1,43.9,44.6,-98.7,-55.3,1.29,1.07,4.30,4.11,24.81
84089,196,38.4641311,-121.1298223,5687,5658.3,17650,18481.0,190.70,382.75,288.25,0.600,10.7,320.85,324.07,3.2,3.82,-1.08,-4.99,324.5,-22.2,14.3,43.1,513.34,915.0,12.5,262.1,43.9,44.6,-98.7,-55.3,1.27,1.05,4.27,4.07,24.52
84090,196,38.4655210,-121.1311033,5698,5669.0,17685,18522.0,190.72,382.88,288.19,0.600,10.7,320.85,324.07,3.2,3.85,-1.06,-5.05,324.6,-22.6,14.3,43.4,512.60,914.7,12.6,262.3,43.9,44.5,-98.7,-55.3,1.24,1.02,4.25,4.05,23.93
84091,196,38.4669111,-121.1323846,5708,5679.7,17718,18562.0,190.73,382.88,288.00,0.600,10.7,320.85,324.07,3.2,3.83,-1.05,-5.20,324.5,-22.7,14.1,43.7,511.91,914.8,12.6,262.2,43.9,44.5,-98.7,-55.4,1.23,1.01,4.20,4.00,23.97
84092,196,38.4683011,-121.1336661,5719,5690.4,17750,18631.0,190.75,382.94,287.94,0.601,10.7,320.84,324.07,3.2,3.85,-1.06,-5.26,324.6,-22.8,14.1,43.9,511.23,915.1,12.6,262.3,43.9,44.5,-98.7,-55.3,1.21,0.99,4.18,3.98,23.74
84093,196,38.4696913,-121.1349478,5730,5701.1,17784,18673.0,190.77,382.75,287.69,0.600,10.7,320.85,324.06,3.2,3.85,-1.07,-5.40,324.5,-23.0,13.9,43.8,510.52,914.8,12.5,261.9,43.9,44.5,-98.7,-55.3,1.19,0.98,4.14,3.93,23.63
84094,196,38.4710816,-121.1362298,5740,5711.9,17817,18677.0,190.79,382.75,287.56,0.600,10.7,320.85,324.06,3.2,3.85,-1.04,-5.49,324.5,-23.1,13.8,43.3,509.83,914.7,12.5,261.8,43.9,44.5,-98.7,-55.3,1.19,0.97,4.11,3.90,23.66
84095,196,38.4724720,-121.1375119,5751,5722.6,17850,18700.5,190.81,382.69,287.31,0.600,10.7,320.84,324.06,3.2,3.87,-1.05,-5.58,324.5,-23.2,13.7,42.8,509.13,914.8,12.5,261.5,43.9,44.5,-98.7,-55.3,1.17,0.96,4.08,3.87,23.47
84096,196,38.4738624,-121.1387942,5762,5733.3,17883,18734.0,190.83,382.44,287.00,0.600,10.7,320.84,324.06,3.2,3.86,-1.10,-5.71,324.5,-23.2,13.6,42.2,508.44,914.6,12.4,260.9,43.9,44.5,-98.7,-55.3,1.18,0.96,4.04,3.83,23.74
84097,196,38.4752530,-121.1400767,5772,5743.9,17916,18794.0,190.84,382.50,286.94,0.600,10.6,320.82,324.06,3.2,3.87,-1.01,-5.82,324.5,-23.2,13.5,41.4,507.75,914.9,12.4,260.9,43.9,44.5,-98.7,-55.3,1.18,0.96,4.01,3.79,24.05
84098,196,38.4766437,-121.1413593,5783,5754.6,17948,18826.5,190.86,382.69,287.00,0.601,10.6,320.79,324.06,3.3,3.84,-1.04,-5.88,324.6,-23.2,13.4,40.7,507.08,914.8,12.6,260.9,44.0,44.5,-98.7,-55.3,1.18,0.96,3.99,3.77,24.15
84099,196,38.4780346,-121.1426420,5794,5765.2,17982,18857.0,190.89,382.62,286.81,0.601,10.6,320.79,324.06,3.3,3.85,-1.16,-5.98,324.6,-23.2,13.3,40.0,506.37,914.6,12.6,260.7,44.0,44.6,-98.7,-55.2,1.18,0.96,3.96,3.74,24.33
84100,196,38.4794255,-121.1439251,5805,5775.8,18015,18913.0,190.91,382.81,286.81,0.601,10.6,320.80,324.05,3.2,3.84,-1.18,-6.14,324.5,-23.2,13.2,39.2,505.68,914.5,12.5,261.1,44.0,44.6,-98.7,-55.2,1.19,0.96,3.91,3.69,24.63
84101,196,38.4808164,-121.1452088,5815,5786.4,18047,18935.0,190.89,383.00,286.88,0.602,10.6,320.79,324.04,3.2,3.83,-1.13,-6.26,324.5,-23.3,13.1,38.8,505.01,914.7,12.6,261.6,44.0,44.6,-98.7,-55.3,1.18,0.96,3.87,3.65,24.66
84102,196,38.4822065,-121.1464922,5826,5796.9,18079,18960.0,190.74,382.81,286.62,0.601,10.4,320.75,324.03,3.3,3.81,-1.11,-6.34,324.5,-23.1,13.0,38.7,504.35,914.8,12.7,261.6,44.0,44.6,-98.7,-55.2,1.20,0.97,3.85,3.62,25.23
84103,196,38.4835951,-121.1477744,5836,5807.3,18113,19011.5,190.52,382.44,286.12,0.601,10.4,320.73,324.02,3.3,3.87,-1.20,-6.41,324.6,-23.0,12.9,38.5,503.64,915.0,12.7,261.6,44.0,44.6,-98.7,-55.1,1.21,0.98,3.83,3.60,25.55
84104,196,38.4849817,-121.1490554,5847,5817.8,18145,19036.5,190.26,382.31,285.94,0.601,10.5,320.73,324.00,3.3,3.99,-1.31,-6.49,324.6,-22.6,12.8,38.1,502.98,914.5,12.8,262.5,44.0,44.6,-98.7,-54.9,1.26,1.02,3.81,3.58,26.73
84105,196,38.4863660,-121.1503353,5857,5828.4,18178,19094.5,190.01,382.00,285.56,0.601,10.6,320.71,323.98,3.3,3.96,-1.31,-6.66,324.5,-22.2,12.6,37.4,502.29,914.8,12.8,262.8,44.0,44.6,-98.7,-54.9,1.30,1.05,3.76,3.52,27.87
84106,196,38.4877482,-121.1516144,5868,5839.0,18210,19089.5,189.81,381.62,285.12,0.600,10.4,320.66,323.96,3.3,3.81,-1.31,-6.73,324.5,-21.8,12.5,36.3,501.63,914.7,12.9,262.6,44.0,44.7,-98.7,-55.0,1.35,1.08,3.74,3.51,28.97
84107,196,38.4891289,-121.1528927,5878,5849.2,18242,19132.5,189.65,381.38,284.75,0.600,9.9,320.59,323.95,3.4,3.58,-1.37,-6.80,324.6,-21.7,12.4,35.5,500.97,914.9,13.1,262.3,44.0,44.9,-98.7,-55.1,1.36,1.10,3.72,3.48,29.49
84108,196,38.4905084,-121.1541710,5888,5858.7,18274,19154.0,189.55,381.06,284.38,0.599,9.2,320.56,323.92,3.4,3.34,-1.46,-6.91,324.6,-21.5,12.2,34.8,500.30,914.8,13.0,262.1,44.0,45.1,-98.7,-55.2,1.39,1.11,3.68,3.45,30.18
84109,196,38.4918868,-121.1554496,5896,5867.6,18304,19155.0,189.48,380.75,284.00,0.599,8.5,320.54,323.89,3.4,3.14,-1.37,-6.99,324.6,-21.6,12.1,34.6,499.68,914.9,13.0,261.7,44.0,45.1,-98.7,-55.4,1.38,1.11,3.66,3.43,30.26
84110,196,38.4932643,-121.1567285,5905,5875.7,18331,19129.5,189.42,380.50,283.75,0.599,8.0,320.52,323.87,3.4,3.13,-1.14,-7.11,324.5,-21.2,12.0,34.9,499.13,914.9,12.9,261.4,44.0,44.9,-98.7,-55.5,1.42,1.14,3.63,3.39,31.44
84111,196,38.4946410,-121.1580075,5913,5883.6,18358,19194.5,189.35,380.19,283.44,0.598,7.9,320.50,323.86,3.4,3.25,-0.95,-7.18,324.5,-21.0,11.9,35.6,498.57,914.6,12.9,261.1,44.0,44.7,-98.7,-55.6,1.45,1.16,3.61,3.37,32.16
84112,196,38.4960169,-121.1592859,5921,5891.7,18382,19251.5,189.24,380.00,283.12,0.598,8.2,320.51,323.86,3.3,3.49,-0.89,-7.21,324.6,-20.6,11.8,36.7,498.07,915.0,12.9,261.2,44.0,44.5,-98.7,-55.4,1.50,1.20,3.60,3.36,33.39
84113,196,38.4973917,-121.1605636,5930,5900.2,18406,19298.5,189.08,379.62,282.75,0.598,8.8,320.50,323.85,3.4,3.72,-0.86,-7.28,324.6,-20.7,11.7,37.6,497.58,914.6,12.8,261.1,44.0,44.4,-98.7,-55.2,1.49,1.19,3.58,3.34,33.30
84114,196,38.4987651,-121.1618401,5939,5909.3,18432,19322.5,188.90,379.12,282.25,0.597,9.3,320.45,323.85,3.4,3.73,-0.85,-7.33,324.7,-20.7,11.6,38.3,497.04,915.1,13.0,260.4,44.0,44.3,-98.7,-55.2,1.49,1.19,3.57,3.33,33.37
84115,196,38.5001372,-121.1631158,5948,5918.5,18462,19325.0,188.75,378.69,281.75,0.596,9.2,320.39,323.85,3.5,3.60,-1.03,-7.48,324.6,-20.7,11.4,39.0,496.43,915.0,13.1,259.7,44.0,44.5,-98.7,-55.1,1.50,1.19,3.53,3.28,33.76
84116,196,38.5015084,-121.1643909,5957,5927.6,18491,19385.0,188.65,378.25,281.25,0.596,8.9,320.35,323.83,3.5,3.41,-1.20,-7.53,324.6,-20.8,11.3,39.2,495.83,915.0,13.1,259.1,44.0,44.8,-98.7,-55.1,1.48,1.18,3.51,3.27,33.61
84117,196,38.5028788,-121.1656661,5966,5936.2,18520,19405.5,188.59,377.62,280.69,0.595,8.2,320.30,323.81,3.5,3.17,-1.23,-7.53,324.7,-20.9,11.3,39.3,495.24,914.9,13.0,257.9,44.0,45.0,-98.7,-55.2,1.48,1.18,3.51,3.27,33.51
84118,196,38.5042485,-121.1669418,5973,5944.1,18546,19429.5,188.57,377.50,280.50,0.595,7.5,320.27,323.80,3.5,2.91,-1.18,-7.52,324.9,-21.1,11.3,39.3,494.70,915.0,13.1,257.6,44.0,45.0,-98.7,-55.4,1.46,1.16,3.52,3.27,32.89
84119,196,38.5056180,-121.1682178,5981,5951.2,18571,19481.5,188.58,377.50,280.44,0.595,6.8,320.27,323.78,3.5,2.78,-1.11,-7.57,324.9,-21.1,11.2,39.4,494.19,915.1,13.0,257.6,44.0,45.1,-98.7,-55.6,1.45,1.15,3.50,3.26,32.87
84120,196,38.5069873,-121.1694942,5988,5957.9,18594,19498.5,188.59,377.44,280.31,0.595,6.6,320.29,323.77,3.5,2.86,-0.93,-7.62,324.9,-21.3,11.2,39.5,493.72,914.9,12.9,257.7,44.0,44.9,-98.7,-55.6,1.44,1.14,3.49,3.24,32.68
84121,196,38.5083565,-121.1707709,5994,5964.5,18614,19518.0,188.58,377.31,280.06,0.595,6.8,320.30,323.77,3.5,3.05,-0.78,-7.66,324.9,-21.3,11.1,39.8,493.31,914.7,12.8,257.6,44.0,44.6,-98.7,-55.6,1.44,1.14,3.48,3.23,32.71
