Data/Raw/YANG,MELISSA/FIREXAQ-MetNav_DC8_20190715_R0.ict
76, 1001
Project Office
NSRC - National Suborbital Research Center
N817NA Meteorological and Navigation Facility Instrumentation
FIREX-AQ
1,1
2019,07,15,2020,02,28
1
Time_Start, seconds, from 0000 UTC
35
1,1,1,1,1,1,1,1,1,1,1,1,1,1,1,1,1,1,1,1,1,1,1,1,1,1,1,1,1,1,1,1,1,1,1
-9999,-9999,-9999,-9999,-9999,-9999,-9999,-9999,-9999,-9999,-9999,-9999,-9999,-9999,-9999,-9999,-9999,-9999,-9999,-9999,-9999,-9999,-9999,-9999,-9999,-9999,-9999,-9999,-9999,-9999,-9999,-9999,-9999,-9999,-9999
Day_Of_Year, day, None, calendar day beginning January 1
Latitude, deg, Platform_Latitude_InSitu_None
Longitude, deg, Platform_Longitude_InSitu_None
MSL_GPS_Altitude, m, Platform_AltitudeMSL_InSitu_None
HAE_GPS_Altitude, m, Platform_AltitudeEllipsoid_InSitu_None, reference WGS-84
Pressure_Altitude, ft, Platform_AltitudePressure_InSitu_None
Radar_Altitude, ft, Platform_AltitudeAGL_InSitu_None
Ground_Speed, m/s, Platform_GroundSpeed_InSitu_None
True_Air_Speed, kts, Platform_AircraftTrueAirSpeed_InSitu_None
Indicated_Air_Speed, kts, Platform_AircraftIndicatedAirSpeed_InSitu_None
Mach_Number, mach, None
Vertical_Speed, m/s, None
True_Heading, deg 0-360, Platform_HeadingTrue_InSitu_None, cw from +y
Track_Angle, deg 0-360, Platform_TrackAngle_InSitu_None, cw from +y
Drift_Angle, deg +-180, Platform_DriftAngle_InSitu_None, cw from +y
Pitch_Angle, deg +-180, Platform_PitchAngle_InSitu_None, up+
Roll_Angle, deg +-180, Platform_RollAngle_InSitu_None, rt+
Static_Air_Temp, degrees Celcius, Met_StaticAirTemperature_InSitu_None
Potential_Temp, Kelvin, Met_PotentialTemperature_InSitu_None
Dew_Point, degrees Celcius, Met_DewPoint_InSitu_None
Total_Air_Temp, degrees Celcius, None
IR_Surf_Temp, degrees Celcius, Met_SufaceTemperature_InSitu_None
Static_Pressure, hPa, Met_StaticPressure_InSitu_None
Cabin_Pressure, hPa, None
Wind_Speed, m/s, Met_WindSpeed_InSitu_None, limited to where Roll_Angle does not exceed 5 degrees
Wind_Direction, deg 0-360 cw from +y, Met_WindDirection_InSitu_None, limited to where Roll_Angle does not exceed 5 degrees
Solar_Zenith_Angle, deg, Platform_SolarZenithAngle_InSitu_None
Aircraft_Sun_Elevation, deg, None
Sun_Azimuth, deg, Platform_SolarAzimuthAngle_InSitu_None
Aircraft_Sun_Azimuth, deg, None
Mixing_Ratio, g/kg, Met_H2OMR_InSitu_None
Part_Press_Water_Vapor, hPa, Met_PartialPressureH2O_InSitu_None
Sat_Vapor_Press_H2O, hPa, Met_SatVaporPressureH2OWater_InSitu_None
Sat_Vapor_Press_Ice, hPa, Met_SatVaporPressureH2OIce_InSitu_None
Relative_Humidity, percent, Met_RelativeHumidityWater_InSitu_None
0
27
PI_CONTACT_INFO: Melissa Yang Martin, m.yang@baeri.org 
Platform: NASA DC-8 N817NA
LOCATION: Included in data records
ASSOCIATED_DATA: This flight represents FIREX-AQ Test Flight #01 out of Palmdale, CA. See FIREX-AQ archive on Langley archive at https://www-air.larc.nasa.gov/missions/firex-aq/index.html
INSTRUMENT_INFO: 
	Position, attitude, ground speed, and vertical speed from LN251
	Wind_Speed and Wind_Direction calculated from LN251, Aircraft Data System-85
	Radar_Altitude from APN-232
	Total_Air_Temperature from Rosemount 102E4AL type non-deiced with Laurels LTE signal conditioner
	IR_Surface_Temp from KT-19.85II
    Cabin_Pressure from MKS Baratron 220D
	Dew_Point and calculated water vapor parameters from Buck Hygrometer 1011-C
[...]
LLOD_FLAG:-8888
LLOD_VALUE:0,-90,-180,N/A,N/A,-1871,0,0,0,0,0,-104.04,0,0,-180,-180,-180,-99,N/A,-60,-60,-50,N/A,0.66,0,0,N/A,N/A,N/A,N/A,N/A,N/A,N/A,N/A,N/A
DM_CONTACT_INFO: Ryan Bennett, r.bennett@baeri.org
PROJECT_INFO: N/A
STIPULATIONS_ON_USE: Please contact PI or DM with questions on best use practices and instrumentation caveats that are not explicitly published here.
OTHER_COMMENTS: Wind Speed and Wind Direction flagged where Roll_Angle exceeds 5 degrees. Few segments of Dew_Point and associated water vapor calculations may be flagged due to instrument dew point overshoots on aircraft descent due to condensation within the probe. Potential_Temp derived from Static_Air_Temp and Static_Pressure.
REVISION: R0
R0: Public release data with limits of detection and instrument calibrations applied to Total_Air_Temp (follows through to reduction to Static_Air_Temp and calculation of Potential_Temp), and Cabin_Pressure. 
RA: Preliminary field data with limits of detection applied.
Time_Start,Day_Of_Year,Latitude,Longitude,MSL_GPS_Altitude,HAE_GPS_Altitude,Pressure_Altitude,Radar_Altitude,Ground_Speed,True_Air_Speed,Indicated_Air_Speed,Mach_Number,Vertical_Speed,True_Heading,Track_Angle,Drift_Angle,Pitch_Angle,Roll_Angle,Static_Air_Temp,Potential_Temp,Dew_Point,Total_Air_Temp,IR_Surf_Temp,Static_Pressure,Cabin_Pressure,Wind_Speed,Wind_Direction,Solar_Zenith_Angle,Aircraft_Sun_Elevation,Sun_Azimuth,Aircraft_Sun_Azimuth,Mixing_Ratio,Part_Press_Water_Vapor,Sat_Vapor_Press_H2O,Sat_Vapor_Press_Ice,Relative_Humidity
[from data line 11836]
88758,196,35.2262131,-118.2819551,3814,3778.3,11858,7355.5,169.49,334.69,272.44,0.510,-11.2,173.63,170.92,-2.7,-2.92,-0.89,11.19,321.9,-24.1,26.0,30.9,648.02,944.8,8.5,243.9,61.7,26.6,-82.6,105.4,0.85,0.89,13.43,14.98,6.62
88759,196,35.2247052,-118.2816614,3803,3767.2,11824,7311.0,169.55,334.62,272.50,0.510,-11.0,173.62,170.92,-2.7,-2.78,-0.70,11.20,321.8,-24.0,26.0,30.3,648.89,945.0,8.5,244.4,61.7,26.8,-82.6,105.3,0.86,0.89,13.43,14.98,6.64
88760,196,35.2231969,-118.2813680,3792,3756.3,11789,7257.5,169.59,334.50,272.56,0.509,-10.7,173.57,170.93,-2.6,-2.66,-0.64,11.26,321.7,-24.0,26.0,29.7,649.78,944.9,8.2,244.7,61.7,26.9,-82.6,105.3,0.86,0.90,13.49,15.05,6.65
88761,196,35.2216883,-118.2810747,3781,3745.7,11755,7193.0,169.62,334.31,272.62,0.509,-10.4,173.57,170.93,-2.6,-2.54,-0.91,11.27,321.6,-23.9,26.0,29.3,650.65,945.0,8.2,245.5,61.7,26.7,-82.6,105.3,0.86,0.90,13.50,15.07,6.69
88762,196,35.2201794,-118.2807808,3771,3735.4,11723,7143.5,169.64,334.25,272.75,0.509,-10.2,173.58,170.91,-2.7,-2.55,-1.06,11.38,321.6,-23.8,26.1,28.9,651.47,945.0,8.3,246.1,61.7,26.5,-82.6,105.2,0.87,0.91,13.59,15.19,6.69
88763,196,35.2186706,-118.2804859,3761,3725.3,11692,7102.0,169.63,334.06,272.75,0.509,-10.3,173.55,170.88,-2.7,-2.67,-0.99,11.44,321.6,-23.8,26.2,28.6,652.26,945.2,8.3,246.6,61.7,26.6,-82.6,105.3,0.87,0.91,13.65,15.26,6.68
88764,196,35.2171618,-118.2801905,3750,3714.8,11660,6965.5,169.64,333.69,272.62,0.508,-10.6,173.53,170.87,-2.7,-2.82,-0.97,11.52,321.6,-23.8,26.2,28.4,653.08,945.2,8.2,247.9,61.7,26.5,-82.6,105.4,0.87,0.91,13.72,15.35,6.64
88765,196,35.2156527,-118.2798951,3740,3704.0,11628,6883.5,169.66,333.31,272.38,0.507,-11.1,173.46,170.87,-2.6,-3.06,-0.91,11.60,321.5,-23.8,26.3,28.3,653.90,944.9,7.9,249.0,61.7,26.5,-82.6,105.6,0.87,0.91,13.80,15.45,6.59
88766,196,35.2141434,-118.2795994,3728,3692.7,11596,6856.0,169.73,333.31,272.56,0.507,-11.4,173.41,170.86,-2.5,-3.09,-0.96,11.70,321.5,-23.9,26.4,28.3,654.73,945.2,7.8,249.2,61.7,26.5,-82.6,105.7,0.86,0.91,13.88,15.56,6.53
88767,196,35.2126334,-118.2793031,3717,3681.3,11561,6814.5,169.81,333.56,272.94,0.508,-11.5,173.40,170.84,-2.6,-2.99,-1.02,11.78,321.5,-23.9,26.5,28.5,655.63,944.9,7.8,248.9,61.7,26.4,-82.6,105.6,0.86,0.90,13.96,15.66,6.45
88768,196,35.2111229,-118.2790059,3706,3670.0,11525,6767.5,169.89,333.75,273.19,0.508,-11.1,173.41,170.81,-2.6,-2.79,-1.10,11.81,321.4,-24.0,26.5,28.7,656.55,945.2,8.0,249.0,61.7,26.4,-82.6,105.5,0.85,0.89,13.99,15.70,6.38
88769,196,35.2096121,-118.2787077,3695,3659.1,11490,6737.0,169.95,333.44,273.00,0.507,-10.7,173.44,170.79,-2.6,-2.66,-1.02,11.65,321.1,-24.1,26.3,29.1,657.46,945.3,8.1,250.8,61.8,26.5,-82.6,105.4,0.84,0.88,13.84,15.50,6.38
88770,196,35.2081009,-118.2784088,3684,3648.5,11458,6672.5,169.98,332.75,272.62,0.506,-10.5,173.37,170.77,-2.6,-2.74,-1.15,11.71,321.0,-24.3,26.3,29.6,658.28,945.3,7.8,253.3,61.8,26.3,-82.6,105.5,0.82,0.87,13.90,15.58,6.27
88771,196,35.2065894,-118.2781092,3674,3637.9,11426,6529.0,170.00,333.06,273.06,0.507,-10.7,173.26,170.75,-2.5,-2.80,-1.04,11.83,321.1,-24.5,26.5,29.9,659.11,945.5,7.6,251.8,61.8,26.4,-82.6,105.6,0.81,0.86,14.00,15.71,6.13
88772,196,35.2050776,-118.2778091,3663,3627.0,11395,6463.5,170.03,333.19,273.38,0.507,-11.0,173.21,170.74,-2.5,-2.89,-0.97,11.86,321.0,-24.7,26.5,30.3,659.91,945.5,7.5,251.4,61.8,26.5,-82.6,105.8,0.79,0.84,14.03,15.75,6.00
88773,196,35.2035656,-118.2775087,3652,3615.9,11362,6396.5,170.07,333.19,273.50,0.507,-11.2,173.19,170.73,-2.5,-2.92,-1.02,12.00,321.0,-24.9,26.7,30.6,660.76,945.3,7.5,251.7,61.8,26.4,-82.6,105.8,0.78,0.82,14.17,15.92,5.81
88774,196,35.2020534,-118.2772078,3640,3604.7,11329,6427.0,170.11,333.94,274.31,0.508,-11.3,173.18,170.71,-2.5,-2.89,-1.08,12.04,321.0,-25.2,26.8,31.0,661.62,945.3,7.5,249.1,61.8,26.3,-82.6,105.8,0.76,0.81,14.20,15.97,5.67
88775,196,35.2005410,-118.2769059,3629,3593.4,11294,6516.0,170.15,333.44,274.06,0.507,-11.3,173.15,170.69,-2.5,-2.85,-1.06,12.08,320.9,-25.4,26.8,31.7,662.53,945.2,7.5,251.2,61.8,26.4,-82.6,105.8,0.74,0.79,14.24,16.02,5.52
88776,196,35.1990435,-118.2766065,3618,3582.3,11260,6531.0,170.19,333.12,273.81,0.507,-11.3,173.08,170.67,-2.4,-2.85,-0.99,12.12,320.8,-25.7,26.8,32.3,663.41,945.2,7.3,252.5,61.8,26.4,-82.6,105.9,0.72,0.77,14.28,16.06,5.37
88777,196,35.1975306,-118.2763035,3606,3570.9,11225,6592.0,170.21,333.06,274.00,0.507,-11.5,173.03,170.66,-2.4,-2.84,-1.14,12.17,320.7,-26.0,26.8,32.9,664.32,945.3,7.2,252.8,61.8,26.3,-82.6,105.9,0.70,0.75,14.33,16.13,5.22
88778,196,35.1960175,-118.2760001,3595,3559.4,11189,6712.5,170.25,332.62,273.75,0.506,-11.5,173.03,170.64,-2.4,-2.84,-1.07,12.26,320.7,-26.3,26.9,33.6,665.26,945.3,7.2,254.9,61.8,26.3,-82.6,105.9,0.68,0.73,14.41,16.24,5.06
88779,196,35.1944890,-118.2756928,3583,3547.7,11154,6818.0,170.29,332.50,273.81,0.506,-11.6,173.03,170.62,-2.4,-2.85,-0.93,12.32,320.6,-26.5,26.9,33.9,666.17,945.3,7.2,255.7,61.8,26.5,-82.6,106.0,0.67,0.71,14.47,16.31,4.93
88780,196,35.1929753,-118.2753881,3572,3536.1,11119,6880.0,170.32,331.81,273.38,0.504,-11.6,173.02,170.62,-2.4,-2.78,-0.83,12.38,320.6,-26.8,26.9,33.9,667.08,945.4,7.2,258.8,61.8,26.6,-82.6,106.0,0.65,0.70,14.53,16.39,4.80
88781,196,35.1914614,-118.2750834,3560,3524.5,11084,6903.5,170.35,332.06,273.75,0.505,-11.6,173.00,170.61,-2.4,-2.74,-0.82,12.75,320.9,-27.0,27.3,33.8,668.00,945.4,7.1,258.0,61.8,26.6,-82.6,106.0,0.63,0.68,14.88,16.85,4.57
88782,196,35.1899472,-118.2747785,3549,3513.1,11047,6899.0,170.39,332.62,274.38,0.506,-11.0,173.04,170.60,-2.4,-2.34,-0.84,12.85,320.8,-27.3,27.5,33.7,668.96,945.5,7.3,256.1,61.8,26.7,-82.6,105.8,0.62,0.66,14.97,16.97,4.42
88783,196,35.1884328,-118.2744728,3538,3502.6,11011,6929.0,170.41,332.06,274.00,0.505,-9.8,173.12,170.58,-2.5,-1.68,-0.88,12.90,320.8,-27.6,27.5,33.6,669.91,945.5,7.6,258.7,61.8,26.8,-82.6,105.4,0.60,0.65,15.03,17.04,4.30
88784,196,35.1869189,-118.2741666,3529,3493.7,10978,6964.5,170.31,331.50,273.62,0.504,-8.0,173.13,170.57,-2.6,-0.90,-0.88,13.05,320.8,-27.9,27.6,33.7,670.77,945.6,7.6,260.1,61.8,27.0,-82.6,105.0,0.58,0.63,15.18,17.23,4.15
88785,196,35.1854217,-118.2738630,3521,3486.7,10950,6961.5,170.08,331.19,273.38,0.503,-6.2,173.03,170.53,-2.5,-0.40,-1.27,13.09,320.8,-28.1,27.6,33.8,671.51,945.6,7.4,259.5,61.8,26.8,-82.6,104.7,0.57,0.62,15.22,17.28,4.05
88786,196,35.1839121,-118.2735556,3515,3481.0,10929,6964.0,169.77,330.12,272.56,0.501,-5.3,173.01,170.48,-2.5,-0.48,-1.65,13.18,320.8,-28.3,27.6,34.0,672.06,945.7,7.5,261.2,61.8,26.4,-82.6,104.8,0.56,0.60,15.31,17.40,3.94
88787,196,35.1823903,-118.2732434,3510,3475.7,10913,6962.0,169.46,329.00,271.62,0.499,-5.2,172.95,170.41,-2.5,-0.71,-1.79,13.24,320.8,-28.6,27.5,34.3,672.48,945.3,7.5,263.2,61.8,26.2,-82.6,104.9,0.55,0.59,15.36,17.47,3.84
88788,196,35.1809011,-118.2729356,3504,3470.2,10899,6868.5,169.18,329.31,272.00,0.500,-5.9,172.89,170.34,-2.5,-1.03,-1.97,13.26,320.8,-28.8,27.6,34.5,672.85,945.7,7.5,259.8,61.8,25.9,-82.6,105.1,0.53,0.58,15.38,17.50,3.76
88789,196,35.1793994,-118.2726233,3498,3464.0,10882,6758.5,168.93,328.38,271.19,0.498,-6.6,172.92,170.28,-2.6,-1.27,-1.79,13.29,320.8,-29.0,27.5,34.7,673.29,945.6,7.8,261.6,61.8,26.0,-82.5,105.2,0.52,0.57,15.42,17.54,3.67
88790,196,35.1779003,-118.2723096,3492,3457.1,10863,6643.0,168.72,328.00,271.00,0.498,-7.0,172.84,170.22,-2.6,-1.30,-1.35,13.37,320.8,-29.3,27.6,34.9,673.79,945.4,7.7,261.4,61.8,26.4,-82.5,105.4,0.51,0.55,15.50,17.65,3.57
88791,196,35.1763882,-118.2719922,3485,3450.0,10842,6530.5,168.52,327.75,270.81,0.497,-6.9,172.77,170.21,-2.6,-1.17,-0.88,13.40,320.7,-29.5,27.6,34.9,674.34,945.7,7.5,260.8,61.8,26.9,-82.5,105.4,0.50,0.54,15.53,17.69,3.48
88792,196,35.1748931,-118.2716782,3478,3443.4,10818,6440.5,168.31,327.75,270.94,0.497,-6.4,172.80,170.20,-2.6,-0.93,-1.02,13.49,320.8,-29.7,27.7,35.0,674.98,945.6,7.7,259.3,61.8,26.8,-82.5,105.3,0.49,0.53,15.62,17.81,3.40
88793,196,35.1734152,-118.2713671,3472,3437.4,10797,6304.0,168.06,327.44,270.69,0.497,-5.7,172.90,170.17,-2.7,-0.53,-0.90,13.47,320.6,-29.9,27.6,35.1,675.53,945.6,8.0,258.8,61.8,27.1,-82.5,105.1,0.48,0.52,15.59,17.78,3.34
88794,196,35.1719247,-118.2710521,3467,3432.2,10779,6180.0,167.79,325.88,269.50,0.494,-4.9,172.97,170.15,-2.8,-0.46,-0.74,13.56,320.7,-30.1,27.6,35.2,676.01,945.8,8.3,262.6,61.8,27.2,-82.5,105.0,0.47,0.51,15.69,17.90,3.27
88795,196,35.1704370,-118.2707373,3462,3427.5,10764,6016.0,167.46,325.62,269.44,0.494,-4.6,172.96,170.16,-2.8,-0.51,-0.42,13.68,320.8,-30.2,27.7,35.2,676.40,946.0,8.2,261.2,61.9,27.5,-82.5,105.0,0.46,0.50,15.81,18.06,3.19
88796,196,35.1689370,-118.2704210,3457,3422.8,10750,5893.5,167.16,325.38,269.19,0.493,-4.7,172.79,170.19,-2.6,-0.77,0.01,13.65,320.7,-30.4,27.6,35.0,676.77,945.9,7.6,259.8,61.9,27.9,-82.5,105.3,0.46,0.50,15.78,18.02,3.15
88797,196,35.1674541,-118.2701098,3452,3417.9,10736,5771.0,166.89,324.25,268.19,0.492,-5.1,172.69,170.23,-2.5,-0.92,-0.41,13.70,320.7,-30.5,27.6,34.7,677.14,945.6,7.1,262.1,61.9,27.4,-82.5,105.5,0.45,0.49,15.83,18.08,3.11
88798,196,35.1659733,-118.2698000,3447,3412.7,10721,5690.5,166.63,323.75,268.00,0.491,-5.4,172.71,170.26,-2.5,-0.87,-0.35,13.78,320.7,-30.6,27.6,34.4,677.54,945.5,7.1,262.1,61.9,27.5,-82.5,105.5,0.45,0.49,15.92,18.20,3.06
88799,196,35.1644948,-118.2694908,3441,3407.2,10704,5656.0,166.38,323.00,267.38,0.490,-5.5,172.68,170.26,-2.4,-0.79,-0.24,13.76,320.6,-30.7,27.5,34.1,677.99,945.6,7.0,263.2,61.9,27.6,-82.5,105.5,0.44,0.48,15.89,18.16,3.03
88800,196,35.1630187,-118.2691826,3436,3401.7,10686,5614.5,166.12,321.69,266.25,0.488,-5.4,172.59,170.30,-2.3,-0.81,-0.14,13.73,320.5,-30.8,27.4,33.8,678.46,945.9,6.7,266.9,61.9,27.7,-82.5,105.6,0.44,0.48,15.86,18.12,3.01
88801,196,35.1615595,-118.2688794,3430,3396.4,10670,5614.0,165.86,321.88,266.56,0.488,-5.4,172.54,170.33,-2.2,-0.69,-0.19,13.85,320.6,-30.9,27.5,33.4,678.89,945.7,6.4,263.9,61.9,27.7,-82.5,105.6,0.43,0.47,15.99,18.29,2.97
88802,196,35.1600878,-118.2685743,3425,3391.0,10652,5670.5,165.60,321.12,265.88,0.487,-5.3,172.60,170.34,-2.3,-0.61,-0.55,13.77,320.5,-31.0,27.4,32.9,679.36,945.6,6.5,265.0,61.9,27.3,-82.5,105.5,0.43,0.47,15.90,18.18,2.96
88803,196,35.1586183,-118.2682697,3420,3385.7,10637,5691.0,165.33,319.50,264.62,0.484,-5.3,172.71,170.34,-2.4,-0.61,-0.39,13.81,320.5,-31.1,27.3,32.5,679.76,945.6,6.9,269.6,61.9,27.5,-82.5,105.4,0.43,0.47,15.95,18.24,2.92
88804,196,35.1571513,-118.2679655,3415,3380.4,10621,5730.5,165.06,319.38,264.62,0.484,-5.4,172.65,170.36,-2.3,-0.64,-0.10,13.87,320.5,-31.2,27.3,32.1,680.18,945.6,6.6,268.0,61.9,27.8,-82.5,105.5,0.42,0.46,16.00,18.31,2.89
88805,196,35.1556865,-118.2676630,3409,3374.9,10604,5662.5,164.79,318.50,264.00,0.483,-5.5,172.76,170.39,-2.4,-0.61,-0.39,13.99,320.5,-31.2,27.4,31.9,680.64,945.5,6.9,269.5,61.9,27.5,-82.5,105.4,0.42,0.46,16.13,18.48,2.84
88806,196,35.1542091,-118.2673591,3404,3369.4,10587,5617.0,164.53,318.44,264.00,0.483,-5.6,172.79,170.43,-2.4,-0.65,0.07,13.99,320.5,-31.3,27.4,31.9,681.09,946.0,6.8,267.6,61.9,27.9,-82.5,105.4,0.42,0.45,16.14,18.49,2.82
88807,196,35.1527633,-118.2670628,3398,3363.7,10570,5564.5,164.26,317.44,263.25,0.481,-5.7,172.69,170.47,-2.2,-0.65,0.03,14.02,320.5,-31.4,27.3,32.1,681.54,945.6,6.4,270.1,61.9,27.8,-82.5,105.4,0.41,0.45,16.17,18.53,2.79
88808,196,35.1512905,-118.2667622,3392,3357.8,10552,5507.0,163.99,316.81,262.62,0.480,-5.9,172.70,170.50,-2.2,-0.54,-0.48,14.08,320.4,-31.5,27.3,32.4,682.02,945.7,6.4,270.7,61.9,27.4,-82.5,105.4,0.41,0.45,16.22,18.60,2.75
88809,196,35.1498345,-118.2664656,3386,3352.0,10532,5548.0,163.74,316.94,263.00,0.480,-5.6,172.86,170.49,-2.4,-0.46,-0.58,14.16,320.5,-31.6,27.4,32.6,682.55,945.7,6.8,267.6,61.9,27.3,-82.5,105.2,0.40,0.44,16.31,18.72,2.71
88810,196,35.1483955,-118.2661719,3381,3346.5,10516,5544.0,163.47,316.88,263.19,0.480,-5.5,172.91,170.50,-2.4,-0.46,0.03,14.31,320.6,-31.7,27.6,32.5,682.97,945.6,6.9,265.5,61.9,27.8,-82.5,105.1,0.40,0.44,16.47,18.93,2.67
88811,196,35.1469442,-118.2658768,3375,3341.0,10499,5491.5,163.18,317.31,263.50,0.481,-5.4,172.81,170.55,-2.3,-0.48,0.01,14.37,320.6,-31.8,27.7,32.1,683.43,945.6,6.4,261.2,61.9,27.9,-82.5,105.2,0.40,0.44,16.53,19.01,2.63
88812,196,35.1454952,-118.2655842,3370,3335.6,10482,5261.5,162.90,317.25,263.50,0.481,-5.4,172.81,170.59,-2.2,-0.38,-0.34,14.43,320.6,-31.9,27.7,31.7,683.88,946.0,6.3,258.9,61.9,27.6,-82.5,105.2,0.39,0.43,16.60,19.09,2.60
88813,196,35.1440485,-118.2652930,3365,3330.3,10465,5115.0,162.62,316.12,262.50,0.479,-5.2,172.82,170.61,-2.2,-0.37,-0.26,14.43,320.5,-31.9,27.6,31.2,684.33,945.5,6.2,261.7,61.9,27.7,-82.5,105.2,0.39,0.43,16.60,19.10,2.59
88814,196,35.1426043,-118.2650025,3359,3325.2,10449,4988.5,162.33,316.25,262.69,0.479,-5.2,172.78,170.63,-2.1,-0.40,-0.33,14.57,320.6,-32.0,27.8,30.8,684.76,945.7,6.1,258.3,61.9,27.6,-82.5,105.2,0.39,0.43,16.75,19.29,2.55
88815,196,35.1411627,-118.2647132,3354,3320.0,10433,4895.5,162.04,316.31,262.81,0.479,-5.2,172.75,170.65,-2.1,-0.42,-0.43,14.56,320.6,-32.1,27.8,30.5,685.18,946.0,6.0,255.2,61.9,27.5,-82.5,105.3,0.39,0.42,16.74,19.28,2.54
88816,196,35.1397234,-118.2644251,3349,3314.7,10417,4844.5,161.76,315.94,262.62,0.479,-5.4,172.74,170.66,-2.1,-0.47,-0.54,14.64,320.6,-32.1,27.8,30.3,685.61,945.8,5.9,254.2,61.9,27.3,-82.5,105.3,0.38,0.42,16.83,19.40,2.50
88817,196,35.1382867,-118.2641374,3343,3309.3,10401,4818.5,161.48,315.12,261.94,0.477,-5.5,172.78,170.66,-2.1,-0.47,-0.51,14.71,320.6,-32.2,27.8,30.3,686.04,946.0,6.0,255.7,61.9,27.4,-82.5,105.3,0.38,0.42,16.91,19.50,2.48
88818,196,35.1368524,-118.2638504,3338,3303.6,10385,4839.5,161.20,315.00,261.88,0.477,-5.8,172.75,170.68,-2.1,-0.50,-0.29,14.82,320.7,-32.3,27.9,30.4,686.47,946.0,5.9,253.5,61.9,27.6,-82.5,105.3,0.38,0.42,17.02,19.66,2.44
88819,196,35.1354207,-118.2635650,3332,3297.5,10366,5020.0,160.88,316.88,263.56,0.480,-6.5,172.80,170.72,-2.1,-0.39,0.08,14.81,320.6,-32.3,28.1,30.5,686.97,945.7,6.3,241.8,61.9,27.7,-82.5,105.2,0.38,0.41,17.01,19.64,2.44
88820,196,35.1339912,-118.2632814,3326,3291.5,10348,5171.5,160.67,314.75,261.75,0.477,-5.5,172.64,170.76,-1.9,-0.57,0.19,14.89,320.6,-32.3,28.0,30.4,687.46,945.6,5.4,248.4,61.9,28.0,-82.5,105.5,0.38,0.41,17.10,19.76,2.42
88821,196,35.1325634,-118.2629995,3320,3286.2,10330,5280.5,160.44,314.50,261.62,0.476,-5.1,172.86,170.79,-2.1,-0.50,-0.56,15.11,320.8,-32.3,28.2,30.1,687.94,946.0,6.0,248.7,62.0,27.3,-82.4,105.3,0.38,0.41,17.34,20.08,2.39
88822,196,35.1311377,-118.2627181,3315,3281.3,10313,5407.5,160.18,315.06,262.00,0.477,-4.9,173.03,170.79,-2.2,-0.26,-0.53,15.02,320.6,-32.3,28.1,29.6,688.39,945.8,6.6,245.2,62.0,27.4,-82.4,104.9,0.38,0.42,17.24,19.95,2.41
88823,196,35.1297143,-118.2624382,3311,3276.6,10300,5530.5,159.91,313.88,261.44,0.475,-4.3,172.87,170.85,-2.0,-0.32,0.24,15.11,320.7,-32.2,28.1,28.6,688.74,945.9,5.9,246.5,62.0,28.1,-82.4,105.1,0.38,0.42,17.35,20.08,2.40
88824,196,35.1282932,-118.2621603,3307,3272.6,10286,5648.5,159.67,313.94,261.12,0.475,-3.8,172.55,170.90,-1.6,-0.57,-0.28,15.02,320.5,-32.2,28.0,27.6,689.11,945.7,5.0,240.1,62.0,27.5,-82.4,105.5,0.38,0.42,17.24,19.94,2.42
88825,196,35.1268740,-118.2618843,3303,3269.0,10271,5800.0,159.43,314.06,261.44,0.475,-3.3,172.36,170.94,-1.4,-0.28,-0.48,15.06,320.5,-32.2,28.1,26.7,689.52,945.7,4.5,233.4,62.0,27.4,-82.4,105.5,0.38,0.42,17.28,20.00,2.42
88826,196,35.1254424,-118.2616064,3300,3265.8,10260,5849.0,159.17,313.69,261.12,0.475,-3.0,172.24,170.94,-1.3,-0.24,-0.81,15.04,320.5,-32.2,28.0,25.9,689.81,946.0,4.2,230.4,62.0,27.1,-82.4,105.6,0.38,0.42,17.26,19.97,2.43
88827,196,35.1240418,-118.2613339,3297,3263.0,10250,5860.0,158.89,312.06,259.75,0.472,-2.7,172.12,170.92,-1.2,-0.35,-1.06,15.03,320.4,-32.1,27.9,25.8,690.08,945.8,3.7,235.5,62.0,26.8,-82.4,105.8,0.38,0.42,17.25,19.96,2.45
88828,196,35.1226295,-118.2610589,3294,3260.5,10242,5839.5,158.66,311.06,258.88,0.470,-2.5,172.03,170.90,-1.1,-0.55,-0.89,15.01,320.4,-32.1,27.8,26.0,690.29,945.9,3.4,238.0,62.0,26.9,-82.4,106.0,0.38,0.42,17.23,19.94,2.46
