Data/Raw/YANG,MELISSA/FIREXAQ-MetNav_DC8_20190717_R0_L2.ict
76, 1001
Project Office
NSRC - National Suborbital Research Center
N817NA Meteorological and Navigation Facility Instrumentation
FIREX-AQ/SARP
1,1
2019,07,17,2020,03,05
1
Time_Start, seconds (from midnight UTC)
35
1,1,1,1,1,1,1,1,1,1,1,1,1,1,1,1,1,1,1,1,1,1,1,1,1,1,1,1,1,1,1,1,1,1,1
-9999,-9999,-9999,-9999,-9999,-9999,-9999,-9999,-9999,-9999,-9999,-9999,-9999,-9999,-9999,-9999,-9999,-9999,-9999,-9999,-9999,-9999,-9999,-9999,-9999,-9999,-9999,-9999,-9999,-9999,-9999,-9999,-9999,-9999,-9999
Day_Of_Year, day, None, calendar day beginning January 1
Latitude, deg, Platform_Latitude_InSitu_None
Longitude, deg, Platform_Longitude_InSitu_None
MSL_GPS_Altitude, m, Platform_AltitudeMSL_InSitu_None
HAE_GPS_Altitude, m, Platform_AltitudeEllipsoid_InSitu_None, reference WGS-84
Pressure_Altitude, ft, Platform_AltitudePressure_InSitu_None
Radar_Altitude, ft, Platform_AltitudeAGL_InSitu_None
Ground_Speed, m/s, Platform_GroundSpeed_InSitu_None
True_Air_Speed, kts, Platform_AircraftTrueAirSpeed_InSitu_None
Indicated_Air_Speed, kts, Platform_AircraftIndicatedAirSpeed_InSitu_None
Mach_Number, mach, None
Vertical_Speed, m/s, None
True_Heading, deg 0-360, Platform_HeadingTrue_InSitu_None, cw from +y
Track_Angle, deg 0-360, Platform_TrackAngle_InSitu_None, cw from +y
Drift_Angle, deg +-180, Platform_DriftAngle_InSitu_None, cw from +y
Pitch_Angle, deg +-180, Platform_PitchAngle_InSitu_None, up+
Roll_Angle, deg +-180, Platform_RollAngle_InSitu_None, rt+
Static_Air_Temp, degrees Celcius, Met_StaticAirTemperature_InSitu_None
Potential_Temp, Kelvin, Met_PotentialTemperature_InSitu_None
Dew_Point, degrees Celcius, Met_DewPoint_InSitu_None
Total_Air_Temp, degrees Celcius, None
IR_Surf_Temp, degrees Celcius, Met_SufaceTemperature_InSitu_None
Static_Pressure, hPa, Met_StaticPressure_InSitu_None
Cabin_Pressure, hPa, None
Wind_Speed, m/s, Met_WindSpeed_InSitu_None, limited to where Roll_Angle does not exceed 5 degrees
Wind_Direction, deg 0-360 cw from +y, Met_WindDirection_InSitu_None, limited to where Roll_Angle does not exceed 5 degrees
Solar_Zenith_Angle, deg, Platform_SolarZenithAngle_InSitu_None
Aircraft_Sun_Elevation, deg, None
Sun_Azimuth, deg, Platform_SolarAzimuthAngle_InSitu_None
Aircraft_Sun_Azimuth, deg, None
Mixing_Ratio, g/kg, Met_H2OMR_InSitu_None
Part_Press_Water_Vapor, hPa, Met_PartialPressureH2O_InSitu_None
Sat_Vapor_Press_H2O, hPa, Met_SatVaporPressureH2OWater_InSitu_None
Sat_Vapor_Press_Ice, hPa, Met_SatVaporPressureH2OIce_InSitu_None
Relative_Humidity, percent, Met_RelativeHumidityWater_InSitu_None
0
27
PI_CONTACT_INFO: Melissa Yang Martin, m.yang@baeri.org 
Platform: NASA DC-8 N817NA
LOCATION: Included in data records
ASSOCIATED_DATA: This flight represents SARP Science Flight #3 out of Palmdale, CA. This flight includes the dimethyl sulfide ocean sample legs and several missed approaches in the LA Basin. See SARP archive on Langley archive at https://www-air.larc.nasa.gov/missions/sarp/index.html
INSTRUMENT_INFO: 
	Position, attitude, ground speed, and vertical speed from LN251
	Wind_Speed and Wind_Direction calculated from LN251, Aircraft Data System-85
	Radar_Altitude from APN-232
	Total_Air_Temperature from Rosemount 102 type non-deiced
	IR_Surface_Temp from KT-19.85
    Cabin_Pressure from MKS Baratron 220D
	Dew_Point and calculated water vapor parameters from Buck Hygrometer
[...]
ULOD_FLAG:-7777
ULOD_VALUE:366,90,180,N/A,N/A,57343,65000,N/A,600,510,0.99,104.04,360,360,180,180,180,60,N/A,90,99,200,N/A,1333.22,N/A,360,N/A,N/A,N/A,N/A,N/A,N/A,N/A,N/A,N/A
LLOD_FLAG:-8888
LLOD_VALUE:0,-90,-180,N/A,N/A,-1871,0,0,0,0,0,-104.04,0,0,-180,-180,-180,-99,N/A,-60,-60,-50,N/A,0.66,0,0,N/A,N/A,N/A,N/A,N/A,N/A,N/A,N/A,N/A
DM_CONTACT_INFO: Ryan Bennett, r.bennett@baeri.org
PROJECT_INFO: N/A
STIPULATIONS_ON_USE: Please contact DM or PI with questions before use.
OTHER_COMMENTS: Wind Speed and Wind Direction flagged where Roll_Angle exceeds 5 degrees.
REVISION: R0
R0: Public release data with limits of detection and instrument calibrations applied to Total_Air_Temp (follows through to reduction to Static_Air_Temp and calculation of Potential_Temp), and Cabin_Pressure.
RA: Preliminary field data with limits of detection applied.
Time_Start,Day_Of_Year,Latitude,Longitude,MSL_GPS_Altitude,HAE_GPS_Altitude,Pressure_Altitude,Radar_Altitude,Ground_Speed,True_Air_Speed,Indicated_Air_Speed,Mach_Number,Vertical_Speed,True_Heading,Track_Angle,Drift_Angle,Pitch_Angle,Roll_Angle,Static_Air_Temp,Potential_Temp,Dew_Point,Total_Air_Temp,IR_Surf_Temp,Static_Pressure,Cabin_Pressure,Wind_Speed,Wind_Direction,Solar_Zenith_Angle,Aircraft_Sun_Elevation,Sun_Azimuth,Aircraft_Sun_Azimuth,Mixing_Ratio,Part_Press_Water_Vapor,Sat_Vapor_Press_H2O,Sat_Vapor_Press_Ice,Relative_Humidity
[from data line 1394]
75819,198,33.0354093,-118.8516303,3695,3656.1,11492,12121.0,150.79,304.38,249.25,0.464,-7.7,226.17,226.77,0.6,-0.65,0.23,10.78,320.1,-26.3,23.0,14.9,657.40,950.9,6.0,211.0,18.0,72.4,-127.6,6.1,0.69,0.73,13.07,14.52,5.59
75820,198,33.0344789,-118.8528059,3687,3648.5,11469,12092.5,150.75,304.44,249.44,0.464,-7.7,226.13,226.80,0.7,-0.62,0.08,10.78,320.0,-25.0,23.0,14.9,658.00,951.0,6.1,209.6,18.0,72.4,-127.6,6.6,0.77,0.82,13.06,14.51,6.25
75821,198,33.0335491,-118.8539814,3680,3640.8,11446,12070.5,150.70,304.31,249.38,0.464,-7.7,226.11,226.81,0.7,-0.63,0.04,10.79,320.0,-25.4,23.0,15.0,658.59,951.1,6.1,208.6,18.0,72.4,-127.5,6.8,0.74,0.79,13.07,14.52,6.01
75822,198,33.0326200,-118.8551569,3672,3633.2,11422,12055.0,150.65,304.06,249.25,0.463,-7.7,226.08,226.83,0.8,-0.66,0.05,10.81,319.9,-24.9,23.0,15.0,659.21,950.8,6.1,207.2,18.0,72.4,-127.5,6.8,0.78,0.82,13.09,14.55,6.27
75823,198,33.0316915,-118.8563324,3664,3625.5,11399,12025.0,150.61,303.81,249.12,0.463,-7.7,226.06,226.85,0.8,-0.68,0.0,10.88,319.9,-25.4,23.1,15.0,659.81,951.2,6.1,205.9,18.0,72.4,-127.5,7.0,0.75,0.79,13.15,14.63,6.00
75824,198,33.0307636,-118.8575080,3657,3617.8,11376,11997.0,150.57,303.62,249.12,0.463,-7.7,226.02,226.86,0.8,-0.69,-0.12,10.89,319.8,-26.4,23.1,15.0,660.40,950.9,6.1,204.6,18.0,72.4,-127.5,7.4,0.68,0.72,13.16,14.64,5.45
75825,198,33.0298361,-118.8586834,3649,3610.0,11352,11975.5,150.53,303.44,249.06,0.462,-7.8,226.01,226.87,0.9,-0.70,-0.24,10.96,319.8,-26.7,23.1,15.0,661.02,951.0,6.0,204.2,18.0,72.4,-127.5,7.8,0.66,0.70,13.22,14.71,5.30
75826,198,33.0289087,-118.8598585,3642,3602.2,11329,11947.0,150.50,303.19,248.94,0.462,-7.8,225.99,226.86,0.9,-0.70,-0.28,10.98,319.8,-26.7,23.1,15.0,661.62,951.3,6.0,203.4,18.0,72.4,-127.5,8.0,0.66,0.70,13.24,14.74,5.30
75827,198,33.0279816,-118.8610332,3634,3594.4,11304,11918.5,150.46,303.06,248.94,0.462,-7.8,225.97,226.86,0.9,-0.68,-0.26,10.99,319.7,-27.4,23.1,14.9,662.27,950.9,6.0,202.7,18.0,72.4,-127.5,7.9,0.62,0.66,13.25,14.75,4.98
75828,198,33.0270546,-118.8622076,3626,3586.6,11281,11897.5,150.43,302.81,248.88,0.461,-7.8,225.93,226.87,0.9,-0.68,-0.21,11.06,319.7,-27.0,23.2,14.9,662.87,950.7,5.9,201.3,18.0,72.4,-127.5,7.8,0.64,0.68,13.31,14.83,5.14
75829,198,33.0261280,-118.8633819,3618,3578.8,11258,11876.5,150.39,302.69,248.81,0.461,-7.8,225.89,226.87,1.0,-0.69,-0.20,11.17,319.7,-27.0,23.3,15.0,663.46,951.1,5.9,200.1,18.0,72.4,-127.5,7.8,0.64,0.68,13.41,14.95,5.08
75830,198,33.0252016,-118.8645560,3610,3571.1,11233,11850.0,150.36,302.69,248.94,0.461,-7.8,225.86,226.87,1.0,-0.70,-0.24,11.17,319.6,-27.4,23.3,15.0,664.11,950.9,6.0,199.6,18.0,72.4,-127.5,8.0,0.61,0.65,13.41,14.95,4.88
75831,198,33.0242755,-118.8657298,3603,3563.3,11209,11822.5,150.33,302.81,249.12,0.461,-7.8,225.85,226.88,1.0,-0.68,-0.23,11.21,319.6,-27.4,23.3,15.0,664.74,951.2,6.1,199.7,18.0,72.4,-127.5,8.0,0.61,0.65,13.44,15.00,4.87
75832,198,33.0233495,-118.8669034,3595,3555.5,11185,11788.5,150.29,302.81,249.25,0.461,-7.7,225.82,226.88,1.1,-0.68,-0.17,11.26,319.6,-28.4,23.4,15.0,665.36,951.2,6.2,199.1,18.0,72.4,-127.5,7.8,0.56,0.60,13.49,15.05,4.47
75833,198,33.0224238,-118.8680767,3587,3547.8,11161,11774.0,150.25,302.75,249.25,0.461,-7.7,225.79,226.89,1.1,-0.70,-0.11,11.31,319.5,-28.2,23.4,14.9,665.99,951.3,6.2,198.2,18.0,72.4,-127.4,7.7,0.57,0.61,13.53,15.11,4.53
75834,198,33.0214987,-118.8692501,3580,3540.1,11138,11748.0,150.21,302.62,249.31,0.461,-7.7,225.76,226.90,1.1,-0.70,0.09,11.36,319.5,-29.1,23.5,14.9,666.59,951.1,6.3,197.2,18.0,72.4,-127.4,7.7,0.52,0.56,13.58,15.17,4.13
75835,198,33.0205740,-118.8704234,3572,3532.4,11114,11717.5,150.18,302.44,249.19,0.461,-7.7,225.74,226.92,1.2,-0.68,0.08,11.43,319.5,-29.4,23.5,14.9,667.21,951.3,6.3,196.1,18.0,72.4,-127.4,7.7,0.51,0.55,13.64,15.25,4.01
75836,198,33.0196498,-118.8715968,3565,3524.7,11091,11701.0,150.14,302.31,249.12,0.460,-7.7,225.70,226.93,1.2,-0.69,0.05,11.44,319.4,-29.5,23.5,14.9,667.81,951.3,6.3,194.8,18.0,72.4,-127.4,7.7,0.50,0.54,13.65,15.27,3.96
75837,198,33.0187262,-118.8727701,3557,3517.0,11067,11664.0,150.11,302.00,248.94,0.460,-7.8,225.64,226.95,1.3,-0.71,0.06,11.52,319.4,-29.2,23.6,14.9,668.44,951.1,6.3,192.7,18.0,72.4,-127.4,7.7,0.52,0.55,13.72,15.35,4.04
75838,198,33.0178030,-118.8739435,3549,3509.2,11044,11639.0,150.08,301.75,248.81,0.459,-7.7,225.60,226.97,1.4,-0.66,-0.14,11.49,319.3,-29.2,23.5,14.9,669.04,951.0,6.3,191.0,18.0,72.4,-127.4,8.0,0.52,0.56,13.70,15.32,4.07
75839,198,33.0168802,-118.8751169,3542,3501.5,11020,11621.5,150.04,301.81,249.00,0.460,-7.7,225.53,226.97,1.4,-0.65,-0.26,11.49,319.2,-30.0,23.5,14.9,669.67,951.0,6.5,190.0,18.0,72.3,-127.4,8.5,0.48,0.51,13.69,15.32,3.76
75840,198,33.0159576,-118.8762899,3534,3493.9,10997,11595.5,150.00,302.00,249.31,0.460,-7.7,225.48,226.97,1.5,-0.65,-0.40,11.52,319.2,-29.4,23.6,14.9,670.27,951.2,6.7,189.7,18.0,72.3,-127.4,9.0,0.51,0.55,13.73,15.36,3.97
75841,198,33.0150352,-118.8774624,3526,3486.2,10973,11571.0,149.95,302.19,249.62,0.460,-7.7,225.43,226.95,1.5,-0.64,-0.51,11.55,319.1,-29.9,23.6,14.9,670.90,951.2,6.8,189.9,18.0,72.3,-127.4,9.3,0.48,0.52,13.75,15.39,3.78
75842,198,33.0141127,-118.8786342,3519,3478.6,10950,11545.0,149.91,302.31,249.75,0.460,-7.6,225.39,226.93,1.5,-0.63,-0.56,11.55,319.0,-29.9,23.6,14.9,671.51,951.2,7.0,190.0,18.0,72.3,-127.4,9.5,0.48,0.52,13.75,15.38,3.79
75843,198,33.0131903,-118.8798051,3511,3470.9,10926,11513.5,149.85,302.25,249.81,0.460,-7.7,225.34,226.91,1.6,-0.66,-0.62,11.55,319.0,-30.6,23.6,15.0,672.14,951.0,7.0,189.6,18.0,72.3,-127.4,9.8,0.45,0.49,13.75,15.39,3.56
75844,198,33.0122675,-118.8809751,3503,3463.3,10903,11485.0,149.80,302.31,249.94,0.460,-7.7,225.31,226.87,1.6,-0.70,-0.77,11.55,318.9,-30.2,23.6,15.0,672.74,951.1,7.1,190.0,18.0,72.3,-127.4,10.3,0.47,0.51,13.75,15.38,3.69
75845,198,33.0113443,-118.8821438,3495,3455.5,10879,11471.5,149.75,302.75,250.56,0.461,-7.8,225.32,226.82,1.5,-0.71,-0.86,11.51,318.7,-30.2,23.6,15.0,673.37,951.3,7.2,192.4,18.0,72.3,-127.3,10.6,0.47,0.51,13.71,15.34,3.70
75846,198,33.0104205,-118.8833112,3487,3447.8,10856,11439.5,149.70,303.06,250.94,0.461,-7.7,225.34,226.77,1.4,-0.69,-0.78,11.54,318.7,-30.8,23.7,15.0,673.98,951.4,7.3,194.5,18.0,72.3,-127.3,10.3,0.44,0.48,13.74,15.37,3.48
75847,198,33.0094962,-118.8844772,3479,3440.1,10832,11413.0,149.65,303.44,251.38,0.462,-7.7,225.35,226.73,1.4,-0.67,-0.62,11.56,318.6,-30.9,23.7,15.0,674.61,951.4,7.4,196.4,18.0,72.3,-127.3,9.8,0.44,0.47,13.76,15.40,3.45
75848,198,33.0085717,-118.8856422,3471,3432.4,10808,11387.0,149.59,303.88,251.81,0.463,-7.6,225.36,226.70,1.3,-0.64,-0.57,11.52,318.5,-31.1,23.7,15.0,675.24,951.1,7.6,198.0,18.0,72.3,-127.3,9.7,0.43,0.47,13.73,15.36,3.41
75849,198,33.0076472,-118.8868063,3464,3424.9,10785,11373.5,149.53,304.12,252.19,0.463,-7.4,225.35,226.67,1.3,-0.61,-0.66,11.46,318.4,-30.9,23.7,15.0,675.85,950.8,7.8,199.1,18.1,72.2,-127.3,9.9,0.44,0.47,13.66,15.28,3.46
75850,198,33.0067224,-118.8879691,3457,3417.5,10762,11345.0,149.46,304.12,252.25,0.463,-7.4,225.41,226.63,1.2,-0.65,-0.70,11.46,318.3,-31.2,23.7,15.0,676.45,951.3,7.7,201.0,18.1,72.2,-127.3,10.1,0.43,0.46,13.66,15.28,3.38
75851,198,33.0057974,-118.8891306,3449,3410.1,10740,11310.0,149.39,304.12,252.31,0.463,-7.4,225.48,226.60,1.1,-0.68,-0.51,11.50,318.2,-31.7,23.7,15.0,677.04,951.1,7.7,203.0,18.1,72.3,-127.3,9.5,0.41,0.44,13.71,15.34,3.21
75852,198,33.0048724,-118.8902912,3442,3402.7,10717,11292.0,149.34,303.81,252.19,0.463,-7.4,225.55,226.60,1.0,-0.69,-0.27,11.58,318.2,-31.8,23.8,15.0,677.64,951.3,7.5,204.2,18.1,72.4,-127.3,8.6,0.40,0.44,13.77,15.42,3.17
75853,198,33.0039479,-118.8914517,3434,3395.3,10694,11270.0,149.28,303.50,252.00,0.462,-7.4,225.59,226.61,1.0,-0.67,-0.14,11.60,318.2,-32.4,23.8,14.9,678.25,951.3,7.4,204.4,18.1,72.4,-127.3,8.2,0.38,0.41,13.80,15.45,2.99
75854,198,33.0030242,-118.8926120,3427,3387.9,10671,11247.5,149.22,303.31,251.81,0.462,-7.4,225.60,226.63,1.0,-0.67,-0.12,11.62,318.1,-32.3,23.8,14.9,678.86,950.9,7.3,204.2,18.1,72.3,-127.3,8.1,0.38,0.41,13.82,15.47,2.99
75855,198,33.0021011,-118.8937721,3420,3380.5,10649,11223.5,149.16,302.81,251.50,0.461,-7.4,225.58,226.64,1.1,-0.69,-0.23,11.61,318.0,-32.3,23.7,14.9,679.44,951.1,7.2,203.1,18.1,72.3,-127.3,8.5,0.38,0.41,13.81,15.46,3.00
75856,198,33.0011782,-118.8949315,3412,3373.0,10626,11198.5,149.10,302.50,251.38,0.460,-7.4,225.51,226.63,1.1,-0.71,-0.41,11.68,318.0,-32.3,23.8,14.9,680.05,951.1,7.2,201.6,18.1,72.3,-127.2,9.1,0.38,0.42,13.87,15.55,3.00
75857,198,33.0002555,-118.8960903,3405,3365.6,10604,11166.5,149.05,302.31,251.38,0.460,-7.5,225.49,226.61,1.1,-0.73,-0.58,11.74,318.0,-32.3,23.8,14.9,680.64,951.5,7.1,201.3,18.1,72.3,-127.2,9.7,0.38,0.42,13.93,15.62,2.98
75858,198,32.9993325,-118.8972482,3397,3358.0,10580,11155.5,149.01,302.12,251.25,0.460,-7.6,225.46,226.58,1.1,-0.78,-0.62,11.76,318.0,-33.2,23.8,14.9,681.27,951.3,7.1,201.2,18.1,72.4,-127.2,9.9,0.35,0.38,13.95,15.64,2.74
75859,198,32.9984092,-118.8984051,3390,3350.4,10557,11125.0,148.96,301.94,251.19,0.460,-7.7,225.43,226.54,1.1,-0.79,-0.63,11.73,317.8,-33.2,23.8,14.9,681.88,951.4,7.0,201.2,18.1,72.4,-127.2,10.0,0.35,0.38,13.91,15.60,2.74
75860,198,32.9974855,-118.8995609,3382,3342.7,10534,11090.0,148.92,301.94,251.38,0.460,-7.7,225.43,226.50,1.1,-0.76,-0.71,11.68,317.7,-32.9,23.7,15.0,682.49,951.3,7.0,202.1,18.1,72.3,-127.2,10.2,0.36,0.39,13.87,15.54,2.81
75861,198,32.9965615,-118.9007156,3374,3335.1,10511,11070.0,148.88,301.88,251.44,0.459,-7.7,225.49,226.46,1.0,-0.76,-0.73,11.59,317.5,-33.4,23.6,15.0,683.11,951.5,6.9,204.2,18.1,72.3,-127.2,10.2,0.34,0.37,13.79,15.44,2.71
75862,198,32.9956371,-118.9018692,3367,3327.4,10487,11045.5,148.83,301.62,251.19,0.459,-7.7,225.58,226.43,0.8,-0.76,-0.56,11.51,317.4,-33.1,23.5,15.0,683.75,951.4,6.7,206.6,18.1,72.4,-127.2,9.7,0.35,0.38,13.72,15.35,2.79
75863,198,32.9947125,-118.9030219,3359,3319.7,10463,11023.0,148.80,301.12,251.00,0.458,-7.6,225.66,226.41,0.8,-0.70,-0.34,11.50,317.3,-33.0,23.5,15.0,684.38,951.4,6.4,208.0,18.1,72.3,-127.2,8.9,0.35,0.39,13.71,15.33,2.84
75864,198,32.9937880,-118.9041745,3352,3312.1,10439,10997.0,148.76,300.75,250.81,0.458,-7.5,225.68,226.42,0.7,-0.60,-0.25,11.49,317.2,-32.2,23.4,15.0,685.02,951.4,6.3,208.0,18.1,72.3,-127.2,8.5,0.38,0.42,13.69,15.31,3.07
75865,198,32.9928640,-118.9053267,3344,3304.8,10417,10967.5,148.70,300.62,250.81,0.458,-7.3,225.69,226.42,0.7,-0.60,-0.28,11.44,317.0,-31.5,23.4,15.0,685.61,951.3,6.3,208.1,18.1,72.2,-127.2,8.6,0.41,0.45,13.65,15.27,3.27
75866,198,32.9919404,-118.9064784,3337,3297.4,10394,10945.0,148.64,300.44,250.81,0.457,-7.3,225.70,226.42,0.7,-0.65,-0.38,11.46,317.0,-31.0,23.4,15.0,686.23,951.3,6.2,208.2,18.1,72.3,-127.2,8.9,0.43,0.47,13.67,15.28,3.43
75867,198,32.9910168,-118.9076295,3330,3290.1,10372,10915.5,148.60,300.31,250.88,0.457,-7.3,225.66,226.40,0.7,-0.66,-0.51,11.46,316.9,-30.8,23.4,15.0,686.81,951.4,6.2,207.8,18.1,72.3,-127.2,9.3,0.44,0.48,13.67,15.29,3.51
75868,198,32.9900931,-118.9087796,3323,3282.7,10349,10903.0,148.54,300.31,250.94,0.457,-7.4,225.60,226.37,0.8,-0.70,-0.67,11.41,316.8,-30.8,23.3,15.0,687.43,951.2,6.3,207.2,18.1,72.3,-127.1,9.9,0.43,0.48,13.63,15.23,3.52
75869,198,32.9891690,-118.9099288,3315,3275.3,10327,10875.5,148.49,300.31,251.06,0.457,-7.5,225.59,226.32,0.7,-0.78,-0.81,11.46,316.7,-29.9,23.4,15.0,688.02,951.3,6.3,207.9,18.1,72.3,-127.1,10.4,0.47,0.52,13.67,15.29,3.81
75870,198,32.9882445,-118.9110766,3308,3267.6,10305,10843.0,148.45,300.25,251.12,0.457,-7.7,225.58,226.27,0.7,-0.91,-0.80,11.41,316.6,-29.4,23.3,15.0,688.61,951.4,6.3,209.1,18.1,72.5,-127.1,10.5,0.50,0.55,13.63,15.23,4.03
75871,198,32.9873193,-118.9122231,3300,3259.8,10280,10817.5,148.43,300.25,251.31,0.457,-7.9,225.58,226.22,0.6,-0.93,-0.69,11.37,316.5,-28.2,23.3,15.0,689.28,951.1,6.3,210.2,18.1,72.5,-127.1,10.2,0.55,0.61,13.58,15.18,4.51
75872,198,32.9863935,-118.9133688,3292,3251.9,10256,10798.5,148.42,300.31,251.50,0.457,-7.9,225.61,226.19,0.6,-0.87,-0.51,11.26,316.3,-28.2,23.2,15.0,689.92,951.3,6.3,211.8,18.1,72.5,-127.1,9.6,0.55,0.61,13.49,15.06,4.54
75873,198,32.9854675,-118.9145139,3284,3244.0,10233,10773.5,148.40,300.25,251.50,0.457,-7.8,225.65,226.17,0.5,-0.79,-0.27,11.22,316.1,-27.0,23.1,15.0,690.54,951.3,6.2,213.1,18.1,72.4,-127.1,8.8,0.62,0.68,13.46,15.01,5.07
75874,198,32.9845415,-118.9156586,3276,3236.3,10208,10753.0,148.38,299.88,251.31,0.457,-7.5,225.73,226.18,0.4,-0.65,0.05,11.20,316.0,-25.7,23.1,15.0,691.21,951.3,6.0,214.7,18.1,72.3,-127.1,8.0,0.69,0.77,13.44,14.99,5.69
75875,198,32.9836159,-118.9168033,3269,3228.9,10184,10730.5,148.33,299.56,251.19,0.456,-7.3,225.82,226.20,0.4,-0.63,0.18,11.22,316.0,-24.5,23.1,15.0,691.85,951.1,5.9,216.3,18.1,72.3,-127.1,7.2,0.77,0.86,13.46,15.01,6.37
75876,198,32.9826912,-118.9179482,3261,3221.6,10161,10695.5,148.28,299.25,251.00,0.456,-7.2,225.88,226.24,0.4,-0.63,0.40,11.24,315.9,-22.6,23.1,15.0,692.47,951.3,5.7,216.5,18.1,72.3,-127.1,6.4,0.91,1.01,13.47,15.04,7.51
75877,198,32.9817674,-118.9190936,3254,3214.4,10138,10676.0,148.23,299.00,250.88,0.455,-7.2,225.90,226.29,0.4,-0.62,0.51,11.26,315.9,-22.6,23.1,15.0,693.09,951.4,5.7,215.8,18.1,72.3,-127.1,6.0,0.91,1.01,13.49,15.06,7.50
75878,198,32.9808440,-118.9202393,3247,3207.4,10116,10650.0,148.18,298.75,250.75,0.455,-7.2,225.93,226.35,0.4,-0.64,0.49,11.28,315.8,-21.6,23.1,15.0,693.68,951.5,5.6,215.0,18.1,72.4,-127.1,6.1,0.99,1.10,13.51,15.08,8.15
75879,198,32.9799223,-118.9213858,3240,3200.2,10094,10634.5,148.12,298.44,250.69,0.454,-7.3,225.97,226.40,0.4,-0.72,0.46,11.35,315.8,-21.6,23.1,15.0,694.28,951.4,5.5,214.5,18.1,72.4,-127.1,6.2,0.99,1.10,13.57,15.16,8.11
75880,198,32.9790019,-118.9225327,3233,3192.9,10072,10605.5,148.08,298.31,250.56,0.454,-7.5,226.00,226.44,0.4,-0.81,0.48,11.37,315.7,-20.5,23.1,15.0,694.87,951.2,5.5,213.9,18.1,72.5,-127.0,6.2,1.09,1.22,13.58,15.18,8.95
75881,198,32.9780827,-118.9236805,3225,3185.3,10050,10575.5,148.05,298.00,250.38,0.454,-7.7,226.02,226.49,0.5,-0.86,0.52,11.39,315.7,-19.5,23.1,15.0,695.46,951.3,5.4,212.8,18.1,72.6,-127.0,6.0,1.19,1.32,13.61,15.20,9.74
75882,198,32.9771645,-118.9248290,3218,3177.6,10026,10557.5,148.03,297.62,250.19,0.453,-7.8,226.03,226.55,0.5,-0.85,0.57,11.42,315.6,-18.8,23.1,15.0,696.11,951.3,5.3,211.4,18.1,72.6,-127.0,5.8,1.26,1.41,13.63,15.24,10.36
75883,198,32.9762476,-118.9259786,3210,3169.8,10002,10528.0,148.01,297.38,250.12,0.453,-7.8,226.07,226.61,0.5,-0.82,0.60,11.39,315.5,-18.0,23.1,15.0,696.76,951.6,5.2,210.4,18.1,72.5,-127.0,5.7,1.35,1.50,13.61,15.21,11.05
75884,198,32.9753318,-118.9271292,3202,3162.0,9979,10495.0,148.00,297.38,250.19,0.453,-7.8,226.11,226.67,0.6,-0.78,0.66,11.34,315.4,-17.3,23.0,15.0,697.38,951.7,5.2,209.9,18.1,72.5,-127.0,5.5,1.42,1.59,13.56,15.15,11.75
75885,198,32.9744171,-118.9282806,3194,3154.3,9953,10473.5,147.97,297.31,250.25,0.453,-7.7,226.12,226.72,0.6,-0.73,0.64,11.40,315.4,-17.3,23.1,15.0,698.09,951.5,5.2,208.9,18.1,72.5,-127.0,5.5,1.42,1.59,13.61,15.21,11.71
75886,198,32.9735034,-118.9294327,3186,3146.6,9930,10453.0,147.94,297.19,250.31,0.452,-7.6,226.16,226.77,0.6,-0.73,0.45,11.40,315.3,-16.9,23.1,15.0,698.71,951.3,5.2,208.4,18.1,72.4,-127.0,6.1,1.47,1.65,13.62,15.22,12.11
75887,198,32.9725907,-118.9305856,3179,3139.0,9906,10425.5,147.92,297.06,250.31,0.452,-7.6,226.24,226.81,0.6,-0.75,0.31,11.47,315.3,-16.9,23.1,15.0,699.36,951.3,5.1,209.6,18.1,72.4,-127.0,6.5,1.47,1.65,13.67,15.29,12.07
75888,198,32.9716784,-118.9317386,3171,3131.4,9883,10400.0,147.89,296.88,250.25,0.452,-7.6,226.31,226.83,0.5,-0.76,0.33,11.48,315.2,-15.1,23.1,15.0,699.98,951.6,5.0,210.7,18.1,72.4,-127.0,6.4,1.71,1.92,13.68,15.30,14.00
75889,198,32.9707668,-118.9328920,3163,3123.9,9859,10378.0,147.86,296.81,250.31,0.452,-7.6,226.35,226.86,0.5,-0.77,0.35,11.48,315.1,-15.0,23.1,15.0,700.63,951.3,5.0,211.2,18.1,72.5,-127.0,6.2,1.73,1.94,13.69,15.31,14.17
75890,198,32.9698560,-118.9340458,3156,3116.3,9836,10354.5,147.84,296.75,250.38,0.452,-7.6,226.40,226.90,0.5,-0.76,0.26,11.54,315.1,-14.8,23.2,15.0,701.26,951.5,5.0,211.6,18.1,72.4,-127.0,6.5,1.76,1.97,13.74,15.37,14.37
