Data/Raw/YANG,MELISSA/FIREXAQ-MetNav_DC8_20190717_R0_L2.ict
76, 1001
Project Office
NSRC - National Suborbital Research Center
N817NA Meteorological and Navigation Facility Instrumentation
FIREX-AQ/SARP
1,1
2019,07,17,2020,03,05
1
Time_Start, seconds (from midnight UTC)
35
1,1,1,1,1,1,1,1,1,1,1,1,1,1,1,1,1,1,1,1,1,1,1,1,1,1,1,1,1,1,1,1,1,1,1
-9999,-9999,-9999,-9999,-9999,-9999,-9999,-9999,-9999,-9999,-9999,-9999,-9999,-9999,-9999,-9999,-9999,-9999,-9999,-9999,-9999,-9999,-9999,-9999,-9999,-9999,-9999,-9999,-9999,-9999,-9999,-9999,-9999,-9999,-9999
Day_Of_Year, day, None, calendar day beginning January 1
Latitude, deg, Platform_Latitude_InSitu_None
Longitude, deg, Platform_Longitude_InSitu_None
MSL_GPS_Altitude, m, Platform_AltitudeMSL_InSitu_None
HAE_GPS_Altitude, m, Platform_AltitudeEllipsoid_InSitu_None, reference WGS-84
Pressure_Altitude, ft, Platform_AltitudePressure_InSitu_None
Radar_Altitude, ft, Platform_AltitudeAGL_InSitu_None
Ground_Speed, m/s, Platform_GroundSpeed_InSitu_None
True_Air_Speed, kts, Platform_AircraftTrueAirSpeed_InSitu_None
Indicated_Air_Speed, kts, Platform_AircraftIndicatedAirSpeed_InSitu_None
Mach_Number, mach, None
Vertical_Speed, m/s, None
True_Heading, deg 0-360, Platform_HeadingTrue_InSitu_None, cw from +y
Track_Angle, deg 0-360, Platform_TrackAngle_InSitu_None, cw from +y
Drift_Angle, deg +-180, Platform_DriftAngle_InSitu_None, cw from +y
Pitch_Angle, deg +-180, Platform_PitchAngle_InSitu_None, up+
Roll_Angle, deg +-180, Platform_RollAngle_InSitu_None, rt+
Static_Air_Temp, degrees Celcius, Met_StaticAirTemperature_InSitu_None
Potential_Temp, Kelvin, Met_PotentialTemperature_InSitu_None
Dew_Point, degrees Celcius, Met_DewPoint_InSitu_None
Total_Air_Temp, degrees Celcius, None
IR_Surf_Temp, degrees Celcius, Met_SufaceTemperature_InSitu_None
Static_Pressure, hPa, Met_StaticPressure_InSitu_None
Cabin_Pressure, hPa, None
Wind_Speed, m/s, Met_WindSpeed_InSitu_None, limited to where Roll_Angle does not exceed 5 degrees
Wind_Direction, deg 0-360 cw from +y, Met_WindDirection_InSitu_None, limited to where Roll_Angle does not exceed 5 degrees
Solar_Zenith_Angle, deg, Platform_SolarZenithAngle_InSitu_None
Aircraft_Sun_Elevation, deg, None
Sun_Azimuth, deg, Platform_SolarAzimuthAngle_InSitu_None
Aircraft_Sun_Azimuth, deg, None
Mixing_Ratio, g/kg, Met_H2OMR_InSitu_None
Part_Press_Water_Vapor, hPa, Met_PartialPressureH2O_InSitu_None
Sat_Vapor_Press_H2O, hPa, Met_SatVaporPressureH2OWater_InSitu_None
Sat_Vapor_Press_Ice, hPa, Met_SatVaporPressureH2OIce_InSitu_None
Relative_Humidity, percent, Met_RelativeHumidityWater_InSitu_None
0
27
PI_CONTACT_INFO: Melissa Yang Martin, m.yang@baeri.org 
Platform: NASA DC-8 N817NA
LOCATION: Included in data records
ASSOCIATED_DATA: This flight represents SARP Science Flight #3 out of Palmdale, CA. This flight includes the dimethyl sulfide ocean sample legs and several missed approaches in the LA Basin. See SARP archive on Langley archive at https://www-air.larc.nasa.gov/missions/sarp/index.html
INSTRUMENT_INFO: 
	Position, attitude, ground speed, and vertical speed from LN251
	Wind_Speed and Wind_Direction calculated from LN251, Aircraft Data System-85
	Radar_Altitude from APN-232
	Total_Air_Temperature from Rosemount 102 type non-deiced
	IR_Surface_Temp from KT-19.85
    Cabin_Pressure from MKS Baratron 220D
	Dew_Point and calculated water vapor parameters from Buck Hygrometer
[...]
ULOD_FLAG:-7777
ULOD_VALUE:366,90,180,N/A,N/A,57343,65000,N/A,600,510,0.99,104.04,360,360,180,180,180,60,N/A,90,99,200,N/A,1333.22,N/A,360,N/A,N/A,N/A,N/A,N/A,N/A,N/A,N/A,N/A
LLOD_FLAG:-8888
LLOD_VALUE:0,-90,-180,N/A,N/A,-1871,0,0,0,0,0,-104.04,0,0,-180,-180,-180,-99,N/A,-60,-60,-50,N/A,0.66,0,0,N/A,N/A,N/A,N/A,N/A,N/A,N/A,N/A,N/A
DM_CONTACT_INFO: Ryan Bennett, r.bennett@baeri.org
PROJECT_INFO: N/A
STIPULATIONS_ON_USE: Please contact DM or PI with questions before use.
OTHER_COMMENTS: Wind Speed and Wind Direction flagged where Roll_Angle exceeds 5 degrees.
REVISION: R0
R0: Public release data with limits of detection and instrument calibrations applied to Total_Air_Temp (follows through to reduction to Static_Air_Temp and calculation of Potential_Temp), and Cabin_Pressure.
RA: Preliminary field data with limits of detection applied.
Time_Start,Day_Of_Year,Latitude,Longitude,MSL_GPS_Altitude,HAE_GPS_Altitude,Pressure_Altitude,Radar_Altitude,Ground_Speed,True_Air_Speed,Indicated_Air_Speed,Mach_Number,Vertical_Speed,True_Heading,Track_Angle,Drift_Angle,Pitch_Angle,Roll_Angle,Static_Air_Temp,Potential_Temp,Dew_Point,Total_Air_Temp,IR_Surf_Temp,Static_Pressure,Cabin_Pressure,Wind_Speed,Wind_Direction,Solar_Zenith_Angle,Aircraft_Sun_Elevation,Sun_Azimuth,Aircraft_Sun_Azimuth,Mixing_Ratio,Part_Press_Water_Vapor,Sat_Vapor_Press_H2O,Sat_Vapor_Press_Ice,Relative_Humidity
[from data line 7203]
81628,198,32.7695075,-119.1931600,2225,2186.5,6953,7312.0,146.07,274.00,241.00,0.413,-0.1,46.87,46.79,-0.1,2.04,0.00,17.11,311.3,-4.2,27.0,15.0,783.25,1025.2,5.1,224.5,36.5,54.9,-98.6,-143.3,3.61,4.51,19.70,23.25,22.92
81629,198,32.7704088,-119.1920239,2225,2186.5,6952,7311.0,146.07,274.00,241.00,0.413,-0.1,46.90,46.81,-0.1,2.05,0.01,17.16,311.3,-3.9,27.1,15.0,783.28,1025.2,5.1,224.3,36.5,54.9,-98.6,-143.4,3.71,4.64,19.76,23.33,23.47
81630,198,32.7713187,-119.1908759,2225,2186.4,6953,7310.0,146.08,274.00,241.00,0.413,-0.1,46.93,46.84,-0.1,2.06,0.02,17.16,311.3,-3.5,27.1,15.0,783.25,1025.4,5.1,224.2,36.5,54.9,-98.6,-143.4,3.80,4.75,19.76,23.33,24.06
81631,198,32.7722102,-119.1897501,2225,2186.3,6952,7310.0,146.09,274.00,241.00,0.413,-0.1,46.95,46.86,-0.1,2.07,0.04,17.16,311.3,-3.1,27.1,15.0,783.28,1025.4,5.1,224.4,36.5,54.9,-98.6,-143.4,3.91,4.90,19.76,23.33,24.79
81632,198,32.7731103,-119.1886124,2225,2186.2,6952,7310.5,146.09,273.88,240.94,0.413,-0.1,46.98,46.89,-0.1,2.07,0.05,17.16,311.3,-2.9,27.1,15.0,783.28,1025.5,5.2,224.5,36.5,54.9,-98.6,-143.4,4.00,5.00,19.77,23.34,25.30
81633,198,32.7740100,-119.1874742,2225,2186.2,6952,7311.5,146.09,274.00,241.00,0.413,-0.1,47.00,46.92,-0.1,2.07,0.04,17.16,311.3,-3.2,27.1,15.0,783.28,1025.4,5.1,224.8,36.5,54.9,-98.6,-143.4,3.90,4.88,19.76,23.33,24.72
81634,198,32.7749093,-119.1863354,2225,2186.1,6952,7312.5,146.10,274.12,241.06,0.413,-0.1,47.02,46.94,-0.1,2.07,0.01,17.19,311.4,-3.3,27.1,15.0,783.28,1025.5,5.1,224.9,36.5,54.9,-98.6,-143.5,3.86,4.84,19.81,23.39,24.42
81635,198,32.7758082,-119.1851961,2225,2186.0,6951,7304.5,146.10,274.12,241.06,0.413,-0.1,47.03,46.97,-0.1,2.08,0.07,17.19,311.3,-3.4,27.1,15.0,783.31,1025.3,5.1,225.1,36.5,54.9,-98.6,-143.5,3.84,4.80,19.81,23.39,24.26
81636,198,32.7767068,-119.1840565,2225,2186.0,6952,7308.0,146.10,274.06,241.06,0.413,-0.1,47.05,46.98,-0.1,2.09,-0.12,17.15,311.3,-4.2,27.1,15.0,783.28,1025.7,5.1,225.1,36.5,55.0,-98.6,-143.6,3.61,4.52,19.75,23.32,22.89
81637,198,32.7776052,-119.1829167,2225,2185.9,6951,7311.5,146.10,274.12,241.12,0.413,-0.1,47.07,46.99,-0.1,2.08,-0.15,17.14,311.3,-4.0,27.1,15.0,783.31,1025.2,5.1,224.9,36.5,55.0,-98.6,-143.7,3.67,4.59,19.75,23.31,23.26
81638,198,32.7785033,-119.1817766,2224,2185.8,6951,7310.0,146.10,274.12,241.19,0.413,0.0,47.09,47.01,-0.1,2.09,-0.18,17.19,311.3,-4.0,27.1,15.0,783.31,1025.4,5.1,224.8,36.6,55.0,-98.6,-143.7,3.68,4.61,19.81,23.39,23.26
81639,198,32.7794012,-119.1806362,2224,2185.8,6951,7307.0,146.10,274.19,241.19,0.413,0.0,47.10,47.02,-0.1,2.10,-0.20,17.19,311.3,-4.3,27.1,15.0,783.31,1025.3,5.1,224.7,36.6,55.0,-98.6,-143.7,3.58,4.48,19.80,23.38,22.65
81640,198,32.7802989,-119.1794956,2224,2185.8,6950,7306.5,146.10,274.19,241.25,0.413,0.0,47.11,47.03,-0.1,2.11,-0.22,17.19,311.3,-4.8,27.1,15.0,783.34,1025.3,5.0,224.8,36.6,55.0,-98.6,-143.8,3.46,4.33,19.80,23.38,21.89
81641,198,32.7811965,-119.1783549,2224,2185.8,6950,7310.0,146.09,274.19,241.25,0.413,0.0,47.11,47.04,-0.1,2.12,-0.25,17.19,311.3,-4.5,27.1,15.0,783.34,1025.3,5.0,224.9,36.6,55.0,-98.6,-143.8,3.54,4.43,19.80,23.38,22.38
81642,198,32.7820939,-119.1772140,2224,2185.8,6951,7310.0,146.09,274.12,241.12,0.413,0.0,47.12,47.04,-0.1,2.13,-0.31,17.19,311.3,-4.2,27.1,15.0,783.31,1025.6,5.1,224.9,36.6,55.1,-98.6,-143.8,3.61,4.52,19.81,23.39,22.83
81643,198,32.7829913,-119.1760732,2224,2185.9,6951,7309.0,146.08,274.12,241.12,0.413,0.0,47.13,47.04,-0.1,2.11,-0.36,17.19,311.3,-4.4,27.1,15.0,783.31,1025.5,5.1,224.6,36.6,55.1,-98.6,-143.9,3.56,4.46,19.81,23.39,22.54
81644,198,32.7838886,-119.1749324,2224,2185.9,6951,7306.0,146.08,274.12,241.12,0.413,0.0,47.13,47.04,-0.1,2.11,-0.40,17.19,311.3,-4.2,27.1,15.0,783.31,1025.4,5.1,224.7,36.6,55.1,-98.6,-144.0,3.61,4.51,19.81,23.39,22.79
81645,198,32.7847859,-119.1737916,2224,2185.9,6951,7309.5,146.08,274.19,241.19,0.413,0.0,47.12,47.04,-0.1,2.11,-0.41,17.19,311.3,-4.0,27.1,14.9,783.31,1025.4,5.0,224.8,36.6,55.1,-98.6,-144.0,3.68,4.61,19.80,23.38,23.29
81646,198,32.7856833,-119.1726508,2224,2185.9,6951,7310.5,146.08,274.12,241.19,0.413,0.0,47.11,47.04,-0.1,2.09,-0.43,17.19,311.3,-3.6,27.1,14.9,783.31,1025.4,5.1,225.1,36.6,55.1,-98.6,-144.0,3.80,4.75,19.81,23.39,23.99
81647,198,32.7865896,-119.1714987,2224,2185.8,6951,7306.0,146.08,274.19,241.12,0.413,0.0,47.09,47.03,-0.1,2.09,-0.45,17.19,311.3,-3.1,27.1,14.9,783.31,1025.4,5.0,225.5,36.6,55.1,-98.6,-144.0,3.92,4.90,19.81,23.39,24.75
81648,198,32.7874782,-119.1703695,2224,2185.8,6951,7309.5,146.07,274.19,241.06,0.413,0.0,47.07,47.03,0.0,2.11,-0.48,17.24,311.4,-3.5,27.2,14.9,783.31,1025.6,5.0,225.7,36.6,55.1,-98.5,-144.0,3.82,4.78,19.87,23.48,24.07
81649,198,32.7883757,-119.1692290,2224,2185.8,6951,7309.0,146.07,274.19,241.12,0.413,0.0,47.06,47.02,0.0,2.11,-0.49,17.24,311.4,-3.5,27.2,14.9,783.31,1025.4,5.0,225.9,36.6,55.1,-98.5,-144.0,3.80,4.75,19.87,23.48,23.93
81650,198,32.7892734,-119.1680886,2224,2185.8,6951,7309.0,146.07,274.19,241.12,0.413,0.0,47.05,47.01,0.0,2.10,-0.49,17.24,311.4,-3.4,27.2,14.9,783.31,1025.5,5.0,226.1,36.6,55.1,-98.5,-144.0,3.85,4.82,19.87,23.48,24.24
81651,198,32.7901711,-119.1669485,2224,2185.8,6951,7309.5,146.07,274.06,241.06,0.413,0.0,47.02,47.01,0.0,2.10,-0.52,17.25,311.4,-3.2,27.2,14.9,783.31,1025.4,5.1,226.5,36.6,55.1,-98.5,-144.0,3.90,4.88,19.87,23.49,24.57
81652,198,32.7910691,-119.1658084,2224,2185.8,6951,7312.5,146.06,274.19,241.12,0.413,0.0,47.01,46.99,0.0,2.11,-0.56,17.24,311.4,-3.0,27.2,14.9,783.31,1025.8,5.0,226.7,36.6,55.2,-98.5,-144.0,3.95,4.94,19.87,23.48,24.86
81653,198,32.7919672,-119.1646687,2224,2185.8,6951,7309.5,146.06,274.19,241.12,0.413,0.0,47.00,46.98,0.0,2.12,-0.60,17.24,311.4,-2.9,27.2,15.0,783.31,1025.5,5.0,226.5,36.6,55.2,-98.5,-144.0,4.00,5.00,19.87,23.48,25.18
81654,198,32.7928655,-119.1635293,2224,2185.8,6951,7309.5,146.05,274.19,241.12,0.413,0.0,46.99,46.96,0.0,2.13,-0.61,17.24,311.4,-3.1,27.2,15.0,783.31,1025.4,5.0,226.2,36.6,55.2,-98.5,-144.0,3.92,4.91,19.87,23.48,24.71
81655,198,32.7937642,-119.1623903,2224,2185.9,6951,7309.5,146.05,274.25,241.19,0.413,0.1,46.98,46.94,0.0,2.12,-0.60,17.23,311.4,-2.9,27.2,15.0,783.31,1025.5,5.0,225.9,36.6,55.2,-98.5,-144.0,3.99,5.00,19.86,23.47,25.17
81656,198,32.7946630,-119.1612516,2225,2186.0,6951,7307.0,146.04,274.25,241.25,0.413,0.1,46.96,46.93,0.0,2.12,-0.61,17.23,311.4,-2.7,27.2,15.0,783.31,1025.5,5.0,225.9,36.6,55.2,-98.5,-144.0,4.04,5.05,19.86,23.47,25.43
81657,198,32.7955621,-119.1601132,2225,2186.1,6951,7310.5,146.04,274.25,241.19,0.413,0.1,46.95,46.91,0.0,2.11,-0.63,17.23,311.4,-2.9,27.2,15.0,783.31,1025.4,5.0,225.8,36.6,55.2,-98.5,-144.0,4.00,5.00,19.86,23.47,25.18
81658,198,32.7964615,-119.1589751,2225,2186.2,6951,7311.0,146.03,274.19,241.12,0.413,0.1,46.95,46.89,-0.1,2.10,-0.65,17.24,311.4,-3.0,27.2,15.0,783.31,1025.4,5.0,225.4,36.6,55.2,-98.5,-144.0,3.97,4.97,19.87,23.48,25.03
81659,198,32.7973612,-119.1578375,2225,2186.2,6951,7310.0,146.03,274.19,241.12,0.413,0.1,46.93,46.87,-0.1,2.10,-0.66,17.24,311.4,-2.7,27.2,15.0,783.31,1025.4,5.0,225.1,36.6,55.2,-98.5,-144.0,4.05,5.07,19.87,23.48,25.50
81660,198,32.7982613,-119.1567002,2225,2186.3,6952,7309.0,146.03,274.19,241.12,0.413,0.1,46.92,46.85,-0.1,2.10,-0.64,17.24,311.4,-2.5,27.2,15.0,783.28,1025.4,5.0,225.0,36.7,55.2,-98.5,-144.0,4.11,5.14,19.87,23.48,25.90
81661,198,32.7991616,-119.1555633,2225,2186.4,6952,7310.5,146.03,274.19,241.12,0.413,0.1,46.90,46.83,-0.1,2.11,-0.62,17.24,311.4,-2.7,27.2,15.0,783.28,1025.3,5.0,224.8,36.7,55.1,-98.5,-143.9,4.05,5.06,19.87,23.48,25.48
81662,198,32.8000622,-119.1544267,2225,2186.5,6953,7311.0,146.02,274.19,241.12,0.413,0.1,46.89,46.82,-0.1,2.10,-0.59,17.24,311.4,-3.3,27.2,15.0,783.25,1025.3,5.0,224.7,36.7,55.1,-98.5,-143.9,3.87,4.84,19.87,23.48,24.36
81663,198,32.8009630,-119.1532904,2225,2186.5,6953,7312.5,146.02,274.00,240.94,0.413,0.0,46.88,46.80,-0.1,2.10,-0.57,17.20,311.4,-4.3,27.1,15.0,783.25,1025.3,5.1,224.6,36.7,55.1,-98.5,-143.9,3.58,4.49,19.82,23.41,22.64
81664,198,32.8018641,-119.1521543,2225,2186.6,6953,7313.0,146.02,273.88,240.88,0.413,0.0,46.87,46.79,-0.1,2.10,-0.54,17.22,311.4,-4.5,27.1,15.0,783.25,1025.4,5.1,224.5,36.7,55.1,-98.5,-143.8,3.54,4.43,19.84,23.43,22.34
81665,198,32.8027655,-119.1510185,2225,2186.6,6954,7311.0,146.02,273.88,240.81,0.413,0.0,46.87,46.78,-0.1,2.09,-0.50,17.17,311.3,-4.3,27.1,15.0,783.22,1025.4,5.1,224.4,36.7,55.0,-98.5,-143.8,3.58,4.48,19.77,23.35,22.66
81666,198,32.8036670,-119.1498829,2225,2186.6,6953,7308.0,146.03,273.69,240.75,0.412,0.0,46.86,46.77,-0.1,2.08,-0.47,17.18,311.3,-4.7,27.1,15.0,783.25,1025.4,5.2,224.2,36.7,55.0,-98.5,-143.7,3.48,4.35,19.79,23.37,22.00
81667,198,32.8045687,-119.1487474,2225,2186.6,6953,7314.5,146.04,273.69,240.69,0.412,0.0,46.87,46.76,-0.1,2.07,-0.44,17.18,311.3,-4.7,27.1,15.0,783.25,1025.4,5.2,223.8,36.7,55.0,-98.5,-143.7,3.49,4.37,19.79,23.37,22.07
81668,198,32.8054706,-119.1476119,2226,2186.6,6953,7310.5,146.04,273.69,240.62,0.412,0.0,46.88,46.75,-0.1,2.08,-0.42,17.18,311.3,-4.4,27.1,15.0,783.25,1025.3,5.3,223.4,36.7,55.0,-98.5,-143.7,3.55,4.45,19.79,23.37,22.49
81669,198,32.8063725,-119.1464765,2225,2186.5,6954,7311.0,146.05,273.69,240.62,0.412,0.0,46.89,46.75,-0.1,2.09,-0.37,17.18,311.3,-4.2,27.1,15.0,783.22,1025.4,5.3,223.1,36.7,55.0,-98.5,-143.6,3.62,4.53,19.79,23.37,22.92
81670,198,32.8072745,-119.1453411,2226,2186.5,6954,7314.5,146.05,273.69,240.62,0.412,0.0,46.90,46.75,-0.2,2.09,-0.31,17.13,311.3,-3.6,27.0,15.0,783.22,1025.4,5.3,222.7,36.7,54.9,-98.5,-143.6,3.78,4.73,19.73,23.29,23.99
81671,198,32.8081765,-119.1442055,2226,2186.5,6953,7314.5,146.05,273.69,240.75,0.412,0.0,46.91,46.76,-0.2,2.09,-0.26,17.13,311.3,-3.3,27.0,15.1,783.25,1025.3,5.3,222.6,36.7,54.9,-98.5,-143.5,3.87,4.84,19.73,23.29,24.55
81672,198,32.8090784,-119.1430698,2226,2186.4,6953,7319.0,146.06,273.69,240.75,0.412,0.0,46.93,46.77,-0.2,2.09,-0.23,17.13,311.3,-3.6,27.0,15.1,783.25,1025.3,5.3,222.4,36.7,54.9,-98.5,-143.5,3.79,4.75,19.73,23.29,24.06
81673,198,32.8099802,-119.1419338,2226,2186.4,6953,7308.0,146.06,273.75,240.75,0.413,0.0,46.94,46.78,-0.2,2.12,-0.21,17.17,311.3,-3.3,27.1,15.1,783.25,1025.4,5.2,222.4,36.7,54.9,-98.5,-143.5,3.86,4.84,19.78,23.36,24.45
81674,198,32.8108818,-119.1407976,2226,2186.4,6953,7311.5,146.06,273.75,240.75,0.413,0.0,46.95,46.79,-0.2,2.12,-0.19,17.17,311.3,-2.4,27.1,15.1,783.25,1025.5,5.2,222.5,36.7,54.8,-98.5,-143.5,4.14,5.18,19.78,23.36,26.18
81675,198,32.8117832,-119.1396612,2226,2186.4,6953,7310.0,146.06,273.75,240.75,0.413,0.0,46.95,46.80,-0.2,2.11,-0.19,17.17,311.3,-2.3,27.1,15.1,783.25,1025.4,5.2,222.7,36.7,54.8,-98.5,-143.5,4.16,5.20,19.78,23.36,26.30
81676,198,32.8126843,-119.1385246,2226,2186.3,6953,7312.5,146.06,273.69,240.75,0.412,0.0,46.97,46.81,-0.2,2.11,-0.20,17.18,311.3,-1.9,27.1,15.1,783.25,1025.3,5.3,222.6,36.7,54.8,-98.5,-143.5,4.28,5.36,19.79,23.37,27.08
81677,198,32.8135853,-119.1373877,2226,2186.3,6953,7316.0,146.06,273.75,240.75,0.413,0.0,46.98,46.82,-0.2,2.10,-0.20,17.17,311.3,-2.0,27.1,15.1,783.25,1025.4,5.3,222.5,36.7,54.8,-98.5,-143.5,4.28,5.35,19.78,23.36,27.05
81678,198,32.8144862,-119.1362506,2225,2186.3,6953,7317.0,146.07,273.81,240.75,0.413,0.0,46.99,46.84,-0.2,2.11,-0.18,17.17,311.3,-2.6,27.1,15.1,783.25,1025.4,5.2,222.7,36.7,54.8,-98.5,-143.5,4.09,5.12,19.77,23.35,25.88
81679,198,32.8153868,-119.1351131,2225,2186.3,6953,7308.5,146.07,273.69,240.69,0.412,0.0,47.00,46.85,-0.1,2.11,-0.15,17.18,311.3,-3.1,27.1,15.1,783.25,1025.6,5.3,222.9,36.7,54.8,-98.5,-143.5,3.93,4.92,19.79,23.37,24.88
81680,198,32.8162871,-119.1339754,2225,2186.2,6953,7309.5,146.07,273.69,240.69,0.412,0.0,47.00,46.87,-0.1,2.10,-0.13,17.18,311.3,-2.7,27.1,15.1,783.25,1025.4,5.3,223.4,36.7,54.8,-98.5,-143.4,4.04,5.05,19.79,23.37,25.52
81681,198,32.8171871,-119.1328373,2225,2186.2,6953,7309.5,146.07,273.69,240.62,0.412,0.0,47.00,46.88,-0.1,2.09,-0.16,17.18,311.3,-3.3,27.1,15.1,783.25,1025.5,5.3,223.7,36.7,54.8,-98.5,-143.5,3.86,4.84,19.79,23.37,24.44
81682,198,32.8180870,-119.1316989,2225,2186.2,6953,7313.5,146.08,273.69,240.69,0.412,0.0,47.01,46.89,-0.1,2.10,-0.20,17.18,311.3,-3.1,27.1,15.1,783.25,1025.4,5.3,223.8,36.8,54.8,-98.5,-143.5,3.93,4.92,19.79,23.37,24.84
81683,198,32.8189867,-119.1305604,2225,2186.1,6953,7312.5,146.08,273.69,240.69,0.412,0.0,47.01,46.90,-0.1,2.11,-0.22,17.18,311.3,-3.2,27.1,15.1,783.25,1025.4,5.3,224.0,36.8,54.8,-98.5,-143.5,3.89,4.86,19.79,23.37,24.57
81684,198,32.8198862,-119.1294216,2225,2186.1,6953,7313.5,146.08,273.69,240.75,0.412,0.0,47.02,46.91,-0.1,2.11,-0.24,17.18,311.3,-2.9,27.1,15.0,783.25,1025.6,5.3,224.1,36.8,54.8,-98.5,-143.6,4.00,5.01,19.79,23.37,25.31
81685,198,32.8207855,-119.1282826,2225,2186.1,6953,7311.5,146.08,273.75,240.75,0.413,0.0,47.04,46.92,-0.1,2.10,-0.24,17.22,311.4,-3.0,27.1,15.0,783.25,1025.6,5.3,223.9,36.8,54.8,-98.5,-143.6,3.96,4.96,19.84,23.44,24.98
81686,198,32.8216847,-119.1271434,2225,2186.1,6952,7311.0,146.08,273.81,240.81,0.413,0.0,47.04,46.93,-0.1,2.10,-0.25,17.22,311.4,-3.2,27.1,15.0,783.28,1025.4,5.2,224.0,36.8,54.8,-98.5,-143.6,3.91,4.89,19.84,23.43,24.66
81687,198,32.8225838,-119.1260041,2225,2186.1,6952,7310.5,146.08,274.00,240.94,0.413,0.0,47.04,46.94,-0.1,2.10,-0.26,17.20,311.4,-3.4,27.1,15.0,783.28,1025.6,5.1,224.3,36.8,54.8,-98.4,-143.6,3.84,4.80,19.82,23.41,24.22
81688,198,32.8234827,-119.1248645,2225,2186.1,6953,7314.0,146.08,274.12,241.06,0.413,0.0,47.05,46.95,-0.1,2.10,-0.29,17.24,311.4,-3.0,27.2,15.0,783.25,1025.4,5.1,224.2,36.8,54.8,-98.4,-143.6,3.95,4.94,19.87,23.48,24.88
81689,198,32.8243815,-119.1237249,2225,2186.1,6953,7312.0,146.08,274.12,241.06,0.413,0.0,47.05,46.96,-0.1,2.10,-0.31,17.24,311.4,-3.1,27.2,15.0,783.25,1025.6,5.1,224.4,36.8,54.8,-98.4,-143.7,3.93,4.92,19.87,23.48,24.78
81690,198,32.8252802,-119.1225851,2225,2186.1,6953,7310.0,146.08,274.19,241.12,0.413,0.0,47.05,46.96,-0.1,2.10,-0.33,17.24,311.4,-3.1,27.2,15.0,783.25,1025.5,5.0,224.5,36.8,54.8,-98.4,-143.7,3.93,4.92,19.87,23.48,24.78
81691,198,32.8261789,-119.1214453,2225,2186.2,6953,7318.0,146.08,274.25,241.12,0.413,0.0,47.05,46.96,-0.1,2.10,-0.36,17.23,311.4,-3.1,27.2,15.1,783.25,1025.5,5.0,224.4,36.8,54.8,-98.4,-143.7,3.93,4.92,19.86,23.47,24.76
81692,198,32.8270775,-119.1203054,2225,2186.2,6953,7310.0,146.07,274.19,241.12,0.413,0.0,47.06,46.96,-0.1,2.09,-0.40,17.29,311.5,-2.9,27.2,15.1,783.25,1025.7,5.0,224.2,36.8,54.9,-98.4,-143.8,3.99,4.99,19.93,23.56,25.04
81693,198,32.8279761,-119.1191656,2225,2186.2,6953,7313.0,146.08,274.19,241.06,0.413,0.0,47.07,46.96,-0.1,2.08,-0.44,17.24,311.4,-3.0,27.2,15.1,783.25,1025.5,5.0,224.0,36.8,54.9,-98.4,-143.9,3.97,4.96,19.87,23.48,24.99
81694,198,32.8288749,-119.1180258,2225,2186.3,6954,7314.5,146.08,274.00,241.00,0.413,0.0,47.06,46.95,-0.1,2.07,-0.46,17.25,311.4,-3.1,27.2,15.1,783.22,1025.7,5.1,223.8,36.8,54.9,-98.4,-143.9,3.92,4.91,19.88,23.50,24.69
81695,198,32.8297738,-119.1168862,2225,2186.3,6954,7306.5,146.08,274.12,241.06,0.413,0.0,47.06,46.95,-0.1,2.06,-0.44,17.25,311.4,-3.2,27.2,15.1,783.22,1025.6,5.1,223.7,36.8,54.9,-98.4,-143.9,3.89,4.87,19.87,23.49,24.50
81696,198,32.8306728,-119.1157465,2225,2186.3,6954,7311.0,146.09,274.19,241.06,0.413,0.0,47.06,46.94,-0.1,2.05,-0.42,17.24,311.4,-3.6,27.2,15.1,783.22,1025.5,5.0,223.8,36.8,54.8,-98.4,-143.8,3.77,4.72,19.87,23.48,23.75
81697,198,32.8315718,-119.1146068,2225,2186.3,6954,7307.0,146.09,274.25,241.12,0.413,0.0,47.05,46.94,-0.1,2.04,-0.42,17.23,311.4,-3.2,27.2,15.1,783.22,1025.9,5.0,224.0,36.8,54.8,-98.4,-143.8,3.90,4.88,19.86,23.47,24.57
81698,198,32.8324710,-119.1134671,2225,2186.3,6954,7315.0,146.10,274.25,241.19,0.413,0.0,47.04,46.94,-0.1,2.05,-0.45,17.23,311.4,-3.4,27.2,15.1,783.22,1026.0,5.0,224.1,36.8,54.8,-98.4,-143.9,3.85,4.82,19.86,23.47,24.25
81699,198,32.8333703,-119.1123275,2225,2186.3,6954,7316.5,146.11,274.25,241.12,0.413,0.0,47.04,46.93,-0.1,2.05,-0.48,17.23,311.4,-3.3,27.2,15.1,783.22,1025.5,5.0,223.9,36.8,54.8,-98.4,-143.9,3.87,4.85,19.86,23.47,24.41
