Data/Raw/YANG,MELISSA/FIREXAQ-MetNav_DC8_20190724_R0.ict
77, 1001
Project Office
NSRC - National Suborbital Research Center
N817NA Meteorological and Navigation Facility Instrumentation
FIREX-AQ
1,1
2019,07,24,2020,02,28
1
Time_Start, seconds (from midnight UTC)
35
1,1,1,1,1,1,1,1,1,1,1,1,1,1,1,1,1,1,1,1,1,1,1,1,1,1,1,1,1,1,1,1,1,1,1
-9999,-9999,-9999,-9999,-9999,-9999,-9999,-9999,-9999,-9999,-9999,-9999,-9999,-9999,-9999,-9999,-9999,-9999,-9999,-9999,-9999,-9999,-9999,-9999,-9999,-9999,-9999,-9999,-9999,-9999,-9999,-9999,-9999,-9999,-9999
Day_Of_Year, day, None, calendar day beginning January 1
Latitude, deg, Platform_Latitude_InSitu_None
Longitude, deg, Platform_Longitude_InSitu_None
MSL_GPS_Altitude, m, Platform_AltitudeMSL_InSitu_None
HAE_GPS_Altitude, m, Platform_AltitudeEllipsoid_InSitu_None, reference WGS-84
Pressure_Altitude, ft, Platform_AltitudePressure_InSitu_None
Radar_Altitude, ft, Platform_AltitudeAGL_InSitu_None
Ground_Speed, m/s, Platform_GroundSpeed_InSitu_None
True_Air_Speed, kts, Platform_AircraftTrueAirSpeed_InSitu_None
Indicated_Air_Speed, kts, Platform_AircraftIndicatedAirSpeed_InSitu_None
Mach_Number, mach, None
Vertical_Speed, m/s, None
True_Heading, deg 0-360, Platform_HeadingTrue_InSitu_None, cw from +y
Track_Angle, deg 0-360, Platform_TrackAngle_InSitu_None, cw from +y
Drift_Angle, deg +-180, Platform_DriftAngle_InSitu_None, cw from +y
Pitch_Angle, deg +-180, Platform_PitchAngle_InSitu_None, up+
Roll_Angle, deg +-180, Platform_RollAngle_InSitu_None, rt+
Static_Air_Temp, degrees Celcius, Met_StaticAirTemperature_InSitu_None
Potential_Temp, Kelvin, Met_PotentialTemperature_InSitu_None
Dew_Point, degrees Celcius, Met_DewPoint_InSitu_None
Total_Air_Temp, degrees Celcius, None
IR_Surf_Temp, degrees Celcius, Met_SufaceTemperature_InSitu_None
Static_Pressure, hPa, Met_StaticPressure_InSitu_None
Cabin_Pressure, hPa, None
Wind_Speed, m/s, Met_WindSpeed_InSitu_None, limited to where Roll_Angle does not exceed 5 degrees
Wind_Direction, deg 0-360 cw from +y, Met_WindDirection_InSitu_None, limited to where Roll_Angle does not exceed 5 degrees
Solar_Zenith_Angle, deg, Platform_SolarZenithAngle_InSitu_None
Aircraft_Sun_Elevation, deg, None
Sun_Azimuth, deg, Platform_SolarAzimuthAngle_InSitu_None
Aircraft_Sun_Azimuth, deg, None
Mixing_Ratio, g/kg, Met_H2OMR_InSitu_None
Part_Press_Water_Vapor, hPa, Met_PartialPressureH2O_InSitu_None
Sat_Vapor_Press_H2O, hPa, Met_SatVaporPressureH2OWater_InSitu_None
Sat_Vapor_Press_Ice, hPa, Met_SatVaporPressureH2OIce_InSitu_None
Relative_Humidity, percent, Met_RelativeHumidityWater_InSitu_None
0
28
PI_CONTACT_INFO: Melissa Yang Martin, m.yang@baeri.org 
Platform: NASA DC-8 N817NA
LOCATION: Included in data records
ASSOCIATED_DATA: This flight represents FIREX-AQ Science Flight #02 out of Boise, ID. See FIREX-AQ archive on Langley archive at https://www-air.larc.nasa.gov/missions/firex-aq/index.html
INSTRUMENT_INFO: 
	Position, attitude, ground speed, and vertical speed from LN251
	Wind_Speed and Wind_Direction calculated from LN251, Aircraft Data System-85
	Radar_Altitude from APN-232
	Total_Air_Temperature from Rosemount 102 type non-deiced with Laurels LTE signal conditioner
	IR_Surface_Temp from KT-19.85II
        Cabin_Pressure from MKS Baratron 220D
	Dew_Point and calculated water vapor parameters from Buck Hygrometer 1011-C
[...]
LLOD_FLAG:-8888
LLOD_VALUE:0,-90,-180,N/A,N/A,-1871,0,0,0,0,0,-104.04,0,0,-180,-180,-180,-99,N/A,-60,-60,-50,N/A,0.66,0,0,N/A,N/A,N/A,N/A,N/A,N/A,N/A,N/A,N/A
DM_CONTACT_INFO: Ryan Bennett, r.bennett@baeri.org
PROJECT_INFO: N/A
STIPULATIONS_ON_USE: Please contact PI or DM with questions on best use practices and instrumentation caveats that are not explicitly published here.
OTHER_COMMENTS: Wind Speed and Wind Direction flagged where Roll_Angle exceeds 5 degrees. Few segments of Dew_Point and associated water vapor calculations may be flagged due to instrument dew point overshoots on aircraft descent due to condensation within the probe. Potential_Temp derived from Static_Air_Temp and Static_Pressure.
REVISION: R0
R0: R0: Public release data with limits of detection and instrument calibrations applied to Total_Air_Temp (follows through to reduction to Static_Air_Temp and calculation of Potential_Temp), and Cabin_Pressure.
RB: Altered Time_Start per request of FIREX-AQ management.
RA: Preliminary field data with limits of detection applied.
Time_Start,Day_Of_Year,Latitude,Longitude,MSL_GPS_Altitude,HAE_GPS_Altitude,Pressure_Altitude,Radar_Altitude,Ground_Speed,True_Air_Speed,Indicated_Air_Speed,Mach_Number,Vertical_Speed,True_Heading,Track_Angle,Drift_Angle,Pitch_Angle,Roll_Angle,Static_Air_Temp,Potential_Temp,Dew_Point,Total_Air_Temp,IR_Surf_Temp,Static_Pressure,Cabin_Pressure,Wind_Speed,Wind_Direction,Solar_Zenith_Angle,Aircraft_Sun_Elevation,Sun_Azimuth,Aircraft_Sun_Azimuth,Mixing_Ratio,Part_Press_Water_Vapor,Sat_Vapor_Press_H2O,Sat_Vapor_Press_Ice,Relative_Humidity
[from data line 5078]
81546,205,43.9012043,-111.6738651,4271,4252.5,13182,9086.0,169.26,308.12,247.12,0.475,11.5,45.11,48.09,3.0,8.16,-25.42,4.43,319.0,-10.2,17.0,30.9,614.96,970.2,-9999,-9999,45.3,58.2,-107.0,179.6,2.90,2.85,8.47,8.85,33.65
81547,205,43.9022351,-111.6723202,4282,4264.3,13217,9112.5,168.75,308.69,247.44,0.476,12.3,43.30,46.47,3.2,8.47,-25.79,4.57,319.3,-10.7,17.2,30.3,614.11,970.0,-9999,-9999,45.3,59.3,-107.0,-178.9,2.80,2.75,8.56,8.95,32.13
81548,205,43.9032939,-111.6708212,4294,4276.9,13254,9158.0,168.23,309.31,247.88,0.477,12.9,41.76,44.88,3.1,8.42,-26.13,4.58,319.4,-11.1,17.2,29.7,613.21,970.0,-9999,-9999,45.3,60.0,-107.0,-177.7,2.70,2.65,8.56,8.96,30.98
81549,205,43.9043792,-111.6693675,4307,4289.9,13293,9210.5,167.75,309.69,247.88,0.477,13.1,40.14,43.31,3.2,8.30,-26.11,4.60,319.6,-11.6,17.3,29.1,612.26,970.1,-9999,-9999,45.3,60.5,-107.0,-175.9,2.61,2.56,8.57,8.97,29.84
81550,205,43.9054897,-111.6679588,4320,4303.0,13334,9218.0,167.30,310.44,248.25,0.479,13.1,38.45,41.78,3.3,8.18,-26.06,4.54,319.7,-12.0,17.3,28.5,611.26,970.1,-9999,-9999,45.3,61.2,-107.0,-173.8,2.52,2.46,8.54,8.93,28.86
81551,205,43.9066233,-111.6665939,4332,4315.9,13375,9266.5,166.85,310.50,248.06,0.479,12.9,36.73,40.29,3.6,8.12,-25.97,4.45,319.7,-12.5,17.2,28.0,610.26,969.8,-9999,-9999,45.3,61.8,-107.0,-171.6,2.43,2.37,8.48,8.86,27.97
81552,205,43.9077791,-111.6652739,4346,4328.8,13415,9334.5,166.41,309.88,247.44,0.478,12.8,35.04,38.78,3.7,8.01,-26.07,4.50,319.9,-13.0,17.2,27.6,609.29,969.9,-9999,-9999,45.3,62.4,-107.0,-169.6,2.34,2.29,8.51,8.90,26.88
81553,205,43.9089565,-111.6640003,4359,4341.5,13456,9361.5,165.96,310.19,247.44,0.478,12.7,33.41,37.26,3.8,8.01,-26.27,4.47,320.0,-13.4,17.2,27.1,608.30,970.0,-9999,-9999,45.3,63.1,-107.0,-167.9,2.27,2.21,8.50,8.88,26.04
81554,205,43.9101548,-111.6627738,4371,4354.1,13496,9396.5,165.52,309.38,246.50,0.477,12.4,31.88,35.76,3.9,7.93,-25.02,4.40,320.1,-13.8,17.0,27.0,607.33,969.9,-9999,-9999,45.3,63.5,-107.0,-163.7,2.20,2.14,8.45,8.83,25.36
81555,205,43.9113720,-111.6615927,4384,4366.4,13535,9421.5,165.11,309.25,246.31,0.477,12.3,30.36,34.38,4.0,7.65,-22.37,4.26,320.1,-14.1,16.9,27.3,606.39,969.9,-9999,-9999,45.3,63.0,-107.0,-157.0,2.14,2.08,8.37,8.73,24.83
81556,205,43.9126054,-111.6604522,4396,4378.6,13573,9438.0,164.77,308.56,245.50,0.476,12.2,28.77,33.14,4.4,7.52,-21.16,4.22,320.2,-14.4,16.8,28.1,605.47,969.7,-9999,-9999,45.3,62.8,-107.0,-152.7,2.09,2.02,8.34,8.70,24.27
81557,205,43.9138537,-111.6593514,4408,4390.9,13611,9489.5,164.36,308.50,245.31,0.476,12.4,27.28,31.88,4.6,7.71,-21.68,4.07,320.1,-14.8,16.6,29.0,604.55,969.5,-9999,-9999,45.3,63.6,-107.0,-151.1,2.04,1.97,8.26,8.60,23.91
81558,205,43.9151159,-111.6582924,4421,4403.4,13650,9524.5,163.89,307.88,244.62,0.475,12.6,25.95,30.50,4.6,8.14,-24.13,3.93,320.1,-15.0,16.4,30.0,603.61,969.6,-9999,-9999,45.3,65.4,-107.0,-152.9,1.99,1.93,8.18,8.51,23.59
81559,205,43.9163934,-111.6572819,4433,4416.1,13689,9555.0,163.37,307.94,244.56,0.475,12.8,24.76,28.99,4.2,8.37,-25.31,3.78,320.1,-15.3,16.3,30.9,602.68,969.4,-9999,-9999,45.3,66.5,-107.0,-153.2,1.96,1.89,8.09,8.40,23.40
81560,205,43.9176858,-111.6563220,4446,4428.8,13728,9625.0,162.86,307.62,244.19,0.475,12.7,23.46,27.49,4.0,8.22,-25.08,3.65,320.1,-15.4,16.1,31.3,601.74,969.2,-9999,-9999,45.3,66.6,-107.0,-150.9,1.94,1.87,8.02,8.32,23.28
81561,205,43.9189921,-111.6554115,4458,4441.3,13767,9682.0,162.42,307.19,243.69,0.474,12.6,21.86,26.01,4.1,8.06,-25.17,3.68,320.3,-15.5,16.1,31.3,600.80,969.2,-9999,-9999,45.3,67.0,-107.0,-148.8,1.92,1.85,8.04,8.34,23.03
81562,205,43.9202982,-111.6545600,4471,4453.9,13805,9703.0,161.90,307.44,243.75,0.474,12.7,20.01,24.49,4.5,8.41,-25.62,3.56,320.3,-15.6,16.0,31.0,599.89,968.9,-9999,-9999,45.3,68.0,-107.0,-146.2,1.91,1.84,7.97,8.26,23.09
81563,205,43.9216426,-111.6537456,4484,4467.0,13843,9717.5,161.25,306.94,243.12,0.474,13.3,18.10,22.83,4.7,8.85,-25.80,3.46,320.3,-15.7,15.9,30.7,598.98,969.1,-9999,-9999,45.3,69.0,-107.0,-142.6,1.91,1.83,7.91,8.19,23.16
81564,205,43.9229840,-111.6529959,4498,4480.6,13884,9784.5,160.52,306.25,242.44,0.473,14.0,16.26,21.16,4.9,9.10,-25.82,3.41,320.4,-15.7,15.8,30.2,598.00,969.1,-9999,-9999,45.3,69.7,-107.0,-138.8,1.90,1.82,7.88,8.16,23.15
81565,205,43.9243344,-111.6523039,4512,4494.9,13927,9834.0,159.77,305.88,242.00,0.472,14.6,14.52,19.49,5.0,9.06,-25.98,3.24,320.3,-15.8,15.6,29.5,596.98,968.7,-9999,-9999,45.3,70.2,-107.0,-135.7,1.90,1.82,7.79,8.05,23.32
81566,205,43.9256926,-111.6516687,4527,4509.6,13971,9867.0,159.08,305.69,241.69,0.472,14.8,12.80,17.86,5.1,8.93,-26.31,3.11,320.3,-15.8,15.4,28.9,595.93,968.9,-9999,-9999,45.3,70.7,-107.0,-133.1,1.89,1.81,7.72,7.97,23.43
81567,205,43.9270579,-111.6510894,4541,4524.4,14018,9913.0,158.45,304.75,240.81,0.471,14.7,11.13,16.24,5.1,8.76,-26.60,2.94,320.3,-15.9,15.2,28.3,594.81,968.9,-9999,-9999,45.3,71.1,-107.0,-130.4,1.89,1.80,7.62,7.85,23.64
81568,205,43.9284291,-111.6505661,4556,4538.9,14064,9958.5,157.85,304.56,240.44,0.470,14.4,9.54,14.61,5.1,8.56,-26.84,2.80,320.3,-15.9,15.0,27.7,593.71,968.8,-9999,-9999,45.3,71.5,-107.0,-127.8,1.89,1.80,7.55,7.77,23.82
81569,205,43.9298055,-111.6500983,4570,4553.2,14109,9994.0,157.31,304.31,240.00,0.470,14.0,7.97,13.00,5.0,8.32,-26.68,2.67,320.3,-15.9,14.9,27.5,592.65,968.7,-9999,-9999,45.3,71.5,-107.0,-124.6,1.89,1.80,7.48,7.69,24.01
81570,205,43.9311862,-111.6496854,4584,4567.0,14153,10064.5,156.80,304.25,239.88,0.470,13.6,6.38,11.40,5.0,8.17,-26.28,2.57,320.4,-15.9,14.8,27.6,591.60,968.7,-9999,-9999,45.3,71.3,-107.0,-120.8,1.89,1.80,7.43,7.63,24.17
81571,205,43.9325702,-111.6493264,4597,4580.5,14195,10121.5,156.31,303.88,239.50,0.470,13.3,4.73,9.82,5.1,8.15,-25.84,2.50,320.5,-15.9,14.7,28.2,590.61,968.7,-9999,-9999,45.4,71.1,-106.9,-116.6,1.90,1.80,7.39,7.58,24.29
81572,205,43.9339562,-111.6490211,4610,4593.7,14237,10136.0,155.78,303.38,238.81,0.469,13.2,3.07,8.23,5.2,8.27,-25.68,2.35,320.4,-15.9,14.5,29.1,589.62,968.6,-9999,-9999,45.4,71.1,-106.9,-112.5,1.90,1.79,7.31,7.49,24.55
81573,205,43.9353430,-111.6487707,4623,4606.9,14278,10171.0,155.24,303.12,238.56,0.469,13.2,1.46,6.62,5.2,8.33,-25.72,2.40,320.6,-15.9,14.5,30.0,588.65,968.5,-9999,-9999,45.4,71.3,-106.9,-108.7,1.90,1.79,7.34,7.52,24.41
81574,205,43.9367432,-111.6485738,4637,4620.1,14318,10227.5,154.67,303.19,238.44,0.469,13.1,359.81,4.99,5.2,8.39,-25.59,2.44,320.8,-16.0,14.6,30.6,587.71,968.4,-9999,-9999,45.4,71.2,-106.9,-104.9,1.90,1.79,7.36,7.55,24.26
81575,205,43.9381141,-111.6484352,4650,4633.1,14358,10260.5,154.11,303.19,238.31,0.469,13.2,358.14,3.39,5.2,8.41,-25.42,2.35,320.9,-16.0,14.5,30.7,586.76,968.3,-9999,-9999,45.4,71.0,-106.9,-101.0,1.89,1.78,7.31,7.49,24.32
81576,205,43.9394961,-111.6483493,4664,4646.3,14398,10291.5,153.53,302.94,237.88,0.469,13.3,356.41,1.76,5.3,8.48,-25.43,2.22,320.9,-16.1,14.3,30.4,585.82,968.3,-9999,-9999,45.4,70.9,-106.9,-97.1,1.88,1.77,7.25,7.41,24.41
81577,205,43.9408740,-111.6483180,4677,4659.7,14440,10335.0,152.93,303.00,237.81,0.469,13.4,354.74,0.11,5.4,8.57,-25.85,1.92,320.7,-16.1,14.0,29.5,584.84,968.2,-9999,-9999,45.4,71.2,-106.9,-93.3,1.88,1.76,7.09,7.23,24.83
81578,205,43.9422464,-111.6483424,4691,4673.1,14481,10390.5,152.33,302.19,236.94,0.468,13.4,353.16,358.42,5.3,8.56,-26.15,1.70,320.6,-16.2,13.7,28.6,583.88,968.3,-9999,-9999,45.4,71.3,-106.9,-89.8,1.88,1.76,6.98,7.11,25.18
81579,205,43.9436125,-111.6484226,4704,4686.4,14522,10451.0,151.77,301.81,236.56,0.467,13.2,351.67,356.75,5.1,8.44,-26.10,1.62,320.6,-16.1,13.6,27.6,582.92,968.3,-9999,-9999,45.4,71.1,-106.9,-86.8,1.88,1.76,6.94,7.06,25.36
81580,205,43.9449717,-111.6485567,4717,4699.5,14563,10467.5,151.26,301.62,236.25,0.467,13.0,350.14,355.12,5.0,8.34,-25.68,1.54,320.7,-16.1,13.5,26.5,581.96,968.3,-9999,-9999,45.4,70.4,-106.9,-84.0,1.90,1.77,6.90,7.01,25.67
81581,205,43.9463233,-111.6487429,4730,4712.4,14605,10527.5,150.76,302.06,236.50,0.468,12.8,348.49,353.50,5.0,8.33,-25.54,1.50,320.8,-15.9,13.5,25.8,580.98,968.2,-9999,-9999,45.4,70.0,-106.9,-80.7,1.92,1.79,6.88,6.99,26.02
81582,205,43.9476659,-111.6489809,4743,4725.1,14644,10557.0,150.23,301.56,236.00,0.467,12.7,346.79,351.87,5.1,8.45,-25.61,1.24,320.6,-15.8,13.2,25.2,580.07,967.9,-9999,-9999,45.4,69.7,-106.9,-77.0,1.95,1.81,6.75,6.84,26.85
81583,205,43.9489981,-111.6492713,4756,4737.9,14684,10591.0,149.68,300.50,235.00,0.466,12.8,345.13,350.20,5.1,8.51,-25.57,1.07,320.6,-15.6,13.0,24.7,579.13,968.0,-9999,-9999,45.4,69.3,-106.9,-73.6,1.98,1.84,6.67,6.75,27.59
81584,205,43.9503186,-111.6496150,4769,4750.7,14724,10623.0,149.15,300.19,234.56,0.465,12.9,343.56,348.51,5.0,8.33,-25.54,0.91,320.5,-15.4,12.8,24.5,578.20,967.9,-9999,-9999,45.4,68.9,-106.9,-71.1,2.01,1.87,6.59,6.66,28.30
81585,205,43.9516268,-111.6500110,4781,4763.6,14764,10660.5,148.68,300.56,234.75,0.466,12.9,342.03,346.82,4.8,8.08,-25.70,0.73,320.5,-15.3,12.6,24.7,577.27,968.1,-9999,-9999,45.4,68.7,-106.9,-68.7,2.04,1.89,6.51,6.56,28.96
81586,205,43.9529223,-111.6504587,4794,4776.4,14803,10718.0,148.27,300.56,234.69,0.466,12.7,340.51,345.15,4.6,7.92,-25.87,0.67,320.6,-15.2,12.6,25.4,576.37,967.8,-9999,-9999,45.4,68.5,-106.9,-66.1,2.05,1.90,6.48,6.53,29.26
81587,205,43.9542046,-111.6509567,4807,4788.9,14841,10771.5,147.89,299.94,234.06,0.465,12.3,338.88,343.51,4.6,7.93,-25.61,0.52,320.5,-15.2,12.4,26.1,575.49,967.8,-9999,-9999,45.4,67.8,-106.9,-63.6,2.06,1.90,6.41,6.45,29.63
81588,205,43.9554727,-111.6515041,4819,4801.0,14879,10779.5,147.50,299.12,233.31,0.464,12.0,337.24,341.87,4.6,7.88,-25.43,0.39,320.5,-15.3,12.2,26.8,574.61,967.9,-9999,-9999,45.4,67.2,-106.9,-61.1,2.06,1.89,6.35,6.38,29.84
81589,205,43.9567258,-111.6520994,4832,4812.9,14917,10836.5,147.14,298.50,232.62,0.463,11.8,335.66,340.23,4.6,7.75,-25.41,0.19,320.4,-15.3,11.9,27.7,573.73,967.6,-9999,-9999,45.4,66.7,-106.9,-58.7,2.05,1.88,6.26,6.28,30.10
81590,205,43.9579632,-111.6527422,4843,4824.5,14955,10839.5,146.82,298.25,232.31,0.463,11.4,334.18,338.61,4.4,7.55,-24.82,0.06,320.4,-15.4,11.8,28.4,572.85,967.6,-9999,-9999,45.4,65.8,-106.9,-57.3,2.04,1.87,6.20,6.21,30.13
81591,205,43.9591849,-111.6534314,4855,4835.8,14991,10916.5,146.56,298.25,232.25,0.463,11.0,332.69,337.07,4.4,7.29,-23.20,0.00,320.5,-15.5,11.7,29.3,572.02,967.7,-9999,-9999,45.4,64.1,-106.9,-57.4,2.02,1.85,6.18,6.19,29.97
81592,205,43.9603915,-111.6541627,4866,4846.7,15027,10932.5,146.34,298.12,232.12,0.463,10.7,331.18,335.65,4.5,7.16,-21.42,0.09,320.5,-15.7,11.6,30.5,571.19,967.6,-9999,-9999,45.4,62.1,-106.9,-57.4,2.00,1.83,6.13,6.14,29.86
81593,205,43.9615834,-111.6549326,4876,4857.3,15062,10991.0,146.14,298.38,232.12,0.463,10.5,329.75,334.33,4.6,7.19,-19.56,-0.12,320.6,-15.8,11.6,31.4,570.39,967.5,-9999,-9999,45.4,60.1,-106.9,-57.3,1.98,1.81,6.12,6.12,29.63
81594,205,43.9627609,-111.6557375,4887,4867.9,15098,11016.5,145.90,298.88,232.50,0.465,10.7,328.45,333.09,4.6,7.25,-17.92,0.02,320.8,-15.9,11.8,32.3,569.56,967.7,-9999,-9999,45.4,58.3,-106.9,-57.0,1.97,1.80,6.17,6.17,29.18
81595,205,43.9639243,-111.6565744,4898,4878.7,15131,11042.5,145.67,298.88,232.38,0.465,10.8,327.32,331.96,4.6,7.28,-16.32,0.07,320.9,-16.0,11.7,33.4,568.80,967.4,-9999,-9999,45.4,56.6,-106.9,-57.0,1.96,1.79,6.14,6.15,29.05
81596,205,43.9650744,-111.6574406,4909,4889.5,15164,11082.0,145.48,298.56,232.00,0.464,10.8,326.34,330.96,4.6,7.28,-13.44,-0.14,320.9,-16.1,11.6,34.1,568.05,967.4,-9999,-9999,45.4,53.9,-106.9,-58.2,1.94,1.77,6.11,6.11,28.95
81597,205,43.9662133,-111.6583306,4919,4900.4,15196,11128.0,145.33,298.50,231.81,0.464,10.9,325.42,330.21,4.8,7.14,-9.54,0.09,321.1,-16.2,11.7,34.7,567.31,967.4,-9999,-9999,45.4,50.4,-106.9,-60.3,1.93,1.75,6.14,6.14,28.56
81598,205,43.9673443,-111.6592370,4930,4911.3,15228,11148.5,145.24,298.75,231.75,0.464,10.8,324.60,329.67,5.1,7.00,-7.78,-0.20,321.1,-16.3,11.6,35.0,566.58,967.4,-9999,-9999,45.4,48.6,-106.9,-60.7,1.91,1.73,6.09,6.08,28.48
81599,205,43.9684689,-111.6601561,4941,4922.1,15262,11217.0,145.15,298.44,231.38,0.464,10.8,324.10,329.18,5.1,7.10,-7.65,-0.27,321.1,-16.5,11.5,34.9,565.81,967.1,-9999,-9999,45.4,48.4,-106.9,-60.1,1.89,1.71,6.05,6.05,28.25
81600,205,43.9695866,-111.6610891,4952,4933.0,15295,11253.0,145.06,298.62,231.44,0.464,11.0,323.89,328.66,4.8,7.25,-7.42,-0.29,321.2,-16.7,11.5,34.7,565.05,967.4,-9999,-9999,45.4,48.0,-106.9,-59.8,1.86,1.68,6.05,6.04,27.84
81601,205,43.9706974,-111.6620349,4963,4944.1,15329,11263.5,144.94,298.94,231.50,0.465,11.1,323.77,328.19,4.4,7.23,-6.47,-0.46,321.2,-16.9,11.3,34.3,564.28,967.2,-9999,-9999,45.4,47.2,-106.9,-60.3,1.83,1.65,5.97,5.95,27.68
81602,205,43.9718022,-111.6629909,4974,4955.2,15363,11294.0,144.86,298.75,231.31,0.465,11.1,323.61,327.85,4.2,7.11,-3.81,-0.60,321.1,-17.1,11.2,34.0,563.50,967.4,14.1,274.4,45.4,45.0,-106.9,-61.9,1.79,1.62,5.91,5.89,27.41
81603,205,43.9729034,-111.6639531,4986,4966.2,15397,11330.5,144.84,299.06,231.38,0.465,11.0,323.39,327.71,4.3,6.97,-0.69,-0.72,321.1,-17.4,11.1,33.6,562.73,967.1,14.4,274.2,45.4,42.2,-106.9,-63.5,1.76,1.59,5.86,5.83,27.05
81604,205,43.9740053,-111.6649169,4997,4977.0,15431,11346.5,144.91,298.94,231.12,0.465,10.9,323.25,327.74,4.5,6.97,1.12,-0.86,321.1,-17.7,10.9,32.8,561.96,967.0,14.7,272.7,45.4,40.5,-106.9,-64.3,1.72,1.55,5.80,5.76,26.73
81605,205,43.9751088,-111.6658790,5007,4987.9,15466,11395.0,144.96,299.00,231.12,0.465,10.9,323.41,327.85,4.4,7.03,1.96,-1.01,321.0,-17.9,10.8,32.0,561.16,966.8,14.6,273.1,45.5,39.7,-106.9,-64.7,1.69,1.52,5.74,5.69,26.48
81606,205,43.9762135,-111.6668385,5018,4998.8,15500,11427.0,145.02,299.19,231.12,0.465,10.9,323.81,327.97,4.2,6.93,2.42,-1.22,320.9,-18.1,10.6,31.1,560.39,967.0,14.0,275.2,45.5,39.3,-106.9,-65.4,1.66,1.49,5.65,5.59,26.36
81607,205,43.9773202,-111.6677946,5029,5009.8,15534,11474.5,145.08,299.00,230.88,0.465,10.9,324.36,328.13,3.8,6.89,2.79,-1.41,320.8,-18.4,10.4,29.9,559.62,967.1,13.2,277.9,45.5,39.1,-106.9,-66.0,1.63,1.46,5.57,5.50,26.19
81608,205,43.9784293,-111.6687461,5040,5020.7,15569,11503.0,145.13,299.25,231.00,0.466,11.1,325.02,328.34,3.3,7.00,3.04,-1.38,321.0,-18.6,10.4,29.1,558.83,967.0,12.3,282.2,45.5,38.9,-106.9,-66.6,1.60,1.43,5.58,5.51,25.63
81609,205,43.9795413,-111.6696919,5051,5031.9,15603,11535.5,145.15,299.38,231.06,0.466,11.4,325.65,328.57,2.9,7.16,3.18,-1.50,321.0,-18.8,10.3,28.6,558.06,967.0,11.7,286.3,45.5,38.7,-106.9,-67.2,1.57,1.40,5.54,5.46,25.33
81610,205,43.9806563,-111.6706309,5062,5043.5,15639,11587.5,145.15,299.25,230.81,0.466,11.7,326.11,328.85,2.7,7.29,3.34,-1.59,321.0,-19.1,10.2,28.6,557.25,966.8,11.3,288.4,45.5,38.6,-106.9,-67.6,1.54,1.37,5.50,5.42,24.97
81611,205,43.9817745,-111.6715623,5074,5055.2,15675,11625.0,145.14,298.69,230.19,0.465,11.9,326.44,329.12,2.7,7.29,2.94,-1.69,321.0,-19.4,10.1,29.1,556.43,966.8,11.0,288.4,45.5,38.9,-106.9,-67.8,1.50,1.34,5.46,5.38,24.60
81612,205,43.9828959,-111.6724866,5086,5067.1,15710,11651.5,145.14,298.44,229.94,0.465,11.9,326.75,329.37,2.6,7.23,2.35,-1.72,321.1,-19.6,10.0,30.0,555.65,966.9,10.8,288.9,45.5,39.5,-106.9,-67.8,1.47,1.31,5.44,5.36,24.08
81613,205,43.9840201,-111.6734049,5098,5079.0,15746,11684.0,145.16,298.88,230.19,0.466,11.8,326.97,329.58,2.6,7.15,1.94,-1.33,321.7,-19.9,10.5,31.4,554.84,966.6,11.0,289.9,45.5,40.0,-106.9,-68.0,1.44,1.28,5.60,5.54,22.87
81614,205,43.9851468,-111.6743179,5109,5090.8,15783,11725.5,145.17,300.06,231.06,0.468,11.8,327.13,329.76,2.6,7.05,1.38,-1.23,322.0,-20.1,10.7,32.6,554.00,966.7,11.5,291.6,45.5,40.5,-106.9,-67.9,1.42,1.26,5.65,5.59,22.31
81615,205,43.9862742,-111.6752281,5121,5102.6,15819,11767.0,145.18,300.12,230.94,0.468,11.7,327.31,329.89,2.6,6.98,0.71,-1.23,322.1,-20.2,10.7,33.7,553.20,966.5,11.4,292.4,45.5,41.2,-106.9,-67.9,1.40,1.25,5.64,5.58,22.07
81616,205,43.9874034,-111.6761372,5133,5114.0,15855,11805.5,145.21,300.75,231.12,0.469,11.6,327.48,329.96,2.5,6.98,0.16,-1.33,322.1,-20.3,10.6,34.8,552.39,966.5,11.5,294.4,45.5,41.7,-106.9,-67.8,1.40,1.24,5.61,5.54,22.11
