Data/Raw/YANG,MELISSA/FIREXAQ-MetNav_DC8_20190724_R0.ict
77, 1001
Project Office
NSRC - National Suborbital Research Center
N817NA Meteorological and Navigation Facility Instrumentation
FIREX-AQ
1,1
2019,07,24,2020,02,28
1
Time_Start, seconds (from midnight UTC)
35
1,1,1,1,1,1,1,1,1,1,1,1,1,1,1,1,1,1,1,1,1,1,1,1,1,1,1,1,1,1,1,1,1,1,1
-9999,-9999,-9999,-9999,-9999,-9999,-9999,-9999,-9999,-9999,-9999,-9999,-9999,-9999,-9999,-9999,-9999,-9999,-9999,-9999,-9999,-9999,-9999,-9999,-9999,-9999,-9999,-9999,-9999,-9999,-9999,-9999,-9999,-9999,-9999
Day_Of_Year, day, None, calendar day beginning January 1
Latitude, deg, Platform_Latitude_InSitu_None
Longitude, deg, Platform_Longitude_InSitu_None
MSL_GPS_Altitude, m, Platform_AltitudeMSL_InSitu_None
HAE_GPS_Altitude, m, Platform_AltitudeEllipsoid_InSitu_None, reference WGS-84
Pressure_Altitude, ft, Platform_AltitudePressure_InSitu_None
Radar_Altitude, ft, Platform_AltitudeAGL_InSitu_None
Ground_Speed, m/s, Platform_GroundSpeed_InSitu_None
True_Air_Speed, kts, Platform_AircraftTrueAirSpeed_InSitu_None
Indicated_Air_Speed, kts, Platform_AircraftIndicatedAirSpeed_InSitu_None
Mach_Number, mach, None
Vertical_Speed, m/s, None
True_Heading, deg 0-360, Platform_HeadingTrue_InSitu_None, cw from +y
Track_Angle, deg 0-360, Platform_TrackAngle_InSitu_None, cw from +y
Drift_Angle, deg +-180, Platform_DriftAngle_InSitu_None, cw from +y
Pitch_Angle, deg +-180, Platform_PitchAngle_InSitu_None, up+
Roll_Angle, deg +-180, Platform_RollAngle_InSitu_None, rt+
Static_Air_Temp, degrees Celcius, Met_StaticAirTemperature_InSitu_None
Potential_Temp, Kelvin, Met_PotentialTemperature_InSitu_None
Dew_Point, degrees Celcius, Met_DewPoint_InSitu_None
Total_Air_Temp, degrees Celcius, None
IR_Surf_Temp, degrees Celcius, Met_SufaceTemperature_InSitu_None
Static_Pressure, hPa, Met_StaticPressure_InSitu_None
Cabin_Pressure, hPa, None
Wind_Speed, m/s, Met_WindSpeed_InSitu_None, limited to where Roll_Angle does not exceed 5 degrees
Wind_Direction, deg 0-360 cw from +y, Met_WindDirection_InSitu_None, limited to where Roll_Angle does not exceed 5 degrees
Solar_Zenith_Angle, deg, Platform_SolarZenithAngle_InSitu_None
Aircraft_Sun_Elevation, deg, None
Sun_Azimuth, deg, Platform_SolarAzimuthAngle_InSitu_None
Aircraft_Sun_Azimuth, deg, None
Mixing_Ratio, g/kg, Met_H2OMR_InSitu_None
Part_Press_Water_Vapor, hPa, Met_PartialPressureH2O_InSitu_None
Sat_Vapor_Press_H2O, hPa, Met_SatVaporPressureH2OWater_InSitu_None
Sat_Vapor_Press_Ice, hPa, Met_SatVaporPressureH2OIce_InSitu_None
Relative_Humidity, percent, Met_RelativeHumidityWater_InSitu_None
0
28
PI_CONTACT_INFO: Melissa Yang Martin, m.yang@baeri.org 
Platform: NASA DC-8 N817NA
LOCATION: Included in data records
ASSOCIATED_DATA: This flight represents FIREX-AQ Science Flight #02 out of Boise, ID. See FIREX-AQ archive on Langley archive at https://www-air.larc.nasa.gov/missions/firex-aq/index.html
INSTRUMENT_INFO: 
	Position, attitude, ground speed, and vertical speed from LN251
	Wind_Speed and Wind_Direction calculated from LN251, Aircraft Data System-85
	Radar_Altitude from APN-232
	Total_Air_Temperature from Rosemount 102 type non-deiced with Laurels LTE signal conditioner
	IR_Surface_Temp from KT-19.85II
        Cabin_Pressure from MKS Baratron 220D
	Dew_Point and calculated water vapor parameters from Buck Hygrometer 1011-C
[...]
LLOD_FLAG:-8888
LLOD_VALUE:0,-90,-180,N/A,N/A,-1871,0,0,0,0,0,-104.04,0,0,-180,-180,-180,-99,N/A,-60,-60,-50,N/A,0.66,0,0,N/A,N/A,N/A,N/A,N/A,N/A,N/A,N/A,N/A
DM_CONTACT_INFO: Ryan Bennett, r.bennett@baeri.org
PROJECT_INFO: N/A
STIPULATIONS_ON_USE: Please contact PI or DM with questions on best use practices and instrumentation caveats that are not explicitly published here.
OTHER_COMMENTS: Wind Speed and Wind Direction flagged where Roll_Angle exceeds 5 degrees. Few segments of Dew_Point and associated water vapor calculations may be flagged due to instrument dew point overshoots on aircraft descent due to condensation within the probe. Potential_Temp derived from Static_Air_Temp and Static_Pressure.
REVISION: R0
R0: R0: Public release data with limits of detection and instrument calibrations applied to Total_Air_Temp (follows through to reduction to Static_Air_Temp and calculation of Potential_Temp), and Cabin_Pressure.
RB: Altered Time_Start per request of FIREX-AQ management.
RA: Preliminary field data with limits of detection applied.
Time_Start,Day_Of_Year,Latitude,Longitude,MSL_GPS_Altitude,HAE_GPS_Altitude,Pressure_Altitude,Radar_Altitude,Ground_Speed,True_Air_Speed,Indicated_Air_Speed,Mach_Number,Vertical_Speed,True_Heading,Track_Angle,Drift_Angle,Pitch_Angle,Roll_Angle,Static_Air_Temp,Potential_Temp,Dew_Point,Total_Air_Temp,IR_Surf_Temp,Static_Pressure,Cabin_Pressure,Wind_Speed,Wind_Direction,Solar_Zenith_Angle,Aircraft_Sun_Elevation,Sun_Azimuth,Aircraft_Sun_Azimuth,Mixing_Ratio,Part_Press_Water_Vapor,Sat_Vapor_Press_H2O,Sat_Vapor_Press_Ice,Relative_Humidity
[from data line 10601]
87069,205,44.5729802,-114.4859469,5294,5277.3,16419,8120.5,180.65,339.62,259.44,0.530,10.2,169.84,164.77,-5.1,5.07,30.06,-2.49,322.8,-31.4,12.7,24.9,539.87,955.2,-9999,-9999,59.6,60.7,-91.6,98.6,0.52,0.45,5.14,5.03,8.81
87070,205,44.5714077,-114.4853836,5305,5287.5,16451,7973.0,180.37,339.69,259.31,0.530,10.0,171.60,166.51,-5.1,5.11,30.10,-2.55,322.9,-31.1,12.7,24.7,539.17,955.1,-9999,-9999,59.6,60.8,-91.6,95.5,0.54,0.47,5.12,5.00,9.08
87071,205,44.5698262,-114.4848886,5315,5297.5,16482,7934.5,180.07,340.25,259.75,0.531,10.0,173.44,168.27,-5.2,5.19,29.93,-2.60,322.9,-30.8,12.7,24.4,538.49,955.2,-9999,-9999,59.6,60.6,-91.6,92.1,0.55,0.48,5.10,4.98,9.36
87072,205,44.5682375,-114.4844624,5325,5307.5,16514,8357.5,179.75,340.69,259.94,0.532,10.0,175.31,170.03,-5.3,5.22,29.88,-2.69,323.0,-30.6,12.6,24.0,537.78,954.9,-9999,-9999,59.6,60.4,-91.6,88.8,0.57,0.49,5.07,4.95,9.67
87073,205,44.5666432,-114.4841053,5335,5317.5,16545,8566.5,179.40,341.19,260.19,0.533,10.0,177.17,171.79,-5.4,5.27,30.05,-2.78,323.0,-30.3,12.6,23.6,537.10,955.1,-9999,-9999,59.6,60.4,-91.6,85.5,0.58,0.50,5.03,4.91,9.99
87074,205,44.5650450,-114.4838183,5345,5327.5,16575,8617.0,179.02,341.44,260.25,0.533,10.1,179.05,173.59,-5.5,5.37,30.07,-2.81,323.0,-30.0,12.6,23.2,536.45,955.0,-9999,-9999,59.6,60.2,-91.6,82.1,0.60,0.52,5.02,4.89,10.27
87075,205,44.5634446,-114.4836022,5355,5337.7,16605,8612.5,178.61,341.81,260.50,0.534,10.2,180.93,175.39,-5.5,5.45,30.02,-2.84,323.1,-29.7,12.6,22.9,535.79,954.6,-9999,-9999,59.6,59.8,-91.6,78.8,0.61,0.53,5.01,4.88,10.56
87076,205,44.5618440,-114.4834571,5365,5348.0,16637,8617.0,178.18,342.19,260.69,0.535,10.4,182.79,177.20,-5.6,5.53,30.12,-2.93,323.1,-29.5,12.5,22.7,535.09,954.8,-9999,-9999,59.6,59.5,-91.6,75.5,0.63,0.54,4.98,4.85,10.90
87077,205,44.5602449,-114.4833829,5375,5358.5,16668,8550.0,177.73,342.44,260.69,0.535,10.5,184.61,179.01,-5.6,5.58,30.21,-3.04,323.1,-29.3,12.4,22.4,534.42,954.7,-9999,-9999,59.6,59.2,-91.5,72.4,0.64,0.55,4.94,4.80,11.20
87078,205,44.5586489,-114.4833799,5386,5369.0,16700,8377.5,177.29,342.62,260.69,0.535,10.6,186.42,180.83,-5.6,5.66,30.13,-3.11,323.2,-29.1,12.4,22.1,533.72,954.8,-9999,-9999,59.6,58.7,-91.5,69.5,0.66,0.56,4.91,4.77,11.45
87079,205,44.5570575,-114.4834476,5396,5379.6,16732,8400.5,176.82,342.94,260.88,0.536,10.7,188.23,182.65,-5.6,5.70,29.93,-3.14,323.2,-28.9,12.4,21.7,533.02,954.4,-9999,-9999,59.6,58.0,-91.5,66.7,0.67,0.57,4.90,4.76,11.68
87080,205,44.5554728,-114.4835851,5407,5390.3,16765,8451.0,176.35,343.12,260.81,0.536,10.8,190.04,184.45,-5.6,5.70,29.85,-3.21,323.3,-28.7,12.3,21.1,532.30,954.6,-9999,-9999,59.7,57.5,-91.5,64.0,0.68,0.58,4.88,4.73,11.94
87081,205,44.5538964,-114.4837923,5418,5401.3,16797,8415.0,175.85,342.94,260.44,0.536,11.1,191.95,186.30,-5.6,5.92,29.90,-3.24,323.4,-28.5,12.3,20.7,531.61,954.5,-9999,-9999,59.7,56.9,-91.5,60.9,0.69,0.59,4.86,4.72,12.18
87082,205,44.5523305,-114.4840713,5429,5412.7,16831,8418.5,175.26,343.12,260.50,0.536,11.8,193.95,188.24,-5.7,6.35,29.97,-3.26,323.5,-28.3,12.3,20.4,530.87,954.6,-9999,-9999,59.7,56.1,-91.5,57.5,0.71,0.60,4.86,4.71,12.40
87083,205,44.5507782,-114.4844236,5441,5424.9,16866,8472.0,174.58,343.12,260.38,0.536,12.6,195.84,190.19,-5.6,6.61,29.94,-3.36,323.5,-28.2,12.2,20.4,530.11,954.7,-9999,-9999,59.7,55.3,-91.5,54.5,0.72,0.61,4.82,4.67,12.71
87084,205,44.5492413,-114.4848471,5454,5437.7,16903,8527.5,173.91,343.00,260.12,0.536,13.1,197.63,192.09,-5.5,6.73,29.63,-3.40,323.6,-28.0,12.1,20.5,529.31,954.6,-9999,-9999,59.7,54.3,-91.5,52.2,0.73,0.62,4.81,4.66,12.97
87085,205,44.5477207,-114.4853385,5467,5450.9,16943,8601.5,173.26,343.12,259.94,0.536,13.4,199.42,193.92,-5.5,6.81,29.25,-3.50,323.6,-27.8,12.0,20.8,528.45,954.5,-9999,-9999,59.7,53.3,-91.5,50.1,0.75,0.63,4.77,4.62,13.29
87086,205,44.5462172,-114.4858944,5481,5464.4,16983,8715.5,172.65,343.00,259.69,0.536,13.4,201.17,195.70,-5.5,6.77,29.17,-3.64,323.6,-27.6,11.9,21.2,527.58,954.6,-9999,-9999,59.7,52.5,-91.5,48.0,0.76,0.65,4.72,4.57,13.66
87087,205,44.5447319,-114.4865123,5494,5477.8,17024,8812.5,172.04,343.00,259.56,0.536,13.3,202.92,197.45,-5.5,6.74,29.34,-3.78,323.6,-27.4,11.7,21.5,526.70,954.1,-9999,-9999,59.7,51.9,-91.5,45.7,0.78,0.66,4.67,4.51,14.05
87088,205,44.5432658,-114.4871911,5507,5491.0,17064,8893.5,171.47,343.19,259.50,0.537,13.0,204.64,199.19,-5.4,6.59,29.51,-3.90,323.6,-27.2,11.6,21.7,525.84,954.3,-9999,-9999,59.7,51.4,-91.5,43.5,0.79,0.67,4.63,4.46,14.41
87089,205,44.5418199,-114.4879297,5520,5503.9,17105,8997.5,170.92,343.31,259.44,0.537,12.7,206.44,200.94,-5.5,6.50,29.68,-4.02,323.6,-27.1,11.5,21.8,524.95,954.3,-9999,-9999,59.7,50.9,-91.5,41.3,0.81,0.68,4.59,4.42,14.79
87090,205,44.5403956,-114.4887275,5533,5516.4,17146,9019.0,170.35,343.06,259.06,0.537,12.5,208.34,202.74,-5.6,6.53,29.98,-4.09,323.7,-26.9,11.4,21.7,524.07,954.5,-9999,-9999,59.7,50.2,-91.5,38.8,0.82,0.69,4.57,4.39,15.13
87091,205,44.5389956,-114.4895864,5546,5529.0,17185,9245.5,169.71,342.81,258.75,0.536,12.7,210.30,204.66,-5.6,6.72,30.32,-4.17,323.7,-26.7,11.3,21.6,523.24,954.5,-9999,-9999,59.7,49.4,-91.5,36.1,0.84,0.70,4.54,4.36,15.48
87092,205,44.5376234,-114.4905084,5559,5541.9,17225,9439.5,168.98,342.25,258.06,0.536,13.3,212.32,206.67,-5.6,7.12,30.25,-4.26,323.8,-26.5,11.2,21.6,522.38,954.5,-9999,-9999,59.7,48.2,-91.5,33.7,0.85,0.71,4.51,4.33,15.85
87093,205,44.5362815,-114.4914932,5572,5555.5,17265,9539.0,168.19,341.69,257.44,0.535,14.0,214.26,208.71,-5.6,7.43,29.94,-4.36,323.8,-26.3,11.0,21.9,521.52,954.3,-9999,-9999,59.7,46.9,-91.5,31.7,0.87,0.73,4.47,4.29,16.22
87094,205,44.5349711,-114.4925379,5586,5569.8,17307,9622.0,167.40,340.94,256.69,0.534,14.5,216.09,210.68,-5.4,7.56,29.60,-4.45,323.9,-26.1,10.9,22.4,520.62,954.0,-9999,-9999,59.7,45.7,-91.5,30.1,0.88,0.74,4.44,4.26,16.59
87095,205,44.5336926,-114.4936387,5600,5584.5,17352,9704.0,166.66,340.44,256.19,0.533,14.7,217.81,212.57,-5.2,7.57,29.33,-4.55,323.9,-26.0,10.7,23.3,519.66,954.2,-9999,-9999,59.7,44.7,-91.5,28.5,0.90,0.75,4.41,4.22,16.98
87096,205,44.5324454,-114.4947921,5615,5599.2,17397,9737.0,165.98,340.19,255.75,0.533,14.6,219.47,214.40,-5.1,7.48,29.19,-4.68,323.9,-25.8,10.6,23.9,518.71,954.0,-9999,-9999,59.7,43.8,-91.5,27.1,0.91,0.76,4.37,4.18,17.39
87097,205,44.5312296,-114.4959953,5629,5613.8,17442,9821.0,165.36,340.00,255.50,0.533,14.3,221.13,216.19,-4.9,7.37,29.13,-4.91,323.8,-25.7,10.3,24.6,517.75,954.0,-9999,-9999,59.7,43.1,-91.5,25.5,0.93,0.77,4.29,4.10,17.95
87098,205,44.5300454,-114.4972463,5643,5627.9,17486,9945.5,164.77,340.00,255.31,0.533,13.9,222.81,217.97,-4.8,7.28,29.18,-5.01,323.9,-25.5,10.2,25.0,516.81,953.9,-9999,-9999,59.7,42.4,-91.5,23.9,0.94,0.78,4.26,4.06,18.33
87099,205,44.5288940,-114.4985439,5657,5641.7,17530,10027.5,164.18,339.69,254.94,0.533,13.7,224.57,219.78,-4.8,7.30,29.31,-5.14,323.9,-25.4,10.1,25.3,515.88,954.1,-9999,-9999,59.7,41.6,-91.5,22.1,0.96,0.79,4.22,4.02,18.75
87100,205,44.5277773,-114.4998876,5671,5655.4,17573,10213.5,163.56,339.69,254.75,0.533,13.6,226.40,221.66,-4.7,7.41,29.47,-5.28,323.9,-25.2,9.9,25.5,514.97,953.9,-9999,-9999,59.7,40.6,-91.5,20.3,0.97,0.80,4.17,3.97,19.20
87101,205,44.5266975,-114.5012767,5685,5669.0,17617,10286.5,162.90,339.75,254.69,0.533,13.8,228.28,223.59,-4.7,7.53,29.59,-5.44,323.8,-25.1,9.8,25.5,514.04,953.8,-9999,-9999,59.7,39.6,-91.5,18.4,0.98,0.81,4.12,3.92,19.66
87102,205,44.5256564,-114.5027103,5698,5682.9,17659,10361.5,162.21,339.56,254.44,0.533,14.1,230.18,225.56,-4.6,7.69,29.65,-5.62,323.8,-25.0,9.6,25.4,513.15,954.1,-9999,-9999,59.7,38.6,-91.5,16.6,1.00,0.82,4.07,3.85,20.16
87103,205,44.5246568,-114.5041879,5712,5697.4,17703,10469.0,161.40,339.19,253.88,0.532,14.9,232.40,227.66,-4.7,8.36,29.67,-5.74,323.8,-24.9,9.4,25.2,512.22,953.8,-9999,-9999,59.7,37.0,-91.5,14.5,1.01,0.83,4.03,3.82,20.56
87104,205,44.5237023,-114.5057081,5728,5712.9,17752,10407.5,160.50,338.75,253.38,0.532,15.9,234.35,229.79,-4.6,8.55,29.58,-5.85,323.9,-24.7,9.3,24.5,511.19,954.0,-9999,-9999,59.7,35.7,-91.5,12.8,1.02,0.84,4.00,3.78,20.95
87105,205,44.5227928,-114.5072668,5744,5729.1,17801,10511.0,159.69,338.25,252.69,0.531,16.4,236.03,231.80,-4.2,8.40,29.33,-6.00,323.9,-24.6,9.1,23.7,510.16,953.8,-9999,-9999,59.7,34.9,-91.5,11.5,1.03,0.85,3.95,3.73,21.40
87106,205,44.5219256,-114.5088603,5760,5745.4,17851,10571.5,159.00,337.69,252.12,0.530,16.2,237.65,233.68,-4.0,8.18,29.04,-6.24,323.8,-24.5,8.8,22.7,509.11,954.0,-9999,-9999,59.7,34.1,-91.5,10.4,1.05,0.85,3.88,3.66,22.02
87107,205,44.5210985,-114.5104861,5776,5761.4,17901,10645.0,158.43,337.19,251.56,0.530,15.7,239.23,235.48,-3.7,7.89,28.88,-6.39,323.8,-24.4,8.6,21.8,508.06,954.0,-9999,-9999,59.7,33.6,-91.5,9.2,1.06,0.86,3.83,3.61,22.49
87108,205,44.5203105,-114.5121415,5792,5776.8,17950,10652.0,157.96,336.50,250.81,0.529,14.9,240.80,237.23,-3.6,7.56,28.97,-6.48,323.8,-24.3,8.4,21.1,507.04,953.9,-9999,-9999,59.7,33.1,-91.5,7.9,1.07,0.87,3.81,3.58,22.84
87109,205,44.5195608,-114.5138248,5806,5791.3,17998,10720.0,157.56,335.94,250.12,0.528,14.0,242.38,238.97,-3.4,7.19,29.26,-6.59,323.9,-24.2,8.3,20.4,506.04,953.7,-9999,-9999,59.7,32.7,-91.5,6.4,1.08,0.88,3.78,3.55,23.24
87110,205,44.5188502,-114.5155353,5820,5804.8,18043,10795.0,157.22,335.25,249.50,0.527,13.0,244.07,240.74,-3.3,6.95,29.62,-6.73,323.9,-24.1,8.1,19.6,505.10,953.6,-9999,-9999,59.7,32.1,-91.4,4.8,1.09,0.89,3.74,3.50,23.69
87111,205,44.5181800,-114.5172726,5832,5817.5,18086,10882.5,156.89,334.88,249.06,0.526,12.4,245.89,242.59,-3.3,6.86,29.90,-6.90,323.9,-24.0,7.9,19.1,504.20,953.7,-9999,-9999,59.7,31.3,-91.4,3.1,1.10,0.89,3.69,3.45,24.21
87112,205,44.5175528,-114.5190360,5844,5829.6,18125,10961.5,156.54,334.56,248.75,0.526,12.0,247.84,244.54,-3.3,6.92,30.13,-6.97,323.9,-23.9,7.8,18.8,503.39,953.5,-9999,-9999,59.7,30.3,-91.4,1.4,1.12,0.90,3.67,3.43,24.57
87113,205,44.5169713,-114.5208242,5856,5841.6,18164,11084.5,156.14,334.12,248.38,0.526,12.0,249.87,246.58,-3.3,7.10,30.34,-7.09,323.9,-23.8,7.6,18.5,502.58,953.5,-9999,-9999,59.7,29.2,-91.4,-0.4,1.13,0.91,3.63,3.40,25.01
87114,205,44.5164379,-114.5226358,5869,5853.7,18203,11197.5,155.70,333.56,247.62,0.525,12.3,251.90,248.70,-3.2,7.27,30.42,-7.18,324.0,-23.7,7.5,18.4,501.77,953.5,-9999,-9999,59.7,28.0,-91.4,-2.1,1.14,0.92,3.61,3.37,25.42
87115,205,44.5159543,-114.5244686,5881,5866.2,18241,11303.5,155.26,332.94,247.06,0.524,12.6,253.90,250.83,-3.1,7.39,30.37,-7.23,324.0,-23.6,7.4,18.4,500.99,953.7,-9999,-9999,59.7,26.8,-91.4,-3.6,1.15,0.93,3.59,3.35,25.75
87116,205,44.5155211,-114.5263201,5894,5878.9,18280,11349.5,154.83,332.50,246.56,0.523,12.9,255.83,252.95,-2.9,7.44,30.28,-7.39,324.0,-23.5,7.2,18.5,500.18,953.5,-9999,-9999,59.7,25.8,-91.4,-5.1,1.16,0.93,3.55,3.31,26.30
87117,205,44.5151374,-114.5281876,5907,5891.8,18323,11395.0,154.46,332.06,246.12,0.523,12.9,257.64,255.01,-2.6,7.30,30.17,-7.51,324.0,-23.4,7.0,18.6,499.29,953.7,-9999,-9999,59.7,25.0,-91.4,-6.5,1.18,0.94,3.52,3.28,26.79
87118,205,44.5148019,-114.5300689,5920,5904.5,18362,11419.5,154.16,331.75,245.69,0.522,12.5,259.38,257.00,-2.4,7.07,30.09,-7.63,324.0,-23.3,6.9,18.7,498.49,953.5,-9999,-9999,59.7,24.4,-91.4,-7.8,1.19,0.95,3.49,3.24,27.31
87119,205,44.5145133,-114.5319620,5932,5916.8,18401,11455.5,153.94,331.38,245.25,0.522,12.0,261.12,258.96,-2.2,6.85,30.10,-7.70,324.1,-23.2,6.8,18.9,497.68,953.5,-9999,-9999,59.7,23.7,-91.4,-9.2,1.20,0.96,3.47,3.22,27.72
87120,205,44.5142715,-114.5338655,5944,5928.6,18439,11530.5,153.76,331.31,245.12,0.522,11.5,262.92,260.92,-2.0,6.74,30.29,-7.70,324.2,-23.1,6.8,19.2,496.90,953.5,-9999,-9999,59.7,22.9,-91.4,-10.7,1.22,0.97,3.47,3.22,27.99
87121,205,44.5140776,-114.5357775,5956,5939.9,18476,11610.0,153.59,331.56,245.25,0.522,11.2,264.77,262.95,-1.8,6.69,30.52,-7.82,324.2,-23.0,6.7,19.7,496.14,953.4,-9999,-9999,59.7,22.0,-91.4,-12.2,1.23,0.98,3.43,3.19,28.53
87122,205,44.5139330,-114.5376957,5967,5950.9,18512,11644.0,153.44,331.62,245.19,0.523,11.0,266.67,265.02,-1.7,6.69,30.61,-7.93,324.2,-22.9,6.6,20.4,495.40,953.1,-9999,-9999,59.7,21.1,-91.4,-13.7,1.24,0.99,3.41,3.16,29.03
87123,205,44.5138386,-114.5396179,5978,5961.8,18546,11666.5,153.28,331.75,245.12,0.523,10.9,268.65,267.13,-1.5,6.77,30.61,-8.04,324.2,-22.8,6.5,21.0,494.70,953.2,-9999,-9999,59.7,20.1,-91.4,-15.2,1.26,1.00,3.38,3.13,29.52
87124,205,44.5137953,-114.5415417,5989,5972.8,18580,11722.5,153.12,331.69,244.88,0.523,11.0,270.65,269.28,-1.4,6.90,30.60,-8.14,324.2,-22.7,6.4,21.6,494.01,953.5,-9999,-9999,59.7,19.1,-91.4,-16.8,1.27,1.00,3.35,3.10,29.97
87125,205,44.5138034,-114.5434643,6000,5983.9,18615,11764.0,152.96,331.75,244.81,0.523,11.1,272.53,271.40,-1.1,6.83,30.55,-8.19,324.3,-22.6,6.3,22.2,493.29,953.1,-9999,-9999,59.7,18.3,-91.4,-18.2,1.28,1.01,3.34,3.09,30.30
87126,205,44.5138616,-114.5453836,6011,5994.8,18650,11761.5,152.87,331.81,244.75,0.523,10.8,274.27,273.46,-0.8,6.56,30.42,-8.34,324.3,-22.5,6.2,22.4,492.58,953.4,-9999,-9999,59.7,17.7,-91.4,-19.6,1.29,1.02,3.30,3.05,30.84
87127,205,44.5139677,-114.5472988,6021,6005.3,18684,11752.0,152.90,331.88,244.69,0.523,10.0,275.84,275.37,-0.5,5.95,28.82,-8.39,324.3,-22.5,6.1,22.4,491.88,953.3,-9999,-9999,59.7,17.9,-91.4,-20.3,1.30,1.02,3.29,3.03,31.13
87128,205,44.5141174,-114.5492096,6031,6014.9,18715,11762.0,153.02,331.94,244.62,0.524,9.3,277.60,277.12,-0.5,5.64,27.05,-8.50,324.3,-22.4,6.0,22.3,491.25,953.2,-9999,-9999,59.7,18.1,-91.4,-20.9,1.30,1.03,3.26,3.00,31.53
87129,205,44.5143089,-114.5511144,6040,6024.0,18745,11727.0,153.12,332.06,244.69,0.524,8.9,279.42,278.89,-0.5,5.67,27.04,-8.61,324.3,-22.4,5.9,22.1,490.64,953.0,-9999,-9999,59.7,17.3,-91.4,-22.4,1.31,1.03,3.23,2.97,31.93
87130,205,44.5145429,-114.5530109,6050,6032.8,18774,11661.5,153.23,332.44,244.88,0.525,8.8,281.04,280.71,-0.3,5.65,26.38,-8.65,324.3,-22.4,5.9,21.8,490.05,953.2,-9999,-9999,59.8,16.9,-91.4,-23.5,1.32,1.03,3.22,2.96,32.12
87131,205,44.5148198,-114.5548976,6058,6041.5,18804,11691.0,153.35,332.56,244.81,0.525,8.7,282.61,282.43,-0.2,5.52,23.65,-8.81,324.3,-22.3,5.8,21.5,489.44,953.4,-9999,-9999,59.8,17.4,-91.4,-23.8,1.32,1.04,3.18,2.92,32.59
87132,205,44.5151347,-114.5567745,6067,6050.2,18830,11716.5,153.50,332.75,244.94,0.525,8.7,284.12,283.94,-0.2,5.32,20.78,-8.88,324.3,-22.3,5.7,21.4,488.91,953.0,-9999,-9999,59.8,18.2,-91.4,-24.0,1.32,1.04,3.16,2.91,32.83
87133,205,44.5154828,-114.5586416,6076,6058.9,18857,11751.5,153.63,333.12,245.06,0.526,8.8,285.47,285.25,-0.2,5.24,17.59,-8.96,324.3,-22.3,5.7,21.3,488.37,953.2,-9999,-9999,59.8,19.1,-91.4,-23.9,1.33,1.04,3.14,2.88,33.10
87134,205,44.5158595,-114.5604996,6085,6067.8,18884,11746.5,153.76,333.19,245.06,0.526,9.0,286.62,286.37,-0.3,5.37,14.63,-9.06,324.3,-22.3,5.6,21.2,487.82,952.8,-9999,-9999,59.8,19.8,-91.4,-23.7,1.33,1.04,3.12,2.86,33.42
87135,205,44.5162606,-114.5623492,6094,6077.0,18914,11752.0,153.86,333.56,245.25,0.527,9.3,287.45,287.35,-0.1,5.40,12.96,-9.10,324.3,-22.3,5.6,21.1,487.21,953.1,-9999,-9999,59.8,20.3,-91.4,-23.8,1.34,1.04,3.11,2.85,33.59
87136,205,44.5166828,-114.5641911,6103,6086.3,18942,11776.0,153.99,333.81,245.31,0.527,9.3,287.98,288.19,0.2,5.21,10.78,-9.23,324.3,-22.2,5.5,20.9,486.64,952.9,-9999,-9999,59.8,21.2,-91.4,-23.5,1.34,1.05,3.08,2.82,33.98
87137,205,44.5171227,-114.5660278,6112,6095.4,18969,11824.5,154.19,333.69,245.12,0.527,9.0,288.39,288.83,0.4,5.02,7.74,-9.27,324.3,-22.2,5.4,20.7,486.10,953.1,-9999,-9999,59.8,22.4,-91.4,-22.5,1.34,1.05,3.07,2.81,34.17
87138,205,44.5175759,-114.5678611,6121,6104.3,18997,11896.0,154.40,333.88,245.19,0.528,8.6,288.67,289.29,0.6,4.87,5.76,-9.33,324.4,-22.2,5.4,20.5,485.53,953.2,-9999,-9999,59.8,23.3,-91.4,-21.8,1.35,1.05,3.05,2.79,34.45
87139,205,44.5180387,-114.5696922,6130,6112.7,19024,11947.0,154.62,334.06,245.19,0.528,8.2,288.77,289.66,0.9,4.79,4.72,-9.40,324.4,-22.1,5.3,20.3,484.99,952.7,17.4,280.9,59.8,23.7,-91.4,-21.5,1.36,1.06,3.04,2.77,34.76
87140,205,44.5185105,-114.5715215,6138,6120.8,19050,11964.5,154.84,334.25,245.25,0.528,8.0,288.78,289.97,1.2,4.75,3.39,-9.46,324.4,-22.1,5.3,20.3,484.46,953.2,17.4,278.2,59.8,24.2,-91.4,-20.8,1.36,1.06,3.02,2.76,35.07
