Data/Raw/YANG,MELISSA/FIREXAQ-MetNav_DC8_20190717_R0_L2.ict
76, 1001
Project Office
NSRC - National Suborbital Research Center
N817NA Meteorological and Navigation Facility Instrumentation
FIREX-AQ/SARP
1,1
2019,07,17,2020,03,05
1
Time_Start, seconds (from midnight UTC)
35
1,1,1,1,1,1,1,1,1,1,1,1,1,1,1,1,1,1,1,1,1,1,1,1,1,1,1,1,1,1,1,1,1,1,1
-9999,-9999,-9999,-9999,-9999,-9999,-9999,-9999,-9999,-9999,-9999,-9999,-9999,-9999,-9999,-9999,-9999,-9999,-9999,-9999,-9999,-9999,-9999,-9999,-9999,-9999,-9999,-9999,-9999,-9999,-9999,-9999,-9999,-9999,-9999
Day_Of_Year, day, None, calendar day beginning January 1
Latitude, deg, Platform_Latitude_InSitu_None
Longitude, deg, Platform_Longitude_InSitu_None
MSL_GPS_Altitude, m, Platform_AltitudeMSL_InSitu_None
HAE_GPS_Altitude, m, Platform_AltitudeEllipsoid_InSitu_None, reference WGS-84
Pressure_Altitude, ft, Platform_AltitudePressure_InSitu_None
Radar_Altitude, ft, Platform_AltitudeAGL_InSitu_None
Ground_Speed, m/s, Platform_GroundSpeed_InSitu_None
True_Air_Speed, kts, Platform_AircraftTrueAirSpeed_InSitu_None
Indicated_Air_Speed, kts, Platform_AircraftIndicatedAirSpeed_InSitu_None
Mach_Number, mach, None
Vertical_Speed, m/s, None
True_Heading, deg 0-360, Platform_HeadingTrue_InSitu_None, cw from +y
Track_Angle, deg 0-360, Platform_TrackAngle_InSitu_None, cw from +y
Drift_Angle, deg +-180, Platform_DriftAngle_InSitu_None, cw from +y
Pitch_Angle, deg +-180, Platform_PitchAngle_InSitu_None, up+
Roll_Angle, deg +-180, Platform_RollAngle_InSitu_None, rt+
Static_Air_Temp, degrees Celcius, Met_StaticAirTemperature_InSitu_None
Potential_Temp, Kelvin, Met_PotentialTemperature_InSitu_None
Dew_Point, degrees Celcius, Met_DewPoint_InSitu_None
Total_Air_Temp, degrees Celcius, None
IR_Surf_Temp, degrees Celcius, Met_SufaceTemperature_InSitu_None
Static_Pressure, hPa, Met_StaticPressure_InSitu_None
Cabin_Pressure, hPa, None
Wind_Speed, m/s, Met_WindSpeed_InSitu_None, limited to where Roll_Angle does not exceed 5 degrees
Wind_Direction, deg 0-360 cw from +y, Met_WindDirection_InSitu_None, limited to where Roll_Angle does not exceed 5 degrees
Solar_Zenith_Angle, deg, Platform_SolarZenithAngle_InSitu_None
Aircraft_Sun_Elevation, deg, None
Sun_Azimuth, deg, Platform_SolarAzimuthAngle_InSitu_None
Aircraft_Sun_Azimuth, deg, None
Mixing_Ratio, g/kg, Met_H2OMR_InSitu_None
Part_Press_Water_Vapor, hPa, Met_PartialPressureH2O_InSitu_None
Sat_Vapor_Press_H2O, hPa, Met_SatVaporPressureH2OWater_InSitu_None
Sat_Vapor_Press_Ice, hPa, Met_SatVaporPressureH2OIce_InSitu_None
Relative_Humidity, percent, Met_RelativeHumidityWater_InSitu_None
0
27
PI_CONTACT_INFO: Melissa Yang Martin, m.yang@baeri.org 
Platform: NASA DC-8 N817NA
LOCATION: Included in data records
ASSOCIATED_DATA: This flight represents SARP Science Flight #3 out of Palmdale, CA. This flight includes the dimethyl sulfide ocean sample legs and several missed approaches in the LA Basin. See SARP archive on Langley archive at https://www-air.larc.nasa.gov/missions/sarp/index.html
INSTRUMENT_INFO: 
	Position, attitude, ground speed, and vertical speed from LN251
	Wind_Speed and Wind_Direction calculated from LN251, Aircraft Data System-85
	Radar_Altitude from APN-232
	Total_Air_Temperature from Rosemount 102 type non-deiced
	IR_Surface_Temp from KT-19.85
    Cabin_Pressure from MKS Baratron 220D
	Dew_Point and calculated water vapor parameters from Buck Hygrometer
[...]
ULOD_FLAG:-7777
ULOD_VALUE:366,90,180,N/A,N/A,57343,65000,N/A,600,510,0.99,104.04,360,360,180,180,180,60,N/A,90,99,200,N/A,1333.22,N/A,360,N/A,N/A,N/A,N/A,N/A,N/A,N/A,N/A,N/A
LLOD_FLAG:-8888
LLOD_VALUE:0,-90,-180,N/A,N/A,-1871,0,0,0,0,0,-104.04,0,0,-180,-180,-180,-99,N/A,-60,-60,-50,N/A,0.66,0,0,N/A,N/A,N/A,N/A,N/A,N/A,N/A,N/A,N/A
DM_CONTACT_INFO: Ryan Bennett, r.bennett@baeri.org
PROJECT_INFO: N/A
STIPULATIONS_ON_USE: Please contact DM or PI with questions before use.
OTHER_COMMENTS: Wind Speed and Wind Direction flagged where Roll_Angle exceeds 5 degrees.
REVISION: R0
R0: Public release data with limits of detection and instrument calibrations applied to Total_Air_Temp (follows through to reduction to Static_Air_Temp and calculation of Potential_Temp), and Cabin_Pressure.
RA: Preliminary field data with limits of detection applied.
Time_Start,Day_Of_Year,Latitude,Longitude,MSL_GPS_Altitude,HAE_GPS_Altitude,Pressure_Altitude,Radar_Altitude,Ground_Speed,True_Air_Speed,Indicated_Air_Speed,Mach_Number,Vertical_Speed,True_Heading,Track_Angle,Drift_Angle,Pitch_Angle,Roll_Angle,Static_Air_Temp,Potential_Temp,Dew_Point,Total_Air_Temp,IR_Surf_Temp,Static_Pressure,Cabin_Pressure,Wind_Speed,Wind_Direction,Solar_Zenith_Angle,Aircraft_Sun_Elevation,Sun_Azimuth,Aircraft_Sun_Azimuth,Mixing_Ratio,Part_Press_Water_Vapor,Sat_Vapor_Press_H2O,Sat_Vapor_Press_Ice,Relative_Humidity
[from data line 3602]
78027,198,31.3108850,-121.1767174,168,126.0,440,550.0,131.13,249.69,247.44,0.377,0.1,234.92,230.74,-4.2,2.15,-0.25,15.68,289.1,13.3,23.9,17.9,997.24,1022.8,9.8,338.6,22.2,65.4,-111.9,12.8,9.77,15.43,17.99,20.95,85.74
78028,198,31.3101365,-121.1777836,168,126.1,440,549.0,131.11,249.12,246.88,0.377,0.1,234.87,230.75,-4.1,2.11,-0.44,15.67,289.0,13.2,23.9,17.9,997.24,1022.4,9.8,340.4,22.2,65.4,-111.9,13.3,9.70,15.31,17.98,20.93,85.19
78029,198,31.3093883,-121.1788501,169,126.2,440,553.0,131.10,248.44,246.19,0.375,0.0,234.72,230.74,-4.0,2.12,-0.65,15.71,289.1,13.1,23.9,17.9,997.24,1022.7,9.6,342.8,22.2,65.3,-111.9,13.9,9.66,15.25,18.03,20.99,84.57
78030,198,31.3086399,-121.1799162,168,126.1,440,551.0,131.09,248.75,246.50,0.376,-0.3,234.62,230.72,-3.9,2.08,-0.67,15.69,289.1,13.6,23.9,17.9,997.24,1022.7,9.4,342.1,22.2,65.4,-111.9,14.1,9.94,15.68,18.00,20.96,87.09
78031,198,31.3078910,-121.1809818,168,125.9,440,550.5,131.09,248.44,246.19,0.375,0.0,234.49,230.69,-3.8,2.15,-0.45,15.76,289.1,13.4,23.9,17.9,997.24,1022.6,9.2,343.5,22.2,65.3,-111.9,13.7,9.86,15.57,18.08,21.07,86.09
78032,198,31.3071418,-121.1820471,168,126.0,440,550.5,131.08,248.19,245.94,0.375,0.0,234.31,230.66,-3.7,2.18,-0.72,15.73,289.1,13.8,23.9,17.9,997.24,1022.8,8.9,344.9,22.2,65.2,-111.9,14.4,10.13,15.98,18.04,21.02,88.54
78033,198,31.3063923,-121.1831116,168,125.9,439,550.5,131.04,249.12,246.88,0.377,-0.2,234.31,230.63,-3.7,2.23,-0.35,15.71,289.1,13.8,23.9,17.9,997.28,1022.5,8.8,341.5,22.2,65.3,-111.9,13.7,10.11,15.96,18.03,20.99,88.51
78034,198,31.3056424,-121.1841753,168,125.7,439,549.5,131.00,249.56,247.31,0.377,-0.2,234.32,230.62,-3.7,2.26,-0.15,15.74,289.1,14.1,24.0,17.9,997.28,1022.3,8.8,339.8,22.2,65.3,-111.9,13.2,10.27,16.20,18.06,21.04,89.68
78035,198,31.3048927,-121.1852388,168,125.5,439,552.0,130.97,248.25,246.00,0.375,-0.3,234.32,230.62,-3.7,2.31,0.01,15.73,289.1,13.7,23.9,17.9,997.28,1022.8,9.0,343.8,22.3,65.3,-111.9,12.8,10.02,15.81,18.04,21.02,87.63
78036,198,31.3041436,-121.1863020,168,125.3,439,547.0,130.93,247.62,245.38,0.374,-0.2,234.29,230.62,-3.7,2.35,0.22,15.76,289.1,14.1,23.9,17.8,997.28,1022.8,9.0,345.6,22.3,65.3,-111.9,12.4,10.30,16.24,18.09,21.07,89.78
78037,198,31.3033947,-121.1873651,168,125.2,437,549.5,130.89,247.69,245.44,0.374,-0.1,234.36,230.65,-3.7,2.36,0.16,15.76,289.1,13.8,23.9,17.8,997.35,1022.3,9.0,345.0,22.3,65.3,-111.9,12.4,10.10,15.94,18.09,21.07,88.10
78038,198,31.3026464,-121.1884281,168,125.2,437,548.5,130.85,247.75,245.50,0.374,0.1,234.48,230.65,-3.8,2.37,0.15,15.76,289.1,14.4,23.9,17.8,997.35,1022.5,9.3,344.0,22.3,65.3,-111.9,12.4,10.54,16.62,18.08,21.07,91.93
78039,198,31.3018984,-121.1894909,168,125.4,437,548.5,130.81,247.56,245.31,0.374,0.2,234.52,230.67,-3.9,2.34,0.36,15.72,289.1,14.8,23.8,17.8,997.35,1022.8,9.3,344.3,22.3,65.3,-111.8,11.9,10.80,17.02,18.04,21.01,94.38
78040,198,31.3011509,-121.1905537,169,125.5,438,549.0,130.77,247.00,244.75,0.373,0.2,234.55,230.70,-3.8,2.33,0.10,15.76,289.1,14.3,23.8,17.8,997.31,1022.5,9.4,345.8,22.3,65.3,-111.8,12.4,10.43,16.45,18.08,21.06,90.99
78041,198,31.3004043,-121.1916167,168,125.8,438,549.5,130.74,247.19,244.81,0.373,0.3,234.62,230.73,-3.9,2.33,0.09,15.70,289.1,14.1,23.8,17.9,997.31,1022.8,9.5,344.9,22.3,65.2,-111.8,12.8,10.33,16.29,18.01,20.97,90.45
78042,198,31.2996579,-121.1926797,168,126.2,439,550.0,130.71,247.06,244.88,0.373,0.3,234.62,230.74,-3.9,2.29,0.08,15.75,289.1,13.8,23.8,17.9,997.28,1022.8,9.4,345.2,22.3,65.3,-111.8,12.4,10.08,15.90,18.07,21.06,88.00
78043,198,31.2989119,-121.1937426,169,126.4,440,552.5,130.68,247.19,244.94,0.374,0.2,234.56,230.76,-3.8,2.26,-0.16,15.74,289.1,13.6,23.8,17.9,997.24,1023.0,9.2,345.0,22.3,65.3,-111.8,13.0,9.94,15.68,18.06,21.04,86.81
78044,198,31.2981666,-121.1948057,169,126.6,441,553.5,130.66,247.56,245.25,0.374,0.1,234.54,230.77,-3.8,2.27,-0.17,15.77,289.2,13.1,23.9,17.9,997.21,1022.4,9.1,343.9,22.3,65.3,-111.8,13.1,9.62,15.19,18.09,21.08,83.93
78045,198,31.2974216,-121.1958687,169,126.6,441,551.5,130.62,247.19,245.00,0.374,0.0,234.48,230.78,-3.7,2.21,0.01,15.79,289.2,13.0,23.9,17.9,997.21,1022.7,9.0,345.2,22.3,65.4,-111.8,12.8,9.61,15.17,18.12,21.12,83.71
78046,198,31.2966770,-121.1969318,169,126.6,441,552.5,130.60,246.94,244.62,0.373,0.0,234.44,230.82,-3.6,2.21,0.11,15.76,289.1,13.0,23.8,18.0,997.21,1022.2,8.9,346.3,22.3,65.4,-111.8,12.6,9.57,15.12,18.09,21.07,83.58
78047,198,31.2959331,-121.1979953,169,126.6,441,553.0,130.59,247.06,244.81,0.373,-0.1,234.39,230.84,-3.6,2.24,0.06,15.80,289.2,13.2,23.9,18.0,997.21,1022.5,8.7,346.2,22.3,65.3,-111.8,13.0,9.68,15.27,18.13,21.13,84.25
78048,198,31.2951894,-121.1990587,170,126.6,441,552.0,130.58,246.62,244.31,0.373,0.0,234.37,230.83,-3.5,2.28,-0.23,15.78,289.2,13.8,23.8,18.0,997.21,1022.5,8.8,347.5,22.3,65.2,-111.8,13.4,10.09,15.91,18.11,21.10,87.88
78049,198,31.2944454,-121.2001217,170,126.7,441,553.5,130.57,246.69,244.44,0.373,0.3,234.50,230.82,-3.7,2.21,0.05,15.82,289.2,13.8,23.9,18.0,997.21,1022.3,9.0,346.5,22.3,65.3,-111.8,13.0,10.09,15.91,18.15,21.16,87.67
78050,198,31.2937016,-121.2011848,171,127.2,441,552.5,130.56,247.38,245.31,0.374,0.6,234.51,230.86,-3.6,2.11,0.47,15.83,289.2,13.9,23.9,18.0,997.21,1022.3,8.8,344.6,22.3,65.5,-111.8,11.8,10.18,16.06,18.16,21.17,88.43
78051,198,31.2929587,-121.2022488,171,127.7,443,560.0,130.55,247.38,245.06,0.374,0.3,234.37,230.91,-3.5,2.05,0.34,15.78,289.2,14.2,23.9,18.1,997.13,1022.4,8.4,345.6,22.3,65.6,-111.8,12.2,10.37,16.35,18.11,21.10,90.33
78052,198,31.2922168,-121.2033136,171,127.9,444,555.5,130.55,246.81,244.50,0.373,0.1,234.33,230.94,-3.4,2.10,-0.16,15.82,289.2,14.1,23.9,18.1,997.10,1022.6,8.4,347.8,22.3,65.4,-111.8,13.3,10.33,16.29,18.15,21.16,89.77
78053,198,31.2914747,-121.2043781,171,127.9,445,554.5,130.55,247.81,245.50,0.375,0.0,234.42,230.92,-3.5,2.09,-0.12,15.75,289.1,13.8,23.9,18.1,997.06,1022.3,8.4,343.9,22.3,65.4,-111.8,13.2,10.11,15.95,18.08,21.06,88.22
78054,198,31.2907319,-121.2054419,171,127.8,445,558.5,130.55,248.25,245.94,0.375,-0.1,234.51,230.89,-3.6,2.03,-0.19,15.77,289.2,14.2,23.9,18.1,997.06,1022.4,8.6,341.9,22.3,65.5,-111.8,13.3,10.41,16.41,18.09,21.08,90.68
78055,198,31.2899891,-121.2065056,171,127.6,446,558.0,130.55,248.19,245.88,0.375,-0.5,234.59,230.88,-3.7,1.97,-0.26,15.73,289.1,14.3,23.9,18.1,997.03,1022.4,8.8,341.7,22.3,65.5,-111.8,13.5,10.48,16.51,18.04,21.02,91.52
78056,198,31.2892463,-121.2075695,170,127.0,444,554.5,130.56,248.00,245.75,0.375,-0.5,234.70,230.89,-3.8,2.06,0.10,15.74,289.1,14.4,23.9,18.2,997.10,1022.6,9.1,341.9,22.3,65.5,-111.8,12.5,10.48,16.52,18.06,21.03,91.52
78057,198,31.2885035,-121.2086336,170,126.6,442,551.5,130.57,247.62,245.38,0.374,-0.4,234.77,230.90,-3.9,2.09,-0.17,15.76,289.1,14.5,23.9,18.2,997.17,1022.6,9.3,342.9,22.3,65.4,-111.7,13.0,10.60,16.71,18.09,21.07,92.37
78058,198,31.2877612,-121.2096980,170,126.2,441,552.5,130.56,247.44,245.19,0.374,-0.2,234.79,230.94,-3.9,2.19,-0.11,15.78,289.2,14.3,23.9,18.2,997.21,1022.4,9.3,343.5,22.3,65.3,-111.7,12.8,10.47,16.51,18.11,21.10,91.21
78059,198,31.2870193,-121.2107627,169,126.1,439,551.5,130.56,247.50,245.25,0.374,0.0,234.72,230.95,-3.8,2.24,0.39,15.82,289.2,14.2,23.9,18.2,997.28,1022.7,9.1,343.7,22.3,65.4,-111.7,11.8,10.35,16.32,18.16,21.17,89.90
78060,198,31.2862777,-121.2118275,170,126.3,440,554.0,130.53,248.94,246.69,0.376,0.4,234.73,230.99,-3.7,2.27,-0.28,15.78,289.2,13.8,24.0,18.2,997.24,1022.4,8.8,339.1,22.3,65.2,-111.7,13.1,10.09,15.91,18.10,21.09,87.92
78061,198,31.2855369,-121.2128927,170,126.8,439,552.0,130.49,249.00,246.81,0.376,0.6,234.78,230.98,-3.8,2.29,-0.48,15.77,289.1,14.0,24.0,18.2,997.28,1022.7,8.9,338.5,22.3,65.1,-111.7,13.6,10.23,16.13,18.10,21.09,89.15
78062,198,31.2847958,-121.2139573,170,127.2,441,554.5,130.47,247.88,245.62,0.375,0.3,234.67,230.95,-3.7,2.21,-0.32,15.80,289.2,13.2,23.9,18.2,997.21,1022.8,8.9,342.2,22.3,65.2,-111.7,13.3,9.71,15.33,18.13,21.13,84.61
78063,198,31.2840543,-121.2150210,170,127.6,442,555.5,130.44,248.88,246.69,0.376,0.5,234.61,230.94,-3.7,2.20,-0.35,15.73,289.1,13.8,23.9,18.2,997.17,1022.9,8.6,339.0,22.3,65.3,-111.7,13.5,10.09,15.91,18.05,21.03,88.16
78064,198,31.2833131,-121.2160846,170,127.9,444,557.0,130.42,248.50,246.25,0.375,0.3,234.55,230.94,-3.6,2.18,-0.55,15.76,289.2,14.0,23.9,18.2,997.10,1022.8,8.5,340.3,22.3,65.2,-111.7,14.0,10.21,16.10,18.08,21.07,89.05
78065,198,31.2825715,-121.2171476,170,128.1,445,559.0,130.40,248.19,245.88,0.375,0.1,234.53,230.88,-3.6,2.16,-0.74,15.73,289.1,13.9,23.9,18.3,997.06,1022.5,8.6,341.0,22.3,65.2,-111.7,14.4,10.14,16.00,18.04,21.02,88.66
78066,198,31.2818290,-121.2182095,170,128.2,446,559.5,130.39,248.00,245.75,0.375,0.0,234.61,230.84,-3.8,2.08,-0.43,15.74,289.1,14.0,23.9,18.3,997.03,1022.3,9.0,341.0,22.3,65.3,-111.7,13.8,10.24,16.14,18.06,21.04,89.38
78067,198,31.2810861,-121.2192710,170,128.2,447,558.0,130.40,248.19,245.88,0.375,-0.1,234.62,230.82,-3.8,2.01,-0.34,15.73,289.1,13.3,23.9,18.3,996.99,1022.5,9.0,340.4,22.3,65.4,-111.7,13.6,9.78,15.44,18.04,21.02,85.54
78068,198,31.2803430,-121.2203325,170,128.1,446,558.0,130.41,248.31,246.12,0.375,-0.1,234.62,230.80,-3.8,2.02,-0.43,15.72,289.1,13.5,23.9,18.3,997.03,1022.6,9.0,340.0,22.3,65.4,-111.7,13.8,9.88,15.60,18.04,21.01,86.47
78069,198,31.2795996,-121.2213938,170,128.0,445,559.5,130.42,248.25,245.88,0.375,-0.2,234.68,230.79,-3.9,2.03,-0.49,15.73,289.1,13.5,23.9,18.3,997.06,1022.5,9.2,339.9,22.3,65.4,-111.7,13.9,9.90,15.63,18.04,21.02,86.61
78070,198,31.2788558,-121.2224548,170,127.7,444,558.5,130.42,247.75,245.44,0.374,-0.3,234.59,230.77,-3.8,2.06,0.05,15.71,289.1,13.9,23.8,18.3,997.10,1022.6,9.1,341.8,22.3,65.4,-111.7,13.0,10.16,16.03,18.02,20.99,88.93
78071,198,31.2781120,-121.2235158,170,127.5,445,553.0,130.44,248.06,245.69,0.375,0.0,234.42,230.80,-3.6,2.07,-0.17,15.69,289.1,13.1,23.8,18.3,997.06,1022.4,8.6,341.7,22.3,65.4,-111.7,13.4,9.67,15.26,18.00,20.96,84.80
78072,198,31.2773687,-121.2245775,170,127.4,444,557.5,130.43,247.94,245.69,0.375,-0.2,234.38,230.81,-3.6,2.02,0.05,15.70,289.1,13.5,23.8,18.2,997.10,1022.8,8.5,342.3,22.3,65.5,-111.7,13.2,9.91,15.64,18.01,20.98,86.82
78073,198,31.2766256,-121.2256392,170,127.0,443,553.5,130.43,247.62,245.38,0.374,-0.5,234.33,230.81,-3.5,2.06,0.09,15.72,289.1,13.7,23.8,18.3,997.13,1022.3,8.5,343.6,22.3,65.4,-111.7,13.3,10.06,15.86,18.03,21.00,87.98
78074,198,31.2758821,-121.2267007,169,126.5,442,551.0,130.43,248.00,245.75,0.375,-0.4,234.33,230.81,-3.5,2.16,-0.26,15.74,289.1,13.6,23.9,18.3,997.17,1022.5,8.4,342.3,22.3,65.3,-111.6,13.6,9.98,15.74,18.06,21.04,87.14
78075,198,31.2751385,-121.2277620,169,126.2,441,552.0,130.42,247.88,245.62,0.375,-0.3,234.37,230.78,-3.6,2.22,-0.33,15.70,289.1,13.8,23.8,18.3,997.21,1022.7,8.6,342.3,22.3,65.2,-111.6,13.8,10.11,15.96,18.01,20.98,88.58
78076,198,31.2743946,-121.2288227,169,126.0,440,549.5,130.41,247.38,245.12,0.374,-0.1,234.38,230.77,-3.6,2.22,0.08,15.73,289.1,14.2,23.8,18.3,997.24,1022.7,8.7,343.8,22.3,65.3,-111.6,12.9,10.40,16.41,18.05,21.02,90.90
78077,198,31.2736510,-121.2298835,169,126.0,438,552.0,130.39,247.25,245.06,0.374,0.0,234.36,230.79,-3.6,2.19,0.28,15.79,289.2,14.1,23.9,18.3,997.31,1022.8,8.6,344.3,22.3,65.4,-111.6,12.5,10.32,16.28,18.11,21.11,89.89
78078,198,31.2729080,-121.2309448,169,126.1,438,549.0,130.38,247.25,245.06,0.374,0.2,234.46,230.82,-3.6,2.22,0.02,15.79,289.2,14.4,23.9,18.3,997.31,1022.9,8.8,344.0,22.3,65.3,-111.6,13.1,10.54,16.62,18.11,21.11,91.77
78079,198,31.2721657,-121.2320066,169,126.4,439,557.0,130.37,247.06,244.94,0.373,0.4,234.48,230.87,-3.6,2.24,1.29,15.75,289.1,14.6,23.8,18.3,997.28,1022.7,8.7,344.6,22.3,65.5,-111.6,10.3,10.64,16.77,18.07,21.06,92.80
78080,198,31.2714245,-121.2330690,170,126.7,441,557.0,130.32,246.88,244.56,0.373,0.2,234.22,230.99,-3.2,2.24,2.61,15.71,289.1,13.9,23.8,18.3,997.21,1022.7,8.0,347.2,22.3,65.7,-111.6,7.4,10.17,16.05,18.03,21.00,89.02
78081,198,31.2706862,-121.2341334,170,126.8,446,552.0,130.27,246.88,244.62,0.373,-0.1,234.26,231.19,-3.1,2.23,3.79,15.71,289.1,13.6,23.8,18.2,997.03,1022.4,7.6,348.1,22.4,65.8,-111.6,4.9,9.98,15.74,18.03,21.00,87.30
78082,198,31.2699525,-121.2352012,170,126.7,444,553.5,130.22,247.00,244.69,0.373,-0.2,234.57,231.49,-3.1,2.07,5.48,15.71,289.1,14.1,23.8,18.2,997.10,1022.4,-9999,-9999,22.4,66.1,-111.6,0.8,10.28,16.21,18.02,20.99,89.92
78083,198,31.2692252,-121.2362748,170,126.3,442,552.5,130.19,246.69,244.44,0.373,-0.5,235.07,231.91,-3.2,2.01,6.06,15.73,289.1,13.8,23.8,18.2,997.17,1022.8,-9999,-9999,22.4,66.1,-111.6,-1.0,10.11,15.95,18.05,21.02,88.36
78084,198,31.2685049,-121.2373545,169,125.6,438,552.5,130.17,247.25,245.06,0.374,-0.4,235.63,232.35,-3.3,2.14,5.47,15.74,289.1,13.1,23.8,18.2,997.31,1022.8,-9999,-9999,22.4,65.9,-111.6,-0.2,9.67,15.26,18.06,21.03,84.55
78085,198,31.2677909,-121.2384391,169,125.4,437,548.5,130.12,247.44,245.31,0.374,-0.2,236.10,232.70,-3.4,2.21,4.18,15.73,289.1,13.2,23.8,18.2,997.35,1022.6,8.1,344.7,22.4,65.8,-111.6,2.2,9.73,15.35,18.04,21.02,85.10
78086,198,31.2670814,-121.2395272,169,125.3,437,546.5,130.07,247.44,245.25,0.374,-0.1,236.67,232.94,-3.7,2.31,2.32,15.73,289.1,13.6,23.8,18.2,997.35,1022.5,8.8,343.1,22.4,65.5,-111.6,5.9,9.93,15.68,18.04,21.02,86.90
78087,198,31.2663754,-121.2406175,169,125.3,436,549.5,130.02,247.06,244.88,0.373,0.2,237.23,233.06,-4.2,2.40,0.60,15.75,289.1,13.5,23.8,18.2,997.39,1022.7,9.8,342.5,22.4,65.2,-111.6,9.1,9.89,15.62,18.07,21.06,86.41
78088,198,31.2656707,-121.2417084,169,125.5,435,549.0,129.98,247.00,244.62,0.373,0.0,237.60,233.07,-4.5,2.42,-1.28,15.76,289.1,13.6,23.8,18.2,997.42,1022.6,10.6,341.3,22.4,64.8,-111.6,12.7,9.93,15.68,18.08,21.06,86.72
78089,198,31.2649651,-121.2427981,168,125.6,436,549.5,129.94,247.12,244.88,0.373,0.2,237.77,232.95,-4.8,2.57,-2.99,15.75,289.1,13.5,23.8,18.2,997.39,1022.7,11.2,339.9,22.4,64.2,-111.6,16.0,9.87,15.59,18.07,21.05,86.27
78090,198,31.2642569,-121.2438850,169,125.8,435,548.0,129.92,246.19,243.94,0.372,0.1,237.78,232.73,-5.0,2.53,-4.78,15.81,289.2,13.8,23.8,18.2,997.42,1023.0,11.8,341.4,22.4,63.7,-111.6,19.6,10.12,15.97,18.14,21.15,88.02
78091,198,31.2635433,-121.2449662,169,126.0,433,549.5,129.90,246.25,244.06,0.372,0.1,237.50,232.40,-5.1,2.60,-5.53,15.85,289.2,13.8,23.9,18.2,997.50,1022.8,-9999,-9999,22.4,63.4,-111.6,21.3,10.10,15.94,18.19,21.21,87.60
78092,198,31.2628253,-121.2460437,169,126.2,433,552.0,129.90,245.81,243.62,0.371,0.1,237.00,232.07,-4.9,2.58,-6.22,15.83,289.2,14.9,23.8,18.2,997.50,1022.5,-9999,-9999,22.4,63.1,-111.5,22.9,10.83,17.07,18.16,21.18,93.96
78093,198,31.2621020,-121.2471166,169,126.4,435,554.0,129.90,245.56,243.31,0.371,0.3,236.35,231.66,-4.7,2.61,-7.07,15.80,289.2,14.0,23.8,18.2,997.42,1022.6,-9999,-9999,22.4,62.7,-111.5,25.0,10.26,16.19,18.13,21.13,89.27
78094,198,31.2613723,-121.2481837,170,126.8,436,552.0,129.94,245.62,243.38,0.371,0.5,235.69,231.22,-4.5,2.52,-7.71,15.85,289.2,14.5,23.8,18.2,997.39,1022.7,-9999,-9999,22.4,62.4,-111.5,26.7,10.55,16.63,18.18,21.20,91.47
78095,198,31.2606346,-121.2492443,171,127.5,438,556.0,130.01,246.50,244.19,0.373,1.0,234.80,230.70,-4.1,2.43,-7.94,15.84,289.2,14.3,23.9,18.3,997.31,1022.8,-9999,-9999,22.4,62.3,-111.5,27.9,10.45,16.48,18.17,21.19,90.70
78096,198,31.2598881,-121.2502974,172,128.4,442,562.5,130.07,244.81,242.50,0.370,0.7,233.90,230.20,-3.7,2.22,-7.84,15.80,289.2,13.9,23.7,18.3,997.17,1022.7,-9999,-9999,22.4,62.4,-111.5,28.7,10.16,16.03,18.13,21.13,88.41
78097,198,31.2591334,-121.2513432,172,128.8,446,559.0,130.13,245.19,242.94,0.370,0.1,233.17,229.68,-3.5,2.17,-8.49,15.82,289.2,14.0,23.8,18.3,997.03,1022.7,-9999,-9999,22.4,62.1,-111.5,30.4,10.26,16.19,18.16,21.17,89.15
78098,198,31.2583694,-121.2523810,172,128.7,448,562.0,130.22,245.31,242.94,0.371,-0.2,232.48,229.08,-3.4,2.15,-8.99,15.82,289.2,13.7,23.8,18.4,996.95,1022.6,-9999,-9999,22.4,61.8,-111.5,31.8,10.02,15.80,18.15,21.16,87.06
