Data/Raw/YANG,MELISSA/FIREXAQ-MetNav_DC8_20190717_R0_L1.ict
76, 1001
Project Office
NSRC - National Suborbital Research Center
N817NA Meteorological and Navigation Facility Instrumentation
FIREX-AQ/SARP
1,1
2019,07,17,2020,03,05
1
Time_Start, seconds (from midnight UTC)
35
1,1,1,1,1,1,1,1,1,1,1,1,1,1,1,1,1,1,1,1,1,1,1,1,1,1,1,1,1,1,1,1,1,1,1
-9999,-9999,-9999,-9999,-9999,-9999,-9999,-9999,-9999,-9999,-9999,-9999,-9999,-9999,-9999,-9999,-9999,-9999,-9999,-9999,-9999,-9999,-9999,-9999,-9999,-9999,-9999,-9999,-9999,-9999,-9999,-9999,-9999,-9999,-9999
Day_Of_Year, day, None, calendar day beginning January 1
Latitude, deg, Platform_Latitude_InSitu_None
Longitude, deg, Platform_Longitude_InSitu_None
MSL_GPS_Altitude, m, Platform_AltitudeMSL_InSitu_None
HAE_GPS_Altitude, m, Platform_AltitudeEllipsoid_InSitu_None, reference WGS-84
Pressure_Altitude, ft, Platform_AltitudePressure_InSitu_None
Radar_Altitude, ft, Platform_AltitudeAGL_InSitu_None
Ground_Speed, m/s, Platform_GroundSpeed_InSitu_None
True_Air_Speed, kts, Platform_AircraftTrueAirSpeed_InSitu_None
Indicated_Air_Speed, kts, Platform_AircraftIndicatedAirSpeed_InSitu_None
Mach_Number, mach, None
Vertical_Speed, m/s, None
True_Heading, deg 0-360, Platform_HeadingTrue_InSitu_None, cw from +y
Track_Angle, deg 0-360, Platform_TrackAngle_InSitu_None, cw from +y
Drift_Angle, deg +-180, Platform_DriftAngle_InSitu_None, cw from +y
Pitch_Angle, deg +-180, Platform_PitchAngle_InSitu_None, up+
Roll_Angle, deg +-180, Platform_RollAngle_InSitu_None, rt+
Static_Air_Temp, degrees Celcius, Met_StaticAirTemperature_InSitu_None
Potential_Temp, Kelvin, Met_PotentialTemperature_InSitu_None
Dew_Point, degrees Celcius, Met_DewPoint_InSitu_None
Total_Air_Temp, degrees Celcius, None
IR_Surf_Temp, degrees Celcius, Met_SufaceTemperature_InSitu_None
Static_Pressure, hPa, Met_StaticPressure_InSitu_None
Cabin_Pressure, hPa, None
Wind_Speed, m/s, Met_WindSpeed_InSitu_None, limited to where Roll_Angle does not exceed 5 degrees
Wind_Direction, deg 0-360 cw from +y, Met_WindDirection_InSitu_None, limited to where Roll_Angle does not exceed 5 degrees
Solar_Zenith_Angle, deg, Platform_SolarZenithAngle_InSitu_None
Aircraft_Sun_Elevation, deg, None
Sun_Azimuth, deg, Platform_SolarAzimuthAngle_InSitu_None
Aircraft_Sun_Azimuth, deg, None
Mixing_Ratio, g/kg, Met_H2OMR_InSitu_None
Part_Press_Water_Vapor, hPa, Met_PartialPressureH2O_InSitu_None
Sat_Vapor_Press_H2O, hPa, Met_SatVaporPressureH2OWater_InSitu_None
Sat_Vapor_Press_Ice, hPa, Met_SatVaporPressureH2OIce_InSitu_None
Relative_Humidity, percent, Met_RelativeHumidityWater_InSitu_None
0
27
PI_CONTACT_INFO: Melissa Yang Martin, m.yang@baeri.org 
Platform: NASA DC-8 N817NA
LOCATION: Included in data records
ASSOCIATED_DATA: This flight represents SARP Science Flight #2 out of Palmdale, CA. This flight includes the Salton Sea overflight, several missed approaches in the LA Basin, and a TCCON tower spiral. See SARP archive on Langley archive at https://www-air.larc.nasa.gov/missions/sarp/index.html
INSTRUMENT_INFO: 
	Position, attitude, ground speed, and vertical speed from LN251
	Wind_Speed and Wind_Direction calculated from LN251, Aircraft Data System-85
	Radar_Altitude from APN-232
	Total_Air_Temperature from Rosemount 102 type non-deiced with Laurels LTE signal conditioner
	IR_Surface_Temp from KT-19.85II
    Cabin_Pressure from MKS Baratron 220D
[...]
ULOD_FLAG:-7777
ULOD_VALUE:366,90,180,N/A,N/A,57343,65000,N/A,600,510,0.99,104.04,360,360,180,180,180,60,N/A,90,99,200,N/A,1333.22,N/A,360,N/A,N/A,N/A,N/A,N/A,N/A,N/A,N/A,N/A
LLOD_FLAG:-8888
LLOD_VALUE:0,-90,-180,N/A,N/A,-1871,0,0,0,0,0,-104.04,0,0,-180,-180,-180,-99,N/A,-60,-60,-50,N/A,0.66,0,0,N/A,N/A,N/A,N/A,N/A,N/A,N/A,N/A,N/A
DM_CONTACT_INFO: Ryan Bennett, r.bennett@baeri.org
PROJECT_INFO: N/A
STIPULATIONS_ON_USE: Please contact DM or PI with questions before use.
OTHER_COMMENTS: Potential TAT wetting between Start_UTC 58630 and 58932. Will re-assess in future revision. Wind Speed and Wind Direction flagged where Roll_Angle exceeds 5 degrees.
REVISION: R0
R0: Public release data with limits of detection and instrument calibrations applied to Total_Air_Temp (follows through to reduction to Static_Air_Temp and calculation of Potential_Temp), and Cabin_Pressure.
RA: Preliminary field data with limits of detection applied.
Time_Start,Day_Of_Year,Latitude,Longitude,MSL_GPS_Altitude,HAE_GPS_Altitude,Pressure_Altitude,Radar_Altitude,Ground_Speed,True_Air_Speed,Indicated_Air_Speed,Mach_Number,Vertical_Speed,True_Heading,Track_Angle,Drift_Angle,Pitch_Angle,Roll_Angle,Static_Air_Temp,Potential_Temp,Dew_Point,Total_Air_Temp,IR_Surf_Temp,Static_Pressure,Cabin_Pressure,Wind_Speed,Wind_Direction,Solar_Zenith_Angle,Aircraft_Sun_Elevation,Sun_Azimuth,Aircraft_Sun_Azimuth,Mixing_Ratio,Part_Press_Water_Vapor,Sat_Vapor_Press_H2O,Sat_Vapor_Press_Ice,Relative_Humidity
[from data line 6097]
61727,198,33.9424901,-116.9809413,1210,1177.7,3802,1338.5,121.00,239.75,221.00,0.359,0.1,274.33,275.13,0.8,3.26,2.62,21.13,305.1,7.5,28.7,38.2,881.56,1007.7,2.9,238.5,38.7,54.4,98.3,-171.6,7.47,10.46,25.32,31.05,41.31
61728,198,33.9425892,-116.9822433,1210,1177.8,3803,1339.5,120.79,239.38,220.69,0.358,0.1,274.69,275.34,0.6,3.21,3.76,21.01,305.0,7.2,28.6,38.5,881.53,1007.4,2.7,244.8,38.7,54.3,98.3,-170.5,7.31,10.24,25.13,30.78,40.74
61729,198,33.9426927,-116.9835425,1211,1178.1,3804,1348.0,120.58,240.31,221.75,0.360,0.4,275.09,275.64,0.6,3.21,4.25,21.10,305.1,7.2,28.7,38.7,881.50,1007.5,3.3,254.3,38.7,54.2,98.3,-170.2,7.35,10.29,25.26,30.97,40.73
61730,198,33.9428028,-116.9848388,1211,1178.5,3804,1351.0,120.40,239.69,221.12,0.359,0.6,275.52,275.98,0.5,3.24,4.25,20.99,304.9,7.2,28.6,38.7,881.50,1007.2,3.1,257.1,38.7,54.3,98.3,-170.6,7.32,10.25,25.09,30.73,40.83
61731,198,33.9429189,-116.9861324,1212,1178.9,3805,1383.0,120.19,236.44,218.00,0.354,0.2,275.84,276.31,0.5,3.18,4.64,21.39,305.4,7.2,28.8,38.6,881.46,1007.4,1.7,241.6,38.7,54.2,98.3,-170.5,7.34,10.28,25.72,31.61,39.98
61732,198,33.9430409,-116.9874229,1212,1178.9,3806,1410.5,120.01,235.56,217.25,0.352,-0.3,276.19,276.67,0.5,3.13,5.10,21.39,305.4,7.4,28.7,38.2,881.43,1007.3,-9999,-9999,38.7,54.1,98.3,-170.3,7.43,10.40,25.72,31.61,40.45
61733,198,33.9431705,-116.9887106,1212,1178.7,3806,1386.0,119.86,235.19,216.88,0.352,-0.1,276.49,277.10,0.6,3.24,5.17,21.17,305.1,7.2,28.5,37.7,881.43,1007.2,-9999,-9999,38.7,54.2,98.3,-170.5,7.32,10.25,25.37,31.12,40.39
61734,198,33.9433081,-116.9899955,1212,1178.6,3806,1415.5,119.70,235.38,216.94,0.352,-0.2,276.92,277.51,0.6,3.18,4.87,21.11,305.1,7.3,28.4,37.1,881.43,1007.4,1.9,235.4,38.7,54.2,98.3,-171.3,7.40,10.36,25.28,30.99,40.98
61735,198,33.9434523,-116.9912776,1211,1178.2,3805,1386.5,119.54,234.06,215.75,0.350,-0.4,277.38,277.87,0.5,3.17,4.84,20.99,304.9,7.4,28.2,36.3,881.46,1007.2,1.3,228.2,38.7,54.3,98.3,-171.8,7.44,10.42,25.10,30.74,41.50
61736,198,33.9436025,-116.9925568,1211,1177.6,3805,1393.0,119.38,232.62,214.44,0.348,-0.7,277.87,278.20,0.3,3.25,4.51,20.88,304.8,7.6,28.0,35.8,881.46,1007.3,-8888,-9999,38.7,54.4,98.3,-172.7,7.53,10.54,24.93,30.50,42.27
61737,198,33.9437593,-116.9938334,1210,1177.0,3804,1395.5,119.24,232.56,214.38,0.348,-0.5,278.57,278.60,0.0,3.28,5.26,20.79,304.7,7.8,27.9,35.4,881.50,1007.5,-9999,-9999,38.7,54.4,98.3,-172.5,7.63,10.68,24.79,30.30,43.09
61738,198,33.9439239,-116.9951067,1210,1176.6,3802,1399.0,119.06,231.44,213.25,0.346,-0.3,279.09,279.06,0.0,3.73,5.76,20.95,304.9,7.6,28.0,35.2,881.56,1007.2,-9999,-9999,38.7,54.9,98.3,-172.3,7.55,10.57,25.04,30.65,42.23
61739,198,33.9440977,-116.9963761,1209,1176.8,3802,1454.5,118.83,231.56,213.62,0.347,0.8,279.49,279.60,0.1,4.47,5.50,21.08,305.0,6.8,28.2,35.3,881.56,1007.2,-9999,-9999,38.7,55.7,98.3,-172.9,7.14,10.01,25.24,30.94,39.66
61740,198,33.9442811,-116.9976401,1211,1178.2,3804,1474.0,118.46,231.62,213.50,0.347,2.1,279.92,280.10,0.2,5.18,4.74,21.03,305.0,7.3,28.1,35.6,881.50,1007.2,-8888,-9999,38.7,56.5,98.3,-174.3,7.39,10.35,25.16,30.82,41.12
61741,198,33.9444721,-116.9988976,1213,1180.8,3808,1482.5,117.95,230.62,212.62,0.345,3.1,280.39,280.53,0.1,5.85,4.80,21.14,305.1,7.4,28.2,36.0,881.37,1007.5,-8888,-9999,38.7,57.2,98.3,-174.7,7.41,10.37,25.33,31.07,40.95
61742,198,33.9446693,-117.0001477,1216,1184.3,3817,1491.5,117.39,230.31,212.25,0.345,3.8,280.70,280.94,0.2,5.82,4.58,21.06,305.1,7.2,28.1,36.3,881.07,1007.2,1.2,256.1,38.7,57.3,98.3,-175.4,7.32,10.25,25.20,30.87,40.69
61743,198,33.9448733,-117.0013906,1220,1188.1,3827,1510.5,116.88,229.12,211.06,0.343,3.7,281.00,281.33,0.3,5.40,4.32,20.89,304.9,7.0,27.8,36.6,880.74,1007.1,1.2,247.2,38.7,56.9,98.3,-176.1,7.25,10.14,24.94,30.51,40.66
61744,198,33.9450835,-117.0026272,1224,1191.6,3836,1509.5,116.46,228.12,210.06,0.342,3.3,281.30,281.71,0.4,5.19,4.88,20.75,304.8,7.3,27.6,37.0,880.45,1007.5,1.2,238.7,38.7,56.7,98.3,-175.7,7.41,10.36,24.73,30.22,41.88
61745,198,33.9452997,-117.0038581,1227,1194.7,3846,1533.0,116.05,226.88,208.88,0.340,2.7,281.43,282.09,0.7,5.26,4.57,20.83,304.9,6.7,27.6,37.4,880.12,1007.0,1.5,218.1,38.7,56.8,98.3,-176.3,7.10,9.93,24.85,30.38,39.96
61746,198,33.9455222,-117.0050824,1230,1197.4,3857,1546.5,115.63,227.00,209.00,0.340,2.8,281.73,282.50,0.8,5.14,4.75,20.77,304.9,7.0,27.6,37.7,879.76,1007.2,1.9,228.2,38.7,56.7,98.3,-176.4,7.23,10.11,24.76,30.25,40.83
61747,198,33.9457510,-117.0063002,1233,1200.3,3867,1527.0,115.25,226.62,208.56,0.339,2.9,282.06,282.90,0.8,4.86,4.69,20.89,305.0,7.0,27.7,38.0,879.44,1006.9,2.2,230.5,38.7,56.4,98.3,-176.8,7.24,10.12,24.94,30.50,40.59
61748,198,33.9459864,-117.0075123,1236,1203.2,3875,1537.0,114.92,225.19,207.19,0.337,2.9,282.44,283.32,0.9,4.90,4.78,21.17,305.4,6.7,27.9,38.1,879.18,1007.0,2.0,220.5,38.7,56.5,98.3,-177.1,7.07,9.89,25.37,31.12,38.97
61749,198,33.9462282,-117.0087191,1238,1206.1,3883,1562.0,114.57,224.44,206.44,0.336,2.9,282.74,283.73,1.0,5.12,4.94,21.07,305.3,6.6,27.7,38.0,878.92,1006.9,2.2,217.4,38.7,56.7,98.3,-177.2,7.07,9.87,25.21,30.90,39.16
61750,198,33.9464768,-117.0099196,1241,1209.0,3893,1575.0,114.18,224.25,206.25,0.336,3.0,283.05,284.17,1.1,5.28,4.88,21.27,305.5,6.0,27.9,37.8,878.59,1006.9,2.5,221.3,38.7,56.9,98.3,-177.7,6.75,9.43,25.53,31.35,36.92
61751,198,33.9467323,-117.0111134,1244,1212.1,3902,1584.0,113.78,225.94,207.81,0.338,3.1,283.32,284.61,1.3,5.23,5.13,21.02,305.3,5.0,27.8,37.6,878.30,1006.8,-9999,-9999,38.7,56.9,98.3,-177.6,6.30,8.81,25.15,30.80,35.03
61752,198,33.9469944,-117.0123008,1247,1215.1,3911,1577.0,113.39,225.06,206.94,0.337,3.0,283.59,285.04,1.5,5.21,5.00,20.78,305.1,4.4,27.5,37.4,878.00,1006.8,-9999,-9999,38.7,56.9,98.3,-178.0,6.06,8.47,24.78,30.28,34.18
61753,198,33.9472626,-117.0134822,1250,1218.0,3921,1605.5,113.02,224.62,206.50,0.336,2.7,283.96,285.41,1.5,5.08,4.41,20.42,304.7,4.3,27.1,37.1,877.68,1006.7,3.8,235.9,38.7,56.8,98.3,-179.3,6.03,8.42,24.22,29.50,34.77
61754,198,33.9475361,-117.0146578,1252,1220.6,3930,1628.5,112.67,223.75,205.62,0.335,2.4,284.62,285.76,1.1,4.92,4.71,20.27,304.6,4.7,26.9,36.9,877.38,1006.8,3.3,242.4,38.7,56.7,98.3,-179.6,6.17,8.62,24.01,29.20,35.90
61755,198,33.9478142,-117.0158282,1255,1223.0,3938,1639.5,112.38,221.69,203.62,0.332,2.2,285.13,286.11,1.0,4.80,4.59,20.24,304.6,5.2,26.7,36.8,877.12,1006.6,2.5,236.6,38.7,56.6,98.3,179.6,6.41,8.95,23.97,29.14,37.35
61756,198,33.9480982,-117.0169933,1257,1225.1,3946,1652.5,112.10,220.62,202.62,0.331,1.8,285.69,286.50,0.8,4.56,5.12,20.30,304.7,5.9,26.7,36.7,876.86,1006.3,-9999,-9999,38.7,56.5,98.3,179.8,6.74,9.40,24.05,29.26,39.09
61757,198,33.9483888,-117.0181532,1259,1226.5,3952,1679.5,111.87,220.25,202.44,0.330,1.1,286.25,286.94,0.7,4.25,5.54,20.22,304.6,6.4,26.6,36.6,876.67,1006.3,-9999,-9999,38.7,56.2,98.3,179.8,6.97,9.72,23.93,29.09,40.61
61758,198,33.9486862,-117.0193084,1260,1227.2,3956,1704.0,111.70,220.12,202.38,0.330,0.3,286.79,287.38,0.6,4.08,5.41,20.66,305.1,7.0,27.1,36.6,876.54,1006.4,-9999,-9999,38.7,56.1,98.3,179.0,7.28,10.13,24.60,30.03,41.20
61759,198,33.9489912,-117.0204591,1260,1227.3,3960,1724.5,111.58,220.62,202.75,0.331,0.1,287.38,287.87,0.5,3.88,5.66,21.27,305.7,7.1,27.7,36.6,876.41,1006.4,-9999,-9999,38.7,56.0,98.3,178.7,7.31,10.18,25.53,31.35,39.88
61760,198,33.9493038,-117.0216056,1260,1227.2,3961,1733.5,111.50,219.38,201.62,0.329,-0.4,287.85,288.36,0.5,3.53,6.06,20.71,305.2,6.5,27.1,36.6,876.37,1006.4,-9999,-9999,38.7,55.7,98.3,178.7,7.02,9.79,24.66,30.12,39.68
61761,198,33.9496245,-117.0227481,1259,1226.6,3960,1713.0,111.46,219.44,201.50,0.329,-0.9,288.37,288.89,0.5,3.55,5.96,20.56,305.0,6.2,26.9,36.6,876.41,1006.5,-9999,-9999,38.7,55.7,98.3,178.1,6.86,9.56,24.44,29.81,39.11
61762,198,33.9499547,-117.0238865,1259,1225.8,3959,1693.5,111.44,220.06,202.12,0.330,-0.8,288.88,289.45,0.6,3.64,6.29,20.33,304.8,6.2,26.7,36.3,876.44,1006.3,-9999,-9999,38.7,55.9,98.3,177.9,6.87,9.58,24.10,29.33,39.75
61763,198,33.9502938,-117.0250207,1258,1224.8,3956,1688.5,111.38,220.81,202.94,0.331,-0.9,289.38,290.03,0.6,3.78,6.15,20.33,304.8,5.9,26.8,35.7,876.54,1006.4,-9999,-9999,38.7,56.1,98.3,177.3,6.74,9.40,24.10,29.33,39.01
61764,198,33.9506421,-117.0261496,1257,1224.1,3954,1698.0,111.28,222.94,205.06,0.334,-0.6,289.91,290.61,0.7,3.96,6.12,20.40,304.8,6.1,27.0,35.0,876.60,1006.5,-9999,-9999,38.7,56.3,98.3,176.6,6.82,9.51,24.21,29.48,39.27
61765,198,33.9509993,-117.0272737,1257,1223.7,3953,1701.0,111.19,222.19,204.31,0.333,-0.1,290.41,291.14,0.7,4.04,5.68,20.40,304.8,5.7,26.9,34.2,876.63,1006.3,-9999,-9999,38.7,56.4,98.3,175.4,6.64,9.27,24.20,29.47,38.29
61766,198,33.9513645,-117.0283929,1257,1223.7,3952,1707.5,111.09,221.12,203.12,0.331,-0.1,291.10,291.62,0.5,3.80,4.57,20.61,305.0,5.8,27.1,33.6,876.67,1006.3,2.9,270.3,38.7,56.1,98.4,173.2,6.70,9.34,24.51,29.91,38.09
61767,198,33.9517366,-117.0295081,1257,1223.6,3950,1698.0,111.03,220.56,202.69,0.331,-0.1,291.78,292.01,0.2,3.69,3.46,20.64,305.0,6.0,27.1,33.4,876.73,1006.2,2.5,281.1,38.6,55.9,98.4,170.9,6.80,9.48,24.56,29.97,38.61
61768,198,33.9521138,-117.0306200,1257,1223.4,3949,1694.5,110.96,219.25,201.19,0.329,-0.2,292.10,292.31,0.2,3.85,1.68,20.57,305.0,6.0,26.9,33.4,876.76,1006.2,1.9,279.3,38.6,55.8,98.4,168.0,6.78,9.45,24.46,29.83,38.66
61769,198,33.9524941,-117.0317298,1256,1223.3,3948,1709.0,110.89,218.62,200.81,0.327,-0.2,292.17,292.42,0.2,4.05,-0.47,20.85,305.3,5.3,27.2,33.7,876.80,1006.1,1.7,275.3,38.6,55.5,98.4,164.9,6.45,8.99,24.88,30.43,36.14
61770,198,33.9528744,-117.0328382,1256,1222.9,3947,1718.0,110.74,220.56,202.75,0.330,-0.5,292.34,292.39,0.0,4.09,-1.40,20.41,304.8,5.2,26.8,34.0,876.83,1006.2,2.7,290.6,38.6,55.2,98.4,163.4,6.42,8.96,24.22,29.50,37.00
61771,198,33.9532533,-117.0339453,1256,1222.4,3945,1722.5,110.58,221.69,203.81,0.332,-0.4,292.23,292.31,0.1,4.32,-1.79,20.23,304.6,4.9,26.7,34.3,876.89,1006.2,3.5,289.8,38.6,55.3,98.4,162.8,6.27,8.75,23.95,29.12,36.52
61772,198,33.9536302,-117.0350516,1255,1222.0,3946,1733.0,110.42,221.00,203.19,0.331,-0.3,292.02,292.16,0.1,4.38,-2.86,20.22,304.6,4.8,26.7,34.3,876.86,1006.2,3.3,287.2,38.6,55.1,98.4,161.7,6.25,8.72,23.93,29.10,36.44
61773,198,33.9540039,-117.0361579,1255,1221.8,3946,1713.5,110.28,220.69,202.88,0.331,-0.2,291.92,291.94,0.0,4.27,-3.24,20.14,304.5,5.2,26.6,34.1,876.86,1006.4,3.3,291.2,38.6,54.9,98.4,161.3,6.39,8.92,23.82,28.93,37.45
61774,198,33.9543741,-117.0372642,1255,1221.7,3946,1714.0,110.16,219.12,201.44,0.328,0.1,291.65,291.71,0.1,4.16,-2.98,20.18,304.6,5.7,26.5,33.8,876.86,1006.0,2.6,289.0,38.6,54.9,98.4,161.9,6.65,9.28,23.88,29.02,38.86
61775,198,33.9547405,-117.0383711,1255,1221.8,3945,1718.0,110.06,218.25,200.50,0.327,0.0,291.40,291.52,0.1,3.97,-3.02,20.23,304.6,6.1,26.5,33.5,876.89,1006.0,2.2,285.7,38.6,54.7,98.4,162.3,6.84,9.53,23.95,29.11,39.81
61776,198,33.9551025,-117.0394793,1255,1221.7,3946,1709.0,110.02,216.19,198.75,0.324,0.1,291.17,291.27,0.1,4.06,-3.64,20.40,304.8,6.7,26.6,33.3,876.86,1006.0,1.2,282.2,38.6,54.6,98.4,161.7,7.11,9.91,24.20,29.46,40.98
61777,198,33.9554605,-117.0405887,1256,1221.9,3945,1734.5,109.93,215.88,198.25,0.324,-0.4,290.98,291.00,0.0,3.94,-4.13,20.22,304.6,6.5,26.4,33.1,876.89,1006.1,1.1,288.8,38.6,54.3,98.4,161.3,7.00,9.75,23.93,29.09,40.75
61778,198,33.9558133,-117.0416990,1255,1221.1,3942,1721.0,109.82,214.62,197.25,0.322,-0.9,290.50,290.74,0.2,4.25,-3.62,20.34,304.7,8.1,26.4,32.9,876.99,1006.1,-8888,-9999,38.6,54.8,98.4,162.2,7.85,10.93,24.11,29.34,45.32
61779,198,33.9561618,-117.0428101,1254,1220.2,3942,1724.5,109.73,214.38,196.94,0.321,-0.9,289.90,290.54,0.6,4.41,-2.73,20.50,304.9,7.9,26.6,32.8,876.99,1005.8,1.4,224.4,38.6,55.3,98.4,163.9,7.71,10.73,24.35,29.68,44.09
61780,198,33.9565071,-117.0439218,1254,1219.4,3941,1732.5,109.62,214.69,197.50,0.322,-0.6,289.00,290.35,1.4,4.51,-2.77,20.33,304.7,8.3,26.4,32.7,877.02,1005.9,2.7,217.2,38.6,55.4,98.4,164.9,7.97,11.10,24.09,29.32,46.06
61781,198,33.9568494,-117.0450338,1253,1219.1,3940,1729.0,109.51,213.81,196.44,0.320,-0.2,288.47,290.14,1.7,4.59,-3.66,20.43,304.8,8.6,26.5,32.8,877.06,1005.9,3.2,207.9,38.6,55.3,98.4,164.2,8.10,11.28,24.24,29.53,46.53
61782,198,33.9571875,-117.0461455,1253,1219.0,3939,1734.5,109.35,214.50,197.19,0.322,0.1,287.81,289.86,2.0,4.54,-3.30,20.54,304.9,8.8,26.6,33.1,877.09,1006.2,4.1,213.1,38.6,55.4,98.4,165.4,8.21,11.43,24.41,29.76,46.84
61783,198,33.9575198,-117.0472579,1253,1219.2,3940,1756.0,109.19,215.69,198.12,0.323,0.3,287.22,289.53,2.3,4.52,-4.20,20.03,304.4,8.4,26.2,33.5,877.06,1006.2,4.8,220.1,38.6,55.2,98.4,165.0,8.01,11.16,23.65,28.70,47.18
61784,198,33.9578459,-117.0483712,1254,1219.5,3938,1804.0,109.01,215.56,198.19,0.323,0.2,286.99,289.14,2.1,4.65,-4.82,20.13,304.5,8.0,26.3,33.8,877.12,1006.1,4.5,222.7,38.6,55.2,98.4,164.4,7.80,10.86,23.81,28.92,45.61
61785,198,33.9581646,-117.0494855,1254,1219.7,3938,1811.5,108.82,214.50,197.19,0.322,-0.1,286.80,288.74,1.9,4.59,-3.98,20.39,304.8,8.1,26.5,34.0,877.12,1005.9,4.0,220.1,38.6,55.4,98.4,165.7,7.82,10.89,24.19,29.45,45.02
61786,198,33.9584761,-117.0506004,1254,1219.5,3938,1841.0,108.62,214.62,197.31,0.322,-0.3,286.55,288.44,1.9,4.63,-3.34,20.48,304.8,7.7,26.6,34.0,877.12,1006.1,4.0,223.8,38.6,55.6,98.4,166.9,7.60,10.59,24.32,29.64,43.54
61787,198,33.9587833,-117.0517150,1254,1219.2,3938,1862.5,108.46,214.69,197.38,0.322,0.0,286.27,288.18,1.9,4.76,-2.77,21.11,305.5,7.9,27.2,33.6,877.12,1005.9,4.2,225.8,38.6,55.9,98.4,167.8,7.74,10.78,25.28,31.00,42.63
61788,198,33.9590870,-117.0528293,1254,1219.6,3940,1871.0,108.31,215.56,198.06,0.323,0.5,285.88,287.95,2.1,4.62,-2.94,20.18,304.5,7.3,26.3,33.0,877.06,1006.2,4.7,230.1,38.6,55.7,98.4,168.1,7.44,10.37,23.88,29.02,43.41
61789,198,33.9593857,-117.0539437,1254,1220.2,3941,1882.0,108.14,214.94,197.50,0.322,0.6,285.74,287.65,1.9,4.46,-3.77,20.17,304.5,6.5,26.3,32.0,877.02,1005.9,4.4,230.4,38.6,55.4,98.4,167.3,7.01,9.77,23.86,28.99,40.95
61790,198,33.9596780,-117.0550589,1255,1220.6,3941,1881.5,108.00,215.44,198.00,0.323,0.3,285.76,287.31,1.5,4.44,-3.40,20.14,304.5,6.0,26.3,31.1,877.02,1005.9,4.1,240.4,38.6,55.5,98.4,167.8,6.78,9.45,23.82,28.94,39.69
61791,198,33.9599646,-117.0561748,1256,1220.9,3942,1887.0,107.87,213.88,196.56,0.320,0.3,285.81,287.01,1.2,4.54,-3.16,20.18,304.6,5.8,26.2,30.4,876.99,1005.8,3.1,239.6,38.6,55.6,98.4,168.0,6.69,9.34,23.88,29.02,39.10
61792,198,33.9602468,-117.0572905,1256,1221.1,3942,1910.0,107.72,212.94,195.62,0.319,0.0,285.81,286.77,1.0,4.47,-2.95,20.13,304.5,6.2,26.1,29.9,876.99,1005.8,2.6,241.2,38.6,55.6,98.4,168.3,6.85,9.56,23.81,28.92,40.15
61793,198,33.9605248,-117.0584061,1255,1221.0,3943,1908.5,107.62,210.50,193.50,0.315,0.0,285.52,286.51,1.0,4.53,-3.28,20.12,304.5,6.1,26.0,29.9,876.96,1005.8,2.0,215.8,38.6,55.6,98.4,168.1,6.82,9.51,23.79,28.89,39.99
61794,198,33.9607985,-117.0595224,1255,1220.9,3943,1905.5,107.53,208.62,191.75,0.313,-0.2,285.28,286.28,1.0,4.50,-2.68,20.57,305.0,6.7,26.3,30.2,876.96,1005.8,1.9,189.5,38.6,55.7,98.4,169.1,7.10,9.89,24.45,29.82,40.46
61795,198,33.9610689,-117.0606389,1255,1220.4,3942,1918.0,107.44,208.38,191.56,0.312,-0.7,284.97,286.18,1.2,4.42,-0.27,20.92,305.3,6.6,26.7,30.9,876.99,1005.6,2.3,189.5,38.6,56.0,98.4,172.8,7.05,9.83,24.99,30.58,39.32
61796,198,33.9613395,-117.0617545,1254,1219.8,3942,1913.0,107.40,210.50,193.56,0.315,-0.4,284.55,286.26,1.7,4.48,0.23,21.00,305.4,7.2,26.9,31.5,876.99,1006.0,3.3,210.9,38.6,56.2,98.4,174.0,7.34,10.23,25.12,30.76,40.71
61797,198,33.9616114,-117.0628691,1253,1219.4,3941,1915.0,107.32,210.62,193.56,0.316,-0.3,284.23,286.34,2.1,4.55,0.40,21.34,305.8,6.1,27.2,32.1,877.02,1005.8,4.1,209.9,38.6,56.3,98.4,174.6,6.81,9.49,25.64,31.51,37.02
61798,198,33.9618843,-117.0639826,1252,1219.4,3941,1928.5,107.27,211.69,194.44,0.317,0.0,283.89,286.43,2.5,4.55,0.78,21.73,306.2,5.5,27.7,32.8,877.02,1005.8,5.1,214.0,38.6,56.3,98.4,175.5,6.53,9.11,26.26,32.38,34.71
61799,198,33.9621581,-117.0650951,1252,1219.3,3940,1942.0,107.23,211.81,194.38,0.317,-0.1,283.58,286.47,2.9,4.60,0.10,21.38,305.8,4.7,27.3,33.2,877.06,1006.1,5.7,212.7,38.6,56.3,98.4,175.0,6.20,8.66,25.71,31.60,33.66
