Data/Raw/YANG,MELISSA/FIREXAQ-MetNav_DC8_20190716_R0.ict
76, 1001
Project Office
NSRC - National Suborbital Research Center
N817NA Meteorological and Navigation Facility Instrumentation
FIREX-AQ/SARP
1,1
2019,07,16,2020,03,05
1
Time_Start, seconds (from midnight UTC)
35
1,1,1,1,1,1,1,1,1,1,1,1,1,1,1,1,1,1,1,1,1,1,1,1,1,1,1,1,1,1,1,1,1,1,1
-9999,-9999,-9999,-9999,-9999,-9999,-9999,-9999,-9999,-9999,-9999,-9999,-9999,-9999,-9999,-9999,-9999,-9999,-9999,-9999,-9999,-9999,-9999,-9999,-9999,-9999,-9999,-9999,-9999,-9999,-9999,-9999,-9999,-9999,-9999
Day_Of_Year, day, None, calendar day beginning January 1
Latitude, deg, Platform_Latitude_InSitu_None
Longitude, deg, Platform_Longitude_InSitu_None
MSL_GPS_Altitude, m, Platform_AltitudeMSL_InSitu_None
HAE_GPS_Altitude, m, Platform_AltitudeEllipsoid_InSitu_None, reference WGS-84
Pressure_Altitude, ft, Platform_AltitudePressure_InSitu_None
Radar_Altitude, ft, Platform_AltitudeAGL_InSitu_None
Ground_Speed, m/s, Platform_GroundSpeed_InSitu_None
True_Air_Speed, kts, Platform_AircraftTrueAirSpeed_InSitu_None
Indicated_Air_Speed, kts, Platform_AircraftIndicatedAirSpeed_InSitu_None
Mach_Number, mach, None
Vertical_Speed, m/s, None
True_Heading, deg 0-360, Platform_HeadingTrue_InSitu_None, cw from +y
Track_Angle, deg 0-360, Platform_TrackAngle_InSitu_None, cw from +y
Drift_Angle, deg +-180, Platform_DriftAngle_InSitu_None, cw from +y
Pitch_Angle, deg +-180, Platform_PitchAngle_InSitu_None, up+
Roll_Angle, deg +-180, Platform_RollAngle_InSitu_None, rt+
Static_Air_Temp, degrees Celcius, Met_StaticAirTemperature_InSitu_None
Potential_Temp, Kelvin, Met_PotentialTemperature_InSitu_None
Dew_Point, degrees Celcius, Met_DewPoint_InSitu_None
Total_Air_Temp, degrees Celcius, None
IR_Surf_Temp, degrees Celcius, Met_SufaceTemperature_InSitu_None
Static_Pressure, hPa, Met_StaticPressure_InSitu_None
Cabin_Pressure, hPa, None
Wind_Speed, m/s, Met_WindSpeed_InSitu_None, limited to where Roll_Angle does not exceed 5 degrees
Wind_Direction, deg 0-360 cw from +y, Met_WindDirection_InSitu_None, limited to where Roll_Angle does not exceed 5 degrees
Solar_Zenith_Angle, deg, Platform_SolarZenithAngle_InSitu_None
Aircraft_Sun_Elevation, deg, None
Sun_Azimuth, deg, Platform_SolarAzimuthAngle_InSitu_None
Aircraft_Sun_Azimuth, deg, None
Mixing_Ratio, g/kg, Met_H2OMR_InSitu_None
Part_Press_Water_Vapor, hPa, Met_PartialPressureH2O_InSitu_None
Sat_Vapor_Press_H2O, hPa, Met_SatVaporPressureH2OWater_InSitu_None
Sat_Vapor_Press_Ice, hPa, Met_SatVaporPressureH2OIce_InSitu_None
Relative_Humidity, percent, Met_RelativeHumidityWater_InSitu_None
0
27
PI_CONTACT_INFO: Melissa Yang Martin, m.yang@baeri.org 
Platform: NASA DC-8 N817NA
LOCATION: Included in data records
ASSOCIATED_DATA: This flight represents SARP Science Flight #1 out of Palmdale, CA. This flight includes a run over to Searles Valley post-earthquake, several missed approaches at San Joaquin Valley airfields and a TCCON spiral. See SARP archive on Langley archive at https://www-air.larc.nasa.gov/missions/sarp/index.html
INSTRUMENT_INFO: 
	Position, attitude, ground speed, and vertical speed from LN251
	Wind_Speed and Wind_Direction calculated from LN251, Aircraft Data System-85
	Radar_Altitude from APN-232
	Total_Air_Temperature from Rosemount 102 type non-deiced with Laurels LTE signal conditioner
	IR_Surface_Temp from KT-19.85II
[...]
ULOD_FLAG:-7777
ULOD_VALUE:366,90,180,N/A,N/A,57343,65000,N/A,600,510,0.99,104.04,360,360,180,180,180,60,N/A,90,99,200,N/A,1333.22,N/A,360,N/A,N/A,N/A,N/A,N/A,N/A,N/A,N/A,N/A
LLOD_FLAG:-8888
LLOD_VALUE:0,-90,-180,N/A,N/A,-1871,0,0,0,0,0,-104.04,0,0,-180,-180,-180,-99,N/A,-60,-60,-50,N/A,0.66,0,0,N/A,N/A,N/A,N/A,N/A,N/A,N/A,N/A,N/A
DM_CONTACT_INFO: Ryan Bennett, r.bennett@baeri.org
PROJECT_INFO: N/A
STIPULATIONS_ON_USE: Please contact DM or PI with questions before use.
OTHER_COMMENTS: Wind Speed and Wind Direction flagged where Roll_Angle exceeds 5 degrees.
REVISION: R0
R0: Public release data with limits of detection and instrument calibrations applied to Total_Air_Temp (follows through to reduction to Static_Air_Temp and calculation of Potential_Temp), and Cabin_Pressure.
RA: Preliminary field data with limits of detection applied.
Time_Start,Day_Of_Year,Latitude,Longitude,MSL_GPS_Altitude,HAE_GPS_Altitude,Pressure_Altitude,Radar_Altitude,Ground_Speed,True_Air_Speed,Indicated_Air_Speed,Mach_Number,Vertical_Speed,True_Heading,Track_Angle,Drift_Angle,Pitch_Angle,Roll_Angle,Static_Air_Temp,Potential_Temp,Dew_Point,Total_Air_Temp,IR_Surf_Temp,Static_Pressure,Cabin_Pressure,Wind_Speed,Wind_Direction,Solar_Zenith_Angle,Aircraft_Sun_Elevation,Sun_Azimuth,Aircraft_Sun_Azimuth,Mixing_Ratio,Part_Press_Water_Vapor,Sat_Vapor_Press_H2O,Sat_Vapor_Press_Ice,Relative_Humidity
[from data line 11018]
79934,197,36.4389595,-119.3810827,430,398.8,1452,1118.0,114.48,230.94,219.25,0.342,-0.8,316.64,318.75,2.1,4.02,15.16,28.48,305.1,13.3,35.5,53.5,961.20,1031.9,-9999,-9999,31.5,42.6,-109.9,-69.0,10.12,15.40,39.23,51.56,39.24
79935,197,36.4397423,-119.3819138,430,398.3,1449,1096.5,114.48,230.31,218.62,0.341,-0.1,317.88,320.02,2.1,4.21,15.37,28.46,305.0,13.4,35.5,53.3,961.31,1031.8,-9999,-9999,31.5,42.3,-109.9,-69.8,10.18,15.49,39.20,51.51,39.50
79936,197,36.4405397,-119.3827228,430,398.5,1448,1106.0,114.43,230.81,219.25,0.341,0.4,319.17,321.32,2.2,4.42,15.64,28.44,305.0,13.3,35.5,52.7,961.34,1031.9,-9999,-9999,31.5,41.9,-109.9,-70.7,10.18,15.48,39.15,51.42,39.53
79937,197,36.4413510,-119.3835096,430,398.8,1447,1104.0,114.34,230.50,218.75,0.341,0.3,320.57,322.54,2.0,4.56,15.51,28.55,305.1,13.2,35.6,51.8,961.38,1032.1,-9999,-9999,31.6,42.0,-109.9,-71.5,10.07,15.31,39.41,51.83,38.86
79938,197,36.4421746,-119.3842745,430,399.1,1447,1107.0,114.20,230.12,218.50,0.340,0.4,322.13,323.73,1.6,4.77,14.87,28.57,305.1,12.5,35.6,50.7,961.38,1032.1,-9999,-9999,31.6,42.5,-109.9,-72.1,9.64,14.67,39.46,51.90,37.17
79939,197,36.4430100,-119.3850165,431,399.7,1448,1112.5,114.04,229.75,218.06,0.340,0.9,323.64,324.97,1.3,4.84,14.77,28.55,305.1,11.8,35.5,50.2,961.34,1031.8,-9999,-9999,31.6,42.6,-109.9,-73.1,9.20,14.02,39.39,51.80,35.58
79940,197,36.4438570,-119.3857349,432,400.9,1452,1117.0,113.89,229.50,217.81,0.339,1.6,325.05,326.28,1.2,4.81,15.50,28.56,305.1,11.7,35.5,50.1,961.20,1031.9,-9999,-9999,31.6,41.9,-109.9,-74.4,9.12,13.89,39.43,51.86,35.22
79941,197,36.4447171,-119.3864267,434,402.9,1457,1136.5,113.79,230.44,218.75,0.341,2.4,326.28,327.70,1.4,4.52,15.83,28.55,305.2,12.0,35.6,49.8,961.02,1032.0,-9999,-9999,31.6,41.6,-109.9,-75.7,9.28,14.13,39.41,51.83,35.84
79942,197,36.4455903,-119.3870915,436,405.3,1462,1144.5,113.72,229.31,217.56,0.339,2.2,327.56,329.00,1.4,4.17,15.68,28.53,305.1,12.7,35.5,49.3,960.85,1032.1,-9999,-9999,31.6,41.9,-109.9,-76.8,9.76,14.84,39.35,51.74,37.72
79943,197,36.4464739,-119.3877336,438,406.9,1465,1142.0,113.64,229.25,217.44,0.339,1.0,328.91,330.12,1.2,4.10,15.71,28.53,305.2,13.5,35.5,48.5,960.74,1031.8,-9999,-9999,31.6,41.8,-109.9,-77.8,10.28,15.62,39.36,51.75,39.68
79944,197,36.4473666,-119.3883540,439,407.4,1469,1140.5,113.56,227.62,215.88,0.336,0.1,330.45,331.28,0.8,4.16,15.28,28.53,305.2,13.5,35.4,47.7,960.60,1031.8,-9999,-9999,31.6,42.3,-109.9,-78.7,10.29,15.63,39.36,51.74,39.71
79945,197,36.4482689,-119.3889502,439,407.5,1473,1143.0,113.49,227.31,215.44,0.336,0.1,331.82,332.56,0.7,4.10,15.47,28.55,305.2,13.3,35.4,47.5,960.46,1031.7,-9999,-9999,31.6,42.1,-109.9,-79.8,10.13,15.40,39.40,51.81,39.07
79946,197,36.4491813,-119.3895208,439,407.6,1475,1144.0,113.46,228.31,216.50,0.338,0.1,333.10,333.87,0.8,3.88,15.30,28.54,305.2,12.7,35.4,47.6,960.39,1031.5,-9999,-9999,31.6,42.4,-109.9,-80.9,9.72,14.78,39.38,51.78,37.54
79947,197,36.4501042,-119.3900651,439,407.7,1475,1133.0,113.45,228.19,216.50,0.337,-0.1,334.29,335.17,0.9,3.69,15.48,28.35,305.0,12.2,35.2,47.8,960.39,1031.8,-9999,-9999,31.6,42.2,-109.9,-82.0,9.44,14.36,38.94,51.11,36.88
79948,197,36.4510371,-119.3905835,439,407.5,1475,1143.5,113.51,226.12,214.31,0.334,-0.4,335.32,336.44,1.1,3.58,14.66,28.37,305.0,12.1,35.1,47.8,960.39,1031.6,-9999,-9999,31.6,43.0,-109.9,-82.7,9.38,14.27,39.00,51.20,36.58
79949,197,36.4519793,-119.3910775,438,406.9,1475,1151.0,113.58,225.44,213.75,0.333,-0.6,336.40,337.61,1.2,3.48,13.39,28.41,305.1,12.3,35.1,47.8,960.39,1031.5,-9999,-9999,31.6,44.3,-109.9,-83.3,9.49,14.43,39.09,51.34,36.91
79950,197,36.4529297,-119.3915492,438,406.4,1474,1147.0,113.69,225.00,213.25,0.333,-0.4,337.60,338.69,1.1,3.38,12.09,28.44,305.1,12.3,35.1,48.0,960.43,1031.3,-9999,-9999,31.6,45.7,-109.8,-84.0,9.53,14.50,39.15,51.43,37.03
79951,197,36.4538875,-119.3920000,438,406.1,1473,1147.5,113.79,225.25,213.56,0.333,0.0,338.58,339.75,1.2,3.44,12.36,28.52,305.2,12.2,35.2,48.5,960.46,1031.6,-9999,-9999,31.6,45.5,-109.8,-84.8,9.45,14.38,39.34,51.71,36.56
79952,197,36.4548532,-119.3924285,438,406.4,1473,1145.5,113.92,225.81,214.00,0.334,0.5,339.14,340.84,1.7,3.51,12.03,28.49,305.1,12.4,35.2,49.2,960.46,1031.6,-9999,-9999,31.6,45.8,-109.8,-85.2,9.54,14.50,39.26,51.59,36.95
79953,197,36.4558258,-119.3928360,438,406.8,1472,1146.5,114.00,224.50,212.81,0.332,0.0,339.96,341.75,1.8,3.30,11.59,28.52,305.2,12.4,35.2,50.4,960.50,1031.7,-9999,-9999,31.6,46.3,-109.8,-85.8,9.59,14.59,39.33,51.70,37.10
79954,197,36.4568041,-119.3932248,438,406.5,1471,1149.5,114.08,226.12,214.38,0.334,-0.6,340.93,342.67,1.7,3.39,12.16,28.53,305.2,12.9,35.3,51.4,960.53,1031.7,-9999,-9999,31.6,45.8,-109.8,-86.6,9.88,15.02,39.36,51.75,38.16
79955,197,36.4577891,-119.3935920,438,406.0,1471,1148.0,114.17,227.56,215.88,0.336,-0.4,341.79,343.70,1.9,3.64,11.91,28.53,305.2,12.7,35.4,52.4,960.53,1031.7,-9999,-9999,31.6,46.0,-109.8,-87.0,9.72,14.78,39.36,51.74,37.56
79956,197,36.4587794,-119.3939391,437,405.6,1470,1132.5,114.21,228.25,216.69,0.338,-0.4,342.70,344.60,1.9,3.62,10.75,28.58,305.2,12.4,35.5,53.4,960.57,1031.5,-9999,-9999,31.6,47.2,-109.8,-87.5,9.57,14.56,39.48,51.93,36.89
79957,197,36.4597736,-119.3942683,437,405.3,1470,1130.5,114.26,227.81,216.12,0.337,0.1,343.71,345.43,1.7,3.51,9.83,28.71,305.4,12.5,35.6,53.9,960.57,1031.7,-9999,-9999,31.6,48.2,-109.8,-88.3,9.63,14.65,39.77,52.38,36.83
79958,197,36.4607723,-119.3945801,438,405.9,1471,1130.0,114.38,226.31,214.75,0.335,0.9,344.72,346.26,1.5,3.34,10.27,28.71,305.4,13.1,35.5,54.2,960.53,1031.6,-9999,-9999,31.6,47.8,-109.8,-89.3,10.03,15.25,39.76,52.36,38.34
79959,197,36.4617755,-119.3948756,438,406.6,1471,1140.0,114.49,224.62,212.81,0.332,0.6,345.59,347.04,1.5,3.19,10.69,28.66,305.3,13.4,35.3,54.2,960.53,1031.5,-9999,-9999,31.6,47.5,-109.8,-90.2,10.20,15.50,39.65,52.19,39.08
79960,197,36.4627828,-119.3951534,439,406.7,1470,1150.0,114.56,226.75,215.00,0.335,-0.3,346.40,347.86,1.5,3.15,10.69,28.63,305.3,13.0,35.4,54.1,960.57,1031.4,-9999,-9999,31.6,47.5,-109.8,-90.9,9.97,15.16,39.58,52.09,38.29
79961,197,36.4637939,-119.3954130,438,406.1,1469,1141.0,114.63,226.81,215.06,0.335,-0.7,347.10,348.70,1.6,3.37,9.61,28.62,305.3,12.6,35.4,53.9,960.60,1031.8,-9999,-9999,31.6,48.5,-109.8,-91.2,9.71,14.76,39.57,52.07,37.31
79962,197,36.4648089,-119.3956544,438,405.4,1469,1153.5,114.70,228.12,216.31,0.337,-0.7,347.79,349.41,1.6,3.34,6.26,28.69,305.3,12.4,35.6,53.4,960.60,1031.8,-9999,-9999,31.6,51.9,-109.8,-91.6,9.54,14.51,39.74,52.32,36.53
79963,197,36.4658256,-119.3958851,437,404.7,1467,1158.5,114.72,228.38,216.69,0.338,-0.7,348.52,349.75,1.2,3.35,2.61,28.63,305.3,11.7,35.5,52.6,960.67,1031.4,3.7,307.2,31.6,55.6,-109.8,-92.2,9.10,13.85,39.58,52.08,35.00
79964,197,36.4668429,-119.3961116,436,404.1,1464,1124.5,114.71,228.94,217.25,0.338,-0.6,349.03,349.87,0.8,3.52,0.46,28.69,305.3,11.4,35.6,51.5,960.78,1031.5,3.5,320.5,31.6,57.8,-109.8,-92.5,8.93,13.60,39.73,52.32,34.22
79965,197,36.4678605,-119.3963367,435,403.6,1462,1132.5,114.69,229.12,217.38,0.339,-0.4,349.21,349.87,0.7,3.66,-0.86,28.68,305.3,11.3,35.6,49.7,960.85,1031.4,3.5,326.7,31.6,59.2,-109.8,-92.6,8.89,13.53,39.71,52.29,34.08
79966,197,36.4688775,-119.3965635,435,403.3,1461,1133.0,114.65,228.44,216.69,0.338,-0.1,349.04,349.79,0.8,3.63,-1.16,28.67,305.3,11.9,35.6,48.1,960.88,1031.5,3.3,321.3,31.6,59.5,-109.8,-92.5,9.26,14.09,39.69,52.25,35.50
79967,197,36.4698942,-119.3967907,434,403.2,1461,1130.0,114.62,228.44,216.62,0.338,-0.1,348.61,349.74,1.1,3.58,-1.73,28.63,305.2,12.1,35.5,46.4,960.88,1031.8,3.7,311.0,31.6,60.0,-109.8,-92.2,9.39,14.29,39.59,52.10,36.09
79968,197,36.4709105,-119.3970191,434,403.0,1460,1130.0,114.59,227.75,216.00,0.337,0.0,348.10,349.63,1.5,3.70,-2.05,28.67,305.3,12.1,35.5,44.7,960.92,1031.7,4.0,298.8,31.6,60.3,-109.8,-91.5,9.37,14.27,39.68,52.24,35.96
79969,197,36.4719259,-119.3972508,435,403.0,1460,1136.0,114.54,227.94,216.19,0.337,0.1,347.45,349.46,2.0,3.74,-2.31,28.66,305.3,12.2,35.5,43.9,960.92,1031.7,4.9,292.3,31.7,60.5,-109.8,-90.8,9.46,14.39,39.66,52.21,36.29
79970,197,36.4729401,-119.3974865,435,403.1,1460,1135.5,114.47,227.81,216.12,0.337,0.1,346.89,349.24,2.3,3.71,-2.58,28.67,305.3,11.9,35.5,43.4,960.92,1031.5,5.5,287.9,31.7,60.8,-109.8,-90.2,9.27,14.12,39.67,52.22,35.59
79971,197,36.4739530,-119.3977269,436,403.1,1461,1132.5,114.42,227.38,215.50,0.336,0.1,346.33,349.02,2.7,3.61,-2.19,28.79,305.4,12.1,35.6,43.2,960.88,1031.6,6.0,282.8,31.7,60.4,-109.8,-89.8,9.38,14.27,39.95,52.66,35.71
79972,197,36.4749647,-119.3979704,436,403.3,1462,1133.5,114.37,229.06,217.31,0.339,0.0,345.76,348.83,3.1,3.40,-1.79,28.69,305.3,12.3,35.6,43.3,960.85,1031.5,7.1,286.5,31.7,59.9,-109.8,-89.6,9.51,14.47,39.72,52.30,36.42
79973,197,36.4759753,-119.3982183,436,403.3,1462,1126.5,114.34,228.06,216.38,0.337,-0.3,345.38,348.62,3.2,3.34,-1.38,28.70,305.3,12.4,35.6,43.5,960.85,1031.6,7.2,281.5,31.7,59.5,-109.8,-89.3,9.56,14.54,39.76,52.36,36.58
79974,197,36.4769851,-119.3984714,435,403.0,1461,1120.5,114.32,227.44,215.69,0.336,-0.5,345.23,348.44,3.2,3.37,-1.15,28.79,305.4,11.8,35.6,43.5,960.88,1031.7,7.0,279.3,31.7,59.3,-109.8,-89.0,9.19,14.00,39.95,52.66,35.04
79975,197,36.4779940,-119.3987287,435,402.7,1461,1120.0,114.31,228.19,216.50,0.337,-0.1,345.20,348.30,3.1,3.52,-0.11,28.69,305.3,11.8,35.6,43.3,960.88,1031.7,7.0,282.9,31.7,58.2,-109.8,-88.8,9.21,14.02,39.74,52.32,35.27
79976,197,36.4790023,-119.3989880,435,402.6,1461,1117.0,114.28,228.44,216.69,0.338,-0.1,344.89,348.23,3.3,3.51,0.26,28.78,305.4,12.1,35.7,43.1,960.88,1031.7,7.5,282.1,31.7,57.8,-109.8,-88.6,9.36,14.25,39.93,52.62,35.69
79977,197,36.4800101,-119.3992489,435,402.3,1459,1119.0,114.25,227.69,216.06,0.337,-0.5,344.64,348.16,3.5,3.63,0.09,28.77,305.4,12.0,35.6,42.8,960.95,1031.8,7.7,278.5,31.7,58.1,-109.8,-88.1,9.29,14.14,39.91,52.58,35.43
79978,197,36.4810175,-119.3995113,434,401.8,1460,1116.0,114.24,227.25,215.50,0.336,-0.3,344.71,348.07,3.4,3.76,0.59,28.75,305.4,12.1,35.6,42.7,960.92,1032.1,7.3,277.8,31.7,57.5,-109.8,-87.9,9.34,14.22,39.86,52.52,35.68
79979,197,36.4820247,-119.3997750,434,401.4,1459,1118.0,114.25,227.00,215.19,0.335,-0.6,344.82,348.06,3.2,3.68,1.13,28.82,305.4,12.7,35.6,42.8,960.95,1031.6,7.0,277.6,31.7,56.9,-109.8,-88.3,9.78,14.87,40.02,52.76,37.16
79980,197,36.4830319,-119.4000392,433,401.0,1458,1117.5,114.30,228.12,216.44,0.337,-0.1,344.94,348.03,3.1,3.85,0.70,28.85,305.5,13.0,35.7,42.7,960.99,1031.9,7.0,282.6,31.7,57.3,-109.8,-88.0,9.92,15.09,40.09,52.86,37.64
79981,197,36.4840394,-119.4003048,434,401.3,1458,1112.5,114.36,227.94,216.19,0.337,0.7,345.36,347.93,2.6,3.69,-0.10,28.86,305.5,13.0,35.7,42.4,960.99,1031.9,5.9,285.8,31.7,58.1,-109.8,-88.5,9.94,15.12,40.11,52.90,37.69
79982,197,36.4850472,-119.4005733,435,402.4,1459,1111.5,114.45,225.88,214.12,0.334,1.1,345.85,347.77,1.9,3.56,-2.18,28.83,305.4,13.1,35.6,42.0,960.95,1031.9,4.2,281.2,31.7,60.2,-109.8,-89.1,9.99,15.20,40.06,52.81,37.94
79983,197,36.4860546,-119.4008473,435,403.0,1459,1112.0,114.52,225.81,214.00,0.334,0.0,346.25,347.47,1.2,3.40,-3.97,28.79,305.4,13.0,35.5,41.4,960.95,1032.0,3.0,290.8,31.7,62.1,-109.8,-89.7,9.97,15.16,39.95,52.66,37.93
79984,197,36.4870617,-119.4011284,435,402.7,1458,1110.0,114.58,225.81,214.12,0.334,-0.5,346.24,347.17,0.9,3.80,-3.59,28.79,305.4,12.8,35.5,41.0,960.99,1031.7,2.5,297.0,31.7,61.7,-109.8,-89.1,9.80,14.91,39.95,52.66,37.32
79985,197,36.4880680,-119.4014157,435,402.4,1459,1108.5,114.64,225.31,213.56,0.333,-0.1,345.92,346.90,1.0,4.03,-3.75,28.82,305.4,12.5,35.5,40.8,960.95,1031.8,2.3,289.3,31.7,61.8,-109.8,-88.4,9.63,14.65,40.02,52.76,36.60
79986,197,36.4890733,-119.4017076,435,402.2,1459,1114.0,114.66,224.94,213.19,0.333,-0.1,345.42,346.64,1.2,3.94,-4.34,28.83,305.4,12.4,35.5,40.9,960.95,1031.9,2.7,279.4,31.7,62.4,-109.8,-88.0,9.54,14.51,40.06,52.82,36.23
79987,197,36.4900780,-119.4020071,434,402.3,1460,1121.5,114.72,225.12,213.38,0.333,0.2,344.84,346.26,1.4,3.91,-5.98,28.77,305.4,12.4,35.5,41.1,960.92,1031.8,-9999,-9999,31.7,63.9,-109.8,-87.1,9.55,14.53,39.92,52.61,36.41
79988,197,36.4910814,-119.4023173,434,402.5,1459,1118.0,114.79,224.88,213.12,0.332,0.3,344.28,345.72,1.4,3.91,-7.42,28.79,305.4,12.4,35.5,41.2,960.95,1031.8,-9999,-9999,31.7,65.4,-109.8,-86.2,9.53,14.50,39.95,52.66,36.30
79989,197,36.4920825,-119.4026407,434,403.0,1461,1117.5,114.84,226.00,214.31,0.334,0.6,343.63,345.07,1.4,3.85,-8.48,28.82,305.4,12.5,35.6,41.0,960.88,1031.6,-9999,-9999,31.7,66.4,-109.8,-85.3,9.61,14.62,40.02,52.76,36.53
79990,197,36.4930807,-119.4029793,435,403.5,1461,1121.0,114.89,226.44,214.69,0.335,0.4,342.83,344.36,1.5,3.67,-9.19,28.90,305.5,12.6,35.7,40.6,960.88,1031.6,-9999,-9999,31.7,67.0,-109.7,-84.6,9.67,14.72,40.20,53.04,36.60
79991,197,36.4940761,-119.4033335,435,403.9,1462,1115.5,114.95,227.50,215.75,0.336,0.5,341.82,343.58,1.8,3.67,-10.37,29.03,305.6,12.3,35.9,39.9,960.85,1031.7,-9999,-9999,31.7,68.1,-109.7,-82.9,9.52,14.49,40.51,53.51,35.76
79992,197,36.4950678,-119.4037051,436,404.7,1464,1113.0,115.02,227.19,215.38,0.336,1.1,340.70,342.70,2.0,3.61,-10.98,29.00,305.6,12.3,35.8,39.1,960.78,1031.5,-9999,-9999,31.7,68.7,-109.7,-81.2,9.50,14.46,40.44,53.41,35.75
79993,197,36.4960550,-119.4040966,437,405.6,1466,1117.0,115.08,227.19,215.50,0.336,0.8,339.58,341.76,2.2,3.30,-11.98,29.10,305.7,12.4,35.9,38.6,960.71,1031.6,-9999,-9999,31.7,69.5,-109.7,-80.0,9.53,14.50,40.68,53.78,35.65
79994,197,36.4970371,-119.4045104,438,406.6,1470,1126.5,115.16,229.62,217.81,0.339,1.3,338.58,340.61,2.0,3.29,-13.91,29.05,305.7,12.3,36.0,38.1,960.57,1031.5,-9999,-9999,31.7,71.4,-109.7,-77.2,9.52,14.49,40.56,53.59,35.71
79995,197,36.4980129,-119.4049495,439,407.9,1472,1131.5,115.26,229.81,217.88,0.340,1.0,337.61,339.46,1.9,2.90,-13.71,29.04,305.7,12.4,36.0,37.8,960.50,1031.5,-9999,-9999,31.7,71.2,-109.7,-76.9,9.58,14.56,40.55,53.57,35.91
79996,197,36.4989824,-119.4054126,440,408.3,1474,1132.0,115.36,230.44,218.50,0.340,-0.2,336.41,338.40,2.0,2.63,-14.10,28.91,305.6,12.3,35.9,37.9,960.43,1031.5,-9999,-9999,31.7,71.5,-109.7,-75.5,9.47,14.41,40.23,53.08,35.82
79997,197,36.4999461,-119.4058974,439,407.5,1474,1130.0,115.49,230.12,218.12,0.340,-1.5,335.36,337.33,2.0,2.72,-14.52,28.93,305.6,11.8,35.9,38.5,960.43,1031.4,-9999,-9999,31.7,71.8,-109.7,-73.2,9.17,13.95,40.27,53.15,34.64
79998,197,36.5009029,-119.4064061,438,405.6,1472,1128.0,115.60,230.62,218.69,0.341,-2.0,334.27,336.15,1.9,2.92,-13.83,28.95,305.6,11.3,36.0,40.0,960.50,1031.4,-9999,-9999,31.7,70.9,-109.7,-71.5,8.88,13.52,40.32,53.22,33.52
79999,197,36.5018513,-119.4069410,436,403.8,1469,1118.0,115.74,231.75,219.88,0.343,-1.5,333.21,334.90,1.7,2.92,-14.14,28.87,305.5,10.9,36.0,41.4,960.60,1031.7,-9999,-9999,31.7,71.1,-109.7,-69.5,8.63,13.14,40.15,52.96,32.74
80000,197,36.5027916,-119.4075024,435,402.6,1466,1106.5,115.94,231.44,219.56,0.342,-0.7,332.07,333.64,1.6,2.94,-13.42,28.94,305.6,11.0,36.0,42.6,960.71,1031.7,-9999,-9999,31.8,70.3,-109.7,-68.5,8.70,13.25,40.31,53.21,32.87
80001,197,36.5037236,-119.4080892,434,402.0,1461,1105.5,116.10,231.31,219.31,0.342,-0.5,330.60,332.48,1.9,2.81,-13.70,28.95,305.6,11.2,36.0,43.6,960.88,1031.3,-9999,-9999,31.8,70.3,-109.7,-66.4,8.85,13.48,40.34,53.25,33.42
80002,197,36.5046468,-119.4087007,433,401.8,1459,1101.0,116.25,232.12,220.31,0.343,0.2,329.06,331.21,2.2,3.20,-14.41,28.95,305.6,11.2,36.1,44.2,960.95,1031.5,-9999,-9999,31.8,70.6,-109.7,-62.2,8.84,13.46,40.33,53.24,33.38
80003,197,36.5055596,-119.4093381,433,402.0,1458,1107.0,116.31,231.44,219.50,0.342,0.1,327.62,329.95,2.3,3.19,-15.12,28.95,305.6,11.4,36.0,44.5,960.99,1031.6,-9999,-9999,31.8,71.0,-109.7,-59.0,8.94,13.61,40.32,53.23,33.76
80004,197,36.5064607,-119.4100008,434,402.1,1458,1106.5,116.33,232.50,220.62,0.343,0.2,326.29,328.62,2.3,3.30,-15.35,29.03,305.6,11.6,36.2,44.8,960.99,1031.7,-9999,-9999,31.8,70.9,-109.7,-56.4,9.07,13.81,40.51,53.52,34.08
80005,197,36.5073398,-119.4106845,434,402.7,1460,1108.0,116.41,233.00,221.00,0.344,0.9,324.95,327.16,2.2,3.24,-16.72,29.15,305.8,11.6,36.3,44.8,960.92,1031.5,-9999,-9999,31.8,71.7,-109.7,-52.0,9.06,13.80,40.79,53.94,33.83
