Data/Raw/YANG,MELISSA/FIREXAQ-MetNav_DC8_20190717_R0_L1.ict
76, 1001
Project Office
NSRC - National Suborbital Research Center
N817NA Meteorological and Navigation Facility Instrumentation
FIREX-AQ/SARP
1,1
2019,07,17,2020,03,05
1
Time_Start, seconds (from midnight UTC)
35
1,1,1,1,1,1,1,1,1,1,1,1,1,1,1,1,1,1,1,1,1,1,1,1,1,1,1,1,1,1,1,1,1,1,1
-9999,-9999,-9999,-9999,-9999,-9999,-9999,-9999,-9999,-9999,-9999,-9999,-9999,-9999,-9999,-9999,-9999,-9999,-9999,-9999,-9999,-9999,-9999,-9999,-9999,-9999,-9999,-9999,-9999,-9999,-9999,-9999,-9999,-9999,-9999
Day_Of_Year, day, None, calendar day beginning January 1
Latitude, deg, Platform_Latitude_InSitu_None
Longitude, deg, Platform_Longitude_InSitu_None
MSL_GPS_Altitude, m, Platform_AltitudeMSL_InSitu_None
HAE_GPS_Altitude, m, Platform_AltitudeEllipsoid_InSitu_None, reference WGS-84
Pressure_Altitude, ft, Platform_AltitudePressure_InSitu_None
Radar_Altitude, ft, Platform_AltitudeAGL_InSitu_None
Ground_Speed, m/s, Platform_GroundSpeed_InSitu_None
True_Air_Speed, kts, Platform_AircraftTrueAirSpeed_InSitu_None
Indicated_Air_Speed, kts, Platform_AircraftIndicatedAirSpeed_InSitu_None
Mach_Number, mach, None
Vertical_Speed, m/s, None
True_Heading, deg 0-360, Platform_HeadingTrue_InSitu_None, cw from +y
Track_Angle, deg 0-360, Platform_TrackAngle_InSitu_None, cw from +y
Drift_Angle, deg +-180, Platform_DriftAngle_InSitu_None, cw from +y
Pitch_Angle, deg +-180, Platform_PitchAngle_InSitu_None, up+
Roll_Angle, deg +-180, Platform_RollAngle_InSitu_None, rt+
Static_Air_Temp, degrees Celcius, Met_StaticAirTemperature_InSitu_None
Potential_Temp, Kelvin, Met_PotentialTemperature_InSitu_None
Dew_Point, degrees Celcius, Met_DewPoint_InSitu_None
Total_Air_Temp, degrees Celcius, None
IR_Surf_Temp, degrees Celcius, Met_SufaceTemperature_InSitu_None
Static_Pressure, hPa, Met_StaticPressure_InSitu_None
Cabin_Pressure, hPa, None
Wind_Speed, m/s, Met_WindSpeed_InSitu_None, limited to where Roll_Angle does not exceed 5 degrees
Wind_Direction, deg 0-360 cw from +y, Met_WindDirection_InSitu_None, limited to where Roll_Angle does not exceed 5 degrees
Solar_Zenith_Angle, deg, Platform_SolarZenithAngle_InSitu_None
Aircraft_Sun_Elevation, deg, None
Sun_Azimuth, deg, Platform_SolarAzimuthAngle_InSitu_None
Aircraft_Sun_Azimuth, deg, None
Mixing_Ratio, g/kg, Met_H2OMR_InSitu_None
Part_Press_Water_Vapor, hPa, Met_PartialPressureH2O_InSitu_None
Sat_Vapor_Press_H2O, hPa, Met_SatVaporPressureH2OWater_InSitu_None
Sat_Vapor_Press_Ice, hPa, Met_SatVaporPressureH2OIce_InSitu_None
Relative_Humidity, percent, Met_RelativeHumidityWater_InSitu_None
0
27
PI_CONTACT_INFO: Melissa Yang Martin, m.yang@baeri.org 
Platform: NASA DC-8 N817NA
LOCATION: Included in data records
ASSOCIATED_DATA: This flight represents SARP Science Flight #2 out of Palmdale, CA. This flight includes the Salton Sea overflight, several missed approaches in the LA Basin, and a TCCON tower spiral. See SARP archive on Langley archive at https://www-air.larc.nasa.gov/missions/sarp/index.html
INSTRUMENT_INFO: 
	Position, attitude, ground speed, and vertical speed from LN251
	Wind_Speed and Wind_Direction calculated from LN251, Aircraft Data System-85
	Radar_Altitude from APN-232
	Total_Air_Temperature from Rosemount 102 type non-deiced with Laurels LTE signal conditioner
	IR_Surface_Temp from KT-19.85II
    Cabin_Pressure from MKS Baratron 220D
[...]
ULOD_FLAG:-7777
ULOD_VALUE:366,90,180,N/A,N/A,57343,65000,N/A,600,510,0.99,104.04,360,360,180,180,180,60,N/A,90,99,200,N/A,1333.22,N/A,360,N/A,N/A,N/A,N/A,N/A,N/A,N/A,N/A,N/A
LLOD_FLAG:-8888
LLOD_VALUE:0,-90,-180,N/A,N/A,-1871,0,0,0,0,0,-104.04,0,0,-180,-180,-180,-99,N/A,-60,-60,-50,N/A,0.66,0,0,N/A,N/A,N/A,N/A,N/A,N/A,N/A,N/A,N/A
DM_CONTACT_INFO: Ryan Bennett, r.bennett@baeri.org
PROJECT_INFO: N/A
STIPULATIONS_ON_USE: Please contact DM or PI with questions before use.
OTHER_COMMENTS: Potential TAT wetting between Start_UTC 58630 and 58932. Will re-assess in future revision. Wind Speed and Wind Direction flagged where Roll_Angle exceeds 5 degrees.
REVISION: R0
R0: Public release data with limits of detection and instrument calibrations applied to Total_Air_Temp (follows through to reduction to Static_Air_Temp and calculation of Potential_Temp), and Cabin_Pressure.
RA: Preliminary field data with limits of detection applied.
Time_Start,Day_Of_Year,Latitude,Longitude,MSL_GPS_Altitude,HAE_GPS_Altitude,Pressure_Altitude,Radar_Altitude,Ground_Speed,True_Air_Speed,Indicated_Air_Speed,Mach_Number,Vertical_Speed,True_Heading,Track_Angle,Drift_Angle,Pitch_Angle,Roll_Angle,Static_Air_Temp,Potential_Temp,Dew_Point,Total_Air_Temp,IR_Surf_Temp,Static_Pressure,Cabin_Pressure,Wind_Speed,Wind_Direction,Solar_Zenith_Angle,Aircraft_Sun_Elevation,Sun_Azimuth,Aircraft_Sun_Azimuth,Mixing_Ratio,Part_Press_Water_Vapor,Sat_Vapor_Press_H2O,Sat_Vapor_Press_Ice,Relative_Humidity
[from data line 9199]
64829,198,34.9115427,-117.7833129,7454,7417.9,23024,22078.0,195.83,380.38,261.81,0.607,-12.0,18.29,19.26,1.0,-2.15,-18.10,-14.29,334.1,-35.8,4.8,42.8,409.58,923.1,-9999,-9999,29.3,42.9,110.2,93.2,0.45,0.29,2.05,1.79,14.36
64830,198,34.9132116,-117.7826233,7442,7405.9,22988,22046.5,195.77,380.62,262.19,0.608,-11.9,17.44,18.34,0.9,-2.17,-18.12,-14.22,334.1,-36.1,4.9,42.7,410.21,923.1,-9999,-9999,29.3,42.8,110.2,93.8,0.43,0.28,2.06,1.80,13.80
64831,198,34.9148888,-117.7819666,7430,7394.0,22951,21962.0,195.71,380.69,262.31,0.608,-11.9,16.61,17.41,0.8,-2.18,-18.19,-14.12,334.1,-36.1,5.0,42.6,410.87,923.5,-9999,-9999,29.3,42.7,110.2,94.4,0.43,0.29,2.08,1.81,13.79
64832,198,34.9165740,-117.7813429,7418,7382.0,22915,21930.0,195.65,380.75,262.50,0.608,-12.0,15.77,16.50,0.7,-2.19,-18.12,-13.98,334.1,-36.8,5.2,42.5,411.50,923.8,-9999,-9999,29.3,42.8,110.2,95.0,0.41,0.27,2.10,1.84,12.74
64833,198,34.9182667,-117.7807521,7406,7370.1,22879,21894.0,195.59,380.50,262.50,0.607,-12.0,14.92,15.59,0.7,-2.23,-17.96,-13.86,334.1,-37.0,5.3,42.4,412.14,924.1,-9999,-9999,29.3,43.0,110.2,95.6,0.39,0.26,2.12,1.86,12.29
64834,198,34.9199664,-117.7801936,7394,7358.0,22841,21867.0,195.55,380.50,262.62,0.607,-12.1,14.07,14.69,0.6,-2.25,-17.93,-13.76,334.1,-37.4,5.4,42.3,412.81,924.5,-9999,-9999,29.3,43.0,110.2,96.2,0.38,0.25,2.14,1.88,11.72
64835,198,34.9216726,-117.7796676,7382,7345.9,22803,21808.5,195.51,380.50,262.81,0.607,-12.1,13.21,13.79,0.6,-2.24,-17.94,-13.66,334.1,-36.9,5.5,42.3,413.48,924.7,-9999,-9999,29.3,43.0,110.2,96.8,0.40,0.26,2.16,1.89,12.24
64836,198,34.9233852,-117.7791746,7369,7333.8,22766,21754.5,195.46,380.75,263.12,0.607,-12.1,12.34,12.89,0.5,-2.23,-17.89,-13.54,334.1,-36.8,5.6,42.2,414.14,925.2,-9999,-9999,29.3,43.0,110.2,97.3,0.40,0.27,2.18,1.91,12.20
64837,198,34.9251036,-117.7787146,7357,7321.8,22729,21729.5,195.43,380.56,263.12,0.607,-12.0,11.47,11.98,0.5,-2.22,-17.92,-13.47,334.0,-38.0,5.7,42.1,414.80,925.4,-9999,-9999,29.3,43.0,110.2,97.9,0.35,0.24,2.19,1.93,10.77
64838,198,34.9268276,-117.7782880,7345,7309.8,22692,21657.5,195.39,380.81,263.44,0.607,-12.0,10.61,11.06,0.5,-2.19,-18.03,-13.39,333.9,-38.1,5.8,42.0,415.45,925.5,-9999,-9999,29.3,42.9,110.2,98.4,0.35,0.23,2.21,1.94,10.55
64839,198,34.9285565,-117.7778949,7333,7297.8,22655,21639.5,195.34,380.75,263.56,0.607,-12.0,9.75,10.15,0.4,-2.19,-18.05,-13.28,333.9,-37.7,5.9,41.9,416.11,925.8,-9999,-9999,29.3,42.9,110.3,99.0,0.36,0.24,2.23,1.96,10.94
64840,198,34.9302898,-117.7775353,7321,7285.8,22619,21575.0,195.29,380.81,263.75,0.607,-12.0,8.86,9.24,0.4,-2.21,-17.98,-13.24,333.8,-37.5,5.9,41.9,416.75,926.4,-9999,-9999,29.3,43.0,110.3,99.6,0.37,0.25,2.23,1.97,11.16
64841,198,34.9320273,-117.7772089,7309,7273.8,22583,21513.0,195.25,380.56,263.69,0.606,-12.1,8.00,8.35,0.3,-2.30,-17.99,-13.20,333.7,-37.4,5.9,41.8,417.40,926.4,-9999,-9999,29.2,43.0,110.3,100.3,0.37,0.25,2.24,1.97,11.21
64842,198,34.9337683,-117.7769153,7297,7261.7,22547,21469.0,195.22,379.94,263.38,0.605,-12.2,7.11,7.45,0.3,-2.29,-17.99,-13.15,333.7,-36.8,5.9,41.7,418.04,926.5,-9999,-9999,29.2,43.0,110.3,100.9,0.40,0.27,2.25,1.98,11.79
64843,198,34.9355129,-117.7766550,7284,7249.5,22510,21446.5,195.20,379.81,263.38,0.605,-12.2,6.16,6.55,0.4,-2.25,-17.89,-13.03,333.7,-36.4,6.0,41.6,418.70,926.9,-9999,-9999,29.2,43.2,110.3,101.5,0.41,0.28,2.27,2.00,12.18
64844,198,34.9372603,-117.7764284,7272,7237.3,22472,21421.5,195.17,379.50,263.44,0.604,-12.0,5.19,5.64,0.4,-2.18,-17.89,-12.95,333.6,-36.2,6.1,41.6,419.38,927.1,-9999,-9999,29.2,43.2,110.3,102.1,0.42,0.28,2.29,2.02,12.36
64845,198,34.9390101,-117.7762357,7260,7225.3,22434,21406.0,195.13,379.38,263.50,0.604,-11.9,4.25,4.72,0.5,-2.11,-18.09,-12.85,333.6,-36.5,6.2,41.6,420.06,927.4,-9999,-9999,29.2,43.1,110.3,102.6,0.41,0.28,2.31,2.04,11.94
64846,198,34.9407618,-117.7760774,7248,7213.5,22397,21362.5,195.07,379.62,263.81,0.604,-11.8,3.31,3.79,0.5,-2.12,-18.15,-12.72,333.6,-37.3,6.3,41.7,420.73,927.6,-9999,-9999,29.2,43.0,110.3,103.2,0.38,0.25,2.33,2.06,10.89
64847,198,34.9425148,-117.7759535,7237,7201.6,22361,21312.5,195.01,379.38,263.75,0.604,-11.8,2.36,2.88,0.5,-2.17,-18.10,-12.65,333.5,-36.9,6.4,41.9,421.37,927.7,-9999,-9999,29.2,43.1,110.3,103.9,0.39,0.26,2.34,2.08,11.28
64848,198,34.9442687,-117.7758632,7225,7189.8,22324,21251.5,194.95,379.12,263.81,0.603,-11.9,1.39,1.97,0.6,-2.19,-18.17,-12.52,333.6,-36.1,6.5,42.0,422.04,927.9,-9999,-9999,29.2,43.1,110.3,104.5,0.42,0.28,2.37,2.10,12.02
64849,198,34.9460231,-117.7758069,7213,7177.9,22287,21219.5,194.90,379.38,264.00,0.604,-11.9,0.43,1.05,0.6,-2.18,-18.25,-12.40,333.6,-36.3,6.6,42.2,422.71,928.2,-9999,-9999,29.2,43.1,110.3,105.1,0.41,0.28,2.39,2.12,11.76
64850,198,34.9477776,-117.7757851,7202,7166.0,22250,21178.5,194.84,378.94,263.94,0.603,-11.9,359.49,0.12,0.6,-2.17,-18.30,-12.31,333.5,-36.4,6.7,42.2,423.38,928.6,-9999,-9999,29.2,43.1,110.3,105.7,0.41,0.28,2.41,2.14,11.55
64851,198,34.9495315,-117.7757979,7190,7154.1,22214,21169.0,194.77,378.88,264.06,0.603,-11.9,358.56,359.19,0.6,-2.19,-18.33,-12.15,333.6,-36.4,6.8,42.2,424.03,928.9,-9999,-9999,29.2,43.1,110.3,106.4,0.41,0.28,2.44,2.17,11.42
64852,198,34.9512845,-117.7758452,7178,7142.2,22177,21139.0,194.72,378.69,263.94,0.602,-12.0,357.65,358.26,0.6,-2.22,-18.26,-12.08,333.5,-36.5,6.9,42.2,424.70,928.9,-9999,-9999,29.2,43.2,110.4,107.0,0.40,0.27,2.45,2.18,11.19
64853,198,34.9530361,-117.7759267,7166,7130.1,22141,21108.5,194.67,378.44,263.88,0.602,-12.0,356.70,357.36,0.7,-2.26,-17.46,-12.05,333.4,-36.3,6.9,42.1,425.35,929.2,-9999,-9999,29.2,44.0,110.4,107.9,0.41,0.28,2.46,2.19,11.44
64854,198,34.9547861,-117.7760410,7154,7118.1,22105,21075.0,194.62,378.19,263.94,0.601,-12.0,355.72,356.48,0.8,-2.27,-17.31,-11.88,333.5,-36.1,7.0,42.1,426.00,929.4,-9999,-9999,29.2,44.2,110.4,108.7,0.42,0.29,2.49,2.22,11.43
64855,198,34.9565340,-117.7761876,7141,7106.2,22067,21025.5,194.55,378.56,264.38,0.602,-12.0,354.84,355.61,0.8,-2.25,-17.32,-11.77,333.5,-36.9,7.2,42.0,426.69,929.4,-9999,-9999,29.2,44.3,110.4,109.3,0.38,0.26,2.52,2.25,10.46
64856,198,34.9582791,-117.7763662,7129,7094.0,22032,20987.0,194.50,378.38,264.31,0.601,-12.4,354.04,354.76,0.7,-2.57,-17.10,-11.75,333.4,-36.9,7.2,41.9,427.33,929.9,-9999,-9999,29.2,44.4,110.4,110.2,0.38,0.26,2.52,2.25,10.47
64857,198,34.9600216,-117.7765759,7117,7081.4,21996,20917.0,194.47,378.06,264.25,0.601,-12.8,353.15,353.93,0.8,-2.58,-16.88,-11.57,333.4,-37.1,7.3,41.9,427.98,930.2,-9999,-9999,29.2,44.7,110.4,110.9,0.37,0.26,2.56,2.29,10.07
64858,198,34.9617614,-117.7768168,7104,7068.6,21956,20889.0,194.48,378.12,264.50,0.601,-12.8,352.26,353.07,0.8,-2.54,-17.12,-11.48,333.4,-36.8,7.4,41.8,428.71,930.1,-9999,-9999,29.2,44.6,110.4,111.3,0.39,0.27,2.57,2.30,10.41
64859,198,34.9634980,-117.7770897,7091,7055.9,21916,20855.0,194.46,378.06,264.62,0.600,-12.7,351.43,352.19,0.8,-2.43,-17.07,-11.38,333.4,-36.8,7.5,41.7,429.44,930.6,-9999,-9999,29.2,44.7,110.4,111.8,0.39,0.27,2.60,2.33,10.28
64860,198,34.9652304,-117.7773949,7078,7043.2,21877,20799.0,194.43,377.75,264.56,0.600,-12.6,350.55,351.32,0.8,-2.35,-16.73,-11.25,333.4,-37.0,7.6,41.6,430.16,930.8,-9999,-9999,29.2,45.1,110.4,112.5,0.38,0.26,2.62,2.35,9.99
64861,198,34.9669587,-117.7777319,7066,7030.7,21838,20759.0,194.39,378.12,264.94,0.600,-12.4,349.64,350.45,0.8,-2.28,-16.92,-11.08,333.4,-37.3,7.8,41.5,430.87,930.8,-9999,-9999,29.2,45.0,110.4,113.0,0.37,0.25,2.66,2.39,9.52
64862,198,34.9686821,-117.7781003,7054,7018.4,21798,20722.5,194.34,377.81,264.75,0.600,-12.2,348.77,349.58,0.8,-2.23,-17.12,-11.04,333.3,-36.7,7.8,41.4,431.60,930.8,-9999,-9999,29.2,44.9,110.4,113.4,0.39,0.27,2.67,2.40,10.06
64863,198,34.9704003,-117.7785008,7042,7006.3,21761,20679.5,194.29,377.50,264.75,0.599,-12.1,347.95,348.70,0.8,-2.24,-17.00,-10.91,333.3,-36.8,7.9,41.0,432.28,931.1,-9999,-9999,29.2,45.1,110.4,114.1,0.38,0.27,2.69,2.43,9.85
64864,198,34.9721129,-117.7789332,7030,6994.2,21724,20688.0,194.23,377.56,264.94,0.599,-12.1,347.02,347.84,0.8,-2.25,-17.07,-10.77,333.3,-36.1,8.1,40.7,432.96,931.4,-9999,-9999,29.2,45.1,110.4,114.7,0.41,0.29,2.72,2.46,10.53
64865,198,34.9738194,-117.7793964,7017,6982.0,21687,20627.5,194.17,377.69,265.31,0.599,-12.1,346.12,346.97,0.8,-2.23,-17.21,-10.73,333.2,-36.2,8.1,40.5,433.65,931.5,-9999,-9999,29.2,45.1,110.4,115.2,0.41,0.28,2.73,2.46,10.35
64866,198,34.9755194,-117.7798907,7005,6969.9,21650,20612.0,194.10,377.38,265.06,0.598,-12.2,345.25,346.10,0.9,-2.25,-17.23,-10.60,333.3,-37.0,8.2,40.2,434.33,931.7,-9999,-9999,29.2,45.2,110.5,115.8,0.38,0.26,2.76,2.49,9.50
64867,198,34.9772123,-117.7804162,6993,6957.7,21613,20527.0,194.03,377.12,265.06,0.598,-12.2,344.41,345.23,0.8,-2.23,-17.27,-10.47,333.3,-36.6,8.3,40.1,435.01,932.0,-9999,-9999,29.2,45.2,110.5,116.3,0.39,0.27,2.79,2.52,9.71
64868,198,34.9788978,-117.7809725,6980,6945.4,21577,20463.0,193.95,376.81,264.94,0.597,-12.3,343.53,344.37,0.8,-2.24,-17.13,-10.39,333.2,-36.3,8.4,40.0,435.67,932.2,-9999,-9999,29.2,45.4,110.5,117.0,0.40,0.28,2.81,2.54,9.96
64869,198,34.9805757,-117.7815594,6968,6933.1,21540,20460.5,193.90,376.44,264.88,0.596,-12.2,342.61,343.50,0.9,-2.26,-17.21,-10.25,333.3,-36.1,8.5,40.0,436.36,932.1,-9999,-9999,29.2,45.5,110.5,117.6,0.41,0.29,2.84,2.57,10.10
64870,198,34.9822456,-117.7821773,6956,6920.9,21502,20435.0,193.84,376.12,264.75,0.596,-12.2,341.74,342.63,0.9,-2.21,-17.17,-10.12,333.3,-36.0,8.6,40.0,437.06,932.6,-9999,-9999,29.2,45.6,110.5,118.2,0.41,0.29,2.87,2.60,10.10
64871,198,34.9839071,-117.7828255,6944,6908.7,21465,20371.0,193.77,375.88,264.69,0.595,-12.2,340.76,341.77,1.0,-2.23,-17.01,-10.06,333.2,-35.7,8.6,40.1,437.75,932.7,-9999,-9999,29.2,45.9,110.5,118.9,0.43,0.30,2.88,2.62,10.37
64872,198,34.9855597,-117.7835040,6932,6896.5,21428,20314.5,193.69,376.44,265.31,0.596,-12.1,339.83,340.90,1.1,-2.24,-17.19,-10.05,333.1,-35.5,8.7,40.2,438.44,932.9,-9999,-9999,29.2,45.8,110.5,119.5,0.43,0.30,2.88,2.62,10.51
64873,198,34.9872029,-117.7842124,6920,6884.4,21391,20306.0,193.61,376.31,265.38,0.596,-12.1,338.87,340.03,1.2,-2.22,-17.02,-9.94,333.1,-34.9,8.8,40.4,439.12,932.9,-9999,-9999,29.2,46.1,110.5,120.2,0.46,0.32,2.91,2.65,11.08
64874,198,34.9888364,-117.7849506,6907,6872.3,21354,20255.0,193.52,376.12,265.38,0.596,-12.1,337.86,339.17,1.3,-2.22,-17.10,-9.88,333.0,-34.9,8.8,40.6,439.81,933.2,-9999,-9999,29.2,46.1,110.5,120.8,0.46,0.32,2.92,2.66,11.00
64875,198,34.9904599,-117.7857185,6895,6860.2,21317,20219.5,193.43,375.75,265.25,0.595,-12.0,336.95,338.29,1.3,-2.20,-17.37,-9.69,333.1,-35.2,9.0,40.8,440.50,933.4,-9999,-9999,29.2,46.0,110.5,121.3,0.44,0.31,2.97,2.70,10.54
64876,198,34.9920725,-117.7865163,6883,6848.2,21278,20171.5,193.33,376.44,265.94,0.596,-12.0,336.08,337.40,1.3,-2.21,-17.32,-9.65,333.0,-35.0,9.1,40.9,441.23,933.4,-9999,-9999,29.2,46.2,110.5,121.9,0.45,0.32,2.98,2.71,10.75
64877,198,34.9936739,-117.7873442,6871,6836.2,21242,20132.0,193.23,376.50,266.19,0.596,-11.9,335.14,336.52,1.4,-2.26,-17.18,-9.56,332.9,-34.4,9.2,41.0,441.90,933.7,-9999,-9999,29.2,46.4,110.5,122.7,0.48,0.34,3.00,2.73,11.30
64878,198,34.9952641,-117.7882011,6859,6824.3,21205,20098.0,193.14,376.81,266.56,0.596,-11.9,334.16,335.65,1.5,-2.28,-17.19,-9.54,332.8,-34.2,9.2,41.2,442.60,933.8,-9999,-9999,29.2,46.5,110.5,123.3,0.49,0.35,3.00,2.74,11.50
64879,198,34.9968427,-117.7890866,6847,6812.4,21169,20052.0,193.03,377.25,267.12,0.597,-11.9,333.10,334.79,1.7,-2.25,-17.20,-9.48,332.7,-33.5,9.3,41.2,443.27,933.7,-9999,-9999,29.2,46.6,110.5,124.0,0.52,0.37,3.02,2.75,12.27
64880,198,34.9984090,-117.7900006,6835,6800.5,21132,20033.5,192.90,377.75,267.56,0.598,-11.8,332.03,333.91,1.9,-2.22,-17.33,-9.43,332.7,-33.3,9.4,41.3,443.96,933.8,-9999,-9999,29.2,46.7,110.5,124.6,0.53,0.38,3.03,2.77,12.47
64881,198,34.9999621,-117.7909435,6823,6788.7,21096,19957.0,192.76,377.38,267.44,0.597,-11.8,331.04,333.00,2.0,-2.22,-17.62,-9.30,332.7,-32.5,9.5,41.2,444.64,934.4,-9999,-9999,29.2,46.6,110.6,125.1,0.57,0.41,3.06,2.80,13.26
64882,198,35.0015017,-117.7919156,6811,6776.9,21059,19940.5,192.61,377.12,267.44,0.596,-11.7,330.12,332.08,2.0,-2.24,-17.74,-9.17,332.7,-32.2,9.6,41.2,445.34,934.5,-9999,-9999,29.2,46.6,110.6,125.7,0.58,0.42,3.09,2.83,13.51
64883,198,35.0030270,-117.7929170,6800,6765.1,21023,19885.0,192.47,377.25,267.62,0.596,-11.8,329.23,331.17,1.9,-2.28,-17.57,-9.13,332.6,-32.6,9.7,41.2,446.01,934.5,-9999,-9999,29.2,46.9,110.6,126.4,0.56,0.40,3.10,2.84,13.02
64884,198,35.0045381,-117.7939467,6788,6753.3,20988,19822.5,192.32,377.25,267.88,0.596,-11.9,328.29,330.28,2.0,-2.30,-17.41,-9.03,332.6,-32.3,9.8,41.2,446.67,934.7,-9999,-9999,29.1,47.2,110.6,127.2,0.58,0.41,3.13,2.87,13.24
64885,198,35.0060347,-117.7950040,6776,6741.4,20952,19821.5,192.18,377.50,268.25,0.597,-11.9,327.35,329.38,2.0,-2.25,-17.44,-8.96,332.5,-32.7,9.9,41.2,447.35,934.7,-9999,-9999,29.1,47.3,110.6,127.8,0.56,0.40,3.14,2.88,12.72
64886,198,35.0075163,-117.7960891,6764,6729.6,20915,19779.0,192.04,377.62,268.44,0.597,-11.7,326.44,328.46,2.0,-2.17,-17.48,-8.88,332.5,-33.3,10.0,41.3,448.05,935.1,-9999,-9999,29.1,47.5,110.6,128.3,0.52,0.38,3.16,2.91,11.90
64887,198,35.0089821,-117.7972024,6753,6718.0,20878,19733.0,191.88,377.44,268.38,0.596,-11.5,325.55,327.54,2.0,-2.13,-17.48,-8.75,332.5,-33.4,10.1,41.5,448.75,934.8,-9999,-9999,29.1,47.6,110.6,128.9,0.52,0.37,3.19,2.94,11.66
64888,198,35.0104316,-117.7983435,6741,6706.6,20843,19686.0,191.73,377.38,268.56,0.596,-11.4,324.68,326.62,1.9,-2.15,-17.45,-8.65,332.5,-32.8,10.2,41.6,449.42,935.1,-9999,-9999,29.1,47.8,110.6,129.5,0.55,0.39,3.22,2.96,12.24
64889,198,35.0118649,-117.7995114,6730,6695.2,20807,19643.0,191.57,377.69,268.94,0.597,-11.3,323.79,325.71,1.9,-2.15,-17.41,-8.63,332.4,-32.3,10.2,41.7,450.10,935.1,-9999,-9999,29.1,48.0,110.6,130.2,0.57,0.41,3.23,2.97,12.80
64890,198,35.0132817,-117.8007058,6718,6683.9,20773,19629.0,191.41,377.88,269.12,0.597,-11.3,322.91,324.80,1.9,-2.16,-17.36,-8.49,332.4,-32.5,10.4,41.9,450.74,935.3,-9999,-9999,29.1,48.2,110.6,130.8,0.56,0.41,3.26,3.00,12.47
64891,198,35.0146817,-117.8019262,6707,6672.7,20738,19601.0,191.25,377.69,269.19,0.596,-11.2,322.00,323.90,1.9,-2.15,-17.32,-8.38,332.4,-32.2,10.5,42.0,451.41,935.8,-9999,-9999,29.1,48.3,110.6,131.4,0.58,0.42,3.29,3.04,12.72
64892,198,35.0160646,-117.8031721,6696,6661.5,20704,19561.0,191.08,377.62,269.19,0.596,-11.2,321.10,323.01,1.9,-2.15,-17.32,-8.32,332.3,-32.6,10.5,42.0,452.06,936.0,-9999,-9999,29.1,48.5,110.6,132.1,0.56,0.40,3.30,3.05,12.24
64893,198,35.0174300,-117.8044430,6685,6650.2,20670,19523.5,190.92,377.38,269.19,0.596,-11.2,320.22,322.11,1.9,-2.15,-17.34,-8.20,332.4,-32.6,10.6,42.0,452.71,936.0,-9999,-9999,29.1,48.7,110.6,132.7,0.55,0.40,3.33,3.08,12.09
64894,198,35.0187778,-117.8057387,6673,6639.0,20636,19461.0,190.75,377.25,269.25,0.595,-11.2,319.34,321.21,1.9,-2.17,-17.33,-8.14,332.3,-33.5,10.7,42.0,453.35,936.0,-9999,-9999,29.1,48.8,110.6,133.3,0.51,0.37,3.35,3.10,11.05
64895,198,35.0201075,-117.8070590,6662,6627.8,20602,19429.5,190.59,377.56,269.62,0.596,-11.2,318.45,320.30,1.9,-2.17,-17.33,-8.11,332.2,-33.6,10.7,41.9,454.00,936.4,-9999,-9999,29.1,49.0,110.6,133.9,0.50,0.37,3.36,3.11,10.92
64896,198,35.0214187,-117.8084036,6651,6616.6,20568,19401.5,190.43,378.19,270.25,0.597,-11.1,317.57,319.40,1.8,-2.13,-17.35,-8.17,332.0,-33.0,10.7,41.8,454.65,936.2,-9999,-9999,29.1,49.1,110.6,134.4,0.53,0.39,3.34,3.09,11.62
64897,198,35.0227113,-117.8097718,6640,6605.5,20534,19360.5,190.25,377.88,270.19,0.596,-11.2,316.70,318.50,1.8,-2.14,-17.33,-8.13,331.9,-32.4,10.7,41.8,455.31,936.5,-9999,-9999,29.1,49.3,110.6,135.1,0.56,0.41,3.35,3.10,12.30
64898,198,35.0239849,-117.8111631,6629,6594.3,20501,19315.5,190.08,377.38,269.94,0.595,-11.2,315.79,317.61,1.8,-2.19,-17.29,-8.04,331.9,-31.8,10.8,41.8,455.94,936.8,-9999,-9999,29.1,49.5,110.6,135.7,0.59,0.43,3.38,3.13,12.87
