Data/Raw/YANG,MELISSA/FIREXAQ-MetNav_DC8_20190716_R0.ict
76, 1001
Project Office
NSRC - National Suborbital Research Center
N817NA Meteorological and Navigation Facility Instrumentation
FIREX-AQ/SARP
1,1
2019,07,16,2020,03,05
1
Time_Start, seconds (from midnight UTC)
35
1,1,1,1,1,1,1,1,1,1,1,1,1,1,1,1,1,1,1,1,1,1,1,1,1,1,1,1,1,1,1,1,1,1,1
-9999,-9999,-9999,-9999,-9999,-9999,-9999,-9999,-9999,-9999,-9999,-9999,-9999,-9999,-9999,-9999,-9999,-9999,-9999,-9999,-9999,-9999,-9999,-9999,-9999,-9999,-9999,-9999,-9999,-9999,-9999,-9999,-9999,-9999,-9999
Day_Of_Year, day, None, calendar day beginning January 1
Latitude, deg, Platform_Latitude_InSitu_None
Longitude, deg, Platform_Longitude_InSitu_None
MSL_GPS_Altitude, m, Platform_AltitudeMSL_InSitu_None
HAE_GPS_Altitude, m, Platform_AltitudeEllipsoid_InSitu_None, reference WGS-84
Pressure_Altitude, ft, Platform_AltitudePressure_InSitu_None
Radar_Altitude, ft, Platform_AltitudeAGL_InSitu_None
Ground_Speed, m/s, Platform_GroundSpeed_InSitu_None
True_Air_Speed, kts, Platform_AircraftTrueAirSpeed_InSitu_None
Indicated_Air_Speed, kts, Platform_AircraftIndicatedAirSpeed_InSitu_None
Mach_Number, mach, None
Vertical_Speed, m/s, None
True_Heading, deg 0-360, Platform_HeadingTrue_InSitu_None, cw from +y
Track_Angle, deg 0-360, Platform_TrackAngle_InSitu_None, cw from +y
Drift_Angle, deg +-180, Platform_DriftAngle_InSitu_None, cw from +y
Pitch_Angle, deg +-180, Platform_PitchAngle_InSitu_None, up+
Roll_Angle, deg +-180, Platform_RollAngle_InSitu_None, rt+
Static_Air_Temp, degrees Celcius, Met_StaticAirTemperature_InSitu_None
Potential_Temp, Kelvin, Met_PotentialTemperature_InSitu_None
Dew_Point, degrees Celcius, Met_DewPoint_InSitu_None
Total_Air_Temp, degrees Celcius, None
IR_Surf_Temp, degrees Celcius, Met_SufaceTemperature_InSitu_None
Static_Pressure, hPa, Met_StaticPressure_InSitu_None
Cabin_Pressure, hPa, None
Wind_Speed, m/s, Met_WindSpeed_InSitu_None, limited to where Roll_Angle does not exceed 5 degrees
Wind_Direction, deg 0-360 cw from +y, Met_WindDirection_InSitu_None, limited to where Roll_Angle does not exceed 5 degrees
Solar_Zenith_Angle, deg, Platform_SolarZenithAngle_InSitu_None
Aircraft_Sun_Elevation, deg, None
Sun_Azimuth, deg, Platform_SolarAzimuthAngle_InSitu_None
Aircraft_Sun_Azimuth, deg, None
Mixing_Ratio, g/kg, Met_H2OMR_InSitu_None
Part_Press_Water_Vapor, hPa, Met_PartialPressureH2O_InSitu_None
Sat_Vapor_Press_H2O, hPa, Met_SatVaporPressureH2OWater_InSitu_None
Sat_Vapor_Press_Ice, hPa, Met_SatVaporPressureH2OIce_InSitu_None
Relative_Humidity, percent, Met_RelativeHumidityWater_InSitu_None
0
27
PI_CONTACT_INFO: Melissa Yang Martin, m.yang@baeri.org 
Platform: NASA DC-8 N817NA
LOCATION: Included in data records
ASSOCIATED_DATA: This flight represents SARP Science Flight #1 out of Palmdale, CA. This flight includes a run over to Searles Valley post-earthquake, several missed approaches at San Joaquin Valley airfields and a TCCON spiral. See SARP archive on Langley archive at https://www-air.larc.nasa.gov/missions/sarp/index.html
INSTRUMENT_INFO: 
	Position, attitude, ground speed, and vertical speed from LN251
	Wind_Speed and Wind_Direction calculated from LN251, Aircraft Data System-85
	Radar_Altitude from APN-232
	Total_Air_Temperature from Rosemount 102 type non-deiced with Laurels LTE signal conditioner
	IR_Surface_Temp from KT-19.85II
[...]
ULOD_FLAG:-7777
ULOD_VALUE:366,90,180,N/A,N/A,57343,65000,N/A,600,510,0.99,104.04,360,360,180,180,180,60,N/A,90,99,200,N/A,1333.22,N/A,360,N/A,N/A,N/A,N/A,N/A,N/A,N/A,N/A,N/A
LLOD_FLAG:-8888
LLOD_VALUE:0,-90,-180,N/A,N/A,-1871,0,0,0,0,0,-104.04,0,0,-180,-180,-180,-99,N/A,-60,-60,-50,N/A,0.66,0,0,N/A,N/A,N/A,N/A,N/A,N/A,N/A,N/A,N/A
DM_CONTACT_INFO: Ryan Bennett, r.bennett@baeri.org
PROJECT_INFO: N/A
STIPULATIONS_ON_USE: Please contact DM or PI with questions before use.
OTHER_COMMENTS: Wind Speed and Wind Direction flagged where Roll_Angle exceeds 5 degrees.
REVISION: R0
R0: Public release data with limits of detection and instrument calibrations applied to Total_Air_Temp (follows through to reduction to Static_Air_Temp and calculation of Potential_Temp), and Cabin_Pressure.
RA: Preliminary field data with limits of detection applied.
Time_Start,Day_Of_Year,Latitude,Longitude,MSL_GPS_Altitude,HAE_GPS_Altitude,Pressure_Altitude,Radar_Altitude,Ground_Speed,True_Air_Speed,Indicated_Air_Speed,Mach_Number,Vertical_Speed,True_Heading,Track_Angle,Drift_Angle,Pitch_Angle,Roll_Angle,Static_Air_Temp,Potential_Temp,Dew_Point,Total_Air_Temp,IR_Surf_Temp,Static_Pressure,Cabin_Pressure,Wind_Speed,Wind_Direction,Solar_Zenith_Angle,Aircraft_Sun_Elevation,Sun_Azimuth,Aircraft_Sun_Azimuth,Mixing_Ratio,Part_Press_Water_Vapor,Sat_Vapor_Press_H2O,Sat_Vapor_Press_Ice,Relative_Humidity
[from data line 1714]
70630,197,36.2778854,-116.9607925,2620,-9999,8267,7401.5,173.37,332.44,286.44,0.501,-11.8,19.58,20.08,-0.1,-2.96,-10.39,17.35,316.0,-1.0,32.0,48.2,744.97,936.3,-9999,-9999,15.5,65.0,164.2,129.0,4.82,5.73,20.01,23.67,28.63
70631,197,36.2794304,-116.9601059,2608,-9999,8228,7430.0,173.56,332.56,286.75,0.501,-11.9,18.91,19.63,0.0,-3.04,-11.95,17.40,315.9,-0.9,32.0,48.5,746.08,936.2,-9999,-9999,15.5,63.6,164.2,127.0,4.87,5.79,20.07,23.75,28.86
70632,197,36.2809753,-116.9594193,2595,-9999,8190,7423.5,173.69,333.00,287.25,0.502,-11.9,17.98,19.11,0.2,-3.04,-14.43,17.41,315.8,-0.9,32.1,49.1,747.17,936.5,-9999,-9999,15.5,61.7,164.2,124.4,4.87,5.80,20.09,23.78,28.88
70633,197,36.2823486,-116.9589043,2582,-9999,8152,7408.5,173.88,333.81,288.12,0.503,-11.8,17.05,18.45,0.4,-3.00,-16.52,17.54,315.8,-0.9,32.3,49.7,748.26,936.4,-9999,-9999,15.5,60.5,164.2,123.2,4.85,5.79,20.25,24.00,28.58
70634,197,36.2838936,-116.9583893,2570,-9999,8113,7365.0,174.01,335.19,289.69,0.505,-11.6,16.08,17.69,0.4,-3.18,-16.35,17.33,315.5,-1.1,32.2,50.3,749.37,936.4,-9999,-9999,15.5,61.2,164.2,125.1,4.78,5.72,19.98,23.63,28.63
70635,197,36.2854385,-116.9578743,2556,-9999,8073,7389.5,174.14,337.25,291.69,0.508,-11.9,14.88,16.84,0.7,-3.25,-14.85,17.30,315.3,-0.5,32.3,51.0,750.52,936.4,-9999,-9999,15.5,62.5,164.3,127.1,4.96,5.94,19.94,23.57,29.80
70636,197,36.2869835,-116.9573593,2543,-9999,8034,7406.0,174.33,337.88,292.38,0.509,-11.9,13.72,15.99,1.1,-3.19,-13.33,17.38,315.3,0.3,32.5,51.5,751.64,936.1,-9999,-9999,15.5,63.9,164.3,130.1,5.26,6.31,20.05,23.72,31.46
70637,197,36.2883568,-116.9568443,2530,-9999,7995,7438.0,174.46,338.00,292.56,0.510,-11.9,12.74,15.17,1.4,-3.30,-11.19,17.61,315.4,0.2,32.7,51.9,752.77,936.2,-9999,-9999,15.5,65.5,164.3,134.0,5.22,6.26,20.34,24.12,30.78
70638,197,36.2899017,-116.9563293,2516,-9999,7951,7403.5,174.46,337.62,292.44,0.509,-12.1,11.87,14.41,1.6,-3.20,-9.24,17.80,315.4,0.0,32.9,52.4,754.03,936.2,-9999,-9999,15.5,67.0,164.3,137.4,5.13,6.17,20.58,24.45,29.97
70639,197,36.2914467,-116.9559860,2503,-9999,7909,7315.0,174.72,336.75,291.81,0.507,-12.4,11.27,13.72,1.7,-3.11,-7.48,17.97,315.5,-0.2,33.0,52.7,755.24,936.1,-9999,-9999,15.5,68.4,164.3,141.5,5.05,6.08,20.80,24.76,29.21
70640,197,36.2929916,-116.9554710,2489,-9999,7868,7125.5,174.72,336.12,291.38,0.506,-12.6,10.85,13.15,1.7,-2.93,-4.93,18.04,315.4,-0.5,33.0,53.0,756.43,936.3,7.2,267.5,15.5,70.0,164.4,147.3,4.92,5.94,20.90,24.88,28.44
70641,197,36.2945366,-116.9551277,2476,-9999,7827,7044.5,174.85,336.56,292.19,0.507,-12.5,10.47,12.69,1.7,-2.90,-2.38,18.34,315.6,-0.9,33.3,53.4,757.61,936.3,7.0,267.4,15.5,71.2,164.4,153.8,4.78,5.78,21.29,25.42,27.13
70642,197,36.2960815,-116.9547844,2462,-9999,7786,6998.0,174.91,337.31,292.94,0.508,-12.5,10.18,12.34,1.9,-2.90,-0.48,18.52,315.6,-1.1,33.6,53.6,758.80,936.4,6.7,269.3,15.5,71.9,164.4,159.2,4.69,5.68,21.53,25.76,26.39
70643,197,36.2976265,-116.9542694,2449,-9999,7745,6980.0,175.04,337.62,293.06,0.508,-12.5,10.12,12.12,1.9,-2.93,1.84,18.50,315.5,-0.7,33.6,53.7,759.99,936.4,6.2,268.6,15.5,72.7,164.4,167.0,4.85,5.88,21.51,25.72,27.33
70644,197,36.2991714,-116.9539261,2436,-9999,7704,6997.0,175.10,336.94,292.62,0.507,-12.5,10.15,12.03,2.0,-2.87,4.13,18.67,315.5,0.2,33.7,53.7,761.18,936.5,6.0,263.9,15.5,73.1,164.4,173.6,5.16,6.26,21.73,26.03,28.79
70645,197,36.3007164,-116.9535828,2422,-9999,7663,6974.0,175.30,335.38,291.38,0.504,-12.5,10.47,12.06,1.8,-2.71,5.97,18.86,315.6,0.2,33.7,53.5,762.37,936.3,-9999,-9999,15.5,73.4,164.4,179.6,5.15,6.26,22.00,26.40,28.45
70646,197,36.3022614,-116.9530678,2409,-9999,7624,6928.5,175.30,335.25,291.50,0.504,-12.4,10.98,12.18,1.6,-2.69,7.97,18.92,315.5,0.1,33.8,53.3,763.51,936.4,-9999,-9999,15.5,73.3,164.5,-173.6,5.11,6.22,22.08,26.51,28.17
70647,197,36.3038063,-116.9527245,2396,-9999,7584,6879.5,175.43,336.19,292.44,0.505,-12.2,11.50,12.45,1.5,-2.70,10.48,18.99,315.4,-0.1,33.9,53.0,764.67,936.4,-9999,-9999,15.5,73.0,164.5,-165.5,5.02,6.13,22.17,26.64,27.63
70648,197,36.3053513,-116.9522095,2384,-9999,7545,6834.0,175.55,336.75,293.19,0.506,-12.1,12.13,12.82,1.4,-2.65,12.68,18.94,315.3,-0.3,33.9,52.8,765.81,936.4,-9999,-9999,15.5,72.6,164.5,-159.6,4.94,6.04,22.10,26.54,27.32
70649,197,36.3068962,-116.9518661,2371,-9999,7506,6791.5,175.75,338.19,294.62,0.508,-11.9,12.83,13.32,1.3,-2.66,14.47,18.82,315.0,0.4,33.9,52.7,766.95,936.3,-9999,-9999,15.5,72.0,164.5,-155.1,5.20,6.35,21.94,26.32,28.96
70650,197,36.3084412,-116.9513512,2358,-9999,7467,6748.5,175.75,339.44,296.12,0.510,-11.9,13.65,13.94,1.3,-2.82,15.63,18.80,314.8,1.3,34.0,52.7,768.09,936.5,-9999,-9999,15.5,71.7,164.5,-152.9,5.53,6.76,21.91,26.28,30.87
70651,197,36.3099861,-116.9508362,2345,-9999,7428,6716.5,175.94,340.25,296.81,0.512,-11.9,14.68,14.68,1.1,-2.72,16.11,18.82,314.7,1.2,34.1,52.6,769.23,936.4,-9999,-9999,15.5,71.9,164.5,-152.6,5.51,6.75,21.95,26.33,30.75
70652,197,36.3115311,-116.9501495,2333,-9999,7387,6696.0,176.00,338.56,295.44,0.509,-11.9,15.69,15.47,0.9,-2.63,15.72,19.17,315.0,1.1,34.3,52.6,770.43,936.4,-9999,-9999,15.5,72.5,164.6,-154.8,5.43,6.67,22.43,26.99,29.73
70653,197,36.3130760,-116.9496346,2319,-9999,7348,6677.5,176.07,338.44,295.56,0.508,-11.9,16.79,16.28,0.6,-2.72,14.73,19.43,315.1,0.7,34.6,52.5,771.58,936.1,-9999,-9999,15.5,73.0,164.6,-158.4,5.30,6.52,22.79,27.50,28.59
70654,197,36.3146210,-116.9489479,2306,-9999,7308,6645.0,176.13,339.69,297.06,0.511,-12.0,17.95,17.08,0.3,-2.74,13.77,19.46,315.0,0.4,34.7,52.4,772.75,936.2,-9999,-9999,15.5,73.6,164.6,-162.1,5.16,6.36,22.83,27.55,27.86
70655,197,36.3159943,-116.9484329,2293,-9999,7268,6645.5,176.26,340.88,298.25,0.512,-12.1,18.91,17.86,0.0,-2.60,12.99,19.50,314.9,0.1,34.9,52.3,773.93,936.4,-9999,-9999,15.5,74.1,164.6,-165.7,5.05,6.23,22.89,27.64,27.21
70656,197,36.3175392,-116.9477463,2280,-9999,7230,6636.0,176.20,341.00,298.25,0.512,-11.9,19.62,18.61,0.0,-2.62,11.13,19.74,315.0,-0.5,35.1,52.2,775.05,936.6,-9999,-9999,15.5,74.6,164.6,-173.8,4.83,5.97,23.23,28.11,25.69
70657,197,36.3190842,-116.9470596,2268,-9999,7191,6613.0,176.39,341.00,298.44,0.512,-11.9,20.37,19.35,-0.1,-2.63,9.00,19.89,315.1,-1.2,35.3,52.1,776.20,936.2,-9999,-9999,15.5,74.8,164.6,178.4,4.58,5.67,23.45,28.42,24.18
70658,197,36.3204575,-116.9463730,2256,-9999,7153,6606.5,176.45,340.56,298.12,0.511,-11.8,20.97,20.05,-0.2,-2.66,7.58,19.99,315.0,-1.5,35.3,52.1,777.32,936.4,-9999,-9999,15.5,74.7,164.7,173.5,4.45,5.52,23.59,28.61,23.41
70659,197,36.3220024,-116.9456863,2244,-9999,7117,6613.0,176.45,340.62,298.38,0.511,-11.5,21.29,20.58,-0.2,-2.76,6.52,20.13,315.1,-1.8,35.5,52.3,778.38,936.4,-9999,-9999,15.5,74.5,164.7,169.2,4.37,5.43,23.80,28.91,22.81
70660,197,36.3235474,-116.9448280,2232,-9999,7080,6616.0,176.52,341.19,298.94,0.512,-11.4,21.49,21.04,0.0,-2.86,5.47,20.13,314.9,-1.4,35.5,52.5,779.48,936.4,-9999,-9999,15.5,74.1,164.7,165.5,4.49,5.59,23.81,28.92,23.49
70661,197,36.3249207,-116.9441414,2220,-9999,7044,6612.0,176.58,340.69,298.62,0.511,-11.2,21.63,21.40,0.1,-3.09,4.28,20.28,315.0,-0.5,35.6,52.9,780.55,936.6,1.5,173.3,15.5,73.6,164.7,161.7,4.77,5.95,24.02,29.22,24.75
70662,197,36.3264656,-116.9434547,2207,-9999,7006,6610.5,176.58,340.50,298.62,0.511,-11.3,21.69,21.72,0.3,-3.31,3.46,20.40,315.0,0.3,35.7,53.3,781.67,936.4,1.4,205.1,15.5,73.1,164.7,159.3,5.07,6.33,24.21,29.48,26.13
70663,197,36.3278389,-116.9425964,2194,-9999,6966,6613.5,176.65,339.62,298.00,0.509,-11.6,21.59,21.97,0.6,-3.31,2.77,20.58,315.0,0.4,35.8,53.6,782.86,936.4,2.3,233.2,15.5,73.0,164.8,157.9,5.08,6.35,24.48,29.86,25.94
70664,197,36.3293839,-116.9419098,2181,-9999,6927,6638.0,176.71,340.56,299.00,0.511,-11.7,21.57,22.17,0.8,-3.33,2.60,20.64,315.0,0.3,36.0,53.9,784.02,936.6,2.4,252.7,15.5,72.8,164.8,157.3,5.04,6.30,24.56,29.98,25.66
70665,197,36.3309288,-116.9412231,2168,-9999,6884,6614.0,176.78,340.56,299.06,0.511,-11.9,21.63,22.34,0.9,-3.33,1.98,20.69,314.9,0.1,36.0,54.1,785.30,936.4,2.7,255.9,15.5,72.7,164.8,155.4,4.96,6.21,24.65,30.09,25.20
70666,197,36.3323021,-116.9403648,2154,-9999,6843,6593.0,176.78,340.81,299.56,0.511,-12.2,21.73,22.46,0.9,-3.24,2.02,20.73,314.8,-0.2,36.1,54.2,786.52,936.6,2.7,259.3,15.5,72.8,164.8,155.8,4.86,6.10,24.70,30.17,24.70
70667,197,36.3338470,-116.9396782,2141,-9999,6803,6572.5,176.97,340.56,299.56,0.510,-12.3,21.85,22.56,0.8,-3.18,2.25,20.89,314.8,-0.3,36.2,54.2,787.72,936.3,2.8,253.3,15.5,72.9,164.8,156.3,4.80,6.03,24.95,30.52,24.19
70668,197,36.3352203,-116.9388199,2128,-9999,6762,6563.0,177.03,340.81,299.88,0.511,-12.4,21.88,22.65,0.9,-3.17,2.21,20.93,314.7,-0.5,36.3,54.2,788.94,936.3,2.9,256.5,15.5,72.9,164.8,155.8,4.73,5.95,25.00,30.59,23.81
70669,197,36.3367653,-116.9381332,2115,-9999,6722,6559.0,177.23,340.38,299.56,0.510,-12.3,21.90,22.75,0.9,-3.11,2.13,20.87,314.5,-0.1,36.2,54.3,790.14,936.4,3.4,253.1,15.5,72.9,164.9,155.7,4.85,6.11,24.92,30.48,24.52
70670,197,36.3381386,-116.9372749,2102,-9999,6683,6557.0,177.35,341.19,300.62,0.511,-12.1,21.99,22.85,1.0,-3.19,1.94,20.99,314.5,0.8,36.4,54.5,791.31,936.7,3.2,257.5,15.5,72.7,164.9,154.7,5.19,6.54,25.10,30.74,26.07
70671,197,36.3396835,-116.9365883,2088,-9999,6643,6547.5,177.35,341.75,301.31,0.512,-12.1,22.35,22.92,0.7,-3.24,1.47,20.95,314.3,0.9,36.4,54.7,792.51,936.5,2.3,251.4,15.5,72.6,164.9,153.5,5.20,6.57,25.03,30.64,26.25
70672,197,36.3412285,-116.9357300,2075,-9999,6601,6545.5,177.48,341.81,301.50,0.512,-12.3,22.85,22.96,0.3,-3.14,1.78,21.27,314.5,0.8,36.7,54.8,793.77,936.7,1.7,214.0,15.5,72.9,164.9,154.4,5.16,6.52,25.54,31.36,25.55
70673,197,36.3426018,-116.9350433,2061,-9999,6560,6539.0,177.55,342.25,302.12,0.513,-12.4,23.07,23.01,0.0,-3.08,2.16,21.57,314.7,0.6,37.1,54.8,795.00,936.5,1.5,195.9,15.5,73.0,164.9,154.5,5.09,6.45,26.01,32.02,24.82
70674,197,36.3441467,-116.9341850,2047,-9999,6520,6531.0,177.48,342.81,302.75,0.513,-12.5,23.06,23.07,0.1,-2.98,1.79,21.68,314.7,0.9,37.2,54.7,796.20,936.6,1.1,203.9,15.5,72.9,165.0,153.0,5.21,6.61,26.18,32.26,25.27
70675,197,36.3455200,-116.9334984,2035,-9999,6479,6543.0,177.68,342.69,302.75,0.513,-12.4,23.05,23.14,0.2,-2.90,1.14,21.46,314.3,0.8,37.0,54.5,797.44,936.6,1.4,213.5,15.5,72.6,165.0,150.9,5.14,6.53,25.83,31.78,25.28
70676,197,36.3470650,-116.9326401,2022,-9999,6440,6541.0,177.68,343.31,303.50,0.514,-12.3,23.26,23.22,0.1,-3.04,0.50,21.51,314.2,0.5,37.1,54.4,798.62,936.5,1.1,195.9,15.5,72.3,165.0,149.7,5.02,6.40,25.90,31.88,24.70
70677,197,36.3484383,-116.9317818,2010,-9999,6401,6552.5,177.80,343.50,303.81,0.514,-12.1,23.46,23.25,-0.1,-3.10,0.56,21.40,314.0,0.2,37.0,54.2,799.80,936.4,1.3,172.8,15.5,72.3,165.0,150.1,4.92,6.28,25.73,31.63,24.40
70678,197,36.3499832,-116.9310951,1997,-9999,6363,6545.5,177.80,342.69,303.19,0.513,-11.9,23.49,23.27,-0.2,-3.18,0.93,21.47,313.9,0.2,37.0,54.0,800.95,936.4,1.7,179.2,15.5,72.4,165.0,151.1,4.91,6.27,25.84,31.79,24.26
70679,197,36.3515282,-116.9302368,1985,-9999,6322,6546.0,177.87,343.00,303.75,0.513,-11.9,23.41,23.29,-0.1,-3.18,0.63,21.59,313.9,0.7,37.1,53.9,802.19,936.5,1.5,189.2,15.5,72.2,165.0,149.7,5.09,6.51,26.04,32.06,25.01
70680,197,36.3529015,-116.9295502,1972,-9999,6283,6549.0,177.93,343.12,304.06,0.513,-11.8,23.38,23.30,-0.1,-3.13,0.21,21.72,313.9,1.4,37.3,53.9,803.37,936.6,1.4,193.1,15.5,72.0,165.1,148.9,5.33,6.83,26.24,32.36,26.02
70681,197,36.3544464,-116.9286919,1959,-9999,6244,6546.5,178.00,342.81,303.94,0.513,-11.9,23.40,23.32,-0.1,-3.17,0.04,21.89,314.0,1.2,37.4,53.9,804.55,936.7,1.7,194.5,15.5,71.9,165.1,148.6,5.24,6.72,26.52,32.75,25.33
70682,197,36.3558197,-116.9280052,1946,-9999,6205,6541.0,177.93,342.44,303.81,0.512,-11.9,23.37,23.32,-0.1,-3.22,0.12,22.07,314.0,0.9,37.6,53.9,805.74,936.9,1.8,199.0,15.5,72.0,165.1,149.4,5.13,6.59,26.81,33.16,24.57
70683,197,36.3573647,-116.9271469,1933,-9999,6166,6534.5,178.06,342.62,304.19,0.512,-11.9,23.29,23.31,0.0,-3.29,0.29,22.29,314.1,0.7,37.8,54.1,806.93,936.8,1.8,206.0,15.5,72.0,165.1,149.5,5.04,6.49,27.17,33.69,23.89
70684,197,36.3589096,-116.9262886,1919,-9999,6127,6526.0,178.06,342.69,304.38,0.512,-11.9,23.27,23.30,0.0,-3.27,0.09,22.43,314.2,0.2,38.0,54.2,808.11,936.4,1.8,206.0,15.5,71.9,165.1,149.0,4.86,6.27,27.41,34.03,22.86
70685,197,36.3602829,-116.9256020,1906,-9999,6086,6504.5,178.13,343.25,305.00,0.513,-12.1,23.30,23.27,0.0,-3.22,0.11,22.59,314.2,-0.6,38.2,54.3,809.37,936.5,1.5,200.1,15.5,72.0,165.2,149.3,4.59,5.93,27.68,34.41,21.44
70686,197,36.3618279,-116.9247437,1893,-9999,6046,6477.5,178.19,343.50,305.31,0.513,-12.2,23.29,23.25,0.0,-3.24,0.26,22.82,314.3,-1.1,38.4,54.6,810.59,936.6,1.5,198.7,15.5,72.0,165.2,149.6,4.39,5.69,28.06,34.96,20.27
70687,197,36.3632011,-116.9240570,1880,-9999,6006,6427.0,178.25,343.19,305.19,0.513,-12.3,23.26,23.26,0.0,-3.21,0.28,23.04,314.4,-1.4,38.6,54.9,811.81,936.6,1.7,202.7,15.5,72.0,165.2,149.5,4.30,5.58,28.43,35.50,19.62
70688,197,36.3647461,-116.9231987,1867,-9999,5965,6392.5,178.38,343.56,305.62,0.513,-12.2,23.26,23.24,0.0,-3.23,0.11,23.21,314.4,-2.1,38.8,55.2,813.07,936.6,1.6,201.5,15.5,71.9,165.2,149.0,4.07,5.29,28.73,35.93,18.40
70689,197,36.3662910,-116.9225121,1854,-9999,5926,6360.0,178.38,343.56,305.75,0.513,-12.1,23.29,23.21,-0.1,-3.27,0.05,23.27,314.4,-3.4,38.9,55.8,814.26,936.6,1.7,195.0,15.5,71.8,165.2,148.9,3.70,4.82,28.83,36.07,16.71
70690,197,36.3676643,-116.9216537,1841,-9999,5887,6318.5,178.51,343.56,305.81,0.513,-12.0,23.33,23.20,-0.1,-3.32,0.03,23.42,314.4,-4.8,39.0,56.2,815.46,936.6,1.8,190.2,15.5,71.8,165.2,149.2,3.33,4.34,29.09,36.45,14.92
70691,197,36.3692093,-116.9207954,1828,-9999,5847,6276.0,178.58,343.94,306.31,0.513,-12.0,23.41,23.17,-0.2,-3.32,0.07,23.54,314.4,-6.1,39.2,56.6,816.69,936.7,1.8,179.2,15.5,71.9,165.3,149.2,3.00,3.91,29.30,36.76,13.36
70692,197,36.3705826,-116.9201088,1815,-9999,5808,6212.0,178.64,344.81,307.19,0.514,-12.0,23.50,23.14,-0.4,-3.27,0.10,23.61,314.3,-7.1,39.3,56.9,817.89,936.9,1.7,161.4,15.5,71.9,165.3,149.2,2.77,3.62,29.43,36.94,12.30
70693,197,36.3721275,-116.9192505,1802,-9999,5767,6168.5,178.64,344.31,306.81,0.513,-12.0,23.59,23.11,-0.5,-3.26,0.12,23.56,314.1,-7.8,39.2,57.0,819.15,936.8,2.1,158.9,15.5,71.9,165.3,149.0,2.63,3.45,29.35,36.82,11.75
70694,197,36.3736725,-116.9185638,1789,-9999,5727,6139.5,178.77,344.50,307.19,0.514,-12.0,23.66,23.07,-0.6,-3.33,0.02,23.60,314.0,-7.3,39.3,57.1,820.38,936.7,2.4,153.6,15.5,71.8,165.3,148.7,2.72,3.58,29.42,36.93,12.15
70695,197,36.3750458,-116.9177055,1776,-9999,5687,6083.5,178.70,344.25,307.19,0.513,-12.1,23.68,23.06,-0.7,-3.29,0.04,23.63,313.9,-6.5,39.3,57.1,821.62,936.6,2.5,153.2,15.5,71.8,165.3,148.7,2.89,3.80,29.46,36.98,12.91
70696,197,36.3765907,-116.9170189,1763,-9999,5647,6070.0,178.83,343.75,306.94,0.512,-12.2,23.64,23.02,-0.6,-3.26,-0.21,23.67,313.8,-5.6,39.3,57.1,822.86,936.9,2.8,159.6,15.5,71.7,165.4,148.0,3.09,4.07,29.54,37.10,13.79
70697,197,36.3781357,-116.9161606,1750,-9999,5607,6025.0,178.90,343.62,306.94,0.512,-12.1,23.59,23.01,-0.6,-3.25,-0.54,23.73,313.8,-4.6,39.3,56.9,824.09,936.7,2.8,162.9,15.5,71.5,165.4,147.3,3.34,4.40,29.65,37.26,14.83
70698,197,36.3795090,-116.9154739,1736,-9999,5567,5980.0,178.90,343.00,306.62,0.511,-12.2,23.53,22.98,-0.6,-3.24,-0.62,23.84,313.7,-3.5,39.4,56.4,825.33,936.9,3.0,168.4,15.5,71.6,165.4,147.2,3.60,4.75,29.83,37.53,15.94
70699,197,36.3810539,-116.9146156,1723,-9999,5529,5909.5,178.90,342.62,306.50,0.511,-11.9,23.46,22.94,-0.6,-3.28,-0.63,23.87,313.7,-2.5,39.4,55.8,826.51,936.8,3.1,171.9,15.5,71.5,165.4,147.4,3.88,5.13,29.90,37.62,17.16
70700,197,36.3825989,-116.9139290,1710,-9999,5488,5873.0,179.03,342.12,306.31,0.510,-12.1,23.38,22.91,-0.6,-3.32,-0.62,23.92,313.6,-1.4,39.4,55.2,827.79,936.7,3.4,177.3,15.5,71.5,165.4,147.6,4.22,5.58,29.98,37.74,18.61
70701,197,36.3839722,-116.9130707,1696,-9999,5448,5824.0,179.09,341.56,305.94,0.509,-12.2,23.30,22.83,-0.5,-3.32,-0.57,23.97,313.5,-0.5,39.4,54.4,829.03,936.6,3.7,179.9,15.5,71.5,165.4,147.7,4.51,5.97,30.08,37.89,19.84
