Data/Raw/YANG,MELISSA/FIREXAQ-MetNav_DC8_20190717_R0_L2.ict
76, 1001
Project Office
NSRC - National Suborbital Research Center
N817NA Meteorological and Navigation Facility Instrumentation
FIREX-AQ/SARP
1,1
2019,07,17,2020,03,05
1
Time_Start, seconds (from midnight UTC)
35
1,1,1,1,1,1,1,1,1,1,1,1,1,1,1,1,1,1,1,1,1,1,1,1,1,1,1,1,1,1,1,1,1,1,1
-9999,-9999,-9999,-9999,-9999,-9999,-9999,-9999,-9999,-9999,-9999,-9999,-9999,-9999,-9999,-9999,-9999,-9999,-9999,-9999,-9999,-9999,-9999,-9999,-9999,-9999,-9999,-9999,-9999,-9999,-9999,-9999,-9999,-9999,-9999
Day_Of_Year, day, None, calendar day beginning January 1
Latitude, deg, Platform_Latitude_InSitu_None
Longitude, deg, Platform_Longitude_InSitu_None
MSL_GPS_Altitude, m, Platform_AltitudeMSL_InSitu_None
HAE_GPS_Altitude, m, Platform_AltitudeEllipsoid_InSitu_None, reference WGS-84
Pressure_Altitude, ft, Platform_AltitudePressure_InSitu_None
Radar_Altitude, ft, Platform_AltitudeAGL_InSitu_None
Ground_Speed, m/s, Platform_GroundSpeed_InSitu_None
True_Air_Speed, kts, Platform_AircraftTrueAirSpeed_InSitu_None
Indicated_Air_Speed, kts, Platform_AircraftIndicatedAirSpeed_InSitu_None
Mach_Number, mach, None
Vertical_Speed, m/s, None
True_Heading, deg 0-360, Platform_HeadingTrue_InSitu_None, cw from +y
Track_Angle, deg 0-360, Platform_TrackAngle_InSitu_None, cw from +y
Drift_Angle, deg +-180, Platform_DriftAngle_InSitu_None, cw from +y
Pitch_Angle, deg +-180, Platform_PitchAngle_InSitu_None, up+
Roll_Angle, deg +-180, Platform_RollAngle_InSitu_None, rt+
Static_Air_Temp, degrees Celcius, Met_StaticAirTemperature_InSitu_None
Potential_Temp, Kelvin, Met_PotentialTemperature_InSitu_None
Dew_Point, degrees Celcius, Met_DewPoint_InSitu_None
Total_Air_Temp, degrees Celcius, None
IR_Surf_Temp, degrees Celcius, Met_SufaceTemperature_InSitu_None
Static_Pressure, hPa, Met_StaticPressure_InSitu_None
Cabin_Pressure, hPa, None
Wind_Speed, m/s, Met_WindSpeed_InSitu_None, limited to where Roll_Angle does not exceed 5 degrees
Wind_Direction, deg 0-360 cw from +y, Met_WindDirection_InSitu_None, limited to where Roll_Angle does not exceed 5 degrees
Solar_Zenith_Angle, deg, Platform_SolarZenithAngle_InSitu_None
Aircraft_Sun_Elevation, deg, None
Sun_Azimuth, deg, Platform_SolarAzimuthAngle_InSitu_None
Aircraft_Sun_Azimuth, deg, None
Mixing_Ratio, g/kg, Met_H2OMR_InSitu_None
Part_Press_Water_Vapor, hPa, Met_PartialPressureH2O_InSitu_None
Sat_Vapor_Press_H2O, hPa, Met_SatVaporPressureH2OWater_InSitu_None
Sat_Vapor_Press_Ice, hPa, Met_SatVaporPressureH2OIce_InSitu_None
Relative_Humidity, percent, Met_RelativeHumidityWater_InSitu_None
0
27
PI_CONTACT_INFO: Melissa Yang Martin, m.yang@baeri.org 
Platform: NASA DC-8 N817NA
LOCATION: Included in data records
ASSOCIATED_DATA: This flight represents SARP Science Flight #3 out of Palmdale, CA. This flight includes the dimethyl sulfide ocean sample legs and several missed approaches in the LA Basin. See SARP archive on Langley archive at https://www-air.larc.nasa.gov/missions/sarp/index.html
INSTRUMENT_INFO: 
	Position, attitude, ground speed, and vertical speed from LN251
	Wind_Speed and Wind_Direction calculated from LN251, Aircraft Data System-85
	Radar_Altitude from APN-232
	Total_Air_Temperature from Rosemount 102 type non-deiced
	IR_Surface_Temp from KT-19.85
    Cabin_Pressure from MKS Baratron 220D
	Dew_Point and calculated water vapor parameters from Buck Hygrometer
[...]
ULOD_FLAG:-7777
ULOD_VALUE:366,90,180,N/A,N/A,57343,65000,N/A,600,510,0.99,104.04,360,360,180,180,180,60,N/A,90,99,200,N/A,1333.22,N/A,360,N/A,N/A,N/A,N/A,N/A,N/A,N/A,N/A,N/A
LLOD_FLAG:-8888
LLOD_VALUE:0,-90,-180,N/A,N/A,-1871,0,0,0,0,0,-104.04,0,0,-180,-180,-180,-99,N/A,-60,-60,-50,N/A,0.66,0,0,N/A,N/A,N/A,N/A,N/A,N/A,N/A,N/A,N/A
DM_CONTACT_INFO: Ryan Bennett, r.bennett@baeri.org
PROJECT_INFO: N/A
STIPULATIONS_ON_USE: Please contact DM or PI with questions before use.
OTHER_COMMENTS: Wind Speed and Wind Direction flagged where Roll_Angle exceeds 5 degrees.
REVISION: R0
R0: Public release data with limits of detection and instrument calibrations applied to Total_Air_Temp (follows through to reduction to Static_Air_Temp and calculation of Potential_Temp), and Cabin_Pressure.
RA: Preliminary field data with limits of detection applied.
Time_Start,Day_Of_Year,Latitude,Longitude,MSL_GPS_Altitude,HAE_GPS_Altitude,Pressure_Altitude,Radar_Altitude,Ground_Speed,True_Air_Speed,Indicated_Air_Speed,Mach_Number,Vertical_Speed,True_Heading,Track_Angle,Drift_Angle,Pitch_Angle,Roll_Angle,Static_Air_Temp,Potential_Temp,Dew_Point,Total_Air_Temp,IR_Surf_Temp,Static_Pressure,Cabin_Pressure,Wind_Speed,Wind_Direction,Solar_Zenith_Angle,Aircraft_Sun_Elevation,Sun_Azimuth,Aircraft_Sun_Azimuth,Mixing_Ratio,Part_Press_Water_Vapor,Sat_Vapor_Press_H2O,Sat_Vapor_Press_Ice,Relative_Humidity
[from data line 4116]
78541,198,30.8884677,-121.6912541,159,115.3,396,515.5,133.00,250.38,247.88,0.378,0.3,228.71,225.75,-3.0,2.25,-0.74,16.79,290.0,15.2,25.1,19.1,998.83,1023.4,8.0,349.0,23.4,64.0,-109.0,22.2,11.03,17.40,19.31,22.72,90.12
78542,198,30.8876305,-121.6922500,159,115.5,395,517.5,132.96,249.44,246.81,0.376,0.2,228.65,225.73,-2.9,2.23,-0.33,16.80,290.0,15.2,25.0,19.1,998.87,1023.6,8.1,352.0,23.4,64.2,-109.0,21.4,11.08,17.48,19.32,22.73,90.47
78543,198,30.8867933,-121.6932456,159,115.7,396,517.0,132.95,249.00,246.38,0.375,0.1,228.53,225.71,-2.8,2.21,-0.49,16.78,290.0,15.2,25.0,19.1,998.83,1023.5,8.0,354.2,23.4,64.2,-109.0,21.9,11.08,17.48,19.30,22.71,90.57
78544,198,30.8859558,-121.6942406,159,115.8,398,521.0,132.93,248.88,246.31,0.375,0.1,228.50,225.67,-2.8,2.17,-0.48,16.74,290.0,15.4,24.9,19.1,998.76,1023.4,8.1,354.4,23.4,64.2,-109.0,22.0,11.17,17.62,19.25,22.63,91.58
78545,198,30.8851178,-121.6952349,159,115.8,397,518.5,132.93,248.62,246.00,0.375,-0.2,228.50,225.66,-2.8,2.03,0.08,16.80,290.1,14.8,25.0,19.1,998.80,1023.2,8.2,354.8,23.4,64.5,-109.0,21.0,10.79,17.03,19.32,22.74,88.15
78546,198,30.8842797,-121.6962291,159,115.6,397,516.5,132.95,248.75,246.25,0.375,0.0,228.53,225.68,-2.8,2.08,0.23,16.84,290.1,14.9,25.0,19.1,998.80,1023.4,8.2,354.6,23.4,64.5,-109.0,20.6,10.82,17.08,19.37,22.80,88.16
78547,198,30.8834424,-121.6972244,159,115.7,395,515.5,132.94,249.31,246.75,0.376,0.2,228.55,225.72,-2.8,2.13,0.14,16.80,290.0,14.6,25.0,19.0,998.87,1023.6,8.0,353.1,23.4,64.5,-108.9,20.7,10.65,16.82,19.33,22.74,87.01
78548,198,30.8826056,-121.6982199,159,115.9,396,518.5,132.91,248.75,246.25,0.375,0.1,228.50,225.74,-2.8,2.09,0.42,16.79,290.0,14.7,25.0,19.0,998.83,1023.6,8.0,355.3,23.4,64.6,-108.9,20.2,10.71,16.90,19.31,22.72,87.53
78549,198,30.8817691,-121.6992153,159,115.9,398,517.0,132.90,248.69,246.12,0.375,-0.1,228.61,225.76,-2.8,2.04,0.16,16.80,290.1,14.5,25.0,19.0,998.76,1023.2,8.2,354.7,23.4,64.5,-108.9,20.7,10.59,16.72,19.32,22.73,86.54
78550,198,30.8809330,-121.7002113,158,115.8,398,519.0,132.90,248.44,245.88,0.375,-0.1,228.76,225.79,-3.0,2.06,0.27,16.81,290.1,14.6,25.0,18.9,998.76,1023.3,8.4,354.4,23.4,64.6,-108.9,20.4,10.62,16.76,19.34,22.76,86.68
78551,198,30.8800975,-121.7012079,159,115.7,397,517.5,132.90,248.12,245.56,0.374,-0.1,228.80,225.83,-3.0,2.05,0.44,16.79,290.0,14.7,24.9,18.9,998.80,1023.3,8.6,355.2,23.4,64.6,-108.9,20.0,10.69,16.88,19.30,22.71,87.45
78552,198,30.8792626,-121.7022051,159,115.6,397,514.5,132.89,248.25,245.69,0.374,-0.1,228.82,225.88,-2.9,2.09,0.23,16.83,290.1,14.6,25.0,18.9,998.80,1023.5,8.4,355.1,23.4,64.5,-108.9,20.3,10.64,16.79,19.36,22.78,86.76
78553,198,30.8784288,-121.7032031,159,115.6,397,522.0,132.87,248.88,246.38,0.375,0.0,228.87,225.93,-2.9,2.13,0.17,16.79,290.0,14.8,25.0,18.9,998.80,1023.4,8.3,353.3,23.4,64.5,-108.9,20.4,10.76,16.99,19.31,22.71,88.01
78554,198,30.8775954,-121.7042014,159,115.6,397,517.0,132.85,248.56,246.06,0.375,0.0,228.90,225.95,-2.9,2.09,0.32,16.80,290.1,14.3,25.0,19.0,998.80,1023.3,8.3,354.0,23.4,64.5,-108.9,20.1,10.43,16.47,19.32,22.74,85.24
78555,198,30.8767628,-121.7052002,159,115.6,396,516.5,132.82,248.81,246.31,0.375,-0.1,228.93,226.01,-2.9,2.05,0.28,16.79,290.0,13.4,25.0,19.0,998.83,1023.3,8.2,353.4,23.4,64.5,-108.9,20.2,9.85,15.57,19.31,22.71,80.64
78556,198,30.8759312,-121.7062001,159,115.5,395,518.0,132.82,248.56,246.06,0.375,0.0,228.94,226.07,-2.9,2.10,0.36,16.75,290.0,13.4,24.9,18.9,998.87,1023.6,8.2,354.6,23.4,64.5,-108.9,20.0,9.80,15.50,19.26,22.66,80.44
78557,198,30.8751005,-121.7072007,159,115.5,396,516.5,132.80,248.25,245.75,0.374,-0.1,228.91,226.11,-2.8,2.04,0.23,16.78,290.0,13.1,24.9,18.9,998.83,1023.3,8.2,356.1,23.4,64.5,-108.9,20.3,9.61,15.20,19.30,22.70,78.74
78558,198,30.8742702,-121.7082015,159,115.4,396,516.5,132.79,249.31,246.81,0.376,0.0,228.99,226.12,-2.9,2.07,-0.28,16.80,290.1,13.5,25.0,18.9,998.83,1023.2,8.0,352.3,23.4,64.3,-108.9,21.3,9.90,15.65,19.33,22.74,80.97
78559,198,30.8734397,-121.7092020,159,115.5,396,515.0,132.79,249.81,247.25,0.377,0.1,229.11,226.09,-3.0,2.03,-0.28,16.72,290.0,14.1,25.0,18.9,998.83,1023.2,8.1,349.4,23.4,64.4,-108.9,21.2,10.27,16.23,19.23,22.61,84.40
78560,198,30.8726088,-121.7102019,158,115.5,396,516.5,132.78,249.06,246.56,0.376,0.0,229.22,226.06,-3.2,2.03,-0.28,16.78,290.0,14.4,25.0,18.9,998.83,1023.3,8.6,350.5,23.4,64.4,-108.9,21.1,10.48,16.56,19.29,22.70,85.82
78561,198,30.8717777,-121.7112015,158,115.5,396,518.5,132.77,249.50,247.00,0.376,0.0,229.28,226.06,-3.2,2.06,-0.26,16.84,290.1,14.7,25.1,18.9,998.83,1023.4,8.6,348.7,23.4,64.3,-108.9,21.0,10.69,16.87,19.37,22.81,87.08
78562,198,30.8709469,-121.7122012,158,115.5,397,520.0,132.75,248.56,246.06,0.375,-0.2,229.47,226.05,-3.4,2.08,-0.21,16.76,290.0,14.8,24.9,18.9,998.80,1023.4,9.2,349.8,23.4,64.3,-108.9,20.7,10.74,16.95,19.27,22.67,87.93
78563,198,30.8701160,-121.7132005,158,115.1,396,514.5,132.73,248.56,246.25,0.375,-0.4,229.59,226.04,-3.6,2.09,-0.34,16.81,290.1,14.7,25.0,18.9,998.83,1023.4,9.4,348.8,23.4,64.3,-108.9,20.8,10.69,16.87,19.33,22.75,87.27
78564,198,30.8692851,-121.7141996,158,114.9,395,513.5,132.73,248.00,245.44,0.374,-0.1,229.72,226.04,-3.7,2.14,-0.14,16.80,290.0,14.6,24.9,18.9,998.87,1023.2,9.8,349.5,23.4,64.3,-108.9,20.3,10.59,16.73,19.32,22.73,86.60
78565,198,30.8684543,-121.7151989,159,114.9,395,514.5,132.72,247.75,245.19,0.374,0.0,229.79,226.07,-3.7,2.09,0.16,16.76,290.0,14.6,24.9,18.9,998.87,1023.7,9.9,349.9,23.4,64.4,-108.8,19.7,10.59,16.73,19.27,22.67,86.81
78566,198,30.8676244,-121.7161990,159,115.0,394,516.5,132.71,246.81,244.31,0.372,0.2,229.77,226.13,-3.6,2.16,0.02,16.82,290.1,14.5,24.9,18.8,998.91,1023.5,10.0,352.8,23.4,64.3,-108.8,19.9,10.56,16.67,19.35,22.77,86.19
78567,198,30.8667953,-121.7172000,159,115.4,394,514.5,132.70,249.00,246.44,0.376,0.6,229.69,226.17,-3.5,2.19,-0.44,16.83,290.1,14.8,25.0,18.8,998.91,1023.4,9.2,347.8,23.5,64.1,-108.8,20.8,10.79,17.03,19.35,22.78,88.02
78568,198,30.8659664,-121.7182006,159,115.9,395,515.5,132.66,248.62,246.06,0.375,0.5,229.54,226.16,-3.4,2.18,-0.38,16.80,290.0,14.8,25.0,18.8,998.87,1023.5,9.0,349.6,23.5,64.2,-108.8,20.9,10.80,17.04,19.32,22.73,88.23
78569,198,30.8651375,-121.7192007,160,116.3,397,520.5,132.63,248.25,245.69,0.374,0.2,229.48,226.15,-3.3,2.10,-0.46,16.83,290.1,15.0,25.0,18.8,998.80,1023.2,9.0,350.9,23.5,64.2,-108.8,21.2,10.91,17.22,19.36,22.78,88.97
78570,198,30.8643088,-121.7202008,160,116.4,399,520.5,132.62,248.00,245.50,0.374,0.0,229.45,226.14,-3.3,2.03,-0.66,16.84,290.1,14.9,25.0,18.8,998.73,1023.6,9.0,351.7,23.5,64.2,-108.8,21.6,10.82,17.08,19.37,22.80,88.17
78571,198,30.8634798,-121.7212006,159,116.3,399,521.0,132.62,247.94,245.44,0.374,-0.3,229.44,226.11,-3.3,2.03,-0.89,16.80,290.1,14.7,24.9,18.8,998.73,1023.5,9.1,351.7,23.5,64.1,-108.8,22.1,10.70,16.89,19.32,22.73,87.45
78572,198,30.8626502,-121.7221996,159,116.0,398,518.0,132.62,248.00,245.50,0.374,-0.3,229.32,226.09,-3.2,2.08,-0.41,16.84,290.1,14.5,25.0,18.8,998.76,1023.0,8.9,352.2,23.5,64.2,-108.8,21.2,10.58,16.71,19.37,22.80,86.25
78573,198,30.8618205,-121.7231984,159,115.7,398,517.5,132.61,247.88,245.31,0.374,-0.3,229.15,226.08,-3.1,2.07,-0.53,16.80,290.1,14.9,24.9,18.8,998.76,1023.2,8.6,353.8,23.5,64.2,-108.8,21.6,10.81,17.07,19.32,22.74,88.32
78574,198,30.8609910,-121.7241972,159,115.4,397,514.0,132.61,247.56,245.00,0.373,-0.2,229.13,226.07,-3.1,2.09,-0.55,16.82,290.1,14.9,24.9,18.8,998.80,1023.1,8.7,354.7,23.5,64.2,-108.8,21.7,10.85,17.12,19.35,22.77,88.49
78575,198,30.8601611,-121.7251956,159,115.4,397,516.0,132.62,247.38,244.88,0.373,0.1,229.08,226.05,-3.0,2.10,-0.44,16.83,290.1,14.6,24.9,18.8,998.80,1023.3,8.7,355.5,23.5,64.2,-108.8,21.5,10.62,16.76,19.36,22.79,86.57
78576,198,30.8593306,-121.7261935,159,115.4,396,517.0,132.61,248.00,245.56,0.374,-0.1,229.01,226.02,-3.0,2.09,-0.60,16.85,290.1,14.7,25.0,18.8,998.83,1023.4,8.5,354.0,23.5,64.2,-108.8,21.9,10.70,16.89,19.38,22.81,87.18
78577,198,30.8584999,-121.7271909,158,115.4,396,518.0,132.60,248.44,245.88,0.375,0.1,228.90,225.99,-2.9,2.18,-0.62,16.81,290.1,14.9,25.0,18.9,998.83,1023.4,8.2,353.5,23.5,64.1,-108.8,22.0,10.84,17.11,19.34,22.76,88.49
78578,198,30.8576687,-121.7281876,159,115.6,397,513.5,132.58,248.88,246.38,0.375,0.2,228.84,225.95,-2.9,2.14,-0.53,16.83,290.1,15.3,25.0,18.9,998.80,1023.2,8.0,352.0,23.5,64.1,-108.8,21.9,11.12,17.55,19.36,22.79,90.64
78579,198,30.8568372,-121.7291834,159,115.8,397,517.5,132.56,248.56,246.00,0.375,0.2,228.89,225.93,-3.0,2.12,-0.28,16.81,290.1,15.4,25.0,18.8,998.80,1023.1,8.2,352.3,23.5,64.2,-108.8,21.4,11.17,17.62,19.33,22.75,91.17
78580,198,30.8560056,-121.7301790,159,116.0,398,517.5,132.55,247.88,245.38,0.374,0.1,228.94,225.92,-3.0,2.10,-0.11,16.85,290.1,15.3,25.0,18.8,998.76,1023.2,8.5,353.7,23.5,64.3,-108.8,21.1,11.10,17.51,19.38,22.82,90.35
78581,198,30.8551740,-121.7311746,159,116.1,398,521.0,132.53,248.19,245.75,0.374,-0.1,228.96,225.92,-3.0,2.10,-0.17,16.83,290.1,14.9,25.0,18.8,998.76,1023.2,8.4,352.5,23.5,64.3,-108.8,21.1,10.88,17.17,19.36,22.78,88.68
78582,198,30.8543426,-121.7321699,159,115.8,398,515.5,132.49,248.44,245.88,0.375,-0.4,229.04,225.93,-3.1,2.19,-0.10,16.81,290.1,14.8,25.0,18.8,998.76,1023.2,8.5,351.0,23.5,64.2,-108.8,20.9,10.76,16.99,19.34,22.76,87.86
78583,198,30.8535116,-121.7331650,159,115.5,397,516.0,132.47,248.44,245.94,0.375,-0.2,229.07,225.95,-3.1,2.21,0.36,16.81,290.1,14.9,25.0,18.8,998.80,1023.5,8.5,350.8,23.5,64.4,-108.8,19.9,10.83,17.10,19.34,22.76,88.43
78584,198,30.8526814,-121.7341606,159,115.4,396,514.5,132.43,248.06,245.62,0.374,0.0,229.12,226.01,-3.1,2.20,0.37,16.88,290.1,14.4,25.0,18.8,998.83,1023.2,8.5,351.8,23.5,64.4,-108.7,19.9,10.51,16.60,19.42,22.87,85.46
78585,198,30.8518525,-121.7351572,159,115.6,396,517.0,132.41,247.69,245.12,0.373,0.3,229.13,226.07,-3.1,2.17,0.04,16.87,290.1,14.1,25.0,18.8,998.83,1023.1,8.6,353.2,23.5,64.3,-108.7,20.5,10.27,16.23,19.40,22.85,83.64
78586,198,30.8510240,-121.7361542,159,115.9,396,517.5,132.39,248.31,245.75,0.375,0.4,229.11,226.08,-3.0,2.18,-0.14,16.87,290.1,14.2,25.0,18.8,998.83,1023.3,8.3,351.6,23.5,64.2,-108.7,20.9,10.38,16.40,19.41,22.86,84.48
78587,198,30.8501955,-121.7371509,160,116.4,398,518.5,132.38,248.25,245.69,0.375,0.5,229.13,226.08,-3.1,2.10,-0.32,16.87,290.1,14.1,25.0,18.8,998.76,1023.4,8.3,351.6,23.5,64.2,-108.7,21.3,10.31,16.28,19.41,22.86,83.88
78588,198,30.8493671,-121.7381475,160,116.7,400,519.0,132.36,248.06,245.56,0.374,0.3,229.14,226.10,-3.0,2.06,1.47,16.83,290.1,13.9,25.0,18.8,998.69,1023.5,8.4,352.2,23.5,64.8,-108.7,17.9,10.18,16.08,19.36,22.79,83.05
78589,198,30.8485407,-121.7391458,160,116.8,401,518.5,132.32,248.44,245.94,0.375,-0.1,229.19,226.32,-2.9,2.04,5.11,16.86,290.1,14.1,25.0,18.8,998.65,1023.4,-9999,-9999,23.5,65.7,-108.7,10.1,10.27,16.22,19.40,22.84,83.61
78590,198,30.8477199,-121.7401495,160,116.7,404,519.0,132.25,249.12,246.56,0.376,-0.1,229.33,226.79,-2.5,2.19,8.94,16.87,290.1,13.9,25.1,18.8,998.54,1023.2,-9999,-9999,23.5,66.0,-108.7,1.4,10.17,16.06,19.40,22.85,82.76
78591,198,30.8469090,-121.7411627,160,116.5,405,518.5,132.14,249.38,246.88,0.376,-0.3,229.62,227.54,-2.1,2.22,13.32,16.85,290.1,14.2,25.1,18.8,998.51,1023.4,-9999,-9999,23.5,65.6,-108.7,-8.7,10.37,16.38,19.39,22.82,84.47
78592,198,30.8461123,-121.7421892,159,116.0,402,515.5,132.03,249.81,247.25,0.377,-0.8,230.19,228.53,-1.7,2.15,16.76,16.82,290.1,14.4,25.1,18.8,998.62,1023.2,-9999,-9999,23.5,64.8,-108.7,-16.7,10.50,16.58,19.35,22.77,85.69
78593,198,30.8453325,-121.7432315,158,114.7,400,513.0,131.93,250.62,248.06,0.378,-1.7,231.25,229.61,-1.6,1.80,18.48,16.83,290.1,14.5,25.1,18.8,998.69,1023.6,-9999,-9999,23.5,64.3,-108.7,-21.1,10.53,16.63,19.36,22.79,85.91
78594,198,30.8445723,-121.7442917,156,113.0,398,507.5,131.90,250.50,247.94,0.378,-1.8,232.86,230.88,-2.0,1.60,18.55,16.83,290.1,14.7,25.1,18.8,998.76,1023.3,-9999,-9999,23.5,64.1,-108.7,-22.3,10.70,16.89,19.35,22.78,87.28
78595,198,30.8438335,-121.7453719,154,111.2,392,505.5,131.84,250.50,248.00,0.378,-1.6,234.85,232.24,-2.6,1.97,19.26,16.88,290.1,14.9,25.2,18.8,998.98,1023.5,-9999,-9999,23.5,62.9,-108.7,-24.6,10.87,17.17,19.41,22.86,88.42
78596,198,30.8431177,-121.7464718,152,109.9,386,496.5,131.68,249.94,247.44,0.377,-1.0,236.83,233.70,-3.1,2.44,19.29,16.86,290.1,15.0,25.1,18.8,999.20,1023.9,-9999,-9999,23.5,61.9,-108.7,-25.5,10.93,17.25,19.40,22.84,88.94
78597,198,30.8424279,-121.7475904,152,109.2,382,493.0,131.40,250.31,247.88,0.378,-0.2,238.74,235.26,-3.5,2.81,19.57,16.89,290.1,15.2,25.2,18.8,999.34,1023.8,-9999,-9999,23.5,61.0,-108.7,-26.9,11.07,17.48,19.43,22.88,89.97
78598,198,30.8417674,-121.7487281,152,109.6,379,496.0,131.03,250.12,247.50,0.377,0.9,240.52,236.90,-3.6,3.39,19.76,16.80,290.0,15.1,25.1,18.8,999.45,1023.7,-9999,-9999,23.5,59.9,-108.7,-27.9,10.95,17.29,19.33,22.74,89.45
78599,198,30.8411368,-121.7498825,153,111.0,380,497.5,130.56,247.56,245.06,0.373,1.7,242.30,238.50,-3.8,3.75,19.68,16.88,290.1,14.3,25.0,18.9,999.41,1023.8,-9999,-9999,23.5,59.1,-108.7,-28.5,10.42,16.47,19.42,22.86,84.84
78600,198,30.8405362,-121.7510522,155,113.2,383,507.0,130.06,246.94,244.38,0.372,2.5,243.93,240.09,-3.8,3.83,19.31,16.87,290.1,14.4,24.9,19.0,999.30,1023.4,-9999,-9999,23.5,58.8,-108.7,-28.8,10.52,16.62,19.40,22.84,85.67
78601,198,30.8399651,-121.7522364,158,116.0,390,515.5,129.60,246.81,244.25,0.372,2.7,245.58,241.54,-4.0,3.49,18.82,16.83,290.1,14.4,24.9,19.2,999.05,1023.5,-9999,-9999,23.5,58.8,-108.7,-29.3,10.46,16.52,19.35,22.78,85.38
78602,198,30.8394210,-121.7534331,160,118.6,398,524.0,129.21,246.62,244.06,0.372,2.2,247.22,242.91,-4.3,3.07,19.00,16.84,290.1,14.2,24.9,19.4,998.76,1023.2,-9999,-9999,23.5,58.7,-108.7,-30.8,10.38,16.40,19.37,22.80,84.67
78603,198,30.8389033,-121.7546412,162,120.7,406,534.5,128.84,246.56,243.88,0.372,2.0,248.77,244.34,-4.4,3.24,18.87,16.74,290.0,14.1,24.8,19.5,998.47,1023.2,-9999,-9999,23.5,58.2,-108.6,-31.5,10.27,16.22,19.25,22.64,84.26
78604,198,30.8384146,-121.7558610,164,122.9,414,537.5,128.44,244.94,242.25,0.369,2.2,250.22,245.86,-4.4,3.41,18.57,16.80,290.1,14.0,24.7,19.7,998.18,1023.0,-9999,-9999,23.5,57.9,-108.6,-31.8,10.24,16.16,19.32,22.73,83.69
78605,198,30.8379555,-121.7570909,167,125.2,419,546.0,128.00,245.31,242.69,0.370,2.3,251.63,247.34,-4.3,3.41,18.71,16.82,290.1,14.0,24.8,19.8,998.00,1023.2,-9999,-9999,23.5,57.4,-108.6,-32.8,10.21,16.12,19.34,22.77,83.35
78606,198,30.8375260,-121.7583303,169,127.8,428,554.0,127.60,245.25,242.44,0.370,2.8,252.99,248.91,-4.1,3.40,18.60,16.77,290.1,14.1,24.7,19.9,997.68,1023.2,-9999,-9999,23.5,57.2,-108.6,-33.5,10.33,16.29,19.28,22.69,84.48
78607,198,30.8371266,-121.7595790,172,130.7,436,562.5,127.23,244.44,241.88,0.369,2.8,254.28,250.39,-3.9,3.11,18.63,16.77,290.1,14.6,24.7,19.9,997.39,1023.2,-9999,-9999,23.5,57.1,-108.6,-34.6,10.65,16.79,19.29,22.69,87.07
78608,198,30.8367548,-121.7608353,175,133.2,445,573.5,126.89,244.81,242.12,0.369,2.2,255.66,251.74,-3.9,3.20,18.19,16.65,290.0,14.3,24.6,19.9,997.06,1023.1,-9999,-9999,23.5,57.0,-108.6,-34.7,10.43,16.45,19.14,22.49,85.96
78609,198,30.8364096,-121.7620982,177,135.2,453,578.0,126.54,244.69,241.94,0.369,2.0,257.19,253.11,-4.1,3.41,18.03,16.66,290.1,14.6,24.6,19.9,996.77,1023.4,-9999,-9999,23.5,56.5,-108.6,-35.2,10.62,16.74,19.15,22.50,87.41
78610,198,30.8360922,-121.7633669,179,137.3,461,585.0,126.15,245.31,242.56,0.370,2.1,258.71,254.55,-4.2,3.33,18.32,16.62,290.1,14.7,24.6,19.9,996.48,1023.1,-9999,-9999,23.5,56.1,-108.6,-36.6,10.70,16.85,19.10,22.44,88.21
78611,198,30.8358035,-121.7646399,181,139.3,467,593.0,125.73,245.38,242.62,0.370,2.1,260.17,256.01,-4.2,3.36,18.50,16.61,290.1,14.5,24.6,19.8,996.27,1023.4,-9999,-9999,23.6,55.6,-108.6,-37.7,10.60,16.70,19.09,22.43,87.45
78612,198,30.8355445,-121.7659167,183,141.5,473,599.0,125.32,244.50,241.69,0.369,2.3,261.70,257.52,-4.2,3.68,18.43,16.57,290.1,14.5,24.5,19.8,996.05,1023.7,-9999,-9999,23.6,55.1,-108.6,-38.2,10.60,16.69,19.04,22.36,87.61
