Data/Raw/YANG,MELISSA/FIREXAQ-MetNav_DC8_20190717_R0_L1.ict
76, 1001
Project Office
NSRC - National Suborbital Research Center
N817NA Meteorological and Navigation Facility Instrumentation
FIREX-AQ/SARP
1,1
2019,07,17,2020,03,05
1
Time_Start, seconds (from midnight UTC)
35
1,1,1,1,1,1,1,1,1,1,1,1,1,1,1,1,1,1,1,1,1,1,1,1,1,1,1,1,1,1,1,1,1,1,1
-9999,-9999,-9999,-9999,-9999,-9999,-9999,-9999,-9999,-9999,-9999,-9999,-9999,-9999,-9999,-9999,-9999,-9999,-9999,-9999,-9999,-9999,-9999,-9999,-9999,-9999,-9999,-9999,-9999,-9999,-9999,-9999,-9999,-9999,-9999
Day_Of_Year, day, None, calendar day beginning January 1
Latitude, deg, Platform_Latitude_InSitu_None
Longitude, deg, Platform_Longitude_InSitu_None
MSL_GPS_Altitude, m, Platform_AltitudeMSL_InSitu_None
HAE_GPS_Altitude, m, Platform_AltitudeEllipsoid_InSitu_None, reference WGS-84
Pressure_Altitude, ft, Platform_AltitudePressure_InSitu_None
Radar_Altitude, ft, Platform_AltitudeAGL_InSitu_None
Ground_Speed, m/s, Platform_GroundSpeed_InSitu_None
True_Air_Speed, kts, Platform_AircraftTrueAirSpeed_InSitu_None
Indicated_Air_Speed, kts, Platform_AircraftIndicatedAirSpeed_InSitu_None
Mach_Number, mach, None
Vertical_Speed, m/s, None
True_Heading, deg 0-360, Platform_HeadingTrue_InSitu_None, cw from +y
Track_Angle, deg 0-360, Platform_TrackAngle_InSitu_None, cw from +y
Drift_Angle, deg +-180, Platform_DriftAngle_InSitu_None, cw from +y
Pitch_Angle, deg +-180, Platform_PitchAngle_InSitu_None, up+
Roll_Angle, deg +-180, Platform_RollAngle_InSitu_None, rt+
Static_Air_Temp, degrees Celcius, Met_StaticAirTemperature_InSitu_None
Potential_Temp, Kelvin, Met_PotentialTemperature_InSitu_None
Dew_Point, degrees Celcius, Met_DewPoint_InSitu_None
Total_Air_Temp, degrees Celcius, None
IR_Surf_Temp, degrees Celcius, Met_SufaceTemperature_InSitu_None
Static_Pressure, hPa, Met_StaticPressure_InSitu_None
Cabin_Pressure, hPa, None
Wind_Speed, m/s, Met_WindSpeed_InSitu_None, limited to where Roll_Angle does not exceed 5 degrees
Wind_Direction, deg 0-360 cw from +y, Met_WindDirection_InSitu_None, limited to where Roll_Angle does not exceed 5 degrees
Solar_Zenith_Angle, deg, Platform_SolarZenithAngle_InSitu_None
Aircraft_Sun_Elevation, deg, None
Sun_Azimuth, deg, Platform_SolarAzimuthAngle_InSitu_None
Aircraft_Sun_Azimuth, deg, None
Mixing_Ratio, g/kg, Met_H2OMR_InSitu_None
Part_Press_Water_Vapor, hPa, Met_PartialPressureH2O_InSitu_None
Sat_Vapor_Press_H2O, hPa, Met_SatVaporPressureH2OWater_InSitu_None
Sat_Vapor_Press_Ice, hPa, Met_SatVaporPressureH2OIce_InSitu_None
Relative_Humidity, percent, Met_RelativeHumidityWater_InSitu_None
0
27
PI_CONTACT_INFO: Melissa Yang Martin, m.yang@baeri.org 
Platform: NASA DC-8 N817NA
LOCATION: Included in data records
ASSOCIATED_DATA: This flight represents SARP Science Flight #2 out of Palmdale, CA. This flight includes the Salton Sea overflight, several missed approaches in the LA Basin, and a TCCON tower spiral. See SARP archive on Langley archive at https://www-air.larc.nasa.gov/missions/sarp/index.html
INSTRUMENT_INFO: 
	Position, attitude, ground speed, and vertical speed from LN251
	Wind_Speed and Wind_Direction calculated from LN251, Aircraft Data System-85
	Radar_Altitude from APN-232
	Total_Air_Temperature from Rosemount 102 type non-deiced with Laurels LTE signal conditioner
	IR_Surface_Temp from KT-19.85II
    Cabin_Pressure from MKS Baratron 220D
[...]
ULOD_FLAG:-7777
ULOD_VALUE:366,90,180,N/A,N/A,57343,65000,N/A,600,510,0.99,104.04,360,360,180,180,180,60,N/A,90,99,200,N/A,1333.22,N/A,360,N/A,N/A,N/A,N/A,N/A,N/A,N/A,N/A,N/A
LLOD_FLAG:-8888
LLOD_VALUE:0,-90,-180,N/A,N/A,-1871,0,0,0,0,0,-104.04,0,0,-180,-180,-180,-99,N/A,-60,-60,-50,N/A,0.66,0,0,N/A,N/A,N/A,N/A,N/A,N/A,N/A,N/A,N/A
DM_CONTACT_INFO: Ryan Bennett, r.bennett@baeri.org
PROJECT_INFO: N/A
STIPULATIONS_ON_USE: Please contact DM or PI with questions before use.
OTHER_COMMENTS: Potential TAT wetting between Start_UTC 58630 and 58932. Will re-assess in future revision. Wind Speed and Wind Direction flagged where Roll_Angle exceeds 5 degrees.
REVISION: R0
R0: Public release data with limits of detection and instrument calibrations applied to Total_Air_Temp (follows through to reduction to Static_Air_Temp and calculation of Potential_Temp), and Cabin_Pressure.
RA: Preliminary field data with limits of detection applied.
Time_Start,Day_Of_Year,Latitude,Longitude,MSL_GPS_Altitude,HAE_GPS_Altitude,Pressure_Altitude,Radar_Altitude,Ground_Speed,True_Air_Speed,Indicated_Air_Speed,Mach_Number,Vertical_Speed,True_Heading,Track_Angle,Drift_Angle,Pitch_Angle,Roll_Angle,Static_Air_Temp,Potential_Temp,Dew_Point,Total_Air_Temp,IR_Surf_Temp,Static_Pressure,Cabin_Pressure,Wind_Speed,Wind_Direction,Solar_Zenith_Angle,Aircraft_Sun_Elevation,Sun_Azimuth,Aircraft_Sun_Azimuth,Mixing_Ratio,Part_Press_Water_Vapor,Sat_Vapor_Press_H2O,Sat_Vapor_Press_Ice,Relative_Humidity
[from data line 222]
55852,198,34.7011784,-118.1218234,2797,2769.9,8734,6802.5,156.80,294.06,252.00,0.445,18.2,72.93,74.04,1.1,9.41,19.66,14.15,314.1,-10.5,25.6,29.3,731.73,937.1,-9999,-9999,59.9,23.4,83.9,-0.7,2.38,2.79,16.31,18.71,17.13
55853,198,34.7015553,-118.1201749,2815,2788.0,8790,6876.0,156.78,294.19,251.81,0.446,17.8,74.16,75.05,0.9,9.23,19.35,14.05,314.2,-11.8,25.5,29.1,730.16,937.2,-9999,-9999,59.8,23.1,83.9,-1.6,2.15,2.51,16.20,18.57,15.51
55854,198,34.7019080,-118.1185187,2833,2805.6,8846,6929.0,156.76,294.12,251.56,0.445,17.5,75.38,76.06,0.7,9.20,19.25,14.15,314.5,-12.5,25.6,28.9,728.59,937.1,-9999,-9999,59.8,22.8,83.9,-2.5,2.03,2.37,16.31,18.71,14.53
55855,198,34.7022351,-118.1168555,2850,2823.2,8903,6987.0,156.66,293.81,251.00,0.445,17.7,76.74,77.15,0.4,9.65,19.36,14.21,314.8,-13.6,25.6,28.7,726.99,937.3,-9999,-9999,59.8,21.9,83.9,-3.8,1.87,2.18,16.37,18.79,13.29
55856,198,34.7025349,-118.1151865,2868,2841.1,8957,7040.5,156.45,293.81,250.81,0.445,18.2,77.97,78.30,0.3,9.90,19.71,14.41,315.2,-14.6,25.8,28.6,725.48,937.3,-9999,-9999,59.8,21.2,83.9,-5.0,1.71,1.99,16.57,19.06,12.03
55857,198,34.7028065,-118.1135131,2886,2859.4,9013,7105.0,156.22,294.44,251.12,0.446,18.4,79.13,79.43,0.3,9.97,19.87,14.41,315.4,-15.8,25.9,28.6,723.92,937.2,-9999,-9999,59.8,20.8,83.9,-6.1,1.56,1.82,16.58,19.07,10.95
55858,198,34.7030508,-118.1118360,2904,2877.8,9069,7166.0,156.00,294.75,251.06,0.447,18.5,80.32,80.54,0.2,10.00,19.70,14.39,315.6,-17.1,25.9,28.7,722.36,937.3,-9999,-9999,59.8,20.4,84.0,-7.0,1.40,1.62,16.56,19.04,9.77
55859,198,34.7032684,-118.1101557,2923,2896.4,9126,7235.0,155.78,294.94,250.88,0.447,18.6,81.59,81.61,0.0,10.04,19.20,14.57,316.0,-18.1,26.1,28.8,720.77,937.4,-9999,-9999,59.8,20.0,84.0,-7.9,1.29,1.50,16.75,19.30,8.93
55860,198,34.7034604,-118.1084736,2942,2915.2,9183,7300.5,155.51,295.25,251.06,0.447,19.0,82.97,82.66,-0.3,10.01,18.75,14.55,316.1,-19.2,26.1,29.1,719.19,937.3,-9999,-9999,59.8,19.7,84.0,-8.8,1.18,1.36,16.73,19.27,8.16
55861,198,34.7036266,-118.1067907,2961,2934.4,9240,7354.5,155.20,296.25,251.50,0.449,19.4,84.28,83.73,-0.6,10.03,19.20,14.42,316.2,-20.0,26.0,29.1,717.61,937.3,-9999,-9999,59.8,19.2,84.0,-10.1,1.10,1.27,16.59,19.08,7.66
55862,198,34.7037662,-118.1051076,2981,2953.9,9299,7410.5,154.91,296.38,251.25,0.449,19.5,85.53,84.83,-0.7,10.01,19.94,14.28,316.2,-20.5,25.9,29.1,715.98,937.0,-9999,-9999,59.8,18.7,84.0,-11.6,1.05,1.21,16.43,18.88,7.38
55863,198,34.7038779,-118.1034243,3000,2973.4,9358,7476.0,154.65,296.06,250.69,0.448,19.6,86.75,85.97,-0.8,10.06,20.51,14.11,316.3,-20.7,25.7,29.0,714.35,937.1,-9999,-9999,59.8,18.2,84.0,-12.9,1.04,1.20,16.26,18.65,7.36
55864,198,34.7039606,-118.1017416,3019,2993.1,9418,7540.0,154.36,296.00,250.44,0.448,19.7,87.97,87.17,-0.8,10.13,20.76,13.87,316.2,-20.5,25.4,28.9,712.70,937.3,-9999,-9999,59.8,17.8,84.0,-14.1,1.07,1.22,16.01,18.31,7.61
55865,198,34.7040145,-118.1000605,3039,3012.8,9478,7604.5,154.06,296.12,250.19,0.449,19.8,89.20,88.35,-0.9,10.13,20.67,13.66,316.2,-19.9,25.2,28.8,711.05,937.3,-9999,-9999,59.8,17.4,84.0,-15.1,1.12,1.28,15.79,18.04,8.10
55866,198,34.7040405,-118.0983815,3059,3032.5,9539,7664.5,153.79,295.31,249.31,0.447,19.6,90.35,89.49,-0.9,10.03,20.13,13.53,316.3,-19.2,25.0,28.7,709.37,937.3,-9999,-9999,59.8,17.2,84.0,-15.8,1.19,1.36,15.66,17.86,8.66
55867,198,34.7040402,-118.0967051,3079,3052.0,9598,7726.0,153.55,295.50,249.31,0.448,19.4,91.45,90.55,-0.9,9.94,19.08,13.56,316.5,-18.7,25.1,28.7,707.75,937.5,-9999,-9999,59.8,17.2,84.0,-16.3,1.25,1.42,15.68,17.89,9.03
55868,198,34.7040147,-118.0950316,3098,3071.4,9658,7800.5,153.31,295.56,249.06,0.448,19.3,92.59,91.55,-1.0,9.85,17.91,13.59,316.7,-18.1,25.1,28.8,706.11,937.3,-9999,-9999,59.8,17.3,84.0,-16.7,1.32,1.50,15.72,17.94,9.53
55869,198,34.7039665,-118.0933614,3117,3090.6,9720,7852.5,153.07,295.25,248.62,0.448,19.1,93.70,92.49,-1.2,9.80,16.89,13.47,316.8,-17.5,25.0,29.0,704.42,936.9,-9999,-9999,59.8,17.3,84.0,-17.2,1.39,1.57,15.59,17.77,10.06
55870,198,34.7038959,-118.0916951,3136,3109.8,9778,7914.5,152.79,295.19,248.25,0.448,19.2,94.88,93.43,-1.5,10.04,17.23,13.38,316.9,-16.6,24.9,29.2,702.84,936.9,-9999,-9999,59.8,16.8,84.0,-18.3,1.50,1.69,15.50,17.65,10.93
55871,198,34.7038015,-118.0900340,3156,3129.1,9838,8042.5,152.46,294.62,247.50,0.447,19.3,95.84,94.47,-1.4,10.15,18.80,13.56,317.3,-15.3,25.0,29.3,701.21,936.9,-9999,-9999,59.8,16.0,84.0,-19.9,1.68,1.89,15.69,17.90,12.07
55872,198,34.7036810,-118.0883784,3175,3148.2,9897,8108.0,152.21,294.31,246.94,0.446,19.0,96.51,95.58,-0.9,9.95,19.71,13.77,317.8,-14.8,25.2,29.3,699.60,936.8,-9999,-9999,59.8,15.7,84.0,-20.9,1.75,1.96,15.91,18.19,12.35
55873,198,34.7035346,-118.0867282,3194,3166.9,9955,8157.5,152.05,293.56,246.25,0.445,18.4,97.25,96.67,-0.6,9.78,19.34,13.88,318.1,-14.9,25.3,29.3,698.03,937.3,-9999,-9999,59.8,15.8,84.0,-21.4,1.74,1.95,16.02,18.33,12.19
55874,198,34.7033629,-118.0850834,3212,3185.0,10012,8203.5,151.90,293.44,245.56,0.445,17.8,98.06,97.71,-0.3,9.65,18.92,13.75,318.2,-15.7,25.1,29.2,696.49,937.0,-9999,-9999,59.7,15.8,84.0,-21.9,1.64,1.83,15.88,18.15,11.54
55875,198,34.7031658,-118.0834436,3230,3202.6,10068,8263.0,151.82,293.00,245.00,0.444,17.4,98.86,98.78,-0.1,9.48,18.98,13.69,318.3,-16.2,25.0,29.2,694.98,937.1,-9999,-9999,59.7,15.8,84.0,-22.6,1.57,1.75,15.82,18.07,11.08
55876,198,34.7029443,-118.0818094,3247,3219.8,10121,8319.5,151.75,293.25,245.00,0.445,17.0,99.73,99.82,0.1,9.34,19.05,13.62,318.4,-15.8,25.0,29.2,693.55,937.1,-9999,-9999,59.7,15.7,84.0,-23.4,1.63,1.81,15.75,17.98,11.51
55877,198,34.7026984,-118.0801811,3264,3236.6,10174,8365.5,151.72,293.75,245.12,0.445,16.6,100.65,100.89,0.2,9.19,19.17,13.43,318.4,-16.2,24.8,29.2,692.12,937.0,-9999,-9999,59.7,15.5,84.0,-24.2,1.58,1.76,15.56,17.73,11.29
55878,198,34.7024278,-118.0785587,3280,3252.9,10225,8407.0,151.72,293.50,244.69,0.445,16.1,101.59,101.93,0.3,9.03,19.07,13.21,318.3,-16.5,24.6,29.1,690.75,937.3,-9999,-9999,59.7,15.5,84.0,-25.0,1.54,1.70,15.34,17.44,11.11
55879,198,34.7021334,-118.0769422,3296,3268.7,10276,8460.0,151.75,293.75,244.75,0.445,15.6,102.61,102.94,0.3,8.79,18.51,13.05,318.3,-16.0,24.4,29.1,689.38,937.1,-9999,-9999,59.7,15.7,84.0,-25.7,1.61,1.78,15.17,17.23,11.73
55880,198,34.7018160,-118.0753317,3311,3284.0,10324,8508.5,151.82,293.31,244.19,0.445,15.1,103.67,103.91,0.2,8.54,18.84,12.98,318.4,-15.9,24.3,29.1,688.10,936.9,-9999,-9999,59.7,15.5,84.0,-26.7,1.63,1.80,15.10,17.13,11.91
55881,198,34.7014755,-118.0737272,3326,3298.9,10371,8535.5,151.92,293.31,244.00,0.445,14.6,104.77,104.95,0.2,8.39,20.19,12.87,318.5,-16.1,24.2,29.1,686.84,937.1,-9999,-9999,59.7,14.8,84.0,-28.2,1.60,1.77,15.00,17.00,11.77
55882,198,34.7011091,-118.0721295,3340,3313.3,10417,8584.5,152.05,292.81,243.44,0.444,14.2,105.89,106.09,0.2,8.27,20.73,13.10,318.9,-16.1,24.4,29.0,685.61,937.2,-9999,-9999,59.7,14.4,84.0,-29.4,1.60,1.76,15.22,17.29,11.57
55883,198,34.7007156,-118.0705398,3354,3327.2,10464,8643.5,152.19,292.75,243.19,0.444,13.8,107.11,107.24,0.1,8.10,20.47,13.05,319.0,-17.0,24.4,28.9,684.36,937.1,-9999,-9999,59.7,14.4,84.0,-30.3,1.49,1.63,15.18,17.24,10.76
55884,198,34.7002959,-118.0689584,3368,3340.8,10506,8682.5,152.34,292.94,243.19,0.445,13.4,108.40,108.37,0.0,7.95,20.14,13.04,319.1,-17.2,24.4,28.6,683.24,937.1,-9999,-9999,59.7,14.4,84.0,-31.3,1.47,1.61,15.16,17.21,10.65
55885,198,34.6998503,-118.0673860,3382,3354.2,10548,8737.5,152.49,293.19,243.25,0.445,13.3,109.66,109.52,-0.1,7.88,20.49,12.97,319.2,-16.9,24.3,28.4,682.12,936.9,-9999,-9999,59.7,14.0,84.0,-32.5,1.51,1.65,15.10,17.13,10.95
55886,198,34.6993782,-118.0658230,3396,3367.4,10589,8760.5,152.67,293.56,243.38,0.446,13.0,110.80,110.69,-0.1,7.68,21.00,12.90,319.3,-17.7,24.3,28.3,681.03,936.9,-9999,-9999,59.7,13.6,84.0,-33.7,1.41,1.54,15.02,17.03,10.26
55887,198,34.6988785,-118.0642702,3409,3380.1,10629,8798.5,152.89,293.94,243.56,0.446,12.5,111.90,111.88,0.0,7.46,21.38,12.82,319.3,-18.5,24.2,28.2,679.97,937.0,-9999,-9999,59.7,13.3,84.0,-34.8,1.32,1.44,14.95,16.93,9.64
55888,198,34.6983511,-118.0627278,3421,3392.4,10668,8831.0,153.16,294.81,244.12,0.448,12.1,113.06,113.08,0.0,7.27,21.57,12.75,319.4,-18.8,24.2,28.2,678.94,936.9,-9999,-9999,59.7,13.1,84.0,-35.9,1.29,1.40,14.88,16.85,9.43
55889,198,34.6977956,-118.0611967,3433,3404.3,10705,8873.0,153.41,295.38,244.50,0.449,11.9,114.36,114.34,0.0,7.39,21.34,12.80,319.6,-19.0,24.3,28.2,677.96,937.0,-9999,-9999,59.7,12.8,84.0,-36.9,1.27,1.38,14.93,16.91,9.27
55890,198,34.6972118,-118.0596786,3445,3416.3,10742,8908.5,153.61,296.19,245.12,0.450,12.1,115.63,115.60,0.0,7.46,20.55,12.73,319.6,-19.6,24.3,28.4,676.98,937.3,-9999,-9999,59.7,12.9,84.0,-37.7,1.20,1.31,14.86,16.82,8.81
55891,198,34.6966007,-118.0581743,3457,3428.5,10779,8899.0,153.78,297.06,245.62,0.451,12.3,116.86,116.81,0.0,7.50,20.65,12.57,319.6,-20.1,24.2,28.6,676.01,936.9,-9999,-9999,59.7,12.6,84.0,-38.8,1.16,1.26,14.71,16.62,8.55
55892,198,34.6959629,-118.0566845,3469,3440.9,10815,8967.5,153.96,297.56,245.94,0.452,12.3,117.98,118.04,0.1,7.53,21.91,12.53,319.7,-20.2,24.2,28.8,675.06,937.3,-9999,-9999,59.7,11.6,84.0,-40.1,1.15,1.24,14.67,16.57,8.48
55893,198,34.6952967,-118.0552102,3481,3453.1,10852,9021.5,154.16,298.06,246.12,0.453,12.2,119.10,119.36,0.3,7.62,23.46,12.40,319.6,-20.4,24.1,29.1,674.08,937.0,-9999,-9999,59.7,10.4,84.1,-41.5,1.14,1.23,14.54,16.40,8.48
55894,198,34.6946004,-118.0537538,3493,3465.2,10889,9065.5,154.36,298.50,246.44,0.454,11.9,120.28,120.73,0.4,7.64,23.82,12.31,319.7,-19.8,24.1,29.5,673.11,937.0,-9999,-9999,59.7,9.8,84.1,-42.6,1.19,1.29,14.46,16.30,8.91
55895,198,34.6938750,-118.0523155,3505,3476.9,10927,9100.5,154.61,299.31,247.00,0.455,11.5,121.50,122.04,0.5,7.32,22.62,12.24,319.7,-20.3,24.1,29.8,672.11,937.1,-9999,-9999,59.6,10.6,84.1,-43.3,1.15,1.24,14.39,16.21,8.62
55896,198,34.6931226,-118.0508944,3517,3488.2,10964,9125.0,154.89,299.88,247.25,0.456,11.2,122.85,123.25,0.4,6.98,21.76,12.10,319.7,-20.4,24.0,30.2,671.14,937.1,-9999,-9999,59.6,11.1,84.1,-44.2,1.14,1.23,14.26,16.04,8.61
55897,198,34.6923444,-118.0494904,3528,3499.3,10998,9164.5,155.18,300.19,247.44,0.456,10.9,124.18,124.48,0.3,6.86,22.21,12.03,319.8,-20.5,23.9,30.4,670.25,937.3,-9999,-9999,59.6,10.7,84.1,-45.5,1.13,1.22,14.19,15.96,8.59
55898,198,34.6915396,-118.0481046,3539,3510.2,11031,9204.0,155.47,300.75,247.75,0.457,10.8,125.47,125.78,0.3,6.95,22.95,11.89,319.7,-20.5,23.8,30.6,669.38,937.0,-9999,-9999,59.6,9.8,84.1,-46.8,1.13,1.22,14.06,15.79,8.67
55899,198,34.6907063,-118.0467393,3549,3521.0,11065,9242.0,155.76,300.94,247.81,0.458,10.8,126.78,127.15,0.4,7.06,22.83,11.77,319.7,-20.4,23.7,30.6,668.49,937.2,-9999,-9999,59.6,9.6,84.1,-47.9,1.15,1.23,13.96,15.65,8.82
55900,198,34.6898448,-118.0453965,3561,3531.9,11098,9259.5,156.00,300.75,247.50,0.457,11.0,128.18,128.49,0.3,7.17,22.02,11.64,319.7,-20.2,23.6,30.7,667.63,937.2,-9999,-9999,59.6,9.9,84.1,-48.8,1.17,1.25,13.83,15.50,9.05
55901,198,34.6889572,-118.0440758,3572,3543.0,11132,9308.0,156.22,300.81,247.44,0.458,11.3,129.57,129.78,0.2,7.20,21.93,11.53,319.7,-20.5,23.5,30.7,666.74,937.1,-9999,-9999,59.6,9.7,84.1,-50.0,1.14,1.22,13.74,15.37,8.86
55902,198,34.6880443,-118.0427778,3583,3554.4,11166,9340.0,156.43,300.81,247.56,0.458,11.4,130.89,131.10,0.2,7.23,23.04,11.44,319.7,-20.7,23.4,30.7,665.86,936.9,-9999,-9999,59.6,8.7,84.1,-51.4,1.12,1.20,13.65,15.26,8.77
55903,198,34.6871046,-118.0415045,3595,3565.8,11200,9367.5,156.66,301.69,248.00,0.459,11.4,132.19,132.49,0.3,7.42,24.13,11.12,319.5,-20.6,23.1,30.7,664.97,937.2,-9999,-9999,59.6,7.5,84.1,-52.7,1.13,1.21,13.37,14.90,9.02
55904,198,34.6861377,-118.0402583,3606,3577.1,11235,9412.5,156.85,302.19,248.44,0.460,11.4,133.52,133.95,0.4,7.66,24.63,10.83,319.3,-21.2,22.9,30.6,664.06,937.3,-9999,-9999,59.6,6.8,84.1,-53.9,1.07,1.14,13.11,14.57,8.69
55905,198,34.6851429,-118.0390419,3617,3588.6,11271,9449.5,157.02,304.12,249.94,0.463,11.6,134.66,135.44,0.8,7.56,24.01,10.58,319.1,-20.7,22.8,30.6,663.12,937.2,-9999,-9999,59.6,7.1,84.1,-54.8,1.12,1.19,12.89,14.30,9.24
55906,198,34.6841219,-118.0378550,3629,3600.4,11307,9489.5,157.24,303.88,249.62,0.463,11.9,135.81,136.83,1.0,7.22,22.60,10.54,319.2,-20.4,22.7,30.5,662.19,937.2,-9999,-9999,59.6,8.2,84.1,-55.6,1.16,1.23,12.86,14.26,9.57
55907,198,34.6830775,-118.0366943,3640,3612.2,11342,9521.0,157.51,303.69,249.19,0.463,11.8,137.21,138.07,0.9,6.99,21.92,10.51,319.3,-19.8,22.7,30.4,661.28,937.1,-9999,-9999,59.6,8.8,84.1,-56.6,1.22,1.30,12.83,14.22,10.11
55908,198,34.6820111,-118.0355590,3652,3624.0,11377,9567.0,157.76,304.69,250.25,0.465,11.7,138.61,139.29,0.7,7.06,22.86,10.71,319.6,-19.3,23.0,30.3,660.38,936.9,-9999,-9999,59.6,7.8,84.1,-58.0,1.27,1.35,13.00,14.44,10.36
55909,198,34.6809228,-118.0344501,3664,3635.8,11412,9610.5,158.00,306.94,252.00,0.468,11.9,140.15,140.58,0.4,6.97,22.62,10.76,319.8,-19.7,23.2,30.1,659.47,937.1,-9999,-9999,59.6,7.9,84.1,-59.2,1.23,1.31,13.05,14.50,10.00
55910,198,34.6798125,-118.0333694,3676,3647.8,11450,9643.5,158.24,308.00,252.75,0.470,12.0,141.77,141.81,0.0,6.57,21.64,10.91,320.1,-20.2,23.5,29.9,658.49,937.3,-9999,-9999,59.6,8.7,84.1,-60.5,1.18,1.25,13.18,14.66,9.46
55911,198,34.6786821,-118.0323154,3688,3659.6,11487,9680.0,158.50,308.19,252.56,0.470,11.6,143.32,142.98,-0.3,6.36,22.34,11.10,320.5,-21.0,23.7,29.7,657.53,937.3,-9999,-9999,59.6,8.2,84.1,-62.0,1.10,1.16,13.35,14.87,8.70
55912,198,34.6775320,-118.0312887,3700,3671.0,11522,9711.5,158.77,308.12,252.31,0.470,11.2,144.76,144.25,-0.5,6.46,23.56,11.16,320.7,-22.1,23.7,29.5,656.63,937.3,-9999,-9999,59.6,6.9,84.1,-63.4,1.01,1.06,13.40,14.94,7.93
55913,198,34.6763606,-118.0302930,3711,3682.1,11556,9733.0,159.00,308.69,252.62,0.470,11.0,146.15,145.58,-0.6,6.65,22.20,11.12,320.7,-22.7,23.7,29.4,655.75,937.1,-9999,-9999,59.6,7.8,84.1,-64.4,0.96,1.01,13.37,14.90,7.53
55914,198,34.6751693,-118.0293281,3722,3693.1,11591,9772.5,159.18,309.44,253.00,0.472,11.1,147.51,146.78,-0.7,6.63,19.58,11.02,320.7,-23.7,23.7,29.3,654.85,937.3,-9999,-9999,59.6,10.1,84.1,-65.1,0.88,0.92,13.28,14.79,6.94
55915,198,34.6739615,-118.0283907,3734,3704.3,11626,9804.5,159.35,310.06,253.31,0.472,11.3,148.74,147.87,-0.9,6.55,18.39,10.88,320.7,-24.6,23.6,29.2,653.95,937.3,-9999,-9999,59.6,11.2,84.1,-66.0,0.81,0.85,13.15,14.63,6.47
55916,198,34.6727385,-118.0274794,3745,3715.7,11660,9844.0,159.52,310.75,253.81,0.474,11.4,149.77,148.91,-0.9,6.54,18.42,10.73,320.7,-25.4,23.5,29.1,653.08,937.1,-9999,-9999,59.6,11.1,84.1,-66.9,0.75,0.79,13.02,14.46,6.08
55917,198,34.6715011,-118.0265924,3756,3727.2,11695,9876.5,159.71,311.81,254.44,0.475,11.4,150.71,149.92,-0.8,6.57,18.19,10.49,320.5,-26.2,23.3,29.0,652.18,937.4,-9999,-9999,59.6,11.3,84.1,-67.7,0.70,0.73,12.82,14.20,5.70
55918,198,34.6702616,-118.0257404,3768,3738.5,11729,9912.5,159.89,312.69,255.12,0.477,11.4,151.62,150.91,-0.7,6.59,17.24,10.42,320.6,-27.1,23.3,29.0,651.31,937.5,-9999,-9999,59.6,12.1,84.1,-68.3,0.65,0.68,12.76,14.13,5.32
55919,198,34.6689833,-118.0248971,3779,3750.0,11764,9941.5,160.06,313.69,255.81,0.478,11.4,152.53,151.85,-0.7,6.57,15.96,10.29,320.5,-27.5,23.3,29.0,650.42,937.3,-9999,-9999,59.5,13.3,84.1,-68.9,0.62,0.65,12.64,13.98,5.16
55920,198,34.6677062,-118.0240847,3791,3761.6,11799,9981.0,160.21,314.12,256.12,0.479,11.8,153.45,152.71,-0.7,6.71,15.58,10.25,320.6,-28.4,23.3,29.1,649.52,937.3,-9999,-9999,59.5,13.7,84.1,-69.6,0.57,0.60,12.61,13.94,4.74
55921,198,34.6664183,-118.0232955,3803,3773.8,11834,10021.5,160.26,314.44,256.25,0.480,12.5,154.36,153.64,-0.7,7.16,17.11,10.27,320.8,-28.1,23.3,29.3,648.63,937.2,-9999,-9999,59.5,12.1,84.1,-70.6,0.59,0.62,12.63,13.96,4.88
55922,198,34.6651187,-118.0225337,3816,3786.6,11871,10063.0,160.29,314.81,256.44,0.480,13.1,155.20,154.67,-0.5,7.23,17.81,10.23,320.9,-28.5,23.3,29.5,647.69,937.3,-9999,-9999,59.5,11.4,84.1,-71.5,0.57,0.59,12.59,13.92,4.70
55923,198,34.6638211,-118.0218074,3829,3799.7,11911,10107.0,160.32,315.38,256.62,0.481,13.5,156.17,155.65,-0.5,7.21,17.35,10.14,320.9,-27.9,23.3,29.6,646.67,937.3,-9999,-9999,59.5,11.8,84.1,-72.2,0.60,0.63,12.52,13.82,5.00
