Data/Raw/YANG,MELISSA/FIREXAQ-MetNav_DC8_20190716_R0.ict
76, 1001
Project Office
NSRC - National Suborbital Research Center
N817NA Meteorological and Navigation Facility Instrumentation
FIREX-AQ/SARP
1,1
2019,07,16,2020,03,05
1
Time_Start, seconds (from midnight UTC)
35
1,1,1,1,1,1,1,1,1,1,1,1,1,1,1,1,1,1,1,1,1,1,1,1,1,1,1,1,1,1,1,1,1,1,1
-9999,-9999,-9999,-9999,-9999,-9999,-9999,-9999,-9999,-9999,-9999,-9999,-9999,-9999,-9999,-9999,-9999,-9999,-9999,-9999,-9999,-9999,-9999,-9999,-9999,-9999,-9999,-9999,-9999,-9999,-9999,-9999,-9999,-9999,-9999
Day_Of_Year, day, None, calendar day beginning January 1
Latitude, deg, Platform_Latitude_InSitu_None
Longitude, deg, Platform_Longitude_InSitu_None
MSL_GPS_Altitude, m, Platform_AltitudeMSL_InSitu_None
HAE_GPS_Altitude, m, Platform_AltitudeEllipsoid_InSitu_None, reference WGS-84
Pressure_Altitude, ft, Platform_AltitudePressure_InSitu_None
Radar_Altitude, ft, Platform_AltitudeAGL_InSitu_None
Ground_Speed, m/s, Platform_GroundSpeed_InSitu_None
True_Air_Speed, kts, Platform_AircraftTrueAirSpeed_InSitu_None
Indicated_Air_Speed, kts, Platform_AircraftIndicatedAirSpeed_InSitu_None
Mach_Number, mach, None
Vertical_Speed, m/s, None
True_Heading, deg 0-360, Platform_HeadingTrue_InSitu_None, cw from +y
Track_Angle, deg 0-360, Platform_TrackAngle_InSitu_None, cw from +y
Drift_Angle, deg +-180, Platform_DriftAngle_InSitu_None, cw from +y
Pitch_Angle, deg +-180, Platform_PitchAngle_InSitu_None, up+
Roll_Angle, deg +-180, Platform_RollAngle_InSitu_None, rt+
Static_Air_Temp, degrees Celcius, Met_StaticAirTemperature_InSitu_None
Potential_Temp, Kelvin, Met_PotentialTemperature_InSitu_None
Dew_Point, degrees Celcius, Met_DewPoint_InSitu_None
Total_Air_Temp, degrees Celcius, None
IR_Surf_Temp, degrees Celcius, Met_SufaceTemperature_InSitu_None
Static_Pressure, hPa, Met_StaticPressure_InSitu_None
Cabin_Pressure, hPa, None
Wind_Speed, m/s, Met_WindSpeed_InSitu_None, limited to where Roll_Angle does not exceed 5 degrees
Wind_Direction, deg 0-360 cw from +y, Met_WindDirection_InSitu_None, limited to where Roll_Angle does not exceed 5 degrees
Solar_Zenith_Angle, deg, Platform_SolarZenithAngle_InSitu_None
Aircraft_Sun_Elevation, deg, None
Sun_Azimuth, deg, Platform_SolarAzimuthAngle_InSitu_None
Aircraft_Sun_Azimuth, deg, None
Mixing_Ratio, g/kg, Met_H2OMR_InSitu_None
Part_Press_Water_Vapor, hPa, Met_PartialPressureH2O_InSitu_None
Sat_Vapor_Press_H2O, hPa, Met_SatVaporPressureH2OWater_InSitu_None
Sat_Vapor_Press_Ice, hPa, Met_SatVaporPressureH2OIce_InSitu_None
Relative_Humidity, percent, Met_RelativeHumidityWater_InSitu_None
0
27
PI_CONTACT_INFO: Melissa Yang Martin, m.yang@baeri.org 
Platform: NASA DC-8 N817NA
LOCATION: Included in data records
ASSOCIATED_DATA: This flight represents SARP Science Flight #1 out of Palmdale, CA. This flight includes a run over to Searles Valley post-earthquake, several missed approaches at San Joaquin Valley airfields and a TCCON spiral. See SARP archive on Langley archive at https://www-air.larc.nasa.gov/missions/sarp/index.html
INSTRUMENT_INFO: 
	Position, attitude, ground speed, and vertical speed from LN251
	Wind_Speed and Wind_Direction calculated from LN251, Aircraft Data System-85
	Radar_Altitude from APN-232
	Total_Air_Temperature from Rosemount 102 type non-deiced with Laurels LTE signal conditioner
	IR_Surface_Temp from KT-19.85II
[...]
ULOD_FLAG:-7777
ULOD_VALUE:366,90,180,N/A,N/A,57343,65000,N/A,600,510,0.99,104.04,360,360,180,180,180,60,N/A,90,99,200,N/A,1333.22,N/A,360,N/A,N/A,N/A,N/A,N/A,N/A,N/A,N/A,N/A
LLOD_FLAG:-8888
LLOD_VALUE:0,-90,-180,N/A,N/A,-1871,0,0,0,0,0,-104.04,0,0,-180,-180,-180,-99,N/A,-60,-60,-50,N/A,0.66,0,0,N/A,N/A,N/A,N/A,N/A,N/A,N/A,N/A,N/A
DM_CONTACT_INFO: Ryan Bennett, r.bennett@baeri.org
PROJECT_INFO: N/A
STIPULATIONS_ON_USE: Please contact DM or PI with questions before use.
OTHER_COMMENTS: Wind Speed and Wind Direction flagged where Roll_Angle exceeds 5 degrees.
REVISION: R0
R0: Public release data with limits of detection and instrument calibrations applied to Total_Air_Temp (follows through to reduction to Static_Air_Temp and calculation of Potential_Temp), and Cabin_Pressure.
RA: Preliminary field data with limits of detection applied.
Time_Start,Day_Of_Year,Latitude,Longitude,MSL_GPS_Altitude,HAE_GPS_Altitude,Pressure_Altitude,Radar_Altitude,Ground_Speed,True_Air_Speed,Indicated_Air_Speed,Mach_Number,Vertical_Speed,True_Heading,Track_Angle,Drift_Angle,Pitch_Angle,Roll_Angle,Static_Air_Temp,Potential_Temp,Dew_Point,Total_Air_Temp,IR_Surf_Temp,Static_Pressure,Cabin_Pressure,Wind_Speed,Wind_Direction,Solar_Zenith_Angle,Aircraft_Sun_Elevation,Sun_Azimuth,Aircraft_Sun_Azimuth,Mixing_Ratio,Part_Press_Water_Vapor,Sat_Vapor_Press_H2O,Sat_Vapor_Press_Ice,Relative_Humidity
[from data line 7576]
76492,197,36.5607825,-119.5305455,398,366.9,1334,979.5,114.42,224.44,213.31,0.332,0.5,332.83,334.07,1.2,3.35,-1.49,28.77,305.0,11.5,35.4,42.4,965.35,1033.1,2.7,266.1,21.5,70.2,-130.5,-94.3,8.97,13.72,39.91,52.59,34.39
76493,197,36.5617101,-119.5311061,399,367.3,1338,985.5,114.48,225.88,214.62,0.334,0.2,332.93,333.98,1.0,3.21,-0.95,28.83,305.1,11.1,35.6,41.8,965.21,1033.0,2.7,282.5,21.5,69.7,-130.5,-94.7,8.73,13.36,40.04,52.80,33.35
76494,197,36.5626376,-119.5316682,399,367.6,1341,991.0,114.59,226.12,214.81,0.334,0.3,332.91,333.93,1.0,2.94,-0.71,28.86,305.1,11.4,35.6,41.1,965.10,1033.1,2.7,283.7,21.5,69.4,-130.5,-95.3,8.92,13.64,40.12,52.92,34.00
76495,197,36.5635654,-119.5322314,399,367.6,1341,993.0,114.74,224.56,213.31,0.332,-0.2,332.88,333.88,1.0,2.66,-1.19,28.86,305.1,11.7,35.5,40.6,965.10,1033.2,2.2,264.7,21.5,69.8,-130.5,-96.2,9.05,13.84,40.11,52.90,34.51
76496,197,36.5644941,-119.5327966,399,367.2,1341,989.5,114.90,225.62,214.50,0.333,-0.7,332.90,333.80,0.9,2.53,-0.92,28.89,305.1,12.1,35.6,40.5,965.10,1033.2,2.2,276.0,21.5,69.6,-130.5,-96.5,9.34,14.28,40.19,53.02,35.52
76497,197,36.5654235,-119.5333647,398,366.5,1339,982.5,115.07,228.38,217.12,0.338,-1.1,332.97,333.72,0.7,2.54,-1.19,28.83,305.1,12.3,35.7,40.8,965.17,1032.8,2.9,301.2,21.5,69.8,-130.5,-96.6,9.44,14.43,40.04,52.79,36.04
76498,197,36.5663533,-119.5339348,397,365.1,1335,980.5,115.18,228.12,216.81,0.337,-1.7,333.05,333.67,0.6,2.77,-0.85,28.85,305.1,12.0,35.7,41.3,965.31,1032.8,2.5,303.3,21.5,69.5,-130.5,-96.0,9.24,14.13,40.09,52.86,35.24
76499,197,36.5672836,-119.5345065,395,363.4,1333,972.5,115.31,228.81,217.62,0.338,-1.5,333.12,333.62,0.5,2.99,-0.22,28.90,305.1,11.1,35.8,41.8,965.38,1033.1,2.6,310.3,21.5,68.9,-130.5,-95.3,8.70,13.31,40.22,53.07,33.10
76500,197,36.5682150,-119.5350783,394,361.8,1328,969.5,115.39,229.62,218.38,0.339,-1.7,333.29,333.69,0.4,3.01,0.74,28.85,305.0,10.4,35.8,42.1,965.56,1032.9,2.9,316.7,21.5,68.0,-130.5,-95.3,8.34,12.78,40.10,52.89,31.87
76501,197,36.5691478,-119.5356480,392,360.1,1322,962.0,115.47,229.19,217.94,0.339,-1.7,333.28,333.80,0.5,3.19,0.91,29.03,305.2,9.8,36.0,42.3,965.77,1033.3,2.7,309.7,21.5,67.8,-130.5,-94.8,7.98,12.24,40.50,53.50,30.21
76502,197,36.5700824,-119.5362164,391,358.4,1318,955.0,115.54,229.69,218.38,0.339,-1.5,333.28,333.89,0.6,3.53,0.16,28.95,305.1,9.8,35.9,42.4,965.91,1033.4,2.9,308.3,21.5,68.5,-130.5,-94.1,7.98,12.23,40.33,53.24,30.32
76503,197,36.5710173,-119.5367847,389,357.0,1314,950.5,115.54,229.12,217.88,0.339,-1.4,333.42,333.88,0.5,3.69,-0.53,28.93,305.1,9.4,35.9,42.1,966.05,1033.2,2.5,311.5,21.5,69.3,-130.5,-93.8,7.77,11.91,40.29,53.17,29.57
76504,197,36.5719518,-119.5373535,388,355.8,1309,949.5,115.55,228.31,217.00,0.337,-1.1,333.46,333.86,0.4,3.77,-0.38,28.89,305.0,9.4,35.8,41.6,966.23,1033.4,2.1,310.2,21.5,69.1,-130.5,-93.7,7.74,11.88,40.19,53.02,29.56
76505,197,36.5728863,-119.5379226,387,354.9,1305,941.5,115.55,227.62,216.31,0.336,-0.8,333.32,333.88,0.6,3.82,0.02,28.93,305.0,10.1,35.8,41.1,966.37,1033.4,1.9,297.3,21.5,68.8,-130.5,-93.4,8.14,12.49,40.28,53.16,31.00
76506,197,36.5738216,-119.5384903,386,354.3,1303,936.5,115.57,226.12,214.88,0.334,-0.5,333.10,333.95,0.8,4.00,0.14,28.87,305.0,10.9,35.6,40.6,966.44,1033.5,1.9,267.4,21.5,68.6,-130.5,-92.7,8.59,13.16,40.15,52.95,32.78
76507,197,36.5747576,-119.5390565,385,353.9,1301,939.0,115.54,225.62,214.44,0.333,-0.4,332.93,333.99,1.1,4.08,0.0,28.90,305.0,11.4,35.6,39.9,966.51,1033.4,2.2,257.4,21.5,68.7,-130.5,-92.4,8.90,13.63,40.21,53.06,33.90
76508,197,36.5756933,-119.5396222,385,353.5,1299,934.0,115.48,227.00,215.81,0.335,-0.4,332.95,333.98,1.0,4.19,-0.78,28.87,305.0,11.2,35.7,39.5,966.58,1033.2,2.5,275.3,21.5,69.5,-130.5,-92.1,8.76,13.42,40.13,52.93,33.43
76509,197,36.5766277,-119.5401890,385,353.1,1297,939.5,115.41,225.88,214.62,0.334,-0.3,332.94,333.88,0.9,4.35,-1.40,28.83,304.9,10.9,35.6,39.3,966.65,1033.2,2.1,265.8,21.5,70.1,-130.4,-91.6,8.60,13.19,40.06,52.81,32.92
76510,197,36.5775605,-119.5407579,385,352.9,1297,941.0,115.33,225.94,214.88,0.334,-0.2,332.87,333.76,0.9,4.42,-1.59,28.93,305.0,10.9,35.7,39.4,966.65,1033.5,2.0,269.8,21.5,70.3,-130.4,-91.3,8.61,13.21,40.27,53.15,32.79
76511,197,36.5784916,-119.5413289,385,352.9,1297,933.5,115.25,227.12,216.06,0.336,0.2,332.80,333.66,0.9,4.42,-0.99,28.86,305.0,11.1,35.7,39.8,966.65,1033.5,2.4,285.5,21.5,69.7,-130.4,-91.3,8.70,13.34,40.11,52.90,33.25
76512,197,36.5794218,-119.5419004,385,353.2,1297,927.0,115.17,228.94,217.94,0.338,0.6,332.67,333.62,1.0,4.46,-0.81,28.94,305.0,11.1,35.9,40.2,966.65,1033.6,3.2,296.6,21.5,69.5,-130.4,-91.1,8.68,13.30,40.31,53.21,33.00
76513,197,36.5803514,-119.5424718,386,353.9,1297,935.0,115.09,228.25,217.06,0.338,0.6,332.62,333.59,1.0,4.40,-1.44,28.87,305.0,10.8,35.8,40.8,966.65,1033.4,3.0,293.1,21.5,70.1,-130.4,-91.1,8.53,13.07,40.14,52.95,32.57
76514,197,36.5812799,-119.5430441,387,354.3,1298,936.5,115.04,227.44,216.19,0.336,0.3,332.56,333.50,0.9,4.36,-0.84,28.89,305.0,10.8,35.7,41.5,966.62,1033.3,2.7,288.9,21.5,69.5,-130.4,-91.2,8.51,13.04,40.18,53.00,32.45
76515,197,36.5822070,-119.5436186,387,354.6,1301,935.5,115.04,226.75,215.56,0.335,0.3,332.40,333.42,1.0,4.33,-0.96,28.93,305.0,11.0,35.7,42.6,966.51,1033.3,2.6,280.9,21.5,69.6,-130.4,-91.1,8.65,13.25,40.28,53.16,32.89
76516,197,36.5831342,-119.5441939,387,354.8,1302,934.5,115.07,226.31,215.12,0.334,0.0,332.43,333.39,1.0,4.20,-1.08,28.91,305.0,11.2,35.7,44.5,966.47,1033.3,2.4,278.0,21.5,69.8,-130.4,-91.4,8.74,13.39,40.23,53.08,33.29
76517,197,36.5840612,-119.5447707,387,354.9,1304,930.5,115.13,229.25,218.00,0.339,0.5,332.29,333.31,1.0,4.25,-0.51,28.83,304.9,10.9,35.8,46.3,966.40,1033.1,3.5,296.3,21.5,69.2,-130.4,-91.2,8.62,13.21,40.05,52.80,32.97
76518,197,36.5849882,-119.5453499,388,355.8,1307,933.0,115.25,228.12,216.81,0.337,1.2,332.17,333.24,1.1,4.01,-1.08,28.89,305.0,11.6,35.8,47.9,966.30,1033.2,3.0,286.8,21.6,69.7,-130.4,-91.7,9.02,13.81,40.20,53.04,34.36
76519,197,36.5859157,-119.5459304,389,357.0,1307,937.5,115.36,229.50,218.31,0.339,1.1,332.22,333.16,0.9,3.66,-1.12,28.91,305.0,11.8,35.9,48.9,966.30,1033.2,3.3,297.2,21.6,69.8,-130.4,-92.7,9.15,14.02,40.23,53.08,34.84
76520,197,36.5868435,-119.5465126,389,357.9,1308,939.5,115.47,230.62,219.56,0.341,0.6,332.03,333.15,1.1,3.56,0.01,28.89,305.0,11.8,35.9,48.8,966.26,1033.2,3.9,296.8,21.6,68.7,-130.4,-92.7,9.11,13.94,40.19,53.02,34.69
76521,197,36.5877726,-119.5470959,390,358.1,1309,944.5,115.63,229.94,218.69,0.340,-0.2,331.68,333.19,1.5,3.63,0.69,28.88,305.0,11.3,35.9,48.2,966.23,1033.3,4.1,283.2,21.6,67.9,-130.4,-92.2,8.83,13.52,40.17,52.99,33.67
76522,197,36.5887035,-119.5476786,389,357.9,1312,941.0,115.79,229.88,218.56,0.340,0.0,331.41,333.25,1.8,3.72,0.32,28.94,305.1,10.9,35.9,46.7,966.12,1033.2,4.5,275.6,21.6,68.2,-130.4,-91.7,8.60,13.17,40.30,53.18,32.68
76523,197,36.5896362,-119.5482608,389,357.9,1313,939.5,115.95,228.94,217.56,0.338,-0.3,331.39,333.24,1.8,3.28,-0.83,28.80,304.9,10.7,35.7,45.3,966.09,1033.2,4.2,268.1,21.6,69.3,-130.4,-92.7,8.50,13.02,39.98,52.70,32.57
76524,197,36.5905693,-119.5488458,389,357.2,1311,940.5,116.17,228.31,217.31,0.337,-1.0,331.36,333.13,1.8,2.99,-0.50,28.94,305.1,10.7,35.8,43.9,966.16,1033.2,3.8,261.9,21.6,69.0,-130.4,-93.5,8.50,13.02,40.30,53.19,32.31
76525,197,36.5915036,-119.5494344,388,356.1,1310,938.0,116.41,230.62,219.50,0.341,-1.3,331.27,333.05,1.8,3.05,-0.71,28.89,305.0,11.0,35.9,42.5,966.19,1033.2,4.3,273.6,21.6,69.2,-130.4,-93.2,8.64,13.23,40.19,53.02,32.92
76526,197,36.5924394,-119.5500254,387,354.8,1306,936.0,116.63,231.62,220.56,0.342,-1.4,331.38,332.96,1.6,3.38,-0.71,28.88,305.0,11.6,36.0,42.1,966.33,1033.3,4.1,280.1,21.6,69.3,-130.4,-92.5,9.03,13.83,40.16,52.98,34.44
76527,197,36.5933759,-119.5506190,386,353.7,1304,926.5,116.81,232.38,221.31,0.343,-0.7,331.42,332.89,1.5,3.59,-0.47,28.98,305.1,11.9,36.1,42.5,966.40,1033.2,4.1,284.1,21.6,69.0,-130.4,-92.0,9.20,14.09,40.40,53.34,34.88
76528,197,36.5943128,-119.5512149,385,353.2,1301,923.0,116.95,233.44,222.25,0.345,-0.3,331.20,332.83,1.6,3.59,-0.48,28.97,305.1,11.5,36.2,43.8,966.51,1033.2,4.6,285.0,21.6,69.0,-130.4,-91.8,8.94,13.70,40.37,53.30,33.93
76529,197,36.5952510,-119.5518122,384,353.0,1299,923.0,117.13,231.94,220.88,0.343,0.1,331.09,332.82,1.7,3.57,-0.31,29.16,305.3,11.3,36.3,45.0,966.58,1033.2,4.2,273.5,21.6,68.8,-130.3,-91.7,8.84,13.55,40.81,53.98,33.20
76530,197,36.5961908,-119.5524111,385,353.8,1301,928.5,117.35,232.88,221.62,0.344,1.5,330.83,332.77,1.9,3.64,-0.47,29.10,305.2,10.8,36.3,45.7,966.51,1033.4,4.7,273.2,21.6,69.0,-130.3,-91.3,8.56,13.13,40.68,53.78,32.27
76531,197,36.5971314,-119.5530125,386,355.1,1301,934.5,117.51,232.69,221.44,0.344,0.7,330.68,332.69,2.0,3.20,-0.13,29.02,305.1,10.9,36.2,45.7,966.51,1033.2,4.7,269.5,21.6,68.6,-130.3,-92.2,8.61,13.20,40.49,53.48,32.59
76532,197,36.5980725,-119.5536161,387,355.3,1302,940.0,117.66,233.69,222.44,0.345,-0.1,330.80,332.61,1.8,3.36,-0.34,28.91,305.0,10.9,36.1,44.9,966.47,1033.7,4.6,275.9,21.6,68.8,-130.3,-91.9,8.62,13.21,40.23,53.09,32.82
76533,197,36.5990145,-119.5542219,387,354.9,1303,931.5,117.80,235.19,224.06,0.348,-0.5,331.02,332.57,1.5,3.54,0.14,28.86,305.0,10.6,36.2,43.5,966.44,1033.2,4.5,286.5,21.6,68.4,-130.3,-91.6,8.43,12.93,40.12,52.92,32.22
76534,197,36.5999568,-119.5548291,386,354.5,1302,928.0,117.91,235.31,224.00,0.348,-0.5,331.19,332.54,1.3,3.54,0.69,28.86,305.0,10.6,36.2,42.1,966.47,1033.1,4.2,290.0,21.6,67.8,-130.3,-91.8,8.43,12.93,40.11,52.90,32.23
76535,197,36.6008906,-119.5554305,386,353.9,1301,923.0,118.05,235.12,223.88,0.347,-0.6,331.23,332.59,1.4,3.42,1.04,28.96,305.1,10.8,36.3,41.7,966.51,1033.4,4.1,287.6,21.6,67.5,-130.3,-92.1,8.54,13.09,40.36,53.28,32.44
76536,197,36.6018456,-119.5560432,385,353.3,1299,927.5,118.23,234.94,223.69,0.347,-0.4,331.45,332.67,1.2,3.43,0.91,28.88,305.0,10.6,36.2,42.1,966.58,1033.2,3.7,288.0,21.6,67.6,-130.3,-92.3,8.40,12.88,40.17,52.99,32.05
76537,197,36.6027932,-119.5566497,385,353.2,1298,920.5,118.43,233.69,222.12,0.345,0.0,331.55,332.73,1.2,3.44,1.27,28.81,304.9,10.2,36.0,43.5,966.62,1033.6,3.0,278.1,21.6,67.2,-130.3,-92.4,8.20,12.58,40.01,52.74,31.44
76538,197,36.6037427,-119.5572561,384,353.0,1297,916.0,118.59,233.00,221.56,0.344,-0.4,331.50,332.81,1.3,3.43,1.56,28.80,304.9,10.8,36.0,45.2,966.65,1033.7,3.0,267.2,21.6,67.0,-130.3,-92.4,8.56,13.12,39.99,52.71,32.80
76539,197,36.6046944,-119.5578611,384,352.6,1297,919.0,118.77,232.81,221.62,0.344,-0.4,331.55,332.90,1.3,3.59,1.10,28.91,305.0,11.7,36.1,47.1,966.65,1033.4,3.0,261.9,21.6,67.4,-130.3,-92.0,9.06,13.88,40.24,53.10,34.49
76540,197,36.6056480,-119.5584653,383,352.1,1295,922.0,118.90,234.56,223.44,0.347,-0.4,331.75,332.95,1.2,3.70,0.76,29.15,305.2,11.8,36.4,49.7,966.72,1033.2,3.1,277.6,21.6,67.8,-130.3,-91.9,9.14,14.00,40.79,53.94,34.32
76541,197,36.6066024,-119.5590702,383,351.9,1295,927.0,119.01,235.25,224.06,0.348,-0.2,331.98,332.95,1.0,3.76,0.97,29.01,305.1,10.9,36.3,51.6,966.72,1033.5,2.9,287.0,21.6,67.6,-130.3,-92.0,8.62,13.21,40.46,53.44,32.66
76542,197,36.6075578,-119.5596754,383,351.8,1295,920.0,119.13,235.00,223.75,0.347,0.1,332.18,333.00,0.8,3.70,1.43,28.93,305.0,9.6,36.2,53.2,966.72,1033.4,2.5,288.4,21.6,67.1,-130.3,-92.3,7.88,12.09,40.27,53.14,30.02
76543,197,36.6085152,-119.5602789,384,352.2,1294,920.0,119.22,235.81,224.62,0.349,0.8,332.38,333.09,0.7,4.36,0.93,28.92,305.0,9.9,36.3,54.7,966.76,1033.7,2.6,296.9,21.6,67.6,-130.3,-91.0,8.03,12.32,40.26,53.14,30.60
76544,197,36.6094735,-119.5608812,385,353.5,1295,918.5,119.17,234.94,223.62,0.347,1.9,332.62,333.13,0.5,5.44,0.70,28.88,305.0,10.7,36.2,55.2,966.72,1033.3,2.0,300.5,21.6,67.9,-130.3,-88.5,8.45,12.96,40.17,52.99,32.27
76545,197,36.6104312,-119.5614817,387,356.0,1301,935.0,118.99,233.50,222.19,0.345,3.0,332.78,333.22,0.4,5.97,1.44,28.87,305.0,11.4,36.1,54.9,966.51,1033.5,1.4,294.4,21.6,67.2,-130.3,-87.5,8.89,13.62,40.14,52.95,33.94
76546,197,36.6113875,-119.5620792,390,359.4,1310,943.5,118.74,233.25,221.94,0.345,3.6,332.68,333.36,0.7,5.72,1.67,28.84,305.0,11.8,36.0,53.2,966.19,1033.2,1.9,284.6,21.6,66.9,-130.3,-88.0,9.11,13.94,40.07,52.83,34.80
76547,197,36.6123436,-119.5626724,394,362.8,1318,954.0,118.61,232.44,221.06,0.343,3.1,332.49,333.46,1.0,5.18,0.90,28.79,305.0,11.7,35.9,51.0,965.91,1033.3,2.2,268.5,21.6,67.7,-130.3,-89.1,9.07,13.89,39.96,52.66,34.76
76548,197,36.6133002,-119.5632638,397,365.7,1326,964.5,118.53,232.69,221.38,0.344,2.8,332.39,333.52,1.1,5.19,1.01,28.77,305.0,11.6,35.9,48.1,965.63,1033.2,2.6,269.5,21.6,67.6,-130.3,-89.0,9.03,13.81,39.91,52.59,34.61
76549,197,36.6142564,-119.5638538,400,368.7,1337,976.5,118.44,232.88,221.56,0.344,3.3,332.45,333.60,1.1,5.15,1.37,28.80,305.0,11.4,36.0,44.5,965.24,1033.2,2.7,272.7,21.6,67.2,-130.2,-89.1,8.93,13.66,39.99,52.71,34.16
76550,197,36.6152122,-119.5644414,403,371.8,1346,977.0,118.36,233.38,221.81,0.345,2.9,332.47,333.66,1.2,4.73,1.14,28.68,304.9,11.0,35.9,42.0,964.93,1033.3,3.0,277.3,21.6,67.4,-130.2,-90.1,8.65,13.24,39.70,52.28,33.35
76551,197,36.6161682,-119.5650276,405,374.3,1354,988.0,118.34,232.81,221.31,0.344,2.0,332.58,333.72,1.1,4.56,0.86,28.81,305.1,10.7,36.0,40.0,964.64,1033.2,2.8,274.3,21.6,67.7,-130.2,-90.6,8.47,12.95,40.00,52.73,32.38
76552,197,36.6171247,-119.5656131,407,376.0,1362,991.0,118.38,231.25,220.25,0.342,1.5,332.57,333.77,1.2,4.41,1.60,28.76,305.1,10.3,35.8,38.5,964.36,1032.8,2.6,256.4,21.6,67.0,-130.2,-91.0,8.28,12.66,39.88,52.55,31.75
76553,197,36.6180823,-119.5661968,409,377.5,1368,1000.0,118.42,232.88,221.44,0.344,1.3,332.54,333.93,1.4,4.01,1.44,28.71,305.0,10.3,35.9,38.1,964.15,1032.8,3.2,268.7,21.6,67.1,-130.2,-91.8,8.30,12.70,39.76,52.37,31.93
76554,197,36.6190420,-119.5667773,410,378.6,1374,1004.0,118.57,232.12,220.56,0.343,1.2,332.27,334.07,1.8,3.69,1.99,28.70,305.0,11.1,35.8,38.2,963.94,1032.8,3.8,255.9,21.7,66.6,-130.2,-92.5,8.74,13.36,39.75,52.35,33.59
76555,197,36.6200045,-119.5673557,412,379.9,1378,1004.0,118.77,232.88,221.25,0.344,1.1,332.10,334.22,2.1,3.26,1.70,28.61,305.0,11.2,35.8,38.5,963.80,1033.0,4.5,256.3,21.7,66.8,-130.2,-93.2,8.80,13.45,39.54,52.02,34.03
76556,197,36.6209698,-119.5679320,412,380.5,1380,1013.0,119.00,232.94,221.44,0.344,0.2,332.06,334.34,2.3,2.91,1.40,28.75,305.1,11.1,35.9,38.6,963.73,1032.9,4.8,253.2,21.7,67.0,-130.2,-94.1,8.74,13.36,39.86,52.52,33.50
76557,197,36.6219376,-119.5685084,413,380.7,1382,1012.5,119.26,235.50,224.12,0.348,0.2,331.99,334.37,2.4,2.95,0.84,28.74,305.1,10.8,36.1,38.5,963.66,1032.8,5.4,263.8,21.7,67.6,-130.2,-93.9,8.53,13.04,39.84,52.48,32.73
76558,197,36.6229071,-119.5690865,413,380.9,1384,1013.5,119.51,236.50,225.00,0.350,0.2,332.07,334.33,2.3,2.80,0.31,28.68,305.1,11.4,36.1,38.0,963.59,1032.7,5.2,267.6,21.7,68.1,-130.2,-94.4,8.90,13.60,39.71,52.28,34.24
76559,197,36.6238782,-119.5696668,413,381.0,1384,1011.0,119.79,235.25,223.56,0.348,0.2,332.31,334.25,1.9,2.55,-0.28,28.66,305.0,12.2,36.0,37.4,963.59,1032.8,4.3,260.1,21.7,68.7,-130.2,-95.3,9.43,14.39,39.66,52.21,36.29
76560,197,36.6248513,-119.5702499,413,381.0,1384,1011.0,120.12,234.75,223.31,0.347,-0.3,332.48,334.21,1.7,2.20,0.46,28.79,305.2,12.9,36.1,36.8,963.59,1032.8,3.7,253.5,21.7,68.0,-130.2,-96.3,9.86,15.04,39.95,52.66,37.64
76561,197,36.6258273,-119.5708352,412,380.5,1383,1011.5,120.46,237.62,226.44,0.351,-0.6,332.41,334.23,1.8,2.22,0.67,28.90,305.3,12.6,36.4,36.5,963.62,1032.8,4.2,268.2,21.7,67.7,-130.2,-96.2,9.65,14.72,40.22,53.06,36.59
76562,197,36.6268063,-119.5714223,412,380.3,1383,1008.5,120.83,238.06,226.56,0.352,-0.1,332.34,334.17,1.8,2.35,-0.36,28.88,305.2,11.3,36.4,36.8,963.62,1032.6,4.2,266.1,21.7,68.7,-130.2,-95.9,8.85,13.52,40.16,52.97,33.66
76563,197,36.6277876,-119.5720117,412,380.2,1382,1005.5,121.15,239.75,228.38,0.354,0.0,332.79,334.11,1.3,2.09,0.00,28.87,305.2,10.9,36.5,37.5,963.66,1032.7,3.6,281.3,21.7,68.4,-130.2,-96.8,8.62,13.17,40.15,52.96,32.80
76564,197,36.6287705,-119.5726041,412,379.9,1379,1006.0,121.45,239.38,227.81,0.354,-0.6,332.94,334.11,1.2,2.01,1.10,28.90,305.3,10.5,36.5,39.0,963.76,1032.8,3.0,277.6,21.7,67.2,-130.2,-97.0,8.39,12.82,40.21,53.06,31.89
