Data/Raw/YANG,MELISSA/FIREXAQ-MetNav_DC8_20190819_R0.ict
76, 1001
Project Office
NSRC - National Suborbital Research Center
N817NA Meteorological and Navigation Facility Instrumentation
FIREX-AQ
1,1
2019,08,19,2020,02,28
1
Time_Start, seconds (from midnight UTC)
35
1,1,1,1,1,1,1,1,1,1,1,1,1,1,1,1,1,1,1,1,1,1,1,1,1,1,1,1,1,1,1,1,1,1,1
-9999,-9999,-9999,-9999,-9999,-9999,-9999,-9999,-9999,-9999,-9999,-9999,-9999,-9999,-9999,-9999,-9999,-9999,-9999,-9999,-9999,-9999,-9999,-9999,-9999,-9999,-9999,-9999,-9999,-9999,-9999,-9999,-9999,-9999,-9999
Day_Of_Year, day, None, calendar day beginning January 1
Latitude, deg, Platform_Latitude_InSitu_None
Longitude, deg, Platform_Longitude_InSitu_None
MSL_GPS_Altitude, m, Platform_AltitudeMSL_InSitu_None
HAE_GPS_Altitude, m, Platform_AltitudeEllipsoid_InSitu_None, reference WGS-84
Pressure_Altitude, ft, Platform_AltitudePressure_InSitu_None
Radar_Altitude, ft, Platform_AltitudeAGL_InSitu_None
Ground_Speed, m/s, Platform_GroundSpeed_InSitu_None
True_Air_Speed, kts, Platform_AircraftTrueAirSpeed_InSitu_None
Indicated_Air_Speed, kts, Platform_AircraftIndicatedAirSpeed_InSitu_None
Mach_Number, mach, None
Vertical_Speed, m/s, None
True_Heading, deg 0-360, Platform_HeadingTrue_InSitu_None, cw from +y
Track_Angle, deg 0-360, Platform_TrackAngle_InSitu_None, cw from +y
Drift_Angle, deg +-180, Platform_DriftAngle_InSitu_None, cw from +y
Pitch_Angle, deg +-180, Platform_PitchAngle_InSitu_None, up+
Roll_Angle, deg +-180, Platform_RollAngle_InSitu_None, rt+
Static_Air_Temp, degrees Celcius, Met_StaticAirTemperature_InSitu_None
Potential_Temp, Kelvin, Met_PotentialTemperature_InSitu_None
Dew_Point, degrees Celcius, Met_DewPoint_InSitu_None
Total_Air_Temp, degrees Celcius, None
IR_Surf_Temp, degrees Celcius, Met_SufaceTemperature_InSitu_None
Static_Pressure, hPa, Met_StaticPressure_InSitu_None
Cabin_Pressure, hPa, None
Wind_Speed, m/s, Met_WindSpeed_InSitu_None, limited to where Roll_Angle does not exceed 5 degrees
Wind_Direction, deg 0-360 cw from +y, Met_WindDirection_InSitu_None, limited to where Roll_Angle does not exceed 5 degrees
Solar_Zenith_Angle, deg, Platform_SolarZenithAngle_InSitu_None
Aircraft_Sun_Elevation, deg, None
Sun_Azimuth, deg, Platform_SolarAzimuthAngle_InSitu_None
Aircraft_Sun_Azimuth, deg, None
Mixing_Ratio, g/kg, Met_H2OMR_InSitu_None
Part_Press_Water_Vapor, hPa, Met_PartialPressureH2O_InSitu_None
Sat_Vapor_Press_H2O, hPa, Met_SatVaporPressureH2OWater_InSitu_None
Sat_Vapor_Press_Ice, hPa, Met_SatVaporPressureH2OIce_InSitu_None
Relative_Humidity, percent, Met_RelativeHumidityWater_InSitu_None
0
27
PI_CONTACT_INFO: Melissa Yang Martin, m.yang@baeri.org 
Platform: NASA DC-8 N817NA
LOCATION: Included in data records
ASSOCIATED_DATA: This flight represents FIREX-AQ Transit Flight from Boise, ID. to Salina, KS. See FIREX-AQ archive on Langley archive at https://www-air.larc.nasa.gov/missions/firex-aq/index.html
INSTRUMENT_INFO: 
	Position, attitude, ground speed, and vertical speed from LN251
	Wind_Speed and Wind_Direction calculated from LN251, Aircraft Data System-85
	Radar_Altitude from APN-232
	Total_Air_Temperature from Rosemount 102 type non-deiced with Laurels LTE signal conditioner
	IR_Surface_Temp from KT-19.85II
        Cabin_Pressure from MKS Baratron 220D
	Dew_Point and calculated water vapor parameters from Buck Hygrometer 1011-C
[...]
LLOD_FLAG:-8888
LLOD_VALUE:0,-90,-180,N/A,N/A,-1871,0,0,0,0,0,-104.04,0,0,-180,-180,-180,-99,N/A,-60,-60,-50,N/A,0.66,0,0,N/A,N/A,N/A,N/A,N/A,N/A,N/A,N/A,N/A
DM_CONTACT_INFO: Ryan Bennett, r.bennett@baeri.org
PROJECT_INFO: N/A
STIPULATIONS_ON_USE: Please contact PI or DM with questions on best use practices and instrumentation caveats that are not explicitly published here.
OTHER_COMMENTS: Wind Speed and Wind Direction flagged where Roll_Angle exceeds 5 degrees. Few segments of Dew_Point and associated water vapor calculations may be flagged due to instrument dew point overshoots on aircraft descent due to condensation within the probe. Potential_Temp derived from Static_Air_Temp and Static_Pressure.
REVISION: R0
R0: R0: Public release data with limits of detection and instrument calibrations applied to Total_Air_Temp (follows through to reduction to Static_Air_Temp and calculation of Potential_Temp), and Cabin_Pressure.
RA: Preliminary field data with limits of detection applied.
Time_Start,Day_Of_Year,Latitude,Longitude,MSL_GPS_Altitude,HAE_GPS_Altitude,Pressure_Altitude,Radar_Altitude,Ground_Speed,True_Air_Speed,Indicated_Air_Speed,Mach_Number,Vertical_Speed,True_Heading,Track_Angle,Drift_Angle,Pitch_Angle,Roll_Angle,Static_Air_Temp,Potential_Temp,Dew_Point,Total_Air_Temp,IR_Surf_Temp,Static_Pressure,Cabin_Pressure,Wind_Speed,Wind_Direction,Solar_Zenith_Angle,Aircraft_Sun_Elevation,Sun_Azimuth,Aircraft_Sun_Azimuth,Mixing_Ratio,Part_Press_Water_Vapor,Sat_Vapor_Press_H2O,Sat_Vapor_Press_Ice,Relative_Humidity
[from data line 1956]
66305,231,42.8008085,-111.1538667,11224,11206.9,34990,28884.5,265.39,469.19,271.19,0.800,0.2,108.66,105.66,-3.0,1.12,0.20,-46.70,341.2,-8888,-17.7,24.8,238.53,826.5,27.4,258.2,33.2,56.3,150.4,40.8,-9999,-9999,0.09,0.06,-9999
66306,231,42.8001576,-111.1507160,11224,11207.0,34990,28861.5,265.45,469.25,271.25,0.800,0.2,108.64,105.66,-3.0,1.12,0.28,-46.72,341.2,-8888,-17.7,24.7,238.53,826.2,27.4,258.4,33.2,56.3,150.4,40.8,-9999,-9999,0.09,0.06,-9999
66307,231,42.7995124,-111.1475974,11224,11207.1,34990,28958.0,265.39,469.19,271.25,0.800,0.0,108.64,105.66,-3.0,1.11,0.29,-46.72,341.2,-8888,-17.7,24.8,238.53,826.4,27.4,258.4,33.2,56.3,150.4,40.9,-9999,-9999,0.09,0.06,-9999
66308,231,42.7988673,-111.1444788,11225,11207.3,34989,29004.5,265.45,469.31,271.31,0.800,0.0,108.64,105.67,-3.0,1.11,0.23,-46.74,341.1,-8888,-17.7,25.2,238.55,826.1,27.4,258.5,33.2,56.2,150.5,40.9,-9999,-9999,0.09,0.06,-9999
66309,231,42.7982221,-111.1413602,11225,11207.5,34990,29005.0,265.39,469.50,271.44,0.800,0.0,108.62,105.69,-2.9,1.12,0.21,-46.75,341.1,-8888,-17.7,25.6,238.53,826.4,27.1,258.6,33.2,56.3,150.5,40.9,-9999,-9999,0.09,0.06,-9999
66310,231,42.7975764,-111.1382416,11225,11207.7,34990,29030.0,265.39,469.31,271.31,0.800,0.0,108.57,105.69,-2.9,1.10,0.27,-46.73,341.1,-8888,-17.7,25.8,238.53,826.3,27.1,259.1,33.2,56.3,150.5,41.0,-9999,-9999,0.09,0.06,-9999
66311,231,42.7969301,-111.1351235,11225,11207.9,34990,28984.0,265.32,469.31,271.38,0.800,0.0,108.55,105.70,-2.9,1.10,0.21,-46.78,341.1,-8888,-17.8,25.8,238.53,826.3,27.0,259.3,33.2,56.2,150.5,41.2,-9999,-9999,0.09,0.06,-9999
66312,231,42.7962844,-111.1320061,11226,11208.2,34990,29055.5,265.32,469.31,271.38,0.800,0.0,108.53,105.70,-2.8,1.11,0.12,-46.78,341.1,-8888,-17.8,25.4,238.53,826.5,27.0,259.5,33.1,56.2,150.5,41.2,-9999,-9999,0.09,0.06,-9999
66313,231,42.7956381,-111.1288886,11226,11208.5,34991,28942.5,265.39,469.31,271.38,0.800,0.1,108.51,105.72,-2.8,1.08,0.10,-46.78,341.1,-8888,-17.8,25.0,238.52,826.2,26.9,259.9,33.1,56.2,150.5,41.3,-9999,-9999,0.09,0.06,-9999
66314,231,42.7949924,-111.1257706,11227,11208.7,34992,29068.0,265.32,469.19,271.25,0.800,0.1,108.48,105.70,-2.8,1.05,0.09,-46.81,341.0,-8888,-17.8,24.2,238.51,826.6,26.9,259.9,33.1,56.2,150.5,41.4,-9999,-9999,0.09,0.06,-9999
66315,231,42.7943529,-111.1226840,11227,11208.9,34993,29234.0,265.32,469.06,271.12,0.800,0.2,108.47,105.71,-2.8,1.04,0.02,-46.79,341.1,-8888,-17.8,23.7,238.50,826.1,26.9,260.2,33.1,56.2,150.5,41.5,-9999,-9999,0.09,0.06,-9999
66316,231,42.7937009,-111.1195351,11227,11209.0,34995,29265.0,265.32,469.00,271.12,0.800,0.2,108.46,105.70,-2.8,1.02,0.04,-46.79,341.1,-8888,-17.8,23.2,238.48,826.5,27.0,260.2,33.1,56.2,150.5,41.6,-9999,-9999,0.09,0.06,-9999
66317,231,42.7930552,-111.1164170,11228,11209.1,34996,29348.0,265.32,469.00,271.12,0.799,0.4,108.45,105.70,-2.8,1.01,0.05,-46.78,341.1,-8888,-17.8,22.9,238.47,826.4,26.9,260.3,33.1,56.2,150.6,41.6,-9999,-9999,0.09,0.06,-9999
66318,231,42.7924100,-111.1132990,11228,11209.2,34996,29523.0,265.32,469.00,271.12,0.800,0.2,108.43,105.70,-2.7,0.98,0.01,-46.84,341.0,-8888,-17.9,22.7,238.47,826.6,26.9,260.5,33.1,56.3,150.6,41.6,-9999,-9999,0.09,0.06,-9999
66319,231,42.7917712,-111.1102119,11228,11209.2,34995,29614.0,265.39,469.00,271.12,0.800,0.1,108.41,105.69,-2.7,0.97,0.02,-46.84,341.0,-8888,-17.9,22.6,238.48,826.4,26.9,260.5,33.1,56.3,150.6,41.6,-9999,-9999,0.09,0.06,-9999
66320,231,42.7911192,-111.1070618,11227,11209.2,34995,29703.0,265.39,469.00,271.19,0.800,0.0,108.39,105.69,-2.7,0.97,0.05,-46.84,341.0,-8888,-17.9,22.6,238.48,826.1,26.9,260.7,33.1,56.3,150.6,41.6,-9999,-9999,0.09,0.06,-9999
66321,231,42.7904740,-111.1039432,11227,11209.2,34995,29813.0,265.39,469.06,271.19,0.800,0.0,108.36,105.69,-2.7,0.96,0.04,-46.90,340.9,-8888,-17.9,22.5,238.48,826.4,26.8,260.9,33.1,56.3,150.6,41.7,-9999,-9999,0.09,0.06,-9999
66322,231,42.7898352,-111.1008555,11227,11209.2,34995,29893.5,265.39,469.06,271.25,0.800,0.0,108.33,105.69,-2.7,0.95,0.01,-46.90,340.9,-8888,-17.9,22.6,238.48,826.4,26.8,261.1,33.1,56.3,150.6,41.8,-9999,-9999,0.09,0.06,-9999
66323,231,42.7891831,-111.0977048,11227,11209.1,34995,30060.0,265.45,469.06,271.19,0.800,0.0,108.31,105.69,-2.6,0.95,0.01,-46.90,340.9,-60.0,-17.9,22.9,238.48,826.5,26.8,261.3,33.1,56.3,150.6,41.8,0.05,0.02,0.09,0.06,21.38
66324,231,42.7885380,-111.0945850,11227,11209.0,34995,30151.5,265.45,469.06,271.25,0.800,0.0,108.30,105.69,-2.6,0.94,0.05,-46.94,340.8,-60.0,-18.0,23.6,238.48,826.5,26.8,261.4,33.1,56.4,150.6,41.7,0.05,0.02,0.09,0.06,21.53
66325,231,42.7878928,-111.0914659,11227,11208.9,34995,30231.5,265.45,469.00,271.19,0.800,0.0,108.28,105.69,-2.6,0.92,0.16,-46.94,340.8,-60.0,-18.0,24.7,238.48,826.5,26.8,261.6,33.1,56.4,150.7,41.7,0.05,0.02,0.09,0.06,21.59
66326,231,42.7872477,-111.0883455,11227,11208.7,34994,30359.5,265.52,468.75,271.06,0.799,-0.1,108.28,105.68,-2.6,0.92,0.20,-46.91,340.9,-59.9,-18.0,26.4,238.49,826.3,26.9,261.7,33.1,56.4,150.7,41.7,0.05,0.02,0.09,0.06,21.57
66327,231,42.7866083,-111.0852567,11226,11208.5,34994,30439.0,265.45,468.75,271.06,0.799,-0.1,108.28,105.68,-2.6,0.93,0.19,-46.91,340.9,-59.9,-18.0,28.0,238.49,826.2,26.9,261.7,33.1,56.5,150.7,41.7,0.05,0.02,0.09,0.06,21.63
66328,231,42.7859562,-111.0821054,11226,11208.2,34994,30458.0,265.52,468.75,271.06,0.799,0.0,108.28,105.68,-2.6,0.93,0.21,-46.91,340.9,-59.9,-18.0,29.4,238.49,826.2,26.9,261.7,33.1,56.5,150.7,41.7,0.05,0.02,0.09,0.06,21.69
66329,231,42.7853168,-111.0790161,11226,11208.0,34993,30504.0,265.58,468.75,271.06,0.799,0.0,108.28,105.69,-2.6,0.93,0.24,-46.91,340.9,-59.9,-18.0,30.9,238.50,826.5,27.0,261.9,33.1,56.5,150.7,41.7,0.05,0.02,0.09,0.06,21.76
66330,231,42.7846642,-111.0758642,11226,11207.7,34993,30498.5,265.58,468.75,271.06,0.799,-0.2,108.28,105.69,-2.6,0.93,0.24,-46.91,340.9,-59.8,-18.0,31.7,238.50,826.5,27.0,261.8,33.1,56.5,150.7,41.7,0.05,0.02,0.09,0.06,21.83
66331,231,42.7840179,-111.0727433,11225,11207.3,34991,30471.0,265.58,468.69,271.06,0.799,-0.2,108.30,105.70,-2.6,0.94,0.23,-46.91,340.9,-59.8,-18.0,32.2,238.52,826.4,27.0,261.8,33.1,56.5,150.7,41.6,0.05,0.02,0.09,0.06,21.89
66332,231,42.7833716,-111.0696224,11225,11207.0,34990,30468.0,265.58,468.81,271.12,0.799,-0.2,108.33,105.70,-2.6,0.95,0.25,-46.92,340.9,-59.8,-18.0,32.3,238.53,826.3,27.0,261.6,33.1,56.5,150.7,41.6,0.05,0.02,0.09,0.06,21.98
66333,231,42.7827311,-111.0665324,11225,11206.6,34989,30449.5,265.58,468.81,271.12,0.799,-0.2,108.33,105.70,-2.6,0.95,0.32,-46.92,340.9,-59.8,-18.0,32.0,238.55,826.3,27.0,261.6,33.1,56.5,150.7,41.5,0.05,0.02,0.09,0.06,22.05
66334,231,42.7820779,-111.0633800,11225,11206.2,34988,30392.0,265.65,468.81,271.12,0.799,-0.2,108.32,105.72,-2.6,0.97,0.36,-46.92,340.9,-59.7,-18.0,31.6,238.56,826.4,27.0,261.8,33.1,56.5,150.8,41.5,0.05,0.02,0.09,0.06,22.11
66335,231,42.7814299,-111.0602591,11224,11205.8,34987,30359.0,265.65,468.69,271.06,0.799,-0.3,108.34,105.72,-2.6,0.98,0.33,-46.90,340.9,-59.7,-18.0,30.9,238.57,826.3,27.1,261.7,33.1,56.5,150.8,41.6,0.05,0.02,0.09,0.06,22.14
66336,231,42.7807887,-111.0571686,11224,11205.5,34986,30215.0,265.71,468.62,271.06,0.799,-0.2,108.38,105.73,-2.6,0.99,0.27,-46.89,340.9,-59.7,-18.0,30.4,238.58,826.6,27.3,261.6,33.1,56.5,150.8,41.5,0.05,0.02,0.09,0.06,22.18
66337,231,42.7801344,-111.0540162,11224,11205.1,34985,30131.0,265.71,468.62,271.06,0.799,-0.3,108.39,105.73,-2.6,1.01,0.28,-46.89,340.9,-59.7,-18.0,30.0,238.59,826.3,27.3,261.5,33.1,56.5,150.8,41.5,0.05,0.02,0.09,0.06,22.25
66338,231,42.7794864,-111.0508953,11223,11204.7,34984,30085.5,265.71,468.62,271.06,0.799,-0.3,108.39,105.74,-2.6,1.02,0.29,-46.89,340.9,-59.6,-18.0,29.6,238.60,826.6,27.3,261.6,33.1,56.4,150.8,41.5,0.05,0.02,0.09,0.06,22.31
66339,231,42.7788378,-111.0477744,11223,11204.3,34982,30028.5,265.71,468.50,271.00,0.799,-0.3,108.40,105.74,-2.6,1.04,0.24,-46.89,340.9,-59.6,-18.0,29.4,238.62,826.6,27.3,261.7,33.1,56.4,150.8,41.6,0.05,0.02,0.09,0.06,22.35
66340,231,42.7781892,-111.0446535,11222,11204.0,34981,29936.0,265.71,468.56,271.06,0.799,-0.4,108.41,105.74,-2.7,1.06,0.18,-46.89,340.9,-59.6,-18.0,29.1,238.64,826.5,27.3,261.5,33.1,56.3,150.8,41.6,0.05,0.02,0.09,0.06,22.44
66341,231,42.7775412,-111.0415320,11222,11203.7,34979,29887.5,265.71,468.44,270.94,0.799,-0.4,108.43,105.75,-2.7,1.08,0.14,-46.88,340.9,-59.6,-18.0,29.0,238.66,826.3,27.4,261.5,33.1,56.3,150.8,41.6,0.05,0.02,0.09,0.06,22.47
66342,231,42.7768989,-111.0384426,11222,11203.4,34979,29909.0,265.71,468.44,270.94,0.799,-0.2,108.45,105.75,-2.7,1.09,0.13,-46.87,340.9,-59.6,-18.0,29.1,238.66,826.2,27.4,261.4,33.1,56.3,150.8,41.6,0.05,0.02,0.09,0.06,22.51
66343,231,42.7762440,-111.0352902,11222,11203.2,34978,29868.5,265.71,468.44,270.94,0.799,-0.2,108.46,105.75,-2.7,1.11,0.15,-46.87,340.9,-59.5,-18.0,29.5,238.67,826.7,27.5,261.3,33.1,56.3,150.9,41.5,0.05,0.02,0.09,0.06,22.58
66344,231,42.7755949,-111.0321699,11221,11203.0,34977,29865.5,265.71,468.38,270.94,0.799,-0.2,108.48,105.75,-2.7,1.13,0.17,-46.82,340.9,-59.5,-17.9,30.1,238.68,826.6,27.5,261.2,33.0,56.3,150.9,41.5,0.05,0.02,0.09,0.06,22.54
66345,231,42.7749463,-111.0290490,11221,11202.8,34976,29980.0,265.71,468.31,270.88,0.799,-0.2,108.51,105.76,-2.7,1.15,0.15,-46.82,340.9,-59.5,-17.9,30.7,238.69,826.3,27.6,261.0,33.0,56.3,150.9,41.5,0.05,0.02,0.09,0.06,22.60
66346,231,42.7742977,-111.0259292,11221,11202.7,34975,30026.5,265.71,468.31,270.88,0.799,-0.2,108.54,105.75,-2.8,1.18,0.11,-46.76,341.0,-59.5,-17.9,31.1,238.70,826.5,27.7,260.7,33.0,56.2,150.9,41.5,0.05,0.02,0.09,0.06,22.53
66347,231,42.7736491,-111.0228089,11221,11202.7,34975,30169.0,265.71,468.25,270.81,0.798,-0.2,108.59,105.76,-2.8,1.19,0.07,-46.71,341.1,-59.4,-17.8,31.4,238.70,826.4,27.8,260.4,33.0,56.2,150.9,41.5,0.06,0.02,0.09,0.06,22.47
66348,231,42.7730011,-111.0196891,11221,11202.8,34976,30368.0,265.65,468.19,270.75,0.798,0.0,108.62,105.76,-2.8,1.20,0.05,-46.70,341.1,-59.4,-17.8,31.6,238.69,826.3,27.8,260.2,33.0,56.3,150.9,41.4,0.06,0.02,0.09,0.06,22.51
66349,231,42.7723525,-111.0165694,11220,11202.8,34976,30526.5,265.65,468.12,270.75,0.798,0.0,108.62,105.76,-2.9,1.20,0.13,-46.74,341.1,-59.4,-17.9,31.7,238.69,826.6,27.8,260.2,33.0,56.3,150.9,41.4,0.06,0.02,0.09,0.06,22.66
66350,231,42.7717039,-111.0134502,11221,11202.9,34975,30613.5,265.65,468.06,270.69,0.798,0.0,108.62,105.76,-2.9,1.21,0.16,-46.69,341.1,-59.4,-17.8,32.1,238.70,826.7,27.9,260.3,33.0,56.2,150.9,41.4,0.06,0.02,0.09,0.06,22.58
66351,231,42.7710553,-111.0103310,11221,11203.0,34976,30621.5,265.58,468.12,270.69,0.798,0.0,108.63,105.77,-2.8,1.23,0.12,-46.65,341.2,-59.4,-17.8,32.5,238.69,826.5,27.8,260.1,33.0,56.2,151.0,41.5,0.06,0.02,0.09,0.06,22.54
66352,231,42.7704073,-111.0072124,11221,11203.1,34976,30643.5,265.58,468.12,270.69,0.798,0.0,108.63,105.77,-2.9,1.24,0.08,-46.64,341.2,-59.3,-17.8,32.9,238.69,826.5,27.8,260.1,33.0,56.2,151.0,41.5,0.06,0.02,0.09,0.06,22.56
66353,231,42.7697593,-111.0040938,11221,11203.2,34976,30682.0,265.58,468.12,270.69,0.798,0.0,108.62,105.77,-2.9,1.24,0.07,-46.64,341.2,-59.3,-17.8,33.6,238.69,826.6,27.8,260.2,33.0,56.2,151.0,41.5,0.06,0.02,0.09,0.06,22.60
66354,231,42.7691113,-111.0009758,11222,11203.4,34976,30646.5,265.58,468.06,270.62,0.798,0.0,108.61,105.75,-2.9,1.23,0.04,-46.64,341.2,-59.3,-17.8,34.1,238.69,826.5,27.8,260.2,33.0,56.2,151.0,41.6,0.06,0.02,0.09,0.06,22.59
66355,231,42.7684633,-110.9978577,11222,11203.6,34976,30620.0,265.52,467.94,270.56,0.798,0.0,108.60,105.75,-2.8,1.23,0.0,-46.63,341.2,-59.3,-17.8,34.7,238.69,826.8,27.8,260.3,33.0,56.2,151.0,41.6,0.06,0.02,0.10,0.06,22.58
66356,231,42.7678221,-110.9947712,11222,11203.8,34977,30657.5,265.52,467.94,270.50,0.798,0.0,108.61,105.75,-2.8,1.23,0.01,-46.66,341.2,-59.3,-17.8,35.1,238.68,826.4,27.8,260.2,33.0,56.2,151.0,41.6,0.06,0.02,0.09,0.06,22.67
66357,231,42.7671684,-110.9916222,11222,11204.1,34978,30663.5,265.52,467.81,270.38,0.797,0.2,108.61,105.74,-2.9,1.22,0.03,-46.65,341.2,-59.3,-17.8,35.1,238.67,826.6,27.9,260.2,33.0,56.2,151.0,41.6,0.06,0.02,0.09,0.06,22.62
66358,231,42.7665278,-110.9885363,11223,11204.3,34980,30604.5,265.45,467.62,270.25,0.797,0.3,108.61,105.74,-2.9,1.22,0.06,-46.62,341.3,-59.3,-17.8,34.6,238.65,826.6,27.9,260.2,33.0,56.3,151.0,41.6,0.06,0.02,0.10,0.06,22.53
66359,231,42.7658741,-110.9853879,11223,11204.6,34981,30634.5,265.45,467.56,270.19,0.797,0.3,108.62,105.74,-2.9,1.21,0.08,-46.62,341.3,-59.3,-17.8,33.7,238.64,826.9,28.0,260.2,33.0,56.3,151.0,41.5,0.06,0.02,0.10,0.06,22.48
66360,231,42.7652272,-110.9822710,11223,11204.8,34982,30622.5,265.45,467.50,270.12,0.797,0.3,108.61,105.73,-2.9,1.20,0.12,-46.61,341.3,-59.4,-17.8,32.2,238.62,826.4,28.0,260.1,33.0,56.3,151.1,41.5,0.06,0.02,0.10,0.06,22.42
66361,231,42.7645866,-110.9791856,11224,11205.0,34982,30658.0,265.45,467.38,270.12,0.797,0.2,108.61,105.73,-2.9,1.20,0.14,-46.60,341.3,-59.4,-17.8,30.9,238.62,826.6,28.1,260.2,33.0,56.3,151.1,41.5,0.06,0.02,0.10,0.06,22.35
66362,231,42.7639398,-110.9760693,11224,11205.2,34982,30645.5,265.45,467.38,270.06,0.797,0.2,108.61,105.73,-2.9,1.20,0.14,-46.64,341.2,-59.4,-17.9,29.8,238.62,826.6,28.1,260.2,33.0,56.3,151.1,41.6,0.06,0.02,0.09,0.06,22.39
66363,231,42.7632860,-110.9729215,11224,11205.5,34983,30672.0,265.32,467.31,270.00,0.796,0.1,108.61,105.73,-2.9,1.20,0.15,-46.63,341.3,-59.4,-17.9,29.0,238.61,826.4,28.0,260.2,33.0,56.3,151.1,41.6,0.06,0.02,0.09,0.06,22.31
66364,231,42.7626455,-110.9698367,11224,11205.7,34983,30616.0,265.39,467.31,270.00,0.796,0.1,108.61,105.73,-2.9,1.20,0.16,-46.63,341.3,-59.4,-17.9,29.0,238.61,826.7,28.0,260.2,33.0,56.3,151.1,41.6,0.06,0.02,0.09,0.06,22.25
66365,231,42.7619923,-110.9666894,11225,11206.0,34984,30636.0,265.39,467.31,270.00,0.797,0.2,108.61,105.73,-2.9,1.19,0.16,-46.64,341.3,-59.5,-17.9,29.1,238.60,826.6,28.0,260.3,33.0,56.4,151.1,41.6,0.05,0.02,0.09,0.06,22.20
66366,231,42.7613448,-110.9635737,11225,11206.2,34984,30637.5,265.39,467.31,270.00,0.797,0.1,108.61,105.73,-2.9,1.19,0.17,-46.64,341.3,-59.5,-17.9,29.1,238.60,826.7,28.0,260.2,33.0,56.4,151.1,41.6,0.05,0.02,0.09,0.06,22.14
66367,231,42.7606980,-110.9604579,11226,11206.4,34985,30633.5,265.39,467.38,270.06,0.797,0.2,108.61,105.73,-2.9,1.18,0.19,-46.64,341.3,-59.5,-17.9,29.0,238.59,826.5,28.0,260.2,33.0,56.4,151.1,41.6,0.05,0.02,0.09,0.06,22.08
66368,231,42.7600505,-110.9573427,11226,11206.6,34986,30621.0,265.32,467.44,270.06,0.797,0.2,108.62,105.75,-2.9,1.16,0.21,-46.65,341.2,-59.5,-17.9,28.8,238.58,826.6,27.9,260.2,33.0,56.4,151.2,41.6,0.05,0.02,0.09,0.06,22.05
66369,231,42.7594094,-110.9542585,11226,11206.8,34986,30616.0,265.32,467.31,270.00,0.796,0.2,108.61,105.75,-2.9,1.16,0.23,-46.63,341.3,-59.6,-17.9,28.5,238.58,826.6,27.9,260.3,33.0,56.4,151.2,41.6,0.05,0.02,0.09,0.06,21.92
66370,231,42.7587556,-110.9511124,11226,11207.0,34986,30631.5,265.32,467.44,270.12,0.797,0.1,108.63,105.75,-2.9,1.16,0.21,-46.65,341.2,-59.6,-17.9,28.4,238.58,826.6,27.9,260.1,33.0,56.4,151.2,41.6,0.05,0.02,0.09,0.06,21.91
66371,231,42.7581082,-110.9479972,11226,11207.1,34987,30576.5,265.32,467.38,270.00,0.797,0.1,108.64,105.75,-2.9,1.15,0.22,-46.64,341.3,-59.6,-17.9,28.4,238.57,826.5,28.0,260.1,33.0,56.5,151.2,41.5,0.05,0.02,0.09,0.06,21.80
66372,231,42.7574602,-110.9448820,11226,11207.3,34987,30613.5,265.32,467.38,270.06,0.797,0.1,108.64,105.75,-2.9,1.14,0.29,-46.64,341.3,-59.6,-17.9,28.6,238.57,826.6,28.0,260.1,33.0,56.5,151.2,41.5,0.05,0.02,0.09,0.06,21.75
66373,231,42.7568116,-110.9417675,11226,11207.4,34988,30569.0,265.39,467.25,269.94,0.796,0.1,108.64,105.76,-2.9,1.13,0.34,-46.67,341.2,-59.7,-17.9,29.3,238.56,826.7,28.1,260.2,33.0,56.5,151.2,41.5,0.05,0.02,0.09,0.06,21.74
66374,231,42.7561636,-110.9386534,11226,11207.5,34987,30564.0,265.39,467.25,270.00,0.796,0.0,108.65,105.76,-2.9,1.14,0.32,-46.67,341.2,-59.7,-17.9,30.4,238.57,826.6,28.1,260.1,33.0,56.5,151.2,41.5,0.05,0.02,0.09,0.06,21.65
