Data/Raw/MOORE,RICHARD/FIREXAQ-LARGE-SMPS_DC8_20190831_R0.ict
88,1001
Richard Moore, Elizabeth Wiggins, Edward Winstead, Claire Robinson, Lee Thornhill, and Kevin Sanchez
NASA Langley Research Center
In-situ Submicron Particle Size Distributions from a SMPS on the NASA DC-8
FIREXAQ
1,1
2019,08,31,2020,03,10
0
Time_start,Secs after midnight,Time of acquisition
50
1,1,1,1,1,1,1,1,1,1,1,1,1,1,1,1,1,1,1,1,1,1,1,1,1,1,1,1,1,1,1,1,1,1,1,1,1,1,1,1,1,1,1,1,1,1,1,1,1,1
-9999,-9999,-9999,-9999,-9999,-9999,-9999,-9999,-9999,-9999,-9999,-9999,-9999,-9999,-9999,-9999,-9999,-9999,-9999,-9999,-9999,-9999,-9999,-9999,-9999,-9999,-9999,-9999,-9999,-9999,-9999,-9999,-9999,-9999,-9999,-9999,-9999,-9999,-9999,-9999,-9999,-9999,-9999,-9999,-9999,-9999,-9999,-9999,-9999,-9999
Time_stop,Secs after midnight,Time of acquisition
Time_mid,Secs after midnight,Time of acquisition
nSMPS_stdPT,#/cm3,AerMP_NumConc_InSitu_RHd_Mobility_NucltoAccu_STP,integrated_number_density
sSMPS_stdPT,um2/cm3,AerMP_SurfAreaConc_InSitu_RHd_Mobility_NucltoAccu_STP,integrated_surface_area
vSMPS_stdPT,um3/cm3,AerMP_VolConc_InSitu_RHd_Mobility_NucltoAccu_STP,integrated_volume
SMPS_stdPT, unitless, None, conversion between ambient PT and standard PT (1013, 273)
SMPS_bin00_stdPT,#/cm3,AerMP_NumSizeDist_InSitu_RHd_Mobility_NucltoAccu_STP,Binned number size distribution (in dNdlogDp) measured by the SMPS
SMPS_bin01_stdPT,#/cm3,AerMP_NumSizeDist_InSitu_RHd_Mobility_NucltoAccu_STP,Binned number size distribution (in dNdlogDp) measured by the SMPS
SMPS_bin02_stdPT,#/cm3,AerMP_NumSizeDist_InSitu_RHd_Mobility_NucltoAccu_STP,Binned number size distribution (in dNdlogDp) measured by the SMPS
SMPS_bin03_stdPT,#/cm3,AerMP_NumSizeDist_InSitu_RHd_Mobility_NucltoAccu_STP,Binned number size distribution (in dNdlogDp) measured by the SMPS
SMPS_bin04_stdPT,#/cm3,AerMP_NumSizeDist_InSitu_RHd_Mobility_NucltoAccu_STP,Binned number size distribution (in dNdlogDp) measured by the SMPS
SMPS_bin05_stdPT,#/cm3,AerMP_NumSizeDist_InSitu_RHd_Mobility_NucltoAccu_STP,Binned number size distribution (in dNdlogDp) measured by the SMPS
SMPS_bin06_stdPT,#/cm3,AerMP_NumSizeDist_InSitu_RHd_Mobility_NucltoAccu_STP,Binned number size distribution (in dNdlogDp) measured by the SMPS
SMPS_bin07_stdPT,#/cm3,AerMP_NumSizeDist_InSitu_RHd_Mobility_NucltoAccu_STP,Binned number size distribution (in dNdlogDp) measured by the SMPS
SMPS_bin08_stdPT,#/cm3,AerMP_NumSizeDist_InSitu_RHd_Mobility_NucltoAccu_STP,Binned number size distribution (in dNdlogDp) measured by the SMPS
SMPS_bin09_stdPT,#/cm3,AerMP_NumSizeDist_InSitu_RHd_Mobility_NucltoAccu_STP,Binned number size distribution (in dNdlogDp) measured by the SMPS
SMPS_bin10_stdPT,#/cm3,AerMP_NumSizeDist_InSitu_RHd_Mobility_NucltoAccu_STP,Binned number size distribution (in dNdlogDp) measured by the SMPS
SMPS_bin11_stdPT,#/cm3,AerMP_NumSizeDist_InSitu_RHd_Mobility_NucltoAccu_STP,Binned number size distribution (in dNdlogDp) measured by the SMPS
SMPS_bin12_stdPT,#/cm3,AerMP_NumSizeDist_InSitu_RHd_Mobility_NucltoAccu_STP,Binned number size distribution (in dNdlogDp) measured by the SMPS
SMPS_bin13_stdPT,#/cm3,AerMP_NumSizeDist_InSitu_RHd_Mobility_NucltoAccu_STP,Binned number size distribution (in dNdlogDp) measured by the SMPS
SMPS_bin14_stdPT,#/cm3,AerMP_NumSizeDist_InSitu_RHd_Mobility_NucltoAccu_STP,Binned number size distribution (in dNdlogDp) measured by the SMPS
[...]
UNCERTAINTY:  20%
ULOD_FLAG: -7777
ULOD_VALUE: N/A
LLOD_FLAG: -8888
LLOD_VALUE: N/A
DM_CONTACT_INFO: Lee Thornhill (Kenneth.L.Thornhill@nasa.gov)
PROJECT_INFO: FIREX-AQ
STIPULATIONS_ON_USE: No stipulations on use. The user is encouraged to contact the PI or DM prior to use.
OTHER_COMMENTS: Midpoint diameters of Bins 00 to 43 are: 0.011,0.012,0.013,0.014,0.015,0.016,0.017,0.018,0.019,0.021,0.022,0.024,0.026,0.028,0.030,0.032,0.035,0.037,0.040,0.043,0.046,0.050,0.053,0.057,0.061,0.066,0.071,0.076,0.082,0.088,0.095,0.102,0.109,0.118,0.126,0.136,0.146,0.157,0.168,0.181,0.194,0.209,0.225,0.241
REVISION: R0
R0: Final Data. Data are corrected for time lags and ammonium sulfate size calibrations.
*******************************************************************************************************************************
Time_start,Time_stop,Time_mid,nSMPS_stdPT,sSMPS_stdPT,vSMPS_stdPT,SMPS_stdPT,SMPS_bin00_stdPT,SMPS_bin01_stdPT,SMPS_bin02_stdPT,SMPS_bin03_stdPT,SMPS_bin04_stdPT,SMPS_bin05_stdPT,SMPS_bin06_stdPT,SMPS_bin07_stdPT,SMPS_bin08_stdPT,SMPS_bin09_stdPT,SMPS_bin10_stdPT,SMPS_bin11_stdPT,SMPS_bin12_stdPT,SMPS_bin13_stdPT,SMPS_bin14_stdPT,SMPS_bin15_stdPT,SMPS_bin16_stdPT,SMPS_bin17_stdPT,SMPS_bin18_stdPT,SMPS_bin19_stdPT,SMPS_bin20_stdPT,SMPS_bin21_stdPT,SMPS_bin22_stdPT,SMPS_bin23_stdPT,SMPS_bin24_stdPT,SMPS_bin25_stdPT,SMPS_bin26_stdPT,SMPS_bin27_stdPT,SMPS_bin28_stdPT,SMPS_bin29_stdPT,SMPS_bin30_stdPT,SMPS_bin31_stdPT,SMPS_bin32_stdPT,SMPS_bin33_stdPT,SMPS_bin34_stdPT,SMPS_bin35_stdPT,SMPS_bin36_stdPT,SMPS_bin37_stdPT,SMPS_bin38_stdPT,SMPS_bin39_stdPT,SMPS_bin40_stdPT,SMPS_bin41_stdPT,SMPS_bin42_stdPT,SMPS_bin43_stdPT
[from data line 263]
78392,78437,78414.5,2194.56,96.65,2.59,1.19,1342.31,459.48,1688.54,0.00,1336.09,1099.62,832.84,855.26,622.68,834.86,1047.93,865.12,759.33,685.58,804.31,1105.92,689.92,710.99,664.25,1110.99,536.13,722.33,1280.00,1832.72,2336.57,2166.58,2047.37,2183.56,2083.05,2221.47,1350.94,1048.77,1953.92,1822.34,3112.31,2983.08,3734.54,4676.37,3950.98,3341.44,2876.46,2160.52,1854.04,0.00
78451,78496,78473.5,2708.88,140.78,4.04,1.19,855.43,1986.71,3043.98,1194.33,1623.41,390.27,778.29,879.48,565.28,555.17,431.74,583.00,691.16,744.79,691.42,505.81,632.84,371.43,671.02,663.97,1001.54,603.88,1052.89,834.77,1168.78,1833.84,2216.13,2455.75,3232.58,3065.54,2482.06,2264.61,2730.74,2601.24,2863.32,3902.64,4418.38,4732.18,5206.51,4609.36,4127.03,3732.15,2949.99,2127.94
78510,78555,78532.5,1908.34,86.77,2.40,1.20,3786.74,1356.10,1392.47,1369.64,266.46,367.45,312.49,254.58,286.63,797.28,383.94,63.32,277.60,230.24,332.43,304.86,493.72,251.54,357.43,414.62,361.47,366.84,559.33,808.94,798.91,1303.11,1617.49,1582.51,1688.86,1933.76,2132.27,1836.01,2276.81,2204.36,2860.61,2742.70,2457.60,3003.21,3490.04,3012.86,2089.95,1863.49,1641.07,1047.71
78569,78614,78591.5,1181.93,58.21,1.62,1.29,0.00,0.00,486.17,0.00,574.68,443.49,534.00,402.48,313.02,129.90,263.21,345.88,488.24,272.45,144.05,309.67,413.64,701.57,548.46,273.22,1243.88,710.12,841.49,1259.55,945.32,1198.91,1411.57,1012.88,1360.85,938.03,863.75,966.36,983.88,1439.55,1265.45,1844.88,2078.69,2070.92,2042.67,2029.06,1401.49,1446.28,815.69,1006.30
78628,78673,78650.5,680.34,42.17,1.28,1.39,0.00,0.00,0.00,0.00,0.00,267.87,0.00,0.02,136.68,103.57,96.63,157.23,182.10,0.00,80.89,82.13,171.80,322.76,242.90,522.38,419.73,371.55,574.73,731.16,772.50,843.94,901.45,682.24,525.29,596.98,511.18,945.24,670.18,617.52,409.56,750.72,534.40,728.65,1464.50,1690.09,1245.97,982.20,1443.87,990.37
78687,78732,78709.5,482.33,27.56,0.83,1.52,0.00,0.00,0.00,0.00,0.00,0.00,0.00,0.02,0.00,0.00,98.57,223.45,24.45,91.12,121.81,48.24,270.08,162.58,266.62,362.93,458.69,401.48,694.88,370.08,506.86,564.71,497.24,499.18,449.87,594.13,661.24,590.42,647.75,395.96,443.77,546.05,536.67,652.71,499.75,840.34,700.34,580.65,790.90,405.86
78746,78791,78768.5,462.23,14.87,0.39,1.64,0.00,0.00,0.00,0.00,0.00,0.02,0.03,405.13,170.01,139.78,117.95,82.10,70.93,618.94,260.64,328.23,641.17,749.38,592.42,511.39,595.29,779.34,642.23,450.11,548.48,409.84,573.46,455.49,543.90,196.09,350.22,318.00,330.81,373.19,420.02,472.53,356.92,508.41,249.46,436.15,327.44,246.45,220.07,164.57
78805,78850,78827.5,668.77,9.09,0.22,1.73,0.00,3117.70,547.53,1363.14,618.88,1296.65,976.48,1237.07,324.43,394.36,346.23,491.30,550.07,502.90,627.03,357.88,510.27,643.38,659.40,586.07,579.12,558.45,452.61,357.11,446.49,128.86,303.93,74.63,276.37,237.50,0.00,373.42,181.36,220.18,126.31,434.78,177.93,236.71,199.24,300.38,175.16,164.62,136.67,61.90
78864,78909,78886.5,684.46,5.60,0.13,1.82,0.00,0.00,5412.26,2301.62,1635.14,1562.53,681.88,866.09,844.95,380.88,439.94,235.30,260.20,133.26,452.21,441.71,597.37,519.24,506.66,304.69,418.93,423.52,257.31,485.51,243.21,203.17,149.26,203.95,60.77,42.92,279.05,236.39,231.94,80.52,116.16,232.17,74.23,23.78,32.70,175.83,53.89,93.10,127.61,80.77
78923,78968,78945.5,1052.78,7.80,0.16,1.92,0.00,0.00,5635.69,3264.13,2710.21,2757.60,2322.55,511.93,1163.14,1835.90,241.27,363.88,847.75,1071.94,605.29,943.60,297.98,855.93,753.89,696.81,569.41,781.69,655.23,197.85,293.61,293.76,648.28,294.96,390.52,375.97,233.82,298.27,371.38,287.16,188.45,142.31,108.38,139.57,101.08,115.97,72.74,50.82,27.53,73.61
78982,79027,79004.5,944.12,5.29,0.10,2.02,0.00,0.00,9308.13,2451.81,1381.59,1879.56,1326.50,1818.08,718.33,516.72,1045.24,725.65,682.58,338.06,743.18,307.05,522.72,949.37,540.61,457.29,504.58,396.69,194.30,291.65,140.59,350.83,166.22,235.86,376.89,307.88,204.43,219.12,226.18,152.31,117.80,218.58,15.74,74.99,73.31,78.52,14.21,0.00,57.87,19.70
79041,79086,79063.5,1006.57,6.31,0.10,2.13,0.00,0.00,0.00,0.00,3799.68,2584.21,1965.62,1455.34,1142.29,1240.02,1348.66,2566.12,1773.34,1539.36,1418.55,986.00,1011.59,1527.71,1033.94,558.50,753.09,746.88,626.21,603.53,466.11,428.31,280.27,302.82,279.32,253.60,130.39,289.98,242.06,97.25,66.02,82.80,185.35,53.69,75.23,99.08,84.30,51.75,61.39,0.00
79100,79145,79122.5,1037.91,9.13,0.17,2.24,0.00,0.00,0.00,720.05,2843.48,1134.79,1828.47,1440.88,1864.78,1189.25,1607.72,964.06,1077.41,1598.29,1455.88,1055.58,1171.73,1200.83,1212.64,653.86,1527.66,925.27,1056.35,717.93,1178.80,700.10,625.47,613.71,410.51,131.19,0.00,325.59,481.68,336.97,132.89,158.28,176.75,213.10,74.25,61.56,48.38,144.62,32.08,97.77
79159,79204,79181.5,1639.92,11.20,0.17,2.25,0.00,0.00,0.00,2532.11,806.55,3735.94,3560.46,2103.88,1592.50,3493.09,3088.61,4010.98,1947.61,2521.69,2085.63,1415.62,1645.68,1729.85,1226.80,1977.17,1255.96,1259.83,1601.91,1262.40,772.32,1225.71,619.96,732.77,580.04,634.23,684.02,487.81,358.54,408.03,416.44,207.01,120.36,26.19,55.26,136.46,26.35,31.73,0.00,66.04
79218,79263,79240.5,2172.94,12.85,0.19,2.25,0.00,0.00,0.00,8598.78,5051.23,6510.32,4784.68,4039.02,3891.77,3243.55,1813.34,2183.20,2034.63,1346.82,1202.67,1586.70,1853.00,1535.71,2046.10,1918.86,1611.79,1150.59,1653.14,1121.53,1499.24,1010.26,1326.96,1115.43,913.58,1192.15,640.37,784.94,456.88,607.12,185.02,120.15,148.34,144.63,25.70,106.77,0.00,0.00,0.00,33.29
79277,79322,79299.5,1824.43,11.51,0.20,2.24,0.00,0.00,0.00,6482.46,4569.57,4264.54,4160.29,1217.41,2471.27,3240.83,2924.44,2911.63,1597.56,1731.16,1467.01,1734.68,1752.03,1718.85,1923.97,1266.82,1586.36,1330.38,1666.37,1101.32,1107.72,770.97,672.44,796.54,996.85,551.19,297.33,518.37,273.44,119.18,353.43,33.92,79.22,162.26,91.84,35.89,33.74,100.06,158.66,33.30
79336,79381,79358.5,2109.36,10.63,0.16,2.24,0.00,0.00,0.00,5661.24,5220.55,5245.21,5400.55,5612.18,3211.06,3066.82,4024.69,3390.94,1773.00,2971.36,1467.51,1674.18,2431.42,1918.87,1266.27,1753.19,1164.42,1355.71,1079.74,1269.85,998.78,952.96,554.44,486.02,573.32,306.97,468.23,421.72,545.93,289.52,144.09,261.77,166.40,78.64,57.31,67.58,0.00,4.01,62.05,100.87
79395,79440,79417.5,2215.86,10.44,0.15,2.25,0.00,0.00,0.00,14332.93,5542.39,4604.49,3098.25,3217.33,3441.41,4208.49,3033.60,2201.92,2318.76,2159.61,2648.42,1674.43,1319.20,1529.28,1416.42,1693.47,1626.59,1503.75,1005.93,1502.61,1000.05,1090.28,910.10,779.02,523.11,431.49,324.17,279.84,281.41,314.36,179.88,179.56,113.18,95.49,80.74,119.40,0.00,33.35,22.40,34.62
79454,79499,79476.5,1763.79,11.52,0.18,2.24,0.00,0.00,0.00,0.00,3208.54,3081.32,5129.57,3211.98,2615.21,2664.12,4249.88,3315.61,1463.50,2736.04,1715.84,2493.03,1567.48,1825.37,1676.32,1699.87,1806.29,1605.35,1175.24,1282.01,1406.51,878.50,726.26,880.07,631.37,659.21,584.66,501.65,427.72,176.13,236.26,110.32,96.86,70.23,267.55,69.24,33.74,68.12,34.56,35.23
79513,79558,79535.5,2208.36,14.90,0.24,2.25,0.00,0.00,0.00,0.00,4132.84,4231.50,1672.08,4895.02,3396.10,3262.18,2670.40,3752.23,4445.97,3087.29,4024.45,3482.99,3594.09,2697.52,2153.97,2533.36,1800.88,2212.04,1594.42,1528.82,1161.23,1545.41,845.22,1022.72,881.28,491.44,448.57,615.72,643.24,658.50,409.64,171.16,123.17,85.35,42.64,52.40,92.35,0.00,34.76,35.43
79572,79617,79594.5,2027.14,14.62,0.24,2.25,0.00,0.00,0.00,0.00,3397.16,1772.64,3156.07,3378.51,2477.00,2826.45,2878.52,3746.43,3289.79,2764.22,2417.26,3791.67,3219.64,3140.99,2871.83,2221.13,2342.39,2360.28,1744.97,1593.74,1421.63,1601.90,928.15,1130.57,906.21,660.89,502.62,460.49,374.39,270.74,301.89,40.74,267.48,117.21,75.28,34.07,126.79,34.79,0.00,0.00
79631,79676,79653.5,2566.65,15.48,0.23,2.24,0.00,0.00,0.00,0.00,9367.16,4239.11,3736.88,4725.48,3724.22,4716.59,4605.19,5359.49,3607.13,4598.04,2632.16,2752.98,3427.87,1657.76,2515.86,2285.50,2047.77,2273.82,1687.84,1895.08,1945.22,1355.74,1188.82,866.09,710.88,634.88,527.06,595.79,342.27,423.45,418.80,255.55,356.44,246.66,165.68,15.55,60.61,78.73,25.48,35.78
79690,79735,79712.5,2170.65,14.74,0.23,2.25,0.00,0.00,0.00,0.00,5817.72,675.72,4594.06,3536.60,4224.83,2395.55,2597.44,3879.95,2503.13,3783.83,3774.82,3518.96,4102.54,2427.80,2288.43,2468.97,2123.09,2103.26,1597.46,1746.33,1717.52,953.54,1099.51,1016.69,340.68,479.73,570.15,681.02,628.49,502.30,217.59,309.99,187.32,38.03,186.44,145.32,31.09,34.63,35.57,35.82
79749,79794,79771.5,2279.66,14.26,0.21,2.25,0.00,0.00,0.00,0.00,3387.24,3766.08,2771.97,3744.83,4845.40,3848.60,4800.62,3016.00,5238.53,3080.67,3054.36,3703.30,3477.53,3163.08,1822.79,2742.61,2204.74,2274.59,1720.27,1742.47,1205.77,1166.51,673.57,1014.16,654.36,464.58,660.04,619.25,461.78,338.79,341.98,348.69,172.35,35.79,129.67,0.00,83.41,35.14,35.94,0.00
79808,79853,79830.5,2300.19,13.29,0.19,2.24,0.00,0.00,0.00,0.00,1205.94,3263.36,5495.78,6480.08,3844.23,3978.69,3782.56,5007.02,3947.09,3070.63,3289.19,4037.06,3013.76,3040.46,2556.83,2408.18,1847.96,1643.67,1812.32,1477.68,1857.15,864.09,1063.68,846.59,632.38,365.41,549.96,383.00,425.80,236.32,296.49,196.50,153.60,153.89,159.08,80.92,16.38,35.14,0.00,36.37
79867,79912,79889.5,2091.22,12.06,0.19,2.24,0.00,0.00,0.00,0.00,6768.23,3551.45,4473.14,6926.25,4573.93,2945.02,2720.75,2622.43,3211.23,2962.66,2761.95,1917.30,1847.67,2125.16,1813.99,2364.64,1497.87,1303.23,1722.50,1085.15,927.41,956.63,1191.36,537.67,763.77,723.81,715.69,211.47,406.98,304.61,287.52,169.49,104.91,10.20,73.47,49.65,43.57,54.84,124.13,0.00
79926,79971,79948.5,2229.65,12.33,0.17,2.24,0.00,0.00,0.00,0.00,4226.09,8024.03,6312.35,3018.68,3267.56,3623.34,3542.90,3639.81,3932.41,3484.67,3474.30,3046.90,2230.47,1200.99,1614.18,2915.98,1669.45,1392.67,1240.01,892.41,1257.67,1178.71,1106.40,922.87,928.53,602.25,506.32,396.09,314.44,253.47,319.55,248.89,143.55,63.96,134.33,45.21,0.00,35.09,142.24,0.00
79985,80030,80007.5,1743.41,14.64,0.25,2.25,0.00,0.00,0.00,0.00,3432.84,3115.82,2631.17,2265.65,3054.34,2621.58,2571.47,2191.21,2527.13,2583.09,1499.14,1988.60,1929.45,1533.94,2892.78,2255.21,1865.64,1882.90,1433.45,1106.20,1385.61,1424.23,1116.83,538.93,922.08,806.57,807.75,757.20,587.17,510.61,539.17,313.23,138.81,9.53,120.74,50.72,56.34,150.43,70.70,0.00
80045,80090,80067.5,1711.72,15.83,0.26,2.25,0.00,0.00,0.00,0.00,6601.81,3797.00,1812.13,2271.59,1597.74,1790.54,2820.93,1955.26,1382.91,2062.13,1379.67,1762.91,1213.55,1409.94,1553.09,1492.87,1471.46,1706.44,1606.74,1770.76,1406.38,2562.73,1287.62,1334.03,868.13,1218.58,675.72,661.73,927.71,887.07,149.46,407.63,235.20,64.23,223.42,185.64,60.71,68.00,34.78,28.78
80104,80149,80126.5,1738.37,16.29,0.27,2.25,0.00,0.00,0.00,5955.82,5052.89,2994.33,1240.01,1080.25,3872.92,2299.38,770.08,1382.69,728.36,1073.53,1331.63,616.14,1454.88,919.43,1127.93,2014.96,1833.83,1460.86,2230.68,1666.86,1753.37,2075.63,1785.15,1393.57,1153.78,1551.16,1121.18,813.50,901.68,389.14,404.36,319.57,244.78,236.48,129.21,32.45,50.70,45.04,45.31,0.00
80163,80208,80185.5,1449.10,14.06,0.25,2.24,0.00,0.00,0.00,0.00,5398.21,2037.49,1768.18,1522.07,1997.15,1374.82,1651.46,1361.11,1338.46,1040.04,1775.20,1616.87,1526.74,1215.57,1930.98,1720.26,1709.32,1172.80,1189.38,1118.31,1792.10,1478.76,1330.98,1110.94,1410.36,1128.64,944.37,611.08,701.58,288.44,282.88,112.17,79.82,99.92,74.37,95.78,34.20,78.72,25.39,71.74
80222,80267,80244.5,1882.31,13.35,0.22,2.13,0.00,0.00,0.00,7964.39,2769.14,0.00,3406.72,2337.65,2564.68,3632.42,2598.44,1876.18,3110.29,2890.88,3285.71,2170.41,2069.01,1540.10,1666.18,1345.30,1471.68,1493.79,1282.47,915.24,939.82,1344.84,954.30,1112.24,1097.28,740.22,814.30,573.55,673.14,454.42,243.82,307.43,96.25,92.46,64.53,70.10,57.44,36.94,61.75,34.72
80281,80326,80303.5,1660.33,9.76,0.15,2.03,0.00,0.00,0.00,2425.46,3920.27,4416.19,2219.55,3605.73,2875.15,3556.54,2618.93,1779.52,1344.92,2416.94,2276.66,2692.93,1915.65,1117.99,1646.95,1561.16,1356.08,1010.24,1162.90,992.89,455.42,746.61,943.79,491.69,622.55,663.76,498.87,515.35,323.37,301.45,139.49,64.85,55.28,0.00,63.10,60.48,13.86,95.48,120.89,41.81
80340,80385,80362.5,1318.42,8.32,0.14,1.94,0.00,0.00,0.00,7929.97,4212.62,566.56,2924.95,742.72,2167.68,1562.44,1276.79,1420.72,1507.36,1086.97,1449.48,1590.46,1276.33,606.27,1672.35,1118.75,773.97,947.31,1158.18,766.75,749.71,781.26,816.61,398.24,500.38,393.13,158.36,225.65,358.47,125.89,64.34,138.69,91.75,217.07,92.92,104.49,28.52,60.33,61.75,31.24
80399,80444,80421.5,1362.33,9.68,0.18,1.87,0.00,0.00,0.00,4137.70,2877.58,4072.57,3537.83,2185.57,1690.79,1601.94,2128.37,1543.84,1420.45,972.11,1279.74,1389.65,1600.69,1165.31,1164.80,928.20,1577.29,685.33,805.10,885.64,659.34,621.72,633.18,682.31,438.59,508.53,374.52,402.84,104.79,313.12,159.62,218.62,162.43,95.50,161.76,0.00,65.78,138.61,74.64,102.57
80458,80503,80480.5,1695.66,13.38,0.25,1.79,0.00,0.00,4293.28,3263.79,2029.91,1314.89,2739.90,2815.85,2406.65,2216.78,1845.64,1958.73,1544.99,2133.59,1945.64,2539.14,2792.15,2356.74,1971.85,1586.16,1138.15,1193.01,945.10,1208.18,914.36,866.10,527.08,611.76,502.30,761.56,779.97,546.62,345.54,430.48,344.30,320.48,191.88,155.06,42.77,160.73,197.23,76.26,96.19,47.41
80517,80562,80539.5,1121.13,10.19,0.21,1.76,0.00,0.00,3492.14,1447.81,1598.05,2485.87,901.60,1155.97,357.36,1556.02,833.78,1544.55,2078.98,1527.67,881.52,1158.40,1515.50,1373.87,1317.68,1180.02,1040.22,733.50,669.50,711.01,862.96,533.26,610.31,418.38,649.21,452.97,412.93,649.58,244.36,250.43,215.62,176.84,35.01,37.43,113.39,169.15,67.63,132.48,116.67,49.92
80576,80621,80598.5,772.79,8.00,0.15,1.76,0.00,0.00,1223.11,0.00,0.00,2647.87,192.76,1185.62,1187.11,521.78,1261.59,632.05,942.78,913.77,1162.90,1074.25,850.22,915.36,1159.66,1102.03,1042.74,391.76,254.08,612.43,364.62,748.00,418.64,471.73,495.59,627.78,211.83,263.88,386.58,309.83,191.43,281.66,146.76,170.46,59.66,112.91,49.51,48.08,7.45,17.37
80635,80680,80657.5,1199.77,11.12,0.23,1.76,0.00,0.00,2761.42,3257.97,1877.13,1739.08,1706.74,1584.20,2054.83,1113.09,930.54,1448.80,414.68,1235.73,1138.37,1325.51,1423.00,1798.83,1141.08,1110.38,1368.35,942.72,546.74,768.78,537.58,607.55,629.67,468.70,711.25,526.69,487.75,441.87,474.26,443.99,280.43,216.55,116.48,114.13,103.14,13.09,107.14,131.78,56.16,28.57
80694,80739,80716.5,1133.52,10.28,0.20,1.76,0.00,0.00,0.00,2788.52,4427.01,1320.92,1959.42,2148.67,1749.65,1323.30,855.40,936.04,709.88,942.52,789.18,1291.13,1448.17,1363.91,1416.61,974.41,1158.15,916.13,825.44,620.23,544.21,368.74,650.81,417.97,501.18,387.27,569.75,702.81,415.32,238.75,272.26,152.37,139.74,261.14,204.72,169.06,59.69,102.58,69.76,50.55
80753,80798,80775.5,1132.03,8.97,0.17,1.76,0.00,0.00,3662.75,2621.23,909.61,2977.98,2441.88,2064.70,1032.08,1047.12,1334.68,1041.58,556.29,1113.82,1033.53,1449.55,1138.68,1225.88,904.05,830.55,1017.98,642.84,877.27,580.85,611.14,539.01,335.12,294.22,559.77,802.86,377.96,461.88,192.40,443.86,180.62,124.08,49.75,244.06,81.68,100.87,96.97,47.43,90.64,56.69
80812,80857,80834.5,1032.91,8.88,0.17,1.77,0.00,0.00,1949.74,1799.66,1239.64,479.22,730.00,2752.23,1513.35,1918.87,1332.49,1584.10,693.97,766.55,1255.61,1052.35,1238.41,1258.15,1152.61,1024.94,1130.64,802.08,913.16,798.27,741.48,496.87,399.77,531.93,510.59,313.14,587.14,369.10,396.47,260.50,189.67,147.36,215.17,95.74,53.55,13.15,38.29,127.33,63.80,57.36
80871,80916,80893.5,981.22,9.34,0.19,1.76,0.00,0.00,1218.20,1630.65,2040.18,4646.94,355.71,544.01,730.82,702.90,704.25,1547.15,926.61,955.63,890.97,1006.11,1191.21,1243.41,946.96,839.13,885.07,923.07,708.52,763.83,364.06,795.03,594.18,433.20,574.21,497.41,470.13,356.15,384.90,160.62,224.89,314.48,154.45,162.50,106.60,126.74,20.33,64.48,43.47,29.17
80930,80975,80952.5,1024.93,10.23,0.21,1.76,0.00,0.00,0.00,3267.03,2011.82,1301.40,2094.83,315.75,1570.70,945.01,1830.42,1543.70,1246.46,1204.67,794.80,1335.01,1242.17,1130.92,698.49,1110.64,1022.80,726.47,331.55,582.82,456.68,677.30,706.15,431.63,572.72,523.61,349.15,442.50,469.11,305.66,309.28,139.08,242.08,191.56,120.47,165.30,114.19,74.86,55.60,28.09
