Data/Raw/MOORE,RICHARD/FIREXAQ-LARGE-SMPS_DC8_20190831_R0.ict
88,1001
Richard Moore, Elizabeth Wiggins, Edward Winstead, Claire Robinson, Lee Thornhill, and Kevin Sanchez
NASA Langley Research Center
In-situ Submicron Particle Size Distributions from a SMPS on the NASA DC-8
FIREXAQ
1,1
2019,08,31,2020,03,10
0
Time_start,Secs after midnight,Time of acquisition
50
1,1,1,1,1,1,1,1,1,1,1,1,1,1,1,1,1,1,1,1,1,1,1,1,1,1,1,1,1,1,1,1,1,1,1,1,1,1,1,1,1,1,1,1,1,1,1,1,1,1
-9999,-9999,-9999,-9999,-9999,-9999,-9999,-9999,-9999,-9999,-9999,-9999,-9999,-9999,-9999,-9999,-9999,-9999,-9999,-9999,-9999,-9999,-9999,-9999,-9999,-9999,-9999,-9999,-9999,-9999,-9999,-9999,-9999,-9999,-9999,-9999,-9999,-9999,-9999,-9999,-9999,-9999,-9999,-9999,-9999,-9999,-9999,-9999,-9999,-9999
Time_stop,Secs after midnight,Time of acquisition
Time_mid,Secs after midnight,Time of acquisition
nSMPS_stdPT,#/cm3,AerMP_NumConc_InSitu_RHd_Mobility_NucltoAccu_STP,integrated_number_density
sSMPS_stdPT,um2/cm3,AerMP_SurfAreaConc_InSitu_RHd_Mobility_NucltoAccu_STP,integrated_surface_area
vSMPS_stdPT,um3/cm3,AerMP_VolConc_InSitu_RHd_Mobility_NucltoAccu_STP,integrated_volume
SMPS_stdPT, unitless, None, conversion between ambient PT and standard PT (1013, 273)
SMPS_bin00_stdPT,#/cm3,AerMP_NumSizeDist_InSitu_RHd_Mobility_NucltoAccu_STP,Binned number size distribution (in dNdlogDp) measured by the SMPS
SMPS_bin01_stdPT,#/cm3,AerMP_NumSizeDist_InSitu_RHd_Mobility_NucltoAccu_STP,Binned number size distribution (in dNdlogDp) measured by the SMPS
SMPS_bin02_stdPT,#/cm3,AerMP_NumSizeDist_InSitu_RHd_Mobility_NucltoAccu_STP,Binned number size distribution (in dNdlogDp) measured by the SMPS
SMPS_bin03_stdPT,#/cm3,AerMP_NumSizeDist_InSitu_RHd_Mobility_NucltoAccu_STP,Binned number size distribution (in dNdlogDp) measured by the SMPS
SMPS_bin04_stdPT,#/cm3,AerMP_NumSizeDist_InSitu_RHd_Mobility_NucltoAccu_STP,Binned number size distribution (in dNdlogDp) measured by the SMPS
SMPS_bin05_stdPT,#/cm3,AerMP_NumSizeDist_InSitu_RHd_Mobility_NucltoAccu_STP,Binned number size distribution (in dNdlogDp) measured by the SMPS
SMPS_bin06_stdPT,#/cm3,AerMP_NumSizeDist_InSitu_RHd_Mobility_NucltoAccu_STP,Binned number size distribution (in dNdlogDp) measured by the SMPS
SMPS_bin07_stdPT,#/cm3,AerMP_NumSizeDist_InSitu_RHd_Mobility_NucltoAccu_STP,Binned number size distribution (in dNdlogDp) measured by the SMPS
SMPS_bin08_stdPT,#/cm3,AerMP_NumSizeDist_InSitu_RHd_Mobility_NucltoAccu_STP,Binned number size distribution (in dNdlogDp) measured by the SMPS
SMPS_bin09_stdPT,#/cm3,AerMP_NumSizeDist_InSitu_RHd_Mobility_NucltoAccu_STP,Binned number size distribution (in dNdlogDp) measured by the SMPS
SMPS_bin10_stdPT,#/cm3,AerMP_NumSizeDist_InSitu_RHd_Mobility_NucltoAccu_STP,Binned number size distribution (in dNdlogDp) measured by the SMPS
SMPS_bin11_stdPT,#/cm3,AerMP_NumSizeDist_InSitu_RHd_Mobility_NucltoAccu_STP,Binned number size distribution (in dNdlogDp) measured by the SMPS
SMPS_bin12_stdPT,#/cm3,AerMP_NumSizeDist_InSitu_RHd_Mobility_NucltoAccu_STP,Binned number size distribution (in dNdlogDp) measured by the SMPS
SMPS_bin13_stdPT,#/cm3,AerMP_NumSizeDist_InSitu_RHd_Mobility_NucltoAccu_STP,Binned number size distribution (in dNdlogDp) measured by the SMPS
SMPS_bin14_stdPT,#/cm3,AerMP_NumSizeDist_InSitu_RHd_Mobility_NucltoAccu_STP,Binned number size distribution (in dNdlogDp) measured by the SMPS
[...]
UNCERTAINTY:  20%
ULOD_FLAG: -7777
ULOD_VALUE: N/A
LLOD_FLAG: -8888
LLOD_VALUE: N/A
DM_CONTACT_INFO: Lee Thornhill (Kenneth.L.Thornhill@nasa.gov)
PROJECT_INFO: FIREX-AQ
STIPULATIONS_ON_USE: No stipulations on use. The user is encouraged to contact the PI or DM prior to use.
OTHER_COMMENTS: Midpoint diameters of Bins 00 to 43 are: 0.011,0.012,0.013,0.014,0.015,0.016,0.017,0.018,0.019,0.021,0.022,0.024,0.026,0.028,0.030,0.032,0.035,0.037,0.040,0.043,0.046,0.050,0.053,0.057,0.061,0.066,0.071,0.076,0.082,0.088,0.095,0.102,0.109,0.118,0.126,0.136,0.146,0.157,0.168,0.181,0.194,0.209,0.225,0.241
REVISION: R0
R0: Final Data. Data are corrected for time lags and ammonium sulfate size calibrations.
*******************************************************************************************************************************
Time_start,Time_stop,Time_mid,nSMPS_stdPT,sSMPS_stdPT,vSMPS_stdPT,SMPS_stdPT,SMPS_bin00_stdPT,SMPS_bin01_stdPT,SMPS_bin02_stdPT,SMPS_bin03_stdPT,SMPS_bin04_stdPT,SMPS_bin05_stdPT,SMPS_bin06_stdPT,SMPS_bin07_stdPT,SMPS_bin08_stdPT,SMPS_bin09_stdPT,SMPS_bin10_stdPT,SMPS_bin11_stdPT,SMPS_bin12_stdPT,SMPS_bin13_stdPT,SMPS_bin14_stdPT,SMPS_bin15_stdPT,SMPS_bin16_stdPT,SMPS_bin17_stdPT,SMPS_bin18_stdPT,SMPS_bin19_stdPT,SMPS_bin20_stdPT,SMPS_bin21_stdPT,SMPS_bin22_stdPT,SMPS_bin23_stdPT,SMPS_bin24_stdPT,SMPS_bin25_stdPT,SMPS_bin26_stdPT,SMPS_bin27_stdPT,SMPS_bin28_stdPT,SMPS_bin29_stdPT,SMPS_bin30_stdPT,SMPS_bin31_stdPT,SMPS_bin32_stdPT,SMPS_bin33_stdPT,SMPS_bin34_stdPT,SMPS_bin35_stdPT,SMPS_bin36_stdPT,SMPS_bin37_stdPT,SMPS_bin38_stdPT,SMPS_bin39_stdPT,SMPS_bin40_stdPT,SMPS_bin41_stdPT,SMPS_bin42_stdPT,SMPS_bin43_stdPT
[from data line 177]
73315,73360,73337.5,3644.97,157.93,4.17,1.14,2570.33,3195.86,2101.19,2716.15,1761.95,2744.13,2463.94,2112.55,1493.89,1274.01,1249.13,1887.08,1320.86,1144.72,997.73,772.83,241.16,337.34,1033.44,1450.39,491.38,2058.74,2404.46,1502.69,1146.18,3083.20,1679.27,0.00,0.00,3827.91,3550.83,529.34,2073.48,8637.05,8224.29,6967.88,5492.97,8068.31,7536.98,4865.65,3495.17,2909.57,2601.81,0.00
73374,73419,73396.5,3100.99,177.56,5.38,1.14,1565.10,1575.73,2519.63,667.66,1890.95,1123.48,778.60,1764.22,1037.00,1385.23,1066.79,1210.61,1068.04,710.30,650.39,320.35,680.00,688.83,1036.23,758.05,161.77,1193.93,2339.70,1879.31,953.98,1615.60,2974.08,2719.19,2534.80,4081.42,4021.36,2119.29,324.37,2794.57,1831.30,1540.73,974.81,6198.15,6051.96,5136.66,6482.74,8076.24,8367.57,0.00
73433,73478,73455.5,9554.02,251.67,5.54,1.15,3068.92,3634.83,2286.99,6131.82,1893.42,1370.69,1758.55,2683.09,2900.58,2595.96,2237.76,2719.75,3779.80,5604.05,4955.86,2698.19,2053.27,3274.84,26.53,4615.73,17257.15,16998.30,17630.23,15160.00,11744.96,12776.96,12649.66,9381.92,12508.77,13984.76,13987.43,12728.43,12687.39,11440.23,9362.53,8888.50,7801.45,7682.40,3844.47,2438.50,2813.06,4424.13,4204.71,0.00
73492,73537,73514.5,4052.36,200.79,5.55,1.15,1039.71,0.00,487.14,711.45,1059.15,282.48,1054.13,941.04,674.71,1002.56,783.36,797.40,649.12,1251.85,914.02,1158.67,1224.99,861.18,2190.74,2189.32,1555.97,2034.73,4751.66,3128.98,2267.68,1947.92,3512.41,4375.01,5133.27,4788.97,6431.52,8324.38,6051.16,6339.52,6460.39,7828.27,4710.35,1796.61,3938.45,7360.32,6489.94,3738.92,3157.47,4278.66
73551,73596,73573.5,4958.83,302.74,8.43,1.19,0.00,0.00,0.00,354.35,467.61,554.86,843.22,129.17,451.56,316.72,322.66,922.89,1002.25,605.73,520.98,516.83,609.58,763.48,572.70,544.65,754.63,1775.03,1920.17,787.32,1786.49,2683.80,2894.16,3654.64,4814.01,9217.99,9846.91,8009.12,7008.45,8318.91,9954.21,10201.42,9104.19,10575.41,11933.83,9551.04,7733.69,6553.39,4926.86,4397.02
73610,73655,73632.5,4109.70,159.75,4.45,1.21,1534.65,3293.10,4162.09,2272.42,1792.13,2098.01,2567.59,2492.34,3076.83,1406.46,2516.56,2655.72,1518.55,2284.80,1402.72,1391.30,1134.08,1151.23,1385.91,1317.16,1374.19,1431.13,1428.33,1563.60,1799.45,2194.64,2181.73,2358.46,2620.13,3637.72,4962.91,5024.00,4582.08,5610.63,5288.68,3973.38,4101.55,4913.87,5249.75,4212.62,3255.05,3184.60,3471.04,3157.01
73669,73714,73691.5,1735.22,81.64,2.43,1.25,3088.87,0.00,1245.28,1417.75,1276.30,1229.11,1021.49,959.82,520.50,1250.37,627.35,727.21,644.15,1215.64,185.76,537.18,391.42,553.61,445.94,738.60,656.48,1140.22,1198.61,1054.20,1469.44,1137.59,1627.24,1416.10,1048.01,1042.55,1316.83,1233.64,754.21,939.11,1530.46,1318.24,1795.73,2266.66,3034.98,2805.03,2429.52,2448.11,2151.50,1636.32
73729,73774,73751.5,840.05,60.31,1.84,1.34,0.00,0.00,0.00,235.32,0.00,0.00,287.33,36.28,123.17,0.09,150.23,166.39,59.02,0.00,58.17,122.70,79.65,251.54,251.95,171.71,326.55,467.03,412.90,336.35,639.22,458.20,459.34,558.34,1182.65,593.02,788.17,1374.43,657.61,926.70,1049.81,1061.31,1457.69,941.08,2154.91,2086.41,1914.69,2024.50,1572.12,1445.06
73788,73833,73810.5,619.41,40.84,1.27,1.46,0.00,0.00,0.00,0.00,0.00,0.00,0.01,0.04,0.09,115.06,0.05,81.83,0.00,0.00,116.26,40.18,130.45,198.93,305.36,159.38,249.22,520.36,629.97,591.91,673.46,934.04,452.50,824.98,923.29,904.12,702.64,864.50,750.89,362.54,452.14,374.94,689.77,603.94,919.90,1547.75,1172.14,1121.23,868.20,901.07
73847,73892,73869.5,692.33,35.18,1.09,1.59,0.00,1231.34,819.13,0.00,0.00,306.93,238.27,211.16,169.70,398.17,108.77,0.00,192.72,386.50,54.36,144.04,209.87,153.71,364.02,449.70,426.59,507.13,747.25,734.38,727.31,806.29,483.57,572.24,623.43,601.38,481.75,651.90,645.52,717.77,533.67,659.35,511.39,558.45,678.96,1027.93,975.44,921.76,822.52,600.90
73906,73951,73928.5,831.48,41.86,1.22,1.69,0.00,0.00,0.00,0.00,0.01,0.01,0.05,0.08,0.00,141.10,0.00,0.00,0.00,229.20,395.06,186.50,436.17,404.15,300.52,365.74,925.25,877.92,903.13,1082.80,1170.16,999.10,1033.70,1617.07,975.90,1290.22,1307.95,1290.48,577.54,873.80,683.66,772.73,815.22,716.12,1102.97,873.21,1198.92,875.15,936.30,619.24
73965,74010,73987.5,903.56,26.67,0.73,1.78,0.00,0.00,1216.08,1794.42,0.00,891.02,1014.63,998.85,216.15,166.45,247.00,361.82,180.35,87.94,115.47,492.73,525.01,371.53,638.29,655.89,928.48,864.62,607.57,1259.31,1070.69,1517.43,1257.94,921.87,877.01,1290.90,979.92,861.76,694.69,618.39,805.32,314.42,520.80,358.87,573.61,392.79,594.46,394.13,436.02,303.77
74024,74069,74046.5,1290.20,24.71,0.66,1.77,0.00,0.00,1215.32,2779.55,1869.92,476.85,308.80,791.33,1088.99,1040.04,1223.56,1141.11,1743.73,1467.45,1629.90,1722.12,1449.73,1417.71,1011.41,1060.01,888.52,1009.69,1176.92,1266.69,1161.92,1341.19,1467.78,824.49,1064.59,909.86,669.93,715.16,303.29,616.51,617.80,320.30,319.96,583.46,450.83,121.15,301.99,517.95,441.60,290.47
74083,74128,74105.5,1317.33,36.93,1.00,1.69,0.00,0.00,2246.11,814.83,1520.00,411.19,1261.60,593.08,899.18,722.88,684.63,481.84,726.30,752.98,840.02,1109.57,649.75,917.19,1006.06,1021.54,1136.79,1660.87,1247.35,1359.62,1267.15,1085.49,1549.44,1444.58,1515.12,1251.01,1770.51,1360.57,1184.71,817.84,782.10,425.95,409.79,372.12,896.62,619.77,676.42,829.54,867.58,553.50
74142,74187,74164.5,1341.60,46.62,1.23,1.63,0.00,0.00,544.90,0.00,0.00,581.16,633.63,664.52,0.54,848.76,870.54,212.54,249.58,177.92,476.04,534.89,660.09,769.03,1310.49,1384.12,1496.10,1627.55,1353.83,1941.16,1982.30,1507.02,1805.18,2236.82,1591.77,2083.69,1458.83,1636.82,1096.19,1223.00,1090.45,904.26,930.04,1280.61,1058.74,1056.76,1073.36,966.61,709.32,451.30
74201,74246,74223.5,1279.96,47.49,1.28,1.55,0.00,1567.25,0.00,0.00,0.01,0.00,0.02,0.00,328.98,0.00,542.47,80.37,392.82,449.45,393.62,787.13,305.04,899.79,946.30,1290.65,1530.90,1369.42,2025.32,1962.04,1531.87,1855.95,1612.64,1993.35,1825.73,1762.20,1488.12,1375.52,1278.25,1329.26,1078.71,1479.61,501.16,1196.15,803.99,1042.22,973.43,808.46,888.70,768.41
74260,74305,74282.5,896.28,36.15,1.00,1.45,0.00,0.00,0.00,0.00,306.11,236.01,418.88,159.60,125.01,112.37,176.90,298.74,105.82,137.80,290.61,536.47,569.69,688.21,1169.40,1211.49,742.11,1064.03,1071.89,1038.92,1043.63,1316.89,1331.48,837.75,1390.88,1299.78,1009.41,683.83,652.34,804.00,167.62,852.63,466.76,600.72,1037.96,1027.28,1365.71,828.01,908.14,596.11
74319,74364,74341.5,823.66,33.49,0.92,1.39,0.00,0.00,0.00,0.00,841.16,100.70,0.00,369.68,339.78,0.00,264.73,236.85,63.59,100.38,61.43,341.58,353.45,370.56,634.17,964.82,806.93,1005.37,979.65,1128.60,1141.33,930.63,1007.11,1136.71,1482.13,1100.51,1129.32,817.88,944.35,470.58,281.42,445.24,586.92,811.71,993.73,898.40,876.32,1104.49,697.84,537.23
74378,74423,74400.5,902.04,52.33,1.58,1.34,0.00,692.20,0.00,0.00,0.00,208.31,532.11,298.08,225.24,293.37,172.24,72.36,282.08,10.48,38.46,84.25,413.74,155.16,427.75,332.72,535.62,657.64,878.89,740.79,1160.90,1221.92,1104.35,1119.76,889.29,860.06,715.38,680.09,346.92,694.65,276.40,810.81,1097.66,1282.21,1785.13,1737.51,1933.40,1575.83,1248.20,1273.34
74437,74482,74459.5,1025.29,52.49,1.57,1.29,0.00,1541.20,575.15,0.00,1255.93,557.98,0.00,147.98,642.65,226.99,239.64,360.87,116.06,315.44,76.53,252.59,45.57,149.40,237.80,232.78,515.15,872.87,762.26,941.88,1520.66,1266.53,1200.93,1270.08,1168.19,1133.07,676.27,915.29,550.51,504.43,315.87,553.96,715.95,1243.99,2043.76,1713.97,1620.59,1702.96,1410.90,1214.54
74496,74541,74518.5,1331.36,74.64,2.14,1.24,0.00,699.56,0.00,660.21,501.08,390.44,311.22,131.68,99.96,0.00,252.53,239.50,441.69,312.00,289.05,103.77,292.45,454.51,536.39,570.84,582.94,664.20,1105.78,796.33,771.31,1120.12,779.87,666.94,931.64,443.94,909.22,1426.78,627.49,2248.02,1981.05,2713.63,3113.30,2130.77,3509.04,2031.27,2055.81,1632.64,1290.30,1372.07
74555,74600,74577.5,2158.69,138.97,3.99,1.22,0.00,0.00,0.00,0.00,234.11,0.00,295.74,132.17,100.33,262.61,243.40,210.51,395.26,171.95,409.54,346.43,384.47,311.39,265.24,341.85,917.07,806.67,758.33,832.68,1173.34,1238.05,1349.23,1754.55,1328.70,1349.55,1419.89,2032.02,2120.33,3681.74,3911.32,4303.72,4637.98,5531.75,6316.78,4825.53,4325.62,2961.15,2453.99,2005.35
74614,74659,74636.5,1981.89,111.99,3.04,1.18,1039.87,0.00,0.00,0.00,155.70,0.00,163.43,354.93,410.60,222.06,53.15,367.71,531.56,405.88,151.21,365.29,459.37,425.08,245.02,422.26,455.04,869.10,852.73,1018.14,716.94,1161.32,1455.91,1000.01,1876.71,1634.47,1293.45,1528.41,3270.95,3106.45,3940.78,4473.22,4758.81,5366.45,4480.65,3971.95,3086.15,2682.80,2032.81,0.00
74673,74718,74695.5,2104.92,109.14,3.10,1.15,2559.59,580.25,0.00,825.22,672.44,852.09,411.46,663.52,372.58,534.91,800.03,149.70,292.29,272.11,158.86,193.21,735.97,470.47,146.42,466.05,921.20,446.08,834.77,1747.72,2116.60,1541.33,1682.52,2367.78,2120.76,125.34,712.33,2298.91,581.26,0.00,1309.78,5447.61,3716.20,3556.02,4222.73,4800.12,4674.14,3706.31,2026.39,0.00
74732,74777,74754.5,2157.42,118.69,3.27,1.14,858.87,0.00,356.90,1479.34,858.31,592.26,621.91,221.27,742.80,552.35,685.37,352.11,964.48,953.95,396.57,360.36,205.94,602.28,383.01,820.49,716.03,668.07,979.99,1193.67,915.33,876.17,1427.70,1337.14,887.27,1659.18,2410.11,1858.72,1364.53,2225.89,4019.73,4282.91,4698.79,5786.42,5416.09,4471.38,3659.88,2812.72,2310.02,0.00
74791,74836,74813.5,3362.29,162.53,4.24,1.15,1134.68,229.61,418.29,1379.03,507.41,416.00,875.30,332.48,298.16,749.01,354.47,457.44,549.40,657.94,486.67,564.77,990.17,1103.58,1182.67,1465.29,1571.32,145.32,742.69,3100.20,2555.63,2845.15,3423.50,3935.70,5322.54,5372.15,6799.15,4196.95,3462.55,5635.71,5669.92,4197.66,4114.43,7625.81,7534.14,5035.01,3500.97,3516.64,3137.73,0.00
74850,74895,74872.5,1932.68,100.47,2.62,1.14,0.00,0.00,0.00,1091.36,0.00,0.00,263.07,0.09,190.98,452.33,358.42,209.73,255.28,36.23,240.46,487.82,587.84,746.67,825.95,552.95,286.39,329.66,502.13,655.13,789.08,1209.46,652.81,972.30,985.28,480.22,18.75,2841.19,5220.43,4600.63,5258.31,3234.12,4388.18,5605.07,4887.45,3304.75,1818.21,1458.34,1495.88,0.00
74909,74954,74931.5,1685.59,103.26,2.85,1.14,0.00,0.00,0.00,266.78,0.01,344.56,428.85,286.08,507.32,126.34,363.47,282.95,190.69,194.78,373.05,446.96,154.76,233.65,619.25,482.98,381.69,764.84,1395.97,1425.08,1069.50,499.14,832.90,1641.69,810.10,1354.53,1737.25,1407.39,66.11,775.56,3717.20,4475.92,4654.62,5398.66,4537.19,4059.16,3599.04,2333.10,1699.83,0.00
74968,75013,74990.5,6674.03,246.71,5.85,1.14,2122.80,108.03,742.45,0.00,232.60,0.00,395.15,175.37,143.31,539.43,521.78,293.97,580.89,615.68,779.12,613.09,2431.44,3474.98,4448.27,3953.98,7665.07,8299.43,6053.86,7424.82,8918.25,7499.47,6155.18,13161.38,14989.49,14081.26,12406.63,10881.09,8591.34,7515.64,8484.14,8560.46,5340.41,6749.55,8685.80,7172.32,5978.17,3973.06,2809.63,0.00
75027,75072,75049.5,2442.76,124.50,3.39,1.14,0.00,528.82,774.11,905.38,700.49,1072.42,420.07,293.72,406.64,542.03,544.32,734.30,381.99,1093.68,692.82,893.84,529.59,662.85,864.60,1288.05,973.97,1300.42,1324.27,1829.13,1631.72,1914.31,2320.09,3026.29,1693.74,943.00,762.48,1003.73,1656.83,2244.13,3865.21,5967.66,5123.36,6040.57,5372.93,4746.94,3422.44,2821.31,2442.20,0.00
75086,75131,75108.5,2859.04,138.05,3.73,1.14,2562.17,2346.72,1752.40,1087.30,1469.49,795.85,596.75,561.10,591.09,503.96,500.19,393.86,726.13,432.71,693.49,669.59,1096.38,564.55,773.54,653.12,946.97,824.37,626.97,1295.89,941.53,1358.45,1733.22,2308.03,1752.62,1548.29,1955.27,2591.76,1947.95,2818.69,4961.08,5955.78,6553.53,6693.40,6259.08,5241.32,3782.54,2847.27,2281.27,0.00
75145,75190,75167.5,2336.43,123.22,3.36,1.14,859.93,1508.52,1422.33,1382.74,479.54,528.84,305.12,222.07,288.74,387.35,270.49,473.19,534.18,265.86,296.88,74.25,168.58,75.34,207.27,375.29,703.83,813.97,1122.30,1257.93,2744.52,2238.50,1148.75,1201.11,40.49,0.00,0.00,2545.31,4876.08,7644.33,7341.70,5909.73,3786.78,2858.36,2811.18,2701.16,3428.41,4019.33,3306.61,0.00
75204,75249,75226.5,2439.71,125.96,3.30,1.14,1855.40,1499.46,1932.92,307.31,233.73,182.31,305.33,549.63,187.97,41.45,644.05,294.13,189.34,357.08,310.78,328.12,91.16,342.41,560.25,325.34,810.55,662.95,1232.64,1203.58,1570.58,271.33,1263.26,1006.74,0.00,0.00,2437.56,4917.13,3617.86,4584.58,4749.43,6209.73,7049.97,5448.64,5830.23,4420.85,3531.96,2128.63,1149.72,0.00
75263,75308,75285.5,1968.37,118.13,3.25,1.14,705.95,0.00,356.05,0.01,206.65,363.71,129.66,0.00,98.11,232.29,271.51,217.52,123.39,388.26,278.31,334.14,318.22,588.64,581.95,601.48,174.48,667.84,1538.89,1150.40,984.32,1203.80,1217.89,234.31,1330.39,1818.88,1436.21,1636.64,2423.28,3440.45,4067.85,4280.77,5132.91,5674.03,4707.91,4090.87,3795.73,2942.78,2193.81,0.00
75322,75367,75344.5,9721.60,342.95,8.20,1.14,0.00,0.00,293.26,667.58,1318.16,503.97,962.15,853.72,976.48,1487.94,1335.70,1994.08,1110.46,3686.25,5573.03,4406.82,3892.28,7816.12,6704.51,5051.22,9708.82,8050.24,7727.12,13452.36,18069.48,21532.24,18166.15,13135.15,12447.28,14881.85,9186.10,1724.62,4913.41,14185.39,15435.50,19195.77,16716.43,15715.40,6871.39,3109.29,4813.55,6866.12,6553.76,0.00
75381,75426,75403.5,3535.77,170.92,4.50,1.14,827.93,581.66,0.00,0.00,468.19,685.31,439.97,330.87,480.31,288.16,500.11,685.74,719.41,489.62,861.88,1476.93,1428.93,749.95,1259.40,1125.91,514.09,436.21,1622.47,2435.62,5039.47,6023.22,4811.64,4889.72,6055.86,5505.37,3892.30,3584.42,2805.26,4120.68,3057.66,3714.58,5227.59,8750.34,8962.62,6381.28,4813.25,3366.67,2682.92,0.00
75440,75485,75462.5,5323.16,106.07,2.82,1.14,30775.66,23506.65,9491.91,6412.49,3426.28,1930.15,833.13,561.13,278.46,621.27,200.26,361.40,483.90,453.76,512.65,419.21,540.19,257.59,893.94,812.55,609.38,521.54,807.19,1262.21,1405.90,584.71,443.36,1376.48,1737.85,0.00,669.49,3198.86,2733.68,3026.94,4140.27,4645.59,4349.15,4819.04,4848.85,3291.12,2941.40,2002.13,1995.39,0.00
75499,75544,75521.5,7069.74,152.40,3.71,1.16,9351.05,2595.65,8040.98,3849.25,2240.51,1982.89,2118.13,450.05,1713.92,1779.30,2601.31,3751.17,3630.70,3561.62,4217.55,2734.02,4046.41,6557.27,6155.21,8618.72,10281.50,8949.32,5665.80,4086.79,6918.74,6701.65,7362.87,5426.22,7905.57,7908.23,6530.98,5219.07,2878.19,2900.30,3612.61,4994.06,2688.77,2064.25,3538.46,3470.16,4503.07,3715.79,2283.05,1205.06
75558,75603,75580.5,2290.95,130.52,3.64,1.21,0.00,0.00,415.50,354.49,266.83,654.39,763.96,178.18,205.75,169.45,121.15,359.12,302.03,593.13,636.52,982.65,774.95,679.33,903.05,975.91,391.14,700.09,1754.38,1800.02,1901.60,1435.00,1914.66,1637.52,1747.30,1344.87,2656.03,2474.14,2680.48,3298.14,4240.66,5003.82,4110.94,5043.10,5299.01,4551.21,3449.07,2609.40,2270.82,1660.54
75617,75662,75639.5,3401.21,189.31,5.20,1.26,1421.69,0.00,573.10,709.93,266.35,907.75,220.78,0.00,110.26,391.02,624.00,405.17,255.04,199.15,572.19,285.29,566.18,730.16,494.13,455.97,677.71,475.67,412.42,1120.43,1986.89,2660.10,4626.38,4687.56,5651.66,5163.28,5838.91,5680.95,4821.23,4614.82,5704.20,6649.43,5514.05,6125.36,6901.12,5725.60,5133.56,3498.47,3172.09,2808.72
75676,75721,75698.5,1605.45,85.11,2.37,1.29,0.00,0.00,0.00,706.22,697.50,371.18,163.14,149.13,221.26,191.33,163.13,410.20,81.90,280.43,386.93,125.82,292.83,349.57,310.82,681.62,440.59,982.61,878.42,950.30,1346.52,2164.63,1628.53,2549.51,2266.16,2670.03,1758.75,2387.55,2061.94,1495.40,1993.07,2315.71,2464.96,2634.92,3144.95,2365.04,2303.95,1934.21,1688.40,1365.30
75735,75780,75757.5,875.97,60.24,1.82,1.29,0.00,0.00,0.00,0.00,0.00,0.00,330.06,148.83,0.00,94.34,75.81,55.81,63.38,40.37,30.85,226.93,388.84,77.87,218.04,392.18,426.18,507.26,504.58,560.67,708.14,776.40,808.75,739.70,917.36,1148.45,995.81,644.72,797.36,484.94,620.42,1177.05,1348.53,1714.74,2081.94,2134.24,2045.71,1908.86,1603.76,1232.00
75795,75840,75817.5,853.49,48.51,1.42,1.29,0.00,0.00,0.00,0.00,0.00,0.00,349.26,0.07,489.20,95.10,130.50,227.44,60.83,173.13,73.30,295.21,364.51,392.90,793.62,548.63,708.21,726.30,853.66,604.22,874.00,585.80,974.19,842.08,1176.16,279.18,975.52,676.19,576.14,334.63,1029.49,1341.97,904.45,1353.21,1900.67,1700.86,1495.03,1337.16,1208.91,859.80
