Data/Raw/MOORE,RICHARD/FIREXAQ-LARGE-SMPS_DC8_20190830_R0.ict
88,1001
Richard Moore, Elizabeth Wiggins, Edward Winstead, Claire Robinson, Lee Thornhill, and Kevin Sanchez
NASA Langley Research Center
In-situ Submicron Particle Size Distributions from a SMPS on the NASA DC-8
FIREXAQ
1,1
2019,08,30,2020,03,10
0
Time_start,Secs after midnight,Time of acquisition
50
1,1,1,1,1,1,1,1,1,1,1,1,1,1,1,1,1,1,1,1,1,1,1,1,1,1,1,1,1,1,1,1,1,1,1,1,1,1,1,1,1,1,1,1,1,1,1,1,1,1
-9999,-9999,-9999,-9999,-9999,-9999,-9999,-9999,-9999,-9999,-9999,-9999,-9999,-9999,-9999,-9999,-9999,-9999,-9999,-9999,-9999,-9999,-9999,-9999,-9999,-9999,-9999,-9999,-9999,-9999,-9999,-9999,-9999,-9999,-9999,-9999,-9999,-9999,-9999,-9999,-9999,-9999,-9999,-9999,-9999,-9999,-9999,-9999,-9999,-9999
Time_stop,Secs after midnight,Time of acquisition
Time_mid,Secs after midnight,Time of acquisition
nSMPS_stdPT,#/cm3,AerMP_NumConc_InSitu_RHd_Mobility_NucltoAccu_STP,integrated_number_density
sSMPS_stdPT,um2/cm3,AerMP_SurfAreaConc_InSitu_RHd_Mobility_NucltoAccu_STP,integrated_surface_area
vSMPS_stdPT,um3/cm3,AerMP_VolConc_InSitu_RHd_Mobility_NucltoAccu_STP,integrated_volume
SMPS_stdPT, unitless, None, conversion between ambient PT and standard PT (1013, 273)
SMPS_bin00_stdPT,#/cm3,AerMP_NumSizeDist_InSitu_RHd_Mobility_NucltoAccu_STP,Binned number size distribution (in dNdlogDp) measured by the SMPS
SMPS_bin01_stdPT,#/cm3,AerMP_NumSizeDist_InSitu_RHd_Mobility_NucltoAccu_STP,Binned number size distribution (in dNdlogDp) measured by the SMPS
SMPS_bin02_stdPT,#/cm3,AerMP_NumSizeDist_InSitu_RHd_Mobility_NucltoAccu_STP,Binned number size distribution (in dNdlogDp) measured by the SMPS
SMPS_bin03_stdPT,#/cm3,AerMP_NumSizeDist_InSitu_RHd_Mobility_NucltoAccu_STP,Binned number size distribution (in dNdlogDp) measured by the SMPS
SMPS_bin04_stdPT,#/cm3,AerMP_NumSizeDist_InSitu_RHd_Mobility_NucltoAccu_STP,Binned number size distribution (in dNdlogDp) measured by the SMPS
SMPS_bin05_stdPT,#/cm3,AerMP_NumSizeDist_InSitu_RHd_Mobility_NucltoAccu_STP,Binned number size distribution (in dNdlogDp) measured by the SMPS
SMPS_bin06_stdPT,#/cm3,AerMP_NumSizeDist_InSitu_RHd_Mobility_NucltoAccu_STP,Binned number size distribution (in dNdlogDp) measured by the SMPS
SMPS_bin07_stdPT,#/cm3,AerMP_NumSizeDist_InSitu_RHd_Mobility_NucltoAccu_STP,Binned number size distribution (in dNdlogDp) measured by the SMPS
SMPS_bin08_stdPT,#/cm3,AerMP_NumSizeDist_InSitu_RHd_Mobility_NucltoAccu_STP,Binned number size distribution (in dNdlogDp) measured by the SMPS
SMPS_bin09_stdPT,#/cm3,AerMP_NumSizeDist_InSitu_RHd_Mobility_NucltoAccu_STP,Binned number size distribution (in dNdlogDp) measured by the SMPS
SMPS_bin10_stdPT,#/cm3,AerMP_NumSizeDist_InSitu_RHd_Mobility_NucltoAccu_STP,Binned number size distribution (in dNdlogDp) measured by the SMPS
SMPS_bin11_stdPT,#/cm3,AerMP_NumSizeDist_InSitu_RHd_Mobility_NucltoAccu_STP,Binned number size distribution (in dNdlogDp) measured by the SMPS
SMPS_bin12_stdPT,#/cm3,AerMP_NumSizeDist_InSitu_RHd_Mobility_NucltoAccu_STP,Binned number size distribution (in dNdlogDp) measured by the SMPS
SMPS_bin13_stdPT,#/cm3,AerMP_NumSizeDist_InSitu_RHd_Mobility_NucltoAccu_STP,Binned number size distribution (in dNdlogDp) measured by the SMPS
SMPS_bin14_stdPT,#/cm3,AerMP_NumSizeDist_InSitu_RHd_Mobility_NucltoAccu_STP,Binned number size distribution (in dNdlogDp) measured by the SMPS
[...]
UNCERTAINTY:  20%
ULOD_FLAG: -7777
ULOD_VALUE: N/A
LLOD_FLAG: -8888
LLOD_VALUE: N/A
DM_CONTACT_INFO: Lee Thornhill (Kenneth.L.Thornhill@nasa.gov)
PROJECT_INFO: FIREX-AQ
STIPULATIONS_ON_USE: No stipulations on use. The user is encouraged to contact the PI or DM prior to use.
OTHER_COMMENTS: Midpoint diameters of Bins 00 to 43 are: 0.011,0.012,0.013,0.014,0.015,0.016,0.017,0.018,0.019,0.021,0.022,0.024,0.026,0.028,0.030,0.032,0.035,0.037,0.040,0.043,0.046,0.050,0.053,0.057,0.061,0.066,0.071,0.076,0.082,0.088,0.095,0.102,0.109,0.118,0.126,0.136,0.146,0.157,0.168,0.181,0.194,0.209,0.225,0.241
REVISION: R0
R0: Final Data. Data are corrected for time lags and ammonium sulfate size calibrations.
*******************************************************************************************************************************
Time_start,Time_stop,Time_mid,nSMPS_stdPT,sSMPS_stdPT,vSMPS_stdPT,SMPS_stdPT,SMPS_bin00_stdPT,SMPS_bin01_stdPT,SMPS_bin02_stdPT,SMPS_bin03_stdPT,SMPS_bin04_stdPT,SMPS_bin05_stdPT,SMPS_bin06_stdPT,SMPS_bin07_stdPT,SMPS_bin08_stdPT,SMPS_bin09_stdPT,SMPS_bin10_stdPT,SMPS_bin11_stdPT,SMPS_bin12_stdPT,SMPS_bin13_stdPT,SMPS_bin14_stdPT,SMPS_bin15_stdPT,SMPS_bin16_stdPT,SMPS_bin17_stdPT,SMPS_bin18_stdPT,SMPS_bin19_stdPT,SMPS_bin20_stdPT,SMPS_bin21_stdPT,SMPS_bin22_stdPT,SMPS_bin23_stdPT,SMPS_bin24_stdPT,SMPS_bin25_stdPT,SMPS_bin26_stdPT,SMPS_bin27_stdPT,SMPS_bin28_stdPT,SMPS_bin29_stdPT,SMPS_bin30_stdPT,SMPS_bin31_stdPT,SMPS_bin32_stdPT,SMPS_bin33_stdPT,SMPS_bin34_stdPT,SMPS_bin35_stdPT,SMPS_bin36_stdPT,SMPS_bin37_stdPT,SMPS_bin38_stdPT,SMPS_bin39_stdPT,SMPS_bin40_stdPT,SMPS_bin41_stdPT,SMPS_bin42_stdPT,SMPS_bin43_stdPT
[from data line 438]
78403,78448,78425.5,8334.16,163.40,4.20,1.23,9459.81,8600.46,5268.80,8313.13,6449.84,9241.76,8091.88,8303.04,9915.15,7853.36,8297.51,8497.99,8295.23,8791.63,8472.69,8580.09,6762.11,7460.98,6848.67,6372.93,6588.61,6304.32,4892.59,4478.40,4112.42,3293.88,3348.22,3109.12,3678.83,2737.35,3275.91,5014.67,5067.93,3349.71,3111.68,5199.53,5397.36,4617.03,4599.29,4089.44,4582.94,3444.39,2350.35,2179.51
78462,78507,78484.5,5831.70,136.72,3.59,1.20,6425.42,9671.86,7559.20,7980.70,4487.15,4704.58,5006.68,5476.47,6689.69,6478.08,4381.67,5587.18,4078.48,4555.50,4062.38,2967.28,3244.41,2705.82,2423.68,2761.24,2561.86,2776.46,2797.68,3039.80,2980.40,2413.56,3431.30,3071.36,3480.92,4469.82,3748.18,3621.06,2294.92,3680.23,4064.30,3753.97,4174.06,4475.53,4676.11,3618.78,3363.88,3067.19,2104.69,1649.07
78521,78566,78543.5,5187.12,136.47,3.65,1.20,4677.63,5882.13,3992.35,3529.76,5755.16,4975.82,6091.60,5318.58,3761.26,5073.91,5462.94,5228.40,3254.72,3700.91,3711.48,2677.04,2799.18,2778.83,1806.40,2311.19,1504.94,1244.06,1908.56,1776.12,1998.79,3279.41,3242.94,3001.16,4320.13,4663.93,3076.52,3163.56,2787.90,2802.19,3576.32,3970.34,4443.92,4251.70,4743.93,4047.08,3176.14,2921.13,2441.68,1855.00
78580,78625,78602.5,4895.77,139.45,3.73,1.20,2410.44,3375.26,1869.88,4627.15,3607.75,4340.88,3489.65,4791.94,3758.19,4144.95,5194.49,6543.59,4940.12,4496.09,3725.57,4485.36,3629.71,3195.65,3163.72,2798.09,2544.36,2414.69,1821.12,1917.49,1865.28,2184.68,2031.16,2754.02,2068.34,3225.16,4017.87,3880.51,3258.57,3879.02,4298.33,4320.06,4158.57,4361.15,4788.20,4095.36,3497.60,2871.59,2395.25,1806.52
78639,78684,78661.5,5453.87,162.74,4.29,1.20,2094.82,1410.17,1671.17,895.96,2228.51,3356.44,3303.41,2842.00,3745.31,5857.81,4640.39,5315.39,4896.90,4500.83,6048.77,6687.58,6326.20,5892.79,4946.29,3969.73,4199.89,3510.71,3382.88,3103.65,3224.38,2925.61,3227.38,3371.17,2805.91,3358.83,3091.24,4308.10,4431.09,4637.34,5573.08,5039.81,4991.38,5277.10,5324.93,4829.20,3755.17,3071.77,2561.60,2229.07
78698,78743,78720.5,6227.47,175.96,4.47,1.20,682.95,1382.60,499.31,849.00,1831.08,2515.19,3023.69,3643.97,3968.41,4707.09,5201.39,4662.62,5363.67,5205.55,5306.84,4680.31,5515.98,4974.62,4112.80,4616.46,5182.40,6803.05,6508.05,7910.43,7814.35,7610.63,5683.89,5326.40,5409.73,5271.92,4518.36,4960.51,4948.71,4570.94,4554.96,4589.63,4927.99,4792.76,5325.39,4393.91,4081.95,3533.09,3025.16,1925.52
78757,78802,78779.5,5644.38,157.62,4.03,1.20,1047.25,1065.38,5501.80,3363.21,838.37,1622.09,1780.18,3880.28,4252.45,3978.61,5994.45,5426.16,3977.85,5237.69,6047.58,5456.56,4897.45,5075.69,4898.22,4220.92,4016.59,4479.81,5589.90,4891.69,4720.24,5243.46,4074.56,3432.32,3896.71,3270.27,2860.60,3789.39,4955.54,4776.42,4476.67,5793.08,5146.10,5450.85,5499.24,4118.33,3079.79,2757.37,1961.51,2115.54
78816,78861,78838.5,5871.70,180.39,4.66,1.20,2939.46,1284.99,1264.17,3426.25,2451.52,1808.79,2552.22,4344.46,5627.32,4680.00,4156.25,4671.46,3936.40,4607.88,4546.71,4489.63,3966.90,4188.01,3906.47,3387.89,5235.05,5424.71,4487.68,5250.41,5005.67,3586.78,3558.12,3889.30,4773.94,4195.24,4418.60,4647.78,4677.73,5520.95,5822.35,6662.07,6773.18,5833.04,6067.20,4726.84,3874.38,3078.33,2624.62,2211.68
78875,78920,78897.5,5781.84,188.24,4.85,1.20,2213.37,1449.64,905.83,1161.95,2162.02,4343.15,3053.64,5667.77,5355.43,5724.62,4788.09,3882.84,3375.81,3382.44,3119.20,3584.53,2961.70,2219.34,2534.06,3108.09,3519.23,3942.86,4561.86,4342.94,4384.38,4730.67,5615.85,2897.02,3826.37,5750.19,5819.98,5711.10,5774.72,7146.39,6270.90,6741.22,6727.50,6505.97,5734.18,4549.48,3750.23,3440.19,2759.62,2218.64
78934,78979,78956.5,5762.44,192.73,5.04,1.20,1534.11,1672.64,2173.53,3105.98,2612.98,4901.94,4680.76,6151.69,4579.91,6037.56,6112.38,4542.95,3430.80,4298.68,3532.89,2760.21,2330.01,1730.98,1327.49,2100.29,2957.69,3710.06,3689.53,4539.86,4606.06,4522.24,4110.90,2949.76,3879.94,3500.70,5295.40,4988.62,5138.46,6430.02,6735.72,7728.57,7577.46,7328.88,6685.42,4494.03,4294.81,3419.66,2394.15,2495.49
78993,79038,79015.5,3754.44,95.18,2.41,1.22,0.00,582.53,1269.50,2341.89,1605.17,3746.15,3718.12,3813.55,3476.53,5887.34,8688.35,7449.77,6043.54,4566.48,3090.79,2388.50,1319.52,1126.66,1112.56,1073.57,1276.06,1483.14,1523.44,1698.55,2114.10,2312.38,1939.74,2066.01,2032.04,3151.66,2798.91,4139.92,2838.27,3197.43,3866.24,2993.23,2868.02,3276.85,2986.16,2289.88,1916.59,1681.01,1334.74,1057.25
79052,79097,79074.5,1753.51,34.37,0.84,1.36,1275.73,1682.44,2102.34,1804.94,2501.17,1866.09,1779.04,2441.69,2203.34,2855.89,2216.98,1876.60,2500.60,1650.41,1307.28,1082.53,678.75,592.08,778.13,665.38,550.78,731.32,850.83,724.82,899.36,1426.27,1109.91,1228.71,1124.37,1094.73,844.02,820.13,1028.53,1078.10,1079.58,1436.56,1463.61,961.98,909.95,801.51,759.06,539.26,630.91,156.50
79111,79156,79133.5,1355.41,28.56,0.72,1.51,0.00,1248.30,684.32,2668.15,351.68,905.13,1813.99,1971.25,2340.26,2048.71,1428.30,2003.63,1198.78,1291.40,982.90,898.83,1473.83,968.75,702.86,471.62,519.03,1332.07,344.60,538.94,656.57,956.77,453.02,958.38,790.90,792.66,595.63,890.10,891.30,1057.01,1248.27,1175.74,934.36,660.85,904.31,521.47,422.73,375.31,461.58,238.65
79171,79216,79193.5,1160.15,18.97,0.42,1.65,0.00,2797.15,0.00,567.67,1263.53,1320.41,286.24,1570.58,856.78,230.39,842.80,1379.20,1326.84,1127.23,1054.68,1187.83,1081.17,1067.50,1652.96,1150.19,1180.47,1298.58,1215.28,703.06,939.89,702.49,839.87,620.69,754.57,1051.45,999.45,915.96,908.48,718.94,847.61,546.09,283.76,397.15,280.38,287.32,257.42,164.87,161.41,110.48
79230,79275,79252.5,1649.49,12.71,0.25,1.74,0.00,6240.67,5863.57,3547.25,3181.77,2910.05,2828.59,2752.10,1652.59,1279.11,1094.25,1409.80,929.37,966.64,1100.88,1091.14,1146.26,1272.40,1232.01,1322.19,963.07,1099.56,1052.49,914.42,672.49,418.89,494.81,247.44,192.79,304.65,425.49,342.11,519.95,776.52,780.02,387.16,332.98,389.24,182.81,116.07,42.50,87.44,89.36,58.03
79289,79334,79311.5,1285.43,8.84,0.17,1.80,0.00,0.00,4613.42,5473.89,1646.59,3403.42,2751.39,1430.72,1596.07,1066.37,1388.26,1077.03,541.55,941.37,741.82,1058.53,1574.01,1108.73,1224.03,1066.70,865.50,949.25,794.55,664.95,543.23,542.43,315.24,464.28,432.84,262.16,408.04,318.67,231.90,334.27,195.02,239.04,234.99,208.82,56.42,92.07,92.79,50.41,0.00,26.10
79348,79393,79370.5,824.97,6.65,0.13,1.93,0.00,0.00,0.00,1902.07,0.00,478.72,1295.21,1847.20,1966.13,1451.24,1871.63,640.98,1142.96,911.34,1003.84,1073.30,1230.13,1392.28,910.90,863.60,813.26,986.99,540.25,507.24,372.41,289.44,249.22,332.52,422.01,265.99,273.65,148.60,137.32,201.31,108.41,197.34,128.68,87.73,41.74,62.16,26.77,101.80,35.04,0.00
79407,79452,79429.5,809.34,6.72,0.12,2.07,0.00,0.00,0.00,1217.68,815.33,1045.85,1135.60,290.82,1621.05,529.05,1416.31,1123.04,1428.57,952.67,1367.52,1077.79,787.39,785.03,1213.57,827.41,1383.03,765.56,614.02,890.51,690.65,785.87,320.93,748.24,322.81,333.48,373.39,205.31,25.87,84.07,63.97,66.40,32.94,173.13,98.72,170.03,8.03,21.39,0.00,28.70
79466,79511,79488.5,994.76,7.63,0.13,2.19,0.00,0.00,0.00,2842.00,1426.86,2275.88,1379.58,662.99,1298.06,749.90,526.85,1969.52,1505.76,1417.38,1461.65,1393.59,1206.16,1094.64,1088.36,1215.54,746.24,658.23,782.37,1053.33,676.99,656.01,491.45,238.11,410.57,328.65,393.54,261.74,475.20,322.66,129.98,272.40,113.97,52.09,42.83,47.93,13.70,35.41,83.62,8.63
79525,79570,79547.5,1579.42,10.06,0.19,2.29,0.00,0.00,0.00,6972.53,7181.72,4494.64,2749.57,1403.53,1050.56,1274.77,1543.81,859.28,1674.95,2031.83,988.58,2004.01,1875.02,1630.37,1370.95,1477.27,1352.10,1296.81,865.14,778.12,732.25,735.12,935.85,318.82,421.39,151.46,194.89,220.46,351.28,269.78,204.39,281.30,188.20,260.01,56.76,6.02,84.09,11.07,67.12,41.87
79584,79629,79606.5,1668.85,8.67,0.12,2.33,0.00,0.00,0.00,9308.89,7029.75,1355.57,2596.10,918.12,927.60,1369.38,2145.72,1672.07,1606.54,3007.03,2008.48,2136.12,1637.45,1918.97,1401.22,1042.56,1466.32,1556.38,1657.14,1077.97,1178.23,645.81,764.89,373.83,568.40,284.65,424.61,377.77,24.07,133.29,293.74,99.06,35.51,68.51,86.69,41.99,31.93,97.18,0.00,33.84
79643,79688,79665.5,1476.17,8.88,0.15,2.41,0.00,0.00,0.00,5763.51,6379.55,4077.66,2605.21,3171.93,915.10,1211.07,1542.71,1559.21,1394.12,1016.37,948.98,1269.08,1339.64,1692.67,1892.43,1281.55,754.71,1130.51,915.00,860.02,905.77,508.56,439.71,444.76,474.98,447.39,329.75,339.05,406.55,412.26,111.67,44.64,64.23,86.52,115.66,158.68,121.36,33.49,0.00,34.78
79702,79747,79724.5,1890.36,11.57,0.21,2.52,0.00,0.00,0.00,0.00,11773.03,6110.77,2439.77,6038.31,2085.90,2529.53,1662.01,2722.12,2387.62,2108.33,1564.38,1454.64,1881.05,1986.42,1073.89,1316.79,1656.19,1121.96,1302.80,440.07,893.41,759.49,613.85,499.22,553.45,402.68,400.09,293.47,619.65,286.21,413.66,240.43,181.06,165.94,110.01,44.68,45.20,103.08,70.58,75.67
79761,79806,79783.5,4946.49,13.11,0.16,2.63,0.00,0.00,0.00,0.00,31225.88,15529.22,16293.37,15960.29,10732.66,13038.96,8925.29,7633.50,8556.86,5513.96,3937.20,4762.34,2024.70,1782.35,1252.21,1773.53,1580.45,1287.31,882.20,510.71,790.07,393.13,416.48,356.47,457.02,497.38,325.14,378.90,350.40,186.53,228.80,230.54,95.28,51.51,0.00,171.48,36.94,0.00,0.00,38.77
79820,79865,79842.5,2863.14,10.14,0.16,2.75,0.00,0.00,0.00,0.00,0.00,14754.18,12934.11,14028.59,9573.18,7015.23,3916.34,3391.32,3271.11,3978.84,1830.13,3064.62,2119.92,2018.84,1215.95,841.86,499.93,821.81,912.67,702.63,687.00,708.76,523.55,422.13,374.63,247.80,295.30,286.47,290.59,80.48,234.38,120.86,11.11,25.00,96.57,13.63,22.91,15.76,106.02,40.50
79879,79924,79901.5,3030.30,11.41,0.14,2.86,0.00,0.00,0.00,0.00,0.00,12159.38,11492.29,10370.92,9148.22,6814.15,5795.23,3968.60,6639.77,4062.91,4614.50,3504.79,2868.34,2542.51,1527.55,1677.30,1257.48,1262.90,496.22,965.70,597.36,514.13,572.89,479.85,842.79,703.38,413.99,332.68,277.40,282.12,214.44,130.43,138.33,59.82,78.15,0.00,61.50,16.41,41.33,0.00
79938,79983,79960.5,2387.04,7.62,0.09,2.93,0.00,0.00,0.00,0.00,0.00,14462.69,13118.62,5834.77,5335.33,6329.34,4750.60,3578.80,2492.10,2781.64,2405.64,2450.36,1541.70,1913.81,1670.11,1276.56,746.90,926.60,588.97,605.35,550.58,475.10,60.55,556.06,372.79,287.51,350.82,180.96,151.15,77.76,29.70,75.50,99.20,119.04,79.80,40.21,27.37,41.44,0.00,0.00
79997,80042,80019.5,2969.75,9.54,0.14,3.02,0.00,0.00,0.00,0.00,0.00,29455.65,15099.60,6397.28,8743.32,4786.26,3519.91,4553.11,2332.11,2282.10,2023.24,1328.90,2165.82,2136.92,1481.01,774.69,1390.39,872.13,659.48,527.46,648.91,578.11,491.03,449.98,325.45,391.72,410.09,220.97,158.59,96.49,28.03,61.04,39.99,54.33,165.60,163.14,41.18,55.41,78.38,0.00
80056,80101,80078.5,8674.62,15.98,0.18,3.12,0.00,0.00,0.00,0.00,0.00,73552.94,60386.53,49351.16,32993.39,12192.77,11318.41,10252.48,7356.60,4095.25,1517.96,1542.74,1511.14,1391.86,1593.69,587.12,978.24,1095.90,1038.53,290.58,669.38,528.47,442.99,210.90,447.16,276.38,483.50,304.81,283.37,168.65,32.61,186.77,94.08,64.54,0.00,83.45,32.58,0.00,87.55,0.00
80115,80160,80137.5,20789.51,27.25,0.19,3.20,0.00,0.00,0.00,0.00,0.00,198160.55,158896.53,116972.35,68512.27,50050.31,27694.79,17805.70,8392.71,5493.66,3553.74,1257.04,749.46,714.25,427.16,534.08,107.62,500.29,468.81,633.13,626.08,482.39,338.85,304.06,222.59,545.15,74.98,262.00,365.78,223.35,140.06,231.62,123.18,32.67,84.38,44.30,43.15,24.59,108.50,0.00
80174,80219,80196.5,18965.99,25.81,0.17,3.26,0.00,0.00,0.00,0.00,0.00,174074.20,140045.83,112189.70,66225.48,45525.52,23851.22,16210.15,7387.54,3854.33,2318.87,2231.12,758.35,1139.11,951.44,579.11,1407.71,1099.28,890.83,817.76,739.51,660.93,676.79,570.27,400.17,361.25,350.66,521.09,297.02,156.64,66.83,146.19,183.00,19.38,126.16,0.00,0.00,0.00,0.00,46.28
80233,80278,80255.5,13352.45,23.51,0.20,3.32,0.00,0.00,0.00,0.00,0.00,0.00,135441.02,83375.54,71132.26,46678.84,26311.03,19887.30,10675.36,9175.65,5231.41,2509.45,2555.39,1524.14,1545.38,1307.56,1122.89,1009.36,1283.84,615.32,625.08,860.90,783.95,574.83,425.85,483.43,462.09,421.87,293.13,223.65,162.10,21.02,69.80,87.57,46.32,39.07,91.79,90.84,84.69,0.00
80293,80338,80315.5,10786.59,21.87,0.24,3.40,0.00,0.00,0.00,0.00,0.00,0.00,82941.78,76520.18,59461.84,41344.39,25562.85,14131.42,11450.57,8218.05,4194.62,4060.81,2396.22,1584.86,1644.73,1728.31,651.05,1284.47,1139.62,250.07,618.15,855.63,1101.31,659.51,759.33,561.64,453.44,401.09,279.37,188.63,122.06,8.27,139.46,50.35,0.00,79.27,42.08,0.00,0.00,129.87
80351,80396,80373.5,23716.04,43.43,0.25,3.60,0.00,0.00,0.00,0.00,0.00,0.00,149313.42,92621.40,88970.20,81197.83,66478.81,69591.00,53713.32,41973.64,38485.92,29295.16,19591.33,11731.11,6855.57,2796.28,1909.17,1363.43,458.17,335.47,389.04,157.92,177.82,329.51,95.85,185.83,183.65,53.23,29.10,112.57,87.39,81.75,99.54,26.59,72.04,18.96,30.71,47.92,0.00,0.00
80411,80456,80433.5,41040.84,65.34,0.33,3.70,0.00,0.00,0.00,0.00,0.00,0.00,0.00,332608.41,245256.33,225564.91,177908.92,127760.03,90323.70,50660.69,25465.09,15087.65,10230.66,4053.89,2379.72,921.75,906.69,600.64,756.66,388.67,348.93,147.55,246.59,344.65,81.15,373.28,113.01,100.38,52.75,134.96,139.12,47.60,16.10,0.00,0.00,51.07,0.00,110.15,0.00,31.81
80471,80516,80493.5,29757.98,42.91,0.21,3.69,0.00,0.00,0.00,0.00,0.00,0.00,0.00,300669.47,243098.44,177608.17,99174.44,54713.05,38467.85,17131.12,9558.34,4907.21,2151.07,586.91,510.22,181.30,297.35,964.71,444.56,200.09,253.05,122.21,59.37,119.61,101.16,123.07,97.39,50.83,2.43,91.86,170.67,25.25,21.82,44.71,4.98,100.38,24.65,74.19,20.99,82.39
80530,80575,80552.5,0.00,0.00,0.00,3.70,0.00,0.00,0.00,0.00,0.00,0.00,0.00,0.00,0.00,0.00,0.00,0.00,0.00,0.00,0.00,0.00,0.00,0.00,0.00,0.00,0.00,0.00,0.00,0.00,0.00,0.00,0.00,0.00,0.00,0.00,0.00,0.00,0.00,0.00,0.00,0.00,0.00,0.00,0.00,0.00,0.00,0.00,0.00,0.00
80589,80634,80611.5,0.00,0.00,0.00,3.70,0.00,0.00,0.00,0.00,0.00,0.00,0.00,0.00,0.00,0.00,0.00,0.00,0.00,0.00,0.00,0.00,0.00,0.00,0.00,0.00,0.00,0.00,0.00,0.00,0.00,0.00,0.00,0.00,0.00,0.00,0.00,0.00,0.00,0.00,0.00,0.00,0.00,0.00,0.00,0.00,0.00,0.00,0.00,0.00
80648,80693,80670.5,0.00,0.00,0.00,3.69,0.00,0.00,0.00,0.00,0.00,0.00,0.00,0.00,0.00,0.00,0.00,0.00,0.00,0.00,0.00,0.00,0.00,0.00,0.00,0.00,0.00,0.00,0.00,0.00,0.00,0.00,0.00,0.00,0.00,0.00,0.00,0.00,0.00,0.00,0.00,0.00,0.00,0.00,0.00,0.00,0.00,0.00,0.00,0.00
80707,80752,80729.5,0.00,0.00,0.00,3.69,0.00,0.00,0.00,0.00,0.00,0.00,0.00,0.00,0.00,0.00,0.00,0.00,0.00,0.00,0.00,0.00,0.00,0.00,0.00,0.00,0.00,0.00,0.00,0.00,0.00,0.00,0.00,0.00,0.00,0.00,0.00,0.00,0.00,0.00,0.00,0.00,0.00,0.00,0.00,0.00,0.00,0.00,0.00,0.00
80765,80810,80787.5,0.00,0.00,0.00,3.69,0.00,0.00,0.00,0.00,0.00,0.00,0.00,0.00,0.00,0.00,0.00,0.00,0.00,0.00,0.00,0.00,0.00,0.00,0.00,0.00,0.00,0.00,0.00,0.00,0.00,0.00,0.00,0.00,0.00,0.00,0.00,0.00,0.00,0.00,0.00,0.00,0.00,0.00,0.00,0.00,0.00,0.00,0.00,0.00
80823,80868,80845.5,0.00,0.00,0.00,3.69,0.00,0.00,0.00,0.00,0.00,0.00,0.00,0.00,0.00,0.00,0.00,0.00,0.00,0.00,0.00,0.00,0.00,0.00,0.00,0.00,0.00,0.00,0.00,0.00,0.00,0.00,0.00,0.00,0.00,0.00,0.00,0.00,0.00,0.00,0.00,0.00,0.00,0.00,0.00,0.00,0.00,0.00,0.00,0.00
80883,80928,80905.5,0.00,0.00,0.00,3.69,0.00,0.00,0.00,0.00,0.00,0.00,0.00,0.00,0.00,0.00,0.00,0.00,0.00,0.00,0.00,0.00,0.00,0.00,0.00,0.00,0.00,0.00,0.00,0.00,0.00,0.00,0.00,0.00,0.00,0.00,0.00,0.00,0.00,0.00,0.00,0.00,0.00,0.00,0.00,0.00,0.00,0.00,0.00,0.00
80942,80987,80964.5,0.00,0.00,0.00,3.69,0.00,0.00,0.00,0.00,0.00,0.00,0.00,0.00,0.00,0.00,0.00,0.00,0.00,0.00,0.00,0.00,0.00,0.00,0.00,0.00,0.00,0.00,0.00,0.00,0.00,0.00,0.00,0.00,0.00,0.00,0.00,0.00,0.00,0.00,0.00,0.00,0.00,0.00,0.00,0.00,0.00,0.00,0.00,0.00
81003,81048,81025.5,0.00,0.00,0.00,3.69,0.00,0.00,0.00,0.00,0.00,0.00,0.00,0.00,0.00,0.00,0.00,0.00,0.00,0.00,0.00,0.00,0.00,0.00,0.00,0.00,0.00,0.00,0.00,0.00,0.00,0.00,0.00,0.00,0.00,0.00,0.00,0.00,0.00,0.00,0.00,0.00,0.00,0.00,0.00,0.00,0.00,0.00,0.00,0.00
81059,81104,81081.5,0.00,0.00,0.00,3.69,0.00,0.00,0.00,0.00,0.00,0.00,0.00,0.00,0.00,0.00,0.00,0.00,0.00,0.00,0.00,0.00,0.00,0.00,0.00,0.00,0.00,0.00,0.00,0.00,0.00,0.00,0.00,0.00,0.00,0.00,0.00,0.00,0.00,0.00,0.00,0.00,0.00,0.00,0.00,0.00,0.00,0.00,0.00,0.00
