Data/Raw/MOORE,RICHARD/FIREXAQ-LARGE-SMPS_DC8_20190813_R0.ict
88,1001
Richard Moore, Elizabeth Wiggins, Edward Winstead, Claire Robinson, Lee Thornhill, and Kevin Sanchez
NASA Langley Research Center
In-situ Submicron Particle Size Distributions from a SMPS on the NASA DC-8
FIREXAQ
1,1
2019,08,13,2020,03,10
0
Time_start,Secs after midnight,Time of acquisition
50
1,1,1,1,1,1,1,1,1,1,1,1,1,1,1,1,1,1,1,1,1,1,1,1,1,1,1,1,1,1,1,1,1,1,1,1,1,1,1,1,1,1,1,1,1,1,1,1,1,1
-9999,-9999,-9999,-9999,-9999,-9999,-9999,-9999,-9999,-9999,-9999,-9999,-9999,-9999,-9999,-9999,-9999,-9999,-9999,-9999,-9999,-9999,-9999,-9999,-9999,-9999,-9999,-9999,-9999,-9999,-9999,-9999,-9999,-9999,-9999,-9999,-9999,-9999,-9999,-9999,-9999,-9999,-9999,-9999,-9999,-9999,-9999,-9999,-9999,-9999
Time_stop,Secs after midnight,Time of acquisition
Time_mid,Secs after midnight,Time of acquisition
nSMPS_stdPT,#/cm3,AerMP_NumConc_InSitu_RHd_Mobility_NucltoAccu_STP,integrated_number_density
sSMPS_stdPT,um2/cm3,AerMP_SurfAreaConc_InSitu_RHd_Mobility_NucltoAccu_STP,integrated_surface_area
vSMPS_stdPT,um3/cm3,AerMP_VolConc_InSitu_RHd_Mobility_NucltoAccu_STP,integrated_volume
SMPS_stdPT, unitless, None, conversion between ambient PT and standard PT (1013, 273)
SMPS_bin00_stdPT,#/cm3,AerMP_NumSizeDist_InSitu_RHd_Mobility_NucltoAccu_STP,Binned number size distribution (in dNdlogDp) measured by the SMPS
SMPS_bin01_stdPT,#/cm3,AerMP_NumSizeDist_InSitu_RHd_Mobility_NucltoAccu_STP,Binned number size distribution (in dNdlogDp) measured by the SMPS
SMPS_bin02_stdPT,#/cm3,AerMP_NumSizeDist_InSitu_RHd_Mobility_NucltoAccu_STP,Binned number size distribution (in dNdlogDp) measured by the SMPS
SMPS_bin03_stdPT,#/cm3,AerMP_NumSizeDist_InSitu_RHd_Mobility_NucltoAccu_STP,Binned number size distribution (in dNdlogDp) measured by the SMPS
SMPS_bin04_stdPT,#/cm3,AerMP_NumSizeDist_InSitu_RHd_Mobility_NucltoAccu_STP,Binned number size distribution (in dNdlogDp) measured by the SMPS
SMPS_bin05_stdPT,#/cm3,AerMP_NumSizeDist_InSitu_RHd_Mobility_NucltoAccu_STP,Binned number size distribution (in dNdlogDp) measured by the SMPS
SMPS_bin06_stdPT,#/cm3,AerMP_NumSizeDist_InSitu_RHd_Mobility_NucltoAccu_STP,Binned number size distribution (in dNdlogDp) measured by the SMPS
SMPS_bin07_stdPT,#/cm3,AerMP_NumSizeDist_InSitu_RHd_Mobility_NucltoAccu_STP,Binned number size distribution (in dNdlogDp) measured by the SMPS
SMPS_bin08_stdPT,#/cm3,AerMP_NumSizeDist_InSitu_RHd_Mobility_NucltoAccu_STP,Binned number size distribution (in dNdlogDp) measured by the SMPS
SMPS_bin09_stdPT,#/cm3,AerMP_NumSizeDist_InSitu_RHd_Mobility_NucltoAccu_STP,Binned number size distribution (in dNdlogDp) measured by the SMPS
SMPS_bin10_stdPT,#/cm3,AerMP_NumSizeDist_InSitu_RHd_Mobility_NucltoAccu_STP,Binned number size distribution (in dNdlogDp) measured by the SMPS
SMPS_bin11_stdPT,#/cm3,AerMP_NumSizeDist_InSitu_RHd_Mobility_NucltoAccu_STP,Binned number size distribution (in dNdlogDp) measured by the SMPS
SMPS_bin12_stdPT,#/cm3,AerMP_NumSizeDist_InSitu_RHd_Mobility_NucltoAccu_STP,Binned number size distribution (in dNdlogDp) measured by the SMPS
SMPS_bin13_stdPT,#/cm3,AerMP_NumSizeDist_InSitu_RHd_Mobility_NucltoAccu_STP,Binned number size distribution (in dNdlogDp) measured by the SMPS
SMPS_bin14_stdPT,#/cm3,AerMP_NumSizeDist_InSitu_RHd_Mobility_NucltoAccu_STP,Binned number size distribution (in dNdlogDp) measured by the SMPS
[...]
UNCERTAINTY:  20%
ULOD_FLAG: -7777
ULOD_VALUE: N/A
LLOD_FLAG: -8888
LLOD_VALUE: N/A
DM_CONTACT_INFO: Lee Thornhill (Kenneth.L.Thornhill@nasa.gov)
PROJECT_INFO: FIREX-AQ
STIPULATIONS_ON_USE: No stipulations on use. The user is encouraged to contact the PI or DM prior to use.
OTHER_COMMENTS: Midpoint diameters of Bins 00 to 43 are: 0.011,0.012,0.013,0.014,0.015,0.016,0.017,0.018,0.019,0.021,0.022,0.024,0.026,0.028,0.030,0.032,0.035,0.037,0.040,0.043,0.046,0.050,0.053,0.057,0.061,0.066,0.071,0.076,0.082,0.088,0.095,0.102,0.109,0.118,0.126,0.136,0.146,0.157,0.168,0.181,0.194,0.209,0.225,0.241
REVISION: R0
R0: Final Data. Data are corrected for time lags and ammonium sulfate size calibrations.
*******************************************************************************************************************************
Time_start,Time_stop,Time_mid,nSMPS_stdPT,sSMPS_stdPT,vSMPS_stdPT,SMPS_stdPT,SMPS_bin00_stdPT,SMPS_bin01_stdPT,SMPS_bin02_stdPT,SMPS_bin03_stdPT,SMPS_bin04_stdPT,SMPS_bin05_stdPT,SMPS_bin06_stdPT,SMPS_bin07_stdPT,SMPS_bin08_stdPT,SMPS_bin09_stdPT,SMPS_bin10_stdPT,SMPS_bin11_stdPT,SMPS_bin12_stdPT,SMPS_bin13_stdPT,SMPS_bin14_stdPT,SMPS_bin15_stdPT,SMPS_bin16_stdPT,SMPS_bin17_stdPT,SMPS_bin18_stdPT,SMPS_bin19_stdPT,SMPS_bin20_stdPT,SMPS_bin21_stdPT,SMPS_bin22_stdPT,SMPS_bin23_stdPT,SMPS_bin24_stdPT,SMPS_bin25_stdPT,SMPS_bin26_stdPT,SMPS_bin27_stdPT,SMPS_bin28_stdPT,SMPS_bin29_stdPT,SMPS_bin30_stdPT,SMPS_bin31_stdPT,SMPS_bin32_stdPT,SMPS_bin33_stdPT,SMPS_bin34_stdPT,SMPS_bin35_stdPT,SMPS_bin36_stdPT,SMPS_bin37_stdPT,SMPS_bin38_stdPT,SMPS_bin39_stdPT,SMPS_bin40_stdPT,SMPS_bin41_stdPT,SMPS_bin42_stdPT,SMPS_bin43_stdPT
[from data line 385]
98659,98704,98681.5,1067.97,11.55,0.19,2.38,0.00,0.00,0.00,0.00,0.00,1597.24,1616.35,1391.18,2093.55,1221.99,754.96,1446.81,870.13,613.52,1222.65,825.40,930.64,970.36,1487.56,1217.06,1284.19,1403.48,1331.72,1170.11,1370.01,1685.08,1727.97,951.34,1011.86,1244.45,469.73,502.77,577.75,333.49,193.24,157.14,172.65,1.50,97.07,27.48,24.75,33.69,34.30,35.01
98718,98763,98740.5,946.35,9.05,0.14,2.47,0.00,0.00,0.00,0.00,0.02,3570.15,1037.96,2265.56,1568.47,0.00,761.65,625.26,648.17,1055.51,546.20,697.50,892.71,1100.29,660.07,1133.39,1885.40,1208.14,1495.00,1473.55,1299.22,780.93,1103.23,837.24,953.86,529.56,569.84,320.57,407.32,304.84,87.20,33.57,85.26,85.51,99.39,0.00,17.93,34.52,69.76,0.00
98777,98822,98799.5,1156.99,8.38,0.13,2.59,0.00,0.00,0.00,0.00,2760.53,962.42,2462.63,2693.44,3796.97,1275.69,630.57,1422.59,1160.90,931.45,1340.28,655.57,812.97,1072.48,1040.54,1755.51,1948.79,1316.54,1520.25,1529.53,762.65,828.88,1155.34,412.98,430.44,494.79,387.16,406.80,339.07,191.73,49.67,168.22,52.68,26.25,34.95,31.06,35.82,35.94,0.00,49.95
98836,98881,98858.5,970.88,11.87,0.21,2.73,0.00,0.00,0.00,0.00,0.00,1430.27,1346.15,2469.00,2188.25,891.74,250.78,135.41,881.52,712.95,711.89,766.20,1103.80,1125.16,416.65,726.47,1115.61,1563.11,1552.33,1478.67,1298.18,984.74,1532.42,1216.08,1043.29,664.22,765.89,574.37,733.27,285.13,266.41,210.12,69.90,179.25,10.39,37.28,106.64,48.94,25.91,40.00
98895,98940,98917.5,1011.56,13.79,0.25,2.83,0.00,0.00,0.00,0.00,0.00,0.00,1347.82,2193.54,1528.25,1566.07,490.40,576.52,653.76,1027.88,1313.80,450.74,707.38,1060.95,1106.63,1492.73,1224.54,1157.02,1413.16,1123.77,1231.46,1585.85,1306.17,1426.54,1436.88,971.84,480.10,382.81,855.60,775.24,402.98,219.31,159.28,109.86,133.35,35.67,203.97,79.01,40.00,0.00
98954,98999,98976.5,1037.84,14.24,0.28,2.95,0.00,0.00,0.00,0.00,0.00,4742.45,1525.86,1471.57,1115.37,891.98,965.49,792.13,1173.73,730.65,615.94,535.28,630.47,932.22,1396.42,585.05,729.44,805.73,917.41,1029.83,984.47,1235.00,1075.41,943.55,1220.23,1495.38,535.94,914.84,706.82,498.43,567.56,551.60,102.51,143.15,12.73,167.50,100.43,209.18,41.63,42.88
99013,99058,99035.5,1083.02,15.04,0.27,3.02,0.00,0.00,0.00,0.00,0.00,3174.78,0.00,3247.37,1836.10,528.84,641.92,1082.69,710.54,754.91,788.00,472.45,622.04,956.52,1117.43,1093.71,1094.63,1381.95,1108.66,1148.35,1235.21,686.08,1822.71,1221.76,1414.47,1192.40,1087.44,997.20,897.87,465.79,570.46,218.59,410.55,108.70,134.02,31.49,81.57,165.43,35.91,74.07
99072,99117,99094.5,1103.77,13.90,0.27,3.04,0.00,0.00,0.00,0.00,0.00,2758.00,2342.16,1089.33,2388.84,1232.93,1241.95,1613.18,1030.21,1012.85,1243.02,1020.79,559.42,621.46,763.65,671.88,836.56,1366.96,1489.99,688.92,1207.81,632.26,836.16,1021.60,1340.01,1403.53,1253.40,996.19,762.91,533.91,377.31,398.22,0.00,48.90,1.71,68.15,79.91,187.12,55.94,0.00
99131,99176,99153.5,1513.21,11.16,0.19,3.04,0.00,0.00,0.00,0.00,0.00,10070.63,4349.87,3900.41,2055.57,1797.55,3312.80,2019.29,2236.81,1255.82,1208.70,1457.55,1212.79,781.45,346.20,1051.59,542.42,589.65,980.65,956.08,837.39,739.86,687.46,806.77,755.10,732.31,680.05,982.99,705.73,379.85,93.66,217.54,83.50,149.83,35.28,120.13,158.64,0.00,56.07,0.00
99190,99235,99212.5,0.00,0.00,0.00,3.08,0.00,0.00,0.00,0.00,0.00,0.00,0.00,0.00,0.00,0.00,0.00,0.00,0.00,0.00,0.00,0.00,0.00,0.00,0.00,0.00,0.00,0.00,0.00,0.00,0.00,0.00,0.00,0.00,0.00,0.00,0.00,0.00,0.00,0.00,0.00,0.00,0.00,0.00,0.00,0.00,0.00,0.00,0.00,0.00
99249,99294,99271.5,0.00,0.00,0.00,3.13,0.00,0.00,0.00,0.00,0.00,0.00,0.00,0.00,0.00,0.00,0.00,0.00,0.00,0.00,0.00,0.00,0.00,0.00,0.00,0.00,0.00,0.00,0.00,0.00,0.00,0.00,0.00,0.00,0.00,0.00,0.00,0.00,0.00,0.00,0.00,0.00,0.00,0.00,0.00,0.00,0.00,0.00,0.00,0.00
99308,99353,99330.5,0.00,0.00,0.00,3.13,0.00,0.00,0.00,0.00,0.00,0.00,0.00,0.00,0.00,0.00,0.00,0.00,0.00,0.00,0.00,0.00,0.00,0.00,0.00,0.00,0.00,0.00,0.00,0.00,0.00,0.00,0.00,0.00,0.00,0.00,0.00,0.00,0.00,0.00,0.00,0.00,0.00,0.00,0.00,0.00,0.00,0.00,0.00,0.00
99367,99412,99389.5,0.00,0.00,0.00,3.14,0.00,0.00,0.00,0.00,0.00,0.00,0.00,0.00,0.00,0.00,0.00,0.00,0.00,0.00,0.00,0.00,0.00,0.00,0.00,0.00,0.00,0.00,0.00,0.00,0.00,0.00,0.00,0.00,0.00,0.00,0.00,0.00,0.00,0.00,0.00,0.00,0.00,0.00,0.00,0.00,0.00,0.00,0.00,0.00
99426,99471,99448.5,0.00,0.00,0.00,3.13,0.00,0.00,0.00,0.00,0.00,0.00,0.00,0.00,0.00,0.00,0.00,0.00,0.00,0.00,0.00,0.00,0.00,0.00,0.00,0.00,0.00,0.00,0.00,0.00,0.00,0.00,0.00,0.00,0.00,0.00,0.00,0.00,0.00,0.00,0.00,0.00,0.00,0.00,0.00,0.00,0.00,0.00,0.00,0.00
99485,99530,99507.5,0.00,0.00,0.00,3.13,0.00,0.00,0.00,0.00,0.00,0.00,0.00,0.00,0.00,0.00,0.00,0.00,0.00,0.00,0.00,0.00,0.00,0.00,0.00,0.00,0.00,0.00,0.00,0.00,0.00,0.00,0.00,0.00,0.00,0.00,0.00,0.00,0.00,0.00,0.00,0.00,0.00,0.00,0.00,0.00,0.00,0.00,0.00,0.00
99544,99589,99566.5,0.00,0.00,0.00,3.21,0.00,0.00,0.00,0.00,0.00,0.00,0.00,0.00,0.00,0.00,0.00,0.00,0.00,0.00,0.00,0.00,0.00,0.00,0.00,0.00,0.00,0.00,0.00,0.00,0.00,0.00,0.00,0.00,0.00,0.00,0.00,0.00,0.00,0.00,0.00,0.00,0.00,0.00,0.00,0.00,0.00,0.00,0.00,0.00
99603,99648,99625.5,0.00,0.00,0.00,3.25,0.00,0.00,0.00,0.00,0.00,0.00,0.00,0.00,0.00,0.00,0.00,0.00,0.00,0.00,0.00,0.00,0.00,0.00,0.00,0.00,0.00,0.00,0.00,0.00,0.00,0.00,0.00,0.00,0.00,0.00,0.00,0.00,0.00,0.00,0.00,0.00,0.00,0.00,0.00,0.00,0.00,0.00,0.00,0.00
99662,99707,99684.5,655.09,8.01,0.16,3.25,0.00,0.00,0.00,0.00,0.00,0.00,0.06,2060.49,1658.53,868.58,598.82,225.34,216.42,494.33,568.35,691.68,1397.63,820.01,1225.98,1113.67,744.10,695.77,992.98,1440.09,909.52,847.74,346.97,530.73,440.70,288.97,271.38,215.94,323.67,136.94,29.34,12.14,58.79,114.59,5.90,217.96,89.00,45.03,91.71,125.13
99721,99766,99743.5,663.59,8.46,0.16,3.25,0.00,0.00,0.00,0.00,0.00,0.00,0.00,2055.83,498.86,811.78,626.11,1029.57,1156.93,404.87,584.56,647.75,947.94,598.42,1075.92,620.27,1024.88,467.88,1103.42,1037.83,866.43,776.56,1145.51,932.94,429.86,585.96,216.50,140.73,127.62,181.72,249.33,125.37,65.58,174.11,84.70,43.27,115.45,154.57,46.02,31.53
99780,99825,99802.5,612.29,7.88,0.15,3.24,0.00,0.00,0.00,0.00,0.00,0.00,1009.23,1495.05,577.80,0.14,918.51,482.50,626.71,692.15,728.09,1171.13,507.51,455.98,601.40,512.47,1051.81,983.47,1012.59,844.38,800.44,469.75,891.48,331.72,561.79,432.84,666.71,334.95,219.29,389.89,195.62,68.67,86.78,98.85,30.98,0.00,157.64,72.51,0.00,63.21
99839,99884,99861.5,856.13,7.27,0.11,3.25,0.00,0.00,0.00,0.00,0.00,0.00,7533.27,1514.34,1690.14,428.28,1002.73,504.50,0.00,501.65,1188.09,890.47,377.63,1152.39,785.21,773.53,878.62,886.43,766.06,591.66,510.68,550.11,614.37,722.59,831.58,704.78,212.13,496.68,334.37,366.84,188.63,53.14,0.00,77.98,23.17,108.97,44.74,90.56,0.00,0.00
99898,99943,99920.5,1320.46,6.58,0.10,3.25,0.00,0.00,0.00,0.00,0.00,0.00,17755.65,6820.86,2032.46,1684.33,951.26,1524.16,410.32,503.85,460.48,1298.05,242.60,408.67,702.72,551.28,621.90,1031.41,599.11,553.16,292.06,245.68,733.28,314.58,187.15,236.44,518.80,214.76,349.04,208.87,304.65,111.24,96.81,128.18,30.80,0.00,52.57,31.67,0.00,3.88
99958,100003,99980.5,703.37,6.71,0.14,3.24,0.00,0.00,0.00,0.00,0.00,0.00,2921.38,1505.47,1024.40,2710.70,727.51,869.29,1047.16,891.58,1184.75,1189.88,679.80,383.96,456.80,554.61,449.40,449.39,422.13,274.39,464.28,440.67,474.57,785.17,375.01,143.81,506.23,285.95,206.97,218.58,270.52,187.37,48.84,83.34,52.44,32.35,26.54,0.00,0.00,62.81
100016,100061,100038,727.84,6.75,0.12,3.24,0.00,0.00,0.00,0.00,0.00,0.00,4549.89,2178.41,1649.72,1121.46,375.69,533.04,623.30,1051.91,718.77,390.95,462.92,719.81,368.92,982.91,718.63,947.84,520.37,588.89,628.81,521.22,155.29,404.25,257.55,630.46,331.25,359.67,423.69,187.51,182.18,169.38,127.38,143.15,69.71,0.00,133.45,0.00,0.00,62.58
100075,100120,100098,736.88,6.75,0.11,3.24,0.00,0.00,0.00,0.00,0.00,0.00,1191.00,2859.64,3225.40,812.27,1298.03,740.26,1050.64,179.37,285.64,755.64,607.04,359.60,544.52,510.11,928.72,1368.32,751.85,281.78,713.01,853.55,1059.71,632.52,191.75,390.52,435.49,487.08,276.56,181.28,87.12,0.00,64.62,136.46,175.24,74.54,0.00,45.01,0.00,25.96
100134,100179,100156,538.57,7.45,0.15,3.24,0.00,0.00,0.00,0.00,0.00,0.00,1188.72,812.90,0.00,1182.38,56.81,495.99,511.54,758.81,228.15,796.14,705.85,949.04,767.80,628.64,768.50,1195.84,474.07,758.56,345.45,421.15,481.07,590.66,487.07,403.70,365.53,378.50,252.81,205.79,38.37,256.01,181.55,58.75,100.65,109.88,68.19,45.29,68.69,47.13
100193,100238,100216,719.23,6.76,0.12,3.24,0.00,0.00,0.00,0.00,0.00,0.00,6277.08,2745.21,337.40,1207.49,0.00,501.63,0.00,172.98,673.32,43.71,496.07,720.29,1106.02,811.35,602.91,421.07,903.80,924.89,500.59,872.69,401.84,346.02,498.35,429.12,473.71,235.93,384.89,131.71,64.78,245.43,187.21,100.78,40.49,32.54,42.82,0.00,0.00,31.13
100253,100298,100276,645.99,5.22,0.08,3.24,0.00,0.00,0.00,0.00,0.00,0.00,4184.03,811.36,2845.99,962.07,448.40,469.22,217.56,521.51,428.86,799.31,1080.06,414.41,455.95,588.43,506.59,414.21,785.33,593.93,374.92,686.85,600.93,419.37,356.32,256.58,203.22,180.63,158.38,219.71,175.41,87.22,118.74,174.88,120.38,0.00,0.00,10.85,0.00,0.00
100312,100357,100334,931.60,3.56,0.06,3.24,0.00,0.00,0.00,0.00,0.00,0.00,13294.98,5568.24,726.08,1624.44,591.96,1042.24,636.98,200.91,812.37,1099.21,358.93,207.55,523.50,72.11,479.01,56.87,187.62,360.81,156.61,142.45,280.04,56.88,148.93,379.29,55.73,259.39,146.10,146.07,43.80,5.32,0.00,51.85,0.00,0.00,0.00,45.15,0.00,0.00
100371,100416,100394,647.84,2.52,0.03,3.21,0.00,0.00,0.00,0.00,0.00,0.00,5271.57,6244.66,329.67,1956.59,415.64,895.60,198.06,895.36,594.84,405.00,554.99,192.98,229.98,335.04,40.80,100.11,178.81,392.16,47.38,167.13,281.59,95.08,160.79,277.57,34.20,16.06,71.87,138.18,8.20,28.56,85.64,0.00,11.42,75.23,0.00,0.00,0.00,0.00
100430,100475,100452,1089.26,2.67,0.03,3.14,0.00,0.00,0.00,0.00,0.00,18716.08,4520.94,2910.09,1638.67,778.12,1151.62,615.13,180.76,308.86,687.14,110.79,292.10,314.95,413.71,196.91,238.74,67.71,137.42,229.24,155.49,4.66,376.75,138.65,73.44,30.74,23.03,51.17,82.78,41.39,41.08,166.07,79.99,82.23,0.00,0.00,0.00,0.00,0.00,0.00
100489,100534,100512,810.85,2.90,0.05,3.12,0.00,0.00,0.00,0.00,0.00,11028.15,964.96,4157.78,1650.76,896.38,1291.03,634.91,930.99,316.81,553.26,249.48,344.29,444.84,88.67,146.87,58.85,305.38,27.22,56.36,352.35,150.30,186.03,371.52,145.38,29.56,84.88,0.00,64.14,33.34,53.23,81.58,61.09,140.62,0.00,0.00,0.00,0.00,0.00,0.00
100548,100593,100570,1262.82,3.93,0.06,3.12,0.00,0.00,0.00,0.00,0.00,17993.26,6762.21,3854.14,2205.03,1079.75,1209.83,1137.86,361.57,478.81,133.58,371.88,288.17,323.84,277.61,52.14,176.93,471.13,490.88,231.08,182.44,415.14,415.00,447.58,78.98,150.19,230.80,99.26,136.96,81.84,82.54,0.00,32.53,41.21,0.00,0.00,25.68,16.91,43.44,0.00
100607,100652,100630,1447.49,6.24,0.10,3.12,0.00,0.00,0.00,0.00,0.00,15564.38,6128.55,4899.26,2764.62,1067.19,1690.10,1004.88,775.84,444.51,516.92,533.86,1100.81,937.86,1008.09,890.25,1097.07,266.11,772.12,903.65,840.04,680.86,738.80,252.85,176.47,247.20,209.81,0.51,76.88,209.11,43.81,97.20,0.00,137.91,0.00,65.77,0.00,86.21,0.00,44.42
100666,100711,100688,1245.55,7.04,0.12,3.11,0.00,0.00,0.00,0.00,0.00,9343.64,7886.30,4914.17,2991.28,703.88,523.81,1149.28,172.74,311.77,263.18,463.61,1037.41,1604.46,326.10,532.05,410.33,743.29,418.69,1401.57,704.48,854.83,448.63,318.68,647.13,279.89,180.25,224.16,72.65,11.41,122.32,198.05,38.66,154.88,197.22,97.23,0.00,17.00,0.00,44.73
100725,100770,100748,1262.45,5.32,0.07,3.12,0.00,0.00,0.00,0.00,0.00,15047.36,5164.99,4782.79,1575.02,691.29,0.00,663.73,402.80,689.85,734.72,505.82,451.23,1474.90,1084.31,747.53,778.30,522.04,800.55,794.13,588.96,494.02,582.54,397.87,107.80,210.20,136.83,123.16,95.99,134.85,153.45,125.33,125.40,167.75,0.00,0.00,42.76,0.00,0.00,0.00
100784,100829,100806,890.02,6.04,0.12,3.12,0.00,0.00,0.00,0.00,0.00,8683.51,4513.64,0.00,1610.97,0.00,1407.89,203.72,1191.16,403.75,522.05,362.30,920.63,276.94,572.80,849.10,562.72,683.93,1128.49,580.24,909.87,404.88,417.93,390.81,301.94,330.29,295.05,12.14,84.78,119.94,224.28,141.42,20.33,77.92,71.64,19.49,22.40,20.51,0.00,45.58
100843,100888,100866,1232.03,8.23,0.20,3.11,0.00,0.00,0.00,0.00,0.00,13825.73,4756.55,4634.71,2428.10,369.30,1110.70,0.00,743.11,630.08,1153.48,686.68,830.96,337.59,242.35,869.12,792.81,562.22,606.46,815.61,434.89,409.48,302.50,150.83,501.12,117.09,370.38,208.95,391.78,112.58,187.95,190.61,111.93,0.00,0.00,144.98,61.19,9.49,37.75,72.88
100902,100947,100924,921.54,5.20,0.07,3.12,0.00,0.00,0.00,0.00,0.00,0.00,5513.14,6265.15,2848.90,2119.09,720.77,261.91,496.67,899.75,785.87,510.42,773.28,337.22,854.95,518.86,635.81,626.06,882.22,570.17,926.04,517.63,398.06,370.95,293.39,105.48,341.13,127.82,84.98,109.24,103.63,160.48,126.57,42.37,42.43,9.44,109.35,0.00,0.00,0.00
100961,101006,100984,965.32,6.70,0.14,3.12,0.00,0.00,0.00,0.00,0.00,0.00,9970.54,3527.15,1626.58,1505.26,1080.49,391.44,1013.62,1363.74,452.50,639.90,766.37,844.23,596.86,857.29,995.79,449.72,1011.65,435.12,520.62,487.41,172.20,247.74,489.96,3.40,198.71,128.48,171.90,74.49,73.20,56.48,170.28,74.07,36.80,68.32,86.42,116.82,0.00,90.86
101020,101065,101042,1111.78,4.95,0.08,3.12,0.00,0.00,0.00,0.00,0.00,14571.56,4506.44,3995.76,1663.73,374.58,1436.15,904.24,0.49,478.68,261.73,440.79,294.15,160.61,297.40,328.52,759.30,617.70,682.04,548.41,657.36,415.37,155.16,343.36,300.89,158.47,208.18,274.78,45.56,207.80,58.98,40.02,76.58,123.25,43.84,41.48,57.23,0.00,0.00,0.00
101079,101124,101102,1459.08,6.32,0.13,3.12,0.00,0.00,0.00,0.00,0.00,24555.53,7725.98,2606.04,1410.93,732.50,269.57,236.82,0.00,456.01,247.03,452.90,96.22,1166.78,595.65,677.79,759.76,675.94,578.49,433.23,250.41,376.93,328.07,455.59,295.02,193.34,159.91,52.97,104.68,164.36,102.20,30.57,27.82,8.14,15.00,14.53,56.75,121.03,88.55,45.06
101138,101183,101160,880.40,4.43,0.07,3.11,0.00,0.00,0.00,0.00,0.00,7170.93,8048.64,3236.02,875.96,740.80,275.28,429.87,53.72,574.18,139.57,86.81,297.40,426.00,434.99,141.47,623.42,408.40,477.50,372.04,702.57,231.86,686.75,409.33,290.87,212.47,184.91,111.94,0.00,139.73,43.36,0.00,18.75,41.59,0.00,41.93,113.41,110.95,19.46,0.00
101197,101242,101220,598.59,3.38,0.05,3.11,0.00,0.00,0.00,0.00,0.00,2456.59,5139.55,1051.50,1636.41,372.31,561.28,164.33,402.31,298.43,259.85,562.83,265.69,757.95,428.33,623.29,230.89,782.82,227.27,442.94,393.05,259.76,243.11,420.70,210.32,249.52,172.69,75.35,129.96,0.00,63.07,7.42,124.51,41.65,0.00,42.22,56.97,0.00,0.00,0.00
101256,101301,101278,1105.19,4.75,0.08,3.12,0.00,0.00,0.00,0.00,0.00,14331.97,6113.33,1589.57,2985.85,1070.09,258.39,212.44,545.83,332.13,263.17,319.58,603.60,531.84,71.31,493.92,430.90,545.24,922.94,618.14,424.82,378.17,471.49,508.25,200.61,201.49,122.64,263.55,89.18,84.69,82.96,41.52,0.00,41.74,81.18,0.00,57.04,0.00,0.00,45.22
101315,101360,101338,753.58,5.71,0.11,3.12,0.00,0.00,0.00,0.00,0.00,9506.71,1764.68,570.72,984.62,0.00,0.00,473.07,347.74,452.29,511.29,357.95,363.55,890.18,728.13,692.94,610.01,660.90,984.42,661.46,415.88,447.04,610.33,311.00,215.02,401.98,18.71,311.18,235.71,27.93,6.35,97.46,0.00,62.25,55.37,0.00,28.31,174.53,43.95,50.69
101374,101419,101396,974.85,5.84,0.13,3.12,0.00,0.00,0.00,0.00,0.00,11302.41,7233.68,1309.27,428.63,329.57,288.16,232.42,368.05,0.00,115.83,579.21,738.21,350.68,631.33,813.78,443.72,914.38,942.22,1023.73,616.38,327.27,682.84,242.78,168.12,356.69,122.57,72.47,80.60,32.45,19.79,30.01,23.57,0.00,33.66,36.39,27.09,30.25,0.00,44.64
101433,101478,101456,1177.35,6.69,0.13,3.12,0.00,0.00,0.00,0.00,0.00,14621.82,6586.73,2935.17,1698.19,196.99,156.98,632.66,174.13,146.45,582.23,511.05,452.33,1005.67,276.45,484.79,465.45,1053.36,864.81,900.74,501.45,593.91,737.13,261.54,278.25,97.60,295.40,72.32,151.89,150.26,114.17,10.83,172.20,46.54,97.68,0.00,78.73,60.10,132.09,0.00
