Data/Raw/MOORE,RICHARD/FIREXAQ-LARGE-SMPS_DC8_20190730_R0.ict
88,1001
Richard Moore, Elizabeth Wiggins, Edward Winstead, Claire Robinson, Lee Thornhill, and Kevin Sanchez
NASA Langley Research Center
In-situ Submicron Particle Size Distributions from a SMPS on the NASA DC-8
FIREXAQ
1,1
2019,07,30,2020,03,10
0
Time_start,Secs after midnight,Time of acquisition
50
1,1,1,1,1,1,1,1,1,1,1,1,1,1,1,1,1,1,1,1,1,1,1,1,1,1,1,1,1,1,1,1,1,1,1,1,1,1,1,1,1,1,1,1,1,1,1,1,1,1
-9999,-9999,-9999,-9999,-9999,-9999,-9999,-9999,-9999,-9999,-9999,-9999,-9999,-9999,-9999,-9999,-9999,-9999,-9999,-9999,-9999,-9999,-9999,-9999,-9999,-9999,-9999,-9999,-9999,-9999,-9999,-9999,-9999,-9999,-9999,-9999,-9999,-9999,-9999,-9999,-9999,-9999,-9999,-9999,-9999,-9999,-9999,-9999,-9999,-9999
Time_stop,Secs after midnight,Time of acquisition
Time_mid,Secs after midnight,Time of acquisition
nSMPS_stdPT,#/cm3,AerMP_NumConc_InSitu_RHd_Mobility_NucltoAccu_STP,integrated_number_density
sSMPS_stdPT,um2/cm3,AerMP_SurfAreaConc_InSitu_RHd_Mobility_NucltoAccu_STP,integrated_surface_area
vSMPS_stdPT,um3/cm3,AerMP_VolConc_InSitu_RHd_Mobility_NucltoAccu_STP,integrated_volume
SMPS_stdPT, unitless, None, conversion between ambient PT and standard PT (1013, 273)
SMPS_bin00_stdPT,#/cm3,AerMP_NumSizeDist_InSitu_RHd_Mobility_NucltoAccu_STP,Binned number size distribution (in dNdlogDp) measured by the SMPS
SMPS_bin01_stdPT,#/cm3,AerMP_NumSizeDist_InSitu_RHd_Mobility_NucltoAccu_STP,Binned number size distribution (in dNdlogDp) measured by the SMPS
SMPS_bin02_stdPT,#/cm3,AerMP_NumSizeDist_InSitu_RHd_Mobility_NucltoAccu_STP,Binned number size distribution (in dNdlogDp) measured by the SMPS
SMPS_bin03_stdPT,#/cm3,AerMP_NumSizeDist_InSitu_RHd_Mobility_NucltoAccu_STP,Binned number size distribution (in dNdlogDp) measured by the SMPS
SMPS_bin04_stdPT,#/cm3,AerMP_NumSizeDist_InSitu_RHd_Mobility_NucltoAccu_STP,Binned number size distribution (in dNdlogDp) measured by the SMPS
SMPS_bin05_stdPT,#/cm3,AerMP_NumSizeDist_InSitu_RHd_Mobility_NucltoAccu_STP,Binned number size distribution (in dNdlogDp) measured by the SMPS
SMPS_bin06_stdPT,#/cm3,AerMP_NumSizeDist_InSitu_RHd_Mobility_NucltoAccu_STP,Binned number size distribution (in dNdlogDp) measured by the SMPS
SMPS_bin07_stdPT,#/cm3,AerMP_NumSizeDist_InSitu_RHd_Mobility_NucltoAccu_STP,Binned number size distribution (in dNdlogDp) measured by the SMPS
SMPS_bin08_stdPT,#/cm3,AerMP_NumSizeDist_InSitu_RHd_Mobility_NucltoAccu_STP,Binned number size distribution (in dNdlogDp) measured by the SMPS
SMPS_bin09_stdPT,#/cm3,AerMP_NumSizeDist_InSitu_RHd_Mobility_NucltoAccu_STP,Binned number size distribution (in dNdlogDp) measured by the SMPS
SMPS_bin10_stdPT,#/cm3,AerMP_NumSizeDist_InSitu_RHd_Mobility_NucltoAccu_STP,Binned number size distribution (in dNdlogDp) measured by the SMPS
SMPS_bin11_stdPT,#/cm3,AerMP_NumSizeDist_InSitu_RHd_Mobility_NucltoAccu_STP,Binned number size distribution (in dNdlogDp) measured by the SMPS
SMPS_bin12_stdPT,#/cm3,AerMP_NumSizeDist_InSitu_RHd_Mobility_NucltoAccu_STP,Binned number size distribution (in dNdlogDp) measured by the SMPS
SMPS_bin13_stdPT,#/cm3,AerMP_NumSizeDist_InSitu_RHd_Mobility_NucltoAccu_STP,Binned number size distribution (in dNdlogDp) measured by the SMPS
SMPS_bin14_stdPT,#/cm3,AerMP_NumSizeDist_InSitu_RHd_Mobility_NucltoAccu_STP,Binned number size distribution (in dNdlogDp) measured by the SMPS
[...]
UNCERTAINTY:  20%
ULOD_FLAG: -7777
ULOD_VALUE: N/A
LLOD_FLAG: -8888
LLOD_VALUE: N/A
DM_CONTACT_INFO: Lee Thornhill (Kenneth.L.Thornhill@nasa.gov)
PROJECT_INFO: FIREX-AQ
STIPULATIONS_ON_USE: No stipulations on use. The user is encouraged to contact the PI or DM prior to use.
OTHER_COMMENTS: Midpoint diameters of Bins 00 to 43 are: 0.011,0.012,0.013,0.014,0.015,0.016,0.017,0.018,0.019,0.021,0.022,0.024,0.026,0.028,0.030,0.032,0.035,0.037,0.040,0.043,0.046,0.050,0.053,0.057,0.061,0.066,0.071,0.076,0.082,0.088,0.095,0.102,0.109,0.118,0.126,0.136,0.146,0.157,0.168,0.181,0.194,0.209,0.225,0.241
REVISION: R0
R0: Final Data. Data are corrected for time lags and ammonium sulfate size calibrations.
*******************************************************************************************************************************
Time_start,Time_stop,Time_mid,nSMPS_stdPT,sSMPS_stdPT,vSMPS_stdPT,SMPS_stdPT,SMPS_bin00_stdPT,SMPS_bin01_stdPT,SMPS_bin02_stdPT,SMPS_bin03_stdPT,SMPS_bin04_stdPT,SMPS_bin05_stdPT,SMPS_bin06_stdPT,SMPS_bin07_stdPT,SMPS_bin08_stdPT,SMPS_bin09_stdPT,SMPS_bin10_stdPT,SMPS_bin11_stdPT,SMPS_bin12_stdPT,SMPS_bin13_stdPT,SMPS_bin14_stdPT,SMPS_bin15_stdPT,SMPS_bin16_stdPT,SMPS_bin17_stdPT,SMPS_bin18_stdPT,SMPS_bin19_stdPT,SMPS_bin20_stdPT,SMPS_bin21_stdPT,SMPS_bin22_stdPT,SMPS_bin23_stdPT,SMPS_bin24_stdPT,SMPS_bin25_stdPT,SMPS_bin26_stdPT,SMPS_bin27_stdPT,SMPS_bin28_stdPT,SMPS_bin29_stdPT,SMPS_bin30_stdPT,SMPS_bin31_stdPT,SMPS_bin32_stdPT,SMPS_bin33_stdPT,SMPS_bin34_stdPT,SMPS_bin35_stdPT,SMPS_bin36_stdPT,SMPS_bin37_stdPT,SMPS_bin38_stdPT,SMPS_bin39_stdPT,SMPS_bin40_stdPT,SMPS_bin41_stdPT,SMPS_bin42_stdPT,SMPS_bin43_stdPT
[from data line 192]
87040,87085,87062.5,642.81,7.39,0.15,2.53,0.00,0.00,0.00,0.00,1184.68,0.00,480.48,356.78,1198.32,1189.30,968.83,982.90,1223.00,532.13,1345.15,1073.76,1131.21,884.74,1058.51,680.30,578.81,673.13,433.13,340.73,407.39,356.20,329.08,240.99,362.49,166.28,290.50,232.48,354.76,222.93,379.48,163.74,212.32,20.04,98.46,104.28,146.62,51.33,25.86,36.33
87099,87144,87121.5,750.57,9.33,0.21,2.53,0.00,0.00,0.00,0.00,0.00,799.68,2686.23,1085.11,1253.79,1152.43,750.91,796.28,982.32,892.62,813.60,1750.97,786.98,812.50,910.41,937.73,1029.64,258.63,945.49,569.35,357.90,326.06,468.68,336.72,32.25,272.11,338.04,309.11,298.53,278.33,343.43,149.52,544.85,75.70,42.34,235.12,38.36,157.46,72.05,36.78
87158,87203,87180.5,873.27,7.87,0.15,2.52,0.00,0.00,0.00,0.00,2186.62,0.00,0.00,2646.34,1439.10,465.06,667.02,1357.79,1603.96,999.18,975.03,1706.15,1536.76,1630.93,1183.71,1016.25,907.09,1243.82,616.76,922.42,679.65,998.09,363.43,322.62,244.16,178.89,265.74,194.92,417.96,318.18,136.43,246.98,10.76,103.96,70.84,0.00,103.47,12.05,71.13,0.00
87217,87262,87239.5,1043.19,10.47,0.20,2.52,0.00,0.00,0.00,0.00,965.94,0.00,0.00,1185.22,982.78,596.30,1231.11,1645.21,1853.76,1662.84,2020.87,1842.97,1909.19,1736.43,2316.78,1787.68,1661.91,1530.49,1162.55,1107.51,1062.65,763.66,721.45,523.75,282.56,418.59,474.23,236.97,489.48,261.68,179.81,76.70,53.36,109.07,20.65,54.58,66.88,69.91,70.42,126.58
87276,87321,87298.5,1146.16,12.68,0.23,2.52,0.00,0.00,0.00,0.00,0.00,0.00,102.59,611.64,685.87,455.50,939.30,1105.13,1824.60,2314.42,2086.51,2387.70,1984.43,2653.75,2589.20,2975.80,1527.73,2297.34,1477.04,1157.60,1201.24,963.69,612.43,558.12,605.88,291.15,318.63,467.91,362.12,202.25,520.90,285.84,274.39,106.77,263.90,83.17,61.96,149.79,96.36,18.09
87335,87380,87357.5,889.33,11.82,0.28,2.53,0.00,0.00,0.00,0.00,961.84,669.52,661.29,1458.87,575.25,1652.60,754.87,1596.49,1841.94,1230.89,1170.69,1453.67,1467.33,1022.63,544.49,1330.03,992.80,795.36,976.58,834.25,689.71,606.36,416.34,536.58,492.33,717.70,424.86,219.52,362.45,141.94,226.50,288.33,108.89,167.03,172.60,157.82,192.55,245.05,71.56,36.50
87394,87439,87416.5,791.42,9.65,0.22,2.52,0.00,0.00,0.00,0.00,1966.14,764.31,2252.55,773.04,316.38,937.98,2079.03,608.91,938.86,811.47,1251.37,573.60,860.44,1070.93,686.05,356.33,1038.73,906.72,810.96,743.34,702.60,518.60,349.03,233.75,477.14,250.53,601.49,399.00,407.73,286.60,360.16,19.01,92.50,114.17,217.65,76.09,117.33,34.99,67.31,76.81
87453,87498,87475.5,575.10,8.15,0.19,2.52,0.00,0.00,0.00,0.00,0.02,1440.27,479.51,769.72,1189.31,246.89,930.58,813.67,1361.96,1391.06,842.31,587.40,268.20,448.14,297.43,342.17,407.40,710.58,775.82,358.47,200.54,780.16,256.67,605.11,307.24,344.00,373.07,165.32,208.42,282.81,156.78,80.17,119.12,71.73,167.31,90.61,40.18,139.46,177.75,72.75
87512,87557,87534.5,352.22,5.13,0.12,2.52,0.00,0.00,0.00,0.00,963.92,0.02,515.43,0.13,697.45,646.27,182.20,151.57,0.00,732.72,583.79,443.11,454.10,638.54,729.24,257.15,305.08,531.01,305.10,341.93,230.20,302.41,144.03,347.17,196.70,194.00,107.18,45.54,92.17,245.67,142.22,170.58,62.13,48.66,162.64,66.19,0.00,47.24,95.46,2.05
87572,87617,87594.5,264.96,3.54,0.08,2.53,0.00,0.00,0.00,0.00,1184.80,0.02,481.68,598.30,430.03,223.85,181.91,846.98,0.00,233.52,163.90,575.96,0.00,573.68,136.95,41.55,228.17,126.28,315.49,24.29,119.84,163.33,330.54,55.77,106.78,40.77,146.17,87.59,98.47,188.25,245.96,118.88,34.50,106.70,33.84,54.65,82.86,23.54,0.00,72.98
87631,87676,87653.5,220.69,3.75,0.09,2.52,0.00,0.00,0.00,0.00,0.01,0.01,0.00,0.00,0.04,0.01,196.17,791.44,409.88,344.07,283.92,643.79,522.69,312.34,129.14,374.24,172.83,160.79,148.56,200.64,328.52,188.99,322.29,290.92,166.68,160.38,53.36,44.57,178.07,0.00,47.90,125.60,34.00,41.82,75.10,132.80,34.25,0.00,35.87,72.70
87690,87735,87712.5,199.54,3.13,0.07,2.53,0.00,0.00,0.00,0.00,0.01,405.53,701.28,0.01,0.00,0.00,194.84,505.78,216.80,142.18,375.83,296.46,66.80,67.98,548.16,95.44,150.94,404.33,216.46,172.26,161.08,261.94,50.38,180.00,70.84,46.32,129.25,117.38,153.26,183.97,96.74,0.00,117.25,8.55,0.00,34.00,34.28,70.23,35.85,54.31
87749,87794,87771.5,314.19,5.34,0.15,2.53,0.00,0.00,0.00,0.00,999.80,0.00,514.33,361.20,231.89,544.51,390.37,163.33,214.06,507.74,391.80,825.72,391.31,267.34,483.19,321.48,72.01,317.34,348.45,168.19,197.50,310.30,177.34,40.27,122.79,96.24,274.00,225.42,151.75,145.50,210.05,76.32,22.08,52.59,32.60,25.38,0.00,33.53,71.10,36.25
87808,87853,87830.5,1085.56,5.60,0.13,2.53,0.00,0.00,0.00,0.00,14729.59,6279.54,3180.08,2761.00,637.18,0.00,895.38,241.82,394.92,109.00,281.01,270.41,459.58,200.05,277.50,533.38,173.19,339.93,285.53,179.53,395.42,141.03,163.17,0.00,94.54,99.84,224.62,186.86,28.22,156.03,276.23,119.54,121.81,88.97,46.21,49.44,58.90,46.41,0.00,109.63
87867,87912,87889.5,324.61,4.62,0.12,2.52,0.00,0.00,0.00,0.00,1910.76,13.96,478.23,415.13,277.36,474.64,199.64,629.27,408.18,702.74,185.60,528.36,198.19,315.47,124.64,405.19,362.03,186.18,60.23,362.51,282.20,140.21,73.76,219.82,34.40,0.00,59.11,176.69,78.16,183.33,164.99,76.88,25.91,84.98,80.60,151.20,46.77,64.26,142.85,0.00
87926,87971,87948.5,326.56,4.14,0.10,2.52,0.00,0.00,0.00,0.00,0.00,1203.52,325.01,680.37,897.97,225.76,585.25,514.93,950.53,711.50,91.60,446.74,405.44,62.22,263.66,284.45,145.39,154.41,124.32,56.63,182.59,171.87,147.79,303.71,263.33,155.61,148.74,115.26,70.65,111.09,58.40,76.65,29.91,26.66,75.72,54.41,133.65,69.99,35.88,36.57
87985,88030,88007.5,540.84,6.78,0.15,2.52,0.00,0.00,0.00,0.00,962.24,0.00,0.00,771.07,1045.43,1065.71,983.85,511.17,1043.90,1355.39,1179.99,730.87,682.03,568.83,161.09,855.29,434.33,545.79,259.18,396.50,356.81,403.11,120.22,469.38,127.61,245.92,191.75,291.43,108.34,199.48,135.57,174.22,251.25,156.99,166.59,32.67,116.44,23.43,35.41,72.20
88044,88089,88066.5,472.21,6.70,0.17,2.52,0.00,0.00,0.00,0.00,0.00,0.00,0.00,412.96,426.79,1284.33,555.45,963.48,546.82,849.03,1162.56,1200.55,672.79,736.93,659.24,377.37,449.01,441.45,264.63,458.71,513.76,239.10,197.33,464.19,263.35,323.86,178.89,134.21,163.83,166.52,134.58,223.97,92.53,111.39,15.69,27.79,29.08,46.43,0.00,146.07
88103,88148,88125.5,701.90,9.74,0.26,2.52,0.00,0.00,0.00,0.00,963.22,797.22,2720.12,716.12,903.86,466.05,757.38,1781.92,1283.82,1430.85,837.00,965.49,760.55,609.19,633.06,450.54,404.74,747.28,671.89,326.13,372.41,496.77,221.86,194.18,234.25,141.30,366.01,193.33,134.48,223.32,81.77,50.43,213.62,186.22,215.88,113.38,281.08,115.10,33.86,166.12
88162,88207,88184.5,1026.08,8.58,0.19,2.52,0.00,0.00,0.00,0.00,1952.81,2799.35,770.20,2553.49,1658.67,1285.08,2206.71,860.03,1577.75,1916.19,1579.07,1251.63,1704.70,1299.10,1297.88,971.08,484.10,652.92,837.52,706.81,638.27,502.65,377.42,532.18,223.46,363.54,388.60,188.34,200.37,48.94,72.26,126.13,38.81,37.13,168.79,152.66,75.59,45.68,61.45,72.61
88221,88266,88243.5,563.67,6.72,0.16,2.49,0.00,0.00,0.00,0.00,0.00,0.00,1340.11,420.01,995.82,1309.15,588.15,1588.40,809.79,1516.51,782.47,614.78,983.09,861.26,791.70,635.97,500.10,276.12,357.57,267.63,333.50,384.50,367.68,198.83,137.21,196.38,220.38,170.99,288.14,30.11,186.31,203.98,29.49,25.10,93.73,152.81,45.68,33.22,80.38,72.29
88280,88325,88302.5,443.38,6.65,0.16,2.44,0.00,0.00,0.00,0.00,0.00,0.00,0.00,328.47,2189.20,116.91,364.13,1020.25,423.68,563.35,668.15,938.31,382.76,960.90,554.51,447.04,717.42,478.64,200.42,481.64,275.54,190.60,325.52,102.40,111.47,321.72,94.51,157.81,198.84,400.82,261.66,142.99,81.96,164.95,70.59,47.74,127.99,72.78,51.99,39.69
88339,88384,88361.5,620.83,10.99,0.30,2.44,0.00,0.00,0.00,0.00,0.00,0.00,1208.61,222.30,1023.63,1313.38,1404.44,485.30,713.82,918.52,1159.97,1014.32,561.55,839.06,819.37,686.36,831.02,416.80,343.77,464.88,477.49,400.76,223.05,408.45,430.97,279.81,462.45,258.97,262.31,427.87,85.61,164.74,326.24,271.83,93.38,90.77,111.70,212.60,89.67,93.32
88398,88443,88420.5,648.10,8.90,0.20,2.43,0.00,0.00,0.00,0.00,0.00,1430.94,0.00,701.21,0.00,1584.75,878.09,987.48,553.50,994.91,933.32,840.25,1282.94,766.80,1158.58,727.61,830.91,519.80,885.65,602.19,616.74,309.06,415.73,609.96,353.46,173.41,544.58,391.89,138.52,17.97,333.99,192.46,53.07,141.24,226.95,0.00,113.50,180.68,127.04,0.00
88457,88502,88479.5,406.65,6.34,0.14,2.43,0.00,0.00,0.00,0.00,0.00,0.00,0.00,2060.08,0.00,0.00,710.67,726.08,406.48,687.93,510.44,563.03,578.36,441.06,633.29,587.44,518.81,566.38,386.27,318.41,123.55,407.47,243.53,145.36,187.46,322.07,185.18,138.97,200.35,85.36,176.70,34.94,148.20,222.49,187.57,202.88,107.49,116.77,39.58,0.00
88516,88561,88538.5,379.47,5.09,0.12,2.43,0.00,0.00,0.00,0.00,0.00,2881.19,12.70,518.27,0.00,408.18,611.72,422.44,495.31,290.11,247.47,176.99,369.36,664.65,215.72,128.16,752.24,374.31,288.11,235.38,122.99,300.01,110.70,491.91,309.09,474.64,62.67,99.21,98.01,146.98,78.40,133.86,140.31,66.03,8.87,214.08,49.87,0.00,10.98,46.76
88575,88620,88597.5,791.41,6.96,0.16,2.43,0.00,0.00,0.00,0.00,0.00,2727.61,5650.88,4356.49,1636.38,924.76,223.95,189.16,686.06,835.55,253.23,918.56,286.98,409.34,588.62,422.05,334.42,603.92,402.32,467.31,365.20,181.23,221.14,155.24,259.43,96.34,88.06,394.33,195.32,232.38,198.95,175.94,93.40,100.37,229.65,112.74,67.96,59.58,40.22,0.00
88634,88679,88656.5,341.15,6.76,0.18,2.43,0.00,0.00,0.00,0.00,0.00,0.00,407.49,223.72,304.04,685.41,457.23,315.08,64.22,437.62,600.81,654.51,140.62,716.80,561.85,522.07,424.54,532.70,286.44,237.35,389.36,218.25,345.57,307.87,157.60,167.92,69.47,99.39,277.83,22.17,106.74,135.07,247.83,94.60,125.44,120.94,100.00,73.90,92.75,27.05
88693,88738,88715.5,585.35,7.59,0.16,2.43,0.00,0.00,0.00,0.00,0.00,0.01,1333.67,1291.14,0.00,589.43,635.89,1215.68,1108.05,816.45,1042.84,667.56,606.29,456.37,638.39,516.50,308.91,562.89,618.62,1246.33,530.30,719.75,651.30,333.56,467.32,452.75,87.68,114.92,162.98,259.93,283.51,136.67,189.52,186.02,145.00,115.16,43.97,113.98,25.61,0.00
88752,88797,88774.5,1646.93,6.16,0.09,2.44,0.00,0.00,0.00,0.00,0.00,14216.04,6721.01,7011.42,3156.92,4060.74,1430.90,1142.24,537.81,374.25,616.19,1288.32,1421.84,1381.19,2320.11,1775.55,1061.82,964.52,534.94,329.50,410.09,111.40,161.67,193.44,152.82,104.93,185.38,133.86,240.29,55.26,98.70,74.81,46.00,86.91,36.53,36.86,150.01,0.00,77.42,0.00
88811,88856,88833.5,499.24,9.00,0.24,2.43,0.00,0.00,0.00,0.00,0.00,0.00,3057.10,488.12,370.80,280.84,969.82,286.42,243.58,0.00,615.40,610.81,1062.60,741.00,444.25,742.77,541.77,417.05,221.35,263.64,361.55,275.37,371.43,182.08,216.14,503.89,173.29,240.57,251.13,198.90,309.82,364.68,287.36,119.83,199.15,75.83,89.37,104.32,0.00,0.00
88870,88915,88892.5,594.13,5.26,0.11,2.43,0.00,0.00,0.00,0.00,0.00,5690.48,0.00,1626.03,2439.17,282.59,776.98,693.30,415.32,265.92,720.46,202.84,288.87,240.24,692.85,478.45,387.72,255.52,147.78,240.24,242.53,82.36,416.09,249.94,335.85,307.55,196.55,103.25,289.49,149.02,92.63,159.50,123.40,0.00,36.03,160.37,39.38,58.55,11.19,29.85
88929,88974,88951.5,347.34,5.10,0.14,2.43,0.00,0.00,0.00,0.00,0.00,0.01,1470.02,484.34,844.63,285.16,226.14,815.99,313.03,412.46,998.20,488.44,323.62,671.43,393.71,272.80,295.31,200.93,106.30,13.05,200.20,241.60,360.88,55.33,133.36,51.33,63.24,211.89,99.15,226.27,153.34,144.60,44.55,68.33,96.32,22.51,34.56,79.17,0.00,0.00
88988,89033,89010.5,221.55,4.24,0.11,2.43,0.00,0.00,0.00,0.00,0.00,0.00,800.46,485.43,420.60,287.09,233.23,377.53,180.54,130.92,125.16,195.60,353.26,249.18,134.01,256.41,258.85,283.39,4.35,143.35,166.22,122.66,174.08,134.82,31.89,126.54,171.35,244.36,74.93,130.60,89.11,106.48,156.94,0.00,34.73,97.03,123.99,0.00,26.13,80.35
89047,89092,89069.5,563.85,7.09,0.18,2.43,0.00,0.00,0.00,0.00,0.00,1594.32,0.00,891.24,0.00,830.25,775.35,2246.58,844.75,1016.14,1203.81,564.04,682.12,661.10,477.51,588.31,710.53,431.95,295.37,686.03,341.18,265.98,165.57,301.35,202.41,248.95,598.60,233.38,97.12,39.37,180.41,89.06,46.28,147.43,174.43,78.51,9.15,38.11,78.02,0.00
89106,89151,89128.5,1328.52,5.22,0.09,2.43,0.00,0.00,0.00,0.00,0.00,7317.38,7914.06,9332.80,3314.92,1973.08,1578.51,769.86,1313.30,792.92,1678.39,881.50,462.25,547.27,412.34,552.42,720.50,169.52,152.55,317.42,48.61,134.99,471.92,54.25,223.95,213.70,216.72,21.91,178.51,58.04,145.38,131.00,114.52,27.77,110.36,37.72,0.00,0.00,0.00,79.69
89165,89210,89187.5,621.46,4.59,0.10,2.43,0.00,0.00,0.00,0.00,0.00,3103.60,3357.85,2279.70,1899.04,1799.37,463.51,0.00,688.56,257.66,356.54,87.68,470.01,225.83,450.65,534.42,428.36,260.86,447.96,246.28,395.94,280.73,257.88,55.30,337.89,135.19,0.00,60.35,117.30,37.27,145.16,189.81,135.45,33.91,127.70,39.97,15.38,0.00,39.79,79.11
89224,89269,89246.5,480.21,6.08,0.15,2.44,0.00,0.00,0.00,0.00,0.00,1180.65,771.96,1541.75,368.96,983.25,636.92,774.04,534.84,539.58,643.40,687.25,374.66,504.96,500.57,952.40,579.51,107.31,200.71,565.50,225.95,262.86,360.59,134.96,167.52,185.39,220.68,131.59,102.51,62.83,0.00,117.16,39.77,44.87,261.83,154.60,240.26,99.48,31.67,29.72
89283,89328,89305.5,399.91,5.32,0.12,2.43,0.00,0.00,0.00,0.00,0.00,962.20,672.10,1461.35,1159.23,0.00,769.21,181.19,0.00,147.26,633.09,279.97,847.83,836.53,260.01,535.35,274.51,484.11,155.15,427.46,384.82,218.47,79.84,73.55,63.50,202.38,164.50,0.00,350.83,8.19,85.35,266.74,344.88,94.47,94.36,96.33,0.00,31.16,39.85,40.30
89342,89387,89364.5,142.45,3.81,0.10,2.43,0.00,0.00,0.00,0.00,0.00,0.01,0.01,0.00,0.03,0.00,0.00,0.09,477.28,134.71,229.69,216.63,81.40,301.08,179.58,487.10,159.98,168.83,99.18,105.11,105.33,116.14,76.43,56.04,352.20,89.67,94.38,99.00,205.42,61.55,31.22,112.91,98.58,34.16,16.77,0.00,76.07,115.91,39.01,53.72
89401,89446,89423.5,311.74,4.40,0.09,2.43,0.00,0.00,0.00,0.00,0.00,0.00,0.00,321.75,0.00,591.97,449.41,622.04,156.67,369.38,1325.52,700.88,339.17,160.07,717.85,507.18,417.82,277.19,15.74,225.74,265.14,144.28,98.52,266.90,325.59,193.17,137.76,296.66,314.62,45.51,78.30,175.92,0.00,70.02,117.82,93.04,62.14,37.99,25.75,0.00
89460,89505,89482.5,136.68,3.44,0.10,2.43,0.00,0.00,0.00,0.00,0.01,423.64,274.70,0.02,0.02,0.00,0.00,0.00,0.15,250.22,211.59,133.22,299.12,0.23,141.21,120.13,307.99,266.03,104.00,74.72,188.68,228.92,0.00,89.12,290.92,36.70,171.09,81.81,133.52,105.08,75.02,30.17,7.04,24.14,0.60,13.89,0.00,11.68,38.40,117.92
89519,89564,89541.5,135.44,3.10,0.08,2.43,0.00,0.00,0.00,0.00,0.00,0.01,0.01,0.00,367.54,0.00,0.08,0.08,329.09,0.00,354.64,101.03,57.18,341.12,445.66,136.72,274.61,123.24,93.62,254.90,82.81,66.66,167.91,162.93,64.20,116.65,11.10,9.29,15.79,74.66,126.10,0.00,136.74,19.29,0.00,112.15,151.65,30.50,26.23,79.89
89578,89623,89600.5,304.52,4.13,0.10,2.43,0.00,0.00,0.00,0.00,0.00,0.00,0.00,0.00,1101.90,627.94,995.49,497.66,786.22,206.17,386.33,425.49,379.98,226.59,446.65,507.39,274.40,236.91,336.33,166.38,223.80,144.78,174.10,79.26,0.00,87.01,138.38,173.29,149.61,332.50,152.80,75.44,56.86,32.51,30.25,113.33,9.19,38.79,19.98,26.92
89637,89682,89659.5,322.87,5.87,0.15,2.43,0.00,0.00,0.00,0.00,0.00,0.00,2369.71,0.00,606.78,518.11,370.13,106.12,391.90,0.00,246.68,618.30,83.03,242.63,269.29,331.09,279.58,429.88,160.04,424.63,177.80,223.11,71.90,257.52,200.00,274.39,173.04,84.11,110.96,126.94,174.38,182.85,0.00,149.97,174.78,36.34,65.86,117.26,158.78,80.89
89696,89741,89718.5,257.63,5.71,0.16,2.43,0.00,0.00,0.00,0.00,0.00,0.00,0.05,483.41,0.00,306.05,1207.23,0.00,317.58,425.19,365.97,198.42,461.92,325.46,0.00,314.65,356.90,218.10,251.87,322.53,45.27,102.46,201.74,123.49,221.68,144.15,131.34,18.33,429.40,181.58,261.58,100.45,141.72,87.33,0.00,128.51,51.37,0.00,78.51,150.76
89756,89801,89778.5,212.82,3.20,0.07,2.43,0.00,0.00,0.00,0.00,0.00,0.01,0.00,1622.87,0.00,605.46,0.03,400.10,0.00,285.83,603.77,99.61,97.82,149.57,316.05,141.45,169.85,120.31,163.99,52.39,36.45,222.65,32.26,57.63,16.06,197.86,204.66,366.35,121.66,328.18,60.36,0.00,0.00,114.24,14.68,21.56,39.03,119.29,0.00,0.00
