Data/Raw/MOORE,RICHARD/FIREXAQ-LARGE-SMPS_DC8_20190806_R0.ict
88,1001
Richard Moore, Elizabeth Wiggins, Edward Winstead, Claire Robinson, Lee Thornhill, and Kevin Sanchez
NASA Langley Research Center
In-situ Submicron Particle Size Distributions from a SMPS on the NASA DC-8
FIREXAQ
1,1
2019,08,06,2020,03,10
0
Time_start,Secs after midnight,Time of acquisition
50
1,1,1,1,1,1,1,1,1,1,1,1,1,1,1,1,1,1,1,1,1,1,1,1,1,1,1,1,1,1,1,1,1,1,1,1,1,1,1,1,1,1,1,1,1,1,1,1,1,1
-9999,-9999,-9999,-9999,-9999,-9999,-9999,-9999,-9999,-9999,-9999,-9999,-9999,-9999,-9999,-9999,-9999,-9999,-9999,-9999,-9999,-9999,-9999,-9999,-9999,-9999,-9999,-9999,-9999,-9999,-9999,-9999,-9999,-9999,-9999,-9999,-9999,-9999,-9999,-9999,-9999,-9999,-9999,-9999,-9999,-9999,-9999,-9999,-9999,-9999
Time_stop,Secs after midnight,Time of acquisition
Time_mid,Secs after midnight,Time of acquisition
nSMPS_stdPT,#/cm3,AerMP_NumConc_InSitu_RHd_Mobility_NucltoAccu_STP,integrated_number_density
sSMPS_stdPT,um2/cm3,AerMP_SurfAreaConc_InSitu_RHd_Mobility_NucltoAccu_STP,integrated_surface_area
vSMPS_stdPT,um3/cm3,AerMP_VolConc_InSitu_RHd_Mobility_NucltoAccu_STP,integrated_volume
SMPS_stdPT, unitless, None, conversion between ambient PT and standard PT (1013, 273)
SMPS_bin00_stdPT,#/cm3,AerMP_NumSizeDist_InSitu_RHd_Mobility_NucltoAccu_STP,Binned number size distribution (in dNdlogDp) measured by the SMPS
SMPS_bin01_stdPT,#/cm3,AerMP_NumSizeDist_InSitu_RHd_Mobility_NucltoAccu_STP,Binned number size distribution (in dNdlogDp) measured by the SMPS
SMPS_bin02_stdPT,#/cm3,AerMP_NumSizeDist_InSitu_RHd_Mobility_NucltoAccu_STP,Binned number size distribution (in dNdlogDp) measured by the SMPS
SMPS_bin03_stdPT,#/cm3,AerMP_NumSizeDist_InSitu_RHd_Mobility_NucltoAccu_STP,Binned number size distribution (in dNdlogDp) measured by the SMPS
SMPS_bin04_stdPT,#/cm3,AerMP_NumSizeDist_InSitu_RHd_Mobility_NucltoAccu_STP,Binned number size distribution (in dNdlogDp) measured by the SMPS
SMPS_bin05_stdPT,#/cm3,AerMP_NumSizeDist_InSitu_RHd_Mobility_NucltoAccu_STP,Binned number size distribution (in dNdlogDp) measured by the SMPS
SMPS_bin06_stdPT,#/cm3,AerMP_NumSizeDist_InSitu_RHd_Mobility_NucltoAccu_STP,Binned number size distribution (in dNdlogDp) measured by the SMPS
SMPS_bin07_stdPT,#/cm3,AerMP_NumSizeDist_InSitu_RHd_Mobility_NucltoAccu_STP,Binned number size distribution (in dNdlogDp) measured by the SMPS
SMPS_bin08_stdPT,#/cm3,AerMP_NumSizeDist_InSitu_RHd_Mobility_NucltoAccu_STP,Binned number size distribution (in dNdlogDp) measured by the SMPS
SMPS_bin09_stdPT,#/cm3,AerMP_NumSizeDist_InSitu_RHd_Mobility_NucltoAccu_STP,Binned number size distribution (in dNdlogDp) measured by the SMPS
SMPS_bin10_stdPT,#/cm3,AerMP_NumSizeDist_InSitu_RHd_Mobility_NucltoAccu_STP,Binned number size distribution (in dNdlogDp) measured by the SMPS
SMPS_bin11_stdPT,#/cm3,AerMP_NumSizeDist_InSitu_RHd_Mobility_NucltoAccu_STP,Binned number size distribution (in dNdlogDp) measured by the SMPS
SMPS_bin12_stdPT,#/cm3,AerMP_NumSizeDist_InSitu_RHd_Mobility_NucltoAccu_STP,Binned number size distribution (in dNdlogDp) measured by the SMPS
SMPS_bin13_stdPT,#/cm3,AerMP_NumSizeDist_InSitu_RHd_Mobility_NucltoAccu_STP,Binned number size distribution (in dNdlogDp) measured by the SMPS
SMPS_bin14_stdPT,#/cm3,AerMP_NumSizeDist_InSitu_RHd_Mobility_NucltoAccu_STP,Binned number size distribution (in dNdlogDp) measured by the SMPS
[...]
UNCERTAINTY:  20%
ULOD_FLAG: -7777
ULOD_VALUE: N/A
LLOD_FLAG: -8888
LLOD_VALUE: N/A
DM_CONTACT_INFO: Lee Thornhill (Kenneth.L.Thornhill@nasa.gov)
PROJECT_INFO: FIREX-AQ
STIPULATIONS_ON_USE: No stipulations on use. The user is encouraged to contact the PI or DM prior to use.
OTHER_COMMENTS: Midpoint diameters of Bins 00 to 43 are: 0.011,0.012,0.013,0.014,0.015,0.016,0.017,0.018,0.019,0.021,0.022,0.024,0.026,0.028,0.030,0.032,0.035,0.037,0.040,0.043,0.046,0.050,0.053,0.057,0.061,0.066,0.071,0.076,0.082,0.088,0.095,0.102,0.109,0.118,0.126,0.136,0.146,0.157,0.168,0.181,0.194,0.209,0.225,0.241
REVISION: R0
R0: Final Data. Data are corrected for time lags and ammonium sulfate size calibrations.
*******************************************************************************************************************************
Time_start,Time_stop,Time_mid,nSMPS_stdPT,sSMPS_stdPT,vSMPS_stdPT,SMPS_stdPT,SMPS_bin00_stdPT,SMPS_bin01_stdPT,SMPS_bin02_stdPT,SMPS_bin03_stdPT,SMPS_bin04_stdPT,SMPS_bin05_stdPT,SMPS_bin06_stdPT,SMPS_bin07_stdPT,SMPS_bin08_stdPT,SMPS_bin09_stdPT,SMPS_bin10_stdPT,SMPS_bin11_stdPT,SMPS_bin12_stdPT,SMPS_bin13_stdPT,SMPS_bin14_stdPT,SMPS_bin15_stdPT,SMPS_bin16_stdPT,SMPS_bin17_stdPT,SMPS_bin18_stdPT,SMPS_bin19_stdPT,SMPS_bin20_stdPT,SMPS_bin21_stdPT,SMPS_bin22_stdPT,SMPS_bin23_stdPT,SMPS_bin24_stdPT,SMPS_bin25_stdPT,SMPS_bin26_stdPT,SMPS_bin27_stdPT,SMPS_bin28_stdPT,SMPS_bin29_stdPT,SMPS_bin30_stdPT,SMPS_bin31_stdPT,SMPS_bin32_stdPT,SMPS_bin33_stdPT,SMPS_bin34_stdPT,SMPS_bin35_stdPT,SMPS_bin36_stdPT,SMPS_bin37_stdPT,SMPS_bin38_stdPT,SMPS_bin39_stdPT,SMPS_bin40_stdPT,SMPS_bin41_stdPT,SMPS_bin42_stdPT,SMPS_bin43_stdPT
[from data line 94]
70555,70600,70577.5,3558.45,125.00,3.82,1.23,11527.85,10142.46,8534.58,5594.18,3060.95,2204.76,1677.59,1246.68,1527.13,821.08,1066.41,1615.31,851.26,615.16,865.93,1054.67,1565.63,1088.02,1210.74,1490.85,1187.62,769.91,1055.12,964.20,1510.53,1680.98,1320.14,1618.56,1343.37,1077.04,126.71,1348.14,838.95,221.06,1420.39,2726.58,2301.93,2733.91,5406.93,5362.67,4637.25,3361.96,2837.99,3151.68
70614,70659,70636.5,7423.53,94.02,2.61,1.21,34968.62,38346.09,21350.53,14381.46,12697.33,9094.98,7109.05,6564.90,4895.96,3682.37,2273.20,1681.74,2093.51,2442.73,2909.96,1789.80,2290.69,1782.55,1974.10,1857.32,1462.07,1139.80,1424.54,1345.53,1946.78,1554.52,1527.60,1659.07,1361.84,2058.61,2119.79,1710.54,508.56,1162.16,1119.46,1566.23,2341.28,3066.34,3727.77,3046.89,2754.20,2404.48,2114.30,1427.36
70673,70718,70695.5,19568.90,139.33,3.65,1.25,93483.35,91843.59,66918.09,42489.83,34568.69,38497.57,36981.42,29712.44,23063.86,19454.29,12956.82,10752.46,8725.41,9493.29,7471.58,6771.89,6705.30,7261.20,5569.68,5447.04,5351.81,4212.31,3773.77,3301.32,2977.14,2596.68,1706.03,1652.77,2041.04,1616.66,1560.71,2203.77,2153.90,1787.59,2709.06,1991.38,2555.55,3176.63,4078.24,4246.43,3021.49,3465.74,3227.91,2629.08
70732,70777,70754.5,5537.84,85.94,2.54,1.29,27659.28,16308.23,18371.71,16845.77,9114.87,9883.15,8890.32,6053.95,4612.31,4559.92,3700.08,2745.96,2367.41,2197.98,1454.57,1374.27,1248.68,1706.90,1227.11,1389.10,1181.44,1409.31,892.65,954.45,1295.97,1268.07,1041.11,1284.34,1245.15,1086.12,612.85,923.29,450.36,425.70,501.23,1220.69,2076.01,2151.46,2803.30,3075.28,2654.47,2727.01,2218.53,2000.69
70792,70837,70814.5,1732.97,95.52,3.02,1.37,2491.08,2698.68,2291.28,4105.97,1197.99,2160.63,363.26,892.46,540.08,711.00,577.15,218.56,376.15,391.94,273.23,442.66,196.34,371.35,354.29,388.14,202.39,616.80,416.00,349.32,259.20,644.18,629.53,539.54,1153.43,908.86,1294.00,934.64,1244.16,1169.42,561.44,1679.70,1221.98,1153.74,3743.85,3668.57,3644.48,2800.08,2691.77,2885.71
70851,70896,70873.5,1533.80,77.16,2.31,1.41,2480.37,816.06,4330.69,2103.39,1132.82,1132.58,939.15,457.75,386.13,362.73,411.07,78.60,310.95,316.59,275.18,142.66,181.53,367.34,151.91,174.29,230.14,244.26,405.88,842.07,497.03,668.02,1045.27,1218.24,1070.24,1623.70,864.60,1336.83,898.07,561.17,1018.40,1534.59,2019.90,2335.14,3492.28,2810.84,2484.59,1906.27,1736.13,1686.07
70910,70955,70932.5,1382.01,79.31,2.45,1.41,0.00,648.35,1371.88,472.65,300.33,966.20,546.57,1218.64,521.26,360.57,729.82,942.09,781.34,315.69,488.80,789.64,717.14,583.73,672.66,445.60,697.38,458.37,437.84,742.34,381.73,786.50,735.43,775.01,1319.75,1074.18,832.26,571.21,1303.38,371.73,1168.59,1098.55,2146.94,1920.43,2342.79,3176.57,2389.48,2175.12,2203.73,2241.96
70969,71014,70991.5,1975.61,83.79,2.57,1.41,0.00,1982.23,1926.56,1763.75,485.97,2132.62,1934.46,1087.86,1179.88,1186.49,860.40,1560.58,1534.13,1668.44,1576.88,2134.02,1685.28,1696.16,1564.68,1117.36,1077.34,1132.02,663.57,405.06,850.94,596.15,558.78,1206.23,1434.47,1730.49,1201.82,1762.26,1831.17,496.97,63.76,686.26,1044.61,1604.25,1988.32,2954.61,3420.53,2811.06,2619.99,2001.10
71028,71073,71050.5,2207.46,93.30,2.91,1.41,3481.79,7226.30,3812.46,1306.45,1769.87,1342.20,1186.22,1724.22,729.67,1517.36,965.70,829.47,1155.68,958.28,780.50,1275.21,1212.61,983.05,839.05,924.99,1120.79,782.63,756.73,965.03,1053.04,1129.56,1306.05,1063.28,943.90,1294.32,903.91,726.24,1150.51,210.11,920.29,751.16,1476.32,1620.19,2510.12,3914.89,3486.24,3351.52,3038.68,2142.23
71087,71132,71109.5,1531.65,85.00,2.80,1.41,2477.43,1809.21,2466.78,808.56,1424.87,804.12,592.78,629.32,120.29,419.75,787.37,372.10,574.07,336.21,744.37,799.92,1243.58,845.44,601.81,568.75,309.72,250.80,648.69,723.34,993.06,819.76,1442.86,1283.13,1278.24,709.61,1385.19,1473.05,1117.06,0.00,6.54,41.64,432.85,270.38,2001.13,2404.93,2667.94,3676.89,3496.39,3152.76
71146,71191,71168.5,1470.70,96.35,3.02,1.37,0.00,0.00,560.85,472.67,600.45,0.00,710.80,1146.42,623.45,749.77,358.04,232.51,377.83,452.67,394.10,111.99,316.42,505.24,267.99,135.36,518.90,619.90,202.59,588.94,1872.35,1670.43,1959.21,2032.28,1261.15,677.13,1069.83,1290.76,551.70,424.62,916.66,1685.31,1036.59,1545.58,4164.92,2991.94,3054.08,3056.82,3209.50,2644.84
71205,71250,71227.5,1400.58,80.67,2.47,1.33,2256.83,1505.22,1568.08,348.36,260.78,1101.25,505.89,292.51,109.70,584.65,220.43,131.11,320.17,121.90,389.79,369.39,498.15,384.34,190.57,680.52,547.38,466.32,438.55,567.90,1036.08,887.54,719.31,1186.55,1381.81,28.14,669.23,1131.60,1229.41,1293.24,2329.02,1835.90,1461.50,1054.58,2760.41,2725.33,2200.41,2720.61,2011.73,2296.33
71264,71309,71286.5,1421.19,80.97,2.48,1.32,1995.53,1376.06,104.78,1014.00,656.08,134.17,881.53,274.41,0.00,398.35,307.91,344.27,584.90,642.54,489.72,463.51,353.22,544.80,307.92,266.86,317.90,615.73,679.04,406.53,975.14,1353.96,1231.24,1089.82,1054.80,1409.21,570.21,686.25,1940.92,1542.80,1682.58,1487.37,2039.70,1902.10,2027.49,1900.96,1851.04,2504.25,2790.02,2278.55
71323,71368,71345.5,1253.86,78.00,2.39,1.30,1009.02,0.00,565.00,1162.70,261.69,0.01,161.32,157.75,439.89,272.57,96.36,113.54,335.25,568.17,589.91,328.07,358.24,434.97,424.04,410.66,260.37,384.37,419.96,442.91,850.38,791.92,109.65,1516.00,2121.86,1774.89,1380.05,1826.49,129.81,634.23,1174.18,971.15,1452.18,1801.71,3058.78,2428.94,2061.40,2538.60,2274.41,2030.25
71382,71427,71404.5,1020.04,64.60,1.91,1.30,0.00,0.00,0.00,286.27,52.65,0.00,341.57,396.39,185.81,136.10,73.10,352.94,625.05,455.06,191.17,187.33,258.80,354.05,166.22,267.28,590.50,571.39,258.32,404.95,62.97,147.36,370.81,554.88,1194.15,2500.47,1945.08,640.57,1514.63,628.32,469.51,1809.71,2031.82,1307.25,1662.59,2774.31,2445.29,1795.66,1607.54,1023.46
71441,71486,71463.5,1082.15,82.70,2.57,1.30,0.00,0.00,0.00,0.00,0.00,0.00,0.00,145.52,0.00,186.81,292.41,250.76,279.05,373.68,512.41,108.81,212.76,316.64,333.00,312.26,209.77,360.04,682.25,338.33,659.87,929.98,807.33,616.46,1128.85,1241.52,730.55,356.83,565.44,842.95,222.45,1185.02,1690.96,1281.24,3971.10,3618.17,3556.41,2418.74,2028.04,1862.40
71500,71545,71522.5,1207.74,96.74,3.03,1.30,0.00,0.00,0.00,0.00,0.01,0.01,180.90,13.09,213.70,0.00,0.00,206.70,172.37,364.81,210.49,175.71,222.99,212.14,263.46,460.00,423.63,492.45,418.66,323.37,610.88,682.91,605.36,1316.25,1303.46,1372.92,1375.54,771.55,577.23,319.35,332.05,994.30,1704.16,2336.03,3836.41,4104.77,4111.18,3352.30,2324.10,2262.57
71559,71604,71581.5,1299.44,94.70,2.90,1.30,0.00,1366.62,0.00,0.00,300.09,0.00,180.16,0.00,0.00,207.53,146.05,204.44,236.80,86.40,168.58,161.08,307.31,221.03,353.67,312.16,93.91,440.95,248.22,620.56,756.96,1128.09,1473.54,1459.10,1221.14,1012.27,714.46,855.36,238.00,804.38,1538.80,1354.71,2079.81,2963.94,4417.89,3682.19,2843.57,2872.09,2455.89,2054.27
71618,71663,71640.5,1203.17,94.26,2.95,1.30,1262.22,0.00,0.00,1044.10,52.61,0.00,0.00,0.03,0.01,288.79,125.72,375.30,56.47,167.99,340.98,330.31,338.64,317.07,21.76,238.27,436.73,310.80,309.69,695.93,604.71,587.90,673.55,511.86,889.91,182.64,452.88,182.25,137.92,863.94,308.28,1810.38,2159.98,3562.00,4404.77,3878.81,3183.02,2871.36,2344.70,2176.99
71677,71722,71699.5,1186.34,84.69,2.63,1.30,990.93,15.24,952.13,286.94,315.55,0.01,414.22,342.91,0.00,0.00,126.25,93.74,40.15,311.19,213.45,256.88,370.33,529.51,292.22,268.12,511.43,279.45,51.93,301.57,406.54,628.70,1329.17,1368.13,938.27,687.83,1472.82,848.29,326.10,0.00,1261.37,1654.29,939.29,1501.05,3810.35,3980.82,2968.60,2911.39,2102.83,1862.93
71736,71781,71758.5,1114.83,75.80,2.32,1.30,0.00,0.00,0.00,407.32,0.01,0.02,0.00,131.47,0.00,97.90,152.26,356.29,182.15,379.72,338.96,479.20,174.03,459.00,323.34,693.88,349.88,678.44,542.32,708.06,703.28,1358.61,611.70,1398.28,1151.39,1450.53,687.66,749.86,1024.57,180.72,1047.77,1246.77,1478.12,1551.23,2632.64,2956.63,2656.90,2739.05,2053.48,1541.23
71795,71840,71817.5,1120.13,75.94,2.32,1.30,0.00,0.00,0.00,0.00,0.00,460.42,179.91,409.42,0.00,88.03,80.40,502.77,289.26,252.83,485.90,262.46,328.09,376.06,286.73,485.18,340.04,427.01,454.91,613.47,1038.55,1006.48,1063.26,829.24,1799.53,1161.42,348.91,867.90,680.94,0.00,871.56,1681.34,2506.28,1711.92,2590.81,2815.29,2525.04,2344.38,1700.35,1977.97
71854,71899,71876.5,1514.91,70.79,2.16,1.30,0.00,4242.13,3826.19,2522.06,2605.86,439.00,888.12,438.88,575.26,188.54,299.31,301.01,155.19,244.36,386.21,284.69,166.90,568.38,432.15,279.29,438.54,551.20,279.28,350.02,952.81,731.41,422.71,1018.77,1402.82,847.65,1098.37,1638.43,1218.79,1232.83,767.39,1047.81,1287.82,1386.38,2825.96,2259.61,2013.70,1998.75,1828.34,2034.21
71913,71958,71935.5,1293.81,83.73,2.55,1.30,0.00,0.00,563.99,693.85,763.65,769.64,183.87,131.21,0.00,214.08,225.18,70.61,281.17,249.18,54.13,364.36,322.21,395.41,415.18,538.76,484.65,506.42,631.59,783.71,1120.56,917.42,883.14,1178.39,963.20,732.73,740.41,1235.17,1479.40,1521.71,1278.35,1470.63,2044.67,2992.34,2963.85,2157.50,2233.96,2226.00,2268.34,2351.37
71972,72017,71994.5,1208.06,91.59,2.78,1.30,0.00,0.00,0.00,0.00,300.28,0.01,0.00,0.00,0.00,99.88,0.00,134.98,389.76,390.81,264.15,172.27,173.12,223.57,263.61,339.37,390.82,788.11,613.56,851.93,904.98,257.27,331.18,500.56,0.00,0.00,896.98,1652.50,1439.46,1248.33,2101.67,2181.21,2078.77,3282.83,3155.79,3321.75,2858.96,2871.87,2471.93,1705.68
72031,72076,72053.5,1523.58,116.08,3.61,1.30,0.00,1365.73,0.00,697.56,1164.15,0.00,0.00,130.81,288.48,34.64,75.72,148.50,407.86,155.29,176.50,161.33,254.84,215.00,147.52,221.49,526.34,318.96,327.81,890.48,1119.32,876.90,1042.94,1220.95,617.00,149.39,113.08,1610.72,341.95,1035.34,1029.36,2118.29,3758.33,4527.50,4660.33,3946.31,3739.68,3080.55,3134.57,2922.99
72090,72135,72112.5,1304.11,101.54,3.15,1.30,1518.23,0.00,342.93,0.00,153.60,0.00,0.00,131.84,0.09,54.02,152.93,127.40,34.10,0.00,232.66,183.23,235.62,601.27,301.31,513.29,400.23,371.04,566.03,699.15,245.48,485.43,704.82,879.79,447.23,456.86,924.02,684.87,226.72,1211.16,1950.09,1606.63,2387.74,3234.21,4602.64,3546.19,3330.72,3258.13,2648.69,2281.26
72149,72194,72171.5,1127.78,82.37,2.58,1.30,0.00,0.00,0.00,408.00,1460.85,825.26,161.53,421.96,106.36,0.00,167.64,134.46,232.56,98.98,279.55,129.69,169.89,189.32,356.21,318.97,306.40,342.42,121.99,170.57,200.15,488.35,582.36,874.17,1135.38,1652.21,695.01,1197.13,695.45,365.14,923.16,1244.33,1314.11,2268.60,3557.77,2954.89,2657.26,2236.94,2230.10,2413.88
72208,72253,72230.5,1246.60,101.70,3.21,1.33,0.00,0.00,475.79,0.00,0.01,0.00,182.20,0.00,0.00,0.00,155.51,0.00,145.35,175.92,172.69,327.10,247.19,281.98,204.97,144.25,358.77,368.29,428.50,628.67,1077.83,829.25,731.36,1083.98,1663.21,989.17,347.34,801.15,162.39,428.29,586.87,2329.51,2122.93,1627.40,3886.23,4269.10,4372.03,2884.75,2589.33,2812.00
72267,72312,72289.5,4269.02,338.45,10.36,1.34,1253.13,0.00,0.00,0.00,0.00,0.01,0.00,294.77,217.81,280.01,159.95,269.82,11.30,121.24,60.34,208.74,347.95,513.15,441.87,277.22,459.59,871.87,1101.33,279.71,298.98,702.26,864.67,1318.90,3152.97,5496.19,6936.83,8990.24,8007.51,7406.88,5384.13,6762.13,6379.95,6877.91,10637.09,11159.10,11179.69,10392.86,9411.62,8078.74
72326,72371,72348.5,3825.22,323.15,10.24,1.36,1456.24,2660.72,0.00,405.71,601.40,0.00,141.78,35.62,122.00,100.85,0.08,0.00,180.87,107.13,190.73,48.83,268.17,304.60,388.11,399.72,508.72,319.64,482.23,221.34,11.68,1760.56,2332.84,2829.63,5129.53,4841.58,4552.90,4247.53,1929.13,1130.18,3056.86,4881.05,4162.65,6505.61,13449.22,13413.55,10681.87,9655.80,10275.27,8614.99
72385,72430,72407.5,2960.99,270.10,8.76,1.39,206.73,833.26,0.00,0.00,0.01,0.01,0.02,196.75,88.68,0.00,172.62,26.65,240.21,229.93,168.03,183.50,226.57,159.75,381.61,150.91,374.31,810.04,753.20,779.49,1324.23,747.41,1405.66,2156.94,2009.11,660.15,3549.84,4123.77,3094.45,2074.11,2779.23,3492.35,1010.61,4822.16,10358.87,8961.34,8535.10,9463.39,9841.57,8359.04
72444,72489,72466.5,2589.15,232.14,7.39,1.39,0.00,0.00,0.00,406.56,0.00,0.00,0.01,163.01,366.26,110.96,165.07,76.09,261.05,54.16,145.58,37.46,443.59,221.10,165.74,159.67,251.25,269.47,18.94,355.65,626.96,563.77,711.01,2037.53,1519.57,1725.32,2967.58,3230.38,1996.38,3561.98,3023.41,3167.00,3649.93,4033.16,8341.54,8119.06,8468.05,8067.39,6867.72,6503.38
72503,72548,72525.5,1654.65,141.97,4.48,1.39,0.00,820.07,0.00,0.00,0.01,0.01,0.01,0.00,0.03,0.00,174.15,80.13,118.92,48.93,163.30,243.05,95.61,372.32,333.72,452.04,153.62,48.71,193.95,275.91,565.22,805.18,1035.18,1226.71,1445.81,1014.03,1485.17,1126.02,1036.39,745.72,1516.05,2821.96,3040.04,3760.11,5464.35,5558.57,4817.72,3771.95,4179.40,3958.90
72562,72607,72584.5,2385.41,117.19,3.63,1.39,4118.57,2640.51,7294.97,2068.08,3118.09,2108.86,1815.70,2089.69,1865.63,870.14,815.53,741.01,501.82,510.39,546.58,408.54,99.21,514.65,383.01,533.96,481.51,743.47,465.05,720.38,748.88,263.30,620.72,776.24,1213.58,1215.73,1041.31,1210.25,1102.87,1568.38,889.30,1910.74,2671.99,2863.95,4320.49,4219.92,4510.16,4086.93,3114.87,2528.17
72621,72666,72643.5,1742.92,65.98,1.96,1.41,3933.31,1825.59,2900.03,3741.71,5537.18,2707.74,2978.40,1814.04,657.17,321.35,359.34,226.30,131.91,167.64,120.60,207.69,170.18,87.18,232.38,517.04,522.20,451.82,227.92,390.45,579.85,721.30,341.78,516.14,566.94,865.08,380.32,1247.04,1409.45,1066.33,1007.91,1428.59,1754.03,1757.66,2676.27,2469.10,2105.63,1873.42,1456.41,1321.16
72680,72725,72702.5,1122.23,79.39,2.49,1.48,0.00,0.00,0.00,472.99,0.01,0.00,877.54,775.07,366.58,110.97,117.98,283.70,238.60,136.83,417.25,93.42,366.16,272.63,581.17,242.38,622.54,308.55,417.02,269.25,406.10,343.99,244.41,636.69,838.27,878.60,1381.54,1102.80,1236.47,1260.65,1380.55,1380.26,2085.32,1968.51,2405.50,2871.68,2227.20,1827.06,1705.16,1523.79
72739,72784,72761.5,1198.69,90.92,2.90,1.49,0.00,1233.10,0.00,0.00,0.01,0.00,206.78,0.04,0.13,121.22,395.68,258.40,71.00,0.00,549.67,336.16,95.98,266.99,471.82,497.80,423.66,472.06,326.69,670.87,390.74,410.37,670.67,1119.73,499.02,1414.78,992.74,1326.20,622.78,1004.67,1201.22,1546.51,2381.57,2076.80,2700.19,3068.47,2556.80,2558.98,2213.99,1771.96
72798,72843,72820.5,837.75,61.72,1.95,1.54,0.00,0.00,814.49,558.02,0.01,0.00,232.24,0.00,149.73,0.00,308.16,299.65,167.09,122.52,339.21,8.04,96.83,289.16,166.77,129.85,404.25,161.62,218.11,221.12,139.06,540.77,299.82,387.74,716.26,1314.18,516.69,555.94,838.95,718.69,522.35,1164.33,1446.94,1761.06,2033.56,2277.47,2045.87,1517.92,1305.38,1033.90
72857,72902,72879.5,537.36,21.68,0.63,1.64,0.00,0.00,0.00,0.00,0.00,651.50,294.36,456.24,75.10,512.92,109.03,266.17,165.96,638.33,377.10,669.22,286.53,589.02,467.98,544.78,414.74,315.81,555.44,449.49,373.19,410.99,361.63,288.72,399.67,669.54,370.61,424.79,503.01,448.80,389.16,196.67,699.50,522.97,476.10,719.32,571.34,659.31,354.54,149.27
72917,72962,72939.5,652.89,8.86,0.22,1.72,0.00,0.00,973.21,555.84,471.53,678.66,231.86,939.74,989.42,373.59,997.31,902.53,435.35,1166.40,1355.60,1260.11,1236.68,682.29,939.95,876.67,537.49,489.08,443.11,556.71,328.83,335.19,293.40,241.48,115.21,211.60,148.09,165.04,88.15,77.95,117.09,324.06,180.66,169.03,133.63,184.09,135.76,183.70,110.06,178.71
72976,73021,72998.5,553.62,7.64,0.17,1.80,0.00,0.00,0.00,668.31,471.69,698.76,570.51,422.35,636.14,389.14,619.99,384.71,353.07,794.16,364.17,774.70,1101.41,576.21,1118.73,851.97,605.33,530.55,543.31,648.85,368.95,438.55,690.32,432.64,356.80,153.43,510.65,21.46,118.92,220.67,180.82,71.78,172.46,170.18,228.68,63.75,95.37,119.63,17.03,78.95
73035,73080,73057.5,557.90,9.16,0.22,1.87,0.00,0.00,2175.25,1469.10,555.20,0.00,0.05,236.86,0.00,153.24,499.23,106.39,673.27,484.53,646.79,520.16,569.34,493.19,415.16,807.22,641.71,953.92,863.32,709.77,475.80,315.72,239.97,235.58,479.03,389.87,142.71,408.28,321.82,303.44,183.86,175.86,182.84,38.57,254.80,174.30,157.80,22.90,98.07,215.32
