Data/Raw/MOORE,RICHARD/FIREXAQ-LARGE-SMPS_DC8_20190807_R0.ict
88,1001
Richard Moore, Elizabeth Wiggins, Edward Winstead, Claire Robinson, Lee Thornhill, and Kevin Sanchez
NASA Langley Research Center
In-situ Submicron Particle Size Distributions from a SMPS on the NASA DC-8
FIREXAQ
1,1
2019,08,07,2020,03,10
0
Time_start,Secs after midnight,Time of acquisition
50
1,1,1,1,1,1,1,1,1,1,1,1,1,1,1,1,1,1,1,1,1,1,1,1,1,1,1,1,1,1,1,1,1,1,1,1,1,1,1,1,1,1,1,1,1,1,1,1,1,1
-9999,-9999,-9999,-9999,-9999,-9999,-9999,-9999,-9999,-9999,-9999,-9999,-9999,-9999,-9999,-9999,-9999,-9999,-9999,-9999,-9999,-9999,-9999,-9999,-9999,-9999,-9999,-9999,-9999,-9999,-9999,-9999,-9999,-9999,-9999,-9999,-9999,-9999,-9999,-9999,-9999,-9999,-9999,-9999,-9999,-9999,-9999,-9999,-9999,-9999
Time_stop,Secs after midnight,Time of acquisition
Time_mid,Secs after midnight,Time of acquisition
nSMPS_stdPT,#/cm3,AerMP_NumConc_InSitu_RHd_Mobility_NucltoAccu_STP,integrated_number_density
sSMPS_stdPT,um2/cm3,AerMP_SurfAreaConc_InSitu_RHd_Mobility_NucltoAccu_STP,integrated_surface_area
vSMPS_stdPT,um3/cm3,AerMP_VolConc_InSitu_RHd_Mobility_NucltoAccu_STP,integrated_volume
SMPS_stdPT, unitless, None, conversion between ambient PT and standard PT (1013, 273)
SMPS_bin00_stdPT,#/cm3,AerMP_NumSizeDist_InSitu_RHd_Mobility_NucltoAccu_STP,Binned number size distribution (in dNdlogDp) measured by the SMPS
SMPS_bin01_stdPT,#/cm3,AerMP_NumSizeDist_InSitu_RHd_Mobility_NucltoAccu_STP,Binned number size distribution (in dNdlogDp) measured by the SMPS
SMPS_bin02_stdPT,#/cm3,AerMP_NumSizeDist_InSitu_RHd_Mobility_NucltoAccu_STP,Binned number size distribution (in dNdlogDp) measured by the SMPS
SMPS_bin03_stdPT,#/cm3,AerMP_NumSizeDist_InSitu_RHd_Mobility_NucltoAccu_STP,Binned number size distribution (in dNdlogDp) measured by the SMPS
SMPS_bin04_stdPT,#/cm3,AerMP_NumSizeDist_InSitu_RHd_Mobility_NucltoAccu_STP,Binned number size distribution (in dNdlogDp) measured by the SMPS
SMPS_bin05_stdPT,#/cm3,AerMP_NumSizeDist_InSitu_RHd_Mobility_NucltoAccu_STP,Binned number size distribution (in dNdlogDp) measured by the SMPS
SMPS_bin06_stdPT,#/cm3,AerMP_NumSizeDist_InSitu_RHd_Mobility_NucltoAccu_STP,Binned number size distribution (in dNdlogDp) measured by the SMPS
SMPS_bin07_stdPT,#/cm3,AerMP_NumSizeDist_InSitu_RHd_Mobility_NucltoAccu_STP,Binned number size distribution (in dNdlogDp) measured by the SMPS
SMPS_bin08_stdPT,#/cm3,AerMP_NumSizeDist_InSitu_RHd_Mobility_NucltoAccu_STP,Binned number size distribution (in dNdlogDp) measured by the SMPS
SMPS_bin09_stdPT,#/cm3,AerMP_NumSizeDist_InSitu_RHd_Mobility_NucltoAccu_STP,Binned number size distribution (in dNdlogDp) measured by the SMPS
SMPS_bin10_stdPT,#/cm3,AerMP_NumSizeDist_InSitu_RHd_Mobility_NucltoAccu_STP,Binned number size distribution (in dNdlogDp) measured by the SMPS
SMPS_bin11_stdPT,#/cm3,AerMP_NumSizeDist_InSitu_RHd_Mobility_NucltoAccu_STP,Binned number size distribution (in dNdlogDp) measured by the SMPS
SMPS_bin12_stdPT,#/cm3,AerMP_NumSizeDist_InSitu_RHd_Mobility_NucltoAccu_STP,Binned number size distribution (in dNdlogDp) measured by the SMPS
SMPS_bin13_stdPT,#/cm3,AerMP_NumSizeDist_InSitu_RHd_Mobility_NucltoAccu_STP,Binned number size distribution (in dNdlogDp) measured by the SMPS
SMPS_bin14_stdPT,#/cm3,AerMP_NumSizeDist_InSitu_RHd_Mobility_NucltoAccu_STP,Binned number size distribution (in dNdlogDp) measured by the SMPS
[...]
UNCERTAINTY:  20%
ULOD_FLAG: -7777
ULOD_VALUE: N/A
LLOD_FLAG: -8888
LLOD_VALUE: N/A
DM_CONTACT_INFO: Lee Thornhill (Kenneth.L.Thornhill@nasa.gov)
PROJECT_INFO: FIREX-AQ
STIPULATIONS_ON_USE: No stipulations on use. The user is encouraged to contact the PI or DM prior to use.
OTHER_COMMENTS: Midpoint diameters of Bins 00 to 43 are: 0.011,0.012,0.013,0.014,0.015,0.016,0.017,0.018,0.019,0.021,0.022,0.024,0.026,0.028,0.030,0.032,0.035,0.037,0.040,0.043,0.046,0.050,0.053,0.057,0.061,0.066,0.071,0.076,0.082,0.088,0.095,0.102,0.109,0.118,0.126,0.136,0.146,0.157,0.168,0.181,0.194,0.209,0.225,0.241
REVISION: R0
R0: Final Data. Data are corrected for time lags and ammonium sulfate size calibrations.
*******************************************************************************************************************************
Time_start,Time_stop,Time_mid,nSMPS_stdPT,sSMPS_stdPT,vSMPS_stdPT,SMPS_stdPT,SMPS_bin00_stdPT,SMPS_bin01_stdPT,SMPS_bin02_stdPT,SMPS_bin03_stdPT,SMPS_bin04_stdPT,SMPS_bin05_stdPT,SMPS_bin06_stdPT,SMPS_bin07_stdPT,SMPS_bin08_stdPT,SMPS_bin09_stdPT,SMPS_bin10_stdPT,SMPS_bin11_stdPT,SMPS_bin12_stdPT,SMPS_bin13_stdPT,SMPS_bin14_stdPT,SMPS_bin15_stdPT,SMPS_bin16_stdPT,SMPS_bin17_stdPT,SMPS_bin18_stdPT,SMPS_bin19_stdPT,SMPS_bin20_stdPT,SMPS_bin21_stdPT,SMPS_bin22_stdPT,SMPS_bin23_stdPT,SMPS_bin24_stdPT,SMPS_bin25_stdPT,SMPS_bin26_stdPT,SMPS_bin27_stdPT,SMPS_bin28_stdPT,SMPS_bin29_stdPT,SMPS_bin30_stdPT,SMPS_bin31_stdPT,SMPS_bin32_stdPT,SMPS_bin33_stdPT,SMPS_bin34_stdPT,SMPS_bin35_stdPT,SMPS_bin36_stdPT,SMPS_bin37_stdPT,SMPS_bin38_stdPT,SMPS_bin39_stdPT,SMPS_bin40_stdPT,SMPS_bin41_stdPT,SMPS_bin42_stdPT,SMPS_bin43_stdPT
75620,75665,75642.5,0.00,0.00,0.00,1.27,0.00,0.00,0.00,0.00,0.00,0.00,0.00,0.00,0.00,0.00,0.00,0.00,0.00,0.00,0.00,0.00,0.00,0.00,0.00,0.00,0.00,0.00,0.00,0.00,0.00,0.00,0.00,0.00,0.00,0.00,0.00,0.00,0.00,0.00,0.00,0.00,0.00,0.00,0.00,0.00,0.00,0.00,0.00,0.00
75679,75724,75701.5,0.00,0.00,0.00,1.30,0.00,0.00,0.00,0.00,0.00,0.00,0.00,0.00,0.00,0.00,0.00,0.00,0.00,0.00,0.00,0.00,0.00,0.00,0.00,0.00,0.00,0.00,0.00,0.00,0.00,0.00,0.00,0.00,0.00,0.00,0.00,0.00,0.00,0.00,0.00,0.00,0.00,0.00,0.00,0.00,0.00,0.00,0.00,0.00
75738,75783,75760.5,0.00,0.00,0.00,1.36,0.00,0.00,0.00,0.00,0.00,0.00,0.00,0.00,0.00,0.00,0.00,0.00,0.00,0.00,0.00,0.00,0.00,0.00,0.00,0.00,0.00,0.00,0.00,0.00,0.00,0.00,0.00,0.00,0.00,0.00,0.00,0.00,0.00,0.00,0.00,0.00,0.00,0.00,0.00,0.00,0.00,0.00,0.00,0.00
75797,75842,75819.5,0.00,0.00,0.00,1.43,0.00,0.00,0.00,0.00,0.00,0.00,0.00,0.00,0.00,0.00,0.00,0.00,0.00,0.00,0.00,0.00,0.00,0.00,0.00,0.00,0.00,0.00,0.00,0.00,0.00,0.00,0.00,0.00,0.00,0.00,0.00,0.00,0.00,0.00,0.00,0.00,0.00,0.00,0.00,0.00,0.00,0.00,0.00,0.00
75856,75901,75878.5,0.00,0.00,0.00,1.51,0.00,0.00,0.00,0.00,0.00,0.00,0.00,0.00,0.00,0.00,0.00,0.00,0.00,0.00,0.00,0.00,0.00,0.00,0.00,0.00,0.00,0.00,0.00,0.00,0.00,0.00,0.00,0.00,0.00,0.00,0.00,0.00,0.00,0.00,0.00,0.00,0.00,0.00,0.00,0.00,0.00,0.00,0.00,0.00
75915,75960,75937.5,0.00,0.00,0.00,1.56,0.00,0.00,0.00,0.00,0.00,0.00,0.00,0.00,0.00,0.00,0.00,0.00,0.00,0.00,0.00,0.00,0.00,0.00,0.00,0.00,0.00,0.00,0.00,0.00,0.00,0.00,0.00,0.00,0.00,0.00,0.00,0.00,0.00,0.00,0.00,0.00,0.00,0.00,0.00,0.00,0.00,0.00,0.00,0.00
75974,76019,75996.5,967.78,37.10,1.05,1.65,0.00,0.00,820.69,0.00,376.60,0.05,309.34,666.28,566.77,847.60,0.00,99.79,662.24,911.36,824.63,769.24,1103.82,1442.39,611.43,1163.86,862.55,739.62,790.17,761.35,521.09,744.93,668.17,646.90,663.36,929.23,1412.72,858.65,721.52,1047.65,545.34,472.25,688.18,1259.97,939.48,1082.42,989.97,1033.11,523.07,370.77
76033,76078,76055.5,1242.21,45.99,1.28,1.71,0.00,0.00,0.00,818.70,0.00,294.02,50.89,430.27,914.71,450.06,352.91,1064.51,900.91,1042.24,1259.98,1102.87,1478.27,1107.57,1562.96,1125.88,1129.63,1616.11,1141.58,841.01,1042.16,821.25,1199.85,822.12,1006.52,1189.07,965.61,965.09,874.59,914.30,900.43,999.98,1241.97,1677.85,1160.13,1152.62,1350.26,974.88,835.42,590.19
76092,76137,76114.5,1267.76,47.00,1.38,1.77,0.00,0.00,0.00,452.07,1129.30,1108.50,1867.01,1059.17,381.88,530.74,862.75,640.40,1171.95,1286.95,900.42,805.29,831.25,1158.60,564.88,1097.77,838.54,1151.80,1049.06,882.78,1034.47,1118.87,867.65,1100.16,1204.95,757.47,1043.68,875.45,1197.75,1163.01,563.50,892.71,1036.12,954.41,1221.59,1357.68,1204.77,923.33,651.97,814.84
76151,76196,76173.5,1581.50,71.05,2.26,1.85,0.00,0.00,1218.41,0.00,1244.97,0.00,865.04,1190.59,1321.44,567.58,895.69,577.33,952.23,1012.16,808.90,1504.06,1304.27,1429.30,1323.07,1553.12,1380.45,1664.27,1290.00,1401.80,1413.56,1292.77,1257.48,1356.95,1105.38,668.85,1151.55,1013.78,1475.58,898.74,1615.78,1164.84,1181.85,842.83,880.90,1222.26,1875.67,1895.77,1306.14,1467.82
76210,76255,76232.5,1481.40,45.86,1.31,1.86,0.00,0.00,0.00,1633.48,1383.60,0.00,309.28,1354.43,960.31,951.01,1429.84,1079.90,1926.85,2259.19,1583.11,1634.05,1065.49,1621.00,1366.65,1484.71,1013.51,1218.14,1365.42,1226.23,1285.94,1198.03,684.09,1051.28,919.85,1175.20,936.10,1076.69,1288.59,748.15,791.70,966.80,1271.83,993.71,768.63,1048.04,1179.83,986.08,753.74,642.44
76269,76314,76291.5,1031.61,35.57,1.00,1.86,0.00,0.00,0.00,815.49,0.00,699.85,0.00,567.56,582.41,323.46,511.86,705.95,765.42,1009.54,1281.67,969.24,1074.33,1349.78,1272.02,1258.08,1771.67,692.82,901.31,843.22,756.46,921.99,423.49,745.03,834.64,820.37,291.11,430.95,976.89,687.77,514.99,1016.19,1294.96,972.00,908.53,975.73,888.00,776.78,505.89,446.38
76328,76373,76350.5,1211.26,34.65,0.93,1.86,0.00,0.00,201.74,822.01,634.21,482.59,358.78,43.63,972.92,526.03,380.47,562.79,1299.12,1384.78,1561.18,1251.83,1286.51,1402.96,1547.77,1303.06,1262.62,1928.66,1742.60,1018.96,1281.78,1877.84,531.37,861.28,483.22,689.82,753.09,712.66,358.04,755.81,1015.12,1035.74,1367.71,908.06,800.38,737.94,845.14,602.21,351.01,293.80
76387,76432,76409.5,921.98,25.59,0.70,1.86,0.00,0.00,0.00,0.00,1133.68,0.00,984.67,242.61,343.07,35.39,528.66,624.49,918.90,1086.94,1072.63,1501.34,1481.18,1457.40,1013.47,1181.73,1511.26,745.84,427.88,927.38,803.57,465.48,859.82,560.59,417.20,788.32,731.07,1029.19,439.55,636.90,469.07,714.41,813.00,506.23,543.61,418.19,653.85,473.95,166.36,269.05
76446,76491,76468.5,712.62,21.70,0.60,1.87,0.00,0.00,1221.17,0.00,566.00,0.01,193.85,361.90,190.74,670.85,259.54,260.81,233.91,844.95,709.79,855.25,1080.28,594.15,833.75,541.02,1071.42,607.32,1040.43,615.57,622.11,561.83,572.90,660.93,52.88,544.92,485.96,405.99,372.60,492.33,771.60,591.14,797.55,547.05,525.92,180.54,428.72,457.33,338.44,319.52
76505,76550,76527.5,781.33,20.41,0.55,1.90,0.00,0.00,0.00,0.00,0.00,1045.54,625.85,46.67,777.41,215.00,488.64,992.44,1392.65,1304.65,795.51,1132.54,797.99,765.97,1329.45,976.10,784.67,828.82,795.25,553.24,289.64,531.91,673.86,229.22,469.48,209.80,470.02,520.02,829.17,601.35,750.77,427.71,386.78,486.00,501.99,421.11,440.03,190.98,267.25,415.55
76564,76609,76586.5,897.01,23.05,0.63,2.00,0.00,0.00,0.00,0.00,0.00,1050.21,1750.22,611.94,1342.16,1255.38,1045.18,904.81,639.55,204.94,653.18,1316.93,1491.88,1246.57,1239.19,382.84,490.58,877.91,329.37,360.15,644.65,737.71,310.77,994.47,577.82,525.19,525.45,583.39,827.87,638.41,829.49,932.25,412.62,454.27,464.20,351.07,340.92,213.68,396.55,282.45
76623,76668,76645.5,992.69,18.28,0.47,2.08,0.00,0.00,0.00,2797.59,981.91,2624.60,1204.45,680.20,560.31,1133.14,471.79,246.36,648.85,1072.63,1006.97,1033.32,1038.33,802.43,675.40,1168.31,1132.48,1076.88,908.20,1421.92,627.83,503.91,1016.59,395.21,400.74,333.41,307.06,453.96,279.98,375.79,975.12,698.28,662.67,477.93,410.18,58.84,121.44,183.92,249.24,274.79
76682,76727,76704.5,947.58,19.83,0.56,2.16,0.00,0.00,0.00,0.00,1798.03,0.00,1650.76,1406.31,528.61,191.89,1218.51,704.75,853.45,815.78,1271.66,1814.21,1288.31,1947.07,1139.17,1336.23,709.98,1128.33,681.56,1069.00,365.16,723.20,395.65,607.69,333.93,780.35,326.99,659.64,725.60,702.40,139.78,557.23,237.53,173.24,64.63,244.63,285.13,205.92,338.64,288.54
76741,76786,76763.5,1178.29,22.35,0.62,2.22,0.00,0.00,0.00,0.00,974.52,274.31,1603.93,1461.64,3249.57,2670.07,1379.28,2136.97,1059.67,1192.98,1344.85,1072.28,1246.24,1840.39,903.42,1287.64,1386.56,989.25,473.97,1026.63,908.36,447.09,495.77,628.87,436.57,168.62,729.11,460.87,948.95,671.25,463.95,555.14,610.58,317.15,223.67,169.82,550.50,340.51,217.36,172.94
76800,76845,76822.5,876.56,18.60,0.55,2.29,0.00,0.00,0.00,0.00,978.00,680.86,1166.93,328.15,283.00,2106.87,851.68,1194.18,1531.05,787.68,1422.84,1622.50,1576.31,1060.53,1272.72,1043.31,829.77,677.11,722.44,550.63,497.12,353.30,380.35,276.53,169.85,212.04,259.77,611.75,566.28,452.28,645.65,218.53,484.28,337.88,167.08,112.76,342.81,259.67,169.41,109.92
76859,76904,76881.5,1442.84,18.77,0.44,2.35,0.00,0.00,0.00,0.00,2408.60,816.75,1776.04,2001.10,1893.18,2208.86,1759.72,1818.95,2743.22,2301.01,1953.73,1328.89,2179.24,1909.27,2052.68,2041.66,1622.55,1328.75,1171.85,897.67,962.47,718.15,764.99,543.88,800.82,657.62,291.02,853.42,712.37,528.24,550.04,559.33,200.31,293.10,452.37,189.89,50.17,113.47,306.70,58.28
76918,76963,76940.5,974.63,20.24,0.53,2.38,0.00,0.00,0.00,0.00,0.00,655.46,1056.94,366.39,924.80,923.66,0.00,1452.24,1432.23,1496.00,2016.32,1847.27,1435.56,1625.04,1548.11,1010.61,1236.07,1279.65,954.97,600.54,453.75,611.20,531.82,568.94,789.43,446.46,347.72,506.82,724.82,377.31,328.95,268.81,242.54,574.18,620.74,443.03,349.03,462.49,267.95,79.90
76977,77022,76999.5,1718.06,57.33,1.86,2.37,0.00,0.00,0.00,0.00,0.00,980.55,2922.90,280.52,557.26,910.59,575.23,3150.41,2354.38,1924.69,3149.15,1999.98,2894.72,2222.44,2275.47,2093.12,1826.75,1817.56,1463.55,910.13,932.05,1598.83,933.79,1326.58,778.40,698.58,980.86,651.43,1281.35,572.48,1108.84,622.19,276.64,784.77,652.79,740.78,1227.90,1373.92,997.63,1059.98
77036,77081,77058.5,1332.14,39.77,1.20,2.37,0.00,0.00,0.00,0.00,0.00,816.06,1154.87,0.00,1512.85,940.55,1743.50,1169.78,1785.60,1331.97,1174.51,1170.35,1498.04,1074.22,1538.63,1775.24,1802.19,2125.65,1655.22,1458.52,1300.07,1283.14,850.49,929.64,1283.11,712.97,870.83,791.64,723.44,1093.97,822.77,481.05,0.00,418.09,549.93,495.77,536.66,1284.30,799.01,692.28
77095,77140,77117.5,1409.33,22.22,0.55,2.37,0.00,0.00,0.00,0.00,0.06,2279.24,276.95,1479.10,922.75,1557.89,1417.71,1205.63,1343.06,2818.89,2195.72,1914.96,2339.06,2742.35,2026.48,2558.88,1753.79,1957.02,1858.37,1302.02,1200.33,858.04,1402.37,619.15,766.93,443.57,564.58,851.09,489.60,703.50,341.27,117.29,283.54,172.77,344.54,310.76,433.49,224.12,294.19,371.79
77154,77199,77176.5,1590.41,19.80,0.48,2.37,0.00,0.00,0.00,0.00,0.00,1655.34,4192.10,2758.13,695.53,2517.36,3831.51,2216.83,2780.99,2317.68,2334.79,2284.07,1494.75,2102.30,2073.26,2110.71,2025.39,1629.08,809.35,823.72,1035.03,1365.76,711.85,924.29,568.08,594.36,674.79,515.27,394.54,342.65,200.52,423.23,136.06,246.83,331.90,447.33,440.99,226.02,234.08,56.53
77213,77258,77235.5,1095.83,16.19,0.40,2.36,0.00,0.00,0.00,0.00,1206.68,1106.58,2294.60,927.30,1049.26,638.95,1214.44,1196.48,229.89,1469.54,1890.18,2420.27,1459.46,1859.22,1772.09,1741.29,1145.40,1587.67,574.32,817.89,742.25,847.84,649.96,681.01,657.31,593.13,429.58,275.35,467.47,333.39,371.62,355.07,257.13,345.61,279.65,300.42,185.82,73.73,171.35,77.83
77273,77318,77295.5,0.00,0.00,0.00,2.37,0.00,0.00,0.00,0.00,0.00,0.00,0.00,0.00,0.00,0.00,0.00,0.00,0.00,0.00,0.00,0.00,0.00,0.00,0.00,0.00,0.00,0.00,0.00,0.00,0.00,0.00,0.00,0.00,0.00,0.00,0.00,0.00,0.00,0.00,0.00,0.00,0.00,0.00,0.00,0.00,0.00,0.00,0.00,0.00
77332,77377,77354.5,0.00,0.00,0.00,2.37,0.00,0.00,0.00,0.00,0.00,0.00,0.00,0.00,0.00,0.00,0.00,0.00,0.00,0.00,0.00,0.00,0.00,0.00,0.00,0.00,0.00,0.00,0.00,0.00,0.00,0.00,0.00,0.00,0.00,0.00,0.00,0.00,0.00,0.00,0.00,0.00,0.00,0.00,0.00,0.00,0.00,0.00,0.00,0.00
77391,77436,77413.5,0.00,0.00,0.00,2.37,0.00,0.00,0.00,0.00,0.00,0.00,0.00,0.00,0.00,0.00,0.00,0.00,0.00,0.00,0.00,0.00,0.00,0.00,0.00,0.00,0.00,0.00,0.00,0.00,0.00,0.00,0.00,0.00,0.00,0.00,0.00,0.00,0.00,0.00,0.00,0.00,0.00,0.00,0.00,0.00,0.00,0.00,0.00,0.00
77450,77495,77472.5,0.00,0.00,0.00,2.37,0.00,0.00,0.00,0.00,0.00,0.00,0.00,0.00,0.00,0.00,0.00,0.00,0.00,0.00,0.00,0.00,0.00,0.00,0.00,0.00,0.00,0.00,0.00,0.00,0.00,0.00,0.00,0.00,0.00,0.00,0.00,0.00,0.00,0.00,0.00,0.00,0.00,0.00,0.00,0.00,0.00,0.00,0.00,0.00
77509,77554,77531.5,1403.37,10.03,0.17,2.37,0.00,0.00,0.00,0.00,3185.28,1368.83,2808.59,1078.79,2483.52,1949.14,2956.53,2312.86,2381.60,1582.12,3225.80,1815.12,2120.93,1836.80,2477.47,1597.92,1324.26,1144.20,1061.77,860.09,948.59,297.01,280.85,503.16,363.76,582.19,58.31,340.41,278.40,297.44,266.95,288.12,309.40,110.75,85.21,51.76,69.13,70.16,35.91,73.19
77568,77613,77590.5,1000.60,6.90,0.13,2.36,0.00,0.00,0.00,0.00,1960.54,2721.44,3366.46,2002.22,1793.11,1155.53,1491.30,722.27,1412.69,1223.36,1961.07,1397.76,1343.61,1062.67,577.69,1245.51,939.05,707.22,586.15,601.05,274.27,47.51,333.85,403.25,476.99,340.44,391.68,371.61,291.11,164.90,157.57,68.63,78.34,62.76,11.54,42.58,57.41,35.54,0.00,18.32
77627,77672,77649.5,745.93,6.64,0.13,2.37,0.00,0.00,0.00,0.00,785.69,453.30,2128.32,850.48,2146.31,2221.16,1656.40,909.64,1772.17,830.61,1194.46,695.60,569.93,785.98,621.58,551.51,229.28,252.38,469.74,205.41,361.09,538.96,467.97,323.92,548.10,446.57,313.40,353.05,53.69,285.86,96.01,65.49,135.14,157.17,59.64,70.43,68.33,88.95,47.73,2.13
77686,77731,77708.5,788.40,6.05,0.11,2.37,0.00,0.00,0.00,0.00,1205.70,3598.20,812.83,1631.41,1008.02,878.64,1173.99,1605.94,530.35,1669.26,889.27,520.09,1243.39,517.55,888.81,1095.91,685.58,497.96,569.16,545.41,303.18,386.33,426.37,462.32,369.32,146.52,215.16,244.85,125.62,171.14,221.92,105.34,60.54,149.35,125.31,13.42,0.00,8.56,22.36,25.20
77745,77790,77767.5,850.33,5.95,0.10,2.37,0.00,0.00,0.00,0.00,0.00,981.29,1828.03,3694.72,2314.68,2342.89,1240.36,1755.13,879.11,349.38,1442.66,1196.18,500.61,719.27,575.81,1355.92,861.91,428.83,501.79,264.32,415.29,388.85,280.46,259.05,608.68,339.35,178.19,279.93,322.76,220.30,188.66,223.72,35.07,35.74,46.75,52.82,37.10,0.00,0.00,38.60
77804,77849,77826.5,1024.53,10.35,0.21,2.37,0.00,0.00,0.00,0.00,0.00,1965.90,236.64,4326.81,1373.79,2228.11,1359.50,1434.17,1222.84,2080.85,1456.76,1143.22,904.05,938.27,1486.12,1220.00,538.65,880.07,743.44,1074.12,754.29,658.70,338.93,755.73,416.71,299.27,363.34,380.08,273.86,177.35,479.89,261.55,262.61,7.21,221.39,132.36,51.76,75.28,76.96,107.04
77863,77908,77885.5,1118.19,6.20,0.11,2.37,0.00,0.00,0.00,0.00,2408.26,4080.32,4197.10,2724.84,2798.26,2525.15,2148.06,1425.19,1021.57,699.31,847.26,932.07,1333.23,1168.55,1172.99,793.52,324.74,708.20,466.72,546.14,305.50,492.31,312.23,292.02,316.64,324.54,206.26,242.56,163.53,143.53,101.97,95.34,71.63,46.32,35.29,93.57,50.94,73.47,9.27,44.52
77922,77967,77944.5,1170.39,7.46,0.14,2.37,0.00,0.00,0.00,0.00,1204.16,4237.95,4749.19,2547.91,3178.68,3012.34,2312.06,2523.82,2195.10,777.30,524.59,340.59,634.19,738.23,896.93,778.21,778.95,675.66,579.02,579.26,428.37,464.13,194.26,172.35,297.38,334.38,228.95,259.03,519.09,416.58,258.35,187.53,49.36,71.82,35.32,102.38,4.76,32.97,0.00,50.68
77981,78026,78003.5,1317.32,8.70,0.17,2.37,0.00,0.00,0.00,0.00,3810.79,3092.89,6531.75,1915.65,4821.45,2482.22,815.39,1445.35,1048.86,745.87,1561.23,1290.41,1079.59,1081.83,1191.01,1696.47,512.07,718.46,933.44,861.60,714.99,513.91,411.40,190.13,216.47,329.54,459.16,161.16,275.94,259.24,70.01,153.94,124.36,95.72,56.15,175.73,0.00,74.08,74.89,0.00
78040,78085,78062.5,1065.68,8.75,0.18,2.37,0.00,0.00,0.00,0.00,0.00,2279.97,4918.67,4131.72,2312.69,1500.59,1075.03,1436.42,2013.97,1052.95,976.58,969.78,561.11,560.66,741.50,830.35,871.08,1039.52,1088.45,661.21,523.76,767.63,600.87,309.22,213.67,399.99,220.47,278.91,281.41,151.96,281.75,276.93,81.65,108.74,165.52,26.69,103.66,90.40,42.20,33.57
78099,78144,78121.5,1207.62,11.49,0.25,2.37,0.00,0.00,0.00,0.00,2408.06,6527.99,2645.61,3049.98,1238.19,1221.03,1099.73,395.22,685.85,1832.49,1183.07,1014.36,1003.24,924.37,1363.86,1977.31,550.79,836.60,931.98,505.55,903.70,828.10,612.18,698.71,488.27,404.10,341.19,420.55,389.63,433.87,330.30,456.81,192.30,35.31,205.05,132.53,38.42,48.40,74.89,51.29
78158,78203,78180.5,916.19,10.79,0.25,2.37,0.00,0.00,0.00,0.00,784.20,1788.11,2612.55,424.76,1631.73,604.85,1376.28,1844.93,1268.46,1058.38,1493.52,870.85,812.83,1106.63,1051.98,1062.47,1413.22,908.56,774.29,661.12,588.76,622.89,387.68,532.08,325.68,522.97,493.93,175.74,520.34,126.99,19.42,100.65,131.45,64.50,236.62,185.65,193.16,187.80,174.77,97.46
78217,78262,78239.5,1123.02,11.11,0.26,2.36,0.00,0.00,0.00,0.00,2609.64,2188.75,4391.46,3889.06,2135.75,1667.49,309.56,1730.74,1303.41,661.80,899.05,1104.52,976.85,752.41,1140.71,792.64,756.56,480.26,779.54,733.29,1066.52,457.69,810.64,517.35,672.52,251.69,289.35,417.77,229.37,360.61,291.51,209.32,122.14,189.17,7.81,56.29,184.04,98.02,87.55,77.52
78276,78321,78298.5,838.23,12.10,0.28,2.37,0.00,0.00,0.00,0.00,0.00,1791.14,1821.41,425.00,1170.39,612.61,377.05,1184.07,868.11,738.10,849.95,1044.20,918.30,1323.74,1402.58,715.29,657.09,668.83,1648.05,795.23,788.25,1185.58,863.56,591.57,795.30,587.91,331.08,487.50,293.97,51.57,337.59,133.57,204.17,73.48,306.13,97.09,187.09,88.76,115.00,97.36
78335,78380,78357.5,976.43,14.03,0.33,2.36,0.00,0.00,0.00,0.00,198.91,544.51,2291.78,1964.15,1462.89,1043.21,1980.89,1495.34,868.95,1314.96,515.73,1182.86,891.23,809.09,1156.46,968.96,1341.25,1113.54,1168.29,1086.21,875.16,560.36,572.91,738.34,379.10,627.53,463.61,404.71,329.65,465.67,277.70,273.94,397.45,412.40,214.78,160.02,109.50,169.68,103.24,94.51
