Data/Raw/MOORE,RICHARD/FIREXAQ-LARGE-OPTICAL_DC8_20190829_R0.ict
90,1001
Richard Moore, Elizabeth Wiggins, Edward Winstead, Claire Robinson, Lee Thornhill, and Kevin Sanchez
NASA Langley Research Center
In-situ aerosol optical measurements from the NASA DC-8
FIREXAQ
1,1
2019,08,29,2020,03,10
1.0
Time_mid,Secs after midnight,Time of acquisition
28
1,1,1,1,1,1,1,1,1,1,1,1,1,1,1,1,1,1,1,1,1,1,1,1,1,1,1,1
-9999,-9999,-9999,-9999,-9999,-9999,-9999,-9999,-9999,-9999,-9999,-9999,-9999,-9999,-9999,-9999,-9999,-9999,-9999,-9999,-9999,-9999,-9999,-9999,-9999,-9999,-9999,-9999
totSC450_stdPT, Mm-1, AerOpt_Scattering_InSitu_Blue_RHd_Bulk_STP, Total dry scattering at 450nm (Total Aerosols)
totSC550_stdPT, Mm-1, AerOpt_Scattering_InSitu_Green_RHd_Bulk_STP, Total dry scattering at 550nm (Total Aerosols)
totSC700_stdPT, Mm-1, AerOpt_Scattering_InSitu_Red_RHd_Bulk_STP, Total dry scattering at 700nm (Total Aerosols)
Abs470_stdPT, Mm-1, AerOpt_Absorption_InSitu_Blue_RHd_Bulk_STP, Total dry absorption at 470nm (Total Aerosols)
Abs532_stdPT, Mm-1, AerOpt_Absorption_InSitu_Green_RHd_Bulk_STP, Total dry absorption at 532nm (Total Aerosols)
Abs660_stdPT, Mm-1, AerOpt_Absorption_InSitu_Red_RHd_Bulk_STP, Total dry absorption at 660nm (Total Aerosols)
gamma450, unitless, AerOpt_Gamma_InSitu_Blue_None_PM1_None, Derived submicron hygroscopic growth factor for particles at 450nm
gamma550, unitless, AerOpt_Gamma_InSitu_Green_None_PM1_None, Derived submicron hygroscopic growth factor for particles at 550nm
gamma700, unitless, AerOpt_Gamma_InSitu_Red_None_PM1_None, Derived submicron hygroscopic growth factor for particles at 700nm
fRH450_RH20to85, unitless, AerOpt_fRHScat_InSitu_Blue_RHsp_PM1_None, Derived submicron hygroscopic growth parameter for particles at 450nm
fRH550_RH20to85, unitless, AerOpt_fRHScat_InSitu_Green_RHsp_PM1_None, Derived submicron hygroscopic growth parameter for particles at 550nm
fRH700_RH20to85, unitless, AerOpt_fRHScat_InSitu_Red_RHsp_PM1_None, Derived submicron hygroscopic growth parameter for particles at 700nm
ambSC450_stdPT, Mm-1, AerOpt_Scattering_InSitu_Blue_RHa_PM1_STP, Derived submicron ambient scattering at 450nm (Total Aerosols)
ambSC550_stdPT, Mm-1, AerOpt_Scattering_InSitu_Green_RHa_PM1_STP, Derived submicron ambient scattering at 550nm (Total Aerosols)
ambSC700_stdPT, Mm-1, AerOpt_Scattering_InSitu_Red_RHa_PM1_STP, Derived submicron ambient scattering at 700nm (Total Aerosols)
dryAEscat_550to700, unitless, AerOpt_AngstromExponentScat_InSitu_GreentoRed_RHd_PM1_None, Derived submicron dry Angstrom Exponent for scattering coefficient over wavelength range from 550nm to 700nm
drySSA_450, unitless, AerOpt_SSA_InSitu_Blue_RHd_PM1_None, Derived submicron single scattering albedo at 450nm (dry scattering and absorption)
drySSA_550, unitless, AerOpt_SSA_InSitu_Green_RHd_PM1_None, Derived submicron single scattering albedo at 550nm (dry scattering and absorption)
drySSA_700, unitless, AerOpt_SSA_InSitu_Red_RHd_PM1_None, Derived submicron single scattering albedo at 700nm (dry scattering and absorption)
ambSSA_450, unitless, AerOpt_SSA_InSitu_Blue_RHa_PM1_None, Derived submicron single scattering albedo at 450nm (ambient scattering and absorption)
ambSSA_550, unitless, AerOpt_SSA_InSitu_Green_RHa_PM1_None, Derived submicron single scattering albedo at 550nm (ambient scattering and absorption)
[...]
   - f(RH) is the amplification factor in scattering due to RH and is calculated from gamma at 20% and 85% RH. 
  SSA: computed only when both scattering and absorption is greater than 5 Mm-1
  dryAEscat_550to70 - computed only when scattering is greater than 10 Mm-1
  TAP ABSORPTION: 
   - Absorption Data from Brechtel 3-wavelength Tricolor Absorption Photometer (TAP), corrected for scattering following the TAP manual, version 8.
   - Included for research evaluation. User is directed to the primary PSAP-based absorption measurements (Abs470_stdPT, Abs532_stdPT, Abs660_stdPT) on which the derived parameters are calculated.
DATA_INFO: Aerosol measurements are reported at standard temperature and pressure (1013mb,273K), divide by stdPT to get back to ambient
UNCERTAINTY: all data are 5%
ULOD_FLAG: -7777
ULOD_VALUE: N/A
LLOD_FLAG: -8888
LLOD_VALUE: N/A
DM_CONTACT_INFO: Lee Thornhill (Kenneth.L.Thornhill@nasa.gov)
PROJECT_INFO: FIREX-AQ (2019)
STIPULATIONS_ON_USE: No stipulations on use. The user is encouraged to contact the PI or DM prior to use.
OTHER_COMMENTS: none
REVISION: R0
R0: Final Data. Data are corrected for time lags and calibrations.
******************************************************************************************************************
Time_mid,totSC450_stdPT,totSC550_stdPT,totSC700_stdPT,Abs470_stdPT,Abs532_stdPT,Abs660_stdPT,gamma450,gamma550,gamma700,fRH450_RH20to85,fRH550_RH20to85,fRH700_RH20to85,ambSC450_stdPT,ambSC550_stdPT,ambSC700_stdPT,dryAEscat_550to700,drySSA_450,drySSA_550,drySSA_700,ambSSA_450,ambSSA_550,ambSSA_700,dryEXT_532_stdPT,ambEXT_532_stdPT,TAP467_stdPT,TAP528_stdPT,TAP652_stdPT,stdPT
[from data line 17340]
77708,62.35,42.09,18.04,2.27,1.83,1.62,-9999.00,-9999.00,-9999.00,-9999.00,-9999.00,-9999.00,-9999.00,-9999.00,-9999.00,2.43,-9999.00,-9999.00,-9999.00,-9999.00,-9999.00,-9999.00,35.05,-9999.00,15.87,-3.02,4.06,1.30
77709,71.12,42.01,21.42,2.18,1.90,1.54,-9999.00,-9999.00,-9999.00,-9999.00,-9999.00,-9999.00,-9999.00,-9999.00,-9999.00,2.42,-9999.00,-9999.00,-9999.00,-9999.00,-9999.00,-9999.00,37.93,-9999.00,4.40,24.06,10.42,1.30
77710,75.07,46.03,21.99,2.13,1.97,1.60,-9999.00,-9999.00,-9999.00,-9999.00,-9999.00,-9999.00,-9999.00,-9999.00,-9999.00,2.42,-9999.00,-9999.00,-9999.00,-9999.00,-9999.00,-9999.00,35.17,-9999.00,-0.59,5.22,-4.86,1.30
77711,147.76,103.29,70.84,1.29,1.22,0.59,-9999.00,-9999.00,-9999.00,-9999.00,-9999.00,-9999.00,-9999.00,-9999.00,-9999.00,2.32,-9999.00,-9999.00,-9999.00,-9999.00,-9999.00,-9999.00,47.55,-9999.00,-2.46,-24.49,-13.89,1.29
77712,139.20,108.38,65.92,1.53,1.22,0.61,-9999.00,-9999.00,-9999.00,-9999.00,-9999.00,-9999.00,-9999.00,-9999.00,-9999.00,2.35,-9999.00,-9999.00,-9999.00,-9999.00,-9999.00,-9999.00,56.47,-9999.00,-8.27,18.00,12.66,1.30
77713,151.25,117.46,67.88,1.30,1.00,0.56,-9999.00,-9999.00,-9999.00,-9999.00,-9999.00,-9999.00,-9999.00,-9999.00,-9999.00,2.33,-9999.00,-9999.00,-9999.00,-9999.00,-9999.00,-9999.00,64.45,-9999.00,-6.66,-18.56,-9.93,1.29
77714,136.16,93.92,65.80,1.44,1.24,0.57,-9999.00,-9999.00,-9999.00,-9999.00,-9999.00,-9999.00,-9999.00,-9999.00,-9999.00,2.39,-9999.00,-9999.00,-9999.00,-9999.00,-9999.00,-9999.00,64.11,-9999.00,25.08,20.90,-4.97,1.29
77715,142.22,100.18,62.13,1.30,1.13,0.62,-9999.00,-9999.00,-9999.00,-9999.00,-9999.00,-9999.00,-9999.00,-9999.00,-9999.00,2.33,-9999.00,-9999.00,-9999.00,-9999.00,-9999.00,-9999.00,65.33,-9999.00,-4.73,11.72,30.04,1.29
77716,130.67,92.62,60.51,1.39,1.12,0.80,-9999.00,-9999.00,-9999.00,-9999.00,-9999.00,-9999.00,-9999.00,-9999.00,-9999.00,2.39,-9999.00,-9999.00,-9999.00,-9999.00,-9999.00,-9999.00,65.78,-9999.00,-2.82,14.62,10.39,1.29
77717,113.04,80.48,45.61,1.57,1.16,1.02,-9999.00,-9999.00,-9999.00,-9999.00,-9999.00,-9999.00,-9999.00,-9999.00,-9999.00,2.34,-9999.00,-9999.00,-9999.00,-9999.00,-9999.00,-9999.00,60.14,-9999.00,2.11,-26.19,-36.65,1.29
77718,101.58,74.36,43.94,1.59,1.13,0.93,-9999.00,-9999.00,-9999.00,-9999.00,-9999.00,-9999.00,-9999.00,-9999.00,-9999.00,2.45,-9999.00,-9999.00,-9999.00,-9999.00,-9999.00,-9999.00,52.54,-9999.00,23.93,7.39,10.25,1.29
77719,87.93,63.32,28.80,1.71,1.21,1.18,-9999.00,-9999.00,-9999.00,-9999.00,-9999.00,-9999.00,-9999.00,-9999.00,-9999.00,2.47,-9999.00,-9999.00,-9999.00,-9999.00,-9999.00,-9999.00,55.70,-9999.00,-17.07,3.93,11.30,1.29
77720,87.57,63.03,30.70,1.64,1.09,0.94,0.06,0.16,-0.06,1.09,1.25,0.92,70.77,46.35,29.49,2.44,-9999.00,-9999.00,-9999.00,-9999.00,-9999.00,-9999.00,50.81,50.81,10.76,-0.06,8.06,1.29
77721,81.32,55.50,24.60,1.49,1.00,1.00,0.10,0.17,0.21,1.16,1.28,1.35,70.47,44.39,19.58,2.43,-9999.00,-9999.00,-9999.00,-9999.00,-9999.00,-9999.00,48.92,48.92,-8.56,-23.25,7.38,1.29
77722,82.28,53.23,28.86,1.46,0.90,0.98,-9999.00,-9999.00,-9999.00,-9999.00,-9999.00,-9999.00,-9999.00,-9999.00,-9999.00,2.44,-9999.00,-9999.00,-9999.00,-9999.00,-9999.00,-9999.00,44.58,-9999.00,1.15,22.87,-3.75,1.28
77723,71.98,43.21,27.01,1.59,1.07,0.89,0.08,0.12,0.05,1.12,1.19,1.08,70.10,43.90,21.12,2.67,-9999.00,-9999.00,-9999.00,-9999.00,-9999.00,-9999.00,48.52,48.52,19.29,7.43,14.12,1.28
77724,77.44,48.03,28.58,1.59,1.06,1.26,0.12,0.19,-0.07,1.20,1.32,0.90,59.44,35.21,22.11,2.72,-9999.00,-9999.00,-9999.00,-9999.00,-9999.00,-9999.00,39.46,39.46,-1.75,12.39,-5.28,1.28
77725,70.59,43.27,24.70,1.54,1.07,1.27,0.07,0.15,0.05,1.11,1.25,1.08,76.14,48.29,24.15,2.68,-9999.00,-9999.00,-9999.00,-9999.00,-9999.00,-9999.00,38.69,54.76,4.26,1.30,-12.79,1.28
77726,73.94,47.65,22.04,1.36,0.99,0.99,0.09,0.18,0.01,1.14,1.30,1.02,69.51,46.13,20.90,2.65,-9999.00,-9999.00,-9999.00,-9999.00,-9999.00,-9999.00,34.82,52.07,-11.20,-23.60,15.88,1.28
77727,66.05,40.53,24.36,1.53,1.25,1.02,0.02,0.16,0.20,1.03,1.25,1.33,69.16,46.33,23.74,2.60,-9999.00,-9999.00,-9999.00,-9999.00,-9999.00,-9999.00,38.22,53.26,8.31,29.31,-3.11,1.28
77728,70.46,43.58,24.19,1.76,1.47,1.08,0.07,0.08,0.42,1.11,1.12,1.84,68.05,43.72,26.64,2.58,-9999.00,-9999.00,-9999.00,-9999.00,-9999.00,-9999.00,41.73,48.66,3.31,9.27,-3.99,1.28
77729,64.52,40.52,24.62,1.99,1.73,1.28,0.07,0.18,0.32,1.10,1.29,1.60,70.21,47.10,30.47,2.45,-9999.00,-9999.00,-9999.00,-9999.00,-9999.00,-9999.00,36.82,54.22,-16.12,-13.28,11.11,1.28
77730,68.71,44.23,24.09,2.16,1.80,1.48,0.11,0.19,0.12,1.17,1.32,1.19,67.68,51.31,23.72,2.46,-9999.00,-9999.00,-9999.00,-9999.00,-9999.00,-9999.00,38.80,57.10,17.89,-12.85,0.51,1.28
77731,67.71,43.06,21.52,2.39,2.02,1.67,0.03,0.22,0.08,1.04,1.38,1.12,70.07,48.53,24.28,2.53,-9999.00,-9999.00,-9999.00,-9999.00,-9999.00,-9999.00,36.40,57.22,6.44,10.93,-13.69,1.28
77732,66.33,46.21,24.14,2.51,2.26,1.75,0.05,0.19,0.02,1.07,1.33,1.03,67.64,50.68,18.15,2.55,-9999.00,-9999.00,-9999.00,-9999.00,-9999.00,-9999.00,39.60,58.15,-6.33,13.60,16.68,1.28
77733,68.33,44.01,20.94,2.61,2.49,2.02,0.01,0.16,0.07,1.01,1.26,1.10,66.56,50.05,27.22,2.45,-9999.00,-9999.00,-9999.00,-9999.00,-9999.00,-9999.00,40.84,58.16,8.52,-7.15,-18.98,1.28
77734,72.15,48.28,23.79,2.71,2.69,1.69,0.05,0.20,-0.20,1.07,1.33,0.75,69.11,51.35,13.64,2.14,-9999.00,-9999.00,-9999.00,-9999.00,-9999.00,-9999.00,38.87,59.77,13.36,-13.74,-3.50,1.28
77735,69.50,45.73,24.99,2.96,2.95,1.80,0.01,0.18,-0.04,1.02,1.31,0.94,75.56,59.61,20.68,2.01,-9999.00,-9999.00,-9999.00,-9999.00,-9999.00,-9999.00,44.49,69.72,1.85,22.95,23.77,1.28
77736,210.27,158.75,107.59,1.42,1.39,0.43,-0.13,-0.09,-0.05,0.83,0.88,0.93,67.63,49.62,28.37,1.95,-9999.00,-9999.00,-9999.00,-9999.00,-9999.00,-9999.00,66.81,54.46,-25.27,-23.04,-19.09,1.28
77737,218.84,178.05,120.63,1.43,1.11,0.23,0.14,0.20,0.14,1.22,1.33,1.23,183.59,145.98,82.46,2.00,-9999.00,-9999.00,-9999.00,-9999.00,-9999.00,-9999.00,101.55,156.09,17.89,2.20,8.97,1.28
77738,238.56,193.00,135.42,0.79,0.68,-0.13,0.24,0.25,0.25,1.42,1.43,1.44,220.55,170.79,105.77,1.94,-9999.00,-9999.00,-9999.00,-9999.00,-9999.00,-9999.00,105.05,179.16,13.79,24.66,-15.88,1.28
77739,204.06,163.69,111.36,1.03,0.85,0.22,0.22,0.27,0.23,1.38,1.47,1.39,219.61,172.23,108.76,1.97,-9999.00,-9999.00,-9999.00,-9999.00,-9999.00,-9999.00,102.78,183.15,16.22,-14.61,26.86,1.27
77740,205.13,149.32,108.92,0.88,1.00,0.29,0.31,0.29,0.26,1.55,1.52,1.45,238.03,179.68,111.33,2.03,-9999.00,-9999.00,-9999.00,-9999.00,-9999.00,-9999.00,94.05,188.18,-2.94,12.44,-0.21,1.27
77741,145.15,103.91,72.93,1.48,1.49,0.95,-9999.00,-9999.00,-9999.00,-9999.00,-9999.00,-9999.00,-9999.00,-9999.00,-9999.00,1.99,-9999.00,-9999.00,-9999.00,-9999.00,-9999.00,-9999.00,87.65,-9999.00,-20.82,-9.62,18.53,1.27
77742,153.85,109.70,78.08,1.29,1.20,0.72,-9999.00,-9999.00,-9999.00,-9999.00,-9999.00,-9999.00,-9999.00,-9999.00,-9999.00,1.93,-9999.00,-9999.00,-9999.00,-9999.00,-9999.00,-9999.00,74.69,-9999.00,22.66,15.20,-9.05,1.27
77743,118.90,80.76,48.23,1.61,1.43,1.17,0.02,0.05,-0.00,1.03,1.08,1.00,110.06,74.02,44.05,1.91,-9999.00,-9999.00,-9999.00,-9999.00,-9999.00,-9999.00,80.48,80.48,5.13,-11.84,14.82,1.27
77744,109.26,81.93,45.85,1.78,1.14,1.28,0.18,0.23,0.10,1.29,1.40,1.16,84.54,52.76,32.57,1.91,-9999.00,-9999.00,-9999.00,-9999.00,-9999.00,-9999.00,58.19,58.19,-1.95,29.54,-14.92,1.27
77745,94.79,62.22,35.51,1.79,1.24,1.51,0.03,0.04,0.08,1.04,1.05,1.12,93.76,62.36,39.45,2.01,-9999.00,-9999.00,-9999.00,-9999.00,-9999.00,-9999.00,62.12,68.15,-22.70,-13.53,3.82,1.27
77746,101.65,64.88,38.33,1.40,1.13,1.52,0.10,0.17,0.11,1.15,1.29,1.17,96.11,71.63,42.11,2.13,-9999.00,-9999.00,-9999.00,-9999.00,-9999.00,-9999.00,50.75,78.84,1.17,-24.91,-0.45,1.27
77747,92.86,57.36,31.02,1.51,1.17,1.67,0.07,0.10,0.01,1.10,1.16,1.01,93.57,61.22,29.90,2.16,-9999.00,-9999.00,-9999.00,-9999.00,-9999.00,-9999.00,52.38,67.85,31.98,20.73,5.24,1.27
77748,87.55,51.87,33.36,1.80,1.27,1.63,0.10,0.15,0.04,1.16,1.24,1.06,89.71,60.07,31.54,2.20,-9999.00,-9999.00,-9999.00,-9999.00,-9999.00,-9999.00,48.15,66.56,-4.25,-0.07,12.59,1.27
77749,78.00,55.86,28.96,2.06,1.35,1.78,0.07,0.09,0.05,1.10,1.13,1.07,88.93,54.21,30.05,2.17,-9999.00,-9999.00,-9999.00,-9999.00,-9999.00,-9999.00,49.97,60.60,5.22,50.97,-0.29,1.27
77750,84.13,51.89,27.57,1.78,1.33,1.54,0.10,0.11,0.12,1.15,1.17,1.20,70.35,41.57,21.77,2.25,-9999.00,-9999.00,-9999.00,-9999.00,-9999.00,-9999.00,46.69,46.69,19.16,5.03,-4.33,1.27
77751,79.01,53.84,27.64,2.03,1.37,1.47,-9999.00,-9999.00,-9999.00,-9999.00,-9999.00,-9999.00,-9999.00,-9999.00,-9999.00,2.21,-9999.00,-9999.00,-9999.00,-9999.00,-9999.00,-9999.00,46.57,-9999.00,1.54,-21.17,-3.95,1.27
77752,84.98,51.39,28.85,1.84,1.48,1.58,-9999.00,-9999.00,-9999.00,-9999.00,-9999.00,-9999.00,-9999.00,-9999.00,-9999.00,2.35,-9999.00,-9999.00,-9999.00,-9999.00,-9999.00,-9999.00,47.36,-9999.00,-8.21,23.72,-0.01,1.27
77753,73.36,45.41,25.92,2.01,1.65,1.65,0.11,0.10,0.04,1.17,1.16,1.06,63.06,39.71,21.63,2.32,-9999.00,-9999.00,-9999.00,-9999.00,-9999.00,-9999.00,44.52,44.52,9.79,-30.67,-4.68,1.26
77754,79.84,48.15,28.12,1.76,1.60,1.53,0.10,0.14,0.12,1.16,1.23,1.18,80.92,55.36,32.69,2.40,-9999.00,-9999.00,-9999.00,-9999.00,-9999.00,-9999.00,42.96,61.57,0.69,46.37,9.88,1.26
77755,72.49,44.84,21.67,1.95,1.65,1.54,0.08,0.07,0.13,1.13,1.11,1.20,65.60,39.95,20.04,2.39,-9999.00,-9999.00,-9999.00,-9999.00,-9999.00,-9999.00,45.03,45.03,-13.13,7.64,13.30,1.26
77756,74.01,46.54,24.92,1.93,1.56,1.26,0.07,0.09,0.13,1.11,1.14,1.21,65.54,40.49,25.81,2.42,-9999.00,-9999.00,-9999.00,-9999.00,-9999.00,-9999.00,45.41,45.41,4.88,-31.84,-22.70,1.26
77757,74.45,50.89,24.04,1.88,1.55,1.28,0.03,0.03,0.13,1.04,1.04,1.20,72.41,44.37,28.02,2.38,-9999.00,-9999.00,-9999.00,-9999.00,-9999.00,-9999.00,46.44,49.68,5.61,-19.17,8.71,1.26
77758,77.17,51.75,27.89,1.76,1.61,1.13,0.02,0.09,0.01,1.03,1.13,1.02,77.95,50.91,28.59,2.45,-9999.00,-9999.00,-9999.00,-9999.00,-9999.00,-9999.00,46.67,57.86,-12.52,-17.86,-3.41,1.26
77759,86.13,55.66,29.86,1.48,1.48,1.02,0.02,0.02,0.08,1.04,1.03,1.12,71.99,43.85,27.10,2.43,-9999.00,-9999.00,-9999.00,-9999.00,-9999.00,-9999.00,46.19,49.07,0.75,26.01,8.48,1.26
77760,78.38,57.09,29.21,1.84,1.46,1.10,-0.02,0.00,0.02,0.97,1.00,1.03,76.67,44.08,27.30,2.44,-9999.00,-9999.00,-9999.00,-9999.00,-9999.00,-9999.00,49.78,49.78,13.80,40.82,17.06,1.26
77761,87.18,57.27,30.71,1.54,1.45,1.07,-9999.00,-9999.00,-9999.00,-9999.00,-9999.00,-9999.00,-9999.00,-9999.00,-9999.00,2.35,-9999.00,-9999.00,-9999.00,-9999.00,-9999.00,-9999.00,45.93,-9999.00,8.12,-20.39,11.23,1.26
77762,81.36,57.10,29.53,1.64,1.46,1.03,-9999.00,-9999.00,-9999.00,-9999.00,-9999.00,-9999.00,-9999.00,-9999.00,-9999.00,2.42,-9999.00,-9999.00,-9999.00,-9999.00,-9999.00,-9999.00,50.46,-9999.00,11.77,-18.85,-15.08,1.26
77763,84.38,55.01,26.02,1.65,1.48,1.11,-9999.00,-9999.00,-9999.00,-9999.00,-9999.00,-9999.00,-9999.00,-9999.00,-9999.00,2.36,-9999.00,-9999.00,-9999.00,-9999.00,-9999.00,-9999.00,45.90,-9999.00,-6.69,8.70,7.28,1.26
77764,88.01,51.67,28.07,1.50,1.47,1.13,-9999.00,-9999.00,-9999.00,-9999.00,-9999.00,-9999.00,-9999.00,-9999.00,-9999.00,2.50,-9999.00,-9999.00,-9999.00,-9999.00,-9999.00,-9999.00,50.27,-9999.00,14.79,18.31,-13.66,1.26
77765,85.65,55.51,27.36,1.56,1.54,1.21,-9999.00,-9999.00,-9999.00,-9999.00,-9999.00,-9999.00,-9999.00,-9999.00,-9999.00,2.46,-9999.00,-9999.00,-9999.00,-9999.00,-9999.00,-9999.00,47.61,-9999.00,-21.12,1.40,13.74,1.26
77766,91.54,53.76,31.45,1.52,1.57,1.06,-9999.00,-9999.00,-9999.00,-9999.00,-9999.00,-9999.00,-9999.00,-9999.00,-9999.00,2.59,-9999.00,-9999.00,-9999.00,-9999.00,-9999.00,-9999.00,47.80,-9999.00,6.68,-36.48,8.01,1.25
77767,78.04,50.53,27.15,1.81,1.56,1.08,-9999.00,-9999.00,-9999.00,-9999.00,-9999.00,-9999.00,-9999.00,-9999.00,-9999.00,2.55,-9999.00,-9999.00,-9999.00,-9999.00,-9999.00,-9999.00,47.51,-9999.00,-6.75,16.72,-8.95,1.25
77768,87.85,53.24,30.16,1.72,1.52,1.09,-9999.00,-9999.00,-9999.00,-9999.00,-9999.00,-9999.00,-9999.00,-9999.00,-9999.00,2.61,-9999.00,-9999.00,-9999.00,-9999.00,-9999.00,-9999.00,47.75,-9999.00,27.35,-11.91,-24.45,1.25
77769,89.55,55.06,26.44,1.85,1.55,1.23,-9999.00,-9999.00,-9999.00,-9999.00,-9999.00,-9999.00,-9999.00,-9999.00,-9999.00,2.52,-9999.00,-9999.00,-9999.00,-9999.00,-9999.00,-9999.00,47.12,-9999.00,-10.53,-0.01,31.55,1.25
77770,91.14,58.81,25.41,1.70,1.42,1.32,-0.08,-0.01,-0.15,0.89,0.99,0.81,71.65,39.89,23.16,2.55,-9999.00,-9999.00,-9999.00,-9999.00,-9999.00,-9999.00,45.38,45.38,1.25,28.84,10.18,1.25
77771,90.71,59.50,25.83,1.86,1.34,1.31,-0.08,-0.13,-0.22,0.89,0.83,0.72,71.16,43.89,19.35,2.58,-9999.00,-9999.00,-9999.00,-9999.00,-9999.00,-9999.00,48.89,48.89,0.85,-6.50,-2.87,1.25
77772,87.67,55.04,25.75,1.89,1.41,1.25,-0.08,-0.06,-0.10,0.89,0.91,0.87,59.36,36.60,18.43,2.74,-9999.00,-9999.00,-9999.00,-9999.00,-9999.00,-9999.00,47.40,41.34,14.38,18.01,-14.35,1.25
77773,85.73,55.93,28.04,1.92,1.47,1.20,-0.06,-0.16,-0.30,0.92,0.79,0.65,61.76,30.53,10.34,2.79,-9999.00,-9999.00,-9999.00,-9999.00,-9999.00,-9999.00,49.64,34.38,2.54,-11.69,3.91,1.25
77774,86.57,57.89,28.34,1.92,1.51,1.19,-0.07,-0.09,-0.25,0.91,0.87,0.70,62.78,36.94,15.27,2.94,-9999.00,-9999.00,-9999.00,-9999.00,-9999.00,-9999.00,52.24,41.39,3.18,-1.45,3.54,1.25
77775,91.23,60.55,30.93,1.85,1.33,1.07,-0.09,-0.06,-0.23,0.87,0.92,0.72,77.57,42.17,22.35,2.86,-9999.00,-9999.00,-9999.00,-9999.00,-9999.00,-9999.00,47.98,47.98,-2.56,6.57,-13.48,1.25
77776,84.71,55.60,28.38,1.87,1.41,1.19,-9999.00,-9999.00,-9999.00,-9999.00,-9999.00,-9999.00,-9999.00,-9999.00,-9999.00,2.89,-9999.00,-9999.00,-9999.00,-9999.00,-9999.00,-9999.00,51.61,-9999.00,-1.79,-5.31,13.61,1.25
77777,90.36,59.04,30.96,1.71,1.42,1.27,-9999.00,-9999.00,-9999.00,-9999.00,-9999.00,-9999.00,-9999.00,-9999.00,-9999.00,2.78,-9999.00,-9999.00,-9999.00,-9999.00,-9999.00,-9999.00,47.49,-9999.00,-5.82,24.38,13.00,1.25
77778,88.11,52.95,28.12,1.64,1.52,1.19,-9999.00,-9999.00,-9999.00,-9999.00,-9999.00,-9999.00,-9999.00,-9999.00,-9999.00,2.75,-9999.00,-9999.00,-9999.00,-9999.00,-9999.00,-9999.00,48.97,-9999.00,15.23,-21.25,-3.45,1.24
77779,91.39,54.15,30.34,1.52,1.50,1.15,-9999.00,-9999.00,-9999.00,-9999.00,-9999.00,-9999.00,-9999.00,-9999.00,-9999.00,2.72,-9999.00,-9999.00,-9999.00,-9999.00,-9999.00,-9999.00,48.67,-9999.00,3.22,-3.81,5.10,1.24
77780,92.41,56.20,27.74,1.59,1.53,1.07,-9999.00,-9999.00,-9999.00,-9999.00,-9999.00,-9999.00,-9999.00,-9999.00,-9999.00,2.80,-9999.00,-9999.00,-9999.00,-9999.00,-9999.00,-9999.00,48.92,-9999.00,-0.14,23.40,-6.96,1.24
77781,94.82,57.28,29.28,1.48,1.65,1.17,-9999.00,-9999.00,-9999.00,-9999.00,-9999.00,-9999.00,-9999.00,-9999.00,-9999.00,2.87,-9999.00,-9999.00,-9999.00,-9999.00,-9999.00,-9999.00,48.78,-9999.00,22.03,24.96,12.61,1.24
77782,89.27,55.04,28.17,1.56,1.62,1.33,-9999.00,-9999.00,-9999.00,-9999.00,-9999.00,-9999.00,-9999.00,-9999.00,-9999.00,2.91,-9999.00,-9999.00,-9999.00,-9999.00,-9999.00,-9999.00,50.54,-9999.00,-17.03,-49.77,8.41,1.24
77783,94.12,58.70,28.83,1.50,1.56,1.31,-9999.00,-9999.00,-9999.00,-9999.00,-9999.00,-9999.00,-9999.00,-9999.00,-9999.00,2.90,-9999.00,-9999.00,-9999.00,-9999.00,-9999.00,-9999.00,46.08,-9999.00,4.34,50.78,-22.26,1.24
77784,82.56,52.11,30.33,1.74,1.61,1.29,-9999.00,-9999.00,-9999.00,-9999.00,-9999.00,-9999.00,-9999.00,-9999.00,-9999.00,2.88,-9999.00,-9999.00,-9999.00,-9999.00,-9999.00,-9999.00,49.98,-9999.00,-7.42,-25.88,20.03,1.24
77785,88.58,54.12,30.12,1.64,1.50,1.22,-9999.00,-9999.00,-9999.00,-9999.00,-9999.00,-9999.00,-9999.00,-9999.00,-9999.00,2.79,-9999.00,-9999.00,-9999.00,-9999.00,-9999.00,-9999.00,44.61,-9999.00,2.83,-21.54,-10.68,1.24
77786,80.86,51.96,29.48,1.84,1.61,1.30,-9999.00,-9999.00,-9999.00,-9999.00,-9999.00,-9999.00,-9999.00,-9999.00,-9999.00,2.81,-9999.00,-9999.00,-9999.00,-9999.00,-9999.00,-9999.00,48.58,-9999.00,-0.33,38.03,1.51,1.24
