Data/Raw/MOORE,RICHARD/FIREXAQ-LARGE-SMPS_DC8_20190821_R0.ict
88,1001
Richard Moore, Elizabeth Wiggins, Edward Winstead, Claire Robinson, Lee Thornhill, and Kevin Sanchez
NASA Langley Research Center
In-situ Submicron Particle Size Distributions from a SMPS on the NASA DC-8
FIREXAQ
1,1
2019,08,21,2020,03,10
0
Time_start,Secs after midnight,Time of acquisition
50
1,1,1,1,1,1,1,1,1,1,1,1,1,1,1,1,1,1,1,1,1,1,1,1,1,1,1,1,1,1,1,1,1,1,1,1,1,1,1,1,1,1,1,1,1,1,1,1,1,1
-9999,-9999,-9999,-9999,-9999,-9999,-9999,-9999,-9999,-9999,-9999,-9999,-9999,-9999,-9999,-9999,-9999,-9999,-9999,-9999,-9999,-9999,-9999,-9999,-9999,-9999,-9999,-9999,-9999,-9999,-9999,-9999,-9999,-9999,-9999,-9999,-9999,-9999,-9999,-9999,-9999,-9999,-9999,-9999,-9999,-9999,-9999,-9999,-9999,-9999
Time_stop,Secs after midnight,Time of acquisition
Time_mid,Secs after midnight,Time of acquisition
nSMPS_stdPT,#/cm3,AerMP_NumConc_InSitu_RHd_Mobility_NucltoAccu_STP,integrated_number_density
sSMPS_stdPT,um2/cm3,AerMP_SurfAreaConc_InSitu_RHd_Mobility_NucltoAccu_STP,integrated_surface_area
vSMPS_stdPT,um3/cm3,AerMP_VolConc_InSitu_RHd_Mobility_NucltoAccu_STP,integrated_volume
SMPS_stdPT, unitless, None, conversion between ambient PT and standard PT (1013, 273)
SMPS_bin00_stdPT,#/cm3,AerMP_NumSizeDist_InSitu_RHd_Mobility_NucltoAccu_STP,Binned number size distribution (in dNdlogDp) measured by the SMPS
SMPS_bin01_stdPT,#/cm3,AerMP_NumSizeDist_InSitu_RHd_Mobility_NucltoAccu_STP,Binned number size distribution (in dNdlogDp) measured by the SMPS
SMPS_bin02_stdPT,#/cm3,AerMP_NumSizeDist_InSitu_RHd_Mobility_NucltoAccu_STP,Binned number size distribution (in dNdlogDp) measured by the SMPS
SMPS_bin03_stdPT,#/cm3,AerMP_NumSizeDist_InSitu_RHd_Mobility_NucltoAccu_STP,Binned number size distribution (in dNdlogDp) measured by the SMPS
SMPS_bin04_stdPT,#/cm3,AerMP_NumSizeDist_InSitu_RHd_Mobility_NucltoAccu_STP,Binned number size distribution (in dNdlogDp) measured by the SMPS
SMPS_bin05_stdPT,#/cm3,AerMP_NumSizeDist_InSitu_RHd_Mobility_NucltoAccu_STP,Binned number size distribution (in dNdlogDp) measured by the SMPS
SMPS_bin06_stdPT,#/cm3,AerMP_NumSizeDist_InSitu_RHd_Mobility_NucltoAccu_STP,Binned number size distribution (in dNdlogDp) measured by the SMPS
SMPS_bin07_stdPT,#/cm3,AerMP_NumSizeDist_InSitu_RHd_Mobility_NucltoAccu_STP,Binned number size distribution (in dNdlogDp) measured by the SMPS
SMPS_bin08_stdPT,#/cm3,AerMP_NumSizeDist_InSitu_RHd_Mobility_NucltoAccu_STP,Binned number size distribution (in dNdlogDp) measured by the SMPS
SMPS_bin09_stdPT,#/cm3,AerMP_NumSizeDist_InSitu_RHd_Mobility_NucltoAccu_STP,Binned number size distribution (in dNdlogDp) measured by the SMPS
SMPS_bin10_stdPT,#/cm3,AerMP_NumSizeDist_InSitu_RHd_Mobility_NucltoAccu_STP,Binned number size distribution (in dNdlogDp) measured by the SMPS
SMPS_bin11_stdPT,#/cm3,AerMP_NumSizeDist_InSitu_RHd_Mobility_NucltoAccu_STP,Binned number size distribution (in dNdlogDp) measured by the SMPS
SMPS_bin12_stdPT,#/cm3,AerMP_NumSizeDist_InSitu_RHd_Mobility_NucltoAccu_STP,Binned number size distribution (in dNdlogDp) measured by the SMPS
SMPS_bin13_stdPT,#/cm3,AerMP_NumSizeDist_InSitu_RHd_Mobility_NucltoAccu_STP,Binned number size distribution (in dNdlogDp) measured by the SMPS
SMPS_bin14_stdPT,#/cm3,AerMP_NumSizeDist_InSitu_RHd_Mobility_NucltoAccu_STP,Binned number size distribution (in dNdlogDp) measured by the SMPS
[...]
UNCERTAINTY:  20%
ULOD_FLAG: -7777
ULOD_VALUE: N/A
LLOD_FLAG: -8888
LLOD_VALUE: N/A
DM_CONTACT_INFO: Lee Thornhill (Kenneth.L.Thornhill@nasa.gov)
PROJECT_INFO: FIREX-AQ
STIPULATIONS_ON_USE: No stipulations on use. The user is encouraged to contact the PI or DM prior to use.
OTHER_COMMENTS: Midpoint diameters of Bins 00 to 43 are: 0.011,0.012,0.013,0.014,0.015,0.016,0.017,0.018,0.019,0.021,0.022,0.024,0.026,0.028,0.030,0.032,0.035,0.037,0.040,0.043,0.046,0.050,0.053,0.057,0.061,0.066,0.071,0.076,0.082,0.088,0.095,0.102,0.109,0.118,0.126,0.136,0.146,0.157,0.168,0.181,0.194,0.209,0.225,0.241
REVISION: R0
R0: Final Data. Data are corrected for time lags and ammonium sulfate size calibrations.
*******************************************************************************************************************************
Time_start,Time_stop,Time_mid,nSMPS_stdPT,sSMPS_stdPT,vSMPS_stdPT,SMPS_stdPT,SMPS_bin00_stdPT,SMPS_bin01_stdPT,SMPS_bin02_stdPT,SMPS_bin03_stdPT,SMPS_bin04_stdPT,SMPS_bin05_stdPT,SMPS_bin06_stdPT,SMPS_bin07_stdPT,SMPS_bin08_stdPT,SMPS_bin09_stdPT,SMPS_bin10_stdPT,SMPS_bin11_stdPT,SMPS_bin12_stdPT,SMPS_bin13_stdPT,SMPS_bin14_stdPT,SMPS_bin15_stdPT,SMPS_bin16_stdPT,SMPS_bin17_stdPT,SMPS_bin18_stdPT,SMPS_bin19_stdPT,SMPS_bin20_stdPT,SMPS_bin21_stdPT,SMPS_bin22_stdPT,SMPS_bin23_stdPT,SMPS_bin24_stdPT,SMPS_bin25_stdPT,SMPS_bin26_stdPT,SMPS_bin27_stdPT,SMPS_bin28_stdPT,SMPS_bin29_stdPT,SMPS_bin30_stdPT,SMPS_bin31_stdPT,SMPS_bin32_stdPT,SMPS_bin33_stdPT,SMPS_bin34_stdPT,SMPS_bin35_stdPT,SMPS_bin36_stdPT,SMPS_bin37_stdPT,SMPS_bin38_stdPT,SMPS_bin39_stdPT,SMPS_bin40_stdPT,SMPS_bin41_stdPT,SMPS_bin42_stdPT,SMPS_bin43_stdPT
[from data line 218]
67205,67250,67227.5,12647.74,630.58,17.86,1.22,18410.29,13228.08,6567.58,4819.14,3747.12,3472.53,3736.64,3285.54,1945.81,2005.63,1905.17,1912.25,2190.41,2290.05,2901.21,1761.96,1823.60,2078.96,2673.15,2502.88,2283.14,2254.28,918.38,1302.81,3844.29,4645.74,7695.19,13758.99,10729.54,14488.90,18080.98,17303.52,12587.79,15929.15,18745.66,18724.14,15206.54,20143.34,23886.89,20973.46,17361.43,14778.63,12464.50,9655.27
67264,67309,67286.5,7286.90,465.72,13.66,1.24,4597.87,2545.24,1726.36,2928.75,530.47,594.69,620.06,910.44,733.87,1539.98,617.93,834.69,1420.71,1646.98,920.15,1185.10,921.55,1574.52,2022.62,1703.08,1436.32,1250.65,1454.77,2116.40,1128.74,2058.40,3448.96,4757.77,6143.79,7321.60,10261.29,13207.17,13464.14,10007.99,11574.35,10608.07,9741.61,14147.69,18331.00,15034.59,13150.87,11261.22,10233.13,9830.26
67323,67368,67345.5,4741.76,350.15,10.55,1.31,1274.70,0.00,106.19,734.85,303.85,210.14,162.30,148.51,306.39,825.50,651.19,672.33,327.01,579.91,606.79,557.68,1026.56,790.23,1310.09,1283.58,1078.25,2243.40,1660.53,1574.23,2004.18,2701.50,1395.34,2660.64,3268.95,2034.43,2949.10,5469.32,6032.12,4567.42,8718.52,11469.68,8576.20,8115.62,12951.18,13307.50,11912.83,9541.91,9101.68,6524.12
67382,67427,67404.5,7767.61,107.22,2.83,1.43,19548.17,10993.72,8997.14,13523.57,8888.57,12735.33,12864.06,10600.41,14943.75,10418.07,9995.53,7393.06,8377.91,7756.08,5701.69,5952.28,5601.62,4873.31,4087.28,4167.23,3225.24,3995.00,3948.83,3265.76,2627.22,2613.71,2961.78,2728.25,2324.44,2851.14,2501.35,1758.51,1784.43,1135.82,901.04,1613.61,2386.43,2109.75,3136.98,3673.78,3023.38,2947.79,1831.79,1798.77
67441,67486,67463.5,2920.51,66.50,1.93,1.54,0.00,13113.17,5393.18,4897.29,3048.03,3616.29,3047.78,1997.18,2273.17,2965.70,2221.99,2198.12,1785.02,2240.63,1762.81,1933.54,1459.84,1658.55,1864.11,1902.64,1555.96,2006.35,1612.95,1258.25,1416.40,1595.60,812.85,1461.25,1195.82,1186.97,946.91,1162.05,1445.81,1180.04,1123.57,1421.71,1615.22,965.20,1601.13,1924.63,1514.32,1840.35,1142.77,1160.66
67500,67545,67522.5,2154.52,48.26,1.32,1.66,0.00,0.00,4949.24,3527.60,3532.95,2680.82,2921.02,1606.15,1970.54,1961.60,3106.11,2148.92,2116.31,1938.06,1864.01,1683.44,2057.20,708.16,1562.72,1199.94,1435.17,1241.51,1455.68,1640.78,1393.37,985.80,1040.50,1083.47,810.41,835.99,1063.30,932.36,1317.05,928.03,876.42,1275.63,1247.98,1082.46,1101.41,1410.05,1114.98,1069.31,1016.70,750.38
67559,67604,67581.5,1501.25,19.80,0.51,1.71,0.00,0.00,2994.22,4339.70,2510.74,703.75,3412.57,2644.60,3140.87,1946.32,1282.34,2013.23,2173.48,1662.97,1610.16,1723.71,1464.22,834.06,618.33,864.54,829.55,653.36,511.95,563.18,722.56,755.57,715.11,790.91,467.42,677.52,155.33,381.95,336.78,145.98,348.54,456.32,623.63,298.13,624.37,539.22,493.00,377.82,201.48,260.37
67618,67663,67640.5,1252.53,15.17,0.36,1.76,0.00,0.00,1200.04,1354.13,1862.50,1278.18,1649.74,2551.44,2331.35,2434.65,3618.79,1491.58,2972.58,1772.67,1381.66,1073.02,1062.31,395.00,812.65,472.98,481.41,655.40,685.04,704.88,741.58,436.76,648.39,484.68,490.57,393.67,575.75,182.66,383.97,350.28,296.38,426.96,337.46,351.19,339.31,435.21,281.41,362.62,114.01,129.34
67677,67722,67699.5,1135.76,9.66,0.20,1.77,0.00,0.00,3192.43,1489.10,2471.18,644.20,2943.51,902.81,813.50,2158.77,1808.75,2403.19,1625.64,1375.36,1511.40,1233.08,1257.62,1456.51,809.45,686.64,521.42,964.16,475.13,298.21,383.53,638.90,503.14,533.40,456.16,131.46,75.87,436.52,191.43,167.26,266.48,304.16,247.33,231.23,132.78,175.60,101.07,77.24,87.20,107.08
67736,67781,67758.5,1117.47,9.97,0.21,1.77,0.00,0.00,984.74,1485.20,1617.56,1728.08,1242.51,1140.90,2338.17,2688.83,1726.95,2235.16,1715.05,2109.92,1173.80,696.03,1773.85,1207.07,599.25,1151.45,475.18,779.22,529.07,642.64,625.55,614.52,576.11,553.19,272.30,194.31,589.65,339.28,180.78,134.32,329.31,74.81,99.82,283.18,129.45,293.82,109.57,79.54,134.68,27.57
67795,67840,67817.5,1342.04,8.21,0.16,1.76,0.00,0.00,3065.92,4108.73,3589.72,2476.99,1017.29,2039.33,1665.12,3606.91,2515.47,819.00,2700.79,1705.75,1537.80,1314.96,845.08,1099.07,1007.74,823.42,988.38,666.62,663.51,719.68,343.46,602.03,330.21,236.33,319.53,261.85,119.49,87.87,334.17,186.55,99.32,178.44,196.75,148.71,100.60,88.84,106.34,0.00,33.81,106.11
67854,67899,67876.5,1073.01,7.55,0.14,1.76,0.00,0.00,0.00,2597.71,1909.59,1449.53,1229.54,673.57,2441.41,1639.03,2015.24,1784.17,2119.59,2210.32,1691.98,1006.42,1161.84,1779.22,798.64,964.64,775.98,702.26,631.82,605.24,632.07,433.62,378.15,242.11,404.11,154.06,118.09,217.78,350.32,159.48,169.81,178.17,161.98,96.87,117.04,101.23,63.37,0.00,112.01,0.00
67913,67958,67935.5,1242.45,8.15,0.16,1.77,0.00,0.00,2632.26,2611.90,3556.47,2214.48,1719.94,2289.96,2002.41,1858.61,1627.24,2089.84,1714.63,1323.22,1462.15,1671.57,900.91,1509.31,1092.50,940.85,793.15,546.84,534.91,413.85,319.47,630.04,562.31,274.95,305.99,275.41,250.34,252.24,76.15,205.91,159.32,11.48,161.05,127.87,94.86,138.21,72.31,131.76,56.53,103.32
67972,68017,67994.5,1656.81,8.56,0.16,1.77,0.00,0.00,1732.37,4737.12,3374.67,5350.87,2439.62,1697.68,4456.68,3873.31,3979.72,2166.86,3023.19,1979.65,1486.97,1585.99,1207.51,956.92,758.41,872.72,916.83,764.81,780.67,634.25,663.76,254.26,590.31,449.10,321.85,275.87,320.81,76.54,98.74,297.12,48.42,77.86,75.98,81.78,56.98,114.07,109.43,104.62,61.04,93.90
68031,68076,68053.5,1711.10,8.03,0.13,1.77,0.00,0.00,4393.32,3671.67,6042.73,2633.59,3478.39,3616.46,3788.55,2717.49,3719.64,2123.48,2718.27,2396.96,1357.31,1908.78,1087.87,1129.65,943.78,505.07,695.12,372.12,537.66,540.63,580.48,542.02,378.49,379.80,267.88,177.31,154.33,263.07,144.32,182.10,313.83,263.98,249.33,114.25,73.38,74.21,77.08,78.54,0.00,53.89
68090,68135,68112.5,1341.58,7.61,0.14,1.77,0.00,0.00,2191.26,1099.85,2832.16,2607.14,3418.20,1591.20,3225.69,3319.26,2852.92,2547.47,1569.52,2056.46,1398.34,1823.60,873.65,1358.68,1218.84,661.31,545.98,782.55,389.43,565.30,531.59,345.81,309.16,356.97,398.76,260.65,344.59,7.66,286.05,123.34,223.27,112.51,90.30,177.03,22.38,113.90,50.39,114.57,78.84,26.75
68150,68195,68172.5,1665.33,7.75,0.14,1.77,0.00,0.00,7658.06,4488.67,2399.60,3724.61,4666.05,3110.95,2985.27,3181.94,2611.92,1315.44,1775.34,1346.99,1790.14,1341.06,978.82,1157.50,1000.59,1036.88,989.56,699.37,509.87,357.29,518.17,348.35,632.91,446.72,160.61,389.04,270.79,136.36,222.43,135.71,49.89,144.88,163.35,22.26,178.09,26.28,109.73,76.30,0.00,105.60
68209,68254,68231.5,1257.90,6.59,0.11,1.77,0.00,0.00,2632.89,1354.87,2504.13,2932.03,2148.74,2952.27,2752.68,2036.04,3315.73,2395.94,1773.17,1586.70,1170.76,1221.05,1196.24,1481.74,568.90,519.83,545.64,565.85,471.54,363.28,511.95,491.32,293.72,309.19,184.45,243.39,202.07,157.23,108.43,259.78,151.99,198.65,203.88,72.00,169.23,111.75,42.86,25.10,25.76,0.00
68268,68313,68290.5,1153.13,6.37,0.12,1.76,0.00,0.00,4642.32,2436.93,1462.35,2057.31,2858.80,1688.15,2734.71,2309.10,1545.00,1521.64,1654.61,1685.12,912.66,1030.08,1389.64,514.58,692.96,697.46,291.23,400.39,414.27,447.31,488.63,264.98,381.67,274.32,261.57,91.29,233.91,248.43,318.77,132.36,182.95,69.29,51.03,122.09,59.34,35.54,92.64,78.49,53.11,54.31
68327,68372,68349.5,1586.31,9.27,0.18,1.69,0.00,0.00,3221.93,4876.65,3740.26,1840.98,2887.07,2812.45,2880.38,3467.85,2714.86,2024.08,2963.63,2328.95,2272.51,1821.99,1292.03,1157.27,1048.19,849.71,431.62,548.45,462.38,572.53,400.35,299.34,410.79,268.07,243.22,246.22,356.68,453.65,497.20,169.16,290.14,175.61,0.00,64.72,71.88,103.85,96.22,141.54,89.07,156.60
68386,68431,68408.5,1539.31,30.31,0.88,1.60,0.00,2467.34,3619.90,2553.77,1312.43,1644.62,1767.87,2983.90,2461.14,2221.95,1979.81,2067.50,1244.61,1348.30,934.08,817.45,655.38,1287.33,1331.80,1035.96,851.19,609.12,889.65,745.45,654.69,761.61,567.51,468.76,520.55,715.05,523.31,563.97,951.91,531.65,340.33,359.73,679.57,481.70,442.57,729.08,803.59,590.13,574.30,600.83
68445,68490,68467.5,897.50,37.07,1.14,1.53,0.00,0.00,0.00,479.28,764.71,840.95,234.52,1040.75,1000.61,111.62,827.84,618.61,785.95,808.66,750.95,599.51,522.86,641.22,881.28,687.74,518.57,767.73,585.39,764.54,675.41,648.57,778.99,544.53,766.42,652.45,534.65,334.19,594.92,435.12,66.98,584.34,926.26,784.30,946.39,1288.62,963.66,820.82,776.36,579.70
68504,68549,68526.5,843.27,44.90,1.40,1.49,0.00,0.00,823.18,0.00,0.00,0.00,236.02,707.66,12.01,598.09,223.33,219.58,600.94,429.60,601.92,724.14,545.75,418.97,462.53,799.21,574.22,500.99,691.33,551.32,596.75,883.33,724.65,426.23,583.73,552.38,899.27,710.03,1018.35,583.38,787.25,482.55,678.77,719.51,933.75,1350.21,1368.75,1228.95,1026.30,863.52
68563,68608,68585.5,904.86,56.57,1.81,1.44,0.00,0.00,0.00,594.23,0.00,0.02,442.04,492.64,181.02,350.50,386.08,362.24,541.45,226.81,405.10,708.86,302.26,402.04,650.32,720.00,647.64,879.74,453.82,549.37,594.09,752.67,496.98,599.95,704.51,580.02,340.88,333.78,741.19,821.92,427.25,1023.37,1073.29,1177.95,1049.55,1946.53,1944.79,1500.89,1313.84,1150.52
68622,68667,68644.5,1057.37,63.99,1.94,1.38,0.00,0.00,0.00,481.27,0.00,282.45,165.01,299.85,615.67,226.68,165.30,182.09,366.92,359.35,377.51,480.52,546.10,508.58,494.15,473.67,722.36,412.81,635.27,637.86,1195.50,884.82,1048.91,1076.04,1132.12,529.31,402.56,629.66,1114.70,392.83,956.00,1579.17,1419.73,975.17,2491.67,2471.04,2490.22,1587.04,1289.67,1736.21
68681,68726,68703.5,1145.08,68.55,2.09,1.30,0.00,0.00,0.00,705.04,320.21,233.97,163.84,133.99,0.00,0.00,74.10,269.11,151.66,289.80,461.69,528.44,397.33,742.87,728.93,746.31,630.09,913.11,877.75,1159.81,1477.71,1427.67,1035.48,1143.12,721.82,837.34,725.45,1115.74,852.63,689.41,642.95,1051.50,1344.69,1505.31,2255.60,2248.77,2152.80,2183.81,1975.54,1727.31
68740,68785,68762.5,1248.48,75.02,2.23,1.25,0.00,239.34,284.66,0.00,0.00,0.04,163.64,119.64,0.00,170.89,0.00,176.31,434.33,275.94,400.93,489.33,437.31,544.88,418.74,719.11,290.70,785.06,1238.14,1574.75,1427.59,1587.85,1494.75,1220.41,1458.98,1127.38,698.01,694.52,617.84,772.82,1374.57,1536.16,1837.56,2223.88,2609.37,2638.30,2212.87,2183.47,1854.16,1617.15
68799,68844,68821.5,3847.56,320.41,9.77,1.20,283.76,1613.02,415.73,0.00,481.19,142.11,85.51,313.29,118.05,77.25,0.00,0.00,79.81,207.46,426.40,407.10,583.36,625.21,438.70,967.39,447.43,600.50,975.50,1561.84,1860.70,1832.42,753.91,0.00,0.00,0.00,0.00,623.25,2945.41,3833.27,6829.65,13282.19,11578.46,11582.61,12694.70,12770.22,11009.15,6958.62,5998.75,7718.00
68858,68903,68880.5,2787.47,106.21,2.63,1.17,0.00,0.00,292.79,360.28,677.35,360.11,146.44,0.00,673.28,440.58,215.72,302.34,411.45,269.21,573.28,783.07,957.84,978.99,1769.22,1516.89,2557.84,2753.70,2588.36,3158.00,4184.98,4034.43,3725.92,4361.53,4714.15,3966.34,4432.59,3822.29,3230.00,2784.36,3419.44,3180.31,2187.72,4217.52,3316.14,3359.40,2439.87,2036.74,1900.70,0.00
68917,68962,68939.5,1233.10,62.01,1.75,1.15,1411.15,688.62,742.37,0.00,205.91,506.10,570.45,356.50,388.31,230.91,264.44,110.40,262.04,264.11,322.71,232.12,472.29,86.21,260.89,724.37,767.55,776.11,920.02,662.01,57.72,772.11,871.45,1470.04,1704.46,2349.67,2721.35,598.01,458.80,724.42,1052.24,1267.03,1551.82,2056.02,2078.62,2315.64,2256.05,2268.36,1659.71,0.00
68976,69021,68998.5,4372.53,408.21,13.20,1.15,1132.89,228.29,355.93,376.70,342.04,161.51,289.69,808.96,473.00,399.50,493.32,588.17,428.74,135.30,320.18,438.27,1047.81,924.66,578.12,470.73,1266.72,810.51,549.47,1155.00,1890.27,2197.34,3297.82,4218.81,2205.26,1543.43,1482.07,111.18,0.00,0.00,0.00,0.00,0.00,12146.44,17999.87,18390.77,18320.86,19410.85,21623.76,0.00
69035,69080,69057.5,15068.90,525.98,12.53,1.16,3875.67,4549.06,3568.78,4963.32,4935.02,3028.88,1105.44,1229.99,395.58,2369.50,2341.18,1571.04,2642.16,3695.87,4448.32,3665.60,5163.79,7947.33,7621.78,8366.44,10366.06,11373.39,15761.18,18059.77,19989.85,23978.84,28193.27,24841.46,17928.87,17159.26,23194.98,18691.33,18635.21,19414.31,22761.85,19296.13,17031.79,17497.10,16251.12,12740.89,9378.78,8599.60,8057.50,0.00
69094,69139,69116.5,2131.74,80.91,2.11,1.16,3125.52,1160.18,771.71,110.15,756.09,1032.83,410.17,225.80,202.07,272.99,206.67,40.98,378.99,313.65,561.94,738.97,597.24,726.98,950.12,1124.05,1695.36,2457.47,2597.18,2179.04,2361.93,2366.78,2720.50,2412.94,2200.83,1796.80,1780.65,1961.58,1524.62,1764.63,2227.23,3186.67,2401.08,2771.30,3275.19,2455.86,2231.62,1754.26,1761.47,0.00
69153,69198,69175.5,1769.74,80.96,2.24,1.16,0.00,978.47,771.84,613.52,0.00,690.66,1249.10,591.90,576.14,460.75,327.52,311.62,469.06,677.24,640.96,237.87,363.77,459.24,932.16,963.42,919.79,1382.98,1212.18,1790.45,1395.71,2449.61,2457.17,1739.18,2430.32,2379.39,2449.32,1748.33,1027.49,2006.56,1464.81,1141.27,1093.02,2838.73,2824.71,2495.54,3017.39,2834.15,2218.51,0.00
69212,69257,69234.5,1398.64,61.71,1.72,1.15,1135.15,1884.98,1008.40,321.02,1109.21,1047.55,543.89,345.90,0.10,626.16,193.52,389.35,174.42,124.65,252.59,431.10,489.64,569.95,503.11,445.94,570.19,978.49,1328.75,1117.98,1203.44,1378.26,1684.82,1846.61,1255.13,1476.96,1119.37,1317.29,652.12,753.12,1000.04,1137.08,1524.85,2646.76,2347.93,2067.80,1974.65,2028.23,1749.94,0.00
69271,69316,69293.5,9876.89,303.09,6.97,1.15,705.87,1652.03,1966.14,0.00,1579.47,1576.72,1142.74,1664.37,1693.68,1479.21,2336.72,1646.29,3707.71,2658.68,3952.23,4563.33,4562.65,7271.05,6965.64,9428.04,9667.88,12066.47,14474.97,14274.01,14333.75,13227.60,15879.61,16861.88,14923.59,13085.81,12983.36,11738.57,12526.46,9628.08,9793.49,9572.62,9177.69,9780.62,8239.56,7984.94,6116.29,4395.04,3727.61,0.00
69330,69375,69352.5,1885.26,70.93,1.90,1.15,704.65,812.79,5544.14,1569.40,646.17,435.30,617.92,452.09,385.42,227.88,276.17,556.10,412.48,443.43,404.64,171.76,332.48,1472.25,1039.37,1051.76,1329.61,1300.47,2158.42,1908.30,1855.91,1506.24,2272.91,1679.50,314.83,0.00,427.49,751.84,701.46,2551.16,3664.39,2763.87,1872.58,2843.90,2656.81,2077.48,2080.10,1791.44,1638.55,0.00
69389,69434,69411.5,42902.07,3083.18,85.57,1.15,1564.63,1070.68,1780.15,1822.37,417.72,454.65,210.85,216.97,305.92,220.07,278.41,383.08,94.24,165.56,229.47,278.60,638.57,771.45,1598.76,892.36,772.13,3178.79,5428.66,4325.12,7917.84,9223.14,6624.62,2466.27,14123.59,30995.59,56637.04,60489.06,88313.96,103273.13,112764.38,117467.81,111461.02,149091.42,132339.38,111732.37,92067.14,78132.20,59336.14,0.00
69448,69493,69470.5,8415.87,284.33,6.77,1.15,2576.12,3054.50,2880.53,2516.76,1859.51,521.79,566.55,546.42,555.68,571.13,555.70,874.23,937.04,1783.74,1971.63,2801.22,3184.26,4588.38,5238.64,5004.93,6892.57,8756.51,6393.01,6530.76,10380.77,11750.59,12411.03,15931.96,15784.33,14201.18,12309.77,11642.64,9847.00,10444.24,9787.45,8434.21,7677.94,8918.75,8309.40,6647.59,6099.58,5033.24,4542.48,0.00
69507,69552,69529.5,1640.27,67.73,1.81,1.15,705.59,0.00,417.75,2053.28,232.55,704.48,427.54,105.76,213.70,466.86,406.04,389.08,488.25,509.17,384.62,627.71,512.60,604.22,710.71,1045.04,1329.32,1108.73,1540.01,1232.36,1518.08,2056.93,2482.95,2168.43,2334.93,2217.85,2730.02,2015.74,1444.59,785.11,1098.58,825.00,1505.34,2492.28,2567.18,2348.75,2231.13,1785.91,1664.53,0.00
69566,69611,69588.5,2965.67,182.58,5.18,1.15,704.39,488.11,0.00,572.44,437.57,345.84,423.63,68.91,322.78,397.56,394.35,330.21,204.42,183.81,180.98,537.62,794.38,150.30,43.42,204.21,1201.75,1027.79,2276.04,1644.40,1751.73,1859.88,1768.31,2426.90,3010.31,4565.72,3285.69,5181.62,5824.40,2723.85,4775.90,4434.29,5478.18,4619.28,3960.83,6938.84,8308.17,6438.06,4614.40,0.00
69625,69670,69647.5,9388.73,801.28,23.65,1.14,706.89,580.72,0.00,0.00,0.00,182.43,266.99,238.20,384.83,299.95,201.53,289.89,341.48,647.89,379.66,120.77,90.17,464.73,741.51,727.03,389.67,847.78,1262.40,3355.95,3548.85,3853.87,4002.82,2588.04,0.00,0.00,0.00,0.00,0.00,0.00,12876.25,26724.72,27465.61,58111.38,54648.05,33720.70,18990.72,13830.77,27557.06,0.00
