Data/Raw/MOORE,RICHARD/FIREXAQ-LARGE-SMPS_DC8_20190729_R0.ict
88,1001
Richard Moore, Elizabeth Wiggins, Edward Winstead, Claire Robinson, Lee Thornhill, and Kevin Sanchez
NASA Langley Research Center
In-situ Submicron Particle Size Distributions from a SMPS on the NASA DC-8
FIREXAQ
1,1
2019,07,29,2020,03,10
0
Time_start,Secs after midnight,Time of acquisition
50
1,1,1,1,1,1,1,1,1,1,1,1,1,1,1,1,1,1,1,1,1,1,1,1,1,1,1,1,1,1,1,1,1,1,1,1,1,1,1,1,1,1,1,1,1,1,1,1,1,1
-9999,-9999,-9999,-9999,-9999,-9999,-9999,-9999,-9999,-9999,-9999,-9999,-9999,-9999,-9999,-9999,-9999,-9999,-9999,-9999,-9999,-9999,-9999,-9999,-9999,-9999,-9999,-9999,-9999,-9999,-9999,-9999,-9999,-9999,-9999,-9999,-9999,-9999,-9999,-9999,-9999,-9999,-9999,-9999,-9999,-9999,-9999,-9999,-9999,-9999
Time_stop,Secs after midnight,Time of acquisition
Time_mid,Secs after midnight,Time of acquisition
nSMPS_stdPT,#/cm3,AerMP_NumConc_InSitu_RHd_Mobility_NucltoAccu_STP,integrated_number_density
sSMPS_stdPT,um2/cm3,AerMP_SurfAreaConc_InSitu_RHd_Mobility_NucltoAccu_STP,integrated_surface_area
vSMPS_stdPT,um3/cm3,AerMP_VolConc_InSitu_RHd_Mobility_NucltoAccu_STP,integrated_volume
SMPS_stdPT, unitless, None, conversion between ambient PT and standard PT (1013, 273)
SMPS_bin00_stdPT,#/cm3,AerMP_NumSizeDist_InSitu_RHd_Mobility_NucltoAccu_STP,Binned number size distribution (in dNdlogDp) measured by the SMPS
SMPS_bin01_stdPT,#/cm3,AerMP_NumSizeDist_InSitu_RHd_Mobility_NucltoAccu_STP,Binned number size distribution (in dNdlogDp) measured by the SMPS
SMPS_bin02_stdPT,#/cm3,AerMP_NumSizeDist_InSitu_RHd_Mobility_NucltoAccu_STP,Binned number size distribution (in dNdlogDp) measured by the SMPS
SMPS_bin03_stdPT,#/cm3,AerMP_NumSizeDist_InSitu_RHd_Mobility_NucltoAccu_STP,Binned number size distribution (in dNdlogDp) measured by the SMPS
SMPS_bin04_stdPT,#/cm3,AerMP_NumSizeDist_InSitu_RHd_Mobility_NucltoAccu_STP,Binned number size distribution (in dNdlogDp) measured by the SMPS
SMPS_bin05_stdPT,#/cm3,AerMP_NumSizeDist_InSitu_RHd_Mobility_NucltoAccu_STP,Binned number size distribution (in dNdlogDp) measured by the SMPS
SMPS_bin06_stdPT,#/cm3,AerMP_NumSizeDist_InSitu_RHd_Mobility_NucltoAccu_STP,Binned number size distribution (in dNdlogDp) measured by the SMPS
SMPS_bin07_stdPT,#/cm3,AerMP_NumSizeDist_InSitu_RHd_Mobility_NucltoAccu_STP,Binned number size distribution (in dNdlogDp) measured by the SMPS
SMPS_bin08_stdPT,#/cm3,AerMP_NumSizeDist_InSitu_RHd_Mobility_NucltoAccu_STP,Binned number size distribution (in dNdlogDp) measured by the SMPS
SMPS_bin09_stdPT,#/cm3,AerMP_NumSizeDist_InSitu_RHd_Mobility_NucltoAccu_STP,Binned number size distribution (in dNdlogDp) measured by the SMPS
SMPS_bin10_stdPT,#/cm3,AerMP_NumSizeDist_InSitu_RHd_Mobility_NucltoAccu_STP,Binned number size distribution (in dNdlogDp) measured by the SMPS
SMPS_bin11_stdPT,#/cm3,AerMP_NumSizeDist_InSitu_RHd_Mobility_NucltoAccu_STP,Binned number size distribution (in dNdlogDp) measured by the SMPS
SMPS_bin12_stdPT,#/cm3,AerMP_NumSizeDist_InSitu_RHd_Mobility_NucltoAccu_STP,Binned number size distribution (in dNdlogDp) measured by the SMPS
SMPS_bin13_stdPT,#/cm3,AerMP_NumSizeDist_InSitu_RHd_Mobility_NucltoAccu_STP,Binned number size distribution (in dNdlogDp) measured by the SMPS
SMPS_bin14_stdPT,#/cm3,AerMP_NumSizeDist_InSitu_RHd_Mobility_NucltoAccu_STP,Binned number size distribution (in dNdlogDp) measured by the SMPS
[...]
UNCERTAINTY:  20%
ULOD_FLAG: -7777
ULOD_VALUE: N/A
LLOD_FLAG: -8888
LLOD_VALUE: N/A
DM_CONTACT_INFO: Lee Thornhill (Kenneth.L.Thornhill@nasa.gov)
PROJECT_INFO: FIREX-AQ
STIPULATIONS_ON_USE: No stipulations on use. The user is encouraged to contact the PI or DM prior to use.
OTHER_COMMENTS: Midpoint diameters of Bins 00 to 43 are: 0.011,0.012,0.013,0.014,0.015,0.016,0.017,0.018,0.019,0.021,0.022,0.024,0.026,0.028,0.030,0.032,0.035,0.037,0.040,0.043,0.046,0.050,0.053,0.057,0.061,0.066,0.071,0.076,0.082,0.088,0.095,0.102,0.109,0.118,0.126,0.136,0.146,0.157,0.168,0.181,0.194,0.209,0.225,0.241
REVISION: R0
R0: Final Data. Data are corrected for time lags and ammonium sulfate size calibrations.
*******************************************************************************************************************************
Time_start,Time_stop,Time_mid,nSMPS_stdPT,sSMPS_stdPT,vSMPS_stdPT,SMPS_stdPT,SMPS_bin00_stdPT,SMPS_bin01_stdPT,SMPS_bin02_stdPT,SMPS_bin03_stdPT,SMPS_bin04_stdPT,SMPS_bin05_stdPT,SMPS_bin06_stdPT,SMPS_bin07_stdPT,SMPS_bin08_stdPT,SMPS_bin09_stdPT,SMPS_bin10_stdPT,SMPS_bin11_stdPT,SMPS_bin12_stdPT,SMPS_bin13_stdPT,SMPS_bin14_stdPT,SMPS_bin15_stdPT,SMPS_bin16_stdPT,SMPS_bin17_stdPT,SMPS_bin18_stdPT,SMPS_bin19_stdPT,SMPS_bin20_stdPT,SMPS_bin21_stdPT,SMPS_bin22_stdPT,SMPS_bin23_stdPT,SMPS_bin24_stdPT,SMPS_bin25_stdPT,SMPS_bin26_stdPT,SMPS_bin27_stdPT,SMPS_bin28_stdPT,SMPS_bin29_stdPT,SMPS_bin30_stdPT,SMPS_bin31_stdPT,SMPS_bin32_stdPT,SMPS_bin33_stdPT,SMPS_bin34_stdPT,SMPS_bin35_stdPT,SMPS_bin36_stdPT,SMPS_bin37_stdPT,SMPS_bin38_stdPT,SMPS_bin39_stdPT,SMPS_bin40_stdPT,SMPS_bin41_stdPT,SMPS_bin42_stdPT,SMPS_bin43_stdPT
[from data line 412]
103711,103756,103734,1349.60,80.93,2.53,1.55,0.00,965.01,1633.18,0.00,1150.61,300.74,416.36,679.03,282.01,469.04,95.13,166.74,271.66,481.71,191.87,283.78,157.03,514.44,595.49,596.73,301.22,729.99,567.45,666.08,731.37,1652.72,1129.20,1172.25,872.57,1245.63,907.66,971.16,1374.86,1599.67,1100.42,1919.67,2001.91,2033.70,1589.16,2380.82,2276.87,1913.97,1711.66,1558.27
103770,103815,103792,1712.66,83.28,2.51,1.51,0.00,981.68,0.00,1128.93,1411.35,0.00,841.78,1258.57,276.40,679.41,690.24,1038.90,1108.58,1368.10,904.01,968.01,1015.23,826.93,1165.33,1191.38,890.60,911.62,1365.90,708.21,767.50,1340.70,1222.74,604.02,976.31,1224.83,1062.55,1763.21,2883.84,1834.92,2167.01,2259.97,1731.53,1521.71,2145.48,2156.46,2055.32,1793.74,1561.48,1681.62
103829,103874,103852,1939.98,91.17,2.75,1.47,0.00,540.07,0.00,1628.45,1353.61,370.03,1645.26,805.86,494.54,624.55,542.40,1095.98,1282.19,1342.87,2581.80,1153.09,1438.35,1306.48,1248.51,1203.77,1082.84,794.13,860.50,938.23,918.08,614.11,845.54,1287.06,2011.07,2706.02,2231.90,2468.50,2442.47,1763.39,777.14,1349.96,1681.87,2165.91,2016.02,2525.64,2865.54,2161.60,2223.64,1163.38
103888,103933,103910,1803.29,59.27,1.60,1.43,0.00,2611.71,2483.24,1294.24,344.50,459.34,916.30,1214.95,499.29,1140.17,1459.97,610.65,1854.59,1602.03,1628.78,1739.40,2010.13,1528.19,1493.86,576.08,839.87,926.01,1079.94,821.88,750.26,1367.06,900.92,706.35,1457.41,1877.48,1556.11,1687.84,1547.06,1737.46,1905.11,1760.78,1879.22,1366.42,1553.16,1465.58,1471.08,1530.79,1193.24,856.72
103947,103992,103970,1990.20,57.47,1.52,1.39,0.00,1821.14,3024.38,1348.87,1362.90,1934.67,1152.39,1710.90,841.65,1252.31,1247.62,1638.25,1856.74,1543.33,2009.29,1492.38,1598.31,1850.20,1631.95,1405.04,1282.53,1375.09,1013.62,691.80,1045.97,1128.93,1487.27,1118.64,1490.66,1918.80,1607.01,1407.84,1858.84,1230.79,1192.62,1996.09,1633.85,1447.00,2023.96,1906.45,1323.26,957.43,823.88,1001.88
104006,104051,104028,1738.64,53.20,1.48,1.35,0.00,2758.26,2236.26,314.69,2165.75,1205.88,2460.36,1268.31,1072.68,1747.33,781.00,1075.31,1033.95,1245.73,1026.28,1976.39,1437.39,1136.60,1146.98,1051.87,1228.87,644.14,896.07,801.07,1098.67,1770.76,1319.12,1472.19,1401.23,1387.21,1173.43,894.15,662.39,681.04,620.58,1273.49,1180.64,1472.37,1850.78,1776.48,1470.87,1272.06,1273.58,874.40
104065,104110,104088,1736.81,56.07,1.55,1.31,0.00,1497.57,1560.45,749.78,855.79,687.65,1774.01,1447.82,1092.12,1721.28,1157.27,1591.37,1656.17,1630.88,1295.37,1200.15,1458.29,1043.09,1064.46,855.44,1202.17,665.76,1241.25,1419.02,824.14,900.37,1617.36,1224.43,1621.88,1851.22,1574.41,1367.90,1366.97,1803.70,1192.97,460.40,849.87,1192.50,1991.25,1622.23,1652.93,1381.92,1332.00,882.17
104124,104169,104146,1876.46,73.91,2.05,1.27,0.00,1915.74,1906.75,346.55,555.40,611.49,677.30,1224.03,530.00,1875.86,981.95,1853.41,1018.39,934.40,1035.39,939.00,1468.38,1357.28,1293.32,1130.14,1154.50,1101.80,1126.50,1078.31,1408.07,1326.62,1496.89,985.97,1408.57,1319.14,982.70,1335.19,1542.58,2487.39,1988.13,2562.79,2157.79,1796.43,2320.03,2369.01,2294.48,1591.84,1435.02,1122.05
104183,104228,104206,2388.71,67.08,1.76,1.24,1005.59,2598.73,2293.61,2663.51,1354.96,1166.01,2703.48,1676.83,1899.83,1676.73,1964.67,1994.04,1804.43,1553.93,1635.35,1866.35,1772.89,1576.91,1454.55,1548.56,1679.34,527.24,1003.08,1762.00,1490.54,1397.79,2134.25,2377.58,1929.73,1673.54,2011.80,2261.46,2121.46,1910.69,1575.14,1836.11,1755.18,1988.88,2026.23,1747.23,1420.70,1448.32,1249.76,899.87
