Data/Raw/MOORE,RICHARD/FIREXAQ-LARGE-SMPS_DC8_20190829_R0.ict
88,1001
Richard Moore, Elizabeth Wiggins, Edward Winstead, Claire Robinson, Lee Thornhill, and Kevin Sanchez
NASA Langley Research Center
In-situ Submicron Particle Size Distributions from a SMPS on the NASA DC-8
FIREXAQ
1,1
2019,08,29,2020,03,10
0
Time_start,Secs after midnight,Time of acquisition
50
1,1,1,1,1,1,1,1,1,1,1,1,1,1,1,1,1,1,1,1,1,1,1,1,1,1,1,1,1,1,1,1,1,1,1,1,1,1,1,1,1,1,1,1,1,1,1,1,1,1
-9999,-9999,-9999,-9999,-9999,-9999,-9999,-9999,-9999,-9999,-9999,-9999,-9999,-9999,-9999,-9999,-9999,-9999,-9999,-9999,-9999,-9999,-9999,-9999,-9999,-9999,-9999,-9999,-9999,-9999,-9999,-9999,-9999,-9999,-9999,-9999,-9999,-9999,-9999,-9999,-9999,-9999,-9999,-9999,-9999,-9999,-9999,-9999,-9999,-9999
Time_stop,Secs after midnight,Time of acquisition
Time_mid,Secs after midnight,Time of acquisition
nSMPS_stdPT,#/cm3,AerMP_NumConc_InSitu_RHd_Mobility_NucltoAccu_STP,integrated_number_density
sSMPS_stdPT,um2/cm3,AerMP_SurfAreaConc_InSitu_RHd_Mobility_NucltoAccu_STP,integrated_surface_area
vSMPS_stdPT,um3/cm3,AerMP_VolConc_InSitu_RHd_Mobility_NucltoAccu_STP,integrated_volume
SMPS_stdPT, unitless, None, conversion between ambient PT and standard PT (1013, 273)
SMPS_bin00_stdPT,#/cm3,AerMP_NumSizeDist_InSitu_RHd_Mobility_NucltoAccu_STP,Binned number size distribution (in dNdlogDp) measured by the SMPS
SMPS_bin01_stdPT,#/cm3,AerMP_NumSizeDist_InSitu_RHd_Mobility_NucltoAccu_STP,Binned number size distribution (in dNdlogDp) measured by the SMPS
SMPS_bin02_stdPT,#/cm3,AerMP_NumSizeDist_InSitu_RHd_Mobility_NucltoAccu_STP,Binned number size distribution (in dNdlogDp) measured by the SMPS
SMPS_bin03_stdPT,#/cm3,AerMP_NumSizeDist_InSitu_RHd_Mobility_NucltoAccu_STP,Binned number size distribution (in dNdlogDp) measured by the SMPS
SMPS_bin04_stdPT,#/cm3,AerMP_NumSizeDist_InSitu_RHd_Mobility_NucltoAccu_STP,Binned number size distribution (in dNdlogDp) measured by the SMPS
SMPS_bin05_stdPT,#/cm3,AerMP_NumSizeDist_InSitu_RHd_Mobility_NucltoAccu_STP,Binned number size distribution (in dNdlogDp) measured by the SMPS
SMPS_bin06_stdPT,#/cm3,AerMP_NumSizeDist_InSitu_RHd_Mobility_NucltoAccu_STP,Binned number size distribution (in dNdlogDp) measured by the SMPS
SMPS_bin07_stdPT,#/cm3,AerMP_NumSizeDist_InSitu_RHd_Mobility_NucltoAccu_STP,Binned number size distribution (in dNdlogDp) measured by the SMPS
SMPS_bin08_stdPT,#/cm3,AerMP_NumSizeDist_InSitu_RHd_Mobility_NucltoAccu_STP,Binned number size distribution (in dNdlogDp) measured by the SMPS
SMPS_bin09_stdPT,#/cm3,AerMP_NumSizeDist_InSitu_RHd_Mobility_NucltoAccu_STP,Binned number size distribution (in dNdlogDp) measured by the SMPS
SMPS_bin10_stdPT,#/cm3,AerMP_NumSizeDist_InSitu_RHd_Mobility_NucltoAccu_STP,Binned number size distribution (in dNdlogDp) measured by the SMPS
SMPS_bin11_stdPT,#/cm3,AerMP_NumSizeDist_InSitu_RHd_Mobility_NucltoAccu_STP,Binned number size distribution (in dNdlogDp) measured by the SMPS
SMPS_bin12_stdPT,#/cm3,AerMP_NumSizeDist_InSitu_RHd_Mobility_NucltoAccu_STP,Binned number size distribution (in dNdlogDp) measured by the SMPS
SMPS_bin13_stdPT,#/cm3,AerMP_NumSizeDist_InSitu_RHd_Mobility_NucltoAccu_STP,Binned number size distribution (in dNdlogDp) measured by the SMPS
SMPS_bin14_stdPT,#/cm3,AerMP_NumSizeDist_InSitu_RHd_Mobility_NucltoAccu_STP,Binned number size distribution (in dNdlogDp) measured by the SMPS
[...]
UNCERTAINTY:  20%
ULOD_FLAG: -7777
ULOD_VALUE: N/A
LLOD_FLAG: -8888
LLOD_VALUE: N/A
DM_CONTACT_INFO: Lee Thornhill (Kenneth.L.Thornhill@nasa.gov)
PROJECT_INFO: FIREX-AQ
STIPULATIONS_ON_USE: No stipulations on use. The user is encouraged to contact the PI or DM prior to use.
OTHER_COMMENTS: Midpoint diameters of Bins 00 to 43 are: 0.011,0.012,0.013,0.014,0.015,0.016,0.017,0.018,0.019,0.021,0.022,0.024,0.026,0.028,0.030,0.032,0.035,0.037,0.040,0.043,0.046,0.050,0.053,0.057,0.061,0.066,0.071,0.076,0.082,0.088,0.095,0.102,0.109,0.118,0.126,0.136,0.146,0.157,0.168,0.181,0.194,0.209,0.225,0.241
REVISION: R0
R0: Final Data. Data are corrected for time lags and ammonium sulfate size calibrations.
*******************************************************************************************************************************
Time_start,Time_stop,Time_mid,nSMPS_stdPT,sSMPS_stdPT,vSMPS_stdPT,SMPS_stdPT,SMPS_bin00_stdPT,SMPS_bin01_stdPT,SMPS_bin02_stdPT,SMPS_bin03_stdPT,SMPS_bin04_stdPT,SMPS_bin05_stdPT,SMPS_bin06_stdPT,SMPS_bin07_stdPT,SMPS_bin08_stdPT,SMPS_bin09_stdPT,SMPS_bin10_stdPT,SMPS_bin11_stdPT,SMPS_bin12_stdPT,SMPS_bin13_stdPT,SMPS_bin14_stdPT,SMPS_bin15_stdPT,SMPS_bin16_stdPT,SMPS_bin17_stdPT,SMPS_bin18_stdPT,SMPS_bin19_stdPT,SMPS_bin20_stdPT,SMPS_bin21_stdPT,SMPS_bin22_stdPT,SMPS_bin23_stdPT,SMPS_bin24_stdPT,SMPS_bin25_stdPT,SMPS_bin26_stdPT,SMPS_bin27_stdPT,SMPS_bin28_stdPT,SMPS_bin29_stdPT,SMPS_bin30_stdPT,SMPS_bin31_stdPT,SMPS_bin32_stdPT,SMPS_bin33_stdPT,SMPS_bin34_stdPT,SMPS_bin35_stdPT,SMPS_bin36_stdPT,SMPS_bin37_stdPT,SMPS_bin38_stdPT,SMPS_bin39_stdPT,SMPS_bin40_stdPT,SMPS_bin41_stdPT,SMPS_bin42_stdPT,SMPS_bin43_stdPT
[from data line 219]
73885,73930,73907.5,1119.21,20.10,0.44,1.53,0.00,2018.08,15.15,565.17,0.00,0.00,444.84,168.33,422.86,735.73,911.71,629.00,818.37,845.06,930.39,1290.07,1592.33,1236.96,1580.62,2091.32,2024.07,1602.58,1706.99,948.82,1112.02,1875.21,1271.09,1016.35,1231.85,704.23,486.95,763.24,523.60,413.93,659.44,601.49,548.58,369.56,356.71,314.93,256.18,222.68,235.99,199.10
73944,73989,73966.5,908.35,12.99,0.27,1.53,0.00,0.00,1504.72,566.49,1176.83,304.77,210.45,336.17,714.52,179.18,545.90,1019.85,783.39,822.42,1349.53,1169.40,1358.96,1162.64,1703.74,1540.29,1235.78,1028.64,1044.11,1045.57,740.42,852.46,1053.58,562.95,536.77,752.77,533.58,246.30,426.52,487.31,343.71,291.05,233.84,259.86,139.86,117.76,282.61,102.25,110.05,94.36
74003,74048,74025.5,787.35,12.27,0.26,1.53,0.00,0.00,827.12,1527.62,0.00,573.45,0.00,468.28,507.85,597.73,398.29,832.61,275.04,529.19,939.84,821.63,919.96,907.34,1320.76,1320.21,1387.96,1097.54,884.32,960.69,845.78,590.45,631.90,847.23,864.87,861.69,639.29,273.94,412.41,237.33,48.07,289.77,274.15,187.43,315.30,203.37,212.31,130.95,40.87,141.96
74062,74107,74084.5,876.86,12.23,0.25,1.53,0.00,0.00,2979.47,0.00,351.24,0.00,0.00,430.58,340.93,852.67,607.18,640.35,580.36,1911.43,1027.31,886.20,1387.63,1444.79,1113.03,1106.35,854.73,1391.70,1023.64,1106.10,824.78,754.04,600.74,561.19,714.05,662.50,502.82,662.38,555.28,261.38,268.88,230.00,139.76,419.87,185.27,265.86,100.56,108.60,133.70,47.64
74121,74166,74143.5,1135.41,18.39,0.43,1.52,0.00,2033.06,554.71,1043.49,764.25,268.07,448.67,348.75,300.98,232.40,725.55,930.89,1175.37,1589.07,844.87,1676.23,972.02,1846.92,1488.94,1455.92,2130.58,1522.08,1769.12,1496.08,1178.68,991.57,1208.73,1176.51,767.06,369.04,868.22,422.40,363.50,215.48,288.99,425.69,435.70,285.08,145.08,359.03,365.61,208.30,267.71,177.14
74180,74225,74202.5,1929.76,54.11,1.48,1.45,0.00,1250.05,828.04,566.75,0.00,0.00,233.14,329.85,844.49,906.37,1126.27,1136.33,1293.56,1100.01,1846.50,2207.39,1719.74,2340.67,2678.49,3476.15,2886.13,2645.31,3265.77,2787.57,2216.65,1659.55,1930.17,1902.77,1496.77,1588.50,1868.63,1043.48,1080.54,956.32,654.26,854.98,789.78,999.07,1030.42,1193.25,1333.20,1022.87,1136.31,811.21
74239,74284,74261.5,1797.78,64.00,1.77,1.40,1261.07,0.00,686.13,0.00,0.00,0.00,416.53,45.00,576.77,210.33,579.30,864.15,1177.94,994.38,1504.92,1810.92,1461.44,1839.96,1957.79,1955.58,2154.66,2321.05,1954.41,2445.77,2273.00,2339.29,1637.59,1717.02,1911.41,2023.60,1907.26,1183.09,1401.13,1067.76,800.37,512.77,1371.88,1387.04,1522.69,1922.72,2018.82,1638.77,1401.97,1272.70
74298,74343,74320.5,3229.79,105.67,2.78,1.35,2535.34,556.64,0.00,557.04,0.07,0.00,0.00,0.00,125.86,0.00,273.07,739.16,1922.93,2254.30,2545.09,3845.88,3536.11,3799.91,4968.22,5097.76,4164.02,4486.15,3486.83,3213.97,3233.87,3306.98,3934.49,3200.51,3148.63,2498.56,3273.54,4314.09,3351.83,2331.81,1612.58,2170.80,2474.65,1967.66,2766.78,3067.71,2711.87,1988.76,1864.37,2025.59
74357,74402,74379.5,2456.09,118.06,3.33,1.29,0.00,695.36,0.00,0.00,0.02,0.08,0.00,10.82,107.50,101.96,0.00,311.04,441.44,488.97,533.76,1210.88,1146.06,1393.18,1757.96,1469.59,1694.72,2394.96,2970.53,3094.71,3519.59,4002.80,3443.49,3246.35,3355.16,3739.12,2601.02,2548.75,2452.84,2418.46,1983.67,2739.58,2292.80,1882.92,3265.23,3376.65,3754.39,3020.50,2662.89,2465.09
74416,74461,74438.5,2264.33,120.20,3.50,1.26,858.19,1390.73,706.27,709.36,1144.62,446.02,196.97,0.00,471.81,279.55,236.63,205.02,433.58,553.94,805.41,473.15,1477.65,710.10,1140.75,1493.96,1270.16,904.08,1909.76,2685.48,2079.96,1836.82,2643.57,2078.88,1203.23,1127.27,2602.67,3351.91,2271.17,1566.24,2569.07,3202.78,2185.61,2960.04,4113.64,4456.04,3608.09,2478.98,3075.51,2544.07
74475,74520,74497.5,2452.17,121.42,3.57,1.22,0.00,1972.46,2586.13,1626.56,714.08,573.69,1550.91,504.89,666.01,720.84,375.35,555.64,540.80,866.69,971.57,379.45,836.10,918.15,1749.80,1815.44,1732.21,1558.91,1795.85,1981.66,1979.68,2446.29,2261.78,2115.06,2128.16,2368.11,2119.95,2149.29,1061.99,1586.82,1722.84,2509.52,2673.14,3051.52,4492.17,4202.18,4277.19,2884.58,2772.54,2673.42
74534,74579,74556.5,2479.97,98.76,2.80,1.20,5332.01,722.12,831.99,0.00,1765.83,3544.92,1875.31,948.09,0.00,163.45,453.23,1241.91,464.22,484.17,575.95,597.63,881.29,2311.35,2329.79,1584.96,1819.75,2109.55,1844.12,893.35,530.52,1639.29,1805.30,767.27,2331.82,3539.75,2662.96,1238.43,1942.64,3003.84,2059.82,485.38,1503.43,3025.52,3999.70,3576.58,3417.44,2666.33,1968.42,1390.36
74593,74638,74615.5,2471.95,115.84,3.30,1.20,0.00,1280.24,487.25,354.74,47.16,345.11,489.60,850.04,928.56,691.19,835.86,620.01,697.47,867.98,1383.48,1360.12,1463.22,1167.90,1731.85,1785.57,1765.54,1847.27,1342.41,1761.51,1994.56,2976.15,2600.80,2793.69,2077.79,2243.52,2082.58,2985.27,1875.57,1811.77,2692.76,3125.11,2398.33,3135.06,3646.50,3801.73,3470.51,3079.61,2444.15,2110.11
74652,74697,74674.5,2801.35,128.34,3.74,1.20,3236.08,525.55,709.53,2256.12,847.25,325.45,984.82,847.06,449.84,434.89,265.98,512.31,840.65,964.72,1047.12,1096.11,1999.94,1591.36,1250.91,2098.73,2552.02,1729.56,1672.27,1623.91,2112.54,2634.53,1664.53,1778.22,1173.08,2435.00,2206.10,1010.14,0.00,1564.98,3373.83,2928.11,2979.83,4702.62,5556.51,4326.23,4069.51,3484.59,2426.10,2393.80
74711,74756,74733.5,2626.68,119.43,3.46,1.20,852.06,819.74,1116.87,306.06,361.18,1824.98,1409.82,1444.53,995.96,712.99,1645.00,1225.60,1399.99,940.23,1346.48,908.15,1545.80,1241.12,1717.01,1218.84,1908.70,1425.52,1834.95,2094.02,2199.44,2009.04,1532.60,2055.64,3126.62,2275.78,1713.60,2706.78,3059.11,1590.27,2169.68,2183.94,2799.08,2940.94,3593.71,3905.65,3650.78,3460.41,2739.63,2391.65
74770,74815,74792.5,2447.27,94.75,2.62,1.19,1891.83,3507.63,929.23,1000.47,1013.24,961.82,1190.68,1245.85,739.30,907.53,658.93,877.29,1175.92,1290.15,1419.18,1541.82,1509.26,1334.08,1459.26,1504.07,756.83,1420.60,2309.34,1103.39,1343.08,2961.47,2391.33,1233.20,2020.42,2074.51,1634.73,902.66,1682.88,2522.90,2454.76,2343.52,2751.80,3699.55,3668.91,3623.97,2562.79,1424.16,1582.57,1603.03
74829,74874,74851.5,6000.69,142.40,3.65,1.19,4657.45,1732.84,3194.40,852.46,922.58,1310.85,3407.85,2584.30,3028.94,2914.77,4866.28,4651.08,4394.55,5059.42,7026.79,8348.62,8504.90,8066.85,7593.47,8133.45,6870.73,6320.10,6554.40,5823.16,6769.82,4940.39,4789.44,4438.44,5132.85,4078.89,2762.63,2299.68,2569.89,999.71,1945.40,3321.62,3921.39,4141.72,4794.80,4056.44,3439.03,2926.79,2730.39,1763.77
74889,74934,74911.5,7675.92,200.26,5.09,1.19,5868.14,4424.56,1755.24,5707.44,2138.73,3111.46,4191.67,4153.25,2637.21,3321.83,4206.17,4730.67,6007.64,5248.90,5002.52,6901.49,7135.12,6137.70,4179.48,5541.77,11015.12,10768.39,8796.02,6779.79,9397.43,10277.08,9928.80,8875.72,7021.76,6850.13,7045.95,5898.56,4090.54,3387.96,4714.22,4784.72,3433.77,4733.55,5416.20,4918.05,4288.58,3927.70,3632.98,3245.44
74948,74993,74970.5,3759.14,100.83,2.70,1.20,6735.79,1085.41,5270.19,3221.61,3658.20,2956.47,1756.70,4043.64,3400.57,1982.60,2466.03,1224.20,1745.82,2469.89,2069.81,2290.39,2051.30,2979.92,2789.72,2092.39,2137.88,3472.81,2983.28,2119.16,2371.98,3183.35,2858.89,2228.55,2600.35,2420.02,1956.97,2136.77,1728.02,1874.20,1742.05,2448.48,3293.66,3205.67,3619.24,3118.01,3107.65,2167.48,1422.59,1427.93
75007,75052,75029.5,3973.69,101.13,2.87,1.20,10424.01,5407.12,4395.60,5671.60,2792.62,3022.39,3791.89,2118.98,2659.24,2936.66,3464.15,2957.18,1238.15,697.21,1473.45,2311.38,949.15,1247.51,2540.84,3104.14,2095.98,1569.98,1996.39,935.39,404.79,2527.65,3075.36,1986.86,1814.84,2116.97,2256.28,1097.43,1432.18,1549.44,1406.21,1573.58,2294.00,3260.82,4475.96,3087.17,2835.32,2411.99,2072.21,2021.55
75066,75111,75088.5,3324.93,112.75,3.21,1.21,1887.92,2632.10,2776.15,735.23,1779.91,1505.41,1268.41,2874.39,1679.85,1209.85,1579.00,1150.90,1072.88,1741.30,920.87,1005.72,1639.66,1872.39,1164.18,2227.26,1688.57,2151.67,2869.30,2459.14,1512.97,1599.15,2633.60,2243.68,2698.23,2277.94,2409.70,2371.94,1795.17,961.91,1677.48,2284.42,2752.00,3444.24,3702.55,3947.10,3579.28,3094.14,2384.39,1870.52
75125,75170,75147.5,2084.28,101.98,3.04,1.22,0.00,0.00,414.98,710.71,807.91,1127.35,951.40,565.95,684.87,391.78,432.81,377.57,526.19,1143.03,637.14,927.55,1713.84,1301.39,1250.27,1707.30,2261.44,2058.34,1766.29,1737.98,1879.29,1789.82,2209.00,1662.50,1689.70,1576.30,1622.72,1829.90,1231.69,268.23,1234.87,1913.64,1927.84,2660.11,3583.70,3510.48,2855.31,3068.05,2597.36,2444.41
75184,75229,75206.5,2240.58,103.19,2.97,1.21,0.00,1405.91,416.56,1264.84,746.67,365.68,370.36,442.45,340.87,324.18,503.23,1084.13,787.89,823.05,999.55,1704.32,1254.91,1278.41,2216.65,1961.05,1911.24,1997.73,2071.85,2138.44,2178.58,2748.20,1677.37,2019.91,2120.40,996.86,1114.54,1129.90,1114.94,45.82,1829.11,2805.23,3038.13,3341.34,4102.64,4337.40,2949.60,2212.10,2322.32,1778.05
75243,75288,75265.5,2317.26,101.38,2.96,1.21,0.00,2927.86,1674.93,497.12,813.87,527.50,526.30,501.65,834.71,794.28,1281.23,683.57,832.84,834.05,1056.92,1573.58,1775.34,1779.22,1355.98,1741.29,1837.48,1584.42,2145.64,2156.31,2574.03,1713.27,2091.58,1553.46,1787.52,1485.36,1856.30,2029.70,1126.80,319.14,1335.92,2222.83,2554.12,2323.43,3928.57,3883.74,2925.44,2543.70,2214.73,2290.22
75302,75347,75324.5,2165.34,101.49,2.95,1.20,852.03,0.00,1319.38,355.08,465.93,324.68,730.41,219.32,447.28,1148.62,546.78,416.81,408.83,389.89,867.44,606.40,1320.02,1654.49,1554.30,1359.97,1631.77,1739.91,1241.83,3293.90,2951.11,3416.02,3111.32,1783.23,1812.24,1854.67,1221.17,1015.51,461.86,1955.52,1510.13,1245.81,2388.23,2957.20,4034.45,3027.31,2983.43,2818.79,2361.86,2182.44
75361,75406,75383.5,2526.07,111.03,3.20,1.20,853.14,1278.67,9.73,1267.58,976.32,569.98,906.05,222.83,1163.14,1800.40,1077.39,1126.94,990.53,859.42,694.93,940.75,1685.64,1306.54,1383.46,1781.52,1524.60,2337.60,2352.34,2706.21,2035.07,2482.43,1262.13,1265.25,1884.16,3258.11,2952.23,3333.60,1691.42,1650.44,1365.59,1262.27,2499.68,2653.76,3668.88,3414.18,3740.34,3473.59,2543.36,1984.96
75420,75465,75442.5,3256.24,115.75,3.27,1.20,677.60,3869.22,3219.10,4114.63,1717.11,2022.19,1568.31,1726.27,2028.56,1802.74,2049.03,1379.94,1566.64,1517.11,1730.05,688.11,1935.65,1622.62,1592.89,1529.17,2160.75,2336.86,2037.66,1573.22,3316.38,3133.21,3128.23,2639.34,2150.77,1986.33,2205.01,2213.48,1201.83,1105.85,1820.89,3062.40,3025.30,3389.31,4336.21,3916.82,3528.08,2783.64,2555.76,1857.58
75479,75524,75501.5,3588.61,111.92,3.15,1.19,4666.88,3192.40,4699.96,3449.95,2657.42,2363.68,1748.78,3641.61,2864.65,2659.83,3220.93,2129.97,2394.50,2220.94,1405.03,1660.15,1916.28,1618.13,2515.79,1915.23,2075.72,2896.02,3077.67,1926.71,2233.17,2442.43,1547.03,1617.19,1579.69,1031.15,300.78,2116.61,1099.20,2466.72,2690.45,2986.53,3778.69,3177.12,4363.22,3676.64,3173.80,2924.71,1714.85,2111.30
75538,75583,75560.5,4482.09,123.99,3.34,1.19,2943.40,7196.07,2306.14,1152.15,2813.30,2290.95,2658.17,2329.69,2675.40,1673.04,2971.44,3492.04,3272.15,2634.57,2572.53,3657.20,4827.90,3241.64,3101.75,4452.19,4682.16,4386.24,4185.74,4137.22,4943.74,3927.26,3734.70,3216.09,3011.72,2697.26,1811.94,2069.95,1729.91,1741.17,1726.78,2936.00,3053.74,3664.27,4618.36,3887.39,3954.23,2703.21,2115.53,1833.77
75597,75642,75619.5,2147.90,98.63,2.86,1.19,680.25,144.30,432.57,613.95,499.07,388.51,1843.26,1202.49,984.82,538.26,551.98,378.19,1126.84,924.54,551.19,214.09,887.59,1888.93,2044.80,2703.95,1691.63,1689.02,2011.74,2851.95,2050.63,1680.65,1194.05,2080.37,2158.46,496.90,665.36,1604.56,1232.36,216.32,613.43,2460.73,2922.97,3938.00,4476.62,3853.42,2582.33,1699.70,2068.80,2231.80
75656,75701,75678.5,2062.20,109.15,3.10,1.19,0.00,1283.50,487.57,307.03,499.20,389.12,162.03,0.00,406.34,517.03,393.94,708.57,615.52,753.21,630.05,642.30,644.87,891.16,1494.79,1685.71,2120.54,1757.31,2037.02,1434.36,1268.17,1268.27,1630.73,1310.39,1524.60,1120.47,1148.22,2056.34,2798.97,2119.89,1966.63,2419.05,3040.30,4609.90,3469.10,3773.62,4077.58,3553.59,2099.26,874.07
75715,75760,75737.5,2487.31,119.37,3.41,1.19,2387.22,144.09,843.25,1199.55,334.36,366.43,458.24,396.92,325.17,237.43,210.12,250.45,724.09,967.37,786.74,632.51,1101.47,999.82,1421.83,1952.44,1447.24,1687.23,1863.09,1528.33,1992.00,2463.66,3134.15,2809.12,1602.15,3288.15,3186.63,2411.28,1157.81,1066.17,2419.58,2617.85,2935.23,4289.43,4585.65,3583.81,2862.42,3271.41,2949.60,1972.84
75774,75819,75796.5,2464.98,108.39,3.01,1.19,0.00,1397.66,1262.78,306.39,1702.76,921.85,1745.86,1230.27,1636.33,1267.03,602.79,836.93,988.32,1286.96,1363.81,1193.19,898.25,838.04,1027.99,1348.43,1178.21,1021.87,1978.91,2077.99,2476.77,2756.97,2093.28,1913.45,1662.91,2122.74,1291.09,2058.63,1970.81,2092.41,2949.65,3196.42,3929.34,4010.53,4143.51,4032.13,2410.45,1947.96,1710.54,1997.20
75833,75878,75855.5,3919.52,125.70,3.63,1.19,3800.94,2339.66,5656.75,6302.53,3583.33,2138.50,1703.62,1213.30,4615.97,2283.91,1837.45,2318.96,2541.24,2889.52,1713.98,1633.82,1606.33,1572.06,1867.42,1904.73,2015.48,1918.92,2640.71,2952.61,1756.00,1120.09,2821.01,1675.34,0.00,985.68,3869.78,2698.24,1350.14,3374.22,4243.94,2415.56,538.49,3893.27,4035.68,3587.58,3708.93,3762.74,3181.10,2417.14
75892,75937,75914.5,5997.55,141.72,3.88,1.19,10868.29,7215.19,7135.93,5483.32,5010.86,4262.62,3460.67,2867.70,3126.17,2619.33,2886.51,3707.00,2048.03,1406.96,3149.34,5163.41,5058.71,3133.91,3144.41,5924.82,6961.85,6354.58,4929.34,4709.49,5027.28,4428.95,2616.51,3955.57,4260.36,3800.79,2746.03,3344.51,2582.33,1831.86,2648.49,2076.30,2434.57,3248.07,3960.21,3890.34,3925.07,3790.35,2977.69,2867.76
75951,75996,75973.5,3613.38,134.71,3.69,1.20,0.00,819.56,2118.58,537.74,1103.52,835.69,541.35,950.99,1082.27,494.39,847.81,1427.91,1848.18,1273.75,1414.37,2675.07,3394.26,1944.84,3123.02,5079.13,3499.75,3444.85,5731.33,4404.69,1624.53,3813.20,6067.51,3900.63,3605.97,5217.86,3708.81,1846.11,2498.52,2267.49,2461.12,2022.40,1955.70,3313.78,3972.19,4417.05,4595.69,3647.70,2768.41,1905.84
76010,76055,76032.5,2146.11,93.02,2.65,1.22,0.00,1283.48,1336.67,346.87,842.74,924.80,152.64,613.81,244.15,646.38,607.12,740.05,938.41,717.13,1072.55,931.16,830.94,1770.12,1751.25,1614.71,2117.71,2116.18,1874.58,1687.51,1868.17,1583.87,2197.79,2074.09,2138.02,2731.37,1975.58,1847.58,1349.37,1735.58,1104.25,1261.99,2481.18,3005.30,3317.69,2869.66,2508.73,2135.76,1961.50,2063.16
76069,76114,76091.5,1723.80,76.67,2.24,1.24,1702.03,1350.65,1318.36,1007.48,778.03,1106.17,163.74,120.88,137.74,309.28,675.73,295.32,271.07,695.22,558.32,649.54,770.99,422.74,861.67,1352.69,1252.89,1139.91,1359.37,1488.26,1243.51,1053.16,1367.20,1958.55,1510.22,1512.32,1559.21,1348.50,599.30,579.25,1472.61,1044.60,871.51,2267.08,3361.40,3320.65,2191.46,1873.96,1691.58,1608.18
76128,76173,76150.5,1967.06,93.46,2.75,1.33,3565.68,691.47,1683.87,2146.97,2447.03,676.45,349.96,269.31,121.22,199.45,380.89,212.21,284.12,510.13,177.01,473.15,867.23,680.30,782.95,1128.46,1262.51,1309.86,1207.83,947.05,1109.24,1342.38,1367.47,1775.01,2413.71,2763.99,2326.79,2705.68,1616.87,825.17,1077.36,1405.13,1128.88,1946.96,3141.55,3445.52,3274.87,2619.49,2378.04,1906.52
76187,76232,76209.5,1371.54,55.39,1.57,1.42,2863.64,832.27,641.62,481.17,0.00,314.20,166.24,314.36,0.00,108.70,414.25,291.03,488.39,738.63,128.49,922.31,817.24,913.07,1084.98,988.86,1485.98,1156.33,1482.80,1357.48,949.67,1534.07,1349.29,1750.61,1742.32,1408.32,1255.12,1149.95,912.72,948.32,446.14,699.05,1312.70,1242.67,1807.20,1883.55,1809.38,1603.17,1050.91,1042.17
76246,76291,76268.5,1108.18,32.79,0.87,1.53,0.00,1000.51,794.65,0.00,0.00,0.02,0.00,0.00,0.00,345.70,203.29,410.31,469.06,352.94,934.80,870.44,741.27,1214.47,1625.70,1513.23,1402.00,1481.66,1820.30,1603.39,1730.71,1757.62,1641.05,1699.40,1340.45,972.78,1035.55,782.47,1020.87,705.60,471.56,519.56,557.55,484.93,445.50,589.56,740.35,561.29,745.58,460.25
