Data/Raw/MOORE,RICHARD/FIREXAQ-LARGE-SMPS_DC8_20190722_R0.ict
88,1001
Richard Moore, Elizabeth Wiggins, Edward Winstead, Claire Robinson, Lee Thornhill, and Kevin Sanchez
NASA Langley Research Center
In-situ Submicron Particle Size Distributions from a SMPS on the NASA DC-8
FIREXAQ
1,1
2019,07,22,2020,03,10
0
Time_start,Secs after midnight,Time of acquisition
50
1,1,1,1,1,1,1,1,1,1,1,1,1,1,1,1,1,1,1,1,1,1,1,1,1,1,1,1,1,1,1,1,1,1,1,1,1,1,1,1,1,1,1,1,1,1,1,1,1,1
-9999,-9999,-9999,-9999,-9999,-9999,-9999,-9999,-9999,-9999,-9999,-9999,-9999,-9999,-9999,-9999,-9999,-9999,-9999,-9999,-9999,-9999,-9999,-9999,-9999,-9999,-9999,-9999,-9999,-9999,-9999,-9999,-9999,-9999,-9999,-9999,-9999,-9999,-9999,-9999,-9999,-9999,-9999,-9999,-9999,-9999,-9999,-9999,-9999,-9999
Time_stop,Secs after midnight,Time of acquisition
Time_mid,Secs after midnight,Time of acquisition
nSMPS_stdPT,#/cm3,AerMP_NumConc_InSitu_RHd_Mobility_NucltoAccu_STP,integrated_number_density
sSMPS_stdPT,um2/cm3,AerMP_SurfAreaConc_InSitu_RHd_Mobility_NucltoAccu_STP,integrated_surface_area
vSMPS_stdPT,um3/cm3,AerMP_VolConc_InSitu_RHd_Mobility_NucltoAccu_STP,integrated_volume
SMPS_stdPT, unitless, None, conversion between ambient PT and standard PT (1013, 273)
SMPS_bin00_stdPT,#/cm3,AerMP_NumSizeDist_InSitu_RHd_Mobility_NucltoAccu_STP,Binned number size distribution (in dNdlogDp) measured by the SMPS
SMPS_bin01_stdPT,#/cm3,AerMP_NumSizeDist_InSitu_RHd_Mobility_NucltoAccu_STP,Binned number size distribution (in dNdlogDp) measured by the SMPS
SMPS_bin02_stdPT,#/cm3,AerMP_NumSizeDist_InSitu_RHd_Mobility_NucltoAccu_STP,Binned number size distribution (in dNdlogDp) measured by the SMPS
SMPS_bin03_stdPT,#/cm3,AerMP_NumSizeDist_InSitu_RHd_Mobility_NucltoAccu_STP,Binned number size distribution (in dNdlogDp) measured by the SMPS
SMPS_bin04_stdPT,#/cm3,AerMP_NumSizeDist_InSitu_RHd_Mobility_NucltoAccu_STP,Binned number size distribution (in dNdlogDp) measured by the SMPS
SMPS_bin05_stdPT,#/cm3,AerMP_NumSizeDist_InSitu_RHd_Mobility_NucltoAccu_STP,Binned number size distribution (in dNdlogDp) measured by the SMPS
SMPS_bin06_stdPT,#/cm3,AerMP_NumSizeDist_InSitu_RHd_Mobility_NucltoAccu_STP,Binned number size distribution (in dNdlogDp) measured by the SMPS
SMPS_bin07_stdPT,#/cm3,AerMP_NumSizeDist_InSitu_RHd_Mobility_NucltoAccu_STP,Binned number size distribution (in dNdlogDp) measured by the SMPS
SMPS_bin08_stdPT,#/cm3,AerMP_NumSizeDist_InSitu_RHd_Mobility_NucltoAccu_STP,Binned number size distribution (in dNdlogDp) measured by the SMPS
SMPS_bin09_stdPT,#/cm3,AerMP_NumSizeDist_InSitu_RHd_Mobility_NucltoAccu_STP,Binned number size distribution (in dNdlogDp) measured by the SMPS
SMPS_bin10_stdPT,#/cm3,AerMP_NumSizeDist_InSitu_RHd_Mobility_NucltoAccu_STP,Binned number size distribution (in dNdlogDp) measured by the SMPS
SMPS_bin11_stdPT,#/cm3,AerMP_NumSizeDist_InSitu_RHd_Mobility_NucltoAccu_STP,Binned number size distribution (in dNdlogDp) measured by the SMPS
SMPS_bin12_stdPT,#/cm3,AerMP_NumSizeDist_InSitu_RHd_Mobility_NucltoAccu_STP,Binned number size distribution (in dNdlogDp) measured by the SMPS
SMPS_bin13_stdPT,#/cm3,AerMP_NumSizeDist_InSitu_RHd_Mobility_NucltoAccu_STP,Binned number size distribution (in dNdlogDp) measured by the SMPS
SMPS_bin14_stdPT,#/cm3,AerMP_NumSizeDist_InSitu_RHd_Mobility_NucltoAccu_STP,Binned number size distribution (in dNdlogDp) measured by the SMPS
[...]
UNCERTAINTY:  20%
ULOD_FLAG: -7777
ULOD_VALUE: N/A
LLOD_FLAG: -8888
LLOD_VALUE: N/A
DM_CONTACT_INFO: Lee Thornhill (Kenneth.L.Thornhill@nasa.gov)
PROJECT_INFO: FIREX-AQ
STIPULATIONS_ON_USE: No stipulations on use. The user is encouraged to contact the PI or DM prior to use.
OTHER_COMMENTS: Midpoint diameters of Bins 00 to 43 are: 0.011,0.012,0.013,0.014,0.015,0.016,0.017,0.018,0.019,0.021,0.022,0.024,0.026,0.028,0.030,0.032,0.035,0.037,0.040,0.043,0.046,0.050,0.053,0.057,0.061,0.066,0.071,0.076,0.082,0.088,0.095,0.102,0.109,0.118,0.126,0.136,0.146,0.157,0.168,0.181,0.194,0.209,0.225,0.241
REVISION: R0
R0: Final Data. Data are corrected for time lags and ammonium sulfate size calibrations.
*******************************************************************************************************************************
Time_start,Time_stop,Time_mid,nSMPS_stdPT,sSMPS_stdPT,vSMPS_stdPT,SMPS_stdPT,SMPS_bin00_stdPT,SMPS_bin01_stdPT,SMPS_bin02_stdPT,SMPS_bin03_stdPT,SMPS_bin04_stdPT,SMPS_bin05_stdPT,SMPS_bin06_stdPT,SMPS_bin07_stdPT,SMPS_bin08_stdPT,SMPS_bin09_stdPT,SMPS_bin10_stdPT,SMPS_bin11_stdPT,SMPS_bin12_stdPT,SMPS_bin13_stdPT,SMPS_bin14_stdPT,SMPS_bin15_stdPT,SMPS_bin16_stdPT,SMPS_bin17_stdPT,SMPS_bin18_stdPT,SMPS_bin19_stdPT,SMPS_bin20_stdPT,SMPS_bin21_stdPT,SMPS_bin22_stdPT,SMPS_bin23_stdPT,SMPS_bin24_stdPT,SMPS_bin25_stdPT,SMPS_bin26_stdPT,SMPS_bin27_stdPT,SMPS_bin28_stdPT,SMPS_bin29_stdPT,SMPS_bin30_stdPT,SMPS_bin31_stdPT,SMPS_bin32_stdPT,SMPS_bin33_stdPT,SMPS_bin34_stdPT,SMPS_bin35_stdPT,SMPS_bin36_stdPT,SMPS_bin37_stdPT,SMPS_bin38_stdPT,SMPS_bin39_stdPT,SMPS_bin40_stdPT,SMPS_bin41_stdPT,SMPS_bin42_stdPT,SMPS_bin43_stdPT
[from data line 247]
80377,80422,80399.5,26460.60,228.01,4.72,1.17,55944.31,46645.66,58278.79,53857.80,48345.54,40784.60,36394.57,34325.77,38538.41,29981.74,27120.49,24277.62,19534.46,19411.40,16855.55,14301.84,10957.14,9440.42,6880.44,6367.48,6761.39,8749.50,9389.40,10920.97,14476.21,14335.40,7709.09,6781.35,8205.88,9152.28,10661.95,11035.41,9874.83,7372.86,5881.84,8132.50,8051.38,6983.18,5710.64,4040.83,3197.04,2870.82,2031.86,0.00
80436,80481,80458.5,44746.69,267.23,5.54,1.17,175187.11,119168.96,127073.12,79507.38,55398.40,56255.32,61008.26,49465.32,36345.72,49823.68,40659.05,37065.66,34615.20,24471.70,19599.67,13744.31,11504.74,8535.68,7902.01,7277.77,9770.63,9295.34,8675.54,12875.84,13536.45,11980.30,11677.58,13020.88,9178.48,6822.72,9483.92,9326.39,8638.37,7408.24,8725.07,7634.44,8521.69,8868.68,7193.20,5696.44,4620.93,3404.68,2414.99,0.00
80495,80540,80517.5,52595.44,307.80,6.02,1.17,119958.09,120608.64,117286.48,94275.62,92020.62,89896.45,73146.99,59011.04,54281.15,52192.28,57057.38,53141.63,49201.27,45818.02,42687.07,37380.07,30936.96,27809.61,28200.07,21463.73,16136.00,15721.26,17252.50,17976.68,14214.79,13362.49,14253.86,12353.86,8841.13,7302.14,7732.75,9010.25,8189.80,7716.66,9383.82,9598.74,9722.47,9176.30,7661.81,6879.17,4548.97,3361.80,2367.03,0.00
80555,80600,80577.5,35386.26,300.24,6.26,1.16,70772.29,73802.56,56994.57,57162.41,43685.86,39247.68,42556.14,42581.25,32831.53,36557.13,33680.77,32258.15,30125.84,29746.00,26400.54,26862.90,27461.80,24898.09,24930.78,19087.41,16404.94,17665.80,19698.76,17906.75,19927.34,21064.14,14342.02,13684.33,11033.23,8061.16,8673.40,7437.50,9596.43,6303.23,8579.82,7502.98,8339.54,7074.59,6429.08,7752.91,5402.18,5104.37,3328.88,0.00
80614,80659,80636.5,30755.95,310.75,6.17,1.17,41989.05,45957.56,41714.04,28444.62,31209.51,29954.50,31782.21,34084.31,29446.90,28098.69,26531.96,28206.91,30446.07,29501.29,24378.90,35610.08,43259.54,31204.69,33654.62,37355.07,32714.94,27460.65,32644.15,28951.58,22079.42,15525.40,13856.39,14369.62,10389.99,5597.47,4777.75,6740.20,7060.94,8550.83,11335.02,10582.78,8322.25,8608.94,8358.93,6748.59,4979.53,3614.87,2120.08,0.00
80673,80718,80695.5,47009.47,332.10,6.69,1.17,105440.54,105817.14,84360.63,89567.80,50986.62,51005.41,76244.66,57142.86,48188.52,50571.38,42297.87,44360.22,43195.06,29492.25,27092.52,42190.45,42215.32,34073.74,29108.45,35286.05,33749.57,27000.33,21273.91,15882.37,13874.80,15019.39,11332.28,5573.04,7796.16,12512.37,9091.61,6454.99,10423.16,11864.10,9836.17,6823.21,10395.14,11171.97,8705.84,6723.21,5049.33,4303.17,3217.09,0.00
80732,80777,80754.5,38428.19,329.90,7.40,1.17,91632.56,90600.97,129931.13,73669.99,50547.88,50734.75,57660.84,47474.70,33792.69,31978.15,34269.94,31034.53,28441.15,20188.56,17318.34,18423.09,16945.03,19371.07,20085.53,15642.02,10630.24,12050.62,12742.38,8070.16,5397.02,10990.07,16135.05,12284.18,11479.64,7265.73,9222.67,9674.69,6403.27,5277.22,7642.36,12622.88,12930.91,14246.67,10912.65,8046.94,6396.11,4728.95,3814.69,0.00
80791,80836,80813.5,32133.99,342.88,8.10,1.17,92742.27,136780.52,83803.64,58001.69,45524.49,32839.05,26368.21,26652.93,22544.26,23429.90,33987.39,28584.36,24677.37,14822.46,11444.51,16542.53,11945.93,6238.61,9463.27,10871.56,8355.58,12395.34,7475.73,13963.85,17177.79,13455.71,11533.92,20707.39,20610.81,18222.66,9435.85,3029.03,5352.88,3759.13,3055.58,4498.83,7850.90,12861.95,14139.19,13276.88,9792.58,6252.61,4136.65,0.00
80850,80895,80872.5,37549.80,425.56,9.57,1.18,90803.36,93159.89,65355.15,55038.97,55844.24,59750.52,37890.40,47405.33,48083.25,40943.64,28454.83,23567.21,21921.49,16454.01,15419.84,12680.69,12671.19,11999.71,11972.78,11132.52,11961.53,12239.98,16820.13,12628.06,13958.66,17446.76,23008.55,27277.63,22586.78,16193.45,16017.46,17496.86,15053.57,13909.60,11819.07,10367.36,9023.51,12805.87,12026.45,9587.24,9168.90,7837.83,5619.68,0.00
80909,80954,80931.5,34984.23,558.65,12.54,1.18,31389.27,32984.92,22578.46,24620.58,31861.02,28973.05,23269.35,35863.71,34039.93,32579.17,38341.70,37137.39,39574.82,50872.51,45086.84,31388.53,34112.21,40694.89,26880.20,18438.82,23959.03,28060.59,22395.13,17386.77,11328.83,13452.11,22741.38,30714.91,21572.89,24069.85,32344.99,31392.71,24566.84,17158.70,10518.35,12599.60,14123.71,16260.56,13968.38,13285.16,10306.68,7332.34,5612.07,3802.30
80968,81013,80990.5,33417.57,449.10,10.32,1.19,40990.02,36888.73,68265.12,48518.84,40452.11,32042.28,34310.17,23278.81,28101.28,27463.37,23459.21,31089.13,36732.48,22695.90,21602.78,16824.98,23821.48,21662.04,25662.51,28405.91,29101.60,10677.76,23921.41,29871.68,18065.32,15539.41,31419.21,32585.59,28009.58,25800.60,23380.60,14704.08,5175.74,7099.95,7973.11,7108.47,2546.04,6815.73,12755.57,11944.16,11289.69,8799.92,5771.52,4089.04
81027,81072,81049.5,43352.27,408.29,7.72,1.19,42231.14,62467.79,58121.44,57873.48,48666.45,57517.47,51371.36,51006.07,53357.04,56406.64,45880.59,63016.47,49352.14,40264.55,42988.04,49122.36,53174.80,36158.23,29014.73,25694.16,23766.45,26859.44,24526.54,19858.58,17900.39,30964.57,28857.70,23878.78,24800.27,20274.03,8796.36,14328.75,21341.80,19615.48,14229.08,9801.77,10685.07,11079.77,7647.37,5298.12,4009.04,4147.55,3062.02,0.00
81086,81131,81108.5,38826.34,465.89,10.08,1.19,55225.30,49742.30,45719.97,37768.04,35603.62,38072.75,46809.96,55821.43,53404.89,37821.18,44062.77,38621.29,32395.21,31949.40,31800.30,28454.33,30383.52,28483.61,29400.65,30107.53,30420.51,27600.14,20333.31,22147.66,30345.48,26790.50,23111.42,35533.41,33683.89,25200.79,13018.90,11597.06,12560.45,10684.28,11229.99,11364.98,11422.54,10025.56,8834.75,9241.84,8523.13,6312.72,5407.57,3855.09
81145,81190,81167.5,54981.71,448.27,8.76,1.18,91995.95,112654.67,129309.75,79509.80,80333.17,75460.52,73372.27,59505.11,51687.20,46513.89,48866.99,44731.51,44522.00,37209.01,40862.35,29606.66,29430.92,37334.05,40521.38,37763.42,32554.79,31461.24,33726.54,30227.34,24132.15,27034.86,32350.26,26572.77,18098.08,20957.69,17866.88,15402.96,13081.14,11179.32,12640.49,10728.17,11034.28,13024.00,11880.41,8084.01,6326.28,5013.12,3545.81,0.00
81204,81249,81226.5,32237.57,296.77,5.91,1.18,71456.45,51721.66,55241.01,48056.84,42284.32,36577.53,37167.58,37444.70,37157.00,28439.98,21089.34,27762.20,32677.85,29259.14,28599.17,24436.85,22179.10,23302.27,25643.15,27164.66,26398.46,19169.44,17321.92,15618.28,17136.32,18625.08,19180.05,16942.55,10384.25,10276.90,8293.66,7733.41,8404.82,10026.07,10490.59,10065.16,7818.28,9450.26,7742.66,5296.77,4465.59,2776.90,2425.51,0.00
81263,81308,81285.5,41644.66,363.22,6.99,1.17,67975.45,62809.66,69791.63,52431.72,53274.03,50395.71,52926.07,53768.38,42802.33,54385.79,52591.34,37150.93,36047.75,43462.40,34032.45,25145.96,25346.65,28111.49,26178.24,27143.39,29641.28,28753.60,31872.96,30896.03,28568.87,31091.18,26102.56,18915.27,9775.29,9675.42,9280.96,12813.76,14496.46,13759.05,10553.15,9294.10,8140.42,9713.86,8532.29,7382.90,4750.42,3831.37,2420.47,0.00
81322,81367,81344.5,37642.68,283.86,5.56,1.17,90271.55,90533.77,76021.27,70788.13,63555.45,47681.00,47163.38,36918.46,29158.30,28787.54,32952.55,27765.53,26968.53,23995.32,22664.85,20744.38,20170.77,18811.26,19757.72,22106.88,24909.39,23855.81,26510.98,23312.14,21060.37,16910.05,14288.21,11641.26,9512.96,8031.64,8873.47,8070.60,8352.14,8992.24,9418.77,8707.22,8145.63,7799.10,7140.67,5808.32,4367.13,2875.07,1873.54,0.00
81381,81426,81403.5,32240.65,316.91,6.22,1.17,33729.75,35629.66,29555.13,43613.41,41227.55,45887.48,32985.72,42175.11,39585.61,43846.45,25518.72,32416.33,34152.66,27335.97,25377.62,32733.20,28719.41,25571.25,25014.85,26832.36,23566.12,29538.03,28446.88,26129.39,20626.34,24017.65,17635.45,15488.62,12291.29,11180.25,10504.18,11583.34,9259.47,9497.22,9503.86,9758.24,7627.31,7587.73,7384.66,5758.90,4942.36,3477.69,2766.31,0.00
81440,81485,81462.5,33131.60,277.16,5.32,1.17,44603.52,42702.61,50848.61,48863.84,53794.86,51351.02,47386.62,43740.78,39492.05,33188.82,36045.05,29562.78,26601.12,29452.20,27576.29,25692.09,27211.17,25021.68,24829.21,28057.03,28845.36,26309.35,27844.01,25740.63,20416.10,15959.02,12417.98,10233.00,10669.88,9190.93,6966.62,7076.49,7286.02,7640.76,8786.86,8451.71,8649.97,7708.46,6839.55,5644.97,4127.54,2359.10,1699.87,0.00
81499,81544,81521.5,28204.23,236.24,4.73,1.18,63672.14,78245.75,61952.19,53517.84,50875.38,43815.07,32109.35,21023.47,21863.22,28861.52,21766.87,16859.10,15095.38,11302.10,10074.58,17497.65,20189.40,19661.34,23284.90,13827.56,13988.15,16512.50,24465.53,23118.90,14063.34,15252.75,16036.18,11658.32,8209.24,7358.82,6485.63,5470.62,6579.07,7069.83,6999.69,7038.33,6426.90,6481.12,5739.71,5058.08,4286.78,2638.18,1852.88,0.00
81558,81603,81580.5,14214.23,192.16,3.85,1.18,13076.99,18102.65,14557.13,9323.52,11850.82,11381.17,10371.64,11024.43,9472.49,13039.71,8930.03,9799.62,11005.96,8563.41,8184.14,8618.56,11217.42,14132.44,16601.50,15070.45,22953.74,25609.98,22414.15,21059.71,13447.55,11136.26,9772.25,7719.31,7136.86,7889.70,7545.83,6065.02,5866.85,5749.95,6809.33,5766.54,4896.77,5127.20,4222.02,3408.38,3036.27,2303.95,1603.72,0.00
81617,81662,81639.5,13097.28,172.96,3.50,1.19,12386.41,8015.63,10153.74,10014.92,13658.29,6076.01,12666.53,12383.80,10800.38,10157.17,8254.49,10082.77,8899.47,7622.55,5613.76,6897.21,10361.58,16097.89,26338.84,19637.69,24279.88,25924.79,22970.88,16264.69,10309.12,6219.56,5004.42,4663.98,1982.65,3004.92,6205.37,6643.40,5319.36,6506.74,6270.17,6822.97,4095.04,4530.18,4732.37,4074.99,2251.38,1279.25,993.64,646.23
81676,81721,81698.5,20060.00,235.12,5.01,1.20,29314.49,23092.70,35980.00,31067.44,23196.55,21884.79,21657.89,21220.44,17096.87,21298.76,18175.85,19438.49,21004.50,12973.71,11571.41,13193.95,12034.19,3910.11,17177.89,27448.24,27411.43,22822.72,20055.35,14034.04,12641.97,10903.71,8191.79,6847.76,10732.07,9442.23,6680.28,4967.17,7014.79,6353.66,6073.97,6694.62,7652.90,8021.86,6953.54,4701.61,3131.99,2745.40,2125.10,1209.09
81735,81780,81757.5,17353.67,221.43,4.93,1.21,16299.07,21883.64,19525.84,22179.78,22374.50,18464.68,21522.31,18413.55,17208.07,18527.03,16072.13,16293.92,20948.62,20089.17,17071.61,20460.96,17200.13,16464.74,15272.07,14495.06,16211.91,16723.78,15910.46,11239.04,7354.73,6108.99,5960.08,6995.80,7330.57,4717.82,6950.04,8764.27,4818.70,4185.92,6251.80,9270.15,6161.54,6055.96,7107.45,5549.67,4240.49,2832.51,1916.07,1321.49
81794,81839,81816.5,17063.58,237.41,5.22,1.22,13742.36,19525.82,16264.18,20052.06,20199.31,15883.67,15296.24,19167.17,23034.79,19876.59,14209.58,11820.39,18049.54,20198.06,13004.81,15645.71,15405.65,10496.09,11965.69,13553.36,12722.60,13638.61,24358.89,20796.75,19099.28,10161.83,8070.16,5078.95,6374.04,3665.43,5074.11,7765.92,10025.67,8421.21,8455.10,6276.89,4925.03,8132.54,7590.77,6155.49,3588.94,2584.08,1824.29,1603.83
81853,81898,81875.5,21934.94,273.15,5.61,1.23,19021.19,15228.50,16293.31,32878.61,23074.12,24292.32,30583.06,26222.21,24086.32,20578.86,20480.79,19716.80,15085.84,15222.18,24970.48,13938.33,16133.89,20585.85,27339.44,24632.13,21673.38,20742.09,20228.04,17952.49,16212.88,12939.49,12819.26,8571.24,7241.64,7861.35,7085.92,11733.99,11517.69,12064.05,12426.75,10530.88,7874.12,6579.23,6458.24,4982.42,3800.91,2171.11,1630.32,1211.36
81912,81957,81934.5,37622.92,326.37,5.73,1.20,16778.58,21164.79,27607.59,23912.86,18678.91,17961.12,20366.29,23305.13,22877.50,34461.79,58073.15,50408.97,60184.94,65008.82,63788.49,74193.08,61927.32,70239.20,69911.54,59915.17,60661.55,41495.62,31141.17,28433.75,19986.79,16443.04,15672.43,11266.84,8033.67,7594.15,9727.91,8760.26,6923.27,7387.77,7192.07,8789.47,9688.25,9021.31,5913.23,4709.86,3718.03,2767.09,2376.62,0.00
81971,82016,81993.5,33715.31,281.61,5.35,1.18,33300.77,37002.29,46291.33,41779.68,36254.24,42037.89,40406.91,38322.78,44986.16,54041.93,50460.88,43761.56,45174.34,44868.06,37150.05,30168.19,28642.30,29780.90,29398.11,25698.75,27744.69,21643.64,19072.81,24798.36,24009.93,14362.90,10913.06,8075.19,8589.03,7416.62,7077.36,9801.42,11474.78,10771.23,9952.85,9636.97,7287.71,6922.62,5140.68,4337.97,3818.15,2888.09,2352.06,0.00
82030,82075,82052.5,25034.18,276.42,5.55,1.17,22118.29,30082.79,22276.60,31180.31,38433.20,29231.76,28663.31,27428.10,28555.12,25559.19,19807.73,21149.55,21423.03,23979.42,23732.09,23070.45,24395.40,24776.66,22842.50,20444.54,21440.18,22160.79,21807.85,22997.39,20626.69,17725.49,17499.51,14919.86,9931.58,7805.73,10501.88,8978.59,8289.95,8739.58,7824.38,7107.70,7649.06,7601.35,6691.58,4950.08,4535.06,3356.40,2532.32,0.00
82089,82134,82111.5,109556.64,376.33,6.68,1.17,511039.97,431147.59,311761.09,252007.09,198575.84,188488.88,154621.16,122570.90,90504.88,77086.38,60213.68,59359.65,52861.25,51133.52,45253.00,37689.32,32592.70,26760.97,23243.28,17976.38,14690.87,16668.26,19814.62,22474.29,30565.12,30188.61,21607.65,20530.34,14743.07,10919.10,8400.88,10143.93,8757.91,8873.22,9403.70,10423.46,9989.62,9060.18,7842.23,6441.88,5021.51,3979.06,2377.65,0.00
82148,82193,82170.5,32864.52,412.13,8.51,1.17,51868.19,65723.09,49113.67,44807.11,33266.77,23642.16,27259.97,27929.01,30735.05,23669.01,19923.86,14606.43,21272.78,23160.45,23534.66,19973.09,26895.20,33662.29,35134.51,26612.07,23067.67,18454.55,23467.87,22373.82,22052.81,24239.37,19486.81,21443.80,23038.43,26256.70,21031.72,15563.93,17664.53,16141.82,12190.86,9206.01,8235.29,10454.53,10018.58,9101.45,6643.98,4939.05,3938.45,0.00
82207,82252,82229.5,13925.10,238.39,5.08,1.17,13568.13,12426.73,8831.26,9803.68,8308.44,8364.92,5806.69,6779.97,8237.75,7058.16,9566.19,7368.85,9283.29,13472.40,11447.61,8456.49,10787.60,12921.61,12081.10,11415.59,10041.54,10364.73,14034.05,12945.79,15605.06,18580.68,16649.99,13662.92,11394.22,9335.24,10008.81,8259.60,7950.77,8130.29,8844.66,8083.43,7296.93,6401.02,5493.53,5081.22,3661.95,3536.09,2123.60,0.00
82266,82311,82288.5,25291.24,355.12,7.38,1.18,18923.38,19815.83,17579.42,19234.81,16878.31,22833.15,23001.12,23212.75,24858.09,30707.38,30846.72,34154.82,32039.68,29820.89,25968.97,26112.81,25829.63,24315.39,23227.71,19884.45,15939.49,15912.75,15495.22,15874.72,19327.53,22805.95,23559.06,23533.60,19538.54,16503.50,13865.13,10808.75,11290.51,11206.01,11150.63,10551.38,10162.96,10857.88,8954.91,7095.01,6158.00,4282.82,2898.78,0.00
82325,82370,82347.5,42970.22,312.78,6.23,1.20,58266.36,50328.74,54152.12,51767.61,58940.77,58884.08,51773.56,45893.82,50054.80,47857.12,45044.59,52211.77,57486.49,50134.12,52584.73,65500.02,62681.30,60075.02,53196.88,41464.52,31699.30,24475.96,14101.10,10607.34,9917.41,8986.60,8385.32,12481.69,15346.35,12898.80,12230.60,11014.66,6270.17,2841.61,4422.14,7048.28,6140.14,4563.36,5994.40,7146.10,6495.66,4435.04,3146.14,1803.31
82384,82429,82406.5,29194.08,361.79,7.66,1.21,33864.92,27357.51,22778.89,20439.33,14222.31,15673.75,16761.20,17304.01,10867.69,23780.16,34156.54,27443.02,20130.03,35248.60,33915.57,40663.75,49514.53,50191.56,45382.55,40729.68,34793.96,28030.09,26064.85,21567.61,19849.27,17486.96,16977.45,20036.62,14050.66,8489.08,5552.05,9358.04,11038.18,8298.21,14951.29,12120.21,9378.79,5410.70,7138.43,6775.10,5301.08,5449.44,3865.57,2843.75
82443,82488,82465.5,18648.69,295.32,6.48,1.22,8540.76,10393.92,4477.54,6193.92,4491.23,7607.24,11074.99,8744.02,8553.92,20377.85,20533.50,17251.33,20816.14,23524.97,21532.38,23561.96,28497.44,21988.52,19905.38,20986.59,24557.53,23126.18,18850.34,21917.17,26339.33,21478.78,16699.74,14849.95,13313.54,9151.92,4277.87,1821.72,4536.47,8901.41,8807.46,8156.84,6501.09,7843.83,9034.19,7946.21,5446.23,3461.27,2866.52,2015.68
82502,82547,82524.5,18067.57,376.03,8.43,1.24,4328.06,4282.91,2557.73,3739.59,6017.64,3685.35,4480.48,2994.28,5718.18,10872.61,10330.05,10532.33,12284.36,17463.79,7358.19,6203.73,18189.32,26018.72,24983.06,15228.98,23964.28,32623.54,36388.59,31287.26,27288.86,31004.52,25243.37,24130.40,24293.17,16630.32,8315.24,7997.10,8264.95,7947.31,7717.27,5630.83,6295.71,9424.67,11656.17,10352.11,6674.66,5585.72,3963.62,3183.77
