Data/Raw/MOORE,RICHARD/FIREXAQ-LARGE-SMPS_DC8_20190803_R0.ict
88,1001
Richard Moore, Elizabeth Wiggins, Edward Winstead, Claire Robinson, Lee Thornhill, and Kevin Sanchez
NASA Langley Research Center
In-situ Submicron Particle Size Distributions from a SMPS on the NASA DC-8
FIREXAQ
1,1
2019,08,03,2020,03,10
0
Time_start,Secs after midnight,Time of acquisition
50
1,1,1,1,1,1,1,1,1,1,1,1,1,1,1,1,1,1,1,1,1,1,1,1,1,1,1,1,1,1,1,1,1,1,1,1,1,1,1,1,1,1,1,1,1,1,1,1,1,1
-9999,-9999,-9999,-9999,-9999,-9999,-9999,-9999,-9999,-9999,-9999,-9999,-9999,-9999,-9999,-9999,-9999,-9999,-9999,-9999,-9999,-9999,-9999,-9999,-9999,-9999,-9999,-9999,-9999,-9999,-9999,-9999,-9999,-9999,-9999,-9999,-9999,-9999,-9999,-9999,-9999,-9999,-9999,-9999,-9999,-9999,-9999,-9999,-9999,-9999
Time_stop,Secs after midnight,Time of acquisition
Time_mid,Secs after midnight,Time of acquisition
nSMPS_stdPT,#/cm3,AerMP_NumConc_InSitu_RHd_Mobility_NucltoAccu_STP,integrated_number_density
sSMPS_stdPT,um2/cm3,AerMP_SurfAreaConc_InSitu_RHd_Mobility_NucltoAccu_STP,integrated_surface_area
vSMPS_stdPT,um3/cm3,AerMP_VolConc_InSitu_RHd_Mobility_NucltoAccu_STP,integrated_volume
SMPS_stdPT, unitless, None, conversion between ambient PT and standard PT (1013, 273)
SMPS_bin00_stdPT,#/cm3,AerMP_NumSizeDist_InSitu_RHd_Mobility_NucltoAccu_STP,Binned number size distribution (in dNdlogDp) measured by the SMPS
SMPS_bin01_stdPT,#/cm3,AerMP_NumSizeDist_InSitu_RHd_Mobility_NucltoAccu_STP,Binned number size distribution (in dNdlogDp) measured by the SMPS
SMPS_bin02_stdPT,#/cm3,AerMP_NumSizeDist_InSitu_RHd_Mobility_NucltoAccu_STP,Binned number size distribution (in dNdlogDp) measured by the SMPS
SMPS_bin03_stdPT,#/cm3,AerMP_NumSizeDist_InSitu_RHd_Mobility_NucltoAccu_STP,Binned number size distribution (in dNdlogDp) measured by the SMPS
SMPS_bin04_stdPT,#/cm3,AerMP_NumSizeDist_InSitu_RHd_Mobility_NucltoAccu_STP,Binned number size distribution (in dNdlogDp) measured by the SMPS
SMPS_bin05_stdPT,#/cm3,AerMP_NumSizeDist_InSitu_RHd_Mobility_NucltoAccu_STP,Binned number size distribution (in dNdlogDp) measured by the SMPS
SMPS_bin06_stdPT,#/cm3,AerMP_NumSizeDist_InSitu_RHd_Mobility_NucltoAccu_STP,Binned number size distribution (in dNdlogDp) measured by the SMPS
SMPS_bin07_stdPT,#/cm3,AerMP_NumSizeDist_InSitu_RHd_Mobility_NucltoAccu_STP,Binned number size distribution (in dNdlogDp) measured by the SMPS
SMPS_bin08_stdPT,#/cm3,AerMP_NumSizeDist_InSitu_RHd_Mobility_NucltoAccu_STP,Binned number size distribution (in dNdlogDp) measured by the SMPS
SMPS_bin09_stdPT,#/cm3,AerMP_NumSizeDist_InSitu_RHd_Mobility_NucltoAccu_STP,Binned number size distribution (in dNdlogDp) measured by the SMPS
SMPS_bin10_stdPT,#/cm3,AerMP_NumSizeDist_InSitu_RHd_Mobility_NucltoAccu_STP,Binned number size distribution (in dNdlogDp) measured by the SMPS
SMPS_bin11_stdPT,#/cm3,AerMP_NumSizeDist_InSitu_RHd_Mobility_NucltoAccu_STP,Binned number size distribution (in dNdlogDp) measured by the SMPS
SMPS_bin12_stdPT,#/cm3,AerMP_NumSizeDist_InSitu_RHd_Mobility_NucltoAccu_STP,Binned number size distribution (in dNdlogDp) measured by the SMPS
SMPS_bin13_stdPT,#/cm3,AerMP_NumSizeDist_InSitu_RHd_Mobility_NucltoAccu_STP,Binned number size distribution (in dNdlogDp) measured by the SMPS
SMPS_bin14_stdPT,#/cm3,AerMP_NumSizeDist_InSitu_RHd_Mobility_NucltoAccu_STP,Binned number size distribution (in dNdlogDp) measured by the SMPS
[...]
UNCERTAINTY:  20%
ULOD_FLAG: -7777
ULOD_VALUE: N/A
LLOD_FLAG: -8888
LLOD_VALUE: N/A
DM_CONTACT_INFO: Lee Thornhill (Kenneth.L.Thornhill@nasa.gov)
PROJECT_INFO: FIREX-AQ
STIPULATIONS_ON_USE: No stipulations on use. The user is encouraged to contact the PI or DM prior to use.
OTHER_COMMENTS: Midpoint diameters of Bins 00 to 43 are: 0.011,0.012,0.013,0.014,0.015,0.016,0.017,0.018,0.019,0.021,0.022,0.024,0.026,0.028,0.030,0.032,0.035,0.037,0.040,0.043,0.046,0.050,0.053,0.057,0.061,0.066,0.071,0.076,0.082,0.088,0.095,0.102,0.109,0.118,0.126,0.136,0.146,0.157,0.168,0.181,0.194,0.209,0.225,0.241
REVISION: R0
R0: Final Data. Data are corrected for time lags and ammonium sulfate size calibrations.
*******************************************************************************************************************************
Time_start,Time_stop,Time_mid,nSMPS_stdPT,sSMPS_stdPT,vSMPS_stdPT,SMPS_stdPT,SMPS_bin00_stdPT,SMPS_bin01_stdPT,SMPS_bin02_stdPT,SMPS_bin03_stdPT,SMPS_bin04_stdPT,SMPS_bin05_stdPT,SMPS_bin06_stdPT,SMPS_bin07_stdPT,SMPS_bin08_stdPT,SMPS_bin09_stdPT,SMPS_bin10_stdPT,SMPS_bin11_stdPT,SMPS_bin12_stdPT,SMPS_bin13_stdPT,SMPS_bin14_stdPT,SMPS_bin15_stdPT,SMPS_bin16_stdPT,SMPS_bin17_stdPT,SMPS_bin18_stdPT,SMPS_bin19_stdPT,SMPS_bin20_stdPT,SMPS_bin21_stdPT,SMPS_bin22_stdPT,SMPS_bin23_stdPT,SMPS_bin24_stdPT,SMPS_bin25_stdPT,SMPS_bin26_stdPT,SMPS_bin27_stdPT,SMPS_bin28_stdPT,SMPS_bin29_stdPT,SMPS_bin30_stdPT,SMPS_bin31_stdPT,SMPS_bin32_stdPT,SMPS_bin33_stdPT,SMPS_bin34_stdPT,SMPS_bin35_stdPT,SMPS_bin36_stdPT,SMPS_bin37_stdPT,SMPS_bin38_stdPT,SMPS_bin39_stdPT,SMPS_bin40_stdPT,SMPS_bin41_stdPT,SMPS_bin42_stdPT,SMPS_bin43_stdPT
[from data line 48]
78311,78356,78333.5,623.66,7.36,0.15,2.35,0.00,0.00,0.00,0.00,800.18,816.07,1183.38,1324.11,486.07,1122.56,350.44,716.42,669.13,541.52,440.48,693.58,874.65,690.15,1016.31,842.37,1075.07,850.70,586.57,555.59,598.36,282.29,62.13,518.58,405.44,376.94,156.10,180.61,348.29,168.95,155.22,192.32,225.05,84.81,120.22,226.97,46.49,0.00,67.70,69.76
78370,78415,78392.5,415.89,6.61,0.14,2.35,0.00,0.00,0.00,0.00,0.00,0.00,211.84,653.33,617.75,709.02,585.70,631.36,349.37,873.89,581.09,496.27,389.80,767.00,313.06,571.42,641.50,687.07,242.89,93.68,275.76,135.09,212.66,164.67,424.75,124.65,126.81,350.51,303.54,453.97,331.99,213.56,156.14,119.86,170.84,98.89,83.52,17.24,69.08,35.00
78429,78474,78451.5,482.10,7.02,0.17,2.34,0.00,0.00,0.00,0.00,0.00,778.79,565.80,1567.36,922.21,724.64,874.34,881.28,785.67,217.22,489.97,431.42,638.20,500.38,662.64,444.92,545.58,133.83,79.33,91.87,166.77,296.35,308.81,410.19,430.43,133.90,377.54,90.06,50.11,345.26,268.34,376.68,269.71,156.92,127.69,0.00,29.43,65.01,0.00,35.09
78488,78533,78510.5,403.13,6.07,0.14,2.34,0.00,0.00,0.00,0.00,2175.22,0.00,1078.46,325.87,301.80,0.00,379.61,493.77,398.49,476.47,340.71,414.52,829.07,167.98,461.75,438.45,484.19,30.83,257.19,95.27,414.71,197.43,362.81,142.27,257.58,282.83,263.75,184.07,256.84,255.89,196.55,213.66,30.18,114.56,162.49,13.65,118.01,129.50,94.34,35.27
78547,78592,78569.5,402.02,5.98,0.13,2.35,0.00,0.00,0.00,0.00,0.00,0.03,1003.52,1150.42,713.80,145.75,656.04,242.25,410.20,814.75,289.55,814.40,338.37,287.00,379.87,477.45,346.70,428.04,400.55,182.11,377.27,218.72,32.33,328.05,481.03,188.14,183.47,630.60,240.08,68.46,196.44,176.65,139.41,50.13,157.50,14.08,67.67,112.29,59.82,0.00
78606,78651,78628.5,423.31,6.58,0.15,2.35,0.00,0.00,0.00,0.00,972.27,675.56,0.00,0.00,0.00,447.42,403.42,324.16,759.24,873.86,743.45,485.67,857.23,414.50,581.40,549.73,602.99,229.04,368.53,189.63,349.55,335.66,320.46,241.36,333.50,424.38,172.83,348.21,310.71,38.45,163.33,313.01,109.15,72.39,105.73,73.96,67.61,68.79,104.79,53.04
78665,78710,78687.5,367.47,5.87,0.12,2.35,0.00,0.00,0.00,0.00,972.68,0.00,0.00,0.00,400.46,624.17,390.61,498.20,662.90,606.82,274.09,166.10,369.71,601.92,661.19,803.74,273.95,49.21,333.43,264.18,232.93,287.87,246.42,426.81,213.94,39.98,544.46,211.84,169.52,289.53,230.56,219.12,93.28,149.14,176.12,66.62,33.89,34.15,139.43,0.00
78724,78769,78746.5,387.81,5.64,0.12,2.35,0.00,0.00,0.00,0.00,781.29,674.82,0.00,418.87,0.00,0.00,299.28,226.70,799.65,732.60,253.37,525.97,422.42,571.69,1015.98,546.58,513.33,441.02,450.71,328.62,393.25,207.02,270.71,32.74,453.22,325.71,172.69,294.53,167.22,71.38,243.34,185.16,128.36,97.08,118.93,9.29,33.94,0.00,104.88,35.81
78783,78828,78805.5,449.24,6.69,0.16,2.35,0.00,0.00,0.00,0.00,1011.51,674.60,1075.75,989.54,55.07,0.00,293.45,570.08,667.15,569.94,383.97,893.62,175.72,579.32,461.74,359.96,439.16,438.05,495.09,342.49,206.99,256.25,85.40,220.70,218.91,483.03,470.99,377.25,374.74,253.41,145.55,132.51,85.14,132.58,22.50,142.49,44.68,34.42,0.00,88.86
78842,78887,78864.5,302.97,6.54,0.17,2.35,0.00,0.00,0.00,0.00,0.00,0.02,0.00,0.00,0.00,1166.87,0.00,323.64,516.12,336.72,192.76,351.97,377.30,732.02,504.88,262.67,308.49,371.29,56.31,339.15,240.20,181.98,147.15,326.41,471.32,211.49,413.59,416.33,342.99,140.86,177.17,122.32,37.96,21.40,120.73,66.85,10.63,94.06,172.50,37.75
78901,78946,78923.5,293.52,5.90,0.15,2.35,0.00,0.00,0.00,0.00,0.02,674.70,0.03,416.71,318.78,0.00,0.04,166.93,685.98,119.81,589.21,79.14,532.37,0.00,683.44,199.41,475.05,364.08,343.87,231.23,225.46,179.66,362.11,171.42,445.32,0.00,371.77,157.01,288.31,155.59,371.15,136.60,248.26,62.27,32.23,19.92,64.20,34.38,0.00,35.73
78960,79005,78982.5,245.20,5.73,0.14,2.35,0.00,0.00,0.00,0.00,0.00,0.01,481.64,0.02,0.00,0.10,0.00,459.76,611.31,158.72,87.40,169.75,459.38,128.69,585.38,276.67,208.80,536.35,134.01,129.67,135.24,209.62,228.93,334.61,56.15,295.11,473.29,132.37,262.36,408.44,46.69,181.08,101.08,31.46,84.40,151.45,8.16,43.55,129.85,17.71
79019,79064,79041.5,347.13,5.97,0.15,2.35,0.00,0.00,0.00,0.00,973.69,2157.53,483.44,365.36,283.03,0.00,0.00,150.54,140.30,0.00,399.50,356.47,433.06,438.81,384.59,169.14,221.57,131.54,353.31,142.67,228.19,30.20,173.66,176.31,340.52,302.40,533.65,442.43,227.27,207.73,139.04,114.79,40.71,14.56,97.88,19.61,64.31,129.75,60.33,106.16
79078,79123,79100.5,207.43,5.65,0.13,2.35,0.00,0.00,0.00,0.00,0.00,0.01,0.00,0.01,320.33,0.11,0.00,490.03,260.60,0.00,100.76,170.84,380.81,208.87,327.82,354.04,376.91,182.78,124.01,83.45,76.03,145.07,152.41,202.75,66.17,200.40,205.47,222.99,371.51,155.58,156.65,395.56,238.14,166.42,159.91,134.11,67.72,68.45,35.16,35.83
79137,79182,79159.5,402.24,5.32,0.13,2.35,0.00,0.00,0.00,0.00,3180.68,1584.79,567.37,418.06,0.00,0.00,0.00,308.19,541.87,129.97,379.79,376.22,209.74,274.06,332.81,355.91,285.80,205.38,245.98,238.77,176.50,233.99,226.77,120.78,343.94,264.79,190.94,271.05,351.76,220.50,186.91,84.15,171.29,85.27,25.46,42.79,11.91,34.16,69.34,0.00
79196,79241,79218.5,207.27,5.21,0.13,2.34,0.00,0.00,0.00,0.00,0.02,0.04,0.02,0.00,0.00,0.00,0.00,152.25,136.74,222.35,496.00,622.12,353.93,170.16,318.14,341.11,135.32,283.43,62.99,166.01,198.41,250.33,159.23,246.40,112.10,54.25,220.27,209.96,315.68,449.53,91.39,155.87,157.12,192.75,61.57,133.46,13.69,28.53,34.62,0.00
79255,79300,79277.5,589.03,10.67,0.29,2.15,0.00,0.00,0.00,2397.04,984.72,478.21,0.00,0.00,445.07,382.38,936.47,982.30,713.38,661.90,755.12,463.23,332.07,351.62,691.73,393.38,590.80,504.95,515.19,645.39,350.67,586.52,541.14,460.17,618.42,373.39,332.98,145.79,320.56,209.96,229.31,200.89,109.32,64.19,0.00,177.37,56.28,249.27,112.49,153.24
79314,79359,79336.5,626.47,70.57,2.69,1.97,0.00,0.00,0.00,0.00,0.00,0.00,0.00,0.00,0.00,49.24,95.33,112.12,189.97,81.20,372.62,116.51,78.08,103.08,275.77,126.75,286.84,337.47,325.65,469.85,275.17,397.58,389.79,310.21,583.30,607.63,695.14,429.68,262.94,197.45,0.00,56.11,0.00,371.15,0.00,333.50,2102.78,2200.11,2466.61,1847.25
79373,79418,79395.5,508.08,40.14,1.40,1.80,0.00,0.00,813.64,0.00,0.00,0.01,0.02,210.26,217.62,0.08,0.00,0.00,175.31,8.11,137.19,306.82,189.03,158.64,117.02,163.24,336.33,272.92,363.74,349.58,569.47,334.49,572.98,941.21,636.63,475.15,322.69,365.64,106.91,0.00,0.00,0.00,92.91,99.13,638.64,719.90,1479.75,1488.07,1383.50,1092.28
79432,79477,79454.5,1840.17,53.85,1.89,1.68,0.00,7340.36,9034.04,3454.72,3736.35,4424.30,1471.21,1454.32,2284.27,1100.17,1308.10,1578.38,1245.96,532.06,507.73,339.03,356.43,281.74,180.57,609.32,310.83,506.51,771.03,654.26,785.23,600.16,677.57,396.63,686.74,690.12,200.58,497.69,643.39,323.60,0.00,0.00,0.70,0.00,100.51,1363.95,1462.46,1582.10,1710.62,1872.19
79491,79536,79513.5,1349.55,15.49,0.46,1.53,5440.20,4833.35,4654.85,4320.47,1912.04,2556.42,2126.00,1837.54,1718.25,1569.89,1485.12,1058.41,662.36,462.19,456.31,189.22,324.80,433.89,246.21,170.10,114.60,215.08,98.94,390.50,276.41,474.04,314.69,387.25,583.07,254.75,204.27,141.75,135.65,2.19,0.00,0.00,223.00,68.01,224.72,595.30,549.20,652.28,341.44,480.80
79550,79595,79572.5,2240.31,13.56,0.33,1.48,5977.79,2475.43,2628.35,3336.24,2960.74,2744.92,4598.05,3700.99,5732.15,5798.00,3733.60,3765.79,3727.31,3489.54,3379.36,2231.86,1674.65,1403.30,1211.17,935.69,761.72,593.42,394.89,250.70,341.06,207.32,235.18,210.88,388.16,194.49,97.07,156.07,204.54,82.20,0.00,31.88,47.30,23.41,254.37,346.42,338.48,339.05,358.19,328.21
79609,79654,79631.5,2083.87,13.46,0.33,1.47,0.00,1034.18,3277.72,2130.13,3630.65,3680.96,4935.64,3955.14,4694.16,5158.00,4538.54,3963.16,3695.53,3276.40,2759.75,2927.52,2636.50,1525.42,1261.64,902.44,653.82,875.11,532.42,320.78,334.68,537.93,260.43,149.73,431.50,235.96,100.35,40.25,154.86,0.00,79.58,84.98,70.23,35.54,108.28,429.31,389.81,247.65,241.33,242.91
79668,79713,79690.5,2477.43,17.60,0.48,1.46,0.00,4682.55,7631.23,3654.77,4643.23,4198.78,4935.24,5227.16,5115.66,4376.12,4116.81,4113.03,4820.92,2968.86,3376.89,2764.54,1890.16,1516.10,1071.07,830.32,420.17,548.20,491.78,332.94,229.06,315.96,588.81,482.81,404.25,371.62,194.80,82.09,54.43,102.03,0.00,79.12,63.98,131.26,88.21,325.35,535.94,346.24,516.04,256.04
79727,79772,79749.5,1831.45,19.72,0.51,1.46,0.00,2630.25,1100.13,5417.67,1388.36,2875.47,1683.46,3644.69,4446.79,4144.05,3545.61,3280.85,3111.75,2043.46,1473.19,2107.55,1558.50,1019.65,1042.13,859.39,644.60,797.98,609.17,548.00,840.14,516.61,624.44,664.95,609.88,470.25,507.11,653.35,252.91,32.00,255.45,131.08,0.00,62.15,436.97,524.75,535.65,521.32,582.10,412.53
79786,79831,79808.5,834.34,23.66,0.71,1.46,0.00,997.83,0.00,476.20,758.03,551.35,206.45,533.95,447.17,936.52,794.87,863.00,557.99,567.74,949.94,833.10,483.01,882.48,1123.04,972.82,945.64,1089.87,1269.36,705.15,568.55,785.19,902.61,762.70,523.76,460.43,610.03,430.25,133.76,9.34,256.88,210.54,283.39,138.70,337.93,672.18,426.04,607.06,541.12,606.30
79845,79890,79867.5,722.73,26.38,0.83,1.46,0.00,0.00,0.00,0.00,700.55,552.67,622.22,0.00,450.80,375.80,499.47,714.29,1116.02,972.14,585.86,811.64,974.27,551.14,934.42,849.59,978.14,453.59,393.88,585.24,807.03,522.55,469.98,762.19,440.47,625.83,604.56,352.29,198.10,121.46,164.86,105.61,89.40,24.83,412.57,719.37,794.60,1009.83,635.20,604.55
79904,79949,79926.5,716.88,20.34,0.60,1.46,0.00,0.00,0.00,560.98,351.10,264.65,467.48,358.41,724.67,298.79,645.28,749.09,1234.23,258.59,603.50,633.44,838.28,738.53,1253.11,716.70,886.02,815.77,933.39,621.80,693.16,839.91,676.39,620.48,508.26,561.83,452.26,423.17,256.95,0.12,330.62,111.80,179.26,164.39,410.81,591.52,332.14,663.85,363.90,381.05
79964,80009,79986.5,899.80,23.84,0.67,1.46,0.00,992.15,675.82,474.57,0.00,832.52,447.41,370.59,269.15,238.36,586.28,235.27,643.66,969.19,814.03,1056.55,764.51,545.32,1077.03,1311.28,795.55,1358.33,1348.73,1408.04,1278.00,1253.42,1217.40,958.54,394.01,529.39,499.62,178.72,358.17,164.07,340.40,392.30,342.88,380.02,504.44,523.62,466.18,451.54,416.97,458.56
80023,80068,80045.5,758.77,25.36,0.76,1.46,0.00,1233.56,0.00,0.00,349.88,303.67,0.00,0.00,149.36,473.14,231.19,473.68,649.97,989.89,493.64,105.57,735.69,938.69,985.77,1313.31,633.48,972.92,981.68,992.67,1039.43,1014.31,958.90,619.36,556.65,617.48,707.86,360.82,336.10,192.09,231.92,178.54,324.84,247.18,435.69,684.00,565.32,464.40,670.06,494.84
80082,80127,80104.5,817.05,19.72,0.57,1.46,0.00,0.00,0.00,1459.49,698.07,591.00,853.45,1366.18,881.65,894.62,638.54,946.41,478.14,695.20,948.13,1030.81,627.53,668.47,608.58,922.69,589.42,526.85,447.31,1068.28,613.62,576.18,864.44,717.55,723.58,648.57,447.53,417.70,343.39,204.78,250.09,229.36,288.99,271.66,214.53,458.74,383.07,269.96,340.60,421.95
80141,80186,80163.5,1751.24,14.68,0.40,1.46,0.00,991.72,1351.07,4810.42,4259.51,3693.48,3576.12,3873.34,3366.06,3455.39,3606.70,3405.88,3006.68,2100.15,1938.93,1940.46,1833.60,668.28,878.41,384.71,664.96,256.63,115.20,469.12,464.42,523.41,587.95,183.66,325.12,261.98,229.59,153.08,228.07,37.61,91.77,8.64,79.09,141.92,149.80,348.66,384.30,397.35,276.70,146.02
80200,80245,80222.5,1828.64,15.35,0.43,1.45,0.00,1986.75,1763.63,3382.38,6645.58,4232.30,2985.44,4258.76,3785.30,4657.84,3435.10,3320.50,2452.87,2319.44,2400.92,1914.11,1158.78,657.33,432.19,676.54,364.06,476.21,243.83,179.29,258.50,289.80,219.75,287.54,263.78,193.72,105.67,35.22,266.81,96.19,40.08,149.99,134.93,243.20,267.07,290.87,350.38,261.22,378.36,318.84
80259,80304,80281.5,1422.22,15.58,0.49,1.45,0.00,3463.45,1492.35,4531.38,2145.58,3906.63,3621.60,3545.29,2705.24,2378.53,3403.55,2471.74,1580.43,1032.17,693.23,960.12,563.42,510.32,496.96,157.35,549.06,323.56,295.89,137.94,248.02,209.51,323.36,219.42,104.25,246.77,120.56,241.38,53.74,9.80,59.05,67.02,0.00,16.95,134.22,502.15,345.36,387.56,394.88,364.96
80318,80363,80340.5,2001.13,16.78,0.51,1.45,0.00,7888.27,1101.95,8066.89,4287.47,3937.49,5308.62,4574.94,3765.07,4803.02,3667.16,2823.32,2528.28,1581.74,1085.91,747.03,991.29,299.15,379.76,253.51,468.02,59.48,131.57,479.49,189.83,333.38,182.51,54.52,143.51,358.23,280.85,115.70,205.62,262.07,0.00,0.00,29.49,33.97,78.39,299.31,349.45,578.11,423.54,457.16
80377,80422,80399.5,1184.29,25.47,0.70,1.45,0.00,4251.17,410.06,1170.81,405.27,3243.45,1464.66,554.79,2294.02,1262.95,1561.84,587.96,758.38,551.11,477.07,661.20,707.92,431.44,294.47,330.45,322.89,297.48,182.68,630.83,900.08,1036.09,1579.95,1631.16,1872.22,1271.91,1088.87,623.51,296.42,373.95,394.26,96.16,14.45,411.07,397.91,508.01,476.31,695.66,673.29,310.02
80436,80481,80458.5,1774.01,16.99,0.46,1.45,0.00,5924.87,1480.33,3110.34,3848.35,3649.08,3767.90,2576.22,3374.06,3640.99,2628.79,2907.77,2303.63,2696.69,1739.25,1271.97,809.83,1047.08,613.08,490.55,462.53,510.89,308.67,364.85,505.86,569.15,506.89,851.28,726.27,444.60,287.31,212.85,242.91,20.68,147.74,30.34,65.18,110.25,215.03,412.11,515.03,502.23,310.31,333.80
80495,80540,80517.5,1332.16,25.38,0.88,1.45,0.00,1966.74,2718.15,3491.80,3651.82,2398.39,2107.98,3353.71,1989.79,2491.56,2527.33,1261.08,978.02,1253.22,1300.06,1114.85,781.51,447.97,373.90,193.79,159.24,276.22,331.54,231.57,361.41,380.83,440.13,294.78,404.74,326.23,161.46,288.46,376.25,0.00,12.03,0.00,3.23,0.00,134.26,480.17,313.45,446.24,597.65,1081.70
80554,80599,80576.5,28068.12,2539.20,82.42,1.45,0.00,1984.31,5239.59,4566.17,1971.11,2576.21,2407.32,2840.30,1894.32,2100.40,3477.41,2239.73,1377.01,1586.33,1948.77,2593.93,1896.28,1547.30,1007.31,1351.62,659.78,0.00,1508.67,3069.38,3535.17,8294.04,16446.94,20712.88,22503.57,26201.18,19874.09,17604.41,21060.21,22656.12,33216.75,45805.55,54234.78,59448.41,75113.34,89440.45,84286.01,74875.00,62236.03,50242.61
80613,80658,80635.5,8113.30,639.20,20.86,1.45,0.00,3460.98,3632.23,2004.98,3859.50,2516.80,3155.38,3525.33,3426.33,3039.38,3262.85,2339.06,1732.07,1681.37,1756.51,1594.00,1384.89,651.68,691.79,441.38,290.70,843.67,1301.43,1359.34,2132.17,2058.39,2113.41,3033.82,4969.24,5374.15,5248.50,10067.34,10398.85,6610.48,8133.06,11390.17,10184.11,10784.03,15696.96,21421.58,22650.91,17880.57,16887.98,13410.25
80672,80717,80694.5,3112.09,197.27,6.38,1.45,0.00,5504.16,2306.16,948.04,1915.37,1554.96,1465.44,948.80,2329.22,1888.17,1122.21,1031.76,1638.99,1710.14,1436.58,875.02,957.90,835.34,807.79,480.29,870.30,1003.63,829.78,1424.21,842.27,1497.76,1400.48,1163.63,1185.75,2147.56,1656.97,754.29,2220.56,2002.34,2665.41,3521.60,4721.85,4214.99,5807.80,6600.04,5551.22,5143.20,4549.27,4365.11
80731,80776,80753.5,4007.76,68.68,2.16,1.45,0.00,0.00,0.00,2510.80,13210.86,22607.62,17677.62,13524.20,9085.26,8272.55,3922.14,3329.72,1830.34,1165.17,1138.84,626.30,304.82,971.93,1044.49,806.07,770.40,1079.79,838.07,696.75,794.88,1021.13,738.78,730.78,758.75,1191.51,775.65,1409.40,1098.81,545.84,229.58,457.18,192.35,663.15,1156.75,1987.97,2202.08,1869.31,2157.96,1676.28
80790,80835,80812.5,2552.29,43.55,1.40,1.45,0.00,14577.89,13094.68,11165.20,6715.30,5297.19,3156.63,1482.08,1502.46,1222.34,749.84,1021.04,800.36,838.18,717.35,459.70,620.47,850.84,507.54,491.40,471.28,703.77,568.02,528.58,436.79,425.25,697.66,754.83,727.74,411.95,509.67,527.92,139.22,182.90,115.29,287.44,393.69,462.57,968.10,1374.78,1226.67,1367.85,1255.82,958.00
80849,80894,80871.5,1218.60,28.67,0.87,1.45,0.00,6501.99,2059.45,2666.00,350.20,1378.97,1387.80,880.51,467.14,440.93,905.16,608.56,894.46,496.61,859.82,942.86,1195.13,714.21,537.78,371.71,835.24,714.73,939.10,1204.16,806.89,539.35,855.08,678.54,484.65,650.64,770.73,753.03,446.44,302.65,201.11,179.69,122.77,374.49,516.04,602.00,753.63,585.76,713.47,605.30
80908,80953,80930.5,855.65,26.55,0.84,1.45,0.00,1031.46,674.95,2629.71,695.31,1226.34,885.56,684.52,878.10,145.18,378.92,461.79,374.81,472.22,309.95,705.83,465.49,1137.58,910.70,696.08,219.24,649.92,787.03,483.10,804.71,799.95,1027.98,306.25,771.76,450.28,317.00,324.73,461.55,71.24,0.00,199.13,366.97,208.89,479.01,651.91,664.91,585.33,569.57,610.97
