Data/Raw/MOORE,RICHARD/FIREXAQ-LARGE-SMPS_DC8_20190903_R0.ict
88,1001
Richard Moore, Elizabeth Wiggins, Edward Winstead, Claire Robinson, Lee Thornhill, and Kevin Sanchez
NASA Langley Research Center
In-situ Submicron Particle Size Distributions from a SMPS on the NASA DC-8
FIREXAQ
1,1
2019,09,03,2020,03,10
0
Time_start,Secs after midnight,Time of acquisition
50
1,1,1,1,1,1,1,1,1,1,1,1,1,1,1,1,1,1,1,1,1,1,1,1,1,1,1,1,1,1,1,1,1,1,1,1,1,1,1,1,1,1,1,1,1,1,1,1,1,1
-9999,-9999,-9999,-9999,-9999,-9999,-9999,-9999,-9999,-9999,-9999,-9999,-9999,-9999,-9999,-9999,-9999,-9999,-9999,-9999,-9999,-9999,-9999,-9999,-9999,-9999,-9999,-9999,-9999,-9999,-9999,-9999,-9999,-9999,-9999,-9999,-9999,-9999,-9999,-9999,-9999,-9999,-9999,-9999,-9999,-9999,-9999,-9999,-9999,-9999
Time_stop,Secs after midnight,Time of acquisition
Time_mid,Secs after midnight,Time of acquisition
nSMPS_stdPT,#/cm3,AerMP_NumConc_InSitu_RHd_Mobility_NucltoAccu_STP,integrated_number_density
sSMPS_stdPT,um2/cm3,AerMP_SurfAreaConc_InSitu_RHd_Mobility_NucltoAccu_STP,integrated_surface_area
vSMPS_stdPT,um3/cm3,AerMP_VolConc_InSitu_RHd_Mobility_NucltoAccu_STP,integrated_volume
SMPS_stdPT, unitless, None, conversion between ambient PT and standard PT (1013, 273)
SMPS_bin00_stdPT,#/cm3,AerMP_NumSizeDist_InSitu_RHd_Mobility_NucltoAccu_STP,Binned number size distribution (in dNdlogDp) measured by the SMPS
SMPS_bin01_stdPT,#/cm3,AerMP_NumSizeDist_InSitu_RHd_Mobility_NucltoAccu_STP,Binned number size distribution (in dNdlogDp) measured by the SMPS
SMPS_bin02_stdPT,#/cm3,AerMP_NumSizeDist_InSitu_RHd_Mobility_NucltoAccu_STP,Binned number size distribution (in dNdlogDp) measured by the SMPS
SMPS_bin03_stdPT,#/cm3,AerMP_NumSizeDist_InSitu_RHd_Mobility_NucltoAccu_STP,Binned number size distribution (in dNdlogDp) measured by the SMPS
SMPS_bin04_stdPT,#/cm3,AerMP_NumSizeDist_InSitu_RHd_Mobility_NucltoAccu_STP,Binned number size distribution (in dNdlogDp) measured by the SMPS
SMPS_bin05_stdPT,#/cm3,AerMP_NumSizeDist_InSitu_RHd_Mobility_NucltoAccu_STP,Binned number size distribution (in dNdlogDp) measured by the SMPS
SMPS_bin06_stdPT,#/cm3,AerMP_NumSizeDist_InSitu_RHd_Mobility_NucltoAccu_STP,Binned number size distribution (in dNdlogDp) measured by the SMPS
SMPS_bin07_stdPT,#/cm3,AerMP_NumSizeDist_InSitu_RHd_Mobility_NucltoAccu_STP,Binned number size distribution (in dNdlogDp) measured by the SMPS
SMPS_bin08_stdPT,#/cm3,AerMP_NumSizeDist_InSitu_RHd_Mobility_NucltoAccu_STP,Binned number size distribution (in dNdlogDp) measured by the SMPS
SMPS_bin09_stdPT,#/cm3,AerMP_NumSizeDist_InSitu_RHd_Mobility_NucltoAccu_STP,Binned number size distribution (in dNdlogDp) measured by the SMPS
SMPS_bin10_stdPT,#/cm3,AerMP_NumSizeDist_InSitu_RHd_Mobility_NucltoAccu_STP,Binned number size distribution (in dNdlogDp) measured by the SMPS
SMPS_bin11_stdPT,#/cm3,AerMP_NumSizeDist_InSitu_RHd_Mobility_NucltoAccu_STP,Binned number size distribution (in dNdlogDp) measured by the SMPS
SMPS_bin12_stdPT,#/cm3,AerMP_NumSizeDist_InSitu_RHd_Mobility_NucltoAccu_STP,Binned number size distribution (in dNdlogDp) measured by the SMPS
SMPS_bin13_stdPT,#/cm3,AerMP_NumSizeDist_InSitu_RHd_Mobility_NucltoAccu_STP,Binned number size distribution (in dNdlogDp) measured by the SMPS
SMPS_bin14_stdPT,#/cm3,AerMP_NumSizeDist_InSitu_RHd_Mobility_NucltoAccu_STP,Binned number size distribution (in dNdlogDp) measured by the SMPS
[...]
UNCERTAINTY:  20%
ULOD_FLAG: -7777
ULOD_VALUE: N/A
LLOD_FLAG: -8888
LLOD_VALUE: N/A
DM_CONTACT_INFO: Lee Thornhill (Kenneth.L.Thornhill@nasa.gov)
PROJECT_INFO: FIREX-AQ
STIPULATIONS_ON_USE: No stipulations on use. The user is encouraged to contact the PI or DM prior to use.
OTHER_COMMENTS: Midpoint diameters of Bins 00 to 43 are: 0.011,0.012,0.013,0.014,0.015,0.016,0.017,0.018,0.019,0.021,0.022,0.024,0.026,0.028,0.030,0.032,0.035,0.037,0.040,0.043,0.046,0.050,0.053,0.057,0.061,0.066,0.071,0.076,0.082,0.088,0.095,0.102,0.109,0.118,0.126,0.136,0.146,0.157,0.168,0.181,0.194,0.209,0.225,0.241
REVISION: R0
R0: Final Data. Data are corrected for time lags and ammonium sulfate size calibrations.
*******************************************************************************************************************************
Time_start,Time_stop,Time_mid,nSMPS_stdPT,sSMPS_stdPT,vSMPS_stdPT,SMPS_stdPT,SMPS_bin00_stdPT,SMPS_bin01_stdPT,SMPS_bin02_stdPT,SMPS_bin03_stdPT,SMPS_bin04_stdPT,SMPS_bin05_stdPT,SMPS_bin06_stdPT,SMPS_bin07_stdPT,SMPS_bin08_stdPT,SMPS_bin09_stdPT,SMPS_bin10_stdPT,SMPS_bin11_stdPT,SMPS_bin12_stdPT,SMPS_bin13_stdPT,SMPS_bin14_stdPT,SMPS_bin15_stdPT,SMPS_bin16_stdPT,SMPS_bin17_stdPT,SMPS_bin18_stdPT,SMPS_bin19_stdPT,SMPS_bin20_stdPT,SMPS_bin21_stdPT,SMPS_bin22_stdPT,SMPS_bin23_stdPT,SMPS_bin24_stdPT,SMPS_bin25_stdPT,SMPS_bin26_stdPT,SMPS_bin27_stdPT,SMPS_bin28_stdPT,SMPS_bin29_stdPT,SMPS_bin30_stdPT,SMPS_bin31_stdPT,SMPS_bin32_stdPT,SMPS_bin33_stdPT,SMPS_bin34_stdPT,SMPS_bin35_stdPT,SMPS_bin36_stdPT,SMPS_bin37_stdPT,SMPS_bin38_stdPT,SMPS_bin39_stdPT,SMPS_bin40_stdPT,SMPS_bin41_stdPT,SMPS_bin42_stdPT,SMPS_bin43_stdPT
[from data line 348]
78123,78168,78145.5,59063.73,514.46,16.72,2.49,0.00,0.00,0.00,0.00,428915.72,273671.44,209062.28,161027.73,119831.84,92669.02,75321.71,62733.17,53168.03,40719.47,34796.16,33920.12,25621.28,20424.93,20810.52,20866.63,17137.92,15546.19,13115.45,14290.35,11126.50,11503.01,11027.12,9088.60,7773.85,8037.17,8037.18,9299.46,6362.22,6142.29,5446.15,4592.61,1298.96,732.14,1098.83,1524.76,950.63,7728.43,8424.44,8945.93
78182,78227,78204.5,52885.73,484.22,15.83,2.49,0.00,0.00,0.00,0.00,353508.31,262136.34,203651.66,142426.28,101044.53,70444.31,69446.90,58014.31,39032.93,37690.88,32827.31,29197.10,26093.16,21176.41,23210.28,18175.13,14566.28,15217.76,12046.61,11628.20,11262.99,11437.01,9876.62,8540.11,7690.99,8051.27,7223.16,7175.77,6810.16,6306.17,5971.29,4986.83,3150.89,2214.54,1265.91,774.98,0.00,6917.07,6851.92,7811.01
78241,78286,78263.5,53913.46,479.60,15.45,2.49,0.00,0.00,0.00,0.00,354787.59,257371.53,178102.16,152524.09,111827.53,83271.95,69354.42,59733.32,50797.57,44950.92,36129.61,28523.49,27944.93,24188.09,21092.75,18033.95,16475.93,16224.95,13008.51,12918.01,11268.17,9264.95,9049.51,7369.29,9063.08,8474.16,8018.39,8554.55,6486.32,5232.66,5938.53,5580.48,1703.44,306.08,2079.52,1638.12,742.16,7055.24,7539.22,7677.11
78300,78345,78322.5,43882.70,367.71,11.66,2.49,0.00,0.00,0.00,0.00,306912.22,208435.09,148601.27,115748.59,88491.92,70590.77,55790.94,50781.59,39562.77,32198.58,27673.41,23854.44,19756.91,19286.97,16441.16,14134.90,13527.62,12346.55,12155.73,11765.04,9909.88,7190.78,8591.13,5622.05,6949.68,6419.55,6596.00,6254.48,5832.15,3715.30,4027.62,4040.09,1131.48,912.49,2066.66,1771.02,495.12,5435.67,5345.20,5379.31
78359,78404,78381.5,31499.03,268.25,8.65,2.48,0.00,0.00,0.00,0.00,224244.88,151523.39,105169.91,88232.41,66287.51,53770.61,46521.90,32176.26,25377.37,23499.71,17312.68,15835.14,13389.07,13551.94,10217.61,8854.14,8238.70,7687.94,7103.63,6673.05,5485.63,5888.07,5082.61,5066.34,3623.65,4998.79,4266.29,4637.77,3515.40,3691.81,3501.33,2934.14,548.01,696.19,238.08,180.02,665.14,4199.26,4065.78,5217.79
78418,78463,78440.5,32155.44,291.96,9.39,2.48,0.00,0.00,0.00,0.00,220605.41,155625.73,101756.51,82795.76,68701.91,51943.75,40898.04,31671.76,26284.50,23255.93,23726.58,21326.97,19187.39,13956.69,12932.97,10521.33,9519.14,9257.80,8090.14,7016.33,5709.74,4889.33,5441.29,5971.88,5360.57,5246.43,4830.96,4842.59,4229.34,3330.01,2513.01,2296.15,1875.25,782.93,1588.59,1440.51,1197.90,4693.24,4465.06,4809.11
78477,78522,78499.5,33674.23,303.43,9.88,2.49,0.00,0.00,0.00,0.00,233604.89,184958.20,118206.90,82988.50,67272.76,43118.64,42450.08,32836.32,31587.99,23055.86,20920.07,18533.98,15182.51,12971.98,10901.33,12634.47,9714.12,9510.54,8762.77,7204.68,7986.27,5502.56,5331.48,4849.76,4612.44,4198.90,4127.47,4381.38,4851.40,3549.15,3787.29,2811.59,348.59,515.55,671.04,1001.53,1316.59,5094.88,5468.73,5597.02
78536,78581,78558.5,28664.89,234.95,7.30,2.49,0.00,0.00,0.00,0.00,181760.91,147433.48,97842.44,77653.53,59194.57,52333.56,36568.68,31660.86,26663.85,22988.20,17041.85,16608.35,12895.71,10959.98,10791.33,9667.00,9012.25,7767.59,8100.85,6622.31,5843.64,4643.26,4808.11,4206.63,3759.61,4068.22,3609.03,4201.16,3425.35,2499.70,2748.37,1782.18,1202.82,936.29,1175.82,2123.41,734.44,3626.40,3690.74,3563.16
78595,78640,78617.5,24866.90,220.38,7.07,2.48,0.00,0.00,0.00,0.00,193977.84,105880.95,79873.60,72252.84,47939.30,35468.02,31521.77,22029.73,22209.17,19545.99,14855.00,13014.67,13361.67,9316.94,9170.53,9072.77,7131.91,6723.01,6023.19,6483.61,6044.48,4757.35,4047.24,4610.85,4720.07,3316.57,3746.99,4143.66,2908.26,2137.69,1662.19,2039.65,73.07,512.20,979.42,1589.72,947.42,3227.46,4223.10,3549.97
78654,78699,78676.5,24944.57,229.88,7.51,2.48,0.00,0.00,0.00,0.00,159376.98,125751.48,91375.73,64237.37,43304.60,36741.56,34953.24,24755.67,25702.09,20419.03,16631.44,12506.84,12468.67,12139.95,10797.23,8897.02,7835.75,8110.91,6416.10,5428.38,5950.94,4492.03,4343.62,3870.69,4270.78,3865.51,3440.84,3560.13,3331.89,2621.64,2779.28,2092.03,267.08,0.00,1303.31,737.37,513.46,3502.62,3382.71,3904.90
78713,78758,78735.5,26842.86,232.97,7.41,2.48,0.00,0.00,0.00,0.00,204108.83,128730.10,95547.01,60345.02,48790.40,47461.62,30354.75,25360.31,22461.03,18280.13,16902.59,16208.52,12808.21,11418.22,10250.37,8804.27,7354.21,7252.92,6848.96,6127.34,6182.86,4757.46,4409.57,4540.25,4028.12,4165.50,3649.26,3653.05,3711.65,2333.20,2430.25,2029.74,1331.45,719.76,865.96,1082.11,201.50,3952.99,4360.57,3859.18
78772,78817,78794.5,27528.80,236.93,7.52,2.48,0.00,0.00,0.00,0.00,184439.95,155619.91,95342.69,75098.75,55290.27,39397.01,27689.05,26476.21,24758.49,19463.52,15269.37,12668.83,11582.97,10391.06,10079.90,10755.28,9350.65,7148.55,6787.07,8057.42,6699.79,4979.49,5314.15,4767.30,4313.94,3573.49,3673.80,3245.30,3033.62,2682.35,3405.91,2213.69,1046.58,458.92,400.95,772.89,1445.47,3784.03,3772.18,4010.19
78831,78876,78853.5,34484.58,275.92,8.80,2.48,0.00,0.00,0.00,0.00,241584.88,184791.94,115973.09,80279.02,74264.20,51954.53,47887.11,36406.87,29155.66,22637.90,20945.09,19109.97,19368.96,13365.79,11088.55,12173.00,8911.00,9951.48,9974.58,6918.06,8705.31,7545.21,5970.95,5899.08,5437.91,4277.28,3593.02,4218.45,3661.81,2497.27,2591.43,1825.86,311.40,93.15,1218.40,1621.03,142.68,4662.53,3931.51,4622.73
78891,78936,78913.5,31524.54,249.44,7.70,2.48,0.00,0.00,0.00,0.00,219112.78,169340.64,112937.33,88420.97,51544.75,46312.44,35354.00,27109.78,25369.51,20354.66,16832.61,20033.16,16867.09,13354.92,11978.53,11453.46,9020.80,12253.20,9944.76,8570.56,8903.85,5497.54,6390.38,4790.43,4995.07,3746.62,3835.52,4483.67,3187.22,4183.86,3413.42,2885.55,797.29,779.92,585.16,394.31,701.69,3332.24,3791.55,3237.09
78950,78995,78972.5,28714.31,264.69,8.50,2.48,0.00,0.00,0.00,0.00,190745.88,148158.92,105890.17,61733.29,50298.44,40277.44,34693.06,32125.72,22018.93,20653.60,19378.85,20661.46,14280.84,14317.53,12107.27,9882.27,9906.79,8994.85,9826.99,8457.10,6167.40,6325.62,6163.43,5492.84,4439.97,5089.83,4266.21,3723.71,3300.35,4256.98,3096.10,2909.01,1613.48,435.83,333.43,125.48,219.61,3751.53,4003.70,5094.59
79009,79054,79031.5,31726.84,266.86,8.46,2.48,0.00,0.00,0.00,0.00,221611.59,161248.45,94853.05,74472.07,56800.41,54194.27,44549.79,38946.05,30585.03,22530.38,20796.16,18943.27,14574.89,12960.63,12274.86,11674.23,10772.45,10795.61,9078.81,8806.48,8036.10,6242.16,4942.18,6122.33,4833.25,4415.06,4285.33,4404.92,4185.03,4144.79,2780.20,2368.79,0.00,0.00,568.55,398.01,219.43,4396.45,4461.58,4720.20
79068,79113,79090.5,24968.52,225.07,7.11,2.48,0.00,0.00,0.00,0.00,169393.81,116246.20,87445.27,64527.93,42094.72,44923.34,31850.20,26097.51,23800.46,18831.08,15030.07,15364.74,12244.53,10047.30,10004.10,8971.95,8099.17,7770.42,7473.02,6098.28,5548.03,5663.81,4193.59,4254.24,4576.87,4670.95,3421.29,3830.87,3310.16,2115.87,1891.14,1665.78,1193.01,13.43,1984.25,1844.87,1341.03,3539.99,3743.25,3223.06
79127,79172,79149.5,28733.68,250.07,8.05,2.48,0.00,0.00,0.00,0.00,219605.78,133374.52,103700.07,65815.20,58881.02,43514.10,36632.06,29012.08,26616.23,19921.34,18062.03,14493.55,12899.91,11556.58,9765.11,8527.04,8484.58,7748.29,6609.25,6591.15,6314.06,5585.46,5431.58,3867.76,3894.12,3929.06,4516.30,3093.74,3289.59,3011.80,2963.48,2168.88,777.54,1152.69,1413.11,760.77,1078.28,3910.96,4350.39,3477.04
79186,79231,79208.5,29613.47,262.57,8.47,2.48,0.00,0.00,0.00,0.00,213853.67,152058.16,94732.95,78345.44,53437.05,42025.73,40393.24,28345.47,24819.08,20958.79,18968.67,16424.71,13972.97,13921.83,8895.57,9948.52,10092.55,9682.33,8537.83,6165.10,6341.03,6366.22,4763.64,4668.36,5091.32,4370.74,3627.66,4386.91,4385.38,3328.65,1656.80,2699.23,1205.38,795.18,638.66,1767.92,597.77,3461.69,3466.59,4865.48
79245,79290,79267.5,28675.31,256.79,8.21,2.48,0.00,0.00,0.00,0.00,213722.23,125468.97,98562.52,73609.75,59437.96,39211.14,39242.85,27320.98,25142.21,22072.09,18857.11,17374.59,12972.20,11815.04,9856.79,10954.21,9127.03,7850.63,6778.37,7135.94,5765.11,4979.46,5475.01,5067.47,4110.06,4103.96,4600.46,4635.27,4221.03,3426.84,2745.99,1798.21,1778.49,542.32,548.31,897.53,1423.14,3748.56,3642.57,4513.14
79304,79349,79326.5,26966.65,242.40,7.78,2.47,0.00,0.00,0.00,0.00,182688.48,117494.05,93274.48,76710.92,54614.43,41095.13,34836.04,27433.94,21554.52,23929.42,18367.48,16818.39,15335.53,11090.37,10497.90,10117.00,9181.96,7421.95,8156.54,5618.79,5120.65,6033.62,5351.30,5571.51,4145.76,3856.69,4263.16,3380.77,3359.69,2894.84,2724.38,2343.00,865.12,644.09,1064.02,463.49,687.99,4101.25,3858.08,3760.77
79363,79408,79385.5,28949.90,255.54,8.18,2.48,0.00,0.00,0.00,0.00,190469.80,158891.00,101928.80,75596.95,55503.48,41767.05,32844.30,33054.79,22825.63,22592.98,18008.77,15587.07,13340.67,12826.72,10894.78,10060.86,9714.55,7600.03,7155.54,6572.12,6639.60,4755.13,4452.29,4692.71,3894.71,3716.31,4450.14,4562.30,3645.98,3283.65,2464.28,3186.45,587.52,1032.25,616.82,934.90,462.34,4228.09,4370.26,4582.06
79422,79467,79444.5,28595.68,272.33,9.00,2.48,0.00,0.00,0.00,0.00,197952.08,139280.06,88430.26,65820.98,54237.63,48325.98,36260.80,31684.62,26871.69,21479.96,20137.47,16335.74,15050.50,15193.65,11162.73,9915.77,10025.30,8117.44,7312.86,6778.96,6003.95,6907.68,5482.87,6066.81,5674.86,4004.67,4494.92,4512.28,3353.73,2924.08,3156.90,2114.58,563.84,0.00,647.31,697.38,322.93,3441.55,4806.78,4305.71
79481,79526,79503.5,29872.45,286.90,9.47,2.48,0.00,0.00,0.00,0.00,189127.92,146773.42,98160.83,80596.38,58525.84,47187.93,39357.88,31217.72,28818.52,21156.14,17572.67,19973.77,17308.14,12802.90,11959.94,11724.96,10697.91,9568.00,8601.05,8306.17,5704.94,6578.14,6428.28,4950.79,4983.30,4467.21,4150.84,3890.34,4205.50,3977.07,3069.38,2095.43,463.89,583.87,224.63,263.51,861.62,3959.32,4948.99,4692.12
79540,79585,79562.5,31019.20,268.15,8.41,2.48,0.00,0.00,0.00,0.00,210133.66,147711.62,115465.84,70272.53,62167.06,49017.06,41617.81,28248.88,27093.73,25024.51,22633.96,18792.13,16861.15,12337.09,13308.28,10723.43,8331.56,9588.16,8423.51,7065.20,6751.66,6945.01,7054.58,5395.55,5280.15,4004.20,4944.86,4311.66,3819.56,3129.77,3125.07,2664.15,767.92,118.65,952.72,1136.63,853.78,4080.65,4386.96,5721.21
79599,79644,79621.5,31516.00,288.31,9.29,2.48,0.00,0.00,0.00,0.00,221417.47,153308.33,113653.22,79465.77,62226.28,53637.41,34991.88,28450.49,21481.07,23491.20,21668.40,17581.03,14755.16,13177.20,12294.75,11040.62,10516.98,10102.64,7818.25,7821.51,7796.98,6609.45,6496.86,4791.12,5379.52,3348.22,4623.02,4061.09,3587.60,2888.58,3358.91,2952.23,218.88,745.23,611.70,1414.05,1345.58,3882.42,4968.81,6512.69
79658,79703,79680.5,32293.49,280.79,9.02,2.48,0.00,0.00,0.00,0.00,234668.83,134375.08,114628.76,85552.43,72508.32,51211.98,43810.75,34039.60,26319.41,21504.00,19351.12,20530.82,14820.18,15556.65,12865.97,11185.44,9272.62,8669.31,7244.86,6266.69,7729.10,6936.32,6679.63,5294.42,5078.08,4452.50,4522.38,4384.99,4195.11,2549.20,2946.21,1746.33,589.37,565.27,1593.36,1020.05,460.91,5019.02,4746.34,4263.34
79717,79762,79739.5,30506.93,275.66,8.85,2.48,0.00,0.00,0.00,0.00,220675.02,147024.31,93846.75,80748.98,52954.35,50934.03,39473.33,32933.23,27389.14,24289.21,20157.34,16845.60,13737.11,12232.96,11518.45,10388.20,9500.35,8674.29,8245.46,7390.92,7364.04,6498.35,5343.76,4860.76,5482.39,4786.79,3885.08,4023.56,3406.29,2987.56,2997.65,3273.58,1163.54,1071.91,780.08,1673.64,277.10,4479.43,4864.16,4317.13
79776,79821,79798.5,29886.23,293.53,9.74,2.48,0.00,0.00,0.00,0.00,196285.41,144918.69,111436.49,75562.39,56533.95,44922.05,35281.13,31677.55,26623.10,23121.14,19840.32,16857.70,16146.96,15450.08,10447.96,11027.33,9357.29,8314.82,6131.27,6838.85,5610.50,6410.97,6648.81,6170.38,5009.62,4093.63,4152.63,4698.03,4151.40,3381.83,2853.47,2449.35,702.67,0.00,515.50,1240.03,696.78,4913.63,5582.95,5033.95
79835,79880,79857.5,32178.97,306.02,9.93,2.48,0.00,0.00,0.00,0.00,214470.72,158752.81,88606.57,86148.20,65623.14,51526.93,38372.92,31777.30,30229.23,26114.98,21524.74,17543.25,19068.65,17395.87,16672.46,12211.61,10979.47,9867.32,8838.53,8222.13,7587.23,7241.40,6190.33,5263.99,4719.63,5967.87,4982.54,4509.33,4607.07,4357.03,3226.57,3513.51,477.21,61.36,263.42,936.07,345.14,5278.96,5218.45,5024.62
79894,79939,79916.5,32511.13,288.66,9.26,2.48,0.00,0.00,0.00,0.00,234718.58,151153.75,109449.09,80392.49,63730.15,51905.71,41148.61,34141.21,29847.90,22149.76,20723.97,18623.38,16825.91,15460.56,11948.64,11154.24,10493.29,9694.06,8600.36,7828.78,7409.81,5504.79,6471.87,6422.23,5685.57,5018.35,4558.12,4501.69,3048.28,3332.56,3006.13,1921.30,1023.04,413.59,783.95,639.50,1207.11,4957.47,4816.15,5210.09
79953,79998,79975.5,33645.04,304.40,9.92,2.48,0.00,0.00,0.00,0.00,252703.61,165216.23,104982.00,83893.48,72642.21,51968.58,35934.38,31048.47,26203.46,27917.76,20413.59,19385.00,14550.48,13917.70,13846.93,11407.87,10199.12,10705.84,9207.29,8426.83,8068.67,6093.94,3965.59,4624.35,5372.69,5278.31,5107.43,4717.59,4146.04,3006.64,3528.40,3775.72,320.33,970.14,958.08,1031.94,535.97,4597.84,5052.36,4918.75
80012,80057,80034.5,33780.43,310.09,10.12,2.48,0.00,0.00,0.00,0.00,237222.55,172461.66,103678.11,90613.03,70652.50,51987.09,43117.58,34324.36,29568.37,22584.35,19269.83,17853.55,15659.60,13435.61,12427.64,12294.96,11233.07,10479.96,8665.17,7414.67,7005.95,7935.18,4868.52,4833.77,5933.23,5698.34,4861.44,4940.74,4485.79,4734.42,3128.15,2886.39,320.72,685.76,1332.50,100.39,715.95,4812.47,4741.86,5733.27
80071,80116,80093.5,34724.59,314.35,10.29,2.48,0.00,0.00,0.00,0.00,276893.22,163741.69,106976.16,82755.15,64618.13,57555.96,41512.69,32036.93,32255.98,26888.82,19351.81,18287.08,16641.19,14444.86,13387.40,10639.97,12140.00,9094.44,7780.16,7460.79,7829.80,6850.01,5585.47,6560.19,5223.99,5000.54,4895.97,4970.46,4060.46,4092.57,2968.43,2727.44,1465.96,95.55,549.98,785.44,523.10,5117.72,5234.94,5608.13
80130,80175,80152.5,33642.52,325.40,10.82,2.48,0.00,0.00,0.00,0.00,228271.92,161841.61,120642.12,82858.98,67399.29,44241.66,48412.37,32389.90,32587.29,25228.02,21164.84,20018.70,18294.94,15616.28,13363.74,11103.97,11320.06,9896.26,8357.59,8034.61,7374.38,6243.90,5997.56,5441.90,5653.86,5444.16,3834.92,4052.26,4289.95,3355.38,2527.49,2578.17,1143.61,775.43,472.27,1558.90,207.35,5514.04,5558.59,6433.66
80189,80234,80211.5,34959.25,299.93,9.47,2.48,0.00,0.00,0.00,0.00,257123.05,180224.97,109605.82,89700.40,66010.16,56843.67,40685.64,33763.37,31984.96,24349.44,17116.66,19863.42,16799.86,16318.44,15831.68,13530.90,10706.14,8799.76,7613.74,8362.35,7922.58,6655.07,5886.65,5510.52,4160.87,3514.21,4778.02,4632.80,4768.23,3436.88,3424.51,2831.17,822.64,1105.27,1586.12,1590.58,1554.22,4887.11,5425.92,4826.66
80248,80293,80270.5,33699.82,302.68,9.82,2.48,0.00,0.00,0.00,0.00,266683.06,151315.14,113685.31,80644.94,65926.08,57886.44,35567.41,31329.79,29065.18,21351.26,22761.94,19958.32,16643.44,14555.28,11774.87,11144.57,10467.87,10144.25,8383.68,8251.74,6533.17,6401.07,5051.16,5203.40,4708.66,4911.49,5515.30,4670.76,3863.16,3322.57,2779.51,2986.80,120.06,88.09,720.96,1030.35,1293.31,5322.10,5884.93,5217.26
80307,80352,80329.5,33260.91,289.29,9.45,2.48,0.00,0.00,0.00,0.00,239878.09,162771.27,118601.52,91982.90,65626.33,54322.66,36112.57,32632.60,27311.93,22591.58,22326.91,15946.84,17652.12,14136.45,12503.05,10233.97,9632.99,8694.03,7294.46,7102.47,5641.06,6623.06,5655.40,4831.20,5123.65,4593.01,4079.69,4223.91,4241.09,3301.97,3115.01,2879.28,908.88,872.87,765.57,962.03,211.34,3946.13,4760.23,4682.69
