Data/Raw/MOORE,RICHARD/FIREXAQ-LARGE-SMPS_DC8_20190806_R0.ict
88,1001
Richard Moore, Elizabeth Wiggins, Edward Winstead, Claire Robinson, Lee Thornhill, and Kevin Sanchez
NASA Langley Research Center
In-situ Submicron Particle Size Distributions from a SMPS on the NASA DC-8
FIREXAQ
1,1
2019,08,06,2020,03,10
0
Time_start,Secs after midnight,Time of acquisition
50
1,1,1,1,1,1,1,1,1,1,1,1,1,1,1,1,1,1,1,1,1,1,1,1,1,1,1,1,1,1,1,1,1,1,1,1,1,1,1,1,1,1,1,1,1,1,1,1,1,1
-9999,-9999,-9999,-9999,-9999,-9999,-9999,-9999,-9999,-9999,-9999,-9999,-9999,-9999,-9999,-9999,-9999,-9999,-9999,-9999,-9999,-9999,-9999,-9999,-9999,-9999,-9999,-9999,-9999,-9999,-9999,-9999,-9999,-9999,-9999,-9999,-9999,-9999,-9999,-9999,-9999,-9999,-9999,-9999,-9999,-9999,-9999,-9999,-9999,-9999
Time_stop,Secs after midnight,Time of acquisition
Time_mid,Secs after midnight,Time of acquisition
nSMPS_stdPT,#/cm3,AerMP_NumConc_InSitu_RHd_Mobility_NucltoAccu_STP,integrated_number_density
sSMPS_stdPT,um2/cm3,AerMP_SurfAreaConc_InSitu_RHd_Mobility_NucltoAccu_STP,integrated_surface_area
vSMPS_stdPT,um3/cm3,AerMP_VolConc_InSitu_RHd_Mobility_NucltoAccu_STP,integrated_volume
SMPS_stdPT, unitless, None, conversion between ambient PT and standard PT (1013, 273)
SMPS_bin00_stdPT,#/cm3,AerMP_NumSizeDist_InSitu_RHd_Mobility_NucltoAccu_STP,Binned number size distribution (in dNdlogDp) measured by the SMPS
SMPS_bin01_stdPT,#/cm3,AerMP_NumSizeDist_InSitu_RHd_Mobility_NucltoAccu_STP,Binned number size distribution (in dNdlogDp) measured by the SMPS
SMPS_bin02_stdPT,#/cm3,AerMP_NumSizeDist_InSitu_RHd_Mobility_NucltoAccu_STP,Binned number size distribution (in dNdlogDp) measured by the SMPS
SMPS_bin03_stdPT,#/cm3,AerMP_NumSizeDist_InSitu_RHd_Mobility_NucltoAccu_STP,Binned number size distribution (in dNdlogDp) measured by the SMPS
SMPS_bin04_stdPT,#/cm3,AerMP_NumSizeDist_InSitu_RHd_Mobility_NucltoAccu_STP,Binned number size distribution (in dNdlogDp) measured by the SMPS
SMPS_bin05_stdPT,#/cm3,AerMP_NumSizeDist_InSitu_RHd_Mobility_NucltoAccu_STP,Binned number size distribution (in dNdlogDp) measured by the SMPS
SMPS_bin06_stdPT,#/cm3,AerMP_NumSizeDist_InSitu_RHd_Mobility_NucltoAccu_STP,Binned number size distribution (in dNdlogDp) measured by the SMPS
SMPS_bin07_stdPT,#/cm3,AerMP_NumSizeDist_InSitu_RHd_Mobility_NucltoAccu_STP,Binned number size distribution (in dNdlogDp) measured by the SMPS
SMPS_bin08_stdPT,#/cm3,AerMP_NumSizeDist_InSitu_RHd_Mobility_NucltoAccu_STP,Binned number size distribution (in dNdlogDp) measured by the SMPS
SMPS_bin09_stdPT,#/cm3,AerMP_NumSizeDist_InSitu_RHd_Mobility_NucltoAccu_STP,Binned number size distribution (in dNdlogDp) measured by the SMPS
SMPS_bin10_stdPT,#/cm3,AerMP_NumSizeDist_InSitu_RHd_Mobility_NucltoAccu_STP,Binned number size distribution (in dNdlogDp) measured by the SMPS
SMPS_bin11_stdPT,#/cm3,AerMP_NumSizeDist_InSitu_RHd_Mobility_NucltoAccu_STP,Binned number size distribution (in dNdlogDp) measured by the SMPS
SMPS_bin12_stdPT,#/cm3,AerMP_NumSizeDist_InSitu_RHd_Mobility_NucltoAccu_STP,Binned number size distribution (in dNdlogDp) measured by the SMPS
SMPS_bin13_stdPT,#/cm3,AerMP_NumSizeDist_InSitu_RHd_Mobility_NucltoAccu_STP,Binned number size distribution (in dNdlogDp) measured by the SMPS
SMPS_bin14_stdPT,#/cm3,AerMP_NumSizeDist_InSitu_RHd_Mobility_NucltoAccu_STP,Binned number size distribution (in dNdlogDp) measured by the SMPS
[...]
UNCERTAINTY:  20%
ULOD_FLAG: -7777
ULOD_VALUE: N/A
LLOD_FLAG: -8888
LLOD_VALUE: N/A
DM_CONTACT_INFO: Lee Thornhill (Kenneth.L.Thornhill@nasa.gov)
PROJECT_INFO: FIREX-AQ
STIPULATIONS_ON_USE: No stipulations on use. The user is encouraged to contact the PI or DM prior to use.
OTHER_COMMENTS: Midpoint diameters of Bins 00 to 43 are: 0.011,0.012,0.013,0.014,0.015,0.016,0.017,0.018,0.019,0.021,0.022,0.024,0.026,0.028,0.030,0.032,0.035,0.037,0.040,0.043,0.046,0.050,0.053,0.057,0.061,0.066,0.071,0.076,0.082,0.088,0.095,0.102,0.109,0.118,0.126,0.136,0.146,0.157,0.168,0.181,0.194,0.209,0.225,0.241
REVISION: R0
R0: Final Data. Data are corrected for time lags and ammonium sulfate size calibrations.
*******************************************************************************************************************************
Time_start,Time_stop,Time_mid,nSMPS_stdPT,sSMPS_stdPT,vSMPS_stdPT,SMPS_stdPT,SMPS_bin00_stdPT,SMPS_bin01_stdPT,SMPS_bin02_stdPT,SMPS_bin03_stdPT,SMPS_bin04_stdPT,SMPS_bin05_stdPT,SMPS_bin06_stdPT,SMPS_bin07_stdPT,SMPS_bin08_stdPT,SMPS_bin09_stdPT,SMPS_bin10_stdPT,SMPS_bin11_stdPT,SMPS_bin12_stdPT,SMPS_bin13_stdPT,SMPS_bin14_stdPT,SMPS_bin15_stdPT,SMPS_bin16_stdPT,SMPS_bin17_stdPT,SMPS_bin18_stdPT,SMPS_bin19_stdPT,SMPS_bin20_stdPT,SMPS_bin21_stdPT,SMPS_bin22_stdPT,SMPS_bin23_stdPT,SMPS_bin24_stdPT,SMPS_bin25_stdPT,SMPS_bin26_stdPT,SMPS_bin27_stdPT,SMPS_bin28_stdPT,SMPS_bin29_stdPT,SMPS_bin30_stdPT,SMPS_bin31_stdPT,SMPS_bin32_stdPT,SMPS_bin33_stdPT,SMPS_bin34_stdPT,SMPS_bin35_stdPT,SMPS_bin36_stdPT,SMPS_bin37_stdPT,SMPS_bin38_stdPT,SMPS_bin39_stdPT,SMPS_bin40_stdPT,SMPS_bin41_stdPT,SMPS_bin42_stdPT,SMPS_bin43_stdPT
[from data line 410]
89208,89253,89230.5,934.54,7.05,0.16,2.28,0.00,0.00,0.00,0.00,3542.33,2914.32,1543.28,2442.20,974.49,2235.26,1637.20,1035.59,1542.56,1355.39,1217.34,1115.86,1041.43,709.90,780.39,468.62,476.78,532.26,634.50,479.04,304.96,349.46,397.30,158.06,174.15,193.68,219.75,361.39,147.58,110.27,34.60,19.56,57.02,52.02,153.18,113.21,38.35,97.63,34.75,35.54
89267,89312,89289.5,830.51,9.11,0.22,2.28,0.00,0.00,0.00,0.00,959.50,2920.72,3802.06,1504.85,872.47,714.85,852.83,1713.35,970.71,296.20,623.74,656.34,1137.61,720.49,889.97,528.51,742.73,733.36,377.00,701.02,461.70,808.68,231.19,439.19,235.38,344.60,162.76,343.07,1.07,308.33,160.85,126.63,275.70,168.03,240.85,101.60,69.43,28.60,104.95,71.21
89326,89371,89348.5,1052.50,8.24,0.17,2.29,0.00,0.00,0.00,0.00,3903.34,3396.27,2289.07,2371.13,2188.98,2004.10,1713.64,1422.47,1439.52,423.07,820.55,525.83,876.90,654.30,636.00,756.67,1033.01,744.71,1030.78,758.74,597.41,624.18,405.98,441.24,318.68,295.77,18.05,305.43,261.46,247.90,204.89,261.31,147.16,15.49,109.41,59.46,123.24,48.49,67.89,2.00
89385,89430,89407.5,1564.40,10.87,0.24,2.28,0.00,0.00,0.00,0.00,9072.86,8600.33,4352.19,1419.96,2959.32,3160.50,1726.74,1275.07,1340.09,1338.26,808.90,1470.91,1337.10,659.63,747.02,1354.25,745.00,1052.14,721.79,730.64,412.92,258.26,396.50,523.32,239.33,419.08,302.29,467.00,150.23,476.87,319.52,125.32,59.01,180.64,140.39,47.77,159.10,210.26,58.47,69.07
89444,89489,89466.5,880.20,8.32,0.16,2.39,0.00,0.00,0.00,0.00,938.78,2131.10,1595.20,1371.15,1015.85,1059.17,2862.70,605.26,1606.15,1643.17,524.12,1399.54,988.70,1054.59,946.05,847.71,492.99,882.26,612.29,434.15,604.06,553.89,565.60,432.62,156.85,199.88,303.94,181.85,446.53,347.31,197.26,296.82,329.48,42.17,149.82,84.75,63.89,67.61,69.41,34.97
89503,89548,89525.5,707.72,13.47,0.38,2.51,0.00,0.00,0.00,0.00,767.30,443.78,0.00,1857.35,0.11,994.16,403.38,868.76,0.00,383.70,701.60,1028.40,936.70,973.10,657.63,1495.92,1433.53,1486.76,985.54,712.66,487.17,740.03,768.94,324.70,550.51,349.17,461.57,353.44,368.18,270.40,367.95,156.14,17.62,156.37,101.02,21.97,118.62,71.02,215.72,112.54
89562,89607,89584.5,581.53,10.58,0.28,2.61,0.00,0.00,0.00,0.00,0.00,0.00,232.46,280.11,2034.36,529.55,429.29,399.83,806.24,865.07,567.47,238.06,718.75,599.74,1118.27,675.56,1063.70,797.93,827.97,876.40,538.13,517.26,297.44,263.19,476.60,405.00,551.05,427.87,373.49,314.00,192.15,186.44,14.36,94.45,60.97,84.92,66.43,110.08,147.81,112.73
89621,89666,89643.5,677.54,10.82,0.26,2.70,0.00,0.00,0.00,0.00,1372.62,803.44,0.00,427.56,698.15,751.11,613.79,722.16,436.61,1702.92,1133.05,985.21,644.23,491.66,1069.26,821.10,508.91,712.35,842.34,705.95,774.47,421.21,563.70,654.76,266.02,414.42,612.38,196.37,116.81,516.61,326.16,21.67,242.91,142.65,229.40,57.51,180.82,124.02,113.48,38.73
89680,89725,89702.5,1035.40,7.00,0.13,2.76,0.00,0.00,0.00,0.00,0.00,792.06,3690.77,1808.63,3862.57,2289.12,2982.29,2207.38,1925.92,1209.14,1837.82,890.79,1460.35,584.47,687.08,642.28,841.20,290.26,650.60,665.17,194.90,180.20,522.96,369.90,397.50,334.08,286.63,158.33,275.77,238.69,346.22,90.33,79.72,43.19,69.81,20.78,0.00,48.02,60.34,0.00
89740,89785,89762.5,1595.58,6.51,0.12,2.88,0.00,0.00,0.00,0.00,0.00,13736.01,5611.38,4147.98,3117.89,4131.12,1544.53,2822.26,2415.42,2489.25,1984.18,1017.85,1422.52,547.71,1095.46,722.81,305.62,508.54,478.00,235.87,263.09,352.40,269.87,146.65,396.38,21.26,171.48,154.38,217.10,100.05,67.23,28.61,23.38,48.07,98.37,105.86,109.69,0.00,26.19,40.13
89799,89844,89821.5,1430.89,6.40,0.11,3.00,0.00,0.00,0.00,0.00,0.00,3894.74,7543.53,5756.78,2602.72,2185.52,3250.23,2794.83,3077.87,2849.69,2349.73,1650.90,1528.62,1006.94,449.07,772.98,223.56,341.32,481.95,338.21,231.92,378.97,286.07,420.19,82.68,120.09,77.27,155.08,66.19,193.50,101.90,48.04,85.01,27.44,7.92,39.20,79.10,40.40,206.18,42.15
89858,89903,89880.5,1580.08,7.47,0.14,3.12,0.00,0.00,0.00,0.00,0.00,3739.54,6939.27,5724.74,3773.72,3615.52,6404.33,1805.68,3005.58,3059.32,3071.77,1554.37,1535.17,541.97,400.30,523.20,645.57,532.36,479.92,461.42,285.88,125.93,232.62,197.54,215.77,144.03,48.24,74.66,322.43,219.46,55.61,100.72,96.25,211.10,7.72,41.59,83.69,78.10,43.00,43.76
89917,89962,89939.5,1590.11,8.56,0.21,3.24,0.00,0.00,0.00,0.00,0.00,0.00,11676.84,1342.36,5374.08,7768.90,4925.67,4768.73,3187.15,1711.94,1499.58,1176.96,829.64,746.44,449.70,761.96,689.78,661.71,415.40,161.80,238.30,446.88,245.00,118.69,187.07,36.95,109.00,49.54,108.68,48.16,204.11,63.97,235.32,48.05,0.00,0.00,0.00,22.78,166.59,165.52
89976,90021,89998.5,1595.51,4.92,0.08,3.37,0.00,0.00,0.00,0.00,0.00,0.00,16013.42,7670.54,7063.80,3659.11,2755.85,4144.93,2183.07,1544.09,1518.58,246.61,902.43,253.37,165.78,247.88,336.20,148.55,105.87,196.14,125.38,473.11,1.90,192.60,131.90,266.51,105.57,1.05,89.71,78.28,0.00,104.25,45.43,0.00,7.33,45.12,88.90,13.51,66.00,0.00
90035,90080,90057.5,1481.64,3.64,0.04,3.50,0.00,0.00,0.00,0.00,0.00,0.00,7162.29,9315.38,9126.42,7054.40,1310.38,3086.56,2812.70,1352.76,1298.72,734.53,493.83,260.42,635.33,438.31,266.85,220.66,271.52,449.04,149.30,0.00,128.65,45.01,105.53,199.27,51.38,176.93,47.90,46.55,46.47,0.00,30.80,0.00,46.60,0.00,0.00,47.98,0.00,0.00
90094,90139,90116.5,979.72,3.23,0.05,3.62,0.00,0.00,0.00,0.00,0.00,0.00,6385.50,4457.45,4185.04,3412.21,2816.96,3040.92,700.63,1007.93,1013.30,285.15,386.27,467.09,288.74,575.30,232.75,232.31,132.05,164.15,192.71,237.81,170.81,84.26,293.37,43.95,77.00,105.02,34.59,49.26,97.69,102.24,0.00,0.00,0.00,0.00,18.36,23.01,0.00,0.00
90153,90198,90175.5,2011.33,8.59,0.16,3.65,0.00,0.00,0.00,0.00,0.00,0.00,0.00,15035.45,9508.85,6748.89,9128.12,5683.18,3669.85,2887.74,2097.58,1866.45,536.75,691.19,1132.84,655.00,608.59,356.83,321.26,84.83,213.40,165.30,432.16,318.59,331.05,251.29,121.49,97.74,303.00,101.94,181.97,187.38,159.26,0.00,0.00,46.61,100.28,68.46,157.75,0.00
90212,90257,90234.5,2422.53,7.24,0.10,3.65,0.00,0.00,0.00,0.00,0.00,0.00,0.00,22968.83,17373.94,8461.89,7018.15,5221.77,3942.97,3396.89,802.38,1615.10,774.46,839.86,135.81,509.68,827.70,198.78,492.61,183.72,93.63,251.04,496.19,226.28,176.58,178.41,304.49,213.93,190.71,105.57,25.00,20.97,117.30,0.00,68.00,49.72,133.97,51.13,0.00,0.00
90271,90316,90293.5,0.00,0.00,0.00,3.67,0.00,0.00,0.00,0.00,0.00,0.00,0.00,0.00,0.00,0.00,0.00,0.00,0.00,0.00,0.00,0.00,0.00,0.00,0.00,0.00,0.00,0.00,0.00,0.00,0.00,0.00,0.00,0.00,0.00,0.00,0.00,0.00,0.00,0.00,0.00,0.00,0.00,0.00,0.00,0.00,0.00,0.00,0.00,0.00
90330,90375,90352.5,0.00,0.00,0.00,3.67,0.00,0.00,0.00,0.00,0.00,0.00,0.00,0.00,0.00,0.00,0.00,0.00,0.00,0.00,0.00,0.00,0.00,0.00,0.00,0.00,0.00,0.00,0.00,0.00,0.00,0.00,0.00,0.00,0.00,0.00,0.00,0.00,0.00,0.00,0.00,0.00,0.00,0.00,0.00,0.00,0.00,0.00,0.00,0.00
90389,90434,90411.5,0.00,0.00,0.00,3.67,0.00,0.00,0.00,0.00,0.00,0.00,0.00,0.00,0.00,0.00,0.00,0.00,0.00,0.00,0.00,0.00,0.00,0.00,0.00,0.00,0.00,0.00,0.00,0.00,0.00,0.00,0.00,0.00,0.00,0.00,0.00,0.00,0.00,0.00,0.00,0.00,0.00,0.00,0.00,0.00,0.00,0.00,0.00,0.00
90448,90493,90470.5,0.00,0.00,0.00,3.68,0.00,0.00,0.00,0.00,0.00,0.00,0.00,0.00,0.00,0.00,0.00,0.00,0.00,0.00,0.00,0.00,0.00,0.00,0.00,0.00,0.00,0.00,0.00,0.00,0.00,0.00,0.00,0.00,0.00,0.00,0.00,0.00,0.00,0.00,0.00,0.00,0.00,0.00,0.00,0.00,0.00,0.00,0.00,0.00
90507,90552,90529.5,0.00,0.00,0.00,3.68,0.00,0.00,0.00,0.00,0.00,0.00,0.00,0.00,0.00,0.00,0.00,0.00,0.00,0.00,0.00,0.00,0.00,0.00,0.00,0.00,0.00,0.00,0.00,0.00,0.00,0.00,0.00,0.00,0.00,0.00,0.00,0.00,0.00,0.00,0.00,0.00,0.00,0.00,0.00,0.00,0.00,0.00,0.00,0.00
90566,90611,90588.5,0.00,0.00,0.00,3.67,0.00,0.00,0.00,0.00,0.00,0.00,0.00,0.00,0.00,0.00,0.00,0.00,0.00,0.00,0.00,0.00,0.00,0.00,0.00,0.00,0.00,0.00,0.00,0.00,0.00,0.00,0.00,0.00,0.00,0.00,0.00,0.00,0.00,0.00,0.00,0.00,0.00,0.00,0.00,0.00,0.00,0.00,0.00,0.00
90625,90670,90647.5,0.00,0.00,0.00,3.67,0.00,0.00,0.00,0.00,0.00,0.00,0.00,0.00,0.00,0.00,0.00,0.00,0.00,0.00,0.00,0.00,0.00,0.00,0.00,0.00,0.00,0.00,0.00,0.00,0.00,0.00,0.00,0.00,0.00,0.00,0.00,0.00,0.00,0.00,0.00,0.00,0.00,0.00,0.00,0.00,0.00,0.00,0.00,0.00
90684,90729,90706.5,0.00,0.00,0.00,3.67,0.00,0.00,0.00,0.00,0.00,0.00,0.00,0.00,0.00,0.00,0.00,0.00,0.00,0.00,0.00,0.00,0.00,0.00,0.00,0.00,0.00,0.00,0.00,0.00,0.00,0.00,0.00,0.00,0.00,0.00,0.00,0.00,0.00,0.00,0.00,0.00,0.00,0.00,0.00,0.00,0.00,0.00,0.00,0.00
90743,90788,90765.5,0.00,0.00,0.00,3.67,0.00,0.00,0.00,0.00,0.00,0.00,0.00,0.00,0.00,0.00,0.00,0.00,0.00,0.00,0.00,0.00,0.00,0.00,0.00,0.00,0.00,0.00,0.00,0.00,0.00,0.00,0.00,0.00,0.00,0.00,0.00,0.00,0.00,0.00,0.00,0.00,0.00,0.00,0.00,0.00,0.00,0.00,0.00,0.00
90802,90847,90824.5,1489.29,8.02,0.16,3.55,0.00,0.00,0.00,0.00,0.00,0.00,8367.99,7229.56,5338.29,4660.15,5902.77,2354.22,2616.68,1425.89,994.53,197.07,808.93,695.08,417.20,82.87,288.85,375.90,314.73,873.95,760.24,826.68,338.19,618.96,178.43,142.02,188.27,273.12,150.39,315.15,274.47,106.11,42.08,75.62,29.11,7.81,98.25,79.52,12.98,51.54
90861,90906,90883.5,2756.24,8.47,0.09,3.17,0.00,0.00,0.00,0.00,0.00,0.00,25679.85,14643.98,8644.26,8762.71,4750.78,3334.01,3472.14,1835.88,1690.71,1880.60,1226.69,1423.83,1657.25,1176.02,592.29,1224.10,562.73,1020.97,724.61,760.46,489.06,587.36,429.10,265.43,207.26,318.00,103.10,191.66,174.63,69.31,85.38,128.35,0.00,43.19,25.88,18.15,0.00,0.00
90920,90965,90942.5,2593.61,10.69,0.22,2.82,0.00,0.00,0.00,0.00,0.00,16755.75,9005.48,10698.64,8954.22,7093.14,4999.65,3356.92,3800.48,4682.07,2555.08,1399.04,854.89,1137.67,1057.00,1218.35,515.80,570.80,118.52,349.25,245.46,443.92,355.80,296.52,243.62,59.25,155.67,109.88,300.78,268.81,303.81,234.41,109.97,75.38,126.41,0.00,164.22,26.93,67.23,82.38
90979,91024,91001.5,2052.82,24.24,0.84,2.53,0.00,0.00,0.00,0.00,8190.01,5694.08,4388.63,6600.97,6281.15,4941.31,6296.37,2970.01,2477.10,1788.42,1420.09,1865.29,1567.05,1465.27,831.23,1125.62,484.49,358.02,466.34,217.17,426.62,341.13,402.76,356.11,418.23,75.46,350.94,71.81,244.81,177.11,296.43,46.00,57.89,30.96,137.39,39.24,24.78,394.40,460.74,384.15
91038,91083,91060.5,2204.96,9.81,0.18,2.29,0.00,0.00,0.00,4922.69,8274.76,6984.66,5217.05,3284.44,4816.28,4338.85,2666.27,5548.96,3514.55,3581.71,2278.24,3028.03,1724.49,1792.49,953.51,1094.17,651.11,449.35,513.47,208.07,630.46,270.55,341.66,424.11,414.37,305.48,399.08,369.32,426.83,181.03,198.45,70.84,87.26,63.52,102.91,53.05,25.38,113.50,96.12,0.00
91097,91142,91119.5,1479.94,19.09,0.47,2.07,0.00,0.00,0.00,1876.50,4247.14,1716.23,687.54,1818.91,3283.12,2681.23,2018.74,2879.31,1894.07,2036.09,1425.28,974.01,1808.52,1361.31,1184.50,1332.71,1240.20,728.86,1294.81,567.19,939.11,747.01,590.87,804.09,909.31,877.30,865.95,679.27,420.64,198.58,286.13,335.91,246.63,342.15,470.21,355.05,415.71,198.68,172.87,115.94
91156,91201,91178.5,1482.15,38.20,1.07,1.92,0.00,0.00,1197.05,1084.70,1102.73,895.80,1286.57,1121.00,2144.76,786.81,1033.83,2757.52,2637.76,1812.63,1163.83,516.64,942.76,974.01,734.14,697.42,1560.18,1596.38,1044.41,996.09,1144.37,784.19,1388.72,1029.54,1964.47,1740.40,1478.93,803.81,730.20,860.20,816.87,515.68,666.68,587.96,696.64,560.68,954.59,798.40,571.24,528.20
91215,91260,91237.5,1538.20,49.33,1.43,1.89,0.00,0.00,1192.65,1759.63,552.89,2284.89,350.29,739.89,1980.10,503.99,661.35,586.89,1115.98,618.26,1225.63,1302.74,1398.48,1188.39,1545.96,1164.29,1327.00,998.29,1772.61,1279.59,1317.24,2096.88,1460.21,1482.07,1740.33,1523.11,1212.34,1071.98,720.41,707.08,861.94,539.41,909.56,1237.72,943.24,1169.26,882.25,1180.93,983.81,715.48
91274,91319,91296.5,1761.42,58.35,1.68,1.89,0.00,0.00,1192.00,0.00,1322.93,1279.73,1145.75,384.11,903.64,944.77,739.92,1649.05,877.62,1435.76,1574.11,1001.52,1133.34,1924.13,1722.31,1372.89,1871.82,1757.63,2362.43,2299.17,1817.26,1583.61,1564.37,2176.75,1616.02,1546.16,1406.62,1567.95,1165.75,1184.12,705.58,1114.59,1086.55,860.62,1086.98,1329.07,1334.98,1271.59,1096.65,871.69
91333,91378,91355.5,2306.29,83.58,2.45,1.82,0.00,0.00,0.00,797.95,1276.57,0.00,994.37,477.96,1367.03,1973.87,1471.04,2237.81,1536.09,1505.13,1872.87,2240.03,2086.62,2667.18,3179.13,2766.24,2170.41,2276.77,2630.87,2273.39,1894.29,1667.49,1876.17,2203.39,1233.69,1503.13,1264.90,2171.97,1518.24,2078.66,1590.03,1638.49,1709.76,1683.04,1977.78,1947.71,2035.72,1791.27,1521.81,1138.36
91392,91437,91414.5,2692.54,83.11,2.41,1.69,0.00,1209.46,4993.84,4577.99,4836.09,2268.24,2289.19,1279.01,2064.73,1239.59,1128.35,1203.22,1622.73,1519.12,1697.78,1464.75,1834.03,1899.75,2673.12,1738.73,1890.98,2151.68,2178.18,1915.29,1878.32,1544.89,2622.77,1809.29,1742.30,1682.21,1843.85,1088.16,1564.70,1495.47,1726.44,1775.84,1935.09,1502.99,1731.20,2002.02,2122.00,2106.41,1796.99,1580.60
91451,91496,91473.5,2558.27,61.67,1.76,1.59,0.00,8880.68,2948.86,2943.07,3458.31,3648.61,2520.34,2233.19,1753.67,1372.55,2439.66,1889.34,2269.48,1671.36,1864.41,1340.99,1704.47,2135.52,1336.65,1717.44,1219.44,2170.53,1522.39,1610.58,1479.82,1714.19,2005.77,1274.17,1527.33,620.52,979.36,1424.63,1414.62,957.64,895.59,1258.62,1481.79,1113.68,1315.97,1742.01,1524.56,1399.91,1265.75,1019.36
91510,91555,91532.5,1491.93,52.66,1.56,1.54,0.00,2999.94,3333.50,774.80,1034.53,613.54,431.68,368.59,1171.56,774.35,946.87,1400.07,517.32,815.58,719.81,697.28,1152.10,791.15,1239.37,996.56,982.38,804.87,1337.88,1187.08,1033.29,806.67,1459.33,1132.16,1300.88,1210.98,799.43,1063.57,810.48,909.28,626.42,1390.33,1274.34,746.22,1150.22,1418.88,1272.87,1303.09,1226.44,1120.46
91569,91614,91591.5,1312.23,44.39,1.22,1.53,0.00,2431.52,1426.84,470.10,402.61,1393.21,206.98,177.33,147.67,849.00,378.55,995.62,449.74,595.52,906.01,1268.55,1369.10,892.87,1262.71,1152.52,741.27,1488.14,838.30,933.82,1041.72,1094.53,1240.82,1091.40,899.04,821.96,1172.18,664.75,703.05,1091.31,1067.19,1238.21,1343.42,1702.08,1421.12,1197.52,913.32,918.23,712.27,529.75
91628,91673,91650.5,1603.80,60.38,1.72,1.50,0.00,2758.93,807.72,2087.84,693.38,408.28,1435.24,604.16,1170.59,859.64,392.88,550.87,823.35,1364.77,619.13,828.65,966.42,899.27,950.80,907.82,1001.21,1039.89,1540.77,1150.25,1169.85,1718.94,1467.66,1139.55,1554.72,1319.84,747.12,1090.87,214.10,1378.37,1155.34,1519.30,1846.73,2200.71,1704.18,2269.80,1304.00,1280.04,957.79,785.13
91687,91732,91709.5,1422.61,45.30,1.20,1.47,0.00,814.18,1229.69,1209.45,600.01,491.29,957.85,522.94,1199.82,1101.82,690.45,460.39,712.70,1201.84,756.70,1092.33,1084.70,1118.71,1120.61,1407.01,1515.83,1485.89,1351.15,1199.89,1330.11,1383.16,1063.25,1008.93,1214.49,508.14,1095.36,905.99,1066.79,999.89,1190.71,1066.96,1243.03,1409.12,1753.62,1502.14,1387.11,905.95,628.04,535.35
91746,91791,91768.5,1413.75,47.17,1.33,1.45,0.00,1511.58,4300.71,2034.92,690.86,285.83,848.56,615.90,249.21,670.70,204.33,555.10,407.77,794.10,338.32,776.38,1089.30,1561.59,1128.19,1263.03,1431.58,889.56,800.60,1135.15,1382.58,1285.47,1629.56,1636.78,282.88,638.29,449.37,144.35,272.09,996.75,1587.08,1192.37,1794.96,1828.58,1511.05,1475.74,870.50,819.06,616.83,647.97
91805,91850,91827.5,1532.65,53.86,1.49,1.43,1231.87,0.00,815.72,1573.58,0.00,572.82,1164.11,963.40,759.30,603.74,1437.02,811.57,830.02,1272.83,971.69,1235.33,1571.47,1327.08,1112.73,1057.29,710.51,1119.83,1206.65,1509.22,1676.02,991.73,1325.91,1614.73,1622.49,591.56,511.53,681.98,746.11,879.33,1198.36,2319.75,1832.02,1587.72,1384.14,1441.37,1506.37,1264.85,1115.72,895.29
91865,91910,91887.5,1310.72,44.53,1.17,1.38,0.00,817.00,790.83,690.73,1518.86,328.03,181.02,0.00,961.67,568.79,603.22,598.28,892.46,818.56,671.31,614.45,787.06,1092.44,940.26,964.79,783.56,788.96,1109.41,1680.20,1082.09,1646.92,2131.40,996.41,1123.32,1361.19,1227.59,893.25,1360.37,1221.34,647.35,1254.60,1293.02,1189.50,1498.51,1439.51,1437.57,665.53,705.00,566.56
91924,91969,91946.5,1460.28,45.53,1.19,1.32,2286.95,1354.10,0.00,405.47,522.39,406.88,0.00,601.27,792.94,582.00,633.12,624.26,640.46,537.92,861.86,1445.46,1945.82,1404.95,1466.38,1631.55,1682.67,1276.94,1376.28,1256.21,1131.22,916.17,1158.23,1656.48,1716.63,1231.37,1098.54,739.00,923.79,1197.24,958.56,1143.56,1213.28,1634.94,1637.88,1298.48,1092.18,915.65,738.76,591.14
