Data/Raw/MOORE,RICHARD/FIREXAQ-LARGE-OPTICAL_DC8_20190829_R0.ict
90,1001
Richard Moore, Elizabeth Wiggins, Edward Winstead, Claire Robinson, Lee Thornhill, and Kevin Sanchez
NASA Langley Research Center
In-situ aerosol optical measurements from the NASA DC-8
FIREXAQ
1,1
2019,08,29,2020,03,10
1.0
Time_mid,Secs after midnight,Time of acquisition
28
1,1,1,1,1,1,1,1,1,1,1,1,1,1,1,1,1,1,1,1,1,1,1,1,1,1,1,1
-9999,-9999,-9999,-9999,-9999,-9999,-9999,-9999,-9999,-9999,-9999,-9999,-9999,-9999,-9999,-9999,-9999,-9999,-9999,-9999,-9999,-9999,-9999,-9999,-9999,-9999,-9999,-9999
totSC450_stdPT, Mm-1, AerOpt_Scattering_InSitu_Blue_RHd_Bulk_STP, Total dry scattering at 450nm (Total Aerosols)
totSC550_stdPT, Mm-1, AerOpt_Scattering_InSitu_Green_RHd_Bulk_STP, Total dry scattering at 550nm (Total Aerosols)
totSC700_stdPT, Mm-1, AerOpt_Scattering_InSitu_Red_RHd_Bulk_STP, Total dry scattering at 700nm (Total Aerosols)
Abs470_stdPT, Mm-1, AerOpt_Absorption_InSitu_Blue_RHd_Bulk_STP, Total dry absorption at 470nm (Total Aerosols)
Abs532_stdPT, Mm-1, AerOpt_Absorption_InSitu_Green_RHd_Bulk_STP, Total dry absorption at 532nm (Total Aerosols)
Abs660_stdPT, Mm-1, AerOpt_Absorption_InSitu_Red_RHd_Bulk_STP, Total dry absorption at 660nm (Total Aerosols)
gamma450, unitless, AerOpt_Gamma_InSitu_Blue_None_PM1_None, Derived submicron hygroscopic growth factor for particles at 450nm
gamma550, unitless, AerOpt_Gamma_InSitu_Green_None_PM1_None, Derived submicron hygroscopic growth factor for particles at 550nm
gamma700, unitless, AerOpt_Gamma_InSitu_Red_None_PM1_None, Derived submicron hygroscopic growth factor for particles at 700nm
fRH450_RH20to85, unitless, AerOpt_fRHScat_InSitu_Blue_RHsp_PM1_None, Derived submicron hygroscopic growth parameter for particles at 450nm
fRH550_RH20to85, unitless, AerOpt_fRHScat_InSitu_Green_RHsp_PM1_None, Derived submicron hygroscopic growth parameter for particles at 550nm
fRH700_RH20to85, unitless, AerOpt_fRHScat_InSitu_Red_RHsp_PM1_None, Derived submicron hygroscopic growth parameter for particles at 700nm
ambSC450_stdPT, Mm-1, AerOpt_Scattering_InSitu_Blue_RHa_PM1_STP, Derived submicron ambient scattering at 450nm (Total Aerosols)
ambSC550_stdPT, Mm-1, AerOpt_Scattering_InSitu_Green_RHa_PM1_STP, Derived submicron ambient scattering at 550nm (Total Aerosols)
ambSC700_stdPT, Mm-1, AerOpt_Scattering_InSitu_Red_RHa_PM1_STP, Derived submicron ambient scattering at 700nm (Total Aerosols)
dryAEscat_550to700, unitless, AerOpt_AngstromExponentScat_InSitu_GreentoRed_RHd_PM1_None, Derived submicron dry Angstrom Exponent for scattering coefficient over wavelength range from 550nm to 700nm
drySSA_450, unitless, AerOpt_SSA_InSitu_Blue_RHd_PM1_None, Derived submicron single scattering albedo at 450nm (dry scattering and absorption)
drySSA_550, unitless, AerOpt_SSA_InSitu_Green_RHd_PM1_None, Derived submicron single scattering albedo at 550nm (dry scattering and absorption)
drySSA_700, unitless, AerOpt_SSA_InSitu_Red_RHd_PM1_None, Derived submicron single scattering albedo at 700nm (dry scattering and absorption)
ambSSA_450, unitless, AerOpt_SSA_InSitu_Blue_RHa_PM1_None, Derived submicron single scattering albedo at 450nm (ambient scattering and absorption)
ambSSA_550, unitless, AerOpt_SSA_InSitu_Green_RHa_PM1_None, Derived submicron single scattering albedo at 550nm (ambient scattering and absorption)
[...]
   - f(RH) is the amplification factor in scattering due to RH and is calculated from gamma at 20% and 85% RH. 
  SSA: computed only when both scattering and absorption is greater than 5 Mm-1
  dryAEscat_550to70 - computed only when scattering is greater than 10 Mm-1
  TAP ABSORPTION: 
   - Absorption Data from Brechtel 3-wavelength Tricolor Absorption Photometer (TAP), corrected for scattering following the TAP manual, version 8.
   - Included for research evaluation. User is directed to the primary PSAP-based absorption measurements (Abs470_stdPT, Abs532_stdPT, Abs660_stdPT) on which the derived parameters are calculated.
DATA_INFO: Aerosol measurements are reported at standard temperature and pressure (1013mb,273K), divide by stdPT to get back to ambient
UNCERTAINTY: all data are 5%
ULOD_FLAG: -7777
ULOD_VALUE: N/A
LLOD_FLAG: -8888
LLOD_VALUE: N/A
DM_CONTACT_INFO: Lee Thornhill (Kenneth.L.Thornhill@nasa.gov)
PROJECT_INFO: FIREX-AQ (2019)
STIPULATIONS_ON_USE: No stipulations on use. The user is encouraged to contact the PI or DM prior to use.
OTHER_COMMENTS: none
REVISION: R0
R0: Final Data. Data are corrected for time lags and calibrations.
******************************************************************************************************************
Time_mid,totSC450_stdPT,totSC550_stdPT,totSC700_stdPT,Abs470_stdPT,Abs532_stdPT,Abs660_stdPT,gamma450,gamma550,gamma700,fRH450_RH20to85,fRH550_RH20to85,fRH700_RH20to85,ambSC450_stdPT,ambSC550_stdPT,ambSC700_stdPT,dryAEscat_550to700,drySSA_450,drySSA_550,drySSA_700,ambSSA_450,ambSSA_550,ambSSA_700,dryEXT_532_stdPT,ambEXT_532_stdPT,TAP467_stdPT,TAP528_stdPT,TAP652_stdPT,stdPT
[from data line 13765]
74133,2.92,1.60,3.02,0.25,0.04,0.48,-9999.00,-9999.00,-9999.00,-9999.00,-9999.00,-9999.00,-9999.00,-9999.00,-9999.00,-9999.00,-9999.00,-9999.00,-9999.00,-9999.00,-9999.00,-9999.00,-9999.00,-9999.00,48.28,1.91,14.75,1.53
74134,7.23,2.57,0.92,0.26,0.09,0.66,-9999.00,-9999.00,-9999.00,-9999.00,-9999.00,-9999.00,-9999.00,-9999.00,-9999.00,-9999.00,-9999.00,-9999.00,-9999.00,-9999.00,-9999.00,-9999.00,-9999.00,-9999.00,-30.37,-42.00,-21.62,1.53
74135,4.09,4.08,2.43,0.47,0.08,0.56,-9999.00,-9999.00,-9999.00,-9999.00,-9999.00,-9999.00,-9999.00,-9999.00,-9999.00,-9999.00,-9999.00,-9999.00,-9999.00,-9999.00,-9999.00,-9999.00,-9999.00,-9999.00,1.39,-25.71,3.57,1.53
74136,3.35,2.62,1.67,0.39,0.16,0.85,-9999.00,-9999.00,-9999.00,-9999.00,-9999.00,-9999.00,-9999.00,-9999.00,-9999.00,-9999.00,-9999.00,-9999.00,-9999.00,-9999.00,-9999.00,-9999.00,-9999.00,-9999.00,-13.98,101.20,-1.63,1.53
74137,4.28,3.84,1.92,0.47,0.08,0.91,-9999.00,-9999.00,-9999.00,-9999.00,-9999.00,-9999.00,-9999.00,-9999.00,-9999.00,-9999.00,-9999.00,-9999.00,-9999.00,-9999.00,-9999.00,-9999.00,-9999.00,-9999.00,4.99,-98.36,-10.67,1.53
74138,3.28,1.47,0.91,0.17,0.18,0.80,-9999.00,-9999.00,-9999.00,-9999.00,-9999.00,-9999.00,-9999.00,-9999.00,-9999.00,-9999.00,-9999.00,-9999.00,-9999.00,-9999.00,-9999.00,-9999.00,-9999.00,-9999.00,-5.23,43.30,30.51,1.53
74139,7.05,3.21,1.71,0.04,0.08,0.91,-9999.00,-9999.00,-9999.00,-9999.00,-9999.00,-9999.00,-9999.00,-9999.00,-9999.00,-9999.00,-9999.00,-9999.00,-9999.00,-9999.00,-9999.00,-9999.00,-9999.00,-9999.00,-21.12,21.11,-3.65,1.53
74140,5.11,1.96,0.91,0.29,0.24,1.01,-9999.00,-9999.00,-9999.00,-9999.00,-9999.00,-9999.00,-9999.00,-9999.00,-9999.00,-9999.00,-9999.00,-9999.00,-9999.00,-9999.00,-9999.00,-9999.00,-9999.00,-9999.00,16.86,-11.65,16.46,1.53
74141,7.81,4.00,3.00,0.18,0.21,0.74,-9999.00,-9999.00,-9999.00,-9999.00,-9999.00,-9999.00,-9999.00,-9999.00,-9999.00,-9999.00,-9999.00,-9999.00,-9999.00,-9999.00,-9999.00,-9999.00,-9999.00,-9999.00,-9.95,-12.32,-28.90,1.53
74142,3.81,3.21,1.06,0.18,0.36,0.38,-9999.00,-9999.00,-9999.00,-9999.00,-9999.00,-9999.00,-9999.00,-9999.00,-9999.00,-9999.00,-9999.00,-9999.00,-9999.00,-9999.00,-9999.00,-9999.00,-9999.00,-9999.00,10.78,-29.77,7.03,1.53
74143,8.07,7.28,2.78,0.14,0.23,0.34,-9999.00,-9999.00,-9999.00,-9999.00,-9999.00,-9999.00,-9999.00,-9999.00,-9999.00,-9999.00,-9999.00,-9999.00,-9999.00,-9999.00,-9999.00,-9999.00,-9999.00,-9999.00,-4.02,12.27,-9.34,1.52
74144,7.46,6.48,5.25,0.13,0.32,0.24,-9999.00,-9999.00,-9999.00,-9999.00,-9999.00,-9999.00,-9999.00,-9999.00,-9999.00,-9999.00,-9999.00,-9999.00,-9999.00,-9999.00,-9999.00,-9999.00,-9999.00,-9999.00,-3.27,-9.92,31.36,1.52
74145,10.34,8.22,7.09,0.08,0.35,0.26,-0.46,-9999.00,-9999.00,0.51,-9999.00,-9999.00,11.59,-9999.00,-9999.00,-9999.00,-9999.00,-9999.00,-9999.00,-9999.00,-9999.00,-9999.00,-9999.00,-9999.00,21.33,33.29,-3.36,1.52
74146,12.06,9.28,4.87,-0.00,0.27,0.09,-9999.00,-9999.00,-9999.00,-9999.00,-9999.00,-9999.00,-9999.00,-9999.00,-9999.00,-9999.00,-9999.00,-9999.00,-9999.00,-9999.00,-9999.00,-9999.00,-9999.00,-9999.00,-0.48,15.15,-29.77,1.52
74147,14.83,10.96,6.29,0.01,0.30,0.13,-0.05,-9999.00,-9999.00,0.92,-9999.00,-9999.00,11.38,-9999.00,-9999.00,-9999.00,-9999.00,-9999.00,-9999.00,-9999.00,-9999.00,-9999.00,-9999.00,-9999.00,2.51,-33.10,10.72,1.52
74148,12.67,8.80,5.08,0.26,0.33,-0.11,0.01,-9999.00,-9999.00,1.01,-9999.00,-9999.00,11.21,-9999.00,-9999.00,-9999.00,-9999.00,-9999.00,-9999.00,-9999.00,-9999.00,-9999.00,-9999.00,-9999.00,-10.01,-3.35,20.02,1.52
74149,18.48,10.70,5.71,0.17,0.37,-0.19,-0.23,-9999.00,-9999.00,0.72,-9999.00,-9999.00,14.39,-9999.00,-9999.00,-9999.00,-9999.00,-9999.00,-9999.00,-9999.00,-9999.00,-9999.00,-9999.00,-9999.00,3.77,21.10,-1.28,1.51
74150,15.45,7.58,5.38,0.21,0.35,-0.18,-0.19,-9999.00,-9999.00,0.76,-9999.00,-9999.00,9.77,-9999.00,-9999.00,-9999.00,-9999.00,-9999.00,-9999.00,-9999.00,-9999.00,-9999.00,-9999.00,-9999.00,7.43,17.46,-23.16,1.51
74151,19.43,8.66,5.99,0.30,0.33,-0.39,-0.27,-9999.00,-9999.00,0.68,-9999.00,-9999.00,11.73,-9999.00,-9999.00,-9999.00,-9999.00,-9999.00,-9999.00,-9999.00,-9999.00,-9999.00,-9999.00,-9999.00,7.38,28.72,-1.82,1.51
74152,8.39,8.03,4.01,0.57,0.30,-0.08,-0.19,-9999.00,-9999.00,0.76,-9999.00,-9999.00,9.71,-9999.00,-9999.00,-9999.00,-9999.00,-9999.00,-9999.00,-9999.00,-9999.00,-9999.00,-9999.00,-9999.00,-27.67,-59.40,6.77,1.51
74153,14.82,13.88,5.07,0.58,0.20,0.02,-0.19,-9999.00,-9999.00,0.76,-9999.00,-9999.00,12.77,-9999.00,-9999.00,-9999.00,-9999.00,-9999.00,-9999.00,-9999.00,-9999.00,-9999.00,-9999.00,-9999.00,-10.49,-25.05,-1.08,1.51
74154,15.18,11.08,5.93,0.44,0.03,0.14,-0.38,-9999.00,-9999.00,0.58,-9999.00,-9999.00,13.35,-9999.00,-9999.00,-9999.00,-9999.00,-9999.00,-9999.00,-9999.00,-9999.00,-9999.00,-9999.00,-9999.00,-15.27,35.21,13.89,1.51
74155,19.44,10.09,7.15,0.37,0.04,-0.02,-0.39,-9999.00,-9999.00,0.57,-9999.00,-9999.00,12.63,-9999.00,-9999.00,-9999.00,-9999.00,-9999.00,-9999.00,-9999.00,-9999.00,-9999.00,-9999.00,-9999.00,18.18,-36.77,-2.85,1.50
74156,10.48,8.34,5.04,0.67,0.15,0.10,-0.22,-9999.00,-9999.00,0.73,-9999.00,-9999.00,11.85,-9999.00,-9999.00,-9999.00,-9999.00,-9999.00,-9999.00,-9999.00,-9999.00,-9999.00,-9999.00,-9999.00,34.55,-15.32,-16.31,1.50
74157,11.92,9.04,4.88,0.64,0.13,0.03,-0.38,-9999.00,-9999.00,0.58,-9999.00,-9999.00,13.95,-9999.00,-9999.00,-9999.00,-9999.00,-9999.00,-9999.00,-9999.00,-9999.00,-9999.00,-9999.00,-9999.00,1.00,51.87,24.09,1.50
74158,9.91,8.88,4.19,0.70,0.21,0.37,-0.24,-9999.00,-9999.00,0.70,-9999.00,-9999.00,14.58,-9999.00,-9999.00,-9999.00,-9999.00,-9999.00,-9999.00,-9999.00,-9999.00,-9999.00,-9999.00,-9999.00,-4.96,23.06,-4.14,1.50
74159,17.46,10.29,5.19,0.55,0.17,0.22,-0.35,-9999.00,-9999.00,0.60,-9999.00,-9999.00,15.58,-9999.00,-9999.00,-9999.00,-9999.00,-9999.00,-9999.00,-9999.00,-9999.00,-9999.00,-9999.00,-9999.00,-15.32,3.37,4.11,1.50
74160,18.49,12.44,5.18,0.47,0.27,0.49,-0.17,-9999.00,-9999.00,0.78,-9999.00,-9999.00,13.23,-9999.00,-9999.00,-9999.00,-9999.00,-9999.00,-9999.00,-9999.00,-9999.00,-9999.00,-9999.00,-9999.00,13.46,-33.48,7.93,1.50
74161,23.41,14.46,7.68,0.32,0.24,0.70,-0.11,-9999.00,-9999.00,0.85,-9999.00,-9999.00,12.67,-9999.00,-9999.00,-9999.00,-9999.00,-9999.00,-9999.00,-9999.00,-9999.00,-9999.00,-9999.00,-9999.00,-2.75,-18.89,-0.80,1.50
74162,17.68,11.87,6.41,0.41,0.15,0.66,-0.36,-9999.00,-0.82,0.60,-9999.00,0.31,19.30,-9999.00,9.25,-9999.00,-9999.00,-9999.00,-9999.00,-9999.00,-9999.00,-9999.00,-9999.00,-9999.00,-29.68,21.05,-6.03,1.50
74163,16.99,10.60,4.51,0.27,0.23,0.30,-0.21,-9999.00,-9999.00,0.74,-9999.00,-9999.00,17.69,-9999.00,-9999.00,-9999.00,-9999.00,-9999.00,-9999.00,-9999.00,-9999.00,-9999.00,-9999.00,-9999.00,33.55,-4.70,-11.42,1.49
74164,15.79,10.71,5.33,0.43,0.51,0.22,-0.20,-0.02,-0.31,0.75,0.97,0.64,19.75,10.03,9.66,-9999.00,-9999.00,-9999.00,-9999.00,-9999.00,-9999.00,-9999.00,11.91,11.83,-8.69,26.82,15.22,1.49
74165,15.19,9.00,3.78,0.43,0.46,0.25,-0.06,-9999.00,-9999.00,0.92,-9999.00,-9999.00,18.25,-9999.00,-9999.00,-9999.00,-9999.00,-9999.00,-9999.00,-9999.00,-9999.00,-9999.00,-9999.00,-9999.00,1.73,15.77,1.20,1.49
74166,18.83,11.40,4.24,0.31,0.49,0.37,-0.13,-0.01,-9999.00,0.83,0.98,-9999.00,19.56,10.93,-9999.00,-9999.00,-9999.00,-9999.00,-9999.00,-9999.00,-9999.00,-9999.00,12.64,12.60,-22.08,-46.85,-28.84,1.49
74167,17.10,10.76,7.78,0.34,0.58,0.44,-0.20,-9999.00,-9999.00,0.75,-9999.00,-9999.00,21.06,-9999.00,-9999.00,-9999.00,-9999.00,-9999.00,-9999.00,-9999.00,-9999.00,-9999.00,-9999.00,-9999.00,6.70,0.66,25.51,1.49
74168,21.52,11.75,3.61,0.27,0.49,0.32,-0.16,-0.12,-0.59,0.79,0.85,0.42,20.48,11.11,13.45,-9999.00,-9999.00,-9999.00,-9999.00,-9999.00,-9999.00,-9999.00,13.22,12.81,22.96,13.68,1.30,1.49
74169,18.72,10.63,7.98,0.17,0.44,0.37,-0.25,-9999.00,-1.28,0.69,-9999.00,0.16,20.85,-9999.00,8.51,-9999.00,-9999.00,-9999.00,-9999.00,-9999.00,-9999.00,-9999.00,-9999.00,-9999.00,-9.71,16.21,-14.23,1.49
74170,17.14,14.34,9.90,0.30,0.34,0.07,-0.11,-9999.00,-0.36,0.85,-9999.00,0.59,18.03,-9999.00,12.71,-9999.00,-9999.00,-9999.00,-9999.00,-9999.00,-9999.00,-9999.00,-9999.00,-9999.00,5.91,-16.80,12.37,1.49
74171,18.10,11.91,7.00,0.33,0.35,-0.08,-0.29,-9999.00,-9999.00,0.66,-9999.00,-9999.00,20.34,-9999.00,-9999.00,-9999.00,-9999.00,-9999.00,-9999.00,-9999.00,-9999.00,-9999.00,-9999.00,-9999.00,-13.30,-8.37,-22.36,1.49
74172,18.92,14.00,8.76,0.32,0.39,-0.18,-0.20,-9999.00,-9999.00,0.75,-9999.00,-9999.00,21.70,-9999.00,-9999.00,-9999.00,-9999.00,-9999.00,-9999.00,-9999.00,-9999.00,-9999.00,-9999.00,-9999.00,17.05,-8.12,4.26,1.49
74173,18.98,11.81,5.58,0.53,0.42,0.21,-0.26,-9999.00,-9999.00,0.69,-9999.00,-9999.00,18.75,-9999.00,-9999.00,-9999.00,-9999.00,-9999.00,-9999.00,-9999.00,-9999.00,-9999.00,-9999.00,-9999.00,1.25,15.70,16.20,1.48
74174,19.16,12.27,6.72,0.45,0.28,0.19,-0.24,-0.03,-9999.00,0.71,0.95,-9999.00,22.38,10.39,-9999.00,-9999.00,-9999.00,-9999.00,-9999.00,-9999.00,-9999.00,-9999.00,12.33,12.20,24.48,11.68,1.88,1.48
74175,19.88,10.07,5.22,0.44,0.38,0.22,-0.23,-9999.00,-9999.00,0.72,-9999.00,-9999.00,16.81,-9999.00,-9999.00,-9999.00,-9999.00,-9999.00,-9999.00,-9999.00,-9999.00,-9999.00,-9999.00,-9999.00,-16.80,12.01,5.97,1.48
74176,23.85,9.73,6.79,0.53,0.32,0.12,-0.19,0.01,-9999.00,0.76,1.02,-9999.00,20.13,10.37,-9999.00,-9999.00,-9999.00,-9999.00,-9999.00,-9999.00,-9999.00,-9999.00,11.97,12.01,-22.80,-2.32,-21.54,1.48
74177,18.61,11.82,5.55,0.53,0.21,0.15,-0.20,-9999.00,-9999.00,0.75,-9999.00,-9999.00,17.00,-9999.00,-9999.00,-9999.00,-9999.00,-9999.00,-9999.00,-9999.00,-9999.00,-9999.00,-9999.00,-9999.00,15.31,19.42,-6.34,1.48
74178,14.26,9.27,4.68,0.60,0.32,0.30,-0.27,-9999.00,-9999.00,0.68,-9999.00,-9999.00,20.89,-9999.00,-9999.00,-9999.00,-9999.00,-9999.00,-9999.00,-9999.00,-9999.00,-9999.00,-9999.00,-9999.00,2.23,-32.76,8.92,1.48
74179,14.76,14.00,6.46,0.80,0.34,0.12,-0.41,-9999.00,-9999.00,0.55,-9999.00,-9999.00,17.52,-9999.00,-9999.00,-9999.00,-9999.00,-9999.00,-9999.00,-9999.00,-9999.00,-9999.00,-9999.00,-9999.00,-16.87,-0.95,-0.63,1.48
74180,18.54,15.39,7.51,0.81,0.38,0.30,-0.35,-0.11,-9999.00,0.60,0.85,-9999.00,20.71,10.30,-9999.00,-9999.00,-9999.00,-9999.00,-9999.00,-9999.00,-9999.00,-9999.00,12.47,12.09,-11.28,21.45,-9.87,1.48
74181,16.94,13.56,7.73,0.89,0.41,0.44,-0.42,-9999.00,-9999.00,0.55,-9999.00,-9999.00,17.41,-9999.00,-9999.00,-9999.00,-9999.00,-9999.00,-9999.00,-9999.00,-9999.00,-9999.00,-9999.00,-9999.00,-4.73,-10.33,0.49,1.48
74182,18.69,15.88,7.69,1.03,0.44,0.56,-0.39,-0.34,-9999.00,0.57,0.61,-9999.00,21.67,9.95,-9999.00,0.41,-9999.00,-9999.00,-9999.00,-9999.00,-9999.00,-9999.00,13.13,11.79,39.37,-11.70,25.39,1.48
74183,17.05,13.26,6.41,0.97,0.54,0.59,-0.23,-0.41,-9999.00,0.72,0.55,-9999.00,19.74,9.20,-9999.00,0.41,-9999.00,-9999.00,-9999.00,-9999.00,-9999.00,-9999.00,12.29,10.89,-17.60,36.48,-14.17,1.48
74184,17.49,12.60,6.58,0.85,0.61,0.39,-0.41,-0.29,-9999.00,0.55,0.65,-9999.00,21.63,11.04,-9999.00,0.41,-9999.00,-9999.00,-9999.00,-9999.00,-9999.00,-9999.00,14.28,13.04,14.72,-17.75,22.15,1.48
74185,17.83,13.02,7.10,0.92,0.68,0.51,-0.29,-0.43,-9999.00,0.66,0.53,-9999.00,18.73,9.85,-9999.00,0.41,-9999.00,-9999.00,-9999.00,-9999.00,-9999.00,-9999.00,13.35,11.54,-2.17,-4.44,-18.28,1.47
74186,17.09,11.49,8.63,0.85,0.70,0.49,-0.14,-0.31,-9999.00,0.81,0.64,-9999.00,18.66,9.45,-9999.00,0.41,-9999.00,-9999.00,-9999.00,-9999.00,-9999.00,-9999.00,12.50,11.17,10.73,-9.96,5.31,1.47
74187,19.99,12.66,6.36,0.95,0.81,0.60,-0.39,-0.52,-0.73,0.57,0.47,0.35,20.81,9.59,8.00,0.45,-9999.00,-9999.00,-9999.00,-9999.00,-9999.00,-9999.00,14.19,11.62,1.17,28.92,-1.06,1.47
74188,22.99,16.19,7.64,0.92,0.69,0.50,-0.22,-0.42,-0.64,0.73,0.55,0.40,20.11,9.78,9.06,0.46,-9999.00,-9999.00,-9999.00,-9999.00,-9999.00,-9999.00,13.53,11.57,12.06,-13.14,19.21,1.47
74189,24.49,14.25,6.72,0.81,0.72,0.59,-0.46,-0.30,-1.68,0.51,0.64,0.09,17.66,9.54,7.66,0.46,-9999.00,-9999.00,-9999.00,-9999.00,-9999.00,-9999.00,12.78,11.40,-18.65,4.58,-3.86,1.47
74190,26.97,16.17,7.12,0.70,0.69,0.51,-0.49,-0.38,-9999.00,0.49,0.58,-9999.00,19.78,9.56,-9999.00,0.46,-9999.00,-9999.00,-9999.00,-9999.00,-9999.00,-9999.00,13.20,11.55,9.51,6.03,-6.53,1.47
74191,23.58,14.56,6.33,0.61,0.78,0.46,-0.58,-0.28,-0.40,0.43,0.66,0.56,16.94,9.78,14.27,0.46,-9999.00,-9999.00,-9999.00,-9999.00,-9999.00,-9999.00,12.99,11.70,1.02,-30.89,-12.78,1.47
74192,24.95,15.97,7.62,0.52,0.69,0.43,-0.30,-0.25,-0.34,0.65,0.70,0.61,22.58,11.41,9.78,0.46,-9999.00,-9999.00,-9999.00,-9999.00,-9999.00,-9999.00,14.95,13.52,-25.18,38.75,10.99,1.47
74193,20.65,14.78,7.15,0.51,0.58,0.44,-0.39,-0.45,-1.17,0.57,0.52,0.18,18.87,11.17,7.11,0.48,-9999.00,-9999.00,-9999.00,-9999.00,-9999.00,-9999.00,15.56,12.71,-6.46,0.76,5.17,1.46
74194,25.38,19.52,8.02,0.38,0.43,0.63,-0.35,-0.26,-9999.00,0.60,0.68,-9999.00,22.30,11.97,-9999.00,0.48,-9999.00,-9999.00,-9999.00,-9999.00,-9999.00,-9999.00,15.72,13.80,11.44,-12.17,-17.03,1.46
74195,23.94,17.99,7.34,0.45,0.52,0.84,-9999.00,-9999.00,-9999.00,-9999.00,-9999.00,-9999.00,-9999.00,-9999.00,-9999.00,0.48,-9999.00,-9999.00,-9999.00,-9999.00,-9999.00,-9999.00,15.25,-9999.00,9.04,21.76,8.25,1.46
74196,28.01,20.76,9.26,0.42,0.41,0.80,-9999.00,-9999.00,-9999.00,-9999.00,-9999.00,-9999.00,-9999.00,-9999.00,-9999.00,0.48,-9999.00,-9999.00,-9999.00,-9999.00,-9999.00,-9999.00,17.51,-9999.00,-6.81,4.56,-8.01,1.46
74197,27.03,21.41,10.20,0.49,0.42,0.64,-9999.00,-9999.00,-9999.00,-9999.00,-9999.00,-9999.00,-9999.00,-9999.00,-9999.00,0.48,-9999.00,-9999.00,-9999.00,-9999.00,-9999.00,-9999.00,15.75,-9999.00,-4.07,-3.15,13.13,1.46
74198,27.76,20.85,12.43,0.49,0.48,0.60,-9999.00,-9999.00,-9999.00,-9999.00,-9999.00,-9999.00,-9999.00,-9999.00,-9999.00,0.48,-9999.00,-9999.00,-9999.00,-9999.00,-9999.00,-9999.00,19.07,-9999.00,14.21,13.90,16.01,1.46
74199,26.94,20.68,12.89,0.58,0.63,0.66,-9999.00,-9999.00,-9999.00,-9999.00,-9999.00,-9999.00,-9999.00,-9999.00,-9999.00,2.04,-9999.00,-9999.00,-9999.00,-9999.00,-9999.00,-9999.00,17.92,-9999.00,29.20,-53.54,-11.07,1.46
74200,30.66,19.15,8.47,0.65,0.77,0.75,-9999.00,-9999.00,-9999.00,-9999.00,-9999.00,-9999.00,-9999.00,-9999.00,-9999.00,1.45,-9999.00,-9999.00,-9999.00,-9999.00,-9999.00,-9999.00,19.62,-9999.00,-43.07,16.66,4.06,1.45
74201,30.46,19.78,11.48,0.73,0.70,0.69,-9999.00,-9999.00,-9999.00,-9999.00,-9999.00,-9999.00,-9999.00,-9999.00,-9999.00,1.27,-9999.00,-9999.00,-9999.00,-9999.00,-9999.00,-9999.00,19.18,-9999.00,24.69,-10.86,-31.21,1.45
74202,32.93,20.46,13.99,0.83,0.76,0.64,-9999.00,-9999.00,-9999.00,-9999.00,-9999.00,-9999.00,-9999.00,-9999.00,-9999.00,1.27,-9999.00,-9999.00,-9999.00,-9999.00,-9999.00,-9999.00,18.55,-9999.00,11.44,6.11,5.28,1.45
74203,31.07,20.37,12.78,1.01,0.83,0.73,-9999.00,-9999.00,-9999.00,-9999.00,-9999.00,-9999.00,-9999.00,-9999.00,-9999.00,1.27,-9999.00,-9999.00,-9999.00,-9999.00,-9999.00,-9999.00,20.27,-9999.00,-22.02,-14.90,25.83,1.45
74204,33.86,22.10,13.77,1.12,0.87,0.71,-9999.00,-9999.00,-9999.00,-9999.00,-9999.00,-9999.00,-9999.00,-9999.00,-9999.00,1.12,-9999.00,-9999.00,-9999.00,-9999.00,-9999.00,-9999.00,21.65,-9999.00,-14.68,4.61,-8.62,1.45
74205,33.11,20.15,11.79,1.12,0.90,0.61,-9999.00,-9999.00,-9999.00,-9999.00,-9999.00,-9999.00,-9999.00,-9999.00,-9999.00,1.33,-9999.00,-9999.00,-9999.00,-9999.00,-9999.00,-9999.00,19.96,-9999.00,17.71,10.88,5.20,1.45
74206,35.24,23.71,13.56,1.10,0.98,0.64,-9999.00,-9999.00,-9999.00,-9999.00,-9999.00,-9999.00,-9999.00,-9999.00,-9999.00,1.33,-9999.00,-9999.00,-9999.00,-9999.00,-9999.00,-9999.00,23.17,-9999.00,10.78,-15.15,-5.52,1.45
74207,31.59,19.87,10.42,1.22,1.04,0.97,-9999.00,-9999.00,-9999.00,-9999.00,-9999.00,-9999.00,-9999.00,-9999.00,-9999.00,1.33,-9999.00,-9999.00,-9999.00,-9999.00,-9999.00,-9999.00,20.52,-9999.00,-0.59,26.39,-18.54,1.45
74208,37.13,23.34,12.45,1.07,0.91,0.93,-9999.00,-9999.00,-9999.00,-9999.00,-9999.00,-9999.00,-9999.00,-9999.00,-9999.00,1.48,-9999.00,-9999.00,-9999.00,-9999.00,-9999.00,-9999.00,23.80,-9999.00,18.02,2.06,16.80,1.45
