Data/Raw/MOORE,RICHARD/FIREXAQ-LARGE-SMPS_DC8_20190812_R0.ict
88,1001
Richard Moore, Elizabeth Wiggins, Edward Winstead, Claire Robinson, Lee Thornhill, and Kevin Sanchez
NASA Langley Research Center
In-situ Submicron Particle Size Distributions from a SMPS on the NASA DC-8
FIREXAQ
1,1
2019,08,12,2020,03,10
0
Time_start,Secs after midnight,Time of acquisition
50
1,1,1,1,1,1,1,1,1,1,1,1,1,1,1,1,1,1,1,1,1,1,1,1,1,1,1,1,1,1,1,1,1,1,1,1,1,1,1,1,1,1,1,1,1,1,1,1,1,1
-9999,-9999,-9999,-9999,-9999,-9999,-9999,-9999,-9999,-9999,-9999,-9999,-9999,-9999,-9999,-9999,-9999,-9999,-9999,-9999,-9999,-9999,-9999,-9999,-9999,-9999,-9999,-9999,-9999,-9999,-9999,-9999,-9999,-9999,-9999,-9999,-9999,-9999,-9999,-9999,-9999,-9999,-9999,-9999,-9999,-9999,-9999,-9999,-9999,-9999
Time_stop,Secs after midnight,Time of acquisition
Time_mid,Secs after midnight,Time of acquisition
nSMPS_stdPT,#/cm3,AerMP_NumConc_InSitu_RHd_Mobility_NucltoAccu_STP,integrated_number_density
sSMPS_stdPT,um2/cm3,AerMP_SurfAreaConc_InSitu_RHd_Mobility_NucltoAccu_STP,integrated_surface_area
vSMPS_stdPT,um3/cm3,AerMP_VolConc_InSitu_RHd_Mobility_NucltoAccu_STP,integrated_volume
SMPS_stdPT, unitless, None, conversion between ambient PT and standard PT (1013, 273)
SMPS_bin00_stdPT,#/cm3,AerMP_NumSizeDist_InSitu_RHd_Mobility_NucltoAccu_STP,Binned number size distribution (in dNdlogDp) measured by the SMPS
SMPS_bin01_stdPT,#/cm3,AerMP_NumSizeDist_InSitu_RHd_Mobility_NucltoAccu_STP,Binned number size distribution (in dNdlogDp) measured by the SMPS
SMPS_bin02_stdPT,#/cm3,AerMP_NumSizeDist_InSitu_RHd_Mobility_NucltoAccu_STP,Binned number size distribution (in dNdlogDp) measured by the SMPS
SMPS_bin03_stdPT,#/cm3,AerMP_NumSizeDist_InSitu_RHd_Mobility_NucltoAccu_STP,Binned number size distribution (in dNdlogDp) measured by the SMPS
SMPS_bin04_stdPT,#/cm3,AerMP_NumSizeDist_InSitu_RHd_Mobility_NucltoAccu_STP,Binned number size distribution (in dNdlogDp) measured by the SMPS
SMPS_bin05_stdPT,#/cm3,AerMP_NumSizeDist_InSitu_RHd_Mobility_NucltoAccu_STP,Binned number size distribution (in dNdlogDp) measured by the SMPS
SMPS_bin06_stdPT,#/cm3,AerMP_NumSizeDist_InSitu_RHd_Mobility_NucltoAccu_STP,Binned number size distribution (in dNdlogDp) measured by the SMPS
SMPS_bin07_stdPT,#/cm3,AerMP_NumSizeDist_InSitu_RHd_Mobility_NucltoAccu_STP,Binned number size distribution (in dNdlogDp) measured by the SMPS
SMPS_bin08_stdPT,#/cm3,AerMP_NumSizeDist_InSitu_RHd_Mobility_NucltoAccu_STP,Binned number size distribution (in dNdlogDp) measured by the SMPS
SMPS_bin09_stdPT,#/cm3,AerMP_NumSizeDist_InSitu_RHd_Mobility_NucltoAccu_STP,Binned number size distribution (in dNdlogDp) measured by the SMPS
SMPS_bin10_stdPT,#/cm3,AerMP_NumSizeDist_InSitu_RHd_Mobility_NucltoAccu_STP,Binned number size distribution (in dNdlogDp) measured by the SMPS
SMPS_bin11_stdPT,#/cm3,AerMP_NumSizeDist_InSitu_RHd_Mobility_NucltoAccu_STP,Binned number size distribution (in dNdlogDp) measured by the SMPS
SMPS_bin12_stdPT,#/cm3,AerMP_NumSizeDist_InSitu_RHd_Mobility_NucltoAccu_STP,Binned number size distribution (in dNdlogDp) measured by the SMPS
SMPS_bin13_stdPT,#/cm3,AerMP_NumSizeDist_InSitu_RHd_Mobility_NucltoAccu_STP,Binned number size distribution (in dNdlogDp) measured by the SMPS
SMPS_bin14_stdPT,#/cm3,AerMP_NumSizeDist_InSitu_RHd_Mobility_NucltoAccu_STP,Binned number size distribution (in dNdlogDp) measured by the SMPS
[...]
UNCERTAINTY:  20%
ULOD_FLAG: -7777
ULOD_VALUE: N/A
LLOD_FLAG: -8888
LLOD_VALUE: N/A
DM_CONTACT_INFO: Lee Thornhill (Kenneth.L.Thornhill@nasa.gov)
PROJECT_INFO: FIREX-AQ
STIPULATIONS_ON_USE: No stipulations on use. The user is encouraged to contact the PI or DM prior to use.
OTHER_COMMENTS: Midpoint diameters of Bins 00 to 43 are: 0.011,0.012,0.013,0.014,0.015,0.016,0.017,0.018,0.019,0.021,0.022,0.024,0.026,0.028,0.030,0.032,0.035,0.037,0.040,0.043,0.046,0.050,0.053,0.057,0.061,0.066,0.071,0.076,0.082,0.088,0.095,0.102,0.109,0.118,0.126,0.136,0.146,0.157,0.168,0.181,0.194,0.209,0.225,0.241
REVISION: R0
R0: Final Data. Data are corrected for time lags and ammonium sulfate size calibrations.
*******************************************************************************************************************************
Time_start,Time_stop,Time_mid,nSMPS_stdPT,sSMPS_stdPT,vSMPS_stdPT,SMPS_stdPT,SMPS_bin00_stdPT,SMPS_bin01_stdPT,SMPS_bin02_stdPT,SMPS_bin03_stdPT,SMPS_bin04_stdPT,SMPS_bin05_stdPT,SMPS_bin06_stdPT,SMPS_bin07_stdPT,SMPS_bin08_stdPT,SMPS_bin09_stdPT,SMPS_bin10_stdPT,SMPS_bin11_stdPT,SMPS_bin12_stdPT,SMPS_bin13_stdPT,SMPS_bin14_stdPT,SMPS_bin15_stdPT,SMPS_bin16_stdPT,SMPS_bin17_stdPT,SMPS_bin18_stdPT,SMPS_bin19_stdPT,SMPS_bin20_stdPT,SMPS_bin21_stdPT,SMPS_bin22_stdPT,SMPS_bin23_stdPT,SMPS_bin24_stdPT,SMPS_bin25_stdPT,SMPS_bin26_stdPT,SMPS_bin27_stdPT,SMPS_bin28_stdPT,SMPS_bin29_stdPT,SMPS_bin30_stdPT,SMPS_bin31_stdPT,SMPS_bin32_stdPT,SMPS_bin33_stdPT,SMPS_bin34_stdPT,SMPS_bin35_stdPT,SMPS_bin36_stdPT,SMPS_bin37_stdPT,SMPS_bin38_stdPT,SMPS_bin39_stdPT,SMPS_bin40_stdPT,SMPS_bin41_stdPT,SMPS_bin42_stdPT,SMPS_bin43_stdPT
[from data line 140]
84214,84259,84236.5,1144.09,10.19,0.16,2.46,0.00,0.00,0.00,0.00,0.00,2233.51,1371.80,1395.86,541.59,1326.63,2124.08,947.42,856.15,1785.52,1917.42,1277.20,2128.54,1935.74,2001.92,821.36,1553.35,1918.37,1166.18,1333.42,1401.24,1009.46,918.95,995.19,552.23,706.28,728.71,368.50,220.80,318.83,240.90,10.54,87.83,46.79,45.24,58.62,112.17,35.32,77.21,0.00
84273,84318,84295.5,1244.17,8.53,0.12,2.46,0.00,0.00,0.00,0.00,2951.74,635.28,130.14,3124.48,1203.56,2838.40,399.25,2953.97,2535.70,1128.04,2041.34,1982.06,2360.28,1970.96,1115.08,1461.38,1576.10,1275.29,1095.89,1197.10,920.30,770.63,734.75,398.57,569.64,676.67,216.80,320.61,320.41,175.52,199.94,139.56,160.28,0.00,118.95,36.73,0.00,0.00,38.44,39.55
84332,84377,84354.5,1425.59,9.84,0.14,2.46,0.00,0.00,0.00,0.00,2947.15,2561.59,1125.97,2757.96,1434.70,2159.81,1694.47,2952.77,3668.95,2286.68,1811.83,1932.31,1665.62,1526.26,1787.44,1112.95,1194.60,587.02,1029.71,1187.27,969.63,943.84,1173.03,1132.19,877.13,828.89,689.96,606.03,112.26,205.51,203.98,171.71,54.76,72.29,0.00,0.00,37.07,75.52,0.00,0.00
84391,84436,84413.5,1318.20,9.29,0.15,2.46,0.00,0.00,0.00,0.00,2657.17,2554.71,3859.89,1386.06,2675.05,1696.01,2068.68,2540.03,1786.35,2137.52,1240.11,1512.34,1747.11,1337.69,1442.28,840.43,1339.18,866.58,776.87,956.49,845.75,779.75,1005.98,1215.80,351.39,471.95,722.34,179.69,307.37,161.92,0.00,103.57,129.86,40.96,72.61,34.97,147.47,35.14,114.79,0.00
84450,84495,84472.5,1675.58,8.65,0.12,2.46,0.00,0.00,0.00,0.00,7084.40,3358.60,5515.03,3271.43,2158.25,3399.55,2733.27,2041.31,2014.18,2068.05,2209.96,1582.64,1846.44,1169.83,1407.00,1149.84,944.07,888.20,1344.08,1451.43,1412.14,850.16,643.09,254.56,716.35,438.90,275.66,288.80,348.90,172.08,45.07,82.38,99.33,126.32,71.70,52.94,24.80,0.00,38.17,0.00
84509,84554,84531.5,2009.30,9.60,0.13,2.46,0.00,0.00,0.00,0.00,5313.39,5599.77,7670.65,3031.35,3275.12,5054.09,2875.04,3357.16,3582.43,3740.20,3178.33,2772.88,2092.47,1311.63,965.11,839.87,752.49,810.68,541.79,774.98,666.06,557.73,797.59,535.69,990.34,1027.70,505.06,535.92,366.36,181.04,49.28,284.63,51.04,48.01,0.00,36.27,48.77,0.00,37.95,38.74
84568,84613,84590.5,1585.28,11.36,0.19,2.46,0.00,0.00,0.00,0.00,2642.94,2557.07,2130.11,3476.00,2840.42,5466.32,2578.53,2334.92,1449.12,2747.08,3318.15,2386.78,1428.15,1314.06,1272.50,959.57,603.78,1328.56,898.32,728.64,1208.20,1109.84,488.24,427.77,887.33,947.28,733.87,674.85,542.47,482.23,72.07,66.63,229.28,34.78,0.00,93.97,34.40,0.00,4.72,140.38
84627,84672,84649.5,1382.47,11.26,0.20,2.46,0.00,0.00,0.00,0.00,2843.30,4316.85,3095.79,1328.09,3230.00,2481.46,4504.09,1505.33,2392.19,2138.56,1042.96,1587.14,567.32,391.06,782.40,821.76,512.48,300.58,717.56,782.22,934.66,1191.91,1027.52,812.02,796.30,653.26,696.68,567.77,442.26,242.63,353.44,396.58,77.79,181.08,188.23,105.20,24.82,112.38,0.00,39.06
84686,84731,84708.5,1421.94,10.07,0.16,2.46,0.00,0.00,0.00,0.00,4347.14,3680.26,2689.62,2096.12,3288.46,2326.34,2369.18,3280.79,1735.03,1560.84,2099.36,1229.55,881.11,601.27,1119.45,471.56,1010.19,981.69,1368.96,1014.96,750.63,681.70,843.93,725.53,685.25,876.20,494.87,528.30,260.58,370.76,255.68,292.20,149.67,98.84,36.10,108.83,126.09,37.64,0.00,0.00
84745,84790,84767.5,2420.65,11.06,0.15,2.46,0.00,0.00,0.00,0.00,10024.67,9444.23,4441.47,8713.14,4543.27,3985.88,4520.94,4046.92,3890.01,2664.34,2665.80,1834.51,1520.05,1213.74,1007.14,1369.57,783.82,1204.53,1170.39,685.76,732.54,1198.75,1001.27,577.79,650.53,745.59,407.55,712.33,360.24,440.27,301.08,245.44,68.83,55.11,41.98,91.03,24.22,14.83,27.42,33.72
84804,84849,84826.5,1945.78,9.89,0.14,2.46,0.00,0.00,0.00,0.00,11000.69,3983.95,4957.79,5826.09,4693.99,3340.42,2333.76,2506.86,2843.04,2404.05,2168.24,1174.90,1387.11,684.40,1073.58,1323.45,347.71,523.83,1133.50,984.63,912.71,914.15,783.30,427.83,1200.91,703.37,630.12,467.53,624.45,204.85,331.83,80.01,35.33,47.25,0.00,95.66,0.00,36.82,0.00,76.68
84863,84908,84885.5,1751.38,9.86,0.13,2.46,0.00,0.00,0.00,0.00,9242.10,3184.81,1212.40,4150.33,2739.63,3239.35,3999.44,3777.41,2624.82,2767.06,2014.66,1374.35,790.95,878.81,948.18,1037.93,797.14,809.04,1308.70,1286.18,793.90,876.39,1238.46,941.70,704.34,451.82,553.14,853.88,428.03,297.91,162.99,173.58,206.55,106.85,0.00,71.29,0.00,0.00,0.00,0.00
84922,84967,84944.5,1521.60,10.26,0.17,2.46,0.00,0.00,0.00,0.00,0.00,1586.42,1781.07,3199.17,4153.85,4493.69,3286.95,4406.08,3243.68,2473.51,2838.32,1336.63,2139.49,1630.41,985.89,589.63,1596.89,1076.21,475.77,250.45,769.29,754.86,809.91,970.27,1058.34,312.42,472.71,538.07,169.47,303.62,183.39,190.86,111.72,70.27,233.06,0.00,44.33,0.00,36.87,37.63
84982,85027,85004.5,1266.51,9.72,0.17,2.46,0.00,0.00,0.00,0.00,1660.90,2724.49,1361.40,2647.58,2569.89,2841.16,1173.86,1486.64,2291.93,2026.23,2106.23,2061.99,1710.10,802.90,703.82,906.13,1287.18,1126.74,1074.88,673.34,780.05,1513.17,633.43,751.48,752.63,566.35,382.35,605.53,312.58,108.22,234.39,122.42,92.37,143.18,54.54,7.41,14.10,84.01,0.00,0.00
85041,85086,85063.5,1358.77,9.15,0.14,2.46,0.00,0.00,0.00,0.00,2950.83,3669.49,3646.54,2135.19,1182.63,1881.19,1840.90,1246.54,2776.00,1790.05,2125.68,1539.04,1614.44,1665.74,1306.46,1791.00,1274.18,1295.00,810.14,697.69,1077.82,331.48,786.50,616.07,415.80,453.34,593.18,484.88,305.92,100.97,267.10,349.44,146.76,37.32,69.84,35.13,91.07,15.96,41.38,21.80
85100,85145,85122.5,1097.22,8.51,0.15,2.46,0.00,0.00,0.00,0.00,1474.05,0.00,1680.88,2684.67,1697.17,1560.61,1430.43,2352.29,1561.53,2306.02,1042.36,1463.33,1291.03,1600.62,1860.01,1293.04,1528.77,1234.85,1027.17,841.83,598.67,603.95,642.22,350.57,548.91,616.24,508.76,150.26,230.59,211.65,75.33,52.71,166.21,114.33,89.26,41.20,0.00,0.00,36.70,25.01
85159,85204,85181.5,1359.97,9.52,0.15,2.46,0.00,0.00,0.00,0.00,3136.16,2547.18,2965.18,1682.10,2750.97,1292.34,1729.18,2905.47,2006.25,1976.07,1138.52,1415.77,2201.25,1828.02,1294.49,1299.35,1384.46,1269.90,748.12,1013.09,1068.19,1227.97,558.51,705.82,479.05,662.41,471.49,359.56,288.36,277.91,233.35,44.97,95.55,132.88,34.88,125.95,59.94,68.25,0.00,0.00
85218,85263,85240.5,1145.86,10.91,0.18,2.47,0.00,0.00,0.00,0.00,192.93,1591.89,3532.19,1260.39,1948.76,1978.17,1387.17,1898.17,1074.11,898.22,1470.04,1381.02,1239.02,1153.73,979.58,1173.28,1118.65,1416.91,886.78,845.61,1009.04,1058.10,1578.93,1117.56,723.82,844.34,721.13,330.19,482.35,327.44,204.03,137.33,318.07,89.44,69.86,66.39,30.29,15.97,36.86,0.00
85277,85322,85299.5,1363.71,11.56,0.19,2.46,0.00,0.00,0.00,0.00,6090.31,5427.06,3143.61,1311.49,1831.70,2831.92,911.13,1044.92,883.54,696.80,386.42,1235.00,990.78,873.81,526.42,574.16,1119.66,1432.24,1084.03,1212.00,1391.69,1045.76,1207.15,1211.19,946.57,793.10,668.69,494.82,478.40,387.51,431.94,305.29,209.71,86.00,113.21,70.28,71.26,57.18,36.78,25.37
85336,85381,85358.5,1185.18,11.74,0.19,2.46,0.00,0.00,0.00,0.00,3826.21,2393.26,1786.48,909.50,2224.85,1348.81,2033.93,1434.22,1803.01,791.89,581.28,502.86,942.94,537.87,941.85,1254.94,1180.23,1233.24,824.51,1036.75,938.19,1071.91,1106.81,1219.12,1190.30,1031.79,939.42,822.05,323.31,378.21,510.07,173.65,81.96,122.75,232.79,24.45,36.04,108.49,0.00,0.00
85395,85440,85417.5,1254.83,11.21,0.20,2.46,0.00,0.00,0.00,0.00,3531.15,3815.27,4374.77,3352.18,1277.39,1378.44,1121.76,1679.13,1167.35,623.68,996.19,1000.89,1075.40,859.64,885.15,584.35,438.00,600.67,1023.99,1136.46,1296.34,1081.16,1021.66,960.84,786.79,766.09,565.22,657.20,312.68,493.09,172.81,306.30,155.33,97.79,117.06,66.83,209.93,103.20,22.22,0.00
85454,85499,85476.5,1313.42,13.86,0.22,2.43,0.00,0.00,0.00,0.00,1661.92,2029.84,463.00,1620.28,3804.75,1839.04,2825.63,1027.96,1589.54,1156.67,1160.09,1645.89,859.28,863.93,1316.14,1005.03,1137.46,1429.23,1023.67,1157.20,1195.36,1544.80,1509.16,1528.56,1532.29,637.43,662.81,1034.39,359.13,586.07,556.84,382.13,279.88,237.17,204.29,55.22,48.37,35.22,23.76,0.00
85513,85558,85535.5,980.80,13.07,0.24,2.39,0.00,0.00,0.00,0.00,990.95,2094.84,1432.49,1850.79,272.55,893.30,924.29,798.17,731.38,946.07,650.95,708.49,784.34,700.31,678.60,772.45,785.25,1110.17,1213.20,1468.66,1512.41,1212.99,1090.46,1213.96,1418.84,906.42,993.75,741.57,722.75,359.89,255.12,318.28,218.94,150.45,169.25,86.48,22.74,0.00,0.00,35.57
85572,85617,85594.5,1083.05,14.23,0.25,2.32,0.00,0.00,0.00,0.00,0.00,2887.15,1027.52,1946.64,0.00,1184.06,876.66,1520.60,1017.10,670.40,60.93,650.95,662.59,1214.28,711.56,1050.75,768.16,895.80,2346.86,1520.65,1729.35,2059.90,2024.63,1419.17,1601.53,819.64,759.70,732.83,666.75,425.30,298.65,320.28,177.69,161.11,64.76,107.30,45.44,99.78,0.00,34.32
85631,85676,85653.5,1600.92,9.55,0.15,2.12,0.00,0.00,0.00,0.00,2374.89,3269.48,3722.52,3417.79,2766.47,4449.77,1997.47,2661.26,2625.95,3847.93,2235.92,1914.04,1299.16,1906.08,1558.47,977.12,1396.06,1350.93,1034.06,591.71,586.18,658.41,813.95,457.82,888.59,487.49,227.03,360.96,268.93,181.40,222.14,144.97,87.13,123.69,77.28,0.00,40.82,51.02,14.99,46.02
85690,85735,85712.5,3311.31,10.23,0.17,1.94,0.00,0.00,14306.66,10804.85,9913.63,8906.08,9820.15,8462.75,5044.42,7208.93,6724.41,4101.55,4290.65,2146.78,2085.13,1610.02,1130.13,881.09,818.04,474.00,633.16,803.43,420.33,608.92,448.44,592.89,405.07,406.96,552.28,347.92,192.90,262.90,390.14,62.86,114.73,147.94,193.58,136.18,125.15,63.21,51.98,79.18,59.90,48.43
85749,85794,85771.5,2017.62,13.91,0.29,1.82,0.00,0.00,4091.73,6252.95,7271.88,2449.28,5057.59,4435.44,2477.67,2796.09,2244.52,3362.99,1926.72,2068.20,1651.48,1469.96,2042.28,1800.12,1302.88,961.50,1127.57,739.56,819.78,855.90,1238.06,589.74,468.46,333.56,508.45,323.53,238.84,360.59,554.78,495.94,223.83,385.11,226.07,265.70,214.84,203.50,273.35,206.88,63.43,103.60
85808,85853,85830.5,6245.34,28.56,0.58,1.75,0.00,0.00,22471.37,14432.84,18835.85,18748.95,26583.80,16054.00,12842.83,8682.02,13517.68,10716.27,5678.17,3878.48,2235.33,1123.69,1140.70,1627.38,1068.86,1856.15,1451.30,1255.76,848.86,1250.74,863.98,713.10,1341.91,989.98,1156.12,1059.72,1101.67,708.75,771.85,657.38,340.19,417.73,182.23,512.78,488.70,528.21,612.48,421.34,386.34,215.76
85867,85912,85889.5,5501.63,36.46,0.83,1.74,0.00,0.00,17726.36,18983.01,14247.72,13913.32,14136.79,7704.52,13651.54,12605.09,12227.84,9475.86,5990.03,3724.69,2466.07,1749.65,1796.68,1224.38,1266.94,1260.80,1524.22,1395.30,1287.94,344.94,1014.70,702.84,848.49,1040.23,892.04,1136.50,1305.20,1462.65,996.73,1376.68,692.87,975.08,831.03,607.05,578.41,595.19,719.45,417.15,456.62,403.54
85926,85971,85948.5,6274.04,34.15,0.77,1.75,0.00,0.00,14572.60,21977.20,22440.99,20450.13,20687.39,20028.24,14148.26,10766.94,7831.35,8712.50,5725.84,2781.96,3673.95,2444.43,1012.16,1292.85,1248.72,1563.40,841.83,627.73,1200.15,829.82,1095.27,1108.09,776.28,893.48,1410.75,918.13,840.39,1090.92,1108.56,861.00,613.83,628.14,958.71,385.44,467.89,405.77,626.95,622.75,380.07,419.85
85985,86030,86007.5,7027.33,36.68,0.82,1.75,0.00,0.00,22678.49,19736.85,26131.82,25208.97,20682.21,13865.73,19041.79,16465.64,11958.02,8298.81,6162.24,3777.31,2410.02,2202.78,1279.84,1511.64,1182.19,1077.05,512.17,1091.56,1229.80,1376.99,691.49,802.45,801.84,861.88,1299.63,1769.77,1414.89,1220.04,1574.92,1035.22,647.03,352.65,671.76,648.10,348.05,325.45,620.71,684.35,449.34,377.46
86044,86089,86066.5,8883.24,35.67,0.68,1.75,0.00,0.00,36471.18,38827.41,15180.60,14808.20,20609.39,25141.58,24309.71,18792.77,16544.69,18254.26,7497.15,7349.25,5340.79,3347.54,1973.29,2565.62,2190.80,2081.30,1861.61,1681.21,2095.44,1648.03,1347.40,1343.46,1699.11,1286.83,389.87,731.61,951.37,1031.43,865.87,962.57,507.70,464.53,736.07,532.74,451.51,486.44,702.25,414.19,327.03,324.83
86103,86148,86125.5,10496.04,47.03,0.87,1.75,0.00,0.00,27265.35,18031.21,31205.73,25009.22,22106.66,22097.35,24155.40,20949.82,21029.14,19621.44,16557.97,13586.72,9556.74,10184.60,8379.18,6625.19,4380.28,3430.31,2975.48,2253.38,2866.29,2580.76,2319.20,1776.94,1969.68,1454.83,1198.21,1820.76,1456.74,1145.86,958.84,732.09,809.06,712.73,576.25,640.30,691.37,821.55,464.18,323.89,409.08,377.31
86162,86207,86184.5,11245.27,51.45,0.80,1.75,0.00,0.00,17217.96,15918.58,12621.33,20249.43,15856.58,9088.06,14253.46,18375.78,18749.15,19013.92,22636.57,28175.30,26397.16,25084.24,24412.63,15487.43,11947.14,9306.23,6603.88,4761.05,3497.42,2418.26,2539.47,1941.00,1482.31,1252.98,1219.52,593.59,972.04,1483.78,640.66,662.51,538.39,588.59,372.53,641.48,538.92,539.43,362.05,477.38,289.95,286.74
86221,86266,86243.5,12439.97,72.46,1.33,1.75,0.00,0.00,12851.48,14635.78,19094.08,14531.18,14867.02,17955.55,18265.97,16819.54,21425.54,21296.03,17606.88,22606.74,26732.80,27401.52,28453.29,19434.60,13704.67,14798.39,12121.79,9027.02,5801.22,3855.70,2904.61,2705.29,1423.54,1341.04,1162.97,1555.47,1536.77,1202.63,1622.06,1596.60,830.35,484.60,396.54,632.86,852.47,864.96,879.90,761.06,714.61,678.96
86280,86325,86302.5,14502.15,78.07,1.25,1.75,0.00,0.00,16116.91,15095.71,19167.52,18559.03,17721.60,18432.30,18390.08,15773.76,21030.55,17134.75,18508.98,35830.83,36891.68,33736.67,27045.70,29925.41,24317.17,17653.81,11987.98,10525.52,7315.84,5749.32,3597.97,3054.35,2140.58,1683.34,1588.31,1205.90,1590.62,1289.12,1544.90,1128.42,1151.52,856.05,1227.10,775.83,995.27,695.96,638.70,423.27,693.43,498.54
86339,86384,86361.5,12744.46,77.66,1.55,1.75,0.00,0.00,22303.74,12661.67,24391.26,26458.15,19224.29,23010.27,20413.83,18834.18,22278.95,18073.92,18281.96,16007.89,20389.85,20699.66,20647.45,19610.80,17293.02,13343.04,9338.08,6784.75,5151.50,3459.33,3999.69,2964.20,2066.44,1649.59,1780.45,841.45,1373.41,1164.75,1642.07,1291.95,1140.69,756.02,1398.15,653.67,655.00,1127.67,1182.12,1235.90,738.43,764.09
86398,86443,86420.5,13094.17,69.10,1.17,1.75,0.00,0.00,13450.79,16033.52,18404.77,16105.49,19680.30,20525.13,21295.37,24670.39,29431.81,22842.05,21347.86,24484.67,24834.29,24630.98,21040.13,18601.21,14031.04,11886.88,10122.32,7810.75,5794.49,4865.79,4343.90,3264.66,2050.64,1567.02,1661.59,1619.49,1281.58,848.09,1728.99,1227.56,859.71,817.43,778.07,519.81,567.67,976.98,1013.31,616.22,568.36,451.76
86457,86502,86479.5,13398.19,83.99,1.51,1.75,0.00,0.00,14118.93,22857.52,23642.60,17541.99,13521.35,17181.92,18339.74,18132.54,17545.20,20059.39,21317.18,20925.11,20311.99,24261.80,31518.44,24640.54,17960.78,16494.66,12218.30,11120.55,6715.30,4574.30,4051.33,3062.29,2630.44,2787.01,1873.34,1838.77,1633.81,1496.39,1555.09,1505.19,1530.76,1576.82,1324.25,1218.67,1069.54,1020.21,1020.31,830.92,717.53,567.95
86516,86561,86538.5,11945.69,60.90,1.02,1.75,0.00,0.00,11567.51,21663.88,26694.52,19406.62,19862.85,18541.92,17594.80,18027.33,15182.51,14283.43,18718.95,16148.72,20149.96,21693.73,21123.00,20370.29,19661.51,15790.29,9879.36,6599.62,5751.70,2994.72,2410.11,1550.11,1666.31,860.62,1499.59,1009.44,1321.18,1431.81,1423.04,940.24,918.60,562.81,428.15,670.36,764.94,495.41,789.26,546.96,507.89,397.54
86575,86620,86597.5,12640.08,57.87,0.89,1.75,0.00,0.00,18322.86,21056.62,17193.86,14703.50,14271.24,15634.40,20226.19,21131.37,19476.71,20777.07,23446.55,24073.04,25335.24,29425.32,23970.01,22210.36,19760.70,14833.61,9600.99,6095.45,3660.13,1660.30,2585.21,1250.93,670.94,1006.19,1330.97,1478.44,1112.17,1063.82,875.40,824.34,418.59,462.03,648.26,736.91,480.13,548.15,631.26,498.06,362.79,262.97
86634,86679,86656.5,8055.26,43.68,0.87,1.75,0.00,0.00,17421.39,12735.01,11948.24,16267.72,21466.12,17382.71,11013.63,13255.34,14379.29,16796.39,15168.81,13092.53,12660.92,11478.46,11219.01,7308.25,5965.80,3931.16,2300.23,3360.77,1566.55,1347.40,642.83,483.28,820.98,1024.59,744.34,1160.11,883.94,871.82,1267.93,1135.53,791.13,873.41,751.29,864.06,508.98,458.93,742.73,518.50,506.74,363.27
86693,86738,86715.5,7441.96,35.69,0.69,1.75,0.00,0.00,20227.12,22943.86,19697.70,13645.52,21030.62,23334.00,17033.47,15346.12,13503.58,11903.05,9616.93,6213.53,5546.71,4882.47,3642.44,2619.58,1838.07,1887.48,1890.72,1381.76,887.96,693.91,958.35,1103.05,1578.09,1986.53,1535.36,1561.06,1516.52,1176.26,632.92,1165.86,786.88,376.14,579.34,621.79,558.80,567.34,518.04,482.23,329.35,159.15
