Data/Raw/MOORE,RICHARD/FIREXAQ-LARGE-SMPS_DC8_20190808_R0.ict
88,1001
Richard Moore, Elizabeth Wiggins, Edward Winstead, Claire Robinson, Lee Thornhill, and Kevin Sanchez
NASA Langley Research Center
In-situ Submicron Particle Size Distributions from a SMPS on the NASA DC-8
FIREXAQ
1,1
2019,08,08,2020,03,10
0
Time_start,Secs after midnight,Time of acquisition
50
1,1,1,1,1,1,1,1,1,1,1,1,1,1,1,1,1,1,1,1,1,1,1,1,1,1,1,1,1,1,1,1,1,1,1,1,1,1,1,1,1,1,1,1,1,1,1,1,1,1
-9999,-9999,-9999,-9999,-9999,-9999,-9999,-9999,-9999,-9999,-9999,-9999,-9999,-9999,-9999,-9999,-9999,-9999,-9999,-9999,-9999,-9999,-9999,-9999,-9999,-9999,-9999,-9999,-9999,-9999,-9999,-9999,-9999,-9999,-9999,-9999,-9999,-9999,-9999,-9999,-9999,-9999,-9999,-9999,-9999,-9999,-9999,-9999,-9999,-9999
Time_stop,Secs after midnight,Time of acquisition
Time_mid,Secs after midnight,Time of acquisition
nSMPS_stdPT,#/cm3,AerMP_NumConc_InSitu_RHd_Mobility_NucltoAccu_STP,integrated_number_density
sSMPS_stdPT,um2/cm3,AerMP_SurfAreaConc_InSitu_RHd_Mobility_NucltoAccu_STP,integrated_surface_area
vSMPS_stdPT,um3/cm3,AerMP_VolConc_InSitu_RHd_Mobility_NucltoAccu_STP,integrated_volume
SMPS_stdPT, unitless, None, conversion between ambient PT and standard PT (1013, 273)
SMPS_bin00_stdPT,#/cm3,AerMP_NumSizeDist_InSitu_RHd_Mobility_NucltoAccu_STP,Binned number size distribution (in dNdlogDp) measured by the SMPS
SMPS_bin01_stdPT,#/cm3,AerMP_NumSizeDist_InSitu_RHd_Mobility_NucltoAccu_STP,Binned number size distribution (in dNdlogDp) measured by the SMPS
SMPS_bin02_stdPT,#/cm3,AerMP_NumSizeDist_InSitu_RHd_Mobility_NucltoAccu_STP,Binned number size distribution (in dNdlogDp) measured by the SMPS
SMPS_bin03_stdPT,#/cm3,AerMP_NumSizeDist_InSitu_RHd_Mobility_NucltoAccu_STP,Binned number size distribution (in dNdlogDp) measured by the SMPS
SMPS_bin04_stdPT,#/cm3,AerMP_NumSizeDist_InSitu_RHd_Mobility_NucltoAccu_STP,Binned number size distribution (in dNdlogDp) measured by the SMPS
SMPS_bin05_stdPT,#/cm3,AerMP_NumSizeDist_InSitu_RHd_Mobility_NucltoAccu_STP,Binned number size distribution (in dNdlogDp) measured by the SMPS
SMPS_bin06_stdPT,#/cm3,AerMP_NumSizeDist_InSitu_RHd_Mobility_NucltoAccu_STP,Binned number size distribution (in dNdlogDp) measured by the SMPS
SMPS_bin07_stdPT,#/cm3,AerMP_NumSizeDist_InSitu_RHd_Mobility_NucltoAccu_STP,Binned number size distribution (in dNdlogDp) measured by the SMPS
SMPS_bin08_stdPT,#/cm3,AerMP_NumSizeDist_InSitu_RHd_Mobility_NucltoAccu_STP,Binned number size distribution (in dNdlogDp) measured by the SMPS
SMPS_bin09_stdPT,#/cm3,AerMP_NumSizeDist_InSitu_RHd_Mobility_NucltoAccu_STP,Binned number size distribution (in dNdlogDp) measured by the SMPS
SMPS_bin10_stdPT,#/cm3,AerMP_NumSizeDist_InSitu_RHd_Mobility_NucltoAccu_STP,Binned number size distribution (in dNdlogDp) measured by the SMPS
SMPS_bin11_stdPT,#/cm3,AerMP_NumSizeDist_InSitu_RHd_Mobility_NucltoAccu_STP,Binned number size distribution (in dNdlogDp) measured by the SMPS
SMPS_bin12_stdPT,#/cm3,AerMP_NumSizeDist_InSitu_RHd_Mobility_NucltoAccu_STP,Binned number size distribution (in dNdlogDp) measured by the SMPS
SMPS_bin13_stdPT,#/cm3,AerMP_NumSizeDist_InSitu_RHd_Mobility_NucltoAccu_STP,Binned number size distribution (in dNdlogDp) measured by the SMPS
SMPS_bin14_stdPT,#/cm3,AerMP_NumSizeDist_InSitu_RHd_Mobility_NucltoAccu_STP,Binned number size distribution (in dNdlogDp) measured by the SMPS
[...]
UNCERTAINTY:  20%
ULOD_FLAG: -7777
ULOD_VALUE: N/A
LLOD_FLAG: -8888
LLOD_VALUE: N/A
DM_CONTACT_INFO: Lee Thornhill (Kenneth.L.Thornhill@nasa.gov)
PROJECT_INFO: FIREX-AQ
STIPULATIONS_ON_USE: No stipulations on use. The user is encouraged to contact the PI or DM prior to use.
OTHER_COMMENTS: Midpoint diameters of Bins 00 to 43 are: 0.011,0.012,0.013,0.014,0.015,0.016,0.017,0.018,0.019,0.021,0.022,0.024,0.026,0.028,0.030,0.032,0.035,0.037,0.040,0.043,0.046,0.050,0.053,0.057,0.061,0.066,0.071,0.076,0.082,0.088,0.095,0.102,0.109,0.118,0.126,0.136,0.146,0.157,0.168,0.181,0.194,0.209,0.225,0.241
REVISION: R0
R0: Final Data. Data are corrected for time lags and ammonium sulfate size calibrations.
*******************************************************************************************************************************
Time_start,Time_stop,Time_mid,nSMPS_stdPT,sSMPS_stdPT,vSMPS_stdPT,SMPS_stdPT,SMPS_bin00_stdPT,SMPS_bin01_stdPT,SMPS_bin02_stdPT,SMPS_bin03_stdPT,SMPS_bin04_stdPT,SMPS_bin05_stdPT,SMPS_bin06_stdPT,SMPS_bin07_stdPT,SMPS_bin08_stdPT,SMPS_bin09_stdPT,SMPS_bin10_stdPT,SMPS_bin11_stdPT,SMPS_bin12_stdPT,SMPS_bin13_stdPT,SMPS_bin14_stdPT,SMPS_bin15_stdPT,SMPS_bin16_stdPT,SMPS_bin17_stdPT,SMPS_bin18_stdPT,SMPS_bin19_stdPT,SMPS_bin20_stdPT,SMPS_bin21_stdPT,SMPS_bin22_stdPT,SMPS_bin23_stdPT,SMPS_bin24_stdPT,SMPS_bin25_stdPT,SMPS_bin26_stdPT,SMPS_bin27_stdPT,SMPS_bin28_stdPT,SMPS_bin29_stdPT,SMPS_bin30_stdPT,SMPS_bin31_stdPT,SMPS_bin32_stdPT,SMPS_bin33_stdPT,SMPS_bin34_stdPT,SMPS_bin35_stdPT,SMPS_bin36_stdPT,SMPS_bin37_stdPT,SMPS_bin38_stdPT,SMPS_bin39_stdPT,SMPS_bin40_stdPT,SMPS_bin41_stdPT,SMPS_bin42_stdPT,SMPS_bin43_stdPT
[from data line 234]
89334,89379,89356.5,1258.44,12.28,0.27,3.60,0.00,0.00,0.00,0.00,0.00,0.00,0.00,5783.39,3093.46,2690.74,3874.91,2091.15,2616.33,649.69,1828.78,1538.30,1705.27,1071.28,460.26,1062.78,1389.37,1298.73,1284.13,665.28,710.85,1240.64,535.54,453.98,586.13,626.15,441.70,423.15,296.44,306.88,247.01,231.43,235.75,107.22,74.54,82.67,81.77,15.90,174.49,74.35
89393,89438,89415.5,1426.73,11.65,0.25,3.60,0.00,0.00,0.00,0.00,0.00,0.00,4822.09,7944.50,1112.25,2769.57,2994.15,3244.02,1392.87,2208.15,1352.67,2292.53,1453.15,2076.62,865.65,806.83,1741.73,737.52,929.44,625.15,828.57,685.78,804.38,570.79,566.13,376.81,135.26,278.28,274.67,85.70,259.06,317.14,177.57,74.72,172.17,201.18,102.42,0.00,104.56,83.60
89453,89498,89475.5,986.81,12.24,0.28,3.60,0.00,0.00,0.00,0.00,0.00,0.00,0.00,2421.45,3079.63,2653.41,1520.83,1604.62,1634.89,1457.59,291.67,1418.86,962.95,1295.38,1456.04,1196.38,553.58,1165.15,807.33,612.32,1085.61,336.37,639.03,522.00,927.65,380.45,484.32,339.28,544.13,473.14,273.82,250.88,329.89,37.72,228.14,3.00,92.81,107.83,94.50,53.77
89512,89557,89534.5,1189.78,12.40,0.27,3.49,0.00,0.00,0.00,0.00,0.00,0.00,388.22,3294.32,1855.48,3779.21,2605.61,2682.01,1532.82,2998.61,1138.96,1920.21,1330.22,1388.40,1264.99,1479.87,1573.79,880.15,978.05,570.83,763.19,302.51,838.38,161.55,484.73,218.23,561.72,437.23,516.35,292.28,295.52,155.19,192.92,104.95,153.35,135.61,203.03,250.28,85.75,258.35
89571,89616,89593.5,1965.28,15.30,0.29,3.30,0.00,0.00,0.00,0.00,0.00,0.00,12636.83,3868.05,3741.35,4542.44,2908.11,2433.45,3473.11,2343.47,1073.94,2142.21,1908.83,2446.24,2086.27,2237.28,2291.64,1363.49,1567.36,762.87,1028.34,1177.31,802.85,833.25,531.84,971.16,812.65,529.95,265.59,402.86,139.96,303.25,122.09,105.03,270.55,192.55,23.82,123.59,114.74,156.79
89630,89675,89652.5,1221.09,10.44,0.19,3.03,0.00,0.00,0.00,0.00,0.00,1958.51,5174.56,4504.49,3125.46,1821.77,1640.22,628.44,719.72,2628.12,865.89,1032.53,1413.60,1055.42,623.35,521.16,900.07,1105.85,1006.05,845.00,945.88,904.66,676.69,1187.66,579.96,358.57,593.48,312.54,311.85,233.79,167.62,378.10,144.40,200.59,68.10,193.63,69.22,0.00,57.21,29.12
89689,89734,89711.5,5256.92,778.74,32.70,2.89,0.00,0.00,0.00,0.00,0.00,774.32,2902.03,1613.91,2171.14,1554.66,774.53,2964.95,1863.76,1358.29,908.22,1415.58,1321.02,988.38,1272.23,1632.77,1303.55,1849.30,1707.73,1074.25,1533.66,1026.69,1068.04,1340.36,346.92,876.73,1575.55,2098.02,992.17,1579.60,487.50,0.00,0.00,0.00,71.66,2376.90,8943.15,12977.93,21380.83,22696.51
89748,89793,89770.5,3603.82,530.53,22.01,2.84,0.00,0.00,0.00,0.00,0.00,2706.14,2159.59,0.00,1273.21,1198.36,479.95,187.94,650.03,984.62,251.67,828.29,753.80,640.32,1230.20,727.72,727.33,596.06,840.05,548.87,294.41,522.27,463.42,84.45,1070.35,1036.16,1864.23,2142.59,2504.65,540.21,459.07,52.60,215.96,0.00,917.26,3521.04,6330.65,7940.92,15178.93,16495.34
89807,89852,89829.5,5446.88,632.48,24.19,2.84,0.00,0.00,0.00,0.00,0.00,3095.00,2704.19,4518.62,1117.89,895.76,1963.64,785.54,645.08,1120.18,857.30,638.98,1156.43,733.51,744.03,1311.14,1216.75,1175.56,1025.31,792.24,413.71,183.64,186.73,643.93,956.84,1332.71,2000.15,2791.63,3978.21,5098.40,5704.23,5237.92,8733.08,4253.61,6909.32,9566.58,13108.47,11021.79,17708.23,15384.42
89866,89911,89888.5,1477.35,103.39,4.00,2.88,0.00,0.00,0.00,0.00,0.00,1181.75,1608.89,1480.78,2514.66,2198.65,2669.15,1862.58,1385.65,1666.97,1696.49,673.05,602.35,731.16,708.59,834.55,325.91,375.30,284.11,556.03,431.96,416.79,989.61,594.55,159.97,199.56,86.26,0.00,122.33,0.00,923.47,1261.69,872.27,1047.33,1400.99,2167.29,910.82,1970.09,2076.79,2382.56
89925,89970,89947.5,1917.35,83.16,3.08,3.02,0.00,0.00,0.00,0.00,0.00,0.00,7294.47,7434.88,2578.87,2709.72,4711.24,1240.08,950.02,225.07,597.02,890.14,1165.18,971.84,562.86,551.27,1072.69,999.29,1492.17,1195.33,1394.66,951.21,864.93,1008.17,1391.18,943.49,1029.67,899.65,893.43,735.51,640.24,762.41,1138.56,506.60,567.81,487.56,1249.93,1179.61,1565.56,1642.17
89984,90029,90006.5,2131.68,30.41,0.96,3.02,0.00,0.00,0.00,0.00,0.00,10277.82,6795.77,9677.07,6666.26,4149.52,3228.06,1518.93,2694.90,1848.32,634.35,681.74,948.62,987.38,989.52,1061.22,1512.91,961.76,1414.17,1122.22,860.74,334.34,545.86,616.35,614.24,739.91,813.59,593.52,786.77,492.97,341.15,514.09,312.44,205.46,351.48,60.03,116.21,353.06,427.38,526.00
90043,90088,90065.5,1943.39,19.58,0.48,2.99,0.00,0.00,0.00,0.00,0.00,9693.87,8247.25,4615.81,6333.62,2551.59,1242.46,1898.33,1524.38,1225.26,989.75,941.90,1937.11,2621.05,429.05,1614.59,1225.63,1588.40,1678.22,1290.91,1609.98,901.77,1265.63,1142.40,687.59,309.56,357.54,178.85,576.86,316.35,588.20,544.66,193.62,271.00,213.16,257.85,10.17,288.52,235.40,158.60
90102,90147,90124.5,4694.62,528.31,22.11,3.00,0.00,0.00,0.00,0.00,0.00,8320.78,17766.23,6813.24,934.70,1625.75,2058.16,979.33,2438.26,1418.97,1718.18,1625.97,1217.45,1902.76,1285.12,719.75,835.93,973.62,926.21,509.18,987.44,918.98,670.80,420.43,557.96,953.69,692.19,805.44,1763.00,1015.21,361.23,514.77,1004.58,852.34,559.51,5586.36,6284.68,6550.27,12085.94,14974.51
90161,90206,90183.5,6055.94,592.93,23.83,2.99,0.00,0.00,0.00,0.00,0.00,13630.85,20827.59,14411.31,4547.06,2917.19,1083.57,1260.06,1086.19,824.69,541.93,910.66,1192.77,763.71,715.42,838.04,658.57,776.16,1041.15,747.38,1499.32,1293.54,664.89,786.09,865.73,1111.21,1781.93,3068.67,2773.26,2635.59,2920.61,5268.96,2832.77,2258.08,3451.80,7529.84,6918.15,9718.06,13472.46,15345.45
90220,90265,90242.5,4793.34,637.30,25.81,2.89,0.00,0.00,0.00,0.00,0.00,2183.14,804.12,1347.91,2299.17,586.94,509.07,1044.41,1268.66,1317.37,2292.49,1595.53,2118.78,1393.16,1069.93,1080.78,1303.42,976.41,958.99,1224.14,1173.78,1116.82,1093.90,1014.26,381.77,1649.75,2783.41,2341.02,3034.78,1355.09,164.41,524.38,1520.58,1639.39,3415.69,8305.25,9657.01,12022.67,17396.90,17652.35
90279,90324,90301.5,5077.83,619.61,23.41,2.81,0.00,0.00,0.00,0.00,0.00,4324.97,2144.08,482.50,1624.03,923.88,1423.45,492.79,1422.93,1423.85,989.52,1121.21,766.36,613.78,86.85,470.04,496.48,694.38,690.04,519.68,782.61,178.07,395.00,422.08,443.72,876.43,1178.55,1209.85,1608.35,3366.29,3258.23,3669.18,5880.28,6282.94,7810.97,12014.40,13780.89,14286.16,18626.38,18516.87
90338,90383,90360.5,2251.58,156.26,5.98,2.65,0.00,0.00,0.00,0.00,3732.55,4793.73,2830.05,692.79,1350.57,2272.97,3092.27,2328.64,1444.09,2405.98,802.60,1485.90,1015.58,1568.68,977.77,1223.76,885.67,950.01,734.45,523.60,325.39,369.02,602.87,357.21,662.65,602.16,812.47,1416.77,1320.37,1000.36,1126.52,1094.12,977.07,261.07,2175.87,1801.44,2610.87,2896.86,4268.07,3898.73
90397,90442,90419.5,3553.07,371.11,14.30,2.55,0.00,0.00,0.00,0.00,962.40,4310.21,1226.93,1314.11,1634.41,2686.19,2169.64,727.64,670.01,725.43,1148.79,798.35,1274.44,676.30,1915.86,1433.38,1822.62,1973.44,1093.87,899.12,709.99,475.01,402.16,275.63,804.32,1109.76,815.44,1759.25,2245.54,1718.75,2397.00,3102.45,3464.13,2851.66,3328.99,4064.69,6843.98,8314.56,11178.14,9341.61
90456,90501,90478.5,1352.73,97.16,3.72,2.53,0.00,0.00,0.00,0.00,1180.27,955.24,1122.18,425.14,722.37,876.98,1836.29,1214.38,930.83,687.41,1189.09,1643.16,982.18,637.73,1235.32,1904.67,1137.01,795.21,496.04,339.44,533.85,180.95,239.07,486.81,424.89,152.48,757.41,674.46,560.78,341.07,1680.77,891.74,136.04,805.05,859.22,372.65,1017.13,2480.20,2807.48,1948.80
90515,90560,90537.5,896.28,34.75,1.25,2.53,0.00,0.00,0.00,0.00,0.00,3032.01,2039.21,1267.31,1686.96,813.62,818.57,790.78,1126.33,378.63,994.39,594.18,1486.42,384.90,1176.13,796.15,491.18,212.22,608.10,371.97,293.21,476.09,70.08,229.43,127.84,389.78,232.38,486.44,254.77,236.98,253.97,615.39,109.70,766.92,487.48,424.25,444.84,662.70,565.32,653.09
90574,90619,90596.5,1012.26,18.90,0.55,2.53,0.00,0.00,0.00,0.00,964.59,2555.77,1790.13,1336.03,996.16,1429.93,2331.13,2055.20,703.17,1519.49,1715.09,810.39,1148.32,959.40,1231.79,1074.05,552.25,805.06,712.14,485.25,277.93,442.00,281.81,332.09,205.49,267.27,398.45,539.83,421.19,339.92,491.03,326.06,267.17,176.39,328.08,455.04,219.66,318.73,319.16,395.70
90633,90678,90655.5,821.29,12.49,0.34,2.62,0.00,0.00,0.00,0.00,0.00,3326.47,2274.44,1602.60,1155.64,1216.75,1665.12,1094.43,1235.45,985.89,978.56,786.63,618.41,1391.21,484.32,359.99,571.05,390.94,458.28,253.32,531.70,161.18,428.12,423.74,211.58,400.93,39.20,295.09,224.91,160.80,119.56,235.85,445.15,259.51,317.18,226.68,225.82,51.46,251.80,193.13
90692,90737,90714.5,1293.81,16.72,0.42,2.62,0.00,0.00,0.00,0.00,0.00,1176.53,4119.60,2832.22,2694.97,3472.99,2312.79,2335.74,1898.35,798.59,2128.55,1538.19,1403.59,1366.50,1783.35,1499.24,726.15,504.54,523.38,661.08,440.79,245.40,766.41,599.10,312.87,617.78,431.88,247.15,272.01,395.67,430.26,156.92,526.82,184.27,468.64,371.70,298.72,289.65,168.24,152.89
90751,90796,90773.5,863.38,21.03,0.74,2.65,0.00,0.00,0.00,0.00,0.00,1596.85,4302.66,11.63,1025.43,1384.35,1419.85,700.52,265.19,1420.72,551.84,2028.05,1154.64,1199.92,718.01,749.90,748.96,875.29,649.79,599.57,219.48,163.50,368.38,137.30,381.78,90.27,285.89,393.23,341.05,295.04,354.21,435.83,237.82,142.73,147.12,175.61,245.20,0.00,468.08,192.35
90810,90855,90832.5,14034.94,1507.52,57.75,2.66,0.00,0.00,0.00,0.00,28035.17,23500.58,10392.19,8541.83,3535.44,2975.87,1704.96,1395.69,1597.94,939.18,793.16,691.08,2237.49,1994.01,1451.04,1420.97,812.53,1179.87,697.32,628.90,459.91,1445.83,1769.89,3085.99,5381.18,10173.58,6899.14,7821.32,6252.57,5278.94,3728.49,12589.62,11795.39,13058.04,21449.04,30568.25,28828.34,33220.89,41413.63,35319.41
90869,90914,90891.5,16632.75,2126.04,81.39,2.66,0.00,0.00,0.00,0.00,3328.09,6070.50,3482.65,1747.51,1309.24,572.08,630.45,682.81,956.19,1731.57,1380.46,1263.33,1331.54,1156.99,888.56,351.14,1257.76,1173.60,1289.83,1861.63,2938.10,1894.50,6334.86,5074.37,1921.07,4309.68,11193.20,270.67,5470.80,14857.06,11692.68,16218.09,22262.32,29887.23,28220.21,40668.74,42408.15,48677.57,52438.38,47028.58
90928,90973,90950.5,11492.69,1152.42,41.45,2.66,0.00,0.00,0.00,0.00,1174.40,2544.32,1179.14,896.35,2798.12,5622.91,2848.83,2184.36,781.37,156.25,176.15,443.63,454.03,773.89,894.99,1098.29,1263.67,2138.09,1724.44,1929.81,2152.19,1639.25,2095.33,1713.74,5945.00,7131.15,12685.37,16055.05,19406.51,18629.89,17132.08,18285.52,16250.26,12739.88,17456.40,20736.73,22706.38,23302.27,29473.80,24964.40
90987,91032,91009.5,3154.01,269.03,9.69,2.66,0.00,0.00,0.00,0.00,4909.58,3354.65,0.00,424.16,915.37,363.34,642.33,1238.81,1103.90,634.02,868.99,1235.85,896.54,1141.82,1156.52,1366.74,652.12,1149.13,972.03,630.24,536.18,1301.15,1126.86,1335.91,2134.61,2378.66,2430.02,2181.75,3027.12,2530.05,2854.60,3728.71,3742.97,3738.58,4334.29,5028.14,5373.13,6334.13,6072.23,6421.23
91046,91091,91068.5,1576.83,66.19,2.19,2.67,0.00,0.00,0.00,0.00,1373.41,6085.15,1224.88,1676.65,1396.71,1320.38,818.66,1782.29,2202.23,1159.64,545.79,951.23,1649.30,799.43,952.16,515.26,458.05,539.53,729.80,760.51,579.95,200.74,301.13,815.37,383.32,510.59,890.72,1953.08,2371.01,1787.25,1909.51,1274.30,977.80,523.88,699.48,1268.23,712.15,1464.69,1418.08,1352.84
91105,91150,91127.5,1207.75,41.66,1.31,2.71,0.00,0.00,0.00,0.00,0.00,1180.97,4241.24,694.03,1886.54,291.93,244.45,1993.75,2181.09,682.84,1432.21,1241.09,740.38,1365.48,767.67,1035.39,955.71,842.32,856.27,912.41,588.03,767.73,424.33,426.65,398.04,429.55,793.18,587.25,436.57,1005.13,403.42,605.52,895.70,1174.21,643.68,1345.01,1069.78,681.00,915.77,370.61
91164,91209,91186.5,1026.57,28.09,0.85,2.73,0.00,0.00,0.00,0.00,0.00,1181.00,1177.08,1293.90,746.11,637.00,924.13,847.64,1043.21,1258.77,1570.12,1623.61,1837.20,1690.11,1355.90,1453.57,865.62,658.95,1289.89,449.13,640.16,505.50,542.41,332.82,981.17,455.82,368.28,705.45,205.65,447.09,357.55,602.39,308.84,749.30,531.37,583.49,526.66,583.94,317.12,345.61
91223,91268,91245.5,908.86,22.39,0.61,2.77,0.00,0.00,0.00,0.00,0.00,0.02,668.79,1565.80,779.97,116.16,404.10,981.71,1444.35,1390.76,612.31,585.81,1648.38,1789.38,1505.72,873.99,1458.76,1204.74,704.99,977.07,747.22,386.60,695.83,750.11,268.95,651.90,509.39,506.90,788.88,612.87,238.15,568.26,546.56,411.14,341.83,505.49,464.73,443.64,391.09,243.30
91282,91327,91304.5,892.63,22.62,0.66,2.77,0.00,0.00,0.00,0.00,0.00,961.35,802.06,482.48,725.44,100.51,366.66,543.26,1016.07,1319.70,1866.18,997.97,2559.47,1143.17,1250.62,1630.86,1119.50,720.89,971.48,495.57,692.58,730.82,746.74,670.72,320.11,411.65,598.01,208.62,178.73,339.48,564.31,35.46,416.58,605.91,560.60,230.47,528.70,233.36,577.78,363.89
91341,91386,91363.5,8558.66,1178.24,47.43,2.77,0.00,0.00,0.00,0.00,0.00,0.00,667.16,1045.26,1563.59,598.28,1437.35,1776.19,971.35,1770.54,1703.34,1695.44,1785.91,1333.78,1124.06,1607.35,1696.06,1052.73,1703.49,1711.62,926.33,0.00,245.41,905.95,1476.73,5772.19,6679.24,7382.09,7859.23,12041.11,6659.30,1994.94,5073.54,0.00,2194.03,14218.08,19054.02,15546.67,31201.57,34668.95
91400,91445,91422.5,17434.87,1993.93,75.07,2.72,0.00,0.00,0.00,0.00,9173.69,8621.62,4802.56,2539.21,2229.41,2553.08,980.82,1589.46,1737.73,1187.70,1318.83,1696.57,1468.14,1736.31,1191.48,2860.25,2053.58,1150.14,1943.78,1559.05,980.33,2370.36,1695.04,861.37,3915.90,7684.70,8988.55,18088.85,22557.83,19136.18,24610.46,30381.35,21676.69,23027.62,19444.08,30078.74,32256.86,43484.61,51240.45,44870.16
91459,91504,91481.5,11530.15,1405.24,53.61,2.73,0.00,0.00,0.00,0.00,2355.72,3511.50,1793.89,1809.40,315.80,2722.64,331.81,862.83,1218.32,929.68,742.84,692.97,709.37,567.14,446.29,824.52,1059.14,357.49,386.44,1280.46,2235.01,3613.02,3227.96,4527.46,2729.98,3826.03,5474.80,8094.16,10831.25,15697.46,16139.91,13082.89,12373.55,11522.17,17194.88,16894.78,25514.68,29564.66,39087.64,33485.92
91518,91563,91540.5,7538.30,484.70,18.03,2.77,0.00,0.00,0.00,0.00,13290.48,36613.09,23598.79,12583.04,5971.45,3487.89,3396.67,1413.08,1610.87,2026.25,1220.26,1206.41,873.33,915.74,821.35,1446.90,696.58,1188.91,897.50,1372.82,1148.49,1242.84,1345.29,2327.72,2166.69,2450.91,3320.10,2343.15,3535.71,4685.33,5445.04,6464.27,6133.50,6828.59,6326.50,7827.28,7530.57,10156.62,11613.05,10173.36
91578,91623,91600.5,0.00,0.00,0.00,2.77,0.00,0.00,0.00,0.00,0.00,0.00,0.00,0.00,0.00,0.00,0.00,0.00,0.00,0.00,0.00,0.00,0.00,0.00,0.00,0.00,0.00,0.00,0.00,0.00,0.00,0.00,0.00,0.00,0.00,0.00,0.00,0.00,0.00,0.00,0.00,0.00,0.00,0.00,0.00,0.00,0.00,0.00,0.00,0.00
91637,91682,91659.5,0.00,0.00,0.00,2.80,0.00,0.00,0.00,0.00,0.00,0.00,0.00,0.00,0.00,0.00,0.00,0.00,0.00,0.00,0.00,0.00,0.00,0.00,0.00,0.00,0.00,0.00,0.00,0.00,0.00,0.00,0.00,0.00,0.00,0.00,0.00,0.00,0.00,0.00,0.00,0.00,0.00,0.00,0.00,0.00,0.00,0.00,0.00,0.00
91696,91741,91718.5,0.00,0.00,0.00,2.77,0.00,0.00,0.00,0.00,0.00,0.00,0.00,0.00,0.00,0.00,0.00,0.00,0.00,0.00,0.00,0.00,0.00,0.00,0.00,0.00,0.00,0.00,0.00,0.00,0.00,0.00,0.00,0.00,0.00,0.00,0.00,0.00,0.00,0.00,0.00,0.00,0.00,0.00,0.00,0.00,0.00,0.00,0.00,0.00
91755,91800,91777.5,0.00,0.00,0.00,2.76,0.00,0.00,0.00,0.00,0.00,0.00,0.00,0.00,0.00,0.00,0.00,0.00,0.00,0.00,0.00,0.00,0.00,0.00,0.00,0.00,0.00,0.00,0.00,0.00,0.00,0.00,0.00,0.00,0.00,0.00,0.00,0.00,0.00,0.00,0.00,0.00,0.00,0.00,0.00,0.00,0.00,0.00,0.00,0.00
91814,91859,91836.5,0.00,0.00,0.00,2.76,0.00,0.00,0.00,0.00,0.00,0.00,0.00,0.00,0.00,0.00,0.00,0.00,0.00,0.00,0.00,0.00,0.00,0.00,0.00,0.00,0.00,0.00,0.00,0.00,0.00,0.00,0.00,0.00,0.00,0.00,0.00,0.00,0.00,0.00,0.00,0.00,0.00,0.00,0.00,0.00,0.00,0.00,0.00,0.00
91873,91918,91895.5,0.00,0.00,0.00,2.73,0.00,0.00,0.00,0.00,0.00,0.00,0.00,0.00,0.00,0.00,0.00,0.00,0.00,0.00,0.00,0.00,0.00,0.00,0.00,0.00,0.00,0.00,0.00,0.00,0.00,0.00,0.00,0.00,0.00,0.00,0.00,0.00,0.00,0.00,0.00,0.00,0.00,0.00,0.00,0.00,0.00,0.00,0.00,0.00
91932,91977,91954.5,0.00,0.00,0.00,2.62,0.00,0.00,0.00,0.00,0.00,0.00,0.00,0.00,0.00,0.00,0.00,0.00,0.00,0.00,0.00,0.00,0.00,0.00,0.00,0.00,0.00,0.00,0.00,0.00,0.00,0.00,0.00,0.00,0.00,0.00,0.00,0.00,0.00,0.00,0.00,0.00,0.00,0.00,0.00,0.00,0.00,0.00,0.00,0.00
