Data/Raw/MOORE,RICHARD/FIREXAQ-LARGE-SMPS_DC8_20190815_R0.ict
88,1001
Richard Moore, Elizabeth Wiggins, Edward Winstead, Claire Robinson, Lee Thornhill, and Kevin Sanchez
NASA Langley Research Center
In-situ Submicron Particle Size Distributions from a SMPS on the NASA DC-8
FIREXAQ
1,1
2019,08,15,2020,03,10
0
Time_start,Secs after midnight,Time of acquisition
50
1,1,1,1,1,1,1,1,1,1,1,1,1,1,1,1,1,1,1,1,1,1,1,1,1,1,1,1,1,1,1,1,1,1,1,1,1,1,1,1,1,1,1,1,1,1,1,1,1,1
-9999,-9999,-9999,-9999,-9999,-9999,-9999,-9999,-9999,-9999,-9999,-9999,-9999,-9999,-9999,-9999,-9999,-9999,-9999,-9999,-9999,-9999,-9999,-9999,-9999,-9999,-9999,-9999,-9999,-9999,-9999,-9999,-9999,-9999,-9999,-9999,-9999,-9999,-9999,-9999,-9999,-9999,-9999,-9999,-9999,-9999,-9999,-9999,-9999,-9999
Time_stop,Secs after midnight,Time of acquisition
Time_mid,Secs after midnight,Time of acquisition
nSMPS_stdPT,#/cm3,AerMP_NumConc_InSitu_RHd_Mobility_NucltoAccu_STP,integrated_number_density
sSMPS_stdPT,um2/cm3,AerMP_SurfAreaConc_InSitu_RHd_Mobility_NucltoAccu_STP,integrated_surface_area
vSMPS_stdPT,um3/cm3,AerMP_VolConc_InSitu_RHd_Mobility_NucltoAccu_STP,integrated_volume
SMPS_stdPT, unitless, None, conversion between ambient PT and standard PT (1013, 273)
SMPS_bin00_stdPT,#/cm3,AerMP_NumSizeDist_InSitu_RHd_Mobility_NucltoAccu_STP,Binned number size distribution (in dNdlogDp) measured by the SMPS
SMPS_bin01_stdPT,#/cm3,AerMP_NumSizeDist_InSitu_RHd_Mobility_NucltoAccu_STP,Binned number size distribution (in dNdlogDp) measured by the SMPS
SMPS_bin02_stdPT,#/cm3,AerMP_NumSizeDist_InSitu_RHd_Mobility_NucltoAccu_STP,Binned number size distribution (in dNdlogDp) measured by the SMPS
SMPS_bin03_stdPT,#/cm3,AerMP_NumSizeDist_InSitu_RHd_Mobility_NucltoAccu_STP,Binned number size distribution (in dNdlogDp) measured by the SMPS
SMPS_bin04_stdPT,#/cm3,AerMP_NumSizeDist_InSitu_RHd_Mobility_NucltoAccu_STP,Binned number size distribution (in dNdlogDp) measured by the SMPS
SMPS_bin05_stdPT,#/cm3,AerMP_NumSizeDist_InSitu_RHd_Mobility_NucltoAccu_STP,Binned number size distribution (in dNdlogDp) measured by the SMPS
SMPS_bin06_stdPT,#/cm3,AerMP_NumSizeDist_InSitu_RHd_Mobility_NucltoAccu_STP,Binned number size distribution (in dNdlogDp) measured by the SMPS
SMPS_bin07_stdPT,#/cm3,AerMP_NumSizeDist_InSitu_RHd_Mobility_NucltoAccu_STP,Binned number size distribution (in dNdlogDp) measured by the SMPS
SMPS_bin08_stdPT,#/cm3,AerMP_NumSizeDist_InSitu_RHd_Mobility_NucltoAccu_STP,Binned number size distribution (in dNdlogDp) measured by the SMPS
SMPS_bin09_stdPT,#/cm3,AerMP_NumSizeDist_InSitu_RHd_Mobility_NucltoAccu_STP,Binned number size distribution (in dNdlogDp) measured by the SMPS
SMPS_bin10_stdPT,#/cm3,AerMP_NumSizeDist_InSitu_RHd_Mobility_NucltoAccu_STP,Binned number size distribution (in dNdlogDp) measured by the SMPS
SMPS_bin11_stdPT,#/cm3,AerMP_NumSizeDist_InSitu_RHd_Mobility_NucltoAccu_STP,Binned number size distribution (in dNdlogDp) measured by the SMPS
SMPS_bin12_stdPT,#/cm3,AerMP_NumSizeDist_InSitu_RHd_Mobility_NucltoAccu_STP,Binned number size distribution (in dNdlogDp) measured by the SMPS
SMPS_bin13_stdPT,#/cm3,AerMP_NumSizeDist_InSitu_RHd_Mobility_NucltoAccu_STP,Binned number size distribution (in dNdlogDp) measured by the SMPS
SMPS_bin14_stdPT,#/cm3,AerMP_NumSizeDist_InSitu_RHd_Mobility_NucltoAccu_STP,Binned number size distribution (in dNdlogDp) measured by the SMPS
[...]
UNCERTAINTY:  20%
ULOD_FLAG: -7777
ULOD_VALUE: N/A
LLOD_FLAG: -8888
LLOD_VALUE: N/A
DM_CONTACT_INFO: Lee Thornhill (Kenneth.L.Thornhill@nasa.gov)
PROJECT_INFO: FIREX-AQ
STIPULATIONS_ON_USE: No stipulations on use. The user is encouraged to contact the PI or DM prior to use.
OTHER_COMMENTS: Midpoint diameters of Bins 00 to 43 are: 0.011,0.012,0.013,0.014,0.015,0.016,0.017,0.018,0.019,0.021,0.022,0.024,0.026,0.028,0.030,0.032,0.035,0.037,0.040,0.043,0.046,0.050,0.053,0.057,0.061,0.066,0.071,0.076,0.082,0.088,0.095,0.102,0.109,0.118,0.126,0.136,0.146,0.157,0.168,0.181,0.194,0.209,0.225,0.241
REVISION: R0
R0: Final Data. Data are corrected for time lags and ammonium sulfate size calibrations.
*******************************************************************************************************************************
Time_start,Time_stop,Time_mid,nSMPS_stdPT,sSMPS_stdPT,vSMPS_stdPT,SMPS_stdPT,SMPS_bin00_stdPT,SMPS_bin01_stdPT,SMPS_bin02_stdPT,SMPS_bin03_stdPT,SMPS_bin04_stdPT,SMPS_bin05_stdPT,SMPS_bin06_stdPT,SMPS_bin07_stdPT,SMPS_bin08_stdPT,SMPS_bin09_stdPT,SMPS_bin10_stdPT,SMPS_bin11_stdPT,SMPS_bin12_stdPT,SMPS_bin13_stdPT,SMPS_bin14_stdPT,SMPS_bin15_stdPT,SMPS_bin16_stdPT,SMPS_bin17_stdPT,SMPS_bin18_stdPT,SMPS_bin19_stdPT,SMPS_bin20_stdPT,SMPS_bin21_stdPT,SMPS_bin22_stdPT,SMPS_bin23_stdPT,SMPS_bin24_stdPT,SMPS_bin25_stdPT,SMPS_bin26_stdPT,SMPS_bin27_stdPT,SMPS_bin28_stdPT,SMPS_bin29_stdPT,SMPS_bin30_stdPT,SMPS_bin31_stdPT,SMPS_bin32_stdPT,SMPS_bin33_stdPT,SMPS_bin34_stdPT,SMPS_bin35_stdPT,SMPS_bin36_stdPT,SMPS_bin37_stdPT,SMPS_bin38_stdPT,SMPS_bin39_stdPT,SMPS_bin40_stdPT,SMPS_bin41_stdPT,SMPS_bin42_stdPT,SMPS_bin43_stdPT
[from data line 221]
96084,96129,96106.5,11969.37,166.63,4.07,1.67,0.00,0.00,4342.10,12683.46,11419.82,11134.26,12412.51,10120.70,14005.00,12817.87,18142.33,14995.41,18022.28,21851.06,21383.08,21230.47,18503.43,17947.85,17590.28,13448.95,11620.23,10174.86,7809.31,7151.19,5820.30,4859.43,4664.90,4683.04,4259.11,3729.16,2966.10,3218.88,3031.65,2655.06,3405.21,3897.00,4008.02,3604.88,3982.45,3652.67,3591.41,2357.84,2353.80,2157.55
96143,96188,96165.5,14231.43,143.81,3.28,1.65,0.00,11809.71,14292.03,12217.50,13719.31,15197.01,15378.07,14822.17,18945.47,18965.46,16492.49,21975.25,23109.04,24382.83,25844.67,26767.74,24274.89,21672.24,17410.01,13649.29,10750.57,11672.79,9442.85,8071.69,6563.34,5971.97,4938.77,3173.44,3647.35,3486.58,2935.50,3674.62,3239.51,3260.83,1998.64,2587.28,2412.21,2470.32,1871.60,2615.42,2494.10,2082.24,2102.99,1537.44
96202,96247,96224.5,15347.87,343.24,9.62,1.57,0.00,6474.48,10744.38,12755.40,12419.84,13453.88,14863.55,13823.46,16660.65,21303.07,22393.38,22292.58,24011.86,23014.43,23151.77,20558.49,15981.16,15479.04,12746.08,11296.34,10608.88,8607.05,7531.32,8386.96,7596.34,7283.49,6549.35,5420.43,5636.68,6397.81,5737.02,6728.63,7225.21,6318.74,5936.98,6387.83,8586.42,7127.62,7498.14,10036.93,8766.71,7480.60,6336.46,5548.01
96261,96306,96283.5,9884.58,188.24,5.33,1.50,0.00,26383.30,37143.09,22719.73,21093.90,12946.78,14052.70,9041.12,10813.47,9031.70,7450.94,7158.91,6011.04,5424.54,4589.71,5457.98,6676.48,5272.14,5076.50,4060.08,3847.81,3692.70,3924.94,3371.62,3208.94,2948.81,3847.36,4422.16,4145.31,4003.50,4196.71,4476.24,3309.99,3431.56,3900.52,3315.04,3621.23,4072.17,5503.55,5156.88,4777.97,3894.53,3670.84,2586.81
96320,96365,96342.5,13682.67,307.32,8.59,1.44,42015.70,46197.34,41317.22,24295.74,22077.47,22947.03,13208.26,9646.51,7864.25,5802.10,7508.85,4585.49,3927.70,4831.60,3572.73,5980.31,5004.74,5825.24,4735.02,4220.88,3948.49,3943.38,4784.12,4773.09,6052.63,5241.63,5724.72,5663.62,5380.88,4978.37,3899.20,5550.67,5403.89,6055.09,6445.69,7435.86,9762.08,8571.90,11268.42,10151.27,8965.50,7246.15,5692.57,5341.98
96379,96424,96401.5,13763.05,422.33,11.13,1.41,30964.42,14457.32,17449.93,20471.37,12729.93,16413.22,10907.32,11976.05,8048.07,6851.30,5795.92,6423.49,4925.35,4346.97,3666.53,2869.80,3388.67,3511.01,3206.47,4104.92,5107.53,5477.73,5866.91,8020.06,6978.75,8912.45,11103.48,12505.54,11235.87,14632.05,14602.41,10617.35,11948.63,11871.28,11488.85,13522.39,15056.69,11802.93,14410.86,12861.81,10455.58,8571.46,5554.65,5304.39
96438,96483,96460.5,11880.42,343.63,8.82,1.41,10438.66,12234.32,16524.80,19462.64,7245.38,12288.02,12971.83,10143.83,10687.80,8639.51,7378.55,6630.43,4853.28,4619.27,3060.51,3304.65,3519.01,4410.36,3818.91,4721.35,4233.13,5603.09,5247.76,7650.83,6960.60,9444.63,8277.63,10558.21,11085.72,11135.31,9827.83,11764.06,12418.62,12241.99,12172.22,12887.40,10515.98,10054.53,9774.52,8496.77,7510.98,6002.57,5643.35,3712.76
96497,96542,96519.5,10729.16,312.48,8.40,1.41,13718.14,18049.90,14890.73,12455.66,12647.93,15408.08,10669.64,11157.30,9573.69,7862.37,8448.79,5870.71,4626.49,3280.50,2943.87,2129.20,4483.19,3333.77,3426.30,3810.53,4338.01,4193.33,4423.85,4374.53,5557.33,5910.88,6437.00,7643.10,7871.84,8377.36,9427.53,8851.06,8544.89,9601.83,9143.28,9007.32,9023.46,8190.04,10222.07,8664.63,8042.85,6820.10,5277.27,4602.93
96556,96601,96578.5,10668.21,211.23,5.55,1.41,29442.15,25859.21,21585.02,18117.00,20756.60,11838.55,13936.22,12038.04,10606.90,10992.85,8638.25,8422.25,5776.09,3857.61,2603.16,3070.66,2896.13,3412.52,2726.76,3067.44,2892.83,3977.47,3731.18,3562.22,3210.00,5139.62,4979.63,6279.71,6660.04,5881.19,5915.21,5646.15,5686.82,5842.73,5640.06,6336.35,6321.30,5994.44,6590.74,5340.69,5138.79,4507.17,3673.35,2791.50
96615,96660,96637.5,9567.48,115.77,2.96,1.42,36821.86,19715.12,27985.50,25718.72,21169.04,18756.41,16056.61,16894.82,11687.85,9755.31,6188.40,4195.98,3958.54,3137.19,2240.48,2261.69,2916.42,2576.69,2607.86,2623.35,2908.74,2800.58,2532.67,3267.20,3240.01,3089.00,3589.17,3043.16,2841.73,3233.64,2693.66,3309.29,2461.46,2864.83,2246.01,2856.84,2998.02,2837.21,3802.30,3720.12,2921.63,2448.23,1848.55,1337.31
96674,96719,96696.5,12475.78,141.41,3.72,1.44,59700.55,50044.23,36287.27,33498.39,23844.57,23551.07,17411.42,16262.20,12193.29,8625.86,9622.49,4666.70,3369.81,3538.74,2189.77,2588.56,2675.30,4156.08,3036.06,2509.58,3140.61,3574.94,2827.49,3319.46,3520.50,3932.46,3175.08,3570.03,3544.69,2917.93,2731.74,2578.66,3244.51,3474.53,3635.20,4194.86,3798.97,3273.66,4017.05,3375.17,3593.00,2644.24,2755.65,2612.65
96733,96778,96755.5,10097.22,155.66,4.25,1.47,38387.23,32175.50,34992.57,20433.04,20253.37,17978.17,15654.81,13092.23,9249.50,7218.63,6272.56,4945.35,3686.76,3348.52,3244.99,2975.28,2039.08,2370.21,2273.06,2591.08,2527.00,1939.47,2451.82,3177.36,2507.04,3196.83,3810.33,4903.90,3259.94,2562.25,2917.08,3152.59,1308.73,2031.76,2891.05,4378.06,4583.15,4418.82,5154.68,5124.07,4614.17,3738.55,2934.15,2346.21
96792,96837,96814.5,9336.12,192.12,5.40,1.49,0.00,12692.37,27918.92,15799.42,13924.91,10667.06,11835.58,12157.83,12779.41,7995.83,8679.58,9214.41,7169.80,8546.79,7581.58,6920.52,6757.83,5980.78,6645.96,3999.99,4102.25,4623.33,4281.57,4370.52,5172.71,4323.91,4335.37,3398.43,4422.37,3439.06,4491.12,2999.73,3145.91,3540.55,3824.78,5026.52,4496.77,4064.09,4583.86,5242.16,4676.34,3860.89,3668.71,3055.38
96851,96896,96873.5,8171.78,187.99,5.22,1.50,0.00,35179.26,17409.16,19426.40,13257.41,10231.11,12226.44,7265.80,5999.81,4910.18,6504.46,5175.88,4696.15,2855.40,3401.85,2605.60,3451.93,2595.29,2863.07,2975.66,3006.63,2751.59,2206.28,2089.72,1705.90,2296.68,2790.70,4405.32,4893.08,5132.93,6066.83,6184.40,5983.94,4417.23,5019.85,5593.79,4314.79,4100.72,4361.33,4758.29,4694.57,4262.02,3005.03,2316.66
96910,96955,96932.5,8599.55,305.26,8.44,1.53,0.00,16972.48,11228.71,8663.86,8533.19,7012.64,7420.83,5903.01,3058.01,4073.90,3820.16,2743.87,1951.02,2478.34,2703.60,3372.05,3251.52,3564.71,4357.53,3595.75,3003.41,4878.88,5663.58,6028.46,5459.92,5337.86,5508.31,5858.17,9549.44,8851.84,7135.16,6412.38,13831.48,11535.86,6232.85,7557.52,9399.37,9001.33,6444.92,7873.47,7025.60,5802.41,5121.14,3949.06
96969,97014,96991.5,9431.89,238.19,6.63,1.56,0.00,23517.71,16339.47,8462.52,9087.19,13131.64,8772.97,7635.19,6410.42,6759.01,7200.89,6570.80,5398.58,6116.35,6635.82,6072.67,6083.61,5532.67,8067.41,5691.87,5672.85,6831.36,7195.29,6338.67,7005.99,5187.84,6787.80,5559.22,5970.90,5789.83,6067.91,4908.82,5307.47,6461.74,5136.36,4410.33,6029.36,5634.89,4871.27,5831.85,5502.00,4956.05,4369.49,3646.83
97028,97073,97050.5,7914.11,119.60,3.17,1.58,0.00,26470.90,17921.02,17404.29,11404.12,18891.23,10766.22,8917.94,6820.47,5500.11,6211.06,5328.13,4804.65,6177.91,6494.02,6243.95,5760.33,6095.48,4877.11,5887.34,3567.06,3942.43,3627.58,3277.14,3383.53,3575.66,3202.47,3975.81,3762.41,4046.48,3205.03,2831.27,2349.07,1651.08,1549.25,1775.44,2499.80,2536.36,2672.47,3448.60,3245.25,2422.44,2157.95,1470.99
97087,97132,97109.5,5700.64,50.48,1.28,1.60,0.00,45961.94,25626.40,15789.68,9845.82,5658.56,8148.41,6369.72,4956.65,3886.06,3844.34,2100.02,2424.62,2350.51,1983.79,1700.64,2268.11,2677.66,2608.18,1591.10,1833.35,1788.72,1928.79,2132.47,1594.41,1788.64,1859.03,1336.16,1842.73,1645.76,1560.14,1519.97,1353.93,856.51,1098.47,831.47,1056.10,397.97,772.57,1346.49,959.94,1165.43,737.82,721.93
97147,97192,97169.5,8124.09,494.11,17.46,1.65,0.00,0.00,23160.02,16551.35,15136.79,10988.30,8189.66,7911.63,5396.69,4627.67,3705.08,2525.12,2073.47,3370.60,2543.62,2874.94,2945.86,2661.01,2789.23,3190.13,2872.68,1863.43,2221.04,2331.94,2478.52,2556.65,2753.02,2369.12,3238.15,2957.56,3801.18,1501.16,1787.38,1593.74,0.00,183.48,1855.55,4882.93,6675.71,10562.26,17434.20,18444.22,16839.59,14656.98
97206,97251,97228.5,4809.13,266.76,9.00,1.69,0.00,0.00,13015.80,6727.36,6587.61,6441.92,3946.55,2172.27,3538.81,1683.03,2138.54,2770.73,1963.97,1466.02,1701.13,1931.64,1705.96,2130.74,2013.44,1857.06,1798.54,2601.49,2270.79,2099.77,2176.83,2609.89,2545.95,2491.51,1943.73,2633.40,1440.38,1177.90,1899.30,1713.78,1633.79,2459.75,3101.36,3176.56,4956.33,6959.92,8222.35,8602.43,8421.99,7626.16
97265,97310,97287.5,2580.94,67.64,2.14,1.69,0.00,19890.49,4541.93,2680.95,4513.91,2354.62,1109.56,2584.83,1507.71,1533.25,918.20,1600.90,1189.94,1170.73,1480.19,1205.67,1273.23,970.95,723.65,819.62,906.72,1255.77,1775.52,1325.09,1173.69,1513.60,1229.95,815.39,1740.25,1344.26,1398.06,1510.95,788.37,381.75,191.33,703.57,0.00,724.18,833.70,2069.52,2019.46,2003.41,1801.70,1553.26
97324,97369,97346.5,1659.34,47.99,1.51,1.69,0.00,0.00,4407.21,6712.81,2878.90,1962.58,1345.06,1146.44,1432.42,304.98,788.35,1203.15,1167.13,983.08,752.58,946.37,983.40,1191.37,816.91,1006.78,867.33,1212.79,1023.64,988.81,1014.60,859.72,1106.40,1381.06,1429.22,1154.79,1133.06,925.86,638.42,301.79,225.26,45.30,217.82,623.14,547.61,1101.48,1384.76,1382.38,1360.30,1069.18
97383,97428,97405.5,1372.57,22.81,0.59,1.69,0.00,0.00,3204.79,3894.24,1637.50,2152.40,1330.78,1769.72,1656.34,1053.61,993.65,535.52,1441.20,1058.44,861.50,1323.06,1268.25,1155.08,783.46,222.06,946.37,951.61,905.60,1311.43,1974.82,1276.86,1176.97,676.08,891.87,791.37,843.82,688.88,631.83,832.45,443.84,357.53,137.95,128.00,387.93,284.47,504.28,267.91,432.08,385.06
97442,97487,97464.5,1122.43,16.65,0.37,1.69,0.00,0.00,4119.00,2296.60,2149.11,406.27,380.31,1010.09,910.43,576.34,1246.83,963.19,797.77,604.37,1020.35,798.01,985.36,999.56,443.27,624.42,517.03,1091.25,1306.43,1217.96,1161.31,1061.22,731.44,1072.15,729.91,863.16,1043.70,796.73,761.54,645.86,427.02,554.34,250.87,171.06,81.12,120.60,312.76,233.10,118.78,139.85
97501,97546,97523.5,1420.76,14.67,0.27,1.69,0.00,0.00,2186.94,5098.47,2143.38,2573.29,1851.85,580.25,1260.07,1325.34,691.43,1149.44,1445.15,1490.26,1464.16,739.49,1252.78,1166.74,1592.98,1029.87,1412.11,1248.97,1340.27,944.91,1125.00,901.41,1412.89,1110.94,1185.02,966.37,1119.60,637.39,496.26,529.95,420.44,367.92,271.02,302.14,169.21,121.46,120.31,22.60,104.93,0.00
97560,97605,97582.5,1391.13,12.32,0.21,1.69,0.00,0.00,4680.48,3769.09,2121.07,2685.95,2346.97,1777.68,1385.65,535.43,1163.82,636.65,953.61,988.61,1116.60,1536.66,1382.09,933.95,935.18,1167.39,710.07,614.24,1053.17,1499.65,883.64,1492.06,1447.83,1189.75,922.16,1008.76,725.54,491.18,602.03,185.80,440.54,345.17,96.71,230.25,80.82,105.51,97.00,101.17,50.47,25.65
97619,97664,97641.5,7742.92,684.59,24.14,1.69,0.00,0.00,18928.27,5353.24,6616.80,4612.73,3235.43,1842.94,1840.61,1013.21,486.49,1559.51,1201.89,1502.16,832.06,1291.83,1930.21,1605.54,2189.03,1426.75,1977.56,2033.10,1718.94,1368.73,1677.94,749.76,2182.79,2976.56,3319.43,6498.63,5523.29,2215.50,3134.76,4177.07,885.89,912.75,7174.61,8057.50,7611.44,16050.06,24132.98,25592.26,22456.54,20036.12
97678,97723,97700.5,7759.68,641.48,22.30,1.72,0.00,0.00,3212.94,4399.99,4061.61,3238.37,677.21,2372.23,2150.46,3291.14,2529.84,2033.53,3341.74,4399.87,4185.78,5384.08,4527.40,4752.34,3208.52,3363.19,2793.59,2572.05,2360.86,2197.75,2954.95,2263.36,3821.10,3660.87,3446.31,2673.57,3100.46,2763.85,2734.64,4256.70,3579.07,3467.63,5381.70,8412.30,10614.41,16416.14,21212.83,21176.15,20492.61,19380.03
97737,97782,97759.5,6472.26,542.62,19.20,1.75,0.00,0.00,7743.29,1487.54,1896.29,991.13,1018.18,2639.28,2336.19,1931.71,2510.87,3170.73,3438.26,3054.83,2519.35,4119.19,4265.24,4808.58,3545.59,2814.72,3043.74,2305.12,2034.68,1784.85,2190.85,2465.14,2959.85,2620.16,2982.79,3022.32,3048.95,2600.32,2222.05,2186.54,990.17,1993.26,2761.46,4725.26,6405.10,13846.87,19539.77,17743.73,17675.95,15444.12
97796,97841,97818.5,7474.67,649.83,24.32,1.78,0.00,0.00,2518.34,2251.98,2581.05,2111.07,2877.88,1919.44,1622.34,4129.73,4098.71,5720.68,4356.16,7050.33,4791.32,5519.97,6631.50,6363.10,5146.37,5111.36,3344.42,3679.66,3693.75,2722.64,2663.87,2011.89,2467.24,2724.19,3179.50,4021.16,3743.59,831.96,1156.86,326.20,0.00,0.00,504.98,4759.54,5698.62,11514.43,21107.79,19252.52,17752.14,17371.63
97855,97900,97877.5,5925.11,396.82,14.90,1.81,0.00,0.00,2024.80,1610.24,1351.07,4847.36,2746.78,1598.43,2529.51,4874.22,4220.80,6401.07,5973.71,5597.24,7637.46,7157.03,6660.53,5000.68,4320.57,3900.84,4366.21,4466.42,3368.89,3397.76,3769.59,2176.26,2606.71,1768.90,2489.74,2560.42,2817.74,1184.38,2612.50,2231.28,455.57,0.00,742.12,3107.12,1139.46,1889.59,10850.03,10211.82,10143.32,11726.86
97914,97959,97936.5,4575.43,188.75,6.63,1.84,0.00,0.00,4621.57,6291.74,5463.55,2146.85,5030.17,1746.23,3967.00,4066.82,4440.94,3940.77,4481.19,5243.42,4782.30,4824.95,4737.21,4793.69,3859.68,2978.37,3498.65,3541.33,3662.13,3269.32,2777.65,3207.08,2329.60,2285.61,1854.53,2421.15,1934.66,1834.30,234.11,1220.15,298.70,1.88,1047.97,2460.40,1769.43,1496.46,5390.23,5416.92,4651.74,4385.36
97973,98018,97995.5,3489.64,78.43,2.31,1.87,0.00,0.00,0.00,4680.93,2414.95,3274.14,2827.04,2641.65,2650.00,3947.25,5280.59,3022.61,4793.84,3592.93,3914.19,4137.15,3288.97,3685.20,3843.03,4601.92,4141.74,4081.93,3623.46,3413.80,3298.69,2264.74,2166.40,2666.95,2332.10,1930.32,1741.01,1727.39,1490.94,1120.17,1163.74,125.80,519.13,937.26,724.15,829.01,1664.61,2220.88,1477.62,1407.47
98032,98077,98054.5,3327.77,48.45,1.19,1.90,0.00,0.00,0.00,5107.38,2146.35,1686.27,4018.48,2614.10,4088.22,4074.31,3945.66,3345.31,5189.05,3870.65,3739.04,5090.47,3495.70,4122.37,3392.86,3168.41,3963.80,4111.62,3959.79,4100.61,3674.45,3176.50,2928.71,2043.34,1885.70,1121.35,1680.95,1934.12,1451.86,1027.09,661.05,440.79,61.55,10.88,713.35,623.52,507.63,972.12,890.55,741.25
98091,98136,98113.5,1898.64,20.29,0.42,1.97,0.00,0.00,0.00,4193.70,3386.49,3828.42,2017.96,2621.58,2105.26,1394.43,2212.75,1306.81,1617.75,2263.46,2687.60,2060.58,2397.52,1438.18,1642.03,2046.62,2191.14,2400.90,1775.45,1825.08,1514.02,1306.61,1488.18,1596.93,1012.91,1287.27,1114.68,676.44,493.82,380.76,421.01,295.77,214.72,172.49,187.73,145.71,25.23,468.08,122.29,128.24
98150,98195,98172.5,919.95,15.53,0.46,2.09,0.00,0.00,0.00,0.00,1712.88,1339.72,2018.34,0.00,1732.52,1634.54,994.04,1207.51,742.52,986.65,1044.64,787.97,1305.91,285.63,771.96,752.39,1075.83,584.26,953.43,1062.36,1060.45,715.97,829.39,1026.92,695.22,513.49,814.46,496.10,329.68,195.93,328.55,124.44,20.25,0.00,215.25,0.00,0.00,102.60,99.43,121.55
98209,98254,98231.5,2514.90,98.53,3.70,2.15,0.00,0.00,0.00,0.00,4299.88,4444.45,1472.51,1537.87,3838.87,1888.88,1660.75,3273.80,3173.81,3604.50,3508.20,4369.14,3664.16,2879.64,3434.72,3237.45,2916.63,1458.37,1311.93,643.34,878.70,402.78,891.20,656.87,1002.61,661.70,1256.77,1130.76,737.75,150.70,441.69,313.68,0.00,76.38,861.03,664.32,1387.27,2134.61,2254.28,2220.57
98268,98313,98290.5,2598.25,31.99,0.97,2.16,0.00,0.00,0.00,0.00,7707.88,5990.27,4779.66,4131.18,5352.60,2515.30,4571.29,4731.33,4491.10,5038.43,5882.41,3988.08,2873.66,2901.22,2812.06,1886.66,1678.00,1058.77,627.56,622.34,686.84,590.30,726.54,251.31,367.27,621.23,300.04,137.99,215.16,338.49,0.00,376.35,282.85,151.70,285.79,869.16,460.05,661.41,702.03,442.34
98327,98372,98349.5,1979.68,16.58,0.41,2.16,0.00,0.00,0.00,0.00,8640.15,3862.95,2589.51,4716.23,2724.81,3620.03,3657.34,3698.63,3715.73,2722.05,3048.85,2728.69,1411.52,2085.71,2047.96,1278.09,942.91,477.62,1079.88,706.72,539.35,520.86,737.69,883.76,728.43,379.92,638.37,445.81,320.09,374.57,155.58,289.80,186.04,123.05,53.28,196.61,50.29,56.79,277.24,141.33
98386,98431,98408.5,2695.48,55.45,2.04,2.15,0.00,0.00,0.00,0.00,15746.88,2137.54,6767.70,4509.11,3879.95,5685.06,2906.89,3460.17,3853.05,3758.67,3551.12,2409.29,2334.42,2530.04,2169.68,1620.78,1564.42,1215.17,1078.72,908.21,860.93,1097.23,864.22,493.35,677.04,474.64,795.04,469.64,519.82,192.35,0.00,0.00,0.00,0.00,0.00,266.84,437.46,1030.20,1199.99,1583.26
