Data/Raw/MOORE,RICHARD/FIREXAQ-LARGE-SMPS_DC8_20190813_R0.ict
88,1001
Richard Moore, Elizabeth Wiggins, Edward Winstead, Claire Robinson, Lee Thornhill, and Kevin Sanchez
NASA Langley Research Center
In-situ Submicron Particle Size Distributions from a SMPS on the NASA DC-8
FIREXAQ
1,1
2019,08,13,2020,03,10
0
Time_start,Secs after midnight,Time of acquisition
50
1,1,1,1,1,1,1,1,1,1,1,1,1,1,1,1,1,1,1,1,1,1,1,1,1,1,1,1,1,1,1,1,1,1,1,1,1,1,1,1,1,1,1,1,1,1,1,1,1,1
-9999,-9999,-9999,-9999,-9999,-9999,-9999,-9999,-9999,-9999,-9999,-9999,-9999,-9999,-9999,-9999,-9999,-9999,-9999,-9999,-9999,-9999,-9999,-9999,-9999,-9999,-9999,-9999,-9999,-9999,-9999,-9999,-9999,-9999,-9999,-9999,-9999,-9999,-9999,-9999,-9999,-9999,-9999,-9999,-9999,-9999,-9999,-9999,-9999,-9999
Time_stop,Secs after midnight,Time of acquisition
Time_mid,Secs after midnight,Time of acquisition
nSMPS_stdPT,#/cm3,AerMP_NumConc_InSitu_RHd_Mobility_NucltoAccu_STP,integrated_number_density
sSMPS_stdPT,um2/cm3,AerMP_SurfAreaConc_InSitu_RHd_Mobility_NucltoAccu_STP,integrated_surface_area
vSMPS_stdPT,um3/cm3,AerMP_VolConc_InSitu_RHd_Mobility_NucltoAccu_STP,integrated_volume
SMPS_stdPT, unitless, None, conversion between ambient PT and standard PT (1013, 273)
SMPS_bin00_stdPT,#/cm3,AerMP_NumSizeDist_InSitu_RHd_Mobility_NucltoAccu_STP,Binned number size distribution (in dNdlogDp) measured by the SMPS
SMPS_bin01_stdPT,#/cm3,AerMP_NumSizeDist_InSitu_RHd_Mobility_NucltoAccu_STP,Binned number size distribution (in dNdlogDp) measured by the SMPS
SMPS_bin02_stdPT,#/cm3,AerMP_NumSizeDist_InSitu_RHd_Mobility_NucltoAccu_STP,Binned number size distribution (in dNdlogDp) measured by the SMPS
SMPS_bin03_stdPT,#/cm3,AerMP_NumSizeDist_InSitu_RHd_Mobility_NucltoAccu_STP,Binned number size distribution (in dNdlogDp) measured by the SMPS
SMPS_bin04_stdPT,#/cm3,AerMP_NumSizeDist_InSitu_RHd_Mobility_NucltoAccu_STP,Binned number size distribution (in dNdlogDp) measured by the SMPS
SMPS_bin05_stdPT,#/cm3,AerMP_NumSizeDist_InSitu_RHd_Mobility_NucltoAccu_STP,Binned number size distribution (in dNdlogDp) measured by the SMPS
SMPS_bin06_stdPT,#/cm3,AerMP_NumSizeDist_InSitu_RHd_Mobility_NucltoAccu_STP,Binned number size distribution (in dNdlogDp) measured by the SMPS
SMPS_bin07_stdPT,#/cm3,AerMP_NumSizeDist_InSitu_RHd_Mobility_NucltoAccu_STP,Binned number size distribution (in dNdlogDp) measured by the SMPS
SMPS_bin08_stdPT,#/cm3,AerMP_NumSizeDist_InSitu_RHd_Mobility_NucltoAccu_STP,Binned number size distribution (in dNdlogDp) measured by the SMPS
SMPS_bin09_stdPT,#/cm3,AerMP_NumSizeDist_InSitu_RHd_Mobility_NucltoAccu_STP,Binned number size distribution (in dNdlogDp) measured by the SMPS
SMPS_bin10_stdPT,#/cm3,AerMP_NumSizeDist_InSitu_RHd_Mobility_NucltoAccu_STP,Binned number size distribution (in dNdlogDp) measured by the SMPS
SMPS_bin11_stdPT,#/cm3,AerMP_NumSizeDist_InSitu_RHd_Mobility_NucltoAccu_STP,Binned number size distribution (in dNdlogDp) measured by the SMPS
SMPS_bin12_stdPT,#/cm3,AerMP_NumSizeDist_InSitu_RHd_Mobility_NucltoAccu_STP,Binned number size distribution (in dNdlogDp) measured by the SMPS
SMPS_bin13_stdPT,#/cm3,AerMP_NumSizeDist_InSitu_RHd_Mobility_NucltoAccu_STP,Binned number size distribution (in dNdlogDp) measured by the SMPS
SMPS_bin14_stdPT,#/cm3,AerMP_NumSizeDist_InSitu_RHd_Mobility_NucltoAccu_STP,Binned number size distribution (in dNdlogDp) measured by the SMPS
[...]
UNCERTAINTY:  20%
ULOD_FLAG: -7777
ULOD_VALUE: N/A
LLOD_FLAG: -8888
LLOD_VALUE: N/A
DM_CONTACT_INFO: Lee Thornhill (Kenneth.L.Thornhill@nasa.gov)
PROJECT_INFO: FIREX-AQ
STIPULATIONS_ON_USE: No stipulations on use. The user is encouraged to contact the PI or DM prior to use.
OTHER_COMMENTS: Midpoint diameters of Bins 00 to 43 are: 0.011,0.012,0.013,0.014,0.015,0.016,0.017,0.018,0.019,0.021,0.022,0.024,0.026,0.028,0.030,0.032,0.035,0.037,0.040,0.043,0.046,0.050,0.053,0.057,0.061,0.066,0.071,0.076,0.082,0.088,0.095,0.102,0.109,0.118,0.126,0.136,0.146,0.157,0.168,0.181,0.194,0.209,0.225,0.241
REVISION: R0
R0: Final Data. Data are corrected for time lags and ammonium sulfate size calibrations.
*******************************************************************************************************************************
Time_start,Time_stop,Time_mid,nSMPS_stdPT,sSMPS_stdPT,vSMPS_stdPT,SMPS_stdPT,SMPS_bin00_stdPT,SMPS_bin01_stdPT,SMPS_bin02_stdPT,SMPS_bin03_stdPT,SMPS_bin04_stdPT,SMPS_bin05_stdPT,SMPS_bin06_stdPT,SMPS_bin07_stdPT,SMPS_bin08_stdPT,SMPS_bin09_stdPT,SMPS_bin10_stdPT,SMPS_bin11_stdPT,SMPS_bin12_stdPT,SMPS_bin13_stdPT,SMPS_bin14_stdPT,SMPS_bin15_stdPT,SMPS_bin16_stdPT,SMPS_bin17_stdPT,SMPS_bin18_stdPT,SMPS_bin19_stdPT,SMPS_bin20_stdPT,SMPS_bin21_stdPT,SMPS_bin22_stdPT,SMPS_bin23_stdPT,SMPS_bin24_stdPT,SMPS_bin25_stdPT,SMPS_bin26_stdPT,SMPS_bin27_stdPT,SMPS_bin28_stdPT,SMPS_bin29_stdPT,SMPS_bin30_stdPT,SMPS_bin31_stdPT,SMPS_bin32_stdPT,SMPS_bin33_stdPT,SMPS_bin34_stdPT,SMPS_bin35_stdPT,SMPS_bin36_stdPT,SMPS_bin37_stdPT,SMPS_bin38_stdPT,SMPS_bin39_stdPT,SMPS_bin40_stdPT,SMPS_bin41_stdPT,SMPS_bin42_stdPT,SMPS_bin43_stdPT
[from data line 343]
96180,96225,96202.5,6743.32,537.77,18.37,1.73,0.00,0.00,398.22,3134.17,1104.87,1990.29,1584.67,2213.34,3305.57,3120.81,1408.74,3253.53,3174.12,4335.36,2534.44,3278.11,1740.29,2661.08,2390.14,2067.69,1766.86,2181.36,2115.42,1025.66,1142.17,1726.81,1559.78,2883.72,4086.32,5116.15,5877.66,8129.35,5771.84,4717.69,3993.68,7168.15,7645.12,8987.70,11775.20,13722.34,16408.04,14271.11,13635.37,10323.03
96239,96284,96261.5,6502.34,501.68,16.37,1.73,0.00,0.00,0.00,1088.14,1577.85,402.63,1526.34,1247.02,2083.91,2051.95,2079.18,2071.73,2044.88,2653.06,2950.45,2673.05,1583.01,2186.51,1764.54,1610.86,1294.97,1494.83,1013.77,1840.77,1174.35,1094.31,1430.30,2487.53,3431.77,3926.92,7921.95,9854.44,7184.30,6149.39,9072.76,7397.08,12049.17,12573.23,15011.29,13749.01,14402.02,10735.45,10298.32,8509.79
96298,96343,96320.5,7138.07,147.52,4.32,1.73,0.00,0.00,10619.21,8687.44,11164.20,8619.56,8904.19,8351.62,7159.36,7841.56,10807.23,11896.63,11392.18,10473.05,10150.77,8701.03,8269.02,6552.80,5156.53,4510.38,4299.13,4455.86,3585.32,3245.18,2899.27,1530.59,1463.85,1944.62,2004.71,1889.33,1831.85,2555.74,2593.46,2439.69,2585.15,2713.97,2730.30,2580.78,2632.94,3453.76,3482.00,4012.45,2711.80,2921.23
96357,96402,96379.5,7598.52,100.89,2.76,1.73,0.00,0.00,9599.97,9548.54,6535.25,12596.95,11666.33,11718.70,13409.60,14107.91,12333.23,12079.26,14655.04,12365.69,12119.74,11722.38,8848.15,8120.02,5158.08,4521.36,4134.49,3637.89,3007.87,3020.64,1574.10,1955.36,1816.36,1709.30,1711.75,1603.47,2278.66,2523.35,1570.90,2363.84,1056.29,1947.68,1772.53,1624.41,1363.59,2098.79,1961.51,2330.03,1492.37,1659.02
96416,96461,96438.5,5909.75,80.58,2.15,1.72,0.00,0.00,398.26,9630.03,13115.19,8985.55,6430.91,9021.98,8781.64,10092.08,10354.49,11331.55,11059.25,8615.93,8109.87,7540.08,6523.24,5397.38,4962.15,4580.56,3349.91,2548.07,2754.86,3121.70,2063.97,1810.19,1564.94,1225.02,1437.49,1297.16,1583.47,1313.26,1767.72,1815.40,1710.89,1745.52,1660.66,1790.00,1439.02,1479.51,1622.52,1341.28,1291.47,1061.35
96475,96520,96497.5,7712.67,187.25,6.13,1.73,0.00,0.00,6381.20,8959.61,6949.32,12503.73,9586.40,12905.62,10622.50,11068.60,9920.66,11113.00,11977.80,10898.00,11626.76,10660.79,9790.12,8728.82,6755.81,5640.02,4599.50,3943.87,3836.50,2495.01,2404.33,1935.12,1228.89,1124.42,1268.00,1589.86,1967.64,2401.68,2999.15,2520.22,2545.50,1802.72,1566.87,1622.04,2357.01,3018.38,4416.22,4169.82,4233.58,4203.76
96534,96579,96556.5,5948.59,423.24,14.31,1.73,0.00,0.00,398.60,2939.98,2339.73,1622.70,2663.98,2745.33,2018.63,4951.53,2962.27,4362.69,3391.71,4099.45,4379.31,3979.93,3852.44,2875.02,2073.48,2897.11,2116.19,1453.83,1895.37,1931.70,1914.59,1980.48,2155.65,1846.01,2357.44,272.18,2371.85,2558.70,3460.71,5162.73,6901.82,8037.14,7285.79,9020.83,8581.43,11358.48,12004.81,10129.38,10561.19,7727.91
96593,96638,96615.5,5660.96,370.55,12.36,1.73,0.00,0.00,3181.42,3949.93,4434.67,984.79,2007.35,2211.96,4138.58,3149.85,4238.86,4170.37,3918.52,3959.03,3596.38,4043.68,2407.93,2980.00,2664.43,2177.59,1585.14,1282.52,1896.77,1586.49,1644.01,1315.50,1608.64,2649.00,2762.20,2041.34,3037.85,3232.75,4947.01,3842.91,4733.32,4007.27,7904.25,7119.71,9183.79,9935.60,11370.24,9729.44,9113.79,7129.40
96652,96697,96674.5,5560.50,311.91,10.00,1.73,0.00,0.00,2401.43,3595.69,3567.82,3996.71,5824.37,3766.98,4052.22,5514.73,4202.12,3834.53,4652.51,3137.62,4336.52,3793.62,3547.51,2755.17,1800.26,1950.12,2068.08,1598.28,1788.15,1632.01,1472.85,1198.52,1989.62,487.10,931.36,2776.90,3929.56,3215.61,5002.69,6597.24,5228.29,5142.88,6167.35,6001.55,5617.73,8836.33,9960.78,9937.90,7607.36,6861.11
96711,96756,96733.5,8101.81,625.01,21.48,1.73,0.00,0.00,2406.04,1326.62,1621.44,2683.91,4254.54,3616.72,5437.68,4892.75,5464.00,4821.21,4936.54,4904.33,4196.18,3512.09,3463.21,3014.30,3295.67,3572.25,2783.38,2166.29,2349.86,1921.61,1684.61,1818.19,1748.46,2407.76,1943.12,3593.39,4918.52,3796.25,5428.19,5890.63,9187.87,7778.86,9821.57,10728.29,13879.67,15030.22,18509.82,18258.30,14520.00,12301.11
96770,96815,96792.5,9291.27,817.94,27.75,1.73,0.00,0.00,2406.10,3334.44,2552.74,1102.65,829.81,1122.54,2883.68,1912.05,1527.96,2405.70,2111.56,2217.76,2502.86,2101.47,2322.76,2281.45,2474.45,2037.61,1629.16,1534.23,1663.60,1604.69,1351.44,1678.49,3024.35,3581.42,4544.47,5506.96,6640.42,6163.84,7355.41,11105.61,12237.65,13776.56,17363.58,18532.40,17705.08,19337.08,23245.18,20529.13,18732.45,16878.29
96829,96874,96851.5,8769.49,726.35,25.09,1.73,0.00,0.00,3975.89,2250.01,4309.07,1719.56,3351.99,2301.12,3255.38,2828.85,4114.74,2727.23,6039.34,3976.19,3744.55,4931.36,3130.98,2718.08,3389.01,2604.66,2558.72,1598.26,1464.63,2017.29,1084.62,2398.80,3330.05,3069.28,4313.87,6866.93,5402.24,4725.49,3368.13,6560.46,6693.87,6241.27,9876.83,13657.50,16481.94,19132.26,23540.57,20194.04,17644.55,15390.54
96888,96933,96910.5,7304.76,427.29,14.36,1.73,0.00,0.00,3975.80,6796.90,4265.03,5173.58,4514.66,4888.21,6311.64,4600.14,5599.63,6237.57,6392.29,6127.79,5870.28,4941.70,5015.92,3759.65,3137.21,2929.10,2091.89,3259.94,1705.82,1665.82,1235.38,1414.10,1978.87,2396.44,2402.57,4699.92,4742.51,4989.58,5089.73,6830.85,5787.42,6099.46,6746.43,8344.79,8606.21,9841.61,11774.75,10598.39,9674.41,8036.19
96947,96992,96969.5,6627.15,297.70,9.71,1.73,0.00,0.00,7217.40,1617.85,4595.83,7387.88,7335.11,5521.11,7851.37,6796.51,6174.04,7791.32,7375.80,6373.99,7731.35,5425.08,5016.12,3068.54,3315.26,2692.10,2230.47,2669.06,2366.39,2594.93,2537.24,2646.42,2203.65,1977.86,2426.09,2700.58,3543.76,3343.71,3720.68,3834.74,3913.55,4884.41,5877.29,5439.83,6902.82,7312.88,8518.18,7411.28,6251.27,5601.75
97006,97051,97028.5,6521.62,238.04,7.98,1.73,0.00,0.00,13226.33,7505.01,7335.34,4956.37,6523.87,8268.11,5721.43,8356.31,8114.78,10505.25,8192.84,7375.51,6715.29,7342.22,5762.95,4183.18,3057.06,2706.45,2768.95,2091.42,1844.58,2830.00,1725.73,2135.51,1944.67,2894.03,1667.72,2282.95,1877.16,2360.63,2814.60,1439.58,2912.70,2800.53,3009.84,3850.49,4459.78,4593.59,6357.36,5789.31,5480.45,5026.44
97065,97110,97087.5,9023.64,102.60,2.77,1.73,0.00,0.00,22390.35,16249.77,12020.83,10691.12,11326.45,13936.11,12669.61,13399.55,13505.60,14838.61,17651.32,17202.73,16260.98,13837.00,12279.16,9177.80,6207.28,4973.30,4047.57,3089.20,3366.75,2484.03,2221.09,2061.13,1746.01,1747.41,1735.55,1313.59,1052.05,1832.64,1440.51,1616.33,926.23,2492.80,2047.43,2438.13,1425.11,2385.04,2076.31,1616.56,1566.01,1231.86
97124,97169,97146.5,6125.39,72.90,1.81,1.73,0.00,0.00,2399.68,4797.59,8530.08,6254.58,7816.67,8574.67,9677.47,9763.30,9330.04,11345.65,9600.16,10149.19,11574.57,10033.06,8343.13,8218.61,6242.68,4715.23,4287.09,4123.16,4544.39,3941.86,2892.86,2650.94,2320.98,1779.38,1591.30,1307.39,1628.79,1458.05,752.55,1854.39,1516.17,1304.09,1495.60,1674.98,1237.17,1141.19,1181.28,1152.13,647.93,878.39
97183,97228,97205.5,7186.07,320.43,10.60,1.73,0.00,0.00,8767.22,3620.74,6962.38,7114.44,3926.18,6557.29,8407.41,7677.52,8812.10,7721.34,8265.97,7650.95,6629.30,6595.42,6184.05,6148.89,4211.17,3928.97,2733.71,2609.66,2170.53,2260.68,2606.06,2029.34,1863.67,1744.96,2693.00,1938.27,2853.78,2957.21,4152.13,3172.54,4175.28,4615.05,5976.96,6402.70,7657.72,7197.61,8008.70,8290.40,7203.64,6326.70
97242,97287,97264.5,6704.44,285.54,9.39,1.73,0.00,0.00,3975.77,4098.68,6745.35,7080.24,5345.11,7942.53,7096.82,8525.28,6969.04,7074.86,6409.67,7731.78,8201.34,7856.43,5262.34,4478.65,2725.21,2989.28,2336.37,2108.27,2194.28,2366.15,3321.62,2685.77,2625.86,1983.93,2839.40,2331.13,3276.78,3695.24,2799.29,4316.79,3590.58,4786.86,5059.69,5500.50,5353.36,7039.76,7518.17,6212.19,5938.90,5482.40
97301,97346,97323.5,7443.63,358.77,12.11,1.73,0.00,0.00,6381.07,5987.29,5131.95,4849.68,9960.96,7625.22,8990.06,8291.96,10316.52,9890.58,7868.32,7016.29,7733.06,6316.83,5799.26,4261.32,2164.44,2256.87,1952.16,1883.53,2391.74,1963.39,2707.49,3716.67,3277.93,1858.84,2027.42,2285.11,1743.61,1345.50,3727.93,4959.27,1865.90,3172.61,6637.35,7334.37,6648.50,8935.46,10780.55,10176.47,8334.05,7220.05
97360,97405,97382.5,8646.43,597.72,20.38,1.73,0.00,0.00,2797.54,4466.51,4876.42,5149.57,4114.95,5989.44,6500.54,6722.16,6578.55,5871.57,5551.35,5515.64,4902.35,5236.47,4233.99,3773.67,3146.51,2562.60,2998.39,2138.29,1752.67,1795.94,2233.54,2516.96,3142.49,3015.86,4221.76,3859.85,4375.77,4631.99,5334.41,7059.61,4513.75,6613.26,9473.47,11909.99,12842.46,16231.83,18428.66,15782.06,14277.57,12159.81
97419,97464,97441.5,10535.66,863.12,29.33,1.73,0.00,0.00,9623.87,2473.14,1605.74,4354.78,3579.34,2976.49,4204.74,4182.79,5222.17,3473.76,5496.11,3619.72,4947.14,3122.80,2535.89,2741.07,2187.48,2338.29,1704.87,1583.28,1816.85,2087.06,1896.86,2437.06,2935.13,3545.58,4560.36,5376.14,5201.90,6544.84,7904.20,9745.25,9377.64,11945.65,16393.46,20408.50,19831.42,23347.89,25606.64,22212.28,20814.76,16541.38
97478,97523,97500.5,6744.53,479.02,16.06,1.73,0.00,0.00,0.00,2911.46,1910.40,1957.89,3877.00,2937.68,3535.55,3364.47,4420.40,4627.50,4038.70,3731.44,3770.56,3646.26,3035.96,2496.43,2242.42,1783.79,1368.02,1865.55,1889.68,2140.65,2053.21,2528.02,2838.01,3236.03,4358.56,4176.51,4537.50,4880.08,4844.13,6860.43,5271.17,6392.34,9756.77,10378.62,10447.21,12476.80,13927.03,11915.21,10363.55,9779.16
97537,97582,97559.5,6585.04,431.98,14.47,1.73,0.00,0.00,971.49,3973.43,3469.64,6232.63,3884.73,3578.66,2928.13,4955.69,4514.23,5892.86,4956.84,3871.84,3934.07,3622.82,3208.30,2753.94,2523.78,1979.79,1954.36,1546.44,1677.15,2051.38,2109.31,2163.13,2496.77,2710.93,3466.21,3081.12,3393.58,4222.49,4454.58,3604.47,6354.97,5176.29,8139.84,9174.42,9725.49,11014.84,13244.02,11492.51,10520.90,8308.57
97596,97641,97618.5,5886.81,359.92,12.11,1.73,0.00,0.00,1754.59,5310.00,2591.20,2127.12,3720.91,3696.88,3705.70,5313.84,4804.58,5152.53,5227.77,5411.38,4558.25,4147.37,2974.25,3339.42,2439.69,1930.89,1814.49,2284.32,1371.57,1342.79,2384.14,1851.70,2034.10,2462.77,2776.24,3596.01,3321.68,2719.56,3421.06,4352.46,4598.39,4469.54,5496.28,7170.59,8404.52,8675.81,10656.79,9248.81,8215.32,7184.68
97655,97700,97677.5,5365.13,310.86,10.36,1.73,0.00,0.00,6382.38,3798.31,3102.17,3364.92,3067.74,4329.84,2844.36,3709.49,4986.11,4408.66,5482.88,4432.25,3975.29,3515.62,2524.74,2200.24,1377.31,1953.45,1594.84,2101.37,2227.56,1091.88,1643.46,1385.87,1864.25,2092.05,2343.91,2371.91,3147.11,2661.57,4066.57,3767.83,5092.97,3950.69,4946.35,6219.01,6403.60,8721.13,8992.63,8110.05,6707.79,6189.39
97714,97759,97736.5,5682.63,340.72,11.38,1.73,0.00,0.00,8788.23,3488.40,1472.76,3597.89,4295.29,4084.02,2467.94,3713.82,5285.65,4743.78,4912.52,3325.03,4092.24,3487.20,3125.94,2976.07,1939.16,1002.48,1453.33,1914.49,1307.62,1200.30,1495.28,2001.59,1130.68,2439.30,2737.18,2858.36,3271.38,4164.77,4008.11,4131.22,4607.79,4343.84,6377.34,8015.63,7060.90,8688.38,9056.52,8987.57,7719.28,6229.06
97773,97818,97795.5,3900.38,142.53,4.28,1.73,0.00,0.00,1201.11,4222.47,3821.17,2562.36,2079.98,1932.90,1565.53,3318.94,4082.23,4048.63,5064.11,5068.55,4954.26,4016.89,4882.32,4011.33,2303.10,2103.05,1652.55,1693.31,2688.50,1983.04,2089.66,2493.49,2011.33,1838.74,2102.57,2579.12,1662.18,2428.79,1070.56,1857.30,2658.33,2585.06,3326.63,4225.31,3964.16,3709.34,4195.23,3378.60,2748.59,2403.60
97832,97877,97854.5,3492.23,51.45,1.36,1.75,0.00,0.00,5554.25,6518.69,6615.62,3912.72,5389.45,5902.42,5344.71,6005.45,5162.55,5417.14,4102.27,4008.59,5585.27,4074.25,2554.22,2128.10,2569.88,2276.89,1576.00,1728.29,1781.12,1524.39,1665.13,1230.95,1131.88,1103.90,1436.61,1159.51,856.43,326.35,657.97,508.38,1149.18,791.08,1552.08,1324.10,1563.87,1194.27,1461.32,1091.01,613.63,681.91
97891,97936,97913.5,3608.40,21.32,0.45,1.80,0.00,0.00,5329.16,13189.98,11096.28,7087.14,6803.80,6038.20,8219.35,6139.51,7063.91,6515.72,5677.99,4828.34,3103.20,2996.47,1820.74,2445.48,1449.45,1363.02,1318.71,1376.03,1153.99,926.25,811.48,1002.15,577.54,848.60,571.23,668.41,471.86,415.70,391.82,193.33,612.91,218.60,133.53,523.19,397.53,476.91,206.00,386.02,230.72,281.77
97950,97995,97972.5,1444.02,11.80,0.23,1.94,0.00,0.00,5123.58,806.30,1880.24,4877.49,2389.93,2084.71,920.58,2656.93,2453.42,1382.02,2230.87,1978.00,1476.65,759.39,1753.28,1019.36,1181.18,785.60,865.87,896.70,415.02,1015.06,693.96,688.51,238.61,930.61,582.38,583.19,391.63,640.91,543.08,208.77,351.00,116.89,322.55,133.59,151.83,144.48,169.41,155.35,94.45,74.66
98009,98054,98031.5,1232.62,10.63,0.21,2.09,0.00,0.00,0.00,5530.67,6121.68,1500.08,405.07,2233.28,2128.46,525.46,1703.91,1687.64,1080.79,1018.96,805.34,783.09,962.57,693.55,793.40,944.38,869.44,742.49,978.33,977.16,585.14,503.58,721.06,580.21,682.85,654.79,374.14,508.67,433.29,304.32,289.54,258.45,171.73,352.63,170.92,18.38,112.48,100.00,38.31,0.00
98068,98113,98090.5,814.99,8.07,0.17,2.26,0.00,0.00,0.00,0.00,5013.30,1608.16,1681.18,2015.82,926.18,901.57,606.32,332.57,502.23,800.12,1214.13,507.92,470.84,399.12,505.24,273.45,586.36,582.41,868.83,556.11,639.56,618.06,397.14,475.85,817.63,459.41,270.63,598.92,370.56,283.11,114.09,71.83,123.64,40.01,50.07,49.74,73.10,58.66,32.34,36.49
98128,98173,98150.5,1700.92,10.19,0.14,2.37,0.00,0.00,0.00,0.00,10354.81,2395.05,4985.56,3111.00,2605.98,2362.13,1193.66,1892.45,2499.89,1413.64,1741.04,2225.87,1230.87,930.57,1491.80,1417.86,969.20,1189.54,1079.37,1225.79,1599.46,688.65,858.31,773.02,944.22,439.75,765.41,566.52,412.73,132.32,352.11,158.32,200.29,69.24,8.11,56.38,14.00,36.17,0.00,0.00
98187,98232,98209.5,1462.87,10.82,0.16,2.37,0.00,0.00,0.00,0.00,6021.29,3491.58,3375.14,4793.11,1669.96,947.57,381.77,1662.68,1984.20,1001.37,1786.71,1175.98,1388.28,832.93,1305.50,1287.29,1090.70,796.47,1002.67,1606.99,1209.65,957.01,1209.91,828.91,988.98,661.73,768.36,823.23,475.00,342.14,369.72,186.83,117.61,98.14,76.17,0.00,34.88,0.00,23.89,0.00
98246,98291,98268.5,1407.79,11.92,0.21,2.38,0.00,0.00,0.00,0.00,10563.56,2433.70,1591.35,2185.07,2307.96,1365.02,2072.63,1208.90,507.48,476.12,827.06,1163.05,1161.12,1573.95,864.69,1207.49,1403.75,710.81,515.86,667.63,1226.82,1311.74,1111.10,1684.49,1113.90,566.73,637.77,487.06,478.36,274.81,349.86,127.28,53.39,268.26,136.80,185.33,87.30,15.64,47.74,0.00
98305,98350,98327.5,1765.26,13.02,0.22,2.38,0.00,0.00,0.00,0.00,7008.60,8060.46,6028.66,3960.27,2748.55,2362.27,1402.12,1472.72,917.97,1290.06,986.56,788.12,1169.20,858.15,1420.42,1091.35,891.55,889.30,1209.09,1528.96,1062.87,1088.79,1141.07,937.37,1001.14,1175.33,872.80,694.88,771.21,313.56,386.01,251.20,192.52,111.80,16.56,111.46,89.07,51.00,23.80,73.79
98364,98409,98386.5,1775.30,13.74,0.26,2.38,0.00,0.00,0.00,0.00,11004.17,8655.71,3408.92,4526.02,672.69,3077.51,1674.29,1535.36,1148.94,755.52,1035.12,802.51,627.08,736.33,1057.61,1097.07,1025.30,1374.25,897.11,1109.28,1071.59,982.81,1155.05,1198.74,1473.83,1096.13,637.55,717.93,518.88,327.64,161.00,353.71,164.63,0.00,195.79,106.41,89.16,50.82,95.27,20.46
98423,98468,98445.5,1678.28,11.72,0.19,2.37,0.00,0.00,0.00,0.00,8893.46,8063.14,6062.49,3643.98,1253.81,2213.65,1221.30,1684.02,919.09,810.18,745.00,879.36,403.33,855.75,773.07,1035.92,1209.93,1116.99,1205.85,1037.92,789.76,1273.61,931.99,1288.66,897.75,1109.89,849.77,547.31,501.98,566.42,284.82,68.47,30.70,82.10,123.81,68.93,97.96,60.49,62.64,0.00
98482,98527,98504.5,1236.13,10.38,0.16,2.38,0.00,0.00,0.00,0.00,4742.81,3443.09,4501.75,2169.62,1712.74,985.40,403.05,2159.77,225.41,601.24,842.91,677.80,785.11,973.20,1014.81,1134.45,426.48,852.24,1086.96,893.14,691.20,1459.14,1207.26,1128.77,927.18,1277.70,1045.18,584.39,490.56,325.07,153.76,132.20,179.51,101.20,137.88,21.02,13.83,0.00,48.43,0.00
98541,98586,98563.5,965.83,9.92,0.17,2.37,0.00,0.00,0.00,0.00,3651.02,798.90,1815.03,1377.15,1556.05,925.03,426.26,881.15,1159.38,1154.68,172.57,385.12,582.54,915.89,1719.64,1192.59,1242.29,1166.48,975.92,870.89,962.18,938.82,919.15,726.90,665.56,377.21,451.83,879.42,499.35,237.01,442.01,376.63,101.67,82.76,96.19,0.00,44.89,0.00,72.50,24.82
