Data/Raw/MOORE,RICHARD/FIREXAQ-LARGE-SMPS_DC8_20190829_R0.ict
88,1001
Richard Moore, Elizabeth Wiggins, Edward Winstead, Claire Robinson, Lee Thornhill, and Kevin Sanchez
NASA Langley Research Center
In-situ Submicron Particle Size Distributions from a SMPS on the NASA DC-8
FIREXAQ
1,1
2019,08,29,2020,03,10
0
Time_start,Secs after midnight,Time of acquisition
50
1,1,1,1,1,1,1,1,1,1,1,1,1,1,1,1,1,1,1,1,1,1,1,1,1,1,1,1,1,1,1,1,1,1,1,1,1,1,1,1,1,1,1,1,1,1,1,1,1,1
-9999,-9999,-9999,-9999,-9999,-9999,-9999,-9999,-9999,-9999,-9999,-9999,-9999,-9999,-9999,-9999,-9999,-9999,-9999,-9999,-9999,-9999,-9999,-9999,-9999,-9999,-9999,-9999,-9999,-9999,-9999,-9999,-9999,-9999,-9999,-9999,-9999,-9999,-9999,-9999,-9999,-9999,-9999,-9999,-9999,-9999,-9999,-9999,-9999,-9999
Time_stop,Secs after midnight,Time of acquisition
Time_mid,Secs after midnight,Time of acquisition
nSMPS_stdPT,#/cm3,AerMP_NumConc_InSitu_RHd_Mobility_NucltoAccu_STP,integrated_number_density
sSMPS_stdPT,um2/cm3,AerMP_SurfAreaConc_InSitu_RHd_Mobility_NucltoAccu_STP,integrated_surface_area
vSMPS_stdPT,um3/cm3,AerMP_VolConc_InSitu_RHd_Mobility_NucltoAccu_STP,integrated_volume
SMPS_stdPT, unitless, None, conversion between ambient PT and standard PT (1013, 273)
SMPS_bin00_stdPT,#/cm3,AerMP_NumSizeDist_InSitu_RHd_Mobility_NucltoAccu_STP,Binned number size distribution (in dNdlogDp) measured by the SMPS
SMPS_bin01_stdPT,#/cm3,AerMP_NumSizeDist_InSitu_RHd_Mobility_NucltoAccu_STP,Binned number size distribution (in dNdlogDp) measured by the SMPS
SMPS_bin02_stdPT,#/cm3,AerMP_NumSizeDist_InSitu_RHd_Mobility_NucltoAccu_STP,Binned number size distribution (in dNdlogDp) measured by the SMPS
SMPS_bin03_stdPT,#/cm3,AerMP_NumSizeDist_InSitu_RHd_Mobility_NucltoAccu_STP,Binned number size distribution (in dNdlogDp) measured by the SMPS
SMPS_bin04_stdPT,#/cm3,AerMP_NumSizeDist_InSitu_RHd_Mobility_NucltoAccu_STP,Binned number size distribution (in dNdlogDp) measured by the SMPS
SMPS_bin05_stdPT,#/cm3,AerMP_NumSizeDist_InSitu_RHd_Mobility_NucltoAccu_STP,Binned number size distribution (in dNdlogDp) measured by the SMPS
SMPS_bin06_stdPT,#/cm3,AerMP_NumSizeDist_InSitu_RHd_Mobility_NucltoAccu_STP,Binned number size distribution (in dNdlogDp) measured by the SMPS
SMPS_bin07_stdPT,#/cm3,AerMP_NumSizeDist_InSitu_RHd_Mobility_NucltoAccu_STP,Binned number size distribution (in dNdlogDp) measured by the SMPS
SMPS_bin08_stdPT,#/cm3,AerMP_NumSizeDist_InSitu_RHd_Mobility_NucltoAccu_STP,Binned number size distribution (in dNdlogDp) measured by the SMPS
SMPS_bin09_stdPT,#/cm3,AerMP_NumSizeDist_InSitu_RHd_Mobility_NucltoAccu_STP,Binned number size distribution (in dNdlogDp) measured by the SMPS
SMPS_bin10_stdPT,#/cm3,AerMP_NumSizeDist_InSitu_RHd_Mobility_NucltoAccu_STP,Binned number size distribution (in dNdlogDp) measured by the SMPS
SMPS_bin11_stdPT,#/cm3,AerMP_NumSizeDist_InSitu_RHd_Mobility_NucltoAccu_STP,Binned number size distribution (in dNdlogDp) measured by the SMPS
SMPS_bin12_stdPT,#/cm3,AerMP_NumSizeDist_InSitu_RHd_Mobility_NucltoAccu_STP,Binned number size distribution (in dNdlogDp) measured by the SMPS
SMPS_bin13_stdPT,#/cm3,AerMP_NumSizeDist_InSitu_RHd_Mobility_NucltoAccu_STP,Binned number size distribution (in dNdlogDp) measured by the SMPS
SMPS_bin14_stdPT,#/cm3,AerMP_NumSizeDist_InSitu_RHd_Mobility_NucltoAccu_STP,Binned number size distribution (in dNdlogDp) measured by the SMPS
[...]
UNCERTAINTY:  20%
ULOD_FLAG: -7777
ULOD_VALUE: N/A
LLOD_FLAG: -8888
LLOD_VALUE: N/A
DM_CONTACT_INFO: Lee Thornhill (Kenneth.L.Thornhill@nasa.gov)
PROJECT_INFO: FIREX-AQ
STIPULATIONS_ON_USE: No stipulations on use. The user is encouraged to contact the PI or DM prior to use.
OTHER_COMMENTS: Midpoint diameters of Bins 00 to 43 are: 0.011,0.012,0.013,0.014,0.015,0.016,0.017,0.018,0.019,0.021,0.022,0.024,0.026,0.028,0.030,0.032,0.035,0.037,0.040,0.043,0.046,0.050,0.053,0.057,0.061,0.066,0.071,0.076,0.082,0.088,0.095,0.102,0.109,0.118,0.126,0.136,0.146,0.157,0.168,0.181,0.194,0.209,0.225,0.241
REVISION: R0
R0: Final Data. Data are corrected for time lags and ammonium sulfate size calibrations.
*******************************************************************************************************************************
Time_start,Time_stop,Time_mid,nSMPS_stdPT,sSMPS_stdPT,vSMPS_stdPT,SMPS_stdPT,SMPS_bin00_stdPT,SMPS_bin01_stdPT,SMPS_bin02_stdPT,SMPS_bin03_stdPT,SMPS_bin04_stdPT,SMPS_bin05_stdPT,SMPS_bin06_stdPT,SMPS_bin07_stdPT,SMPS_bin08_stdPT,SMPS_bin09_stdPT,SMPS_bin10_stdPT,SMPS_bin11_stdPT,SMPS_bin12_stdPT,SMPS_bin13_stdPT,SMPS_bin14_stdPT,SMPS_bin15_stdPT,SMPS_bin16_stdPT,SMPS_bin17_stdPT,SMPS_bin18_stdPT,SMPS_bin19_stdPT,SMPS_bin20_stdPT,SMPS_bin21_stdPT,SMPS_bin22_stdPT,SMPS_bin23_stdPT,SMPS_bin24_stdPT,SMPS_bin25_stdPT,SMPS_bin26_stdPT,SMPS_bin27_stdPT,SMPS_bin28_stdPT,SMPS_bin29_stdPT,SMPS_bin30_stdPT,SMPS_bin31_stdPT,SMPS_bin32_stdPT,SMPS_bin33_stdPT,SMPS_bin34_stdPT,SMPS_bin35_stdPT,SMPS_bin36_stdPT,SMPS_bin37_stdPT,SMPS_bin38_stdPT,SMPS_bin39_stdPT,SMPS_bin40_stdPT,SMPS_bin41_stdPT,SMPS_bin42_stdPT,SMPS_bin43_stdPT
[from data line 175]
71288,71333,71310.5,8150.03,265.78,7.04,1.23,15428.37,9305.10,6056.86,9768.98,5554.03,3568.15,4297.91,2145.46,1608.09,1576.09,1016.77,936.07,1369.17,1140.61,1486.23,1657.55,1842.24,2004.67,2928.90,2669.51,2131.25,3448.30,4397.05,4204.94,9900.01,9770.57,11493.59,13265.72,12385.40,9311.54,9071.40,8660.79,4019.11,4823.75,7922.90,7830.10,3550.83,4996.77,9367.16,8787.91,7209.69,5588.49,4572.42,3590.59
71347,71392,71369.5,6575.53,105.95,2.98,1.23,38302.72,22415.24,9962.85,4707.97,3877.61,2630.65,4398.15,1991.12,1230.15,1803.88,406.55,989.49,990.92,1191.53,847.25,907.32,611.45,309.15,661.30,1315.92,1395.11,1461.92,1255.79,2171.46,1348.80,2390.64,2232.19,1997.66,2245.04,2571.97,1858.52,2037.36,1290.62,1141.47,1337.87,1968.80,2595.48,3525.88,4538.04,3077.95,3683.18,2874.94,2225.03,1447.38
71406,71451,71428.5,2926.21,93.45,2.71,1.22,5958.84,1417.76,2587.68,4288.13,3938.03,1555.45,1644.19,2866.81,2663.13,1540.25,1445.43,1966.48,1232.97,1324.91,918.49,1406.60,1463.81,1201.73,1519.11,1208.78,1415.48,1481.17,1927.54,1325.85,785.33,1624.45,2088.79,2470.40,1631.62,1581.42,2967.75,2499.84,1013.80,1000.55,2432.75,1492.07,979.65,2039.62,3361.46,3396.20,1914.93,2142.82,2484.18,2452.19
71465,71510,71487.5,10222.91,656.20,18.68,1.23,2059.03,697.29,836.30,1239.71,1563.37,894.53,1098.36,1145.13,1456.16,1003.97,1007.99,779.60,857.95,1009.91,486.71,293.88,1252.88,1002.90,1372.14,634.29,1008.78,2510.35,2689.88,4254.51,7582.02,8239.83,4482.41,11086.15,12601.49,13159.48,5720.84,14090.01,15707.27,14871.92,17625.86,18212.44,25119.16,27032.43,26787.38,20472.55,15080.38,15335.48,12434.03,10336.44
71524,71569,71546.5,3130.09,142.31,4.01,1.23,4247.62,2685.08,978.48,1407.60,962.97,1144.34,1327.01,1692.08,973.23,873.88,607.13,619.95,400.51,410.33,251.91,222.38,745.52,1647.24,1994.46,707.71,2031.15,893.76,1748.29,3163.39,2501.81,1034.44,3017.78,4058.12,3445.54,847.37,2703.00,5833.25,4741.75,3841.15,2604.43,3483.89,4006.83,3158.05,3497.61,4105.84,4734.66,3671.12,3213.64,2308.68
71583,71628,71605.5,3288.72,123.54,3.52,1.23,4954.75,3807.12,1311.12,658.41,1462.05,1905.72,1347.14,453.67,1413.58,1497.88,1250.57,1905.77,1337.08,1558.34,2514.01,3389.44,1056.15,632.60,3015.88,2699.60,1673.65,1996.26,1599.51,1958.61,1980.71,2112.56,2582.00,3195.14,2467.86,1985.98,3396.78,3969.33,1157.03,711.11,2963.59,2680.98,1983.95,3010.46,4974.05,4517.93,3103.55,3187.34,3190.64,2031.48
71642,71687,71664.5,2728.26,109.45,3.16,1.23,3583.13,3217.91,3017.40,2623.21,1521.56,754.45,888.29,1764.64,1294.98,1451.22,1439.35,846.38,728.70,728.78,1022.82,730.19,1132.16,1157.11,1072.67,1344.16,1238.42,1038.08,1671.28,1420.85,1560.74,1375.19,1796.15,1675.28,1531.72,1666.49,2174.83,2343.61,978.17,1927.00,2669.43,2426.37,2249.00,3485.28,4543.03,3849.05,3113.07,2716.22,2300.33,2070.83
71701,71746,71723.5,5599.33,435.86,13.51,1.23,2908.62,1271.09,0.00,354.29,1726.48,1427.32,847.20,1407.29,840.59,1323.83,1264.62,821.92,617.68,545.89,364.15,273.26,598.79,487.18,354.88,911.38,1169.47,856.55,373.30,2983.54,3346.62,2099.86,3726.91,7059.04,3240.28,313.24,2277.47,3901.82,162.93,1219.50,10254.08,10971.26,10502.61,13404.06,17624.90,15637.67,15013.68,13833.78,11086.19,9773.38
71760,71805,71782.5,11930.41,444.31,13.08,1.23,38947.70,26407.57,22058.05,12089.74,8188.78,5441.41,1659.98,1262.94,1112.85,1000.02,874.38,301.48,537.18,492.37,548.69,508.82,591.59,592.81,887.06,276.49,545.71,1438.67,3790.96,3911.55,4655.54,4652.75,8288.72,8447.89,7448.28,6480.47,5609.57,8271.54,0.00,0.00,5859.24,14251.04,15096.56,14394.47,20597.07,16720.41,13993.24,11322.52,9345.11,7630.07
71819,71864,71841.5,22649.02,1208.58,34.90,1.23,37432.45,17708.49,16640.06,9016.36,5616.08,3713.71,2829.96,3629.95,1852.50,1259.21,1172.07,837.70,653.14,860.43,882.23,1342.19,1152.56,1361.27,1541.59,4179.14,3345.34,5143.12,8513.07,9064.35,7317.27,14351.43,21682.95,24550.07,20112.74,26910.63,34695.11,30753.00,27965.34,12682.95,17776.35,32484.28,40328.80,42361.34,37044.45,37113.32,37174.66,31068.78,26726.22,20913.03
71878,71923,71900.5,19129.71,943.35,26.23,1.23,7150.27,9193.27,8203.40,5200.19,2298.96,3432.69,1926.22,1711.44,1825.43,1660.46,1484.03,1263.63,1498.88,1588.16,2310.53,3371.55,3825.56,5611.57,4929.23,4518.67,6032.86,9532.04,7746.02,12083.75,25108.49,27361.14,23998.37,25950.58,29450.95,36294.33,22616.52,14035.52,28646.93,31993.50,20334.64,8365.20,14227.21,27690.82,29521.33,32552.41,32047.31,28775.21,19148.39,9742.29
71937,71982,71959.5,4045.66,194.71,5.60,1.24,5115.38,3059.81,2079.73,3989.80,1803.10,1347.42,927.96,1194.62,746.95,999.45,286.07,708.13,1008.24,530.70,1277.75,1228.28,1238.55,1023.18,732.08,984.84,1800.65,1920.75,2102.97,2504.75,3184.99,3393.44,4630.49,5046.07,4475.45,3724.48,4947.19,2945.82,3626.55,3892.56,4590.89,6502.91,7440.20,5567.46,4330.41,2681.23,4358.87,6124.23,5300.37,4086.33
71996,72041,72018.5,1853.48,82.52,2.36,1.33,827.74,689.16,3159.38,763.78,265.01,700.88,718.64,747.16,222.20,803.39,482.48,268.66,207.26,510.26,421.52,504.47,598.05,958.39,733.07,1256.04,1210.79,1342.13,1930.25,1999.49,1671.59,2051.23,2186.36,1686.02,2114.62,1555.66,1939.74,1447.17,1461.40,1449.70,1346.27,1843.92,1845.60,2013.19,2520.09,2701.20,2553.21,2160.43,1834.78,1609.03
72055,72100,72077.5,1357.36,57.41,1.64,1.42,0.00,0.00,566.88,1303.20,0.00,267.40,0.00,674.15,484.16,324.47,74.65,714.01,590.12,442.07,791.44,1004.53,892.32,1293.53,1324.63,1180.73,1213.98,1635.87,1633.62,1748.78,1394.34,1483.24,1611.58,1140.43,1042.98,1265.03,566.16,698.12,806.32,877.16,848.01,1289.82,1933.54,1250.34,1471.42,1853.12,1749.09,1524.98,1100.78,1368.59
72114,72159,72136.5,1481.25,54.59,1.56,1.51,0.00,0.00,821.92,957.96,350.86,0.00,0.00,164.44,314.67,978.53,845.41,221.36,834.00,549.31,1186.44,1264.74,1226.17,1653.97,1633.88,1332.86,1666.68,1685.48,2128.77,1931.55,1777.61,1906.76,1465.07,1510.33,1252.69,1322.55,1058.70,1342.99,1363.99,711.52,1205.44,1035.03,747.17,944.33,1354.87,1608.13,1107.55,971.54,1278.74,862.00
72173,72218,72195.5,1669.20,49.94,1.29,1.53,0.00,0.00,0.00,0.00,0.02,306.26,234.69,186.57,884.84,367.82,179.37,748.58,540.95,832.99,1320.59,1562.30,1262.02,1627.58,2019.50,2479.37,2438.56,2815.66,2475.10,2195.90,2172.62,2525.37,2639.48,2547.99,2050.43,2242.11,1584.18,1428.73,981.17,715.89,1097.40,915.29,1073.38,920.62,956.14,1229.45,1043.79,856.78,758.80,683.29
72232,72277,72254.5,1636.34,44.14,1.11,1.53,0.00,0.00,938.41,786.41,0.00,0.04,236.13,349.45,300.01,698.87,180.82,526.24,467.05,655.15,1225.00,1549.17,1467.88,2251.50,2083.13,1711.27,2327.52,2995.51,2045.29,2672.00,2406.29,2474.96,2374.25,2271.39,1931.91,1778.10,1672.85,1280.09,1377.45,1093.04,793.06,840.13,895.41,1029.92,501.09,1056.61,873.17,836.38,421.49,398.45
72291,72336,72313.5,1737.90,46.35,1.15,1.53,0.00,0.00,452.57,0.00,0.00,351.55,319.17,0.00,212.54,554.27,632.34,849.94,394.92,1072.66,1278.07,850.01,1737.95,2891.81,2025.94,2436.80,3171.48,2658.92,2285.01,2690.69,2812.81,2748.99,2582.04,2617.16,2289.91,1791.62,1502.95,1131.05,1093.77,1533.01,1219.60,580.56,1074.14,896.44,773.70,750.52,923.70,688.70,742.42,567.86
72350,72395,72372.5,1295.25,32.56,0.79,1.53,0.00,0.00,0.00,0.00,0.00,352.78,991.76,210.29,198.85,465.61,349.42,395.53,309.08,1247.08,880.31,1667.41,2034.74,1565.54,1417.75,2310.65,1574.35,2163.22,1961.96,2142.19,1331.09,1685.59,1509.41,1666.15,1431.23,1199.08,1271.36,1181.67,1121.51,709.94,459.92,709.30,586.96,595.91,848.34,747.18,810.41,466.51,278.27,266.89
72409,72454,72431.5,1123.40,23.24,0.52,1.53,0.00,0.00,0.00,0.00,410.61,0.00,532.17,541.73,152.06,506.76,532.45,816.07,550.54,1127.46,930.50,1698.87,1442.86,1608.67,1474.82,1757.09,1701.23,1554.42,1899.61,1374.03,1614.32,1219.90,1648.30,1263.12,1208.51,928.80,932.05,694.03,729.23,793.96,890.56,482.60,442.24,383.10,571.09,397.01,284.81,266.45,248.43,206.73
72468,72513,72490.5,1014.21,18.55,0.41,1.53,0.00,0.00,0.00,0.00,0.01,657.04,237.11,753.25,691.63,247.86,915.72,495.50,733.77,950.97,986.08,1593.91,1883.86,1840.00,1537.41,1493.52,1404.83,1616.19,1289.91,1235.93,1077.03,1126.28,830.87,1304.80,935.45,1006.13,956.25,585.91,635.97,274.20,416.82,308.32,263.12,430.32,534.08,282.85,290.19,210.41,126.21,139.18
72527,72572,72549.5,1043.10,16.81,0.36,1.53,0.00,1238.68,0.00,0.00,822.76,496.90,853.08,795.26,352.17,230.20,291.81,1227.59,712.33,987.81,730.93,972.72,1769.13,1283.24,1506.11,1690.45,2149.60,1605.37,1385.81,1158.35,1335.11,997.31,874.22,1089.76,936.81,914.31,610.89,446.75,743.67,466.85,447.59,226.60,566.18,177.39,257.19,205.59,231.76,175.38,204.92,111.10
72586,72631,72608.5,928.12,15.31,0.32,1.53,0.00,0.00,547.47,0.00,410.32,306.86,247.02,210.65,149.77,512.90,667.57,729.36,899.11,788.07,766.55,1345.20,1432.87,1653.01,1841.54,1840.67,1681.01,1476.87,1226.88,918.93,989.75,781.37,904.43,888.25,776.51,755.37,758.58,802.73,405.28,500.37,343.10,358.00,368.64,150.19,302.27,278.20,287.13,168.17,120.98,54.91
72645,72690,72667.5,757.98,11.02,0.23,1.53,0.00,2797.03,0.00,0.00,0.00,343.84,315.53,377.91,479.29,511.19,556.03,549.68,517.81,782.97,1147.98,1480.88,1007.92,1231.65,1479.34,715.72,1042.58,1045.61,715.73,769.39,653.51,338.42,395.06,618.05,373.56,108.11,453.58,195.93,504.10,739.36,411.39,198.38,492.37,200.24,29.80,153.23,159.60,199.63,39.55,73.37
72704,72749,72726.5,828.55,11.53,0.25,1.53,0.00,2910.66,0.00,1243.79,411.20,305.67,518.83,396.49,369.98,494.56,573.36,400.60,635.02,596.64,654.61,1230.51,908.26,1143.76,1097.08,1249.91,1380.99,714.64,901.26,854.70,885.63,757.91,694.24,643.15,454.30,599.67,489.04,471.31,419.14,410.11,304.95,194.16,204.55,146.39,70.46,98.70,156.76,223.66,130.02,66.47
72764,72809,72786.5,556.41,7.89,0.18,1.53,0.00,739.74,1992.95,0.00,820.70,353.08,267.96,397.56,200.69,344.26,584.30,255.86,530.37,519.64,358.40,491.94,605.57,973.52,822.69,759.55,724.85,620.86,428.74,441.27,351.38,275.63,451.59,262.66,591.42,218.43,360.80,245.77,270.29,166.21,0.00,257.39,252.37,152.54,61.63,156.44,234.93,105.43,7.97,122.81
72823,72868,72845.5,814.17,14.37,0.31,1.53,0.00,1566.08,0.00,0.00,0.00,344.08,46.48,587.26,100.95,417.92,354.37,521.85,543.56,520.74,610.93,1241.98,1285.88,1127.14,1178.70,1068.28,1531.43,1217.92,1549.61,999.05,1045.35,647.14,860.54,728.54,632.66,572.77,709.82,340.46,549.48,491.39,377.67,371.13,378.16,426.60,298.68,335.99,181.92,36.27,49.17,131.05
72882,72927,72904.5,900.71,15.26,0.33,1.53,0.00,0.00,0.00,1361.27,889.75,304.64,536.86,0.00,776.93,0.00,1142.40,519.66,777.30,920.74,1289.14,1024.28,657.71,1224.69,1461.71,1346.68,1385.86,732.22,981.45,1121.63,999.29,1117.33,895.75,781.52,687.54,939.00,798.54,700.68,652.22,438.06,334.12,198.85,325.41,249.09,236.66,235.55,198.89,304.02,82.39,68.01
72941,72986,72963.5,1150.71,21.20,0.46,1.53,0.00,204.68,829.86,913.04,279.87,305.71,0.01,0.00,1169.93,588.04,671.86,145.83,927.69,971.81,1094.09,1191.36,1619.93,1732.85,2013.60,1778.85,2038.77,2006.70,1536.05,1242.74,1156.22,838.52,1324.71,1185.67,1056.87,1063.80,1115.32,638.76,831.32,569.98,550.68,553.84,372.65,587.83,315.54,350.72,333.86,304.53,201.28,107.46
73000,73045,73022.5,1102.23,19.77,0.46,1.53,0.00,1239.16,0.00,1201.02,410.59,305.05,268.75,375.49,149.02,491.25,921.82,670.78,917.65,968.91,1242.85,1481.44,1406.56,1959.59,1154.98,1767.20,1964.57,1230.49,1527.67,1412.54,1140.32,1441.43,1075.09,959.32,1303.23,867.51,518.02,611.60,667.52,283.92,351.22,310.62,325.61,398.15,408.35,352.56,321.13,349.40,89.35,229.00
73059,73104,73081.5,965.88,18.21,0.41,1.53,0.00,0.00,0.00,0.00,478.50,345.17,234.27,419.83,471.94,761.85,197.04,813.73,700.62,715.11,1063.55,1327.55,1675.39,1607.65,1801.74,1503.85,1256.46,1867.61,1328.77,1049.70,880.51,1160.67,1093.94,999.74,894.88,687.71,452.13,622.04,573.78,721.12,313.78,304.81,555.14,464.78,358.88,253.51,364.97,189.67,136.92,83.38
73118,73163,73140.5,1049.35,17.65,0.38,1.53,0.00,1237.82,0.00,0.00,478.46,542.50,615.81,186.83,314.15,504.53,530.09,1244.02,492.64,1092.66,1246.55,1556.14,1462.35,1130.53,1671.18,1624.58,1488.27,1542.99,1989.26,1013.50,1060.40,857.51,1019.93,1300.15,1069.25,1049.00,646.16,540.05,814.68,510.90,564.41,284.32,231.64,296.03,269.59,192.74,116.07,305.81,261.07,145.81
73177,73222,73199.5,1011.67,16.92,0.37,1.53,0.00,0.00,0.00,1128.72,0.02,305.51,45.15,557.17,940.07,120.10,630.36,902.98,1814.16,1103.64,1133.46,1104.85,969.29,1637.45,1827.15,1852.15,1607.93,1333.81,1368.71,815.78,1051.67,1152.25,1455.49,998.13,890.80,639.47,688.81,565.28,420.14,336.04,377.73,374.42,443.23,421.71,324.16,191.31,269.65,188.73,201.71,58.73
73236,73281,73258.5,986.08,14.92,0.30,1.53,0.00,1237.29,0.00,1129.17,0.00,841.58,386.19,373.16,152.25,1017.79,261.30,488.15,674.29,1121.40,1151.74,936.83,1400.57,1439.73,1820.32,1276.34,1674.42,1538.18,1050.46,1391.36,877.72,827.29,941.26,888.20,1134.15,587.00,852.98,856.06,557.29,441.46,224.78,237.46,303.03,335.73,249.80,340.35,191.80,159.85,137.12,48.73
73295,73340,73317.5,722.66,9.23,0.19,1.53,0.00,1239.87,0.00,1129.18,0.00,956.33,267.67,584.28,1185.49,207.54,1130.67,443.35,732.26,665.14,1189.53,750.61,1113.78,1010.50,745.15,819.53,996.78,554.71,885.91,733.25,426.86,521.44,678.66,314.21,300.19,765.12,384.00,211.26,255.28,401.28,347.49,215.05,67.57,266.51,85.58,101.86,157.85,107.50,102.33,24.20
73354,73399,73376.5,777.02,9.76,0.21,1.53,0.00,1562.57,729.06,1577.05,411.00,542.31,841.95,711.74,831.81,790.96,577.21,1016.30,471.39,881.30,589.56,694.18,1074.02,840.29,1079.51,714.03,1064.21,813.67,763.49,511.17,561.56,326.32,398.08,410.36,471.54,504.66,284.41,328.63,371.94,409.49,373.04,223.11,265.70,222.22,44.91,124.96,137.72,58.00,87.01,69.61
73413,73458,73435.5,1022.21,16.28,0.38,1.53,0.00,0.00,1640.15,1243.68,2121.94,537.53,921.94,1015.57,772.93,1021.46,1853.69,1197.63,1021.29,1009.61,1114.64,418.30,713.51,1147.38,604.22,1129.49,671.27,910.10,954.63,808.47,1006.69,672.38,991.55,518.53,683.90,695.84,595.33,509.00,642.27,309.63,487.21,572.05,327.53,215.27,253.42,344.27,420.63,233.27,253.71,98.48
73472,73517,73494.5,1494.85,26.30,0.61,1.53,0.00,0.00,0.00,1696.79,832.41,1141.91,2802.41,1189.78,1286.87,1501.62,2210.17,1995.64,2274.06,1393.85,1096.23,1845.51,944.44,1120.09,812.25,942.54,1531.24,1214.42,1664.23,1245.58,1598.91,1585.87,1387.53,1430.84,1120.07,1177.98,1298.97,1106.63,1061.27,773.25,552.72,497.93,417.35,455.04,419.25,648.12,522.84,391.50,295.45,193.65
73531,73576,73553.5,1231.16,14.70,0.31,1.53,0.00,0.00,2308.06,468.31,2422.00,1307.66,2554.94,1127.45,1710.69,1729.65,1682.72,1413.21,1062.90,1493.52,1391.13,1049.77,972.44,784.72,923.96,954.36,1135.94,1157.50,1465.24,1232.44,1129.80,761.52,595.97,740.38,621.71,537.47,551.26,886.71,307.10,307.98,608.24,264.52,207.78,247.04,350.30,157.03,308.33,209.99,107.52,48.41
73590,73635,73612.5,656.89,11.35,0.26,1.53,0.00,741.11,938.38,444.73,0.00,305.46,460.10,753.27,327.47,767.73,497.22,610.66,405.15,850.44,787.09,817.71,379.92,742.26,961.88,1065.91,1327.96,579.30,247.57,441.72,367.43,480.72,636.04,594.35,315.09,601.16,452.56,280.18,266.91,277.40,353.76,150.75,439.64,279.57,144.70,274.89,159.63,249.31,71.33,97.18
73649,73694,73671.5,1466.86,15.68,0.33,1.53,0.00,8490.65,5454.15,1811.33,1733.76,1267.17,711.64,774.07,286.32,1354.67,369.24,581.20,1199.39,982.14,870.01,860.24,1110.01,1365.59,916.13,1809.43,1502.72,1600.16,1045.13,693.59,854.71,1000.86,971.90,861.27,1009.61,468.33,733.55,518.48,475.23,376.66,550.55,558.68,263.31,290.78,250.69,405.29,109.57,46.98,236.10,114.32
73708,73753,73730.5,1307.48,17.33,0.39,1.53,0.00,6863.34,2646.21,373.92,1117.30,0.00,0.00,755.28,776.99,585.17,833.29,871.69,829.84,1362.54,830.52,1229.58,1564.36,1418.77,2119.38,1694.46,1842.93,1564.89,1688.42,795.80,914.58,943.18,766.31,1033.29,630.50,876.06,689.34,621.77,489.87,336.64,330.73,306.86,222.46,204.32,280.30,387.81,247.03,165.65,380.03,147.20
73767,73812,73789.5,1229.62,24.72,0.58,1.53,0.00,1567.09,546.81,0.00,0.00,188.81,684.51,374.08,317.42,647.00,885.66,591.84,698.25,802.27,954.72,1785.38,1793.30,1868.05,2340.88,2196.84,1858.17,1352.64,1632.15,1165.97,1334.36,1204.69,1312.45,1524.79,1064.23,1214.91,922.37,774.41,796.46,524.51,658.91,399.00,548.94,317.83,395.91,633.31,446.28,220.45,263.18,311.91
