Data/Raw/MOORE,RICHARD/FIREXAQ-LARGE-OPTICAL_DC8_20190829_R0.ict
90,1001
Richard Moore, Elizabeth Wiggins, Edward Winstead, Claire Robinson, Lee Thornhill, and Kevin Sanchez
NASA Langley Research Center
In-situ aerosol optical measurements from the NASA DC-8
FIREXAQ
1,1
2019,08,29,2020,03,10
1.0
Time_mid,Secs after midnight,Time of acquisition
28
1,1,1,1,1,1,1,1,1,1,1,1,1,1,1,1,1,1,1,1,1,1,1,1,1,1,1,1
-9999,-9999,-9999,-9999,-9999,-9999,-9999,-9999,-9999,-9999,-9999,-9999,-9999,-9999,-9999,-9999,-9999,-9999,-9999,-9999,-9999,-9999,-9999,-9999,-9999,-9999,-9999,-9999
totSC450_stdPT, Mm-1, AerOpt_Scattering_InSitu_Blue_RHd_Bulk_STP, Total dry scattering at 450nm (Total Aerosols)
totSC550_stdPT, Mm-1, AerOpt_Scattering_InSitu_Green_RHd_Bulk_STP, Total dry scattering at 550nm (Total Aerosols)
totSC700_stdPT, Mm-1, AerOpt_Scattering_InSitu_Red_RHd_Bulk_STP, Total dry scattering at 700nm (Total Aerosols)
Abs470_stdPT, Mm-1, AerOpt_Absorption_InSitu_Blue_RHd_Bulk_STP, Total dry absorption at 470nm (Total Aerosols)
Abs532_stdPT, Mm-1, AerOpt_Absorption_InSitu_Green_RHd_Bulk_STP, Total dry absorption at 532nm (Total Aerosols)
Abs660_stdPT, Mm-1, AerOpt_Absorption_InSitu_Red_RHd_Bulk_STP, Total dry absorption at 660nm (Total Aerosols)
gamma450, unitless, AerOpt_Gamma_InSitu_Blue_None_PM1_None, Derived submicron hygroscopic growth factor for particles at 450nm
gamma550, unitless, AerOpt_Gamma_InSitu_Green_None_PM1_None, Derived submicron hygroscopic growth factor for particles at 550nm
gamma700, unitless, AerOpt_Gamma_InSitu_Red_None_PM1_None, Derived submicron hygroscopic growth factor for particles at 700nm
fRH450_RH20to85, unitless, AerOpt_fRHScat_InSitu_Blue_RHsp_PM1_None, Derived submicron hygroscopic growth parameter for particles at 450nm
fRH550_RH20to85, unitless, AerOpt_fRHScat_InSitu_Green_RHsp_PM1_None, Derived submicron hygroscopic growth parameter for particles at 550nm
fRH700_RH20to85, unitless, AerOpt_fRHScat_InSitu_Red_RHsp_PM1_None, Derived submicron hygroscopic growth parameter for particles at 700nm
ambSC450_stdPT, Mm-1, AerOpt_Scattering_InSitu_Blue_RHa_PM1_STP, Derived submicron ambient scattering at 450nm (Total Aerosols)
ambSC550_stdPT, Mm-1, AerOpt_Scattering_InSitu_Green_RHa_PM1_STP, Derived submicron ambient scattering at 550nm (Total Aerosols)
ambSC700_stdPT, Mm-1, AerOpt_Scattering_InSitu_Red_RHa_PM1_STP, Derived submicron ambient scattering at 700nm (Total Aerosols)
dryAEscat_550to700, unitless, AerOpt_AngstromExponentScat_InSitu_GreentoRed_RHd_PM1_None, Derived submicron dry Angstrom Exponent for scattering coefficient over wavelength range from 550nm to 700nm
drySSA_450, unitless, AerOpt_SSA_InSitu_Blue_RHd_PM1_None, Derived submicron single scattering albedo at 450nm (dry scattering and absorption)
drySSA_550, unitless, AerOpt_SSA_InSitu_Green_RHd_PM1_None, Derived submicron single scattering albedo at 550nm (dry scattering and absorption)
drySSA_700, unitless, AerOpt_SSA_InSitu_Red_RHd_PM1_None, Derived submicron single scattering albedo at 700nm (dry scattering and absorption)
ambSSA_450, unitless, AerOpt_SSA_InSitu_Blue_RHa_PM1_None, Derived submicron single scattering albedo at 450nm (ambient scattering and absorption)
ambSSA_550, unitless, AerOpt_SSA_InSitu_Green_RHa_PM1_None, Derived submicron single scattering albedo at 550nm (ambient scattering and absorption)
[...]
   - f(RH) is the amplification factor in scattering due to RH and is calculated from gamma at 20% and 85% RH. 
  SSA: computed only when both scattering and absorption is greater than 5 Mm-1
  dryAEscat_550to70 - computed only when scattering is greater than 10 Mm-1
  TAP ABSORPTION: 
   - Absorption Data from Brechtel 3-wavelength Tricolor Absorption Photometer (TAP), corrected for scattering following the TAP manual, version 8.
   - Included for research evaluation. User is directed to the primary PSAP-based absorption measurements (Abs470_stdPT, Abs532_stdPT, Abs660_stdPT) on which the derived parameters are calculated.
DATA_INFO: Aerosol measurements are reported at standard temperature and pressure (1013mb,273K), divide by stdPT to get back to ambient
UNCERTAINTY: all data are 5%
ULOD_FLAG: -7777
ULOD_VALUE: N/A
LLOD_FLAG: -8888
LLOD_VALUE: N/A
DM_CONTACT_INFO: Lee Thornhill (Kenneth.L.Thornhill@nasa.gov)
PROJECT_INFO: FIREX-AQ (2019)
STIPULATIONS_ON_USE: No stipulations on use. The user is encouraged to contact the PI or DM prior to use.
OTHER_COMMENTS: none
REVISION: R0
R0: Final Data. Data are corrected for time lags and calibrations.
******************************************************************************************************************
Time_mid,totSC450_stdPT,totSC550_stdPT,totSC700_stdPT,Abs470_stdPT,Abs532_stdPT,Abs660_stdPT,gamma450,gamma550,gamma700,fRH450_RH20to85,fRH550_RH20to85,fRH700_RH20to85,ambSC450_stdPT,ambSC550_stdPT,ambSC700_stdPT,dryAEscat_550to700,drySSA_450,drySSA_550,drySSA_700,ambSSA_450,ambSSA_550,ambSSA_700,dryEXT_532_stdPT,ambEXT_532_stdPT,TAP467_stdPT,TAP528_stdPT,TAP652_stdPT,stdPT
[from data line 5836]
66204,74.28,44.36,28.18,0.49,0.49,0.33,-9999.00,-9999.00,-9999.00,-9999.00,-9999.00,-9999.00,-9999.00,-9999.00,-9999.00,2.08,-9999.00,-9999.00,-9999.00,-9999.00,-9999.00,-9999.00,41.19,-9999.00,-4.54,-46.20,-3.84,1.35
66205,65.50,43.57,22.19,0.64,0.56,0.38,-9999.00,-9999.00,-9999.00,-9999.00,-9999.00,-9999.00,-9999.00,-9999.00,-9999.00,2.04,-9999.00,-9999.00,-9999.00,-9999.00,-9999.00,-9999.00,39.26,-9999.00,-6.18,9.17,-2.67,1.35
66206,69.46,43.50,24.33,0.57,0.70,0.20,-9999.00,-9999.00,-9999.00,-9999.00,-9999.00,-9999.00,-9999.00,-9999.00,-9999.00,2.08,-9999.00,-9999.00,-9999.00,-9999.00,-9999.00,-9999.00,41.47,-9999.00,-5.77,21.04,-4.07,1.35
66207,60.92,42.84,23.44,0.71,0.71,0.42,-9999.00,-9999.00,-9999.00,-9999.00,-9999.00,-9999.00,-9999.00,-9999.00,-9999.00,2.21,-9999.00,-9999.00,-9999.00,-9999.00,-9999.00,-9999.00,39.02,-9999.00,11.67,-19.87,24.99,1.35
66208,64.25,45.01,26.64,0.59,0.55,0.42,-9999.00,-9999.00,-9999.00,-9999.00,-9999.00,-9999.00,-9999.00,-9999.00,-9999.00,2.26,-9999.00,-9999.00,-9999.00,-9999.00,-9999.00,-9999.00,40.80,-9999.00,20.13,49.66,-10.58,1.35
66209,60.92,43.26,23.55,0.57,0.58,0.55,-9999.00,-9999.00,-9999.00,-9999.00,-9999.00,-9999.00,-9999.00,-9999.00,-9999.00,2.39,-9999.00,-9999.00,-9999.00,-9999.00,-9999.00,-9999.00,40.53,-9999.00,-7.78,-58.07,-8.63,1.35
66210,65.16,48.91,23.53,0.46,0.55,0.42,-9999.00,-9999.00,-9999.00,-9999.00,-9999.00,-9999.00,-9999.00,-9999.00,-9999.00,2.43,-9999.00,-9999.00,-9999.00,-9999.00,-9999.00,-9999.00,39.08,-9999.00,1.57,47.04,15.00,1.35
66211,64.33,45.32,23.32,0.53,0.67,0.29,-9999.00,-9999.00,-9999.00,-9999.00,-9999.00,-9999.00,-9999.00,-9999.00,-9999.00,2.44,-9999.00,-9999.00,-9999.00,-9999.00,-9999.00,-9999.00,39.18,-9999.00,-3.43,-11.60,-6.64,1.35
66212,60.91,48.03,24.69,0.52,0.57,0.33,-9999.00,-9999.00,-9999.00,-9999.00,-9999.00,-9999.00,-9999.00,-9999.00,-9999.00,2.35,-9999.00,-9999.00,-9999.00,-9999.00,-9999.00,-9999.00,39.00,-9999.00,-4.18,-19.13,5.50,1.35
66213,68.45,43.22,22.37,0.30,0.56,0.24,-9999.00,-9999.00,-9999.00,-9999.00,-9999.00,-9999.00,-9999.00,-9999.00,-9999.00,2.35,-9999.00,-9999.00,-9999.00,-9999.00,-9999.00,-9999.00,37.78,-9999.00,-1.10,40.28,30.18,1.35
66214,59.99,42.63,24.63,0.37,0.52,0.14,-9999.00,-9999.00,-9999.00,-9999.00,-9999.00,-9999.00,-9999.00,-9999.00,-9999.00,2.37,-9999.00,-9999.00,-9999.00,-9999.00,-9999.00,-9999.00,36.55,-9999.00,-12.90,11.69,-38.99,1.35
66215,63.40,43.76,21.46,0.18,0.42,0.33,-9999.00,-9999.00,-9999.00,-9999.00,-9999.00,-9999.00,-9999.00,-9999.00,-9999.00,2.33,-9999.00,-9999.00,-9999.00,-9999.00,-9999.00,-9999.00,37.42,-9999.00,33.71,-21.91,16.70,1.35
66216,58.76,43.57,24.22,0.26,0.31,0.34,-9999.00,-9999.00,-9999.00,-9999.00,-9999.00,-9999.00,-9999.00,-9999.00,-9999.00,2.29,-9999.00,-9999.00,-9999.00,-9999.00,-9999.00,-9999.00,34.76,-9999.00,-23.22,6.85,-8.34,1.35
66217,62.01,40.64,20.55,0.26,0.34,0.15,-9999.00,-9999.00,-9999.00,-9999.00,-9999.00,-9999.00,-9999.00,-9999.00,-9999.00,2.24,-9999.00,-9999.00,-9999.00,-9999.00,-9999.00,-9999.00,36.07,-9999.00,-6.07,26.37,-8.79,1.35
66218,60.71,44.36,20.79,0.37,0.35,0.15,-9999.00,-9999.00,-9999.00,-9999.00,-9999.00,-9999.00,-9999.00,-9999.00,-9999.00,2.10,-9999.00,-9999.00,-9999.00,-9999.00,-9999.00,-9999.00,33.42,-9999.00,30.33,-27.19,-15.26,1.35
66219,63.86,40.90,20.74,0.23,0.40,0.08,-9999.00,-9999.00,-9999.00,-9999.00,-9999.00,-9999.00,-9999.00,-9999.00,-9999.00,2.03,-9999.00,-9999.00,-9999.00,-9999.00,-9999.00,-9999.00,35.53,-9999.00,-2.16,12.93,66.16,1.35
66220,58.95,45.18,22.45,0.33,0.28,0.24,-9999.00,-9999.00,-9999.00,-9999.00,-9999.00,-9999.00,-9999.00,-9999.00,-9999.00,2.09,-9999.00,-9999.00,-9999.00,-9999.00,-9999.00,-9999.00,34.55,-9999.00,-20.46,-17.62,-34.85,1.35
66221,62.43,41.89,22.19,0.12,0.26,0.38,-9999.00,-9999.00,-9999.00,-9999.00,-9999.00,-9999.00,-9999.00,-9999.00,-9999.00,2.27,-9999.00,-9999.00,-9999.00,-9999.00,-9999.00,-9999.00,35.57,-9999.00,32.16,29.05,-14.01,1.35
66222,55.79,43.52,23.06,0.31,0.24,0.29,0.12,0.16,0.01,1.19,1.26,1.01,51.50,33.58,21.50,2.39,-9999.00,-9999.00,-9999.00,-9999.00,-9999.00,-9999.00,36.29,36.29,-11.30,-8.06,21.99,1.35
66223,58.10,39.69,23.59,0.32,0.23,0.36,0.02,0.09,-0.03,1.02,1.13,0.96,57.14,34.79,24.32,2.52,-9999.00,-9999.00,-9999.00,-9999.00,-9999.00,-9999.00,38.00,38.00,-8.07,20.41,1.89,1.35
66224,64.50,42.09,20.92,0.23,0.25,0.47,0.11,0.20,0.19,1.17,1.33,1.32,71.35,51.19,30.58,2.54,-9999.00,-9999.00,-9999.00,-9999.00,-9999.00,-9999.00,34.34,56.42,22.42,-23.48,14.92,1.35
66225,57.08,39.02,22.62,0.27,0.31,0.31,0.01,0.09,0.18,1.02,1.14,1.29,57.77,33.96,14.91,2.55,-9999.00,-9999.00,-9999.00,-9999.00,-9999.00,-9999.00,37.40,37.40,2.90,-4.86,-10.82,1.35
66226,56.25,38.52,23.04,0.21,0.39,0.37,0.14,0.22,0.47,1.22,1.37,1.98,72.46,51.48,32.92,2.69,-9999.00,-9999.00,-9999.00,-9999.00,-9999.00,-9999.00,32.88,56.71,2.83,-6.37,4.76,1.35
66227,51.85,39.31,20.01,0.22,0.31,0.56,0.13,0.22,0.24,1.21,1.38,1.42,72.91,54.08,25.51,2.90,-9999.00,-9999.00,-9999.00,-9999.00,-9999.00,-9999.00,33.32,59.31,9.44,36.91,1.60,1.35
66228,61.46,40.26,21.59,-0.01,0.28,0.39,0.12,0.19,0.25,1.19,1.32,1.43,51.29,30.81,15.95,3.00,-9999.00,-9999.00,-9999.00,-9999.00,-9999.00,-9999.00,33.81,33.81,-3.77,0.25,17.11,1.35
66229,58.98,40.04,20.95,0.10,0.22,0.47,-9999.00,-9999.00,-9999.00,-9999.00,-9999.00,-9999.00,-9999.00,-9999.00,-9999.00,2.99,-9999.00,-9999.00,-9999.00,-9999.00,-9999.00,-9999.00,34.82,-9999.00,-4.05,-23.32,-49.02,1.35
66230,60.75,40.56,23.08,0.07,0.28,0.30,-9999.00,-9999.00,-9999.00,-9999.00,-9999.00,-9999.00,-9999.00,-9999.00,-9999.00,2.87,-9999.00,-9999.00,-9999.00,-9999.00,-9999.00,-9999.00,32.50,-9999.00,3.75,9.94,27.30,1.35
66231,56.50,38.62,19.20,0.06,0.31,0.25,0.09,0.14,0.20,1.14,1.23,1.34,45.39,27.67,11.89,2.66,-9999.00,-9999.00,-9999.00,-9999.00,-9999.00,-9999.00,30.34,30.34,9.20,-8.28,5.39,1.35
66232,59.62,39.05,18.15,0.01,0.30,0.14,0.13,0.16,0.40,1.20,1.25,1.79,44.48,27.02,10.73,2.35,-9999.00,-9999.00,-9999.00,-9999.00,-9999.00,-9999.00,29.65,29.65,4.14,54.11,9.96,1.35
66233,49.39,33.79,20.03,0.09,0.33,0.17,0.11,0.12,-9999.00,1.18,1.19,-9999.00,43.55,26.35,-9999.00,2.20,-9999.00,-9999.00,-9999.00,-9999.00,-9999.00,-9999.00,28.97,28.97,3.08,-16.13,-27.25,1.35
66234,54.99,35.57,17.27,0.15,0.22,0.09,0.12,0.15,0.13,1.20,1.25,1.20,59.88,35.80,24.12,2.14,-9999.00,-9999.00,-9999.00,-9999.00,-9999.00,-9999.00,27.37,39.67,8.41,-7.73,16.67,1.35
66235,49.16,28.38,16.92,0.14,0.34,0.10,0.06,0.15,-0.12,1.09,1.24,0.85,51.40,33.53,16.35,2.10,-9999.00,-9999.00,-9999.00,-9999.00,-9999.00,-9999.00,27.94,37.44,-19.83,-11.83,8.69,1.35
66236,44.45,32.02,17.38,0.31,0.29,0.02,0.04,0.15,0.14,1.07,1.25,1.22,48.97,31.66,22.44,1.99,-9999.00,-9999.00,-9999.00,-9999.00,-9999.00,-9999.00,27.34,35.38,17.39,2.93,1.17,1.35
66237,40.33,30.22,16.70,0.37,0.39,0.04,0.05,0.17,-0.17,1.08,1.27,0.79,50.96,32.61,15.36,1.92,-9999.00,-9999.00,-9999.00,-9999.00,-9999.00,-9999.00,28.50,36.51,-7.01,0.96,-12.25,1.35
66238,54.38,32.22,17.07,0.21,0.21,0.09,0.05,0.18,0.04,1.08,1.30,1.05,50.45,33.38,17.30,1.69,-9999.00,-9999.00,-9999.00,-9999.00,-9999.00,-9999.00,28.93,37.01,6.20,14.83,2.39,1.35
66239,49.16,29.96,16.28,0.29,0.25,-0.02,0.07,0.15,0.02,1.11,1.23,1.02,48.36,29.78,15.15,1.64,-9999.00,-9999.00,-9999.00,-9999.00,-9999.00,-9999.00,27.57,33.02,16.67,55.16,11.91,1.35
66240,54.88,31.02,17.58,0.20,0.16,-0.05,0.02,0.17,-9999.00,1.03,1.29,-9999.00,48.63,30.92,-9999.00,1.65,-9999.00,-9999.00,-9999.00,-9999.00,-9999.00,-9999.00,28.19,34.49,-0.77,-56.55,-5.31,1.35
66241,52.44,31.75,17.31,0.38,0.15,0.09,0.08,0.10,-9999.00,1.12,1.15,-9999.00,45.53,27.61,-9999.00,1.73,-9999.00,-9999.00,-9999.00,-9999.00,-9999.00,-9999.00,27.11,30.27,-20.51,11.66,16.23,1.35
66242,50.70,31.96,18.07,0.41,0.15,0.08,0.09,0.16,0.11,1.14,1.26,1.17,46.43,29.01,13.35,1.84,-9999.00,-9999.00,-9999.00,-9999.00,-9999.00,-9999.00,26.73,31.93,13.52,2.32,-11.29,1.35
66243,48.76,30.46,18.21,0.51,0.31,0.14,0.08,0.11,-0.05,1.13,1.17,0.93,46.16,26.95,14.09,2.07,-9999.00,-9999.00,-9999.00,-9999.00,-9999.00,-9999.00,26.65,29.92,3.80,-4.71,-18.70,1.35
66244,42.09,29.02,15.57,0.55,0.40,0.26,0.08,0.19,0.03,1.12,1.32,1.05,45.91,28.08,17.36,2.24,-9999.00,-9999.00,-9999.00,-9999.00,-9999.00,-9999.00,25.69,31.48,-8.57,-7.79,8.67,1.35
66245,49.80,32.31,18.73,0.43,0.41,0.26,0.09,0.16,-0.11,1.14,1.26,0.85,46.40,27.61,14.67,2.35,-9999.00,-9999.00,-9999.00,-9999.00,-9999.00,-9999.00,26.04,30.90,25.32,43.57,14.85,1.35
66246,43.87,30.18,16.09,0.52,0.45,0.31,0.08,0.19,0.10,1.12,1.32,1.15,46.14,29.16,18.17,2.32,-9999.00,-9999.00,-9999.00,-9999.00,-9999.00,-9999.00,26.47,32.57,-6.51,-54.85,-7.80,1.35
66247,48.44,32.25,18.15,0.45,0.35,0.34,0.07,0.11,0.05,1.11,1.17,1.08,45.95,28.64,15.27,2.21,-9999.00,-9999.00,-9999.00,-9999.00,-9999.00,-9999.00,28.07,31.54,-4.62,8.71,36.47,1.35
66248,43.86,33.00,17.65,0.46,0.41,0.41,0.07,0.13,0.33,1.10,1.20,1.61,46.89,31.55,18.61,2.06,-9999.00,-9999.00,-9999.00,-9999.00,-9999.00,-9999.00,30.02,34.46,-0.06,41.21,-14.61,1.35
66249,47.72,31.97,16.13,0.47,0.48,0.38,0.04,0.09,-0.02,1.06,1.13,0.97,47.79,28.73,11.09,2.06,-9999.00,-9999.00,-9999.00,-9999.00,-9999.00,-9999.00,29.03,32.00,-21.36,-24.86,4.95,1.35
66250,43.66,31.75,17.24,0.60,0.49,0.55,0.07,0.16,0.14,1.10,1.27,1.22,51.65,29.41,13.71,2.15,-9999.00,-9999.00,-9999.00,-9999.00,-9999.00,-9999.00,28.03,33.34,-6.82,-11.62,-4.34,1.35
66251,50.04,31.75,17.04,0.35,0.55,0.55,0.05,0.12,-0.09,1.08,1.19,0.87,48.76,26.94,13.31,2.26,-9999.00,-9999.00,-9999.00,-9999.00,-9999.00,-9999.00,27.29,30.62,15.65,-7.52,-12.72,1.35
66252,46.01,31.13,17.23,0.42,0.57,0.62,0.06,0.22,0.02,1.10,1.38,1.03,50.85,25.71,16.12,2.42,-9999.00,-9999.00,-9999.00,-9999.00,-9999.00,-9999.00,24.44,30.10,13.68,-8.53,-11.27,1.35
66253,51.80,31.69,16.93,0.39,0.48,0.56,0.13,0.08,-0.27,1.21,1.12,0.68,46.84,27.24,14.27,2.43,-9999.00,-9999.00,-9999.00,-9999.00,-9999.00,-9999.00,27.88,30.03,-15.12,-1.08,-1.14,1.35
66254,48.95,30.32,19.20,0.43,0.45,0.52,0.02,0.14,-0.03,1.03,1.22,0.96,49.73,26.32,13.85,2.46,-9999.00,-9999.00,-9999.00,-9999.00,-9999.00,-9999.00,26.39,30.28,26.76,-5.95,3.41,1.35
66255,55.97,31.66,17.41,0.47,0.42,0.61,0.03,0.10,-0.01,1.04,1.16,0.98,48.71,26.07,13.24,2.38,-9999.00,-9999.00,-9999.00,-9999.00,-9999.00,-9999.00,26.60,29.74,-12.86,34.14,6.19,1.35
66256,50.18,27.55,16.95,0.48,0.49,0.63,0.06,0.12,0.17,1.08,1.18,1.27,48.56,26.66,14.95,2.21,-9999.00,-9999.00,-9999.00,-9999.00,-9999.00,-9999.00,26.88,30.24,-2.33,14.72,16.85,1.35
66257,51.52,30.72,17.51,0.53,0.43,0.48,0.07,0.09,0.15,1.10,1.14,1.24,48.86,26.96,12.91,2.02,-9999.00,-9999.00,-9999.00,-9999.00,-9999.00,-9999.00,27.39,30.32,15.78,25.06,7.50,1.35
66258,44.19,27.51,15.12,0.71,0.42,0.53,0.07,0.08,-9999.00,1.11,1.12,-9999.00,48.70,27.46,-9999.00,1.95,-9999.00,-9999.00,-9999.00,-9999.00,-9999.00,-9999.00,27.99,30.67,-6.75,-17.80,-4.97,1.35
66259,49.39,31.08,16.39,0.43,0.36,0.50,-9999.00,-9999.00,-9999.00,-9999.00,-9999.00,-9999.00,-9999.00,-9999.00,-9999.00,1.89,-9999.00,-9999.00,-9999.00,-9999.00,-9999.00,-9999.00,27.38,-9999.00,-7.10,-15.12,-20.75,1.35
66260,46.37,30.61,17.37,0.55,0.38,0.35,-9999.00,-9999.00,-9999.00,-9999.00,-9999.00,-9999.00,-9999.00,-9999.00,-9999.00,1.99,-9999.00,-9999.00,-9999.00,-9999.00,-9999.00,-9999.00,26.85,-9999.00,6.48,-32.33,0.01,1.35
66261,50.87,32.11,20.00,0.55,0.29,0.30,-9999.00,-9999.00,-9999.00,-9999.00,-9999.00,-9999.00,-9999.00,-9999.00,-9999.00,1.98,-9999.00,-9999.00,-9999.00,-9999.00,-9999.00,-9999.00,26.27,-9999.00,-27.94,15.17,10.39,1.35
66262,46.45,29.86,15.08,0.55,0.25,0.40,-9999.00,-9999.00,-9999.00,-9999.00,-9999.00,-9999.00,-9999.00,-9999.00,-9999.00,1.86,-9999.00,-9999.00,-9999.00,-9999.00,-9999.00,-9999.00,25.82,-9999.00,5.30,-5.65,-14.45,1.35
66263,48.15,32.13,18.60,0.46,0.22,0.39,-9999.00,-9999.00,-9999.00,-9999.00,-9999.00,-9999.00,-9999.00,-9999.00,-9999.00,1.66,-9999.00,-9999.00,-9999.00,-9999.00,-9999.00,-9999.00,26.01,-9999.00,2.18,9.11,16.80,1.35
66264,44.56,30.75,13.62,0.51,0.30,0.56,-9999.00,-9999.00,-9999.00,-9999.00,-9999.00,-9999.00,-9999.00,-9999.00,-9999.00,1.62,-9999.00,-9999.00,-9999.00,-9999.00,-9999.00,-9999.00,26.32,-9999.00,30.00,26.36,22.75,1.35
66265,48.18,28.09,14.09,0.44,0.34,0.42,-9999.00,-9999.00,-9999.00,-9999.00,-9999.00,-9999.00,-9999.00,-9999.00,-9999.00,1.45,-9999.00,-9999.00,-9999.00,-9999.00,-9999.00,-9999.00,29.02,-9999.00,-20.12,14.75,-18.28,1.35
66266,44.67,30.87,14.44,0.58,0.36,0.41,-9999.00,-9999.00,-9999.00,-9999.00,-9999.00,-9999.00,-9999.00,-9999.00,-9999.00,1.36,-9999.00,-9999.00,-9999.00,-9999.00,-9999.00,-9999.00,29.69,-9999.00,1.56,-53.98,-5.91,1.35
66267,47.90,28.92,15.90,0.51,0.46,0.58,-9999.00,-9999.00,-9999.00,-9999.00,-9999.00,-9999.00,-9999.00,-9999.00,-9999.00,1.43,-9999.00,-9999.00,-9999.00,-9999.00,-9999.00,-9999.00,30.45,-9999.00,-13.25,31.88,0.55,1.35
66268,46.81,30.58,15.82,0.47,0.44,0.45,-9999.00,-9999.00,-9999.00,-9999.00,-9999.00,-9999.00,-9999.00,-9999.00,-9999.00,1.63,-9999.00,-9999.00,-9999.00,-9999.00,-9999.00,-9999.00,29.47,-9999.00,26.10,14.43,15.96,1.35
66269,46.63,29.81,19.69,0.61,0.59,0.51,-9999.00,-9999.00,-9999.00,-9999.00,-9999.00,-9999.00,-9999.00,-9999.00,-9999.00,1.80,-9999.00,-9999.00,-9999.00,-9999.00,-9999.00,-9999.00,28.54,-9999.00,-20.01,-38.08,-22.41,1.35
66270,49.85,30.98,18.41,0.49,0.57,0.46,-9999.00,-9999.00,-9999.00,-9999.00,-9999.00,-9999.00,-9999.00,-9999.00,-9999.00,1.96,-9999.00,-9999.00,-9999.00,-9999.00,-9999.00,-9999.00,28.36,-9999.00,21.43,33.47,7.59,1.35
66271,50.95,32.85,19.97,0.41,0.61,0.50,-9999.00,-9999.00,-9999.00,-9999.00,-9999.00,-9999.00,-9999.00,-9999.00,-9999.00,1.87,-9999.00,-9999.00,-9999.00,-9999.00,-9999.00,-9999.00,28.29,-9999.00,5.29,-21.70,-2.47,1.35
66272,49.57,28.76,15.24,0.49,0.73,0.59,-9999.00,-9999.00,-9999.00,-9999.00,-9999.00,-9999.00,-9999.00,-9999.00,-9999.00,1.84,-9999.00,-9999.00,-9999.00,-9999.00,-9999.00,-9999.00,28.17,-9999.00,-0.40,-34.92,1.54,1.35
66273,50.99,31.85,16.72,0.48,0.68,0.50,0.09,0.07,0.04,1.14,1.11,1.07,49.37,27.02,14.79,1.99,-9999.00,-9999.00,-9999.00,-9999.00,-9999.00,-9999.00,28.00,30.43,-29.56,23.75,-7.28,1.35
66274,43.27,29.87,14.78,0.53,0.72,0.34,0.00,0.05,0.03,1.00,1.07,1.04,44.86,26.22,14.46,2.05,-9999.00,-9999.00,-9999.00,-9999.00,-9999.00,-9999.00,28.10,29.62,20.37,25.04,21.16,1.35
66275,48.69,32.96,16.95,0.45,0.60,0.36,0.02,0.10,0.04,1.02,1.16,1.07,46.08,28.07,14.76,2.29,-9999.00,-9999.00,-9999.00,-9999.00,-9999.00,-9999.00,28.06,31.59,-12.25,10.90,0.81,1.35
66276,42.42,29.31,13.77,0.54,0.59,0.30,0.02,0.06,-0.14,1.03,1.09,0.82,45.18,27.03,13.01,2.47,-9999.00,-9999.00,-9999.00,-9999.00,-9999.00,-9999.00,28.18,30.28,0.84,10.35,-5.22,1.35
66277,47.74,28.63,15.37,0.38,0.60,0.13,0.03,0.11,-0.01,1.05,1.18,0.98,44.90,28.65,16.45,2.55,-9999.00,-9999.00,-9999.00,-9999.00,-9999.00,-9999.00,28.42,31.89,-21.12,-17.45,-8.73,1.35
66278,49.62,33.38,13.20,0.44,0.59,0.24,0.07,0.06,0.17,1.11,1.10,1.27,44.59,27.13,14.41,2.61,-9999.00,-9999.00,-9999.00,-9999.00,-9999.00,-9999.00,28.01,30.00,19.30,12.79,21.55,1.35
66279,51.12,35.59,14.83,0.36,0.42,0.01,0.05,0.12,-9999.00,1.08,1.18,-9999.00,44.72,28.38,-9999.00,2.69,-9999.00,-9999.00,-9999.00,-9999.00,-9999.00,-9999.00,27.73,31.38,8.72,-25.40,1.67,1.35
66280,48.92,32.11,16.69,0.52,0.55,0.10,0.06,0.05,0.13,1.09,1.07,1.20,45.05,26.82,12.50,2.78,-9999.00,-9999.00,-9999.00,-9999.00,-9999.00,-9999.00,28.15,29.72,24.75,26.82,20.96,1.35
66281,51.30,36.04,17.91,0.42,0.49,0.08,0.02,0.07,0.16,1.03,1.11,1.27,43.11,27.85,13.98,2.86,-9999.00,-9999.00,-9999.00,-9999.00,-9999.00,-9999.00,28.41,30.71,-22.51,32.78,-21.06,1.35
66282,44.80,33.28,20.30,0.45,0.41,0.03,0.05,0.09,-9999.00,1.07,1.15,-9999.00,46.48,27.96,-9999.00,2.87,-9999.00,-9999.00,-9999.00,-9999.00,-9999.00,-9999.00,27.67,31.12,4.70,-17.29,-20.17,1.35
66283,46.69,30.00,18.67,0.40,0.45,0.20,0.01,0.11,-9999.00,1.01,1.17,-9999.00,44.51,28.97,-9999.00,2.82,-9999.00,-9999.00,-9999.00,-9999.00,-9999.00,-9999.00,28.27,32.22,3.10,-71.72,-5.66,1.35
