Data/Raw/MOORE,RICHARD/FIREXAQ-LARGE-SMPS_DC8_20190808_R0.ict
88,1001
Richard Moore, Elizabeth Wiggins, Edward Winstead, Claire Robinson, Lee Thornhill, and Kevin Sanchez
NASA Langley Research Center
In-situ Submicron Particle Size Distributions from a SMPS on the NASA DC-8
FIREXAQ
1,1
2019,08,08,2020,03,10
0
Time_start,Secs after midnight,Time of acquisition
50
1,1,1,1,1,1,1,1,1,1,1,1,1,1,1,1,1,1,1,1,1,1,1,1,1,1,1,1,1,1,1,1,1,1,1,1,1,1,1,1,1,1,1,1,1,1,1,1,1,1
-9999,-9999,-9999,-9999,-9999,-9999,-9999,-9999,-9999,-9999,-9999,-9999,-9999,-9999,-9999,-9999,-9999,-9999,-9999,-9999,-9999,-9999,-9999,-9999,-9999,-9999,-9999,-9999,-9999,-9999,-9999,-9999,-9999,-9999,-9999,-9999,-9999,-9999,-9999,-9999,-9999,-9999,-9999,-9999,-9999,-9999,-9999,-9999,-9999,-9999
Time_stop,Secs after midnight,Time of acquisition
Time_mid,Secs after midnight,Time of acquisition
nSMPS_stdPT,#/cm3,AerMP_NumConc_InSitu_RHd_Mobility_NucltoAccu_STP,integrated_number_density
sSMPS_stdPT,um2/cm3,AerMP_SurfAreaConc_InSitu_RHd_Mobility_NucltoAccu_STP,integrated_surface_area
vSMPS_stdPT,um3/cm3,AerMP_VolConc_InSitu_RHd_Mobility_NucltoAccu_STP,integrated_volume
SMPS_stdPT, unitless, None, conversion between ambient PT and standard PT (1013, 273)
SMPS_bin00_stdPT,#/cm3,AerMP_NumSizeDist_InSitu_RHd_Mobility_NucltoAccu_STP,Binned number size distribution (in dNdlogDp) measured by the SMPS
SMPS_bin01_stdPT,#/cm3,AerMP_NumSizeDist_InSitu_RHd_Mobility_NucltoAccu_STP,Binned number size distribution (in dNdlogDp) measured by the SMPS
SMPS_bin02_stdPT,#/cm3,AerMP_NumSizeDist_InSitu_RHd_Mobility_NucltoAccu_STP,Binned number size distribution (in dNdlogDp) measured by the SMPS
SMPS_bin03_stdPT,#/cm3,AerMP_NumSizeDist_InSitu_RHd_Mobility_NucltoAccu_STP,Binned number size distribution (in dNdlogDp) measured by the SMPS
SMPS_bin04_stdPT,#/cm3,AerMP_NumSizeDist_InSitu_RHd_Mobility_NucltoAccu_STP,Binned number size distribution (in dNdlogDp) measured by the SMPS
SMPS_bin05_stdPT,#/cm3,AerMP_NumSizeDist_InSitu_RHd_Mobility_NucltoAccu_STP,Binned number size distribution (in dNdlogDp) measured by the SMPS
SMPS_bin06_stdPT,#/cm3,AerMP_NumSizeDist_InSitu_RHd_Mobility_NucltoAccu_STP,Binned number size distribution (in dNdlogDp) measured by the SMPS
SMPS_bin07_stdPT,#/cm3,AerMP_NumSizeDist_InSitu_RHd_Mobility_NucltoAccu_STP,Binned number size distribution (in dNdlogDp) measured by the SMPS
SMPS_bin08_stdPT,#/cm3,AerMP_NumSizeDist_InSitu_RHd_Mobility_NucltoAccu_STP,Binned number size distribution (in dNdlogDp) measured by the SMPS
SMPS_bin09_stdPT,#/cm3,AerMP_NumSizeDist_InSitu_RHd_Mobility_NucltoAccu_STP,Binned number size distribution (in dNdlogDp) measured by the SMPS
SMPS_bin10_stdPT,#/cm3,AerMP_NumSizeDist_InSitu_RHd_Mobility_NucltoAccu_STP,Binned number size distribution (in dNdlogDp) measured by the SMPS
SMPS_bin11_stdPT,#/cm3,AerMP_NumSizeDist_InSitu_RHd_Mobility_NucltoAccu_STP,Binned number size distribution (in dNdlogDp) measured by the SMPS
SMPS_bin12_stdPT,#/cm3,AerMP_NumSizeDist_InSitu_RHd_Mobility_NucltoAccu_STP,Binned number size distribution (in dNdlogDp) measured by the SMPS
SMPS_bin13_stdPT,#/cm3,AerMP_NumSizeDist_InSitu_RHd_Mobility_NucltoAccu_STP,Binned number size distribution (in dNdlogDp) measured by the SMPS
SMPS_bin14_stdPT,#/cm3,AerMP_NumSizeDist_InSitu_RHd_Mobility_NucltoAccu_STP,Binned number size distribution (in dNdlogDp) measured by the SMPS
[...]
UNCERTAINTY:  20%
ULOD_FLAG: -7777
ULOD_VALUE: N/A
LLOD_FLAG: -8888
LLOD_VALUE: N/A
DM_CONTACT_INFO: Lee Thornhill (Kenneth.L.Thornhill@nasa.gov)
PROJECT_INFO: FIREX-AQ
STIPULATIONS_ON_USE: No stipulations on use. The user is encouraged to contact the PI or DM prior to use.
OTHER_COMMENTS: Midpoint diameters of Bins 00 to 43 are: 0.011,0.012,0.013,0.014,0.015,0.016,0.017,0.018,0.019,0.021,0.022,0.024,0.026,0.028,0.030,0.032,0.035,0.037,0.040,0.043,0.046,0.050,0.053,0.057,0.061,0.066,0.071,0.076,0.082,0.088,0.095,0.102,0.109,0.118,0.126,0.136,0.146,0.157,0.168,0.181,0.194,0.209,0.225,0.241
REVISION: R0
R0: Final Data. Data are corrected for time lags and ammonium sulfate size calibrations.
*******************************************************************************************************************************
Time_start,Time_stop,Time_mid,nSMPS_stdPT,sSMPS_stdPT,vSMPS_stdPT,SMPS_stdPT,SMPS_bin00_stdPT,SMPS_bin01_stdPT,SMPS_bin02_stdPT,SMPS_bin03_stdPT,SMPS_bin04_stdPT,SMPS_bin05_stdPT,SMPS_bin06_stdPT,SMPS_bin07_stdPT,SMPS_bin08_stdPT,SMPS_bin09_stdPT,SMPS_bin10_stdPT,SMPS_bin11_stdPT,SMPS_bin12_stdPT,SMPS_bin13_stdPT,SMPS_bin14_stdPT,SMPS_bin15_stdPT,SMPS_bin16_stdPT,SMPS_bin17_stdPT,SMPS_bin18_stdPT,SMPS_bin19_stdPT,SMPS_bin20_stdPT,SMPS_bin21_stdPT,SMPS_bin22_stdPT,SMPS_bin23_stdPT,SMPS_bin24_stdPT,SMPS_bin25_stdPT,SMPS_bin26_stdPT,SMPS_bin27_stdPT,SMPS_bin28_stdPT,SMPS_bin29_stdPT,SMPS_bin30_stdPT,SMPS_bin31_stdPT,SMPS_bin32_stdPT,SMPS_bin33_stdPT,SMPS_bin34_stdPT,SMPS_bin35_stdPT,SMPS_bin36_stdPT,SMPS_bin37_stdPT,SMPS_bin38_stdPT,SMPS_bin39_stdPT,SMPS_bin40_stdPT,SMPS_bin41_stdPT,SMPS_bin42_stdPT,SMPS_bin43_stdPT
[from data line 187]
86560,86605,86582.5,1067.69,8.45,0.15,1.87,0.00,0.00,2915.12,2266.92,3211.97,2872.56,2378.15,1541.48,434.03,519.45,598.91,728.59,1008.81,599.81,464.95,812.72,658.82,1218.96,1357.38,1484.06,948.71,885.29,487.47,703.66,732.33,822.12,600.88,704.43,422.51,496.30,436.63,314.21,324.98,171.87,155.31,184.00,202.57,79.79,47.05,82.64,68.82,99.51,52.32,22.25
86619,86664,86641.5,759.29,7.03,0.12,1.87,0.00,0.00,2765.65,1466.65,975.99,754.55,265.27,236.16,630.39,62.50,495.24,613.06,843.21,1090.08,962.80,604.17,650.35,1296.75,935.79,760.74,741.27,1123.50,930.80,655.57,783.93,679.16,531.41,577.09,372.08,342.19,461.67,357.55,282.56,288.71,299.26,100.35,56.04,36.36,37.62,83.41,53.57,22.42,25.99,17.86
86678,86723,86700.5,908.03,7.52,0.13,1.87,0.00,0.00,3374.79,2239.53,1108.13,1567.81,1142.28,867.01,0.75,427.69,230.25,630.00,977.44,872.03,738.76,1085.60,794.04,1124.15,938.83,1208.02,968.39,997.78,1205.21,1086.44,892.93,728.78,672.72,497.39,410.44,500.50,510.56,254.18,264.62,119.21,49.30,50.42,99.41,45.48,42.17,33.70,151.35,0.00,78.26,22.41
86737,86782,86759.5,709.07,6.69,0.11,1.87,0.00,0.00,3145.09,1070.24,1712.55,404.80,266.32,443.61,171.03,617.22,563.06,789.93,502.97,126.26,497.63,1027.73,801.22,627.66,667.34,578.88,871.10,727.21,818.88,895.73,781.91,729.77,482.23,649.10,359.51,454.03,179.47,302.42,223.61,389.03,229.82,114.31,145.57,134.68,67.21,0.00,25.16,25.58,52.29,17.98
86796,86841,86818.5,697.95,6.99,0.12,1.87,0.00,0.00,971.71,0.00,103.79,1127.03,837.78,1127.81,1098.64,752.62,496.03,501.72,869.36,278.21,1013.55,1264.47,1123.31,1103.77,829.98,801.78,724.58,968.75,761.57,835.60,653.57,549.53,555.05,310.25,187.01,247.23,393.78,277.23,331.42,289.64,119.01,216.70,162.94,70.97,183.07,49.85,75.64,18.90,33.00,17.62
86855,86900,86877.5,1282.95,99.34,3.64,1.87,0.00,0.00,1201.49,800.34,504.04,349.02,569.10,1742.36,636.13,530.11,555.67,639.21,684.61,662.48,760.72,931.42,868.57,710.36,1236.39,532.26,665.93,790.27,681.88,508.58,705.44,766.97,745.20,579.91,685.95,788.09,775.67,226.68,0.00,0.00,0.00,0.00,0.00,0.00,173.58,1438.17,3333.71,3473.04,3785.29,3393.98
86914,86959,86936.5,978.54,56.32,2.01,1.87,0.00,0.00,0.00,666.35,2049.23,1508.49,304.03,894.00,526.02,273.70,716.97,643.89,564.98,559.25,847.93,1028.67,678.68,724.90,1067.39,789.77,586.68,704.45,999.24,741.69,441.38,403.23,339.24,538.31,472.50,501.93,252.29,525.16,239.37,58.63,0.00,0.00,0.00,195.75,123.55,626.30,1623.86,1969.50,2494.44,1929.76
86973,87018,86995.5,1702.38,166.50,6.19,1.87,0.00,0.00,1907.85,1099.78,1713.78,1159.88,861.39,420.56,168.66,152.72,622.48,424.95,396.99,217.80,464.97,102.24,682.82,912.70,532.31,380.47,828.47,936.92,755.10,859.64,634.40,846.26,898.60,716.02,714.17,1136.56,1016.58,466.55,0.00,0.00,0.00,0.00,0.00,0.00,0.00,2030.79,5205.77,6467.38,6577.76,6377.73
87032,87077,87054.5,2397.18,279.63,10.65,1.87,0.00,0.00,1925.59,2281.78,1915.58,350.61,1024.96,777.36,1210.89,728.29,272.37,284.67,251.59,443.77,402.64,459.00,465.98,491.43,718.87,353.62,689.40,640.14,552.06,287.92,362.26,322.34,694.27,484.08,929.33,1438.30,1714.75,408.51,63.74,0.00,0.00,0.00,0.00,0.00,0.00,2987.38,8280.17,8758.63,10066.78,11526.74
87091,87136,87113.5,2928.67,406.53,15.44,1.87,0.00,0.00,0.00,403.91,688.27,0.00,987.43,374.45,170.26,300.23,128.53,303.14,270.72,143.99,50.38,65.04,655.40,173.13,312.03,377.97,173.62,136.93,294.51,264.02,198.39,193.22,489.66,737.93,959.43,1958.16,2268.71,1042.70,98.01,0.00,0.00,0.00,0.00,0.00,0.00,4576.93,12559.60,14156.37,15242.40,17233.68
87150,87195,87172.5,3459.11,487.77,18.54,1.87,0.00,0.00,953.89,14.75,1024.15,349.92,109.77,139.02,183.92,328.54,348.01,203.60,0.00,157.33,159.76,149.40,99.75,360.53,152.41,181.34,253.65,342.43,360.17,749.57,162.00,183.51,788.75,903.50,799.13,2204.84,2363.58,631.75,0.00,0.00,0.00,0.00,0.00,0.00,0.00,5116.26,18072.00,17595.79,15782.67,18711.00
87209,87254,87231.5,2683.94,371.43,14.12,1.87,0.00,0.00,0.00,772.90,470.78,756.03,290.97,474.75,0.00,0.08,117.81,0.14,0.00,69.78,166.93,138.50,161.19,65.62,185.59,328.19,191.93,274.20,321.89,435.09,263.78,504.23,786.55,979.69,1143.49,1859.43,1932.03,808.77,75.87,0.00,0.00,0.00,0.00,0.00,0.00,4270.70,11590.72,12650.64,13404.16,14864.13
87268,87313,87290.5,1945.57,256.09,9.66,1.87,0.00,0.00,0.00,0.00,0.01,756.13,305.20,0.00,188.45,0.12,115.01,99.51,141.37,184.77,259.59,549.71,216.03,260.64,132.57,510.45,292.77,92.52,452.21,272.54,540.56,532.08,617.50,913.65,914.44,1699.19,1409.57,591.28,28.73,0.00,0.00,0.00,0.00,0.00,0.00,3286.20,8507.04,8746.62,9561.75,10266.06
87328,87373,87350.5,2628.89,327.78,12.54,1.87,0.00,0.00,2935.65,815.16,470.36,1103.97,1217.06,1062.90,184.15,138.18,726.36,408.21,0.00,140.15,456.39,393.19,486.81,417.94,595.34,446.16,738.28,369.93,266.43,218.75,443.67,495.75,775.45,583.50,827.98,1884.98,1591.50,700.06,797.59,0.00,0.00,0.00,0.00,0.00,0.00,3892.12,9727.39,8418.65,11367.83,13503.30
87387,87432,87409.5,2998.24,415.19,15.68,1.87,0.00,0.00,0.00,0.00,0.00,404.44,0.00,210.26,0.01,152.40,596.33,413.79,352.90,243.87,266.76,295.00,203.81,316.47,120.36,371.47,361.32,245.95,264.69,243.30,299.56,473.01,934.55,989.56,1474.52,2041.14,1974.81,332.19,0.00,0.00,0.00,0.00,0.00,0.00,0.00,6038.82,13816.49,14449.01,16177.82,16425.22
87446,87491,87468.5,2690.05,344.43,12.98,1.87,0.00,0.00,1008.90,0.00,976.79,753.52,1290.14,587.49,717.93,426.59,512.32,502.09,78.99,300.96,69.91,344.21,142.81,276.85,374.91,303.85,330.11,535.27,335.86,119.94,362.36,503.08,849.99,873.00,1151.15,1787.26,2002.68,440.69,0.00,0.00,0.00,0.00,0.00,0.00,0.00,4614.64,11669.94,12631.28,13174.78,12781.30
87505,87550,87527.5,3346.08,479.10,18.17,1.87,0.00,0.00,0.00,800.69,0.00,0.00,110.77,138.06,188.87,139.82,0.00,102.89,229.31,170.07,142.99,66.72,97.11,241.25,504.44,455.72,287.69,468.38,299.52,334.53,266.79,90.51,556.27,977.14,1168.24,2101.52,2297.93,190.84,0.00,0.00,0.00,0.00,0.00,0.00,0.00,5394.38,15475.92,17660.11,19365.92,18168.42
87564,87609,87586.5,2138.78,252.17,9.44,1.87,0.00,0.00,3375.33,800.77,1027.21,349.22,268.09,657.11,729.29,0.09,365.70,0.00,429.52,55.25,228.87,669.55,314.16,413.95,554.74,463.54,570.13,328.96,316.98,602.70,266.75,506.15,479.33,850.82,763.90,1282.45,797.41,0.00,0.00,0.00,0.00,0.00,0.00,48.87,1146.82,4121.20,9238.35,8958.88,8701.85,9314.47
87623,87668,87645.5,1653.09,203.01,7.64,1.87,0.00,0.00,0.00,665.10,0.01,0.00,0.00,0.00,187.43,150.18,240.08,414.07,449.40,547.87,565.32,479.34,421.28,244.79,355.08,548.79,725.81,205.21,730.01,638.49,324.71,281.14,682.84,762.25,728.49,1092.87,1396.98,313.13,0.00,0.00,0.00,0.00,0.00,0.00,0.00,2672.06,6807.33,6947.63,7892.04,7358.51
87682,87727,87704.5,1602.55,190.45,7.19,1.87,0.00,0.00,0.00,800.32,0.01,699.25,949.63,585.00,548.84,0.00,116.56,420.78,135.60,234.11,324.62,282.25,521.26,482.90,873.53,507.27,316.17,529.30,366.34,293.61,351.51,379.51,540.24,596.20,763.67,994.60,891.29,625.85,148.60,0.00,0.00,0.00,0.00,0.00,0.00,2621.22,5772.48,6327.40,6898.94,7846.51
87741,87786,87763.5,1610.33,180.05,6.74,1.87,0.00,0.00,0.00,0.00,1110.49,753.13,0.00,234.59,355.77,305.46,723.02,408.43,703.42,443.95,442.56,452.93,498.15,709.88,546.05,732.70,748.09,646.84,633.48,255.31,383.14,363.97,741.11,527.42,596.19,1179.31,1263.91,540.24,0.00,0.00,0.00,0.00,0.00,0.00,0.00,2149.90,6169.62,7352.63,6042.55,6308.81
87800,87845,87822.5,1571.42,173.08,6.48,1.87,0.00,0.00,0.00,665.01,1110.18,405.83,534.56,662.73,1061.98,708.60,322.72,234.02,220.62,239.53,659.24,43.58,459.74,488.74,588.62,472.55,540.60,424.27,519.57,726.69,299.08,247.08,789.74,648.49,480.13,1247.40,1055.08,511.42,0.00,0.00,0.00,0.00,0.00,0.00,0.00,2414.40,6047.29,6124.66,6132.57,6473.61
87859,87904,87881.5,2019.00,207.41,7.78,1.87,0.00,0.00,1989.65,5303.90,0.01,1744.00,51.80,1130.24,539.16,151.29,370.98,736.33,633.69,227.81,508.87,434.98,185.48,411.72,309.10,327.09,446.09,1114.44,535.45,652.22,358.37,467.46,529.22,1026.39,677.77,1214.95,1422.03,732.90,34.47,27.94,0.00,0.00,0.00,0.00,0.00,2305.18,6477.94,8026.82,7639.97,7875.75
87918,87963,87940.5,2777.78,360.96,13.67,1.87,0.00,0.00,952.33,680.01,471.79,0.02,1433.80,684.78,355.00,154.29,115.34,430.37,242.97,532.32,230.27,545.38,384.72,486.96,290.45,261.69,716.55,395.19,482.12,372.01,295.83,334.15,485.08,555.37,842.89,1778.84,2362.60,1256.46,226.01,104.68,0.00,0.00,0.00,0.00,0.00,4821.74,11818.31,11659.82,13356.06,13464.55
87977,88022,87999.5,1566.66,174.67,6.86,1.95,0.00,0.00,783.59,2540.76,0.00,1009.22,0.00,924.89,372.92,795.72,697.10,452.77,437.99,708.83,553.80,602.19,451.44,480.03,552.89,290.85,443.81,440.51,699.80,709.86,487.51,316.00,691.40,562.79,475.17,703.67,967.21,236.25,0.00,0.00,0.00,0.00,0.00,0.00,320.60,1819.32,4551.69,4820.40,4558.20,5244.80
88036,88081,88058.5,1532.50,90.61,3.50,2.10,0.00,0.00,0.00,2685.31,1180.85,3330.84,3263.15,2792.94,3312.80,2044.20,2131.52,1269.75,1064.15,531.79,907.73,370.20,724.97,673.10,669.49,479.69,427.05,541.86,361.90,560.28,546.74,287.90,258.42,352.79,486.54,447.19,652.57,534.41,291.49,259.01,0.00,0.00,0.00,0.00,0.00,345.60,1789.34,2773.65,2456.83,3058.36
88095,88140,88117.5,1196.21,29.25,1.01,2.23,0.00,0.00,0.00,196.85,3476.19,3780.99,3559.80,1304.58,627.71,1481.03,1267.55,1216.42,1785.35,1481.14,920.70,1529.59,783.87,931.24,762.39,753.08,731.57,799.87,744.15,1189.12,866.04,404.51,544.31,604.60,595.26,226.38,225.09,543.64,85.60,125.53,0.00,148.69,0.00,71.65,214.72,346.08,476.97,716.06,737.84,639.65
88154,88199,88176.5,1938.38,23.29,0.71,2.35,0.00,0.00,0.00,5508.46,3341.59,2466.45,3506.26,3916.38,2731.52,3037.44,2780.96,3262.12,1632.78,2747.72,2724.80,2421.97,1812.79,2029.43,2042.68,1444.12,1711.20,1374.04,1136.93,1750.00,1020.65,528.52,1143.78,809.51,440.73,512.37,461.05,325.11,275.10,305.30,235.92,96.59,0.00,102.80,64.37,132.65,62.34,426.96,377.17,276.93
88213,88258,88235.5,1225.65,12.71,0.32,2.45,0.00,0.00,0.00,0.00,2136.51,2893.01,2531.46,1179.06,946.03,2713.44,2771.45,1966.28,1653.66,1796.92,1230.47,1831.92,1325.21,1233.96,1289.54,1285.69,1352.39,756.36,1139.38,1251.93,732.27,615.22,904.24,311.12,256.58,123.33,714.24,146.20,218.03,265.38,380.29,55.98,21.84,277.00,39.58,0.00,86.45,177.63,59.04,69.68
88272,88317,88294.5,1586.75,11.60,0.24,2.55,0.00,0.00,0.00,0.00,6440.18,4525.97,3901.39,6258.59,3628.31,1690.88,2509.60,1630.10,1063.35,3212.23,1715.68,1058.01,1058.39,735.02,974.33,991.04,997.28,896.36,868.45,604.86,712.71,523.65,398.97,486.72,355.26,452.37,212.56,282.32,239.53,281.24,227.83,302.38,242.31,277.57,360.91,122.82,226.94,126.89,71.30,0.00
88331,88376,88353.5,1232.59,14.10,0.33,2.66,0.00,0.00,0.00,0.00,3140.68,0.00,2694.45,3457.96,2743.27,1586.66,2107.15,2015.90,2449.73,1774.49,1700.92,1015.89,1405.88,1095.73,960.94,709.40,1059.52,1060.83,516.31,488.59,652.11,427.59,684.38,780.26,438.51,575.80,355.44,249.47,253.02,395.90,278.55,309.69,381.15,231.37,384.80,347.50,128.84,242.90,63.57,108.28
88390,88435,88412.5,1388.29,12.21,0.30,2.77,0.00,0.00,0.00,0.00,0.00,8941.42,6474.29,1298.43,2736.98,2118.59,1856.84,2699.81,1120.41,2103.99,1397.68,1039.57,1332.99,1434.92,1063.37,795.39,915.23,654.60,722.42,337.49,327.14,326.14,473.78,544.31,399.50,224.23,516.66,183.19,126.72,218.17,204.82,207.31,318.00,173.38,254.74,71.25,148.55,192.10,82.62,73.93
88449,88494,88471.5,990.72,11.68,0.30,2.88,0.00,0.00,0.00,0.00,0.00,4340.32,2276.43,1459.90,2366.28,1651.58,1828.40,1920.93,1538.79,1076.55,1032.90,597.57,1220.13,853.45,634.24,745.41,670.48,810.48,333.12,745.80,597.48,284.21,504.56,442.22,222.91,305.91,399.99,26.90,0.00,484.49,214.93,519.69,256.55,430.93,268.09,44.30,52.45,150.68,60.87,122.31
88508,88553,88530.5,863.09,9.95,0.22,3.01,0.00,0.00,0.00,0.00,0.00,1184.20,969.11,3814.99,3121.84,1279.52,881.92,820.96,1215.01,1160.86,514.45,1186.94,580.05,896.17,699.91,436.32,680.24,762.06,857.95,543.48,615.08,480.85,563.25,606.62,469.80,426.37,368.04,373.40,280.76,325.53,275.17,85.18,61.75,59.64,347.42,203.03,67.75,108.72,173.84,74.38
88567,88612,88589.5,728.09,9.94,0.25,3.14,0.00,0.00,0.00,0.00,0.00,1389.75,813.09,1150.32,932.85,2201.14,1144.66,646.01,1624.40,815.66,866.80,822.22,852.56,928.53,806.10,272.61,395.54,459.35,595.29,684.37,432.58,366.62,804.65,597.57,830.53,427.27,562.80,143.87,201.25,228.01,210.04,54.94,49.19,194.81,0.00,71.43,212.93,62.10,89.20,45.59
88626,88671,88648.5,647.75,10.46,0.29,3.27,0.00,0.00,0.00,0.00,0.00,0.00,1760.51,1477.47,1722.92,1489.28,970.61,238.39,604.87,542.77,1258.69,548.34,579.34,176.18,617.16,1396.22,900.11,224.75,572.42,565.70,581.24,347.58,618.55,236.70,325.23,178.83,481.80,145.09,194.97,269.86,24.71,307.08,73.81,384.42,113.82,185.80,100.38,63.78,0.00,0.00
88685,88730,88707.5,629.39,11.81,0.31,3.38,0.00,0.00,0.00,0.00,0.00,0.00,0.00,1968.19,1932.63,1955.03,0.00,878.89,468.15,445.56,899.89,1339.10,483.58,283.31,505.84,412.46,688.00,365.86,610.63,375.94,607.02,450.19,895.94,470.34,194.35,522.83,425.35,289.09,280.74,354.52,0.00,366.28,380.05,12.38,42.98,378.37,215.77,32.71,296.12,202.98
88744,88789,88766.5,632.79,12.08,0.30,3.48,0.00,0.00,0.00,0.00,0.00,0.00,0.00,989.29,1393.92,2440.62,0.00,352.43,189.50,784.92,503.15,582.89,723.08,794.03,646.19,490.30,710.76,964.33,1138.42,365.62,736.93,513.27,386.94,1004.55,566.67,331.72,401.64,444.90,299.67,141.01,541.56,287.03,244.40,30.40,239.98,307.85,69.79,365.99,71.53,52.46
88803,88848,88825.5,943.42,12.45,0.28,3.56,0.00,0.00,0.00,0.00,0.00,0.00,0.00,2554.10,2790.72,1122.50,1399.46,817.52,917.97,1778.57,1868.65,1700.24,1200.52,1248.40,996.97,839.05,834.31,789.06,958.68,328.34,610.28,489.30,1267.47,809.09,797.06,780.01,655.35,252.42,161.29,165.95,283.05,250.60,290.38,420.24,169.76,0.00,223.78,91.56,71.59,106.62
88862,88907,88884.5,1465.91,11.20,0.22,3.61,0.00,0.00,0.00,0.00,0.00,0.00,0.00,5169.39,7443.12,3066.40,4510.85,2342.61,2826.19,3111.02,2605.23,1659.78,1431.86,836.89,1097.63,1206.98,1022.84,496.98,922.72,510.41,522.29,763.00,1063.79,404.24,564.06,326.30,557.64,450.93,279.23,186.50,341.21,70.25,178.94,258.75,160.20,75.18,187.35,48.26,114.99,0.00
88921,88966,88943.5,1178.93,12.67,0.30,3.61,0.00,0.00,0.00,0.00,0.00,0.00,0.00,1211.97,4357.34,4942.22,2375.00,1392.55,1029.00,2495.99,2144.81,3024.76,1995.13,1055.43,1514.65,1003.22,623.85,920.51,719.54,878.46,456.84,713.39,680.78,603.15,354.25,140.17,263.37,237.49,98.75,333.93,405.03,316.60,218.21,249.97,84.99,195.25,19.96,209.14,39.99,156.56
88980,89025,89002.5,1272.89,12.76,0.28,3.61,0.00,0.00,0.00,0.00,0.00,0.00,0.00,4390.39,6084.48,2819.06,3257.37,3596.42,2009.56,1340.99,1477.04,1763.87,1009.87,1458.07,755.31,1118.77,670.34,242.79,681.01,659.91,527.06,276.34,687.39,725.87,599.56,838.20,631.01,363.31,491.16,332.28,276.19,226.87,518.66,116.59,76.84,103.13,103.80,59.57,108.09,219.91
89039,89084,89061.5,1158.17,11.77,0.24,3.60,0.00,0.00,0.00,0.00,0.00,0.00,0.00,2772.85,2213.23,2393.35,2228.12,4126.60,2514.95,3369.84,2431.64,1099.02,995.98,1027.21,924.46,1511.31,701.82,598.66,1337.42,170.91,301.02,361.12,733.02,671.75,931.21,547.05,558.79,105.37,214.18,354.76,222.32,87.35,286.21,353.50,183.38,181.32,125.48,190.10,129.68,49.86
89098,89143,89120.5,997.85,12.16,0.28,3.60,0.00,0.00,0.00,0.00,0.00,0.00,0.00,3035.13,1675.60,3388.01,2818.51,2296.21,1223.69,743.45,994.13,1085.95,1163.96,1364.92,1524.38,1484.59,522.43,699.65,453.25,438.40,716.25,736.91,622.93,809.49,93.92,363.35,570.91,602.82,163.50,466.66,242.90,147.00,246.20,240.34,76.31,324.88,139.71,57.16,25.07,200.92
89157,89202,89179.5,1188.06,13.02,0.29,3.60,0.00,0.00,0.00,0.00,0.00,0.00,0.00,5255.31,3081.25,4027.03,1994.44,2643.48,1565.16,1254.16,644.97,1728.62,1321.83,1357.58,860.45,1418.19,1686.10,363.64,742.03,680.18,445.96,760.54,843.32,681.90,639.80,392.44,430.16,46.29,449.87,548.76,611.77,347.69,127.10,345.40,119.06,90.43,0.00,103.09,40.46,77.40
89216,89261,89238.5,1358.46,13.98,0.31,3.60,0.00,0.00,0.00,0.00,0.00,0.00,0.00,2168.53,3486.73,5196.20,2849.38,3716.18,3347.70,2773.12,1615.96,2006.25,1774.89,1257.93,953.09,1479.61,971.39,1062.89,1020.97,916.10,621.50,630.55,585.91,383.55,209.74,473.35,517.32,495.14,459.64,430.32,67.83,279.07,278.71,142.74,204.18,377.36,99.19,149.51,180.13,197.31
