Data/Raw/MOORE,RICHARD/FIREXAQ-LARGE-SMPS_DC8_20190816_R0.ict
88,1001
Richard Moore, Elizabeth Wiggins, Edward Winstead, Claire Robinson, Lee Thornhill, and Kevin Sanchez
NASA Langley Research Center
In-situ Submicron Particle Size Distributions from a SMPS on the NASA DC-8
FIREXAQ
1,1
2019,08,16,2020,03,10
0
Time_start,Secs after midnight,Time of acquisition
50
1,1,1,1,1,1,1,1,1,1,1,1,1,1,1,1,1,1,1,1,1,1,1,1,1,1,1,1,1,1,1,1,1,1,1,1,1,1,1,1,1,1,1,1,1,1,1,1,1,1
-9999,-9999,-9999,-9999,-9999,-9999,-9999,-9999,-9999,-9999,-9999,-9999,-9999,-9999,-9999,-9999,-9999,-9999,-9999,-9999,-9999,-9999,-9999,-9999,-9999,-9999,-9999,-9999,-9999,-9999,-9999,-9999,-9999,-9999,-9999,-9999,-9999,-9999,-9999,-9999,-9999,-9999,-9999,-9999,-9999,-9999,-9999,-9999,-9999,-9999
Time_stop,Secs after midnight,Time of acquisition
Time_mid,Secs after midnight,Time of acquisition
nSMPS_stdPT,#/cm3,AerMP_NumConc_InSitu_RHd_Mobility_NucltoAccu_STP,integrated_number_density
sSMPS_stdPT,um2/cm3,AerMP_SurfAreaConc_InSitu_RHd_Mobility_NucltoAccu_STP,integrated_surface_area
vSMPS_stdPT,um3/cm3,AerMP_VolConc_InSitu_RHd_Mobility_NucltoAccu_STP,integrated_volume
SMPS_stdPT, unitless, None, conversion between ambient PT and standard PT (1013, 273)
SMPS_bin00_stdPT,#/cm3,AerMP_NumSizeDist_InSitu_RHd_Mobility_NucltoAccu_STP,Binned number size distribution (in dNdlogDp) measured by the SMPS
SMPS_bin01_stdPT,#/cm3,AerMP_NumSizeDist_InSitu_RHd_Mobility_NucltoAccu_STP,Binned number size distribution (in dNdlogDp) measured by the SMPS
SMPS_bin02_stdPT,#/cm3,AerMP_NumSizeDist_InSitu_RHd_Mobility_NucltoAccu_STP,Binned number size distribution (in dNdlogDp) measured by the SMPS
SMPS_bin03_stdPT,#/cm3,AerMP_NumSizeDist_InSitu_RHd_Mobility_NucltoAccu_STP,Binned number size distribution (in dNdlogDp) measured by the SMPS
SMPS_bin04_stdPT,#/cm3,AerMP_NumSizeDist_InSitu_RHd_Mobility_NucltoAccu_STP,Binned number size distribution (in dNdlogDp) measured by the SMPS
SMPS_bin05_stdPT,#/cm3,AerMP_NumSizeDist_InSitu_RHd_Mobility_NucltoAccu_STP,Binned number size distribution (in dNdlogDp) measured by the SMPS
SMPS_bin06_stdPT,#/cm3,AerMP_NumSizeDist_InSitu_RHd_Mobility_NucltoAccu_STP,Binned number size distribution (in dNdlogDp) measured by the SMPS
SMPS_bin07_stdPT,#/cm3,AerMP_NumSizeDist_InSitu_RHd_Mobility_NucltoAccu_STP,Binned number size distribution (in dNdlogDp) measured by the SMPS
SMPS_bin08_stdPT,#/cm3,AerMP_NumSizeDist_InSitu_RHd_Mobility_NucltoAccu_STP,Binned number size distribution (in dNdlogDp) measured by the SMPS
SMPS_bin09_stdPT,#/cm3,AerMP_NumSizeDist_InSitu_RHd_Mobility_NucltoAccu_STP,Binned number size distribution (in dNdlogDp) measured by the SMPS
SMPS_bin10_stdPT,#/cm3,AerMP_NumSizeDist_InSitu_RHd_Mobility_NucltoAccu_STP,Binned number size distribution (in dNdlogDp) measured by the SMPS
SMPS_bin11_stdPT,#/cm3,AerMP_NumSizeDist_InSitu_RHd_Mobility_NucltoAccu_STP,Binned number size distribution (in dNdlogDp) measured by the SMPS
SMPS_bin12_stdPT,#/cm3,AerMP_NumSizeDist_InSitu_RHd_Mobility_NucltoAccu_STP,Binned number size distribution (in dNdlogDp) measured by the SMPS
SMPS_bin13_stdPT,#/cm3,AerMP_NumSizeDist_InSitu_RHd_Mobility_NucltoAccu_STP,Binned number size distribution (in dNdlogDp) measured by the SMPS
SMPS_bin14_stdPT,#/cm3,AerMP_NumSizeDist_InSitu_RHd_Mobility_NucltoAccu_STP,Binned number size distribution (in dNdlogDp) measured by the SMPS
[...]
UNCERTAINTY:  20%
ULOD_FLAG: -7777
ULOD_VALUE: N/A
LLOD_FLAG: -8888
LLOD_VALUE: N/A
DM_CONTACT_INFO: Lee Thornhill (Kenneth.L.Thornhill@nasa.gov)
PROJECT_INFO: FIREX-AQ
STIPULATIONS_ON_USE: No stipulations on use. The user is encouraged to contact the PI or DM prior to use.
OTHER_COMMENTS: Midpoint diameters of Bins 00 to 43 are: 0.011,0.012,0.013,0.014,0.015,0.016,0.017,0.018,0.019,0.021,0.022,0.024,0.026,0.028,0.030,0.032,0.035,0.037,0.040,0.043,0.046,0.050,0.053,0.057,0.061,0.066,0.071,0.076,0.082,0.088,0.095,0.102,0.109,0.118,0.126,0.136,0.146,0.157,0.168,0.181,0.194,0.209,0.225,0.241
REVISION: R0
R0: Final Data. Data are corrected for time lags and ammonium sulfate size calibrations.
*******************************************************************************************************************************
Time_start,Time_stop,Time_mid,nSMPS_stdPT,sSMPS_stdPT,vSMPS_stdPT,SMPS_stdPT,SMPS_bin00_stdPT,SMPS_bin01_stdPT,SMPS_bin02_stdPT,SMPS_bin03_stdPT,SMPS_bin04_stdPT,SMPS_bin05_stdPT,SMPS_bin06_stdPT,SMPS_bin07_stdPT,SMPS_bin08_stdPT,SMPS_bin09_stdPT,SMPS_bin10_stdPT,SMPS_bin11_stdPT,SMPS_bin12_stdPT,SMPS_bin13_stdPT,SMPS_bin14_stdPT,SMPS_bin15_stdPT,SMPS_bin16_stdPT,SMPS_bin17_stdPT,SMPS_bin18_stdPT,SMPS_bin19_stdPT,SMPS_bin20_stdPT,SMPS_bin21_stdPT,SMPS_bin22_stdPT,SMPS_bin23_stdPT,SMPS_bin24_stdPT,SMPS_bin25_stdPT,SMPS_bin26_stdPT,SMPS_bin27_stdPT,SMPS_bin28_stdPT,SMPS_bin29_stdPT,SMPS_bin30_stdPT,SMPS_bin31_stdPT,SMPS_bin32_stdPT,SMPS_bin33_stdPT,SMPS_bin34_stdPT,SMPS_bin35_stdPT,SMPS_bin36_stdPT,SMPS_bin37_stdPT,SMPS_bin38_stdPT,SMPS_bin39_stdPT,SMPS_bin40_stdPT,SMPS_bin41_stdPT,SMPS_bin42_stdPT,SMPS_bin43_stdPT
80895,80940,80917.5,0.00,0.00,0.00,1.23,0.00,0.00,0.00,0.00,0.00,0.00,0.00,0.00,0.00,0.00,0.00,0.00,0.00,0.00,0.00,0.00,0.00,0.00,0.00,0.00,0.00,0.00,0.00,0.00,0.00,0.00,0.00,0.00,0.00,0.00,0.00,0.00,0.00,0.00,0.00,0.00,0.00,0.00,0.00,0.00,0.00,0.00,0.00,0.00
80954,80999,80976.5,0.00,0.00,0.00,1.27,0.00,0.00,0.00,0.00,0.00,0.00,0.00,0.00,0.00,0.00,0.00,0.00,0.00,0.00,0.00,0.00,0.00,0.00,0.00,0.00,0.00,0.00,0.00,0.00,0.00,0.00,0.00,0.00,0.00,0.00,0.00,0.00,0.00,0.00,0.00,0.00,0.00,0.00,0.00,0.00,0.00,0.00,0.00,0.00
81013,81058,81035.5,0.00,0.00,0.00,1.32,0.00,0.00,0.00,0.00,0.00,0.00,0.00,0.00,0.00,0.00,0.00,0.00,0.00,0.00,0.00,0.00,0.00,0.00,0.00,0.00,0.00,0.00,0.00,0.00,0.00,0.00,0.00,0.00,0.00,0.00,0.00,0.00,0.00,0.00,0.00,0.00,0.00,0.00,0.00,0.00,0.00,0.00,0.00,0.00
81072,81117,81094.5,0.00,0.00,0.00,1.40,0.00,0.00,0.00,0.00,0.00,0.00,0.00,0.00,0.00,0.00,0.00,0.00,0.00,0.00,0.00,0.00,0.00,0.00,0.00,0.00,0.00,0.00,0.00,0.00,0.00,0.00,0.00,0.00,0.00,0.00,0.00,0.00,0.00,0.00,0.00,0.00,0.00,0.00,0.00,0.00,0.00,0.00,0.00,0.00
81131,81176,81153.5,0.00,0.00,0.00,1.49,0.00,0.00,0.00,0.00,0.00,0.00,0.00,0.00,0.00,0.00,0.00,0.00,0.00,0.00,0.00,0.00,0.00,0.00,0.00,0.00,0.00,0.00,0.00,0.00,0.00,0.00,0.00,0.00,0.00,0.00,0.00,0.00,0.00,0.00,0.00,0.00,0.00,0.00,0.00,0.00,0.00,0.00,0.00,0.00
81190,81235,81212.5,960.18,11.38,0.27,1.57,0.00,6642.63,1132.37,590.09,1156.08,929.15,1015.93,1732.21,1268.17,482.28,300.56,802.30,979.68,1034.74,717.85,738.33,1024.66,505.33,799.55,414.56,457.08,461.98,422.77,383.22,667.22,617.85,368.94,698.26,481.85,465.74,365.65,264.23,368.02,258.36,249.60,123.24,187.07,430.26,249.11,230.66,322.77,117.31,71.48,97.12
81249,81294,81271.5,968.98,11.61,0.28,1.61,0.00,4099.32,1799.20,2645.77,714.41,2074.40,1753.95,1666.08,1019.10,728.82,615.48,512.01,677.09,508.74,372.44,405.35,447.12,429.63,594.09,663.01,295.95,697.08,817.99,588.26,811.65,690.78,523.61,189.64,471.45,497.00,319.26,388.97,515.79,403.83,467.38,183.63,228.06,158.51,74.39,241.51,125.70,170.32,133.62,94.62
81308,81353,81330.5,632.05,10.78,0.26,1.69,0.00,1251.95,1656.73,0.00,9.35,1682.98,815.09,1194.52,371.13,500.73,570.48,89.48,411.54,189.92,429.14,633.40,449.30,323.34,326.19,476.10,387.69,673.94,785.22,532.74,463.80,628.90,343.80,514.53,450.62,336.70,369.75,534.40,523.69,287.57,232.62,262.90,292.85,217.70,126.24,292.40,70.00,166.40,138.63,109.52
81367,81412,81389.5,721.11,18.50,0.47,1.79,0.00,3137.00,0.00,1371.56,379.54,0.00,711.79,192.35,329.38,260.61,271.38,354.90,339.70,202.99,231.04,258.48,292.45,244.12,376.84,574.75,548.08,318.02,647.70,677.89,351.94,447.74,644.32,1026.18,885.55,1195.08,773.07,1040.90,1034.68,847.29,177.23,387.97,449.09,233.77,185.98,354.15,274.54,343.33,268.75,235.24
81426,81471,81448.5,534.87,11.80,0.36,1.89,0.00,0.00,2469.28,0.00,1593.51,1880.96,0.02,453.90,368.85,0.00,117.51,220.49,947.67,363.90,239.70,391.20,482.51,274.86,324.43,330.90,310.93,382.23,446.15,222.94,584.00,241.81,374.19,355.06,469.18,287.20,166.71,326.79,378.21,185.26,133.36,249.47,4.51,14.11,121.71,137.03,148.28,235.21,225.83,211.79
81485,81530,81507.5,518.50,9.31,0.27,2.01,0.00,0.00,4621.52,1638.15,779.01,432.48,0.02,494.18,352.37,39.09,144.82,243.23,105.25,92.17,204.81,427.94,540.64,304.08,147.69,354.00,149.21,496.33,437.11,312.51,91.04,186.31,472.49,284.79,197.31,299.25,348.75,209.64,411.50,222.49,117.24,154.76,238.51,92.71,30.96,74.60,125.50,170.29,59.83,71.69
81544,81589,81566.5,344.73,6.88,0.19,2.11,0.00,0.00,0.00,0.00,1366.41,1823.70,328.27,0.00,246.68,178.65,0.16,0.00,237.90,277.19,423.10,218.85,333.67,304.02,495.85,244.09,355.55,176.38,124.19,218.22,272.92,157.93,447.62,118.05,331.60,230.38,323.43,141.94,302.60,60.13,282.76,78.08,87.20,115.26,106.31,106.93,55.68,137.93,30.99,94.59
81603,81648,81625.5,733.21,5.90,0.14,2.19,0.00,0.00,0.00,3270.74,5417.43,3429.91,1331.59,111.08,488.19,1523.66,380.78,168.63,114.39,157.75,396.93,602.10,521.76,480.53,196.36,393.01,209.38,420.51,323.53,343.69,322.60,286.07,274.74,392.50,174.49,176.02,251.06,201.29,180.97,95.54,29.63,87.12,46.54,89.25,47.04,137.27,61.76,39.24,88.02,65.60
81662,81707,81684.5,857.20,6.50,0.16,2.27,0.00,0.00,0.00,5202.46,4263.93,4805.50,1412.59,640.12,751.83,605.85,361.72,573.85,415.64,782.68,988.88,688.44,228.07,236.08,537.51,526.89,350.39,303.82,488.72,378.57,277.35,152.93,311.14,156.84,114.95,274.52,147.60,215.39,144.71,57.06,198.71,131.14,0.00,11.57,169.99,0.00,61.24,134.68,95.13,101.01
81721,81766,81743.5,776.72,6.08,0.15,2.36,0.00,0.00,0.00,0.00,4804.17,2738.62,3094.95,1455.51,1502.26,359.63,1602.24,447.34,627.93,767.43,1203.71,198.92,356.26,482.04,322.02,286.59,419.30,704.29,175.34,281.44,511.41,128.48,48.90,301.05,263.40,154.31,363.35,125.12,121.71,116.54,238.53,118.51,135.81,0.00,8.24,28.95,66.42,37.38,24.74,47.01
81780,81825,81802.5,551.95,6.26,0.17,2.44,0.00,0.00,0.00,0.00,4386.15,699.47,2050.34,1169.35,574.67,252.54,199.51,318.72,126.67,101.34,583.88,753.78,760.57,444.25,931.56,212.58,303.41,182.44,402.92,161.43,204.30,465.07,10.81,177.32,234.79,327.87,98.40,216.92,174.33,60.94,278.15,144.25,108.46,24.20,87.26,0.00,62.18,52.56,70.71,0.00
81839,81884,81861.5,523.25,8.24,0.23,2.46,0.00,0.00,0.00,0.00,1784.07,1371.54,2134.01,1220.12,969.32,0.00,179.72,657.66,130.62,467.15,363.56,741.28,173.22,134.04,673.58,500.03,457.86,602.30,218.74,202.15,143.75,211.19,159.69,346.18,199.92,321.42,276.98,282.77,137.82,211.17,178.74,133.89,68.60,146.15,207.58,110.43,16.69,273.23,25.22,107.11
81898,81943,81920.5,800.87,10.50,0.25,2.46,0.00,0.00,0.00,0.00,4444.60,683.67,524.35,426.10,602.18,1399.85,1199.20,317.21,395.35,934.73,1030.50,888.47,659.56,516.56,653.88,998.16,914.84,1002.92,753.21,881.69,880.20,686.38,700.94,807.47,303.81,404.28,342.19,223.50,178.22,192.25,387.37,76.04,271.68,100.20,122.99,21.72,197.23,165.95,69.46,118.91
81957,82002,81979.5,1126.99,11.12,0.25,2.46,0.00,0.00,0.00,0.00,987.90,3005.92,3342.98,1485.77,1468.80,2014.44,644.73,815.18,1343.57,1442.76,1203.55,1109.46,1706.82,1740.98,1165.32,1532.10,1662.73,1245.43,1099.15,1157.50,1035.63,664.80,844.96,254.13,363.36,350.59,45.69,205.85,276.47,370.61,171.88,273.91,278.30,144.85,6.11,94.31,14.58,96.04,67.24,77.73
82016,82061,82038.5,1233.66,10.70,0.24,2.46,0.00,0.00,0.00,0.00,3225.92,6429.54,2798.01,1090.97,2194.10,1874.38,1102.14,1261.65,1238.02,1592.24,870.96,879.94,859.57,1005.43,860.89,1255.45,1267.37,1086.74,1381.63,1144.28,784.23,853.61,664.26,563.98,573.30,486.55,235.07,252.00,270.44,244.93,117.63,179.21,37.85,71.88,51.85,55.73,104.76,33.90,34.76,194.08
82075,82120,82097.5,1414.36,8.72,0.14,2.46,0.00,0.00,0.00,0.00,9177.93,1513.19,4342.42,2430.66,1767.51,1935.76,1341.59,1528.84,1541.36,1504.66,1946.47,1359.56,1146.95,1439.21,1383.10,971.12,1043.21,743.53,1451.30,1174.80,925.62,750.36,978.03,91.80,546.87,423.50,240.54,100.60,174.87,294.57,253.63,86.68,89.10,33.51,85.31,179.38,134.59,33.95,69.72,23.68
82134,82179,82156.5,1316.97,8.85,0.12,2.46,0.00,0.00,0.00,0.00,1022.28,3004.72,3788.93,1483.76,2804.09,1094.94,1198.39,1452.17,2057.96,1498.65,1916.32,2012.05,1685.18,2150.71,1898.38,1717.26,1749.44,1214.97,899.65,1376.30,1209.55,702.69,631.46,779.18,494.32,322.64,415.92,504.06,162.87,226.84,113.49,101.00,154.30,28.49,32.91,99.92,33.75,34.26,67.86,1.33
82193,82238,82215.5,1305.03,9.41,0.15,2.46,0.00,0.00,0.00,0.00,1216.12,4031.57,2202.64,3365.17,1053.45,1546.47,1667.88,2290.50,1676.52,1994.11,980.73,1668.58,1674.03,1795.45,1284.33,1783.25,1902.17,1000.20,1060.36,1206.71,1125.61,893.82,797.30,405.65,470.95,382.04,378.63,181.17,484.46,401.28,77.87,162.98,199.91,28.94,53.31,139.70,60.97,0.00,67.36,48.79
82252,82297,82274.5,1192.17,9.71,0.18,2.46,0.00,0.00,0.00,0.00,2560.16,1363.03,1586.34,1879.98,1556.29,2636.97,2150.32,920.39,1911.24,774.65,1599.34,1995.83,921.88,1585.96,1249.80,1188.35,2363.14,1366.10,1673.71,1704.27,1017.62,642.67,501.60,545.61,261.70,316.43,423.73,186.14,139.96,80.37,35.05,57.36,69.26,146.77,126.87,165.78,142.24,181.80,34.77,47.48
82311,82356,82333.5,1261.80,8.82,0.14,2.46,0.00,0.00,0.00,0.00,655.75,1358.66,4324.84,3154.36,2517.99,1282.04,2610.56,2459.42,939.24,992.60,1931.63,1498.76,1432.14,835.46,1537.51,1498.96,1579.35,1854.54,1239.25,1180.82,1139.49,817.11,581.61,251.46,588.61,274.33,386.16,124.61,188.79,172.34,139.35,176.78,250.52,86.96,98.30,33.22,25.03,62.52,34.74,23.59
82370,82415,82392.5,923.57,9.58,0.18,2.46,0.00,0.00,0.00,0.00,0.02,3108.88,573.45,789.70,905.73,908.20,866.39,315.70,779.30,1323.96,1006.48,1121.88,1903.92,1467.83,1403.35,1537.83,1674.73,1333.42,1339.66,1122.70,728.71,711.96,570.20,660.43,703.88,556.94,341.49,327.67,281.22,23.40,244.64,119.25,73.33,32.78,308.50,79.91,72.16,102.35,34.37,23.35
82429,82474,82451.5,740.26,7.59,0.14,2.46,0.00,0.00,0.00,0.00,0.00,0.00,675.56,325.94,569.03,1747.98,910.27,1618.15,1742.29,694.33,708.20,1648.04,1100.91,1272.55,890.14,628.72,967.47,1221.12,983.06,901.92,998.05,1041.16,518.68,277.85,287.64,369.71,149.02,42.85,141.26,142.68,257.10,237.67,140.56,56.55,76.74,27.81,110.69,101.78,34.35,5.41
82488,82533,82510.5,816.40,6.95,0.12,2.46,0.00,0.00,0.00,0.00,0.00,1512.87,2002.50,1639.68,1591.14,722.44,1101.35,856.79,537.67,1267.90,1305.96,776.50,820.83,1051.34,1123.22,1187.70,1363.02,829.04,866.86,708.22,753.29,731.14,660.93,734.77,341.51,142.85,258.64,316.02,72.65,164.10,6.39,150.38,97.29,152.67,41.40,64.41,33.57,28.37,34.83,0.00
82547,82592,82569.5,785.02,8.50,0.16,2.46,0.00,0.00,0.00,0.00,0.00,0.00,1654.12,2549.80,771.75,1203.23,801.45,981.57,1196.49,606.09,696.87,1078.34,509.57,1293.23,855.50,1012.58,993.58,1047.09,943.23,990.25,682.83,618.54,885.37,691.67,347.03,510.30,319.26,363.01,212.21,321.63,39.75,220.32,328.66,81.16,47.32,55.48,7.91,45.41,0.00,46.59
82606,82651,82628.5,0.00,0.00,0.00,2.46,0.00,0.00,0.00,0.00,0.00,0.00,0.00,0.00,0.00,0.00,0.00,0.00,0.00,0.00,0.00,0.00,0.00,0.00,0.00,0.00,0.00,0.00,0.00,0.00,0.00,0.00,0.00,0.00,0.00,0.00,0.00,0.00,0.00,0.00,0.00,0.00,0.00,0.00,0.00,0.00,0.00,0.00,0.00,0.00
82665,82710,82687.5,0.00,0.00,0.00,2.46,0.00,0.00,0.00,0.00,0.00,0.00,0.00,0.00,0.00,0.00,0.00,0.00,0.00,0.00,0.00,0.00,0.00,0.00,0.00,0.00,0.00,0.00,0.00,0.00,0.00,0.00,0.00,0.00,0.00,0.00,0.00,0.00,0.00,0.00,0.00,0.00,0.00,0.00,0.00,0.00,0.00,0.00,0.00,0.00
82724,82769,82746.5,0.00,0.00,0.00,2.46,0.00,0.00,0.00,0.00,0.00,0.00,0.00,0.00,0.00,0.00,0.00,0.00,0.00,0.00,0.00,0.00,0.00,0.00,0.00,0.00,0.00,0.00,0.00,0.00,0.00,0.00,0.00,0.00,0.00,0.00,0.00,0.00,0.00,0.00,0.00,0.00,0.00,0.00,0.00,0.00,0.00,0.00,0.00,0.00
82783,82828,82805.5,0.00,0.00,0.00,2.46,0.00,0.00,0.00,0.00,0.00,0.00,0.00,0.00,0.00,0.00,0.00,0.00,0.00,0.00,0.00,0.00,0.00,0.00,0.00,0.00,0.00,0.00,0.00,0.00,0.00,0.00,0.00,0.00,0.00,0.00,0.00,0.00,0.00,0.00,0.00,0.00,0.00,0.00,0.00,0.00,0.00,0.00,0.00,0.00
82843,82888,82865.5,0.00,0.00,0.00,2.46,0.00,0.00,0.00,0.00,0.00,0.00,0.00,0.00,0.00,0.00,0.00,0.00,0.00,0.00,0.00,0.00,0.00,0.00,0.00,0.00,0.00,0.00,0.00,0.00,0.00,0.00,0.00,0.00,0.00,0.00,0.00,0.00,0.00,0.00,0.00,0.00,0.00,0.00,0.00,0.00,0.00,0.00,0.00,0.00
82902,82947,82924.5,0.00,0.00,0.00,2.46,0.00,0.00,0.00,0.00,0.00,0.00,0.00,0.00,0.00,0.00,0.00,0.00,0.00,0.00,0.00,0.00,0.00,0.00,0.00,0.00,0.00,0.00,0.00,0.00,0.00,0.00,0.00,0.00,0.00,0.00,0.00,0.00,0.00,0.00,0.00,0.00,0.00,0.00,0.00,0.00,0.00,0.00,0.00,0.00
82961,83006,82983.5,0.00,0.00,0.00,2.47,0.00,0.00,0.00,0.00,0.00,0.00,0.00,0.00,0.00,0.00,0.00,0.00,0.00,0.00,0.00,0.00,0.00,0.00,0.00,0.00,0.00,0.00,0.00,0.00,0.00,0.00,0.00,0.00,0.00,0.00,0.00,0.00,0.00,0.00,0.00,0.00,0.00,0.00,0.00,0.00,0.00,0.00,0.00,0.00
83020,83065,83042.5,0.00,0.00,0.00,2.46,0.00,0.00,0.00,0.00,0.00,0.00,0.00,0.00,0.00,0.00,0.00,0.00,0.00,0.00,0.00,0.00,0.00,0.00,0.00,0.00,0.00,0.00,0.00,0.00,0.00,0.00,0.00,0.00,0.00,0.00,0.00,0.00,0.00,0.00,0.00,0.00,0.00,0.00,0.00,0.00,0.00,0.00,0.00,0.00
83079,83124,83101.5,0.00,0.00,0.00,2.44,0.00,0.00,0.00,0.00,0.00,0.00,0.00,0.00,0.00,0.00,0.00,0.00,0.00,0.00,0.00,0.00,0.00,0.00,0.00,0.00,0.00,0.00,0.00,0.00,0.00,0.00,0.00,0.00,0.00,0.00,0.00,0.00,0.00,0.00,0.00,0.00,0.00,0.00,0.00,0.00,0.00,0.00,0.00,0.00
83138,83183,83160.5,0.00,0.00,0.00,2.46,0.00,0.00,0.00,0.00,0.00,0.00,0.00,0.00,0.00,0.00,0.00,0.00,0.00,0.00,0.00,0.00,0.00,0.00,0.00,0.00,0.00,0.00,0.00,0.00,0.00,0.00,0.00,0.00,0.00,0.00,0.00,0.00,0.00,0.00,0.00,0.00,0.00,0.00,0.00,0.00,0.00,0.00,0.00,0.00
83197,83242,83219.5,0.00,0.00,0.00,2.46,0.00,0.00,0.00,0.00,0.00,0.00,0.00,0.00,0.00,0.00,0.00,0.00,0.00,0.00,0.00,0.00,0.00,0.00,0.00,0.00,0.00,0.00,0.00,0.00,0.00,0.00,0.00,0.00,0.00,0.00,0.00,0.00,0.00,0.00,0.00,0.00,0.00,0.00,0.00,0.00,0.00,0.00,0.00,0.00
83256,83301,83278.5,0.00,0.00,0.00,2.46,0.00,0.00,0.00,0.00,0.00,0.00,0.00,0.00,0.00,0.00,0.00,0.00,0.00,0.00,0.00,0.00,0.00,0.00,0.00,0.00,0.00,0.00,0.00,0.00,0.00,0.00,0.00,0.00,0.00,0.00,0.00,0.00,0.00,0.00,0.00,0.00,0.00,0.00,0.00,0.00,0.00,0.00,0.00,0.00
83315,83360,83337.5,0.00,0.00,0.00,2.46,0.00,0.00,0.00,0.00,0.00,0.00,0.00,0.00,0.00,0.00,0.00,0.00,0.00,0.00,0.00,0.00,0.00,0.00,0.00,0.00,0.00,0.00,0.00,0.00,0.00,0.00,0.00,0.00,0.00,0.00,0.00,0.00,0.00,0.00,0.00,0.00,0.00,0.00,0.00,0.00,0.00,0.00,0.00,0.00
83374,83419,83396.5,0.00,0.00,0.00,2.46,0.00,0.00,0.00,0.00,0.00,0.00,0.00,0.00,0.00,0.00,0.00,0.00,0.00,0.00,0.00,0.00,0.00,0.00,0.00,0.00,0.00,0.00,0.00,0.00,0.00,0.00,0.00,0.00,0.00,0.00,0.00,0.00,0.00,0.00,0.00,0.00,0.00,0.00,0.00,0.00,0.00,0.00,0.00,0.00
83433,83478,83455.5,1240.32,8.04,0.15,2.46,0.00,0.00,0.00,0.00,9030.72,3127.21,2609.94,1577.18,583.57,1974.32,1521.29,716.90,1291.87,1203.74,1289.04,1372.57,956.27,1790.51,860.19,1056.33,1492.33,915.48,1216.86,656.39,941.87,608.10,426.05,422.95,206.59,303.87,276.80,141.25,179.77,88.11,108.19,38.67,103.65,18.44,115.96,87.58,49.78,102.76,70.18,71.11
83492,83537,83514.5,1187.14,7.60,0.14,2.46,0.00,0.00,0.00,0.00,2983.04,3403.00,2179.40,3978.20,1652.67,1618.83,1823.35,1481.26,1682.36,581.58,1279.05,1352.30,1616.04,1356.06,1518.25,1469.93,1115.37,1540.48,987.62,595.40,395.83,657.07,243.27,490.90,288.29,288.97,109.89,267.61,69.73,192.88,78.47,134.17,58.77,39.97,96.55,23.28,33.82,68.56,172.13,2.00
83551,83596,83573.5,1141.52,8.12,0.16,2.45,0.00,0.00,0.00,0.00,6376.37,3628.93,2431.67,730.27,1912.77,1386.24,1284.87,756.92,1118.87,1742.24,1150.15,981.46,1316.76,1025.40,1468.45,1072.64,925.66,714.98,1195.75,794.44,533.63,758.09,440.30,461.49,296.05,333.74,275.82,133.42,31.97,303.61,189.45,88.05,47.51,127.09,81.65,0.00,33.13,146.18,92.97,72.92
83610,83655,83632.5,1036.04,7.16,0.13,2.46,0.00,0.00,0.00,0.00,6065.92,1537.97,2114.32,1081.88,962.62,699.55,1045.79,1871.20,1877.86,1226.56,931.06,1529.41,1195.79,1194.62,963.48,1284.53,975.54,833.39,789.68,682.35,680.07,847.31,363.72,406.59,450.73,129.74,175.51,95.47,225.64,179.74,8.16,32.11,90.95,134.85,157.19,75.70,47.42,0.00,70.02,70.53
83669,83714,83691.5,1075.23,6.22,0.10,2.45,0.00,0.00,0.00,0.00,6115.59,1387.17,2150.48,2300.41,1575.41,1962.84,1841.95,1694.69,994.97,794.59,1020.58,1158.52,1159.38,1102.96,557.20,1005.35,1201.69,767.49,867.72,775.23,815.31,434.07,471.68,487.93,324.04,343.44,104.39,67.87,275.67,56.66,84.05,137.87,47.03,48.38,101.08,0.00,0.00,102.34,34.48,0.00
83728,83773,83750.5,1373.08,6.90,0.12,2.45,0.00,0.00,0.00,0.00,8702.06,4446.30,4072.17,2720.35,2834.59,2208.50,959.23,2100.81,1422.65,1303.38,560.62,696.99,1394.97,834.42,1463.70,1184.18,1253.63,1085.84,620.53,615.33,602.14,354.03,408.44,222.13,177.12,404.31,56.94,68.81,177.33,59.67,199.00,216.37,101.83,161.83,52.48,13.64,37.65,0.00,0.00,106.51
83787,83832,83809.5,1855.42,6.88,0.09,2.45,0.00,0.00,0.00,0.00,11959.13,7002.43,5835.92,6028.03,3762.38,3008.63,2663.14,1885.30,1328.56,1685.14,1816.90,980.78,1129.99,987.56,564.07,1124.32,1141.07,960.08,1041.02,920.16,730.46,422.10,169.71,217.50,315.92,261.78,205.74,213.59,354.88,167.94,158.69,26.51,78.24,49.30,47.99,0.00,0.00,34.25,34.86,35.58
