Data/Raw/MOORE,RICHARD/FIREXAQ-LARGE-SMPS_DC8_20190803_R0.ict
88,1001
Richard Moore, Elizabeth Wiggins, Edward Winstead, Claire Robinson, Lee Thornhill, and Kevin Sanchez
NASA Langley Research Center
In-situ Submicron Particle Size Distributions from a SMPS on the NASA DC-8
FIREXAQ
1,1
2019,08,03,2020,03,10
0
Time_start,Secs after midnight,Time of acquisition
50
1,1,1,1,1,1,1,1,1,1,1,1,1,1,1,1,1,1,1,1,1,1,1,1,1,1,1,1,1,1,1,1,1,1,1,1,1,1,1,1,1,1,1,1,1,1,1,1,1,1
-9999,-9999,-9999,-9999,-9999,-9999,-9999,-9999,-9999,-9999,-9999,-9999,-9999,-9999,-9999,-9999,-9999,-9999,-9999,-9999,-9999,-9999,-9999,-9999,-9999,-9999,-9999,-9999,-9999,-9999,-9999,-9999,-9999,-9999,-9999,-9999,-9999,-9999,-9999,-9999,-9999,-9999,-9999,-9999,-9999,-9999,-9999,-9999,-9999,-9999
Time_stop,Secs after midnight,Time of acquisition
Time_mid,Secs after midnight,Time of acquisition
nSMPS_stdPT,#/cm3,AerMP_NumConc_InSitu_RHd_Mobility_NucltoAccu_STP,integrated_number_density
sSMPS_stdPT,um2/cm3,AerMP_SurfAreaConc_InSitu_RHd_Mobility_NucltoAccu_STP,integrated_surface_area
vSMPS_stdPT,um3/cm3,AerMP_VolConc_InSitu_RHd_Mobility_NucltoAccu_STP,integrated_volume
SMPS_stdPT, unitless, None, conversion between ambient PT and standard PT (1013, 273)
SMPS_bin00_stdPT,#/cm3,AerMP_NumSizeDist_InSitu_RHd_Mobility_NucltoAccu_STP,Binned number size distribution (in dNdlogDp) measured by the SMPS
SMPS_bin01_stdPT,#/cm3,AerMP_NumSizeDist_InSitu_RHd_Mobility_NucltoAccu_STP,Binned number size distribution (in dNdlogDp) measured by the SMPS
SMPS_bin02_stdPT,#/cm3,AerMP_NumSizeDist_InSitu_RHd_Mobility_NucltoAccu_STP,Binned number size distribution (in dNdlogDp) measured by the SMPS
SMPS_bin03_stdPT,#/cm3,AerMP_NumSizeDist_InSitu_RHd_Mobility_NucltoAccu_STP,Binned number size distribution (in dNdlogDp) measured by the SMPS
SMPS_bin04_stdPT,#/cm3,AerMP_NumSizeDist_InSitu_RHd_Mobility_NucltoAccu_STP,Binned number size distribution (in dNdlogDp) measured by the SMPS
SMPS_bin05_stdPT,#/cm3,AerMP_NumSizeDist_InSitu_RHd_Mobility_NucltoAccu_STP,Binned number size distribution (in dNdlogDp) measured by the SMPS
SMPS_bin06_stdPT,#/cm3,AerMP_NumSizeDist_InSitu_RHd_Mobility_NucltoAccu_STP,Binned number size distribution (in dNdlogDp) measured by the SMPS
SMPS_bin07_stdPT,#/cm3,AerMP_NumSizeDist_InSitu_RHd_Mobility_NucltoAccu_STP,Binned number size distribution (in dNdlogDp) measured by the SMPS
SMPS_bin08_stdPT,#/cm3,AerMP_NumSizeDist_InSitu_RHd_Mobility_NucltoAccu_STP,Binned number size distribution (in dNdlogDp) measured by the SMPS
SMPS_bin09_stdPT,#/cm3,AerMP_NumSizeDist_InSitu_RHd_Mobility_NucltoAccu_STP,Binned number size distribution (in dNdlogDp) measured by the SMPS
SMPS_bin10_stdPT,#/cm3,AerMP_NumSizeDist_InSitu_RHd_Mobility_NucltoAccu_STP,Binned number size distribution (in dNdlogDp) measured by the SMPS
SMPS_bin11_stdPT,#/cm3,AerMP_NumSizeDist_InSitu_RHd_Mobility_NucltoAccu_STP,Binned number size distribution (in dNdlogDp) measured by the SMPS
SMPS_bin12_stdPT,#/cm3,AerMP_NumSizeDist_InSitu_RHd_Mobility_NucltoAccu_STP,Binned number size distribution (in dNdlogDp) measured by the SMPS
SMPS_bin13_stdPT,#/cm3,AerMP_NumSizeDist_InSitu_RHd_Mobility_NucltoAccu_STP,Binned number size distribution (in dNdlogDp) measured by the SMPS
SMPS_bin14_stdPT,#/cm3,AerMP_NumSizeDist_InSitu_RHd_Mobility_NucltoAccu_STP,Binned number size distribution (in dNdlogDp) measured by the SMPS
[...]
UNCERTAINTY:  20%
ULOD_FLAG: -7777
ULOD_VALUE: N/A
LLOD_FLAG: -8888
LLOD_VALUE: N/A
DM_CONTACT_INFO: Lee Thornhill (Kenneth.L.Thornhill@nasa.gov)
PROJECT_INFO: FIREX-AQ
STIPULATIONS_ON_USE: No stipulations on use. The user is encouraged to contact the PI or DM prior to use.
OTHER_COMMENTS: Midpoint diameters of Bins 00 to 43 are: 0.011,0.012,0.013,0.014,0.015,0.016,0.017,0.018,0.019,0.021,0.022,0.024,0.026,0.028,0.030,0.032,0.035,0.037,0.040,0.043,0.046,0.050,0.053,0.057,0.061,0.066,0.071,0.076,0.082,0.088,0.095,0.102,0.109,0.118,0.126,0.136,0.146,0.157,0.168,0.181,0.194,0.209,0.225,0.241
REVISION: R0
R0: Final Data. Data are corrected for time lags and ammonium sulfate size calibrations.
*******************************************************************************************************************************
Time_start,Time_stop,Time_mid,nSMPS_stdPT,sSMPS_stdPT,vSMPS_stdPT,SMPS_stdPT,SMPS_bin00_stdPT,SMPS_bin01_stdPT,SMPS_bin02_stdPT,SMPS_bin03_stdPT,SMPS_bin04_stdPT,SMPS_bin05_stdPT,SMPS_bin06_stdPT,SMPS_bin07_stdPT,SMPS_bin08_stdPT,SMPS_bin09_stdPT,SMPS_bin10_stdPT,SMPS_bin11_stdPT,SMPS_bin12_stdPT,SMPS_bin13_stdPT,SMPS_bin14_stdPT,SMPS_bin15_stdPT,SMPS_bin16_stdPT,SMPS_bin17_stdPT,SMPS_bin18_stdPT,SMPS_bin19_stdPT,SMPS_bin20_stdPT,SMPS_bin21_stdPT,SMPS_bin22_stdPT,SMPS_bin23_stdPT,SMPS_bin24_stdPT,SMPS_bin25_stdPT,SMPS_bin26_stdPT,SMPS_bin27_stdPT,SMPS_bin28_stdPT,SMPS_bin29_stdPT,SMPS_bin30_stdPT,SMPS_bin31_stdPT,SMPS_bin32_stdPT,SMPS_bin33_stdPT,SMPS_bin34_stdPT,SMPS_bin35_stdPT,SMPS_bin36_stdPT,SMPS_bin37_stdPT,SMPS_bin38_stdPT,SMPS_bin39_stdPT,SMPS_bin40_stdPT,SMPS_bin41_stdPT,SMPS_bin42_stdPT,SMPS_bin43_stdPT
[from data line 226]
88818,88863,88840.5,5755.09,602.59,21.08,1.42,0.00,990.03,1490.48,1224.86,1415.43,668.18,2101.56,2095.43,1556.50,2017.42,2165.19,1638.79,1506.91,1035.31,464.05,754.05,696.36,525.24,721.39,487.64,528.16,307.03,319.06,324.78,691.83,1787.65,2399.17,3875.75,4219.24,2340.06,483.62,0.00,0.00,0.00,0.00,118.48,4637.29,9682.11,16311.14,22854.03,20876.57,20421.90,18914.11,15881.79
88877,88922,88899.5,49942.37,5677.40,198.84,1.42,0.00,13389.62,4207.06,1727.64,1038.98,1820.80,1920.72,2263.14,2461.23,2164.12,2239.63,2094.09,1637.74,1520.55,936.42,939.77,420.71,636.09,779.19,812.68,2031.49,910.06,1581.01,3097.38,0.00,1138.74,10132.19,20664.58,40071.80,41107.93,35877.08,49632.45,38946.50,0.00,4279.49,35178.62,56529.31,67410.62,112552.25,179620.14,187643.28,191816.08,172700.56,157729.38
88936,88981,88958.5,105578.08,11350.68,386.61,1.43,0.00,16590.19,15901.64,17531.84,7021.58,2393.60,406.94,420.63,323.73,333.72,601.06,2222.50,1106.28,1567.72,1536.51,1043.73,1605.25,1026.68,399.97,951.02,2015.93,1387.96,414.46,5160.67,8347.57,9877.34,22312.74,46457.95,29340.36,53624.29,74305.26,81036.73,72498.29,42179.30,117163.30,153909.94,163517.78,198232.52,296172.31,396981.12,353932.22,323490.97,306370.22,290917.75
88995,89040,89017.5,24579.53,2680.51,91.29,1.43,0.00,0.00,2953.69,1419.54,1445.81,2761.91,0.00,864.90,571.95,581.16,582.07,290.07,385.58,558.27,592.90,730.23,534.78,408.65,315.33,111.28,628.00,654.59,903.99,1037.85,3306.19,5704.17,8691.27,13025.67,14406.25,9878.08,5800.91,10803.18,9500.04,0.00,16615.54,35628.43,45839.21,46910.48,77896.80,102288.41,86025.21,80286.86,73713.13,66267.34
89054,89099,89076.5,6674.40,634.58,22.40,1.42,0.00,8246.03,1477.45,4138.56,2170.52,1963.34,1082.97,1240.59,1295.93,1252.14,1314.64,1051.17,1595.65,2004.46,1158.52,925.69,1400.06,795.94,1119.54,938.35,614.83,562.45,671.21,500.77,638.11,1933.84,1712.86,3656.74,6242.50,5928.02,4624.94,8209.74,5916.54,22.41,559.71,4429.97,4545.30,512.72,10072.22,19749.47,19297.22,19471.13,20737.87,20516.95
89113,89158,89135.5,4529.53,458.06,16.16,1.42,0.00,1233.06,5956.68,5163.68,1453.26,1251.69,1273.61,1047.62,739.44,958.92,370.52,566.70,607.97,484.06,332.69,251.29,212.00,602.00,716.54,316.03,746.85,443.84,1058.02,613.11,909.47,1569.99,1823.11,831.51,1414.66,2280.58,820.15,0.00,1493.51,449.02,0.00,2101.04,3872.35,5072.52,11008.30,15710.13,15796.31,14246.15,13930.03,13654.73
89172,89217,89194.5,6863.71,862.11,31.45,1.43,0.00,3453.30,2306.99,2051.25,0.02,287.85,931.33,272.87,649.54,246.61,189.51,947.51,711.62,498.11,585.60,749.99,762.47,739.85,469.32,693.71,212.16,255.19,522.04,52.46,354.16,1512.29,1830.27,1801.90,3622.74,3808.13,271.18,0.00,0.00,0.00,0.00,0.00,1107.59,1950.41,15038.80,28860.98,30044.29,28542.84,28223.84,29527.77
89231,89276,89253.5,35431.61,4700.08,169.36,1.43,0.00,1946.61,1490.90,983.11,1158.67,1132.83,1088.21,1026.52,1015.63,554.75,841.88,480.18,534.74,484.05,188.24,537.53,274.82,275.08,359.98,203.47,143.76,0.00,0.00,0.00,685.00,3367.17,5895.84,9171.96,12469.67,9132.35,0.00,0.00,0.00,0.00,0.00,2013.01,21237.90,44504.96,96574.62,160188.45,166210.48,163336.81,155947.41,141621.38
89290,89335,89312.5,83000.22,10787.19,386.13,1.42,0.00,5439.27,2838.52,0.00,405.83,676.22,785.23,0.02,0.00,0.01,94.86,75.99,67.86,62.77,2.55,185.32,209.04,341.95,6.09,38.00,0.00,5.60,0.00,653.19,3387.39,12764.52,13057.04,21406.49,36740.64,20955.73,4883.33,16578.23,11070.97,0.00,0.00,39586.89,63811.76,94364.10,250796.09,373947.75,363242.41,354495.75,351839.94,327719.31
89349,89394,89371.5,61216.34,5795.06,196.83,1.42,0.00,70412.19,105074.67,101516.19,20893.95,3694.99,854.27,163.36,554.36,526.31,1025.12,353.93,626.08,436.75,366.60,267.43,369.09,565.90,429.31,433.21,0.00,35.32,1240.29,3359.95,4527.17,12013.18,15432.88,17551.72,18033.94,22093.17,9651.94,16617.84,28051.26,14100.79,31767.06,67309.83,103621.30,115844.91,161777.66,213701.86,203735.42,177271.88,159409.05,139788.88
89408,89453,89430.5,15538.28,1274.39,43.13,1.42,0.00,51781.79,24626.33,15288.88,2987.18,1571.79,2000.85,1889.94,1579.53,2058.45,2665.11,2384.10,1283.20,1013.59,1842.00,1665.04,949.77,691.49,723.14,697.27,360.80,362.08,1083.09,1122.45,1563.07,3096.09,3460.83,6430.75,5852.38,7500.56,6368.98,9747.58,10748.68,8115.22,9210.46,15398.64,16337.67,20668.83,32522.15,44713.46,43234.04,38670.94,35297.21,31029.38
89467,89512,89489.5,6635.28,633.49,21.67,1.42,0.00,3496.89,1490.83,2625.83,1099.06,657.66,1805.31,1466.73,1363.80,2736.16,1153.91,1215.25,954.15,1462.09,902.00,843.80,742.54,711.27,621.26,350.55,429.22,392.26,264.50,353.01,511.30,1239.97,1826.18,3293.13,4693.02,3366.48,3162.09,5436.29,7712.86,1843.53,3344.11,9578.39,8635.64,7004.99,13231.48,20658.60,21154.03,18899.87,18345.77,16422.28
89526,89571,89548.5,5082.36,501.59,17.14,1.42,0.00,805.87,1461.51,1120.69,0.00,849.46,2103.78,1488.87,681.38,1421.91,1391.78,382.22,728.64,691.39,533.97,1157.82,724.02,472.84,813.07,601.24,81.40,432.41,591.58,262.54,500.29,1849.63,1758.32,1512.89,2268.55,3278.68,1731.75,3043.24,4117.00,1813.28,2593.26,5892.41,5087.37,5362.21,13442.16,18998.90,17412.99,15457.18,14708.23,12156.53
89585,89630,89607.5,3043.39,255.56,8.79,1.42,0.00,3452.17,1571.70,559.06,1100.09,937.91,1220.62,697.01,565.19,1114.15,1311.71,943.52,983.36,919.08,1050.53,930.10,1170.67,826.11,1047.52,914.16,699.91,510.45,259.57,962.89,933.86,1062.63,1649.67,2193.25,2287.01,1417.88,596.39,842.22,1032.22,0.00,1404.26,2604.94,3922.84,4199.68,5018.99,8696.63,8148.86,7682.28,6499.96,6439.09
89644,89689,89666.5,3673.81,346.50,12.10,1.42,0.00,0.00,2308.65,1947.74,1969.56,634.86,2475.71,1285.92,787.22,952.15,1573.11,920.51,1155.75,864.61,903.49,860.82,755.83,1060.99,836.06,458.24,503.41,436.58,285.56,578.50,767.71,1751.66,2212.81,2351.85,2256.15,1748.04,415.96,596.28,4.28,0.00,0.00,2159.61,3152.04,3997.40,8963.00,12915.06,11567.56,10762.36,10431.98,9335.32
89703,89748,89725.5,2514.14,158.32,5.41,1.42,0.00,1232.61,816.76,1647.39,2052.85,1716.77,2524.17,1927.58,1859.11,2457.93,2214.87,2438.42,1700.21,1569.10,1479.33,1432.40,1173.34,1283.36,711.30,745.52,711.21,562.77,661.76,674.65,382.76,733.12,1480.64,1727.21,2009.88,1671.38,930.85,1497.84,756.18,206.32,434.38,1155.53,863.63,1538.26,3783.73,4876.00,4832.44,4838.53,4969.04,4654.55
89762,89807,89784.5,7169.71,774.33,28.17,1.42,0.00,6035.48,4080.19,1273.69,3621.62,1626.70,1397.33,2452.32,2336.46,2853.41,2421.15,2769.97,2312.40,2215.48,1356.54,1537.55,1528.40,1234.35,924.89,983.90,524.35,554.35,268.52,431.00,765.49,965.96,1182.21,3201.26,3170.89,3620.73,1577.25,2322.98,1814.02,0.00,0.00,0.00,0.00,875.55,10449.10,25761.88,27588.91,28678.33,24564.56,23678.60
89821,89866,89843.5,64009.84,7346.35,254.55,1.42,0.00,3232.13,4879.77,1106.72,697.11,1169.39,645.02,905.38,292.15,822.42,405.94,483.63,424.32,632.32,526.12,310.08,545.38,573.59,146.37,570.70,167.70,0.00,33.94,2556.95,5921.31,11837.27,22209.64,30529.59,33215.11,34824.64,28428.91,37379.38,35384.48,8132.07,27196.31,55422.32,83708.98,109740.09,180771.09,257420.09,243391.19,241707.06,221833.34,191821.00
89880,89925,89902.5,37533.66,4256.38,148.24,1.43,0.00,34857.02,4763.79,4984.61,1792.37,933.83,827.11,1753.66,778.82,1249.14,1035.75,654.95,324.97,1011.90,687.56,327.94,470.87,349.22,215.00,274.19,191.57,0.00,785.63,1007.90,3603.11,5736.98,9947.12,13607.12,17291.79,12491.83,8307.01,10213.76,22740.85,0.00,8837.18,39518.93,52208.41,62374.32,98971.60,152606.06,150013.19,139286.23,121420.44,109245.38
89939,89984,89961.5,10629.65,987.11,33.83,1.43,0.00,12193.76,5918.24,7310.35,2305.14,2863.77,2801.14,1950.89,2871.98,6410.11,3478.58,4220.80,3285.53,1380.82,885.02,1136.28,914.73,581.30,864.20,704.11,316.68,227.13,282.24,350.19,678.94,2732.97,4507.19,3568.87,5007.65,6821.26,3041.13,1214.36,2727.63,3466.55,2941.06,6025.01,12853.55,20815.60,26451.35,33736.01,33939.22,31754.63,30149.46,23823.69
89998,90043,90020.5,3968.36,332.10,11.28,1.42,0.00,2767.61,2992.52,1033.45,750.16,1009.68,1926.20,1447.76,2174.27,1554.48,1778.66,1056.04,1716.41,1160.24,1090.54,1001.37,906.99,735.06,1022.67,679.93,706.06,109.88,640.88,72.86,438.03,1087.78,1946.32,1856.94,3584.61,1964.45,429.31,1449.94,2860.48,899.26,3295.88,5444.99,5442.58,4001.95,7343.67,10978.81,10761.26,9692.49,8730.10,8660.62
90057,90102,90079.5,2496.69,206.68,7.25,1.42,0.00,1231.23,3515.89,1507.22,2137.90,2037.37,1599.27,695.96,836.56,1470.05,823.75,685.77,1018.85,1055.60,942.77,488.34,680.39,375.99,654.93,193.07,631.08,408.07,656.61,325.40,940.82,750.29,1053.70,1679.22,1955.74,1473.11,714.56,971.40,54.26,0.00,0.00,289.23,908.56,1893.72,4228.27,7044.85,6835.18,7218.32,7248.60,5712.33
90116,90161,90138.5,12163.78,1637.94,61.19,1.43,0.00,1964.79,2729.10,2930.21,1567.24,1123.25,915.64,1734.21,1248.25,838.73,1005.18,978.41,857.60,869.64,901.03,852.18,790.72,649.71,520.32,479.15,479.56,376.28,68.26,0.00,202.60,1230.26,1456.15,3163.13,7154.71,7972.60,4709.65,2860.75,0.00,0.00,0.00,0.00,0.00,0.00,13058.52,39379.39,46664.28,58032.27,60278.21,61641.99
90175,90220,90197.5,67921.61,9088.28,329.25,1.43,0.00,1233.56,673.80,0.00,406.72,264.34,646.58,700.46,425.47,114.19,317.79,469.09,411.78,305.46,45.76,222.82,245.22,96.15,649.60,355.17,0.00,0.00,0.00,0.00,472.61,7579.28,9231.57,15302.09,33956.46,36562.26,12762.97,5889.86,5355.60,0.00,0.00,10085.64,34187.87,54818.03,161655.00,310578.03,310800.47,311064.53,295379.78,287536.66
90234,90279,90256.5,58042.54,6862.16,239.06,1.43,0.00,28657.64,14255.07,10920.38,2269.65,301.74,207.37,517.73,150.23,113.30,208.93,170.23,66.55,127.92,67.14,95.91,125.77,234.86,25.36,0.00,0.00,0.00,0.00,1479.36,4807.90,12845.28,16124.51,15261.41,21995.40,10151.04,0.00,0.00,0.00,0.00,8223.10,63323.00,97991.74,109963.59,179860.66,258707.70,240409.83,222485.56,201915.39,181720.55
90293,90338,90315.5,13254.00,1468.78,51.06,1.42,0.00,4061.26,3668.36,1167.17,1099.84,2151.42,1463.20,1684.08,917.95,1367.47,1014.42,847.95,1428.57,1552.20,883.86,1167.58,1015.46,696.62,586.63,359.07,333.45,52.98,388.45,119.12,681.21,2648.57,3029.31,3859.94,6655.69,5747.27,3355.52,5556.01,6681.68,84.23,5199.98,11832.06,16882.09,23311.88,34069.77,52029.64,50225.24,47188.74,44621.78,38462.23
90352,90397,90374.5,7540.19,795.04,27.93,1.42,0.00,1233.09,2310.12,509.61,2545.59,3044.19,780.08,2626.63,2797.09,2489.92,1910.50,1912.72,1058.37,1132.11,1287.60,1172.59,1024.48,1167.05,764.12,708.58,762.55,461.13,459.94,296.00,526.32,1332.55,2950.38,2948.18,4250.00,4172.59,3341.03,1539.69,1441.76,0.00,208.30,1332.91,8301.55,10028.70,19673.05,26472.74,27272.19,26985.37,24560.98,22251.25
90411,90456,90433.5,3803.90,343.04,11.81,1.42,0.00,1031.17,2417.57,1543.48,347.70,1973.47,2986.54,974.32,1488.97,2159.22,829.85,780.97,515.48,1046.34,843.25,828.32,1126.38,1032.78,775.92,811.96,430.13,213.97,449.89,313.45,534.13,894.12,1580.80,2205.88,2700.70,2310.87,1186.04,1682.27,1284.38,0.00,511.34,2460.41,4728.20,5593.76,8371.78,11582.71,11136.97,11473.25,9999.01,8569.22
90471,90516,90493.5,1933.91,144.92,4.88,1.42,0.00,0.00,2028.28,0.00,286.78,2163.98,547.31,182.34,849.92,446.20,696.48,538.20,738.75,722.04,470.06,795.88,968.78,1087.06,995.87,731.11,397.38,684.51,449.47,640.46,1231.80,846.79,1451.08,1845.78,1822.63,651.29,1254.25,733.08,1025.15,460.85,1191.50,1256.98,1548.27,1714.10,4086.23,4250.40,4563.94,4416.33,3998.53,4306.63
90530,90575,90552.5,1549.00,79.60,2.63,1.42,0.00,991.54,409.07,730.55,752.90,1101.56,1133.66,1208.72,1422.04,1183.81,1472.59,1314.88,880.28,1196.77,1125.81,1242.34,1298.05,698.65,712.72,586.75,564.38,827.08,660.16,708.76,1298.87,1304.69,1188.95,1188.60,1503.32,1228.65,792.75,223.36,524.64,350.01,366.46,745.83,963.62,1400.56,1278.00,2261.38,2405.54,2415.84,2007.38,1918.87
90589,90634,90611.5,2636.45,185.59,6.46,1.42,0.00,2228.31,1899.58,781.67,1792.89,3001.07,2359.87,1007.19,1419.01,1404.10,1489.35,2170.92,1328.93,1337.57,1571.81,1104.96,1367.20,986.70,1097.46,1274.03,970.09,576.73,480.10,405.37,410.20,1329.21,1280.68,1709.49,2078.14,1900.58,1569.62,921.64,529.24,0.00,0.00,318.34,588.49,2486.20,3059.27,6258.70,5948.83,5687.33,6478.27,4756.91
90648,90693,90670.5,3243.97,247.70,8.65,1.42,0.00,2473.36,2983.78,1507.61,4870.43,902.56,2623.24,2870.41,2427.54,1623.07,1886.15,1361.09,1942.91,1939.05,1137.66,1104.93,757.33,807.58,825.74,761.69,542.84,415.04,503.15,400.50,435.88,1276.05,1429.76,1753.64,1889.74,1460.47,562.68,486.44,1186.93,0.00,0.00,1129.49,2469.45,1593.38,5612.74,8485.24,8782.56,7898.71,7339.82,7307.86
90707,90752,90729.5,5457.65,611.57,22.13,1.43,0.00,972.86,1617.38,0.00,346.95,260.18,1337.42,1593.66,1603.72,1550.34,1886.16,1769.46,1632.13,1849.63,1287.10,1524.00,1276.37,1114.14,755.54,714.33,449.49,259.47,253.73,584.19,299.13,979.16,1014.74,1183.98,1900.06,2463.78,1520.07,1623.64,3518.70,0.00,0.00,3186.48,5442.78,5686.20,7457.51,18137.56,18417.40,18834.70,18257.37,18441.39
90766,90811,90788.5,43397.76,5608.11,199.83,1.42,0.00,3442.69,15.06,1033.81,987.18,355.05,1113.09,529.85,1179.00,370.73,393.51,376.76,528.28,185.02,396.18,613.85,488.71,449.45,459.23,34.31,7.30,0.00,0.00,0.00,637.48,4891.48,5876.35,11703.28,14247.80,10406.29,0.00,0.00,0.00,0.00,0.00,16813.72,46523.82,68017.00,133840.11,193943.64,198419.39,190609.05,173202.45,163314.75
90825,90870,90847.5,28099.63,3533.80,124.90,1.42,0.00,2223.65,1490.10,1033.41,287.28,341.84,0.01,184.97,299.83,0.00,104.72,0.00,77.92,264.60,273.93,35.68,110.27,25.63,176.35,127.53,0.00,0.00,0.00,0.00,363.63,4231.32,6506.69,7610.14,9852.74,6691.86,0.00,0.00,538.25,0.00,2725.90,19323.42,40030.96,54488.90,88798.01,122950.06,117432.17,116066.66,107622.79,95750.44
90884,90929,90906.5,9589.17,1133.12,41.26,1.43,0.00,7208.02,9706.80,5577.09,3736.55,2798.31,1346.45,1215.62,567.16,1151.44,357.07,769.72,539.94,377.66,546.98,651.90,608.65,861.83,397.58,497.09,283.73,493.95,605.05,44.15,404.42,518.13,654.10,1397.02,2955.20,3158.91,4434.96,4416.67,2949.49,0.00,0.00,0.00,207.61,3836.31,20306.73,34406.22,35460.41,39100.70,42115.12,38481.26
90943,90988,90965.5,5050.33,348.56,12.31,1.42,0.00,21095.08,31901.23,6860.59,1419.70,1797.56,1016.40,0.00,0.00,241.12,601.96,433.00,398.60,429.62,493.61,506.67,532.57,626.29,333.66,475.85,834.15,553.55,673.24,478.23,617.82,1451.85,1869.49,1614.69,1768.70,953.79,0.00,0.00,0.00,0.00,0.00,1324.65,3474.26,5576.12,7647.37,10569.11,11890.54,11863.82,10267.23,8951.50
91002,91047,91024.5,2309.02,244.31,8.66,1.42,0.00,2262.55,814.87,577.64,1303.42,356.44,0.00,0.00,134.83,305.80,62.96,486.60,284.29,157.86,408.74,290.93,153.49,283.17,139.42,421.22,263.59,345.34,458.49,469.48,313.76,823.19,970.81,1554.52,1975.01,1576.44,680.48,440.98,443.23,0.00,0.00,646.16,1273.28,1854.78,3890.57,9130.84,8908.03,8013.12,7974.86,7328.16
91061,91106,91083.5,1366.88,123.28,4.35,1.43,0.00,0.00,674.42,0.00,0.00,301.07,620.15,184.40,298.44,478.71,507.96,558.19,742.80,823.04,428.37,559.84,626.15,534.01,479.82,635.89,435.00,652.97,632.65,560.42,408.30,898.75,788.72,822.87,827.68,832.32,547.94,503.92,157.62,7.65,0.00,312.99,822.64,612.17,2499.30,3679.42,4151.80,4283.52,3920.68,3642.35
91120,91165,91142.5,5948.78,767.29,28.15,1.43,0.00,806.08,0.00,1594.53,1217.08,1399.19,413.27,514.16,587.32,636.24,316.16,411.07,646.83,337.27,645.24,780.97,524.03,665.03,553.51,315.69,554.07,289.83,370.28,32.02,541.87,696.16,1064.64,1647.27,3043.26,2818.97,246.93,221.53,0.00,0.00,0.00,0.00,704.71,2277.50,11280.61,24457.61,26590.86,25519.71,25818.33,24946.12
91179,91224,91201.5,32941.70,4557.47,166.89,1.42,0.00,2228.76,0.00,560.70,348.66,1267.25,1230.90,276.92,201.12,423.19,132.60,131.20,324.36,184.46,103.78,136.81,361.32,223.56,239.98,256.51,0.00,0.00,0.00,0.00,0.00,3913.96,5382.59,7874.60,16904.14,11318.71,0.00,0.00,0.00,0.00,0.00,0.00,1354.92,13296.55,72573.17,152931.44,158956.50,159178.25,155523.64,149495.25
