Data/Raw/MOORE,RICHARD/FIREXAQ-LARGE-SMPS_DC8_20190812_R0.ict
88,1001
Richard Moore, Elizabeth Wiggins, Edward Winstead, Claire Robinson, Lee Thornhill, and Kevin Sanchez
NASA Langley Research Center
In-situ Submicron Particle Size Distributions from a SMPS on the NASA DC-8
FIREXAQ
1,1
2019,08,12,2020,03,10
0
Time_start,Secs after midnight,Time of acquisition
50
1,1,1,1,1,1,1,1,1,1,1,1,1,1,1,1,1,1,1,1,1,1,1,1,1,1,1,1,1,1,1,1,1,1,1,1,1,1,1,1,1,1,1,1,1,1,1,1,1,1
-9999,-9999,-9999,-9999,-9999,-9999,-9999,-9999,-9999,-9999,-9999,-9999,-9999,-9999,-9999,-9999,-9999,-9999,-9999,-9999,-9999,-9999,-9999,-9999,-9999,-9999,-9999,-9999,-9999,-9999,-9999,-9999,-9999,-9999,-9999,-9999,-9999,-9999,-9999,-9999,-9999,-9999,-9999,-9999,-9999,-9999,-9999,-9999,-9999,-9999
Time_stop,Secs after midnight,Time of acquisition
Time_mid,Secs after midnight,Time of acquisition
nSMPS_stdPT,#/cm3,AerMP_NumConc_InSitu_RHd_Mobility_NucltoAccu_STP,integrated_number_density
sSMPS_stdPT,um2/cm3,AerMP_SurfAreaConc_InSitu_RHd_Mobility_NucltoAccu_STP,integrated_surface_area
vSMPS_stdPT,um3/cm3,AerMP_VolConc_InSitu_RHd_Mobility_NucltoAccu_STP,integrated_volume
SMPS_stdPT, unitless, None, conversion between ambient PT and standard PT (1013, 273)
SMPS_bin00_stdPT,#/cm3,AerMP_NumSizeDist_InSitu_RHd_Mobility_NucltoAccu_STP,Binned number size distribution (in dNdlogDp) measured by the SMPS
SMPS_bin01_stdPT,#/cm3,AerMP_NumSizeDist_InSitu_RHd_Mobility_NucltoAccu_STP,Binned number size distribution (in dNdlogDp) measured by the SMPS
SMPS_bin02_stdPT,#/cm3,AerMP_NumSizeDist_InSitu_RHd_Mobility_NucltoAccu_STP,Binned number size distribution (in dNdlogDp) measured by the SMPS
SMPS_bin03_stdPT,#/cm3,AerMP_NumSizeDist_InSitu_RHd_Mobility_NucltoAccu_STP,Binned number size distribution (in dNdlogDp) measured by the SMPS
SMPS_bin04_stdPT,#/cm3,AerMP_NumSizeDist_InSitu_RHd_Mobility_NucltoAccu_STP,Binned number size distribution (in dNdlogDp) measured by the SMPS
SMPS_bin05_stdPT,#/cm3,AerMP_NumSizeDist_InSitu_RHd_Mobility_NucltoAccu_STP,Binned number size distribution (in dNdlogDp) measured by the SMPS
SMPS_bin06_stdPT,#/cm3,AerMP_NumSizeDist_InSitu_RHd_Mobility_NucltoAccu_STP,Binned number size distribution (in dNdlogDp) measured by the SMPS
SMPS_bin07_stdPT,#/cm3,AerMP_NumSizeDist_InSitu_RHd_Mobility_NucltoAccu_STP,Binned number size distribution (in dNdlogDp) measured by the SMPS
SMPS_bin08_stdPT,#/cm3,AerMP_NumSizeDist_InSitu_RHd_Mobility_NucltoAccu_STP,Binned number size distribution (in dNdlogDp) measured by the SMPS
SMPS_bin09_stdPT,#/cm3,AerMP_NumSizeDist_InSitu_RHd_Mobility_NucltoAccu_STP,Binned number size distribution (in dNdlogDp) measured by the SMPS
SMPS_bin10_stdPT,#/cm3,AerMP_NumSizeDist_InSitu_RHd_Mobility_NucltoAccu_STP,Binned number size distribution (in dNdlogDp) measured by the SMPS
SMPS_bin11_stdPT,#/cm3,AerMP_NumSizeDist_InSitu_RHd_Mobility_NucltoAccu_STP,Binned number size distribution (in dNdlogDp) measured by the SMPS
SMPS_bin12_stdPT,#/cm3,AerMP_NumSizeDist_InSitu_RHd_Mobility_NucltoAccu_STP,Binned number size distribution (in dNdlogDp) measured by the SMPS
SMPS_bin13_stdPT,#/cm3,AerMP_NumSizeDist_InSitu_RHd_Mobility_NucltoAccu_STP,Binned number size distribution (in dNdlogDp) measured by the SMPS
SMPS_bin14_stdPT,#/cm3,AerMP_NumSizeDist_InSitu_RHd_Mobility_NucltoAccu_STP,Binned number size distribution (in dNdlogDp) measured by the SMPS
[...]
UNCERTAINTY:  20%
ULOD_FLAG: -7777
ULOD_VALUE: N/A
LLOD_FLAG: -8888
LLOD_VALUE: N/A
DM_CONTACT_INFO: Lee Thornhill (Kenneth.L.Thornhill@nasa.gov)
PROJECT_INFO: FIREX-AQ
STIPULATIONS_ON_USE: No stipulations on use. The user is encouraged to contact the PI or DM prior to use.
OTHER_COMMENTS: Midpoint diameters of Bins 00 to 43 are: 0.011,0.012,0.013,0.014,0.015,0.016,0.017,0.018,0.019,0.021,0.022,0.024,0.026,0.028,0.030,0.032,0.035,0.037,0.040,0.043,0.046,0.050,0.053,0.057,0.061,0.066,0.071,0.076,0.082,0.088,0.095,0.102,0.109,0.118,0.126,0.136,0.146,0.157,0.168,0.181,0.194,0.209,0.225,0.241
REVISION: R0
R0: Final Data. Data are corrected for time lags and ammonium sulfate size calibrations.
*******************************************************************************************************************************
Time_start,Time_stop,Time_mid,nSMPS_stdPT,sSMPS_stdPT,vSMPS_stdPT,SMPS_stdPT,SMPS_bin00_stdPT,SMPS_bin01_stdPT,SMPS_bin02_stdPT,SMPS_bin03_stdPT,SMPS_bin04_stdPT,SMPS_bin05_stdPT,SMPS_bin06_stdPT,SMPS_bin07_stdPT,SMPS_bin08_stdPT,SMPS_bin09_stdPT,SMPS_bin10_stdPT,SMPS_bin11_stdPT,SMPS_bin12_stdPT,SMPS_bin13_stdPT,SMPS_bin14_stdPT,SMPS_bin15_stdPT,SMPS_bin16_stdPT,SMPS_bin17_stdPT,SMPS_bin18_stdPT,SMPS_bin19_stdPT,SMPS_bin20_stdPT,SMPS_bin21_stdPT,SMPS_bin22_stdPT,SMPS_bin23_stdPT,SMPS_bin24_stdPT,SMPS_bin25_stdPT,SMPS_bin26_stdPT,SMPS_bin27_stdPT,SMPS_bin28_stdPT,SMPS_bin29_stdPT,SMPS_bin30_stdPT,SMPS_bin31_stdPT,SMPS_bin32_stdPT,SMPS_bin33_stdPT,SMPS_bin34_stdPT,SMPS_bin35_stdPT,SMPS_bin36_stdPT,SMPS_bin37_stdPT,SMPS_bin38_stdPT,SMPS_bin39_stdPT,SMPS_bin40_stdPT,SMPS_bin41_stdPT,SMPS_bin42_stdPT,SMPS_bin43_stdPT
[from data line 184]
86811,86856,86833.5,7594.60,32.84,0.66,1.75,0.00,0.00,32517.18,27426.56,19534.29,21512.29,16785.48,19206.01,16821.56,16298.60,13023.61,10524.55,8329.61,6254.85,5855.22,3142.11,1891.10,1613.69,1907.14,1435.49,1208.56,1025.49,853.21,912.58,591.35,746.35,807.58,1108.22,1272.50,1768.50,1104.92,909.19,1006.65,711.47,406.96,639.60,570.83,310.59,674.42,589.87,606.72,375.79,266.14,341.35
86870,86915,86892.5,6946.45,33.98,0.75,1.75,0.00,0.00,24589.85,26721.94,33714.77,16881.67,20755.60,14236.25,12374.41,9823.92,11026.16,10232.75,7874.48,4001.51,2208.19,1278.53,2576.46,1198.65,1675.88,1023.51,1050.01,956.74,821.12,909.52,1477.22,1296.66,1038.88,928.63,1110.16,1387.58,821.12,746.48,1341.72,1154.90,310.83,700.75,587.29,240.73,391.08,614.24,711.29,330.65,354.43,576.85
86929,86974,86951.5,7714.94,29.53,0.58,1.73,0.00,0.00,31803.07,32842.49,24763.88,28656.15,18328.47,21227.13,17761.06,14208.22,10960.72,8159.58,4563.60,3358.06,5231.97,2997.56,1645.61,1326.51,1386.73,835.22,868.13,417.18,1015.80,766.36,728.82,1095.69,753.10,636.51,913.53,951.92,1204.59,907.41,1341.89,1178.72,478.27,301.97,402.74,507.32,563.59,355.17,437.86,281.79,265.67,281.15
86988,87033,87010.5,6753.67,37.09,0.82,1.75,0.00,0.00,18566.70,23712.05,21131.89,16247.47,17608.40,18972.50,15758.97,14299.95,11115.95,10514.51,7577.30,5124.22,3862.43,2983.47,1889.11,1564.03,1744.66,1301.01,1486.98,1478.57,1049.82,447.76,1083.78,1386.69,812.93,1199.10,990.80,763.49,1168.15,1980.44,1449.33,1173.71,941.12,428.39,542.43,416.25,476.18,553.78,578.60,469.69,538.07,287.85
87048,87093,87070.5,7512.07,37.00,0.77,1.75,0.00,0.00,26950.78,28644.04,22295.16,15603.64,17586.16,23251.08,18587.96,12289.93,13056.20,11600.63,8554.38,5025.14,3870.21,2692.88,2161.71,1968.15,1923.51,1749.99,1267.02,1045.87,1272.66,1205.53,1073.61,1137.95,1165.21,1299.38,851.21,1676.50,1096.75,1124.88,1142.08,1232.29,759.07,792.85,599.10,684.96,862.24,378.39,426.67,487.79,462.96,303.63
87107,87152,87129.5,7253.63,38.67,0.83,1.75,0.00,0.00,21799.06,18935.25,17389.23,16747.41,17875.50,18255.26,20729.11,15135.17,14665.37,13734.98,9056.03,7492.44,5597.27,4191.02,2754.00,2601.36,1863.64,1722.61,1280.29,1083.25,1023.35,1219.04,744.58,1066.11,953.29,1126.08,999.54,1199.63,1227.66,1477.82,894.04,1014.67,739.88,577.47,749.92,737.46,554.08,471.02,653.08,638.62,379.64,530.33
87166,87211,87188.5,8419.90,42.31,0.84,1.74,0.00,0.00,18425.71,24006.12,13654.35,13640.77,27984.50,17784.19,22789.95,18799.30,17357.43,12996.07,12088.27,11426.90,8919.27,7958.82,6148.87,3884.04,3411.96,2865.70,2196.39,2220.09,1540.45,1547.57,1263.69,1301.86,653.04,728.02,1184.94,1539.25,953.26,1270.65,833.87,1160.78,1073.68,1262.16,502.99,800.73,491.75,595.23,538.11,672.92,450.71,272.62
87225,87270,87247.5,9075.96,46.80,0.81,1.75,0.00,0.00,18817.96,12710.41,15138.57,17931.29,16454.40,11269.52,13501.94,15503.22,12851.83,15317.44,14819.44,17334.33,14676.27,15710.48,14503.34,12127.88,11082.90,6450.14,4903.12,3351.21,3043.35,3319.75,2195.73,2170.76,1804.31,1563.58,1114.59,1532.96,1150.73,997.16,1147.52,923.76,500.36,480.62,528.28,231.94,587.00,562.35,722.41,439.37,307.47,399.85
87284,87329,87306.5,9962.62,54.65,0.95,1.74,0.00,0.00,16650.35,11285.69,10482.36,8698.57,16972.43,11010.53,13440.76,12830.54,15964.07,14278.00,18291.83,22132.79,24147.62,22579.98,18121.09,16174.78,13730.20,11062.55,7547.59,4748.96,4329.53,4497.99,2675.49,2648.16,1375.39,1374.94,1172.01,927.75,1007.55,1160.30,636.27,469.43,913.12,870.61,704.53,637.54,380.95,595.40,430.80,609.36,333.13,433.91
87343,87388,87365.5,10871.54,60.30,1.06,1.74,0.00,0.00,20907.77,14071.59,16417.15,13590.83,14267.41,11320.39,14012.37,14556.53,14627.59,16083.74,18440.35,18343.29,22029.38,22332.24,18999.54,20663.61,16689.15,12060.25,10555.31,7696.40,4766.13,3867.47,3118.14,1924.68,1765.11,1547.09,1227.88,1522.56,984.96,1012.89,796.71,1017.52,914.51,691.63,769.04,548.04,539.54,694.35,608.65,424.50,519.34,455.72
87402,87447,87424.5,9562.68,52.67,0.91,1.75,0.00,0.00,7562.78,8461.74,11866.81,13096.03,12723.05,13476.96,18625.67,20438.67,20382.18,16851.98,19658.01,20166.28,20998.67,16902.88,16453.96,14010.08,9820.40,7345.13,6479.40,4160.89,3159.85,2673.74,1989.90,1999.07,1449.17,1024.18,1043.95,755.90,1224.21,1710.86,1236.90,1176.96,1051.70,1164.55,914.79,1013.48,723.16,336.79,689.66,302.21,327.85,234.37
87461,87506,87483.5,9579.72,111.72,2.94,1.75,0.00,0.00,29837.99,16731.23,19986.07,20535.13,15865.78,18337.54,15059.57,17413.55,13933.72,16997.43,13584.21,10085.39,10351.16,8678.25,7070.32,6141.78,4772.95,3763.82,2508.33,3014.96,1822.12,2015.07,1981.78,1053.07,1453.39,2355.34,2491.49,2186.86,4344.86,3561.28,2991.28,3163.15,2663.22,2098.40,2356.52,2465.00,2418.58,1710.09,2051.51,1966.87,1674.78,1315.85
87520,87565,87542.5,14150.70,648.03,19.75,1.75,0.00,0.00,6477.02,10162.22,11039.90,9628.82,14752.63,12266.59,11507.41,12397.44,11755.63,10680.57,12566.83,10726.39,9468.52,9632.28,7294.47,5942.00,5421.72,5095.53,4266.03,3235.38,3443.40,4244.67,3943.40,5305.25,8550.47,7681.93,8517.67,11177.16,12964.27,14123.65,13498.39,18017.32,15289.77,16397.11,16046.01,15382.92,10274.11,14709.19,16107.45,13594.68,14984.19,12972.41
87579,87624,87601.5,8804.46,229.25,6.22,1.75,0.00,0.00,6704.65,8794.73,11372.76,7199.95,9059.49,12637.10,11942.98,13150.70,12605.32,11816.28,11082.28,11086.36,9033.72,6915.65,4993.81,4377.23,3533.21,2354.29,1897.97,2827.68,2841.46,2951.58,3155.38,3896.49,4799.12,5429.30,5192.38,7705.90,7099.23,7083.98,7532.56,7028.75,7043.51,5483.73,5814.40,5902.51,4961.87,5148.36,6045.67,4856.48,3423.76,2832.17
87638,87683,87660.5,7289.78,88.13,2.24,1.75,0.00,0.00,17066.93,16395.18,5394.31,11284.98,13296.61,14846.34,17332.72,14546.90,14779.66,15019.81,12656.39,9777.75,8475.89,4842.21,3293.35,2247.91,2038.18,1571.58,1058.41,1330.28,1801.64,1661.63,1350.88,2957.84,2124.42,2152.07,2474.25,2508.20,2343.56,2519.17,3206.72,2216.10,2165.23,2410.05,2585.02,1941.56,1528.58,1631.99,1684.68,1371.00,1150.99,1227.91
87697,87742,87719.5,6817.04,40.20,0.88,1.75,0.00,0.00,20454.48,17475.48,20480.72,20662.60,17091.69,15189.14,15455.09,15800.19,13954.84,11488.40,7693.50,6964.02,3524.26,2071.97,1669.54,1657.62,1516.62,1244.43,1325.40,973.23,935.91,812.44,1050.18,1244.50,1557.74,1153.22,1381.88,1559.87,1015.35,1491.19,1092.96,1133.87,976.04,810.77,502.03,781.09,838.97,644.82,556.72,805.91,585.94,316.70
87756,87801,87778.5,6178.81,37.24,0.83,1.75,0.00,0.00,22525.91,14872.07,13619.93,18809.69,14628.55,16355.54,14007.49,15262.17,12225.28,10751.04,7274.39,5938.30,3596.71,1583.50,1313.83,1173.45,1026.43,1063.90,1088.53,1207.64,752.41,747.92,972.86,1352.25,1382.00,1311.82,1066.05,1222.86,944.01,1109.49,536.43,885.30,761.14,1017.23,757.91,800.90,576.23,709.96,944.70,560.66,516.12,318.26
87815,87860,87837.5,5290.68,35.04,0.78,1.75,0.00,0.00,17404.69,13955.33,16242.90,16592.24,11913.08,12979.49,10049.14,10490.81,8056.12,8047.39,5215.17,5059.20,3447.40,2413.20,1220.74,1528.61,842.05,908.29,996.26,1378.17,677.82,1389.33,1317.62,1174.68,1243.45,1485.36,1384.45,1000.45,995.18,1380.25,1529.68,1049.80,1039.13,698.10,428.01,551.08,563.91,468.22,385.32,710.75,565.59,346.73
87874,87919,87896.5,6144.44,37.33,0.83,1.75,0.00,0.00,16757.44,14460.58,18618.91,16237.74,18098.50,11666.78,13661.44,14862.07,12596.36,12229.93,6718.29,5398.53,3680.55,2291.80,2176.42,1809.41,1479.47,1079.57,1341.35,1514.27,945.16,738.58,861.10,1474.43,808.50,1435.39,1573.47,1589.63,1245.66,822.52,1387.68,785.67,370.55,1003.04,855.20,620.85,560.46,579.53,698.62,365.38,560.91,275.76
87933,87978,87955.5,8009.90,318.40,10.25,1.75,0.00,0.00,12831.63,15320.79,13313.14,10157.47,16540.14,14502.38,11319.03,11945.70,11143.77,9186.22,6594.13,5582.32,4006.13,2921.78,2214.25,1069.25,1730.69,1301.73,1396.74,1655.59,1518.94,1075.32,675.88,1068.48,1263.05,620.71,1462.31,537.60,2204.01,2654.04,4224.38,3655.52,4161.09,5378.02,6056.99,7962.44,6008.70,9280.92,11817.90,10127.02,8481.95,6612.48
87992,88037,88014.5,20113.31,1307.86,40.37,1.75,0.00,0.00,5564.61,6723.27,4821.23,4597.80,7297.32,4193.46,5539.91,7285.35,7577.59,6928.84,7870.75,8680.13,8313.63,7420.95,7555.13,7671.26,5557.11,5641.37,4183.90,4564.46,4421.50,5972.74,7087.55,5774.35,8442.74,12243.14,15387.22,18698.97,23754.05,20907.43,26567.47,36080.39,31893.01,26984.62,30675.56,33223.93,28335.68,31320.81,36651.29,36146.79,33748.11,24847.75
88051,88096,88073.5,9563.65,359.34,10.28,1.75,0.00,0.00,2204.08,4921.17,4041.18,3865.21,7272.20,4378.56,3964.64,5054.68,6380.12,11194.76,11938.04,9540.64,8435.55,10564.46,10680.36,9606.02,8401.84,6165.48,3668.57,4640.93,5268.09,3754.48,5261.05,6608.96,6620.15,6994.16,9923.30,10212.06,2713.89,926.52,8906.82,11852.90,8670.46,11055.62,9983.98,9992.57,8808.16,8725.92,9033.13,7937.41,6371.56,5194.06
88110,88155,88132.5,8988.47,94.94,2.43,1.75,0.00,0.00,13334.43,21316.86,20161.45,16702.03,12028.72,11755.49,15609.11,17342.71,15161.65,16720.81,14283.13,11590.95,11612.02,14033.13,7799.71,6396.17,6805.34,4411.64,3464.76,3159.38,3607.36,2324.41,1950.86,2552.10,1919.25,1745.99,1717.47,810.57,1237.72,1903.37,2447.77,2164.71,2967.67,2646.79,1404.62,1165.91,1264.49,2272.28,1829.29,1746.67,1686.81,1524.00
88169,88214,88191.5,11152.76,67.69,1.27,1.75,0.00,0.00,21501.79,9655.99,17585.86,11808.69,9042.19,15883.10,19563.69,16580.87,15417.71,21891.71,22843.63,21664.19,25494.10,22305.44,21925.96,15535.02,11849.92,8891.37,6493.23,4821.70,4664.97,4038.09,3954.83,2491.17,1885.47,1552.05,1489.55,1752.08,2046.15,767.51,1083.19,1439.31,1400.64,765.64,873.46,922.48,591.83,846.33,923.81,910.45,745.94,710.74
88228,88273,88250.5,11023.37,61.81,1.10,1.75,0.00,0.00,10865.81,14014.22,13871.90,14559.34,14866.67,16488.23,13638.34,18700.73,18482.97,21024.35,24106.41,14164.18,18078.29,25924.20,19666.59,18339.28,18098.70,12939.16,8453.32,7255.70,4332.60,4142.31,2024.33,1880.99,1698.40,1276.50,1507.22,1208.22,1398.99,949.38,852.20,587.40,1095.37,366.19,612.00,605.24,823.65,742.64,826.24,935.74,504.12,547.10
88287,88332,88309.5,11713.05,65.31,1.10,1.75,0.00,0.00,24604.05,14386.12,21940.04,16131.70,9770.23,8438.19,11945.57,15754.46,11953.08,15497.82,18926.90,20946.95,17641.43,21611.76,32539.21,26532.66,19468.66,17568.09,10865.32,7206.28,5503.43,3236.79,2954.77,2178.71,1683.02,1507.89,1272.45,800.95,1077.49,1069.44,1208.41,900.93,697.23,1081.09,922.18,959.91,915.57,482.34,598.61,795.86,512.06,402.88
88346,88391,88368.5,11371.29,55.73,0.86,1.75,0.00,0.00,13517.97,21372.63,15746.98,16760.79,13264.55,14413.66,15443.55,19191.52,17672.80,12705.74,17470.72,23585.86,24957.04,24301.03,20601.41,18856.23,16055.17,11772.76,9914.88,8107.82,5730.15,3870.64,1665.43,1956.70,1943.83,1209.78,948.39,1596.02,961.79,941.45,1036.37,979.95,410.71,609.63,660.75,458.74,549.17,644.02,544.44,616.67,350.27,282.25
88405,88450,88427.5,8974.98,56.85,1.12,1.75,0.00,0.00,17403.91,16633.08,11772.19,15373.74,13454.27,13075.54,15569.81,12019.19,13560.58,13784.26,15244.34,15777.13,14055.42,15226.64,14909.26,11415.47,9457.08,8604.32,6351.21,4545.23,3204.75,2848.11,2221.47,1828.99,1617.43,1749.47,1529.98,1441.00,1366.32,1024.08,1196.39,764.68,829.22,787.80,558.08,796.89,893.79,1202.87,953.11,737.47,760.29,439.15
88464,88509,88486.5,10193.78,176.04,5.04,1.75,0.00,0.00,7916.13,13456.15,9703.48,14723.02,13764.71,15622.42,21145.30,15792.82,18826.53,17566.42,16830.83,15988.47,16299.98,13609.32,10521.81,10472.88,9202.05,8030.86,5655.34,3050.03,3457.26,3177.41,2422.27,2639.22,2333.35,2363.74,2403.33,1628.39,1365.28,858.53,2104.29,3576.97,2072.16,2914.22,4036.17,4560.28,3988.10,4220.71,3977.00,4361.84,4283.55,2979.98
88523,88568,88545.5,23714.00,1392.57,40.94,1.75,0.00,0.00,5104.67,6825.20,5284.97,5819.73,3792.39,5108.59,5857.55,9133.08,8812.59,8488.59,7968.82,8679.66,9828.98,10124.18,9424.23,9978.20,7203.58,5870.78,4512.16,4074.77,3049.46,6017.35,8618.66,12929.88,18965.48,25687.71,24350.34,27062.82,27197.26,25495.80,31819.43,36744.31,31089.89,40183.34,48537.43,41992.59,40225.50,38740.97,38955.65,28841.97,23533.75,19749.88
88582,88627,88604.5,11586.52,496.72,14.32,1.75,0.00,0.00,6510.11,2910.34,6132.56,7510.62,3972.72,5757.39,5036.80,8119.44,9536.91,9777.53,11177.78,8062.51,10129.18,9734.63,8380.62,7082.32,5251.75,4801.39,4299.43,5201.37,5496.58,4681.76,3995.54,6419.96,6249.36,7271.53,10311.94,10637.55,9243.86,13464.73,15746.57,13166.17,14824.12,15632.20,13265.49,12005.35,12083.95,12285.41,11273.74,9270.08,9862.54,8546.45
88641,88686,88663.5,8169.95,172.19,4.82,1.75,0.00,0.00,21175.62,26242.15,14801.92,13788.81,10903.16,9828.57,12718.66,11457.09,14932.58,7404.98,9236.65,6529.70,6479.31,3226.94,3414.06,2573.34,2366.93,2208.15,1925.92,1675.23,2404.04,2410.67,1528.57,1810.73,2004.15,2389.86,2444.64,3182.24,4360.07,4932.69,5093.30,4612.56,3653.22,5198.40,4348.72,3832.16,3635.48,4856.47,5220.35,3519.56,2942.34,2612.21
88700,88745,88722.5,6368.27,63.35,1.56,1.75,0.00,0.00,15210.39,14249.58,18029.72,15968.20,15175.24,16805.05,15489.45,12332.74,10813.20,8590.24,7962.34,5711.54,3247.07,2657.79,2329.14,1551.78,1531.95,1316.41,1352.90,1121.78,930.77,777.08,925.95,1645.83,974.82,1562.33,2017.92,2165.77,1561.08,1657.19,2857.77,1696.07,1488.45,2093.37,1339.31,1407.77,1213.19,1707.76,1527.56,938.04,634.25,775.94
88759,88804,88781.5,5384.58,40.99,0.99,1.75,0.00,0.00,14206.37,15626.77,11483.19,11190.45,10941.51,14326.08,12662.95,13960.25,9345.80,8206.74,7797.41,6963.81,4231.95,1710.09,2204.40,1929.57,1185.95,1158.41,1517.46,1341.61,1172.92,773.67,703.22,935.36,1285.25,1139.32,1068.43,948.24,1187.09,1357.23,1125.12,1090.40,834.59,663.38,825.45,1106.84,447.26,721.41,858.07,504.31,569.82,377.46
88818,88863,88840.5,4989.11,35.97,0.87,1.75,0.00,0.00,21301.85,12731.20,12991.11,11759.06,9217.42,10493.41,9806.09,11566.59,7687.96,8641.14,6886.64,4488.95,3660.09,2031.69,1724.37,1389.37,1156.51,1159.79,1090.80,882.20,966.42,824.54,1061.52,1198.32,1123.13,1147.65,1089.51,1187.71,1066.34,948.02,1304.49,842.15,798.10,942.66,640.56,264.21,543.58,393.18,580.04,415.04,407.27,815.21
88877,88922,88899.5,5892.60,37.09,0.85,1.75,0.00,0.00,21656.15,22236.22,15221.14,12391.36,15022.09,14054.10,10667.53,9598.43,9323.53,9113.74,8177.17,6121.71,4849.04,2742.60,2167.61,1328.04,994.21,1235.58,1342.32,1201.54,1303.96,996.31,790.69,1010.27,844.61,969.87,1047.31,1044.24,593.25,1492.21,1460.89,904.60,951.98,898.86,1028.76,287.11,683.38,365.47,556.40,532.18,415.18,590.14
88936,88981,88958.5,6475.90,39.13,0.88,1.75,0.00,0.00,24101.28,14551.01,13520.23,19758.03,14428.93,16953.82,11279.17,12502.76,12314.94,11424.93,9660.79,7856.36,4742.64,3920.18,3098.36,1434.97,1377.31,1336.87,1590.69,1474.81,1215.77,1127.80,567.87,928.05,1157.17,1236.52,1344.91,1205.67,1562.44,964.93,1305.33,836.81,921.89,604.98,662.36,593.31,415.30,683.66,455.89,686.27,574.54,450.64
88996,89041,89018.5,8734.25,261.78,8.55,1.75,0.00,0.00,15690.47,16056.71,18869.77,9800.06,16759.45,20915.47,16349.61,20108.53,13720.83,12504.20,10531.27,8762.87,4784.76,4178.84,2335.53,1667.48,1560.39,1270.64,1163.06,1050.67,734.55,552.76,655.58,841.61,2942.72,4039.12,2970.50,3919.62,2252.13,809.79,17.11,385.92,0.00,1932.79,3770.48,5688.43,6727.21,7896.28,9073.19,8038.04,7378.21,5868.91
89054,89099,89076.5,13495.98,836.62,26.11,1.75,0.00,0.00,6787.95,5328.06,2932.16,4909.56,5612.43,5082.84,5287.58,5691.90,6527.86,7452.07,5919.03,5985.84,7042.65,6556.76,6622.76,7392.22,5700.51,4564.79,3993.81,4450.69,2752.95,2521.79,4764.85,6784.82,5254.37,8829.08,12014.92,11140.39,11868.96,14373.90,11731.93,12171.95,14627.51,16856.10,18689.52,23023.99,23513.13,22822.46,24280.21,22584.33,18740.66,16077.21
