Data/Raw/MOORE,RICHARD/FIREXAQ-LARGE-SMPS_DC8_20190725_R0.ict
88,1001
Richard Moore, Elizabeth Wiggins, Edward Winstead, Claire Robinson, Lee Thornhill, and Kevin Sanchez
NASA Langley Research Center
In-situ Submicron Particle Size Distributions from a SMPS on the NASA DC-8
FIREXAQ
1,1
2019,07,25,2020,03,10
0
Time_start,Secs after midnight,Time of acquisition
50
1,1,1,1,1,1,1,1,1,1,1,1,1,1,1,1,1,1,1,1,1,1,1,1,1,1,1,1,1,1,1,1,1,1,1,1,1,1,1,1,1,1,1,1,1,1,1,1,1,1
-9999,-9999,-9999,-9999,-9999,-9999,-9999,-9999,-9999,-9999,-9999,-9999,-9999,-9999,-9999,-9999,-9999,-9999,-9999,-9999,-9999,-9999,-9999,-9999,-9999,-9999,-9999,-9999,-9999,-9999,-9999,-9999,-9999,-9999,-9999,-9999,-9999,-9999,-9999,-9999,-9999,-9999,-9999,-9999,-9999,-9999,-9999,-9999,-9999,-9999
Time_stop,Secs after midnight,Time of acquisition
Time_mid,Secs after midnight,Time of acquisition
nSMPS_stdPT,#/cm3,AerMP_NumConc_InSitu_RHd_Mobility_NucltoAccu_STP,integrated_number_density
sSMPS_stdPT,um2/cm3,AerMP_SurfAreaConc_InSitu_RHd_Mobility_NucltoAccu_STP,integrated_surface_area
vSMPS_stdPT,um3/cm3,AerMP_VolConc_InSitu_RHd_Mobility_NucltoAccu_STP,integrated_volume
SMPS_stdPT, unitless, None, conversion between ambient PT and standard PT (1013, 273)
SMPS_bin00_stdPT,#/cm3,AerMP_NumSizeDist_InSitu_RHd_Mobility_NucltoAccu_STP,Binned number size distribution (in dNdlogDp) measured by the SMPS
SMPS_bin01_stdPT,#/cm3,AerMP_NumSizeDist_InSitu_RHd_Mobility_NucltoAccu_STP,Binned number size distribution (in dNdlogDp) measured by the SMPS
SMPS_bin02_stdPT,#/cm3,AerMP_NumSizeDist_InSitu_RHd_Mobility_NucltoAccu_STP,Binned number size distribution (in dNdlogDp) measured by the SMPS
SMPS_bin03_stdPT,#/cm3,AerMP_NumSizeDist_InSitu_RHd_Mobility_NucltoAccu_STP,Binned number size distribution (in dNdlogDp) measured by the SMPS
SMPS_bin04_stdPT,#/cm3,AerMP_NumSizeDist_InSitu_RHd_Mobility_NucltoAccu_STP,Binned number size distribution (in dNdlogDp) measured by the SMPS
SMPS_bin05_stdPT,#/cm3,AerMP_NumSizeDist_InSitu_RHd_Mobility_NucltoAccu_STP,Binned number size distribution (in dNdlogDp) measured by the SMPS
SMPS_bin06_stdPT,#/cm3,AerMP_NumSizeDist_InSitu_RHd_Mobility_NucltoAccu_STP,Binned number size distribution (in dNdlogDp) measured by the SMPS
SMPS_bin07_stdPT,#/cm3,AerMP_NumSizeDist_InSitu_RHd_Mobility_NucltoAccu_STP,Binned number size distribution (in dNdlogDp) measured by the SMPS
SMPS_bin08_stdPT,#/cm3,AerMP_NumSizeDist_InSitu_RHd_Mobility_NucltoAccu_STP,Binned number size distribution (in dNdlogDp) measured by the SMPS
SMPS_bin09_stdPT,#/cm3,AerMP_NumSizeDist_InSitu_RHd_Mobility_NucltoAccu_STP,Binned number size distribution (in dNdlogDp) measured by the SMPS
SMPS_bin10_stdPT,#/cm3,AerMP_NumSizeDist_InSitu_RHd_Mobility_NucltoAccu_STP,Binned number size distribution (in dNdlogDp) measured by the SMPS
SMPS_bin11_stdPT,#/cm3,AerMP_NumSizeDist_InSitu_RHd_Mobility_NucltoAccu_STP,Binned number size distribution (in dNdlogDp) measured by the SMPS
SMPS_bin12_stdPT,#/cm3,AerMP_NumSizeDist_InSitu_RHd_Mobility_NucltoAccu_STP,Binned number size distribution (in dNdlogDp) measured by the SMPS
SMPS_bin13_stdPT,#/cm3,AerMP_NumSizeDist_InSitu_RHd_Mobility_NucltoAccu_STP,Binned number size distribution (in dNdlogDp) measured by the SMPS
SMPS_bin14_stdPT,#/cm3,AerMP_NumSizeDist_InSitu_RHd_Mobility_NucltoAccu_STP,Binned number size distribution (in dNdlogDp) measured by the SMPS
[...]
UNCERTAINTY:  20%
ULOD_FLAG: -7777
ULOD_VALUE: N/A
LLOD_FLAG: -8888
LLOD_VALUE: N/A
DM_CONTACT_INFO: Lee Thornhill (Kenneth.L.Thornhill@nasa.gov)
PROJECT_INFO: FIREX-AQ
STIPULATIONS_ON_USE: No stipulations on use. The user is encouraged to contact the PI or DM prior to use.
OTHER_COMMENTS: Midpoint diameters of Bins 00 to 43 are: 0.011,0.012,0.013,0.014,0.015,0.016,0.017,0.018,0.019,0.021,0.022,0.024,0.026,0.028,0.030,0.032,0.035,0.037,0.040,0.043,0.046,0.050,0.053,0.057,0.061,0.066,0.071,0.076,0.082,0.088,0.095,0.102,0.109,0.118,0.126,0.136,0.146,0.157,0.168,0.181,0.194,0.209,0.225,0.241
REVISION: R0
R0: Final Data. Data are corrected for time lags and ammonium sulfate size calibrations.
*******************************************************************************************************************************
Time_start,Time_stop,Time_mid,nSMPS_stdPT,sSMPS_stdPT,vSMPS_stdPT,SMPS_stdPT,SMPS_bin00_stdPT,SMPS_bin01_stdPT,SMPS_bin02_stdPT,SMPS_bin03_stdPT,SMPS_bin04_stdPT,SMPS_bin05_stdPT,SMPS_bin06_stdPT,SMPS_bin07_stdPT,SMPS_bin08_stdPT,SMPS_bin09_stdPT,SMPS_bin10_stdPT,SMPS_bin11_stdPT,SMPS_bin12_stdPT,SMPS_bin13_stdPT,SMPS_bin14_stdPT,SMPS_bin15_stdPT,SMPS_bin16_stdPT,SMPS_bin17_stdPT,SMPS_bin18_stdPT,SMPS_bin19_stdPT,SMPS_bin20_stdPT,SMPS_bin21_stdPT,SMPS_bin22_stdPT,SMPS_bin23_stdPT,SMPS_bin24_stdPT,SMPS_bin25_stdPT,SMPS_bin26_stdPT,SMPS_bin27_stdPT,SMPS_bin28_stdPT,SMPS_bin29_stdPT,SMPS_bin30_stdPT,SMPS_bin31_stdPT,SMPS_bin32_stdPT,SMPS_bin33_stdPT,SMPS_bin34_stdPT,SMPS_bin35_stdPT,SMPS_bin36_stdPT,SMPS_bin37_stdPT,SMPS_bin38_stdPT,SMPS_bin39_stdPT,SMPS_bin40_stdPT,SMPS_bin41_stdPT,SMPS_bin42_stdPT,SMPS_bin43_stdPT
[from data line 320]
98278,98323,98300.5,769.18,7.46,0.12,2.47,0.00,0.00,0.00,0.00,0.00,0.00,672.85,508.43,787.48,743.26,1567.47,1328.58,1893.40,755.71,1161.62,979.40,1020.28,829.49,1476.97,1259.45,889.86,1158.39,950.66,569.92,755.15,899.44,692.22,1085.63,609.96,371.73,502.16,322.88,48.34,139.17,108.32,0.33,71.48,74.66,76.51,76.60,139.30,59.10,0.00,27.49
98337,98382,98359.5,883.57,13.01,0.32,2.47,0.00,0.00,0.00,0.00,0.00,0.00,0.00,2028.52,1582.76,1852.72,1251.18,1956.37,650.11,777.90,1275.07,973.33,857.01,1165.29,1105.72,936.20,1574.34,969.99,930.52,1018.28,711.43,805.88,758.59,747.95,636.15,497.27,477.67,270.33,299.67,181.33,456.76,192.70,171.43,42.31,271.42,20.69,131.10,73.00,239.60,74.73
98396,98441,98418.5,826.79,10.32,0.21,2.47,0.00,0.00,0.00,0.00,0.00,0.00,407.88,1362.59,2005.40,2277.12,881.48,598.75,1653.87,1128.87,326.44,1234.44,626.16,415.45,1985.87,1261.21,956.18,798.22,1093.27,729.61,910.93,792.95,625.36,535.91,448.56,681.16,216.91,245.93,336.61,351.01,205.09,177.91,428.30,237.10,5.89,71.10,76.06,138.48,60.85,41.28
98455,98500,98477.5,975.85,8.43,0.13,2.47,0.00,0.00,0.00,0.00,0.00,0.00,671.22,2134.36,1534.02,3424.48,1737.23,799.92,1122.58,1703.78,1168.85,1531.25,1545.18,1157.41,1095.39,1367.68,873.67,950.86,1371.54,395.95,1024.38,1027.14,476.68,813.94,632.06,475.08,407.98,282.35,401.71,265.67,149.23,103.60,247.99,136.78,60.97,28.53,38.78,0.00,0.00,40.63
98514,98559,98536.5,945.95,9.84,0.19,2.47,0.00,0.00,0.00,0.00,0.00,0.00,816.35,2062.31,1818.55,1357.75,1420.43,488.08,1929.22,1421.53,2022.84,1002.00,1098.02,1354.88,1522.43,1387.36,1038.26,1412.01,923.73,737.51,756.66,1053.28,696.05,707.03,336.33,456.20,436.44,293.13,287.90,198.94,223.14,168.35,244.69,96.66,81.06,130.69,11.45,45.59,40.34,80.05
98573,98618,98595.5,855.26,8.52,0.16,2.47,0.00,0.00,0.00,0.00,0.00,0.00,405.85,708.98,1100.71,1960.83,883.70,1393.00,679.52,1487.28,787.81,1615.04,1520.72,1636.05,1105.33,1269.30,1166.34,1469.40,913.95,1268.74,1162.72,996.95,833.58,333.87,330.41,632.98,223.53,359.81,172.24,217.83,139.58,210.38,0.00,38.18,96.09,7.79,0.00,39.82,0.00,0.00
98632,98677,98654.5,952.89,8.87,0.15,2.47,0.00,0.00,0.00,0.00,0.00,0.00,810.37,2197.27,2383.40,1586.18,950.13,1385.50,797.15,847.74,968.53,2042.11,2046.71,1294.91,1355.32,1170.01,1396.75,928.76,1141.69,838.37,987.02,742.44,593.97,727.28,545.48,562.87,633.02,132.97,140.51,308.63,233.93,29.14,305.72,111.98,31.23,92.64,65.71,34.31,0.00,0.00
98691,98736,98713.5,1079.48,8.19,0.12,2.47,0.00,0.00,0.00,0.00,0.00,0.00,2431.33,2372.00,2430.83,1688.61,3074.68,1176.28,503.08,1181.80,1151.28,1681.66,1757.85,1492.69,1275.57,784.89,2041.87,1443.87,1239.69,1093.52,890.97,724.78,821.35,571.56,385.30,551.83,148.18,517.16,349.64,73.60,195.92,164.49,21.10,104.99,38.38,66.95,11.54,39.98,0.00,0.00
98750,98795,98772.5,945.33,8.89,0.14,2.47,0.00,0.00,0.00,0.00,0.00,0.00,407.42,2059.45,1810.30,592.20,1234.12,1123.67,865.04,1318.57,1785.32,1972.04,1888.18,1178.25,1530.09,1371.68,1028.76,1010.02,1359.25,1183.62,1006.29,714.26,823.13,495.62,860.09,581.06,405.27,100.36,323.00,336.70,272.57,122.58,173.45,80.93,37.67,0.00,61.39,55.05,0.00,0.00
98809,98854,98831.5,1033.35,8.32,0.12,2.47,0.00,0.00,0.00,0.00,0.00,0.00,2674.79,556.53,1938.02,376.21,2079.82,2472.18,1810.96,1098.38,1809.12,1477.93,1445.09,1264.10,1078.25,1171.20,1697.13,1463.33,1343.15,1186.51,710.77,1022.46,936.35,944.52,254.08,505.34,538.83,254.18,214.99,66.14,161.92,106.57,0.00,107.28,83.68,37.26,75.84,38.25,26.02,40.16
98868,98913,98890.5,990.28,8.60,0.14,2.47,0.00,0.00,0.00,0.00,0.00,0.00,2952.98,971.58,2680.13,871.37,1104.82,2564.43,1233.89,954.20,660.04,1058.17,1020.44,1877.21,1205.00,1408.74,970.13,1058.73,1314.90,1315.21,707.40,872.82,849.47,1098.27,589.01,476.98,550.16,222.57,151.63,252.38,54.61,183.38,104.62,137.69,36.69,0.00,46.39,37.42,26.13,0.00
98928,98973,98950.5,960.83,7.76,0.11,2.47,0.00,0.00,0.00,0.00,0.00,0.00,2158.38,1042.91,2675.09,2333.74,2090.98,798.63,1666.01,1761.27,527.66,1073.38,1220.87,665.30,739.37,822.85,1286.28,1199.50,1637.01,697.66,1207.91,978.09,497.53,531.79,707.58,625.32,371.27,347.36,339.33,227.33,88.73,18.12,182.01,48.44,36.00,0.00,37.73,38.39,26.34,40.32
98987,99032,99009.5,1173.05,10.85,0.20,2.47,0.00,0.00,0.00,0.00,0.00,0.00,1345.73,2272.51,770.84,3418.17,1712.98,868.56,1629.53,2360.72,1242.07,2322.19,2200.91,1082.24,1710.28,1184.72,2080.94,1268.25,1439.53,1196.90,1527.32,823.06,834.02,715.33,467.69,616.77,390.36,331.26,333.36,309.56,359.90,172.61,30.53,114.80,25.54,35.69,26.36,66.65,80.40,81.40
99046,99091,99068.5,1152.53,10.31,0.17,2.47,0.00,0.00,0.00,0.00,0.00,0.00,665.63,2024.59,1145.62,1350.10,2366.45,2242.39,1761.79,2021.81,1791.48,1336.80,1677.16,1784.48,2085.09,1219.59,1140.92,1379.57,1262.22,1429.22,1330.48,1381.56,1026.95,860.57,935.24,477.26,191.26,428.33,680.31,256.59,199.85,81.96,57.13,10.49,0.00,24.63,19.25,39.60,40.45,82.62
99105,99150,99127.5,1031.96,9.82,0.16,2.47,0.00,0.00,0.00,0.00,0.00,0.00,1754.49,809.29,2904.70,572.67,1424.59,1613.57,1245.49,1228.87,770.52,1710.14,1432.26,2059.74,1173.77,1201.97,1410.63,1158.98,1698.56,1299.06,1077.66,1248.71,648.21,898.48,850.57,549.59,496.98,423.00,225.80,249.39,280.61,53.46,82.38,155.84,36.57,0.00,61.36,74.08,99.17,0.00
99164,99209,99186.5,1358.47,10.05,0.16,2.47,0.00,0.00,0.00,0.00,0.00,0.00,4036.74,3142.86,1144.31,2536.50,4043.60,1420.25,2750.69,1760.74,1850.67,2114.86,1824.92,1498.58,1932.86,1235.52,1586.23,1479.80,867.17,1302.74,817.17,1190.60,963.87,631.95,506.63,611.26,494.30,333.77,362.06,314.66,162.45,93.45,49.07,111.89,35.47,66.29,0.00,38.72,32.78,0.00
99223,99268,99245.5,1092.48,9.42,0.14,2.47,0.00,0.00,0.00,0.00,0.00,0.00,1481.24,2056.86,1563.66,1462.64,1442.48,2471.89,2051.66,2107.93,1179.83,1950.45,957.30,1369.12,1491.63,954.73,1173.53,1225.15,1273.70,1216.30,779.92,1106.80,702.99,1082.54,814.86,727.57,617.17,320.90,322.28,178.27,289.16,197.71,49.49,37.13,47.79,113.50,114.13,0.00,0.00,27.08
99282,99327,99304.5,899.64,10.90,0.27,2.47,0.00,0.00,0.00,0.00,0.00,0.00,0.00,1074.34,1836.84,1595.80,1440.71,402.17,2006.61,1596.63,1875.12,1239.59,1057.79,1141.14,1152.11,1391.08,1569.82,1075.19,1104.10,1012.92,1109.58,705.50,945.49,515.36,428.38,516.83,429.48,213.34,350.93,180.21,63.53,16.94,11.61,18.05,0.00,53.94,0.00,0.00,99.56,142.03
99341,99386,99363.5,0.00,0.00,0.00,2.47,0.00,0.00,0.00,0.00,0.00,0.00,0.00,0.00,0.00,0.00,0.00,0.00,0.00,0.00,0.00,0.00,0.00,0.00,0.00,0.00,0.00,0.00,0.00,0.00,0.00,0.00,0.00,0.00,0.00,0.00,0.00,0.00,0.00,0.00,0.00,0.00,0.00,0.00,0.00,0.00,0.00,0.00,0.00,0.00
99400,99445,99422.5,0.00,0.00,0.00,2.47,0.00,0.00,0.00,0.00,0.00,0.00,0.00,0.00,0.00,0.00,0.00,0.00,0.00,0.00,0.00,0.00,0.00,0.00,0.00,0.00,0.00,0.00,0.00,0.00,0.00,0.00,0.00,0.00,0.00,0.00,0.00,0.00,0.00,0.00,0.00,0.00,0.00,0.00,0.00,0.00,0.00,0.00,0.00,0.00
99459,99504,99481.5,0.00,0.00,0.00,2.47,0.00,0.00,0.00,0.00,0.00,0.00,0.00,0.00,0.00,0.00,0.00,0.00,0.00,0.00,0.00,0.00,0.00,0.00,0.00,0.00,0.00,0.00,0.00,0.00,0.00,0.00,0.00,0.00,0.00,0.00,0.00,0.00,0.00,0.00,0.00,0.00,0.00,0.00,0.00,0.00,0.00,0.00,0.00,0.00
99518,99563,99540.5,772.86,11.53,0.26,2.46,0.00,0.00,0.00,0.00,0.00,0.00,674.47,1110.47,1546.64,1672.33,1854.62,418.15,984.61,517.90,473.91,1036.20,1003.99,821.43,1616.54,740.79,1034.52,892.52,832.87,521.68,325.84,805.31,435.92,638.02,545.86,575.18,451.17,619.72,307.44,296.63,526.77,266.87,243.90,215.91,161.05,68.70,80.31,59.74,109.05,39.37
99577,99622,99599.5,982.09,17.57,0.46,2.41,0.00,0.00,0.00,0.00,0.00,0.00,2665.74,1381.94,1608.82,830.22,744.21,1430.87,927.71,981.92,774.97,999.73,1322.54,1422.59,1836.16,1128.78,898.00,1183.42,738.06,1015.68,965.60,1077.32,891.86,498.85,543.99,485.85,447.38,806.65,459.74,517.68,596.82,218.22,317.25,112.89,318.35,152.49,151.80,83.11,225.81,226.06
99636,99681,99658.5,838.13,14.34,0.38,2.39,0.00,0.00,0.00,0.00,0.00,1330.61,1995.91,1014.62,1418.68,831.05,1431.66,364.06,1009.65,702.37,1194.29,585.54,917.82,1286.59,1361.03,605.22,849.84,1084.02,1069.10,619.44,894.89,469.92,434.56,375.77,307.08,334.99,336.47,525.48,533.03,460.76,360.22,246.50,314.00,318.23,229.56,126.04,93.18,113.70,165.12,92.65
99695,99740,99717.5,679.89,12.30,0.33,2.39,0.00,0.00,0.00,0.00,0.00,136.13,3451.66,676.17,1174.37,684.11,196.64,143.97,647.11,1152.32,621.60,1053.99,686.81,972.93,663.66,459.04,218.32,1002.32,669.71,788.23,624.64,834.05,298.34,145.91,684.84,430.76,443.06,265.93,264.66,176.53,233.00,256.12,177.77,115.00,192.09,244.50,261.79,254.57,132.39,75.50
99754,99799,99776.5,682.92,11.92,0.29,2.39,0.00,0.00,0.00,0.00,0.00,1774.94,2116.81,815.97,841.28,569.29,551.80,989.06,772.92,391.06,389.82,434.24,631.28,882.39,636.02,1339.22,890.83,560.30,588.43,614.97,619.63,31.17,272.29,27.16,498.37,370.73,794.65,375.65,516.44,338.18,251.58,181.38,267.98,259.29,281.57,311.02,151.92,205.21,66.05,109.15
99813,99858,99835.5,633.55,12.94,0.32,2.39,0.00,0.00,0.00,0.00,0.00,2533.27,1297.35,356.73,0.00,565.92,356.04,129.29,227.70,185.10,519.01,712.18,899.61,772.98,709.91,803.59,826.14,407.26,903.84,963.29,724.98,305.38,624.88,502.11,399.90,389.24,426.65,286.92,348.42,345.80,385.69,400.10,478.49,277.51,326.52,128.27,206.83,181.59,122.68,66.91
99872,99917,99894.5,669.03,8.19,0.16,2.40,0.00,0.00,0.00,0.00,0.02,662.12,830.69,535.78,1360.77,216.47,666.01,966.77,890.57,692.30,871.14,948.03,1183.37,1137.05,651.44,1201.09,825.24,681.98,718.50,1045.96,483.43,699.34,361.60,703.75,314.47,564.14,293.86,358.38,256.14,201.07,143.33,220.63,60.00,97.56,148.48,162.44,73.43,0.00,44.17,33.61
99931,99976,99953.5,812.24,11.03,0.28,2.40,0.00,0.00,0.00,0.00,0.00,1321.90,1789.88,691.88,1824.88,705.53,891.83,1159.92,966.08,1004.73,646.89,914.13,858.66,1320.60,1262.75,1095.85,1316.79,932.40,769.94,828.94,652.58,701.88,751.06,494.48,147.14,423.98,442.68,252.58,311.63,132.03,130.65,110.04,0.00,118.43,85.91,28.24,201.95,137.57,232.07,115.37
99990,100035,100012,916.60,10.88,0.24,2.40,0.00,0.00,0.00,0.00,0.00,662.25,1694.31,2109.78,2722.46,1344.42,1025.41,1000.82,779.50,594.14,1077.75,1171.89,959.84,1053.61,839.95,1668.25,1175.80,1432.08,1047.81,939.73,497.34,574.25,546.14,551.87,442.20,435.96,493.10,457.52,357.34,310.27,232.10,1.18,193.69,57.43,176.50,24.88,162.56,113.41,202.54,92.34
100049,100094,100072,929.19,10.98,0.22,2.40,0.00,0.00,0.00,0.00,0.00,662.84,1935.46,408.89,2137.33,1586.47,1133.61,1401.20,1059.87,898.00,989.42,851.36,1161.50,693.34,1029.96,1296.57,1734.40,1233.13,1010.79,1122.83,949.84,949.40,700.11,595.01,687.37,540.05,530.11,356.09,273.40,330.10,297.11,172.99,157.31,273.56,56.36,62.23,144.68,66.68,66.14,70.98
100108,100153,100130,909.82,10.46,0.22,2.40,0.00,0.00,0.00,0.00,0.00,663.59,1114.92,1778.58,949.20,1610.51,1143.16,963.90,821.53,1344.32,1832.81,1430.30,1123.79,1609.60,833.34,1178.66,1135.01,886.15,884.19,872.33,903.47,917.62,820.61,649.57,518.11,589.51,163.76,205.48,284.19,337.64,370.32,364.67,283.85,78.71,39.13,0.00,73.35,66.76,0.00,137.83
100167,100212,100190,874.31,9.32,0.17,2.40,0.00,0.00,0.00,0.00,0.00,1327.85,1588.95,408.02,1010.86,1327.85,1252.65,1022.77,1506.44,1157.92,866.15,649.27,1321.33,1618.57,1224.44,687.02,1198.42,1005.39,1042.53,1108.78,897.05,1044.36,822.57,530.35,507.96,441.97,379.30,139.96,414.15,166.49,211.87,117.29,241.38,243.91,192.60,65.06,131.35,0.00,34.03,0.00
100226,100271,100248,821.67,11.26,0.26,2.40,0.00,0.00,0.00,0.00,0.00,1323.68,1619.64,355.23,550.43,673.34,1803.89,833.12,570.53,970.09,1293.42,1537.19,619.99,1300.78,1072.96,1057.72,1043.67,1198.08,839.60,636.01,927.75,926.12,817.46,624.03,515.15,434.88,387.20,291.68,294.34,100.48,294.36,180.65,199.80,71.25,212.81,89.00,65.40,66.05,167.94,183.39
100285,100330,100308,1007.56,12.70,0.26,2.35,0.00,0.00,0.00,0.00,0.00,686.34,876.26,348.05,2044.53,1526.06,1365.14,1757.60,1563.53,1734.46,1476.53,1424.96,1430.79,995.36,1143.46,616.75,1260.77,966.94,1146.53,1031.99,1383.37,949.45,780.96,805.86,632.79,356.15,525.51,610.93,593.80,417.56,404.19,199.55,404.36,21.18,252.72,114.13,0.00,64.53,88.03,101.10
100344,100389,100366,1272.52,12.31,0.24,2.17,0.00,0.00,0.00,0.00,3044.57,3889.06,4036.75,988.19,2541.70,1788.91,686.41,1361.95,1713.82,1175.51,1043.56,891.60,1236.99,1527.26,1541.96,1319.67,1272.16,1360.36,924.98,1102.53,643.32,535.42,678.66,484.83,493.74,778.74,596.22,454.85,509.51,304.02,254.60,303.78,225.05,129.62,142.20,185.84,99.51,240.01,133.05,46.93
100403,100448,100426,1309.45,13.25,0.26,2.04,0.00,0.00,0.00,0.00,2656.66,3896.13,4615.82,2261.42,1830.38,1252.00,1200.07,1102.55,933.77,1339.35,1163.35,1281.66,1019.96,1561.56,1255.56,1106.11,1298.61,1206.87,1180.93,996.60,725.69,915.98,662.80,764.37,996.77,578.34,645.34,580.15,573.32,152.88,425.03,292.21,348.79,285.67,309.57,71.84,61.52,189.42,32.58,58.94
100462,100507,100484,999.00,4.77,0.09,1.98,0.00,0.00,0.00,0.00,3057.49,3986.28,4296.30,5075.71,4234.21,2513.85,1407.51,373.17,801.91,639.37,453.92,483.88,382.09,289.10,302.22,175.75,211.53,233.89,151.32,225.92,219.36,510.61,174.26,217.25,245.85,72.28,99.29,218.39,49.57,197.08,93.79,49.84,31.97,113.64,76.51,85.45,77.18,50.32,59.44,30.54
100521,100566,100544,1182.66,8.49,0.14,1.88,0.00,0.00,0.00,0.00,5312.52,3758.49,4027.82,2186.09,1799.28,2282.40,1088.12,834.47,565.06,1120.82,635.44,730.20,1013.92,1141.67,1061.76,749.01,910.24,1101.07,937.17,625.77,241.93,723.41,558.08,746.27,724.19,451.71,485.25,341.22,364.55,404.92,129.51,189.49,130.11,154.13,37.25,80.25,34.58,129.30,37.54,0.00
100580,100625,100602,1102.99,14.75,0.35,1.78,0.00,0.00,0.00,881.67,2024.63,1445.65,1438.25,2259.13,717.75,2019.11,1616.80,768.57,1211.91,1327.92,1656.12,1281.30,819.28,1355.07,1271.73,912.48,952.16,1158.55,743.91,769.80,903.01,682.89,741.39,852.42,428.51,402.74,742.29,631.03,505.56,617.99,306.61,289.65,346.31,182.23,82.47,96.89,147.54,205.90,53.37,107.89
100639,100684,100662,818.13,19.99,0.47,1.75,0.00,0.00,0.00,0.00,779.15,274.06,1000.40,235.09,210.54,974.36,139.12,661.91,596.96,229.18,599.48,335.21,651.37,709.11,836.95,1025.19,946.25,1087.81,821.09,1223.52,855.13,1261.82,619.03,1049.40,757.89,902.30,757.12,1024.97,898.20,635.70,942.45,483.16,529.08,432.64,382.87,161.32,345.00,348.88,176.76,109.92
100698,100743,100720,1051.73,40.55,1.11,1.69,0.00,0.00,0.00,180.78,1055.36,1334.30,911.87,918.70,355.13,0.00,390.98,478.50,345.61,535.38,412.79,554.19,842.80,377.52,688.72,791.89,474.15,356.12,497.23,381.88,700.38,866.55,1423.89,1317.54,1616.69,1075.11,1427.68,836.78,1126.76,1372.43,1429.41,1185.63,1466.35,1456.44,866.88,878.95,761.40,563.88,352.87,334.98
100757,100802,100780,1160.47,32.73,0.81,1.62,0.00,0.00,0.00,0.00,551.33,2015.75,672.06,442.07,1155.27,356.61,831.30,640.32,435.93,514.47,325.28,532.97,552.26,557.72,698.41,850.86,647.53,902.36,1206.83,1900.39,1429.26,1965.93,1699.02,2153.16,1433.13,1344.33,1056.12,1302.34,1122.60,1200.84,1108.12,847.41,686.35,741.56,390.07,690.16,522.77,638.43,510.49,325.14
100816,100861,100838,1143.67,25.34,0.56,1.53,0.00,0.00,0.00,665.04,1208.87,684.34,573.50,1339.33,783.50,504.01,460.41,594.77,718.19,412.99,791.79,915.01,592.55,595.27,1231.68,735.83,981.61,1479.33,1315.57,1300.47,1482.16,1681.59,2412.57,1518.86,2004.27,1295.30,888.00,842.19,923.67,831.27,658.26,845.46,597.75,463.36,556.90,463.78,458.87,360.08,197.88,170.96
100875,100920,100898,1545.88,35.95,0.86,1.46,0.00,0.00,1215.03,2132.34,2479.64,1798.89,1212.83,1207.58,398.95,703.11,508.16,583.94,424.96,506.16,662.24,910.55,429.18,622.53,988.99,900.68,1188.31,1978.85,2321.65,2359.35,2229.56,2315.88,2495.90,2180.34,2023.47,1170.12,1366.18,1279.83,698.18,1038.09,971.05,822.50,901.82,730.04,785.53,738.04,507.25,756.09,338.35,354.35
100934,100979,100956,1503.50,37.55,0.83,1.39,0.00,0.00,1787.12,1761.47,1167.16,559.15,592.29,407.08,926.63,468.49,497.78,146.37,373.25,316.34,371.08,319.10,448.66,693.03,660.25,1504.27,1251.72,1571.09,2046.29,2218.87,2190.05,2542.20,2818.52,2870.57,2386.14,1682.11,1355.73,1709.77,1472.39,1405.27,1172.10,1018.62,1116.58,1279.01,697.39,737.64,560.78,396.01,354.40,259.25
