Data/Raw/MOORE,RICHARD/FIREXAQ-LARGE-SMPS_DC8_20190816_R0.ict
88,1001
Richard Moore, Elizabeth Wiggins, Edward Winstead, Claire Robinson, Lee Thornhill, and Kevin Sanchez
NASA Langley Research Center
In-situ Submicron Particle Size Distributions from a SMPS on the NASA DC-8
FIREXAQ
1,1
2019,08,16,2020,03,10
0
Time_start,Secs after midnight,Time of acquisition
50
1,1,1,1,1,1,1,1,1,1,1,1,1,1,1,1,1,1,1,1,1,1,1,1,1,1,1,1,1,1,1,1,1,1,1,1,1,1,1,1,1,1,1,1,1,1,1,1,1,1
-9999,-9999,-9999,-9999,-9999,-9999,-9999,-9999,-9999,-9999,-9999,-9999,-9999,-9999,-9999,-9999,-9999,-9999,-9999,-9999,-9999,-9999,-9999,-9999,-9999,-9999,-9999,-9999,-9999,-9999,-9999,-9999,-9999,-9999,-9999,-9999,-9999,-9999,-9999,-9999,-9999,-9999,-9999,-9999,-9999,-9999,-9999,-9999,-9999,-9999
Time_stop,Secs after midnight,Time of acquisition
Time_mid,Secs after midnight,Time of acquisition
nSMPS_stdPT,#/cm3,AerMP_NumConc_InSitu_RHd_Mobility_NucltoAccu_STP,integrated_number_density
sSMPS_stdPT,um2/cm3,AerMP_SurfAreaConc_InSitu_RHd_Mobility_NucltoAccu_STP,integrated_surface_area
vSMPS_stdPT,um3/cm3,AerMP_VolConc_InSitu_RHd_Mobility_NucltoAccu_STP,integrated_volume
SMPS_stdPT, unitless, None, conversion between ambient PT and standard PT (1013, 273)
SMPS_bin00_stdPT,#/cm3,AerMP_NumSizeDist_InSitu_RHd_Mobility_NucltoAccu_STP,Binned number size distribution (in dNdlogDp) measured by the SMPS
SMPS_bin01_stdPT,#/cm3,AerMP_NumSizeDist_InSitu_RHd_Mobility_NucltoAccu_STP,Binned number size distribution (in dNdlogDp) measured by the SMPS
SMPS_bin02_stdPT,#/cm3,AerMP_NumSizeDist_InSitu_RHd_Mobility_NucltoAccu_STP,Binned number size distribution (in dNdlogDp) measured by the SMPS
SMPS_bin03_stdPT,#/cm3,AerMP_NumSizeDist_InSitu_RHd_Mobility_NucltoAccu_STP,Binned number size distribution (in dNdlogDp) measured by the SMPS
SMPS_bin04_stdPT,#/cm3,AerMP_NumSizeDist_InSitu_RHd_Mobility_NucltoAccu_STP,Binned number size distribution (in dNdlogDp) measured by the SMPS
SMPS_bin05_stdPT,#/cm3,AerMP_NumSizeDist_InSitu_RHd_Mobility_NucltoAccu_STP,Binned number size distribution (in dNdlogDp) measured by the SMPS
SMPS_bin06_stdPT,#/cm3,AerMP_NumSizeDist_InSitu_RHd_Mobility_NucltoAccu_STP,Binned number size distribution (in dNdlogDp) measured by the SMPS
SMPS_bin07_stdPT,#/cm3,AerMP_NumSizeDist_InSitu_RHd_Mobility_NucltoAccu_STP,Binned number size distribution (in dNdlogDp) measured by the SMPS
SMPS_bin08_stdPT,#/cm3,AerMP_NumSizeDist_InSitu_RHd_Mobility_NucltoAccu_STP,Binned number size distribution (in dNdlogDp) measured by the SMPS
SMPS_bin09_stdPT,#/cm3,AerMP_NumSizeDist_InSitu_RHd_Mobility_NucltoAccu_STP,Binned number size distribution (in dNdlogDp) measured by the SMPS
SMPS_bin10_stdPT,#/cm3,AerMP_NumSizeDist_InSitu_RHd_Mobility_NucltoAccu_STP,Binned number size distribution (in dNdlogDp) measured by the SMPS
SMPS_bin11_stdPT,#/cm3,AerMP_NumSizeDist_InSitu_RHd_Mobility_NucltoAccu_STP,Binned number size distribution (in dNdlogDp) measured by the SMPS
SMPS_bin12_stdPT,#/cm3,AerMP_NumSizeDist_InSitu_RHd_Mobility_NucltoAccu_STP,Binned number size distribution (in dNdlogDp) measured by the SMPS
SMPS_bin13_stdPT,#/cm3,AerMP_NumSizeDist_InSitu_RHd_Mobility_NucltoAccu_STP,Binned number size distribution (in dNdlogDp) measured by the SMPS
SMPS_bin14_stdPT,#/cm3,AerMP_NumSizeDist_InSitu_RHd_Mobility_NucltoAccu_STP,Binned number size distribution (in dNdlogDp) measured by the SMPS
[...]
UNCERTAINTY:  20%
ULOD_FLAG: -7777
ULOD_VALUE: N/A
LLOD_FLAG: -8888
LLOD_VALUE: N/A
DM_CONTACT_INFO: Lee Thornhill (Kenneth.L.Thornhill@nasa.gov)
PROJECT_INFO: FIREX-AQ
STIPULATIONS_ON_USE: No stipulations on use. The user is encouraged to contact the PI or DM prior to use.
OTHER_COMMENTS: Midpoint diameters of Bins 00 to 43 are: 0.011,0.012,0.013,0.014,0.015,0.016,0.017,0.018,0.019,0.021,0.022,0.024,0.026,0.028,0.030,0.032,0.035,0.037,0.040,0.043,0.046,0.050,0.053,0.057,0.061,0.066,0.071,0.076,0.082,0.088,0.095,0.102,0.109,0.118,0.126,0.136,0.146,0.157,0.168,0.181,0.194,0.209,0.225,0.241
REVISION: R0
R0: Final Data. Data are corrected for time lags and ammonium sulfate size calibrations.
*******************************************************************************************************************************
Time_start,Time_stop,Time_mid,nSMPS_stdPT,sSMPS_stdPT,vSMPS_stdPT,SMPS_stdPT,SMPS_bin00_stdPT,SMPS_bin01_stdPT,SMPS_bin02_stdPT,SMPS_bin03_stdPT,SMPS_bin04_stdPT,SMPS_bin05_stdPT,SMPS_bin06_stdPT,SMPS_bin07_stdPT,SMPS_bin08_stdPT,SMPS_bin09_stdPT,SMPS_bin10_stdPT,SMPS_bin11_stdPT,SMPS_bin12_stdPT,SMPS_bin13_stdPT,SMPS_bin14_stdPT,SMPS_bin15_stdPT,SMPS_bin16_stdPT,SMPS_bin17_stdPT,SMPS_bin18_stdPT,SMPS_bin19_stdPT,SMPS_bin20_stdPT,SMPS_bin21_stdPT,SMPS_bin22_stdPT,SMPS_bin23_stdPT,SMPS_bin24_stdPT,SMPS_bin25_stdPT,SMPS_bin26_stdPT,SMPS_bin27_stdPT,SMPS_bin28_stdPT,SMPS_bin29_stdPT,SMPS_bin30_stdPT,SMPS_bin31_stdPT,SMPS_bin32_stdPT,SMPS_bin33_stdPT,SMPS_bin34_stdPT,SMPS_bin35_stdPT,SMPS_bin36_stdPT,SMPS_bin37_stdPT,SMPS_bin38_stdPT,SMPS_bin39_stdPT,SMPS_bin40_stdPT,SMPS_bin41_stdPT,SMPS_bin42_stdPT,SMPS_bin43_stdPT
[from data line 142]
89277,89322,89299.5,8064.10,33.02,0.67,1.61,0.00,40799.71,41499.57,34683.32,21882.30,18200.32,16474.69,14545.83,13149.23,9794.15,9367.99,4842.97,2296.96,1909.86,903.09,614.46,823.09,1023.11,721.24,733.62,894.03,1251.98,1822.81,1638.83,939.59,1334.18,1723.18,1573.61,1329.25,1575.94,1223.72,1240.50,1019.13,945.32,1040.30,612.79,651.44,404.54,374.91,470.74,536.72,460.90,261.91,241.35
89336,89381,89358.5,8269.45,31.22,0.60,1.61,0.00,40675.08,24033.46,37467.51,31014.99,24582.13,20825.47,16879.58,13404.20,10056.43,8683.58,6495.56,2013.40,1121.05,1048.19,1107.38,665.88,695.92,911.43,685.34,930.93,992.79,1011.84,600.47,1845.27,1784.52,977.08,1439.67,1637.01,1501.83,1191.50,1458.94,1205.77,723.60,1064.85,730.91,697.68,397.88,328.98,469.00,373.68,250.92,298.05,203.66
89395,89440,89417.5,11991.90,42.81,0.89,1.61,0.00,53678.79,47388.47,61506.93,38989.38,32954.85,41316.20,20852.94,19795.27,13585.74,9477.72,6123.74,4973.88,2591.13,1266.17,630.15,939.81,651.64,707.90,815.83,1230.40,753.11,700.83,1171.55,1323.44,1005.07,1264.08,2219.42,1959.15,1586.00,1620.77,1519.18,1372.44,995.31,1254.11,671.84,982.18,333.53,318.39,642.40,698.62,602.32,656.46,241.98
89454,89499,89476.5,23235.54,643.37,16.78,1.61,0.00,62478.45,36782.44,33726.99,23590.65,28482.40,23198.03,22025.94,21214.45,19263.30,15274.00,12099.58,11258.55,7850.33,6686.17,5641.91,6256.94,6127.19,4833.66,5235.50,8171.34,7873.71,7835.80,9152.15,11997.58,12968.79,19549.95,18503.57,21309.14,20556.85,25658.02,25061.79,24997.84,25943.33,21483.70,19476.59,17348.65,17416.97,15881.94,16531.04,14202.41,10731.07,8338.96,5851.90
89513,89558,89535.5,12774.67,145.56,3.67,1.61,0.00,59925.25,59788.41,48709.96,41834.97,21487.23,27485.56,16103.37,9890.83,8817.45,5840.36,4965.30,3976.32,3016.53,2523.04,1944.68,1754.48,1324.37,1186.35,1963.90,2515.94,2634.94,2950.77,2705.81,4458.94,4343.84,2150.41,3531.86,3486.42,3248.71,3429.70,4989.98,5820.44,4616.51,4947.14,5198.52,4526.26,3850.72,3931.21,3581.60,2754.73,2622.94,1787.54,1428.37
89572,89617,89594.5,7771.33,47.98,1.07,1.61,0.00,47627.91,40899.29,25609.68,26045.30,20278.98,13702.97,16528.77,8738.66,4457.58,2498.15,2851.89,1135.06,946.58,301.21,579.99,480.71,804.98,884.25,1367.39,1300.17,1171.46,997.12,1958.13,1394.08,1781.61,2323.01,2004.34,1505.79,2587.67,2167.73,865.14,940.58,1297.43,1900.41,1667.10,1611.85,1037.85,875.13,985.37,909.68,675.68,554.13,315.94
89631,89676,89653.5,5758.09,35.21,0.82,1.61,0.00,38302.17,31335.38,29734.22,13192.51,11571.67,10329.28,8702.75,5433.19,2262.01,1625.72,1313.62,1200.32,879.23,659.32,680.22,708.84,592.44,1043.30,834.58,735.77,783.87,1581.39,1595.22,1418.45,1252.07,1153.26,1079.00,1423.26,1470.02,1182.96,1413.33,1150.62,875.22,808.88,988.23,506.19,923.22,607.08,721.37,618.09,649.11,355.58,224.27
89690,89735,89712.5,3951.00,30.67,0.71,1.61,0.00,42595.52,29720.34,6158.83,10549.99,5073.26,1653.32,734.26,2011.78,679.34,967.17,963.39,153.04,412.67,674.84,247.45,153.43,617.02,632.89,696.70,479.80,1309.12,1182.65,985.14,909.03,829.80,1002.12,1036.76,1527.44,1422.98,991.71,993.05,1409.56,1136.29,782.01,818.77,1068.17,1018.81,764.06,533.10,603.87,360.08,160.79,115.63
89749,89794,89771.5,3816.51,32.61,0.78,1.61,0.00,42460.34,20758.94,10771.09,9278.88,2441.84,2124.49,2963.48,1303.93,643.37,854.68,725.25,596.20,568.80,440.32,260.61,539.56,691.70,519.88,575.61,1107.44,1010.80,813.43,1480.94,1587.59,1008.45,851.78,899.97,1339.35,1471.70,1862.48,1606.00,1302.13,1493.08,662.96,647.53,372.11,750.70,497.20,632.63,637.30,554.86,575.80,275.33
89808,89853,89830.5,6767.66,31.75,0.72,1.61,0.00,77919.11,38911.06,24960.04,15559.22,6592.64,6194.34,6808.30,5804.12,3513.72,2371.14,1363.79,1095.29,895.99,419.64,389.36,484.07,405.85,453.18,770.90,722.59,1183.78,932.93,1143.57,1510.82,1458.61,1191.62,1589.63,968.11,975.04,1082.55,1065.45,688.42,1077.47,593.56,1117.15,663.47,660.58,503.79,706.81,425.23,475.50,455.64,332.20
89867,89912,89889.5,8803.46,41.36,0.94,1.61,0.00,63664.50,49296.42,34147.12,31358.33,23555.73,14888.97,11493.12,10108.01,5250.99,2867.42,2420.35,1687.77,953.85,784.76,1009.03,796.97,779.10,529.07,656.72,696.55,1235.87,1253.31,1146.06,1100.84,1442.58,847.84,1485.93,1235.88,1441.52,1014.55,1381.28,1334.60,1759.83,1633.06,954.44,729.18,982.14,769.76,694.81,580.43,454.23,579.30,390.30
89926,89971,89948.5,17068.36,378.25,10.02,1.61,0.00,46891.27,36679.76,28261.51,33323.71,33760.63,24342.65,20833.74,20442.04,15739.25,14728.09,11963.60,8427.22,7674.83,5252.58,5388.35,4602.75,5366.81,4088.23,4155.66,4194.02,6065.63,4809.73,6657.44,5839.38,4778.36,7779.90,11647.30,11526.40,11152.10,12339.72,11488.15,11001.53,11144.08,11312.34,12550.58,12310.35,9867.14,9471.59,10616.52,8872.43,7075.41,5585.68,3710.24
89985,90030,90007.5,12035.65,87.36,2.15,1.61,0.00,64480.48,50035.79,31090.85,33578.31,35578.85,27709.86,25538.81,18603.25,14562.71,10366.62,10294.06,6097.33,2206.95,1564.95,1354.50,1510.68,1008.64,1381.19,1024.59,1036.10,1576.57,2671.22,1409.72,1413.68,2017.44,1402.99,484.42,1949.90,2905.11,1939.77,2925.15,3409.20,2567.76,2390.22,3151.45,2302.21,1396.97,2192.77,2115.37,1745.25,1500.88,1081.25,1058.53
90044,90089,90066.5,8512.10,40.63,0.87,1.61,0.00,0.00,32000.71,44471.96,35815.72,30300.28,23992.03,19306.98,18619.98,19122.31,8014.86,3928.62,3426.27,1666.79,1264.20,1040.29,541.50,476.23,1044.97,807.94,675.43,1731.58,1006.92,1536.33,1165.74,1485.94,1263.56,1625.92,2188.22,1635.64,1721.94,1175.09,1514.20,974.33,1034.88,800.16,707.89,737.54,637.95,698.95,660.98,526.08,297.61,527.05
90103,90148,90125.5,6598.18,36.13,0.79,1.61,0.00,0.00,32725.07,30349.78,30300.22,23159.88,23418.83,11327.89,9535.31,7712.27,3769.43,3728.66,2788.19,1680.23,801.38,672.82,470.04,574.83,939.54,860.19,1387.13,1721.38,1417.91,1627.77,1921.38,1552.12,1286.06,1630.92,1526.08,1286.78,1000.72,1007.98,1396.54,1053.44,1052.44,797.89,695.61,799.67,514.07,732.93,738.26,332.87,274.61,225.94
90162,90207,90184.5,10578.44,37.23,0.73,1.61,0.00,69198.04,45094.07,40818.97,29682.33,27380.50,23338.16,19973.88,17505.95,12759.74,10096.33,6174.59,4366.85,2031.42,1584.27,833.70,671.60,795.52,821.76,828.39,1093.43,1123.18,877.22,1330.61,1484.82,1172.15,1684.01,1992.98,1612.09,1197.09,1156.71,1468.87,1216.22,667.94,1143.23,899.69,676.53,929.77,750.28,628.95,527.44,219.93,221.71,302.02
90221,90266,90243.5,12843.90,43.30,0.87,1.61,0.00,71508.14,44334.43,60014.20,42509.07,38933.20,27779.74,28415.62,20759.66,19600.97,11126.05,7159.12,4459.17,2184.38,1047.19,986.58,1290.64,614.30,891.71,938.99,820.69,888.82,1064.69,1433.65,1602.28,1470.37,2276.06,1646.60,1295.54,1649.29,1654.20,1483.24,1429.31,838.53,898.54,714.28,955.44,786.80,864.16,542.07,507.50,594.58,498.37,261.91
90280,90325,90302.5,23006.97,652.52,17.88,1.61,0.00,63437.38,44189.04,34387.70,35044.97,28333.90,22684.50,22759.37,21076.29,16744.70,14412.19,14584.30,13107.52,11875.76,10171.54,7984.09,7824.06,6895.38,6576.04,5377.50,5255.31,5966.90,7722.91,10584.16,9280.17,11363.42,14808.33,13131.18,14875.42,17188.04,18386.77,16205.02,18480.12,19686.37,20336.88,19830.73,18637.90,19346.21,19129.89,19044.03,14502.51,12034.40,9890.11,7206.54
90339,90384,90361.5,10308.12,153.36,4.02,1.61,0.00,57336.04,32368.17,27512.76,28459.14,26344.90,16161.73,9418.46,8186.38,5673.20,5731.63,5250.98,3252.73,2112.05,2151.40,3147.83,1532.18,2718.13,1860.48,2080.53,1149.86,1283.35,1852.08,3650.52,3445.95,4385.77,6057.62,6092.28,3803.43,4361.50,4912.11,4045.26,2262.22,2762.82,4929.61,4715.65,4438.16,5085.86,5148.17,3751.39,2732.73,2645.33,2306.61,1532.24
90398,90443,90420.5,7771.91,41.94,0.93,1.61,0.00,79462.62,27736.84,27773.60,20773.69,19304.28,13195.29,10371.53,5936.03,3701.48,2230.09,2345.44,1357.72,1158.49,622.54,611.70,749.79,1143.44,833.90,937.82,549.01,1039.94,1210.90,1629.59,1421.20,1547.43,1862.69,1669.20,1553.66,1476.17,1480.99,1745.86,1442.77,1444.11,1465.07,888.97,1058.87,1129.85,1147.97,652.99,645.39,307.50,648.54,269.21
90457,90502,90479.5,4192.09,30.88,0.75,1.61,0.00,0.00,43710.49,23936.94,16108.49,11662.45,4416.60,3762.69,2571.32,1548.58,1056.35,439.06,357.74,523.83,379.77,641.53,669.80,625.19,582.53,512.80,485.75,783.80,954.01,980.76,1316.38,1428.60,1725.98,1340.46,1089.04,683.40,1176.17,719.19,972.33,665.34,710.96,272.94,1194.02,1051.27,646.88,602.33,432.50,400.20,324.94,341.20
90516,90561,90538.5,3076.84,31.73,0.79,1.61,0.00,0.00,30983.28,13414.21,7565.73,8561.70,3307.58,3135.62,1433.19,559.75,805.00,661.73,800.31,637.06,327.10,579.28,798.97,682.61,924.12,1074.69,394.23,863.69,1008.86,1363.47,1233.93,1723.40,1800.96,1350.61,955.54,1591.40,1552.73,587.66,863.21,1065.36,850.31,491.43,431.09,387.63,624.78,801.84,531.43,428.31,572.15,466.36
90575,90620,90597.5,3244.86,30.98,0.75,1.61,0.00,32805.27,16701.98,11441.69,3149.29,6338.74,1915.16,2177.35,601.15,370.68,677.98,654.94,810.80,365.56,762.74,342.19,658.54,667.54,449.31,739.80,986.02,1108.37,884.95,1183.39,1272.01,974.10,927.72,1083.29,853.21,1540.83,1345.82,1497.01,1178.13,1346.18,1072.72,649.32,858.01,632.62,542.89,363.45,394.61,443.61,366.96,355.94
90634,90679,90656.5,5578.78,31.64,0.72,1.61,0.00,49477.39,20423.61,26975.56,15599.01,9366.66,12540.48,6715.07,3399.30,3627.81,2011.32,1288.75,831.28,417.18,645.68,432.25,145.90,271.42,284.62,1366.23,940.53,1376.61,1512.95,1078.00,1298.55,897.80,1629.33,864.16,1231.80,1701.77,1604.53,970.65,1007.42,640.38,930.91,490.23,762.65,508.67,735.65,556.02,736.85,432.07,430.22,85.78
90693,90738,90715.5,19677.68,951.44,29.18,1.61,0.00,55389.36,38693.78,35719.55,19397.52,16123.46,14555.28,9597.35,10606.27,6222.18,6842.99,6090.50,4155.29,3249.76,2621.38,2681.15,3077.94,3028.19,3996.28,2280.44,2298.05,5000.82,3523.52,2382.21,4842.90,7701.41,7174.22,10596.52,13872.75,12050.37,13067.49,21305.74,19735.42,17622.80,21521.67,22166.09,19803.91,21882.22,26459.86,31904.40,27406.26,23605.72,18660.53,17475.19
90752,90797,90774.5,13785.46,377.31,10.35,1.61,0.00,23918.10,19801.69,20608.27,17234.63,23762.44,17822.57,16379.04,14461.84,14923.14,10623.93,11165.69,7731.00,7696.23,8660.35,6575.54,4559.49,4277.86,5052.93,4781.31,4097.26,4502.17,4733.78,4699.22,5642.21,7212.20,7845.18,5724.03,8806.88,9682.45,12222.39,11346.69,11113.87,10500.01,11140.58,10957.93,9966.16,10556.10,9619.54,10422.58,8968.44,7105.01,6196.23,5011.40
90811,90856,90833.5,13377.93,77.38,1.87,1.61,0.00,69346.57,61180.98,54124.85,45027.91,31433.76,26889.64,28872.12,19290.79,14174.12,10682.08,6922.27,4924.89,3835.45,2120.59,1711.63,1492.62,932.31,1505.13,1001.29,1535.30,887.36,1281.08,1322.48,1919.50,2997.23,1559.32,1843.37,2872.74,2142.78,2630.27,1824.21,2072.43,2189.64,1887.92,1880.75,1314.71,1910.34,1350.05,1905.07,1558.07,1175.33,1082.57,690.10
90870,90915,90892.5,10181.57,47.89,1.01,1.66,0.00,0.00,44803.13,49816.27,47240.90,33725.37,27404.96,23000.38,19830.90,16129.85,10353.79,7512.19,4774.63,3730.59,1722.21,1128.82,1319.20,935.96,1344.29,984.56,1352.60,1277.13,1909.27,957.02,1724.51,1926.93,1375.26,1306.15,1676.14,1825.38,1194.01,1468.26,1674.64,1164.21,1297.08,1431.82,1441.30,1127.06,725.60,789.06,683.65,642.69,518.33,356.98
90929,90974,90951.5,9391.38,70.92,2.09,1.65,0.00,0.00,55858.91,51448.18,29353.28,22349.28,21342.70,20201.99,16315.81,15405.83,12074.85,8981.71,6332.98,4053.30,1874.23,1676.79,824.87,689.70,1038.36,898.14,704.19,765.31,853.69,1283.81,1423.37,1434.40,1527.85,1800.76,1615.84,1625.94,2063.49,1425.37,1668.46,1061.76,209.68,241.71,0.00,0.00,19.36,651.19,1827.60,1909.10,2306.73,1981.71
90988,91033,91010.5,15113.38,664.29,19.76,1.65,0.00,0.00,23789.37,25609.71,11168.34,16932.16,11055.00,14784.17,12427.36,8777.88,10433.98,11613.96,8279.56,7610.26,5441.59,6864.76,5955.23,6097.60,6244.28,5007.51,4111.35,3546.46,2793.59,3428.53,4529.30,6950.21,8272.79,7134.45,11785.95,11128.48,9992.00,13960.46,15314.36,10714.02,10978.25,15411.18,18066.75,19884.84,20066.45,20893.09,20068.27,17232.83,12472.65,9728.03
91047,91092,91069.5,14534.96,566.71,16.82,1.65,0.00,0.00,17450.76,8322.62,13803.07,11885.81,12057.67,16475.88,13204.70,14022.57,15893.25,13231.74,14874.23,13566.06,13447.88,11973.74,9930.63,8317.16,6423.01,5372.70,3634.85,3491.35,4109.79,2883.24,3644.68,5083.48,7736.44,8586.73,11211.59,12589.37,7292.24,11167.06,10707.76,10051.11,8886.70,10717.61,17712.31,17335.37,14609.90,15999.43,15971.68,14341.17,11586.15,9120.98
91106,91151,91128.5,7107.21,154.38,4.33,1.65,0.00,0.00,35070.06,26938.02,21430.18,10706.10,8398.71,8511.63,5120.27,4963.17,4806.57,4391.13,4226.69,3597.70,3028.84,2968.00,2418.67,1746.41,2245.75,2048.29,1954.41,1217.05,1304.22,1272.46,1573.74,3028.57,2181.53,2422.72,2981.28,3667.09,2958.56,3516.59,4027.75,3359.75,4135.25,4572.31,4286.00,4766.49,4446.24,4174.78,3864.11,2735.17,2689.37,2043.79
91165,91210,91187.5,3752.35,45.51,1.17,1.65,0.00,0.00,26087.18,16128.40,9627.37,6635.53,7167.52,5711.20,4365.72,3468.75,2541.65,3148.55,1337.61,935.90,334.64,987.40,460.11,663.47,787.08,1126.83,1150.94,918.08,1064.03,1547.77,1541.07,1186.45,1471.23,1497.90,1727.55,1051.39,1284.85,1230.08,1267.44,1885.93,1356.74,1049.75,1098.88,1178.44,947.64,756.68,829.74,871.72,657.80,483.49
91224,91269,91246.5,2751.49,39.20,1.02,1.65,0.00,0.00,19933.49,13637.17,7725.71,4659.06,3204.19,2854.86,1402.11,1938.10,1618.84,1269.24,1481.84,478.90,572.00,860.45,655.18,814.56,584.53,543.61,674.29,1022.19,1098.08,1302.97,698.02,618.10,587.63,542.57,1016.81,1348.50,1458.41,1908.74,1479.29,1816.56,1455.04,846.78,898.72,751.47,623.82,586.57,719.56,892.79,593.91,479.60
91283,91328,91305.5,3074.04,33.86,0.85,1.65,0.00,0.00,30544.49,17932.43,5793.27,4749.38,3175.95,2174.52,692.35,1337.30,862.75,431.40,736.19,805.00,934.58,151.41,540.67,1063.48,1029.97,1303.01,1751.59,1451.54,937.14,712.73,1175.22,1252.83,1475.80,1342.21,1799.01,1449.86,1111.24,1527.37,1443.24,734.91,703.33,393.16,290.16,569.67,745.90,628.41,676.01,575.30,571.27,470.50
91343,91388,91365.5,2525.39,34.05,0.85,1.65,0.00,0.00,18970.47,15030.35,5536.74,3810.58,2388.08,2204.36,1076.34,1174.19,814.14,980.46,640.60,448.57,276.92,522.33,520.65,470.64,699.20,962.85,1360.11,1226.26,796.53,1227.13,1358.48,1416.53,1347.05,797.88,1438.39,1661.23,1235.79,941.17,1294.92,982.88,1244.99,784.88,805.17,930.30,479.92,656.69,592.28,553.93,536.48,209.92
91402,91447,91424.5,2546.80,32.58,0.82,1.65,0.00,0.00,18091.56,13323.22,7527.43,3465.73,3357.06,2021.39,1983.56,1056.25,1079.30,1057.44,1028.16,802.40,835.94,840.83,703.80,1180.02,496.06,672.11,537.77,877.72,1099.22,1466.08,762.01,967.08,1185.28,983.59,607.26,1559.82,1572.26,1042.10,1140.12,1372.58,1421.18,911.15,727.11,788.43,272.14,443.42,484.79,483.04,509.15,425.42
91461,91506,91483.5,2831.72,30.27,0.75,1.65,0.00,0.00,21739.49,12771.45,10398.21,6142.09,2979.87,2526.77,2899.40,2205.68,962.38,738.64,820.18,965.50,915.19,526.46,803.01,507.67,588.04,538.05,759.81,1189.07,1349.81,808.11,1039.15,1410.51,1605.65,1288.75,1330.19,1792.34,656.11,662.48,707.79,867.69,619.73,624.08,1061.75,732.92,458.47,521.89,633.10,408.18,425.50,298.92
91520,91565,91542.5,3302.75,31.00,0.75,1.65,0.00,0.00,25282.28,14765.42,11674.27,8721.49,6079.43,4017.87,3496.11,1644.66,908.00,1497.83,1014.88,941.54,549.31,705.59,740.22,724.06,875.13,907.12,650.21,738.38,1032.04,1123.91,1430.80,991.50,1044.39,1320.41,1123.00,1001.56,1331.91,1273.23,1261.03,860.69,746.27,834.80,430.85,603.37,627.25,689.94,400.15,625.11,454.97,362.20
91579,91624,91601.5,10878.43,451.46,14.25,1.65,0.00,0.00,51522.42,26441.79,21694.46,14459.95,14852.97,9359.29,6465.04,5186.96,5018.26,3798.28,2493.06,2168.07,2534.35,2918.29,2727.34,2718.14,2839.09,2848.19,2626.06,2663.74,1736.48,1709.67,2158.05,1860.14,2600.53,3944.07,5512.74,5356.73,6064.94,6180.48,7826.43,8420.89,5149.89,5828.29,8381.45,10986.83,11752.86,12565.90,14051.14,13524.20,11458.46,9373.54
