Data/Raw/MOORE,RICHARD/FIREXAQ-LARGE-OPTICAL_DC8_20190829_R0.ict
90,1001
Richard Moore, Elizabeth Wiggins, Edward Winstead, Claire Robinson, Lee Thornhill, and Kevin Sanchez
NASA Langley Research Center
In-situ aerosol optical measurements from the NASA DC-8
FIREXAQ
1,1
2019,08,29,2020,03,10
1.0
Time_mid,Secs after midnight,Time of acquisition
28
1,1,1,1,1,1,1,1,1,1,1,1,1,1,1,1,1,1,1,1,1,1,1,1,1,1,1,1
-9999,-9999,-9999,-9999,-9999,-9999,-9999,-9999,-9999,-9999,-9999,-9999,-9999,-9999,-9999,-9999,-9999,-9999,-9999,-9999,-9999,-9999,-9999,-9999,-9999,-9999,-9999,-9999
totSC450_stdPT, Mm-1, AerOpt_Scattering_InSitu_Blue_RHd_Bulk_STP, Total dry scattering at 450nm (Total Aerosols)
totSC550_stdPT, Mm-1, AerOpt_Scattering_InSitu_Green_RHd_Bulk_STP, Total dry scattering at 550nm (Total Aerosols)
totSC700_stdPT, Mm-1, AerOpt_Scattering_InSitu_Red_RHd_Bulk_STP, Total dry scattering at 700nm (Total Aerosols)
Abs470_stdPT, Mm-1, AerOpt_Absorption_InSitu_Blue_RHd_Bulk_STP, Total dry absorption at 470nm (Total Aerosols)
Abs532_stdPT, Mm-1, AerOpt_Absorption_InSitu_Green_RHd_Bulk_STP, Total dry absorption at 532nm (Total Aerosols)
Abs660_stdPT, Mm-1, AerOpt_Absorption_InSitu_Red_RHd_Bulk_STP, Total dry absorption at 660nm (Total Aerosols)
gamma450, unitless, AerOpt_Gamma_InSitu_Blue_None_PM1_None, Derived submicron hygroscopic growth factor for particles at 450nm
gamma550, unitless, AerOpt_Gamma_InSitu_Green_None_PM1_None, Derived submicron hygroscopic growth factor for particles at 550nm
gamma700, unitless, AerOpt_Gamma_InSitu_Red_None_PM1_None, Derived submicron hygroscopic growth factor for particles at 700nm
fRH450_RH20to85, unitless, AerOpt_fRHScat_InSitu_Blue_RHsp_PM1_None, Derived submicron hygroscopic growth parameter for particles at 450nm
fRH550_RH20to85, unitless, AerOpt_fRHScat_InSitu_Green_RHsp_PM1_None, Derived submicron hygroscopic growth parameter for particles at 550nm
fRH700_RH20to85, unitless, AerOpt_fRHScat_InSitu_Red_RHsp_PM1_None, Derived submicron hygroscopic growth parameter for particles at 700nm
ambSC450_stdPT, Mm-1, AerOpt_Scattering_InSitu_Blue_RHa_PM1_STP, Derived submicron ambient scattering at 450nm (Total Aerosols)
ambSC550_stdPT, Mm-1, AerOpt_Scattering_InSitu_Green_RHa_PM1_STP, Derived submicron ambient scattering at 550nm (Total Aerosols)
ambSC700_stdPT, Mm-1, AerOpt_Scattering_InSitu_Red_RHa_PM1_STP, Derived submicron ambient scattering at 700nm (Total Aerosols)
dryAEscat_550to700, unitless, AerOpt_AngstromExponentScat_InSitu_GreentoRed_RHd_PM1_None, Derived submicron dry Angstrom Exponent for scattering coefficient over wavelength range from 550nm to 700nm
drySSA_450, unitless, AerOpt_SSA_InSitu_Blue_RHd_PM1_None, Derived submicron single scattering albedo at 450nm (dry scattering and absorption)
drySSA_550, unitless, AerOpt_SSA_InSitu_Green_RHd_PM1_None, Derived submicron single scattering albedo at 550nm (dry scattering and absorption)
drySSA_700, unitless, AerOpt_SSA_InSitu_Red_RHd_PM1_None, Derived submicron single scattering albedo at 700nm (dry scattering and absorption)
ambSSA_450, unitless, AerOpt_SSA_InSitu_Blue_RHa_PM1_None, Derived submicron single scattering albedo at 450nm (ambient scattering and absorption)
ambSSA_550, unitless, AerOpt_SSA_InSitu_Green_RHa_PM1_None, Derived submicron single scattering albedo at 550nm (ambient scattering and absorption)
[...]
   - f(RH) is the amplification factor in scattering due to RH and is calculated from gamma at 20% and 85% RH. 
  SSA: computed only when both scattering and absorption is greater than 5 Mm-1
  dryAEscat_550to70 - computed only when scattering is greater than 10 Mm-1
  TAP ABSORPTION: 
   - Absorption Data from Brechtel 3-wavelength Tricolor Absorption Photometer (TAP), corrected for scattering following the TAP manual, version 8.
   - Included for research evaluation. User is directed to the primary PSAP-based absorption measurements (Abs470_stdPT, Abs532_stdPT, Abs660_stdPT) on which the derived parameters are calculated.
DATA_INFO: Aerosol measurements are reported at standard temperature and pressure (1013mb,273K), divide by stdPT to get back to ambient
UNCERTAINTY: all data are 5%
ULOD_FLAG: -7777
ULOD_VALUE: N/A
LLOD_FLAG: -8888
LLOD_VALUE: N/A
DM_CONTACT_INFO: Lee Thornhill (Kenneth.L.Thornhill@nasa.gov)
PROJECT_INFO: FIREX-AQ (2019)
STIPULATIONS_ON_USE: No stipulations on use. The user is encouraged to contact the PI or DM prior to use.
OTHER_COMMENTS: none
REVISION: R0
R0: Final Data. Data are corrected for time lags and calibrations.
******************************************************************************************************************
Time_mid,totSC450_stdPT,totSC550_stdPT,totSC700_stdPT,Abs470_stdPT,Abs532_stdPT,Abs660_stdPT,gamma450,gamma550,gamma700,fRH450_RH20to85,fRH550_RH20to85,fRH700_RH20to85,ambSC450_stdPT,ambSC550_stdPT,ambSC700_stdPT,dryAEscat_550to700,drySSA_450,drySSA_550,drySSA_700,ambSSA_450,ambSSA_550,ambSSA_700,dryEXT_532_stdPT,ambEXT_532_stdPT,TAP467_stdPT,TAP528_stdPT,TAP652_stdPT,stdPT
[from data line 15619]
75987,73.90,46.23,22.58,1.57,1.49,1.11,-9999.00,-9999.00,-9999.00,-9999.00,-9999.00,-9999.00,-9999.00,-9999.00,-9999.00,2.18,-9999.00,-9999.00,-9999.00,-9999.00,-9999.00,-9999.00,38.19,-9999.00,-14.36,12.31,-27.01,1.20
75988,71.90,41.71,19.93,1.66,1.63,1.24,-9999.00,-9999.00,-9999.00,-9999.00,-9999.00,-9999.00,-9999.00,-9999.00,-9999.00,2.11,-9999.00,-9999.00,-9999.00,-9999.00,-9999.00,-9999.00,38.36,-9999.00,11.97,-9.31,5.18,1.20
75989,77.17,46.50,21.61,1.66,1.62,1.27,-9999.00,-9999.00,-9999.00,-9999.00,-9999.00,-9999.00,-9999.00,-9999.00,-9999.00,1.96,-9999.00,-9999.00,-9999.00,-9999.00,-9999.00,-9999.00,38.06,-9999.00,-17.16,-22.12,-15.77,1.20
75990,70.69,41.97,21.22,1.82,1.83,1.68,-9999.00,-9999.00,-9999.00,-9999.00,-9999.00,-9999.00,-9999.00,-9999.00,-9999.00,1.82,-9999.00,-9999.00,-9999.00,-9999.00,-9999.00,-9999.00,38.48,-9999.00,36.20,29.91,10.94,1.20
75991,72.49,46.18,23.56,1.89,1.83,1.69,-9999.00,-9999.00,-9999.00,-9999.00,-9999.00,-9999.00,-9999.00,-9999.00,-9999.00,1.71,-9999.00,-9999.00,-9999.00,-9999.00,-9999.00,-9999.00,37.89,-9999.00,-28.65,-45.36,2.70,1.20
75992,70.68,42.74,24.35,1.90,1.96,1.68,-9999.00,-9999.00,-9999.00,-9999.00,-9999.00,-9999.00,-9999.00,-9999.00,-9999.00,1.71,-9999.00,-9999.00,-9999.00,-9999.00,-9999.00,-9999.00,38.88,-9999.00,35.56,33.94,-8.87,1.20
75993,70.78,42.91,25.01,1.97,1.89,1.67,-9999.00,-9999.00,-9999.00,-9999.00,-9999.00,-9999.00,-9999.00,-9999.00,-9999.00,1.81,-9999.00,-9999.00,-9999.00,-9999.00,-9999.00,-9999.00,36.16,-9999.00,-19.07,-23.97,14.98,1.20
75994,70.78,44.74,24.19,1.91,1.79,1.68,-9999.00,-9999.00,-9999.00,-9999.00,-9999.00,-9999.00,-9999.00,-9999.00,-9999.00,1.90,-9999.00,-9999.00,-9999.00,-9999.00,-9999.00,-9999.00,37.78,-9999.00,6.82,32.55,8.59,1.20
75995,72.84,43.71,22.04,1.94,1.74,1.79,0.11,0.23,-0.12,1.17,1.40,0.84,69.46,41.68,17.81,2.04,-9999.00,-9999.00,-9999.00,-9999.00,-9999.00,-9999.00,36.18,48.34,3.55,19.81,-15.70,1.20
75996,73.34,49.10,25.12,1.89,1.79,1.79,0.05,0.23,-0.06,1.08,1.40,0.92,65.34,44.55,18.80,2.20,-9999.00,-9999.00,-9999.00,-9999.00,-9999.00,-9999.00,37.99,51.20,-14.25,-22.46,2.50,1.20
75997,73.06,43.60,22.68,2.01,1.81,1.78,0.03,0.19,-0.01,1.04,1.32,0.99,65.26,42.67,20.92,2.32,-9999.00,-9999.00,-9999.00,-9999.00,-9999.00,-9999.00,38.56,49.26,18.42,12.58,15.30,1.20
75998,73.62,48.57,25.78,2.02,1.66,1.71,0.08,0.16,0.11,1.12,1.26,1.17,67.25,40.59,21.62,2.36,-9999.00,-9999.00,-9999.00,-9999.00,-9999.00,-9999.00,38.51,46.55,2.75,-12.82,-7.67,1.20
75999,73.17,44.41,23.70,1.93,1.73,1.83,0.05,0.07,0.12,1.07,1.11,1.19,66.79,40.77,19.57,2.45,-9999.00,-9999.00,-9999.00,-9999.00,-9999.00,-9999.00,42.58,46.21,2.27,2.24,13.23,1.21
76000,74.26,49.47,28.22,2.01,1.59,1.60,0.15,0.11,0.23,1.25,1.18,1.40,66.21,39.12,23.53,2.51,-9999.00,-9999.00,-9999.00,-9999.00,-9999.00,-9999.00,38.46,43.93,-7.04,-15.60,-20.82,1.21
76001,72.27,44.50,25.10,1.88,1.59,1.73,0.07,0.08,0.19,1.10,1.12,1.32,66.20,40.88,20.82,2.53,-9999.00,-9999.00,-9999.00,-9999.00,-9999.00,-9999.00,41.89,46.00,13.06,52.17,0.87,1.21
76002,72.28,47.05,24.95,1.89,1.55,1.53,0.09,0.14,0.26,1.14,1.23,1.45,64.15,39.71,25.01,2.55,-9999.00,-9999.00,-9999.00,-9999.00,-9999.00,-9999.00,38.02,45.03,-7.67,1.90,9.64,1.21
76003,73.90,47.15,21.94,2.01,1.61,1.60,0.04,0.20,0.19,1.06,1.33,1.31,68.04,43.04,20.97,2.64,-9999.00,-9999.00,-9999.00,-9999.00,-9999.00,-9999.00,39.09,49.62,0.83,-18.62,-2.35,1.21
76004,71.32,45.38,24.59,2.12,1.78,1.54,0.07,0.19,0.26,1.11,1.31,1.45,69.73,41.78,22.93,2.73,-9999.00,-9999.00,-9999.00,-9999.00,-9999.00,-9999.00,38.16,48.44,29.59,20.83,14.73,1.21
76005,74.67,49.85,24.43,2.09,1.77,1.47,0.05,0.16,-0.02,1.07,1.26,0.97,66.84,43.13,19.55,2.69,-9999.00,-9999.00,-9999.00,-9999.00,-9999.00,-9999.00,39.96,49.36,-9.95,-21.30,-3.04,1.21
76006,70.47,45.97,28.25,2.21,1.78,1.27,0.13,0.16,0.08,1.20,1.26,1.13,70.63,42.55,24.77,2.70,-9999.00,-9999.00,-9999.00,-9999.00,-9999.00,-9999.00,38.96,48.43,-14.05,30.56,-3.56,1.21
76007,73.03,46.54,25.81,2.24,1.70,1.31,0.12,0.13,-0.15,1.18,1.20,0.81,67.71,42.00,17.17,2.63,-9999.00,-9999.00,-9999.00,-9999.00,-9999.00,-9999.00,40.16,47.26,12.10,-41.82,12.09,1.21
76008,70.92,45.82,28.40,2.27,1.78,1.27,0.04,0.07,0.06,1.05,1.11,1.09,64.18,41.34,20.79,2.72,-9999.00,-9999.00,-9999.00,-9999.00,-9999.00,-9999.00,42.75,46.58,-8.70,37.29,-9.88,1.21
76009,73.15,46.02,22.93,2.31,1.84,1.37,0.07,0.06,0.01,1.10,1.08,1.01,66.67,40.55,17.16,2.59,-9999.00,-9999.00,-9999.00,-9999.00,-9999.00,-9999.00,42.80,45.78,15.87,-25.32,-1.40,1.21
76010,76.47,48.77,24.98,2.19,1.86,1.26,0.10,0.08,0.16,1.16,1.13,1.25,72.61,41.61,23.05,2.52,-9999.00,-9999.00,-9999.00,-9999.00,-9999.00,-9999.00,42.20,47.26,1.06,-15.15,5.67,1.21
76011,74.06,46.04,22.85,2.37,1.90,1.11,0.09,0.13,0.07,1.14,1.20,1.11,68.81,40.63,18.91,2.42,-9999.00,-9999.00,-9999.00,-9999.00,-9999.00,-9999.00,38.21,46.69,4.96,19.46,7.88,1.21
76012,75.24,47.96,24.62,2.43,1.87,1.27,0.12,0.13,0.17,1.18,1.21,1.28,75.35,42.73,24.01,2.48,-9999.00,-9999.00,-9999.00,-9999.00,-9999.00,-9999.00,39.80,49.04,-4.61,7.81,-2.16,1.21
76013,74.05,47.69,26.36,2.38,1.75,1.30,0.09,0.14,0.19,1.14,1.23,1.31,72.35,44.03,20.62,2.50,-9999.00,-9999.00,-9999.00,-9999.00,-9999.00,-9999.00,39.66,50.29,9.79,8.80,1.34,1.21
76014,79.41,55.76,30.36,2.18,1.62,1.08,0.04,0.16,0.06,1.07,1.26,1.09,72.65,46.36,26.67,2.59,-9999.00,-9999.00,-9999.00,-9999.00,-9999.00,-9999.00,40.47,53.30,-3.15,14.76,3.67,1.21
76015,75.64,53.90,30.25,2.16,1.66,1.08,0.07,0.20,-0.06,1.10,1.34,0.91,74.03,45.25,16.58,2.53,-9999.00,-9999.00,-9999.00,-9999.00,-9999.00,-9999.00,36.86,52.84,8.80,-8.48,3.78,1.21
76016,80.93,57.84,31.32,2.09,1.66,1.19,-9999.00,-9999.00,-9999.00,-9999.00,-9999.00,-9999.00,-9999.00,-9999.00,-9999.00,2.58,-9999.00,-9999.00,-9999.00,-9999.00,-9999.00,-9999.00,40.41,-9999.00,-7.77,-17.29,12.26,1.21
76017,70.34,52.22,30.34,2.17,1.83,1.29,-9999.00,-9999.00,-9999.00,-9999.00,-9999.00,-9999.00,-9999.00,-9999.00,-9999.00,2.55,-9999.00,-9999.00,-9999.00,-9999.00,-9999.00,-9999.00,35.68,-9999.00,15.36,18.44,-15.68,1.21
76018,80.50,56.15,32.27,2.01,1.69,1.24,-9999.00,-9999.00,-9999.00,-9999.00,-9999.00,-9999.00,-9999.00,-9999.00,-9999.00,2.68,-9999.00,-9999.00,-9999.00,-9999.00,-9999.00,-9999.00,41.08,-9999.00,7.24,-6.07,24.85,1.21
76019,73.87,50.90,25.41,1.96,1.76,1.45,-9999.00,-9999.00,-9999.00,-9999.00,-9999.00,-9999.00,-9999.00,-9999.00,-9999.00,2.60,-9999.00,-9999.00,-9999.00,-9999.00,-9999.00,-9999.00,42.64,-9999.00,-3.72,-0.34,-7.45,1.21
76020,84.86,56.48,28.31,1.87,1.67,1.46,-9999.00,-9999.00,-9999.00,-9999.00,-9999.00,-9999.00,-9999.00,-9999.00,-9999.00,2.73,-9999.00,-9999.00,-9999.00,-9999.00,-9999.00,-9999.00,42.06,-9999.00,1.28,-6.02,-3.12,1.21
76021,76.23,48.88,24.90,2.05,1.79,1.73,-9999.00,-9999.00,-9999.00,-9999.00,-9999.00,-9999.00,-9999.00,-9999.00,-9999.00,2.83,-9999.00,-9999.00,-9999.00,-9999.00,-9999.00,-9999.00,41.33,-9999.00,-4.66,14.76,11.86,1.21
76022,78.75,53.16,26.64,1.88,1.72,1.76,-9999.00,-9999.00,-9999.00,-9999.00,-9999.00,-9999.00,-9999.00,-9999.00,-9999.00,2.92,-9999.00,-9999.00,-9999.00,-9999.00,-9999.00,-9999.00,42.08,-9999.00,16.03,6.32,-11.06,1.21
76023,75.82,49.06,25.62,1.84,1.79,1.65,-9999.00,-9999.00,-9999.00,-9999.00,-9999.00,-9999.00,-9999.00,-9999.00,-9999.00,2.98,-9999.00,-9999.00,-9999.00,-9999.00,-9999.00,-9999.00,42.52,-9999.00,-10.90,10.28,3.26,1.21
76024,76.07,52.05,26.67,2.00,1.68,1.83,-9999.00,-9999.00,-9999.00,-9999.00,-9999.00,-9999.00,-9999.00,-9999.00,-9999.00,3.04,-9999.00,-9999.00,-9999.00,-9999.00,-9999.00,-9999.00,40.70,-9999.00,10.24,-16.21,-2.78,1.21
76025,75.93,50.30,28.97,1.92,1.64,1.78,-9999.00,-9999.00,-9999.00,-9999.00,-9999.00,-9999.00,-9999.00,-9999.00,-9999.00,2.90,-9999.00,-9999.00,-9999.00,-9999.00,-9999.00,-9999.00,42.45,-9999.00,1.94,23.81,3.34,1.21
76026,72.13,47.84,25.92,1.83,1.61,1.71,-9999.00,-9999.00,-9999.00,-9999.00,-9999.00,-9999.00,-9999.00,-9999.00,-9999.00,3.00,-9999.00,-9999.00,-9999.00,-9999.00,-9999.00,-9999.00,40.30,-9999.00,-5.05,-0.29,-5.45,1.21
76027,76.76,53.12,26.69,1.70,1.38,1.49,-9999.00,-9999.00,-9999.00,-9999.00,-9999.00,-9999.00,-9999.00,-9999.00,-9999.00,2.96,-9999.00,-9999.00,-9999.00,-9999.00,-9999.00,-9999.00,41.61,-9999.00,-3.47,-18.83,-4.59,1.21
76028,72.09,50.40,29.59,1.76,1.44,1.44,-9999.00,-9999.00,-9999.00,-9999.00,-9999.00,-9999.00,-9999.00,-9999.00,-9999.00,3.06,-9999.00,-9999.00,-9999.00,-9999.00,-9999.00,-9999.00,39.79,-9999.00,0.82,16.47,8.17,1.21
76029,73.99,50.23,28.12,1.80,1.37,1.40,-9999.00,-9999.00,-9999.00,-9999.00,-9999.00,-9999.00,-9999.00,-9999.00,-9999.00,3.02,-9999.00,-9999.00,-9999.00,-9999.00,-9999.00,-9999.00,40.35,-9999.00,3.93,5.10,10.26,1.22
76030,79.36,53.20,31.75,1.58,1.26,1.12,-9999.00,-9999.00,-9999.00,-9999.00,-9999.00,-9999.00,-9999.00,-9999.00,-9999.00,3.10,-9999.00,-9999.00,-9999.00,-9999.00,-9999.00,-9999.00,38.93,-9999.00,15.90,-9.40,2.49,1.21
76031,82.13,50.34,26.89,1.37,1.29,1.09,-9999.00,-9999.00,-9999.00,-9999.00,-9999.00,-9999.00,-9999.00,-9999.00,-9999.00,3.08,-9999.00,-9999.00,-9999.00,-9999.00,-9999.00,-9999.00,40.16,-9999.00,-6.03,-3.31,0.87,1.22
76032,80.00,51.63,29.41,1.41,1.27,0.90,-9999.00,-9999.00,-9999.00,-9999.00,-9999.00,-9999.00,-9999.00,-9999.00,-9999.00,3.06,-9999.00,-9999.00,-9999.00,-9999.00,-9999.00,-9999.00,38.88,-9999.00,13.68,33.54,5.61,1.22
76033,73.71,47.66,25.04,1.58,1.27,0.99,-9999.00,-9999.00,-9999.00,-9999.00,-9999.00,-9999.00,-9999.00,-9999.00,-9999.00,3.17,-9999.00,-9999.00,-9999.00,-9999.00,-9999.00,-9999.00,39.65,-9999.00,-12.03,-7.42,21.02,1.21
76034,79.36,49.95,28.70,1.34,1.30,0.85,-9999.00,-9999.00,-9999.00,-9999.00,-9999.00,-9999.00,-9999.00,-9999.00,-9999.00,3.17,-9999.00,-9999.00,-9999.00,-9999.00,-9999.00,-9999.00,39.32,-9999.00,14.89,20.25,-41.74,1.22
76035,74.02,47.25,26.27,1.35,1.34,0.84,-0.07,-0.05,-0.26,0.90,0.93,0.69,53.23,31.95,9.59,3.13,-9999.00,-9999.00,-9999.00,-9999.00,-9999.00,-9999.00,39.32,36.36,2.87,-24.63,13.25,1.22
76036,78.80,51.28,28.62,1.43,1.35,0.79,-0.05,-0.02,-0.00,0.93,0.97,0.99,53.68,32.82,17.35,3.15,-9999.00,-9999.00,-9999.00,-9999.00,-9999.00,-9999.00,38.50,37.19,-13.98,13.43,-6.46,1.22
76037,79.11,46.42,24.65,1.34,1.49,1.13,-0.11,0.04,0.04,0.86,1.06,1.06,53.26,35.10,17.25,2.98,-9999.00,-9999.00,-9999.00,-9999.00,-9999.00,-9999.00,38.27,40.49,2.41,14.82,26.22,1.22
76038,77.18,50.20,26.27,1.39,1.29,0.97,-0.10,-0.02,0.21,0.86,0.97,1.35,52.93,33.29,22.24,3.01,-9999.00,-9999.00,-9999.00,-9999.00,-9999.00,-9999.00,39.51,38.07,-2.00,-25.17,14.50,1.22
76039,73.60,46.92,23.16,1.43,1.41,0.90,-0.16,-0.01,-0.11,0.79,0.99,0.85,48.49,32.51,12.75,2.85,-9999.00,-9999.00,-9999.00,-9999.00,-9999.00,-9999.00,38.05,37.68,17.56,0.57,-24.86,1.22
76040,75.07,49.61,25.93,1.42,1.37,0.97,-0.11,-0.04,-0.16,0.85,0.94,0.79,52.75,32.38,13.92,2.84,-9999.00,-9999.00,-9999.00,-9999.00,-9999.00,-9999.00,39.88,37.23,12.65,28.66,-9.06,1.22
76041,71.06,47.91,24.48,1.48,1.33,1.07,-0.14,-0.09,-0.43,0.82,0.88,0.54,50.79,29.08,8.88,2.73,-9999.00,-9999.00,-9999.00,-9999.00,-9999.00,-9999.00,38.82,33.71,-4.28,-19.77,20.30,1.22
76042,78.51,48.72,24.13,1.28,1.24,1.01,-0.07,-0.08,-0.28,0.91,0.89,0.67,59.80,31.59,14.72,2.73,-9999.00,-9999.00,-9999.00,-9999.00,-9999.00,-9999.00,40.92,36.20,7.49,27.30,6.06,1.22
76043,74.29,46.38,25.41,1.34,1.35,0.92,-0.08,-0.11,-0.19,0.89,0.85,0.76,53.63,29.15,11.77,2.60,-9999.00,-9999.00,-9999.00,-9999.00,-9999.00,-9999.00,39.20,33.36,3.59,-25.98,-7.90,1.22
76044,77.34,46.79,26.15,1.44,1.28,0.77,-0.10,-0.07,-0.40,0.87,0.90,0.56,57.02,32.43,13.12,2.44,-9999.00,-9999.00,-9999.00,-9999.00,-9999.00,-9999.00,41.32,37.09,2.38,13.28,-0.09,1.22
76045,70.19,46.38,24.65,1.63,1.22,0.93,-9999.00,-9999.00,-9999.00,-9999.00,-9999.00,-9999.00,-9999.00,-9999.00,-9999.00,2.40,-9999.00,-9999.00,-9999.00,-9999.00,-9999.00,-9999.00,41.33,-9999.00,-6.67,1.00,-2.61,1.22
76046,77.29,50.17,26.87,1.53,1.16,0.75,-9999.00,-9999.00,-9999.00,-9999.00,-9999.00,-9999.00,-9999.00,-9999.00,-9999.00,2.39,-9999.00,-9999.00,-9999.00,-9999.00,-9999.00,-9999.00,41.63,-9999.00,-1.73,-16.09,8.74,1.22
76047,74.44,49.96,26.07,1.51,1.03,0.44,-9999.00,-9999.00,-9999.00,-9999.00,-9999.00,-9999.00,-9999.00,-9999.00,-9999.00,2.46,-9999.00,-9999.00,-9999.00,-9999.00,-9999.00,-9999.00,40.10,-9999.00,9.09,-7.91,22.35,1.22
76048,74.18,50.06,25.77,1.51,1.09,0.51,-9999.00,-9999.00,-9999.00,-9999.00,-9999.00,-9999.00,-9999.00,-9999.00,-9999.00,2.50,-9999.00,-9999.00,-9999.00,-9999.00,-9999.00,-9999.00,41.82,-9999.00,-5.37,9.30,-17.25,1.23
76049,75.75,48.48,25.96,1.47,1.18,0.64,-9999.00,-9999.00,-9999.00,-9999.00,-9999.00,-9999.00,-9999.00,-9999.00,-9999.00,2.39,-9999.00,-9999.00,-9999.00,-9999.00,-9999.00,-9999.00,38.78,-9999.00,5.03,-11.98,15.54,1.23
76050,76.54,48.07,27.65,1.46,1.19,0.61,-9999.00,-9999.00,-9999.00,-9999.00,-9999.00,-9999.00,-9999.00,-9999.00,-9999.00,2.52,-9999.00,-9999.00,-9999.00,-9999.00,-9999.00,-9999.00,40.82,-9999.00,18.17,43.80,4.75,1.23
76051,75.48,47.95,28.63,1.55,1.27,0.52,-9999.00,-9999.00,-9999.00,-9999.00,-9999.00,-9999.00,-9999.00,-9999.00,-9999.00,2.45,-9999.00,-9999.00,-9999.00,-9999.00,-9999.00,-9999.00,39.18,-9999.00,-16.97,-18.59,-40.49,1.23
76052,74.89,48.77,27.49,1.71,1.32,0.68,-9999.00,-9999.00,-9999.00,-9999.00,-9999.00,-9999.00,-9999.00,-9999.00,-9999.00,2.55,-9999.00,-9999.00,-9999.00,-9999.00,-9999.00,-9999.00,43.02,-9999.00,-1.95,-3.97,16.93,1.23
76053,78.02,49.99,29.01,1.66,1.30,0.78,-9999.00,-9999.00,-9999.00,-9999.00,-9999.00,-9999.00,-9999.00,-9999.00,-9999.00,2.51,-9999.00,-9999.00,-9999.00,-9999.00,-9999.00,-9999.00,41.12,-9999.00,6.18,-1.59,20.62,1.23
76054,71.47,46.66,26.88,1.68,1.43,0.96,-9999.00,-9999.00,-9999.00,-9999.00,-9999.00,-9999.00,-9999.00,-9999.00,-9999.00,2.56,-9999.00,-9999.00,-9999.00,-9999.00,-9999.00,-9999.00,44.18,-9999.00,22.01,5.28,19.02,1.23
76055,77.60,49.86,24.59,1.52,1.43,1.00,-9999.00,-9999.00,-9999.00,-9999.00,-9999.00,-9999.00,-9999.00,-9999.00,-9999.00,2.81,-9999.00,-9999.00,-9999.00,-9999.00,-9999.00,-9999.00,40.66,-9999.00,-3.41,-2.45,-23.98,1.23
76056,71.81,46.87,26.50,1.68,1.49,1.17,-9999.00,-9999.00,-9999.00,-9999.00,-9999.00,-9999.00,-9999.00,-9999.00,-9999.00,2.90,-9999.00,-9999.00,-9999.00,-9999.00,-9999.00,-9999.00,40.03,-9999.00,-7.91,26.23,16.06,1.23
76057,74.98,49.26,24.69,1.79,1.44,1.47,-9999.00,-9999.00,-9999.00,-9999.00,-9999.00,-9999.00,-9999.00,-9999.00,-9999.00,3.10,-9999.00,-9999.00,-9999.00,-9999.00,-9999.00,-9999.00,40.78,-9999.00,15.75,12.52,5.02,1.23
76058,82.50,50.03,27.89,1.58,1.43,1.33,-9999.00,-9999.00,-9999.00,-9999.00,-9999.00,-9999.00,-9999.00,-9999.00,-9999.00,3.03,-9999.00,-9999.00,-9999.00,-9999.00,-9999.00,-9999.00,38.56,-9999.00,-0.53,25.51,-12.80,1.23
76059,75.71,50.08,30.49,1.77,1.51,1.22,-9999.00,-9999.00,-9999.00,-9999.00,-9999.00,-9999.00,-9999.00,-9999.00,-9999.00,2.93,-9999.00,-9999.00,-9999.00,-9999.00,-9999.00,-9999.00,41.16,-9999.00,-9.29,-35.27,-3.45,1.23
76060,78.37,50.73,27.23,1.73,1.49,1.15,-9999.00,-9999.00,-9999.00,-9999.00,-9999.00,-9999.00,-9999.00,-9999.00,-9999.00,2.86,-9999.00,-9999.00,-9999.00,-9999.00,-9999.00,-9999.00,43.61,-9999.00,3.98,-9.13,14.52,1.24
76061,75.55,49.92,30.54,1.77,1.51,1.29,-9999.00,-9999.00,-9999.00,-9999.00,-9999.00,-9999.00,-9999.00,-9999.00,-9999.00,2.89,-9999.00,-9999.00,-9999.00,-9999.00,-9999.00,-9999.00,43.73,-9999.00,-1.04,-5.41,-5.33,1.24
76062,79.62,50.78,25.78,1.64,1.42,1.24,0.02,0.15,0.50,1.03,1.25,2.06,70.58,47.90,29.34,2.87,-9999.00,-9999.00,-9999.00,-9999.00,-9999.00,-9999.00,41.41,54.66,-3.10,19.59,-13.45,1.24
76063,77.49,49.48,27.92,1.67,1.44,1.20,0.13,0.23,0.29,1.20,1.39,1.52,79.57,53.49,32.47,2.83,-9999.00,-9999.00,-9999.00,-9999.00,-9999.00,-9999.00,41.04,60.27,25.57,8.57,2.51,1.24
76064,74.13,51.10,25.17,1.74,1.42,1.32,0.06,0.25,-0.03,1.09,1.44,0.96,71.77,52.03,23.06,2.80,-9999.00,-9999.00,-9999.00,-9999.00,-9999.00,-9999.00,37.88,59.68,-8.15,10.17,-1.41,1.24
76065,77.14,49.04,27.55,1.82,1.45,1.21,0.13,0.12,0.10,1.21,1.20,1.15,84.87,50.52,34.11,2.95,-9999.00,-9999.00,-9999.00,-9999.00,-9999.00,-9999.00,41.97,56.41,18.64,-9.59,13.77,1.24
