Data/Raw/MOORE,RICHARD/FIREXAQ-LARGE-SMPS_DC8_20190812_R0.ict
88,1001
Richard Moore, Elizabeth Wiggins, Edward Winstead, Claire Robinson, Lee Thornhill, and Kevin Sanchez
NASA Langley Research Center
In-situ Submicron Particle Size Distributions from a SMPS on the NASA DC-8
FIREXAQ
1,1
2019,08,12,2020,03,10
0
Time_start,Secs after midnight,Time of acquisition
50
1,1,1,1,1,1,1,1,1,1,1,1,1,1,1,1,1,1,1,1,1,1,1,1,1,1,1,1,1,1,1,1,1,1,1,1,1,1,1,1,1,1,1,1,1,1,1,1,1,1
-9999,-9999,-9999,-9999,-9999,-9999,-9999,-9999,-9999,-9999,-9999,-9999,-9999,-9999,-9999,-9999,-9999,-9999,-9999,-9999,-9999,-9999,-9999,-9999,-9999,-9999,-9999,-9999,-9999,-9999,-9999,-9999,-9999,-9999,-9999,-9999,-9999,-9999,-9999,-9999,-9999,-9999,-9999,-9999,-9999,-9999,-9999,-9999,-9999,-9999
Time_stop,Secs after midnight,Time of acquisition
Time_mid,Secs after midnight,Time of acquisition
nSMPS_stdPT,#/cm3,AerMP_NumConc_InSitu_RHd_Mobility_NucltoAccu_STP,integrated_number_density
sSMPS_stdPT,um2/cm3,AerMP_SurfAreaConc_InSitu_RHd_Mobility_NucltoAccu_STP,integrated_surface_area
vSMPS_stdPT,um3/cm3,AerMP_VolConc_InSitu_RHd_Mobility_NucltoAccu_STP,integrated_volume
SMPS_stdPT, unitless, None, conversion between ambient PT and standard PT (1013, 273)
SMPS_bin00_stdPT,#/cm3,AerMP_NumSizeDist_InSitu_RHd_Mobility_NucltoAccu_STP,Binned number size distribution (in dNdlogDp) measured by the SMPS
SMPS_bin01_stdPT,#/cm3,AerMP_NumSizeDist_InSitu_RHd_Mobility_NucltoAccu_STP,Binned number size distribution (in dNdlogDp) measured by the SMPS
SMPS_bin02_stdPT,#/cm3,AerMP_NumSizeDist_InSitu_RHd_Mobility_NucltoAccu_STP,Binned number size distribution (in dNdlogDp) measured by the SMPS
SMPS_bin03_stdPT,#/cm3,AerMP_NumSizeDist_InSitu_RHd_Mobility_NucltoAccu_STP,Binned number size distribution (in dNdlogDp) measured by the SMPS
SMPS_bin04_stdPT,#/cm3,AerMP_NumSizeDist_InSitu_RHd_Mobility_NucltoAccu_STP,Binned number size distribution (in dNdlogDp) measured by the SMPS
SMPS_bin05_stdPT,#/cm3,AerMP_NumSizeDist_InSitu_RHd_Mobility_NucltoAccu_STP,Binned number size distribution (in dNdlogDp) measured by the SMPS
SMPS_bin06_stdPT,#/cm3,AerMP_NumSizeDist_InSitu_RHd_Mobility_NucltoAccu_STP,Binned number size distribution (in dNdlogDp) measured by the SMPS
SMPS_bin07_stdPT,#/cm3,AerMP_NumSizeDist_InSitu_RHd_Mobility_NucltoAccu_STP,Binned number size distribution (in dNdlogDp) measured by the SMPS
SMPS_bin08_stdPT,#/cm3,AerMP_NumSizeDist_InSitu_RHd_Mobility_NucltoAccu_STP,Binned number size distribution (in dNdlogDp) measured by the SMPS
SMPS_bin09_stdPT,#/cm3,AerMP_NumSizeDist_InSitu_RHd_Mobility_NucltoAccu_STP,Binned number size distribution (in dNdlogDp) measured by the SMPS
SMPS_bin10_stdPT,#/cm3,AerMP_NumSizeDist_InSitu_RHd_Mobility_NucltoAccu_STP,Binned number size distribution (in dNdlogDp) measured by the SMPS
SMPS_bin11_stdPT,#/cm3,AerMP_NumSizeDist_InSitu_RHd_Mobility_NucltoAccu_STP,Binned number size distribution (in dNdlogDp) measured by the SMPS
SMPS_bin12_stdPT,#/cm3,AerMP_NumSizeDist_InSitu_RHd_Mobility_NucltoAccu_STP,Binned number size distribution (in dNdlogDp) measured by the SMPS
SMPS_bin13_stdPT,#/cm3,AerMP_NumSizeDist_InSitu_RHd_Mobility_NucltoAccu_STP,Binned number size distribution (in dNdlogDp) measured by the SMPS
SMPS_bin14_stdPT,#/cm3,AerMP_NumSizeDist_InSitu_RHd_Mobility_NucltoAccu_STP,Binned number size distribution (in dNdlogDp) measured by the SMPS
[...]
UNCERTAINTY:  20%
ULOD_FLAG: -7777
ULOD_VALUE: N/A
LLOD_FLAG: -8888
LLOD_VALUE: N/A
DM_CONTACT_INFO: Lee Thornhill (Kenneth.L.Thornhill@nasa.gov)
PROJECT_INFO: FIREX-AQ
STIPULATIONS_ON_USE: No stipulations on use. The user is encouraged to contact the PI or DM prior to use.
OTHER_COMMENTS: Midpoint diameters of Bins 00 to 43 are: 0.011,0.012,0.013,0.014,0.015,0.016,0.017,0.018,0.019,0.021,0.022,0.024,0.026,0.028,0.030,0.032,0.035,0.037,0.040,0.043,0.046,0.050,0.053,0.057,0.061,0.066,0.071,0.076,0.082,0.088,0.095,0.102,0.109,0.118,0.126,0.136,0.146,0.157,0.168,0.181,0.194,0.209,0.225,0.241
REVISION: R0
R0: Final Data. Data are corrected for time lags and ammonium sulfate size calibrations.
*******************************************************************************************************************************
Time_start,Time_stop,Time_mid,nSMPS_stdPT,sSMPS_stdPT,vSMPS_stdPT,SMPS_stdPT,SMPS_bin00_stdPT,SMPS_bin01_stdPT,SMPS_bin02_stdPT,SMPS_bin03_stdPT,SMPS_bin04_stdPT,SMPS_bin05_stdPT,SMPS_bin06_stdPT,SMPS_bin07_stdPT,SMPS_bin08_stdPT,SMPS_bin09_stdPT,SMPS_bin10_stdPT,SMPS_bin11_stdPT,SMPS_bin12_stdPT,SMPS_bin13_stdPT,SMPS_bin14_stdPT,SMPS_bin15_stdPT,SMPS_bin16_stdPT,SMPS_bin17_stdPT,SMPS_bin18_stdPT,SMPS_bin19_stdPT,SMPS_bin20_stdPT,SMPS_bin21_stdPT,SMPS_bin22_stdPT,SMPS_bin23_stdPT,SMPS_bin24_stdPT,SMPS_bin25_stdPT,SMPS_bin26_stdPT,SMPS_bin27_stdPT,SMPS_bin28_stdPT,SMPS_bin29_stdPT,SMPS_bin30_stdPT,SMPS_bin31_stdPT,SMPS_bin32_stdPT,SMPS_bin33_stdPT,SMPS_bin34_stdPT,SMPS_bin35_stdPT,SMPS_bin36_stdPT,SMPS_bin37_stdPT,SMPS_bin38_stdPT,SMPS_bin39_stdPT,SMPS_bin40_stdPT,SMPS_bin41_stdPT,SMPS_bin42_stdPT,SMPS_bin43_stdPT
75950,75995,75972.5,0.00,0.00,0.00,1.24,0.00,0.00,0.00,0.00,0.00,0.00,0.00,0.00,0.00,0.00,0.00,0.00,0.00,0.00,0.00,0.00,0.00,0.00,0.00,0.00,0.00,0.00,0.00,0.00,0.00,0.00,0.00,0.00,0.00,0.00,0.00,0.00,0.00,0.00,0.00,0.00,0.00,0.00,0.00,0.00,0.00,0.00,0.00,0.00
76009,76054,76031.5,0.00,0.00,0.00,1.26,0.00,0.00,0.00,0.00,0.00,0.00,0.00,0.00,0.00,0.00,0.00,0.00,0.00,0.00,0.00,0.00,0.00,0.00,0.00,0.00,0.00,0.00,0.00,0.00,0.00,0.00,0.00,0.00,0.00,0.00,0.00,0.00,0.00,0.00,0.00,0.00,0.00,0.00,0.00,0.00,0.00,0.00,0.00,0.00
76068,76113,76090.5,0.00,0.00,0.00,1.35,0.00,0.00,0.00,0.00,0.00,0.00,0.00,0.00,0.00,0.00,0.00,0.00,0.00,0.00,0.00,0.00,0.00,0.00,0.00,0.00,0.00,0.00,0.00,0.00,0.00,0.00,0.00,0.00,0.00,0.00,0.00,0.00,0.00,0.00,0.00,0.00,0.00,0.00,0.00,0.00,0.00,0.00,0.00,0.00
76127,76172,76149.5,0.00,0.00,0.00,1.45,0.00,0.00,0.00,0.00,0.00,0.00,0.00,0.00,0.00,0.00,0.00,0.00,0.00,0.00,0.00,0.00,0.00,0.00,0.00,0.00,0.00,0.00,0.00,0.00,0.00,0.00,0.00,0.00,0.00,0.00,0.00,0.00,0.00,0.00,0.00,0.00,0.00,0.00,0.00,0.00,0.00,0.00,0.00,0.00
76186,76231,76208.5,0.00,0.00,0.00,1.51,0.00,0.00,0.00,0.00,0.00,0.00,0.00,0.00,0.00,0.00,0.00,0.00,0.00,0.00,0.00,0.00,0.00,0.00,0.00,0.00,0.00,0.00,0.00,0.00,0.00,0.00,0.00,0.00,0.00,0.00,0.00,0.00,0.00,0.00,0.00,0.00,0.00,0.00,0.00,0.00,0.00,0.00,0.00,0.00
76245,76290,76267.5,0.00,0.00,0.00,1.59,0.00,0.00,0.00,0.00,0.00,0.00,0.00,0.00,0.00,0.00,0.00,0.00,0.00,0.00,0.00,0.00,0.00,0.00,0.00,0.00,0.00,0.00,0.00,0.00,0.00,0.00,0.00,0.00,0.00,0.00,0.00,0.00,0.00,0.00,0.00,0.00,0.00,0.00,0.00,0.00,0.00,0.00,0.00,0.00
76304,76349,76326.5,697.62,11.98,0.22,1.70,0.00,0.00,0.00,0.00,0.00,1174.32,264.34,1305.79,836.36,462.94,630.80,1668.51,735.85,810.13,762.42,1134.59,314.02,765.61,577.09,306.28,516.36,229.82,420.51,288.18,437.87,37.66,8.13,60.92,394.47,895.32,1695.26,1284.36,1373.70,1152.85,754.73,341.79,101.66,224.08,193.43,113.98,49.58,0.00,0.00,0.00
76363,76408,76385.5,626.35,7.66,0.18,1.80,0.00,0.00,0.00,0.00,561.11,0.00,667.89,2108.80,514.35,1049.32,821.61,1739.27,1434.59,813.84,937.15,716.45,435.09,360.37,671.67,449.22,689.16,783.22,592.19,512.94,455.80,498.33,316.66,388.07,387.62,222.06,223.94,106.70,183.06,168.59,96.62,141.64,97.74,136.40,72.30,112.03,288.36,50.71,75.96,81.31
76422,76467,76444.5,882.76,6.71,0.13,1.90,0.00,0.00,0.00,810.79,1232.71,409.97,995.99,1512.95,1728.70,1210.34,1765.35,1985.70,2704.31,2020.75,1809.32,1679.22,927.93,981.93,608.61,576.64,504.53,423.71,341.14,451.24,174.40,422.82,518.32,430.96,209.26,291.93,136.70,116.31,137.82,225.79,150.19,74.70,86.20,93.81,106.02,78.75,113.59,20.20,90.82,0.00
76481,76526,76503.5,596.46,10.79,0.27,2.02,0.00,0.00,0.00,0.00,0.00,1539.45,1092.26,626.34,684.17,368.26,1532.32,634.02,205.31,521.13,363.07,937.22,292.21,601.00,534.88,451.10,602.65,644.78,518.54,520.59,492.45,546.69,652.11,453.52,591.03,502.87,289.24,513.00,305.15,306.20,204.08,155.92,103.16,240.64,210.25,67.76,201.04,118.60,257.16,15.44
76541,76586,76563.5,518.24,10.22,0.24,2.14,0.00,0.00,0.00,0.00,0.00,0.00,0.00,351.01,755.44,153.35,728.87,1029.46,369.19,301.62,346.36,372.58,331.12,295.90,503.44,523.78,682.71,887.25,937.88,808.48,880.51,1012.88,659.42,901.48,455.15,499.99,414.35,371.66,119.90,250.86,321.39,199.17,134.15,190.47,196.81,117.70,38.79,146.45,32.50,32.87
76600,76645,76622.5,1174.58,10.27,0.18,2.20,0.00,0.00,0.00,1201.54,2090.00,1417.02,2864.75,2008.96,4209.26,1389.86,854.14,982.10,1701.92,1366.97,1135.44,525.77,1400.15,958.14,494.69,899.35,1011.86,1083.34,1488.87,1077.23,941.86,770.50,918.75,731.35,576.73,359.32,778.93,412.76,333.97,229.67,217.08,308.75,160.54,228.60,100.10,77.28,158.23,31.90,32.72,33.31
76659,76704,76681.5,842.83,10.35,0.22,2.25,0.00,0.00,0.00,0.00,641.06,701.03,1688.78,1175.93,906.26,1689.04,922.31,1253.12,972.97,789.96,641.16,656.29,1146.57,471.89,1071.11,1232.18,1406.28,997.58,788.71,995.07,1061.18,879.51,872.78,349.30,596.56,390.35,288.18,385.90,131.67,319.91,309.58,81.28,206.93,66.40,208.01,119.77,194.09,192.35,56.61,32.87
76718,76763,76740.5,831.64,8.76,0.16,2.33,0.00,0.00,0.00,1402.87,1455.46,2513.69,898.60,314.91,281.44,609.07,662.43,780.87,509.74,375.92,1562.55,1469.17,841.75,1528.73,1054.11,989.94,839.78,933.24,612.60,613.37,725.50,1016.67,624.01,529.11,568.66,526.82,330.41,272.76,319.33,277.83,192.61,125.65,117.83,40.95,247.69,165.70,103.83,109.04,33.66,34.28
76777,76822,76799.5,1096.73,15.38,0.33,2.43,0.00,0.00,0.00,0.00,0.00,0.00,1049.16,714.61,1070.66,584.06,576.49,1275.10,960.95,1537.61,1376.68,1238.28,1229.85,2262.90,1612.62,2711.66,1236.25,2094.61,1731.66,1878.20,1616.70,979.40,1736.64,966.13,451.29,597.99,515.70,469.65,412.86,256.16,153.86,206.89,308.68,227.90,250.23,159.78,66.10,131.89,137.25,108.26
76836,76881,76858.5,1297.65,15.52,0.29,2.45,0.00,0.00,0.00,0.00,2404.51,808.04,0.00,1465.19,0.00,243.42,565.05,1100.13,635.47,1655.13,2500.97,1995.12,2375.86,1952.04,1854.60,1709.44,1948.73,2640.23,2179.78,2511.27,1566.89,1865.57,1633.41,1265.11,859.75,587.88,515.25,257.01,158.61,433.42,161.79,266.60,121.56,306.36,272.50,141.34,133.65,156.73,139.27,38.25
76895,76940,76917.5,0.00,0.00,0.00,2.44,0.00,0.00,0.00,0.00,0.00,0.00,0.00,0.00,0.00,0.00,0.00,0.00,0.00,0.00,0.00,0.00,0.00,0.00,0.00,0.00,0.00,0.00,0.00,0.00,0.00,0.00,0.00,0.00,0.00,0.00,0.00,0.00,0.00,0.00,0.00,0.00,0.00,0.00,0.00,0.00,0.00,0.00,0.00,0.00
76954,76999,76976.5,0.00,0.00,0.00,2.44,0.00,0.00,0.00,0.00,0.00,0.00,0.00,0.00,0.00,0.00,0.00,0.00,0.00,0.00,0.00,0.00,0.00,0.00,0.00,0.00,0.00,0.00,0.00,0.00,0.00,0.00,0.00,0.00,0.00,0.00,0.00,0.00,0.00,0.00,0.00,0.00,0.00,0.00,0.00,0.00,0.00,0.00,0.00,0.00
77013,77058,77035.5,0.00,0.00,0.00,2.44,0.00,0.00,0.00,0.00,0.00,0.00,0.00,0.00,0.00,0.00,0.00,0.00,0.00,0.00,0.00,0.00,0.00,0.00,0.00,0.00,0.00,0.00,0.00,0.00,0.00,0.00,0.00,0.00,0.00,0.00,0.00,0.00,0.00,0.00,0.00,0.00,0.00,0.00,0.00,0.00,0.00,0.00,0.00,0.00
77072,77117,77094.5,0.00,0.00,0.00,2.45,0.00,0.00,0.00,0.00,0.00,0.00,0.00,0.00,0.00,0.00,0.00,0.00,0.00,0.00,0.00,0.00,0.00,0.00,0.00,0.00,0.00,0.00,0.00,0.00,0.00,0.00,0.00,0.00,0.00,0.00,0.00,0.00,0.00,0.00,0.00,0.00,0.00,0.00,0.00,0.00,0.00,0.00,0.00,0.00
77131,77176,77153.5,0.00,0.00,0.00,2.45,0.00,0.00,0.00,0.00,0.00,0.00,0.00,0.00,0.00,0.00,0.00,0.00,0.00,0.00,0.00,0.00,0.00,0.00,0.00,0.00,0.00,0.00,0.00,0.00,0.00,0.00,0.00,0.00,0.00,0.00,0.00,0.00,0.00,0.00,0.00,0.00,0.00,0.00,0.00,0.00,0.00,0.00,0.00,0.00
77190,77235,77212.5,0.00,0.00,0.00,2.45,0.00,0.00,0.00,0.00,0.00,0.00,0.00,0.00,0.00,0.00,0.00,0.00,0.00,0.00,0.00,0.00,0.00,0.00,0.00,0.00,0.00,0.00,0.00,0.00,0.00,0.00,0.00,0.00,0.00,0.00,0.00,0.00,0.00,0.00,0.00,0.00,0.00,0.00,0.00,0.00,0.00,0.00,0.00,0.00
77249,77294,77271.5,1281.03,20.10,0.45,2.45,0.00,0.00,0.00,0.00,0.00,0.00,0.00,357.50,391.04,735.86,1623.13,1782.43,2187.80,1136.85,2320.29,1823.79,1708.57,2628.11,2276.44,2669.81,1990.21,2332.03,1954.28,2032.96,2040.66,1352.09,1017.79,540.16,572.65,603.41,212.24,464.28,712.81,243.23,387.84,268.85,150.53,351.23,393.24,347.38,449.77,471.89,192.85,132.94
77308,77353,77330.5,1391.93,18.64,0.41,2.45,0.00,0.00,0.00,0.00,0.04,675.71,0.00,417.80,569.50,210.33,2148.60,2058.66,1480.72,2232.30,2517.44,2383.54,2872.51,2917.38,2731.40,2885.79,2517.65,1795.67,1977.99,1816.78,1479.25,1250.89,946.36,1042.09,482.67,406.44,393.25,191.65,517.40,741.33,736.98,226.73,444.95,408.28,131.63,106.85,182.67,124.90,60.16,143.50
77367,77412,77389.5,1311.42,17.73,0.38,2.45,0.00,0.00,0.00,0.00,0.00,0.00,0.00,294.38,987.70,682.77,730.69,1423.76,1714.70,1880.90,2369.19,2109.48,3724.32,2444.71,2493.58,2650.12,2059.58,1692.94,2518.71,1775.64,1431.00,1582.11,1420.87,802.65,547.94,477.03,376.86,616.23,476.62,343.79,279.67,340.07,330.85,173.13,141.38,83.93,144.47,124.97,338.45,219.16
77426,77471,77448.5,1388.26,16.63,0.36,2.45,0.00,0.00,0.00,0.00,785.08,408.64,1358.31,776.75,633.07,659.68,1368.28,2747.55,1498.34,2374.86,2350.07,1675.98,2337.96,2653.97,2640.79,2513.22,2053.90,2031.48,1855.52,1955.74,1792.07,1408.20,1117.32,727.58,613.01,701.84,596.88,395.81,162.21,343.34,214.91,167.65,166.47,123.80,221.38,38.12,111.88,223.49,236.54,125.07
77485,77530,77507.5,1397.97,17.66,0.35,2.45,0.00,0.00,0.00,0.00,0.00,0.00,0.00,770.30,585.19,937.68,1460.78,1036.21,2414.18,2119.44,2333.24,2218.99,2101.10,2811.36,1953.58,3081.61,2390.76,2388.97,2269.65,2360.16,1864.12,2040.17,995.49,1114.29,773.27,731.46,525.38,269.12,444.44,579.36,483.28,162.74,474.23,99.91,104.03,154.71,53.98,138.05,175.36,107.57
77544,77589,77566.5,1372.11,17.64,0.34,2.45,0.00,0.00,0.00,0.00,0.00,0.00,0.00,0.00,876.91,1397.90,1324.35,734.14,1300.58,1360.72,1409.99,2016.42,3208.43,2856.74,2890.38,2902.47,3668.56,2348.77,2389.74,2124.15,1960.63,1804.80,1337.33,866.83,697.16,479.24,519.72,422.89,228.28,342.23,597.92,169.46,247.27,86.24,362.21,225.78,210.29,224.43,103.22,73.65
77603,77648,77625.5,1537.02,18.30,0.36,2.45,0.00,0.00,0.00,0.00,0.00,806.86,973.38,776.86,310.06,677.36,1536.64,1111.46,1452.74,2224.83,2461.38,1567.82,2706.64,2035.92,2566.09,2893.90,3874.40,3274.94,3110.58,2838.45,2696.03,1983.83,1410.70,1100.88,968.65,557.65,456.64,392.51,355.51,229.50,222.29,293.42,78.88,225.39,97.90,70.56,126.47,173.48,138.68,180.60
77662,77707,77684.5,1486.19,18.29,0.36,2.45,0.00,0.00,0.00,0.00,1200.55,676.11,514.03,709.42,327.83,208.53,1058.64,1314.91,1771.89,1335.61,2265.26,1476.16,1797.54,2221.98,2910.62,2880.61,3183.44,2528.79,3911.82,3009.81,2474.13,2105.53,1660.67,1197.63,414.04,734.54,342.18,650.24,81.03,529.29,348.23,304.58,175.58,201.80,399.55,35.43,95.33,75.45,131.03,71.28
77721,77766,77743.5,1448.11,17.74,0.36,2.45,0.00,0.00,0.00,0.00,957.80,10.78,0.00,417.81,611.77,917.65,2019.33,1656.07,2116.56,1783.88,1801.75,3070.07,2595.81,1773.65,2417.61,2128.33,2720.56,3193.67,2996.57,1631.31,2308.05,2187.13,1105.58,982.70,614.79,603.78,288.07,330.79,446.83,455.73,217.52,479.04,231.20,221.17,106.96,295.18,122.74,69.87,93.47,55.39
77780,77825,77802.5,2095.75,19.49,0.40,2.46,0.00,0.00,0.00,0.00,6745.53,10092.65,2897.22,3203.10,2731.63,1159.06,1840.38,1205.05,1221.26,2245.49,2193.04,1542.66,1598.29,1475.71,1725.62,2032.72,2564.19,2904.32,2269.44,2951.00,2625.88,1479.41,1536.03,991.03,947.63,531.18,633.63,559.26,422.13,330.09,144.76,392.44,229.13,329.88,197.11,191.13,347.46,125.07,95.70,107.44
77839,77884,77861.5,1391.12,19.11,0.40,2.45,0.00,0.00,0.00,0.00,974.95,408.04,1360.06,414.70,713.24,1371.90,537.48,1258.10,1583.26,1005.71,1196.13,2360.49,2350.03,1953.50,2554.73,2029.12,2748.66,2116.34,2800.11,2477.90,2026.60,1356.82,1650.94,1014.94,800.29,817.71,547.19,408.81,661.46,453.48,385.17,502.21,271.45,188.02,140.46,217.80,93.59,236.97,205.98,75.36
77898,77943,77920.5,1390.86,18.53,0.37,2.46,0.00,0.00,0.00,0.00,0.00,810.65,0.00,360.36,515.05,1683.03,558.26,772.65,1167.04,1174.98,2045.02,2472.81,1682.91,2284.01,2503.17,2721.17,3050.04,3175.07,2892.40,2836.16,1674.56,1465.83,1547.93,1270.35,878.43,723.80,686.38,545.46,366.11,420.19,441.55,179.97,221.87,176.58,284.65,139.69,191.43,223.30,173.40,37.43
77957,78002,77979.5,1481.95,17.40,0.31,2.46,0.00,0.00,0.00,0.00,0.00,0.00,586.01,747.66,850.96,1918.82,1520.60,1544.68,1383.37,2506.18,2089.89,1177.10,2172.42,2155.92,2798.83,2130.28,2652.55,2921.47,3153.41,2787.72,1908.25,2048.30,1954.26,1308.77,790.58,417.79,706.69,644.84,382.86,250.63,279.10,336.93,19.19,344.30,166.83,167.22,139.41,172.23,135.83,39.86
78016,78061,78038.5,1388.53,17.20,0.35,2.46,0.00,0.00,0.00,0.00,0.00,672.73,0.00,413.76,1247.12,1571.09,1305.49,1108.48,1449.26,1004.48,1855.46,2090.53,2481.43,2937.56,2142.24,2597.74,2501.59,2649.07,2101.55,2192.44,2110.00,1991.55,1763.51,1190.36,1159.86,989.11,372.54,315.79,212.80,118.26,196.82,415.38,83.81,152.68,221.23,0.00,212.55,166.53,137.62,2.01
78075,78120,78097.5,2561.09,17.05,0.30,2.46,0.00,0.00,0.00,0.00,21678.34,9979.26,5845.88,2666.30,1441.89,1380.60,1143.11,1723.87,1101.98,1331.96,1023.17,1375.19,2444.25,1842.57,1691.08,2193.19,2090.24,2718.66,2939.41,2842.28,2658.62,2207.82,1961.66,1212.16,481.15,644.24,735.75,317.14,270.76,287.98,250.59,366.91,271.91,165.26,103.43,80.70,81.26,136.02,34.51,35.59
78134,78179,78156.5,1434.23,16.03,0.32,2.46,0.00,0.00,0.00,0.00,1949.22,410.93,1844.10,1570.05,2125.37,2190.06,197.43,1120.06,379.48,1687.90,1808.56,1099.60,1408.66,1127.53,3146.49,1806.44,2649.53,3336.54,2570.45,2404.63,1807.16,2053.90,1702.91,1397.95,752.50,623.66,550.10,415.83,319.41,84.54,38.66,285.68,18.20,57.86,120.35,3.65,81.53,180.83,233.39,106.02
78193,78238,78215.5,1477.76,16.46,0.34,2.46,0.00,0.00,0.00,0.00,2173.54,1084.66,3029.56,3629.69,1566.18,502.16,652.13,513.31,745.29,711.30,1632.58,1738.44,1420.52,1349.03,1988.12,2263.74,2584.34,2848.35,3184.04,2425.21,2371.35,1646.41,1268.61,1343.19,712.93,550.05,520.32,419.91,543.40,253.74,248.96,407.77,47.17,177.03,98.34,22.93,23.15,157.50,102.95,37.82
78252,78297,78274.5,1505.95,15.32,0.26,2.46,0.00,0.00,0.00,0.00,4355.94,0.00,2300.74,2209.66,1197.15,706.17,837.01,236.39,1002.06,1377.41,1996.80,1849.56,1492.80,2682.16,2027.98,2141.23,2394.11,2601.97,2149.84,2961.86,2280.12,1832.20,1756.34,1392.89,672.83,769.92,300.43,470.73,66.35,601.08,153.07,266.45,350.38,123.15,213.74,31.68,78.02,68.85,35.23,71.07
78311,78356,78333.5,1451.23,15.60,0.30,2.46,0.00,0.00,0.00,0.00,1007.88,1620.13,2101.69,1200.57,712.38,1613.51,731.07,1274.90,1174.17,1042.79,2150.07,1640.26,2261.83,2365.75,1872.65,2440.89,3033.02,2387.36,3037.50,2466.99,1922.35,1811.15,1305.09,712.68,1119.73,388.99,246.85,679.49,284.85,332.50,343.22,70.64,105.66,65.50,162.65,85.23,177.33,134.26,69.46,142.85
78370,78415,78392.5,1689.18,16.77,0.29,2.46,0.00,0.00,0.00,0.00,3164.92,4479.51,2901.38,1260.33,1305.53,1094.92,1145.27,1597.57,690.69,785.15,1471.27,1677.38,1515.27,2511.02,2931.36,2158.25,2525.46,2761.30,3257.86,2595.48,2174.16,1940.61,2020.72,1348.18,777.72,668.46,513.56,440.96,186.80,214.09,132.29,463.45,21.78,314.57,242.95,267.92,169.26,122.13,85.09,70.74
78429,78474,78451.5,1520.18,14.02,0.23,2.46,0.00,0.00,0.00,0.00,3371.47,2707.63,1805.62,1622.75,2116.40,1135.19,1630.74,1135.06,1070.83,1388.01,1033.54,940.53,2378.43,1542.20,1836.32,3017.19,2052.80,2404.09,2885.51,2464.69,2044.89,1787.30,980.73,1089.94,732.97,694.98,326.38,403.16,314.45,145.63,390.08,440.07,96.74,155.11,92.85,43.95,105.34,103.29,0.00,35.44
78488,78533,78510.5,3714.27,13.73,0.23,2.45,0.00,0.00,0.00,0.00,47225.44,22860.76,13056.73,6037.12,2291.69,1342.45,1431.76,555.49,656.96,829.10,1525.40,1923.91,988.32,1416.78,1242.06,1529.86,1038.06,1565.27,1786.32,1695.28,1289.01,964.95,989.63,724.40,632.41,247.81,473.27,280.94,224.88,333.06,270.10,305.41,212.44,287.29,227.31,25.52,152.58,34.69,33.37,55.52
78547,78592,78569.5,2260.43,14.90,0.31,2.39,0.00,0.00,0.00,0.00,14737.12,8502.28,7248.57,5819.40,2579.78,2729.07,887.72,2790.29,867.75,1221.01,1771.16,1185.51,1795.34,1455.44,1432.49,1701.18,1576.97,1813.08,1743.56,1868.07,1630.55,1257.94,861.25,824.86,567.23,580.19,362.56,323.55,445.66,277.64,117.94,294.72,94.42,42.80,96.21,154.40,10.14,78.70,59.87,195.06
78606,78651,78628.5,2337.22,15.36,0.30,2.30,0.00,0.00,0.00,11243.68,8104.98,7789.70,4536.73,4095.75,2652.27,1268.11,1199.26,923.29,1384.89,1839.54,975.06,1651.49,2212.82,2186.13,2479.59,2479.22,3015.45,2381.91,1971.18,1624.05,1171.08,1326.93,1600.75,934.94,662.65,570.86,349.11,101.57,179.38,177.02,271.62,119.22,138.18,153.05,142.12,93.15,160.42,142.72,226.13,77.75
78666,78711,78688.5,1668.69,10.55,0.17,2.16,0.00,0.00,0.00,3198.37,6968.40,2637.25,2302.83,1580.13,2494.62,2733.81,3010.38,2012.19,1623.62,2130.43,1829.53,1742.72,1860.53,1594.17,1769.43,1314.87,2184.40,2024.77,1226.05,981.47,1029.04,628.21,403.37,393.81,646.88,484.91,418.24,474.70,348.95,335.28,214.15,246.70,47.65,71.72,85.96,65.95,42.95,79.61,32.85,62.94
78725,78770,78747.5,2185.64,9.31,0.16,1.98,0.00,0.00,9942.76,3415.83,3320.87,5074.80,4532.33,4170.43,5156.26,4123.13,3719.17,2457.55,1465.88,2494.16,2967.91,1973.14,1382.27,1673.51,1681.18,1659.71,1381.36,1162.15,891.07,1083.45,827.57,521.08,402.05,305.08,292.19,117.22,195.09,210.12,267.55,285.27,124.79,96.37,43.44,52.11,78.54,30.45,107.57,102.14,35.11,0.00
