Data/Raw/MOORE,RICHARD/FIREXAQ-LARGE-SMPS_DC8_20190819_R0.ict
88,1001
Richard Moore, Elizabeth Wiggins, Edward Winstead, Claire Robinson, Lee Thornhill, and Kevin Sanchez
NASA Langley Research Center
In-situ Submicron Particle Size Distributions from a SMPS on the NASA DC-8
FIREXAQ
1,1
2019,08,19,2020,03,10
0
Time_start,Secs after midnight,Time of acquisition
50
1,1,1,1,1,1,1,1,1,1,1,1,1,1,1,1,1,1,1,1,1,1,1,1,1,1,1,1,1,1,1,1,1,1,1,1,1,1,1,1,1,1,1,1,1,1,1,1,1,1
-9999,-9999,-9999,-9999,-9999,-9999,-9999,-9999,-9999,-9999,-9999,-9999,-9999,-9999,-9999,-9999,-9999,-9999,-9999,-9999,-9999,-9999,-9999,-9999,-9999,-9999,-9999,-9999,-9999,-9999,-9999,-9999,-9999,-9999,-9999,-9999,-9999,-9999,-9999,-9999,-9999,-9999,-9999,-9999,-9999,-9999,-9999,-9999,-9999,-9999
Time_stop,Secs after midnight,Time of acquisition
Time_mid,Secs after midnight,Time of acquisition
nSMPS_stdPT,#/cm3,AerMP_NumConc_InSitu_RHd_Mobility_NucltoAccu_STP,integrated_number_density
sSMPS_stdPT,um2/cm3,AerMP_SurfAreaConc_InSitu_RHd_Mobility_NucltoAccu_STP,integrated_surface_area
vSMPS_stdPT,um3/cm3,AerMP_VolConc_InSitu_RHd_Mobility_NucltoAccu_STP,integrated_volume
SMPS_stdPT, unitless, None, conversion between ambient PT and standard PT (1013, 273)
SMPS_bin00_stdPT,#/cm3,AerMP_NumSizeDist_InSitu_RHd_Mobility_NucltoAccu_STP,Binned number size distribution (in dNdlogDp) measured by the SMPS
SMPS_bin01_stdPT,#/cm3,AerMP_NumSizeDist_InSitu_RHd_Mobility_NucltoAccu_STP,Binned number size distribution (in dNdlogDp) measured by the SMPS
SMPS_bin02_stdPT,#/cm3,AerMP_NumSizeDist_InSitu_RHd_Mobility_NucltoAccu_STP,Binned number size distribution (in dNdlogDp) measured by the SMPS
SMPS_bin03_stdPT,#/cm3,AerMP_NumSizeDist_InSitu_RHd_Mobility_NucltoAccu_STP,Binned number size distribution (in dNdlogDp) measured by the SMPS
SMPS_bin04_stdPT,#/cm3,AerMP_NumSizeDist_InSitu_RHd_Mobility_NucltoAccu_STP,Binned number size distribution (in dNdlogDp) measured by the SMPS
SMPS_bin05_stdPT,#/cm3,AerMP_NumSizeDist_InSitu_RHd_Mobility_NucltoAccu_STP,Binned number size distribution (in dNdlogDp) measured by the SMPS
SMPS_bin06_stdPT,#/cm3,AerMP_NumSizeDist_InSitu_RHd_Mobility_NucltoAccu_STP,Binned number size distribution (in dNdlogDp) measured by the SMPS
SMPS_bin07_stdPT,#/cm3,AerMP_NumSizeDist_InSitu_RHd_Mobility_NucltoAccu_STP,Binned number size distribution (in dNdlogDp) measured by the SMPS
SMPS_bin08_stdPT,#/cm3,AerMP_NumSizeDist_InSitu_RHd_Mobility_NucltoAccu_STP,Binned number size distribution (in dNdlogDp) measured by the SMPS
SMPS_bin09_stdPT,#/cm3,AerMP_NumSizeDist_InSitu_RHd_Mobility_NucltoAccu_STP,Binned number size distribution (in dNdlogDp) measured by the SMPS
SMPS_bin10_stdPT,#/cm3,AerMP_NumSizeDist_InSitu_RHd_Mobility_NucltoAccu_STP,Binned number size distribution (in dNdlogDp) measured by the SMPS
SMPS_bin11_stdPT,#/cm3,AerMP_NumSizeDist_InSitu_RHd_Mobility_NucltoAccu_STP,Binned number size distribution (in dNdlogDp) measured by the SMPS
SMPS_bin12_stdPT,#/cm3,AerMP_NumSizeDist_InSitu_RHd_Mobility_NucltoAccu_STP,Binned number size distribution (in dNdlogDp) measured by the SMPS
SMPS_bin13_stdPT,#/cm3,AerMP_NumSizeDist_InSitu_RHd_Mobility_NucltoAccu_STP,Binned number size distribution (in dNdlogDp) measured by the SMPS
SMPS_bin14_stdPT,#/cm3,AerMP_NumSizeDist_InSitu_RHd_Mobility_NucltoAccu_STP,Binned number size distribution (in dNdlogDp) measured by the SMPS
[...]
UNCERTAINTY:  20%
ULOD_FLAG: -7777
ULOD_VALUE: N/A
LLOD_FLAG: -8888
LLOD_VALUE: N/A
DM_CONTACT_INFO: Lee Thornhill (Kenneth.L.Thornhill@nasa.gov)
PROJECT_INFO: FIREX-AQ
STIPULATIONS_ON_USE: No stipulations on use. The user is encouraged to contact the PI or DM prior to use.
OTHER_COMMENTS: Midpoint diameters of Bins 00 to 43 are: 0.011,0.012,0.013,0.014,0.015,0.016,0.017,0.018,0.019,0.021,0.022,0.024,0.026,0.028,0.030,0.032,0.035,0.037,0.040,0.043,0.046,0.050,0.053,0.057,0.061,0.066,0.071,0.076,0.082,0.088,0.095,0.102,0.109,0.118,0.126,0.136,0.146,0.157,0.168,0.181,0.194,0.209,0.225,0.241
REVISION: R0
R0: Final Data. Data are corrected for time lags and ammonium sulfate size calibrations.
*******************************************************************************************************************************
Time_start,Time_stop,Time_mid,nSMPS_stdPT,sSMPS_stdPT,vSMPS_stdPT,SMPS_stdPT,SMPS_bin00_stdPT,SMPS_bin01_stdPT,SMPS_bin02_stdPT,SMPS_bin03_stdPT,SMPS_bin04_stdPT,SMPS_bin05_stdPT,SMPS_bin06_stdPT,SMPS_bin07_stdPT,SMPS_bin08_stdPT,SMPS_bin09_stdPT,SMPS_bin10_stdPT,SMPS_bin11_stdPT,SMPS_bin12_stdPT,SMPS_bin13_stdPT,SMPS_bin14_stdPT,SMPS_bin15_stdPT,SMPS_bin16_stdPT,SMPS_bin17_stdPT,SMPS_bin18_stdPT,SMPS_bin19_stdPT,SMPS_bin20_stdPT,SMPS_bin21_stdPT,SMPS_bin22_stdPT,SMPS_bin23_stdPT,SMPS_bin24_stdPT,SMPS_bin25_stdPT,SMPS_bin26_stdPT,SMPS_bin27_stdPT,SMPS_bin28_stdPT,SMPS_bin29_stdPT,SMPS_bin30_stdPT,SMPS_bin31_stdPT,SMPS_bin32_stdPT,SMPS_bin33_stdPT,SMPS_bin34_stdPT,SMPS_bin35_stdPT,SMPS_bin36_stdPT,SMPS_bin37_stdPT,SMPS_bin38_stdPT,SMPS_bin39_stdPT,SMPS_bin40_stdPT,SMPS_bin41_stdPT,SMPS_bin42_stdPT,SMPS_bin43_stdPT
64350,64395,64372.5,0.00,0.00,0.00,1.23,0.00,0.00,0.00,0.00,0.00,0.00,0.00,0.00,0.00,0.00,0.00,0.00,0.00,0.00,0.00,0.00,0.00,0.00,0.00,0.00,0.00,0.00,0.00,0.00,0.00,0.00,0.00,0.00,0.00,0.00,0.00,0.00,0.00,0.00,0.00,0.00,0.00,0.00,0.00,0.00,0.00,0.00,0.00,0.00
64409,64454,64431.5,0.00,0.00,0.00,1.28,0.00,0.00,0.00,0.00,0.00,0.00,0.00,0.00,0.00,0.00,0.00,0.00,0.00,0.00,0.00,0.00,0.00,0.00,0.00,0.00,0.00,0.00,0.00,0.00,0.00,0.00,0.00,0.00,0.00,0.00,0.00,0.00,0.00,0.00,0.00,0.00,0.00,0.00,0.00,0.00,0.00,0.00,0.00,0.00
64468,64513,64490.5,0.00,0.00,0.00,1.37,0.00,0.00,0.00,0.00,0.00,0.00,0.00,0.00,0.00,0.00,0.00,0.00,0.00,0.00,0.00,0.00,0.00,0.00,0.00,0.00,0.00,0.00,0.00,0.00,0.00,0.00,0.00,0.00,0.00,0.00,0.00,0.00,0.00,0.00,0.00,0.00,0.00,0.00,0.00,0.00,0.00,0.00,0.00,0.00
64527,64572,64549.5,0.00,0.00,0.00,1.48,0.00,0.00,0.00,0.00,0.00,0.00,0.00,0.00,0.00,0.00,0.00,0.00,0.00,0.00,0.00,0.00,0.00,0.00,0.00,0.00,0.00,0.00,0.00,0.00,0.00,0.00,0.00,0.00,0.00,0.00,0.00,0.00,0.00,0.00,0.00,0.00,0.00,0.00,0.00,0.00,0.00,0.00,0.00,0.00
64586,64631,64608.5,0.00,0.00,0.00,1.56,0.00,0.00,0.00,0.00,0.00,0.00,0.00,0.00,0.00,0.00,0.00,0.00,0.00,0.00,0.00,0.00,0.00,0.00,0.00,0.00,0.00,0.00,0.00,0.00,0.00,0.00,0.00,0.00,0.00,0.00,0.00,0.00,0.00,0.00,0.00,0.00,0.00,0.00,0.00,0.00,0.00,0.00,0.00,0.00
64645,64690,64667.5,0.00,0.00,0.00,1.64,0.00,0.00,0.00,0.00,0.00,0.00,0.00,0.00,0.00,0.00,0.00,0.00,0.00,0.00,0.00,0.00,0.00,0.00,0.00,0.00,0.00,0.00,0.00,0.00,0.00,0.00,0.00,0.00,0.00,0.00,0.00,0.00,0.00,0.00,0.00,0.00,0.00,0.00,0.00,0.00,0.00,0.00,0.00,0.00
64704,64749,64726.5,1295.76,69.30,2.05,1.75,0.00,0.00,0.00,0.00,0.00,190.46,100.77,210.41,0.00,262.54,302.08,759.66,934.89,1169.51,621.91,817.43,1055.56,816.89,845.67,1040.39,682.96,1208.38,1102.57,674.70,952.12,757.21,462.00,930.40,1358.52,565.88,930.28,1983.97,1807.98,1353.19,1499.43,2203.82,1514.82,1514.08,1770.76,2249.74,1881.08,1580.55,1479.18,1006.06
64763,64808,64785.5,960.99,34.43,1.01,1.88,0.00,0.00,0.00,0.00,510.54,412.42,385.20,377.90,359.60,1239.60,875.97,423.34,1146.74,796.22,1281.90,1000.24,1266.75,1014.83,1023.70,840.69,916.29,708.00,869.00,672.19,479.65,453.20,551.12,611.19,612.26,859.34,1026.04,607.08,705.71,940.25,798.80,569.52,941.78,940.65,674.54,684.34,898.24,771.28,298.37,340.47
64822,64867,64844.5,1309.39,17.07,0.46,2.03,0.00,0.00,0.00,1077.78,0.00,5361.31,1272.93,3023.30,3520.27,3167.04,2677.79,3389.18,3134.42,1208.74,1202.21,1100.61,941.36,840.93,707.82,285.62,740.07,203.20,396.72,384.76,491.72,324.67,272.19,400.31,501.96,219.57,531.98,470.86,527.65,175.32,345.15,211.37,259.42,85.06,597.99,483.43,263.69,260.32,206.40,447.19
64881,64926,64903.5,1674.66,12.98,0.31,2.16,0.00,0.00,0.00,3205.54,6886.68,5490.09,4771.29,2427.76,3139.53,2806.80,2627.31,1880.88,1759.74,3175.88,1670.28,1831.60,1732.47,1077.00,424.14,365.39,723.27,613.03,650.79,473.60,400.21,698.73,499.29,345.92,549.95,213.80,229.85,204.86,152.55,266.79,237.19,300.57,303.25,319.78,0.00,169.08,255.94,141.57,179.82,154.05
64940,64985,64962.5,1458.79,8.90,0.18,2.26,0.00,0.00,0.00,8764.88,1785.95,2392.71,6463.34,663.51,2322.18,2167.35,3182.14,2726.49,2475.48,1780.29,2269.40,946.58,575.29,505.42,257.74,909.64,349.77,647.36,279.46,506.79,647.96,244.52,283.71,352.32,460.81,342.91,255.84,380.22,165.86,264.14,162.69,273.56,142.58,138.26,53.39,94.52,93.79,128.29,65.50,33.23
64999,65044,65021.5,1931.92,6.82,0.12,2.36,0.00,0.00,0.00,0.00,10714.44,4891.61,5639.71,5676.46,6584.88,4950.95,3854.32,4776.75,3906.13,1484.61,1332.83,574.86,819.31,543.70,847.37,449.44,372.64,425.82,424.07,488.01,581.67,345.02,226.80,320.92,413.65,213.09,27.27,80.02,88.15,17.54,27.31,166.55,240.25,10.60,30.99,65.31,0.00,63.97,34.27,0.00
65058,65103,65080.5,2225.58,6.62,0.09,2.48,0.00,0.00,0.00,0.00,9493.78,5029.93,7145.27,9317.59,6970.94,4595.67,5944.21,4853.01,3747.57,2955.17,2482.48,819.06,643.49,732.66,528.45,728.94,486.07,830.35,599.44,652.05,425.14,642.35,218.97,218.90,184.10,177.88,60.41,67.50,97.06,68.73,98.08,50.96,69.44,5.81,32.42,75.42,0.00,34.97,71.39,0.00
65117,65162,65139.5,2357.08,6.27,0.09,2.59,0.00,0.00,0.00,0.00,14369.68,8298.37,6511.94,7137.59,8940.32,5613.39,4249.25,4647.30,3247.57,1837.39,1820.25,1446.68,976.82,630.09,1060.86,554.05,361.40,541.88,382.91,403.56,232.70,526.29,283.14,251.87,249.48,32.98,30.17,235.43,48.01,58.06,72.85,65.14,0.00,27.57,34.41,35.85,72.28,0.00,74.80,25.46
65176,65221,65198.5,2068.26,5.43,0.06,2.71,0.00,0.00,0.00,0.00,11268.34,11920.71,4935.19,10095.96,5748.17,3496.25,1754.70,2093.42,2969.79,1578.63,1456.60,713.07,729.30,1054.68,468.60,782.63,867.65,670.72,478.63,566.59,438.23,279.44,400.52,249.39,176.74,228.32,243.05,63.35,16.28,113.94,35.39,74.19,51.39,14.05,35.24,37.61,38.09,0.00,39.52,0.00
65235,65280,65257.5,1488.96,7.37,0.13,2.80,0.00,0.00,0.00,0.00,0.00,9755.35,3939.60,5048.44,3105.36,4196.76,3934.58,2471.52,1887.42,1231.73,1208.03,1278.40,763.99,827.21,469.91,622.04,697.18,509.36,529.31,1079.52,469.70,504.31,388.85,402.21,477.89,314.39,193.22,115.93,241.78,214.29,111.34,133.29,23.82,168.60,37.03,74.68,39.49,19.62,60.88,55.80
65294,65339,65316.5,1015.98,6.05,0.09,2.90,0.00,0.00,0.00,0.00,0.00,7189.97,3432.49,2423.12,2860.17,1585.96,1306.25,1779.55,1094.03,636.65,298.73,794.31,183.78,576.43,595.19,656.31,770.78,848.46,543.62,595.17,566.03,459.94,391.41,603.99,203.79,200.02,388.51,282.24,228.46,431.33,197.29,39.29,62.84,162.75,39.61,0.00,0.00,41.13,41.66,0.00
65353,65398,65375.5,886.92,7.98,0.19,2.99,0.00,0.00,0.00,0.00,0.00,4931.32,2586.45,1165.56,2270.85,1544.70,1983.49,755.45,993.87,623.12,1229.16,621.00,576.53,672.60,622.19,482.00,662.74,662.97,654.46,457.07,446.77,645.80,531.37,522.44,405.25,454.03,376.16,144.09,214.26,236.79,157.48,101.63,230.19,44.37,0.00,0.00,9.01,35.85,0.00,87.44
65412,65457,65434.5,1356.76,8.21,0.15,3.07,0.00,0.00,0.00,0.00,0.00,6956.02,7909.65,4663.32,3484.32,2785.90,1365.60,1281.65,1798.53,728.57,677.77,666.02,172.77,1185.34,723.74,886.60,793.42,1009.33,565.85,635.11,1009.19,655.38,317.31,478.49,288.74,444.80,386.32,269.16,169.98,159.27,82.95,87.92,57.96,110.05,54.67,151.71,127.18,129.38,87.29,59.22
65471,65516,65493.5,1317.67,7.79,0.15,3.18,0.00,0.00,0.00,0.00,0.00,5948.24,5454.38,5118.47,2273.14,3178.90,2275.32,1606.06,2251.49,2027.47,1507.71,1150.73,878.15,1026.54,302.30,633.92,914.84,292.08,648.46,367.95,531.23,512.71,644.53,135.57,456.14,209.45,167.45,216.91,332.75,112.58,97.39,123.32,121.80,131.04,166.99,0.00,110.89,46.32,8.59,92.46
65530,65575,65552.5,1572.42,6.21,0.07,3.28,0.00,0.00,0.00,0.00,0.00,0.00,7844.51,6817.90,6207.17,4688.51,3966.73,4484.40,1880.21,1182.41,1458.70,854.20,1798.19,932.34,738.84,608.38,874.58,1118.48,965.55,248.03,0.00,809.48,401.68,592.95,310.73,693.13,135.94,118.40,69.72,182.41,46.23,0.00,0.00,61.85,90.27,135.67,0.00,0.00,0.00,0.00
65589,65634,65611.5,1445.88,8.79,0.15,3.40,0.00,0.00,0.00,0.00,0.00,0.00,4027.57,7498.31,3826.13,4522.76,4268.84,1844.75,2316.85,2105.32,1488.88,1327.97,1321.43,870.52,783.01,676.53,910.08,775.04,880.66,545.82,682.13,831.54,799.17,721.59,859.92,440.98,663.48,573.74,107.26,20.70,0.00,31.96,0.00,117.14,69.76,0.00,63.01,144.98,0.00,150.27
65648,65693,65670.5,1583.51,8.65,0.15,3.50,0.00,0.00,0.00,0.00,0.00,0.00,7745.83,5354.56,3823.07,4685.09,3778.08,2326.95,2373.26,1611.19,1945.95,1848.75,1938.89,1401.77,1157.67,1538.97,1241.82,855.28,907.41,1339.65,565.43,823.08,400.90,581.99,755.64,511.52,156.76,352.37,0.00,84.01,40.68,183.21,5.99,30.12,44.29,14.56,0.00,0.00,51.33,35.07
65708,65753,65730.5,1769.10,6.60,0.07,3.52,0.00,0.00,0.00,0.00,0.00,0.00,10391.12,4345.02,8513.17,5424.38,3712.35,3527.62,3205.94,1728.48,1857.41,1554.10,1764.88,1129.59,776.33,1081.46,724.92,307.10,1044.55,872.22,1020.33,899.00,862.24,430.10,345.75,315.30,260.93,128.37,0.00,48.80,86.54,81.55,48.36,26.47,47.24,0.00,49.55,0.00,0.00,0.00
65767,65812,65789.5,2104.83,8.06,0.10,3.51,0.00,0.00,0.00,0.00,0.00,0.00,13051.80,11248.98,6697.23,6026.11,5213.03,2144.04,2918.44,3043.00,2794.62,1210.16,981.27,1025.35,1265.12,763.73,847.69,1441.48,1118.72,886.71,604.37,615.40,846.45,733.78,283.63,297.64,338.79,184.82,307.75,97.77,0.00,127.02,48.27,72.53,14.09,0.00,49.18,0.00,0.00,0.00
65826,65871,65848.5,2482.05,7.89,0.10,3.52,0.00,0.00,0.00,0.00,0.00,0.00,16298.45,15296.76,9085.74,6839.95,7949.82,3910.69,2851.80,2124.41,3029.16,1450.38,1071.81,1179.34,628.71,648.70,763.28,768.49,872.81,606.93,636.13,885.58,525.17,420.03,178.63,155.28,370.15,177.63,47.52,342.30,0.44,0.00,0.00,96.41,0.00,98.63,39.14,19.10,0.00,0.00
65885,65930,65907.5,2094.26,6.86,0.07,3.51,0.00,0.00,0.00,0.00,0.00,0.00,13665.46,9758.61,8603.94,6217.70,5873.83,3412.34,1717.52,1969.44,2328.16,1379.76,1132.20,1134.11,1500.70,695.72,984.20,1135.22,857.17,716.15,908.65,383.27,498.36,574.72,195.12,479.79,430.27,0.00,96.70,98.62,0.00,120.43,0.00,48.53,0.00,18.94,80.73,0.00,0.00,0.00
65944,65989,65966.5,2081.14,10.03,0.12,3.51,0.00,0.00,0.00,0.00,0.00,0.00,14796.18,9554.60,3781.54,3829.01,3010.86,1916.40,3778.41,2377.70,1937.54,1352.39,937.29,2112.99,1151.25,1974.94,1199.77,1997.48,1704.96,1706.08,1705.65,1288.41,746.41,720.86,797.57,668.98,336.30,424.89,218.75,113.31,134.54,89.65,48.55,0.00,32.59,18.95,80.46,0.00,51.22,0.00
66003,66048,66025.5,1902.22,12.37,0.18,3.51,0.00,0.00,0.00,0.00,0.00,0.00,6927.37,6210.16,5034.55,7614.43,4388.32,2596.00,1530.20,2312.97,1080.26,1154.91,836.12,1674.24,2036.79,857.11,1621.02,1206.67,1169.07,1636.87,1593.95,1842.60,1913.57,1380.27,785.72,936.97,872.12,363.88,426.83,237.14,74.99,136.57,12.67,29.41,72.62,18.96,30.71,151.80,80.07,23.09
66062,66107,66084.5,1961.13,11.93,0.16,3.51,0.00,0.00,0.00,0.00,0.00,0.00,6825.69,7728.94,5917.40,4629.42,1042.28,2820.42,2841.29,1878.69,1963.62,2493.70,1653.97,2304.55,2806.14,1591.27,1783.10,1865.10,1669.92,1876.01,2175.94,1429.05,1021.96,1088.33,422.19,582.19,656.17,527.93,201.85,340.81,88.55,117.11,1.77,161.65,14.78,0.00,129.28,50.42,0.00,0.00
66121,66166,66143.5,1971.07,9.34,0.11,3.51,0.00,0.00,0.00,0.00,0.00,0.00,12893.95,7057.10,5377.27,3771.60,2655.05,3688.76,2748.74,2081.56,1047.32,2549.44,2267.93,890.39,1943.83,2331.89,1267.49,1803.86,1274.03,1105.41,1209.81,891.47,570.14,1013.86,544.20,470.74,224.98,386.08,223.58,328.22,88.67,129.29,55.15,0.00,32.59,98.97,0.00,30.74,20.26,0.00
66180,66225,66202.5,1832.00,8.48,0.10,3.52,0.00,0.00,0.00,0.00,0.00,0.00,8752.17,10084.06,7504.13,4009.58,5409.30,1138.48,2446.56,599.97,1465.60,1373.37,1975.90,844.08,1125.24,1016.22,1327.94,1630.34,1220.37,711.47,792.32,1123.64,845.09,412.93,645.93,657.77,229.82,339.21,192.78,34.81,214.34,203.81,117.03,48.81,36.55,43.55,0.00,50.84,0.00,0.00
66239,66284,66261.5,1851.29,6.00,0.06,3.52,0.00,0.00,0.00,0.00,0.00,0.00,12883.61,10424.77,5101.00,4613.60,5162.06,2460.14,2462.06,2040.78,773.43,1206.70,1344.77,1235.94,1109.97,892.26,1559.83,755.03,1320.85,644.04,777.54,312.60,680.61,498.33,263.28,51.62,102.98,154.41,135.31,96.25,0.00,0.00,2.45,94.96,36.66,43.52,0.00,0.00,0.00,0.00
66298,66343,66320.5,1758.58,5.67,0.05,3.52,0.00,0.00,0.00,0.00,0.00,0.00,5515.95,7552.61,10167.86,7658.65,4045.06,3222.68,3532.80,2137.55,1251.59,764.00,881.15,1458.07,580.92,1356.04,601.40,958.07,1053.05,742.51,420.31,443.23,378.86,292.44,531.68,0.00,120.50,181.09,142.61,88.95,0.00,97.06,0.00,0.00,97.97,0.00,0.00,0.00,0.00,0.00
66357,66402,66379.5,2304.41,6.71,0.06,3.52,0.00,0.00,0.00,0.00,0.00,0.00,17947.27,9562.11,11706.34,5471.74,5093.01,2327.08,3610.30,3970.60,1627.75,1026.02,1203.39,1476.72,1127.10,1051.30,1071.59,561.12,480.21,650.26,606.51,462.59,730.61,513.97,274.03,361.49,103.00,426.09,61.52,75.46,30.96,0.00,0.00,48.79,32.75,49.54,0.00,0.00,0.00,0.00
66416,66461,66438.5,2092.93,6.10,0.08,3.52,0.00,0.00,0.00,0.00,0.00,0.00,14868.49,12425.02,7370.15,6230.80,4286.43,3821.32,3666.89,2116.10,1979.10,1339.22,913.10,1677.99,1027.27,522.83,698.04,817.96,311.59,368.97,207.13,379.82,536.43,187.45,518.27,158.49,134.93,55.23,59.18,0.00,41.72,48.58,0.00,0.00,0.00,0.00,0.00,101.20,51.82,52.08
66475,66520,66497.5,2123.78,6.19,0.08,3.52,0.00,0.00,0.00,0.00,0.00,0.00,18074.26,11596.27,7410.24,5779.97,5266.41,6347.53,2120.64,1173.81,1164.93,775.21,632.80,581.00,1113.24,847.46,772.00,679.25,160.97,639.73,459.02,239.60,240.65,630.48,267.65,273.09,48.84,179.54,40.04,34.19,0.00,130.45,48.61,66.16,29.79,18.98,30.74,0.00,51.82,0.00
66534,66579,66556.5,1783.56,6.67,0.07,3.52,0.00,0.00,0.00,0.00,0.00,0.00,5484.27,10038.63,6037.64,5612.20,5671.93,3289.28,3941.60,2340.48,2071.27,1109.72,978.07,845.38,1353.52,636.27,832.48,1355.57,1033.59,379.83,645.26,720.55,735.44,447.22,270.14,210.06,168.65,280.84,172.02,84.92,50.15,0.00,99.47,46.11,32.54,98.72,0.00,0.00,0.00,0.00
66593,66638,66615.5,2007.68,6.62,0.09,3.52,0.00,0.00,0.00,0.00,0.00,0.00,16048.12,10899.84,6270.38,5542.41,3578.32,2690.69,3335.71,2722.66,951.54,1810.46,874.50,1297.10,912.19,1026.34,558.30,925.75,649.33,1043.70,711.53,705.16,226.20,349.82,168.38,436.28,114.42,30.95,53.48,1.48,0.00,49.66,53.46,0.00,0.00,49.34,49.68,0.00,0.00,52.01
66652,66697,66674.5,2376.99,6.58,0.07,3.52,0.00,0.00,0.00,0.00,0.00,0.00,22582.45,10549.50,4990.54,7739.71,5518.35,5544.99,2469.25,3034.91,1074.07,1725.02,1227.88,1980.87,1037.49,572.40,877.13,791.37,649.21,334.99,672.28,657.15,651.46,260.45,229.26,188.77,0.00,309.17,117.59,35.44,91.48,48.38,0.00,0.00,0.00,0.00,0.00,50.61,51.68,0.00
66711,66756,66733.5,1844.33,6.40,0.09,3.52,0.00,0.00,0.00,0.00,0.00,0.00,7524.93,6202.15,5830.26,9346.56,7160.34,4771.12,2513.94,2589.38,1609.21,1732.25,1204.15,1073.10,1818.58,663.93,805.07,721.62,553.22,296.13,192.47,523.93,343.73,127.10,345.64,284.70,170.96,0.00,130.05,105.92,97.64,3.81,25.69,40.06,63.48,0.00,50.00,0.00,0.00,20.80
66770,66815,66792.5,2816.43,6.83,0.06,3.52,0.00,0.00,0.00,0.00,0.00,0.00,26719.93,13234.71,10130.52,9813.28,6883.21,4372.44,3363.58,2372.52,1766.09,1742.79,1576.05,1008.73,903.81,537.56,593.31,545.75,856.11,560.45,515.53,472.06,714.80,289.07,319.95,206.63,162.07,0.00,64.39,89.66,48.69,51.72,48.33,96.94,65.15,0.00,0.00,0.00,0.00,0.00
66829,66874,66851.5,2676.78,7.21,0.09,3.52,0.00,0.00,0.00,0.00,0.00,0.00,26359.95,17289.59,6998.53,8017.39,4330.80,5241.27,2325.27,2591.07,1448.82,1582.33,1097.27,1231.82,705.41,916.36,482.86,810.32,799.04,188.98,564.47,423.53,680.60,377.02,383.34,130.64,91.28,50.19,47.65,58.75,0.00,94.97,8.91,94.38,129.76,0.00,47.84,0.00,0.00,0.00
66888,66933,66910.5,2283.32,7.70,0.09,3.52,0.00,0.00,0.00,0.00,0.00,0.00,11724.36,12902.93,8932.76,6038.62,6557.85,3584.20,4008.88,2619.60,1748.44,1962.81,1486.50,784.25,1448.99,1111.70,1634.29,829.71,1329.73,589.98,702.75,444.77,610.72,338.34,349.96,522.20,141.88,0.00,202.25,143.15,47.92,0.00,0.00,96.71,0.00,0.00,99.59,0.00,0.00,70.29
66947,66992,66969.5,1858.32,6.86,0.09,3.52,0.00,0.00,0.00,0.00,0.00,0.00,9951.60,6865.33,7430.41,7215.43,3394.12,4499.00,2932.15,2759.04,2491.03,1321.97,1955.85,483.28,751.13,714.05,580.64,729.28,767.91,732.64,812.34,669.83,313.12,508.24,395.53,325.33,228.35,165.91,127.33,0.00,0.00,0.00,32.20,0.00,36.40,92.28,99.64,50.24,0.00,34.49
67006,67051,67028.5,2279.52,6.32,0.06,3.52,0.00,0.00,0.00,0.00,0.00,0.00,18979.12,8527.05,10001.55,6229.38,4752.14,4980.41,3560.58,3434.09,2311.32,1177.15,1000.67,913.01,776.28,380.92,930.66,606.66,581.95,613.21,490.32,406.29,481.58,635.93,318.69,251.95,260.64,76.54,96.22,0.00,0.00,0.00,0.00,22.99,3.90,62.06,30.54,0.00,50.97,0.00
67065,67110,67087.5,0.00,0.00,0.00,3.52,0.00,0.00,0.00,0.00,0.00,0.00,0.00,0.00,0.00,0.00,0.00,0.00,0.00,0.00,0.00,0.00,0.00,0.00,0.00,0.00,0.00,0.00,0.00,0.00,0.00,0.00,0.00,0.00,0.00,0.00,0.00,0.00,0.00,0.00,0.00,0.00,0.00,0.00,0.00,0.00,0.00,0.00,0.00,0.00
67124,67169,67146.5,0.00,0.00,0.00,3.59,0.00,0.00,0.00,0.00,0.00,0.00,0.00,0.00,0.00,0.00,0.00,0.00,0.00,0.00,0.00,0.00,0.00,0.00,0.00,0.00,0.00,0.00,0.00,0.00,0.00,0.00,0.00,0.00,0.00,0.00,0.00,0.00,0.00,0.00,0.00,0.00,0.00,0.00,0.00,0.00,0.00,0.00,0.00,0.00
67183,67228,67205.5,0.00,0.00,0.00,3.71,0.00,0.00,0.00,0.00,0.00,0.00,0.00,0.00,0.00,0.00,0.00,0.00,0.00,0.00,0.00,0.00,0.00,0.00,0.00,0.00,0.00,0.00,0.00,0.00,0.00,0.00,0.00,0.00,0.00,0.00,0.00,0.00,0.00,0.00,0.00,0.00,0.00,0.00,0.00,0.00,0.00,0.00,0.00,0.00
