Data/Raw/MOORE,RICHARD/FIREXAQ-LARGE-SMPS_DC8_20190816_R0.ict
88,1001
Richard Moore, Elizabeth Wiggins, Edward Winstead, Claire Robinson, Lee Thornhill, and Kevin Sanchez
NASA Langley Research Center
In-situ Submicron Particle Size Distributions from a SMPS on the NASA DC-8
FIREXAQ
1,1
2019,08,16,2020,03,10
0
Time_start,Secs after midnight,Time of acquisition
50
1,1,1,1,1,1,1,1,1,1,1,1,1,1,1,1,1,1,1,1,1,1,1,1,1,1,1,1,1,1,1,1,1,1,1,1,1,1,1,1,1,1,1,1,1,1,1,1,1,1
-9999,-9999,-9999,-9999,-9999,-9999,-9999,-9999,-9999,-9999,-9999,-9999,-9999,-9999,-9999,-9999,-9999,-9999,-9999,-9999,-9999,-9999,-9999,-9999,-9999,-9999,-9999,-9999,-9999,-9999,-9999,-9999,-9999,-9999,-9999,-9999,-9999,-9999,-9999,-9999,-9999,-9999,-9999,-9999,-9999,-9999,-9999,-9999,-9999,-9999
Time_stop,Secs after midnight,Time of acquisition
Time_mid,Secs after midnight,Time of acquisition
nSMPS_stdPT,#/cm3,AerMP_NumConc_InSitu_RHd_Mobility_NucltoAccu_STP,integrated_number_density
sSMPS_stdPT,um2/cm3,AerMP_SurfAreaConc_InSitu_RHd_Mobility_NucltoAccu_STP,integrated_surface_area
vSMPS_stdPT,um3/cm3,AerMP_VolConc_InSitu_RHd_Mobility_NucltoAccu_STP,integrated_volume
SMPS_stdPT, unitless, None, conversion between ambient PT and standard PT (1013, 273)
SMPS_bin00_stdPT,#/cm3,AerMP_NumSizeDist_InSitu_RHd_Mobility_NucltoAccu_STP,Binned number size distribution (in dNdlogDp) measured by the SMPS
SMPS_bin01_stdPT,#/cm3,AerMP_NumSizeDist_InSitu_RHd_Mobility_NucltoAccu_STP,Binned number size distribution (in dNdlogDp) measured by the SMPS
SMPS_bin02_stdPT,#/cm3,AerMP_NumSizeDist_InSitu_RHd_Mobility_NucltoAccu_STP,Binned number size distribution (in dNdlogDp) measured by the SMPS
SMPS_bin03_stdPT,#/cm3,AerMP_NumSizeDist_InSitu_RHd_Mobility_NucltoAccu_STP,Binned number size distribution (in dNdlogDp) measured by the SMPS
SMPS_bin04_stdPT,#/cm3,AerMP_NumSizeDist_InSitu_RHd_Mobility_NucltoAccu_STP,Binned number size distribution (in dNdlogDp) measured by the SMPS
SMPS_bin05_stdPT,#/cm3,AerMP_NumSizeDist_InSitu_RHd_Mobility_NucltoAccu_STP,Binned number size distribution (in dNdlogDp) measured by the SMPS
SMPS_bin06_stdPT,#/cm3,AerMP_NumSizeDist_InSitu_RHd_Mobility_NucltoAccu_STP,Binned number size distribution (in dNdlogDp) measured by the SMPS
SMPS_bin07_stdPT,#/cm3,AerMP_NumSizeDist_InSitu_RHd_Mobility_NucltoAccu_STP,Binned number size distribution (in dNdlogDp) measured by the SMPS
SMPS_bin08_stdPT,#/cm3,AerMP_NumSizeDist_InSitu_RHd_Mobility_NucltoAccu_STP,Binned number size distribution (in dNdlogDp) measured by the SMPS
SMPS_bin09_stdPT,#/cm3,AerMP_NumSizeDist_InSitu_RHd_Mobility_NucltoAccu_STP,Binned number size distribution (in dNdlogDp) measured by the SMPS
SMPS_bin10_stdPT,#/cm3,AerMP_NumSizeDist_InSitu_RHd_Mobility_NucltoAccu_STP,Binned number size distribution (in dNdlogDp) measured by the SMPS
SMPS_bin11_stdPT,#/cm3,AerMP_NumSizeDist_InSitu_RHd_Mobility_NucltoAccu_STP,Binned number size distribution (in dNdlogDp) measured by the SMPS
SMPS_bin12_stdPT,#/cm3,AerMP_NumSizeDist_InSitu_RHd_Mobility_NucltoAccu_STP,Binned number size distribution (in dNdlogDp) measured by the SMPS
SMPS_bin13_stdPT,#/cm3,AerMP_NumSizeDist_InSitu_RHd_Mobility_NucltoAccu_STP,Binned number size distribution (in dNdlogDp) measured by the SMPS
SMPS_bin14_stdPT,#/cm3,AerMP_NumSizeDist_InSitu_RHd_Mobility_NucltoAccu_STP,Binned number size distribution (in dNdlogDp) measured by the SMPS
[...]
UNCERTAINTY:  20%
ULOD_FLAG: -7777
ULOD_VALUE: N/A
LLOD_FLAG: -8888
LLOD_VALUE: N/A
DM_CONTACT_INFO: Lee Thornhill (Kenneth.L.Thornhill@nasa.gov)
PROJECT_INFO: FIREX-AQ
STIPULATIONS_ON_USE: No stipulations on use. The user is encouraged to contact the PI or DM prior to use.
OTHER_COMMENTS: Midpoint diameters of Bins 00 to 43 are: 0.011,0.012,0.013,0.014,0.015,0.016,0.017,0.018,0.019,0.021,0.022,0.024,0.026,0.028,0.030,0.032,0.035,0.037,0.040,0.043,0.046,0.050,0.053,0.057,0.061,0.066,0.071,0.076,0.082,0.088,0.095,0.102,0.109,0.118,0.126,0.136,0.146,0.157,0.168,0.181,0.194,0.209,0.225,0.241
REVISION: R0
R0: Final Data. Data are corrected for time lags and ammonium sulfate size calibrations.
*******************************************************************************************************************************
Time_start,Time_stop,Time_mid,nSMPS_stdPT,sSMPS_stdPT,vSMPS_stdPT,SMPS_stdPT,SMPS_bin00_stdPT,SMPS_bin01_stdPT,SMPS_bin02_stdPT,SMPS_bin03_stdPT,SMPS_bin04_stdPT,SMPS_bin05_stdPT,SMPS_bin06_stdPT,SMPS_bin07_stdPT,SMPS_bin08_stdPT,SMPS_bin09_stdPT,SMPS_bin10_stdPT,SMPS_bin11_stdPT,SMPS_bin12_stdPT,SMPS_bin13_stdPT,SMPS_bin14_stdPT,SMPS_bin15_stdPT,SMPS_bin16_stdPT,SMPS_bin17_stdPT,SMPS_bin18_stdPT,SMPS_bin19_stdPT,SMPS_bin20_stdPT,SMPS_bin21_stdPT,SMPS_bin22_stdPT,SMPS_bin23_stdPT,SMPS_bin24_stdPT,SMPS_bin25_stdPT,SMPS_bin26_stdPT,SMPS_bin27_stdPT,SMPS_bin28_stdPT,SMPS_bin29_stdPT,SMPS_bin30_stdPT,SMPS_bin31_stdPT,SMPS_bin32_stdPT,SMPS_bin33_stdPT,SMPS_bin34_stdPT,SMPS_bin35_stdPT,SMPS_bin36_stdPT,SMPS_bin37_stdPT,SMPS_bin38_stdPT,SMPS_bin39_stdPT,SMPS_bin40_stdPT,SMPS_bin41_stdPT,SMPS_bin42_stdPT,SMPS_bin43_stdPT
[from data line 443]
107044,107089,107066,764.16,17.99,0.47,1.53,0.00,1212.77,803.34,1842.36,0.00,187.48,382.56,725.41,670.35,396.95,329.65,72.87,213.06,304.84,495.29,573.17,700.95,762.46,926.10,770.56,504.85,865.01,370.29,1012.33,526.85,897.40,833.99,1160.94,727.12,812.66,794.97,640.97,549.84,309.23,429.16,88.23,77.92,172.45,291.86,335.07,373.85,442.32,490.84,205.75
107103,107148,107126,1450.18,28.31,0.78,1.46,0.00,2199.02,2147.23,3636.63,1032.66,634.91,1290.22,2293.98,1998.19,1983.85,1816.80,1346.31,854.83,1571.09,1334.41,1169.67,1614.90,1102.67,1498.88,1235.78,1011.47,485.04,431.98,351.14,397.66,450.07,709.54,484.04,1085.14,919.33,963.23,1041.90,1243.28,611.64,646.86,506.95,516.20,328.19,226.73,803.45,452.29,382.20,576.67,622.44
107162,107207,107184,1864.88,38.20,1.08,1.45,0.00,5183.55,3110.64,1665.46,399.98,2806.09,1312.05,1201.94,2411.24,2968.05,1877.71,2552.06,2357.49,2546.00,1999.54,2389.79,2573.01,1420.69,1043.35,1395.01,490.93,476.46,172.62,628.46,425.21,653.55,818.51,800.80,992.61,1165.54,1100.77,715.48,959.69,1081.34,481.68,540.28,1107.32,681.78,673.01,887.71,947.72,746.01,701.49,508.38
107221,107266,107244,2379.55,42.36,1.16,1.45,0.00,5202.42,2823.61,3973.88,1717.14,3412.24,2811.67,2125.56,4248.81,3434.98,2570.17,2890.29,3336.60,3140.22,2681.98,2754.98,2331.95,1950.38,1677.40,921.46,820.99,972.01,290.45,548.53,518.14,942.49,743.96,1074.06,1249.39,1301.81,1415.76,1553.33,956.39,1178.80,682.45,699.31,864.60,901.55,821.57,1003.03,821.66,691.81,711.12,764.58
107280,107325,107302,2869.83,37.85,0.97,1.42,0.00,4219.42,4153.93,3810.42,3161.63,3901.13,5532.89,3870.72,4868.15,3615.82,4067.01,4408.55,3763.81,3862.33,3418.81,3154.07,3578.44,2765.40,2732.77,2178.53,1544.80,994.32,584.62,860.74,730.73,707.19,465.67,989.63,871.70,1219.31,1087.85,1416.82,864.83,921.84,936.50,498.39,509.45,773.83,916.28,860.94,789.37,695.43,692.42,419.49
107339,107384,107362,2814.35,46.01,1.23,1.39,0.00,2190.14,4057.51,3701.03,2785.54,3827.60,3383.31,3790.62,4115.52,3855.31,3756.33,3691.18,4441.35,4041.88,4647.52,3447.60,3283.05,2907.41,1534.52,1228.29,1483.03,977.44,1158.63,729.17,826.23,1026.32,659.85,1317.92,1668.40,1661.43,1221.20,1366.25,1298.17,891.74,941.97,685.79,662.86,572.14,1044.53,937.63,1052.16,1099.80,892.00,763.21
107398,107443,107420,3023.68,45.25,1.14,1.35,3529.89,988.76,1347.83,3604.54,4134.70,2656.05,3433.93,4965.50,4439.53,3245.44,4929.91,4470.64,4122.71,4518.42,3602.70,3864.94,4199.57,2586.77,3400.48,2006.79,1510.85,1253.77,1240.09,1135.33,589.10,1099.63,1163.83,1618.51,1176.13,1748.34,1673.55,1159.49,1196.11,868.57,1024.85,666.49,733.33,1123.18,942.66,1214.22,1001.37,849.21,1031.00,689.19
107457,107502,107480,2930.11,40.13,1.00,1.32,5618.27,5263.35,2655.65,1965.71,6006.76,3058.98,3375.00,3457.57,3536.78,3923.46,4047.17,4020.04,3964.30,2771.56,2770.11,3236.84,3258.82,2171.58,2175.98,1770.56,1925.81,1741.50,993.91,1069.67,848.04,513.08,1090.67,879.37,1323.54,1295.39,1423.00,1667.69,1152.90,693.44,690.20,780.04,648.48,463.47,1198.99,1200.92,922.27,903.67,722.12,567.01
107516,107561,107538,2980.88,38.31,0.97,1.30,4971.18,1647.97,3410.03,4216.14,5811.71,5019.30,5015.84,3532.18,3662.64,4201.07,4306.26,4364.29,3885.13,3640.73,3459.30,2993.55,2546.52,2290.89,2024.04,1397.03,1515.79,1215.28,1221.04,809.17,1141.10,1077.80,1257.06,842.93,1272.92,1340.98,915.46,1109.58,752.74,787.63,759.76,602.81,578.64,780.78,968.54,921.18,729.91,946.09,650.87,794.38
107575,107620,107598,3027.98,36.96,0.92,1.27,2049.76,7228.13,4993.01,3995.22,6009.23,4383.47,6576.84,3806.85,4880.27,5113.93,4469.09,3492.34,3627.85,3215.85,2386.15,1918.23,2286.74,1581.97,1583.34,1758.91,1045.74,903.79,843.13,917.00,524.64,1109.13,1258.27,1202.18,1193.09,1098.44,1195.24,950.58,693.89,530.44,602.24,771.07,866.99,762.74,1109.95,1170.95,954.10,782.76,628.77,423.07
107634,107679,107656,5837.16,57.60,1.32,1.23,10594.15,13088.00,8541.86,7795.27,10717.00,7385.41,5801.86,5139.59,6159.53,7631.36,7971.29,7097.94,5238.48,6020.28,6951.09,6459.65,5550.62,6310.43,5689.01,4957.40,4238.93,3231.68,2863.65,2571.66,2196.85,2050.08,2093.64,1898.08,1715.73,2184.71,1557.75,1782.46,1523.20,1515.35,1411.29,1222.51,830.61,565.99,1064.45,1125.58,979.69,1251.40,1070.61,742.81
107693,107738,107716,8744.55,59.65,1.20,1.19,19140.47,19213.34,10104.40,10897.15,11350.52,11484.57,12316.15,10458.91,10485.77,13048.56,15303.24,12897.44,12614.03,12511.94,10112.47,9685.23,8504.08,7686.80,8285.07,6123.89,5263.54,4417.20,4034.88,3518.65,2934.09,2763.12,2370.64,2239.36,2233.11,2333.33,2310.23,1806.76,1497.64,1530.01,839.40,973.44,752.99,494.30,1199.62,760.63,975.15,825.88,715.74,812.00
