Data/Raw/MOORE,RICHARD/FIREXAQ-LARGE-SMPS_DC8_20190823_R0.ict
88,1001
Richard Moore, Elizabeth Wiggins, Edward Winstead, Claire Robinson, Lee Thornhill, and Kevin Sanchez
NASA Langley Research Center
In-situ Submicron Particle Size Distributions from a SMPS on the NASA DC-8
FIREXAQ
1,1
2019,08,23,2020,03,10
0
Time_start,Secs after midnight,Time of acquisition
50
1,1,1,1,1,1,1,1,1,1,1,1,1,1,1,1,1,1,1,1,1,1,1,1,1,1,1,1,1,1,1,1,1,1,1,1,1,1,1,1,1,1,1,1,1,1,1,1,1,1
-9999,-9999,-9999,-9999,-9999,-9999,-9999,-9999,-9999,-9999,-9999,-9999,-9999,-9999,-9999,-9999,-9999,-9999,-9999,-9999,-9999,-9999,-9999,-9999,-9999,-9999,-9999,-9999,-9999,-9999,-9999,-9999,-9999,-9999,-9999,-9999,-9999,-9999,-9999,-9999,-9999,-9999,-9999,-9999,-9999,-9999,-9999,-9999,-9999,-9999
Time_stop,Secs after midnight,Time of acquisition
Time_mid,Secs after midnight,Time of acquisition
nSMPS_stdPT,#/cm3,AerMP_NumConc_InSitu_RHd_Mobility_NucltoAccu_STP,integrated_number_density
sSMPS_stdPT,um2/cm3,AerMP_SurfAreaConc_InSitu_RHd_Mobility_NucltoAccu_STP,integrated_surface_area
vSMPS_stdPT,um3/cm3,AerMP_VolConc_InSitu_RHd_Mobility_NucltoAccu_STP,integrated_volume
SMPS_stdPT, unitless, None, conversion between ambient PT and standard PT (1013, 273)
SMPS_bin00_stdPT,#/cm3,AerMP_NumSizeDist_InSitu_RHd_Mobility_NucltoAccu_STP,Binned number size distribution (in dNdlogDp) measured by the SMPS
SMPS_bin01_stdPT,#/cm3,AerMP_NumSizeDist_InSitu_RHd_Mobility_NucltoAccu_STP,Binned number size distribution (in dNdlogDp) measured by the SMPS
SMPS_bin02_stdPT,#/cm3,AerMP_NumSizeDist_InSitu_RHd_Mobility_NucltoAccu_STP,Binned number size distribution (in dNdlogDp) measured by the SMPS
SMPS_bin03_stdPT,#/cm3,AerMP_NumSizeDist_InSitu_RHd_Mobility_NucltoAccu_STP,Binned number size distribution (in dNdlogDp) measured by the SMPS
SMPS_bin04_stdPT,#/cm3,AerMP_NumSizeDist_InSitu_RHd_Mobility_NucltoAccu_STP,Binned number size distribution (in dNdlogDp) measured by the SMPS
SMPS_bin05_stdPT,#/cm3,AerMP_NumSizeDist_InSitu_RHd_Mobility_NucltoAccu_STP,Binned number size distribution (in dNdlogDp) measured by the SMPS
SMPS_bin06_stdPT,#/cm3,AerMP_NumSizeDist_InSitu_RHd_Mobility_NucltoAccu_STP,Binned number size distribution (in dNdlogDp) measured by the SMPS
SMPS_bin07_stdPT,#/cm3,AerMP_NumSizeDist_InSitu_RHd_Mobility_NucltoAccu_STP,Binned number size distribution (in dNdlogDp) measured by the SMPS
SMPS_bin08_stdPT,#/cm3,AerMP_NumSizeDist_InSitu_RHd_Mobility_NucltoAccu_STP,Binned number size distribution (in dNdlogDp) measured by the SMPS
SMPS_bin09_stdPT,#/cm3,AerMP_NumSizeDist_InSitu_RHd_Mobility_NucltoAccu_STP,Binned number size distribution (in dNdlogDp) measured by the SMPS
SMPS_bin10_stdPT,#/cm3,AerMP_NumSizeDist_InSitu_RHd_Mobility_NucltoAccu_STP,Binned number size distribution (in dNdlogDp) measured by the SMPS
SMPS_bin11_stdPT,#/cm3,AerMP_NumSizeDist_InSitu_RHd_Mobility_NucltoAccu_STP,Binned number size distribution (in dNdlogDp) measured by the SMPS
SMPS_bin12_stdPT,#/cm3,AerMP_NumSizeDist_InSitu_RHd_Mobility_NucltoAccu_STP,Binned number size distribution (in dNdlogDp) measured by the SMPS
SMPS_bin13_stdPT,#/cm3,AerMP_NumSizeDist_InSitu_RHd_Mobility_NucltoAccu_STP,Binned number size distribution (in dNdlogDp) measured by the SMPS
SMPS_bin14_stdPT,#/cm3,AerMP_NumSizeDist_InSitu_RHd_Mobility_NucltoAccu_STP,Binned number size distribution (in dNdlogDp) measured by the SMPS
[...]
UNCERTAINTY:  20%
ULOD_FLAG: -7777
ULOD_VALUE: N/A
LLOD_FLAG: -8888
LLOD_VALUE: N/A
DM_CONTACT_INFO: Lee Thornhill (Kenneth.L.Thornhill@nasa.gov)
PROJECT_INFO: FIREX-AQ
STIPULATIONS_ON_USE: No stipulations on use. The user is encouraged to contact the PI or DM prior to use.
OTHER_COMMENTS: Midpoint diameters of Bins 00 to 43 are: 0.011,0.012,0.013,0.014,0.015,0.016,0.017,0.018,0.019,0.021,0.022,0.024,0.026,0.028,0.030,0.032,0.035,0.037,0.040,0.043,0.046,0.050,0.053,0.057,0.061,0.066,0.071,0.076,0.082,0.088,0.095,0.102,0.109,0.118,0.126,0.136,0.146,0.157,0.168,0.181,0.194,0.209,0.225,0.241
REVISION: R0
R0: Final Data. Data are corrected for time lags and ammonium sulfate size calibrations.
*******************************************************************************************************************************
Time_start,Time_stop,Time_mid,nSMPS_stdPT,sSMPS_stdPT,vSMPS_stdPT,SMPS_stdPT,SMPS_bin00_stdPT,SMPS_bin01_stdPT,SMPS_bin02_stdPT,SMPS_bin03_stdPT,SMPS_bin04_stdPT,SMPS_bin05_stdPT,SMPS_bin06_stdPT,SMPS_bin07_stdPT,SMPS_bin08_stdPT,SMPS_bin09_stdPT,SMPS_bin10_stdPT,SMPS_bin11_stdPT,SMPS_bin12_stdPT,SMPS_bin13_stdPT,SMPS_bin14_stdPT,SMPS_bin15_stdPT,SMPS_bin16_stdPT,SMPS_bin17_stdPT,SMPS_bin18_stdPT,SMPS_bin19_stdPT,SMPS_bin20_stdPT,SMPS_bin21_stdPT,SMPS_bin22_stdPT,SMPS_bin23_stdPT,SMPS_bin24_stdPT,SMPS_bin25_stdPT,SMPS_bin26_stdPT,SMPS_bin27_stdPT,SMPS_bin28_stdPT,SMPS_bin29_stdPT,SMPS_bin30_stdPT,SMPS_bin31_stdPT,SMPS_bin32_stdPT,SMPS_bin33_stdPT,SMPS_bin34_stdPT,SMPS_bin35_stdPT,SMPS_bin36_stdPT,SMPS_bin37_stdPT,SMPS_bin38_stdPT,SMPS_bin39_stdPT,SMPS_bin40_stdPT,SMPS_bin41_stdPT,SMPS_bin42_stdPT,SMPS_bin43_stdPT
[from data line 49]
64208,64253,64230.5,3084.64,13.74,0.25,2.50,0.00,0.00,0.00,0.00,15710.17,13159.44,9853.41,5017.78,7310.45,6011.41,5528.08,5051.73,3006.32,4376.69,3220.59,2085.09,2197.67,1796.53,2183.43,1684.20,1542.87,1323.70,1208.53,725.90,844.33,629.08,271.58,275.70,514.10,320.15,399.78,395.83,419.68,268.65,138.48,6.17,13.48,54.38,193.73,326.10,233.11,100.15,135.20,74.63
64267,64312,64289.5,3000.20,13.40,0.25,2.50,0.00,0.00,0.00,0.00,14184.32,12894.94,9741.65,6344.77,7540.57,5846.03,3821.44,4153.39,3373.26,3738.90,2672.91,1753.14,2641.61,3331.20,2436.98,1627.01,1494.61,886.25,572.18,954.89,666.98,786.93,775.27,219.19,493.59,433.10,411.83,325.80,174.18,278.47,366.85,110.75,119.81,222.57,87.58,45.35,12.71,100.06,33.60,51.79
64326,64371,64348.5,2803.31,13.44,0.23,2.50,0.00,0.00,0.00,0.00,11235.68,11843.16,8937.99,7670.52,3853.50,3628.49,4627.20,4021.75,3056.35,5021.96,2156.72,2909.50,2580.40,2436.04,1958.23,2483.29,1896.40,1546.64,796.90,1152.01,633.77,674.48,434.68,645.44,223.06,675.54,315.51,102.21,435.21,218.83,85.04,195.14,222.50,96.34,243.34,345.57,53.17,60.74,67.12,91.73
64385,64430,64407.5,2202.41,11.70,0.21,2.50,0.00,0.00,0.00,0.00,9753.94,801.49,6956.12,5155.73,6287.65,4571.75,3053.49,2553.89,2785.75,2512.72,3626.93,3286.56,2958.30,2191.52,2107.90,1949.18,1712.96,1432.94,829.60,592.37,581.06,495.38,610.23,615.17,478.34,337.32,309.30,284.23,265.15,272.89,71.25,172.55,144.75,72.28,80.90,83.87,32.98,166.42,34.07,69.35
64444,64489,64466.5,2235.70,11.28,0.18,2.51,0.00,0.00,0.00,0.00,6482.30,5123.49,8215.69,5084.48,4534.13,4035.34,3659.15,3860.40,2493.97,3674.96,2457.69,2967.99,2247.53,3168.27,2337.24,1871.11,1113.75,1053.31,1173.78,356.24,539.65,503.35,633.94,566.67,535.52,464.98,351.25,401.69,252.84,161.40,192.86,135.80,175.29,124.85,177.98,150.37,0.00,66.90,101.59,23.35
64503,64548,64525.5,1885.72,9.80,0.16,2.51,0.00,0.00,0.00,0.00,7459.64,2008.60,2669.33,4759.49,2992.58,2969.95,5264.10,3543.29,4943.31,2912.52,3001.67,2442.91,2618.21,2280.11,1487.02,1430.55,830.49,923.98,315.24,663.97,304.90,424.14,754.60,628.04,468.32,423.84,154.73,116.18,128.98,212.73,193.48,237.16,102.51,321.86,120.57,4.78,0.00,34.80,35.16,53.95
64562,64607,64584.5,2214.12,12.29,0.19,2.47,0.00,0.00,0.00,0.00,10844.18,5954.45,3686.66,5444.16,3462.39,2895.94,5962.25,2799.71,3389.58,2165.02,2248.37,2512.74,1966.15,2013.07,2245.79,1612.43,1165.97,848.82,1204.99,877.62,818.07,434.79,623.57,905.62,913.63,616.99,467.82,563.86,529.05,278.84,321.89,134.08,293.76,226.91,105.74,71.16,108.48,36.63,78.65,22.02
64621,64666,64643.5,2962.62,15.26,0.26,2.42,0.00,0.00,0.00,0.00,14094.58,8526.96,10081.56,6831.20,4832.94,4316.67,4298.66,3521.45,4178.53,4204.22,3178.16,2393.93,2613.68,2311.18,2053.62,1840.18,1920.53,1374.01,1636.30,1080.73,1398.92,1129.29,1097.23,859.46,970.21,737.17,636.49,790.50,414.52,379.20,329.23,178.26,39.86,71.09,59.00,72.35,0.00,22.70,37.81,28.32
64680,64725,64702.5,3098.52,18.75,0.29,2.30,0.00,0.00,0.00,0.00,7597.37,13096.64,4906.54,7377.80,5807.34,4723.95,6022.88,2874.43,3042.86,3750.35,2837.15,3921.25,3449.13,2669.72,2881.03,2400.80,2715.14,2177.08,2216.73,2497.31,1788.59,1173.28,1515.89,1301.16,1172.07,1090.67,733.32,887.04,488.61,369.92,272.99,292.22,180.09,191.31,223.63,81.22,88.64,80.63,107.77,72.95
64739,64784,64761.5,4063.70,19.53,0.29,2.07,0.00,0.00,0.00,18371.48,9585.97,7797.01,6748.65,10152.06,7474.89,6729.27,6776.78,6661.04,5874.02,4281.04,4484.01,3662.68,3863.37,2220.44,2648.73,1839.29,2101.62,1955.82,2359.99,2253.43,1600.30,1411.94,1674.96,1269.09,1018.41,1174.09,792.98,466.45,620.14,354.19,372.01,322.30,171.18,68.29,269.74,254.49,24.29,88.61,181.03,30.47
64798,64843,64820.5,3120.36,13.63,0.20,1.88,0.00,0.00,5110.55,4728.52,7029.27,4020.58,4549.82,5789.80,5257.37,6099.65,5146.20,5783.22,5556.69,5349.94,5227.97,5043.67,4966.94,3379.24,3352.70,2556.15,1511.95,1212.00,1323.88,1012.97,807.70,654.45,562.95,451.06,571.76,510.47,347.07,218.60,224.92,232.71,162.89,238.98,17.66,179.41,157.15,139.79,6.26,134.29,170.77,53.54
64857,64902,64879.5,2448.17,13.98,0.27,1.75,0.00,9280.40,4400.17,3837.84,5578.33,5062.55,6003.30,3724.11,4275.18,3471.65,2640.49,2165.86,3093.86,2904.87,2551.17,2304.16,2119.39,1874.45,1177.90,940.47,1009.94,949.38,938.61,570.94,613.28,674.30,662.82,389.76,650.32,570.20,355.30,413.54,577.83,379.42,403.13,243.23,383.60,165.35,212.32,183.93,257.47,85.00,109.14,74.26
64916,64961,64938.5,1890.24,19.77,0.44,1.61,0.00,3203.70,693.16,3322.90,2440.41,2712.34,1885.51,1747.66,2341.24,2094.11,2140.68,1675.62,1869.72,2690.20,1858.92,2522.09,3466.63,2449.46,1786.60,2442.92,2054.13,1633.15,1593.44,1664.66,1287.10,1058.50,1037.49,883.30,816.03,511.84,371.19,397.65,169.09,345.41,379.21,461.36,330.86,348.49,119.61,498.09,362.36,192.15,186.61,157.46
64975,65020,64997.5,1668.38,22.00,0.52,1.52,1576.55,823.76,564.25,953.99,1950.77,1020.39,1871.22,1570.53,1195.61,1169.51,1896.72,1924.12,1619.74,2084.39,1939.25,1653.71,2721.85,2388.68,2150.38,1957.81,2482.74,2151.85,2437.89,2182.50,1993.55,1318.93,915.64,609.84,901.55,605.02,564.81,298.89,260.40,190.80,238.33,175.28,188.30,238.84,260.89,475.65,469.33,414.32,569.28,410.22
65034,65079,65056.5,1085.99,30.08,0.85,1.50,0.00,1236.38,0.00,0.00,0.00,0.00,0.00,183.55,156.12,166.44,740.70,672.73,802.15,990.19,1471.38,1113.75,1557.03,1577.19,1684.94,1253.17,1563.45,2159.00,2079.48,1778.09,1536.41,1055.39,1011.14,867.16,1040.89,1099.89,587.15,462.37,298.09,134.82,42.27,262.79,230.05,405.73,553.82,835.02,748.58,626.32,786.40,468.12
65093,65138,65115.5,1350.70,35.26,0.95,1.43,0.00,0.00,0.00,9.55,877.60,98.28,595.47,442.91,399.49,800.78,1158.58,878.99,1183.46,1629.69,1357.58,2005.76,1586.18,2043.90,2500.44,2333.36,1893.76,1884.51,1601.84,1458.48,1397.31,1266.69,1431.57,1297.49,837.05,583.97,798.77,733.58,391.89,196.61,332.30,522.89,488.17,875.86,859.81,1223.17,818.89,978.54,822.68,624.61
65152,65197,65174.5,1152.64,35.18,0.98,1.35,2065.24,0.00,0.00,409.20,0.02,0.00,162.56,0.00,238.30,223.51,987.31,343.19,928.82,1423.41,1015.19,1272.13,1037.85,1079.01,1422.19,1790.67,1912.33,1356.14,1408.84,1898.72,1353.09,1635.41,1139.12,1430.06,907.01,906.98,312.28,292.12,49.10,39.91,197.41,248.38,454.68,867.65,1315.31,1188.55,975.98,994.37,992.03,610.57
65211,65256,65233.5,1153.64,53.21,1.56,1.30,0.00,0.00,0.00,0.00,263.91,0.00,0.00,274.72,217.34,589.27,264.91,436.98,827.40,458.02,731.35,969.67,549.51,789.48,1266.35,1485.97,1270.84,1377.64,1636.69,1315.98,1602.92,1336.72,992.38,1338.53,1293.39,871.25,640.87,452.34,291.44,311.39,296.07,630.10,914.72,1611.62,1906.70,1894.77,2020.86,1416.64,1151.48,1216.40
65271,65316,65293.5,1105.92,52.98,1.59,1.27,1293.61,1660.72,0.00,0.00,528.03,0.00,121.65,0.00,328.41,86.14,227.97,191.02,328.48,611.99,835.03,728.07,690.61,731.46,801.28,828.34,881.62,1109.45,1121.98,1250.97,1040.45,1196.10,1308.85,938.43,1016.90,608.14,543.23,197.19,182.03,443.68,714.12,597.80,883.77,1409.60,2111.71,2031.85,1724.24,1548.85,1365.38,1170.37
65330,65375,65352.5,1984.75,69.45,1.85,1.21,844.63,0.00,411.99,0.00,0.00,181.65,307.03,0.00,131.84,902.26,183.60,257.77,564.00,1360.13,1294.86,1449.98,1550.78,1937.25,1749.43,2806.55,2483.83,2350.56,2931.68,3604.05,2619.17,2516.02,2105.18,2395.85,2818.24,2055.82,1656.03,1617.51,1271.45,1560.44,1388.64,1378.72,1203.60,1433.56,2427.82,1932.44,1866.06,1458.70,1333.88,1168.93
65389,65434,65411.5,3932.70,95.40,2.60,1.20,2715.78,3798.17,4151.05,3752.00,2205.51,3336.68,2650.23,3125.89,3286.78,1689.82,3049.57,3221.39,1810.60,2541.39,4317.74,2691.19,1545.93,2019.33,2972.41,3127.80,3368.31,4076.47,3647.51,3434.99,3562.88,2879.24,2967.24,3229.48,2600.05,1886.99,1892.84,1959.17,1643.25,1979.52,1599.00,1936.88,1598.14,1586.15,2157.91,3063.23,2966.53,2458.98,2001.59,1790.84
65448,65493,65470.5,1856.53,59.09,1.57,1.17,2152.98,0.00,3878.32,608.13,1232.92,360.94,0.00,469.16,420.36,858.21,431.35,655.12,1326.02,875.81,1012.89,510.53,870.97,1252.16,883.31,1658.06,1916.03,1661.12,1996.80,2008.31,2260.82,1583.75,1723.51,2062.57,2213.13,1698.90,1155.04,1148.45,1170.01,1305.06,1258.59,1728.18,2014.95,2099.99,1079.82,1073.84,1769.53,1671.25,1175.01,665.97
65507,65552,65529.5,2490.44,90.31,2.52,1.17,846.65,1268.43,482.48,844.96,99.02,725.18,437.46,878.64,394.26,664.95,620.29,278.06,788.51,1292.31,1867.68,906.21,1188.92,1839.57,1981.97,1911.79,2092.15,2324.63,2740.76,4195.17,4446.00,3753.98,2564.80,3232.20,3559.29,1498.84,1305.96,2116.98,973.29,5.29,541.42,1705.26,1905.41,1888.78,3164.71,3366.37,2868.82,2143.08,1969.69,1663.06
65566,65611,65588.5,2263.27,66.93,1.65,1.17,689.45,0.00,765.54,0.00,175.91,0.00,777.28,187.74,144.02,194.05,93.20,404.95,709.80,674.14,1062.91,1135.35,1475.25,2216.31,2584.67,2229.34,3276.69,3349.93,3843.02,4292.76,4106.19,3178.95,3476.67,2509.11,2170.16,2741.32,2255.70,1151.02,1360.80,1443.57,1712.16,1091.30,1277.49,2568.15,2056.72,1906.28,1350.06,1808.00,1390.09,0.00
65625,65670,65647.5,2630.35,113.25,3.10,1.17,0.00,694.03,412.33,0.00,494.94,0.00,453.46,248.17,205.89,158.65,171.34,241.60,421.09,892.10,857.09,930.30,662.97,1341.18,1607.32,1862.32,2879.71,3975.23,3252.39,1417.50,2465.04,4443.66,4430.18,2870.36,3582.58,4981.52,3986.96,2378.65,1684.21,2624.15,2557.03,2128.88,1496.29,3021.27,4065.67,3310.54,2760.81,2352.41,2352.31,2213.06
65684,65729,65706.5,2630.59,69.30,1.84,1.17,6286.85,1626.32,2415.52,1965.54,1453.00,1335.55,0.00,1343.42,727.52,1268.10,1043.11,1275.05,729.62,1165.08,1157.82,1470.47,1656.81,1981.81,1812.03,2435.28,3169.11,2426.91,1765.59,2556.13,3744.20,3433.14,3272.75,3284.63,2874.82,1722.71,853.18,1399.19,1018.32,535.56,1401.64,1368.08,1729.18,1043.61,1741.74,2277.93,2112.93,1717.30,1431.99,1001.94
65743,65788,65765.5,4681.27,142.98,3.49,1.17,1028.54,573.96,1235.09,188.17,410.83,342.31,0.00,582.08,201.46,576.50,614.76,977.68,1752.56,2145.04,1691.63,2560.63,2526.86,2837.02,3101.61,4188.71,4950.79,6830.98,8193.29,12905.18,10306.07,9166.54,8115.16,7914.82,3201.21,3023.68,3223.12,3250.88,3970.84,3905.63,6313.89,4445.16,2670.23,3880.64,4863.45,3097.31,1791.42,1876.58,2292.81,2075.54
65802,65847,65824.5,2299.65,60.07,1.44,1.14,563.90,1459.47,705.98,0.00,460.94,482.77,709.34,980.05,961.64,1494.74,1001.68,917.27,1754.60,2099.83,2026.38,1916.59,1935.20,2545.48,3668.31,2458.96,1777.66,2257.22,2648.97,2970.83,2915.32,2584.81,3206.76,2837.39,2514.12,1814.31,1513.36,1498.17,1165.46,1502.72,1291.31,1545.55,2195.71,2195.15,1844.53,1493.17,1359.64,1377.86,935.60,0.00
65861,65906,65883.5,2369.25,75.47,1.86,1.14,0.00,0.00,353.10,527.08,0.00,772.59,477.34,398.98,1467.48,1341.37,712.49,1719.39,1903.77,1497.16,1508.41,917.48,1526.26,2193.04,1842.63,2014.12,3175.46,3130.75,3192.84,3023.05,2903.12,1832.04,1341.89,2321.25,2338.71,3737.72,2536.53,1969.59,3344.35,2426.45,1456.70,1254.67,2139.01,2967.26,2569.82,2168.77,1927.26,1714.23,1171.65,0.00
65920,65965,65942.5,2125.02,62.82,1.57,1.14,0.00,574.67,764.96,303.54,230.59,625.07,208.67,1022.27,642.31,670.04,1096.50,921.76,1736.55,1381.81,790.76,1399.38,1877.32,1866.27,2084.02,2806.28,3435.69,2693.29,2510.49,2782.10,2584.72,2756.08,2178.41,2343.31,3064.61,2629.69,1259.80,1353.59,2086.10,1261.07,864.57,1509.23,1313.59,2153.57,1845.26,1627.53,1782.85,1536.90,1425.55,0.00
65979,66024,66001.5,2598.08,68.55,1.77,1.14,3085.33,3671.76,0.00,527.80,665.04,322.01,398.80,547.21,360.64,993.64,1048.70,1388.48,1851.47,1324.07,2285.92,1371.42,2376.39,3632.24,2992.90,2265.41,2594.51,3297.20,2475.46,3260.16,4487.18,2940.28,3715.67,2239.37,2053.85,2375.81,1655.17,706.96,18.92,21.05,146.93,1926.95,1889.55,1614.95,2068.88,3034.54,2858.04,1822.95,1204.09,0.00
66038,66083,66060.5,2100.59,61.98,1.58,1.14,3101.87,575.68,826.40,0.00,406.75,1209.48,0.00,542.92,192.34,1252.52,461.98,696.74,1014.14,1099.40,1536.21,1683.86,3288.67,3205.35,1913.62,1412.68,1198.87,3551.11,3447.69,1780.76,833.81,3763.73,3909.49,1748.49,1011.26,1478.73,2455.86,1321.48,871.18,0.00,1053.77,1324.38,1136.66,2215.45,2447.23,2833.04,1887.71,1667.68,859.73,0.00
66097,66142,66119.5,2488.92,66.63,1.65,1.15,2873.27,3088.48,2526.25,1940.53,1451.58,1014.92,708.74,692.46,1254.62,926.58,436.35,943.92,1156.03,1371.29,1552.66,1343.86,1505.30,1681.27,1613.33,1353.08,1132.05,2010.77,2595.96,2936.08,3373.49,4456.54,3816.84,3450.17,2148.08,1599.19,1373.11,846.95,1539.70,1773.86,2337.43,2027.21,1046.77,2301.23,2156.48,1962.07,1663.92,1339.93,1462.82,0.00
66156,66201,66178.5,2720.98,77.86,2.02,1.15,850.55,3374.74,2973.34,1797.05,800.52,1650.26,956.47,833.06,2694.55,1302.00,1187.69,1656.55,1480.53,1763.13,1035.69,2055.42,561.88,1248.17,1293.45,1880.30,2649.87,3346.19,3706.84,2842.13,3123.56,2789.28,3310.72,2596.33,3031.66,3348.42,1864.56,737.99,758.64,907.88,689.92,1418.32,1316.50,3037.00,3180.74,2963.02,2535.20,2069.97,1564.86,0.00
66215,66260,66237.5,2228.57,60.33,1.48,1.14,700.07,0.00,998.78,730.04,366.41,987.54,1701.38,666.25,1777.67,1454.60,472.34,1061.97,1541.30,1060.64,903.90,1013.36,1490.32,2486.42,1931.07,2475.01,3163.27,3013.29,1830.79,3012.94,4271.69,2872.07,3013.02,4097.19,2756.52,1224.62,1271.70,2033.84,963.73,124.55,289.71,892.25,1896.86,2106.15,2608.41,2080.19,1842.08,1259.45,870.86,0.00
66274,66319,66296.5,8993.27,75.78,1.87,1.15,59773.00,34534.99,21344.80,9471.27,5135.92,1373.18,1653.97,1314.03,428.86,1098.76,979.70,908.56,1427.07,433.98,2101.39,2236.19,1391.95,1806.20,2081.88,2368.85,2958.40,2592.75,2792.89,3660.92,3291.76,2527.02,3143.94,2308.30,2310.59,1521.12,1989.30,1662.04,1607.75,1206.86,1434.47,2217.71,1853.05,2208.54,2291.09,2432.80,2192.80,1841.70,1505.02,0.00
66333,66378,66355.5,3711.53,78.57,2.13,1.15,8228.96,2771.79,2489.05,2361.48,3252.41,2441.53,2558.65,2108.54,1369.67,1392.08,599.51,859.73,935.02,636.96,902.14,1102.33,1974.47,1540.48,1607.52,2200.30,2974.33,2594.82,2729.96,2491.86,2894.79,2265.81,2641.60,3200.21,2882.24,2914.60,2559.76,2183.70,1175.66,1379.09,1096.84,1005.34,1073.18,1769.45,2387.18,1842.57,1912.31,1784.47,2061.49,1547.11
66392,66437,66414.5,2618.43,65.24,1.60,1.15,2151.80,575.99,290.18,715.92,477.46,1448.57,545.86,1114.63,808.27,997.29,863.22,1032.97,1755.29,1837.06,1473.36,1491.42,1766.50,1797.35,1965.94,2460.49,2215.02,2932.40,2951.38,3343.50,2801.60,3065.75,3412.27,3029.15,1999.18,1621.03,1723.39,3327.95,2133.50,1449.26,1807.12,1713.09,457.08,859.46,1798.48,2667.06,2080.61,1445.66,1187.81,0.00
66451,66496,66473.5,2406.13,73.87,1.95,1.15,564.83,1151.47,2016.10,1324.20,818.52,361.60,466.56,522.44,801.38,768.31,369.12,678.34,796.55,1939.43,1177.98,425.96,883.32,2274.67,2394.75,3016.18,4423.14,3870.65,2699.67,1248.10,2426.74,1225.54,1052.26,1766.49,3227.46,2293.57,2440.01,1868.37,2034.47,1853.07,1434.20,1780.86,2235.55,2287.00,1538.41,1818.23,1708.62,1732.27,1479.27,1089.81
66510,66555,66532.5,5087.74,101.53,2.79,1.15,5970.62,14124.34,12608.26,5588.92,7566.91,10228.79,5356.78,4498.27,3443.76,1737.94,2059.85,1395.58,1884.86,1260.64,1311.03,1011.49,1647.22,2031.53,1404.87,1988.59,2568.64,3101.73,3574.58,2882.62,3490.46,3698.30,4236.91,4379.54,3345.22,1921.23,1176.91,1055.52,287.17,0.00,1421.05,2083.54,2353.50,3126.12,3939.33,4027.04,2585.64,2094.93,2225.17,1662.63
66569,66614,66591.5,3191.21,83.63,2.01,1.15,4341.60,2399.12,2791.84,1530.67,2004.82,1454.90,1292.91,1868.24,2240.90,762.91,370.41,728.09,1124.34,600.47,1359.53,681.71,1678.97,2920.04,2462.25,1293.01,3681.48,4059.13,4292.44,4027.93,3258.84,2889.29,2735.35,1824.90,2885.11,3546.91,3598.46,2505.13,2989.77,2920.42,2715.62,1421.29,2274.04,3242.26,3776.49,1997.88,1084.41,1571.28,1538.44,0.00
66628,66673,66650.5,1892.75,83.16,2.34,1.15,0.00,0.00,236.34,0.00,450.04,361.10,305.19,631.42,107.40,258.67,460.00,426.54,10.89,509.71,435.73,1107.64,2381.71,1638.52,211.64,2160.84,3096.42,2121.44,2271.01,2320.85,3287.65,784.41,1279.37,1701.81,2597.33,1722.05,2440.09,3006.32,2330.29,1039.18,640.85,1414.95,1790.82,2296.73,2326.58,2469.63,2289.17,1960.45,1787.87,1899.22
