Data/Raw/MOORE,RICHARD/FIREXAQ-LARGE-SMPS_DC8_20190724_R0.ict
88,1001
Richard Moore, Elizabeth Wiggins, Edward Winstead, Claire Robinson, Lee Thornhill, and Kevin Sanchez
NASA Langley Research Center
In-situ Submicron Particle Size Distributions from a SMPS on the NASA DC-8
FIREXAQ
1,1
2019,07,24,2020,03,10
0
Time_start,Secs after midnight,Time of acquisition
50
1,1,1,1,1,1,1,1,1,1,1,1,1,1,1,1,1,1,1,1,1,1,1,1,1,1,1,1,1,1,1,1,1,1,1,1,1,1,1,1,1,1,1,1,1,1,1,1,1,1
-9999,-9999,-9999,-9999,-9999,-9999,-9999,-9999,-9999,-9999,-9999,-9999,-9999,-9999,-9999,-9999,-9999,-9999,-9999,-9999,-9999,-9999,-9999,-9999,-9999,-9999,-9999,-9999,-9999,-9999,-9999,-9999,-9999,-9999,-9999,-9999,-9999,-9999,-9999,-9999,-9999,-9999,-9999,-9999,-9999,-9999,-9999,-9999,-9999,-9999
Time_stop,Secs after midnight,Time of acquisition
Time_mid,Secs after midnight,Time of acquisition
nSMPS_stdPT,#/cm3,AerMP_NumConc_InSitu_RHd_Mobility_NucltoAccu_STP,integrated_number_density
sSMPS_stdPT,um2/cm3,AerMP_SurfAreaConc_InSitu_RHd_Mobility_NucltoAccu_STP,integrated_surface_area
vSMPS_stdPT,um3/cm3,AerMP_VolConc_InSitu_RHd_Mobility_NucltoAccu_STP,integrated_volume
SMPS_stdPT, unitless, None, conversion between ambient PT and standard PT (1013, 273)
SMPS_bin00_stdPT,#/cm3,AerMP_NumSizeDist_InSitu_RHd_Mobility_NucltoAccu_STP,Binned number size distribution (in dNdlogDp) measured by the SMPS
SMPS_bin01_stdPT,#/cm3,AerMP_NumSizeDist_InSitu_RHd_Mobility_NucltoAccu_STP,Binned number size distribution (in dNdlogDp) measured by the SMPS
SMPS_bin02_stdPT,#/cm3,AerMP_NumSizeDist_InSitu_RHd_Mobility_NucltoAccu_STP,Binned number size distribution (in dNdlogDp) measured by the SMPS
SMPS_bin03_stdPT,#/cm3,AerMP_NumSizeDist_InSitu_RHd_Mobility_NucltoAccu_STP,Binned number size distribution (in dNdlogDp) measured by the SMPS
SMPS_bin04_stdPT,#/cm3,AerMP_NumSizeDist_InSitu_RHd_Mobility_NucltoAccu_STP,Binned number size distribution (in dNdlogDp) measured by the SMPS
SMPS_bin05_stdPT,#/cm3,AerMP_NumSizeDist_InSitu_RHd_Mobility_NucltoAccu_STP,Binned number size distribution (in dNdlogDp) measured by the SMPS
SMPS_bin06_stdPT,#/cm3,AerMP_NumSizeDist_InSitu_RHd_Mobility_NucltoAccu_STP,Binned number size distribution (in dNdlogDp) measured by the SMPS
SMPS_bin07_stdPT,#/cm3,AerMP_NumSizeDist_InSitu_RHd_Mobility_NucltoAccu_STP,Binned number size distribution (in dNdlogDp) measured by the SMPS
SMPS_bin08_stdPT,#/cm3,AerMP_NumSizeDist_InSitu_RHd_Mobility_NucltoAccu_STP,Binned number size distribution (in dNdlogDp) measured by the SMPS
SMPS_bin09_stdPT,#/cm3,AerMP_NumSizeDist_InSitu_RHd_Mobility_NucltoAccu_STP,Binned number size distribution (in dNdlogDp) measured by the SMPS
SMPS_bin10_stdPT,#/cm3,AerMP_NumSizeDist_InSitu_RHd_Mobility_NucltoAccu_STP,Binned number size distribution (in dNdlogDp) measured by the SMPS
SMPS_bin11_stdPT,#/cm3,AerMP_NumSizeDist_InSitu_RHd_Mobility_NucltoAccu_STP,Binned number size distribution (in dNdlogDp) measured by the SMPS
SMPS_bin12_stdPT,#/cm3,AerMP_NumSizeDist_InSitu_RHd_Mobility_NucltoAccu_STP,Binned number size distribution (in dNdlogDp) measured by the SMPS
SMPS_bin13_stdPT,#/cm3,AerMP_NumSizeDist_InSitu_RHd_Mobility_NucltoAccu_STP,Binned number size distribution (in dNdlogDp) measured by the SMPS
SMPS_bin14_stdPT,#/cm3,AerMP_NumSizeDist_InSitu_RHd_Mobility_NucltoAccu_STP,Binned number size distribution (in dNdlogDp) measured by the SMPS
[...]
UNCERTAINTY:  20%
ULOD_FLAG: -7777
ULOD_VALUE: N/A
LLOD_FLAG: -8888
LLOD_VALUE: N/A
DM_CONTACT_INFO: Lee Thornhill (Kenneth.L.Thornhill@nasa.gov)
PROJECT_INFO: FIREX-AQ
STIPULATIONS_ON_USE: No stipulations on use. The user is encouraged to contact the PI or DM prior to use.
OTHER_COMMENTS: Midpoint diameters of Bins 00 to 43 are: 0.011,0.012,0.013,0.014,0.015,0.016,0.017,0.018,0.019,0.021,0.022,0.024,0.026,0.028,0.030,0.032,0.035,0.037,0.040,0.043,0.046,0.050,0.053,0.057,0.061,0.066,0.071,0.076,0.082,0.088,0.095,0.102,0.109,0.118,0.126,0.136,0.146,0.157,0.168,0.181,0.194,0.209,0.225,0.241
REVISION: R0
R0: Final Data. Data are corrected for time lags and ammonium sulfate size calibrations.
*******************************************************************************************************************************
Time_start,Time_stop,Time_mid,nSMPS_stdPT,sSMPS_stdPT,vSMPS_stdPT,SMPS_stdPT,SMPS_bin00_stdPT,SMPS_bin01_stdPT,SMPS_bin02_stdPT,SMPS_bin03_stdPT,SMPS_bin04_stdPT,SMPS_bin05_stdPT,SMPS_bin06_stdPT,SMPS_bin07_stdPT,SMPS_bin08_stdPT,SMPS_bin09_stdPT,SMPS_bin10_stdPT,SMPS_bin11_stdPT,SMPS_bin12_stdPT,SMPS_bin13_stdPT,SMPS_bin14_stdPT,SMPS_bin15_stdPT,SMPS_bin16_stdPT,SMPS_bin17_stdPT,SMPS_bin18_stdPT,SMPS_bin19_stdPT,SMPS_bin20_stdPT,SMPS_bin21_stdPT,SMPS_bin22_stdPT,SMPS_bin23_stdPT,SMPS_bin24_stdPT,SMPS_bin25_stdPT,SMPS_bin26_stdPT,SMPS_bin27_stdPT,SMPS_bin28_stdPT,SMPS_bin29_stdPT,SMPS_bin30_stdPT,SMPS_bin31_stdPT,SMPS_bin32_stdPT,SMPS_bin33_stdPT,SMPS_bin34_stdPT,SMPS_bin35_stdPT,SMPS_bin36_stdPT,SMPS_bin37_stdPT,SMPS_bin38_stdPT,SMPS_bin39_stdPT,SMPS_bin40_stdPT,SMPS_bin41_stdPT,SMPS_bin42_stdPT,SMPS_bin43_stdPT
[from data line 92]
81868,81913,81890.5,453.64,8.75,0.26,1.95,0.00,0.00,0.00,0.00,2172.98,2272.49,1788.39,410.39,218.73,197.81,0.00,0.00,338.75,189.32,61.21,164.77,105.59,220.82,38.12,421.26,430.89,255.45,313.00,559.62,519.32,437.66,473.71,182.51,321.69,371.24,105.47,183.01,228.12,170.07,129.77,76.75,22.09,57.56,105.65,46.42,94.99,137.56,271.07,240.82
81927,81972,81949.5,267.38,6.40,0.18,1.95,0.00,0.00,0.00,0.00,679.38,1084.86,0.02,315.21,0.01,0.00,145.41,126.42,106.75,248.66,375.02,266.30,204.89,222.47,88.97,105.38,346.38,386.57,143.23,229.07,471.93,275.40,238.06,289.49,352.61,284.55,13.60,101.33,205.46,80.68,48.05,112.84,30.55,108.49,156.12,148.99,213.69,57.75,31.61,91.62
81986,82031,82008.5,875.95,9.73,0.27,1.95,0.00,0.00,0.00,0.00,6244.61,4846.95,2275.23,1146.69,932.80,1049.57,1481.74,897.20,686.43,319.34,374.92,321.45,412.00,225.74,395.73,197.71,358.12,381.69,231.87,439.25,599.23,317.22,450.06,322.48,428.71,310.64,336.07,172.69,163.23,71.06,264.26,123.44,79.45,49.12,70.48,165.61,87.96,179.05,227.96,167.90
82045,82090,82067.5,410.02,5.84,0.15,1.95,0.00,0.00,0.00,0.00,1355.92,2052.93,1196.03,873.89,694.87,195.58,298.91,0.00,13.68,156.22,517.26,0.00,389.41,242.04,556.95,44.95,302.91,266.69,45.74,505.75,616.56,230.21,249.84,341.80,239.84,297.05,151.64,25.84,96.42,163.93,128.35,95.03,58.66,84.32,25.21,49.25,166.07,196.72,66.64,0.00
82104,82149,82126.5,409.77,4.22,0.09,1.95,0.00,0.00,0.00,0.00,3128.38,1877.61,417.49,315.97,741.25,178.83,462.11,122.78,105.06,286.08,160.74,369.46,381.37,345.87,143.53,224.18,268.24,282.39,278.59,249.78,297.21,320.10,349.00,264.61,240.08,205.14,90.56,164.45,33.08,51.49,95.01,167.08,86.14,30.56,142.47,20.11,59.43,0.00,61.83,62.47
82163,82208,82185.5,314.72,7.04,0.20,1.95,0.00,0.00,0.00,0.00,679.29,566.87,417.77,0.01,665.25,0.00,178.16,499.96,217.06,145.90,362.07,127.64,199.14,97.20,491.15,398.71,383.82,74.69,569.82,269.68,444.02,298.08,354.89,392.98,223.07,199.32,338.06,82.88,38.89,78.99,262.34,72.92,43.35,83.20,107.02,39.97,82.39,140.61,124.20,125.84
82223,82268,82245.5,185.01,4.03,0.11,1.95,0.00,0.00,0.00,0.00,0.01,589.50,688.18,0.01,220.44,199.39,313.25,0.00,218.88,0.00,426.72,74.11,122.39,73.38,103.47,28.27,9.82,166.01,161.17,408.60,355.23,173.92,241.43,56.52,3.29,92.69,163.71,103.09,136.22,19.84,11.30,0.59,186.20,52.31,0.00,147.92,101.17,113.15,30.97,94.89
82282,82327,82304.5,207.42,3.47,0.09,1.95,0.00,0.00,0.00,0.00,0.01,1002.94,780.68,317.00,0.00,0.00,149.07,0.00,218.26,358.55,195.36,133.86,112.68,46.28,92.81,180.12,288.39,332.15,230.80,194.92,231.23,172.41,269.14,187.47,259.76,170.41,88.96,86.42,0.00,49.51,48.58,0.00,0.00,9.70,59.88,37.25,25.16,95.03,131.72,47.78
82341,82386,82363.5,177.42,6.62,0.20,1.95,0.00,0.00,0.00,0.00,0.00,0.00,0.00,0.00,0.03,193.10,177.94,473.72,161.12,0.00,179.98,151.13,194.13,0.00,100.87,43.12,81.01,290.85,328.97,116.33,100.48,180.88,138.28,268.77,222.12,381.83,180.86,297.36,210.17,96.89,31.79,73.77,37.18,6.59,151.40,53.47,214.03,141.77,124.50,126.95
82400,82445,82422.5,542.99,11.60,0.33,1.84,0.00,0.00,0.00,0.00,4396.93,1395.42,358.85,0.00,0.00,0.13,0.00,200.72,318.40,330.51,143.17,628.36,429.63,484.27,447.91,588.45,505.31,428.98,422.00,759.86,498.96,481.59,471.85,264.46,682.94,186.94,286.94,333.41,284.95,145.62,50.41,46.65,47.21,142.76,139.57,157.37,316.68,315.04,271.52,203.17
82459,82504,82481.5,640.17,12.07,0.27,1.71,0.00,0.00,0.00,1360.02,1340.89,0.00,852.89,0.00,0.00,372.14,179.20,293.52,253.75,345.03,472.56,428.76,459.43,787.48,765.49,913.98,1148.69,1040.70,631.43,825.17,703.78,581.39,719.63,558.15,911.62,666.38,929.20,388.08,396.68,447.82,95.77,102.66,144.91,307.72,98.48,194.25,239.87,190.34,140.78,131.28
82518,82563,82540.5,1011.45,27.83,0.75,1.60,0.00,0.00,910.30,1134.46,854.78,700.69,1287.41,1642.18,437.18,388.97,377.53,619.01,247.46,405.00,538.77,780.63,1352.60,858.57,622.29,1386.49,902.59,979.46,937.12,1354.33,1097.09,770.60,900.25,948.20,629.81,642.86,540.03,665.83,501.06,648.00,497.48,651.28,767.50,746.84,596.20,713.05,736.51,414.77,511.53,409.26
82577,82622,82599.5,1763.01,34.88,0.91,1.54,0.00,0.00,1517.49,4204.81,5369.29,3934.31,1953.55,2176.93,1997.23,1521.83,1186.93,1600.51,373.17,1067.63,1035.12,1377.71,341.57,903.70,898.50,1217.58,1813.22,1876.66,2199.91,1360.77,1344.86,1089.13,530.29,346.54,412.62,690.16,607.32,1147.04,1286.54,1041.69,1058.15,858.28,766.50,859.89,889.37,873.06,872.27,750.36,430.95,400.60
82636,82681,82658.5,3080.77,39.92,0.93,1.52,0.00,0.00,2055.28,6170.49,4327.93,3543.37,3499.26,2781.56,3177.66,4707.49,3734.77,3041.12,3193.46,3411.32,3363.54,4355.72,6606.77,5471.72,4513.36,3126.39,3141.02,2199.76,1675.63,1590.50,968.93,1302.75,1256.97,1355.44,974.49,712.38,985.16,1049.19,1034.66,1196.69,1001.99,912.03,842.01,952.82,1135.55,673.96,820.72,645.56,558.36,327.96
82695,82740,82717.5,4528.67,40.80,0.94,1.51,0.00,0.00,2062.54,8252.31,7169.37,7508.10,6784.86,5935.51,6377.98,7206.45,6348.33,7308.13,6959.37,8239.13,7127.67,6654.45,6934.17,6804.91,7120.40,4262.97,3900.41,3166.55,2457.41,1406.21,1209.71,1198.02,764.99,678.16,506.44,525.94,600.76,522.22,838.24,672.23,657.73,619.98,721.17,695.37,838.78,896.29,1012.25,755.75,471.14,352.05
82754,82799,82776.5,5429.39,59.54,1.32,1.52,0.00,0.00,1458.31,3208.40,6443.57,5776.63,5860.63,6061.18,5220.43,6131.47,5539.87,5302.89,7269.55,7384.04,9044.12,9404.74,10300.90,11315.56,12576.95,10838.72,7778.09,5396.41,3520.84,2630.52,2649.39,1148.19,1771.20,1466.24,2129.29,1460.73,1273.03,864.00,767.15,891.31,1092.97,1100.84,1770.81,1149.33,1156.74,1020.20,910.26,984.62,597.14,615.82
82813,82858,82835.5,7655.16,92.72,1.89,1.51,0.00,0.00,1514.42,6911.84,6739.31,9148.02,6858.27,6126.50,6807.47,7235.61,9202.06,8774.54,10276.65,10190.25,12029.24,11823.52,13181.15,13795.10,12874.18,9473.05,6914.97,5659.54,4759.91,6097.07,5730.61,6237.52,5448.50,5402.20,3665.42,3923.65,2966.33,3527.65,4167.17,3050.34,2340.56,1641.23,1773.60,1806.73,1590.08,1550.02,992.42,793.52,867.44,666.78
82872,82917,82894.5,4541.77,60.09,1.52,1.51,0.00,0.00,3432.66,10985.68,8265.09,8198.88,8258.62,5248.77,7517.55,6355.81,5693.80,6435.48,5339.11,3738.26,5006.50,4937.90,4895.05,4683.61,4837.08,4027.96,3270.72,2414.95,2750.32,1789.14,1889.05,1905.86,2444.52,1045.32,1355.84,1414.12,1234.67,807.83,1445.98,1647.09,885.71,1522.97,1233.24,1407.15,785.33,1122.63,1284.68,1519.10,1252.21,527.71
82931,82976,82953.5,4148.35,70.14,1.62,1.51,0.00,0.00,4115.20,10026.93,4587.08,5412.60,7148.30,6372.25,5386.83,4676.95,2691.17,2438.46,3882.36,3445.75,2417.13,2972.44,3327.78,3354.76,1607.73,3511.14,4451.43,3138.13,719.56,2738.21,3381.97,3266.76,2491.99,3798.12,3435.54,3682.77,2810.01,2096.20,2507.94,2378.64,1725.79,1318.99,2203.21,3266.74,1742.34,1174.46,674.54,683.17,739.18,426.69
82990,83035,83012.5,2529.05,63.59,1.70,1.51,0.00,0.00,2380.21,8206.23,3531.93,1439.90,3574.51,3338.79,2201.57,2075.55,1862.44,950.01,569.17,1301.26,1273.33,1783.27,2086.83,2252.43,2112.69,1836.74,1238.31,1608.19,1479.37,961.94,1568.80,2583.94,1517.79,1851.12,1553.80,1748.86,1386.13,2002.78,2145.63,1658.05,2171.63,1757.59,1279.71,1410.13,1778.20,1991.93,989.05,940.89,1127.78,746.44
83049,83094,83071.5,2153.26,53.51,1.41,1.51,0.00,0.00,910.32,3453.45,3477.43,2219.53,2216.71,3615.03,1922.34,2003.33,1681.49,836.01,1228.34,1596.10,1087.13,1098.47,1847.17,1785.63,2007.71,2538.88,2065.25,1872.23,1913.32,1335.88,1267.74,1953.42,1882.83,1462.73,939.27,1139.19,831.77,988.89,948.95,1605.81,1288.11,1708.21,1492.53,1595.11,1784.42,1526.16,1151.20,867.18,859.64,404.58
83108,83153,83130.5,2739.47,50.18,1.20,1.51,0.00,0.00,1283.30,5150.36,6383.49,4276.50,3644.26,1430.35,2649.52,3177.93,2575.30,1063.26,1637.96,1318.02,1742.25,3206.29,2374.52,2974.27,2392.98,2329.30,2463.36,2352.51,2774.89,2042.85,2217.31,1101.16,1624.76,1469.64,1663.33,2355.32,2314.77,2075.70,1844.71,1863.07,958.62,1197.00,1549.46,1475.27,636.87,912.21,1034.05,763.03,606.23,406.26
83167,83212,83189.5,4752.06,62.07,1.43,1.52,0.00,0.00,6035.38,7257.93,6223.72,7440.12,6549.82,4176.95,2549.22,5795.38,4488.12,4201.99,5129.50,6360.34,6154.73,5707.85,5588.84,6531.28,6753.44,5359.85,6383.86,4319.31,4492.17,3135.18,2316.21,2807.21,2222.72,2332.54,1877.99,2208.25,1486.08,1067.49,1559.87,1581.29,1204.21,1515.83,1541.03,1680.52,1070.28,1350.61,1090.37,791.50,584.19,691.56
83226,83271,83248.5,5588.06,61.70,1.39,1.52,0.00,0.00,2189.51,4328.33,5019.64,3924.18,5790.01,4339.78,7670.72,6938.90,6952.29,7374.43,7682.60,8265.79,8020.67,9821.20,11916.79,10352.68,8962.54,9081.88,8369.67,7764.41,4968.08,3703.58,2943.36,2009.50,1700.45,1541.32,1433.00,1480.45,1366.35,773.38,593.93,967.56,862.02,622.13,1118.83,1279.06,1331.70,1220.29,1281.67,929.07,837.83,550.66
83285,83330,83307.5,5679.22,62.47,1.41,1.52,0.00,0.00,2732.09,5588.41,5087.88,8598.73,9182.63,5627.43,5189.91,9565.82,6905.29,6743.60,8035.98,8994.87,9929.68,8870.95,10730.30,9007.00,9508.80,7560.21,5583.36,4235.12,3916.14,2809.75,2388.57,1900.56,1484.05,1042.91,1014.05,1372.83,1814.62,1856.88,1483.75,1429.63,1081.20,1273.76,1071.09,1795.56,1248.59,1381.34,1012.58,958.09,896.48,448.32
83344,83389,83366.5,4429.15,55.07,1.33,1.52,0.00,0.00,2333.68,5913.27,5453.40,5423.57,3757.10,5975.98,4643.42,4004.69,5235.75,7381.45,5704.76,6778.20,7187.84,8463.75,6123.28,6393.16,6148.11,6917.72,4871.54,3481.72,2734.19,1267.42,1458.55,1266.03,2150.44,1625.83,1857.24,2224.87,1863.82,2018.74,1448.47,1504.00,317.47,104.04,672.02,793.63,832.46,1080.70,986.20,1197.36,864.32,619.91
83403,83448,83425.5,3248.73,62.74,1.52,1.51,0.00,0.00,1920.31,2627.21,1937.03,3842.65,3544.58,3624.34,2317.81,3976.14,2470.41,2645.23,2038.96,3351.60,3168.89,4088.29,5664.61,3930.82,4161.58,3759.34,2744.36,3165.70,2590.65,1583.76,2146.43,623.29,658.85,2844.54,4394.35,3337.32,2271.57,2576.55,1600.52,1782.94,1942.28,1534.82,1177.48,1108.56,1332.84,1337.92,1283.41,1033.47,833.07,615.40
83462,83507,83484.5,3929.91,72.25,1.70,1.51,0.00,0.00,2198.48,3540.39,6726.09,4097.71,2630.04,3651.38,1394.09,3365.19,2388.76,1827.38,4268.01,1950.42,4343.97,6607.43,5512.39,6193.18,5869.77,4482.67,1915.93,3207.68,3402.31,4257.13,3224.23,4127.00,3235.50,2531.57,1908.83,2466.02,2496.84,2535.75,2118.08,1570.25,2460.77,2669.25,1956.04,1591.86,1456.61,1632.26,1163.13,1017.42,711.70,553.68
83521,83566,83543.5,3684.94,78.86,1.92,1.51,0.00,0.00,1782.79,6715.40,3742.03,3047.83,3338.55,2977.48,2135.50,1557.22,2864.34,1879.22,1607.42,2263.88,2174.24,2582.07,3326.90,4102.64,4389.68,4434.00,4629.85,4776.36,4206.56,4370.02,2972.79,2688.20,2771.86,3229.49,2481.75,2559.81,3157.12,3915.07,3608.79,1863.20,2130.08,2751.44,2494.26,822.17,1146.50,1442.47,1408.82,1034.63,802.46,991.95
83580,83625,83602.5,3192.39,62.73,1.52,1.52,0.00,0.00,2884.49,2580.40,2529.59,5333.28,3457.49,3360.20,2711.82,2275.56,1489.93,2317.69,1967.69,1957.60,3189.47,3336.79,3438.04,4777.22,4448.73,3571.45,3153.03,2996.13,2937.05,3164.43,3277.06,2869.93,2425.92,1684.98,1424.66,1644.57,1191.80,1248.91,1880.63,2219.78,2201.85,2563.40,1991.32,1614.66,1043.97,1097.27,1076.82,903.76,963.12,568.14
83639,83684,83661.5,4608.49,60.04,1.35,1.52,0.00,0.00,2747.84,2976.53,5305.04,3810.46,4196.26,5444.94,4712.46,3933.91,5079.95,4314.66,5590.07,5881.75,6469.20,5866.36,7428.00,9453.15,8356.01,6982.81,7002.42,4778.63,4220.52,2574.35,3055.24,2656.63,2137.58,2201.90,1980.50,1256.78,991.69,1728.59,1581.32,2004.67,1512.07,1069.61,1253.92,960.31,1230.94,1083.76,1070.12,966.19,655.69,616.09
83698,83743,83720.5,5686.57,61.81,1.35,1.52,0.00,0.00,2748.56,5969.59,3384.80,5132.86,7248.06,7416.91,7843.32,8966.17,7888.12,7644.75,9007.20,8968.47,8348.55,8449.82,9824.85,8809.34,8391.46,7963.06,7174.29,5764.74,4110.49,3067.84,2679.64,1727.53,1054.68,1515.07,1567.65,1392.84,1203.01,1789.19,1803.74,1816.01,1109.25,1939.62,1321.70,1348.29,999.56,1249.38,794.24,967.10,686.35,577.59
83757,83802,83779.5,5509.39,60.14,1.34,1.52,0.00,0.00,1375.81,5650.95,7329.96,6160.42,8152.46,4594.50,6568.10,4434.49,7125.30,9479.70,10717.27,8849.37,10704.98,7329.35,9158.09,10433.11,7655.23,7273.47,5281.49,4708.77,3544.34,2436.80,1554.53,1607.29,1733.65,1491.24,1842.24,1416.09,1884.54,1795.52,1714.40,1657.42,1130.50,1352.02,1259.18,1282.59,1190.24,1052.50,1033.42,750.20,473.11,532.96
83816,83861,83838.5,4788.29,64.80,1.51,1.52,0.00,0.00,2196.87,5692.82,8787.73,4669.50,4509.47,6237.25,4810.25,5708.57,5234.22,5652.19,6421.72,8173.02,7154.25,6642.32,6721.22,6965.86,7028.58,4392.75,4003.49,2984.45,3178.94,2570.82,3171.06,2780.20,1696.10,1833.80,1736.46,1761.17,1975.42,1743.89,1582.71,2175.46,1938.32,1591.85,1959.89,1026.01,1565.75,1234.41,1176.94,739.88,511.39,737.35
83875,83920,83897.5,3726.24,65.80,1.62,1.51,0.00,0.00,4925.78,5460.53,4287.08,4235.70,2337.06,3259.12,4430.70,3465.10,3323.60,4097.21,2687.75,3742.75,2876.47,2660.85,4324.41,5940.17,5311.56,3780.57,4297.58,2623.18,2089.56,2911.24,2458.17,2881.61,2800.14,2239.38,2254.38,1678.92,2715.84,2600.92,1973.03,2606.05,1647.75,1413.70,653.03,835.94,879.40,1600.29,1628.74,1028.60,1033.61,738.74
83934,83979,83956.5,3778.83,84.19,2.02,1.50,0.00,0.00,1820.19,6065.63,3777.23,1859.15,2120.59,3138.78,1570.18,1704.49,2635.17,3940.38,2421.12,2185.22,3202.94,2921.59,3650.44,3885.23,4384.36,3776.28,3659.81,3872.21,4650.58,4512.50,4240.54,3764.57,2820.19,1913.30,3370.71,3162.21,2604.23,3378.08,2554.28,3118.02,2432.70,2700.18,2317.82,2576.71,1837.21,1766.93,1410.22,1185.51,736.81,668.66
83993,84038,84015.5,3991.44,60.67,1.45,1.43,0.00,0.00,9388.74,9437.27,9108.75,6639.90,6623.84,4003.44,4526.73,2797.48,2655.96,4181.64,4123.56,2508.49,1964.98,1822.03,3030.46,3845.52,3798.28,3346.48,4069.41,2763.68,2555.73,3207.32,2588.93,2090.99,2238.26,1527.57,1378.50,1567.47,1148.40,1409.28,1807.98,1625.95,1803.10,1398.30,1632.46,1966.62,1717.39,1786.12,1193.21,1115.36,882.24,448.28
84052,84097,84074.5,2741.80,51.69,1.27,1.39,0.00,0.00,5835.69,3259.00,5555.43,3841.75,1256.09,2732.47,2422.22,4624.60,3204.30,3160.36,2394.18,2145.78,2087.53,2026.90,2173.68,1166.37,1895.94,2146.18,2011.29,913.74,1481.86,2035.11,1643.58,1892.32,1315.62,2129.44,2909.61,2520.22,1548.58,1605.50,1371.53,877.70,1350.64,1629.96,1173.15,1315.86,1486.85,1305.71,955.62,823.53,783.83,727.96
84111,84156,84133.5,3730.55,71.59,1.66,1.37,0.00,0.00,2645.65,5803.80,3728.37,3413.78,4185.92,5035.27,1713.88,3490.20,2111.57,2933.32,3284.62,3531.21,3134.41,3863.67,3683.40,6794.10,4914.70,3953.23,3171.18,2772.22,2852.66,2682.71,1585.66,1255.18,1706.15,1997.35,2222.07,2479.89,2646.38,3338.35,4365.39,3075.95,2592.05,2083.46,1833.95,1087.29,1621.78,1873.43,1461.41,1137.88,752.20,561.93
84170,84215,84192.5,3504.46,74.12,1.70,1.37,0.00,0.00,2428.22,4444.17,2646.19,3091.66,2380.65,3012.92,3326.41,2614.71,2855.59,2017.21,2235.25,2213.91,2329.01,2238.22,3770.77,2676.28,3411.93,4929.34,2730.98,3858.46,4020.86,3581.44,3657.50,3465.29,2860.66,2661.48,3062.66,2573.20,1843.52,3046.11,3045.10,2155.41,2729.09,2385.55,2232.91,1943.30,2319.58,2304.61,916.22,911.21,738.44,476.69
84229,84274,84251.5,4741.93,85.16,1.92,1.37,0.00,0.00,6626.85,6057.31,4133.06,6683.67,4179.78,4481.54,4697.44,5856.44,2873.13,4076.84,4307.22,4754.50,3187.99,2741.45,4382.20,2881.27,4040.61,4696.04,4177.28,3633.98,4495.69,2324.54,4971.65,5046.18,3882.52,3876.89,4353.35,3571.13,3830.28,3898.74,3357.64,2691.22,2330.30,2570.48,2314.78,1898.20,1814.60,1686.60,1437.66,1272.84,987.18,660.66
84289,84334,84311.5,4168.62,83.73,1.92,1.37,0.00,0.00,9605.32,6706.80,2311.90,4197.02,2315.32,2186.00,1909.74,3318.92,4058.32,4494.09,3220.77,2286.72,2999.13,3705.99,3137.05,4461.37,3848.72,3670.64,3805.84,4253.66,4074.84,3298.46,2984.73,3237.82,3110.93,3737.88,3325.23,2268.33,2449.31,2866.55,2304.36,1908.03,2870.09,4329.81,2907.25,3532.19,2483.89,1615.74,1471.88,879.74,793.47,452.14
