Data/Raw/MOORE,RICHARD/FIREXAQ-LARGE-SMPS_DC8_20190815_R0.ict
88,1001
Richard Moore, Elizabeth Wiggins, Edward Winstead, Claire Robinson, Lee Thornhill, and Kevin Sanchez
NASA Langley Research Center
In-situ Submicron Particle Size Distributions from a SMPS on the NASA DC-8
FIREXAQ
1,1
2019,08,15,2020,03,10
0
Time_start,Secs after midnight,Time of acquisition
50
1,1,1,1,1,1,1,1,1,1,1,1,1,1,1,1,1,1,1,1,1,1,1,1,1,1,1,1,1,1,1,1,1,1,1,1,1,1,1,1,1,1,1,1,1,1,1,1,1,1
-9999,-9999,-9999,-9999,-9999,-9999,-9999,-9999,-9999,-9999,-9999,-9999,-9999,-9999,-9999,-9999,-9999,-9999,-9999,-9999,-9999,-9999,-9999,-9999,-9999,-9999,-9999,-9999,-9999,-9999,-9999,-9999,-9999,-9999,-9999,-9999,-9999,-9999,-9999,-9999,-9999,-9999,-9999,-9999,-9999,-9999,-9999,-9999,-9999,-9999
Time_stop,Secs after midnight,Time of acquisition
Time_mid,Secs after midnight,Time of acquisition
nSMPS_stdPT,#/cm3,AerMP_NumConc_InSitu_RHd_Mobility_NucltoAccu_STP,integrated_number_density
sSMPS_stdPT,um2/cm3,AerMP_SurfAreaConc_InSitu_RHd_Mobility_NucltoAccu_STP,integrated_surface_area
vSMPS_stdPT,um3/cm3,AerMP_VolConc_InSitu_RHd_Mobility_NucltoAccu_STP,integrated_volume
SMPS_stdPT, unitless, None, conversion between ambient PT and standard PT (1013, 273)
SMPS_bin00_stdPT,#/cm3,AerMP_NumSizeDist_InSitu_RHd_Mobility_NucltoAccu_STP,Binned number size distribution (in dNdlogDp) measured by the SMPS
SMPS_bin01_stdPT,#/cm3,AerMP_NumSizeDist_InSitu_RHd_Mobility_NucltoAccu_STP,Binned number size distribution (in dNdlogDp) measured by the SMPS
SMPS_bin02_stdPT,#/cm3,AerMP_NumSizeDist_InSitu_RHd_Mobility_NucltoAccu_STP,Binned number size distribution (in dNdlogDp) measured by the SMPS
SMPS_bin03_stdPT,#/cm3,AerMP_NumSizeDist_InSitu_RHd_Mobility_NucltoAccu_STP,Binned number size distribution (in dNdlogDp) measured by the SMPS
SMPS_bin04_stdPT,#/cm3,AerMP_NumSizeDist_InSitu_RHd_Mobility_NucltoAccu_STP,Binned number size distribution (in dNdlogDp) measured by the SMPS
SMPS_bin05_stdPT,#/cm3,AerMP_NumSizeDist_InSitu_RHd_Mobility_NucltoAccu_STP,Binned number size distribution (in dNdlogDp) measured by the SMPS
SMPS_bin06_stdPT,#/cm3,AerMP_NumSizeDist_InSitu_RHd_Mobility_NucltoAccu_STP,Binned number size distribution (in dNdlogDp) measured by the SMPS
SMPS_bin07_stdPT,#/cm3,AerMP_NumSizeDist_InSitu_RHd_Mobility_NucltoAccu_STP,Binned number size distribution (in dNdlogDp) measured by the SMPS
SMPS_bin08_stdPT,#/cm3,AerMP_NumSizeDist_InSitu_RHd_Mobility_NucltoAccu_STP,Binned number size distribution (in dNdlogDp) measured by the SMPS
SMPS_bin09_stdPT,#/cm3,AerMP_NumSizeDist_InSitu_RHd_Mobility_NucltoAccu_STP,Binned number size distribution (in dNdlogDp) measured by the SMPS
SMPS_bin10_stdPT,#/cm3,AerMP_NumSizeDist_InSitu_RHd_Mobility_NucltoAccu_STP,Binned number size distribution (in dNdlogDp) measured by the SMPS
SMPS_bin11_stdPT,#/cm3,AerMP_NumSizeDist_InSitu_RHd_Mobility_NucltoAccu_STP,Binned number size distribution (in dNdlogDp) measured by the SMPS
SMPS_bin12_stdPT,#/cm3,AerMP_NumSizeDist_InSitu_RHd_Mobility_NucltoAccu_STP,Binned number size distribution (in dNdlogDp) measured by the SMPS
SMPS_bin13_stdPT,#/cm3,AerMP_NumSizeDist_InSitu_RHd_Mobility_NucltoAccu_STP,Binned number size distribution (in dNdlogDp) measured by the SMPS
SMPS_bin14_stdPT,#/cm3,AerMP_NumSizeDist_InSitu_RHd_Mobility_NucltoAccu_STP,Binned number size distribution (in dNdlogDp) measured by the SMPS
[...]
UNCERTAINTY:  20%
ULOD_FLAG: -7777
ULOD_VALUE: N/A
LLOD_FLAG: -8888
LLOD_VALUE: N/A
DM_CONTACT_INFO: Lee Thornhill (Kenneth.L.Thornhill@nasa.gov)
PROJECT_INFO: FIREX-AQ
STIPULATIONS_ON_USE: No stipulations on use. The user is encouraged to contact the PI or DM prior to use.
OTHER_COMMENTS: Midpoint diameters of Bins 00 to 43 are: 0.011,0.012,0.013,0.014,0.015,0.016,0.017,0.018,0.019,0.021,0.022,0.024,0.026,0.028,0.030,0.032,0.035,0.037,0.040,0.043,0.046,0.050,0.053,0.057,0.061,0.066,0.071,0.076,0.082,0.088,0.095,0.102,0.109,0.118,0.126,0.136,0.146,0.157,0.168,0.181,0.194,0.209,0.225,0.241
REVISION: R0
R0: Final Data. Data are corrected for time lags and ammonium sulfate size calibrations.
*******************************************************************************************************************************
Time_start,Time_stop,Time_mid,nSMPS_stdPT,sSMPS_stdPT,vSMPS_stdPT,SMPS_stdPT,SMPS_bin00_stdPT,SMPS_bin01_stdPT,SMPS_bin02_stdPT,SMPS_bin03_stdPT,SMPS_bin04_stdPT,SMPS_bin05_stdPT,SMPS_bin06_stdPT,SMPS_bin07_stdPT,SMPS_bin08_stdPT,SMPS_bin09_stdPT,SMPS_bin10_stdPT,SMPS_bin11_stdPT,SMPS_bin12_stdPT,SMPS_bin13_stdPT,SMPS_bin14_stdPT,SMPS_bin15_stdPT,SMPS_bin16_stdPT,SMPS_bin17_stdPT,SMPS_bin18_stdPT,SMPS_bin19_stdPT,SMPS_bin20_stdPT,SMPS_bin21_stdPT,SMPS_bin22_stdPT,SMPS_bin23_stdPT,SMPS_bin24_stdPT,SMPS_bin25_stdPT,SMPS_bin26_stdPT,SMPS_bin27_stdPT,SMPS_bin28_stdPT,SMPS_bin29_stdPT,SMPS_bin30_stdPT,SMPS_bin31_stdPT,SMPS_bin32_stdPT,SMPS_bin33_stdPT,SMPS_bin34_stdPT,SMPS_bin35_stdPT,SMPS_bin36_stdPT,SMPS_bin37_stdPT,SMPS_bin38_stdPT,SMPS_bin39_stdPT,SMPS_bin40_stdPT,SMPS_bin41_stdPT,SMPS_bin42_stdPT,SMPS_bin43_stdPT
[from data line 95]
88646,88691,88668.5,2124.47,9.81,0.14,2.48,0.00,0.00,0.00,0.00,11425.21,6763.34,10572.37,5450.61,2997.21,2354.40,2935.71,1945.01,1930.39,1563.23,1302.82,1999.91,1283.90,1173.59,1611.43,1224.01,1358.47,1243.14,1088.01,1050.59,819.18,1104.78,682.82,823.32,514.94,604.55,522.51,378.24,235.71,294.77,42.53,61.30,155.38,174.13,63.40,95.29,37.45,60.63,38.68,0.00
88706,88751,88728.5,2143.52,11.12,0.17,2.48,0.00,0.00,0.00,0.00,0.00,6209.16,4873.60,7898.04,8470.79,5370.40,6343.12,3341.97,3424.09,2412.98,2694.41,1731.85,1716.21,851.07,1137.91,933.81,1096.14,1087.05,1312.26,812.41,1171.24,479.71,1022.10,303.09,608.17,473.61,469.24,372.11,513.06,446.22,248.53,81.40,71.39,121.61,99.68,134.49,90.78,76.76,52.34,39.91
88765,88810,88787.5,2460.40,11.94,0.18,2.48,0.00,0.00,0.00,0.00,0.00,8355.07,7315.77,7160.84,6360.82,7555.92,6299.67,4352.06,4114.91,3205.45,2840.63,3009.03,1808.25,1578.10,1056.16,1434.90,1165.05,1401.81,1255.36,1141.84,1337.01,818.19,652.53,850.64,742.11,427.31,358.69,347.76,249.93,399.95,222.90,206.72,294.04,99.24,124.90,65.73,0.00,0.00,0.00,40.10
88824,88869,88846.5,2045.14,12.24,0.20,2.48,0.00,0.00,0.00,0.00,0.00,8068.01,5914.22,5243.63,5116.42,4233.99,2133.59,4542.33,2108.85,4199.21,2726.63,2605.85,1536.38,1566.41,1685.18,1078.70,1145.37,1107.32,1192.28,1145.54,1313.79,1234.60,1126.89,416.76,684.82,703.36,435.53,144.55,125.54,550.39,182.20,133.52,345.86,135.74,166.45,190.42,82.01,0.00,79.14,0.00
88883,88928,88905.5,1812.58,9.70,0.15,2.48,0.00,0.00,0.00,0.00,0.00,12631.72,7199.59,4454.59,3793.64,5330.18,2449.19,1188.32,1878.85,2037.09,1688.30,963.98,914.70,808.26,852.74,1018.55,1283.48,861.46,606.93,1486.98,925.34,712.51,652.22,638.85,581.80,802.86,250.60,373.50,300.09,341.83,181.85,161.58,200.08,113.88,55.47,64.88,99.91,54.59,0.00,0.00
88942,88987,88964.5,1343.14,10.31,0.18,2.49,0.00,0.00,0.00,0.00,0.00,7703.75,3261.41,4989.27,2014.34,1876.48,1810.15,1598.23,795.38,1127.07,715.16,1227.16,973.61,974.54,1411.55,723.73,928.02,728.16,1462.18,1205.76,1050.05,709.37,1035.02,727.55,421.10,310.01,698.90,629.50,396.49,360.38,259.64,197.60,38.90,83.38,137.48,118.98,93.02,97.88,20.22,27.26
89001,89046,89023.5,1462.62,10.82,0.18,2.49,0.00,0.00,0.00,0.00,0.00,11561.61,4431.62,5517.65,3298.74,1513.09,1696.52,1247.27,660.21,250.66,1000.34,797.69,355.26,519.41,731.64,695.40,764.91,1057.55,751.92,803.34,628.33,721.25,1004.38,1129.96,1213.01,882.18,768.54,743.83,599.79,506.73,309.78,170.43,105.93,75.21,17.78,133.75,25.05,39.07,0.00,20.09
89060,89105,89082.5,1409.24,10.13,0.17,2.48,0.00,0.00,0.00,0.00,0.00,9395.03,6096.65,5257.81,2762.28,2306.17,2473.88,838.39,318.70,500.32,412.65,743.19,1021.61,811.62,505.24,1146.19,349.83,616.07,735.77,687.43,246.95,831.79,1357.30,907.68,507.69,1063.75,602.84,548.97,356.13,482.78,353.24,237.15,247.40,89.21,12.84,60.76,131.35,0.00,10.08,27.18
89119,89164,89141.5,1251.88,11.07,0.19,2.48,0.00,0.00,0.00,0.00,0.00,5099.55,4884.93,5622.78,2985.35,1919.15,741.29,387.67,517.40,666.20,453.84,664.49,872.80,887.69,954.29,1051.45,1223.69,683.18,788.79,681.27,694.49,1198.49,735.48,850.69,871.75,708.83,723.77,846.27,720.93,469.72,338.63,233.53,113.89,53.07,36.06,152.77,38.52,39.20,79.37,27.25
89178,89223,89200.5,1028.89,10.51,0.20,2.49,0.00,0.00,0.00,0.00,0.00,7274.65,3729.13,3793.56,367.52,1229.51,518.36,585.92,482.72,552.37,505.31,165.19,501.57,300.78,427.26,679.02,649.40,1069.57,1185.15,742.61,498.47,1073.27,855.02,538.21,783.22,953.06,579.41,303.12,492.18,492.20,439.37,439.82,266.50,91.22,151.65,76.79,3.86,0.00,39.74,0.00
89237,89282,89259.5,924.53,12.02,0.21,2.49,0.00,0.00,0.00,0.00,0.00,4086.76,1097.32,1858.70,1219.68,287.97,998.15,1223.05,330.65,553.21,334.12,826.55,527.21,317.02,818.41,1049.70,1055.52,934.67,976.12,965.91,852.28,592.94,742.09,1016.40,1208.89,985.20,941.10,816.42,821.63,785.09,333.12,217.08,225.29,222.87,64.26,38.56,194.05,39.42,0.00,27.41
89296,89341,89318.5,924.49,11.55,0.21,2.49,0.00,0.00,0.00,0.00,0.00,5277.48,1104.30,1724.82,2016.30,605.21,233.86,187.23,656.70,766.07,1030.11,346.63,601.68,506.03,1027.39,842.25,661.32,470.44,1171.44,768.46,812.89,1105.95,1100.06,922.59,870.44,607.55,581.13,704.45,616.28,375.41,575.78,371.82,302.85,238.73,74.63,135.09,38.61,78.57,0.00,20.20
89355,89400,89377.5,1185.90,14.45,0.28,2.40,0.00,0.00,0.00,0.00,6441.32,2574.68,908.64,721.47,1080.28,519.85,878.96,182.87,565.95,1134.43,1543.61,955.45,806.50,720.76,789.28,1434.31,1160.20,1027.65,1529.01,1766.03,1798.39,885.61,890.15,940.75,912.88,1042.30,703.00,953.10,714.40,437.44,520.92,333.05,308.57,145.13,76.28,50.00,164.11,88.80,74.42,75.63
89414,89459,89436.5,2577.30,11.98,0.18,2.23,0.00,0.00,0.00,0.00,12523.17,7767.10,6593.39,10965.11,5455.27,6395.70,4612.46,3923.37,3347.81,2520.66,2425.69,1013.20,981.66,918.52,732.08,763.75,455.03,1036.35,785.58,1084.90,630.20,1275.29,657.73,850.25,599.37,604.75,666.29,707.14,774.02,322.81,308.57,220.29,136.61,83.86,95.61,64.62,29.61,29.91,33.38,45.43
89473,89518,89495.5,4257.14,9.93,0.10,2.17,0.00,0.00,0.00,28380.36,21028.32,12199.30,9381.49,7058.39,5221.50,6420.69,6407.37,6577.59,3902.24,4653.75,4225.77,4184.48,4007.84,2599.95,1784.36,1483.17,880.51,864.44,1019.40,325.42,526.15,206.93,510.68,408.73,200.40,142.75,499.48,196.66,174.48,286.95,121.65,86.07,101.39,22.91,68.11,0.00,0.00,0.00,0.00,34.03
89532,89577,89554.5,2476.26,12.76,0.20,2.17,0.00,0.00,0.00,0.00,9626.27,9736.65,4558.12,3046.64,4081.85,5656.04,5491.56,4032.19,4070.56,4162.42,3600.44,2666.79,2333.26,2139.08,1698.58,1226.72,858.77,618.84,732.00,742.29,490.97,966.46,953.42,648.26,1014.83,720.55,699.03,446.07,545.47,418.64,282.86,310.07,292.16,64.94,42.24,23.48,33.26,33.52,68.80,17.39
89591,89636,89613.5,2245.72,14.09,0.24,2.17,0.00,0.00,0.00,0.00,11698.57,7088.09,6275.81,5723.01,5392.85,4295.54,4475.81,2152.76,2150.64,1350.14,1699.28,1243.01,1155.93,1015.61,1463.81,609.80,735.34,617.12,864.13,919.42,1208.10,1152.89,1496.55,1053.87,905.13,819.74,531.80,689.84,863.61,433.13,675.67,249.34,222.32,136.74,162.72,68.10,97.89,50.44,0.00,46.44
89650,89695,89672.5,2001.47,13.81,0.24,2.17,0.00,0.00,0.00,0.00,9773.47,6152.76,4527.60,5240.46,4097.33,2670.25,3377.96,2972.62,3285.06,1557.28,2446.05,1246.51,979.29,1045.22,691.23,614.45,351.38,858.26,630.81,714.21,1366.02,1092.23,942.69,930.60,978.20,792.42,914.01,614.52,811.75,917.68,265.25,303.85,170.65,266.99,109.83,67.86,48.64,82.75,67.12,0.00
89709,89754,89731.5,2124.47,10.39,0.15,2.17,0.00,0.00,0.00,9919.46,5794.90,4658.75,6297.72,2987.96,2985.99,3192.34,3346.51,3201.87,2364.84,2970.04,2582.89,1931.02,1331.56,1069.03,1247.63,1299.19,660.97,927.96,960.86,690.52,600.99,1126.44,926.39,619.81,908.27,668.46,420.60,646.24,373.88,373.94,201.50,262.81,140.89,139.29,30.07,31.78,0.00,21.57,0.00,33.83
89768,89813,89790.5,2626.33,10.21,0.12,2.16,0.00,0.00,0.00,9449.35,4319.09,4229.05,6674.14,2927.41,4342.58,5781.17,5427.24,4757.22,4535.88,4126.67,4007.11,3978.16,3049.48,2578.49,2957.68,1327.65,1338.39,1181.46,855.28,630.94,487.47,1026.27,712.93,528.66,500.33,617.18,333.34,265.46,226.25,218.86,83.79,69.16,184.56,154.09,31.11,31.44,63.68,0.00,0.00,33.68
89827,89872,89849.5,2506.42,9.18,0.11,2.16,0.00,0.00,0.00,9439.27,4634.18,3481.76,4268.87,6437.61,5256.86,3754.04,3569.18,5117.88,3573.20,4472.98,4635.91,3765.58,2829.57,2414.63,2321.41,1627.13,1494.39,1559.92,821.85,688.21,515.96,561.03,509.39,493.80,414.31,237.59,149.97,286.44,154.18,213.93,146.01,93.78,7.73,32.18,31.05,81.42,9.98,0.00,48.61,17.80
89886,89931,89908.5,2900.46,9.20,0.09,2.16,0.00,0.00,0.00,11233.13,4152.07,7080.46,6459.95,3549.41,5159.62,4675.52,4043.55,5128.09,5664.50,4574.38,6122.41,4656.53,3858.72,3290.25,2803.92,1900.97,1842.93,1324.74,776.28,822.01,660.13,699.45,507.83,327.63,258.82,338.52,86.81,145.83,210.24,132.02,88.68,26.07,101.02,31.69,13.28,0.00,0.00,0.00,33.25,7.71
89945,89990,89967.5,2709.78,9.74,0.14,2.16,0.00,0.00,0.00,10994.30,7519.08,4902.88,7676.00,4616.17,4269.49,5160.90,2982.38,5098.76,4934.65,3705.61,3236.39,4355.76,2542.63,2599.31,2468.25,1282.92,1315.59,829.65,1153.50,704.93,641.05,669.63,373.23,498.79,298.58,498.88,314.79,325.66,183.71,155.24,83.28,29.96,0.00,27.51,7.04,3.11,44.98,0.00,33.18,34.03
90004,90049,90026.5,2147.89,8.97,0.11,2.14,0.00,0.00,0.00,5842.32,1593.85,3758.31,5116.08,2125.92,5427.92,3701.69,4486.40,4507.69,5071.27,3928.16,4022.21,3053.01,3180.97,1907.60,1380.34,1008.58,1495.68,912.46,654.71,557.50,608.86,658.61,581.05,598.22,504.61,313.70,340.04,321.42,205.30,196.35,175.76,140.86,101.71,77.70,24.12,63.12,32.13,0.00,22.31,34.08
90063,90108,90085.5,2377.70,10.80,0.13,2.02,0.00,0.00,0.00,10760.28,4300.79,5621.35,6584.35,3403.37,3385.50,1835.66,2696.03,2095.18,3219.82,2699.56,4201.00,2693.12,2208.43,1830.35,2301.78,1636.95,1678.54,2098.71,1776.35,1382.47,1476.51,1235.84,1203.01,749.03,678.65,548.02,482.12,335.44,183.29,199.85,150.49,131.25,103.67,18.19,89.06,29.95,0.00,0.00,62.47,0.00
90122,90167,90144.5,2848.72,12.40,0.19,1.90,0.00,0.00,6802.11,8187.75,10139.89,8020.38,4866.64,4065.27,3956.80,3113.88,4333.70,3993.03,2848.16,3487.90,2952.25,2742.56,2445.34,2134.95,1856.60,1965.45,1429.71,1419.60,2108.92,1467.22,1038.09,1103.81,978.80,424.74,851.31,492.05,321.88,186.07,135.42,161.99,290.12,194.53,103.75,77.59,67.14,107.25,28.04,0.00,57.74,58.73
90181,90226,90203.5,3436.64,52.48,1.56,1.80,0.00,0.00,5205.70,7288.07,6538.29,8894.73,5019.06,4933.21,5107.84,4761.50,5309.25,5446.95,3977.95,5118.11,3553.51,3340.08,3169.84,2777.62,2254.62,2056.40,1596.10,1318.32,1139.72,1417.56,1573.21,1234.84,989.57,1133.99,1379.71,1115.50,838.26,1006.46,502.49,235.89,277.36,224.81,376.64,748.76,1193.14,1073.86,1435.17,1279.87,1088.00,796.54
90240,90285,90262.5,4712.84,21.26,0.38,1.77,0.00,0.00,29627.32,17739.46,6222.06,7841.00,8553.74,8019.10,6323.40,7335.31,7987.60,7508.29,6007.39,4418.88,4524.18,4275.37,3149.52,1560.82,1862.93,1245.82,1089.56,1155.65,831.99,1539.64,1402.79,1105.70,1289.14,1212.47,1044.72,783.50,806.25,854.39,506.58,372.39,403.89,252.77,207.74,354.55,312.66,260.75,256.77,152.48,173.85,97.04
90299,90344,90321.5,1764.82,14.26,0.26,1.77,0.00,0.00,4805.50,6119.66,1954.56,5496.31,1903.94,1980.99,2332.96,2095.87,2118.48,1770.96,1679.36,2011.89,1464.70,1152.20,1221.88,801.13,1230.32,1059.07,1145.15,1038.53,1084.68,1191.78,1279.09,1093.05,1033.31,1172.88,1131.74,846.94,713.78,604.35,732.07,623.67,405.65,191.30,185.72,200.35,71.48,133.24,97.01,75.80,6.14,48.26
90358,90403,90380.5,1329.10,13.54,0.27,1.77,0.00,0.00,3981.32,3478.88,2844.32,1415.01,1428.44,950.32,1718.07,1872.72,1107.95,1596.80,1035.96,1291.95,532.32,1225.52,1057.84,924.98,1002.27,751.25,993.39,682.89,991.29,811.71,1520.86,1024.61,1110.01,1404.41,909.60,869.13,778.44,592.63,465.96,394.75,442.64,291.20,189.05,38.20,134.73,121.16,196.71,45.50,86.87,136.03
90417,90462,90439.5,13387.42,1470.17,51.66,1.77,0.00,0.00,7861.41,5716.48,5906.38,2054.34,3465.26,2930.22,1794.62,1804.52,2784.18,1285.65,1187.50,1485.26,1389.12,1724.59,772.15,1149.11,1404.08,1153.98,1022.39,1008.57,1079.40,1570.80,2667.49,3722.52,4348.28,5113.12,3772.47,1237.34,0.00,0.00,0.00,0.00,683.26,7025.86,21160.78,25329.24,35171.11,43247.82,53906.02,50527.69,43316.77,41980.66
90476,90521,90498.5,16190.49,1466.19,50.16,1.78,0.00,0.00,3977.41,4608.87,1562.23,3759.96,2596.72,3306.11,4462.69,2522.53,3202.68,3330.20,3004.75,3642.38,3669.31,2912.66,3392.54,3547.14,3176.99,3418.19,3714.42,4679.75,3515.48,702.09,3022.90,1841.18,215.34,1936.99,14961.26,18308.27,12960.16,15408.75,19187.79,14939.84,10829.02,17850.08,23150.21,24926.55,29726.00,41233.21,49050.90,40198.00,34448.59,28926.88
90535,90580,90557.5,9835.89,760.86,27.56,1.85,0.00,0.00,6902.02,5907.97,4078.55,5844.34,5265.49,4959.90,6543.27,4911.53,4919.62,5989.31,5889.57,4905.99,6250.39,5960.46,5404.97,5656.64,4107.57,3275.52,2887.94,3233.61,3247.78,3246.81,3214.67,3932.59,4001.31,5981.86,4595.93,7350.26,5717.17,4754.40,1110.28,4758.16,6841.54,5040.13,6337.81,8742.18,9480.06,9954.79,20653.89,21985.60,20336.43,18489.39
90594,90639,90616.5,4958.63,401.44,14.61,1.94,0.00,0.00,0.00,4281.81,535.24,1329.23,671.36,2823.69,3474.74,2936.24,2874.92,3747.45,3962.51,5087.60,3128.19,3296.45,3475.53,2715.60,2738.04,2231.13,2283.25,1483.67,1572.22,1064.64,945.29,1879.18,1438.06,2317.45,2303.56,4093.29,2380.62,1668.37,1066.17,1144.16,2624.79,712.20,1666.60,4074.08,7100.69,6823.55,10103.33,12430.55,11131.99,11398.37
90653,90698,90675.5,2486.58,118.74,4.19,2.02,0.00,0.00,0.00,12487.32,1591.10,3913.65,895.13,1201.77,3551.64,2407.29,1678.08,1669.71,2113.39,2012.29,1681.71,1832.14,1578.52,1032.06,742.63,1248.26,958.74,783.84,1213.75,827.00,1062.48,1248.49,1210.24,1099.72,1243.31,806.97,1085.27,210.67,719.05,925.94,785.49,650.24,1762.79,1474.95,1079.61,1730.12,2469.96,4197.20,2767.98,3005.56
90712,90757,90734.5,1923.43,95.17,3.62,2.10,0.00,0.00,0.00,0.00,1703.46,1600.71,3671.70,1267.34,2247.60,2253.02,2485.93,1368.34,2875.64,2889.40,2558.98,2208.20,1449.60,2062.40,1774.19,1198.65,1393.10,1292.54,556.95,848.46,399.33,1101.38,636.21,756.34,897.53,537.29,1123.38,612.65,367.14,783.33,488.64,802.23,856.69,524.01,367.33,747.26,990.78,1854.40,2190.86,2410.92
90771,90816,90793.5,2595.28,55.31,1.82,2.14,0.00,0.00,0.00,0.00,5202.24,3468.66,5310.12,4284.44,4910.30,3687.40,3401.56,5023.97,4261.05,3191.90,4555.69,4217.85,2925.76,2851.80,1957.30,2547.52,1373.16,889.81,1438.01,909.14,1169.44,697.16,913.97,663.39,632.94,533.10,533.86,614.20,302.20,302.22,28.81,308.00,395.73,681.35,1061.17,1188.32,1358.69,1220.27,1250.71,863.59
90831,90876,90853.5,1894.26,26.64,0.80,2.15,0.00,0.00,0.00,0.00,5422.29,4558.46,3852.64,2019.58,3301.42,2460.06,2501.29,2507.08,3686.55,2824.47,2602.79,2939.55,1979.64,1962.47,1703.36,1923.41,1658.48,1085.18,967.71,980.09,1109.84,962.71,670.35,500.49,574.62,519.09,364.58,321.81,343.34,91.67,67.00,156.29,150.52,24.55,618.62,643.17,304.72,450.83,559.16,416.47
90890,90935,90912.5,2332.25,45.12,1.46,2.14,0.00,0.00,0.00,0.00,6009.56,1742.82,4593.46,6445.87,4699.29,2803.97,3807.68,2513.23,2524.71,3841.06,3121.13,2630.85,2425.04,2299.08,2607.46,1948.79,1907.33,1871.85,1298.52,1038.43,1233.57,1175.76,682.13,661.55,863.25,472.89,718.42,720.73,47.42,295.15,304.53,180.86,131.61,196.52,409.68,719.54,1000.46,1285.68,857.83,807.00
90949,90994,90971.5,2085.52,20.94,0.53,2.14,0.00,0.00,0.00,0.00,5245.40,3592.78,3396.77,3744.91,2049.03,3740.85,3591.54,4431.57,3754.17,3322.65,3910.88,2988.82,2183.25,2035.39,2356.80,1811.74,1512.23,1308.97,1314.74,1329.18,975.37,727.84,725.75,844.04,658.96,627.07,537.86,244.27,269.23,348.70,279.29,397.44,137.53,318.49,321.85,228.13,316.00,235.09,139.13,232.06
91008,91053,91030.5,2035.31,14.23,0.31,2.14,0.00,0.00,0.00,0.00,5763.77,8833.94,4804.36,2245.10,5244.80,4626.29,1800.84,2858.29,3992.97,1642.90,2617.21,2207.18,1696.74,1626.11,1525.56,1995.43,1194.75,677.83,1113.43,1123.16,1131.59,943.93,649.06,753.09,487.19,547.14,408.78,192.74,421.14,534.50,205.19,72.11,51.01,130.26,143.46,90.15,177.77,100.64,175.57,35.71
91067,91112,91089.5,1968.99,12.43,0.23,2.14,0.00,0.00,0.00,0.00,13276.89,3871.48,5225.36,2999.89,4361.18,2738.87,3029.14,1759.78,2793.86,2780.42,1692.62,2347.04,1278.32,1103.34,1296.24,1029.43,668.77,803.29,1126.25,1089.66,1484.81,1191.23,1011.35,153.57,38.51,449.75,527.41,460.04,331.91,450.00,128.80,300.20,276.25,235.62,227.66,128.98,50.05,83.37,104.64,0.00
91126,91171,91148.5,2468.05,13.73,0.21,2.12,0.00,0.00,0.00,9417.66,7493.41,2428.87,3834.61,5497.33,3977.50,3333.61,3392.84,4565.20,3510.72,2495.08,3327.37,2729.96,2848.82,1361.52,2119.10,1526.43,1320.86,1326.46,857.24,1308.89,1005.34,1412.32,1505.99,1459.19,1104.73,1071.91,425.49,658.64,385.43,274.63,66.44,308.18,73.40,85.43,79.46,45.61,150.83,65.50,21.94,67.84
