Data/Raw/MOORE,RICHARD/FIREXAQ-LARGE-SMPS_DC8_20190802_R0.ict
88,1001
Richard Moore, Elizabeth Wiggins, Edward Winstead, Claire Robinson, Lee Thornhill, and Kevin Sanchez
NASA Langley Research Center
In-situ Submicron Particle Size Distributions from a SMPS on the NASA DC-8
FIREXAQ
1,1
2019,08,02,2020,03,10
0
Time_start,Secs after midnight,Time of acquisition
50
1,1,1,1,1,1,1,1,1,1,1,1,1,1,1,1,1,1,1,1,1,1,1,1,1,1,1,1,1,1,1,1,1,1,1,1,1,1,1,1,1,1,1,1,1,1,1,1,1,1
-9999,-9999,-9999,-9999,-9999,-9999,-9999,-9999,-9999,-9999,-9999,-9999,-9999,-9999,-9999,-9999,-9999,-9999,-9999,-9999,-9999,-9999,-9999,-9999,-9999,-9999,-9999,-9999,-9999,-9999,-9999,-9999,-9999,-9999,-9999,-9999,-9999,-9999,-9999,-9999,-9999,-9999,-9999,-9999,-9999,-9999,-9999,-9999,-9999,-9999
Time_stop,Secs after midnight,Time of acquisition
Time_mid,Secs after midnight,Time of acquisition
nSMPS_stdPT,#/cm3,AerMP_NumConc_InSitu_RHd_Mobility_NucltoAccu_STP,integrated_number_density
sSMPS_stdPT,um2/cm3,AerMP_SurfAreaConc_InSitu_RHd_Mobility_NucltoAccu_STP,integrated_surface_area
vSMPS_stdPT,um3/cm3,AerMP_VolConc_InSitu_RHd_Mobility_NucltoAccu_STP,integrated_volume
SMPS_stdPT, unitless, None, conversion between ambient PT and standard PT (1013, 273)
SMPS_bin00_stdPT,#/cm3,AerMP_NumSizeDist_InSitu_RHd_Mobility_NucltoAccu_STP,Binned number size distribution (in dNdlogDp) measured by the SMPS
SMPS_bin01_stdPT,#/cm3,AerMP_NumSizeDist_InSitu_RHd_Mobility_NucltoAccu_STP,Binned number size distribution (in dNdlogDp) measured by the SMPS
SMPS_bin02_stdPT,#/cm3,AerMP_NumSizeDist_InSitu_RHd_Mobility_NucltoAccu_STP,Binned number size distribution (in dNdlogDp) measured by the SMPS
SMPS_bin03_stdPT,#/cm3,AerMP_NumSizeDist_InSitu_RHd_Mobility_NucltoAccu_STP,Binned number size distribution (in dNdlogDp) measured by the SMPS
SMPS_bin04_stdPT,#/cm3,AerMP_NumSizeDist_InSitu_RHd_Mobility_NucltoAccu_STP,Binned number size distribution (in dNdlogDp) measured by the SMPS
SMPS_bin05_stdPT,#/cm3,AerMP_NumSizeDist_InSitu_RHd_Mobility_NucltoAccu_STP,Binned number size distribution (in dNdlogDp) measured by the SMPS
SMPS_bin06_stdPT,#/cm3,AerMP_NumSizeDist_InSitu_RHd_Mobility_NucltoAccu_STP,Binned number size distribution (in dNdlogDp) measured by the SMPS
SMPS_bin07_stdPT,#/cm3,AerMP_NumSizeDist_InSitu_RHd_Mobility_NucltoAccu_STP,Binned number size distribution (in dNdlogDp) measured by the SMPS
SMPS_bin08_stdPT,#/cm3,AerMP_NumSizeDist_InSitu_RHd_Mobility_NucltoAccu_STP,Binned number size distribution (in dNdlogDp) measured by the SMPS
SMPS_bin09_stdPT,#/cm3,AerMP_NumSizeDist_InSitu_RHd_Mobility_NucltoAccu_STP,Binned number size distribution (in dNdlogDp) measured by the SMPS
SMPS_bin10_stdPT,#/cm3,AerMP_NumSizeDist_InSitu_RHd_Mobility_NucltoAccu_STP,Binned number size distribution (in dNdlogDp) measured by the SMPS
SMPS_bin11_stdPT,#/cm3,AerMP_NumSizeDist_InSitu_RHd_Mobility_NucltoAccu_STP,Binned number size distribution (in dNdlogDp) measured by the SMPS
SMPS_bin12_stdPT,#/cm3,AerMP_NumSizeDist_InSitu_RHd_Mobility_NucltoAccu_STP,Binned number size distribution (in dNdlogDp) measured by the SMPS
SMPS_bin13_stdPT,#/cm3,AerMP_NumSizeDist_InSitu_RHd_Mobility_NucltoAccu_STP,Binned number size distribution (in dNdlogDp) measured by the SMPS
SMPS_bin14_stdPT,#/cm3,AerMP_NumSizeDist_InSitu_RHd_Mobility_NucltoAccu_STP,Binned number size distribution (in dNdlogDp) measured by the SMPS
[...]
UNCERTAINTY:  20%
ULOD_FLAG: -7777
ULOD_VALUE: N/A
LLOD_FLAG: -8888
LLOD_VALUE: N/A
DM_CONTACT_INFO: Lee Thornhill (Kenneth.L.Thornhill@nasa.gov)
PROJECT_INFO: FIREX-AQ
STIPULATIONS_ON_USE: No stipulations on use. The user is encouraged to contact the PI or DM prior to use.
OTHER_COMMENTS: Midpoint diameters of Bins 00 to 43 are: 0.011,0.012,0.013,0.014,0.015,0.016,0.017,0.018,0.019,0.021,0.022,0.024,0.026,0.028,0.030,0.032,0.035,0.037,0.040,0.043,0.046,0.050,0.053,0.057,0.061,0.066,0.071,0.076,0.082,0.088,0.095,0.102,0.109,0.118,0.126,0.136,0.146,0.157,0.168,0.181,0.194,0.209,0.225,0.241
REVISION: R0
R0: Final Data. Data are corrected for time lags and ammonium sulfate size calibrations.
*******************************************************************************************************************************
Time_start,Time_stop,Time_mid,nSMPS_stdPT,sSMPS_stdPT,vSMPS_stdPT,SMPS_stdPT,SMPS_bin00_stdPT,SMPS_bin01_stdPT,SMPS_bin02_stdPT,SMPS_bin03_stdPT,SMPS_bin04_stdPT,SMPS_bin05_stdPT,SMPS_bin06_stdPT,SMPS_bin07_stdPT,SMPS_bin08_stdPT,SMPS_bin09_stdPT,SMPS_bin10_stdPT,SMPS_bin11_stdPT,SMPS_bin12_stdPT,SMPS_bin13_stdPT,SMPS_bin14_stdPT,SMPS_bin15_stdPT,SMPS_bin16_stdPT,SMPS_bin17_stdPT,SMPS_bin18_stdPT,SMPS_bin19_stdPT,SMPS_bin20_stdPT,SMPS_bin21_stdPT,SMPS_bin22_stdPT,SMPS_bin23_stdPT,SMPS_bin24_stdPT,SMPS_bin25_stdPT,SMPS_bin26_stdPT,SMPS_bin27_stdPT,SMPS_bin28_stdPT,SMPS_bin29_stdPT,SMPS_bin30_stdPT,SMPS_bin31_stdPT,SMPS_bin32_stdPT,SMPS_bin33_stdPT,SMPS_bin34_stdPT,SMPS_bin35_stdPT,SMPS_bin36_stdPT,SMPS_bin37_stdPT,SMPS_bin38_stdPT,SMPS_bin39_stdPT,SMPS_bin40_stdPT,SMPS_bin41_stdPT,SMPS_bin42_stdPT,SMPS_bin43_stdPT
[from data line 317]
94861,94906,94883.5,1185.90,15.80,0.35,2.69,0.00,0.00,0.00,0.00,0.00,0.00,807.73,620.68,430.88,1701.92,790.33,653.89,2523.32,1401.52,2699.02,2739.66,1817.38,2217.48,2810.69,2390.34,1685.67,1584.28,1720.67,1207.82,934.47,1012.54,755.66,378.42,726.83,598.05,309.07,202.16,446.34,159.55,225.96,379.83,258.59,304.80,538.76,223.26,81.67,208.70,175.20,43.72
94920,94965,94942.5,1133.26,15.26,0.37,2.70,0.00,0.00,0.00,0.00,0.00,2150.41,0.00,1614.45,1832.23,777.69,1076.94,1189.31,2373.27,1682.29,1392.90,2593.16,1166.37,996.48,2591.81,1243.26,1676.11,1763.06,1549.95,1195.89,1437.33,472.16,517.82,480.47,399.25,380.21,315.18,187.53,361.78,700.59,177.98,100.17,300.01,241.35,0.00,282.19,237.57,173.43,223.00,165.43
94979,95024,95001.5,1217.98,16.85,0.45,2.69,0.00,0.00,0.00,0.00,0.00,2145.67,4577.23,442.46,2181.02,1661.06,2402.15,1427.21,1565.52,2101.68,834.35,1454.66,2023.75,1321.64,1993.05,1517.35,936.03,1504.96,887.32,841.86,901.99,497.65,272.03,422.72,493.49,438.46,434.78,647.27,241.24,64.63,249.60,140.19,112.30,192.61,366.73,334.77,255.16,200.22,377.85,173.38
95038,95083,95060.5,1062.73,19.33,0.56,2.69,0.00,0.00,0.00,0.00,0.00,2149.80,1475.73,1137.25,1511.29,2016.55,1103.26,904.16,1445.16,1017.31,881.51,1570.10,1514.92,1827.02,1551.61,1505.70,814.26,1135.49,1433.84,692.52,996.81,931.11,505.35,488.94,351.00,330.48,211.03,421.16,367.55,251.74,681.94,267.70,333.93,111.10,224.31,187.04,154.30,284.03,396.19,195.76
95098,95143,95120.5,1156.22,16.20,0.41,2.69,0.00,0.00,0.00,0.00,0.00,5269.92,1088.61,471.64,1809.37,1367.58,1059.53,1004.47,1394.12,1514.68,1877.79,1649.16,1412.90,1619.23,1294.06,1220.13,1580.82,836.83,1054.03,1388.84,985.84,739.51,543.78,617.08,517.66,425.41,375.74,595.94,481.61,209.92,305.37,361.92,93.93,346.07,201.75,61.76,358.99,128.80,311.28,79.37
95157,95202,95179.5,1094.86,15.44,0.40,2.69,0.00,0.00,0.00,0.00,1382.22,4168.54,1434.99,1323.18,1733.50,1355.16,1441.87,1331.78,841.88,1699.69,1336.39,929.76,1392.30,1379.42,975.07,884.59,1265.97,808.45,905.48,553.87,671.39,522.31,661.21,553.92,788.61,301.63,768.16,433.48,472.24,256.97,271.33,371.24,106.18,0.00,309.91,240.05,200.54,397.52,215.15,78.36
95216,95261,95238.5,971.42,16.02,0.41,2.69,0.00,0.00,0.00,0.00,1184.79,4336.44,764.21,0.00,358.41,279.73,317.69,948.61,426.28,1714.10,1804.13,696.07,1946.21,736.87,1739.38,942.31,1139.07,1316.89,1341.43,1064.75,781.57,1139.09,501.25,670.56,532.10,599.11,390.80,199.14,227.17,159.97,66.90,403.58,304.99,194.03,319.36,126.49,454.08,289.52,364.91,77.44
95275,95320,95297.5,1130.08,16.86,0.42,2.70,0.00,0.00,0.00,0.00,1185.30,2563.06,1534.21,2986.75,1323.59,833.13,1691.45,944.59,2268.67,1159.48,1381.58,782.12,1204.28,820.13,727.05,912.92,1285.08,1115.36,1258.82,1120.94,1122.56,845.73,775.15,745.22,356.55,668.27,477.27,451.30,456.46,338.61,353.18,101.43,123.47,351.75,552.80,175.57,278.94,226.01,251.26,194.98
95334,95379,95356.5,863.35,17.89,0.47,2.69,0.00,0.00,0.00,0.00,0.00,802.67,1343.43,5.16,1198.29,1417.88,456.81,1242.36,1028.40,773.61,1083.64,699.03,540.07,1413.85,1144.87,513.20,1776.18,1139.25,1122.40,1113.32,663.02,632.42,662.18,828.83,231.70,306.69,453.55,690.12,296.88,644.30,548.81,200.93,130.14,633.87,279.48,444.70,201.62,269.65,237.75,156.29
95393,95438,95415.5,1269.18,26.44,0.75,2.70,0.00,0.00,0.00,0.00,0.00,3044.24,3992.06,2593.61,1365.50,1080.00,1321.17,1733.02,1225.78,583.00,1259.71,893.01,969.29,895.75,721.81,1605.35,922.91,1283.21,944.77,1509.43,1127.23,798.60,1426.99,1171.03,528.06,502.14,688.14,249.46,235.44,561.14,886.00,419.68,479.11,590.21,509.61,335.94,357.21,447.97,389.01,301.42
95452,95497,95474.5,987.55,25.12,0.74,2.70,0.00,0.00,0.00,0.00,0.01,0.00,2020.03,895.15,640.60,760.53,852.97,1066.19,1547.84,934.36,849.97,1521.95,1077.45,1006.43,932.01,964.65,1518.83,1594.46,962.00,787.21,1058.99,1133.16,634.95,675.43,656.28,844.84,471.22,365.70,645.21,658.14,468.12,500.01,463.87,474.19,29.87,270.57,475.23,338.80,440.10,244.18
95511,95556,95533.5,810.29,24.34,0.71,2.70,0.00,0.00,0.00,0.00,0.03,0.06,1347.63,280.07,0.00,0.00,0.00,687.25,702.57,1659.00,1037.73,901.89,685.56,913.72,833.79,1120.13,1100.70,1017.25,1123.57,909.66,1148.65,752.56,646.58,591.62,723.28,605.37,536.87,695.80,736.97,646.67,673.72,180.29,452.90,476.17,198.98,404.28,431.03,391.32,305.83,366.35
95570,95615,95592.5,876.65,32.04,0.98,2.70,0.00,0.00,0.00,0.00,0.00,0.03,1349.93,0.05,1008.73,794.63,208.74,328.05,453.56,678.20,477.91,632.67,1502.19,1362.34,574.42,581.13,901.21,833.73,1106.88,980.27,1198.19,868.17,733.21,929.03,911.86,565.40,297.76,831.55,860.01,666.38,679.13,1015.23,371.10,340.74,404.79,594.06,475.08,470.44,588.55,490.10
95629,95674,95651.5,843.01,31.25,0.97,2.70,0.00,0.00,0.00,0.00,1187.27,0.03,0.00,428.71,686.15,285.81,224.38,526.16,1050.52,604.55,639.15,763.65,509.35,378.51,843.92,822.60,1128.63,1571.15,1574.20,657.86,547.75,743.83,845.64,895.35,1277.76,662.87,672.31,565.07,388.34,211.85,218.46,703.61,444.85,413.12,684.49,582.86,739.14,630.60,582.40,472.13
95688,95733,95710.5,1003.04,34.17,1.10,2.70,0.00,0.00,0.00,0.00,1184.44,0.04,0.00,0.00,192.45,943.20,0.00,336.28,561.58,1292.38,705.94,591.06,1378.17,1701.41,1282.38,1632.79,1098.51,1328.60,1636.90,643.52,1690.37,1553.81,1442.54,956.94,1152.78,707.20,630.53,653.99,618.91,409.70,452.70,803.45,249.86,242.70,368.69,546.66,296.53,372.23,372.60,605.27
95747,95792,95769.5,1236.53,31.33,0.93,2.69,0.00,0.00,0.00,0.00,0.05,0.00,0.00,499.30,1063.19,567.67,791.58,430.34,746.30,1287.39,1389.88,898.57,1527.52,3457.63,2505.71,2640.63,1622.36,2466.38,1552.96,2267.34,1434.59,1544.31,1090.55,1329.62,851.76,636.48,489.36,774.11,582.33,278.43,329.30,479.43,107.43,0.00,302.26,567.92,398.95,544.40,547.73,671.32
95806,95851,95828.5,1386.83,29.60,0.83,2.70,0.00,0.00,0.00,0.00,0.00,0.00,903.74,279.82,344.03,1700.26,768.65,372.37,1110.90,1397.28,1693.61,1897.65,2277.11,1964.00,2205.88,3488.36,2178.30,2892.83,2021.25,2178.54,2365.68,1544.49,1122.06,963.04,844.00,844.48,837.42,708.86,661.22,579.15,426.02,390.81,35.58,538.31,173.80,301.37,227.53,484.03,254.16,540.05
95865,95910,95887.5,1191.75,27.39,0.81,2.70,0.00,0.00,0.00,0.00,0.03,0.00,0.00,903.88,985.09,542.43,752.36,545.98,1392.81,1424.21,2431.96,1519.11,2070.64,2652.82,1983.78,2079.97,2010.71,2017.25,1856.99,951.17,1283.17,1546.43,796.68,936.42,680.28,575.42,365.94,750.97,367.55,400.18,303.03,252.88,240.59,319.83,498.79,389.46,284.54,224.45,488.66,353.36
95924,95969,95946.5,1200.29,16.69,0.39,2.71,0.00,0.00,0.00,0.00,1378.60,1600.37,1231.60,2636.34,0.00,498.39,1381.23,767.18,1075.84,1167.67,2023.17,2253.58,1490.93,2459.86,1968.87,2030.47,1351.63,1656.90,1532.43,1075.77,1041.32,1027.43,382.73,505.67,828.86,418.75,505.77,481.56,494.73,576.52,299.44,413.58,307.36,350.12,91.98,198.03,218.09,69.75,204.32,137.85
95983,96028,96005.5,849.29,10.67,0.25,2.86,0.00,0.00,0.00,0.00,0.00,1914.55,686.87,1049.80,1155.78,525.05,1941.76,566.82,1145.60,1291.78,839.90,1404.37,935.45,1543.96,1115.37,1055.37,1461.71,1040.32,875.68,830.97,685.40,779.96,527.25,605.50,255.30,294.40,293.61,272.31,262.67,298.82,240.17,151.62,241.47,221.17,58.99,58.86,98.68,74.93,39.92,82.43
96042,96087,96064.5,963.28,7.30,0.15,3.01,0.00,0.00,0.00,0.00,0.00,1191.41,6478.86,1929.02,3686.41,2020.31,553.58,889.88,1491.93,2012.35,1228.19,1225.79,972.59,419.74,935.78,291.59,263.09,636.08,266.21,438.10,271.03,358.40,510.09,317.13,289.64,157.38,272.42,118.01,193.37,123.87,190.51,150.95,231.00,207.54,122.44,101.89,127.46,0.00,58.42,0.00
96101,96146,96123.5,1386.59,7.77,0.15,3.14,0.00,0.00,0.00,0.00,0.00,0.00,4986.44,7685.89,4867.04,1372.15,4374.27,2650.61,2491.43,1582.34,1199.71,1576.75,1890.89,1610.98,758.32,949.24,926.42,480.22,791.79,702.91,286.07,355.89,454.28,394.86,133.90,281.21,76.81,195.85,224.41,274.15,124.57,145.59,64.19,72.87,25.68,42.14,19.90,46.65,65.21,46.40
96160,96205,96182.5,1257.77,9.36,0.20,3.24,0.00,0.00,0.00,0.00,0.00,0.00,8537.38,2461.21,4920.14,1993.45,4041.35,1548.40,1636.02,542.87,1648.13,1157.71,989.70,1036.28,794.00,947.47,969.08,877.96,449.87,567.30,888.09,330.75,534.49,293.84,481.08,508.29,249.10,262.42,167.00,234.93,147.01,166.73,112.18,115.32,115.42,122.57,58.53,46.15,119.77,24.09
96219,96264,96241.5,1748.95,13.33,0.30,3.34,0.00,0.00,0.00,0.00,0.00,0.00,7592.09,8825.77,5753.87,3157.60,2196.10,2215.72,2487.04,2718.26,1486.17,2230.78,2543.23,1389.24,1271.58,1237.36,1669.09,831.30,1601.51,738.14,837.56,818.66,496.93,224.93,366.00,335.06,509.91,304.53,108.67,306.20,23.03,246.03,203.80,248.54,0.00,169.86,108.61,158.11,96.61,188.96
96278,96323,96300.5,2044.94,16.59,0.38,3.42,0.00,0.00,0.00,0.00,0.00,0.00,2190.99,13598.55,10079.18,4086.54,7083.89,1886.93,3894.80,1794.06,1822.57,1761.48,1312.50,1530.63,1476.48,901.18,1347.21,628.02,646.84,590.89,767.32,561.17,805.63,755.06,614.46,620.08,741.24,672.96,659.17,483.09,194.18,191.63,340.83,169.27,218.22,240.15,120.59,120.44,38.75,175.43
96337,96382,96359.5,2177.99,33.04,0.83,3.47,0.00,0.00,0.00,0.00,0.00,0.00,3608.61,818.72,2606.27,2400.49,3470.56,1377.17,2037.70,2864.42,2760.11,2659.76,3762.44,3503.53,3018.68,3648.15,4769.56,4662.70,3219.42,2327.72,1714.24,2156.34,1511.29,1491.32,1028.72,1013.89,583.83,764.94,597.09,477.07,467.68,489.80,410.10,443.98,648.04,24.66,592.58,323.08,243.03,213.90
96396,96441,96418.5,0.00,0.00,0.00,3.47,0.00,0.00,0.00,0.00,0.00,0.00,0.00,0.00,0.00,0.00,0.00,0.00,0.00,0.00,0.00,0.00,0.00,0.00,0.00,0.00,0.00,0.00,0.00,0.00,0.00,0.00,0.00,0.00,0.00,0.00,0.00,0.00,0.00,0.00,0.00,0.00,0.00,0.00,0.00,0.00,0.00,0.00,0.00,0.00
96455,96500,96477.5,0.00,0.00,0.00,3.48,0.00,0.00,0.00,0.00,0.00,0.00,0.00,0.00,0.00,0.00,0.00,0.00,0.00,0.00,0.00,0.00,0.00,0.00,0.00,0.00,0.00,0.00,0.00,0.00,0.00,0.00,0.00,0.00,0.00,0.00,0.00,0.00,0.00,0.00,0.00,0.00,0.00,0.00,0.00,0.00,0.00,0.00,0.00,0.00
96514,96559,96536.5,0.00,0.00,0.00,3.48,0.00,0.00,0.00,0.00,0.00,0.00,0.00,0.00,0.00,0.00,0.00,0.00,0.00,0.00,0.00,0.00,0.00,0.00,0.00,0.00,0.00,0.00,0.00,0.00,0.00,0.00,0.00,0.00,0.00,0.00,0.00,0.00,0.00,0.00,0.00,0.00,0.00,0.00,0.00,0.00,0.00,0.00,0.00,0.00
96573,96618,96595.5,5035.71,166.14,4.65,3.48,0.00,0.00,0.00,0.00,0.00,0.00,0.00,8208.98,4924.45,5853.08,5537.95,6425.67,5173.12,5056.41,3545.06,5984.76,3731.81,3108.21,2646.26,2451.35,1516.47,851.79,966.49,629.38,1734.49,4677.22,9401.11,11483.78,8849.52,4319.60,4325.63,4194.81,3217.35,4647.34,5598.05,6006.57,5659.92,3742.62,2480.97,3303.84,2493.74,1671.37,1153.77,1797.25
96632,96677,96654.5,9748.71,340.31,9.73,3.48,0.00,0.00,0.00,0.00,0.00,0.00,9539.12,15725.61,10519.46,10159.93,12179.38,8660.79,12008.61,9051.85,8335.62,8570.61,6967.15,5038.05,4552.29,3590.27,1940.39,1098.34,1345.27,911.48,4653.71,10143.26,16380.35,18755.20,14216.42,6271.57,6781.57,7963.26,7670.34,6769.33,11051.98,13693.84,10108.46,9649.10,7651.71,6007.00,5258.34,4730.48,3412.96,2694.67
96691,96736,96713.5,8619.33,223.08,5.79,3.48,0.00,0.00,0.00,0.00,0.00,0.00,7747.74,13304.07,14147.47,11821.85,11916.02,11111.55,7449.38,8214.27,7477.04,7865.02,4923.56,7711.10,6039.41,4530.87,2575.91,2256.19,1263.86,919.71,2871.23,8211.30,17202.99,20134.71,13379.63,8778.19,8043.62,7409.82,6102.01,5466.73,7927.70,7412.54,6124.11,5188.31,4788.55,3781.17,2428.81,2065.40,1518.69,1301.52
96750,96795,96772.5,3639.27,73.35,1.39,3.49,0.00,0.00,0.00,0.00,0.00,0.00,3619.43,970.25,1175.31,2293.40,1333.02,2183.24,2240.80,1805.18,1613.18,3121.13,1893.94,1749.65,778.74,549.90,0.00,0.00,0.00,332.77,1380.26,16071.25,22549.55,17857.21,10135.76,6622.89,4017.62,2491.27,1790.31,1288.07,957.69,537.02,1215.12,745.29,832.58,296.84,580.70,333.16,324.67,137.62
96809,96854,96831.5,1282.10,17.42,0.42,3.38,0.00,0.00,0.00,0.00,0.00,0.00,1193.17,4191.14,3582.90,798.96,3245.48,925.23,2022.81,3094.00,1894.81,936.58,1114.04,1514.65,1955.56,904.16,1564.82,1042.61,1390.38,679.20,907.72,842.12,840.31,463.06,479.48,548.72,602.10,345.81,471.55,295.97,317.91,409.45,409.34,582.68,316.44,208.30,30.74,350.33,92.82,160.85
96868,96913,96890.5,1706.50,19.05,0.41,3.10,0.00,0.00,0.00,0.00,0.00,3772.93,3405.46,2994.62,3557.69,4231.00,1552.09,632.12,2430.01,2202.96,1783.40,2209.04,2192.77,2166.41,1914.25,2112.42,1331.33,1470.28,2073.57,957.76,1143.18,1348.00,1028.12,1119.37,1001.55,901.79,689.79,636.84,527.97,312.95,568.61,411.52,262.23,355.82,154.29,475.35,56.85,165.42,37.51,209.50
96927,96972,96949.5,3174.62,16.55,0.30,2.83,0.00,0.00,0.00,0.00,0.00,13292.89,11816.92,12555.58,8605.77,8682.96,7625.55,3576.29,4432.61,1446.07,2514.83,3223.08,2823.95,2421.89,2106.58,2555.54,1886.42,1644.23,1665.68,1074.25,574.91,938.63,870.27,524.78,551.78,427.60,437.95,739.13,305.32,205.90,223.97,319.36,387.24,156.06,291.72,224.33,33.63,124.60,40.68,39.53
96986,97031,97008.5,1328.01,11.16,0.24,2.59,0.00,0.00,0.00,0.00,2146.23,1599.74,5456.43,4082.01,3002.22,2226.88,1714.48,1755.91,2546.75,1277.06,1168.42,1259.14,1105.85,766.41,801.33,1290.25,1528.17,1347.52,818.57,1096.65,643.56,487.39,588.73,440.60,365.90,370.49,35.40,174.37,230.40,496.79,239.27,390.21,220.89,86.44,141.98,5.18,39.02,181.96,36.85,178.55
97045,97090,97067.5,1358.62,18.78,0.51,2.35,0.00,0.00,0.00,0.00,3538.43,3472.95,2748.09,704.22,875.91,944.33,935.48,1251.39,1909.47,1912.69,1707.60,1645.97,2053.75,1492.52,1622.18,1912.49,1864.90,1191.02,1279.37,1529.99,985.30,769.24,936.30,554.94,431.69,645.40,536.84,707.01,378.88,540.24,303.38,179.14,109.52,340.36,82.85,0.00,109.86,231.21,155.92,143.81
97105,97150,97127.5,1032.81,21.23,0.59,2.16,0.00,0.00,0.00,2378.10,1590.24,1109.87,0.00,1127.63,1348.35,737.10,617.45,491.11,401.07,900.65,1739.02,873.30,1852.95,1394.29,1545.94,978.28,1268.22,962.69,1348.14,1294.41,664.98,635.03,332.26,544.47,481.42,314.03,383.50,380.88,476.10,601.66,670.51,368.19,468.76,359.47,337.80,309.99,312.84,309.21,436.60,291.61
97163,97208,97185.5,819.44,24.32,0.67,2.01,0.00,0.00,0.00,0.00,1326.59,471.57,0.00,760.90,187.98,155.59,521.49,518.04,410.22,792.29,387.49,939.15,925.76,1026.27,922.90,798.36,972.67,1317.42,1250.44,1070.37,1068.22,693.86,614.61,495.05,558.49,351.79,388.81,781.33,543.92,845.14,695.72,310.94,398.67,670.01,559.59,442.07,406.23,506.35,460.12,311.16
97223,97268,97245.5,788.99,21.29,0.59,1.89,0.00,0.00,198.01,1775.26,0.01,0.01,302.37,502.06,210.11,153.12,280.94,1176.98,832.92,585.39,454.29,473.49,1026.81,1066.16,694.07,1326.37,951.49,1144.04,1138.38,957.05,829.29,381.87,525.19,376.33,613.61,661.95,642.76,442.95,758.99,678.29,174.43,407.52,654.62,578.89,383.84,298.90,283.01,237.49,251.64,289.20
97282,97327,97304.5,915.45,37.54,1.05,1.85,0.00,0.00,0.00,0.00,0.00,471.71,656.19,268.31,617.60,498.81,384.96,339.72,283.35,110.50,332.01,812.12,699.77,674.44,982.85,964.61,429.37,681.26,1310.67,502.67,982.51,703.56,464.15,1130.33,873.66,793.66,1300.22,942.77,1125.95,1079.29,1163.14,739.34,1225.85,733.86,841.42,1213.84,830.60,728.04,373.91,488.08
97341,97386,97363.5,1170.20,42.39,1.14,1.75,0.00,0.00,0.00,0.00,0.00,0.00,0.00,1105.16,505.76,593.46,907.10,1155.49,307.74,1185.10,718.20,1280.49,997.53,873.57,1273.95,1159.42,671.27,1264.65,1099.04,977.83,1208.90,929.32,593.93,977.19,1205.47,1377.01,1318.50,1106.75,1189.13,1202.42,1267.32,1276.38,1374.35,707.86,1292.33,1076.27,965.32,843.93,534.54,611.63
97400,97445,97422.5,1366.62,54.20,1.45,1.65,0.00,0.00,804.20,0.00,0.02,0.00,467.56,972.50,0.00,121.22,920.65,296.50,391.53,693.56,860.84,579.19,872.01,769.14,1134.87,1115.08,798.55,1301.04,1315.63,1063.61,1631.42,1055.78,1108.98,1665.44,2326.44,1511.45,2103.98,1833.28,1337.65,1637.61,1788.30,1495.47,1440.78,1553.44,1559.20,1356.18,1098.34,956.25,612.05,708.75
97459,97504,97481.5,1613.57,67.12,1.85,1.56,0.00,1222.61,808.91,1027.01,346.70,300.60,231.90,678.59,418.20,449.10,292.90,313.81,267.69,334.38,468.60,812.36,870.41,760.01,878.22,1605.49,1811.86,1098.11,1396.15,1510.74,1642.77,1552.07,1576.85,1720.45,1675.04,1814.73,1668.62,1782.07,1889.32,1557.06,1867.79,2128.96,1994.74,2076.74,1727.36,1854.92,1490.12,1252.04,1051.72,676.80
