Data/Raw/MOORE,RICHARD/FIREXAQ-LARGE-SMPS_DC8_20190802_R0.ict
88,1001
Richard Moore, Elizabeth Wiggins, Edward Winstead, Claire Robinson, Lee Thornhill, and Kevin Sanchez
NASA Langley Research Center
In-situ Submicron Particle Size Distributions from a SMPS on the NASA DC-8
FIREXAQ
1,1
2019,08,02,2020,03,10
0
Time_start,Secs after midnight,Time of acquisition
50
1,1,1,1,1,1,1,1,1,1,1,1,1,1,1,1,1,1,1,1,1,1,1,1,1,1,1,1,1,1,1,1,1,1,1,1,1,1,1,1,1,1,1,1,1,1,1,1,1,1
-9999,-9999,-9999,-9999,-9999,-9999,-9999,-9999,-9999,-9999,-9999,-9999,-9999,-9999,-9999,-9999,-9999,-9999,-9999,-9999,-9999,-9999,-9999,-9999,-9999,-9999,-9999,-9999,-9999,-9999,-9999,-9999,-9999,-9999,-9999,-9999,-9999,-9999,-9999,-9999,-9999,-9999,-9999,-9999,-9999,-9999,-9999,-9999,-9999,-9999
Time_stop,Secs after midnight,Time of acquisition
Time_mid,Secs after midnight,Time of acquisition
nSMPS_stdPT,#/cm3,AerMP_NumConc_InSitu_RHd_Mobility_NucltoAccu_STP,integrated_number_density
sSMPS_stdPT,um2/cm3,AerMP_SurfAreaConc_InSitu_RHd_Mobility_NucltoAccu_STP,integrated_surface_area
vSMPS_stdPT,um3/cm3,AerMP_VolConc_InSitu_RHd_Mobility_NucltoAccu_STP,integrated_volume
SMPS_stdPT, unitless, None, conversion between ambient PT and standard PT (1013, 273)
SMPS_bin00_stdPT,#/cm3,AerMP_NumSizeDist_InSitu_RHd_Mobility_NucltoAccu_STP,Binned number size distribution (in dNdlogDp) measured by the SMPS
SMPS_bin01_stdPT,#/cm3,AerMP_NumSizeDist_InSitu_RHd_Mobility_NucltoAccu_STP,Binned number size distribution (in dNdlogDp) measured by the SMPS
SMPS_bin02_stdPT,#/cm3,AerMP_NumSizeDist_InSitu_RHd_Mobility_NucltoAccu_STP,Binned number size distribution (in dNdlogDp) measured by the SMPS
SMPS_bin03_stdPT,#/cm3,AerMP_NumSizeDist_InSitu_RHd_Mobility_NucltoAccu_STP,Binned number size distribution (in dNdlogDp) measured by the SMPS
SMPS_bin04_stdPT,#/cm3,AerMP_NumSizeDist_InSitu_RHd_Mobility_NucltoAccu_STP,Binned number size distribution (in dNdlogDp) measured by the SMPS
SMPS_bin05_stdPT,#/cm3,AerMP_NumSizeDist_InSitu_RHd_Mobility_NucltoAccu_STP,Binned number size distribution (in dNdlogDp) measured by the SMPS
SMPS_bin06_stdPT,#/cm3,AerMP_NumSizeDist_InSitu_RHd_Mobility_NucltoAccu_STP,Binned number size distribution (in dNdlogDp) measured by the SMPS
SMPS_bin07_stdPT,#/cm3,AerMP_NumSizeDist_InSitu_RHd_Mobility_NucltoAccu_STP,Binned number size distribution (in dNdlogDp) measured by the SMPS
SMPS_bin08_stdPT,#/cm3,AerMP_NumSizeDist_InSitu_RHd_Mobility_NucltoAccu_STP,Binned number size distribution (in dNdlogDp) measured by the SMPS
SMPS_bin09_stdPT,#/cm3,AerMP_NumSizeDist_InSitu_RHd_Mobility_NucltoAccu_STP,Binned number size distribution (in dNdlogDp) measured by the SMPS
SMPS_bin10_stdPT,#/cm3,AerMP_NumSizeDist_InSitu_RHd_Mobility_NucltoAccu_STP,Binned number size distribution (in dNdlogDp) measured by the SMPS
SMPS_bin11_stdPT,#/cm3,AerMP_NumSizeDist_InSitu_RHd_Mobility_NucltoAccu_STP,Binned number size distribution (in dNdlogDp) measured by the SMPS
SMPS_bin12_stdPT,#/cm3,AerMP_NumSizeDist_InSitu_RHd_Mobility_NucltoAccu_STP,Binned number size distribution (in dNdlogDp) measured by the SMPS
SMPS_bin13_stdPT,#/cm3,AerMP_NumSizeDist_InSitu_RHd_Mobility_NucltoAccu_STP,Binned number size distribution (in dNdlogDp) measured by the SMPS
SMPS_bin14_stdPT,#/cm3,AerMP_NumSizeDist_InSitu_RHd_Mobility_NucltoAccu_STP,Binned number size distribution (in dNdlogDp) measured by the SMPS
[...]
UNCERTAINTY:  20%
ULOD_FLAG: -7777
ULOD_VALUE: N/A
LLOD_FLAG: -8888
LLOD_VALUE: N/A
DM_CONTACT_INFO: Lee Thornhill (Kenneth.L.Thornhill@nasa.gov)
PROJECT_INFO: FIREX-AQ
STIPULATIONS_ON_USE: No stipulations on use. The user is encouraged to contact the PI or DM prior to use.
OTHER_COMMENTS: Midpoint diameters of Bins 00 to 43 are: 0.011,0.012,0.013,0.014,0.015,0.016,0.017,0.018,0.019,0.021,0.022,0.024,0.026,0.028,0.030,0.032,0.035,0.037,0.040,0.043,0.046,0.050,0.053,0.057,0.061,0.066,0.071,0.076,0.082,0.088,0.095,0.102,0.109,0.118,0.126,0.136,0.146,0.157,0.168,0.181,0.194,0.209,0.225,0.241
REVISION: R0
R0: Final Data. Data are corrected for time lags and ammonium sulfate size calibrations.
*******************************************************************************************************************************
Time_start,Time_stop,Time_mid,nSMPS_stdPT,sSMPS_stdPT,vSMPS_stdPT,SMPS_stdPT,SMPS_bin00_stdPT,SMPS_bin01_stdPT,SMPS_bin02_stdPT,SMPS_bin03_stdPT,SMPS_bin04_stdPT,SMPS_bin05_stdPT,SMPS_bin06_stdPT,SMPS_bin07_stdPT,SMPS_bin08_stdPT,SMPS_bin09_stdPT,SMPS_bin10_stdPT,SMPS_bin11_stdPT,SMPS_bin12_stdPT,SMPS_bin13_stdPT,SMPS_bin14_stdPT,SMPS_bin15_stdPT,SMPS_bin16_stdPT,SMPS_bin17_stdPT,SMPS_bin18_stdPT,SMPS_bin19_stdPT,SMPS_bin20_stdPT,SMPS_bin21_stdPT,SMPS_bin22_stdPT,SMPS_bin23_stdPT,SMPS_bin24_stdPT,SMPS_bin25_stdPT,SMPS_bin26_stdPT,SMPS_bin27_stdPT,SMPS_bin28_stdPT,SMPS_bin29_stdPT,SMPS_bin30_stdPT,SMPS_bin31_stdPT,SMPS_bin32_stdPT,SMPS_bin33_stdPT,SMPS_bin34_stdPT,SMPS_bin35_stdPT,SMPS_bin36_stdPT,SMPS_bin37_stdPT,SMPS_bin38_stdPT,SMPS_bin39_stdPT,SMPS_bin40_stdPT,SMPS_bin41_stdPT,SMPS_bin42_stdPT,SMPS_bin43_stdPT
[from data line 47]
78924,78969,78946.5,840.26,6.32,0.11,2.45,0.00,0.00,0.00,0.00,1206.22,2309.47,1524.02,682.87,879.10,1346.35,1301.51,1576.82,1618.38,1137.51,1677.68,1298.33,1213.54,1478.98,914.70,755.67,568.50,1111.76,529.45,468.50,250.50,453.84,330.47,259.68,226.97,212.44,125.03,197.42,224.08,97.93,189.84,156.71,79.92,88.35,176.31,19.78,47.17,33.89,34.80,35.05
78983,79028,79005.5,1013.68,5.66,0.08,2.45,0.00,0.00,0.00,0.00,974.17,3522.49,2932.28,2667.16,1151.34,1911.58,1280.02,1896.51,1855.48,1273.92,740.48,865.19,1203.88,1407.12,782.60,1522.74,1106.98,1138.21,746.18,369.83,331.54,253.54,417.70,209.89,246.75,197.94,366.16,219.69,215.13,122.73,128.50,107.34,45.02,106.27,0.00,23.81,0.00,68.23,0.00,0.00
79042,79087,79064.5,1006.81,6.14,0.09,2.45,0.00,0.00,0.00,0.00,2939.99,1366.25,1535.95,1873.09,2151.40,2584.83,1380.66,1403.51,1040.23,1006.37,1786.81,1045.95,1795.23,1490.98,1070.10,1131.43,997.87,989.81,786.28,354.31,319.02,527.32,417.02,333.84,192.77,349.13,215.74,205.58,123.50,201.84,71.63,84.84,33.86,160.83,22.20,121.01,13.76,68.85,0.00,0.00
79101,79146,79123.5,1033.24,6.64,0.12,2.45,0.00,0.00,0.00,0.00,2026.53,3107.65,1046.34,705.59,1748.56,986.50,1961.30,2111.94,2570.90,2818.94,1639.41,1106.86,1507.22,1340.50,1137.38,1294.72,856.14,516.94,767.34,566.57,366.94,349.95,477.84,181.85,172.51,180.73,87.78,209.19,81.14,455.49,140.63,210.61,3.26,34.33,89.90,22.59,0.00,34.68,0.00,71.88
79160,79205,79182.5,797.34,5.46,0.08,2.45,0.00,0.00,0.00,0.00,975.68,677.20,1460.15,1077.98,934.81,689.96,566.54,1478.47,1778.41,1416.32,1476.28,1765.88,1437.70,1656.19,1199.05,844.82,665.57,693.85,666.07,1220.72,125.97,477.78,387.93,222.26,428.19,103.63,129.76,136.54,228.69,82.52,44.12,61.74,98.71,0.00,166.45,44.84,51.08,17.60,0.00,0.00
79219,79264,79241.5,1099.21,5.58,0.08,2.45,0.00,0.00,0.00,0.00,5372.50,2346.12,2167.89,2320.68,1602.85,1412.51,1105.32,1335.00,1404.46,1477.56,2339.06,1613.49,1284.01,1450.62,761.82,970.51,535.41,927.93,620.10,797.24,560.31,650.16,529.61,245.33,170.67,103.00,145.67,129.52,29.80,193.47,29.31,108.62,85.37,177.91,102.20,0.00,34.04,34.66,0.00,0.00
79278,79323,79300.5,828.29,5.98,0.09,2.45,0.00,0.00,0.00,0.00,2174.11,0.00,0.00,1930.21,1575.99,1138.87,1466.69,847.77,625.07,1575.15,1836.52,1266.02,1270.48,1541.88,1312.73,1154.48,989.23,972.98,600.41,637.80,558.47,449.87,280.47,396.21,333.33,312.76,143.31,84.51,277.88,90.11,69.92,154.23,121.68,64.91,74.43,58.26,48.12,0.00,70.48,0.00
79337,79382,79359.5,1013.48,9.14,0.20,2.45,0.00,0.00,0.00,0.00,2154.55,1498.70,1572.56,1067.73,2854.52,1575.29,1159.35,866.64,3000.46,1193.61,1011.07,926.80,2099.50,1805.28,870.95,971.93,1262.70,801.53,575.05,632.22,671.86,540.25,253.23,419.43,117.72,148.14,341.73,338.03,182.23,264.92,196.09,155.69,81.51,223.53,131.92,25.58,26.93,106.45,127.75,2.01
79396,79441,79418.5,1168.09,10.64,0.23,2.45,0.00,0.00,0.00,0.00,4112.47,1905.44,2930.61,1445.45,1545.66,914.21,1920.51,1311.94,1501.01,1671.14,1699.58,878.73,1783.97,1401.27,1635.19,1494.91,1362.69,1134.51,616.45,954.83,866.77,586.82,424.13,186.99,50.74,311.86,239.81,179.26,356.53,487.26,167.25,63.76,148.62,218.39,143.81,144.92,149.81,206.30,35.15,35.57
79455,79500,79477.5,1198.71,15.24,0.38,2.45,0.00,0.00,0.00,0.00,6105.31,1776.57,1191.83,1561.06,1752.96,1005.34,1248.07,1016.31,1627.34,2036.51,1672.74,1446.56,975.63,2222.91,1358.78,631.52,819.67,637.43,925.83,937.10,1028.55,498.70,607.85,598.90,172.94,302.24,390.50,262.96,307.36,490.92,357.68,183.76,296.36,111.56,300.75,582.77,211.71,192.11,160.32,128.29
79514,79559,79536.5,1270.24,27.15,0.76,2.45,0.00,0.00,0.00,0.00,1948.69,2022.77,923.32,2213.34,2329.43,1488.61,1492.57,405.10,764.98,1054.73,1553.36,1414.46,1278.83,1386.20,1172.40,1760.96,1502.49,1671.18,1170.12,1062.12,1026.17,860.39,1037.06,537.15,289.20,686.00,761.26,176.36,377.52,757.74,485.44,658.95,410.66,808.56,294.11,516.86,579.54,541.21,406.90,214.99
79573,79618,79595.5,1196.44,27.05,0.73,2.45,0.00,0.00,0.00,0.00,1931.27,2856.20,1537.64,362.14,712.73,1132.98,678.79,1064.48,879.72,1184.46,445.58,1424.21,1360.02,1090.16,991.05,1870.24,1661.06,1442.51,1109.41,1279.26,992.39,607.60,1285.00,759.37,444.70,777.97,658.98,664.57,510.77,1138.32,601.08,705.50,864.42,541.38,478.14,290.70,191.65,566.80,307.73,295.37
79632,79677,79654.5,1070.47,31.51,0.85,2.45,0.00,0.00,0.00,0.00,974.15,0.00,486.16,662.74,329.30,1233.94,561.51,487.73,1230.41,1263.52,868.17,993.64,880.24,1244.92,1285.91,705.45,1253.57,969.39,1551.00,1093.55,1366.52,772.30,1145.19,928.44,854.40,524.69,1068.28,692.15,838.36,845.78,880.38,857.25,936.20,812.42,830.87,684.62,611.85,341.64,345.72,242.57
79691,79736,79713.5,1105.95,30.46,0.79,2.44,0.00,0.00,0.00,0.00,392.52,543.38,517.05,0.00,757.27,911.08,402.87,764.70,191.87,719.39,730.28,860.21,1061.16,919.75,1337.96,1408.26,1603.50,1905.94,1902.28,1742.75,1621.40,1800.63,1233.59,804.60,970.35,806.00,413.58,545.31,809.61,954.19,876.99,1072.04,1059.97,823.74,731.09,324.57,253.15,510.63,306.94,261.68
79750,79795,79772.5,1054.73,31.81,0.90,2.45,0.00,0.00,0.00,0.00,2395.47,0.01,0.00,0.00,316.97,261.92,361.78,744.51,575.94,807.78,574.48,719.99,483.70,190.76,1212.26,1628.56,2008.92,1602.51,1631.14,1158.29,1743.04,1918.06,1218.67,1071.06,939.44,703.99,991.02,970.58,564.72,867.26,906.61,438.42,662.78,720.04,529.69,339.55,325.39,652.60,309.72,419.74
79809,79854,79831.5,1234.51,24.78,0.65,2.45,0.00,0.00,0.00,0.00,3591.45,972.48,1139.08,1885.90,1042.11,1359.49,1089.29,567.42,664.94,1227.64,605.47,1055.76,1231.12,1660.95,1103.76,1976.79,1454.74,1312.39,1217.86,1577.54,851.37,1433.95,1021.19,594.21,825.47,689.60,491.02,612.44,638.68,763.52,463.69,762.98,502.83,515.12,461.70,615.59,316.40,264.87,269.16,146.96
79868,79913,79890.5,1332.00,21.83,0.56,2.45,0.00,0.00,0.00,0.00,778.95,3730.57,3978.04,1146.52,1051.66,1095.27,2538.75,1558.74,2192.43,989.01,1024.91,1175.88,1085.75,857.22,1250.98,1412.56,1604.88,1158.77,1211.64,1829.46,1450.49,1015.06,727.46,941.73,355.47,588.34,477.92,575.63,212.89,610.51,65.67,257.25,478.91,725.98,336.31,688.02,378.44,275.81,164.27,271.99
79927,79972,79949.5,1171.39,18.98,0.48,2.45,0.00,0.00,0.00,0.00,3794.11,811.66,0.00,2136.06,722.70,1359.59,1227.24,617.11,989.12,1820.09,1465.10,1160.26,1366.16,869.07,1596.37,1192.35,1375.58,1773.65,1563.80,1354.24,1073.38,911.08,769.24,869.16,885.61,688.21,696.70,912.43,672.25,201.80,125.78,207.19,143.93,113.62,501.23,178.21,137.82,401.00,208.15,215.51
79986,80031,80008.5,1100.52,18.18,0.44,2.46,0.00,0.00,0.00,0.00,1195.64,0.00,1354.25,1402.83,1049.82,1953.80,577.57,852.31,1874.41,1472.55,1025.12,1526.35,2004.07,481.14,1104.48,1537.41,1440.32,1164.39,1674.67,1730.44,1267.05,913.71,829.95,423.50,533.65,712.66,171.01,473.23,666.31,649.72,311.91,451.38,415.22,354.21,221.45,264.19,328.56,138.20,262.54,153.03
80045,80090,80067.5,1515.53,12.92,0.28,2.46,0.00,0.00,0.00,0.00,5562.67,4379.98,2923.85,3861.51,1771.65,3006.98,1411.23,1755.38,1827.47,1473.33,1929.62,1367.71,1413.04,1169.23,1608.22,1639.85,1284.45,1634.63,856.57,1212.69,930.31,415.69,657.12,369.11,186.74,468.10,607.05,273.72,437.11,221.91,227.19,233.53,273.06,202.63,86.63,107.89,138.03,143.84,122.07,105.09
80104,80149,80126.5,1237.71,17.51,0.44,2.45,0.00,0.00,0.00,0.00,1196.37,2589.77,3238.18,2322.07,999.65,1329.85,1457.10,1246.23,1321.57,1879.24,1101.94,1380.29,1590.12,1379.69,1428.96,1566.30,1144.55,1505.42,1472.39,317.45,1015.07,781.72,1057.08,614.86,663.28,287.70,479.47,519.67,471.35,314.86,369.24,285.58,312.19,221.24,256.76,269.62,274.61,175.03,335.65,76.21
80163,80208,80185.5,1002.90,13.36,0.29,2.45,0.00,0.00,0.00,0.00,1393.69,811.27,1201.02,0.00,2337.44,1354.11,773.14,1098.88,1132.65,1112.34,1122.70,775.86,1259.17,1667.08,1003.59,1559.19,1694.67,1610.28,1488.76,1174.98,944.22,736.91,659.85,541.89,456.40,338.87,568.26,493.69,517.34,178.91,242.49,134.43,247.52,301.87,126.77,310.44,234.00,140.30,158.01,104.96
80222,80267,80244.5,1013.69,12.38,0.27,2.46,0.00,0.00,0.00,0.00,781.05,807.79,1354.05,1952.63,996.84,870.16,1236.63,1504.39,1693.94,2318.31,1268.16,864.33,1307.19,1338.10,1290.18,1588.08,1523.59,1031.29,985.11,812.54,901.48,521.22,663.98,466.20,561.41,472.16,285.55,357.78,498.04,293.58,381.19,162.69,221.32,3.83,253.04,122.49,212.93,198.06,141.52,72.24
80281,80326,80303.5,1176.63,11.66,0.25,2.46,0.00,0.00,0.00,0.00,0.00,1612.64,4514.72,1582.70,1266.48,2076.39,2264.42,1315.21,1666.26,2092.43,1838.86,1987.34,923.45,1199.31,1384.76,1580.49,863.25,1011.32,1385.38,1226.86,546.16,469.87,361.38,792.15,253.08,300.59,416.55,471.92,239.63,327.30,183.45,273.36,173.13,231.29,197.95,95.37,157.05,90.31,61.11,0.00
80340,80385,80362.5,1470.23,11.27,0.22,2.46,0.00,0.00,0.00,0.00,3583.10,4527.70,898.36,1979.90,1238.56,2025.12,3203.53,3060.31,1299.34,3074.35,2683.01,1840.42,2020.90,2203.44,2640.90,1385.62,912.94,1223.61,435.67,1216.24,695.28,462.33,583.22,448.57,361.22,537.92,456.39,191.14,117.65,129.08,203.46,166.63,80.18,357.72,198.50,134.24,133.16,150.93,38.19,39.28
80400,80445,80422.5,1077.08,11.20,0.26,2.45,0.00,0.00,0.00,0.00,192.95,811.61,2293.09,3310.37,313.78,2105.92,1284.18,941.24,1898.79,2280.44,1540.22,2492.22,2308.94,1521.05,1102.39,1072.31,1025.25,781.27,972.11,721.89,441.65,560.41,417.19,556.99,439.05,461.19,183.30,331.09,197.59,119.63,341.15,367.15,177.55,163.75,57.58,168.60,81.30,53.22,61.81,118.21
80459,80504,80481.5,1159.16,10.75,0.23,2.45,0.00,0.00,0.00,0.00,3167.51,1945.23,1914.88,915.79,1039.54,1974.22,818.21,2497.05,1958.85,1977.01,1774.66,2425.51,1799.98,1542.41,1119.19,988.89,1291.09,1000.06,800.19,399.68,585.87,256.00,654.77,312.13,536.46,298.80,401.26,530.87,245.84,344.31,350.92,248.51,69.92,307.69,0.00,148.54,69.80,114.04,115.96,0.00
80518,80563,80540.5,1353.85,11.90,0.24,2.45,0.00,0.00,0.00,0.00,1192.54,4374.87,3441.36,1616.23,2424.70,1163.00,1612.31,1705.05,1698.55,2700.25,2446.86,2167.81,1938.36,1181.46,1814.84,672.90,1297.14,1160.07,1157.65,816.45,829.77,763.50,619.08,586.81,633.38,315.62,480.61,322.36,111.43,46.58,343.01,481.73,219.50,91.49,412.96,170.67,80.90,0.00,38.75,29.03
80577,80622,80599.5,1258.63,12.80,0.27,2.45,0.00,0.00,0.00,0.00,2384.01,970.42,0.00,970.68,1735.45,1715.70,2007.91,1634.14,2986.61,1837.39,1621.39,2054.25,2128.66,2488.24,1907.48,1676.91,1858.65,1399.79,1474.94,981.68,489.11,567.65,664.06,322.49,456.16,582.92,551.74,379.98,446.03,184.25,362.17,224.56,193.09,222.45,126.31,126.82,65.49,104.06,38.42,225.45
80636,80681,80658.5,1251.73,10.76,0.19,2.45,0.00,0.00,0.00,0.00,1192.52,1937.60,2155.63,1614.04,730.60,1127.68,2025.33,1934.59,1858.86,2117.81,2386.68,2546.86,2444.93,2166.46,1366.67,1695.54,1124.20,1488.85,971.53,860.31,780.66,707.46,336.79,482.36,450.36,556.30,562.97,334.61,399.91,212.80,404.65,207.78,298.31,132.46,66.10,43.80,49.78,60.11,115.99,78.30
80695,80740,80717.5,1310.70,13.23,0.29,2.45,0.00,0.00,0.00,0.00,1192.97,2427.36,802.29,1612.96,0.00,915.01,2031.75,2129.45,2117.95,2146.17,3072.86,3532.74,1930.14,3031.86,1815.15,2312.50,927.31,1550.62,1096.20,1075.88,470.38,722.71,575.16,421.97,588.58,467.68,366.64,354.31,222.91,225.24,209.20,113.98,227.31,253.66,124.17,217.93,44.07,129.51,232.96,79.27
80754,80799,80776.5,1494.79,16.37,0.37,2.34,0.00,0.00,0.00,0.00,0.00,2412.99,0.00,2602.77,988.90,2124.71,3546.07,3868.15,1720.59,2588.39,3152.32,2389.63,2644.87,2649.18,2621.82,1351.07,1681.89,1091.62,1163.89,932.21,797.38,293.67,709.64,820.46,399.30,697.47,660.15,611.42,363.09,328.57,603.50,460.56,301.65,215.55,236.78,188.49,0.00,145.67,73.42,75.76
80813,80858,80835.5,1331.43,20.44,0.53,2.13,0.00,0.00,0.00,1195.19,800.94,1791.71,2162.15,2508.43,641.14,2025.80,930.65,1383.50,2122.02,2440.98,1219.52,1434.31,1484.40,2151.19,2715.49,1610.81,1012.88,1221.52,1215.77,1349.21,788.71,808.54,502.36,583.33,502.67,424.23,438.56,434.92,696.40,560.08,202.00,319.43,332.34,297.64,461.60,331.60,239.86,304.60,242.19,313.82
80872,80917,80894.5,1312.68,43.27,1.39,1.92,0.00,0.00,0.00,2931.78,1184.30,1425.70,350.52,1017.04,887.39,1302.13,1311.19,1314.92,1170.58,1280.01,1073.52,1150.65,1578.45,1336.62,1833.42,1772.74,1319.12,995.16,732.46,702.65,1054.87,719.26,727.00,773.09,1069.03,578.07,616.89,457.32,415.52,116.04,254.68,205.46,570.59,515.27,772.67,1152.29,1199.65,1070.98,1074.36,843.87
80931,80976,80953.5,705.16,39.85,1.26,1.82,0.00,0.00,976.45,0.00,0.00,0.01,0.00,0.00,286.28,206.35,119.60,527.53,457.97,155.34,443.21,255.12,333.59,368.96,314.64,229.55,406.50,615.96,424.18,616.37,669.18,650.66,1185.19,937.53,514.40,369.93,673.28,905.95,626.50,848.88,362.95,144.69,308.46,801.96,642.60,986.97,1217.48,1504.05,1113.23,650.17
80990,81035,81012.5,907.45,58.95,2.02,1.81,0.00,0.00,2408.99,1446.66,137.10,0.01,0.00,0.00,0.00,0.09,243.59,515.77,250.12,245.34,128.24,394.45,175.20,464.31,330.29,401.58,636.61,636.98,447.08,573.04,680.23,925.83,735.56,483.67,579.19,693.74,406.40,614.38,925.87,835.69,908.82,768.89,879.01,619.82,974.44,635.08,1604.71,1432.25,1611.57,1191.71
81049,81094,81071.5,835.36,60.02,1.99,1.80,0.00,0.00,0.00,0.00,0.00,0.00,0.00,0.00,0.00,158.78,257.76,684.52,311.71,630.52,38.02,185.70,219.04,251.32,260.83,386.22,601.46,363.22,897.45,540.10,827.40,719.57,687.30,632.63,674.04,671.76,819.07,339.48,914.98,782.27,588.29,892.83,1341.68,1528.38,1145.81,989.96,1766.69,1320.32,1327.43,1217.77
81108,81153,81130.5,919.22,70.46,2.40,1.80,0.00,0.00,0.00,0.00,0.00,0.02,0.00,0.00,0.00,156.94,140.54,344.32,378.74,298.94,257.22,541.77,170.17,308.82,211.14,338.50,717.01,526.14,869.28,594.74,517.18,718.57,473.51,742.02,746.29,1164.01,1065.21,1493.03,1005.62,1028.05,950.26,302.19,857.19,775.49,861.58,1566.06,1722.20,1968.06,1762.16,1546.95
81167,81212,81189.5,938.16,77.79,2.66,1.80,0.00,0.00,0.00,0.00,669.84,0.00,0.00,0.02,212.56,0.00,0.29,348.44,0.00,285.53,176.38,57.58,193.37,111.24,411.04,358.92,714.45,402.30,563.07,597.27,606.99,489.71,596.63,525.05,784.42,500.88,1500.17,573.08,873.83,1456.55,1011.41,787.38,970.03,772.98,1571.34,1348.15,2076.12,2170.58,2062.81,1898.11
81226,81271,81248.5,918.88,75.62,2.57,1.80,0.00,0.00,0.00,969.64,0.00,0.00,0.02,0.03,0.07,315.27,126.06,0.00,0.00,181.68,63.59,449.29,216.06,166.21,213.14,176.42,345.95,332.74,570.57,796.83,678.94,509.45,808.18,619.36,1012.17,458.33,903.77,572.89,711.71,638.04,963.08,1090.82,855.54,1642.14,1471.83,1707.96,2149.93,2082.33,1701.76,1637.17
81285,81330,81307.5,919.94,68.34,2.28,1.80,0.00,0.00,0.00,0.00,0.00,0.01,0.03,0.00,146.84,37.02,0.00,0.00,188.26,238.82,215.94,248.51,330.68,218.71,392.29,272.26,509.80,905.07,945.28,472.57,675.65,1049.71,750.03,751.31,418.39,715.17,1073.70,1432.23,1039.10,1632.36,935.15,1469.63,310.21,1212.49,1182.37,1396.84,1416.34,1396.72,1968.95,1456.17
81344,81389,81366.5,950.69,73.02,2.46,1.80,0.00,0.00,0.00,0.00,0.01,0.03,0.00,0.00,0.00,0.00,0.00,224.93,183.42,334.36,195.68,595.95,415.62,251.45,393.17,345.52,422.78,552.90,723.05,561.87,929.86,763.88,791.98,881.83,862.05,1031.54,986.69,1111.90,924.38,1011.73,580.23,1151.03,523.53,1423.19,1281.39,1720.96,1601.78,2275.80,1672.76,1495.41
81403,81448,81425.5,795.86,62.62,2.14,1.80,0.00,0.00,0.00,0.00,0.00,0.00,0.02,0.02,0.00,0.00,128.77,0.00,206.16,333.81,118.08,279.76,242.45,191.05,223.28,531.79,159.43,345.92,433.31,630.79,677.91,1097.14,977.82,830.05,708.28,865.77,710.60,457.98,1122.90,754.39,754.22,716.44,1229.99,763.04,523.16,986.75,2058.57,1545.48,1198.79,1410.18
81462,81507,81484.5,829.48,58.44,1.92,1.80,0.00,0.00,0.00,0.00,0.01,408.67,353.17,270.36,0.00,157.15,140.31,111.22,550.60,220.25,257.83,461.53,228.73,353.17,202.52,252.41,434.81,227.71,566.09,335.22,563.04,577.35,992.93,505.59,492.60,965.14,765.14,680.65,828.22,1243.65,1136.21,469.28,1071.15,1157.74,1316.03,1188.86,1786.34,1440.70,1060.53,1017.48
81521,81566,81543.5,1120.09,81.36,2.64,1.77,0.00,0.00,0.00,0.00,0.00,0.00,539.91,451.21,0.00,0.16,256.52,322.61,176.39,306.15,48.37,207.27,244.75,344.01,376.86,713.88,655.57,962.61,525.33,667.18,585.64,702.59,624.73,670.40,1647.42,1383.41,1083.73,1058.50,1156.18,1402.87,982.81,1057.83,1853.19,1265.85,1118.15,1973.68,2365.15,2539.54,1754.05,2016.65
