Data/Raw/MOORE,RICHARD/FIREXAQ-LARGE-SMPS_DC8_20190819_R0.ict
88,1001
Richard Moore, Elizabeth Wiggins, Edward Winstead, Claire Robinson, Lee Thornhill, and Kevin Sanchez
NASA Langley Research Center
In-situ Submicron Particle Size Distributions from a SMPS on the NASA DC-8
FIREXAQ
1,1
2019,08,19,2020,03,10
0
Time_start,Secs after midnight,Time of acquisition
50
1,1,1,1,1,1,1,1,1,1,1,1,1,1,1,1,1,1,1,1,1,1,1,1,1,1,1,1,1,1,1,1,1,1,1,1,1,1,1,1,1,1,1,1,1,1,1,1,1,1
-9999,-9999,-9999,-9999,-9999,-9999,-9999,-9999,-9999,-9999,-9999,-9999,-9999,-9999,-9999,-9999,-9999,-9999,-9999,-9999,-9999,-9999,-9999,-9999,-9999,-9999,-9999,-9999,-9999,-9999,-9999,-9999,-9999,-9999,-9999,-9999,-9999,-9999,-9999,-9999,-9999,-9999,-9999,-9999,-9999,-9999,-9999,-9999,-9999,-9999
Time_stop,Secs after midnight,Time of acquisition
Time_mid,Secs after midnight,Time of acquisition
nSMPS_stdPT,#/cm3,AerMP_NumConc_InSitu_RHd_Mobility_NucltoAccu_STP,integrated_number_density
sSMPS_stdPT,um2/cm3,AerMP_SurfAreaConc_InSitu_RHd_Mobility_NucltoAccu_STP,integrated_surface_area
vSMPS_stdPT,um3/cm3,AerMP_VolConc_InSitu_RHd_Mobility_NucltoAccu_STP,integrated_volume
SMPS_stdPT, unitless, None, conversion between ambient PT and standard PT (1013, 273)
SMPS_bin00_stdPT,#/cm3,AerMP_NumSizeDist_InSitu_RHd_Mobility_NucltoAccu_STP,Binned number size distribution (in dNdlogDp) measured by the SMPS
SMPS_bin01_stdPT,#/cm3,AerMP_NumSizeDist_InSitu_RHd_Mobility_NucltoAccu_STP,Binned number size distribution (in dNdlogDp) measured by the SMPS
SMPS_bin02_stdPT,#/cm3,AerMP_NumSizeDist_InSitu_RHd_Mobility_NucltoAccu_STP,Binned number size distribution (in dNdlogDp) measured by the SMPS
SMPS_bin03_stdPT,#/cm3,AerMP_NumSizeDist_InSitu_RHd_Mobility_NucltoAccu_STP,Binned number size distribution (in dNdlogDp) measured by the SMPS
SMPS_bin04_stdPT,#/cm3,AerMP_NumSizeDist_InSitu_RHd_Mobility_NucltoAccu_STP,Binned number size distribution (in dNdlogDp) measured by the SMPS
SMPS_bin05_stdPT,#/cm3,AerMP_NumSizeDist_InSitu_RHd_Mobility_NucltoAccu_STP,Binned number size distribution (in dNdlogDp) measured by the SMPS
SMPS_bin06_stdPT,#/cm3,AerMP_NumSizeDist_InSitu_RHd_Mobility_NucltoAccu_STP,Binned number size distribution (in dNdlogDp) measured by the SMPS
SMPS_bin07_stdPT,#/cm3,AerMP_NumSizeDist_InSitu_RHd_Mobility_NucltoAccu_STP,Binned number size distribution (in dNdlogDp) measured by the SMPS
SMPS_bin08_stdPT,#/cm3,AerMP_NumSizeDist_InSitu_RHd_Mobility_NucltoAccu_STP,Binned number size distribution (in dNdlogDp) measured by the SMPS
SMPS_bin09_stdPT,#/cm3,AerMP_NumSizeDist_InSitu_RHd_Mobility_NucltoAccu_STP,Binned number size distribution (in dNdlogDp) measured by the SMPS
SMPS_bin10_stdPT,#/cm3,AerMP_NumSizeDist_InSitu_RHd_Mobility_NucltoAccu_STP,Binned number size distribution (in dNdlogDp) measured by the SMPS
SMPS_bin11_stdPT,#/cm3,AerMP_NumSizeDist_InSitu_RHd_Mobility_NucltoAccu_STP,Binned number size distribution (in dNdlogDp) measured by the SMPS
SMPS_bin12_stdPT,#/cm3,AerMP_NumSizeDist_InSitu_RHd_Mobility_NucltoAccu_STP,Binned number size distribution (in dNdlogDp) measured by the SMPS
SMPS_bin13_stdPT,#/cm3,AerMP_NumSizeDist_InSitu_RHd_Mobility_NucltoAccu_STP,Binned number size distribution (in dNdlogDp) measured by the SMPS
SMPS_bin14_stdPT,#/cm3,AerMP_NumSizeDist_InSitu_RHd_Mobility_NucltoAccu_STP,Binned number size distribution (in dNdlogDp) measured by the SMPS
[...]
UNCERTAINTY:  20%
ULOD_FLAG: -7777
ULOD_VALUE: N/A
LLOD_FLAG: -8888
LLOD_VALUE: N/A
DM_CONTACT_INFO: Lee Thornhill (Kenneth.L.Thornhill@nasa.gov)
PROJECT_INFO: FIREX-AQ
STIPULATIONS_ON_USE: No stipulations on use. The user is encouraged to contact the PI or DM prior to use.
OTHER_COMMENTS: Midpoint diameters of Bins 00 to 43 are: 0.011,0.012,0.013,0.014,0.015,0.016,0.017,0.018,0.019,0.021,0.022,0.024,0.026,0.028,0.030,0.032,0.035,0.037,0.040,0.043,0.046,0.050,0.053,0.057,0.061,0.066,0.071,0.076,0.082,0.088,0.095,0.102,0.109,0.118,0.126,0.136,0.146,0.157,0.168,0.181,0.194,0.209,0.225,0.241
REVISION: R0
R0: Final Data. Data are corrected for time lags and ammonium sulfate size calibrations.
*******************************************************************************************************************************
Time_start,Time_stop,Time_mid,nSMPS_stdPT,sSMPS_stdPT,vSMPS_stdPT,SMPS_stdPT,SMPS_bin00_stdPT,SMPS_bin01_stdPT,SMPS_bin02_stdPT,SMPS_bin03_stdPT,SMPS_bin04_stdPT,SMPS_bin05_stdPT,SMPS_bin06_stdPT,SMPS_bin07_stdPT,SMPS_bin08_stdPT,SMPS_bin09_stdPT,SMPS_bin10_stdPT,SMPS_bin11_stdPT,SMPS_bin12_stdPT,SMPS_bin13_stdPT,SMPS_bin14_stdPT,SMPS_bin15_stdPT,SMPS_bin16_stdPT,SMPS_bin17_stdPT,SMPS_bin18_stdPT,SMPS_bin19_stdPT,SMPS_bin20_stdPT,SMPS_bin21_stdPT,SMPS_bin22_stdPT,SMPS_bin23_stdPT,SMPS_bin24_stdPT,SMPS_bin25_stdPT,SMPS_bin26_stdPT,SMPS_bin27_stdPT,SMPS_bin28_stdPT,SMPS_bin29_stdPT,SMPS_bin30_stdPT,SMPS_bin31_stdPT,SMPS_bin32_stdPT,SMPS_bin33_stdPT,SMPS_bin34_stdPT,SMPS_bin35_stdPT,SMPS_bin36_stdPT,SMPS_bin37_stdPT,SMPS_bin38_stdPT,SMPS_bin39_stdPT,SMPS_bin40_stdPT,SMPS_bin41_stdPT,SMPS_bin42_stdPT,SMPS_bin43_stdPT
[from data line 50]
67301,67346,67323.5,1361.32,6.13,0.07,3.79,0.00,0.00,0.00,0.00,0.00,0.00,0.00,7823.22,4964.37,6105.39,2538.14,2545.93,1252.50,3403.62,3045.60,1180.97,454.11,945.99,960.44,339.53,1482.30,936.40,751.53,490.30,684.23,546.81,663.04,774.52,457.95,435.30,300.37,52.66,50.33,137.02,26.51,51.53,0.00,0.00,0.00,107.23,54.47,0.00,0.00,0.00
67360,67405,67382.5,1706.40,6.34,0.07,3.79,0.00,0.00,0.00,0.00,0.00,0.00,0.00,5528.83,12605.17,8798.04,4623.07,4196.48,1072.00,635.91,2101.08,2631.04,1480.94,1543.45,1382.73,777.95,744.67,899.93,796.97,1026.13,1100.25,609.40,570.83,206.42,179.03,188.62,307.68,93.47,322.48,65.21,0.00,0.00,52.45,7.72,0.00,0.00,0.00,0.00,0.00,56.73
67419,67464,67441.5,1849.62,6.77,0.09,3.79,0.00,0.00,0.00,0.00,0.00,0.00,0.00,12289.46,10817.65,7112.16,4592.12,5814.85,2897.36,2985.48,1293.66,954.92,522.67,713.57,1000.80,799.53,869.37,1275.60,992.28,621.09,872.39,366.57,601.89,557.57,199.38,263.53,145.72,35.24,159.56,118.52,54.72,52.67,7.07,61.17,39.35,38.32,0.00,0.00,0.00,0.00
67478,67523,67500.5,1298.94,5.89,0.06,3.79,0.00,0.00,0.00,0.00,0.00,0.00,0.00,6556.38,7724.51,1742.13,2924.06,2530.43,2357.79,2444.90,1126.97,1494.44,1421.10,1313.77,1558.79,1143.21,1035.63,897.31,600.97,296.10,783.32,588.97,547.06,558.80,703.14,311.07,432.02,115.70,45.29,152.38,70.48,0.00,53.01,0.00,0.00,0.00,36.46,0.00,0.00,0.00
67537,67582,67559.5,2570.37,8.08,0.08,3.79,0.00,0.00,0.00,0.00,0.00,0.00,0.00,14769.64,16645.68,11357.48,7624.06,6084.85,4106.93,4690.09,2803.70,1465.01,713.82,1961.07,1497.85,1020.64,1078.22,832.24,729.68,936.31,358.70,794.13,354.60,555.40,205.89,458.47,549.29,207.97,77.64,108.76,100.20,61.17,45.22,0.00,0.00,0.00,0.00,0.00,33.76,23.28
67596,67641,67618.5,1332.09,8.39,0.11,3.79,0.00,0.00,0.00,0.00,0.00,0.00,0.00,2440.65,4662.63,3658.39,2930.37,1781.52,5180.55,2275.06,1965.61,1705.03,864.55,974.47,1861.80,1126.64,1879.36,1458.69,454.29,935.14,1106.40,955.27,899.10,657.65,656.31,673.52,507.78,133.83,263.63,181.67,135.15,44.89,0.00,107.28,0.00,54.40,36.65,0.00,0.00,0.00
67655,67700,67677.5,1968.73,9.98,0.14,3.78,0.00,0.00,0.00,0.00,0.00,0.00,0.00,15251.96,9151.62,5168.74,4845.95,3005.40,2172.17,1787.45,2316.49,1134.00,1310.26,2074.32,1074.28,1696.97,1516.55,900.44,929.95,1228.97,1507.08,933.56,1006.72,1052.38,655.26,623.52,559.56,319.09,195.63,172.18,68.46,68.08,0.00,0.00,54.20,0.00,55.04,57.68,23.33,0.00
67714,67759,67736.5,2087.30,10.34,0.14,3.78,0.00,0.00,0.00,0.00,0.00,0.00,0.00,14734.58,5470.02,12572.48,3200.92,4567.02,2957.50,1778.01,1424.55,2191.42,1147.88,1279.91,1466.03,1291.56,1599.22,1609.98,1227.66,1629.26,1043.25,818.51,814.89,749.88,418.08,461.75,540.92,630.58,354.40,235.96,146.84,107.93,61.01,54.05,0.00,109.70,55.52,0.00,0.00,0.00
67773,67818,67795.5,1923.68,8.51,0.12,3.79,0.00,0.00,0.00,0.00,0.00,0.00,0.00,6871.40,10052.32,10846.72,5967.97,3437.39,3546.97,3141.45,1316.27,1368.32,2899.38,1025.80,1257.41,1669.45,788.36,720.36,629.66,1013.68,590.26,747.34,594.50,725.08,825.21,364.91,327.80,233.54,79.75,82.81,64.38,0.00,0.00,54.13,54.67,0.00,162.66,37.34,0.00,0.00
67833,67878,67855.5,2271.36,9.60,0.11,3.78,0.00,0.00,0.00,0.00,0.00,0.00,0.00,11566.15,13340.34,7597.54,5850.59,3927.53,4522.94,1929.84,3007.23,2837.44,2363.08,1757.39,2044.54,901.29,1056.26,877.98,1313.38,1212.23,1482.77,1113.54,1060.78,618.31,480.38,420.43,143.06,337.31,444.26,5.58,218.42,30.65,108.13,0.00,0.00,0.00,55.43,0.00,0.00,58.77
67892,67937,67914.5,1960.93,8.39,0.09,3.79,0.00,0.00,0.00,0.00,0.00,0.00,0.00,8123.41,13310.82,4910.38,6374.52,3891.60,3484.75,1405.52,2322.12,1213.09,1937.96,1673.56,1233.04,1981.40,1378.32,1258.77,1491.45,1311.21,973.40,964.40,783.17,657.94,765.38,317.61,363.48,141.76,46.41,108.31,54.14,53.73,53.85,53.95,0.00,0.00,110.26,0.00,0.00,0.00
67951,67996,67973.5,1912.09,8.23,0.10,3.78,0.00,0.00,0.00,0.00,0.00,0.00,0.00,13929.75,10164.50,4006.60,4369.97,3555.33,4167.50,2204.08,1777.00,1070.61,2043.70,1569.10,1268.69,802.09,674.46,1350.93,1383.37,987.08,1138.21,923.02,1197.28,238.68,864.71,490.84,256.84,59.48,163.93,149.72,131.37,135.82,0.00,53.32,0.00,0.00,0.00,0.00,0.00,0.00
68010,68055,68032.5,1695.52,7.54,0.09,3.79,0.00,0.00,0.00,0.00,0.00,0.00,0.00,11251.47,7300.65,3590.53,5445.27,4525.05,1526.22,1721.78,2199.50,628.05,2120.50,1857.64,1257.48,1124.93,1232.40,683.81,1363.06,1363.31,841.54,656.80,912.39,691.59,518.40,477.91,269.46,257.66,173.14,53.92,107.23,6.69,0.00,52.11,0.00,0.00,0.00,0.00,0.00,0.00
68069,68114,68091.5,2246.95,7.29,0.09,3.79,0.00,0.00,0.00,0.00,0.00,0.00,0.00,18748.77,11471.64,8988.01,5883.64,5024.94,4526.03,3778.58,1306.00,1746.68,1202.11,1510.45,733.04,743.64,880.08,618.40,740.44,768.11,449.38,239.46,764.18,361.49,325.43,261.35,85.38,153.07,122.28,105.07,59.02,0.00,52.19,52.97,53.15,0.00,69.66,0.00,0.00,0.00
68128,68173,68150.5,1480.27,5.47,0.06,3.79,0.00,0.00,0.00,0.00,0.00,0.00,0.00,3015.84,10036.16,6870.18,6867.25,3155.34,4028.42,1506.74,2245.74,1096.28,423.48,1107.43,269.30,1146.46,732.60,405.27,856.41,633.98,668.16,238.60,441.93,242.86,429.95,246.30,240.62,60.67,160.69,0.00,52.77,34.67,0.00,0.00,52.20,8.50,38.74,32.43,22.77,0.00
68187,68232,68209.5,2248.56,6.49,0.06,3.79,0.00,0.00,0.00,0.00,0.00,0.00,0.00,17859.44,9181.20,6292.43,9614.09,5479.68,4771.12,2824.64,3141.90,2462.40,1099.77,1567.26,590.90,1121.18,899.65,983.98,1068.75,551.22,333.40,498.11,265.10,255.42,101.72,293.10,128.81,171.59,27.86,105.83,52.82,52.53,52.46,68.98,36.52,0.00,0.00,0.00,0.00,0.00
68246,68291,68268.5,1898.14,6.23,0.06,3.79,0.00,0.00,0.00,0.00,0.00,0.00,0.00,9759.02,6230.70,8894.86,8790.07,2598.04,4664.62,3946.63,3233.72,2508.98,1930.02,1064.75,550.46,627.84,577.75,810.09,627.75,785.32,672.85,306.98,616.24,265.75,372.66,59.59,262.62,107.33,106.31,53.65,158.53,7.83,97.00,52.65,0.00,0.00,0.00,0.00,0.00,0.00
68305,68350,68327.5,2310.99,6.13,0.05,3.79,0.00,0.00,0.00,0.00,0.00,0.00,0.00,17799.56,11240.24,10075.11,8311.31,6594.83,4510.81,3653.64,1852.63,651.00,1632.27,582.07,510.16,1302.90,627.79,496.25,604.30,929.20,663.16,157.00,283.94,435.17,90.06,330.51,302.14,0.00,52.16,88.84,69.90,0.00,40.39,64.32,0.00,0.00,0.00,0.00,0.00,0.00
68364,68409,68386.5,2109.09,7.16,0.09,3.79,0.00,0.00,0.00,0.00,0.00,0.00,0.00,15232.86,9421.55,7390.48,9592.55,4385.71,2168.68,2902.21,2660.90,2836.08,1069.84,2200.75,949.20,868.24,904.91,338.07,196.04,985.60,620.06,551.03,703.51,438.84,137.65,71.15,255.71,57.55,60.89,263.67,0.00,57.84,0.00,0.00,0.00,0.00,24.72,28.44,0.00,56.39
68423,68468,68445.5,2021.95,5.97,0.05,3.79,0.00,0.00,0.00,0.00,0.00,0.00,0.00,13267.87,6680.04,10462.45,6266.26,5318.00,5180.95,2285.29,3868.97,2249.75,1303.50,461.73,904.51,575.25,985.53,841.90,494.47,342.07,704.31,584.74,351.01,419.71,390.11,132.78,146.48,215.59,58.13,89.05,69.68,52.15,0.00,0.00,0.00,0.00,0.00,0.00,0.00,0.00
68482,68527,68504.5,2230.05,5.68,0.04,3.79,0.00,0.00,0.00,0.00,0.00,0.00,0.00,20881.51,12874.75,5940.96,7622.81,4099.81,3202.81,3296.93,2946.60,1654.55,1236.89,1276.30,1003.20,665.85,795.78,646.81,526.96,385.62,203.84,168.31,433.48,622.29,289.49,171.82,40.32,110.35,53.98,52.82,104.83,52.01,0.00,0.00,0.00,0.00,0.00,0.00,0.00,0.00
68541,68586,68563.5,1775.16,6.82,0.09,3.79,0.00,0.00,0.00,0.00,0.00,0.00,0.00,16379.91,6994.68,5427.36,5616.19,3434.75,3015.48,1741.44,3140.30,1780.64,783.82,599.66,1113.87,666.42,369.83,765.54,299.54,824.39,695.50,797.69,231.93,597.00,266.63,159.88,295.03,254.71,107.81,61.50,98.23,0.00,43.37,47.31,0.00,0.00,53.79,0.00,55.48,27.66
68600,68645,68622.5,2236.68,7.41,0.08,3.79,0.00,0.00,0.00,0.00,0.00,0.00,0.00,14301.47,10026.73,11458.22,7686.92,4833.60,3371.18,3200.39,3719.23,1848.94,1406.04,1098.69,842.46,1289.97,544.36,774.98,787.36,830.47,354.15,623.52,433.39,314.15,316.23,452.66,330.72,210.34,96.87,125.58,0.00,56.04,37.90,45.34,100.74,0.00,0.00,0.00,55.15,0.00
68659,68704,68681.5,2419.71,6.71,0.06,3.79,0.00,0.00,0.00,0.00,0.00,0.00,0.00,20136.37,12803.87,13012.27,6223.43,5695.03,3660.87,2789.02,2191.19,1093.85,909.43,1945.61,731.71,964.53,508.77,385.86,242.13,603.34,336.53,1001.17,720.23,336.16,187.79,254.78,208.37,121.59,104.40,0.00,0.00,0.00,52.31,68.41,141.71,0.00,0.00,0.00,0.00,0.00
68718,68763,68740.5,2176.19,6.24,0.06,3.79,0.00,0.00,0.00,0.00,0.00,0.00,0.00,14335.28,11194.75,11316.42,9512.46,3779.87,3532.19,2378.50,2610.28,1237.90,2046.68,1268.43,651.70,841.16,377.26,647.96,480.64,453.46,599.77,422.20,466.97,560.38,140.04,262.63,219.08,57.22,0.00,40.00,14.28,25.70,6.82,0.00,52.50,0.00,53.51,0.00,52.14,0.00
68777,68822,68799.5,2151.98,6.37,0.07,3.79,0.00,0.00,0.00,0.00,0.00,0.00,0.00,15287.02,8877.50,9825.15,10822.07,4820.21,4179.28,2738.55,2477.62,1141.13,1032.14,1460.82,883.63,263.59,243.14,568.25,429.24,813.93,527.62,386.41,429.36,313.02,321.79,244.18,173.32,224.88,109.34,147.28,21.65,0.00,0.00,0.00,8.43,0.00,0.00,0.00,36.28,56.54
68836,68881,68858.5,2635.02,6.28,0.04,3.79,0.00,0.00,0.00,0.00,0.00,0.00,0.00,22910.40,19593.25,11545.40,6156.46,4310.76,3227.18,2645.39,2133.59,1616.48,1528.97,1151.76,1082.83,947.33,875.00,928.40,573.56,452.73,554.50,237.56,592.11,181.16,225.51,232.66,340.24,277.38,0.00,0.00,0.00,0.00,0.00,0.00,0.00,0.00,0.00,0.00,0.00,0.00
68895,68940,68917.5,2134.40,7.52,0.10,3.79,0.00,0.00,0.00,0.00,0.00,0.00,0.00,17494.29,7122.91,9737.11,5838.10,5800.78,4375.79,2880.41,1536.81,2722.24,1951.95,708.96,878.51,863.31,719.67,723.79,637.08,508.25,397.61,754.35,158.96,469.48,657.61,337.99,165.70,108.69,160.42,106.97,180.89,88.49,50.93,52.08,49.76,0.00,0.00,0.00,0.00,0.00
68954,68999,68976.5,2036.77,6.46,0.08,3.79,0.00,0.00,0.00,0.00,0.00,0.00,0.00,18338.41,13248.56,7371.43,5143.04,4347.95,2034.11,3480.78,1078.96,1306.12,980.94,882.16,1127.04,650.34,450.09,678.76,348.63,720.81,218.93,618.72,216.28,264.15,385.03,135.02,452.67,227.99,158.22,20.70,0.00,58.27,52.13,50.63,0.00,70.34,0.00,0.00,0.00,0.00
69013,69058,69035.5,2034.67,6.69,0.07,3.79,0.00,0.00,0.00,0.00,0.00,0.00,0.00,9755.20,13300.92,6476.74,5663.33,6929.33,4871.10,3159.47,1513.59,1838.74,1817.60,659.29,1201.25,1700.70,613.70,567.94,1076.56,896.67,595.33,496.72,393.80,292.05,430.28,0.00,291.26,84.64,165.88,108.41,48.51,7.77,44.28,52.12,0.00,0.00,0.00,0.00,0.00,56.26
69072,69117,69094.5,2306.56,7.01,0.06,3.79,0.00,0.00,0.00,0.00,0.00,0.00,0.00,15011.84,12286.21,9994.22,8235.30,6901.36,1896.64,3477.21,1600.87,1639.62,2598.40,1409.18,577.99,1118.94,1399.59,745.44,798.07,503.85,398.80,384.05,407.37,874.99,511.71,203.56,411.67,108.35,52.04,106.03,52.39,7.78,44.26,52.25,0.00,0.00,0.00,0.00,0.00,0.00
69131,69176,69153.5,1926.29,7.55,0.09,3.79,0.00,0.00,0.00,0.00,0.00,0.00,0.00,9594.41,9317.13,9227.76,6813.05,5306.86,3599.01,2846.95,1666.14,1548.19,1134.10,1073.03,664.15,731.68,1024.10,1512.93,373.82,1049.96,471.41,699.80,932.47,422.90,295.66,306.35,254.67,33.19,45.33,98.80,128.17,130.88,36.45,104.55,88.54,0.00,0.00,54.11,54.83,0.00
69190,69235,69212.5,2031.86,6.68,0.09,3.79,0.00,0.00,0.00,0.00,0.00,0.00,0.00,10132.96,13340.86,6880.23,7069.90,5392.22,4768.31,3079.74,3289.83,1473.75,1253.41,1082.13,1121.47,454.67,892.20,652.89,702.93,768.34,655.27,566.77,401.22,319.53,58.79,113.13,146.24,112.56,34.62,4.64,52.24,0.00,6.98,0.00,46.11,0.00,0.00,0.00,0.00,27.59
69249,69294,69271.5,1783.08,6.05,0.07,3.79,0.00,0.00,0.00,0.00,0.00,0.00,0.00,7669.97,12511.62,6350.05,4470.72,4814.51,5617.83,2998.77,1897.87,1558.11,777.01,1081.67,917.48,978.76,419.84,607.74,518.49,808.41,498.36,464.09,386.95,570.02,362.90,182.86,290.11,31.42,2.27,27.55,0.00,0.00,0.00,51.91,39.84,43.53,0.00,107.96,0.00,0.00
69308,69353,69330.5,2023.72,9.39,0.13,3.79,0.00,0.00,0.00,0.00,0.00,0.00,0.00,12036.93,7730.29,7930.14,5021.68,4997.98,4273.95,1783.54,2630.38,1614.16,2093.66,1074.51,1691.82,1525.27,1008.98,1258.63,854.56,1339.37,957.74,1109.32,312.14,710.96,452.02,642.87,783.70,219.34,92.41,112.63,149.43,46.51,34.54,41.20,103.83,9.34,0.00,42.14,0.00,0.00
69367,69412,69389.5,2383.28,17.32,0.26,3.79,0.00,0.00,0.00,0.00,0.00,0.00,0.00,5866.05,11418.85,5387.41,6461.09,5465.30,3224.75,2964.88,3403.50,1214.40,2323.31,977.41,1964.54,1072.31,2281.99,2828.03,1187.90,2586.29,2439.77,2827.44,1936.17,2677.54,1610.94,1531.85,683.21,334.81,497.59,263.64,235.30,11.55,125.24,0.00,0.00,0.00,213.97,0.00,0.00,56.27
69426,69471,69448.5,2141.05,16.70,0.23,3.79,0.00,0.00,0.00,0.00,0.00,0.00,0.00,5239.04,7195.96,3505.47,2942.15,1434.31,3099.78,4293.35,2976.90,2704.39,3569.44,3482.87,2046.51,2427.62,1993.56,2740.46,2606.93,2253.90,2540.69,1977.31,2135.33,1338.20,1320.17,1598.35,1001.41,666.47,343.20,111.70,150.69,77.97,171.07,71.28,92.29,98.44,160.75,51.79,55.31,0.00
69485,69530,69507.5,2261.26,19.78,0.30,3.79,0.00,0.00,0.00,0.00,0.00,0.00,0.00,7296.66,4884.69,2469.67,3789.83,1921.99,3271.66,3783.43,2152.63,2241.80,3530.21,2787.77,2216.77,2827.52,2218.98,3463.51,2062.74,4557.85,2780.36,3097.93,2499.87,2158.33,1625.31,649.75,926.82,1161.95,571.92,293.91,326.15,175.60,127.46,46.74,0.00,105.27,50.70,53.91,0.00,112.08
69544,69589,69566.5,2219.21,18.15,0.24,3.80,0.00,0.00,0.00,0.00,0.00,0.00,0.00,6250.78,4666.23,5179.89,2492.31,3903.50,1519.68,2067.45,3259.34,2521.81,2622.62,3897.14,2457.12,2313.29,2814.56,2531.66,4290.13,2729.44,2578.88,1940.57,2777.88,1276.01,2123.43,1014.84,840.41,822.67,634.94,520.40,95.35,186.32,140.74,270.33,153.52,0.00,53.16,12.88,32.82,22.63
69603,69648,69625.5,2331.44,21.09,0.34,3.80,0.00,0.00,0.00,0.00,0.00,0.00,0.00,5026.99,5191.30,5307.55,4796.91,4356.26,1442.00,3365.42,2814.41,3130.67,2336.71,2109.72,2280.59,2833.41,2839.28,2591.42,3496.90,2690.59,3424.39,2158.50,3015.87,2158.77,2391.27,987.22,959.53,880.12,86.60,268.63,360.87,178.08,272.60,159.37,150.85,0.00,213.33,24.63,0.00,167.82
69662,69707,69684.5,1871.66,16.04,0.22,3.79,0.00,0.00,0.00,0.00,0.00,0.00,0.00,1212.23,5433.32,5064.90,2840.80,1634.69,2455.25,2283.70,2136.59,3264.46,2911.61,1931.81,2806.44,2473.76,2052.71,3125.34,2265.80,2147.64,2225.44,1403.23,1701.16,1837.87,1589.36,1478.84,1561.05,478.42,562.76,205.06,200.50,109.67,144.95,96.20,108.19,53.86,0.00,0.00,0.00,0.00
69721,69766,69743.5,2082.59,16.41,0.24,3.65,0.00,0.00,0.00,0.00,0.00,0.00,0.00,5244.25,7318.75,4419.90,3324.88,4019.54,2855.67,2454.68,2035.69,2131.98,3051.90,1920.88,1424.28,3813.18,2490.87,2165.73,2249.46,3083.21,1660.51,2397.49,1774.62,1037.67,1022.72,1199.85,840.35,643.57,426.40,489.22,337.88,235.66,180.30,86.10,41.30,0.00,0.00,32.43,111.51,22.97
69780,69825,69802.5,2753.20,21.54,0.29,3.46,0.00,0.00,0.00,0.00,0.00,0.00,0.00,12124.87,6946.16,7123.52,4850.70,2224.88,1813.93,2589.05,2362.18,3686.96,4187.17,2715.67,2942.17,2323.15,3108.66,2985.21,3260.92,3101.77,3164.37,4005.10,2630.92,2301.38,1949.97,1687.42,734.44,687.06,635.86,438.71,456.89,440.38,123.25,88.34,124.60,194.83,0.00,31.15,21.86,0.00
69839,69884,69861.5,2595.88,11.60,0.16,3.25,0.00,0.00,0.00,0.00,0.00,0.00,9823.37,15034.61,10321.83,5987.65,5045.22,6197.61,3207.65,3026.65,1818.22,3050.97,1877.35,2267.41,1104.17,1159.66,1743.00,1105.09,1333.84,1248.93,1485.72,1182.32,584.74,1229.13,738.42,637.63,309.49,329.46,169.81,421.95,72.55,183.24,0.00,96.80,0.00,45.46,26.53,71.03,49.65,43.34
69898,69943,69920.5,2268.92,8.91,0.12,3.06,0.00,0.00,0.00,0.00,0.00,0.00,15740.98,10945.92,5963.24,8267.34,3687.61,3697.85,3283.33,2444.67,2733.23,2816.52,956.76,1221.44,963.36,1168.10,770.51,1176.23,703.45,960.80,1254.31,872.26,384.11,428.29,342.97,264.39,509.11,82.13,111.96,48.87,376.41,38.98,54.26,13.63,36.73,33.34,91.31,0.00,128.74,0.00
69958,70003,69980.5,2734.93,23.16,0.36,2.87,0.00,0.00,0.00,0.00,0.00,6546.09,5035.65,10998.48,4051.90,5260.89,1822.30,3080.77,1204.23,1734.75,2084.63,2361.03,1758.15,3285.30,2508.20,2700.36,2835.11,2920.98,2899.39,2983.00,3167.93,3661.34,1763.60,2917.38,2998.90,1957.84,1738.36,939.81,819.13,371.50,189.80,141.20,134.82,193.49,0.00,33.75,80.60,0.00,0.00,179.22
