Data/Raw/MOORE,RICHARD/FIREXAQ-LARGE-SMPS_DC8_20190806_R0.ict
88,1001
Richard Moore, Elizabeth Wiggins, Edward Winstead, Claire Robinson, Lee Thornhill, and Kevin Sanchez
NASA Langley Research Center
In-situ Submicron Particle Size Distributions from a SMPS on the NASA DC-8
FIREXAQ
1,1
2019,08,06,2020,03,10
0
Time_start,Secs after midnight,Time of acquisition
50
1,1,1,1,1,1,1,1,1,1,1,1,1,1,1,1,1,1,1,1,1,1,1,1,1,1,1,1,1,1,1,1,1,1,1,1,1,1,1,1,1,1,1,1,1,1,1,1,1,1
-9999,-9999,-9999,-9999,-9999,-9999,-9999,-9999,-9999,-9999,-9999,-9999,-9999,-9999,-9999,-9999,-9999,-9999,-9999,-9999,-9999,-9999,-9999,-9999,-9999,-9999,-9999,-9999,-9999,-9999,-9999,-9999,-9999,-9999,-9999,-9999,-9999,-9999,-9999,-9999,-9999,-9999,-9999,-9999,-9999,-9999,-9999,-9999,-9999,-9999
Time_stop,Secs after midnight,Time of acquisition
Time_mid,Secs after midnight,Time of acquisition
nSMPS_stdPT,#/cm3,AerMP_NumConc_InSitu_RHd_Mobility_NucltoAccu_STP,integrated_number_density
sSMPS_stdPT,um2/cm3,AerMP_SurfAreaConc_InSitu_RHd_Mobility_NucltoAccu_STP,integrated_surface_area
vSMPS_stdPT,um3/cm3,AerMP_VolConc_InSitu_RHd_Mobility_NucltoAccu_STP,integrated_volume
SMPS_stdPT, unitless, None, conversion between ambient PT and standard PT (1013, 273)
SMPS_bin00_stdPT,#/cm3,AerMP_NumSizeDist_InSitu_RHd_Mobility_NucltoAccu_STP,Binned number size distribution (in dNdlogDp) measured by the SMPS
SMPS_bin01_stdPT,#/cm3,AerMP_NumSizeDist_InSitu_RHd_Mobility_NucltoAccu_STP,Binned number size distribution (in dNdlogDp) measured by the SMPS
SMPS_bin02_stdPT,#/cm3,AerMP_NumSizeDist_InSitu_RHd_Mobility_NucltoAccu_STP,Binned number size distribution (in dNdlogDp) measured by the SMPS
SMPS_bin03_stdPT,#/cm3,AerMP_NumSizeDist_InSitu_RHd_Mobility_NucltoAccu_STP,Binned number size distribution (in dNdlogDp) measured by the SMPS
SMPS_bin04_stdPT,#/cm3,AerMP_NumSizeDist_InSitu_RHd_Mobility_NucltoAccu_STP,Binned number size distribution (in dNdlogDp) measured by the SMPS
SMPS_bin05_stdPT,#/cm3,AerMP_NumSizeDist_InSitu_RHd_Mobility_NucltoAccu_STP,Binned number size distribution (in dNdlogDp) measured by the SMPS
SMPS_bin06_stdPT,#/cm3,AerMP_NumSizeDist_InSitu_RHd_Mobility_NucltoAccu_STP,Binned number size distribution (in dNdlogDp) measured by the SMPS
SMPS_bin07_stdPT,#/cm3,AerMP_NumSizeDist_InSitu_RHd_Mobility_NucltoAccu_STP,Binned number size distribution (in dNdlogDp) measured by the SMPS
SMPS_bin08_stdPT,#/cm3,AerMP_NumSizeDist_InSitu_RHd_Mobility_NucltoAccu_STP,Binned number size distribution (in dNdlogDp) measured by the SMPS
SMPS_bin09_stdPT,#/cm3,AerMP_NumSizeDist_InSitu_RHd_Mobility_NucltoAccu_STP,Binned number size distribution (in dNdlogDp) measured by the SMPS
SMPS_bin10_stdPT,#/cm3,AerMP_NumSizeDist_InSitu_RHd_Mobility_NucltoAccu_STP,Binned number size distribution (in dNdlogDp) measured by the SMPS
SMPS_bin11_stdPT,#/cm3,AerMP_NumSizeDist_InSitu_RHd_Mobility_NucltoAccu_STP,Binned number size distribution (in dNdlogDp) measured by the SMPS
SMPS_bin12_stdPT,#/cm3,AerMP_NumSizeDist_InSitu_RHd_Mobility_NucltoAccu_STP,Binned number size distribution (in dNdlogDp) measured by the SMPS
SMPS_bin13_stdPT,#/cm3,AerMP_NumSizeDist_InSitu_RHd_Mobility_NucltoAccu_STP,Binned number size distribution (in dNdlogDp) measured by the SMPS
SMPS_bin14_stdPT,#/cm3,AerMP_NumSizeDist_InSitu_RHd_Mobility_NucltoAccu_STP,Binned number size distribution (in dNdlogDp) measured by the SMPS
[...]
UNCERTAINTY:  20%
ULOD_FLAG: -7777
ULOD_VALUE: N/A
LLOD_FLAG: -8888
LLOD_VALUE: N/A
DM_CONTACT_INFO: Lee Thornhill (Kenneth.L.Thornhill@nasa.gov)
PROJECT_INFO: FIREX-AQ
STIPULATIONS_ON_USE: No stipulations on use. The user is encouraged to contact the PI or DM prior to use.
OTHER_COMMENTS: Midpoint diameters of Bins 00 to 43 are: 0.011,0.012,0.013,0.014,0.015,0.016,0.017,0.018,0.019,0.021,0.022,0.024,0.026,0.028,0.030,0.032,0.035,0.037,0.040,0.043,0.046,0.050,0.053,0.057,0.061,0.066,0.071,0.076,0.082,0.088,0.095,0.102,0.109,0.118,0.126,0.136,0.146,0.157,0.168,0.181,0.194,0.209,0.225,0.241
REVISION: R0
R0: Final Data. Data are corrected for time lags and ammonium sulfate size calibrations.
*******************************************************************************************************************************
Time_start,Time_stop,Time_mid,nSMPS_stdPT,sSMPS_stdPT,vSMPS_stdPT,SMPS_stdPT,SMPS_bin00_stdPT,SMPS_bin01_stdPT,SMPS_bin02_stdPT,SMPS_bin03_stdPT,SMPS_bin04_stdPT,SMPS_bin05_stdPT,SMPS_bin06_stdPT,SMPS_bin07_stdPT,SMPS_bin08_stdPT,SMPS_bin09_stdPT,SMPS_bin10_stdPT,SMPS_bin11_stdPT,SMPS_bin12_stdPT,SMPS_bin13_stdPT,SMPS_bin14_stdPT,SMPS_bin15_stdPT,SMPS_bin16_stdPT,SMPS_bin17_stdPT,SMPS_bin18_stdPT,SMPS_bin19_stdPT,SMPS_bin20_stdPT,SMPS_bin21_stdPT,SMPS_bin22_stdPT,SMPS_bin23_stdPT,SMPS_bin24_stdPT,SMPS_bin25_stdPT,SMPS_bin26_stdPT,SMPS_bin27_stdPT,SMPS_bin28_stdPT,SMPS_bin29_stdPT,SMPS_bin30_stdPT,SMPS_bin31_stdPT,SMPS_bin32_stdPT,SMPS_bin33_stdPT,SMPS_bin34_stdPT,SMPS_bin35_stdPT,SMPS_bin36_stdPT,SMPS_bin37_stdPT,SMPS_bin38_stdPT,SMPS_bin39_stdPT,SMPS_bin40_stdPT,SMPS_bin41_stdPT,SMPS_bin42_stdPT,SMPS_bin43_stdPT
65007,65052,65029.5,0.00,0.00,0.00,1.24,0.00,0.00,0.00,0.00,0.00,0.00,0.00,0.00,0.00,0.00,0.00,0.00,0.00,0.00,0.00,0.00,0.00,0.00,0.00,0.00,0.00,0.00,0.00,0.00,0.00,0.00,0.00,0.00,0.00,0.00,0.00,0.00,0.00,0.00,0.00,0.00,0.00,0.00,0.00,0.00,0.00,0.00,0.00,0.00
65066,65111,65088.5,0.00,0.00,0.00,1.27,0.00,0.00,0.00,0.00,0.00,0.00,0.00,0.00,0.00,0.00,0.00,0.00,0.00,0.00,0.00,0.00,0.00,0.00,0.00,0.00,0.00,0.00,0.00,0.00,0.00,0.00,0.00,0.00,0.00,0.00,0.00,0.00,0.00,0.00,0.00,0.00,0.00,0.00,0.00,0.00,0.00,0.00,0.00,0.00
65125,65170,65147.5,0.00,0.00,0.00,1.35,0.00,0.00,0.00,0.00,0.00,0.00,0.00,0.00,0.00,0.00,0.00,0.00,0.00,0.00,0.00,0.00,0.00,0.00,0.00,0.00,0.00,0.00,0.00,0.00,0.00,0.00,0.00,0.00,0.00,0.00,0.00,0.00,0.00,0.00,0.00,0.00,0.00,0.00,0.00,0.00,0.00,0.00,0.00,0.00
65184,65229,65206.5,0.00,0.00,0.00,1.45,0.00,0.00,0.00,0.00,0.00,0.00,0.00,0.00,0.00,0.00,0.00,0.00,0.00,0.00,0.00,0.00,0.00,0.00,0.00,0.00,0.00,0.00,0.00,0.00,0.00,0.00,0.00,0.00,0.00,0.00,0.00,0.00,0.00,0.00,0.00,0.00,0.00,0.00,0.00,0.00,0.00,0.00,0.00,0.00
65243,65288,65265.5,882.72,38.89,1.17,1.52,0.00,2486.83,0.00,1614.75,646.44,654.08,454.10,183.21,154.15,71.21,351.77,242.99,212.00,116.43,639.05,162.19,752.26,482.33,535.40,469.85,560.74,768.48,671.04,613.75,593.33,448.87,630.53,430.10,468.28,658.35,635.90,744.22,636.38,375.48,834.05,516.31,992.90,846.30,1192.03,1458.18,1130.69,926.47,718.07,569.88
65302,65347,65324.5,898.72,30.78,0.85,1.59,0.00,0.00,998.51,0.00,424.59,190.42,612.75,548.59,344.78,1075.84,577.88,158.77,393.71,411.82,919.50,417.06,999.43,875.94,470.07,947.53,917.85,1266.31,923.85,827.39,742.73,521.42,612.10,727.23,583.64,722.63,814.22,997.54,591.36,1018.05,440.37,845.24,781.43,822.12,923.44,653.91,800.60,639.98,523.79,468.74
65361,65406,65383.5,911.16,26.70,0.72,1.65,0.00,0.00,0.00,567.03,411.94,690.45,715.09,145.75,700.49,375.23,779.45,570.12,708.75,976.08,718.39,1402.34,856.77,887.15,932.77,1145.27,975.19,843.73,1023.87,951.27,838.22,738.75,636.82,690.26,517.21,358.27,510.01,706.16,747.64,707.02,880.80,625.48,739.18,556.72,644.53,609.76,770.33,587.13,379.79,302.47
65420,65465,65442.5,955.61,25.82,0.70,1.72,0.00,0.00,0.00,0.00,1562.18,355.86,877.37,211.58,737.64,904.14,752.46,225.74,714.21,1276.53,918.70,668.44,827.35,1151.75,1417.62,1079.47,1196.63,1088.83,875.38,744.69,615.43,819.75,945.08,846.30,1194.20,659.32,680.50,458.71,1143.19,857.56,224.76,239.40,596.63,455.54,360.66,386.74,668.27,714.97,461.92,347.01
65479,65524,65501.5,1010.01,36.76,1.07,1.79,0.00,0.00,0.00,817.48,1046.53,0.00,580.37,239.08,364.58,429.97,357.59,857.80,863.86,966.98,1135.60,822.34,862.61,1027.32,1181.69,1282.17,1106.85,1159.13,973.66,895.65,578.82,897.43,589.58,525.74,615.67,828.13,471.42,941.07,675.55,817.22,563.18,744.25,710.24,1046.20,865.75,882.02,756.87,909.83,770.32,680.68
65538,65583,65560.5,1779.04,69.56,2.08,1.84,0.00,0.00,0.00,1226.17,1264.00,412.32,945.92,1264.69,713.06,1323.58,1164.38,2220.53,1357.49,1605.26,2106.27,1648.12,1433.40,1240.06,869.95,1442.23,1538.67,1843.67,1527.71,1455.42,1396.13,1189.90,1258.25,1650.17,1110.76,1138.38,1713.58,1111.19,1001.86,993.68,755.78,727.48,1008.16,1799.62,1617.69,2021.91,2521.34,1674.01,1538.40,1228.63
65597,65642,65619.5,2234.87,75.61,2.22,1.87,0.00,0.00,5468.60,680.03,1528.72,826.42,1149.81,452.22,1081.52,453.59,1282.89,1073.19,898.57,1859.38,1837.68,1700.34,1779.64,2307.37,2255.21,2026.17,1646.83,2213.43,2192.24,2788.22,2386.56,2765.49,2417.10,2005.68,1649.49,1876.68,1579.63,1089.36,888.24,1045.29,1409.87,1011.02,1117.01,1476.57,1662.63,1599.44,1803.87,1935.21,1551.21,1466.81
65656,65701,65678.5,2004.60,60.53,1.70,1.87,0.00,0.00,3454.55,0.00,0.00,649.49,1516.58,1123.88,525.71,900.19,1085.04,721.00,1406.16,1270.33,1709.66,2107.44,2267.48,2641.92,2781.14,2348.03,2629.53,2015.94,2391.20,2485.25,2022.88,1854.93,2068.82,2042.30,1504.02,1620.50,1149.15,1299.43,785.19,1263.13,570.60,730.98,783.51,1094.35,1657.41,1703.69,1744.63,1467.35,1419.50,474.02
65715,65760,65737.5,1552.32,52.39,1.54,1.87,0.00,0.00,0.00,0.00,564.99,1124.06,676.93,800.39,1265.47,923.68,1166.43,1243.49,1678.95,1343.42,1331.66,1283.47,1931.69,1411.17,1541.81,1420.19,1685.42,1790.36,1882.69,1831.24,2065.44,1493.19,1403.17,1055.33,770.37,1155.75,929.41,1036.36,1071.73,945.54,776.66,986.31,523.28,507.99,1003.69,1152.05,1619.04,1116.57,1432.22,930.00
65774,65819,65796.5,1638.29,34.33,0.98,1.86,0.00,0.00,1228.22,1635.60,2402.10,1890.09,3308.13,2027.78,1590.55,925.49,1192.34,855.22,2281.07,2175.22,2147.41,1847.65,2142.64,1384.79,1153.35,873.73,861.96,1820.92,1616.02,1669.03,1333.51,1604.21,673.07,835.66,1027.10,647.61,1291.25,1237.90,569.06,267.45,420.09,82.72,157.30,215.37,385.64,772.78,1029.08,757.46,972.51,344.52
65833,65878,65855.5,1060.70,23.85,0.62,1.86,0.00,0.00,990.15,1609.32,1529.48,1480.46,946.14,885.86,1127.72,424.13,254.13,841.84,796.04,1020.82,1059.35,1209.42,1328.85,728.83,999.71,1093.75,1049.51,1002.25,845.71,653.76,789.17,712.50,647.52,802.37,900.48,537.10,373.48,637.38,626.41,388.41,570.05,943.16,595.57,660.28,652.00,521.38,521.04,357.79,346.37,242.89
65892,65937,65914.5,802.49,15.35,0.40,1.93,0.00,0.00,0.00,1463.95,704.47,1870.14,1720.24,1757.28,214.48,332.69,286.64,461.78,1072.16,497.02,277.77,797.25,563.18,884.57,1165.85,470.79,748.03,837.70,637.53,842.29,691.78,787.69,862.98,604.07,345.45,382.62,263.20,351.65,432.78,248.27,479.23,194.44,404.99,294.45,174.57,350.25,329.63,252.76,125.23,276.51
65951,65996,65973.5,613.59,14.49,0.43,2.04,0.00,0.00,0.00,967.02,2159.53,1050.13,360.86,277.35,0.00,357.69,311.28,389.03,332.62,466.67,511.22,411.02,468.75,403.18,597.94,895.96,1031.57,631.58,555.78,473.37,491.58,570.73,854.93,416.37,439.79,275.23,458.07,331.06,240.29,494.20,400.90,137.82,164.45,201.68,222.16,0.00,233.18,59.73,197.11,139.20
66010,66055,66032.5,1134.64,14.86,0.36,2.11,0.00,0.00,0.00,3449.57,2142.98,623.47,740.66,1525.07,2105.77,1141.19,651.21,1339.21,1016.36,2106.11,1561.67,1420.91,785.51,883.56,1041.00,1468.20,657.73,1442.71,1615.36,885.61,871.43,1001.04,357.54,453.53,302.19,542.91,356.89,577.21,360.73,674.96,216.23,169.36,115.90,192.81,162.52,290.10,176.12,341.33,175.76,204.14
66069,66114,66091.5,842.47,11.74,0.28,2.17,0.00,0.00,0.00,1584.60,1304.63,672.59,324.98,1394.98,931.58,540.73,792.02,629.96,1039.05,1222.03,537.66,596.73,667.58,1141.97,1278.57,1480.65,804.86,1692.27,728.34,423.35,1089.78,774.43,774.40,645.79,484.90,324.97,393.39,325.15,284.15,538.93,259.00,116.11,3.38,137.52,114.89,147.42,92.93,155.25,181.69,91.76
66128,66173,66150.5,616.76,10.38,0.23,2.25,0.00,0.00,0.00,0.00,0.02,0.00,0.00,316.36,244.26,195.71,284.95,1239.75,905.61,1107.84,1130.17,568.49,1112.44,1120.17,651.66,1109.31,772.53,951.31,999.19,695.37,723.16,648.50,534.84,351.39,506.90,232.82,361.91,380.94,449.92,425.38,174.92,354.57,234.63,155.51,186.78,150.05,126.11,64.12,98.10,66.51
66187,66232,66209.5,956.62,9.09,0.19,2.31,0.00,0.00,0.00,2825.12,5231.01,805.67,2521.49,1096.48,1096.97,0.00,680.14,282.80,656.46,1538.98,593.22,448.06,570.32,506.19,907.17,917.71,942.22,1431.71,725.66,697.20,969.68,733.48,709.81,789.08,412.05,257.44,338.64,218.11,338.20,203.87,249.70,164.37,30.68,94.66,67.36,67.33,120.19,139.58,91.72,0.00
66246,66291,66268.5,542.85,8.06,0.20,2.37,0.00,0.00,0.00,0.00,0.00,1823.42,487.31,317.26,831.72,581.96,348.52,834.25,1015.03,836.53,496.58,342.66,778.00,557.37,692.22,578.15,816.37,542.19,548.99,333.29,453.23,229.44,452.21,255.01,316.10,230.13,556.48,251.97,486.10,212.37,252.15,224.81,78.84,79.50,89.85,0.00,10.60,33.27,112.90,112.00
66305,66350,66327.5,562.89,6.91,0.13,2.42,0.00,0.00,0.00,0.00,815.39,0.00,761.11,719.17,813.19,0.16,906.66,858.98,767.03,838.01,373.24,668.05,702.34,826.52,1087.76,803.32,846.90,438.13,396.16,690.66,261.49,466.00,266.35,553.65,239.40,478.01,385.62,631.14,400.02,156.16,197.63,167.51,55.92,38.49,173.05,78.51,0.00,33.30,45.29,35.06
66364,66409,66386.5,485.09,7.78,0.15,2.45,0.00,0.00,0.00,0.00,0.00,0.00,0.00,418.28,303.23,247.81,660.57,496.58,902.05,504.25,610.11,555.13,1206.48,848.20,485.16,713.10,452.19,442.34,308.39,582.81,230.84,585.63,491.55,440.61,618.64,623.28,344.16,322.79,383.68,474.75,307.70,366.89,115.79,145.19,54.03,107.72,66.68,33.93,0.00,0.00
66423,66468,66445.5,678.58,7.15,0.12,2.46,0.00,0.00,0.00,1207.75,813.19,1359.16,380.11,733.05,1359.79,602.14,574.56,1144.26,412.65,924.92,817.18,492.30,648.21,1098.73,709.06,725.60,605.28,619.66,763.93,592.63,345.24,337.00,297.36,496.83,494.40,346.34,503.07,518.02,453.73,251.74,334.41,266.56,115.62,120.10,51.23,142.93,32.93,0.00,22.87,0.00
66482,66527,66504.5,0.00,0.00,0.00,2.45,0.00,0.00,0.00,0.00,0.00,0.00,0.00,0.00,0.00,0.00,0.00,0.00,0.00,0.00,0.00,0.00,0.00,0.00,0.00,0.00,0.00,0.00,0.00,0.00,0.00,0.00,0.00,0.00,0.00,0.00,0.00,0.00,0.00,0.00,0.00,0.00,0.00,0.00,0.00,0.00,0.00,0.00,0.00,0.00
66541,66586,66563.5,0.00,0.00,0.00,2.45,0.00,0.00,0.00,0.00,0.00,0.00,0.00,0.00,0.00,0.00,0.00,0.00,0.00,0.00,0.00,0.00,0.00,0.00,0.00,0.00,0.00,0.00,0.00,0.00,0.00,0.00,0.00,0.00,0.00,0.00,0.00,0.00,0.00,0.00,0.00,0.00,0.00,0.00,0.00,0.00,0.00,0.00,0.00,0.00
66601,66646,66623.5,0.00,0.00,0.00,2.44,0.00,0.00,0.00,0.00,0.00,0.00,0.00,0.00,0.00,0.00,0.00,0.00,0.00,0.00,0.00,0.00,0.00,0.00,0.00,0.00,0.00,0.00,0.00,0.00,0.00,0.00,0.00,0.00,0.00,0.00,0.00,0.00,0.00,0.00,0.00,0.00,0.00,0.00,0.00,0.00,0.00,0.00,0.00,0.00
66660,66705,66682.5,0.00,0.00,0.00,2.45,0.00,0.00,0.00,0.00,0.00,0.00,0.00,0.00,0.00,0.00,0.00,0.00,0.00,0.00,0.00,0.00,0.00,0.00,0.00,0.00,0.00,0.00,0.00,0.00,0.00,0.00,0.00,0.00,0.00,0.00,0.00,0.00,0.00,0.00,0.00,0.00,0.00,0.00,0.00,0.00,0.00,0.00,0.00,0.00
66719,66764,66741.5,907.54,9.18,0.20,2.44,0.00,0.00,0.00,0.00,981.92,2409.81,1578.54,1141.10,1822.09,1715.64,1242.02,791.96,889.14,445.56,1527.82,1481.10,1612.60,983.37,698.97,832.29,1014.43,854.05,880.76,768.70,606.59,679.14,471.35,265.41,699.26,447.83,327.30,283.83,139.22,59.54,82.45,322.63,132.38,232.38,193.48,66.70,125.38,28.34,32.65,24.56
66778,66823,66800.5,859.03,7.64,0.15,2.44,0.00,0.00,0.00,0.00,0.00,0.00,1626.82,2773.27,1336.33,1677.68,1344.45,643.53,1533.83,1805.01,1326.86,1723.52,1658.56,1395.89,684.60,870.19,1033.69,667.64,705.22,502.40,406.46,459.41,534.89,266.24,442.07,211.89,411.13,122.98,165.28,167.55,164.09,74.86,101.85,96.76,171.21,105.44,19.68,67.54,66.98,48.32
66837,66882,66859.5,848.18,11.12,0.23,2.44,0.00,0.00,0.00,0.00,0.00,813.54,0.00,2358.53,851.43,472.55,465.45,921.57,2142.81,1068.75,772.70,1027.59,924.88,953.63,855.50,1529.60,939.43,1367.81,1173.84,1283.15,1068.74,868.86,903.33,553.97,203.44,816.60,412.73,224.20,167.84,257.69,294.59,142.91,413.19,126.39,165.11,97.36,216.02,0.00,104.88,106.90
66896,66941,66918.5,1071.38,10.49,0.20,2.44,0.00,0.00,0.00,0.00,3917.16,2201.61,1142.08,779.41,1630.39,868.44,954.06,319.77,1903.51,1184.69,1137.33,1063.93,1162.27,1328.11,1054.19,1263.74,1456.65,1245.43,1308.63,972.35,1328.31,786.23,814.14,602.29,781.99,762.80,338.04,271.41,258.49,67.31,139.30,202.74,270.04,132.51,152.80,149.07,56.73,103.01,34.63,88.83
66955,67000,66977.5,980.37,9.85,0.24,2.44,0.00,0.00,0.00,0.00,2220.36,674.88,2284.96,2172.12,2415.97,1439.89,2331.59,808.67,2010.62,1649.72,936.12,811.60,1148.34,1262.73,750.44,938.90,821.23,721.00,234.39,442.21,650.63,383.48,565.19,605.84,269.33,493.59,363.30,242.75,279.31,219.08,221.88,161.36,53.43,39.39,90.00,53.90,63.19,73.21,130.29,35.52
67014,67059,67036.5,1293.33,7.92,0.15,2.44,0.00,0.00,0.00,0.00,6333.33,4649.48,4031.04,1810.77,3248.44,2604.24,2440.59,1582.35,1127.46,983.04,1284.40,924.55,887.01,1288.35,662.65,621.60,418.91,717.73,869.14,768.69,375.61,423.34,324.96,447.04,595.25,340.07,82.77,105.23,120.32,125.59,185.49,166.04,40.94,74.69,142.96,132.71,217.89,147.30,60.13,0.00
67073,67118,67095.5,1778.09,9.91,0.23,2.44,0.00,0.00,0.00,0.00,8769.29,10808.54,5124.39,6467.30,1960.65,2863.64,1969.30,2934.66,1222.79,1294.06,1353.43,928.42,1684.28,555.79,1332.70,807.39,505.27,765.93,872.76,593.82,643.22,311.52,348.24,184.34,157.74,265.21,339.14,113.02,214.00,193.65,344.55,59.32,64.34,46.77,14.96,103.74,102.46,133.83,138.82,70.95
67132,67177,67154.5,757.67,13.65,0.38,2.43,0.00,0.00,0.00,0.00,2410.61,812.95,624.47,1844.34,676.97,476.48,769.79,922.96,395.07,1077.76,831.82,545.20,779.36,1002.77,769.86,758.68,839.80,969.18,613.83,580.05,754.25,507.32,331.22,325.95,318.98,636.11,189.23,320.88,415.24,372.49,182.23,329.46,287.59,263.79,65.80,219.23,146.49,171.44,104.68,231.62
67191,67236,67213.5,825.13,9.05,0.24,2.43,0.00,0.00,0.00,0.00,2179.30,0.00,972.01,1691.34,2365.16,2040.93,1675.36,1895.03,2519.02,1000.92,1366.60,745.61,633.63,805.69,501.39,662.86,381.98,707.40,400.23,137.44,187.27,188.98,255.50,417.70,269.41,230.34,227.07,199.26,18.20,111.84,259.89,150.88,204.58,154.12,52.55,63.66,96.92,108.84,198.92,71.36
67250,67295,67272.5,1096.84,10.16,0.22,2.43,0.00,0.00,0.00,0.00,2410.42,2817.40,2863.86,727.82,2122.23,2657.49,1445.52,1368.34,1160.59,2546.85,1441.72,1195.23,1268.32,602.25,858.88,735.98,979.15,646.40,1470.49,750.12,211.08,711.05,445.34,284.46,303.13,449.66,244.70,217.13,287.72,501.12,129.33,158.33,77.98,105.41,106.21,211.49,187.71,96.42,95.51,53.74
67309,67354,67331.5,687.34,13.46,0.35,2.43,0.00,0.00,0.00,0.00,0.01,0.02,679.57,0.00,366.42,1026.12,916.81,918.62,427.90,1145.20,668.12,873.79,801.67,801.84,877.96,765.98,1433.85,779.55,1562.16,906.38,362.98,412.01,471.60,781.15,679.92,514.92,669.98,555.65,235.48,321.92,311.75,354.65,61.61,94.90,212.74,180.46,144.17,51.48,143.68,120.83
67368,67413,67390.5,1509.46,16.76,0.36,2.43,0.00,0.00,0.00,0.00,5582.08,4902.68,1286.88,875.16,2817.35,852.85,991.85,901.90,888.23,724.94,812.09,823.90,1697.89,1639.93,2069.87,2812.41,1844.19,2065.46,2623.27,2079.64,1462.03,1331.62,836.48,1068.54,812.38,879.84,751.63,315.43,177.01,231.91,261.28,168.26,317.43,236.93,85.64,209.44,105.36,114.46,231.23,117.46
67427,67472,67449.5,1470.95,18.07,0.38,2.42,0.00,0.00,0.00,0.00,1203.19,2608.92,1509.12,1780.70,1056.16,588.72,1733.27,513.40,1501.64,1005.34,1260.66,1401.06,1922.58,2056.28,2916.13,2416.85,2947.59,2509.97,2591.28,2223.31,1917.55,1676.26,1009.37,1092.12,914.59,814.90,493.86,526.61,369.98,618.97,259.97,184.94,107.32,97.87,180.51,67.81,97.90,257.08,256.87,137.89
67486,67531,67508.5,1116.02,15.46,0.38,2.42,0.00,0.00,0.00,0.00,1991.96,3753.04,1784.90,1770.72,1258.28,650.92,607.11,1105.56,873.86,875.90,634.47,1390.95,912.59,1874.76,1836.37,1209.35,1094.54,1461.64,850.17,735.24,1530.13,834.54,1044.07,686.18,733.27,282.69,430.30,160.98,231.68,315.73,226.39,650.86,347.57,368.52,238.00,210.66,0.00,216.40,175.73,0.00
67545,67590,67567.5,916.28,17.76,0.48,2.42,0.00,0.00,0.00,0.00,0.02,2767.97,1113.59,1012.66,1253.88,388.84,818.58,452.70,698.44,1027.42,1229.57,1105.57,575.49,633.88,745.49,1399.02,848.35,895.70,1427.97,1794.89,1079.97,884.75,782.72,489.82,511.23,685.79,4.42,578.74,356.22,521.61,374.29,572.10,470.93,398.43,74.93,205.14,222.38,178.65,154.82,71.61
67604,67649,67626.5,822.52,12.11,0.30,2.42,0.00,0.00,0.00,0.00,1989.58,3253.34,821.54,422.00,1626.94,794.81,599.79,559.54,852.15,661.01,739.70,262.82,1085.04,804.20,1212.48,877.48,863.94,1037.66,669.42,487.69,858.56,719.64,365.18,784.87,311.90,279.62,235.81,265.14,426.16,178.94,410.76,323.18,302.83,83.88,202.32,210.81,126.40,52.59,237.48,138.07
67663,67708,67685.5,1053.85,16.14,0.45,2.42,0.00,0.00,0.00,0.00,3606.27,5204.65,2165.21,1998.40,551.31,662.00,946.14,675.22,880.94,1425.42,737.42,1040.85,868.11,630.12,819.12,1095.01,788.67,805.55,700.26,784.42,504.58,610.74,543.80,500.32,416.09,259.94,129.56,795.52,266.87,328.28,499.03,416.48,125.12,231.66,317.59,101.26,69.76,284.97,364.88,183.50
67722,67767,67744.5,618.45,14.21,0.39,2.42,0.00,0.00,0.00,0.00,0.01,0.04,1251.94,0.00,693.52,53.46,181.77,930.52,386.51,561.60,407.30,739.76,256.33,684.12,899.68,1261.35,1071.40,1370.82,607.58,902.20,497.85,810.45,332.48,721.43,314.16,489.09,633.23,641.08,510.89,521.92,237.98,235.61,197.41,130.18,59.48,247.96,131.39,22.03,238.44,184.71
