Data/Raw/MOORE,RICHARD/FIREXAQ-LARGE-SMPS_DC8_20190803_R0.ict
88,1001
Richard Moore, Elizabeth Wiggins, Edward Winstead, Claire Robinson, Lee Thornhill, and Kevin Sanchez
NASA Langley Research Center
In-situ Submicron Particle Size Distributions from a SMPS on the NASA DC-8
FIREXAQ
1,1
2019,08,03,2020,03,10
0
Time_start,Secs after midnight,Time of acquisition
50
1,1,1,1,1,1,1,1,1,1,1,1,1,1,1,1,1,1,1,1,1,1,1,1,1,1,1,1,1,1,1,1,1,1,1,1,1,1,1,1,1,1,1,1,1,1,1,1,1,1
-9999,-9999,-9999,-9999,-9999,-9999,-9999,-9999,-9999,-9999,-9999,-9999,-9999,-9999,-9999,-9999,-9999,-9999,-9999,-9999,-9999,-9999,-9999,-9999,-9999,-9999,-9999,-9999,-9999,-9999,-9999,-9999,-9999,-9999,-9999,-9999,-9999,-9999,-9999,-9999,-9999,-9999,-9999,-9999,-9999,-9999,-9999,-9999,-9999,-9999
Time_stop,Secs after midnight,Time of acquisition
Time_mid,Secs after midnight,Time of acquisition
nSMPS_stdPT,#/cm3,AerMP_NumConc_InSitu_RHd_Mobility_NucltoAccu_STP,integrated_number_density
sSMPS_stdPT,um2/cm3,AerMP_SurfAreaConc_InSitu_RHd_Mobility_NucltoAccu_STP,integrated_surface_area
vSMPS_stdPT,um3/cm3,AerMP_VolConc_InSitu_RHd_Mobility_NucltoAccu_STP,integrated_volume
SMPS_stdPT, unitless, None, conversion between ambient PT and standard PT (1013, 273)
SMPS_bin00_stdPT,#/cm3,AerMP_NumSizeDist_InSitu_RHd_Mobility_NucltoAccu_STP,Binned number size distribution (in dNdlogDp) measured by the SMPS
SMPS_bin01_stdPT,#/cm3,AerMP_NumSizeDist_InSitu_RHd_Mobility_NucltoAccu_STP,Binned number size distribution (in dNdlogDp) measured by the SMPS
SMPS_bin02_stdPT,#/cm3,AerMP_NumSizeDist_InSitu_RHd_Mobility_NucltoAccu_STP,Binned number size distribution (in dNdlogDp) measured by the SMPS
SMPS_bin03_stdPT,#/cm3,AerMP_NumSizeDist_InSitu_RHd_Mobility_NucltoAccu_STP,Binned number size distribution (in dNdlogDp) measured by the SMPS
SMPS_bin04_stdPT,#/cm3,AerMP_NumSizeDist_InSitu_RHd_Mobility_NucltoAccu_STP,Binned number size distribution (in dNdlogDp) measured by the SMPS
SMPS_bin05_stdPT,#/cm3,AerMP_NumSizeDist_InSitu_RHd_Mobility_NucltoAccu_STP,Binned number size distribution (in dNdlogDp) measured by the SMPS
SMPS_bin06_stdPT,#/cm3,AerMP_NumSizeDist_InSitu_RHd_Mobility_NucltoAccu_STP,Binned number size distribution (in dNdlogDp) measured by the SMPS
SMPS_bin07_stdPT,#/cm3,AerMP_NumSizeDist_InSitu_RHd_Mobility_NucltoAccu_STP,Binned number size distribution (in dNdlogDp) measured by the SMPS
SMPS_bin08_stdPT,#/cm3,AerMP_NumSizeDist_InSitu_RHd_Mobility_NucltoAccu_STP,Binned number size distribution (in dNdlogDp) measured by the SMPS
SMPS_bin09_stdPT,#/cm3,AerMP_NumSizeDist_InSitu_RHd_Mobility_NucltoAccu_STP,Binned number size distribution (in dNdlogDp) measured by the SMPS
SMPS_bin10_stdPT,#/cm3,AerMP_NumSizeDist_InSitu_RHd_Mobility_NucltoAccu_STP,Binned number size distribution (in dNdlogDp) measured by the SMPS
SMPS_bin11_stdPT,#/cm3,AerMP_NumSizeDist_InSitu_RHd_Mobility_NucltoAccu_STP,Binned number size distribution (in dNdlogDp) measured by the SMPS
SMPS_bin12_stdPT,#/cm3,AerMP_NumSizeDist_InSitu_RHd_Mobility_NucltoAccu_STP,Binned number size distribution (in dNdlogDp) measured by the SMPS
SMPS_bin13_stdPT,#/cm3,AerMP_NumSizeDist_InSitu_RHd_Mobility_NucltoAccu_STP,Binned number size distribution (in dNdlogDp) measured by the SMPS
SMPS_bin14_stdPT,#/cm3,AerMP_NumSizeDist_InSitu_RHd_Mobility_NucltoAccu_STP,Binned number size distribution (in dNdlogDp) measured by the SMPS
[...]
UNCERTAINTY:  20%
ULOD_FLAG: -7777
ULOD_VALUE: N/A
LLOD_FLAG: -8888
LLOD_VALUE: N/A
DM_CONTACT_INFO: Lee Thornhill (Kenneth.L.Thornhill@nasa.gov)
PROJECT_INFO: FIREX-AQ
STIPULATIONS_ON_USE: No stipulations on use. The user is encouraged to contact the PI or DM prior to use.
OTHER_COMMENTS: Midpoint diameters of Bins 00 to 43 are: 0.011,0.012,0.013,0.014,0.015,0.016,0.017,0.018,0.019,0.021,0.022,0.024,0.026,0.028,0.030,0.032,0.035,0.037,0.040,0.043,0.046,0.050,0.053,0.057,0.061,0.066,0.071,0.076,0.082,0.088,0.095,0.102,0.109,0.118,0.126,0.136,0.146,0.157,0.168,0.181,0.194,0.209,0.225,0.241
REVISION: R0
R0: Final Data. Data are corrected for time lags and ammonium sulfate size calibrations.
*******************************************************************************************************************************
Time_start,Time_stop,Time_mid,nSMPS_stdPT,sSMPS_stdPT,vSMPS_stdPT,SMPS_stdPT,SMPS_bin00_stdPT,SMPS_bin01_stdPT,SMPS_bin02_stdPT,SMPS_bin03_stdPT,SMPS_bin04_stdPT,SMPS_bin05_stdPT,SMPS_bin06_stdPT,SMPS_bin07_stdPT,SMPS_bin08_stdPT,SMPS_bin09_stdPT,SMPS_bin10_stdPT,SMPS_bin11_stdPT,SMPS_bin12_stdPT,SMPS_bin13_stdPT,SMPS_bin14_stdPT,SMPS_bin15_stdPT,SMPS_bin16_stdPT,SMPS_bin17_stdPT,SMPS_bin18_stdPT,SMPS_bin19_stdPT,SMPS_bin20_stdPT,SMPS_bin21_stdPT,SMPS_bin22_stdPT,SMPS_bin23_stdPT,SMPS_bin24_stdPT,SMPS_bin25_stdPT,SMPS_bin26_stdPT,SMPS_bin27_stdPT,SMPS_bin28_stdPT,SMPS_bin29_stdPT,SMPS_bin30_stdPT,SMPS_bin31_stdPT,SMPS_bin32_stdPT,SMPS_bin33_stdPT,SMPS_bin34_stdPT,SMPS_bin35_stdPT,SMPS_bin36_stdPT,SMPS_bin37_stdPT,SMPS_bin38_stdPT,SMPS_bin39_stdPT,SMPS_bin40_stdPT,SMPS_bin41_stdPT,SMPS_bin42_stdPT,SMPS_bin43_stdPT
75477,75522,75499.5,0.00,0.00,0.00,1.27,0.00,0.00,0.00,0.00,0.00,0.00,0.00,0.00,0.00,0.00,0.00,0.00,0.00,0.00,0.00,0.00,0.00,0.00,0.00,0.00,0.00,0.00,0.00,0.00,0.00,0.00,0.00,0.00,0.00,0.00,0.00,0.00,0.00,0.00,0.00,0.00,0.00,0.00,0.00,0.00,0.00,0.00,0.00,0.00
75536,75581,75558.5,0.00,0.00,0.00,1.31,0.00,0.00,0.00,0.00,0.00,0.00,0.00,0.00,0.00,0.00,0.00,0.00,0.00,0.00,0.00,0.00,0.00,0.00,0.00,0.00,0.00,0.00,0.00,0.00,0.00,0.00,0.00,0.00,0.00,0.00,0.00,0.00,0.00,0.00,0.00,0.00,0.00,0.00,0.00,0.00,0.00,0.00,0.00,0.00
75595,75640,75617.5,0.00,0.00,0.00,1.38,0.00,0.00,0.00,0.00,0.00,0.00,0.00,0.00,0.00,0.00,0.00,0.00,0.00,0.00,0.00,0.00,0.00,0.00,0.00,0.00,0.00,0.00,0.00,0.00,0.00,0.00,0.00,0.00,0.00,0.00,0.00,0.00,0.00,0.00,0.00,0.00,0.00,0.00,0.00,0.00,0.00,0.00,0.00,0.00
75654,75699,75676.5,0.00,0.00,0.00,1.45,0.00,0.00,0.00,0.00,0.00,0.00,0.00,0.00,0.00,0.00,0.00,0.00,0.00,0.00,0.00,0.00,0.00,0.00,0.00,0.00,0.00,0.00,0.00,0.00,0.00,0.00,0.00,0.00,0.00,0.00,0.00,0.00,0.00,0.00,0.00,0.00,0.00,0.00,0.00,0.00,0.00,0.00,0.00,0.00
75713,75758,75735.5,1325.18,60.68,1.67,1.52,0.00,0.00,824.89,0.00,0.03,0.00,0.07,0.06,138.12,0.00,195.38,177.86,47.91,433.52,656.13,681.95,653.85,880.52,762.84,972.88,1478.35,836.40,1334.68,2110.62,1571.84,1469.53,1886.25,1485.91,1049.12,1555.56,1613.29,1709.34,965.29,1286.04,1257.76,1791.81,1897.64,2585.99,1794.87,1768.91,1339.55,1065.86,867.32,800.64
75773,75818,75795.5,1217.19,50.38,1.36,1.55,0.00,0.00,683.36,1701.23,411.23,0.00,421.12,356.34,135.79,362.49,97.04,299.80,141.92,452.87,512.55,304.03,372.36,879.38,889.48,741.19,1108.71,1829.67,1184.56,1104.15,1240.14,1356.41,1100.71,1023.88,972.99,987.14,721.40,1601.71,1215.46,1232.22,1504.72,2121.86,1617.50,1422.36,1696.14,1471.43,1304.79,895.43,578.30,549.48
75832,75877,75854.5,1152.15,44.59,1.19,1.62,0.00,0.00,0.00,0.00,0.03,307.83,475.27,91.03,66.02,379.44,199.97,246.63,534.08,305.61,791.87,1008.03,912.97,1064.85,1353.90,1021.73,1505.87,1265.47,1381.64,1077.45,895.33,1134.34,920.57,1282.20,1015.27,1251.19,1664.60,1356.00,1343.58,1043.95,1388.44,1082.74,1578.16,1256.63,1196.52,1249.59,1110.77,763.35,460.96,557.25
75891,75936,75913.5,1106.02,41.33,1.16,1.68,0.00,0.00,823.00,0.00,480.06,306.83,518.88,336.10,510.58,258.21,932.86,523.75,685.55,834.95,841.59,1312.56,1155.27,1431.37,1339.66,1553.42,951.50,945.26,1102.62,387.24,723.47,445.76,464.27,1090.43,624.04,1028.75,875.50,658.98,811.49,763.48,1122.54,1077.33,1278.97,1269.44,1272.45,1153.79,926.73,991.39,651.11,575.87
75950,75995,75972.5,1607.97,43.90,1.12,1.75,0.00,1234.86,0.00,0.00,1730.69,379.46,711.19,604.32,1726.83,769.96,1150.17,1086.86,1814.27,870.36,2066.94,1835.98,1525.39,1802.87,1725.58,1406.71,1566.27,1136.91,1165.32,1480.02,824.14,1445.40,1417.54,1306.15,1401.40,1496.51,1577.64,1505.31,1137.39,1461.57,1573.00,987.07,1267.26,1472.75,931.06,617.09,1047.71,736.25,807.96,402.61
76009,76054,76031.5,976.40,22.58,0.57,1.83,0.00,0.00,0.00,787.80,0.00,0.00,576.21,852.90,747.20,948.48,1064.13,1179.20,1586.95,826.20,1051.39,1345.33,1241.18,1023.58,926.31,736.97,1018.08,1609.48,1262.77,758.37,621.32,936.15,520.33,505.01,557.25,779.07,544.47,694.52,736.77,820.60,699.05,942.29,580.15,406.92,362.77,364.45,530.94,304.59,400.91,180.56
76068,76113,76090.5,920.02,12.50,0.28,1.87,0.00,0.00,2213.08,0.00,1522.02,410.81,310.49,450.67,1033.91,836.86,1058.11,693.28,1687.78,1103.53,1422.70,982.62,1367.83,950.07,1209.59,1135.67,1596.56,954.42,846.56,812.09,843.23,252.27,438.49,572.51,406.67,415.02,449.63,652.76,148.02,438.04,373.65,245.35,137.47,315.21,312.57,216.09,80.99,234.40,139.97,75.61
76127,76172,76149.5,823.64,9.88,0.23,1.88,0.00,0.00,2962.99,1807.30,1918.94,426.84,934.02,534.96,1796.78,933.30,497.07,1095.31,448.38,495.01,468.89,852.69,825.34,492.98,666.83,1082.09,791.42,660.55,696.43,638.90,379.55,346.09,476.27,264.85,335.28,484.07,415.69,287.70,403.27,373.56,160.92,71.60,194.38,258.95,149.04,142.09,161.76,129.86,63.30,57.10
76186,76231,76208.5,848.36,7.81,0.17,1.88,0.00,0.00,1424.62,1807.43,1929.22,2938.91,855.43,1664.62,1684.26,685.78,812.89,1420.97,836.84,1074.22,798.56,819.63,517.87,964.72,639.67,327.81,481.35,191.46,666.94,251.85,269.92,419.18,292.97,192.68,254.89,433.55,358.05,311.23,318.95,122.90,310.44,192.74,106.47,148.77,84.13,144.54,54.03,110.20,68.46,128.99
76245,76290,76267.5,861.81,6.85,0.14,1.88,0.00,0.00,3074.55,1460.75,1447.20,486.61,1326.16,1351.84,2255.48,1400.71,1167.90,1239.09,856.16,675.98,497.62,946.95,624.20,645.89,737.91,884.95,525.51,999.31,636.54,505.82,571.60,656.85,389.54,239.54,87.79,205.19,238.42,77.47,92.81,215.82,114.34,57.35,199.75,162.58,110.92,68.01,114.98,111.01,0.00,57.17
76304,76349,76326.5,707.21,6.23,0.13,1.89,0.00,0.00,0.00,2838.93,1560.07,1656.90,853.96,892.15,171.63,1206.79,493.97,844.68,681.61,374.61,961.97,934.73,804.73,1219.13,757.96,925.14,504.91,485.53,520.08,749.34,319.62,355.03,224.48,250.93,202.84,180.87,177.94,136.21,204.69,85.44,125.15,12.74,264.78,191.04,124.94,74.88,121.29,26.76,54.55,0.00
76363,76408,76385.5,530.05,6.14,0.14,1.97,0.00,0.00,0.00,3774.37,0.00,412.93,312.00,290.78,387.99,508.40,812.39,727.28,480.42,555.43,405.54,742.10,709.97,452.67,542.80,580.70,614.33,610.55,341.48,215.21,241.54,458.67,186.72,333.63,304.51,239.46,146.36,216.68,179.22,172.16,92.70,48.84,286.87,32.82,98.52,81.52,69.78,119.66,35.16,109.79
76422,76467,76444.5,623.15,7.74,0.18,2.04,0.00,0.00,1215.22,812.28,868.73,1657.62,671.79,927.35,1592.30,171.82,513.78,297.80,456.09,430.38,892.76,700.00,643.64,786.14,695.26,392.41,424.46,470.64,566.65,558.65,517.27,250.71,428.98,254.67,198.84,200.38,162.57,328.97,224.68,275.06,116.85,204.65,181.77,171.22,86.53,143.01,146.16,115.04,29.03,52.10
76481,76526,76503.5,463.22,10.28,0.26,2.12,0.00,0.00,0.00,0.00,0.00,963.16,0.00,669.86,143.63,947.84,787.51,336.70,264.70,262.54,398.76,242.70,297.92,752.03,590.95,387.53,870.29,497.70,517.75,682.81,200.27,251.74,247.23,190.45,418.16,488.34,263.28,289.62,453.42,152.91,209.79,372.32,289.00,363.17,287.49,114.36,145.55,148.35,120.17,61.24
76540,76585,76562.5,351.70,9.13,0.25,2.23,0.00,0.00,0.00,717.12,0.01,0.04,0.02,635.17,280.61,199.88,0.00,146.49,238.82,304.78,462.30,638.75,202.07,417.05,177.33,567.20,452.54,519.39,368.35,514.24,148.67,328.45,261.62,49.45,288.91,391.69,343.39,216.69,503.15,510.85,81.68,120.47,18.61,101.80,44.44,233.55,119.01,133.49,184.06,129.97
76599,76644,76621.5,1008.54,11.28,0.27,2.29,0.00,0.00,0.00,6463.95,811.12,1607.01,1886.24,557.48,971.47,590.36,540.76,995.62,564.25,1264.38,1081.21,1013.57,1054.51,1039.58,1434.92,994.46,906.02,1003.27,1046.56,796.11,541.38,640.96,370.85,409.93,412.64,219.90,245.17,204.32,396.17,362.44,280.61,96.88,125.69,385.96,256.22,0.00,153.76,126.93,96.81,172.58
76658,76703,76680.5,874.63,10.98,0.27,2.36,0.00,0.00,0.00,1512.02,812.35,1370.86,1619.61,1028.99,1361.89,978.88,1482.73,1347.99,1631.87,843.19,1048.61,1031.53,1228.68,840.33,861.97,919.65,659.66,917.18,575.86,632.45,664.15,294.58,258.42,300.86,434.97,252.79,551.13,189.67,88.86,215.27,271.11,286.68,180.97,178.13,305.85,134.73,72.40,153.39,201.83,102.42
76717,76762,76739.5,1434.13,14.44,0.35,2.36,0.00,0.00,0.00,6570.06,2599.21,4269.92,3349.79,2769.35,808.08,2127.87,2638.95,1437.69,855.13,827.66,1329.41,1348.29,405.17,1131.62,1164.39,832.46,568.81,1021.46,916.21,921.65,807.72,995.19,851.07,603.61,572.47,607.37,453.00,361.50,241.32,206.87,261.98,70.79,431.62,302.42,132.48,102.14,180.44,232.98,130.17,179.00
76776,76821,76798.5,1085.54,19.32,0.45,2.36,0.00,0.00,0.00,2722.42,1958.59,633.41,850.25,671.24,788.32,420.02,630.52,774.34,602.33,1060.77,649.95,1011.35,985.98,1327.53,974.80,1133.78,1756.77,1881.13,1068.16,1139.44,1518.99,1318.55,878.99,634.54,425.99,510.03,727.23,587.44,650.72,337.68,883.64,445.25,619.60,546.50,365.96,296.63,233.22,337.07,87.55,85.29
76835,76880,76857.5,0.00,0.00,0.00,2.36,0.00,0.00,0.00,0.00,0.00,0.00,0.00,0.00,0.00,0.00,0.00,0.00,0.00,0.00,0.00,0.00,0.00,0.00,0.00,0.00,0.00,0.00,0.00,0.00,0.00,0.00,0.00,0.00,0.00,0.00,0.00,0.00,0.00,0.00,0.00,0.00,0.00,0.00,0.00,0.00,0.00,0.00,0.00,0.00
76894,76939,76916.5,0.00,0.00,0.00,2.36,0.00,0.00,0.00,0.00,0.00,0.00,0.00,0.00,0.00,0.00,0.00,0.00,0.00,0.00,0.00,0.00,0.00,0.00,0.00,0.00,0.00,0.00,0.00,0.00,0.00,0.00,0.00,0.00,0.00,0.00,0.00,0.00,0.00,0.00,0.00,0.00,0.00,0.00,0.00,0.00,0.00,0.00,0.00,0.00
76953,76998,76975.5,0.00,0.00,0.00,2.36,0.00,0.00,0.00,0.00,0.00,0.00,0.00,0.00,0.00,0.00,0.00,0.00,0.00,0.00,0.00,0.00,0.00,0.00,0.00,0.00,0.00,0.00,0.00,0.00,0.00,0.00,0.00,0.00,0.00,0.00,0.00,0.00,0.00,0.00,0.00,0.00,0.00,0.00,0.00,0.00,0.00,0.00,0.00,0.00
77012,77057,77034.5,929.55,11.64,0.28,2.36,0.00,0.00,0.00,1205.72,0.00,0.00,0.00,988.59,247.08,631.49,785.41,1292.17,1374.07,1709.87,1899.85,2096.41,1885.89,1925.82,2212.38,1498.43,1619.34,1623.89,787.26,852.59,565.39,554.43,507.85,298.73,285.21,379.25,253.81,169.81,204.12,245.53,347.51,40.62,155.20,241.30,43.02,64.80,106.00,45.20,130.43,190.91
77071,77116,77093.5,862.80,10.26,0.26,2.36,0.00,0.00,0.00,1510.41,1456.60,2456.72,482.52,1028.65,856.16,1270.84,1446.32,520.12,902.32,1335.06,1420.39,995.46,746.44,713.59,1535.04,818.22,1127.81,941.25,862.77,626.52,402.71,249.24,249.05,175.74,410.55,444.40,415.25,182.36,243.49,250.63,218.72,170.17,161.66,90.07,73.73,185.64,131.54,107.62,68.10,69.70
77130,77175,77152.5,848.13,8.86,0.17,2.36,0.00,0.00,0.00,1510.00,808.34,0.00,1832.24,677.93,1016.51,1185.81,2206.89,657.17,1103.45,387.39,1136.23,1650.38,772.67,1064.40,1104.68,815.66,1120.67,963.09,1014.98,814.96,339.42,300.49,408.55,624.90,635.85,595.91,170.35,415.72,379.68,250.59,196.14,149.87,148.71,144.28,150.17,64.23,32.79,66.40,107.51,78.97
77189,77234,77211.5,712.83,12.74,0.32,2.36,0.00,0.00,0.00,199.00,815.02,0.03,7.40,1080.12,573.28,1229.87,330.85,565.12,1774.37,1251.92,1055.76,789.66,805.62,801.88,439.46,908.96,735.07,814.22,894.62,637.15,661.84,627.14,365.80,573.30,620.57,621.77,553.71,424.08,97.92,269.04,272.59,146.45,239.88,453.73,223.14,193.99,147.68,232.06,90.20,69.10
77248,77293,77270.5,758.26,11.43,0.25,2.36,0.00,0.00,0.00,1205.23,0.00,678.51,485.96,674.61,563.78,868.51,675.58,412.69,485.87,600.60,1044.76,1009.98,1239.16,992.36,1409.20,822.94,1148.21,878.76,1305.51,1057.95,916.62,479.80,446.68,496.69,599.88,403.17,239.13,483.51,413.69,373.28,226.21,401.85,163.81,197.55,35.00,274.89,122.66,127.20,90.06,103.86
77307,77352,77329.5,1005.11,10.20,0.21,2.35,0.00,0.00,0.00,0.00,2433.42,1507.99,2577.76,1091.43,1394.56,1432.17,1769.12,1380.05,986.51,873.79,1043.22,1497.46,1447.33,1023.11,1198.55,1316.98,1293.93,865.61,628.22,747.30,186.29,291.00,693.38,430.51,235.38,640.06,771.94,223.93,389.11,420.56,224.18,175.76,191.43,132.12,107.52,102.44,159.95,66.46,67.63,34.73
77366,77411,77388.5,1366.65,12.19,0.30,2.35,0.00,0.00,0.00,1512.08,2595.70,1087.87,3462.57,3453.13,2789.50,3034.13,2387.40,3306.04,1571.21,1151.38,3261.18,1273.40,1234.81,1592.55,1354.14,668.49,1131.06,723.53,324.39,417.35,453.12,281.78,262.89,707.19,373.53,258.72,542.84,377.76,38.87,86.46,237.60,293.88,158.85,253.93,153.73,199.72,109.84,160.46,90.55,104.16
77425,77470,77447.5,1158.92,11.90,0.28,2.35,0.00,0.00,0.00,1511.03,1792.43,2218.54,1992.96,2125.81,1849.95,1056.37,1802.54,2042.79,1280.02,1760.73,2161.62,967.71,1462.40,1466.12,1049.06,1149.46,754.65,917.00,996.65,570.51,523.72,502.28,386.64,538.04,489.71,473.61,342.94,276.66,582.26,361.83,363.45,287.45,61.31,104.42,37.80,271.82,33.26,77.40,101.01,52.99
77484,77529,77506.5,949.71,9.58,0.20,2.35,0.00,0.00,0.00,1508.89,641.83,1570.57,1547.59,906.97,1161.45,1693.30,1577.69,1470.23,1548.36,1477.15,1630.85,1430.99,890.24,1101.57,1023.21,856.43,734.44,666.47,402.71,584.29,490.76,265.50,971.05,686.50,436.53,191.73,301.43,492.56,380.36,220.87,435.65,309.82,47.92,204.55,78.33,96.18,18.18,9.07,144.58,147.11
77543,77588,77565.5,1029.58,7.71,0.16,2.35,0.00,0.00,0.00,1201.08,641.34,696.21,1873.36,2706.87,2237.36,1664.68,2882.12,2183.61,2117.13,1960.36,1822.67,1375.95,908.21,1108.44,724.45,515.48,678.15,981.74,540.03,618.58,418.58,302.88,269.22,216.85,153.52,260.31,135.08,88.67,120.22,188.08,199.78,297.99,293.33,47.87,126.96,115.19,28.22,103.91,24.84,43.31
77602,77647,77624.5,1401.83,7.67,0.14,2.35,0.00,0.00,0.00,1711.70,1619.47,1701.60,3667.78,977.32,2688.77,2491.41,3772.05,3412.50,3383.23,3398.58,2472.09,1751.79,2533.35,1510.28,1870.37,918.49,746.43,765.25,542.97,236.24,194.80,203.24,164.57,257.06,194.92,186.68,155.97,196.81,90.50,119.53,86.24,35.25,126.06,187.25,84.18,93.95,15.36,87.21,33.47,68.19
77661,77706,77683.5,1729.97,8.40,0.14,2.35,0.00,0.00,0.00,713.54,801.46,3275.82,4227.78,4871.70,1769.45,4828.04,3971.88,4352.11,3934.90,3339.26,2773.40,3269.43,2341.47,2054.68,1702.66,1103.15,801.98,414.13,329.87,518.09,599.75,189.62,546.58,442.91,478.16,196.95,366.10,164.08,141.93,124.25,99.72,28.02,62.93,149.50,72.88,54.52,6.49,65.87,58.37,9.05
77720,77765,77742.5,1718.32,7.23,0.12,2.35,0.00,0.00,0.00,0.00,3717.70,4626.13,4772.05,4927.13,3294.10,3584.36,2863.00,5183.43,3616.38,3275.05,2330.49,2106.94,2037.39,1830.09,1101.61,929.83,496.78,648.50,381.21,362.44,367.03,264.42,136.94,261.35,195.94,245.43,263.39,270.51,150.99,101.49,153.69,54.31,64.01,25.29,68.88,30.55,15.57,66.82,34.15,23.00
77779,77824,77801.5,1671.85,6.14,0.07,2.36,0.00,0.00,0.00,0.00,3414.35,2433.21,4093.17,5660.77,1855.23,2960.14,4462.73,5103.60,4519.98,3853.08,2678.79,2486.53,1742.93,1290.44,1096.20,873.21,727.60,708.41,572.79,447.99,451.33,352.74,273.15,193.30,67.33,278.95,52.29,102.12,161.69,123.76,90.16,2.34,136.39,32.35,0.00,72.08,93.81,0.00,34.16,0.00
77839,77884,77861.5,1995.39,6.03,0.07,2.36,0.00,0.00,0.00,3417.91,4201.47,2686.05,4631.23,3623.44,5982.12,5974.22,4845.40,3464.57,5082.64,4356.21,2431.29,2439.38,2587.88,1380.84,1526.99,1065.38,788.70,696.43,235.96,434.20,208.33,368.94,168.79,217.00,137.19,175.02,26.40,137.54,78.00,161.14,71.26,45.57,8.42,63.62,0.00,32.54,48.97,16.88,0.00,34.66
77898,77943,77920.5,2108.89,6.36,0.06,2.36,0.00,0.00,0.00,4212.73,961.93,4814.31,5722.60,2472.36,3280.43,4217.22,4913.38,4979.79,5059.52,5829.41,4688.18,3468.05,3049.17,2482.78,2218.34,1370.48,879.92,922.42,330.90,240.25,240.69,100.13,110.99,116.44,104.05,122.16,80.75,55.82,24.21,55.79,63.28,35.54,0.00,76.59,63.70,31.95,0.00,65.77,22.42,0.00
77957,78002,77979.5,2141.86,6.49,0.07,2.36,0.00,0.00,0.00,1202.52,1773.51,5021.52,5525.95,4304.35,7212.66,4347.62,5307.21,6053.83,3765.80,4104.97,4158.80,3104.82,3202.32,2337.19,1866.47,1217.82,976.42,681.31,390.43,411.82,143.96,214.91,175.93,131.37,239.77,16.62,81.59,62.21,66.05,112.06,53.87,44.89,36.69,38.37,0.00,31.67,32.24,21.81,24.64,9.02
78016,78061,78038.5,1465.62,10.03,0.16,2.36,0.00,0.00,0.00,0.00,805.33,1363.05,2980.71,1749.51,1930.88,2793.79,2986.82,2214.47,2193.10,2832.45,2671.46,2758.94,1968.98,1654.67,2269.36,1811.91,1580.68,1099.02,1765.49,1244.33,1011.64,823.89,1194.70,475.71,474.68,532.11,361.39,230.23,217.88,39.13,88.82,122.96,117.88,85.81,7.78,145.37,94.22,32.77,66.53,101.52
78075,78120,78097.5,1367.90,10.77,0.19,2.36,0.00,0.00,0.00,913.45,2423.31,133.46,902.34,2063.78,2426.69,2062.74,1793.27,1813.29,2051.27,2420.30,1664.93,2027.92,2089.43,2552.49,2333.83,2268.68,1849.86,1527.75,1244.23,1199.05,741.53,1112.59,759.81,345.57,364.34,343.20,215.66,439.77,529.36,77.82,164.95,87.03,292.28,28.54,107.06,44.05,21.21,97.11,57.37,76.34
78134,78179,78156.5,1576.23,13.74,0.28,2.35,0.00,0.00,0.00,2608.72,1779.68,1904.20,475.79,3651.51,1760.29,2375.56,3649.29,3297.20,2040.24,1720.13,1730.18,1705.34,2072.58,2590.48,1814.98,1412.10,1371.51,1469.80,1934.92,1343.18,1118.85,1333.47,764.53,464.52,681.38,378.26,382.55,392.22,113.94,276.71,430.72,232.76,162.45,93.36,198.57,101.11,66.05,133.52,128.12,67.07
78193,78238,78215.5,1910.80,13.60,0.24,2.35,0.00,0.00,0.00,9765.96,8120.04,2686.02,3152.47,980.97,2163.45,768.85,722.19,541.65,1468.44,1335.06,1204.40,1338.75,2907.28,1126.96,1730.12,1809.91,2409.71,2569.80,2499.35,2339.21,1674.61,1399.18,1261.93,1361.70,836.59,554.11,491.70,305.54,282.36,247.56,106.01,89.71,244.55,89.33,56.51,139.52,62.76,128.16,29.06,0.00
