Data/Raw/MOORE,RICHARD/FIREXAQ-LARGE-SMPS_DC8_20190722_R0.ict
88,1001
Richard Moore, Elizabeth Wiggins, Edward Winstead, Claire Robinson, Lee Thornhill, and Kevin Sanchez
NASA Langley Research Center
In-situ Submicron Particle Size Distributions from a SMPS on the NASA DC-8
FIREXAQ
1,1
2019,07,22,2020,03,10
0
Time_start,Secs after midnight,Time of acquisition
50
1,1,1,1,1,1,1,1,1,1,1,1,1,1,1,1,1,1,1,1,1,1,1,1,1,1,1,1,1,1,1,1,1,1,1,1,1,1,1,1,1,1,1,1,1,1,1,1,1,1
-9999,-9999,-9999,-9999,-9999,-9999,-9999,-9999,-9999,-9999,-9999,-9999,-9999,-9999,-9999,-9999,-9999,-9999,-9999,-9999,-9999,-9999,-9999,-9999,-9999,-9999,-9999,-9999,-9999,-9999,-9999,-9999,-9999,-9999,-9999,-9999,-9999,-9999,-9999,-9999,-9999,-9999,-9999,-9999,-9999,-9999,-9999,-9999,-9999,-9999
Time_stop,Secs after midnight,Time of acquisition
Time_mid,Secs after midnight,Time of acquisition
nSMPS_stdPT,#/cm3,AerMP_NumConc_InSitu_RHd_Mobility_NucltoAccu_STP,integrated_number_density
sSMPS_stdPT,um2/cm3,AerMP_SurfAreaConc_InSitu_RHd_Mobility_NucltoAccu_STP,integrated_surface_area
vSMPS_stdPT,um3/cm3,AerMP_VolConc_InSitu_RHd_Mobility_NucltoAccu_STP,integrated_volume
SMPS_stdPT, unitless, None, conversion between ambient PT and standard PT (1013, 273)
SMPS_bin00_stdPT,#/cm3,AerMP_NumSizeDist_InSitu_RHd_Mobility_NucltoAccu_STP,Binned number size distribution (in dNdlogDp) measured by the SMPS
SMPS_bin01_stdPT,#/cm3,AerMP_NumSizeDist_InSitu_RHd_Mobility_NucltoAccu_STP,Binned number size distribution (in dNdlogDp) measured by the SMPS
SMPS_bin02_stdPT,#/cm3,AerMP_NumSizeDist_InSitu_RHd_Mobility_NucltoAccu_STP,Binned number size distribution (in dNdlogDp) measured by the SMPS
SMPS_bin03_stdPT,#/cm3,AerMP_NumSizeDist_InSitu_RHd_Mobility_NucltoAccu_STP,Binned number size distribution (in dNdlogDp) measured by the SMPS
SMPS_bin04_stdPT,#/cm3,AerMP_NumSizeDist_InSitu_RHd_Mobility_NucltoAccu_STP,Binned number size distribution (in dNdlogDp) measured by the SMPS
SMPS_bin05_stdPT,#/cm3,AerMP_NumSizeDist_InSitu_RHd_Mobility_NucltoAccu_STP,Binned number size distribution (in dNdlogDp) measured by the SMPS
SMPS_bin06_stdPT,#/cm3,AerMP_NumSizeDist_InSitu_RHd_Mobility_NucltoAccu_STP,Binned number size distribution (in dNdlogDp) measured by the SMPS
SMPS_bin07_stdPT,#/cm3,AerMP_NumSizeDist_InSitu_RHd_Mobility_NucltoAccu_STP,Binned number size distribution (in dNdlogDp) measured by the SMPS
SMPS_bin08_stdPT,#/cm3,AerMP_NumSizeDist_InSitu_RHd_Mobility_NucltoAccu_STP,Binned number size distribution (in dNdlogDp) measured by the SMPS
SMPS_bin09_stdPT,#/cm3,AerMP_NumSizeDist_InSitu_RHd_Mobility_NucltoAccu_STP,Binned number size distribution (in dNdlogDp) measured by the SMPS
SMPS_bin10_stdPT,#/cm3,AerMP_NumSizeDist_InSitu_RHd_Mobility_NucltoAccu_STP,Binned number size distribution (in dNdlogDp) measured by the SMPS
SMPS_bin11_stdPT,#/cm3,AerMP_NumSizeDist_InSitu_RHd_Mobility_NucltoAccu_STP,Binned number size distribution (in dNdlogDp) measured by the SMPS
SMPS_bin12_stdPT,#/cm3,AerMP_NumSizeDist_InSitu_RHd_Mobility_NucltoAccu_STP,Binned number size distribution (in dNdlogDp) measured by the SMPS
SMPS_bin13_stdPT,#/cm3,AerMP_NumSizeDist_InSitu_RHd_Mobility_NucltoAccu_STP,Binned number size distribution (in dNdlogDp) measured by the SMPS
SMPS_bin14_stdPT,#/cm3,AerMP_NumSizeDist_InSitu_RHd_Mobility_NucltoAccu_STP,Binned number size distribution (in dNdlogDp) measured by the SMPS
[...]
UNCERTAINTY:  20%
ULOD_FLAG: -7777
ULOD_VALUE: N/A
LLOD_FLAG: -8888
LLOD_VALUE: N/A
DM_CONTACT_INFO: Lee Thornhill (Kenneth.L.Thornhill@nasa.gov)
PROJECT_INFO: FIREX-AQ
STIPULATIONS_ON_USE: No stipulations on use. The user is encouraged to contact the PI or DM prior to use.
OTHER_COMMENTS: Midpoint diameters of Bins 00 to 43 are: 0.011,0.012,0.013,0.014,0.015,0.016,0.017,0.018,0.019,0.021,0.022,0.024,0.026,0.028,0.030,0.032,0.035,0.037,0.040,0.043,0.046,0.050,0.053,0.057,0.061,0.066,0.071,0.076,0.082,0.088,0.095,0.102,0.109,0.118,0.126,0.136,0.146,0.157,0.168,0.181,0.194,0.209,0.225,0.241
REVISION: R0
R0: Final Data. Data are corrected for time lags and ammonium sulfate size calibrations.
*******************************************************************************************************************************
Time_start,Time_stop,Time_mid,nSMPS_stdPT,sSMPS_stdPT,vSMPS_stdPT,SMPS_stdPT,SMPS_bin00_stdPT,SMPS_bin01_stdPT,SMPS_bin02_stdPT,SMPS_bin03_stdPT,SMPS_bin04_stdPT,SMPS_bin05_stdPT,SMPS_bin06_stdPT,SMPS_bin07_stdPT,SMPS_bin08_stdPT,SMPS_bin09_stdPT,SMPS_bin10_stdPT,SMPS_bin11_stdPT,SMPS_bin12_stdPT,SMPS_bin13_stdPT,SMPS_bin14_stdPT,SMPS_bin15_stdPT,SMPS_bin16_stdPT,SMPS_bin17_stdPT,SMPS_bin18_stdPT,SMPS_bin19_stdPT,SMPS_bin20_stdPT,SMPS_bin21_stdPT,SMPS_bin22_stdPT,SMPS_bin23_stdPT,SMPS_bin24_stdPT,SMPS_bin25_stdPT,SMPS_bin26_stdPT,SMPS_bin27_stdPT,SMPS_bin28_stdPT,SMPS_bin29_stdPT,SMPS_bin30_stdPT,SMPS_bin31_stdPT,SMPS_bin32_stdPT,SMPS_bin33_stdPT,SMPS_bin34_stdPT,SMPS_bin35_stdPT,SMPS_bin36_stdPT,SMPS_bin37_stdPT,SMPS_bin38_stdPT,SMPS_bin39_stdPT,SMPS_bin40_stdPT,SMPS_bin41_stdPT,SMPS_bin42_stdPT,SMPS_bin43_stdPT
[from data line 44]
68395,68440,68417.5,837.82,24.14,0.52,1.15,868.20,0.00,0.00,312.08,0.00,0.00,0.00,0.00,109.92,618.42,627.69,475.87,561.20,347.64,660.81,305.71,166.61,353.78,350.40,119.39,343.75,367.73,348.96,873.06,874.22,747.63,1232.34,1861.64,1807.37,1926.21,1395.21,1702.48,1315.81,1267.25,1070.07,899.67,765.70,451.45,585.78,392.19,301.80,161.25,88.74,152.11
68454,68499,68476.5,961.92,30.94,0.69,1.15,0.00,0.00,0.00,0.00,0.00,0.00,0.00,103.15,426.85,429.77,517.99,948.05,831.63,569.82,943.95,286.14,296.32,286.35,224.44,219.15,152.53,469.17,359.31,821.68,548.00,991.72,1657.91,1824.68,2239.32,1898.52,1897.69,1701.66,1699.25,1410.31,1690.81,1231.70,1193.28,648.61,741.29,465.86,351.77,291.71,220.45,190.60
68513,68558,68535.5,1033.44,37.25,0.94,1.13,883.24,0.00,495.60,0.00,0.00,209.44,0.00,133.96,444.28,593.31,718.84,408.91,214.74,566.49,969.59,698.63,508.16,685.22,828.01,884.23,659.10,489.37,369.28,473.52,665.74,965.76,920.49,981.40,1383.69,1311.57,1819.38,1509.36,1559.45,1350.22,1458.59,1362.43,930.71,1009.25,1092.97,1011.06,834.66,578.49,535.58,336.10
68572,68617,68594.5,1243.55,31.22,0.78,1.13,869.73,832.78,795.68,706.90,234.41,208.51,525.71,920.09,659.01,1329.21,1330.37,1390.74,1415.67,1065.98,1633.61,1382.54,1229.69,1241.90,1077.58,705.15,832.85,828.12,690.05,906.85,751.58,924.11,619.22,992.88,1048.97,1318.68,902.48,1038.78,842.42,1042.35,1125.86,937.85,904.01,991.14,958.24,616.04,532.51,500.07,485.76,447.46
68631,68676,68653.5,1289.93,38.56,1.06,1.11,704.87,1178.92,1270.46,1710.27,745.58,916.83,1047.88,852.23,532.74,923.47,1137.22,1399.79,827.96,730.42,1102.70,611.88,1042.28,1000.43,1199.21,445.43,709.94,725.65,555.09,1010.03,826.51,1078.30,960.98,1403.01,1069.87,1357.43,1197.67,993.88,565.23,551.17,520.51,580.75,939.46,886.44,1335.03,1151.03,997.80,1014.08,636.51,830.79
68690,68735,68712.5,590.02,26.87,0.77,1.09,0.00,0.00,0.00,0.00,0.00,0.00,0.00,0.00,210.19,428.88,124.40,161.61,293.68,290.10,537.29,858.58,620.90,548.88,571.47,449.97,573.76,540.97,614.74,736.75,815.23,614.92,794.29,638.89,290.30,345.23,277.72,195.49,0.00,125.41,438.82,369.27,181.05,1234.47,1157.04,1137.94,826.06,993.06,883.29,0.00
68749,68794,68771.5,636.60,28.39,0.81,1.09,0.00,0.00,330.95,624.59,158.48,0.00,149.69,134.06,66.43,0.00,395.98,84.65,357.81,481.83,337.43,753.40,392.70,711.96,539.77,360.94,489.57,660.34,794.22,856.54,896.72,637.47,929.70,620.61,317.76,150.82,33.91,146.33,0.00,0.00,373.65,498.85,502.28,1168.58,1313.48,1255.41,1134.62,790.06,919.73,0.00
68808,68853,68830.5,678.41,31.48,0.92,1.09,0.00,0.00,0.00,0.00,0.00,0.00,0.00,0.00,72.94,202.50,358.64,287.50,412.54,372.43,1110.54,671.70,486.98,229.64,687.27,745.15,622.44,516.15,920.11,1022.86,1004.11,992.93,1077.93,768.79,484.04,454.49,181.35,185.52,0.00,41.59,64.84,84.44,238.46,1171.74,1241.16,1165.86,1276.99,1464.91,1090.70,0.00
68867,68912,68889.5,787.31,28.92,0.81,1.09,0.00,0.00,424.52,0.00,0.00,0.00,148.65,253.48,265.07,482.04,525.62,519.09,640.76,708.92,747.90,709.30,811.15,1003.53,738.56,718.26,649.32,843.84,996.45,931.64,1014.04,1104.43,759.42,1045.66,862.74,401.83,234.17,350.53,0.00,63.22,393.35,247.31,363.89,955.99,1220.01,1081.84,997.31,1002.04,978.12,0.00
68926,68971,68948.5,1109.61,34.28,0.90,1.09,477.39,497.53,0.00,853.41,0.02,165.10,11.04,409.78,320.56,202.62,573.75,635.89,434.45,471.81,804.80,832.87,1195.61,1205.50,764.52,846.90,1466.71,1465.54,1863.59,1716.82,1758.52,1922.84,1237.52,1383.53,1052.08,941.46,809.88,588.19,593.73,578.33,315.37,243.61,548.96,1225.26,871.25,1009.04,1128.44,1006.44,1076.83,0.00
68985,69030,69007.5,4307.93,74.06,1.55,1.10,0.00,3343.61,2139.63,1872.92,1576.14,737.15,1935.21,1558.67,1826.49,2100.78,2449.18,1828.85,2042.19,2915.01,2755.19,3871.82,4222.81,4710.87,4241.20,5243.72,5435.85,6627.97,7431.68,6888.72,7729.35,7589.12,7202.49,6813.36,5205.15,4094.56,3538.40,2112.02,1472.10,1150.63,1059.94,489.43,339.27,1430.32,1648.20,1411.26,1146.52,1574.07,1435.13,0.00
69044,69089,69066.5,13712.29,148.53,2.59,1.10,1431.26,2779.65,8002.82,5364.88,6417.52,7380.68,8859.49,8593.69,9510.50,8443.13,8483.99,10858.33,13053.09,15640.42,17606.07,17797.61,20590.56,23261.07,24524.67,23576.09,26875.92,24552.52,21886.08,20197.61,17788.60,13387.61,12510.71,10998.77,10092.83,8072.51,5163.70,3835.46,2544.61,1885.58,1426.81,1703.99,1515.97,2075.32,2220.52,2131.89,2374.85,1815.73,1560.21,0.00
69103,69148,69125.5,5207.60,78.06,1.72,1.13,1926.07,1301.41,917.67,1884.60,1828.85,2010.75,3526.74,4543.54,6008.13,7459.34,7676.06,6837.30,7052.03,5909.57,6999.68,5838.56,5778.94,6982.06,6373.13,6435.23,5502.76,4422.67,4843.08,4732.45,4030.18,4055.62,4250.40,3581.88,3389.91,3575.68,3207.15,3120.76,2275.19,2163.76,1792.88,1423.83,1178.66,1617.75,2138.23,1287.84,1326.43,1051.03,1013.58,887.56
69162,69207,69184.5,1880.66,44.74,0.98,1.23,0.00,1416.54,1169.51,720.77,309.42,0.00,774.61,773.65,736.30,1069.14,482.70,1069.60,772.20,352.47,751.09,987.71,1440.22,1641.05,1976.46,1502.15,1544.80,1675.88,2116.77,3108.19,2215.78,2855.32,3225.95,3481.50,2779.15,3037.88,2194.88,2847.93,1892.83,1570.27,1393.26,1182.88,849.14,516.23,855.93,751.70,591.73,648.23,347.36,552.02
69221,69266,69243.5,3570.25,14.26,0.22,1.24,4736.99,10221.87,10326.17,6859.58,8155.55,8852.52,8406.36,6449.61,5622.18,6320.24,4124.38,3366.44,3137.86,2084.15,1734.71,1719.74,1579.49,1708.50,1987.82,2252.24,2006.96,1393.13,1311.68,1490.95,1501.63,1030.49,697.00,644.70,732.66,301.01,627.86,510.03,494.86,345.03,328.29,176.22,252.83,154.79,163.89,109.19,75.22,49.61,124.35,79.37
69280,69325,69302.5,2412.68,10.56,0.17,1.24,13950.35,9500.24,6569.33,2964.11,4393.30,4493.31,2072.74,2122.54,2141.51,1060.23,2105.64,1795.78,2230.17,1442.06,1456.35,1220.88,1598.85,1737.55,1609.79,1309.61,1270.26,1295.77,767.12,1332.22,919.93,640.17,599.70,982.55,542.18,461.78,350.79,411.13,389.53,279.84,384.49,185.69,105.09,74.57,115.96,90.30,60.72,33.81,55.63,82.11
69339,69384,69361.5,3389.68,23.15,0.44,1.24,14858.86,14194.59,9903.35,6919.92,4864.53,2377.59,3083.85,4189.82,3176.02,2339.11,2568.74,1688.85,2131.71,2292.07,2254.65,2417.03,1796.97,1321.10,1835.06,1943.36,2084.09,2273.59,2146.07,1575.18,1342.11,1046.32,1150.29,810.83,1001.24,837.21,783.95,1281.76,1026.62,947.91,784.79,920.12,508.09,388.29,498.07,259.97,150.46,209.99,203.59,82.17
69398,69443,69420.5,2469.49,17.61,0.32,1.24,12402.00,3981.08,7985.79,7060.82,4334.20,2537.61,2817.50,2071.55,1213.95,578.94,1677.24,1382.15,1377.76,1081.60,932.93,1546.65,1191.15,2153.14,1725.07,1638.38,1939.57,1715.55,1627.67,1710.73,1433.60,993.24,1491.23,1140.80,801.97,1068.71,1056.14,453.42,620.07,604.22,712.75,282.93,391.88,387.65,259.20,179.67,65.37,208.50,169.80,19.62
69457,69502,69479.5,3417.73,47.74,1.02,1.24,8953.19,9223.25,5458.81,6652.12,6853.85,4845.42,3289.32,1919.22,1464.40,2059.76,1587.54,1697.75,1438.70,1468.55,1362.74,1936.25,1823.64,2148.09,2099.70,2243.09,2019.67,2633.86,2636.56,2528.42,2187.47,1848.21,1527.93,1490.12,1681.97,2122.44,2527.07,2459.32,2893.91,2167.47,2380.08,1863.01,1578.53,1181.25,705.80,778.05,489.32,442.74,272.31,426.39
69516,69561,69538.5,3503.17,80.11,1.81,1.23,6290.40,7941.32,4036.18,2749.31,2615.04,751.78,1386.98,957.74,1737.66,1136.10,1355.88,553.62,954.63,1092.82,1386.98,1926.82,1433.86,2023.40,2102.83,2123.61,2956.51,3291.34,4117.96,3579.21,3394.98,3095.88,3719.01,3449.00,3173.28,3806.21,4317.81,3858.42,3912.97,3502.55,3156.05,2568.23,2608.79,2257.83,1966.56,1488.93,1110.46,915.05,683.23,614.14
69575,69620,69597.5,6203.37,159.46,3.58,1.19,1049.86,1418.43,502.78,662.00,1534.57,1298.84,1034.63,1769.88,2220.02,1958.17,3335.03,3563.94,4130.71,5313.51,4431.55,5774.78,5827.48,6471.18,6816.02,5758.49,5831.00,6011.04,5603.22,6172.41,6366.38,7420.15,7370.58,7963.04,6807.58,6877.68,7110.54,6749.61,8087.91,6976.10,6911.86,5919.29,4969.20,4034.27,4004.74,3039.09,2266.77,1868.85,1420.47,982.35
69634,69679,69656.5,7771.13,184.51,4.09,1.16,10957.58,9077.82,7113.05,5304.66,3727.61,4315.65,3646.95,2255.01,2341.68,1966.54,2003.75,1720.21,1932.25,2349.65,1904.14,2414.10,2376.01,3341.45,3058.38,3428.20,4495.68,4998.96,6561.63,6942.28,8557.54,9272.51,11140.52,9730.14,10288.27,9381.85,10064.92,9676.90,8788.24,9395.96,7867.32,7115.97,5571.30,4631.85,4142.88,3387.60,2452.48,1582.40,1499.07,1188.42
69693,69738,69715.5,10453.29,184.86,4.03,1.15,16003.34,9935.03,10740.85,6340.63,7871.02,7861.38,6522.50,4772.47,6343.61,7449.41,5491.63,6340.11,5739.52,6857.04,7737.92,10247.30,9139.97,9086.00,7147.59,7204.61,7763.67,9844.49,9658.91,9504.18,9725.79,10933.33,10914.23,9425.61,9123.20,8727.66,9776.47,8090.00,8200.95,7931.23,6480.19,5010.11,5003.13,4512.53,4085.82,3009.13,2067.91,2109.72,1656.85,1699.40
69752,69797,69774.5,17490.79,213.80,4.64,1.16,35115.23,32785.68,32056.42,19874.92,21085.90,18512.74,20915.64,17779.67,18423.81,19599.94,16901.32,15454.32,13547.89,11104.15,8868.03,7661.42,8010.94,7180.34,7139.10,6928.17,7430.06,7539.19,8942.03,6034.50,6863.60,7970.60,10004.09,8852.26,9552.71,10746.03,10225.54,9118.79,10899.54,11328.47,9078.44,7348.03,7552.90,4754.30,3863.52,3320.46,2424.61,2241.47,1735.48,1862.04
69811,69856,69833.5,15908.41,232.95,5.05,1.17,23624.43,31858.08,25517.80,21812.75,13723.97,11447.60,12287.99,12902.85,11707.17,9515.37,8659.60,8634.36,8421.51,9588.72,8050.45,10355.07,8436.22,9473.79,9199.12,9290.37,9381.38,10124.87,12520.30,11117.07,9392.63,6830.93,8135.73,11710.17,13319.17,14630.93,13896.16,12980.57,10045.97,7612.74,8811.03,8102.19,6501.35,6230.51,5496.64,3689.20,2087.41,2266.72,2118.41,1964.95
69870,69915,69892.5,11957.92,253.84,5.77,1.17,13733.90,14426.49,12027.16,11063.49,9035.79,8474.18,7033.51,5113.41,6102.53,5195.38,6287.12,6766.33,7844.94,5363.00,5379.13,6005.39,6196.21,6872.86,8156.37,5676.03,5271.88,7376.58,7411.70,9519.50,11316.55,10870.90,10915.25,13561.86,12105.04,12266.79,12349.68,13632.53,12128.95,12404.62,9625.80,8092.06,6897.06,6285.12,5512.37,4849.46,3943.25,2938.95,2712.70,1925.98
69929,69974,69951.5,10022.57,208.07,4.74,1.17,16584.40,8506.93,10201.03,7054.17,7339.15,9162.25,7621.75,5506.22,8748.37,8007.87,4887.55,3957.21,5687.98,5122.82,5139.84,6412.90,5805.72,6303.42,5038.95,4562.09,5483.44,5894.59,6291.25,8874.97,10307.62,10955.47,11873.31,10070.95,9645.65,10429.74,10148.78,9360.44,8429.76,7691.39,7156.17,7131.38,5794.51,5512.51,5186.16,4064.47,3140.37,2798.58,2118.94,1560.36
69988,70033,70010.5,11722.64,239.96,5.41,1.17,4521.52,14193.91,10582.94,10078.74,10446.93,7854.55,7203.54,7197.18,8905.65,7496.55,8012.56,6617.55,6952.83,6659.41,7104.90,8856.34,7689.56,6757.89,7736.53,9658.36,7801.94,6069.25,10547.07,11700.93,12321.72,13059.13,13741.05,13235.95,12620.72,11075.11,12053.34,10568.22,8182.92,8569.13,8613.10,7616.56,6277.51,5630.49,5995.60,4696.35,3821.53,3029.26,2585.45,1814.50
70047,70092,70069.5,16918.18,220.94,4.82,1.19,20177.69,28698.15,23162.72,19665.64,24965.35,25609.50,17013.16,16628.49,15554.99,12632.00,10954.21,12828.56,11287.21,11802.27,11554.78,9467.12,11096.82,9418.50,9189.09,8871.86,6872.87,7976.66,11262.81,13123.25,13189.87,13015.59,11115.57,8865.13,8276.08,8217.38,9034.26,8652.34,8984.94,9554.47,8508.91,7641.91,6655.36,5472.35,5065.18,3665.90,3199.32,2297.11,1915.28,1800.58
70107,70152,70129.5,8784.73,170.89,4.00,1.22,9235.37,10664.35,10038.82,9718.08,7990.75,7455.05,8042.01,7853.74,5461.62,5339.45,6388.32,6094.51,6008.11,5349.56,6318.57,6944.61,6839.85,5366.64,5510.50,5947.16,5667.11,4297.87,4392.24,4958.04,5284.22,6036.13,5917.85,6583.27,7875.26,6721.86,6639.42,6788.66,6847.38,7273.42,6565.10,6317.12,4579.72,4774.87,4390.02,3768.00,3194.26,2221.71,2057.03,1188.45
70166,70211,70188.5,7822.02,146.85,3.22,1.24,13174.74,9879.56,14879.72,9967.11,8279.46,5699.74,4882.00,6301.94,6472.76,4931.42,6104.24,5111.27,4530.97,3603.11,3460.82,3583.65,4383.37,5064.79,3788.81,3280.51,4265.22,5052.80,5021.58,5575.47,6467.47,7090.93,7568.28,8119.88,7247.85,7618.99,6249.01,6577.67,6606.87,7327.31,6142.00,6060.92,5123.25,3848.94,3201.14,2130.89,2110.09,1371.07,1385.56,761.49
70225,70270,70247.5,3945.89,85.08,1.92,1.24,9291.19,6787.08,6960.18,5302.54,3628.15,1988.27,1780.27,1201.05,2028.61,940.05,515.54,538.26,521.19,1102.00,1517.84,1343.21,1474.14,2369.78,2011.72,2891.52,3685.58,3460.98,4067.21,4097.01,4166.84,3231.97,4017.24,3857.62,4185.85,3204.34,3211.06,3892.66,3889.61,3340.56,4294.68,3217.34,2897.48,2409.16,2003.30,1634.35,1095.66,703.98,843.01,668.31
70284,70329,70306.5,5771.10,103.03,2.34,1.24,24508.40,13550.24,11809.12,7537.22,5450.42,3895.96,4013.28,4029.83,3377.66,2482.05,2830.33,2970.37,2290.85,2010.36,1430.41,1195.66,1803.06,2127.70,2713.99,2126.82,2513.12,3359.40,3787.63,3975.40,4243.85,4702.50,5126.30,4894.80,5163.64,4094.33,4274.42,4097.85,4373.94,4403.84,3711.06,4289.79,3693.97,2927.63,2365.81,2202.05,1558.09,1097.87,1006.27,657.83
70343,70388,70365.5,5481.76,86.23,1.90,1.24,18825.30,19232.59,16295.32,10660.95,5513.10,5739.44,2855.41,2913.18,2408.91,3127.93,2256.44,1877.35,1732.52,1697.69,1445.14,1649.12,1960.43,1593.38,1743.31,2159.24,2366.00,2441.49,3053.46,2753.01,3752.15,4143.76,3512.54,3369.37,3431.95,4660.69,3256.37,4177.54,4676.23,4668.66,4275.98,3649.46,2758.00,2355.06,1929.93,1321.21,1217.07,812.71,685.74,461.22
70402,70447,70424.5,5152.01,118.28,2.65,1.24,5471.16,4827.72,5798.04,5143.01,6411.76,4288.53,4098.20,4093.19,3667.74,2285.95,2207.21,1783.12,1212.01,1610.47,1757.96,2028.18,1974.67,2463.34,1928.12,3315.04,3252.38,4058.98,4206.19,4534.66,5310.95,5198.68,5407.13,5703.29,6092.71,6223.81,5592.56,5402.04,5800.19,5744.20,4974.15,4837.09,3284.13,3170.61,2654.64,2133.86,1888.44,1438.59,960.09,629.51
70461,70506,70483.5,5296.60,98.56,2.23,1.22,8138.00,7276.31,7288.63,5376.49,7767.38,4751.96,5961.20,4259.14,5311.09,4499.09,4106.32,3440.71,2425.89,2008.30,2548.51,1587.92,2107.01,2079.86,2728.74,2564.76,2668.87,3302.43,2930.85,3206.49,4268.32,3812.99,4392.12,4056.71,4357.61,4685.29,5171.72,5157.14,4459.96,5057.19,3831.86,3544.57,2462.41,2460.69,2727.57,1596.80,1479.21,1072.33,993.58,728.25
70520,70565,70542.5,16440.97,286.76,5.92,1.17,11287.86,12932.92,10509.89,13846.40,12885.36,12620.76,7345.37,10392.26,11823.76,10707.32,9187.66,11388.37,8534.48,11543.65,12324.60,11442.99,12121.98,10007.50,11303.27,13366.37,13418.27,12875.25,13905.23,15257.05,19929.91,21547.59,21850.14,20120.91,18422.75,18398.65,16904.04,14882.50,10726.80,10233.49,10021.99,8099.29,6117.52,7098.58,6921.62,4967.77,3152.85,1771.52,1954.95,1983.91
70579,70624,70601.5,18546.14,283.51,5.95,1.16,19971.71,26039.23,18233.81,20895.85,19354.43,22418.34,20020.78,19049.90,14925.14,14278.55,14070.73,13379.07,11062.64,9086.39,8300.50,8711.32,8841.78,8961.12,10742.82,12183.60,11023.46,11227.82,14358.27,16416.58,15714.55,14154.31,17786.81,18925.05,16159.34,15901.41,17259.46,16987.69,14564.84,11847.22,9511.11,8368.09,5620.40,5257.20,5944.29,5098.36,3799.94,2540.60,2197.61,1851.83
70638,70683,70660.5,15799.34,241.27,4.97,1.15,16948.99,12245.53,16276.33,16188.37,14629.47,17491.71,11938.37,11248.70,8012.41,9971.55,11682.42,10558.52,11024.28,10150.53,7101.66,7895.89,11389.39,9591.53,13017.45,12806.59,13824.80,11572.61,13187.20,18659.23,19358.91,17097.80,13661.80,10212.57,12222.33,16033.59,15339.13,15139.52,12334.51,9485.03,7012.56,5939.37,5179.85,4135.19,4640.02,3911.74,3061.40,2298.66,1746.86,1748.96
70697,70742,70719.5,13727.88,220.99,4.38,1.20,10867.04,11032.76,8344.96,10510.66,8967.18,9383.95,4180.13,5975.91,9817.61,10483.11,10026.03,10279.99,10852.21,11044.59,7441.23,7232.94,9145.73,9989.21,10662.99,10001.27,12379.36,12843.49,15830.40,12816.07,12173.71,11693.07,13813.36,15448.99,18228.05,20928.90,18678.50,15090.52,10005.84,8141.31,6226.68,4549.27,4200.56,3409.40,3028.18,3071.78,2725.25,2034.89,1617.90,1156.99
