Data/Raw/MOORE,RICHARD/FIREXAQ-LARGE-SMPS_DC8_20190826_R0.ict
88,1001
Richard Moore, Elizabeth Wiggins, Edward Winstead, Claire Robinson, Lee Thornhill, and Kevin Sanchez
NASA Langley Research Center
In-situ Submicron Particle Size Distributions from a SMPS on the NASA DC-8
FIREXAQ
1,1
2019,08,26,2020,03,10
0
Time_start,Secs after midnight,Time of acquisition
50
1,1,1,1,1,1,1,1,1,1,1,1,1,1,1,1,1,1,1,1,1,1,1,1,1,1,1,1,1,1,1,1,1,1,1,1,1,1,1,1,1,1,1,1,1,1,1,1,1,1
-9999,-9999,-9999,-9999,-9999,-9999,-9999,-9999,-9999,-9999,-9999,-9999,-9999,-9999,-9999,-9999,-9999,-9999,-9999,-9999,-9999,-9999,-9999,-9999,-9999,-9999,-9999,-9999,-9999,-9999,-9999,-9999,-9999,-9999,-9999,-9999,-9999,-9999,-9999,-9999,-9999,-9999,-9999,-9999,-9999,-9999,-9999,-9999,-9999,-9999
Time_stop,Secs after midnight,Time of acquisition
Time_mid,Secs after midnight,Time of acquisition
nSMPS_stdPT,#/cm3,AerMP_NumConc_InSitu_RHd_Mobility_NucltoAccu_STP,integrated_number_density
sSMPS_stdPT,um2/cm3,AerMP_SurfAreaConc_InSitu_RHd_Mobility_NucltoAccu_STP,integrated_surface_area
vSMPS_stdPT,um3/cm3,AerMP_VolConc_InSitu_RHd_Mobility_NucltoAccu_STP,integrated_volume
SMPS_stdPT, unitless, None, conversion between ambient PT and standard PT (1013, 273)
SMPS_bin00_stdPT,#/cm3,AerMP_NumSizeDist_InSitu_RHd_Mobility_NucltoAccu_STP,Binned number size distribution (in dNdlogDp) measured by the SMPS
SMPS_bin01_stdPT,#/cm3,AerMP_NumSizeDist_InSitu_RHd_Mobility_NucltoAccu_STP,Binned number size distribution (in dNdlogDp) measured by the SMPS
SMPS_bin02_stdPT,#/cm3,AerMP_NumSizeDist_InSitu_RHd_Mobility_NucltoAccu_STP,Binned number size distribution (in dNdlogDp) measured by the SMPS
SMPS_bin03_stdPT,#/cm3,AerMP_NumSizeDist_InSitu_RHd_Mobility_NucltoAccu_STP,Binned number size distribution (in dNdlogDp) measured by the SMPS
SMPS_bin04_stdPT,#/cm3,AerMP_NumSizeDist_InSitu_RHd_Mobility_NucltoAccu_STP,Binned number size distribution (in dNdlogDp) measured by the SMPS
SMPS_bin05_stdPT,#/cm3,AerMP_NumSizeDist_InSitu_RHd_Mobility_NucltoAccu_STP,Binned number size distribution (in dNdlogDp) measured by the SMPS
SMPS_bin06_stdPT,#/cm3,AerMP_NumSizeDist_InSitu_RHd_Mobility_NucltoAccu_STP,Binned number size distribution (in dNdlogDp) measured by the SMPS
SMPS_bin07_stdPT,#/cm3,AerMP_NumSizeDist_InSitu_RHd_Mobility_NucltoAccu_STP,Binned number size distribution (in dNdlogDp) measured by the SMPS
SMPS_bin08_stdPT,#/cm3,AerMP_NumSizeDist_InSitu_RHd_Mobility_NucltoAccu_STP,Binned number size distribution (in dNdlogDp) measured by the SMPS
SMPS_bin09_stdPT,#/cm3,AerMP_NumSizeDist_InSitu_RHd_Mobility_NucltoAccu_STP,Binned number size distribution (in dNdlogDp) measured by the SMPS
SMPS_bin10_stdPT,#/cm3,AerMP_NumSizeDist_InSitu_RHd_Mobility_NucltoAccu_STP,Binned number size distribution (in dNdlogDp) measured by the SMPS
SMPS_bin11_stdPT,#/cm3,AerMP_NumSizeDist_InSitu_RHd_Mobility_NucltoAccu_STP,Binned number size distribution (in dNdlogDp) measured by the SMPS
SMPS_bin12_stdPT,#/cm3,AerMP_NumSizeDist_InSitu_RHd_Mobility_NucltoAccu_STP,Binned number size distribution (in dNdlogDp) measured by the SMPS
SMPS_bin13_stdPT,#/cm3,AerMP_NumSizeDist_InSitu_RHd_Mobility_NucltoAccu_STP,Binned number size distribution (in dNdlogDp) measured by the SMPS
SMPS_bin14_stdPT,#/cm3,AerMP_NumSizeDist_InSitu_RHd_Mobility_NucltoAccu_STP,Binned number size distribution (in dNdlogDp) measured by the SMPS
[...]
UNCERTAINTY:  20%
ULOD_FLAG: -7777
ULOD_VALUE: N/A
LLOD_FLAG: -8888
LLOD_VALUE: N/A
DM_CONTACT_INFO: Lee Thornhill (Kenneth.L.Thornhill@nasa.gov)
PROJECT_INFO: FIREX-AQ
STIPULATIONS_ON_USE: No stipulations on use. The user is encouraged to contact the PI or DM prior to use.
OTHER_COMMENTS: Midpoint diameters of Bins 00 to 43 are: 0.011,0.012,0.013,0.014,0.015,0.016,0.017,0.018,0.019,0.021,0.022,0.024,0.026,0.028,0.030,0.032,0.035,0.037,0.040,0.043,0.046,0.050,0.053,0.057,0.061,0.066,0.071,0.076,0.082,0.088,0.095,0.102,0.109,0.118,0.126,0.136,0.146,0.157,0.168,0.181,0.194,0.209,0.225,0.241
REVISION: R0
R0: Final Data. Data are corrected for time lags and ammonium sulfate size calibrations.
*******************************************************************************************************************************
Time_start,Time_stop,Time_mid,nSMPS_stdPT,sSMPS_stdPT,vSMPS_stdPT,SMPS_stdPT,SMPS_bin00_stdPT,SMPS_bin01_stdPT,SMPS_bin02_stdPT,SMPS_bin03_stdPT,SMPS_bin04_stdPT,SMPS_bin05_stdPT,SMPS_bin06_stdPT,SMPS_bin07_stdPT,SMPS_bin08_stdPT,SMPS_bin09_stdPT,SMPS_bin10_stdPT,SMPS_bin11_stdPT,SMPS_bin12_stdPT,SMPS_bin13_stdPT,SMPS_bin14_stdPT,SMPS_bin15_stdPT,SMPS_bin16_stdPT,SMPS_bin17_stdPT,SMPS_bin18_stdPT,SMPS_bin19_stdPT,SMPS_bin20_stdPT,SMPS_bin21_stdPT,SMPS_bin22_stdPT,SMPS_bin23_stdPT,SMPS_bin24_stdPT,SMPS_bin25_stdPT,SMPS_bin26_stdPT,SMPS_bin27_stdPT,SMPS_bin28_stdPT,SMPS_bin29_stdPT,SMPS_bin30_stdPT,SMPS_bin31_stdPT,SMPS_bin32_stdPT,SMPS_bin33_stdPT,SMPS_bin34_stdPT,SMPS_bin35_stdPT,SMPS_bin36_stdPT,SMPS_bin37_stdPT,SMPS_bin38_stdPT,SMPS_bin39_stdPT,SMPS_bin40_stdPT,SMPS_bin41_stdPT,SMPS_bin42_stdPT,SMPS_bin43_stdPT
[from data line 304]
78783,78828,78805.5,2251.32,8.32,0.15,2.19,0.00,0.00,0.00,23240.86,10111.81,6486.70,4122.12,5567.86,3822.54,2894.31,1771.95,1132.68,1162.81,1771.30,814.51,1092.74,478.52,716.92,672.06,222.18,554.97,396.14,290.14,419.45,457.82,526.44,383.20,248.51,68.50,346.91,270.45,78.62,495.27,251.01,56.66,177.32,271.97,195.62,171.15,21.34,76.36,32.60,57.71,16.67
78842,78887,78864.5,1894.22,7.38,0.14,2.19,0.00,0.00,0.00,10700.03,14024.88,6572.27,5235.58,4601.37,1611.84,2875.43,3165.91,1314.64,1168.07,1067.62,421.65,303.61,626.17,476.86,723.77,574.53,543.57,321.67,408.08,246.09,369.76,171.43,207.48,192.04,202.99,302.23,223.72,448.26,121.45,180.32,289.06,115.77,169.18,214.53,144.09,89.54,21.48,32.67,66.35,33.67
78901,78946,78923.5,2460.28,8.04,0.15,2.17,0.00,0.00,0.00,18809.02,13203.95,10143.49,8267.57,4072.13,4020.54,3204.81,2596.77,2784.23,1355.32,1630.67,963.94,750.50,579.60,353.95,419.83,313.87,408.60,467.35,415.08,422.93,421.99,198.94,209.20,119.44,379.70,297.53,270.36,288.79,255.67,193.55,188.07,34.78,13.82,80.98,39.89,144.28,74.30,130.53,99.47,7.73
78960,79005,78982.5,2301.01,10.61,0.19,2.06,0.00,0.00,0.00,5541.42,7099.21,13183.11,7251.06,5649.09,6180.61,5429.84,3722.34,2741.26,1992.12,2059.63,1538.81,530.10,698.06,351.80,623.38,638.64,690.85,393.30,611.11,904.03,565.96,541.25,472.04,428.28,415.74,178.07,444.72,567.61,344.19,445.05,392.76,187.16,119.44,126.98,53.04,170.15,7.85,124.66,86.75,49.11
79019,79064,79041.5,2412.85,11.92,0.23,1.94,0.00,0.00,11928.50,8505.72,9239.78,8071.25,6094.61,3580.90,3383.33,2935.39,2394.35,1644.50,1559.69,1836.48,671.23,813.48,948.27,1230.77,1224.91,727.70,852.82,929.47,843.34,1330.42,731.52,503.83,388.84,716.67,415.12,216.80,552.06,525.88,412.64,461.95,346.06,273.19,207.65,103.50,52.61,88.95,28.34,139.56,34.50,120.07
79078,79123,79100.5,1749.38,13.05,0.28,1.83,0.00,0.00,8936.76,3265.68,5513.74,4944.58,2819.04,2796.07,2291.21,2354.55,1711.21,1121.49,1790.98,896.51,1237.82,1157.93,1384.08,907.07,1548.32,725.01,1088.79,913.08,765.27,533.44,551.09,601.41,680.90,588.33,579.93,417.15,605.46,464.03,317.09,318.33,453.29,273.10,275.08,195.11,148.75,161.62,121.29,53.69,190.84,144.93
79137,79182,79159.5,1289.52,14.36,0.32,1.71,0.00,0.00,435.07,3003.88,1860.38,2844.81,2786.23,3245.61,1764.63,1251.84,1808.87,2142.80,1718.80,1634.11,1402.64,874.83,611.55,1039.65,766.44,597.90,1187.70,277.41,819.34,629.73,792.31,466.84,833.02,519.54,362.53,812.02,684.13,666.20,425.50,553.95,523.66,477.65,212.12,54.82,189.70,167.71,170.36,103.55,204.49,234.31
79196,79241,79218.5,941.65,20.93,0.50,1.61,0.00,0.00,529.84,1134.00,0.00,1008.07,1421.16,1432.01,855.99,903.83,452.20,655.27,464.64,912.85,512.06,443.08,236.84,751.68,566.73,505.33,817.09,1115.86,1132.94,765.12,881.72,903.43,837.03,933.31,1115.64,1194.16,1158.20,1152.25,961.75,913.65,575.19,204.03,296.50,414.32,264.67,283.32,338.85,444.78,289.47,197.51
79255,79300,79277.5,987.41,35.83,0.99,1.52,0.00,1253.64,0.00,568.69,0.00,110.39,351.19,353.57,609.86,412.70,346.33,737.67,444.51,686.28,202.98,1099.00,804.24,650.76,518.30,541.94,872.79,866.44,1376.12,1028.54,1191.38,1099.63,1221.81,1126.27,555.13,1316.79,552.34,299.53,813.52,1058.02,741.79,739.15,1108.69,715.90,1032.03,1078.12,1217.60,700.41,339.20,476.02
79314,79359,79336.5,1082.32,51.50,1.49,1.49,0.00,0.00,685.23,480.46,0.01,306.99,0.00,187.00,152.67,114.85,329.12,476.93,530.52,191.34,320.83,556.73,907.23,515.79,577.56,983.59,586.31,1197.04,840.56,793.64,1060.96,1183.14,1204.82,1477.79,1134.99,1044.84,1190.77,1146.56,762.22,896.56,1136.43,1129.19,1372.62,1426.71,1636.73,1453.28,1202.29,1115.07,954.94,730.41
79373,79418,79395.5,1287.14,62.23,1.75,1.45,0.00,0.00,0.00,0.00,0.00,0.01,0.02,0.00,0.00,238.38,93.45,73.82,457.26,342.93,281.21,422.03,519.14,361.81,595.26,1104.91,1950.82,1523.79,1442.33,1609.00,1313.63,1582.38,1274.35,1697.63,1285.88,1634.74,1418.06,1849.99,1498.51,1212.57,2147.89,1585.38,1641.90,1485.72,1451.31,1785.72,1498.53,1124.95,1139.56,720.68
79432,79477,79454.5,1210.28,60.18,1.68,1.39,0.00,0.00,0.00,9.69,346.01,0.00,0.01,158.36,385.22,0.00,345.91,67.79,251.82,153.05,196.40,329.78,494.36,633.77,770.31,854.17,1261.56,1195.78,882.46,1417.28,1234.91,1505.61,1837.09,1169.37,1124.48,1201.56,1427.56,1403.48,1188.74,1114.33,1833.12,1310.69,1430.94,2059.98,2255.17,1995.31,1356.89,1225.98,1145.47,1154.69
79491,79536,79513.5,10053.09,100.02,2.47,1.34,22403.28,24899.73,17444.86,21549.46,17561.99,14643.46,15761.15,12711.99,12399.07,11120.81,10518.87,10496.54,9821.10,10178.76,9359.66,8289.93,8513.37,6854.10,4724.12,5909.67,5161.05,4783.09,4917.59,5378.94,4545.81,3894.96,3509.04,3252.42,2319.67,2414.19,2116.07,1537.69,1472.48,1697.91,1587.12,1345.54,1943.43,1367.78,2811.51,2357.90,2314.13,1894.99,2041.88,1871.80
79550,79595,79572.5,3767.92,66.22,1.83,1.30,3122.90,9740.67,7698.64,2630.00,3129.81,5256.10,4115.48,2931.34,3367.27,4598.11,4663.35,4582.63,4090.07,6194.23,3854.00,3369.06,3426.49,3368.11,2377.65,2936.98,2599.60,2254.88,1922.46,2254.56,1892.03,1162.51,576.12,1940.36,1189.31,812.93,603.09,1156.52,1389.26,612.01,366.80,905.87,1571.59,1350.58,1439.52,2063.53,2258.94,2082.40,1642.79,1072.84
79609,79654,79631.5,7444.82,78.61,2.05,1.29,22159.74,16703.77,15869.09,11260.42,12923.99,10016.95,12043.08,9627.58,8485.41,6901.16,10498.71,8144.20,3809.98,8537.47,9992.83,7911.30,5998.01,5434.61,3705.93,2574.66,3354.28,3428.05,3538.04,2447.24,2914.56,2112.83,2473.51,2126.21,2197.10,1249.50,901.22,1137.03,615.42,1059.81,593.94,1310.08,1452.24,1111.66,2253.97,2103.50,1972.69,1820.83,1759.47,1702.26
79668,79713,79690.5,3790.87,83.40,2.31,1.27,12400.84,10823.51,2314.68,4683.23,4543.81,4452.65,3410.73,2292.93,3796.92,3048.32,2714.89,2458.78,2107.65,2837.72,2322.13,2662.02,2573.45,2473.77,2861.27,2782.75,1476.56,1735.64,1803.26,2119.81,2142.76,2467.63,1924.70,1932.73,1840.84,1378.46,1191.94,1002.41,954.77,667.08,1294.89,1862.40,2166.36,2210.11,3178.50,2916.76,2238.67,2068.01,1698.64,1472.84
79727,79772,79749.5,2497.36,79.26,2.24,1.22,1704.38,700.41,2655.83,2292.85,1318.61,2351.14,1697.71,1710.43,1624.93,817.09,1261.62,1350.15,1254.58,906.11,1601.03,1354.73,2087.78,2009.50,1903.06,2118.28,2471.97,1808.38,1482.83,1717.55,1806.87,2194.06,2254.47,2340.17,1963.51,1927.51,1315.19,1198.81,519.77,302.05,1566.15,1562.77,1286.10,2159.51,2804.79,2827.62,2231.87,2242.35,1757.63,1443.01
79786,79831,79808.5,4994.36,189.63,5.18,1.18,4761.35,482.97,5361.64,2678.87,2188.92,1667.15,3513.18,2711.62,1848.46,2174.31,3200.23,1985.89,3032.23,2587.93,2884.80,3350.45,4025.88,3133.51,3720.36,3262.41,2329.26,2148.01,2520.00,1583.38,2459.85,2637.82,3639.92,4304.47,3222.38,3282.68,4068.67,3077.85,2731.64,3556.98,4654.78,6016.17,6109.57,8181.03,6556.42,6538.80,5932.79,5782.47,4241.99,0.00
79845,79890,79867.5,6081.01,279.04,7.65,1.18,0.00,0.00,416.73,2389.40,1797.60,1147.16,1028.05,1156.20,1044.58,2024.07,2192.75,1410.67,2792.56,2492.89,2731.52,3296.31,3555.96,3371.62,3603.97,3692.61,3202.26,3835.01,4281.81,3767.89,4901.40,4444.77,6052.34,6323.10,6338.54,7016.05,7809.61,7978.36,6990.40,8263.49,7884.96,8446.41,7675.95,9013.92,8862.50,7329.67,6857.29,6009.37,5126.02,4729.16
79904,79949,79926.5,6412.63,329.15,9.10,1.18,4834.67,820.21,305.31,1708.58,1067.53,1360.78,500.61,98.65,827.09,563.11,1114.55,888.54,1312.74,1638.83,1962.85,2379.36,2857.04,2574.80,2740.98,2698.51,3039.16,3035.35,3953.41,4036.74,5270.26,4746.18,5287.45,5459.43,7283.47,6333.42,7173.10,8245.94,8771.30,7761.22,9037.85,11285.04,11363.36,11384.20,11534.78,10598.39,8573.70,6713.39,5246.22,5153.02
79963,80008,79985.5,4413.64,223.65,6.38,1.18,3133.56,705.34,905.93,614.88,265.96,181.02,356.46,677.21,370.80,827.90,942.83,905.41,1299.69,831.93,1058.16,1796.06,2391.35,1890.95,3066.57,2474.70,2988.55,2405.27,2310.02,3160.32,3659.46,3580.31,4734.32,5694.61,5160.18,4909.74,5451.99,5656.25,4352.62,4529.40,4718.70,4252.46,5213.44,5834.72,7870.65,7544.13,6169.14,5853.95,4504.62,4320.89
80022,80067,80044.5,2623.52,96.14,2.58,1.16,0.00,1655.60,1193.96,266.98,883.78,672.97,720.23,775.45,686.02,1124.45,576.82,841.84,949.10,1844.35,1971.94,1954.91,2358.99,2088.78,2439.22,1729.32,1911.99,1972.44,2507.03,2302.87,2488.10,2418.59,2690.07,2527.72,2698.10,2815.32,2494.23,2340.60,1634.11,1831.88,2132.69,1802.82,1228.38,3286.43,3399.63,3833.66,3251.51,2582.88,2432.89,0.00
80081,80126,80103.5,9471.80,331.85,7.70,1.15,860.28,0.00,0.00,378.69,582.76,323.05,995.21,554.71,835.75,564.66,1278.16,943.16,1199.12,1505.90,1853.79,3374.22,4497.52,5170.75,7220.92,6462.21,5634.13,8210.78,11977.32,6518.21,4446.30,19202.52,24230.67,19532.92,15172.86,21235.60,18489.49,9670.77,11867.00,12844.20,10464.34,9693.77,10174.55,11042.89,10318.20,8320.35,6602.64,5199.56,3647.67,0.00
80140,80185,80162.5,3563.39,123.73,3.00,1.15,0.00,1652.03,294.04,361.16,211.50,854.16,571.39,1140.92,660.50,385.83,598.44,640.02,952.72,1040.93,585.48,1431.40,1469.25,2850.31,3014.19,2393.82,2701.16,2250.93,2297.35,3203.60,6237.61,6116.87,4166.77,7729.03,8999.48,6388.22,4295.68,2627.21,2778.73,4018.25,4220.22,2992.77,3434.61,3585.12,3978.02,3258.34,3189.44,2575.61,1875.44,0.00
80199,80244,80221.5,2008.52,61.63,1.62,1.15,828.66,1690.16,2861.65,1771.79,1893.34,1563.73,1425.87,1494.13,1800.58,1153.08,694.15,460.81,1646.85,777.23,845.30,866.82,562.91,992.68,624.82,1044.07,1267.94,1256.59,1357.19,1097.21,355.95,769.60,1572.06,1909.57,1453.68,2810.68,2486.97,1703.34,1222.82,1014.76,1286.69,1708.08,1425.49,2060.55,2190.51,2357.45,1933.17,1443.04,1369.59,0.00
80258,80303,80280.5,27913.07,461.70,8.77,1.15,723.54,2647.96,2172.50,2376.40,4286.91,4164.61,6834.76,9421.31,7701.41,11353.53,14079.93,19061.98,23135.89,22808.59,28195.49,37214.50,38659.00,37743.95,40194.53,39013.31,36932.91,37575.49,42302.05,36473.10,45857.54,56061.81,44240.64,36937.45,36637.00,32092.46,22743.23,19064.05,14422.23,10593.31,6810.32,8231.69,9115.83,9534.44,9331.69,8216.34,5827.14,4389.65,4384.02,0.00
80318,80363,80340.5,2806.87,83.04,2.15,1.15,0.00,0.00,0.00,265.29,0.00,0.00,835.70,224.08,1239.19,1216.63,1026.26,1138.54,1897.14,1441.60,1693.47,2368.29,3444.40,2050.20,3211.86,3649.43,4288.19,2717.30,2629.81,2925.89,4231.83,4748.21,4150.83,3449.93,2420.17,2066.45,2339.00,1968.41,1253.53,1280.07,1703.16,843.19,681.62,2772.73,2770.31,2300.63,2423.68,2562.76,2339.87,0.00
80377,80422,80399.5,2355.64,88.25,2.44,1.15,1141.98,1163.92,237.35,996.50,1007.23,648.21,712.50,703.18,497.10,1834.23,994.89,1539.07,1276.62,1440.21,1501.19,1746.69,2114.61,1367.31,1656.10,2189.80,1789.96,2220.83,2927.53,3045.73,2345.70,2216.21,2817.41,1957.70,1391.69,1973.31,2692.09,2230.50,726.77,795.27,1632.65,801.98,185.98,2341.87,4098.45,3967.96,3217.00,2700.03,2535.04,0.00
80436,80481,80458.5,16260.24,512.97,11.24,1.15,5141.81,1208.02,1195.13,0.00,647.23,508.47,694.21,577.99,676.88,384.98,375.93,446.27,224.40,215.50,447.02,596.40,2491.14,4946.34,8379.26,9570.85,13277.49,15527.28,16721.09,23920.72,33483.68,33881.18,30361.53,34487.92,38858.09,38283.03,31258.48,24872.27,22370.51,19437.85,16492.77,14681.34,12659.80,13158.70,12090.41,10494.34,8887.56,6876.13,5531.37,0.00
80495,80540,80517.5,17115.14,702.62,16.96,1.14,6642.36,6549.12,5351.12,1720.71,905.83,1072.47,911.27,2039.27,578.56,956.14,446.97,1480.34,1388.72,1148.81,2214.88,3083.97,2894.81,2724.15,4082.34,6057.88,4158.39,8251.11,13841.78,21203.00,17615.61,23096.62,26153.63,22111.08,17243.74,29552.82,36334.80,29163.01,29576.19,31644.00,29008.35,26191.59,24293.42,25261.06,22166.92,19151.96,15770.73,10711.87,7683.44,0.00
80554,80599,80576.5,10538.49,546.84,13.99,1.15,2778.02,488.69,0.00,0.00,0.00,0.00,146.76,118.34,338.21,176.39,314.26,333.41,608.22,507.94,417.41,131.18,314.94,193.69,1384.24,2916.43,4668.45,7699.98,10520.80,10736.79,8626.80,7666.89,7346.71,8405.01,9908.48,11196.00,16717.23,17394.54,17569.56,20641.77,24188.63,30008.47,22388.03,20717.21,19593.57,17218.28,13342.79,9455.34,7435.77,0.00
80613,80658,80635.5,8286.70,501.94,14.02,1.15,1396.31,0.00,195.83,108.49,156.16,0.00,163.48,359.12,515.78,72.90,186.58,254.84,494.74,420.37,286.29,267.43,499.76,590.92,1113.05,988.58,2942.33,2305.64,3269.47,5145.10,5874.52,5014.73,6383.32,10875.34,10817.92,11219.67,13668.31,13974.44,12792.62,12646.46,14215.67,14508.60,15629.84,19654.86,18268.64,15684.87,12403.58,10189.91,9093.96,7902.98
80672,80717,80694.5,3534.90,188.91,5.09,1.15,861.00,490.64,0.00,0.01,0.00,688.55,571.37,324.33,97.76,236.08,280.53,349.75,638.83,562.12,344.04,742.09,1333.32,838.69,1137.15,1971.10,1746.52,1651.77,1380.03,2182.69,2086.57,1664.08,2975.79,4382.46,3460.79,5252.01,5691.54,5231.77,4748.43,4646.68,5829.91,6879.07,5145.73,7680.95,7371.32,5623.70,5675.62,4787.86,4238.27,0.00
80731,80776,80753.5,3817.19,192.11,5.07,1.15,0.00,0.00,0.00,267.09,440.27,162.52,145.26,0.00,375.03,332.72,374.57,348.81,468.58,726.92,472.15,529.46,1166.90,1245.96,1214.02,1370.99,1522.82,1640.66,3003.88,2762.29,2891.09,4540.78,5063.85,5144.09,6551.50,5101.40,4331.37,4442.24,6073.44,5211.51,6403.71,6698.58,5485.01,7284.99,6657.11,6432.53,5497.62,4760.06,3691.92,0.00
80790,80835,80812.5,2393.18,96.75,2.53,1.15,0.00,1743.55,713.83,417.09,348.47,324.98,293.50,326.38,385.49,429.87,622.16,814.62,364.48,417.21,381.20,917.10,1203.12,1194.11,1396.27,1936.91,2049.16,2362.03,2618.15,2481.58,2684.55,3501.33,2362.18,1781.24,1584.61,3507.54,4273.57,2936.63,2272.38,3583.69,2959.79,1557.27,1716.90,3481.13,3332.43,3081.13,2440.72,2641.00,2285.32,0.00
80849,80894,80871.5,32323.89,669.25,13.72,1.15,31303.77,23781.13,14635.53,6747.44,2687.96,5738.25,3585.33,2359.00,1563.76,848.37,1898.15,3003.58,5290.77,8413.68,13951.93,17662.57,17907.55,29879.72,45062.77,50261.56,39612.60,41747.33,47668.39,46347.41,54167.19,74335.98,61073.98,47458.13,56844.71,47784.70,23446.34,16074.41,17247.60,22207.37,20209.15,17525.27,14818.84,17435.72,15349.89,12514.25,10565.66,7760.33,6471.16,0.00
80908,80953,80930.5,4039.50,78.74,2.05,1.15,7678.10,12170.97,7499.12,7190.36,3951.44,1850.06,2340.82,1797.65,1492.91,1197.28,1106.27,1074.64,1338.10,1334.07,1787.89,676.77,790.34,2454.62,4599.41,3205.60,3508.89,2925.59,2322.47,1530.46,2730.66,2183.92,1823.72,892.20,4141.21,2912.46,2224.86,1306.69,2769.80,1417.43,631.33,1787.47,1504.18,2134.79,1982.60,2144.95,2831.92,2550.87,1972.04,0.00
80967,81012,80989.5,1720.73,61.46,1.65,1.15,1798.12,2785.89,521.20,723.30,786.70,1099.51,210.37,521.00,626.52,624.39,550.31,454.10,362.50,387.62,1060.47,657.00,677.73,982.85,822.75,899.97,1060.98,1221.43,1284.76,1403.09,1393.07,1448.97,1774.49,1197.73,1111.15,730.82,918.85,1121.02,1169.33,755.27,1540.35,1872.92,1947.46,2348.71,2471.47,2751.67,2055.83,1521.95,1086.83,0.00
81026,81071,81048.5,2879.37,159.03,4.56,1.15,1430.34,1178.06,325.34,880.86,206.22,711.37,144.65,571.34,581.28,549.30,413.47,470.61,907.25,283.59,763.30,271.48,1254.16,1322.07,1111.78,1264.97,1996.75,1998.04,2260.56,2484.82,2640.99,2761.58,2650.57,2567.51,2334.97,1217.05,1493.92,865.82,1346.36,1564.89,3738.37,4560.55,4659.60,6513.23,6064.01,6441.27,5638.44,5099.90,4519.93,0.00
81085,81130,81107.5,13381.88,351.62,8.22,1.15,17496.05,25507.39,14796.96,11208.55,6417.38,2825.95,3012.64,1243.31,1213.30,1935.62,1652.23,1971.51,2087.35,2307.35,2349.64,2949.97,3726.68,2949.92,3972.83,5912.37,6777.90,9270.06,12762.98,13617.17,13296.32,15014.91,15692.86,18792.74,22599.73,19152.79,18360.76,17634.33,13405.44,8757.73,9825.04,10828.39,9521.86,10629.71,9696.83,8709.17,7163.42,5970.54,5255.92,0.00
81144,81189,81166.5,13431.48,724.04,18.95,1.15,4156.89,1669.67,1811.94,2459.42,0.01,731.29,326.20,609.68,207.08,127.32,484.23,246.81,272.37,359.52,337.77,691.45,1823.34,2113.14,2346.97,2825.68,3196.86,2145.32,1715.57,8005.18,8313.38,4303.15,7313.81,16504.18,25565.22,30224.59,24319.75,30726.32,19921.70,19460.78,25765.79,24302.72,22841.60,28939.54,27272.12,24423.11,19914.31,16400.74,11580.15,0.00
