Data/Raw/MOORE,RICHARD/FIREXAQ-LARGE-SMPS_DC8_20190819_R0.ict
88,1001
Richard Moore, Elizabeth Wiggins, Edward Winstead, Claire Robinson, Lee Thornhill, and Kevin Sanchez
NASA Langley Research Center
In-situ Submicron Particle Size Distributions from a SMPS on the NASA DC-8
FIREXAQ
1,1
2019,08,19,2020,03,10
0
Time_start,Secs after midnight,Time of acquisition
50
1,1,1,1,1,1,1,1,1,1,1,1,1,1,1,1,1,1,1,1,1,1,1,1,1,1,1,1,1,1,1,1,1,1,1,1,1,1,1,1,1,1,1,1,1,1,1,1,1,1
-9999,-9999,-9999,-9999,-9999,-9999,-9999,-9999,-9999,-9999,-9999,-9999,-9999,-9999,-9999,-9999,-9999,-9999,-9999,-9999,-9999,-9999,-9999,-9999,-9999,-9999,-9999,-9999,-9999,-9999,-9999,-9999,-9999,-9999,-9999,-9999,-9999,-9999,-9999,-9999,-9999,-9999,-9999,-9999,-9999,-9999,-9999,-9999,-9999,-9999
Time_stop,Secs after midnight,Time of acquisition
Time_mid,Secs after midnight,Time of acquisition
nSMPS_stdPT,#/cm3,AerMP_NumConc_InSitu_RHd_Mobility_NucltoAccu_STP,integrated_number_density
sSMPS_stdPT,um2/cm3,AerMP_SurfAreaConc_InSitu_RHd_Mobility_NucltoAccu_STP,integrated_surface_area
vSMPS_stdPT,um3/cm3,AerMP_VolConc_InSitu_RHd_Mobility_NucltoAccu_STP,integrated_volume
SMPS_stdPT, unitless, None, conversion between ambient PT and standard PT (1013, 273)
SMPS_bin00_stdPT,#/cm3,AerMP_NumSizeDist_InSitu_RHd_Mobility_NucltoAccu_STP,Binned number size distribution (in dNdlogDp) measured by the SMPS
SMPS_bin01_stdPT,#/cm3,AerMP_NumSizeDist_InSitu_RHd_Mobility_NucltoAccu_STP,Binned number size distribution (in dNdlogDp) measured by the SMPS
SMPS_bin02_stdPT,#/cm3,AerMP_NumSizeDist_InSitu_RHd_Mobility_NucltoAccu_STP,Binned number size distribution (in dNdlogDp) measured by the SMPS
SMPS_bin03_stdPT,#/cm3,AerMP_NumSizeDist_InSitu_RHd_Mobility_NucltoAccu_STP,Binned number size distribution (in dNdlogDp) measured by the SMPS
SMPS_bin04_stdPT,#/cm3,AerMP_NumSizeDist_InSitu_RHd_Mobility_NucltoAccu_STP,Binned number size distribution (in dNdlogDp) measured by the SMPS
SMPS_bin05_stdPT,#/cm3,AerMP_NumSizeDist_InSitu_RHd_Mobility_NucltoAccu_STP,Binned number size distribution (in dNdlogDp) measured by the SMPS
SMPS_bin06_stdPT,#/cm3,AerMP_NumSizeDist_InSitu_RHd_Mobility_NucltoAccu_STP,Binned number size distribution (in dNdlogDp) measured by the SMPS
SMPS_bin07_stdPT,#/cm3,AerMP_NumSizeDist_InSitu_RHd_Mobility_NucltoAccu_STP,Binned number size distribution (in dNdlogDp) measured by the SMPS
SMPS_bin08_stdPT,#/cm3,AerMP_NumSizeDist_InSitu_RHd_Mobility_NucltoAccu_STP,Binned number size distribution (in dNdlogDp) measured by the SMPS
SMPS_bin09_stdPT,#/cm3,AerMP_NumSizeDist_InSitu_RHd_Mobility_NucltoAccu_STP,Binned number size distribution (in dNdlogDp) measured by the SMPS
SMPS_bin10_stdPT,#/cm3,AerMP_NumSizeDist_InSitu_RHd_Mobility_NucltoAccu_STP,Binned number size distribution (in dNdlogDp) measured by the SMPS
SMPS_bin11_stdPT,#/cm3,AerMP_NumSizeDist_InSitu_RHd_Mobility_NucltoAccu_STP,Binned number size distribution (in dNdlogDp) measured by the SMPS
SMPS_bin12_stdPT,#/cm3,AerMP_NumSizeDist_InSitu_RHd_Mobility_NucltoAccu_STP,Binned number size distribution (in dNdlogDp) measured by the SMPS
SMPS_bin13_stdPT,#/cm3,AerMP_NumSizeDist_InSitu_RHd_Mobility_NucltoAccu_STP,Binned number size distribution (in dNdlogDp) measured by the SMPS
SMPS_bin14_stdPT,#/cm3,AerMP_NumSizeDist_InSitu_RHd_Mobility_NucltoAccu_STP,Binned number size distribution (in dNdlogDp) measured by the SMPS
[...]
UNCERTAINTY:  20%
ULOD_FLAG: -7777
ULOD_VALUE: N/A
LLOD_FLAG: -8888
LLOD_VALUE: N/A
DM_CONTACT_INFO: Lee Thornhill (Kenneth.L.Thornhill@nasa.gov)
PROJECT_INFO: FIREX-AQ
STIPULATIONS_ON_USE: No stipulations on use. The user is encouraged to contact the PI or DM prior to use.
OTHER_COMMENTS: Midpoint diameters of Bins 00 to 43 are: 0.011,0.012,0.013,0.014,0.015,0.016,0.017,0.018,0.019,0.021,0.022,0.024,0.026,0.028,0.030,0.032,0.035,0.037,0.040,0.043,0.046,0.050,0.053,0.057,0.061,0.066,0.071,0.076,0.082,0.088,0.095,0.102,0.109,0.118,0.126,0.136,0.146,0.157,0.168,0.181,0.194,0.209,0.225,0.241
REVISION: R0
R0: Final Data. Data are corrected for time lags and ammonium sulfate size calibrations.
*******************************************************************************************************************************
Time_start,Time_stop,Time_mid,nSMPS_stdPT,sSMPS_stdPT,vSMPS_stdPT,SMPS_stdPT,SMPS_bin00_stdPT,SMPS_bin01_stdPT,SMPS_bin02_stdPT,SMPS_bin03_stdPT,SMPS_bin04_stdPT,SMPS_bin05_stdPT,SMPS_bin06_stdPT,SMPS_bin07_stdPT,SMPS_bin08_stdPT,SMPS_bin09_stdPT,SMPS_bin10_stdPT,SMPS_bin11_stdPT,SMPS_bin12_stdPT,SMPS_bin13_stdPT,SMPS_bin14_stdPT,SMPS_bin15_stdPT,SMPS_bin16_stdPT,SMPS_bin17_stdPT,SMPS_bin18_stdPT,SMPS_bin19_stdPT,SMPS_bin20_stdPT,SMPS_bin21_stdPT,SMPS_bin22_stdPT,SMPS_bin23_stdPT,SMPS_bin24_stdPT,SMPS_bin25_stdPT,SMPS_bin26_stdPT,SMPS_bin27_stdPT,SMPS_bin28_stdPT,SMPS_bin29_stdPT,SMPS_bin30_stdPT,SMPS_bin31_stdPT,SMPS_bin32_stdPT,SMPS_bin33_stdPT,SMPS_bin34_stdPT,SMPS_bin35_stdPT,SMPS_bin36_stdPT,SMPS_bin37_stdPT,SMPS_bin38_stdPT,SMPS_bin39_stdPT,SMPS_bin40_stdPT,SMPS_bin41_stdPT,SMPS_bin42_stdPT,SMPS_bin43_stdPT
[from data line 97]
70076,70121,70098.5,1662.46,10.03,0.14,2.54,0.00,0.00,0.00,0.00,2964.52,2540.09,5952.25,3380.62,1599.15,2043.92,3514.36,1211.05,3313.62,1784.69,2543.78,2126.42,2457.09,1726.74,1509.96,1609.12,1499.84,1540.07,1313.63,1178.93,830.08,1357.05,870.93,857.70,820.35,661.26,550.26,497.59,173.25,225.39,156.58,28.63,0.00,56.00,160.48,21.95,15.38,25.48,0.00,39.97
70135,70180,70157.5,2444.16,15.05,0.31,2.39,0.00,0.00,0.00,0.00,12452.72,6910.20,9920.27,4881.98,4769.11,3689.75,4301.60,3930.93,3917.98,2653.49,2279.83,2763.82,1117.99,1752.31,995.84,1180.60,720.90,1012.71,872.89,431.78,555.18,530.50,455.71,691.43,615.70,528.05,631.08,635.42,504.32,291.42,388.33,228.35,259.78,355.17,188.84,204.02,37.20,178.43,72.79,93.19
70194,70239,70216.5,1018.25,14.91,0.33,2.25,0.00,0.00,0.00,0.00,2607.78,2143.42,1422.74,1285.58,1908.70,930.01,812.29,219.49,1534.63,925.67,1013.33,422.40,1120.00,1014.87,1004.29,751.53,982.66,871.80,985.96,510.75,1237.87,715.60,644.98,921.94,714.92,795.14,674.01,564.89,743.83,629.81,399.28,331.45,303.94,337.62,245.84,178.03,232.35,86.90,222.98,25.72
70253,70298,70275.5,1204.35,21.70,0.57,2.11,0.00,0.00,0.00,2001.34,6721.17,2478.98,2537.21,1718.74,1767.30,585.70,678.39,399.15,115.14,803.83,586.48,392.08,777.17,743.07,822.90,282.56,906.27,270.09,516.41,1120.69,749.90,823.76,1162.31,945.34,647.24,1068.10,783.45,670.98,516.09,852.43,657.21,311.34,394.33,511.54,143.59,442.57,385.63,370.76,264.02,250.01
70312,70357,70334.5,2169.82,104.13,3.35,1.98,0.00,0.00,0.00,1744.42,4258.05,3076.73,2169.93,1178.25,1114.80,473.78,1598.71,1339.82,1152.79,943.37,1218.12,994.18,744.29,675.50,725.36,868.84,997.21,1405.50,1083.48,1264.86,1436.60,1796.03,1852.81,1468.05,1699.58,1366.85,1620.14,1818.24,1954.65,2572.67,1978.29,1957.94,1291.61,1894.49,2156.47,2234.08,2180.65,2124.45,1651.95,2166.80
70371,70416,70393.5,1931.23,93.08,2.83,1.88,0.00,0.00,0.00,0.00,0.00,879.54,0.00,499.98,376.21,1163.13,668.00,2105.35,1535.48,1829.51,1862.57,1167.01,1133.95,1442.50,958.26,701.21,728.34,923.40,1399.79,1170.23,1464.37,1686.73,2307.25,1629.63,2411.37,2179.30,2081.06,2289.55,2655.19,1885.62,1878.21,1922.63,1825.07,1865.37,2021.01,1755.12,2224.00,1851.29,1822.31,1319.36
70430,70475,70452.5,1609.35,78.52,2.43,1.82,0.00,0.00,1197.66,0.00,664.70,0.00,0.00,763.47,546.48,693.90,1113.57,976.72,1134.60,849.12,1111.45,1139.60,920.21,642.45,707.35,360.20,1027.68,1066.41,1564.38,1895.45,1526.62,1704.54,1336.93,1522.23,1800.10,1587.95,1672.33,1515.63,1191.30,1504.30,1467.42,1735.70,1491.67,1975.33,1087.33,1855.14,1804.22,1499.31,1527.06,1361.47
70489,70534,70511.5,1818.84,90.38,2.74,1.79,0.00,0.00,0.00,799.58,0.00,946.23,0.00,1335.92,570.95,967.44,396.02,1414.34,650.20,615.64,858.29,721.16,675.14,1186.68,905.18,852.83,879.02,1549.18,1097.81,1676.47,1818.25,1521.05,1977.54,2006.14,2124.98,2338.58,1593.29,1785.94,2386.59,1722.15,2432.67,1589.47,2182.45,2050.07,1765.71,1868.90,2132.00,1683.25,1693.31,1287.99
70548,70593,70570.5,1627.14,75.69,2.28,1.77,0.00,0.00,0.00,0.00,0.00,472.72,348.50,995.73,566.12,394.93,1243.64,1322.85,636.96,1029.59,861.79,1084.66,489.59,904.01,1088.65,1094.90,1151.99,1606.97,1624.35,1250.48,1586.96,2003.53,1803.92,1247.11,1749.17,1669.57,1526.20,1268.30,1638.30,2427.79,1766.27,2214.50,1489.86,1740.88,1065.97,1184.90,1478.46,1676.60,1226.66,1358.70
70607,70652,70629.5,1647.75,79.92,2.34,1.77,0.00,0.00,0.00,0.00,554.37,0.00,1007.26,236.50,398.32,644.65,513.53,797.02,1050.62,839.34,1388.34,1013.00,843.55,1313.12,1389.77,983.00,1475.28,1054.69,1330.51,1261.20,928.63,922.40,1089.63,534.00,959.51,1766.34,2080.99,2162.12,2369.04,2372.42,2297.17,1996.24,1911.62,2184.97,1908.59,1870.99,2118.41,1500.56,1397.04,858.22
70666,70711,70688.5,1535.27,89.96,2.89,1.77,0.00,0.00,1197.68,0.00,0.00,0.00,350.47,0.17,213.40,474.76,408.03,360.62,0.00,312.14,1197.45,807.45,638.42,874.50,1559.60,969.82,901.29,1268.17,1902.81,1813.49,1620.39,2003.92,1473.81,1548.17,1966.50,1324.21,466.93,691.15,881.87,1285.87,1099.81,1189.36,1497.28,2077.62,1879.09,2517.34,2475.36,2312.39,1763.12,1428.38
70725,70770,70747.5,1595.04,85.31,2.60,1.77,0.00,0.00,0.00,0.00,555.27,407.51,342.82,270.15,191.27,343.79,271.36,347.95,655.21,463.61,725.54,302.13,363.39,742.87,500.30,1076.90,1237.64,1581.47,1357.95,1215.01,2058.75,1590.02,1776.36,1839.30,2370.26,1636.60,2003.98,1941.84,1451.77,1908.61,1907.92,1876.32,1612.22,1772.90,1924.49,1641.07,2315.98,1859.49,1475.45,1139.36
70784,70829,70806.5,1818.63,86.90,2.56,1.77,0.00,0.00,0.00,0.00,0.00,0.00,610.97,237.73,209.02,797.10,672.26,904.02,797.13,626.49,834.17,438.93,677.35,913.16,755.11,712.02,1052.90,1761.10,1621.16,2130.00,1909.80,2355.65,2874.54,2951.38,1848.30,2880.89,2793.02,2151.50,1814.30,2322.32,1704.94,976.39,1769.67,2285.77,1638.88,1925.24,1845.56,2118.55,1429.55,1137.64
70843,70888,70865.5,1804.38,78.25,2.30,1.77,0.00,0.00,0.00,0.00,0.00,403.90,0.00,1014.84,427.25,644.43,1055.18,1529.42,898.12,439.38,980.58,673.63,1456.48,661.05,1181.37,1188.06,1842.17,2098.39,2197.45,1746.07,2065.24,2487.38,1743.48,2338.64,2037.27,2005.72,1934.74,2241.04,1849.70,1608.87,1864.97,1524.49,1403.30,1726.28,1430.39,1574.82,1932.63,1393.56,1745.93,642.59
70902,70947,70924.5,1935.43,83.24,2.47,1.77,0.00,0.00,0.00,0.00,0.00,415.46,333.69,740.46,954.69,910.89,1512.15,1837.76,1348.72,934.92,1570.93,1187.66,780.43,1168.73,1490.12,904.38,1099.46,1941.23,1884.77,2216.42,1858.65,2838.20,1652.30,2332.92,1828.40,1915.95,1761.39,2147.59,2367.61,2380.61,1538.00,1267.20,1877.41,1418.17,1694.25,1522.34,2108.65,1759.74,1713.29,955.56
70961,71006,70983.5,1753.45,90.58,2.75,1.77,0.00,0.00,1305.33,0.00,0.02,0.00,0.00,553.68,915.05,380.32,659.40,830.75,771.36,373.20,836.94,496.70,647.23,478.58,708.56,922.96,976.60,1263.30,912.11,1728.85,2254.48,2445.57,1883.57,2177.47,1835.38,2106.11,2332.78,2166.96,2284.50,1691.11,1917.72,2241.71,1241.08,1869.77,1469.26,2078.59,2214.50,2000.21,1763.27,1472.45
71020,71065,71042.5,1464.78,81.31,2.51,1.77,0.00,0.00,0.00,0.00,0.00,879.35,0.00,0.00,295.79,227.64,245.22,358.99,685.66,265.62,599.96,668.45,524.54,704.17,1105.36,681.49,651.76,1123.58,868.33,1129.70,1586.29,1447.68,1370.69,1894.21,1539.87,2179.04,1790.84,1743.41,1919.77,2207.43,2165.42,1825.65,1810.60,1838.44,1281.35,993.90,1524.24,1529.88,1572.05,1388.80
71079,71124,71101.5,1831.88,104.33,3.23,1.75,0.00,0.00,0.00,0.00,0.00,627.87,611.25,423.50,0.00,830.01,596.08,217.66,570.15,308.52,774.53,897.23,518.41,630.82,1031.34,1083.18,814.19,896.83,1470.85,1145.00,1800.78,1959.58,1534.81,1607.89,1897.71,2058.28,2517.55,2825.94,2397.40,2652.29,2554.98,3044.88,1877.79,1950.96,2200.75,2037.81,2275.26,1921.41,1571.84,1631.37
71138,71183,71160.5,1241.02,62.79,1.81,1.73,0.00,0.00,0.00,0.00,0.01,0.00,0.05,660.67,189.21,138.67,240.41,106.04,66.29,71.18,512.52,478.67,613.02,891.94,395.19,882.21,963.00,1662.19,1425.99,1610.14,1195.93,1594.68,1491.13,1017.98,767.21,914.24,1530.93,1490.21,1813.05,2435.40,1433.29,1132.75,1595.62,1306.95,1312.10,1771.90,1530.61,1581.23,1149.18,1132.69
71197,71242,71219.5,1610.45,84.41,2.59,1.74,0.00,0.00,0.00,514.27,0.00,0.04,377.58,66.94,379.03,316.24,91.06,409.94,316.16,516.26,950.64,717.23,597.68,1280.73,1543.02,892.91,1008.92,1279.42,1282.20,1750.60,1537.71,1714.02,2324.92,1476.73,2200.32,2137.06,1914.65,1945.63,1599.00,2080.97,1632.30,1589.09,1138.03,1655.48,1726.95,1651.75,2049.93,1923.58,1756.60,1328.69
71256,71301,71278.5,1626.68,77.34,2.24,1.74,0.00,0.00,0.00,0.01,0.00,0.01,0.00,234.62,1521.20,307.69,678.31,573.55,894.16,695.47,926.48,954.22,1289.29,322.78,673.59,697.39,988.05,1153.20,1668.36,1974.14,1680.70,1898.43,1708.40,1711.39,1374.60,1304.02,1603.45,1620.83,2650.71,2384.45,2176.90,2470.60,2144.45,1742.57,1701.67,1629.88,1564.08,1496.65,1282.19,1100.32
71315,71360,71337.5,1717.74,84.71,2.58,1.74,0.00,0.00,1511.19,800.72,0.00,0.00,0.00,266.72,400.25,311.72,227.13,1122.31,1134.81,405.25,1419.38,1221.40,1078.82,1121.93,1117.95,1631.87,1178.52,1311.33,1294.95,1371.55,1387.39,1317.39,1625.48,1759.23,1380.15,1582.48,1923.02,1880.44,1500.37,1760.84,2293.72,1725.76,2474.87,1542.98,1624.10,1762.63,1885.94,1954.72,1520.79,1033.97
71374,71419,71396.5,1792.62,89.95,2.73,1.76,0.00,0.00,0.00,0.00,0.00,0.05,0.00,476.65,527.90,678.90,275.04,295.46,766.02,835.82,1578.96,1397.48,1309.61,1773.75,1741.49,1481.25,2107.90,1303.87,1239.57,1579.79,1350.85,1295.17,1453.42,2073.71,1861.64,1504.39,1851.44,2058.72,2176.42,1590.91,1969.84,1901.28,1718.16,2113.39,1969.42,2248.59,2036.90,1978.35,1569.13,1316.21
71433,71478,71455.5,1853.19,97.34,2.99,1.76,0.00,0.00,0.00,800.66,0.00,405.00,610.30,0.00,545.23,508.70,477.43,389.71,995.12,783.67,1289.14,1160.71,1385.27,1198.67,1448.51,1588.27,1199.18,1543.11,1220.23,1748.19,1635.32,1507.68,1523.49,1999.83,2135.82,1879.49,2059.90,1458.71,1609.00,1868.53,1385.32,1009.94,2137.70,2508.89,2363.07,2496.69,2858.96,2449.92,1501.69,1582.28
71492,71537,71514.5,2129.09,92.50,2.64,1.69,0.00,0.00,0.00,1607.56,0.00,0.00,302.03,626.94,333.73,705.73,531.46,544.71,1403.33,978.17,1514.91,1657.88,2124.46,1385.75,2138.97,1918.28,2617.98,1906.24,1840.70,1607.62,1455.34,1764.73,2086.42,2079.19,2300.84,2521.71,1773.51,1775.21,2121.87,2565.32,1584.95,2271.89,2336.80,2263.68,2344.18,2362.69,2538.74,2317.26,1617.25,1338.49
71551,71596,71573.5,2337.49,85.28,2.34,1.62,0.00,0.00,0.00,0.00,0.00,0.00,488.31,140.93,316.83,1139.95,1016.65,2051.43,915.81,2596.25,2285.69,2723.22,1742.89,1781.04,1904.33,2546.77,2307.65,2240.18,2121.28,2808.05,2417.12,2489.09,2965.16,2406.55,2259.22,2742.51,2440.21,2750.36,2424.18,1981.16,2298.26,1888.19,2183.54,1591.32,1432.38,1858.98,1823.96,1989.40,1346.99,1537.74
71610,71655,71632.5,3040.60,56.39,1.35,1.55,0.00,0.00,0.00,0.00,632.90,704.47,2095.23,1174.20,1293.22,1935.00,2415.59,2963.54,3492.23,4138.99,4682.10,5224.75,5942.34,6431.39,5063.70,4782.48,4318.26,4224.20,3255.09,3027.61,2661.55,1987.70,1472.48,2277.75,2195.63,1991.23,1607.52,1729.80,1287.87,1299.12,1512.45,1501.97,972.98,1204.90,1078.10,1032.85,863.09,980.37,885.01,471.41
71669,71714,71691.5,2928.24,66.79,1.72,1.55,0.00,1216.37,0.00,0.00,471.16,299.38,258.24,795.99,670.35,1271.66,1105.16,2837.87,2366.52,3700.74,4900.41,4088.44,5016.78,6881.26,6032.89,5191.56,3885.78,3753.59,3467.06,2517.34,2737.71,2303.09,2398.97,2069.12,1882.97,1370.24,1883.07,1694.35,2062.33,1828.35,1203.69,1047.44,1395.48,818.81,1204.19,1465.27,1526.84,1424.96,1112.31,1031.21
71728,71773,71750.5,3309.83,63.32,1.53,1.48,0.00,0.00,2433.13,103.91,716.97,0.00,405.27,1001.29,1266.54,2285.21,3375.49,3032.51,5130.35,4548.21,5977.85,5356.08,6162.60,4811.86,6007.02,5334.52,4461.89,4288.05,2588.97,2794.93,2656.06,2732.70,2513.76,2236.43,2185.27,1915.30,2060.39,1786.33,2183.94,1462.98,1419.80,1090.11,1368.31,1138.85,1523.57,1410.60,1109.42,959.58,927.97,716.99
71787,71832,71809.5,3708.50,88.61,2.38,1.38,1245.44,0.00,909.58,1562.84,640.75,1253.21,1688.09,2112.94,3488.49,2993.70,3322.90,4673.41,5506.99,5723.01,6282.09,6054.59,6085.73,5860.96,4595.53,4054.96,2406.38,3743.47,2219.73,2549.09,2560.67,2505.72,2145.25,2159.76,2245.13,1494.17,1548.50,1639.98,1860.96,1655.97,1527.13,1603.02,1548.00,1717.79,2571.67,2558.95,2858.63,2190.35,1846.87,1459.66
71846,71891,71868.5,1922.83,114.28,3.29,1.29,1256.44,0.00,0.00,0.00,0.00,0.00,162.27,0.00,118.19,113.56,281.14,48.78,176.45,123.06,619.45,715.89,525.41,830.51,1055.94,1239.99,1048.43,729.37,903.02,1720.95,1461.26,2040.98,1846.87,2200.32,1723.13,917.78,2093.65,2193.17,2561.16,1423.62,2508.67,3253.17,2821.35,3050.27,4279.87,4549.86,4050.95,2962.70,2433.04,1489.83
71905,71950,71927.5,2383.26,109.72,3.00,1.25,0.00,828.94,563.64,0.00,301.26,0.00,0.00,0.00,0.00,289.22,379.19,313.62,132.60,398.03,503.96,508.68,876.98,965.57,555.14,1467.42,2491.56,2134.66,2323.21,3065.31,3109.39,3899.62,4449.94,3651.44,3111.68,2528.00,3016.95,2934.92,1657.17,2283.56,3838.42,3329.73,2340.08,1750.93,3463.12,3599.59,2552.53,2582.21,2159.91,1906.26
71964,72009,71986.5,3803.49,127.68,3.20,1.23,4569.92,15.33,1043.16,348.31,1088.35,665.95,1040.76,802.60,1094.25,332.25,1433.07,1356.67,775.99,1102.19,1185.20,1157.08,1407.58,1287.26,1103.77,2966.64,3798.06,3841.50,3947.20,4837.91,5298.64,4312.87,4402.32,7135.67,7506.84,6918.88,5799.87,5044.39,3450.90,3343.49,3982.09,2869.11,2525.92,2726.20,3609.38,3124.29,2143.43,2373.18,2110.44,1832.81
72024,72069,72046.5,5165.62,140.28,3.37,1.21,4532.42,4912.33,986.74,1633.43,1289.83,2179.54,2741.62,1752.62,2064.06,968.81,1826.50,1974.51,2502.28,1901.66,1947.21,2226.37,1664.93,2114.19,1492.09,3837.37,5363.98,4135.41,3775.71,6980.43,8127.05,7145.22,7825.64,9738.67,10602.04,8289.47,6805.49,5629.01,3542.87,3210.59,3321.68,3076.65,2212.91,2566.32,3401.87,3013.20,3189.88,2621.97,2100.65,1531.88
72083,72128,72105.5,8531.32,209.51,4.68,1.18,1021.42,3202.36,2521.42,2378.55,3834.12,2688.17,2528.74,2518.78,1652.55,2405.86,1576.17,2188.53,2245.36,3137.52,4004.25,3513.08,3470.91,4417.77,5500.65,7669.53,10088.14,10706.59,13957.62,14090.39,10739.10,12812.74,14416.89,13316.17,13320.52,15550.92,16056.43,14280.36,9057.96,6140.81,3546.43,2313.33,2176.51,2860.77,4628.31,3943.88,3519.28,3323.56,2218.70,2395.56
72142,72187,72164.5,9679.23,169.68,3.67,1.17,11809.04,9143.18,3302.13,6160.72,8172.38,6779.85,6618.54,3932.03,2939.39,3085.53,2639.29,3766.44,2674.47,4255.41,5209.76,4050.92,4688.13,4787.26,4921.25,7240.07,8417.02,7806.33,7935.72,12511.51,15752.14,15803.12,15724.10,14012.88,13502.04,11481.00,8500.21,7204.66,5445.49,4284.81,3206.89,2714.14,2321.80,3084.05,2935.01,3041.55,2678.44,2255.80,2063.73,1772.86
