Data/Raw/MOORE,RICHARD/FIREXAQ-LARGE-SMPS_DC8_20190722_R0.ict
88,1001
Richard Moore, Elizabeth Wiggins, Edward Winstead, Claire Robinson, Lee Thornhill, and Kevin Sanchez
NASA Langley Research Center
In-situ Submicron Particle Size Distributions from a SMPS on the NASA DC-8
FIREXAQ
1,1
2019,07,22,2020,03,10
0
Time_start,Secs after midnight,Time of acquisition
50
1,1,1,1,1,1,1,1,1,1,1,1,1,1,1,1,1,1,1,1,1,1,1,1,1,1,1,1,1,1,1,1,1,1,1,1,1,1,1,1,1,1,1,1,1,1,1,1,1,1
-9999,-9999,-9999,-9999,-9999,-9999,-9999,-9999,-9999,-9999,-9999,-9999,-9999,-9999,-9999,-9999,-9999,-9999,-9999,-9999,-9999,-9999,-9999,-9999,-9999,-9999,-9999,-9999,-9999,-9999,-9999,-9999,-9999,-9999,-9999,-9999,-9999,-9999,-9999,-9999,-9999,-9999,-9999,-9999,-9999,-9999,-9999,-9999,-9999,-9999
Time_stop,Secs after midnight,Time of acquisition
Time_mid,Secs after midnight,Time of acquisition
nSMPS_stdPT,#/cm3,AerMP_NumConc_InSitu_RHd_Mobility_NucltoAccu_STP,integrated_number_density
sSMPS_stdPT,um2/cm3,AerMP_SurfAreaConc_InSitu_RHd_Mobility_NucltoAccu_STP,integrated_surface_area
vSMPS_stdPT,um3/cm3,AerMP_VolConc_InSitu_RHd_Mobility_NucltoAccu_STP,integrated_volume
SMPS_stdPT, unitless, None, conversion between ambient PT and standard PT (1013, 273)
SMPS_bin00_stdPT,#/cm3,AerMP_NumSizeDist_InSitu_RHd_Mobility_NucltoAccu_STP,Binned number size distribution (in dNdlogDp) measured by the SMPS
SMPS_bin01_stdPT,#/cm3,AerMP_NumSizeDist_InSitu_RHd_Mobility_NucltoAccu_STP,Binned number size distribution (in dNdlogDp) measured by the SMPS
SMPS_bin02_stdPT,#/cm3,AerMP_NumSizeDist_InSitu_RHd_Mobility_NucltoAccu_STP,Binned number size distribution (in dNdlogDp) measured by the SMPS
SMPS_bin03_stdPT,#/cm3,AerMP_NumSizeDist_InSitu_RHd_Mobility_NucltoAccu_STP,Binned number size distribution (in dNdlogDp) measured by the SMPS
SMPS_bin04_stdPT,#/cm3,AerMP_NumSizeDist_InSitu_RHd_Mobility_NucltoAccu_STP,Binned number size distribution (in dNdlogDp) measured by the SMPS
SMPS_bin05_stdPT,#/cm3,AerMP_NumSizeDist_InSitu_RHd_Mobility_NucltoAccu_STP,Binned number size distribution (in dNdlogDp) measured by the SMPS
SMPS_bin06_stdPT,#/cm3,AerMP_NumSizeDist_InSitu_RHd_Mobility_NucltoAccu_STP,Binned number size distribution (in dNdlogDp) measured by the SMPS
SMPS_bin07_stdPT,#/cm3,AerMP_NumSizeDist_InSitu_RHd_Mobility_NucltoAccu_STP,Binned number size distribution (in dNdlogDp) measured by the SMPS
SMPS_bin08_stdPT,#/cm3,AerMP_NumSizeDist_InSitu_RHd_Mobility_NucltoAccu_STP,Binned number size distribution (in dNdlogDp) measured by the SMPS
SMPS_bin09_stdPT,#/cm3,AerMP_NumSizeDist_InSitu_RHd_Mobility_NucltoAccu_STP,Binned number size distribution (in dNdlogDp) measured by the SMPS
SMPS_bin10_stdPT,#/cm3,AerMP_NumSizeDist_InSitu_RHd_Mobility_NucltoAccu_STP,Binned number size distribution (in dNdlogDp) measured by the SMPS
SMPS_bin11_stdPT,#/cm3,AerMP_NumSizeDist_InSitu_RHd_Mobility_NucltoAccu_STP,Binned number size distribution (in dNdlogDp) measured by the SMPS
SMPS_bin12_stdPT,#/cm3,AerMP_NumSizeDist_InSitu_RHd_Mobility_NucltoAccu_STP,Binned number size distribution (in dNdlogDp) measured by the SMPS
SMPS_bin13_stdPT,#/cm3,AerMP_NumSizeDist_InSitu_RHd_Mobility_NucltoAccu_STP,Binned number size distribution (in dNdlogDp) measured by the SMPS
SMPS_bin14_stdPT,#/cm3,AerMP_NumSizeDist_InSitu_RHd_Mobility_NucltoAccu_STP,Binned number size distribution (in dNdlogDp) measured by the SMPS
[...]
UNCERTAINTY:  20%
ULOD_FLAG: -7777
ULOD_VALUE: N/A
LLOD_FLAG: -8888
LLOD_VALUE: N/A
DM_CONTACT_INFO: Lee Thornhill (Kenneth.L.Thornhill@nasa.gov)
PROJECT_INFO: FIREX-AQ
STIPULATIONS_ON_USE: No stipulations on use. The user is encouraged to contact the PI or DM prior to use.
OTHER_COMMENTS: Midpoint diameters of Bins 00 to 43 are: 0.011,0.012,0.013,0.014,0.015,0.016,0.017,0.018,0.019,0.021,0.022,0.024,0.026,0.028,0.030,0.032,0.035,0.037,0.040,0.043,0.046,0.050,0.053,0.057,0.061,0.066,0.071,0.076,0.082,0.088,0.095,0.102,0.109,0.118,0.126,0.136,0.146,0.157,0.168,0.181,0.194,0.209,0.225,0.241
REVISION: R0
R0: Final Data. Data are corrected for time lags and ammonium sulfate size calibrations.
*******************************************************************************************************************************
Time_start,Time_stop,Time_mid,nSMPS_stdPT,sSMPS_stdPT,vSMPS_stdPT,SMPS_stdPT,SMPS_bin00_stdPT,SMPS_bin01_stdPT,SMPS_bin02_stdPT,SMPS_bin03_stdPT,SMPS_bin04_stdPT,SMPS_bin05_stdPT,SMPS_bin06_stdPT,SMPS_bin07_stdPT,SMPS_bin08_stdPT,SMPS_bin09_stdPT,SMPS_bin10_stdPT,SMPS_bin11_stdPT,SMPS_bin12_stdPT,SMPS_bin13_stdPT,SMPS_bin14_stdPT,SMPS_bin15_stdPT,SMPS_bin16_stdPT,SMPS_bin17_stdPT,SMPS_bin18_stdPT,SMPS_bin19_stdPT,SMPS_bin20_stdPT,SMPS_bin21_stdPT,SMPS_bin22_stdPT,SMPS_bin23_stdPT,SMPS_bin24_stdPT,SMPS_bin25_stdPT,SMPS_bin26_stdPT,SMPS_bin27_stdPT,SMPS_bin28_stdPT,SMPS_bin29_stdPT,SMPS_bin30_stdPT,SMPS_bin31_stdPT,SMPS_bin32_stdPT,SMPS_bin33_stdPT,SMPS_bin34_stdPT,SMPS_bin35_stdPT,SMPS_bin36_stdPT,SMPS_bin37_stdPT,SMPS_bin38_stdPT,SMPS_bin39_stdPT,SMPS_bin40_stdPT,SMPS_bin41_stdPT,SMPS_bin42_stdPT,SMPS_bin43_stdPT
[from data line 85]
70815,70860,70837.5,2862.49,22.94,0.41,1.37,15947.68,5431.39,2882.61,5958.66,5495.75,5310.24,3182.99,2777.98,2776.36,1619.78,1753.41,1273.33,1395.58,1547.13,1445.08,1278.70,1646.21,1281.32,1064.27,1415.01,1922.88,2109.80,1737.52,2060.68,2094.40,2299.33,1319.57,1596.54,1646.79,1620.46,1355.86,1500.27,1190.59,903.06,534.66,349.81,356.89,286.42,294.63,249.56,287.63,225.40,108.80,64.79
70874,70919,70896.5,870.97,18.83,0.48,1.45,1271.09,2037.10,1388.61,1333.82,1895.15,757.70,400.57,641.90,122.61,222.05,192.48,248.74,551.42,398.77,515.33,842.74,632.19,408.15,853.85,473.58,676.35,459.14,698.41,544.31,721.64,717.31,391.89,452.02,519.78,595.54,769.51,785.42,903.64,375.96,447.63,524.23,392.17,230.82,547.49,637.42,356.68,314.66,324.77,296.27
70933,70978,70955.5,1735.91,42.84,1.02,1.55,0.00,1583.99,2318.89,1401.71,415.36,348.92,302.61,360.26,312.44,538.08,206.74,156.21,319.46,955.27,535.62,1129.42,1355.87,1010.58,2051.23,2115.35,2808.84,2696.28,3020.83,2856.42,2537.59,2668.92,2438.14,1930.32,1784.83,1531.40,1069.88,1399.11,1411.98,1296.49,1248.05,1029.44,857.36,1102.37,761.41,1058.15,925.72,583.28,531.47,346.61
70992,71037,71014.5,2879.12,29.02,0.68,1.64,0.00,0.00,9251.17,7681.84,12327.09,6424.03,7533.21,7232.35,4808.32,3669.56,1580.76,2709.64,1692.29,831.54,759.19,977.97,621.27,731.38,1304.75,1095.06,999.18,930.91,1552.52,1239.54,866.38,639.21,1604.96,1203.15,873.74,624.60,1561.79,904.55,776.09,1396.71,996.78,733.03,506.37,769.76,599.25,534.82,407.39,375.02,271.81,303.41
71051,71096,71073.5,1065.82,25.41,0.63,1.73,0.00,0.00,996.76,1366.76,1053.32,656.20,1532.63,1138.78,756.62,430.23,482.53,425.79,449.79,415.82,566.98,1053.74,654.23,1058.97,1051.92,882.01,1145.52,1319.72,1089.67,1090.29,860.12,731.03,485.38,912.18,1053.75,1151.46,933.36,1185.75,974.18,1085.63,931.23,782.57,396.22,384.92,547.02,309.38,494.26,420.75,318.22,325.15
71110,71155,71132.5,978.09,17.41,0.43,1.83,0.00,0.00,3509.97,3282.95,823.83,0.00,1581.22,276.92,524.06,468.85,487.70,614.16,583.51,395.18,507.29,901.06,883.82,877.61,998.34,690.84,582.74,1060.64,841.91,1212.98,886.44,992.61,535.96,668.89,667.43,724.11,487.00,375.38,1059.76,743.13,458.52,460.56,527.42,43.19,226.61,202.99,177.72,287.25,156.10,326.45
71169,71214,71191.5,869.34,18.59,0.47,1.85,0.00,0.00,0.00,822.26,638.97,0.00,872.20,147.98,391.13,213.34,349.11,486.03,1074.60,804.35,341.86,1055.97,907.88,1325.10,1282.47,1307.72,1909.53,916.86,1385.63,944.58,943.31,1031.64,1091.86,994.68,630.37,503.74,652.32,638.64,447.80,549.05,237.90,450.19,333.80,340.73,270.53,179.68,289.30,331.93,206.88,178.21
71228,71273,71250.5,878.74,15.28,0.36,1.86,0.00,0.00,0.00,995.77,0.00,0.00,312.33,244.45,1151.17,708.32,1264.33,1106.22,658.19,1216.98,969.60,1012.16,786.99,874.23,1608.04,1368.18,1285.23,1058.74,1269.47,822.07,899.02,875.43,837.40,771.45,623.69,755.40,735.96,361.09,305.75,720.62,533.52,406.85,192.61,195.29,307.07,31.94,183.34,158.40,151.73,58.33
71287,71332,71309.5,720.33,14.01,0.32,1.90,0.00,0.00,0.00,0.00,0.00,6.14,1431.29,0.00,217.91,484.69,572.18,730.04,634.50,556.52,441.04,757.04,1243.81,900.38,741.13,933.38,1400.10,1100.33,1050.86,967.30,877.89,517.79,908.29,449.53,622.97,412.22,872.44,792.62,495.65,595.18,412.43,424.75,387.79,183.47,108.27,86.08,203.72,138.63,119.21,60.79
71346,71391,71368.5,1076.62,18.73,0.42,1.91,0.00,0.00,0.00,3658.80,3567.58,427.97,722.66,0.00,0.46,395.55,839.73,815.87,534.79,322.47,1275.13,515.57,477.18,1202.60,1416.46,1216.85,837.13,1590.92,762.49,1040.09,1070.01,1088.84,1165.65,969.60,969.90,940.38,1246.03,830.25,694.79,603.65,679.75,382.11,440.08,338.31,388.75,127.86,284.80,128.07,90.60,181.11
71405,71450,71427.5,1014.18,24.08,0.57,1.76,0.00,0.00,0.00,825.57,571.93,709.58,53.81,240.02,749.33,8.98,911.69,684.47,596.64,738.67,852.51,664.36,1473.73,862.75,1764.79,1205.90,1308.78,1405.74,938.69,1390.95,867.62,809.40,1085.18,790.20,1232.61,826.78,736.22,1251.70,1215.55,722.00,662.72,1038.91,534.51,326.84,530.79,685.99,362.32,218.37,247.27,199.84
71464,71509,71486.5,968.57,25.03,0.62,1.73,0.00,0.00,2279.97,684.66,968.84,0.01,0.00,0.00,541.41,588.45,114.79,515.80,340.34,456.85,751.97,449.81,690.69,850.72,911.02,1281.26,1323.75,1351.26,891.19,1093.94,769.87,1041.58,762.51,652.18,1012.70,1458.57,1037.90,1021.80,1164.11,849.78,1047.05,649.87,584.75,546.77,444.92,414.07,341.26,171.81,409.88,255.33
71523,71568,71545.5,735.43,21.56,0.54,1.73,0.00,0.00,0.00,0.00,571.60,0.00,311.37,0.00,0.00,0.00,368.79,636.28,386.61,415.61,509.48,525.53,935.42,1198.77,728.65,1012.31,688.55,812.03,984.35,876.83,546.29,761.85,783.67,924.24,892.45,556.64,813.56,1030.49,752.40,1003.65,1008.82,627.44,513.39,453.09,294.75,194.27,293.53,322.58,307.83,186.82
71582,71627,71604.5,1059.34,18.57,0.45,1.72,0.00,0.00,2787.07,3035.15,2112.53,1488.48,1056.50,1330.63,712.19,436.73,441.95,250.66,692.81,1145.44,1068.15,817.79,767.94,1097.35,704.61,759.95,820.62,731.29,420.38,424.12,812.09,891.96,587.88,625.75,564.24,698.68,638.54,795.64,496.96,820.40,594.56,465.27,535.76,443.53,395.47,118.88,406.29,357.23,274.32,118.66
71641,71686,71663.5,807.51,25.34,0.66,1.73,0.00,0.00,0.00,825.54,0.01,0.03,0.00,0.00,193.46,154.74,438.49,367.76,608.77,708.67,742.61,814.83,955.26,914.08,960.35,1076.96,797.60,685.94,837.64,849.92,998.13,647.54,694.32,503.34,844.86,1037.54,676.88,1232.56,936.27,1124.04,740.50,559.86,491.75,362.85,530.90,773.54,540.27,347.74,273.11,324.63
71700,71745,71722.5,794.93,23.85,0.60,1.73,0.00,0.00,0.00,685.11,0.00,358.65,0.00,213.53,184.04,196.00,628.53,276.05,350.61,756.11,684.34,673.50,624.39,1059.25,1214.69,933.82,770.48,891.20,767.65,665.98,649.60,665.59,912.05,945.10,932.68,968.07,677.83,912.57,716.06,680.27,702.85,861.66,659.60,581.61,450.64,536.76,534.02,452.94,295.85,246.23
71759,71804,71781.5,0.00,0.00,0.00,1.73,0.00,0.00,0.00,0.00,0.00,0.00,0.00,0.00,0.00,0.00,0.00,0.00,0.00,0.00,0.00,0.00,0.00,0.00,0.00,0.00,0.00,0.00,0.00,0.00,0.00,0.00,0.00,0.00,0.00,0.00,0.00,0.00,0.00,0.00,0.00,0.00,0.00,0.00,0.00,0.00,0.00,0.00,0.00,0.00
71818,71863,71840.5,0.00,0.00,0.00,1.73,0.00,0.00,0.00,0.00,0.00,0.00,0.00,0.00,0.00,0.00,0.00,0.00,0.00,0.00,0.00,0.00,0.00,0.00,0.00,0.00,0.00,0.00,0.00,0.00,0.00,0.00,0.00,0.00,0.00,0.00,0.00,0.00,0.00,0.00,0.00,0.00,0.00,0.00,0.00,0.00,0.00,0.00,0.00,0.00
71877,71922,71899.5,0.00,0.00,0.00,1.73,0.00,0.00,0.00,0.00,0.00,0.00,0.00,0.00,0.00,0.00,0.00,0.00,0.00,0.00,0.00,0.00,0.00,0.00,0.00,0.00,0.00,0.00,0.00,0.00,0.00,0.00,0.00,0.00,0.00,0.00,0.00,0.00,0.00,0.00,0.00,0.00,0.00,0.00,0.00,0.00,0.00,0.00,0.00,0.00
71937,71982,71959.5,0.00,0.00,0.00,1.73,0.00,0.00,0.00,0.00,0.00,0.00,0.00,0.00,0.00,0.00,0.00,0.00,0.00,0.00,0.00,0.00,0.00,0.00,0.00,0.00,0.00,0.00,0.00,0.00,0.00,0.00,0.00,0.00,0.00,0.00,0.00,0.00,0.00,0.00,0.00,0.00,0.00,0.00,0.00,0.00,0.00,0.00,0.00,0.00
71995,72040,72017.5,0.00,0.00,0.00,1.73,0.00,0.00,0.00,0.00,0.00,0.00,0.00,0.00,0.00,0.00,0.00,0.00,0.00,0.00,0.00,0.00,0.00,0.00,0.00,0.00,0.00,0.00,0.00,0.00,0.00,0.00,0.00,0.00,0.00,0.00,0.00,0.00,0.00,0.00,0.00,0.00,0.00,0.00,0.00,0.00,0.00,0.00,0.00,0.00
72054,72099,72076.5,0.00,0.00,0.00,1.73,0.00,0.00,0.00,0.00,0.00,0.00,0.00,0.00,0.00,0.00,0.00,0.00,0.00,0.00,0.00,0.00,0.00,0.00,0.00,0.00,0.00,0.00,0.00,0.00,0.00,0.00,0.00,0.00,0.00,0.00,0.00,0.00,0.00,0.00,0.00,0.00,0.00,0.00,0.00,0.00,0.00,0.00,0.00,0.00
72113,72158,72135.5,0.00,0.00,0.00,1.73,0.00,0.00,0.00,0.00,0.00,0.00,0.00,0.00,0.00,0.00,0.00,0.00,0.00,0.00,0.00,0.00,0.00,0.00,0.00,0.00,0.00,0.00,0.00,0.00,0.00,0.00,0.00,0.00,0.00,0.00,0.00,0.00,0.00,0.00,0.00,0.00,0.00,0.00,0.00,0.00,0.00,0.00,0.00,0.00
72173,72218,72195.5,0.00,0.00,0.00,1.73,0.00,0.00,0.00,0.00,0.00,0.00,0.00,0.00,0.00,0.00,0.00,0.00,0.00,0.00,0.00,0.00,0.00,0.00,0.00,0.00,0.00,0.00,0.00,0.00,0.00,0.00,0.00,0.00,0.00,0.00,0.00,0.00,0.00,0.00,0.00,0.00,0.00,0.00,0.00,0.00,0.00,0.00,0.00,0.00
72232,72277,72254.5,0.00,0.00,0.00,1.73,0.00,0.00,0.00,0.00,0.00,0.00,0.00,0.00,0.00,0.00,0.00,0.00,0.00,0.00,0.00,0.00,0.00,0.00,0.00,0.00,0.00,0.00,0.00,0.00,0.00,0.00,0.00,0.00,0.00,0.00,0.00,0.00,0.00,0.00,0.00,0.00,0.00,0.00,0.00,0.00,0.00,0.00,0.00,0.00
72291,72336,72313.5,0.00,0.00,0.00,1.74,0.00,0.00,0.00,0.00,0.00,0.00,0.00,0.00,0.00,0.00,0.00,0.00,0.00,0.00,0.00,0.00,0.00,0.00,0.00,0.00,0.00,0.00,0.00,0.00,0.00,0.00,0.00,0.00,0.00,0.00,0.00,0.00,0.00,0.00,0.00,0.00,0.00,0.00,0.00,0.00,0.00,0.00,0.00,0.00
72350,72395,72372.5,0.00,0.00,0.00,1.74,0.00,0.00,0.00,0.00,0.00,0.00,0.00,0.00,0.00,0.00,0.00,0.00,0.00,0.00,0.00,0.00,0.00,0.00,0.00,0.00,0.00,0.00,0.00,0.00,0.00,0.00,0.00,0.00,0.00,0.00,0.00,0.00,0.00,0.00,0.00,0.00,0.00,0.00,0.00,0.00,0.00,0.00,0.00,0.00
72409,72454,72431.5,0.00,0.00,0.00,1.73,0.00,0.00,0.00,0.00,0.00,0.00,0.00,0.00,0.00,0.00,0.00,0.00,0.00,0.00,0.00,0.00,0.00,0.00,0.00,0.00,0.00,0.00,0.00,0.00,0.00,0.00,0.00,0.00,0.00,0.00,0.00,0.00,0.00,0.00,0.00,0.00,0.00,0.00,0.00,0.00,0.00,0.00,0.00,0.00
72468,72513,72490.5,903.61,16.67,0.36,1.74,0.00,0.00,0.00,0.00,483.65,0.00,0.00,695.75,630.16,653.04,685.63,550.06,953.27,981.17,827.90,1285.64,1382.48,822.57,1280.47,1392.04,1753.58,947.39,1488.73,1219.20,1103.20,858.87,807.86,808.38,915.26,900.77,580.71,509.89,547.91,724.90,497.61,624.11,577.37,327.45,158.64,235.81,204.26,97.09,251.38,55.91
72527,72572,72549.5,940.28,15.82,0.34,1.74,0.00,0.00,999.50,1925.72,1761.10,416.33,625.26,239.86,286.76,538.13,314.08,361.05,885.25,440.02,1068.78,844.64,716.43,745.52,1039.76,552.87,1190.42,1069.45,990.77,1360.23,985.35,1494.12,1081.99,1010.19,895.57,1182.00,914.29,769.13,524.28,380.76,286.74,416.49,331.34,380.69,158.20,255.23,120.89,206.47,50.74,108.75
72586,72631,72608.5,839.03,15.07,0.32,1.74,0.00,0.00,1367.09,0.00,276.97,0.00,297.61,1349.65,504.67,330.68,12.51,305.09,816.78,620.66,958.08,1013.40,1044.56,778.11,969.96,1387.32,1260.17,720.15,889.95,1161.42,840.31,782.84,798.07,1079.82,924.22,894.16,827.14,1183.68,717.14,484.38,494.30,401.64,113.66,156.08,240.50,101.94,247.15,194.26,142.22,52.83
72645,72690,72667.5,1209.92,13.90,0.26,1.74,0.00,0.00,5487.52,1826.14,1389.69,658.18,788.49,917.10,575.65,1470.20,850.00,325.80,784.55,617.16,1143.24,1481.22,658.89,1113.97,1159.20,1453.25,847.94,1412.19,1075.50,1734.63,1276.91,1127.54,1168.80,1220.74,985.23,929.24,728.66,651.79,471.01,513.92,426.77,284.68,177.16,237.48,235.42,104.89,126.99,125.10,75.87,25.73
72704,72749,72726.5,974.37,13.74,0.26,1.74,0.00,0.00,1832.81,1942.49,831.01,311.43,545.27,360.42,381.50,371.02,352.40,361.76,548.14,530.32,1217.12,719.43,1252.15,1159.74,1271.35,1151.57,1405.35,1364.74,1323.71,1302.05,1202.45,1235.92,1239.42,813.84,776.07,741.95,1001.99,733.16,564.12,435.62,449.69,360.32,152.96,180.33,140.68,177.83,137.59,109.92,62.16,50.76
72763,72808,72785.5,823.33,10.69,0.19,1.74,0.00,1249.79,827.60,1141.23,0.00,348.00,511.14,211.85,341.33,800.60,561.36,661.67,393.85,856.89,396.01,797.50,829.44,821.83,572.29,1274.42,1128.66,1221.58,805.28,934.38,1631.07,1108.25,870.65,1061.33,997.02,758.07,795.30,652.36,371.60,120.06,284.58,165.59,227.58,153.50,63.60,224.55,17.24,36.20,61.33,25.24
72822,72867,72844.5,792.13,10.99,0.19,1.74,0.00,0.00,0.00,686.22,483.26,0.00,491.54,0.00,326.94,392.31,713.35,798.89,638.78,233.64,959.59,863.98,909.01,1297.87,1210.42,1304.65,1417.68,1277.18,1204.03,1142.61,1122.27,1034.80,1093.35,930.72,937.32,633.21,664.76,528.43,479.91,261.06,208.62,324.68,128.76,98.76,127.76,106.43,94.02,97.98,96.62,26.70
72881,72926,72903.5,705.29,9.83,0.17,1.74,0.00,0.00,0.00,570.51,0.03,358.31,240.92,613.89,169.40,0.00,214.61,166.44,999.85,651.38,891.24,693.77,1158.26,1272.66,953.84,1160.16,1068.55,1123.06,799.75,1229.30,1296.07,974.91,660.82,667.45,821.75,584.14,635.73,522.54,472.46,366.53,285.43,337.18,151.69,167.66,31.33,77.09,40.93,72.56,0.00,50.01
72940,72985,72962.5,675.86,11.06,0.20,1.74,0.00,0.00,0.00,571.52,416.46,0.02,241.12,0.00,47.65,92.41,104.25,94.28,307.91,640.44,624.95,616.17,1006.27,758.87,1162.48,1179.31,1738.58,1279.03,897.57,831.73,889.85,1146.99,1517.02,873.44,469.45,509.72,646.93,570.65,309.89,444.53,465.54,178.56,220.15,119.38,302.37,160.58,17.29,24.44,49.14,100.55
72999,73044,73021.5,645.65,11.95,0.23,1.74,0.00,0.00,0.00,0.00,0.01,0.01,240.69,0.00,171.45,110.10,12.28,378.08,484.66,389.10,641.13,358.58,655.50,604.09,777.34,1507.38,1822.90,1197.10,1056.81,857.97,1084.06,1170.12,878.27,798.02,947.84,729.66,667.64,499.70,350.36,371.88,479.55,178.09,248.65,376.50,166.06,55.67,118.74,148.18,49.36,0.00
73058,73103,73080.5,640.90,9.77,0.17,1.74,0.00,0.00,0.00,0.00,0.00,358.56,272.44,0.00,171.41,234.32,227.18,174.66,475.25,677.16,868.25,524.67,797.05,988.78,953.39,856.22,1037.49,1208.38,960.38,1124.71,1169.01,1039.87,1066.16,938.26,560.24,566.45,658.07,591.82,548.51,355.32,289.26,199.47,80.71,162.66,127.50,71.50,0.00,48.73,123.06,1.76
73117,73162,73139.5,804.84,11.42,0.21,1.72,0.00,0.00,0.00,0.00,0.00,0.00,542.86,398.23,323.14,264.52,445.95,861.75,1167.11,632.47,594.24,1356.10,1108.92,1426.16,1321.89,2028.77,1204.79,1134.17,1015.43,1105.18,1195.27,957.29,844.99,862.63,1073.30,509.26,431.44,575.00,521.68,442.91,223.45,279.39,184.42,237.04,49.97,110.90,65.17,109.25,36.95,75.55
73176,73221,73198.5,782.48,11.09,0.19,1.62,0.00,0.00,0.00,0.00,0.00,0.00,0.00,755.97,301.00,660.37,341.46,190.62,741.36,630.28,833.14,986.64,978.94,1457.43,1433.21,1603.21,1128.05,1111.54,1099.14,1248.64,1329.61,1124.16,1149.23,1063.66,834.46,681.49,743.96,481.26,264.65,531.07,384.96,261.03,83.19,224.75,58.65,112.20,91.28,46.32,23.42,0.00
73235,73280,73257.5,600.54,7.31,0.11,1.55,0.00,0.00,0.00,0.00,0.00,0.00,210.56,0.00,709.19,372.91,210.75,369.03,680.46,793.39,476.35,884.88,906.12,1075.83,820.93,1174.48,1038.37,947.10,861.49,1081.13,906.69,935.30,838.50,678.57,984.70,433.05,386.17,343.59,215.89,239.59,131.66,97.67,105.22,59.22,125.13,34.58,65.65,0.00,0.00,23.14
73294,73339,73316.5,690.78,8.35,0.13,1.51,0.00,0.00,0.00,0.00,357.51,0.00,210.68,0.00,288.49,270.77,685.54,401.83,1018.76,600.00,490.66,1503.31,903.23,1417.44,814.58,1342.91,1308.45,1020.76,1099.39,907.90,789.18,972.02,1251.54,762.07,686.59,721.22,823.91,216.16,410.83,127.40,176.92,45.31,141.33,105.64,74.82,43.86,16.37,33.66,40.72,23.31
73353,73398,73375.5,674.02,11.96,0.25,1.47,0.00,0.00,0.00,0.00,0.00,0.00,208.98,189.38,151.12,233.99,509.17,524.29,589.24,701.45,763.65,1012.18,1127.48,1424.87,1112.82,1303.17,800.40,1084.26,992.94,1143.80,691.87,719.91,575.59,997.93,494.13,405.98,490.98,745.54,394.10,256.99,261.81,311.43,150.05,162.85,218.62,196.88,189.46,204.06,112.06,68.38
73412,73457,73434.5,526.24,9.39,0.17,1.41,0.00,0.00,0.00,0.00,0.02,0.00,0.00,0.00,0.00,0.00,430.53,340.37,281.63,192.43,500.35,431.71,595.54,653.40,1126.38,979.67,1084.51,913.02,905.13,766.27,617.92,1155.32,1145.01,643.73,315.71,703.65,453.23,369.44,336.09,391.73,347.86,190.79,284.54,207.76,163.42,84.42,92.25,93.70,42.24,0.00
73471,73516,73493.5,560.78,11.41,0.25,1.37,0.00,0.00,0.00,0.00,191.61,102.25,0.00,0.00,0.00,109.85,336.62,448.47,648.12,443.47,670.06,539.72,753.69,758.58,900.30,886.66,824.92,964.68,813.22,755.05,963.39,891.13,919.83,772.70,620.83,465.22,289.58,308.60,235.07,227.68,242.43,220.66,289.54,195.42,294.85,204.86,222.81,203.05,129.83,100.15
73530,73575,73552.5,2465.47,94.60,2.30,1.31,0.00,0.00,0.00,0.00,269.68,0.00,166.24,0.00,190.49,227.77,308.49,180.75,164.13,513.94,910.01,881.34,805.86,1098.66,1916.83,1796.51,2996.11,3365.44,3376.58,2900.83,3610.55,3119.05,2248.27,2086.29,2576.91,3033.90,3363.42,5036.25,4636.96,4150.20,3867.41,3872.63,2375.15,1872.35,2972.86,3092.89,2066.37,1367.05,937.91,539.09
73589,73634,73611.5,17245.98,216.94,4.24,1.26,3620.25,1966.28,5745.32,2187.79,4516.08,5381.03,5251.47,4168.37,5384.34,10988.80,13631.15,13227.21,22919.67,26724.50,28605.23,29027.65,26587.17,31100.56,36749.12,41866.00,37959.73,30125.72,26290.69,20896.71,12718.68,10342.49,11572.94,8094.49,5877.12,6411.09,8211.90,3887.72,2794.82,3714.30,5482.23,6279.52,5669.92,5378.43,4735.34,4033.58,3459.02,2506.61,1538.65,934.62
