Data/Raw/MOORE,RICHARD/FIREXAQ-LARGE-SMPS_DC8_20190724_R0.ict
88,1001
Richard Moore, Elizabeth Wiggins, Edward Winstead, Claire Robinson, Lee Thornhill, and Kevin Sanchez
NASA Langley Research Center
In-situ Submicron Particle Size Distributions from a SMPS on the NASA DC-8
FIREXAQ
1,1
2019,07,24,2020,03,10
0
Time_start,Secs after midnight,Time of acquisition
50
1,1,1,1,1,1,1,1,1,1,1,1,1,1,1,1,1,1,1,1,1,1,1,1,1,1,1,1,1,1,1,1,1,1,1,1,1,1,1,1,1,1,1,1,1,1,1,1,1,1
-9999,-9999,-9999,-9999,-9999,-9999,-9999,-9999,-9999,-9999,-9999,-9999,-9999,-9999,-9999,-9999,-9999,-9999,-9999,-9999,-9999,-9999,-9999,-9999,-9999,-9999,-9999,-9999,-9999,-9999,-9999,-9999,-9999,-9999,-9999,-9999,-9999,-9999,-9999,-9999,-9999,-9999,-9999,-9999,-9999,-9999,-9999,-9999,-9999,-9999
Time_stop,Secs after midnight,Time of acquisition
Time_mid,Secs after midnight,Time of acquisition
nSMPS_stdPT,#/cm3,AerMP_NumConc_InSitu_RHd_Mobility_NucltoAccu_STP,integrated_number_density
sSMPS_stdPT,um2/cm3,AerMP_SurfAreaConc_InSitu_RHd_Mobility_NucltoAccu_STP,integrated_surface_area
vSMPS_stdPT,um3/cm3,AerMP_VolConc_InSitu_RHd_Mobility_NucltoAccu_STP,integrated_volume
SMPS_stdPT, unitless, None, conversion between ambient PT and standard PT (1013, 273)
SMPS_bin00_stdPT,#/cm3,AerMP_NumSizeDist_InSitu_RHd_Mobility_NucltoAccu_STP,Binned number size distribution (in dNdlogDp) measured by the SMPS
SMPS_bin01_stdPT,#/cm3,AerMP_NumSizeDist_InSitu_RHd_Mobility_NucltoAccu_STP,Binned number size distribution (in dNdlogDp) measured by the SMPS
SMPS_bin02_stdPT,#/cm3,AerMP_NumSizeDist_InSitu_RHd_Mobility_NucltoAccu_STP,Binned number size distribution (in dNdlogDp) measured by the SMPS
SMPS_bin03_stdPT,#/cm3,AerMP_NumSizeDist_InSitu_RHd_Mobility_NucltoAccu_STP,Binned number size distribution (in dNdlogDp) measured by the SMPS
SMPS_bin04_stdPT,#/cm3,AerMP_NumSizeDist_InSitu_RHd_Mobility_NucltoAccu_STP,Binned number size distribution (in dNdlogDp) measured by the SMPS
SMPS_bin05_stdPT,#/cm3,AerMP_NumSizeDist_InSitu_RHd_Mobility_NucltoAccu_STP,Binned number size distribution (in dNdlogDp) measured by the SMPS
SMPS_bin06_stdPT,#/cm3,AerMP_NumSizeDist_InSitu_RHd_Mobility_NucltoAccu_STP,Binned number size distribution (in dNdlogDp) measured by the SMPS
SMPS_bin07_stdPT,#/cm3,AerMP_NumSizeDist_InSitu_RHd_Mobility_NucltoAccu_STP,Binned number size distribution (in dNdlogDp) measured by the SMPS
SMPS_bin08_stdPT,#/cm3,AerMP_NumSizeDist_InSitu_RHd_Mobility_NucltoAccu_STP,Binned number size distribution (in dNdlogDp) measured by the SMPS
SMPS_bin09_stdPT,#/cm3,AerMP_NumSizeDist_InSitu_RHd_Mobility_NucltoAccu_STP,Binned number size distribution (in dNdlogDp) measured by the SMPS
SMPS_bin10_stdPT,#/cm3,AerMP_NumSizeDist_InSitu_RHd_Mobility_NucltoAccu_STP,Binned number size distribution (in dNdlogDp) measured by the SMPS
SMPS_bin11_stdPT,#/cm3,AerMP_NumSizeDist_InSitu_RHd_Mobility_NucltoAccu_STP,Binned number size distribution (in dNdlogDp) measured by the SMPS
SMPS_bin12_stdPT,#/cm3,AerMP_NumSizeDist_InSitu_RHd_Mobility_NucltoAccu_STP,Binned number size distribution (in dNdlogDp) measured by the SMPS
SMPS_bin13_stdPT,#/cm3,AerMP_NumSizeDist_InSitu_RHd_Mobility_NucltoAccu_STP,Binned number size distribution (in dNdlogDp) measured by the SMPS
SMPS_bin14_stdPT,#/cm3,AerMP_NumSizeDist_InSitu_RHd_Mobility_NucltoAccu_STP,Binned number size distribution (in dNdlogDp) measured by the SMPS
[...]
UNCERTAINTY:  20%
ULOD_FLAG: -7777
ULOD_VALUE: N/A
LLOD_FLAG: -8888
LLOD_VALUE: N/A
DM_CONTACT_INFO: Lee Thornhill (Kenneth.L.Thornhill@nasa.gov)
PROJECT_INFO: FIREX-AQ
STIPULATIONS_ON_USE: No stipulations on use. The user is encouraged to contact the PI or DM prior to use.
OTHER_COMMENTS: Midpoint diameters of Bins 00 to 43 are: 0.011,0.012,0.013,0.014,0.015,0.016,0.017,0.018,0.019,0.021,0.022,0.024,0.026,0.028,0.030,0.032,0.035,0.037,0.040,0.043,0.046,0.050,0.053,0.057,0.061,0.066,0.071,0.076,0.082,0.088,0.095,0.102,0.109,0.118,0.126,0.136,0.146,0.157,0.168,0.181,0.194,0.209,0.225,0.241
REVISION: R0
R0: Final Data. Data are corrected for time lags and ammonium sulfate size calibrations.
*******************************************************************************************************************************
Time_start,Time_stop,Time_mid,nSMPS_stdPT,sSMPS_stdPT,vSMPS_stdPT,SMPS_stdPT,SMPS_bin00_stdPT,SMPS_bin01_stdPT,SMPS_bin02_stdPT,SMPS_bin03_stdPT,SMPS_bin04_stdPT,SMPS_bin05_stdPT,SMPS_bin06_stdPT,SMPS_bin07_stdPT,SMPS_bin08_stdPT,SMPS_bin09_stdPT,SMPS_bin10_stdPT,SMPS_bin11_stdPT,SMPS_bin12_stdPT,SMPS_bin13_stdPT,SMPS_bin14_stdPT,SMPS_bin15_stdPT,SMPS_bin16_stdPT,SMPS_bin17_stdPT,SMPS_bin18_stdPT,SMPS_bin19_stdPT,SMPS_bin20_stdPT,SMPS_bin21_stdPT,SMPS_bin22_stdPT,SMPS_bin23_stdPT,SMPS_bin24_stdPT,SMPS_bin25_stdPT,SMPS_bin26_stdPT,SMPS_bin27_stdPT,SMPS_bin28_stdPT,SMPS_bin29_stdPT,SMPS_bin30_stdPT,SMPS_bin31_stdPT,SMPS_bin32_stdPT,SMPS_bin33_stdPT,SMPS_bin34_stdPT,SMPS_bin35_stdPT,SMPS_bin36_stdPT,SMPS_bin37_stdPT,SMPS_bin38_stdPT,SMPS_bin39_stdPT,SMPS_bin40_stdPT,SMPS_bin41_stdPT,SMPS_bin42_stdPT,SMPS_bin43_stdPT
[from data line 180]
87063,87108,87085.5,1753.47,60.10,1.78,1.89,0.00,0.00,0.00,0.00,1532.94,2060.24,350.50,483.43,588.88,1406.49,1115.87,2340.83,2109.21,1991.48,1474.32,2357.28,1683.43,2642.42,2251.85,1729.30,1932.74,1806.00,1988.62,1395.26,1396.32,1389.61,1146.89,563.68,430.43,349.88,204.55,408.49,536.29,1573.52,1113.02,1509.72,1376.33,2035.50,1418.27,1431.18,1401.99,1654.94,1170.08,870.28
87122,87167,87144.5,1033.75,29.83,0.88,2.02,0.00,0.00,0.00,0.00,2021.28,512.25,358.04,1022.03,818.06,747.20,916.61,711.05,425.79,1803.08,1664.74,974.76,1260.53,1143.63,1054.75,1256.74,1645.35,1514.39,1361.54,527.22,425.35,361.45,235.07,433.25,517.43,735.12,300.12,518.15,616.95,375.98,922.79,617.91,553.48,483.23,976.69,376.13,533.43,729.61,632.14,429.46
87181,87226,87203.5,531.95,12.89,0.37,2.08,0.00,0.00,0.00,0.00,0.00,136.77,416.20,0.00,493.57,768.51,399.14,244.77,976.78,609.14,925.94,740.43,880.14,635.73,645.00,478.08,821.49,556.91,767.19,756.65,584.35,309.73,204.59,244.18,331.00,426.56,493.25,215.01,462.65,388.96,184.75,58.75,265.43,154.54,168.05,132.50,164.85,226.31,143.23,260.55
87240,87285,87262.5,626.42,7.39,0.17,2.08,0.00,0.00,0.00,0.00,0.00,2610.22,1680.62,830.36,879.61,751.11,1965.89,390.75,422.52,461.34,506.68,735.24,536.05,983.96,701.28,722.59,310.43,698.98,442.48,294.41,463.28,337.99,244.65,477.68,386.71,204.35,209.74,94.48,157.69,155.01,341.06,162.85,196.98,157.40,96.15,12.16,31.12,35.48,157.22,98.20
87299,87344,87321.5,641.49,6.22,0.13,2.08,0.00,0.00,0.00,0.00,0.00,629.32,2695.23,667.86,1354.85,965.32,739.56,823.94,391.23,568.60,1123.49,1218.39,629.62,728.13,1391.75,693.40,840.32,641.96,547.15,457.29,350.57,297.39,284.82,555.28,262.63,277.19,165.97,179.91,152.86,126.03,40.16,71.44,124.59,52.68,91.16,74.86,43.38,85.96,28.08,98.35
87358,87403,87380.5,407.57,4.13,0.07,2.08,0.00,0.00,0.00,0.00,0.00,564.58,416.23,316.09,1127.20,331.89,746.60,580.64,231.41,1156.78,83.77,272.77,718.20,643.39,647.71,951.28,945.25,381.37,74.37,191.27,353.29,240.75,257.90,300.88,164.13,69.75,114.05,196.69,267.81,84.96,171.28,22.17,42.41,161.28,54.82,42.86,62.17,31.69,0.00,0.00
87417,87462,87439.5,500.31,4.31,0.07,2.08,0.00,0.00,0.00,0.00,0.01,1129.15,833.18,1031.91,492.86,196.29,683.57,572.73,220.71,807.30,749.91,728.46,1025.93,984.33,1232.41,814.39,959.07,519.89,316.84,251.80,124.06,293.46,287.02,129.03,223.13,148.38,276.42,87.60,154.79,116.75,115.94,72.73,39.79,241.04,73.19,12.16,0.00,35.48,28.19,0.00
87476,87521,87498.5,372.43,3.76,0.07,2.08,0.00,0.00,0.00,0.00,0.00,0.00,415.45,361.86,47.05,795.82,527.84,415.89,97.88,498.29,517.88,601.58,779.81,1153.55,745.59,919.63,518.38,563.25,596.45,324.90,318.89,124.10,274.07,128.45,110.07,151.35,97.32,60.68,74.86,61.73,183.24,94.04,119.43,59.46,20.36,31.07,43.59,19.06,64.79,0.00
87535,87580,87557.5,393.36,3.14,0.05,2.07,0.00,0.00,0.00,0.00,0.00,0.00,413.87,0.00,247.71,348.22,426.23,1534.12,632.72,366.55,691.09,607.08,1107.78,1213.09,714.37,852.91,631.64,371.21,525.96,219.30,10.11,243.06,67.75,87.84,136.84,291.33,256.82,216.59,60.14,76.78,25.70,65.37,0.00,29.82,20.36,31.17,12.48,19.13,32.51,0.00
87594,87639,87616.5,485.75,3.11,0.04,2.07,0.00,0.00,0.00,0.00,0.03,1032.98,564.02,0.00,0.00,440.24,824.59,411.36,870.21,645.03,1241.55,1215.59,1544.72,1057.52,1042.01,919.30,837.56,286.82,577.16,318.10,472.86,293.14,131.09,117.93,32.04,138.01,25.80,17.65,51.20,62.55,150.62,30.30,90.84,60.64,40.63,0.00,0.00,0.00,0.00,0.00
87653,87698,87675.5,341.65,3.07,0.05,2.08,0.00,0.00,0.00,0.00,0.00,0.06,0.00,0.00,244.75,641.28,358.08,1060.32,324.52,788.12,312.43,786.39,483.42,695.18,978.26,710.11,527.51,375.13,582.92,306.30,215.18,83.48,142.17,248.25,121.12,82.91,104.77,121.18,17.64,141.17,189.01,94.86,86.97,48.35,18.22,11.97,30.83,0.00,0.00,0.00
87712,87757,87734.5,411.45,3.56,0.06,2.08,0.00,0.00,0.00,0.00,0.00,1606.38,415.64,587.71,931.75,472.02,845.47,122.28,693.34,343.47,691.78,644.52,375.40,678.69,685.73,321.40,618.17,537.07,448.53,149.13,207.86,225.90,324.71,90.34,50.87,53.56,132.82,94.32,160.28,155.38,110.12,24.15,68.26,53.60,102.44,29.95,42.31,18.50,31.22,21.19
87771,87816,87793.5,415.37,2.53,0.03,2.08,0.00,0.00,0.00,0.00,673.26,1043.77,1189.34,571.95,660.85,0.00,631.92,464.17,850.69,586.40,966.62,14.49,906.72,642.16,675.94,347.37,746.68,275.91,379.15,243.41,123.75,328.05,78.04,127.73,7.36,99.87,138.94,91.29,28.82,75.01,51.65,94.71,58.50,87.91,29.49,0.00,0.00,0.00,0.00,0.00
87830,87875,87852.5,386.82,3.33,0.07,2.04,0.00,0.00,0.00,0.00,0.00,562.66,357.05,389.72,1042.64,545.73,302.21,451.90,477.89,891.16,760.55,600.75,852.95,601.72,913.02,730.03,337.43,381.09,266.92,201.05,247.81,274.66,176.17,167.01,51.98,14.84,51.47,105.35,137.05,97.34,61.53,34.66,109.08,8.26,0.00,0.00,19.70,29.94,30.82,62.36
87889,87934,87911.5,452.24,2.30,0.03,1.91,0.00,0.00,0.00,0.00,1348.41,477.00,929.93,737.21,684.29,72.19,408.57,812.25,487.21,960.12,1238.18,982.40,566.39,762.61,876.79,692.86,504.02,330.43,398.45,230.28,158.81,115.49,67.91,77.64,138.64,27.74,87.45,92.09,27.09,26.53,0.00,73.64,0.00,26.64,22.52,0.00,0.00,0.00,0.00,0.00
87948,87993,87970.5,250.48,3.70,0.11,1.78,0.00,0.00,0.00,0.00,0.00,354.22,269.29,451.86,94.68,365.01,396.77,383.35,155.69,124.30,195.06,206.79,542.43,648.27,1020.16,397.00,472.48,481.22,243.27,165.63,147.10,74.21,80.26,51.86,36.08,57.88,25.46,51.55,17.14,1.60,0.00,7.99,0.00,0.00,8.18,38.71,32.99,25.47,180.56,184.09
88007,88052,88029.5,1803.84,20.70,0.49,1.63,0.00,0.00,818.79,5155.39,2106.72,1022.11,3043.85,3473.08,3201.25,2119.75,2202.03,3011.55,1738.22,2385.02,2496.58,2643.21,2019.32,1967.52,1772.27,1429.94,1355.27,1436.32,968.52,1148.04,927.32,610.29,776.47,913.78,725.61,662.24,655.47,597.12,472.98,311.13,307.43,257.47,434.57,288.82,256.09,470.73,532.05,317.75,220.22,249.77
88066,88111,88088.5,1190.21,23.66,0.61,1.53,0.00,0.00,1096.13,222.44,1112.07,719.13,577.22,681.77,882.07,639.11,847.87,1059.07,1053.66,1507.10,1277.26,1488.83,1596.04,1776.73,1891.64,1376.96,1250.14,1395.30,1435.00,1068.40,1632.71,1128.61,1241.92,847.26,969.85,986.11,784.26,728.59,409.93,629.45,364.67,190.46,221.57,282.95,349.81,423.95,367.42,381.06,353.57,440.41
88125,88170,88147.5,816.78,19.18,0.51,1.49,0.00,0.00,680.51,478.53,409.93,0.00,211.03,0.00,845.49,337.74,714.86,751.68,553.25,777.07,1070.78,908.89,1000.02,1512.61,1235.09,1576.15,821.10,882.75,1025.85,879.41,847.37,871.95,737.07,496.90,508.91,510.66,458.21,366.39,489.58,405.93,203.67,255.42,514.71,290.01,288.45,542.02,470.03,475.37,272.91,272.42
88184,88229,88206.5,1145.90,23.73,0.62,1.47,0.00,0.00,139.52,1041.00,350.50,948.87,1021.86,1004.65,928.51,1368.30,838.10,1369.48,1003.30,1942.90,2089.80,1844.67,1947.76,1148.38,1070.18,1576.80,1023.47,1102.40,720.43,535.51,775.49,506.14,659.99,919.43,1004.60,686.32,616.42,607.35,629.75,580.86,247.55,581.09,476.65,310.47,557.44,477.93,667.14,316.02,404.99,384.90
88243,88288,88265.5,1157.32,36.89,1.00,1.43,0.00,0.00,0.00,1432.25,1110.81,836.27,232.66,811.58,364.29,847.66,707.03,1227.15,806.68,1310.29,712.05,539.57,1037.37,948.20,547.55,775.83,748.68,708.06,618.11,1151.15,965.25,896.15,1491.15,1519.97,1535.19,1104.92,1042.30,912.83,801.04,732.23,1233.63,798.28,927.80,927.20,786.24,930.19,800.44,568.83,688.43,497.94
88302,88347,88324.5,1370.93,56.44,1.55,1.41,0.00,0.00,1361.51,3129.62,349.77,569.99,426.64,891.43,451.61,999.26,742.35,643.10,420.01,296.84,506.86,544.67,124.37,199.69,479.79,263.49,323.09,749.07,667.61,587.75,950.78,1180.34,1212.63,1555.44,1470.86,1544.22,1373.82,2100.97,2105.98,1847.39,1465.88,1651.02,1610.95,1418.51,1622.52,1570.64,1476.41,1049.87,840.68,640.35
88361,88406,88383.5,1555.95,63.51,1.67,1.36,0.00,0.00,234.99,289.49,2263.80,746.30,721.92,947.89,648.02,583.24,811.36,550.37,1145.50,1009.71,428.26,244.19,200.49,424.80,335.86,366.95,678.91,984.48,992.52,1152.24,1287.99,1498.28,1221.87,1097.04,1637.49,1548.04,2100.64,2613.68,2657.00,2232.32,2292.07,2040.91,1738.07,1729.08,2017.28,1782.60,1584.87,1326.52,923.96,699.40
88420,88465,88442.5,1665.09,56.98,1.50,1.32,0.00,0.00,1487.57,2436.02,1146.66,2111.71,1067.45,820.72,753.42,1550.70,1952.37,1030.93,937.63,1077.12,882.90,562.59,541.36,322.99,486.05,607.92,426.46,232.13,458.15,685.55,1019.30,1138.68,1935.85,1904.21,2486.63,1856.55,2146.35,1799.71,2423.06,1305.64,1631.12,1375.39,1608.01,1661.67,1547.65,1645.39,1344.94,1064.75,959.71,849.88
88480,88525,88502.5,1534.61,41.04,1.05,1.29,0.00,1373.52,1136.16,2224.54,1586.68,1106.29,359.73,1827.99,1949.62,2433.99,1549.29,2052.50,1341.24,902.26,844.79,811.78,820.08,506.75,246.35,694.75,296.04,356.89,831.49,731.74,937.61,1442.18,1071.80,1169.21,2102.18,1433.14,1494.88,1231.41,1232.50,794.86,965.30,1119.34,1468.94,1290.77,1404.23,1409.17,1046.60,610.26,413.92,484.75
88539,88584,88561.5,3578.96,40.77,0.97,1.25,0.00,4709.82,10443.19,7251.31,7068.73,6584.75,6335.66,4477.20,5516.97,6463.98,5350.91,3985.45,3214.13,2787.97,3066.77,2783.24,2858.48,1977.53,1562.60,1137.78,1761.98,1006.94,1008.17,1176.62,1246.64,1360.63,1714.16,1354.17,1513.96,1782.59,1259.73,1468.36,884.43,938.29,710.65,1196.60,946.09,884.97,1082.67,998.25,871.26,658.79,683.40,441.01
88598,88643,88620.5,7708.25,52.45,1.16,1.23,0.00,15259.80,26453.09,27839.89,20835.15,15289.50,17179.67,12725.21,10778.20,11966.99,10235.04,7371.82,6314.34,6258.49,5322.87,5653.88,4040.73,3999.91,2634.64,2920.12,2277.06,1703.88,1141.03,1754.11,1762.76,1069.08,1530.73,2327.76,2032.45,1590.03,2688.77,1662.02,747.11,1060.97,1843.97,1551.50,738.98,652.00,1315.81,1190.90,750.55,731.88,745.64,715.53
88657,88702,88679.5,12960.47,49.15,0.96,1.22,0.00,40963.02,68924.58,45927.83,46378.93,37264.46,30645.45,18407.73,20148.88,14283.18,10842.19,10155.53,8576.03,7147.69,6185.29,6088.60,5134.00,3634.97,3135.08,2218.31,2164.88,1939.29,1385.92,1029.62,998.11,909.28,1267.32,1398.54,1876.13,2117.87,1566.49,1362.68,1236.32,1412.41,807.41,765.52,1222.39,786.77,1160.21,880.07,802.91,664.69,534.41,384.14
88716,88761,88738.5,7456.73,45.31,0.98,1.22,0.00,15930.17,27246.05,27402.65,24499.96,17396.93,15270.05,12837.22,11206.07,10899.59,8690.61,7663.05,6194.30,5044.44,4717.04,4204.62,3874.59,2756.25,2132.66,2121.81,1419.07,1687.05,1322.93,1337.18,1155.93,1448.35,1462.00,1077.10,1631.27,2051.79,1803.45,1496.49,1171.93,839.05,921.59,1086.70,1028.81,1039.98,1133.90,955.48,796.52,794.99,374.11,491.59
