Data/Raw/MOORE,RICHARD/FIREXAQ-LARGE-SMPS_DC8_20190729_R0.ict
88,1001
Richard Moore, Elizabeth Wiggins, Edward Winstead, Claire Robinson, Lee Thornhill, and Kevin Sanchez
NASA Langley Research Center
In-situ Submicron Particle Size Distributions from a SMPS on the NASA DC-8
FIREXAQ
1,1
2019,07,29,2020,03,10
0
Time_start,Secs after midnight,Time of acquisition
50
1,1,1,1,1,1,1,1,1,1,1,1,1,1,1,1,1,1,1,1,1,1,1,1,1,1,1,1,1,1,1,1,1,1,1,1,1,1,1,1,1,1,1,1,1,1,1,1,1,1
-9999,-9999,-9999,-9999,-9999,-9999,-9999,-9999,-9999,-9999,-9999,-9999,-9999,-9999,-9999,-9999,-9999,-9999,-9999,-9999,-9999,-9999,-9999,-9999,-9999,-9999,-9999,-9999,-9999,-9999,-9999,-9999,-9999,-9999,-9999,-9999,-9999,-9999,-9999,-9999,-9999,-9999,-9999,-9999,-9999,-9999,-9999,-9999,-9999,-9999
Time_stop,Secs after midnight,Time of acquisition
Time_mid,Secs after midnight,Time of acquisition
nSMPS_stdPT,#/cm3,AerMP_NumConc_InSitu_RHd_Mobility_NucltoAccu_STP,integrated_number_density
sSMPS_stdPT,um2/cm3,AerMP_SurfAreaConc_InSitu_RHd_Mobility_NucltoAccu_STP,integrated_surface_area
vSMPS_stdPT,um3/cm3,AerMP_VolConc_InSitu_RHd_Mobility_NucltoAccu_STP,integrated_volume
SMPS_stdPT, unitless, None, conversion between ambient PT and standard PT (1013, 273)
SMPS_bin00_stdPT,#/cm3,AerMP_NumSizeDist_InSitu_RHd_Mobility_NucltoAccu_STP,Binned number size distribution (in dNdlogDp) measured by the SMPS
SMPS_bin01_stdPT,#/cm3,AerMP_NumSizeDist_InSitu_RHd_Mobility_NucltoAccu_STP,Binned number size distribution (in dNdlogDp) measured by the SMPS
SMPS_bin02_stdPT,#/cm3,AerMP_NumSizeDist_InSitu_RHd_Mobility_NucltoAccu_STP,Binned number size distribution (in dNdlogDp) measured by the SMPS
SMPS_bin03_stdPT,#/cm3,AerMP_NumSizeDist_InSitu_RHd_Mobility_NucltoAccu_STP,Binned number size distribution (in dNdlogDp) measured by the SMPS
SMPS_bin04_stdPT,#/cm3,AerMP_NumSizeDist_InSitu_RHd_Mobility_NucltoAccu_STP,Binned number size distribution (in dNdlogDp) measured by the SMPS
SMPS_bin05_stdPT,#/cm3,AerMP_NumSizeDist_InSitu_RHd_Mobility_NucltoAccu_STP,Binned number size distribution (in dNdlogDp) measured by the SMPS
SMPS_bin06_stdPT,#/cm3,AerMP_NumSizeDist_InSitu_RHd_Mobility_NucltoAccu_STP,Binned number size distribution (in dNdlogDp) measured by the SMPS
SMPS_bin07_stdPT,#/cm3,AerMP_NumSizeDist_InSitu_RHd_Mobility_NucltoAccu_STP,Binned number size distribution (in dNdlogDp) measured by the SMPS
SMPS_bin08_stdPT,#/cm3,AerMP_NumSizeDist_InSitu_RHd_Mobility_NucltoAccu_STP,Binned number size distribution (in dNdlogDp) measured by the SMPS
SMPS_bin09_stdPT,#/cm3,AerMP_NumSizeDist_InSitu_RHd_Mobility_NucltoAccu_STP,Binned number size distribution (in dNdlogDp) measured by the SMPS
SMPS_bin10_stdPT,#/cm3,AerMP_NumSizeDist_InSitu_RHd_Mobility_NucltoAccu_STP,Binned number size distribution (in dNdlogDp) measured by the SMPS
SMPS_bin11_stdPT,#/cm3,AerMP_NumSizeDist_InSitu_RHd_Mobility_NucltoAccu_STP,Binned number size distribution (in dNdlogDp) measured by the SMPS
SMPS_bin12_stdPT,#/cm3,AerMP_NumSizeDist_InSitu_RHd_Mobility_NucltoAccu_STP,Binned number size distribution (in dNdlogDp) measured by the SMPS
SMPS_bin13_stdPT,#/cm3,AerMP_NumSizeDist_InSitu_RHd_Mobility_NucltoAccu_STP,Binned number size distribution (in dNdlogDp) measured by the SMPS
SMPS_bin14_stdPT,#/cm3,AerMP_NumSizeDist_InSitu_RHd_Mobility_NucltoAccu_STP,Binned number size distribution (in dNdlogDp) measured by the SMPS
[...]
UNCERTAINTY:  20%
ULOD_FLAG: -7777
ULOD_VALUE: N/A
LLOD_FLAG: -8888
LLOD_VALUE: N/A
DM_CONTACT_INFO: Lee Thornhill (Kenneth.L.Thornhill@nasa.gov)
PROJECT_INFO: FIREX-AQ
STIPULATIONS_ON_USE: No stipulations on use. The user is encouraged to contact the PI or DM prior to use.
OTHER_COMMENTS: Midpoint diameters of Bins 00 to 43 are: 0.011,0.012,0.013,0.014,0.015,0.016,0.017,0.018,0.019,0.021,0.022,0.024,0.026,0.028,0.030,0.032,0.035,0.037,0.040,0.043,0.046,0.050,0.053,0.057,0.061,0.066,0.071,0.076,0.082,0.088,0.095,0.102,0.109,0.118,0.126,0.136,0.146,0.157,0.168,0.181,0.194,0.209,0.225,0.241
REVISION: R0
R0: Final Data. Data are corrected for time lags and ammonium sulfate size calibrations.
*******************************************************************************************************************************
Time_start,Time_stop,Time_mid,nSMPS_stdPT,sSMPS_stdPT,vSMPS_stdPT,SMPS_stdPT,SMPS_bin00_stdPT,SMPS_bin01_stdPT,SMPS_bin02_stdPT,SMPS_bin03_stdPT,SMPS_bin04_stdPT,SMPS_bin05_stdPT,SMPS_bin06_stdPT,SMPS_bin07_stdPT,SMPS_bin08_stdPT,SMPS_bin09_stdPT,SMPS_bin10_stdPT,SMPS_bin11_stdPT,SMPS_bin12_stdPT,SMPS_bin13_stdPT,SMPS_bin14_stdPT,SMPS_bin15_stdPT,SMPS_bin16_stdPT,SMPS_bin17_stdPT,SMPS_bin18_stdPT,SMPS_bin19_stdPT,SMPS_bin20_stdPT,SMPS_bin21_stdPT,SMPS_bin22_stdPT,SMPS_bin23_stdPT,SMPS_bin24_stdPT,SMPS_bin25_stdPT,SMPS_bin26_stdPT,SMPS_bin27_stdPT,SMPS_bin28_stdPT,SMPS_bin29_stdPT,SMPS_bin30_stdPT,SMPS_bin31_stdPT,SMPS_bin32_stdPT,SMPS_bin33_stdPT,SMPS_bin34_stdPT,SMPS_bin35_stdPT,SMPS_bin36_stdPT,SMPS_bin37_stdPT,SMPS_bin38_stdPT,SMPS_bin39_stdPT,SMPS_bin40_stdPT,SMPS_bin41_stdPT,SMPS_bin42_stdPT,SMPS_bin43_stdPT
[from data line 232]
93086,93131,93108.5,1426.55,8.10,0.12,3.65,0.00,0.00,0.00,0.00,0.00,0.00,0.00,2955.87,3043.53,6798.59,3629.40,2099.16,2071.07,3627.07,2448.86,2470.38,2286.89,2255.15,1995.67,1114.45,1256.18,727.93,1384.95,916.15,1066.65,822.61,539.08,470.39,237.64,180.54,267.65,25.81,121.62,180.79,110.79,146.21,100.73,66.54,37.69,49.80,0.00,34.15,52.29,0.00
93145,93190,93167.5,1602.65,9.14,0.13,3.65,0.00,0.00,0.00,0.00,0.00,0.00,0.00,6029.63,6680.03,2234.59,3792.08,1649.43,3343.38,3607.89,1760.80,1616.78,2479.11,2321.90,2292.38,1370.20,1864.72,1816.37,1620.72,1575.05,1262.21,1012.69,720.04,382.17,409.02,323.08,68.56,111.43,160.47,95.25,30.42,233.37,98.00,0.00,115.09,49.89,0.00,0.00,51.86,106.18
93204,93249,93226.5,1458.00,8.22,0.11,3.65,0.00,0.00,0.00,0.00,0.00,0.00,0.00,3724.00,5009.25,3601.66,3328.11,2813.93,2738.91,2729.50,2153.20,3367.00,2050.29,1151.26,1599.03,1766.16,1807.34,1297.35,1364.31,1444.30,955.82,590.65,769.60,473.36,578.96,111.62,174.65,223.01,153.54,121.82,70.89,129.60,87.21,0.00,49.28,49.88,50.20,67.84,52.38,0.00
93263,93308,93285.5,1222.84,7.19,0.08,3.66,0.00,0.00,0.00,0.00,0.00,0.00,0.00,3768.15,4183.70,1391.09,1095.46,2573.55,3004.84,1185.31,2505.87,2080.16,1900.28,1594.54,1445.75,1949.00,2091.22,1518.92,847.08,1280.52,1041.64,917.61,774.06,293.63,355.38,258.87,250.83,116.71,182.67,163.93,48.83,0.00,97.28,48.76,95.84,2.37,67.17,0.00,0.00,0.00
93322,93367,93344.5,1295.20,7.69,0.09,3.66,0.00,0.00,0.00,0.00,0.00,0.00,0.00,6249.62,3054.65,2146.50,1825.34,4132.44,1424.11,1462.50,1075.88,1742.22,1442.53,1697.89,1259.60,1841.81,1772.47,1807.50,1295.33,2089.04,1091.16,1100.46,725.03,595.21,203.42,264.11,233.65,189.60,151.91,84.71,49.12,243.81,45.35,0.00,98.36,0.00,0.00,51.13,0.00,0.00
93381,93426,93403.5,1485.76,9.10,0.13,3.66,0.00,0.00,0.00,0.00,0.00,0.00,0.00,6893.83,5570.06,2082.83,3260.95,2332.79,1722.29,1051.15,2034.17,3274.21,1350.10,1896.73,1932.83,1441.74,1579.11,2264.21,1624.92,1665.56,1168.95,937.92,640.34,420.52,532.22,577.24,135.20,288.47,155.46,210.76,25.51,43.00,49.31,58.29,109.03,41.25,67.06,0.00,29.03,23.28
93440,93485,93462.5,1160.06,8.70,0.12,3.66,0.00,0.00,0.00,0.00,0.00,0.00,0.00,1194.31,0.00,1033.66,4667.37,2083.23,2474.30,2028.12,1938.67,2421.80,1458.55,2283.02,2151.95,1272.65,1612.30,1398.26,1676.84,1769.96,1142.51,998.57,778.61,450.46,333.82,287.72,446.09,270.54,141.21,162.80,171.53,63.56,121.39,20.52,67.90,94.57,0.00,0.00,51.61,0.00
93499,93544,93521.5,1153.91,8.72,0.12,3.66,0.00,0.00,0.00,0.00,0.00,0.00,0.00,2458.92,1373.73,1705.74,1688.29,1508.65,1783.41,2221.80,2052.86,2312.53,2644.39,1761.88,1895.36,1723.18,1579.65,1530.80,1636.21,1618.66,1078.17,557.74,996.01,660.04,447.31,51.50,317.27,35.47,188.62,157.80,214.98,284.13,158.47,97.47,49.00,14.36,33.35,50.81,0.00,0.00
93558,93603,93580.5,1157.93,8.53,0.12,3.66,0.00,0.00,0.00,0.00,0.00,0.00,0.00,3609.90,1381.12,3749.78,1841.83,898.84,1684.66,1950.35,1854.57,1032.18,1145.67,2441.51,1899.71,1577.76,2047.93,1723.38,1754.81,832.22,1407.61,917.51,525.03,464.96,206.89,122.22,561.98,331.08,90.31,143.35,206.67,337.41,71.93,0.00,48.91,13.06,24.35,50.58,103.61,0.00
93617,93662,93639.5,1181.16,9.92,0.18,3.66,0.00,0.00,0.00,0.00,0.00,0.00,0.00,2448.83,1668.98,2507.07,1705.40,824.70,2111.08,1468.13,2352.28,3220.14,1935.44,1669.86,1908.50,1912.47,1663.28,1818.75,996.25,995.40,1549.44,1045.64,847.82,558.07,423.69,507.26,259.99,337.81,164.74,134.12,99.22,196.32,40.50,63.75,0.00,49.49,0.00,9.77,103.38,52.24
93676,93721,93698.5,1141.50,8.65,0.12,3.66,0.00,0.00,0.00,0.00,0.00,0.00,0.00,983.61,1113.92,2475.35,2201.61,1476.00,2832.65,1799.79,1755.29,2409.68,1420.46,1788.37,2137.33,1369.07,1498.18,1904.72,1604.63,1465.39,1594.10,821.13,1053.14,582.36,493.95,275.12,168.26,376.31,197.35,126.17,147.79,94.60,91.42,0.00,136.38,47.10,33.13,0.00,0.00,0.00
93735,93780,93757.5,1275.89,9.38,0.12,3.66,0.00,0.00,0.00,0.00,0.00,0.00,0.00,1633.19,1369.30,1582.52,3048.20,2327.38,1905.57,2170.46,3693.65,1459.82,1785.47,1885.59,1706.33,2195.47,2234.67,2156.06,1815.44,1328.69,1559.82,1072.64,997.41,602.68,324.17,325.30,340.73,163.69,191.36,230.89,196.50,89.67,99.56,121.41,63.06,98.95,0.00,0.00,0.00,52.76
93794,93839,93816.5,1191.48,8.15,0.10,3.66,0.00,0.00,0.00,0.00,0.00,0.00,0.00,810.90,4165.75,1702.67,1534.53,2456.43,2508.06,1364.29,2301.58,1852.12,1335.33,2006.12,1966.86,1350.64,1788.35,2259.13,1333.77,1299.53,1347.67,1446.22,924.63,559.72,122.75,194.20,573.62,196.34,153.11,134.75,90.46,0.00,171.36,90.82,0.00,0.00,33.49,0.00,0.00,52.22
93853,93898,93875.5,1092.68,8.15,0.13,3.66,0.00,0.00,0.00,0.00,0.00,0.00,0.00,5412.14,1337.51,1397.61,1476.76,1536.73,2004.91,1268.17,2111.03,1540.62,1961.48,1321.08,763.46,1085.49,1299.25,1129.21,1492.56,2077.01,1478.44,1211.34,1021.46,307.28,116.91,392.72,89.97,238.28,41.80,131.82,144.66,74.66,48.34,96.93,193.02,51.32,32.89,22.85,0.00,0.00
93912,93957,93934.5,1123.45,6.79,0.09,3.66,0.00,0.00,0.00,0.00,0.00,0.00,0.00,6074.49,1124.20,3677.77,1278.89,2180.89,2296.46,862.23,1549.68,647.89,2275.97,2017.75,1463.10,1195.19,1429.87,1021.36,1298.71,1152.97,831.97,753.47,610.50,432.51,145.47,328.64,196.86,251.49,304.59,184.19,187.09,40.70,0.00,48.79,0.00,0.00,33.30,0.00,0.00,0.00
93971,94016,93993.5,1115.50,7.61,0.12,3.66,0.00,0.00,0.00,0.00,0.00,0.00,0.00,1748.23,2770.17,4037.93,2301.17,1974.59,1529.99,1701.40,2088.53,1724.71,1837.83,1828.77,1231.26,1391.93,1146.48,1714.12,1066.10,1083.44,1072.99,860.59,394.43,380.22,319.12,382.72,105.46,266.95,87.79,88.95,24.76,0.00,97.84,0.00,105.34,101.56,50.21,54.78,20.42,105.38
94030,94075,94052.5,1091.18,6.86,0.10,3.66,0.00,0.00,0.00,0.00,0.00,0.00,0.00,3503.01,3906.28,3985.89,1498.92,2428.13,815.24,1132.03,1814.37,267.99,1456.57,2543.32,1802.01,1392.71,1129.52,1604.63,688.96,1100.63,920.60,650.41,297.50,357.96,211.34,153.48,58.12,324.92,199.19,162.03,0.00,124.63,31.37,36.69,95.72,101.46,33.55,30.85,20.34,0.00
94090,94135,94112.5,1256.82,7.78,0.12,3.67,0.00,0.00,0.00,0.00,0.00,0.00,0.00,6080.88,3602.26,4793.01,2706.54,2087.88,1442.75,2480.71,143.26,987.54,1752.18,1758.44,1382.57,1301.19,1198.35,1396.84,1217.56,985.76,628.35,814.81,687.92,424.41,262.20,439.40,181.16,187.95,523.09,243.09,121.71,71.98,150.63,10.37,37.45,2.80,56.30,0.00,0.00,0.00
94149,94194,94171.5,1477.91,6.38,0.09,3.67,0.00,0.00,0.00,0.00,0.00,0.00,0.00,7883.30,7760.94,5418.44,4972.40,3357.04,1762.18,2526.83,1359.75,1195.71,725.45,1565.39,1297.86,1108.09,824.35,1175.60,957.73,640.96,386.09,470.74,370.68,264.94,206.69,93.08,152.04,96.19,117.47,35.60,41.66,94.19,139.45,68.48,93.99,24.25,0.00,0.00,0.00,52.05
94208,94253,94230.5,1568.83,7.38,0.12,3.67,0.00,0.00,0.00,0.00,0.00,0.00,0.00,10180.52,3873.95,5863.37,4066.67,6120.27,2510.72,2774.99,1914.55,2017.45,1556.28,1379.72,769.94,778.92,1023.59,587.78,751.00,592.21,448.56,346.54,526.80,185.15,417.40,152.08,227.24,155.40,187.56,245.71,17.46,85.67,0.00,9.49,130.92,56.43,57.65,100.81,0.00,52.60
94267,94312,94289.5,2120.16,14.63,0.30,3.66,0.00,0.00,0.00,0.00,0.00,0.00,0.00,11960.32,15384.11,7075.07,3683.56,4152.97,3352.55,3003.09,1918.36,1970.49,1976.04,1600.56,666.78,989.11,1366.82,866.47,957.44,715.00,827.07,531.93,418.04,478.68,426.05,323.08,141.15,47.10,86.59,0.00,0.00,45.73,9.40,221.10,1969.76,334.03,231.59,50.54,64.46,0.00
94326,94371,94348.5,1927.15,8.70,0.12,3.43,0.00,0.00,0.00,0.00,0.00,0.00,0.00,12415.85,7656.35,7160.44,6053.37,3159.47,1746.68,3890.12,2195.47,1793.94,1582.89,1576.58,1595.03,1611.36,1249.78,1235.08,1407.87,1040.51,950.23,980.62,432.33,233.35,186.89,201.78,175.06,165.99,93.97,224.75,13.26,120.35,7.47,60.99,18.88,276.49,46.41,11.76,48.30,49.18
94385,94430,94407.5,3353.56,12.96,0.23,3.08,0.00,0.00,0.00,0.00,0.00,0.00,17816.91,12763.96,14144.24,8665.75,8966.03,9783.88,7134.49,5727.53,4465.67,3774.34,2411.57,1806.03,1861.77,917.10,1009.03,464.05,865.09,287.21,394.10,536.20,546.65,395.67,228.36,291.18,212.62,307.82,203.41,182.27,171.66,62.81,45.75,75.07,119.55,39.77,166.37,65.70,61.96,116.01
94444,94489,94466.5,2677.80,18.25,0.36,2.78,0.00,0.00,0.00,0.00,0.00,7543.99,12068.12,8129.30,6032.28,5874.02,7517.04,4106.46,3282.98,3124.20,2501.44,2705.03,1912.52,2365.10,2701.77,2185.00,1327.91,1310.12,776.59,1211.01,694.46,568.03,1278.72,586.38,706.38,476.14,565.83,202.99,465.12,296.16,498.37,540.53,444.93,303.06,473.06,227.30,175.86,221.89,103.43,39.48
94503,94548,94525.5,1433.75,12.55,0.25,2.53,0.00,0.00,0.00,0.00,0.00,4095.58,2641.88,2576.79,3422.62,3680.89,3350.58,3078.99,2947.24,1766.48,1388.63,2004.19,1515.48,1183.74,1393.51,1307.13,792.26,945.60,442.52,308.86,926.13,404.14,270.60,707.13,676.32,427.07,392.43,374.49,299.73,459.76,216.45,327.41,312.56,245.15,167.98,290.72,171.22,134.92,85.93,128.07
94562,94607,94584.5,1227.54,9.12,0.20,2.46,0.00,0.00,0.00,0.00,0.00,6032.51,6043.65,1194.43,2663.12,3051.41,2880.08,1508.55,1093.82,1441.49,1385.15,1482.09,255.40,946.79,883.77,1017.32,645.65,938.41,534.40,497.57,411.35,687.53,364.34,301.55,319.59,333.22,322.82,402.07,197.80,145.57,211.43,375.36,69.35,40.10,139.29,45.61,51.25,99.00,22.03,37.54
94621,94666,94643.5,1365.13,8.88,0.20,2.45,0.00,0.00,0.00,0.00,0.00,11816.76,4069.93,8251.81,2999.24,2518.35,420.73,1023.29,877.09,1307.94,761.64,859.51,787.42,584.25,592.23,585.18,545.89,822.33,448.90,237.72,334.18,239.42,293.97,352.68,229.30,248.87,254.33,177.10,305.77,282.27,238.94,253.35,82.12,173.39,123.26,120.72,82.87,105.90,76.00,28.70
94680,94725,94702.5,1415.08,7.23,0.13,2.46,0.00,0.00,0.00,0.00,0.00,5100.55,11255.13,6627.51,3039.90,2117.00,2528.74,1502.78,808.85,859.45,550.61,1291.95,652.36,1277.72,1169.12,867.82,498.29,739.41,543.38,418.51,123.95,443.08,305.48,149.40,147.34,276.36,364.99,197.56,206.44,339.27,200.69,77.30,151.56,29.45,82.31,33.97,46.31,100.41,77.01,39.46
94739,94784,94761.5,1290.93,7.25,0.14,2.46,0.00,0.00,0.00,0.00,0.00,11607.18,3988.77,5711.86,1953.31,2568.40,2752.04,1296.25,853.18,669.33,466.06,715.32,642.48,512.64,691.69,1162.79,423.36,574.41,557.29,696.28,32.45,435.88,376.84,178.37,287.44,279.43,189.24,261.10,314.76,121.81,160.41,132.41,83.69,57.88,171.19,76.85,52.21,73.96,37.58,77.02
94798,94843,94820.5,1387.42,8.62,0.18,2.46,0.00,0.00,0.00,0.00,0.00,8762.48,6526.10,6645.94,3353.20,1942.94,758.60,1553.41,1091.60,1126.99,1081.34,1878.47,873.59,878.07,770.36,962.66,1053.62,488.34,387.29,288.72,123.45,303.46,358.19,110.69,362.82,445.92,224.48,239.59,121.79,437.28,180.47,138.47,160.44,72.13,96.62,151.95,179.02,102.69,58.96,0.00
94857,94902,94879.5,1212.45,7.65,0.16,2.46,0.00,0.00,0.00,0.00,0.00,6348.89,10779.71,4030.54,2278.07,2604.80,1207.86,864.65,864.32,1135.89,535.31,693.26,559.57,346.52,498.47,444.60,544.19,442.28,662.97,388.71,343.13,332.49,227.50,272.91,171.02,44.22,4.10,187.97,66.44,194.88,209.92,364.00,313.69,331.24,78.57,108.73,105.08,106.60,36.10,12.34
94916,94961,94938.5,1011.66,8.36,0.19,2.46,0.00,0.00,0.00,0.00,2867.74,6358.59,3174.64,2085.43,2198.28,916.35,1120.71,783.00,768.73,599.60,804.66,1165.75,951.78,1120.00,725.56,663.36,645.72,409.54,244.16,673.95,238.46,247.46,408.05,288.44,308.00,193.86,383.98,284.38,300.35,72.12,113.34,152.82,132.67,130.17,222.88,106.68,179.29,90.62,106.68,72.21
94975,95020,94997.5,1173.65,9.84,0.24,2.46,0.00,0.00,0.00,0.00,1906.91,6704.81,1761.96,4934.17,2942.22,2196.81,2286.55,962.15,1524.08,1458.08,839.33,392.01,1043.05,783.11,825.03,777.74,532.26,490.60,574.51,162.77,230.31,284.54,169.22,362.23,487.34,405.38,201.43,556.90,121.33,102.99,52.53,84.41,140.51,163.01,285.61,155.51,139.40,185.12,35.75,144.89
95034,95079,95056.5,818.92,8.89,0.20,2.46,0.00,0.00,0.00,0.00,0.00,790.66,2239.15,1447.70,1082.10,1881.28,1628.68,1224.91,1067.32,1138.27,1227.98,1012.57,970.02,1072.17,1108.06,1369.94,578.66,711.75,458.47,313.59,323.59,738.50,285.53,391.21,292.13,439.88,227.30,243.93,222.24,206.75,234.46,219.55,122.01,212.44,279.87,107.45,52.45,91.23,4.45,70.52
95093,95138,95115.5,2626.44,12.69,0.28,2.46,0.00,0.00,0.00,0.00,0.00,12713.61,13852.97,11405.08,9285.17,6800.72,5106.70,4451.28,2868.65,1307.75,2057.61,1760.96,1902.64,1599.46,1060.52,652.32,421.62,974.22,581.63,279.59,207.71,504.15,546.63,300.12,389.21,254.20,472.55,135.20,211.64,183.58,335.34,222.35,179.78,153.02,92.55,101.30,110.46,76.15,205.83,37.55
95152,95197,95174.5,1375.35,13.19,0.32,2.46,0.00,0.00,0.00,0.00,0.00,3326.26,5057.82,5087.06,3611.60,3456.67,3189.27,1943.43,1518.17,1650.48,1319.37,1036.49,1372.39,1190.68,1138.11,762.34,793.98,499.76,372.13,421.43,344.95,612.23,410.93,385.03,471.96,392.64,443.39,271.44,404.71,236.71,167.14,293.11,525.99,104.75,197.15,221.63,73.90,158.62,148.50,113.26
95211,95256,95233.5,1094.85,9.72,0.21,2.46,0.00,0.00,0.00,0.00,0.00,5552.95,1816.20,3595.56,2912.19,1385.20,1989.40,1297.33,1413.44,1312.94,1108.79,1138.77,1433.48,1111.66,484.22,533.37,721.45,636.65,760.64,780.19,576.37,335.73,340.00,326.00,210.65,282.55,353.59,423.89,390.33,188.88,375.37,294.74,202.64,93.93,98.99,63.10,152.22,57.89,60.27,76.73
95270,95315,95292.5,1470.38,9.42,0.19,2.45,0.00,0.00,0.00,0.00,0.00,6040.00,7660.70,4245.22,3955.55,2837.77,2118.60,1954.53,2563.47,1960.97,1371.39,1678.80,1009.84,850.02,728.90,1477.96,712.72,487.39,619.03,535.65,413.72,403.41,409.93,217.68,77.01,94.68,181.14,116.31,423.39,204.52,370.56,225.25,324.45,266.16,121.60,23.40,82.45,52.32,65.23,72.32
95329,95374,95351.5,1001.52,11.87,0.30,2.46,0.00,0.00,0.00,0.00,0.00,2535.01,2551.45,1798.14,2237.05,2022.45,1978.83,1261.03,1304.41,896.32,724.67,1519.46,815.48,1660.00,1402.16,1039.32,661.43,868.64,580.02,482.13,768.15,434.07,316.22,352.84,265.69,430.96,0.00,562.05,212.03,381.30,174.78,380.94,214.91,167.79,198.79,147.06,40.88,180.31,84.42,142.79
95388,95433,95410.5,1486.95,11.69,0.28,2.46,0.00,0.00,0.00,0.00,0.00,6346.95,6173.36,4752.64,4102.20,2104.61,2542.21,3280.54,1108.20,1715.60,1903.02,1361.22,803.22,891.31,966.34,1204.26,1280.24,844.04,937.54,488.99,163.66,233.59,686.28,176.09,323.81,190.91,279.71,82.62,284.39,468.43,391.55,278.79,134.28,269.77,81.33,39.07,0.00,145.36,189.44,70.50
95447,95492,95469.5,1725.90,10.21,0.21,2.42,0.00,0.00,0.00,0.00,0.00,7657.77,6484.15,6153.99,4873.69,3955.08,3056.07,2523.25,2186.60,1812.85,2203.99,1606.75,1815.50,1241.63,1622.75,944.17,938.31,718.29,803.43,311.68,335.41,224.87,399.55,264.32,310.08,285.30,324.17,183.33,295.71,189.21,131.60,150.55,364.73,185.97,151.66,56.02,94.71,84.64,62.06,92.09
95506,95551,95528.5,1275.11,10.74,0.25,2.38,0.00,0.00,0.00,0.00,0.00,4343.12,4827.29,4517.31,4357.14,2391.11,1439.31,1321.99,2103.30,943.69,1634.89,1372.50,718.38,1305.26,1177.31,614.40,654.11,727.21,558.64,534.77,398.15,555.13,140.28,677.68,296.31,252.72,443.75,385.09,387.51,428.01,175.24,88.80,63.65,5.69,123.34,152.43,29.34,203.41,157.26,72.45
95565,95610,95587.5,1139.87,14.02,0.35,2.27,0.00,0.00,0.00,0.00,2855.47,5910.99,1577.40,1413.45,1707.80,1992.98,1134.56,1426.31,1249.10,1654.25,751.67,1359.67,1287.81,776.89,697.77,1181.75,1247.67,624.87,805.16,462.33,357.51,434.02,417.00,94.10,296.34,591.93,485.62,372.45,171.53,512.68,342.06,306.06,272.22,391.81,67.18,226.74,305.08,118.28,183.06,156.96
95624,95669,95646.5,1159.81,24.79,0.68,2.05,0.00,0.00,0.00,0.00,1184.28,1307.04,1266.73,1254.73,1060.57,1492.63,950.18,1557.18,1597.56,996.86,1001.93,881.12,1285.62,1164.90,1673.35,1379.49,1063.42,1509.53,1265.46,1107.07,1456.78,862.81,713.12,792.13,628.90,579.66,796.12,735.38,495.91,586.54,481.82,407.11,313.19,259.80,305.62,446.92,413.66,562.73,421.69,423.13
95683,95728,95705.5,951.87,14.34,0.32,1.85,0.00,0.00,0.00,399.88,1734.54,399.04,283.26,1535.47,1044.03,1021.92,1524.09,859.86,947.92,869.49,1118.83,1085.77,1023.75,1635.07,989.19,1533.57,1377.06,1063.53,1017.80,943.46,740.50,384.31,526.03,805.41,346.57,545.19,734.56,422.58,362.88,741.59,469.65,114.53,317.18,348.50,142.82,176.72,208.07,362.49,106.08,104.60
