Data/Raw/MOORE,RICHARD/FIREXAQ-LARGE-SMPS_DC8_20190802_R0.ict
88,1001
Richard Moore, Elizabeth Wiggins, Edward Winstead, Claire Robinson, Lee Thornhill, and Kevin Sanchez
NASA Langley Research Center
In-situ Submicron Particle Size Distributions from a SMPS on the NASA DC-8
FIREXAQ
1,1
2019,08,02,2020,03,10
0
Time_start,Secs after midnight,Time of acquisition
50
1,1,1,1,1,1,1,1,1,1,1,1,1,1,1,1,1,1,1,1,1,1,1,1,1,1,1,1,1,1,1,1,1,1,1,1,1,1,1,1,1,1,1,1,1,1,1,1,1,1
-9999,-9999,-9999,-9999,-9999,-9999,-9999,-9999,-9999,-9999,-9999,-9999,-9999,-9999,-9999,-9999,-9999,-9999,-9999,-9999,-9999,-9999,-9999,-9999,-9999,-9999,-9999,-9999,-9999,-9999,-9999,-9999,-9999,-9999,-9999,-9999,-9999,-9999,-9999,-9999,-9999,-9999,-9999,-9999,-9999,-9999,-9999,-9999,-9999,-9999
Time_stop,Secs after midnight,Time of acquisition
Time_mid,Secs after midnight,Time of acquisition
nSMPS_stdPT,#/cm3,AerMP_NumConc_InSitu_RHd_Mobility_NucltoAccu_STP,integrated_number_density
sSMPS_stdPT,um2/cm3,AerMP_SurfAreaConc_InSitu_RHd_Mobility_NucltoAccu_STP,integrated_surface_area
vSMPS_stdPT,um3/cm3,AerMP_VolConc_InSitu_RHd_Mobility_NucltoAccu_STP,integrated_volume
SMPS_stdPT, unitless, None, conversion between ambient PT and standard PT (1013, 273)
SMPS_bin00_stdPT,#/cm3,AerMP_NumSizeDist_InSitu_RHd_Mobility_NucltoAccu_STP,Binned number size distribution (in dNdlogDp) measured by the SMPS
SMPS_bin01_stdPT,#/cm3,AerMP_NumSizeDist_InSitu_RHd_Mobility_NucltoAccu_STP,Binned number size distribution (in dNdlogDp) measured by the SMPS
SMPS_bin02_stdPT,#/cm3,AerMP_NumSizeDist_InSitu_RHd_Mobility_NucltoAccu_STP,Binned number size distribution (in dNdlogDp) measured by the SMPS
SMPS_bin03_stdPT,#/cm3,AerMP_NumSizeDist_InSitu_RHd_Mobility_NucltoAccu_STP,Binned number size distribution (in dNdlogDp) measured by the SMPS
SMPS_bin04_stdPT,#/cm3,AerMP_NumSizeDist_InSitu_RHd_Mobility_NucltoAccu_STP,Binned number size distribution (in dNdlogDp) measured by the SMPS
SMPS_bin05_stdPT,#/cm3,AerMP_NumSizeDist_InSitu_RHd_Mobility_NucltoAccu_STP,Binned number size distribution (in dNdlogDp) measured by the SMPS
SMPS_bin06_stdPT,#/cm3,AerMP_NumSizeDist_InSitu_RHd_Mobility_NucltoAccu_STP,Binned number size distribution (in dNdlogDp) measured by the SMPS
SMPS_bin07_stdPT,#/cm3,AerMP_NumSizeDist_InSitu_RHd_Mobility_NucltoAccu_STP,Binned number size distribution (in dNdlogDp) measured by the SMPS
SMPS_bin08_stdPT,#/cm3,AerMP_NumSizeDist_InSitu_RHd_Mobility_NucltoAccu_STP,Binned number size distribution (in dNdlogDp) measured by the SMPS
SMPS_bin09_stdPT,#/cm3,AerMP_NumSizeDist_InSitu_RHd_Mobility_NucltoAccu_STP,Binned number size distribution (in dNdlogDp) measured by the SMPS
SMPS_bin10_stdPT,#/cm3,AerMP_NumSizeDist_InSitu_RHd_Mobility_NucltoAccu_STP,Binned number size distribution (in dNdlogDp) measured by the SMPS
SMPS_bin11_stdPT,#/cm3,AerMP_NumSizeDist_InSitu_RHd_Mobility_NucltoAccu_STP,Binned number size distribution (in dNdlogDp) measured by the SMPS
SMPS_bin12_stdPT,#/cm3,AerMP_NumSizeDist_InSitu_RHd_Mobility_NucltoAccu_STP,Binned number size distribution (in dNdlogDp) measured by the SMPS
SMPS_bin13_stdPT,#/cm3,AerMP_NumSizeDist_InSitu_RHd_Mobility_NucltoAccu_STP,Binned number size distribution (in dNdlogDp) measured by the SMPS
SMPS_bin14_stdPT,#/cm3,AerMP_NumSizeDist_InSitu_RHd_Mobility_NucltoAccu_STP,Binned number size distribution (in dNdlogDp) measured by the SMPS
[...]
UNCERTAINTY:  20%
ULOD_FLAG: -7777
ULOD_VALUE: N/A
LLOD_FLAG: -8888
LLOD_VALUE: N/A
DM_CONTACT_INFO: Lee Thornhill (Kenneth.L.Thornhill@nasa.gov)
PROJECT_INFO: FIREX-AQ
STIPULATIONS_ON_USE: No stipulations on use. The user is encouraged to contact the PI or DM prior to use.
OTHER_COMMENTS: Midpoint diameters of Bins 00 to 43 are: 0.011,0.012,0.013,0.014,0.015,0.016,0.017,0.018,0.019,0.021,0.022,0.024,0.026,0.028,0.030,0.032,0.035,0.037,0.040,0.043,0.046,0.050,0.053,0.057,0.061,0.066,0.071,0.076,0.082,0.088,0.095,0.102,0.109,0.118,0.126,0.136,0.146,0.157,0.168,0.181,0.194,0.209,0.225,0.241
REVISION: R0
R0: Final Data. Data are corrected for time lags and ammonium sulfate size calibrations.
*******************************************************************************************************************************
Time_start,Time_stop,Time_mid,nSMPS_stdPT,sSMPS_stdPT,vSMPS_stdPT,SMPS_stdPT,SMPS_bin00_stdPT,SMPS_bin01_stdPT,SMPS_bin02_stdPT,SMPS_bin03_stdPT,SMPS_bin04_stdPT,SMPS_bin05_stdPT,SMPS_bin06_stdPT,SMPS_bin07_stdPT,SMPS_bin08_stdPT,SMPS_bin09_stdPT,SMPS_bin10_stdPT,SMPS_bin11_stdPT,SMPS_bin12_stdPT,SMPS_bin13_stdPT,SMPS_bin14_stdPT,SMPS_bin15_stdPT,SMPS_bin16_stdPT,SMPS_bin17_stdPT,SMPS_bin18_stdPT,SMPS_bin19_stdPT,SMPS_bin20_stdPT,SMPS_bin21_stdPT,SMPS_bin22_stdPT,SMPS_bin23_stdPT,SMPS_bin24_stdPT,SMPS_bin25_stdPT,SMPS_bin26_stdPT,SMPS_bin27_stdPT,SMPS_bin28_stdPT,SMPS_bin29_stdPT,SMPS_bin30_stdPT,SMPS_bin31_stdPT,SMPS_bin32_stdPT,SMPS_bin33_stdPT,SMPS_bin34_stdPT,SMPS_bin35_stdPT,SMPS_bin36_stdPT,SMPS_bin37_stdPT,SMPS_bin38_stdPT,SMPS_bin39_stdPT,SMPS_bin40_stdPT,SMPS_bin41_stdPT,SMPS_bin42_stdPT,SMPS_bin43_stdPT
76150,76195,76172.5,0.00,0.00,0.00,1.26,0.00,0.00,0.00,0.00,0.00,0.00,0.00,0.00,0.00,0.00,0.00,0.00,0.00,0.00,0.00,0.00,0.00,0.00,0.00,0.00,0.00,0.00,0.00,0.00,0.00,0.00,0.00,0.00,0.00,0.00,0.00,0.00,0.00,0.00,0.00,0.00,0.00,0.00,0.00,0.00,0.00,0.00,0.00,0.00
76209,76254,76231.5,0.00,0.00,0.00,1.30,0.00,0.00,0.00,0.00,0.00,0.00,0.00,0.00,0.00,0.00,0.00,0.00,0.00,0.00,0.00,0.00,0.00,0.00,0.00,0.00,0.00,0.00,0.00,0.00,0.00,0.00,0.00,0.00,0.00,0.00,0.00,0.00,0.00,0.00,0.00,0.00,0.00,0.00,0.00,0.00,0.00,0.00,0.00,0.00
76268,76313,76290.5,0.00,0.00,0.00,1.36,0.00,0.00,0.00,0.00,0.00,0.00,0.00,0.00,0.00,0.00,0.00,0.00,0.00,0.00,0.00,0.00,0.00,0.00,0.00,0.00,0.00,0.00,0.00,0.00,0.00,0.00,0.00,0.00,0.00,0.00,0.00,0.00,0.00,0.00,0.00,0.00,0.00,0.00,0.00,0.00,0.00,0.00,0.00,0.00
76327,76372,76349.5,0.00,0.00,0.00,1.43,0.00,0.00,0.00,0.00,0.00,0.00,0.00,0.00,0.00,0.00,0.00,0.00,0.00,0.00,0.00,0.00,0.00,0.00,0.00,0.00,0.00,0.00,0.00,0.00,0.00,0.00,0.00,0.00,0.00,0.00,0.00,0.00,0.00,0.00,0.00,0.00,0.00,0.00,0.00,0.00,0.00,0.00,0.00,0.00
76386,76431,76408.5,2180.44,51.67,1.30,1.52,0.00,2995.62,7246.18,2675.37,1833.49,3730.96,1681.42,1279.93,1184.98,1182.05,1072.55,995.58,951.10,1281.59,979.44,1309.98,1289.09,1295.01,641.04,1224.72,979.47,1248.77,1389.08,2008.05,1170.84,1660.78,1265.60,1853.02,2074.97,1938.88,1527.06,1832.04,2064.04,1723.20,1584.56,1602.48,1811.63,1708.44,1374.52,1245.69,851.71,659.18,514.69,359.70
76445,76490,76467.5,1883.37,52.69,1.30,1.60,0.00,0.00,1646.41,235.44,1185.80,695.81,1049.36,505.71,1175.28,390.55,458.55,1214.98,812.23,1207.58,907.67,1223.64,1026.53,2020.66,1413.69,1335.65,1651.29,1897.42,2732.82,2545.36,2450.25,2603.92,2919.78,2307.13,2059.09,2507.57,1476.66,1922.59,1810.20,1599.03,1421.33,1589.11,1740.20,1126.19,1161.66,1184.08,737.17,933.99,515.70,333.90
76504,76549,76526.5,1988.81,51.77,1.33,1.69,0.00,0.00,6798.84,2743.41,1615.06,1063.57,365.10,213.48,666.19,348.79,1086.53,874.75,1124.14,1125.68,779.73,1564.05,1149.51,1744.60,2115.88,1726.11,1944.14,1348.17,1690.32,2402.70,1994.44,1954.06,1575.69,1824.25,2059.37,1359.18,1675.34,1866.45,1780.14,1914.15,1841.55,1359.56,849.31,1271.46,1212.60,855.00,1148.20,771.93,795.49,596.93
76563,76608,76585.5,2029.82,61.84,1.68,1.76,0.00,0.00,1428.07,2298.07,2178.39,478.72,978.32,825.87,958.80,503.94,2287.34,1616.74,888.44,2152.63,2627.81,1331.35,1251.01,1510.91,1489.53,888.09,1238.24,1411.79,1842.18,1758.25,2142.09,1693.18,2355.72,2208.14,2278.49,1396.03,1991.00,1635.22,1573.33,1415.15,2064.03,1906.50,1902.09,1229.48,1438.46,1104.03,1203.28,1198.43,732.25,491.07
76622,76667,76644.5,7858.28,61.91,1.61,1.83,0.00,0.00,40202.16,54368.88,44837.00,27487.38,18114.00,10096.32,4193.58,2261.77,1517.64,2366.86,1908.67,1631.69,1512.95,1864.45,1240.90,1432.91,767.18,717.04,895.54,1312.62,1793.21,1676.74,1969.44,1593.30,2006.95,1832.10,1226.58,1693.58,1320.78,1832.47,1423.69,1473.82,1562.58,1422.14,967.87,1047.85,1378.57,1575.71,1328.14,1223.00,958.66,702.42
76681,76726,76703.5,3415.62,75.27,2.03,1.86,0.00,0.00,7357.09,8347.66,7434.26,5027.91,2711.15,2104.80,1215.12,1793.95,2159.15,2852.17,3554.32,3153.07,2518.49,3088.13,2447.45,1842.39,2031.09,1880.70,1999.95,2429.37,1945.06,2456.77,2821.37,2343.83,2745.45,2140.33,2106.37,1545.86,1976.02,1926.15,2459.65,2348.94,2007.89,2377.55,2476.22,1946.21,715.13,1386.66,1436.97,1064.73,762.42,1015.18
76740,76785,76762.5,4685.26,71.18,1.88,1.86,0.00,0.00,38797.54,25561.96,6280.20,4123.28,2057.44,1091.31,1991.98,2386.05,1369.09,3094.45,3524.27,1989.68,3084.72,2397.41,2717.96,1842.02,2190.34,1941.56,1770.80,2049.81,1924.43,2313.46,2756.11,1856.46,1518.10,2226.27,1634.79,1291.42,2121.21,1809.27,2299.37,1618.98,1836.36,2087.26,2275.79,1596.15,1564.92,1708.94,1587.10,1095.13,971.05,620.83
76799,76844,76821.5,2321.31,58.75,1.51,1.86,0.00,0.00,994.69,1642.14,1151.14,1035.29,1730.07,2657.15,2198.47,2099.29,2194.70,2950.46,3008.08,3029.61,2556.94,2214.91,1810.15,2267.36,1450.10,1549.58,1328.28,1765.64,1585.34,1723.04,2028.01,1835.88,2152.39,2014.61,1893.85,1476.18,1602.38,1502.38,1183.59,1407.32,1933.82,1533.47,1439.34,2043.04,2237.55,1149.20,1158.58,1005.83,678.73,616.83
76858,76903,76880.5,2125.59,52.71,1.34,1.86,0.00,0.00,1032.26,0.00,1042.54,412.16,575.16,1112.56,1599.07,2368.46,2368.40,2041.14,3795.14,2883.37,3198.72,2175.55,1428.06,2651.37,2081.63,1454.32,1886.58,2164.98,1046.07,2002.57,1922.55,1704.93,1699.06,1311.47,1489.68,1726.65,1378.15,2279.47,1855.86,1832.60,1433.10,1965.91,890.30,1319.83,1512.63,796.47,979.48,898.14,667.12,553.14
76917,76962,76939.5,2273.77,43.74,1.07,1.86,0.00,0.00,3223.21,1640.10,0.00,1702.98,2117.25,1830.67,3062.77,1961.45,3216.61,3192.86,3044.74,3530.52,3989.02,2018.84,2757.78,2152.35,1658.75,1942.69,1421.19,1815.76,1897.95,1765.29,1203.90,1480.84,1433.93,1347.55,1265.95,1266.64,1055.39,972.91,1258.40,1322.87,1389.35,1766.41,1167.72,1277.61,854.89,979.18,849.31,655.53,628.84,438.98
76976,77021,76998.5,1982.63,38.08,0.96,1.90,0.00,0.00,1229.32,2018.95,1663.58,2191.42,1317.14,1956.99,2991.04,2123.43,3129.56,2221.49,3348.08,2565.85,3522.31,2468.61,1942.80,1673.97,1519.01,1294.90,1431.71,1167.76,960.65,1058.87,1069.72,1212.60,1007.30,936.71,1187.73,1389.24,1178.74,694.79,1406.00,1195.48,1220.20,748.29,1197.64,948.55,685.47,921.40,693.60,765.28,498.24,382.98
77035,77080,77057.5,1441.80,37.08,0.95,2.01,0.00,0.00,0.00,1465.87,137.60,411.63,936.46,1460.08,1475.98,1732.35,1732.40,1674.99,1652.93,1264.51,1655.62,1803.32,1814.18,1474.11,871.02,615.72,917.65,1149.61,886.92,667.75,1207.89,1269.80,971.64,1252.18,1272.08,1461.93,1170.96,1095.00,916.12,1044.85,1070.51,863.40,1117.50,1279.34,1314.07,721.32,818.65,393.44,520.57,166.54
77094,77139,77116.5,884.84,12.18,0.27,2.14,0.00,0.00,0.00,0.00,815.22,1619.00,355.63,908.38,1409.94,1122.44,1420.82,1891.44,939.88,646.84,1592.47,989.93,1073.50,941.47,1297.63,824.04,810.90,905.13,572.65,943.19,733.06,866.63,468.22,437.28,339.31,542.25,344.74,535.38,232.13,302.86,407.76,476.62,217.16,269.67,205.91,351.44,197.15,123.31,83.67,0.00
77153,77198,77175.5,1131.59,10.70,0.25,2.26,0.00,0.00,0.00,0.00,1334.18,1355.03,1761.15,2180.60,714.57,2069.15,2787.14,3201.13,3165.81,2341.56,1867.64,1396.63,1330.20,803.42,874.42,1078.74,833.38,733.85,390.04,467.38,760.57,612.27,486.15,255.21,394.85,252.59,229.31,136.89,330.60,271.54,289.06,424.32,275.62,130.40,71.37,122.93,8.90,0.00,114.16,183.27
77212,77257,77234.5,1148.36,7.83,0.16,2.38,0.00,0.00,0.00,0.00,3214.55,3102.77,2761.36,2101.10,3793.81,1224.01,2152.52,2106.92,1756.43,1589.04,542.11,1638.30,1318.57,800.98,926.26,989.28,1086.84,641.50,530.14,445.96,423.74,433.92,276.57,388.05,439.93,166.63,361.57,200.49,157.20,228.24,129.70,55.62,102.50,114.68,231.57,57.01,62.08,23.96,0.00,0.00
77271,77316,77293.5,1017.66,6.67,0.12,2.46,0.00,0.00,0.00,0.00,400.25,4263.38,2613.94,2717.92,651.29,1367.51,2553.34,2094.75,1126.41,1043.95,1636.22,589.01,1472.46,1624.87,1128.08,1500.39,702.60,582.38,787.18,506.97,333.97,371.74,287.94,234.64,275.96,206.59,122.69,178.14,100.52,154.42,174.71,97.55,152.74,132.51,91.62,0.00,72.86,110.26,41.76,22.15
77330,77375,77352.5,905.27,6.11,0.10,2.54,0.00,0.00,0.00,0.00,1997.33,0.00,1799.41,3145.65,1096.44,2551.19,996.17,819.87,1302.37,1262.38,1371.02,765.69,1367.58,1164.44,1420.40,877.58,1204.33,331.69,918.33,775.84,400.99,715.58,291.32,365.21,442.12,408.57,78.11,366.34,130.08,49.75,52.85,72.53,31.44,43.50,171.25,62.75,14.73,38.10,38.70,0.00
77389,77434,77411.5,820.45,6.76,0.13,2.62,0.00,0.00,0.00,0.00,0.00,652.27,826.14,1511.51,703.81,1553.11,1525.93,1446.15,1536.90,3262.04,1446.72,1164.08,1624.23,817.00,1193.43,1066.58,715.96,754.09,500.89,274.82,479.52,271.51,318.66,204.59,275.15,218.61,394.64,332.37,196.38,189.96,170.63,55.54,88.71,106.64,71.35,0.00,115.76,0.00,29.95,158.76
77448,77493,77470.5,905.65,9.92,0.23,2.68,0.00,0.00,0.00,0.00,0.00,987.22,684.24,1675.99,1069.97,2091.73,905.99,1556.44,1865.61,1358.24,1059.11,852.55,2382.36,1178.95,1248.82,983.67,1749.65,973.00,860.43,683.94,589.96,567.94,459.30,303.02,174.77,366.70,348.05,206.86,422.55,168.35,374.45,52.29,35.38,12.23,0.00,49.66,148.94,35.99,81.10,164.05
77507,77552,77529.5,1149.77,14.61,0.36,2.76,0.00,0.00,0.00,0.00,0.00,0.00,785.55,2848.55,699.73,3222.10,1669.74,1850.84,1828.16,1882.86,1584.28,1582.24,1257.36,2532.76,1966.50,1620.01,1167.20,1374.40,1129.54,1275.08,455.28,580.81,786.23,466.69,537.09,105.02,122.76,300.71,214.92,202.70,456.05,432.13,414.55,340.46,194.21,227.16,7.93,24.32,249.47,126.91
77566,77611,77588.5,804.36,17.03,0.45,2.81,0.00,0.00,0.00,0.00,0.00,0.00,1239.71,225.16,689.41,981.78,1244.84,824.42,2211.76,728.21,649.17,836.74,1246.60,669.93,246.96,264.99,1009.98,1086.09,1611.42,793.93,970.67,467.08,339.86,559.55,942.10,463.95,357.11,908.27,471.04,431.25,824.30,578.19,158.11,142.80,281.45,332.05,127.68,110.41,192.71,169.29
77625,77670,77647.5,969.97,14.23,0.36,2.86,0.00,0.00,0.00,0.00,0.00,0.00,2246.58,0.00,1411.90,1995.76,670.72,2410.80,731.86,2012.60,1295.41,1011.07,1472.66,756.41,1157.34,1049.18,1154.95,1163.43,1292.32,1242.41,1246.31,829.85,639.14,1038.26,508.26,406.27,91.72,283.50,250.13,305.84,412.58,493.26,104.07,250.52,344.38,94.79,59.73,0.00,78.80,174.92
77684,77729,77706.5,1047.29,11.39,0.25,2.91,0.00,0.00,0.00,0.00,0.00,0.00,0.00,1860.41,1358.80,754.81,757.34,1116.22,1648.04,3578.16,3129.23,2557.59,1403.01,1947.94,1983.87,1661.48,1862.98,1004.39,839.87,931.17,466.43,334.44,504.14,379.16,235.63,347.65,322.67,468.64,243.14,375.02,335.17,74.73,133.96,12.14,61.40,146.25,132.43,120.65,119.87,118.44
77743,77788,77765.5,1158.85,14.24,0.37,2.96,0.00,0.00,0.00,0.00,0.00,1212.57,0.00,690.37,1007.36,2124.70,3032.39,2390.11,2651.33,1661.48,3013.56,2029.80,1072.64,1973.93,1671.32,1818.23,1785.19,1231.65,972.91,809.03,619.05,282.72,806.40,367.66,773.32,350.31,196.60,123.24,78.00,292.88,127.28,303.83,180.15,331.08,112.80,119.03,11.08,167.60,8.26,207.88
77802,77847,77824.5,992.58,14.75,0.40,3.00,0.00,0.00,0.00,0.00,0.00,3220.20,991.10,586.21,922.98,706.19,2003.75,898.38,1736.32,2383.37,1377.30,905.30,1516.06,1309.78,1480.94,1464.49,1660.66,387.12,527.14,583.08,977.86,541.59,670.94,598.48,462.75,201.25,394.63,289.97,260.14,386.78,374.67,308.08,53.45,245.90,194.73,134.19,16.38,291.03,135.15,90.09
77861,77906,77883.5,1298.51,11.81,0.24,3.01,0.00,0.00,0.00,0.00,0.00,0.00,1805.89,3694.71,2373.26,685.32,2263.12,2767.06,910.19,3156.52,2233.51,2903.30,1715.83,1727.49,2610.51,2298.37,1289.68,1415.80,446.26,979.19,1105.85,418.87,803.68,319.95,378.08,538.26,203.13,237.18,383.46,308.99,299.55,128.42,273.77,223.38,37.60,129.25,185.65,10.60,40.51,109.16
77921,77966,77943.5,1549.85,9.28,0.15,3.01,0.00,0.00,0.00,0.00,0.00,5649.09,3223.55,2802.60,3976.47,2489.35,1336.52,2383.40,3592.06,2480.88,2917.10,3534.13,2011.35,1511.01,1832.32,969.97,1040.04,1687.51,957.13,256.81,687.41,700.37,649.02,318.20,468.63,307.86,124.62,280.82,59.25,184.83,224.95,214.25,97.26,118.85,67.05,40.77,123.87,210.05,21.77,41.53
77979,78024,78001.5,1566.53,8.26,0.11,3.02,0.00,0.00,0.00,0.00,0.00,5397.52,1518.37,2759.15,2731.93,3646.78,3337.76,2382.45,4192.78,3394.17,1858.32,3109.43,2129.12,2889.18,1878.35,1014.87,668.23,1136.99,1279.19,572.40,263.11,578.04,345.64,730.10,311.27,344.54,208.54,222.68,182.82,195.44,171.39,92.44,118.92,163.57,115.00,80.27,108.31,0.00,0.00,0.00
78038,78083,78060.5,1565.73,8.56,0.14,3.01,0.00,0.00,0.00,0.00,0.00,4427.81,7153.89,2453.90,3054.17,1925.89,3286.64,2555.51,3544.29,3046.30,1127.47,2539.19,2704.82,1461.31,1065.51,1913.56,1695.41,1050.90,543.33,614.54,667.40,296.37,160.13,431.48,341.02,175.96,352.21,341.05,117.87,77.76,123.55,230.33,33.17,32.13,183.15,84.05,56.54,81.59,124.63,0.00
78097,78142,78119.5,1283.83,7.97,0.16,3.02,0.00,0.00,0.00,0.00,0.00,1211.48,1499.68,2841.04,3512.96,2119.14,2180.36,2855.89,3142.86,3521.40,2948.89,2361.54,2628.11,1290.60,1329.57,1166.87,1351.56,668.12,864.83,543.03,290.37,374.74,169.41,145.16,386.59,175.76,113.72,203.88,278.00,165.68,88.10,103.17,34.29,192.62,0.17,80.12,3.99,0.00,0.00,85.80
78156,78201,78178.5,1335.50,7.89,0.13,3.01,0.00,0.00,0.00,0.00,0.00,2411.54,3338.98,2951.71,1692.33,3496.70,3307.13,2965.65,2515.71,2640.88,2120.65,2039.79,1729.96,1051.95,1634.46,1672.13,1129.22,659.03,300.42,839.47,401.69,348.18,861.39,334.68,396.52,353.02,212.79,330.45,68.56,188.96,86.71,115.99,56.12,250.21,0.00,0.00,41.14,58.31,0.00,43.74
78216,78261,78238.5,0.00,0.00,0.00,2.93,0.00,0.00,0.00,0.00,0.00,0.00,0.00,0.00,0.00,0.00,0.00,0.00,0.00,0.00,0.00,0.00,0.00,0.00,0.00,0.00,0.00,0.00,0.00,0.00,0.00,0.00,0.00,0.00,0.00,0.00,0.00,0.00,0.00,0.00,0.00,0.00,0.00,0.00,0.00,0.00,0.00,0.00,0.00,0.00
78275,78320,78297.5,0.00,0.00,0.00,2.75,0.00,0.00,0.00,0.00,0.00,0.00,0.00,0.00,0.00,0.00,0.00,0.00,0.00,0.00,0.00,0.00,0.00,0.00,0.00,0.00,0.00,0.00,0.00,0.00,0.00,0.00,0.00,0.00,0.00,0.00,0.00,0.00,0.00,0.00,0.00,0.00,0.00,0.00,0.00,0.00,0.00,0.00,0.00,0.00
78334,78379,78356.5,0.00,0.00,0.00,2.58,0.00,0.00,0.00,0.00,0.00,0.00,0.00,0.00,0.00,0.00,0.00,0.00,0.00,0.00,0.00,0.00,0.00,0.00,0.00,0.00,0.00,0.00,0.00,0.00,0.00,0.00,0.00,0.00,0.00,0.00,0.00,0.00,0.00,0.00,0.00,0.00,0.00,0.00,0.00,0.00,0.00,0.00,0.00,0.00
78393,78438,78415.5,0.00,0.00,0.00,2.46,0.00,0.00,0.00,0.00,0.00,0.00,0.00,0.00,0.00,0.00,0.00,0.00,0.00,0.00,0.00,0.00,0.00,0.00,0.00,0.00,0.00,0.00,0.00,0.00,0.00,0.00,0.00,0.00,0.00,0.00,0.00,0.00,0.00,0.00,0.00,0.00,0.00,0.00,0.00,0.00,0.00,0.00,0.00,0.00
78452,78497,78474.5,911.86,9.38,0.21,2.44,0.00,0.00,0.00,0.00,0.00,815.50,3163.26,912.62,323.01,1413.54,2094.86,1525.34,1640.93,1066.06,1412.82,968.89,1376.90,1690.52,1640.85,1373.43,943.80,996.32,703.90,698.53,558.76,454.95,348.14,228.97,203.39,160.94,138.12,210.59,341.12,251.31,185.46,424.26,133.66,120.39,121.90,93.50,70.11,66.59,77.86,39.88
78511,78556,78533.5,966.19,9.82,0.21,2.44,0.00,0.00,0.00,0.00,0.00,4346.72,1399.80,1062.45,375.23,2661.04,1148.56,1230.09,1984.71,831.58,1753.20,1761.45,1209.29,1192.72,807.76,750.02,1132.72,827.19,603.82,685.38,656.71,317.97,170.36,420.22,373.60,111.95,394.40,232.59,520.45,229.10,484.20,195.00,314.74,204.17,103.29,114.62,0.00,19.29,40.27,142.30
78570,78615,78592.5,1130.64,7.54,0.13,2.45,0.00,0.00,0.00,0.00,0.00,1951.81,5731.41,2796.35,3565.33,872.96,2068.91,1379.56,1275.63,1970.13,1294.01,1232.65,1159.20,1012.76,1549.30,1297.78,876.02,758.60,866.04,769.26,673.87,310.82,161.62,349.46,189.24,165.04,399.60,147.82,249.24,163.97,76.35,115.89,144.47,0.00,56.01,233.31,131.69,78.39,105.98,0.00
78629,78674,78651.5,1425.10,11.78,0.26,2.44,0.00,0.00,0.00,0.00,4398.61,2600.67,3943.78,2892.33,2326.01,1640.36,2600.09,2071.95,1726.09,1897.46,2279.24,1219.83,1442.67,1167.40,853.75,1328.91,1407.22,1625.86,1215.93,1144.36,502.56,599.68,444.64,555.44,573.23,457.43,414.13,447.15,288.33,230.75,208.30,125.41,145.47,42.82,22.26,198.98,20.14,77.99,114.65,117.00
78688,78733,78710.5,1261.02,10.32,0.21,2.44,0.00,0.00,0.00,0.00,3982.26,1188.21,3665.61,1894.77,2128.31,679.07,2830.05,3377.96,1679.21,1824.76,1509.18,1590.86,1073.42,1743.14,978.82,1330.77,945.64,1045.59,872.45,780.92,663.34,318.30,653.94,185.06,93.52,335.46,435.56,334.83,230.10,410.25,294.41,154.55,153.82,234.00,229.79,69.97,134.67,81.68,102.15,18.72
78747,78792,78769.5,1026.55,7.00,0.12,2.45,0.00,0.00,0.00,0.00,977.31,2580.75,793.86,2493.56,1678.59,1428.24,1733.37,1782.24,1301.53,1447.04,1569.41,1255.29,1494.37,1507.01,1652.14,1890.94,731.01,1188.04,874.38,919.66,589.41,429.74,285.85,280.67,156.64,403.80,133.87,147.00,91.07,244.94,162.28,83.98,98.10,168.84,120.02,36.34,6.94,0.00,35.35,0.00
78806,78851,78828.5,1024.31,6.56,0.12,2.44,0.00,0.00,0.00,0.00,1188.41,1345.00,3334.56,1306.22,2845.91,2331.84,1784.36,2355.33,1524.64,1951.56,952.71,1368.00,1317.31,898.98,1511.60,908.12,792.11,639.64,753.15,475.07,367.15,281.84,182.19,385.20,163.95,130.32,173.86,160.68,273.43,373.17,162.77,117.21,59.55,5.28,49.42,32.93,0.00,101.14,103.29,69.89
