Data/Raw/MOORE,RICHARD/FIREXAQ-LARGE-SMPS_DC8_20190722_R0.ict
88,1001
Richard Moore, Elizabeth Wiggins, Edward Winstead, Claire Robinson, Lee Thornhill, and Kevin Sanchez
NASA Langley Research Center
In-situ Submicron Particle Size Distributions from a SMPS on the NASA DC-8
FIREXAQ
1,1
2019,07,22,2020,03,10
0
Time_start,Secs after midnight,Time of acquisition
50
1,1,1,1,1,1,1,1,1,1,1,1,1,1,1,1,1,1,1,1,1,1,1,1,1,1,1,1,1,1,1,1,1,1,1,1,1,1,1,1,1,1,1,1,1,1,1,1,1,1
-9999,-9999,-9999,-9999,-9999,-9999,-9999,-9999,-9999,-9999,-9999,-9999,-9999,-9999,-9999,-9999,-9999,-9999,-9999,-9999,-9999,-9999,-9999,-9999,-9999,-9999,-9999,-9999,-9999,-9999,-9999,-9999,-9999,-9999,-9999,-9999,-9999,-9999,-9999,-9999,-9999,-9999,-9999,-9999,-9999,-9999,-9999,-9999,-9999,-9999
Time_stop,Secs after midnight,Time of acquisition
Time_mid,Secs after midnight,Time of acquisition
nSMPS_stdPT,#/cm3,AerMP_NumConc_InSitu_RHd_Mobility_NucltoAccu_STP,integrated_number_density
sSMPS_stdPT,um2/cm3,AerMP_SurfAreaConc_InSitu_RHd_Mobility_NucltoAccu_STP,integrated_surface_area
vSMPS_stdPT,um3/cm3,AerMP_VolConc_InSitu_RHd_Mobility_NucltoAccu_STP,integrated_volume
SMPS_stdPT, unitless, None, conversion between ambient PT and standard PT (1013, 273)
SMPS_bin00_stdPT,#/cm3,AerMP_NumSizeDist_InSitu_RHd_Mobility_NucltoAccu_STP,Binned number size distribution (in dNdlogDp) measured by the SMPS
SMPS_bin01_stdPT,#/cm3,AerMP_NumSizeDist_InSitu_RHd_Mobility_NucltoAccu_STP,Binned number size distribution (in dNdlogDp) measured by the SMPS
SMPS_bin02_stdPT,#/cm3,AerMP_NumSizeDist_InSitu_RHd_Mobility_NucltoAccu_STP,Binned number size distribution (in dNdlogDp) measured by the SMPS
SMPS_bin03_stdPT,#/cm3,AerMP_NumSizeDist_InSitu_RHd_Mobility_NucltoAccu_STP,Binned number size distribution (in dNdlogDp) measured by the SMPS
SMPS_bin04_stdPT,#/cm3,AerMP_NumSizeDist_InSitu_RHd_Mobility_NucltoAccu_STP,Binned number size distribution (in dNdlogDp) measured by the SMPS
SMPS_bin05_stdPT,#/cm3,AerMP_NumSizeDist_InSitu_RHd_Mobility_NucltoAccu_STP,Binned number size distribution (in dNdlogDp) measured by the SMPS
SMPS_bin06_stdPT,#/cm3,AerMP_NumSizeDist_InSitu_RHd_Mobility_NucltoAccu_STP,Binned number size distribution (in dNdlogDp) measured by the SMPS
SMPS_bin07_stdPT,#/cm3,AerMP_NumSizeDist_InSitu_RHd_Mobility_NucltoAccu_STP,Binned number size distribution (in dNdlogDp) measured by the SMPS
SMPS_bin08_stdPT,#/cm3,AerMP_NumSizeDist_InSitu_RHd_Mobility_NucltoAccu_STP,Binned number size distribution (in dNdlogDp) measured by the SMPS
SMPS_bin09_stdPT,#/cm3,AerMP_NumSizeDist_InSitu_RHd_Mobility_NucltoAccu_STP,Binned number size distribution (in dNdlogDp) measured by the SMPS
SMPS_bin10_stdPT,#/cm3,AerMP_NumSizeDist_InSitu_RHd_Mobility_NucltoAccu_STP,Binned number size distribution (in dNdlogDp) measured by the SMPS
SMPS_bin11_stdPT,#/cm3,AerMP_NumSizeDist_InSitu_RHd_Mobility_NucltoAccu_STP,Binned number size distribution (in dNdlogDp) measured by the SMPS
SMPS_bin12_stdPT,#/cm3,AerMP_NumSizeDist_InSitu_RHd_Mobility_NucltoAccu_STP,Binned number size distribution (in dNdlogDp) measured by the SMPS
SMPS_bin13_stdPT,#/cm3,AerMP_NumSizeDist_InSitu_RHd_Mobility_NucltoAccu_STP,Binned number size distribution (in dNdlogDp) measured by the SMPS
SMPS_bin14_stdPT,#/cm3,AerMP_NumSizeDist_InSitu_RHd_Mobility_NucltoAccu_STP,Binned number size distribution (in dNdlogDp) measured by the SMPS
[...]
UNCERTAINTY:  20%
ULOD_FLAG: -7777
ULOD_VALUE: N/A
LLOD_FLAG: -8888
LLOD_VALUE: N/A
DM_CONTACT_INFO: Lee Thornhill (Kenneth.L.Thornhill@nasa.gov)
PROJECT_INFO: FIREX-AQ
STIPULATIONS_ON_USE: No stipulations on use. The user is encouraged to contact the PI or DM prior to use.
OTHER_COMMENTS: Midpoint diameters of Bins 00 to 43 are: 0.011,0.012,0.013,0.014,0.015,0.016,0.017,0.018,0.019,0.021,0.022,0.024,0.026,0.028,0.030,0.032,0.035,0.037,0.040,0.043,0.046,0.050,0.053,0.057,0.061,0.066,0.071,0.076,0.082,0.088,0.095,0.102,0.109,0.118,0.126,0.136,0.146,0.157,0.168,0.181,0.194,0.209,0.225,0.241
REVISION: R0
R0: Final Data. Data are corrected for time lags and ammonium sulfate size calibrations.
*******************************************************************************************************************************
Time_start,Time_stop,Time_mid,nSMPS_stdPT,sSMPS_stdPT,vSMPS_stdPT,SMPS_stdPT,SMPS_bin00_stdPT,SMPS_bin01_stdPT,SMPS_bin02_stdPT,SMPS_bin03_stdPT,SMPS_bin04_stdPT,SMPS_bin05_stdPT,SMPS_bin06_stdPT,SMPS_bin07_stdPT,SMPS_bin08_stdPT,SMPS_bin09_stdPT,SMPS_bin10_stdPT,SMPS_bin11_stdPT,SMPS_bin12_stdPT,SMPS_bin13_stdPT,SMPS_bin14_stdPT,SMPS_bin15_stdPT,SMPS_bin16_stdPT,SMPS_bin17_stdPT,SMPS_bin18_stdPT,SMPS_bin19_stdPT,SMPS_bin20_stdPT,SMPS_bin21_stdPT,SMPS_bin22_stdPT,SMPS_bin23_stdPT,SMPS_bin24_stdPT,SMPS_bin25_stdPT,SMPS_bin26_stdPT,SMPS_bin27_stdPT,SMPS_bin28_stdPT,SMPS_bin29_stdPT,SMPS_bin30_stdPT,SMPS_bin31_stdPT,SMPS_bin32_stdPT,SMPS_bin33_stdPT,SMPS_bin34_stdPT,SMPS_bin35_stdPT,SMPS_bin36_stdPT,SMPS_bin37_stdPT,SMPS_bin38_stdPT,SMPS_bin39_stdPT,SMPS_bin40_stdPT,SMPS_bin41_stdPT,SMPS_bin42_stdPT,SMPS_bin43_stdPT
[from data line 134]
73707,73752,73729.5,30950.04,304.99,5.54,1.18,12521.02,14789.54,7290.63,11662.20,15029.69,17444.62,20101.92,35804.80,34008.58,29587.65,32555.92,36647.58,37459.15,51371.89,48896.50,52801.19,47651.14,33988.33,35433.07,48695.82,58934.62,60453.55,31445.89,21839.38,17018.27,20381.06,17384.83,13211.92,10048.21,10500.13,8389.67,4738.13,7428.51,11592.91,7332.08,6968.37,9092.95,8321.81,6201.57,4481.24,2886.09,2175.49,1624.66,1186.35
73766,73811,73788.5,94673.04,343.67,4.18,1.15,106618.63,143742.67,157805.98,148367.97,137597.92,153078.27,167872.31,158932.58,152596.72,123662.30,158173.19,82741.17,119677.01,129256.18,101615.62,98716.49,108675.12,95668.45,83255.73,107333.23,98435.99,77129.77,50581.04,36994.16,30318.85,22057.37,12878.65,9180.17,5348.51,4935.26,4572.02,5201.15,4054.82,3208.46,4445.78,5309.27,3887.40,4705.67,4400.84,3027.59,2040.98,1455.94,923.59,0.00
73825,73870,73847.5,87012.48,326.25,4.08,1.15,193772.12,155730.53,150057.17,138886.41,137323.00,121220.80,85056.20,93464.70,95926.19,99105.85,91549.30,89883.94,95895.30,81868.29,82576.73,90618.94,106251.97,112119.80,109615.96,95252.49,82791.81,66629.18,51737.43,35546.32,24925.08,20206.36,13484.86,10153.94,8043.21,6987.34,5848.97,5085.35,5310.62,4434.25,5150.74,4774.61,4377.71,4289.38,3504.46,2530.33,1830.38,1470.79,1095.01,0.00
73884,73929,73906.5,68937.74,262.96,3.46,1.15,85570.58,90067.77,97073.74,85535.99,59734.32,60987.56,121841.33,97042.37,84459.65,135131.80,124693.20,127006.68,110937.66,103681.98,113710.28,105095.99,75880.77,32102.41,49611.39,82598.27,66580.45,38013.51,21726.01,16871.74,13915.94,13577.81,9379.39,5660.81,6463.56,6338.89,3453.85,5002.23,6776.41,7137.12,5372.02,3974.20,3249.90,3436.01,2645.96,2312.51,1708.50,1602.10,1231.17,0.00
73943,73988,73965.5,75841.59,255.84,3.41,1.15,80133.51,72107.02,69447.21,92467.45,148669.30,124324.78,130286.64,120623.34,117594.33,133114.89,150830.75,164971.45,169829.67,138425.14,114935.39,97325.16,81121.09,62039.39,46366.80,35158.05,24168.31,18822.08,14592.10,9059.66,8284.47,11418.64,11365.77,8598.17,5021.84,8034.37,9108.25,6530.40,2699.08,3851.46,4651.91,3912.68,2589.48,2844.82,3517.93,2725.64,2588.71,1484.63,1504.94,0.00
74002,74047,74024.5,26078.27,178.05,2.94,1.15,38230.10,31758.86,32549.84,31240.85,26292.37,17384.90,22126.49,18097.89,18722.10,21942.56,22983.86,27061.34,26854.36,29039.11,44747.07,51283.12,52392.03,46404.71,37962.82,30084.99,25144.38,18850.53,14913.16,13259.27,13015.42,8698.11,6633.24,6324.47,6735.05,6206.70,6119.19,4392.78,5476.71,5447.10,5042.38,4484.73,4542.40,4060.12,2937.03,1966.83,1561.11,1260.46,964.66,0.00
74061,74106,74083.5,11935.98,130.20,2.57,1.15,20557.79,11551.64,8130.38,6183.72,3062.48,6991.85,9745.06,8386.17,8105.67,9619.80,9326.00,14899.99,19813.54,19987.50,20308.37,22490.46,19659.95,18154.80,14734.18,12395.46,7824.10,6243.48,5929.79,4807.55,5621.41,5525.13,5469.59,5364.32,5724.08,5434.06,6024.58,4926.72,4431.40,4534.84,5144.08,3833.43,3452.80,3802.66,2983.62,2452.69,1471.14,1331.68,1117.67,0.00
74120,74165,74142.5,7598.75,115.78,2.54,1.15,20203.88,13103.79,13842.13,5985.03,4662.57,4616.19,2258.50,2628.68,3577.52,2746.19,2956.88,3320.90,5316.21,4168.39,4990.35,4777.95,5057.55,4956.28,4084.27,3410.33,3918.69,3094.63,3714.66,4947.81,7288.72,6267.62,5636.32,5021.88,2942.29,3635.96,4920.03,4999.29,4564.30,4638.62,4743.83,5497.05,4257.88,3401.60,3250.69,2321.24,1815.53,1262.33,1114.19,0.00
74179,74224,74201.5,20897.59,145.32,2.56,1.14,18802.91,30745.10,30154.71,23915.74,21449.84,23726.21,14892.09,13536.54,18768.18,17711.57,23564.95,33286.19,32649.25,27873.28,35702.96,32225.37,28154.04,24792.95,19521.16,15265.36,17626.96,15166.82,10195.69,9373.26,8498.85,6936.72,5764.95,6430.13,4556.93,3358.99,4547.23,7125.91,6084.52,4394.84,3797.85,4057.78,3196.84,2714.87,2866.90,2222.69,1635.35,1441.87,820.77,0.00
74238,74283,74260.5,23744.89,130.40,2.24,1.14,59157.88,47317.81,48973.67,33704.84,26350.55,22535.93,18592.96,19443.98,17344.59,19883.99,23686.19,20621.06,24822.11,27572.10,25429.76,22703.39,22263.52,19698.79,19241.12,17899.85,15380.88,12996.72,11487.54,8184.91,8546.20,6905.26,5222.74,2691.09,5762.81,4484.38,4970.13,5480.35,6920.00,3947.15,2371.75,3017.59,2715.07,2617.78,1846.17,2089.86,1357.84,1051.13,1036.16,0.00
74298,74343,74320.5,47517.76,177.16,2.80,1.14,134248.22,129678.51,144977.66,72714.88,68857.93,112050.96,91807.69,60701.59,41084.00,36035.62,23215.91,18860.16,26096.88,39456.63,49047.25,48904.93,38344.23,28160.82,22969.16,23127.26,22000.77,18198.92,13346.65,8420.00,6931.61,5254.83,3530.00,2724.45,6591.17,12561.21,11192.11,6566.82,4279.35,5164.92,5787.57,4000.38,2589.99,1588.87,2573.05,2851.28,1514.20,1282.56,1125.99,0.00
74357,74402,74379.5,44296.90,181.92,2.98,1.15,49177.12,92791.62,88321.10,73471.84,63388.99,85284.04,94290.62,83451.52,70716.32,63926.18,70538.04,86621.88,59342.16,41591.84,37067.40,38509.86,29285.58,31067.66,26623.38,20608.50,16167.16,7434.15,6441.74,6413.75,10972.34,9861.45,12824.88,11814.54,8623.96,5436.27,3290.58,3928.10,3364.29,3533.04,3356.77,3777.59,3362.55,3585.36,3203.56,2576.84,2115.94,1774.48,1615.03,0.00
74416,74461,74438.5,46300.88,176.74,2.84,1.16,201159.70,103795.06,44912.84,79256.13,110188.45,50796.64,37592.28,45731.33,40261.14,29063.82,37707.12,34154.68,37450.54,43188.04,45813.53,39111.00,33402.66,19288.30,14250.36,12847.27,11965.13,11608.12,5982.30,5849.89,8222.33,8722.99,3327.52,8577.63,11082.04,10950.13,9300.74,7870.43,7608.97,6673.92,5212.12,4294.00,3923.45,3764.32,2656.33,1765.54,1006.73,931.90,914.69,0.00
74475,74520,74497.5,55698.47,202.38,3.35,1.15,187588.80,177454.14,94361.77,146148.28,145684.64,88305.48,84108.10,74693.20,37667.70,20062.69,25653.44,39922.36,44656.70,47023.84,43197.18,53414.03,39126.44,32397.31,28108.73,21767.72,15103.63,10425.78,7132.88,7679.93,7787.76,6718.78,7941.74,8589.20,9463.20,8029.82,7824.09,6458.53,5506.99,5680.51,6090.63,5097.97,3917.85,4373.98,4040.63,3064.30,1812.28,1397.14,1363.04,0.00
74534,74579,74556.5,79073.88,234.09,3.32,1.14,329156.56,269647.78,155148.55,112431.50,99250.28,104797.31,87416.66,68088.67,69291.03,84925.23,76580.23,77761.07,83062.77,102961.69,103353.77,86200.61,74437.00,60406.10,39429.54,29016.32,19973.23,14455.00,11072.83,11678.17,10352.83,9935.66,10519.87,8113.94,7641.22,8346.14,6645.59,3584.16,3753.46,3253.27,4300.95,4859.71,4798.02,5116.62,3249.60,2944.88,1468.33,1692.93,1016.62,0.00
74593,74638,74615.5,64708.71,258.78,3.80,1.14,192247.44,196830.77,134022.53,94713.34,73286.56,70039.16,48577.55,76725.11,86744.66,65636.58,56951.85,43591.97,50445.81,60551.59,47204.80,46464.26,65011.13,69239.46,67131.73,60350.24,44906.64,37166.38,28876.24,20845.29,15548.65,15018.97,12591.76,10552.90,10106.27,10227.23,7911.23,5565.09,5988.59,6000.68,5118.61,3391.69,4085.29,3954.49,3236.46,2857.77,2614.11,1960.20,1213.44,0.00
74652,74697,74674.5,59095.73,280.13,4.07,1.15,78456.63,63790.72,95686.54,82865.22,71718.54,59708.36,65254.71,65792.92,88316.43,71715.07,66429.21,77615.61,95615.17,97514.58,93300.64,75934.66,65310.70,74226.48,59200.62,55620.79,52627.71,34322.76,28022.15,29048.36,21285.23,16747.07,12640.32,8374.09,7992.64,10176.22,5958.34,3312.16,6935.78,8806.52,6838.42,5394.39,4488.99,4616.90,3826.34,2763.04,2151.15,1589.30,1422.41,0.00
74711,74756,74733.5,85480.49,288.12,3.92,1.15,150338.61,127266.27,159343.70,177022.61,180676.16,188564.38,174427.94,157672.73,163876.58,127346.75,96010.32,82136.54,85485.20,75625.27,72519.43,61990.43,62327.33,61501.62,53598.79,45562.81,45709.46,39838.82,29380.43,23931.61,19343.31,13808.15,10394.00,10765.09,9873.76,9292.65,10453.51,9858.13,8249.20,6446.71,4973.61,5061.86,4024.88,4376.20,2246.62,1795.06,1785.99,1767.87,1808.33,0.00
74770,74815,74792.5,68762.81,291.74,4.30,1.16,107591.42,102964.63,87465.80,82417.19,88469.23,86386.30,130586.05,110584.10,101064.45,124787.95,102787.67,104196.83,99819.63,86695.35,78322.88,63201.11,57794.50,46692.97,35565.99,47325.63,48664.55,39346.97,23880.68,19488.78,17498.30,14932.30,11727.36,15485.83,13641.00,11350.02,10422.04,8339.99,7440.07,5834.30,7522.49,6162.16,4910.04,3587.58,3962.68,3225.22,2878.76,1596.50,1341.68,0.00
74829,74874,74851.5,25717.90,183.37,3.43,1.16,32674.66,25331.36,22070.02,41408.23,38799.17,23880.18,31714.86,57161.73,51160.23,42942.39,35449.88,35381.74,27447.70,23714.41,21639.52,22173.59,21799.83,18103.21,15170.23,16463.60,16342.16,15569.19,11465.25,9854.33,8708.81,12512.88,9433.35,6677.76,6198.18,7725.31,6186.25,3691.00,4476.65,8556.31,7179.84,6040.11,3629.47,4469.44,4444.02,2964.05,2194.56,1599.49,1445.15,0.00
74888,74933,74910.5,30199.20,235.51,4.23,1.16,29444.07,24188.55,29899.17,31119.20,22461.89,21079.31,34424.49,38628.82,42019.23,45651.28,59577.22,44077.95,42742.59,41409.82,35660.93,30706.45,32132.91,37226.81,31772.40,23205.07,23225.45,22297.26,19776.26,16133.65,13603.56,13088.06,10493.05,8819.22,8235.50,7970.36,10102.29,10027.52,9519.02,8656.35,6722.61,6894.37,5306.16,4997.47,3552.75,3887.66,2938.28,2283.59,1294.11,0.00
74947,74992,74969.5,28787.76,227.46,3.93,1.17,31011.38,29042.59,25701.61,25541.83,28177.43,26633.65,26481.61,22791.89,26812.15,34273.57,40584.65,29340.16,22677.44,33981.59,35037.71,43932.76,43457.86,46182.96,38926.45,32125.69,34281.34,30554.46,26836.87,21748.71,19723.04,14332.80,9220.69,7481.74,6137.41,6750.78,8578.28,6835.98,7097.71,6432.73,7114.64,4984.07,4691.96,5335.91,4900.22,3700.43,2065.84,1719.04,1271.31,0.00
75006,75051,75028.5,24604.57,246.77,4.25,1.18,18506.64,17504.99,14740.47,12284.23,18456.86,15794.83,13821.74,11786.57,12278.82,10279.38,12646.33,14282.06,10890.07,11779.21,33973.62,65638.14,59846.24,39436.20,38415.01,39520.06,34730.26,40679.05,33229.29,25379.84,20706.97,17481.73,15076.86,12310.10,9024.44,8707.75,9932.32,10183.18,7486.65,6372.74,6933.60,6509.96,5261.20,4296.82,3918.80,3623.46,2944.34,1683.67,1408.38,0.00
75065,75110,75087.5,17339.70,272.16,5.36,1.17,13189.92,16524.62,7691.94,9470.89,11419.63,9136.00,12225.64,9847.73,9070.14,6464.54,7944.22,12366.04,11196.52,12443.00,11392.19,8870.77,13789.57,16108.17,11836.05,16618.93,21877.26,21368.81,24430.74,19528.85,25336.11,19310.17,12178.27,12624.78,19325.22,18610.44,15151.09,12332.06,10689.39,7482.99,9676.48,10935.08,7310.83,7291.09,5082.10,4042.08,2963.01,2498.91,2063.41,0.00
75124,75169,75146.5,31490.07,259.80,5.09,1.16,89304.40,90525.33,75218.73,63281.95,61550.50,53835.60,27304.68,14611.14,12113.91,15785.73,12869.54,8198.31,7369.99,10467.38,12145.24,13709.10,19164.00,19801.95,23850.94,29024.90,25441.63,21899.17,19949.39,21062.51,19697.61,12346.36,10542.83,13624.27,12246.81,9670.21,10761.99,9808.28,9967.60,10315.34,8485.13,7187.61,6334.01,6881.59,5147.62,4121.15,4290.08,2834.45,1959.67,0.00
75183,75228,75205.5,13154.06,187.80,3.72,1.16,11398.28,10536.25,9558.51,4729.90,6725.27,8419.03,6770.91,4691.17,6560.75,6991.92,9145.30,8599.61,9828.55,12081.57,13142.96,11970.71,12585.43,10465.31,12510.02,15348.31,16553.38,17915.73,23725.38,23052.83,20104.39,16339.49,13438.22,11264.21,8387.79,5319.13,4869.13,5732.15,4921.67,3555.62,5465.36,8115.78,5846.27,4297.03,3911.16,2573.84,2487.42,2505.21,1777.38,0.00
75242,75287,75264.5,20702.57,235.74,4.46,1.16,36775.30,17585.78,22216.33,22342.46,12064.41,10384.43,10364.56,12022.24,11714.87,17049.43,17475.80,10178.53,14529.92,22907.66,19933.08,10729.18,19841.01,18703.84,12802.23,20578.54,22763.25,21955.96,26864.15,29893.61,23806.18,19482.13,17552.74,15006.92,8651.55,10564.96,9152.62,7139.42,4413.96,6691.55,7829.49,8077.71,7086.04,6944.54,4785.69,3499.56,2793.92,2061.95,1363.74,0.00
75301,75346,75323.5,25059.14,293.46,5.48,1.16,17091.94,16828.08,11883.67,15892.33,18730.31,15710.61,14055.46,20461.03,32906.44,35434.77,26955.79,22547.65,16591.32,20013.21,17340.73,18217.86,18403.82,22526.03,24211.59,27357.37,31812.60,37794.25,40265.62,34074.97,32360.71,28683.07,22098.41,17641.46,15261.68,9859.46,9090.24,9988.29,10731.30,7608.28,7001.96,5600.64,6490.23,7455.65,6753.14,4924.09,3731.28,2537.94,2262.64,0.00
75360,75405,75382.5,39243.81,253.51,4.83,1.16,71778.05,89246.49,83468.92,60053.41,55513.51,62598.22,53887.61,52601.78,59206.04,58377.23,57946.48,49030.69,42722.93,34124.02,21634.24,16373.41,16575.13,19632.65,20125.57,22507.36,17178.07,15365.04,17949.58,19073.85,16965.27,17284.79,13095.53,11809.54,8659.89,8693.75,8829.26,7717.32,8038.35,7240.51,6286.90,6608.98,7099.84,6716.25,5433.81,4300.43,3651.20,3004.35,2099.43,0.00
75419,75464,75441.5,22759.03,237.40,4.41,1.15,17925.26,14725.84,10842.94,12635.58,19117.85,17000.46,19037.68,20390.54,20241.06,21930.77,16836.50,18628.37,22966.34,28690.73,29625.09,32143.98,29737.59,27251.72,27718.63,26919.08,28850.03,32152.07,30163.51,29050.85,24419.60,17237.49,10248.21,10799.92,8869.22,6586.55,5807.11,6436.96,6840.42,6898.60,7325.57,6170.36,6001.34,5928.96,4769.31,4230.90,2929.28,2412.90,1634.89,0.00
75478,75523,75500.5,33174.29,244.85,4.27,1.15,65903.84,41568.71,37779.33,39379.73,49822.28,38884.05,45846.61,53541.78,46063.32,33812.41,24764.30,22231.54,29323.62,32834.84,25808.24,24283.80,25112.71,22900.29,21501.55,25247.65,22024.42,25286.58,30913.55,35712.12,27816.08,21400.39,18169.12,14982.31,11873.03,9791.94,8462.52,5785.99,6821.68,6174.55,6599.03,6557.22,4556.68,5179.41,4774.62,3730.82,2943.06,1746.46,1404.49,0.00
75537,75582,75559.5,22175.05,253.62,4.60,1.15,14191.97,23259.11,24335.53,13473.54,15826.66,13047.87,14196.23,9707.51,10126.21,13058.33,14116.57,19660.99,24677.81,23967.02,25078.81,26414.83,23966.59,25686.47,23867.72,21875.87,26058.99,32186.61,40531.38,34889.73,28781.41,25936.21,18019.74,13442.48,10480.82,7979.59,8617.13,8220.32,8422.48,8162.17,7541.39,5637.07,5829.27,5833.81,4809.27,3618.24,2571.87,2563.64,1638.50,0.00
75596,75641,75618.5,33607.60,311.57,5.38,1.15,36052.47,40724.10,47305.23,42274.13,30765.48,35791.99,32499.05,32708.20,27605.64,23031.79,24943.36,19927.80,20592.47,23352.23,28884.13,31988.79,39115.64,40542.72,40559.52,36069.54,39397.31,41202.48,45129.44,43298.06,37712.01,29257.21,23700.03,18894.60,14402.62,12575.09,11512.15,9533.58,8552.39,8748.22,8310.17,7460.14,6524.54,6562.26,5376.07,4128.50,3163.05,2405.93,1672.17,0.00
75655,75700,75677.5,40565.52,279.60,4.60,1.15,76011.31,70893.56,56465.97,41436.58,40016.38,43340.34,42436.74,34816.04,34361.52,32929.14,37642.64,47703.75,51997.36,44599.68,43863.66,39131.17,44703.45,45870.04,44377.27,40442.43,33696.58,34558.64,32360.90,26550.06,23539.66,20068.93,18056.61,15076.31,13397.61,14002.26,12104.86,11395.22,7700.94,8060.52,7263.17,5773.45,5440.21,5885.68,4658.97,3122.86,2496.48,1812.90,1324.37,0.00
75714,75759,75736.5,38172.36,217.20,3.68,1.15,79031.57,51340.47,58021.26,64219.23,50531.21,45563.13,32372.30,37120.63,48718.63,37239.70,30069.38,40549.70,43053.41,46246.57,38307.47,24494.38,34091.82,43660.59,37288.29,31161.49,25109.76,18861.10,17753.98,17384.83,13028.40,11833.02,8397.99,7345.59,6875.04,9053.07,12810.83,9905.11,8095.80,4843.41,4380.84,5179.01,5201.18,5174.01,3171.16,2802.42,2125.40,1785.47,1328.80,0.00
75773,75818,75795.5,46901.71,236.95,4.51,1.17,138817.41,67273.29,63833.27,90128.62,69022.98,58589.45,67558.76,81120.20,71761.16,50316.88,59744.16,52554.57,42837.18,37286.84,33091.84,33647.68,25200.77,23583.16,25123.15,24410.86,24054.77,20160.95,19472.02,15409.94,11459.31,6937.33,4688.51,5430.88,5228.45,3722.15,8210.78,10382.41,5426.20,4741.50,4891.71,5766.77,5814.00,6718.76,5504.93,5202.92,3970.43,2467.57,1478.31,747.61
75832,75877,75854.5,64344.21,246.83,4.49,1.17,201505.25,122623.98,177543.67,207446.31,127909.43,98695.30,100836.09,84216.61,69104.52,63108.90,62023.61,59511.01,51878.30,41853.84,32493.78,32872.61,27542.21,22426.86,20537.07,17238.88,14975.16,13129.74,12163.37,10580.98,10859.43,12102.38,10923.07,8811.83,7974.52,6777.82,6233.61,5003.85,3471.80,4016.43,8291.27,7782.10,7269.06,7413.66,6557.07,4539.51,2927.42,2450.32,1678.69,0.00
