Data/Raw/MOORE,RICHARD/FIREXAQ-LARGE-IsoInletHskping_DC8_20190730_R0.ict
53,1001
Richard Moore, Elizabeth Wiggins, Edward Winstead, Claire Robinson, Lee Thornhill, and Kevin Sanchez
NASA Langley Research Center
Diagnostic and system information for the aerosol isokinetic inlet system operated by the Langley Aerosol Research Group (LARGE)
FIREXAQ
1,1
2019,07,30,2020,03,10
1.0
Time_mid, Secs after midnight, Time_mid, Time of acquisition
13
1,1,1,1,1,1,1,1,1,1,1,1,1
-9999,-9999,-9999,-9999,-9999,-9999,-9999,-9999,-9999,-9999,-9999,-9999,-9999
InletTemp_K,K, None, Temperature of the sample air stream measured just downstream of the inlet manifold.
InletRH,%, None, Percent relative humidity of the sample air stream measured just downstream of the inlet manifold
SysPress_hPa, hPa, None, Absolute pressure of the sample air stream measured just downstream of the inlet manifold
DilutionFlow_vlpm, vlpm, None, Flow rate of air passing through the dilution system particle filter
Dilution_dP_hPa, hPa, None, Differential pressure measured across the inlet and exit of the dilution system
DilutionFactor, unitless, None, Global dilution conversion factor: DilutionFactor = Total_Instrumental_Flow / (Total_Instrumental_Flow - Filtered_Flow)
Filter1Flow_vlpm, vlpm, None, Flow rate of air passing through quartz filter holder 1
Filter2Flow_vlpm, vlpm, None, Flow rate of air passing through quartz filter holder 2
VenturiFlow_slpm, slpm, None, Flow rate of air passing through the exhaust venturi
ScrollFlow_slpm, slpm, None, Flow rate of air passing through the scroll pump
Scroll_Pr_hPa, hPa, None, Absolute pressure of the scroll pump vacuum line
stdPT,unitless, None, Conversion factor from ambient conditions to standard pressure and temperature: stdPT = 1013.25/Pambient*Tambient/273.15
sysPT,unitless, None, Conversion factor from ambient conditions to instrument system pressure and temperature: sysPT = Tsystem/Tambient*Pambient/Psystem
0
26
***************************************************************************************************************
Langley Aerosol Research Group (LARGE) data from the 2019 FIREX-AQ field campaign
 
PI_CONTACT_INFO: Richard.H.Moore@nasa.gov
PLATFORM: NASA DC-8 aircraft
LOCATION: Latitude, longitude, and altitude included in MetNav data files
ASSOCIATED_DATA: N/A
INSTRUMENT_INFO: Flagged data are due to missing data, instrument issues, or calibration times.
 - InletTemp_K and InletRH are measured with a Vaisala HMP155 temperature and relative humidity sensor
 - SysPress_hPa and Scroll_Pr are measured with an Alicat absolute pressure meters
 - Dilution_dP_hPa is measured with an Alicat differential pressure meter
 - DilutionFlow_slpm, Filter1Flow_slpm, Filter2Flow_slpm, and ScrollFlow_slpm are measured with TSI flow meters
DATA_INFO: Flow rate measurements are reported as either liters per minute at measurement conditions (vlpm) or at standard temperature and pressure (slpm; 1013 mb, 273 K)
UNCERTAINTY: Temperature: 0.3K, Relative humidity: 1%, Pressure: 3 hPa, Differential Pressure: 1 hPa, Flow rate: 2%
ULOD_FLAG: -7777
ULOD_VALUE: N/A
LLOD_FLAG: -8888
LLOD_VALUE: N/A
DM_CONTACT_INFO: Lee Thornhill (Kenneth.L.Thornhill@nasa.gov)
PROJECT_INFO: FIREX-AQ (2019)
STIPULATIONS_ON_USE: No stipulations on use. The user is strongly encouraged to contact the PI or DM prior to use, as these data not geophysical measurements and do not normally need to be considered when interpreting other archived data.
OTHER_COMMENTS: none
REVISION: R0
R0: Final data.
*******************************************************************************************************************************
Time_mid,InletTemp_K, InletRH, SysPress_hPa, DilutionFlow_vlpm, Dilution_dP_hPa, DilutionFactor, Filter1Flow_vlpm, Filter2Flow_vlpm, VenturiFlow_slpm, ScrollFlow_slpm, Scroll_Pr_hPa, stdPT, sysPT
[from data line 24875]
100535,296.01,16.48,562.82,0.04,0.91,1.00,0.18,0.18,136.50,105.25,351.26,1.65,0.90
100536,296.05,16.49,562.79,0.04,0.93,1.00,0.18,0.18,135.94,104.85,350.97,1.65,0.90
100537,296.08,16.47,562.74,0.03,0.97,1.00,0.17,0.18,136.27,105.25,351.04,1.65,0.90
100538,296.04,16.44,562.45,0.04,0.97,1.00,0.20,0.19,136.12,104.91,350.50,1.65,0.90
100539,296.01,16.37,562.54,0.04,0.99,1.00,0.20,0.19,136.75,104.87,351.07,1.65,0.90
100540,296.08,16.33,562.31,0.04,0.98,1.00,0.21,0.18,137.05,105.17,350.72,1.65,0.90
100541,296.04,16.36,562.71,0.06,1.07,1.00,0.19,0.19,136.01,105.00,350.65,1.65,0.90
100542,296.08,16.34,562.76,0.05,1.03,1.00,0.19,0.20,137.14,104.93,350.73,1.65,0.90
100543,296.07,16.33,562.47,0.04,0.95,1.00,0.20,0.20,136.13,105.16,350.78,1.65,0.90
100544,296.08,16.33,562.78,0.05,1.03,1.00,0.20,0.17,136.22,105.23,350.93,1.65,0.90
100545,296.06,16.35,562.63,0.06,1.00,1.00,0.20,0.20,135.98,104.94,351.03,1.65,0.90
100546,296.06,16.39,562.90,0.06,0.95,1.00,0.20,0.20,136.05,104.92,350.86,1.65,0.90
100547,296.01,16.37,562.83,0.04,0.98,1.00,0.20,0.17,136.52,104.74,350.74,1.65,0.90
100548,296.01,16.39,562.67,0.03,0.98,1.00,0.20,0.21,136.08,104.86,351.09,1.65,0.90
100549,296.07,16.49,562.59,0.04,1.00,1.00,0.18,0.17,136.97,104.86,351.06,1.65,0.90
100550,296.05,16.53,562.63,0.06,1.00,1.00,0.21,0.20,136.18,105.21,351.04,1.65,0.90
100551,296.07,16.59,562.47,0.07,0.91,1.00,0.19,0.19,136.11,105.03,350.83,1.65,0.90
100552,296.09,16.60,563.06,0.08,0.99,1.00,0.18,0.18,136.35,105.09,351.02,1.65,0.90
100553,296.10,16.65,562.78,0.09,0.97,1.00,0.20,0.19,136.09,104.86,351.46,1.65,0.90
100554,296.06,16.64,562.48,0.05,1.01,1.00,0.19,0.18,136.28,105.17,351.15,1.65,0.90
100555,296.06,16.61,562.73,0.05,0.98,1.00,0.21,0.20,136.08,105.16,351.22,1.65,0.90
100556,296.02,16.66,562.18,0.06,0.98,1.00,0.18,0.18,135.93,105.38,350.89,1.65,0.90
100557,296.07,16.73,562.22,0.04,1.05,1.00,0.21,0.19,135.89,104.61,351.09,1.65,0.90
100558,296.09,16.75,561.78,0.04,0.96,1.00,0.17,0.17,135.74,104.91,350.92,1.65,0.90
100559,296.04,16.74,561.94,0.03,0.96,1.00,0.21,0.20,136.49,105.07,351.11,1.65,0.90
100560,296.08,16.75,561.70,0.05,0.96,1.00,0.20,0.18,135.90,104.89,350.52,1.65,0.90
100561,296.05,16.76,562.15,0.05,0.97,1.00,0.22,0.20,137.17,105.02,350.76,1.65,0.90
100562,296.10,16.73,562.79,0.07,1.08,1.00,0.17,0.16,136.82,105.05,351.09,1.65,0.90
100563,296.07,16.75,563.32,0.04,1.02,1.00,0.19,0.20,137.06,105.24,351.30,1.65,0.90
100564,296.08,16.76,563.52,0.05,0.99,1.00,0.21,0.18,137.13,105.42,351.54,1.65,0.90
100565,296.08,16.75,563.50,0.04,0.96,1.00,0.20,0.20,137.46,105.45,351.56,1.65,0.90
100566,296.08,16.76,563.59,0.04,0.98,1.00,0.20,0.18,137.10,105.19,351.57,1.65,0.90
100567,296.06,16.75,563.50,0.05,1.06,1.00,0.16,0.16,135.76,105.18,351.84,1.65,0.90
100568,296.04,16.77,563.43,0.03,1.02,1.00,0.19,0.19,136.64,105.22,351.62,1.65,0.90
100569,296.07,16.74,563.38,0.03,1.04,1.00,0.21,0.21,136.39,105.19,351.32,1.65,0.90
100570,296.11,16.73,563.25,0.03,1.03,1.00,0.21,0.18,137.26,105.07,351.27,1.65,0.90
100571,296.06,16.69,563.15,0.03,1.00,1.00,0.16,0.20,136.16,104.77,351.10,1.65,0.90
100572,296.12,16.67,562.96,0.03,0.94,1.00,0.18,0.16,136.39,105.01,351.26,1.65,0.90
100573,296.09,16.62,562.95,0.03,1.05,1.00,0.20,0.18,136.41,104.50,350.92,1.65,0.90
100574,296.10,16.58,562.83,0.03,1.01,1.00,0.18,0.19,135.25,104.72,350.69,1.65,0.90
100575,296.09,16.56,563.06,0.03,1.02,1.00,0.21,0.18,136.26,105.22,350.92,1.65,0.90
100576,296.09,16.59,562.94,0.03,1.00,1.00,0.20,0.18,136.22,105.13,350.98,1.65,0.90
100577,296.11,16.55,562.83,0.03,1.01,1.00,0.20,0.20,134.91,105.07,350.93,1.65,0.90
100578,296.09,16.53,562.74,0.02,0.94,1.00,0.21,0.20,137.14,105.16,350.92,1.65,0.90
100579,296.10,16.54,562.92,0.04,1.03,1.00,0.19,0.19,136.18,104.96,350.74,1.65,0.90
100580,296.09,16.53,562.89,0.04,1.01,1.00,0.18,0.17,137.25,105.18,351.16,1.65,0.90
100581,296.14,16.54,562.82,0.05,1.03,1.00,0.19,0.19,136.33,104.57,350.80,1.65,0.90
100582,296.10,16.54,562.77,0.05,1.06,1.00,0.21,0.20,137.09,104.88,351.02,1.65,0.90
100583,296.11,16.52,562.78,0.03,1.02,1.00,0.19,0.18,137.15,105.00,350.83,1.65,0.90
100584,296.08,16.56,562.68,0.03,1.01,1.00,0.22,0.21,136.97,104.96,350.71,1.65,0.90
100585,296.10,16.54,563.04,0.04,0.97,1.00,0.18,0.18,136.47,105.35,350.87,1.65,0.90
100586,296.10,16.59,563.29,0.03,1.08,1.00,0.20,0.19,136.28,105.28,350.80,1.65,0.90
100587,296.08,16.53,563.32,0.04,0.96,1.00,0.22,0.20,136.46,105.24,351.23,1.65,0.90
100588,296.11,16.54,562.93,0.03,0.97,1.00,0.19,0.19,136.37,105.02,351.09,1.65,0.90
100589,296.09,16.57,563.19,0.04,0.99,1.00,0.20,0.19,136.24,105.17,351.10,1.65,0.90
100590,296.22,16.58,563.32,0.04,1.13,1.00,0.18,0.18,136.65,105.23,351.31,1.65,0.90
100591,296.08,16.54,563.22,0.03,0.96,1.00,0.21,0.20,136.29,104.91,351.34,1.65,0.90
100592,296.10,16.58,563.07,0.03,0.97,1.00,0.19,0.20,137.00,104.80,351.15,1.65,0.90
100593,296.10,16.57,563.29,0.03,0.95,1.00,0.20,0.18,136.19,105.09,351.25,1.65,0.90
100594,296.13,16.57,563.06,0.04,0.94,1.00,0.18,0.17,136.89,105.18,351.33,1.65,0.90
100595,296.12,16.60,562.97,0.04,0.95,1.00,0.21,0.19,136.23,104.87,351.08,1.65,0.90
100596,296.09,16.57,562.95,0.03,0.94,1.00,0.22,0.21,134.54,105.08,351.19,1.65,0.90
100597,296.13,16.60,562.77,0.03,0.96,1.00,0.17,0.16,136.83,105.21,351.04,1.65,0.90
100598,296.16,16.62,562.85,0.04,1.00,1.00,0.19,0.19,136.61,105.32,351.30,1.65,0.90
100599,296.11,16.57,563.02,0.05,0.98,1.00,0.21,0.19,133.64,105.05,351.36,1.65,0.90
100600,296.10,16.58,563.26,0.03,0.96,1.00,0.22,0.21,137.26,105.34,351.30,1.65,0.90
100601,296.10,16.62,562.91,0.03,1.08,1.00,0.16,0.16,136.27,105.17,351.60,1.65,0.90
100602,296.16,16.55,562.99,0.04,1.08,1.00,0.18,0.18,137.26,105.15,351.33,1.65,0.90
100603,296.07,16.57,563.20,0.05,1.05,1.00,0.21,0.20,137.19,104.94,351.41,1.65,0.90
100604,296.18,16.59,563.35,0.03,0.98,1.00,0.21,0.20,137.30,105.02,351.70,1.65,0.90
100605,296.12,16.61,563.77,0.04,1.04,1.00,0.20,0.19,137.34,105.02,351.98,1.65,0.90
100606,296.15,16.55,563.52,0.03,0.99,1.00,0.19,0.17,136.51,105.21,351.84,1.65,0.90
100607,296.11,16.54,563.33,0.03,0.97,1.00,0.18,0.18,135.99,105.33,351.86,1.65,0.90
100608,296.17,16.55,563.36,0.03,0.97,1.00,0.21,0.19,136.41,105.32,351.84,1.65,0.90
100609,296.10,16.52,563.36,0.03,1.02,1.00,0.18,0.16,136.50,104.86,351.78,1.65,0.90
100610,296.10,16.47,563.17,0.03,0.90,1.00,0.20,0.20,137.39,105.24,351.79,1.65,0.90
100611,296.22,16.44,563.09,0.03,0.99,1.00,0.22,0.18,136.98,104.92,351.25,1.65,0.90
100612,296.11,16.34,562.39,0.04,0.92,1.00,0.20,0.18,136.71,105.46,351.32,1.65,0.90
100613,296.05,16.32,561.92,0.03,0.95,1.00,0.22,0.22,136.31,104.86,350.75,1.65,0.90
100614,296.13,16.34,561.26,0.03,0.91,1.00,0.16,0.15,136.44,104.86,350.55,1.65,0.90
100615,296.17,16.15,560.97,0.03,1.00,1.00,0.18,0.18,136.42,104.28,350.11,1.65,0.90
100616,296.13,16.07,560.73,0.03,0.89,1.00,0.21,0.19,135.37,104.46,350.27,1.65,0.90
100617,296.16,15.94,560.42,0.03,0.98,1.00,0.20,0.19,136.28,104.41,350.08,1.65,0.91
100618,296.14,15.82,560.81,0.04,1.05,1.00,0.19,0.17,135.97,104.87,350.11,1.65,0.91
100619,296.13,15.68,561.37,0.05,1.05,1.00,0.18,0.18,136.11,104.38,350.37,1.65,0.91
100620,296.16,15.70,562.04,0.06,0.94,1.00,0.20,0.19,136.76,104.79,350.42,1.65,0.91
100621,296.22,15.61,562.58,0.07,1.05,1.00,0.21,0.20,135.35,104.65,350.63,1.65,0.91
100622,296.19,15.55,563.91,0.08,1.02,1.00,0.18,0.17,134.81,105.00,351.52,1.64,0.90
100623,296.25,15.45,564.50,0.08,1.08,1.00,0.18,0.18,137.30,105.27,351.94,1.64,0.90
100624,296.15,15.43,564.93,0.08,1.06,1.00,0.17,0.18,137.19,105.06,351.93,1.64,0.90
100625,296.15,15.41,565.72,0.07,1.05,1.00,0.18,0.18,137.30,104.83,352.18,1.64,0.90
100626,296.15,15.40,565.93,0.07,0.96,1.00,0.19,0.19,136.39,105.20,352.00,1.64,0.90
100627,296.18,15.37,566.42,0.07,1.11,1.00,0.20,0.20,137.28,105.30,351.96,1.64,0.90
100628,296.16,15.35,567.15,0.06,1.03,1.00,0.20,0.19,137.64,104.84,352.37,1.64,0.90
100629,296.20,15.34,566.93,0.08,0.99,1.00,0.20,0.19,137.92,105.09,352.68,1.63,0.90
100630,296.20,15.29,567.98,0.06,1.07,1.00,0.22,0.21,137.44,105.04,352.85,1.63,0.90
100631,296.15,15.28,568.77,0.05,1.03,1.00,0.18,0.18,137.80,105.45,353.41,1.63,0.90
100632,296.18,15.30,569.61,0.05,1.02,1.00,0.20,0.19,138.09,105.78,353.85,1.63,0.90
100633,296.17,15.27,570.18,0.05,1.08,1.00,0.22,0.21,138.66,105.78,354.04,1.63,0.90
100634,296.24,15.30,570.92,0.05,1.02,1.00,0.18,0.18,137.66,105.47,354.61,1.63,0.90
100635,296.17,15.26,571.28,0.05,1.05,1.00,0.20,0.19,137.95,105.53,354.76,1.62,0.90
100636,296.23,15.36,571.16,0.08,0.94,1.00,0.18,0.18,138.48,105.20,354.58,1.62,0.90
100637,296.18,15.32,570.79,0.07,0.97,1.00,0.19,0.18,138.52,105.76,354.32,1.62,0.91
100638,296.18,15.26,571.06,0.08,1.05,1.00,0.18,0.18,136.30,104.95,354.49,1.62,0.91
100639,296.18,15.29,571.28,0.08,0.97,1.00,0.19,0.19,138.48,105.73,354.65,1.62,0.91
100640,296.16,15.28,571.83,0.07,0.99,1.00,0.17,0.16,138.57,105.24,355.01,1.62,0.91
100641,296.20,15.29,572.64,0.09,1.11,1.00,0.21,0.21,138.56,105.33,354.91,1.62,0.91
100642,296.21,15.31,574.03,0.06,1.06,1.00,0.18,0.17,138.14,105.39,355.47,1.61,0.90
100643,296.20,15.30,573.80,0.08,1.03,1.00,0.21,0.20,139.32,105.42,356.18,1.61,0.91
100644,296.23,15.33,574.19,0.07,1.12,1.00,0.20,0.19,138.29,105.37,356.15,1.61,0.91
100645,296.21,15.33,574.63,0.08,0.99,1.00,0.17,0.17,137.78,106.03,356.51,1.61,0.91
100646,296.24,15.32,575.17,0.09,1.09,1.00,0.19,0.18,138.93,105.54,356.64,1.61,0.91
100647,296.24,15.42,576.38,0.10,1.04,1.00,0.19,0.19,137.49,105.83,357.15,1.60,0.91
100648,296.27,15.55,577.54,0.08,1.05,1.00,0.22,0.22,138.87,105.87,357.53,1.60,0.91
100649,296.29,15.66,578.13,0.08,1.07,1.00,0.19,0.21,138.96,105.80,358.15,1.60,0.91
100650,296.30,15.78,578.97,0.08,1.03,1.00,0.20,0.20,139.19,105.98,358.33,1.60,0.91
100651,296.31,15.81,580.62,0.10,1.16,1.00,0.23,0.16,139.76,105.79,358.74,1.59,0.91
100652,296.29,15.88,582.01,0.09,1.10,1.00,0.20,0.19,138.58,106.56,358.85,1.59,0.91
100653,296.30,15.94,583.34,0.10,1.11,1.00,0.19,0.19,141.02,106.28,359.71,1.59,0.91
100654,296.30,16.01,584.93,0.10,1.18,1.00,0.17,0.17,141.13,106.59,360.02,1.59,0.90
100655,296.35,16.20,585.93,0.08,1.04,1.00,0.23,0.21,140.99,106.20,361.22,1.58,0.90
100656,296.35,16.21,585.39,0.04,0.99,1.00,0.22,0.21,140.80,106.46,360.69,1.58,0.91
100657,296.34,16.25,585.93,0.05,1.05,1.00,0.21,0.19,141.50,106.34,360.92,1.58,0.91
100658,296.42,16.31,586.95,0.05,1.12,1.00,0.20,0.18,141.30,106.68,361.10,1.58,0.91
100659,296.41,16.40,588.11,0.06,1.03,1.00,0.20,0.18,141.87,106.62,361.59,1.57,0.91
100660,296.48,16.47,589.55,0.07,1.18,1.00,0.22,0.20,142.26,106.85,362.25,1.57,0.91
100661,296.43,16.58,592.44,0.17,1.25,1.00,0.22,0.21,142.75,107.34,363.05,1.57,0.90
100662,296.44,16.63,596.49,0.12,1.24,1.00,0.22,0.21,143.94,107.47,364.80,1.56,0.90
100663,296.41,16.69,599.11,0.13,1.25,1.00,0.22,0.21,145.48,107.96,366.47,1.56,0.90
100664,296.46,16.70,601.81,0.09,1.26,1.00,0.21,0.21,145.19,107.87,367.53,1.56,0.89
100665,296.55,16.79,603.75,0.07,1.20,1.00,0.22,0.21,145.08,108.38,368.14,1.55,0.89
100666,296.55,16.88,605.25,0.05,1.14,1.00,0.21,0.21,147.01,107.70,368.93,1.55,0.89
100667,296.56,16.86,606.09,0.03,1.08,1.00,0.20,0.20,147.54,107.81,369.38,1.55,0.89
100668,296.53,16.92,606.82,0.03,1.13,1.00,0.20,0.19,146.81,108.07,369.30,1.55,0.89
100669,296.62,16.98,607.31,0.02,1.11,1.00,0.17,0.16,147.42,108.01,369.87,1.55,0.89
100670,296.57,17.05,607.86,0.02,1.12,1.00,0.17,0.17,147.03,108.21,369.85,1.55,0.89
100671,296.66,17.15,608.14,0.02,1.07,1.00,0.20,0.19,146.90,108.55,370.32,1.55,0.89
100672,296.64,17.18,608.14,0.02,1.09,1.00,0.17,0.17,146.98,108.47,370.68,1.55,0.89
100673,296.74,17.20,608.00,0.02,1.04,1.00,0.23,0.22,146.86,108.19,370.56,1.54,0.89
100674,296.77,17.23,607.44,0.03,1.07,1.00,0.21,0.20,146.53,108.26,370.57,1.54,0.89
100675,296.74,17.36,607.02,0.02,1.07,1.00,0.23,0.22,147.36,108.54,370.13,1.54,0.90
100676,296.75,17.36,607.01,0.02,1.07,1.00,0.20,0.19,147.05,108.21,370.01,1.54,0.90
100677,296.84,17.36,606.78,0.04,1.03,1.00,0.22,0.22,146.84,107.88,370.15,1.54,0.90
100678,296.80,17.41,605.55,0.05,0.99,1.00,0.19,0.18,146.48,107.91,369.73,1.54,0.90
100679,296.86,17.37,604.26,0.04,0.96,1.00,0.22,0.20,144.26,107.84,369.20,1.54,0.90
100680,296.80,17.41,603.55,0.04,0.99,1.00,0.22,0.19,144.50,108.06,368.98,1.54,0.90
100681,296.90,17.40,602.58,0.04,1.00,1.00,0.21,0.22,145.11,107.05,368.84,1.54,0.90
100682,296.93,17.48,601.60,0.04,0.97,1.00,0.21,0.19,144.76,107.45,368.71,1.55,0.90
100683,296.94,17.43,600.82,0.04,1.07,1.00,0.23,0.21,142.66,107.66,368.28,1.55,0.90
100684,296.94,17.43,600.73,0.03,0.99,1.00,0.21,0.19,137.09,106.93,367.84,1.55,0.90
100685,297.00,17.49,600.28,0.03,1.08,1.00,0.21,0.20,133.65,107.52,368.03,1.55,0.90
100686,297.03,17.46,600.49,0.03,1.08,1.00,0.18,0.19,130.88,107.72,367.83,1.54,0.90
100687,297.02,17.47,600.23,0.03,1.02,1.00,0.19,0.22,129.65,106.77,367.84,1.54,0.90
100688,297.04,17.47,599.88,0.03,1.00,1.00,0.20,0.22,129.57,107.49,367.46,1.54,0.90
100689,296.99,17.47,599.53,0.03,1.01,1.00,0.20,0.21,128.79,107.05,367.82,1.54,0.91
100690,297.07,17.45,598.98,0.04,1.00,1.00,0.20,0.19,128.58,107.25,367.37,1.54,0.91
100691,297.01,17.45,598.41,0.03,1.05,1.00,0.22,0.19,127.42,106.32,367.21,1.54,0.91
100692,297.10,17.44,598.08,0.03,1.05,1.00,0.22,0.18,127.55,106.68,366.97,1.54,0.91
100693,297.05,17.41,597.74,0.04,1.06,1.00,0.20,0.18,127.40,107.16,366.99,1.54,0.91
100694,297.04,17.41,597.75,0.03,1.06,1.00,0.19,0.19,127.21,107.12,366.39,1.54,0.91
100695,297.07,17.42,597.24,0.03,1.00,1.00,0.19,0.17,126.20,107.15,366.57,1.54,0.91
100696,297.10,17.38,597.19,0.02,1.01,1.00,0.22,0.20,126.39,105.84,366.45,1.54,0.91
100697,297.07,17.34,596.71,0.02,1.03,1.00,0.22,0.20,126.90,107.26,366.37,1.54,0.91
100698,297.02,17.35,596.38,0.02,1.01,1.00,0.21,0.19,123.28,106.50,366.24,1.54,0.91
100699,297.09,17.35,595.98,0.02,0.99,1.00,0.19,0.17,127.18,106.03,366.07,1.54,0.91
100700,297.09,17.34,595.55,0.03,0.99,1.00,0.20,0.19,126.65,106.01,365.97,1.54,0.91
100701,297.05,17.29,594.88,0.02,1.00,1.00,0.22,0.21,126.89,106.75,365.82,1.54,0.91
100702,297.13,17.27,594.52,0.03,0.99,1.00,0.23,0.21,126.82,106.22,365.46,1.54,0.92
100703,297.10,17.23,593.75,0.03,0.98,1.00,0.22,0.21,126.94,106.20,365.38,1.54,0.92
100704,297.10,17.23,593.44,0.03,0.95,1.00,0.18,0.18,126.22,106.07,364.72,1.54,0.92
100705,297.09,17.24,593.19,0.02,0.96,1.00,0.15,0.15,125.92,105.74,364.61,1.54,0.92
100706,297.15,17.25,592.88,0.03,0.99,1.00,0.16,0.15,125.37,105.20,364.47,1.54,0.92
100707,297.08,17.23,592.69,0.02,0.99,1.00,0.17,0.16,124.30,105.80,364.53,1.54,0.92
100708,297.00,17.22,592.37,0.03,1.01,1.00,0.18,0.17,124.06,105.79,364.26,1.54,0.92
100709,297.11,17.20,592.15,0.03,0.95,1.00,0.19,0.18,124.39,105.21,364.12,1.54,0.92
100710,297.05,17.15,591.44,0.03,0.98,1.00,0.21,0.19,122.76,105.93,363.87,1.54,0.92
100711,297.08,17.11,591.49,0.02,1.00,1.00,0.21,0.21,124.76,105.73,363.85,1.54,0.92
100712,297.07,17.13,591.40,0.02,1.00,1.00,0.21,0.21,124.88,105.22,363.52,1.54,0.92
100713,297.07,17.07,591.46,0.02,0.99,1.00,0.19,0.20,124.98,106.00,363.96,1.53,0.92
100714,297.07,17.12,591.30,0.02,1.01,1.00,0.19,0.17,124.43,105.44,363.97,1.53,0.92
100715,297.10,17.06,591.18,0.02,0.98,1.00,0.22,0.21,122.43,104.83,363.67,1.53,0.93
100716,297.10,17.14,591.21,0.02,0.99,1.00,0.22,0.20,123.50,105.87,363.60,1.53,0.93
100717,297.08,17.05,591.12,0.02,1.03,1.00,0.20,0.19,122.56,105.45,363.64,1.53,0.93
100718,297.12,17.02,591.62,0.02,1.02,1.00,0.21,0.20,123.61,105.70,363.92,1.53,0.93
100719,297.06,16.99,591.73,0.02,1.02,1.00,0.19,0.19,122.75,105.55,364.02,1.53,0.93
100720,297.08,17.01,592.06,0.02,0.99,1.00,0.19,0.19,124.66,105.48,364.03,1.53,0.93
100721,297.11,17.03,592.25,0.02,1.04,1.00,0.20,0.19,122.48,104.78,364.13,1.53,0.93
100722,297.16,16.98,592.77,0.03,1.05,1.00,0.19,0.19,122.31,105.99,364.63,1.53,0.93
100723,297.11,17.02,593.08,0.02,1.06,1.00,0.21,0.20,121.99,105.25,364.35,1.53,0.93
100724,297.11,17.02,593.49,0.04,1.06,1.00,0.23,0.17,122.29,104.72,364.91,1.52,0.93
100725,297.09,17.08,594.62,0.06,1.14,1.00,0.16,0.21,117.69,105.08,365.34,1.52,0.93
100726,297.13,16.98,595.31,0.06,1.16,1.00,0.22,0.19,112.67,106.33,365.80,1.52,0.93
