Data/Raw/MOORE,RICHARD/FIREXAQ-LARGE-SMPS_DC8_20190730_R0.ict
88,1001
Richard Moore, Elizabeth Wiggins, Edward Winstead, Claire Robinson, Lee Thornhill, and Kevin Sanchez
NASA Langley Research Center
In-situ Submicron Particle Size Distributions from a SMPS on the NASA DC-8
FIREXAQ
1,1
2019,07,30,2020,03,10
0
Time_start,Secs after midnight,Time of acquisition
50
1,1,1,1,1,1,1,1,1,1,1,1,1,1,1,1,1,1,1,1,1,1,1,1,1,1,1,1,1,1,1,1,1,1,1,1,1,1,1,1,1,1,1,1,1,1,1,1,1,1
-9999,-9999,-9999,-9999,-9999,-9999,-9999,-9999,-9999,-9999,-9999,-9999,-9999,-9999,-9999,-9999,-9999,-9999,-9999,-9999,-9999,-9999,-9999,-9999,-9999,-9999,-9999,-9999,-9999,-9999,-9999,-9999,-9999,-9999,-9999,-9999,-9999,-9999,-9999,-9999,-9999,-9999,-9999,-9999,-9999,-9999,-9999,-9999,-9999,-9999
Time_stop,Secs after midnight,Time of acquisition
Time_mid,Secs after midnight,Time of acquisition
nSMPS_stdPT,#/cm3,AerMP_NumConc_InSitu_RHd_Mobility_NucltoAccu_STP,integrated_number_density
sSMPS_stdPT,um2/cm3,AerMP_SurfAreaConc_InSitu_RHd_Mobility_NucltoAccu_STP,integrated_surface_area
vSMPS_stdPT,um3/cm3,AerMP_VolConc_InSitu_RHd_Mobility_NucltoAccu_STP,integrated_volume
SMPS_stdPT, unitless, None, conversion between ambient PT and standard PT (1013, 273)
SMPS_bin00_stdPT,#/cm3,AerMP_NumSizeDist_InSitu_RHd_Mobility_NucltoAccu_STP,Binned number size distribution (in dNdlogDp) measured by the SMPS
SMPS_bin01_stdPT,#/cm3,AerMP_NumSizeDist_InSitu_RHd_Mobility_NucltoAccu_STP,Binned number size distribution (in dNdlogDp) measured by the SMPS
SMPS_bin02_stdPT,#/cm3,AerMP_NumSizeDist_InSitu_RHd_Mobility_NucltoAccu_STP,Binned number size distribution (in dNdlogDp) measured by the SMPS
SMPS_bin03_stdPT,#/cm3,AerMP_NumSizeDist_InSitu_RHd_Mobility_NucltoAccu_STP,Binned number size distribution (in dNdlogDp) measured by the SMPS
SMPS_bin04_stdPT,#/cm3,AerMP_NumSizeDist_InSitu_RHd_Mobility_NucltoAccu_STP,Binned number size distribution (in dNdlogDp) measured by the SMPS
SMPS_bin05_stdPT,#/cm3,AerMP_NumSizeDist_InSitu_RHd_Mobility_NucltoAccu_STP,Binned number size distribution (in dNdlogDp) measured by the SMPS
SMPS_bin06_stdPT,#/cm3,AerMP_NumSizeDist_InSitu_RHd_Mobility_NucltoAccu_STP,Binned number size distribution (in dNdlogDp) measured by the SMPS
SMPS_bin07_stdPT,#/cm3,AerMP_NumSizeDist_InSitu_RHd_Mobility_NucltoAccu_STP,Binned number size distribution (in dNdlogDp) measured by the SMPS
SMPS_bin08_stdPT,#/cm3,AerMP_NumSizeDist_InSitu_RHd_Mobility_NucltoAccu_STP,Binned number size distribution (in dNdlogDp) measured by the SMPS
SMPS_bin09_stdPT,#/cm3,AerMP_NumSizeDist_InSitu_RHd_Mobility_NucltoAccu_STP,Binned number size distribution (in dNdlogDp) measured by the SMPS
SMPS_bin10_stdPT,#/cm3,AerMP_NumSizeDist_InSitu_RHd_Mobility_NucltoAccu_STP,Binned number size distribution (in dNdlogDp) measured by the SMPS
SMPS_bin11_stdPT,#/cm3,AerMP_NumSizeDist_InSitu_RHd_Mobility_NucltoAccu_STP,Binned number size distribution (in dNdlogDp) measured by the SMPS
SMPS_bin12_stdPT,#/cm3,AerMP_NumSizeDist_InSitu_RHd_Mobility_NucltoAccu_STP,Binned number size distribution (in dNdlogDp) measured by the SMPS
SMPS_bin13_stdPT,#/cm3,AerMP_NumSizeDist_InSitu_RHd_Mobility_NucltoAccu_STP,Binned number size distribution (in dNdlogDp) measured by the SMPS
SMPS_bin14_stdPT,#/cm3,AerMP_NumSizeDist_InSitu_RHd_Mobility_NucltoAccu_STP,Binned number size distribution (in dNdlogDp) measured by the SMPS
[...]
UNCERTAINTY:  20%
ULOD_FLAG: -7777
ULOD_VALUE: N/A
LLOD_FLAG: -8888
LLOD_VALUE: N/A
DM_CONTACT_INFO: Lee Thornhill (Kenneth.L.Thornhill@nasa.gov)
PROJECT_INFO: FIREX-AQ
STIPULATIONS_ON_USE: No stipulations on use. The user is encouraged to contact the PI or DM prior to use.
OTHER_COMMENTS: Midpoint diameters of Bins 00 to 43 are: 0.011,0.012,0.013,0.014,0.015,0.016,0.017,0.018,0.019,0.021,0.022,0.024,0.026,0.028,0.030,0.032,0.035,0.037,0.040,0.043,0.046,0.050,0.053,0.057,0.061,0.066,0.071,0.076,0.082,0.088,0.095,0.102,0.109,0.118,0.126,0.136,0.146,0.157,0.168,0.181,0.194,0.209,0.225,0.241
REVISION: R0
R0: Final Data. Data are corrected for time lags and ammonium sulfate size calibrations.
*******************************************************************************************************************************
Time_start,Time_stop,Time_mid,nSMPS_stdPT,sSMPS_stdPT,vSMPS_stdPT,SMPS_stdPT,SMPS_bin00_stdPT,SMPS_bin01_stdPT,SMPS_bin02_stdPT,SMPS_bin03_stdPT,SMPS_bin04_stdPT,SMPS_bin05_stdPT,SMPS_bin06_stdPT,SMPS_bin07_stdPT,SMPS_bin08_stdPT,SMPS_bin09_stdPT,SMPS_bin10_stdPT,SMPS_bin11_stdPT,SMPS_bin12_stdPT,SMPS_bin13_stdPT,SMPS_bin14_stdPT,SMPS_bin15_stdPT,SMPS_bin16_stdPT,SMPS_bin17_stdPT,SMPS_bin18_stdPT,SMPS_bin19_stdPT,SMPS_bin20_stdPT,SMPS_bin21_stdPT,SMPS_bin22_stdPT,SMPS_bin23_stdPT,SMPS_bin24_stdPT,SMPS_bin25_stdPT,SMPS_bin26_stdPT,SMPS_bin27_stdPT,SMPS_bin28_stdPT,SMPS_bin29_stdPT,SMPS_bin30_stdPT,SMPS_bin31_stdPT,SMPS_bin32_stdPT,SMPS_bin33_stdPT,SMPS_bin34_stdPT,SMPS_bin35_stdPT,SMPS_bin36_stdPT,SMPS_bin37_stdPT,SMPS_bin38_stdPT,SMPS_bin39_stdPT,SMPS_bin40_stdPT,SMPS_bin41_stdPT,SMPS_bin42_stdPT,SMPS_bin43_stdPT
[from data line 411]
99967,100012,99989.5,1173.08,96.51,3.13,1.64,0.00,0.00,0.00,0.00,0.01,349.27,0.02,209.35,0.03,0.00,111.66,0.13,0.00,0.00,181.58,57.18,148.66,229.71,131.52,62.62,282.16,270.41,345.66,429.23,430.79,738.31,669.42,583.07,1346.40,1899.56,1612.07,1496.09,1845.67,1271.67,1221.74,1257.99,1869.86,1527.83,1910.30,3092.31,3023.72,2473.68,2476.06,1907.20
100026,100071,100048,1246.55,101.25,3.30,1.64,0.00,0.00,0.00,0.00,407.07,0.01,0.01,186.91,320.41,0.00,0.00,0.00,0.00,0.00,177.94,91.79,80.89,372.76,302.51,216.52,194.54,287.53,432.05,625.22,465.78,496.58,991.93,1077.99,1327.46,2142.09,1606.98,1735.70,2065.75,1286.36,823.90,989.30,2038.49,1562.92,1515.65,2942.38,3026.15,3041.73,2723.59,2113.36
100085,100130,100108,1334.78,99.30,3.16,1.64,0.00,0.00,0.00,0.00,406.38,0.00,266.16,186.91,0.00,233.77,347.72,95.66,82.25,124.00,454.34,317.11,294.32,271.46,174.04,280.11,512.07,394.16,569.73,466.92,641.29,835.35,996.19,1373.08,1178.81,1721.16,1653.61,1067.71,1374.70,2210.53,1694.05,1614.51,2046.35,2473.87,1823.38,2779.64,2779.51,2742.99,2363.71,1958.09
100144,100189,100166,1423.92,95.68,3.03,1.65,0.00,1222.65,0.00,559.35,0.00,303.30,281.85,351.50,0.00,496.41,453.11,444.95,251.48,539.18,378.58,408.28,446.65,438.54,348.68,340.25,261.70,173.50,350.82,578.02,739.56,928.53,1114.85,1503.98,1543.58,1804.73,1557.30,1734.14,1697.14,1446.74,1305.78,1427.66,2256.46,1955.62,1975.08,2748.09,2791.81,2403.57,2252.71,1917.48
100203,100248,100226,1312.62,78.98,2.46,1.65,0.00,2450.96,812.40,673.21,0.01,0.00,265.60,185.47,48.90,229.21,437.03,276.79,265.08,367.08,496.89,299.89,488.82,234.92,266.51,396.34,506.92,463.58,923.58,992.58,724.95,1131.30,1116.18,1253.88,887.97,921.21,1132.52,1345.87,1502.78,1325.80,1181.41,2260.70,1943.91,1561.77,1872.95,2097.35,2541.51,1311.69,1586.93,1572.82
100263,100308,100286,1159.96,77.31,2.45,1.65,0.00,0.00,812.31,0.00,472.95,833.37,633.45,185.55,158.27,108.66,458.66,471.95,179.60,321.03,253.34,79.41,78.88,275.54,292.47,393.40,344.79,355.17,828.74,622.17,237.41,935.12,1047.89,468.40,1270.24,1308.33,1517.48,1195.58,1801.01,1068.44,994.51,1244.99,1131.61,1082.83,1736.57,2783.13,2147.12,2148.71,1870.33,1648.07
100322,100367,100344,981.22,68.39,2.14,1.65,0.00,0.00,0.00,0.00,0.00,0.00,0.01,186.96,152.36,275.94,154.17,157.70,0.00,0.00,117.14,259.04,107.15,362.17,250.19,198.36,365.12,401.47,269.07,563.96,883.07,1136.97,707.59,942.97,922.40,1398.41,1186.51,1207.94,1244.01,1364.31,1581.03,1780.67,1453.35,1108.24,776.38,1811.95,2076.93,1765.57,1625.01,1267.26
100381,100426,100404,952.93,53.14,1.67,1.65,0.00,0.00,812.43,673.23,879.76,349.83,266.17,418.74,151.75,106.68,129.82,359.38,113.25,224.41,469.68,204.52,210.32,123.56,765.20,609.94,380.47,213.96,666.05,603.46,468.23,533.43,682.42,831.88,1289.89,1419.38,1580.27,1481.45,1470.65,1003.76,664.35,720.31,727.38,555.97,636.50,1243.57,1513.30,1163.23,1417.51,1273.47
100440,100485,100462,1326.88,59.23,1.84,1.65,0.00,1222.64,1964.99,673.20,878.42,1907.50,2253.74,1536.07,1019.32,570.37,461.20,531.92,571.84,932.39,888.83,469.33,394.77,114.09,116.83,376.43,204.42,283.27,493.45,630.13,516.19,460.44,518.20,903.72,1420.14,1482.96,1961.45,1198.87,1045.09,1492.49,1219.72,641.92,851.39,468.09,1136.50,1933.95,1535.61,1457.49,1091.65,1634.17
100499,100544,100522,1997.04,69.66,2.16,1.65,0.00,203.04,3238.10,1118.81,1715.06,2809.71,2294.67,3927.62,1632.23,2858.41,3916.49,3165.52,2443.07,1741.60,1172.69,945.47,929.26,340.26,401.08,329.51,697.36,540.71,514.83,570.78,878.80,647.60,1240.83,1224.23,841.25,1213.80,1123.31,890.40,1085.46,934.58,832.71,901.47,1665.31,1472.66,1027.35,2160.19,2240.27,1780.77,1594.81,1725.05
100558,100603,100580,1588.54,76.28,2.39,1.65,0.00,2025.46,3602.09,2831.10,1758.53,651.39,1029.76,723.25,1127.80,689.47,754.55,839.17,538.85,173.21,469.77,98.10,111.56,142.14,281.31,306.36,354.34,733.12,1182.23,1042.23,670.69,798.44,1262.54,1390.49,1527.14,1118.31,1347.62,1196.40,810.57,1020.06,1203.03,1303.41,1248.26,1711.67,1597.70,2369.83,2066.49,2100.54,1779.05,1325.70
100617,100662,100640,1583.34,81.65,2.49,1.61,0.00,0.00,3467.90,1340.42,699.25,1572.70,792.05,975.08,1040.61,553.69,754.44,587.75,538.12,862.06,37.72,102.24,105.52,104.55,96.40,526.05,706.44,622.92,628.15,1432.07,1177.84,987.01,1248.24,1247.18,1117.92,1254.28,1333.20,1260.90,1124.72,1432.77,2139.45,1477.57,2271.55,2371.08,2198.02,2079.25,1885.21,2021.03,1622.74,1556.97
100676,100721,100698,1167.37,70.48,2.23,1.54,0.00,0.00,410.01,1447.57,1362.43,592.04,1540.11,258.31,215.67,695.37,103.25,164.89,62.83,198.05,0.00,219.08,228.93,229.87,59.60,359.75,510.11,540.87,622.54,884.87,604.07,1126.11,951.12,546.15,918.74,1091.44,918.51,1129.57,1244.87,1632.56,550.22,1373.49,1160.28,1604.48,1393.24,2057.33,2304.06,1616.93,1578.90,1528.81
100735,100780,100758,1426.41,68.85,2.13,1.51,0.00,990.07,814.81,3438.52,2676.65,1315.00,720.44,832.50,894.05,473.02,831.50,322.01,298.15,277.34,109.85,224.83,290.47,287.98,248.00,494.08,495.43,401.47,597.75,823.29,960.58,789.95,1347.95,1107.90,1148.51,1009.73,826.08,1026.83,1172.47,1278.85,1330.52,1802.05,2050.64,1014.48,1711.48,1976.10,1617.42,1478.66,1444.81,1411.33
100794,100839,100816,1312.46,69.61,2.19,1.47,0.00,1234.33,1464.04,2069.99,983.33,1388.93,555.98,702.06,284.74,112.58,288.21,384.99,100.30,242.32,200.84,361.17,261.08,296.74,242.50,501.99,686.51,685.57,850.74,908.68,516.46,1106.44,1089.57,935.47,1569.17,1239.76,676.96,1329.25,1632.20,1165.45,1071.11,1173.80,1287.34,916.34,1557.13,1997.64,1649.89,1522.83,1803.11,1580.60
100853,100898,100876,1270.39,61.56,1.89,1.47,0.00,544.88,0.00,1131.26,2798.73,2137.15,1223.03,577.80,0.00,314.93,348.40,551.44,577.19,492.04,438.10,90.44,317.59,276.60,280.72,260.77,473.45,679.21,485.15,880.46,1213.15,934.63,882.94,1171.01,1237.18,789.80,1063.98,1474.88,1516.71,1253.36,1014.46,1514.06,1244.91,777.24,1461.26,1683.23,1385.07,1271.89,1234.20,1604.01
100912,100957,100934,1249.81,68.85,2.19,1.47,0.00,1653.12,1355.23,1503.23,0.00,1739.36,911.22,199.44,542.42,234.87,219.47,322.03,322.30,100.54,304.08,254.01,223.46,412.63,368.29,480.18,717.27,424.07,807.57,675.59,819.32,653.27,1137.96,1072.16,978.86,1444.32,1156.15,977.59,1245.41,780.21,652.75,1331.32,1143.08,937.18,1535.41,2391.72,1951.96,1622.86,1328.41,1615.83
100971,101016,100994,1351.18,65.93,1.94,1.47,0.00,2427.33,1097.14,768.74,574.68,620.19,879.47,355.45,618.21,136.48,513.14,428.41,279.93,344.53,562.81,390.43,468.50,316.87,274.63,652.13,736.30,597.26,894.75,1075.02,1122.32,1212.78,1528.82,862.60,1420.72,1385.56,1023.77,857.63,1112.11,850.59,1030.96,1232.72,1529.14,2115.06,1743.90,2081.67,2198.27,1861.30,1641.31,1414.09
101030,101075,101052,1211.17,56.30,1.64,1.44,1245.51,0.00,1241.19,882.72,954.27,730.42,182.50,761.87,241.84,343.81,71.16,290.45,264.26,120.81,439.25,442.07,167.97,558.73,570.22,448.41,1024.06,831.94,726.46,910.05,1262.37,897.20,1414.23,1137.48,973.05,797.40,1215.10,1527.41,1525.19,843.81,1044.62,963.14,1283.89,1301.18,1544.43,1828.00,1599.67,1463.68,1417.34,1268.34
101089,101134,101112,1262.82,65.17,1.90,1.43,0.00,0.00,0.00,407.07,1141.48,677.39,449.46,420.82,727.65,583.78,130.57,240.15,129.32,337.90,136.38,293.20,284.30,162.72,402.26,795.55,1060.49,1081.69,1168.87,1389.82,1095.87,1439.43,1132.46,753.60,887.31,1368.64,1257.74,1078.91,2042.18,1004.75,1340.59,1428.30,1374.43,1359.05,1854.32,2149.26,2324.20,1704.60,1282.11,1511.67
101148,101193,101170,1395.42,60.43,1.72,1.40,1456.29,1656.62,0.00,891.96,993.09,1258.09,739.74,563.93,466.05,323.97,178.16,203.00,241.14,395.32,306.60,176.66,902.72,592.66,688.12,717.45,747.18,1166.34,1136.78,1255.19,1267.75,1066.43,880.18,1228.80,1427.27,1244.68,1441.12,1088.43,1295.83,1209.92,1395.02,1556.85,2030.06,1018.63,1966.44,1678.15,1645.19,1684.03,1241.12,1230.60
101207,101252,101230,1870.31,85.47,2.43,1.39,0.00,2812.81,795.89,1171.27,944.73,231.50,780.33,478.43,242.71,647.06,710.75,761.60,292.25,679.32,700.36,1047.92,808.00,1196.97,972.17,937.77,900.89,1223.08,1189.53,1438.26,1727.55,2266.07,1517.74,1366.89,1244.58,1972.92,1025.28,1334.73,1971.57,1275.25,2556.95,2572.32,2622.19,2354.54,2195.69,3038.85,2380.74,1983.14,2032.53,1446.90
101266,101311,101288,2567.67,73.83,2.07,1.34,10789.60,7980.52,5866.90,3895.45,1348.82,475.03,388.68,1457.86,1596.54,806.31,931.78,386.55,490.93,854.73,1146.80,972.50,1220.36,1553.53,1631.19,1252.38,1022.24,839.85,1270.37,1386.94,1237.78,1545.65,1158.28,1353.62,1157.70,1566.02,763.95,1261.10,1413.98,1415.89,1574.57,1874.02,2444.29,2135.71,2669.83,2757.24,2026.88,1602.51,1330.24,1310.26
101325,101370,101348,1489.28,66.56,1.93,1.31,1255.80,1624.45,2100.43,727.43,605.10,828.31,800.07,358.21,325.49,306.04,276.53,293.62,512.67,563.89,506.52,518.74,887.53,863.58,737.57,769.41,1284.54,1203.39,1536.99,1096.24,718.72,1322.56,685.94,860.08,1121.07,1085.93,1705.16,1022.00,1322.67,631.84,747.00,1472.57,1617.22,1600.00,2603.96,2608.77,2153.95,1847.98,1288.89,1257.96
101384,101429,101406,1429.37,65.61,1.87,1.28,0.00,1372.02,954.71,700.81,1395.67,410.87,183.05,293.10,370.63,462.69,368.58,5.37,573.91,290.16,368.72,681.49,902.22,476.37,1014.35,898.44,797.56,1099.18,1234.84,1357.09,1101.96,1319.77,1456.03,1207.66,1105.45,943.22,1354.57,1335.75,934.94,1445.43,1654.09,2383.75,1761.25,1294.50,2277.94,1929.30,1519.32,1583.16,1570.09,1349.77
101443,101488,101466,1591.54,75.50,2.16,1.25,0.00,1521.05,1045.38,288.23,603.82,639.38,844.73,674.56,455.34,287.60,759.47,302.98,586.39,723.18,672.49,399.28,464.18,620.83,697.24,833.91,1156.06,1407.12,1378.35,1217.69,1061.37,1095.17,1338.12,1421.11,1397.45,1605.80,1112.78,1195.60,1621.43,1607.00,1475.48,2134.40,2198.07,2261.98,2381.34,2227.42,2304.70,1952.62,1619.79,1338.44
