Data/Raw/MOORE,RICHARD/FIREXAQ-LARGE-SMPS_DC8_20190808_R0.ict
88,1001
Richard Moore, Elizabeth Wiggins, Edward Winstead, Claire Robinson, Lee Thornhill, and Kevin Sanchez
NASA Langley Research Center
In-situ Submicron Particle Size Distributions from a SMPS on the NASA DC-8
FIREXAQ
1,1
2019,08,08,2020,03,10
0
Time_start,Secs after midnight,Time of acquisition
50
1,1,1,1,1,1,1,1,1,1,1,1,1,1,1,1,1,1,1,1,1,1,1,1,1,1,1,1,1,1,1,1,1,1,1,1,1,1,1,1,1,1,1,1,1,1,1,1,1,1
-9999,-9999,-9999,-9999,-9999,-9999,-9999,-9999,-9999,-9999,-9999,-9999,-9999,-9999,-9999,-9999,-9999,-9999,-9999,-9999,-9999,-9999,-9999,-9999,-9999,-9999,-9999,-9999,-9999,-9999,-9999,-9999,-9999,-9999,-9999,-9999,-9999,-9999,-9999,-9999,-9999,-9999,-9999,-9999,-9999,-9999,-9999,-9999,-9999,-9999
Time_stop,Secs after midnight,Time of acquisition
Time_mid,Secs after midnight,Time of acquisition
nSMPS_stdPT,#/cm3,AerMP_NumConc_InSitu_RHd_Mobility_NucltoAccu_STP,integrated_number_density
sSMPS_stdPT,um2/cm3,AerMP_SurfAreaConc_InSitu_RHd_Mobility_NucltoAccu_STP,integrated_surface_area
vSMPS_stdPT,um3/cm3,AerMP_VolConc_InSitu_RHd_Mobility_NucltoAccu_STP,integrated_volume
SMPS_stdPT, unitless, None, conversion between ambient PT and standard PT (1013, 273)
SMPS_bin00_stdPT,#/cm3,AerMP_NumSizeDist_InSitu_RHd_Mobility_NucltoAccu_STP,Binned number size distribution (in dNdlogDp) measured by the SMPS
SMPS_bin01_stdPT,#/cm3,AerMP_NumSizeDist_InSitu_RHd_Mobility_NucltoAccu_STP,Binned number size distribution (in dNdlogDp) measured by the SMPS
SMPS_bin02_stdPT,#/cm3,AerMP_NumSizeDist_InSitu_RHd_Mobility_NucltoAccu_STP,Binned number size distribution (in dNdlogDp) measured by the SMPS
SMPS_bin03_stdPT,#/cm3,AerMP_NumSizeDist_InSitu_RHd_Mobility_NucltoAccu_STP,Binned number size distribution (in dNdlogDp) measured by the SMPS
SMPS_bin04_stdPT,#/cm3,AerMP_NumSizeDist_InSitu_RHd_Mobility_NucltoAccu_STP,Binned number size distribution (in dNdlogDp) measured by the SMPS
SMPS_bin05_stdPT,#/cm3,AerMP_NumSizeDist_InSitu_RHd_Mobility_NucltoAccu_STP,Binned number size distribution (in dNdlogDp) measured by the SMPS
SMPS_bin06_stdPT,#/cm3,AerMP_NumSizeDist_InSitu_RHd_Mobility_NucltoAccu_STP,Binned number size distribution (in dNdlogDp) measured by the SMPS
SMPS_bin07_stdPT,#/cm3,AerMP_NumSizeDist_InSitu_RHd_Mobility_NucltoAccu_STP,Binned number size distribution (in dNdlogDp) measured by the SMPS
SMPS_bin08_stdPT,#/cm3,AerMP_NumSizeDist_InSitu_RHd_Mobility_NucltoAccu_STP,Binned number size distribution (in dNdlogDp) measured by the SMPS
SMPS_bin09_stdPT,#/cm3,AerMP_NumSizeDist_InSitu_RHd_Mobility_NucltoAccu_STP,Binned number size distribution (in dNdlogDp) measured by the SMPS
SMPS_bin10_stdPT,#/cm3,AerMP_NumSizeDist_InSitu_RHd_Mobility_NucltoAccu_STP,Binned number size distribution (in dNdlogDp) measured by the SMPS
SMPS_bin11_stdPT,#/cm3,AerMP_NumSizeDist_InSitu_RHd_Mobility_NucltoAccu_STP,Binned number size distribution (in dNdlogDp) measured by the SMPS
SMPS_bin12_stdPT,#/cm3,AerMP_NumSizeDist_InSitu_RHd_Mobility_NucltoAccu_STP,Binned number size distribution (in dNdlogDp) measured by the SMPS
SMPS_bin13_stdPT,#/cm3,AerMP_NumSizeDist_InSitu_RHd_Mobility_NucltoAccu_STP,Binned number size distribution (in dNdlogDp) measured by the SMPS
SMPS_bin14_stdPT,#/cm3,AerMP_NumSizeDist_InSitu_RHd_Mobility_NucltoAccu_STP,Binned number size distribution (in dNdlogDp) measured by the SMPS
[...]
UNCERTAINTY:  20%
ULOD_FLAG: -7777
ULOD_VALUE: N/A
LLOD_FLAG: -8888
LLOD_VALUE: N/A
DM_CONTACT_INFO: Lee Thornhill (Kenneth.L.Thornhill@nasa.gov)
PROJECT_INFO: FIREX-AQ
STIPULATIONS_ON_USE: No stipulations on use. The user is encouraged to contact the PI or DM prior to use.
OTHER_COMMENTS: Midpoint diameters of Bins 00 to 43 are: 0.011,0.012,0.013,0.014,0.015,0.016,0.017,0.018,0.019,0.021,0.022,0.024,0.026,0.028,0.030,0.032,0.035,0.037,0.040,0.043,0.046,0.050,0.053,0.057,0.061,0.066,0.071,0.076,0.082,0.088,0.095,0.102,0.109,0.118,0.126,0.136,0.146,0.157,0.168,0.181,0.194,0.209,0.225,0.241
REVISION: R0
R0: Final Data. Data are corrected for time lags and ammonium sulfate size calibrations.
*******************************************************************************************************************************
Time_start,Time_stop,Time_mid,nSMPS_stdPT,sSMPS_stdPT,vSMPS_stdPT,SMPS_stdPT,SMPS_bin00_stdPT,SMPS_bin01_stdPT,SMPS_bin02_stdPT,SMPS_bin03_stdPT,SMPS_bin04_stdPT,SMPS_bin05_stdPT,SMPS_bin06_stdPT,SMPS_bin07_stdPT,SMPS_bin08_stdPT,SMPS_bin09_stdPT,SMPS_bin10_stdPT,SMPS_bin11_stdPT,SMPS_bin12_stdPT,SMPS_bin13_stdPT,SMPS_bin14_stdPT,SMPS_bin15_stdPT,SMPS_bin16_stdPT,SMPS_bin17_stdPT,SMPS_bin18_stdPT,SMPS_bin19_stdPT,SMPS_bin20_stdPT,SMPS_bin21_stdPT,SMPS_bin22_stdPT,SMPS_bin23_stdPT,SMPS_bin24_stdPT,SMPS_bin25_stdPT,SMPS_bin26_stdPT,SMPS_bin27_stdPT,SMPS_bin28_stdPT,SMPS_bin29_stdPT,SMPS_bin30_stdPT,SMPS_bin31_stdPT,SMPS_bin32_stdPT,SMPS_bin33_stdPT,SMPS_bin34_stdPT,SMPS_bin35_stdPT,SMPS_bin36_stdPT,SMPS_bin37_stdPT,SMPS_bin38_stdPT,SMPS_bin39_stdPT,SMPS_bin40_stdPT,SMPS_bin41_stdPT,SMPS_bin42_stdPT,SMPS_bin43_stdPT
75522,75567,75544.5,0.00,0.00,0.00,1.27,0.00,0.00,0.00,0.00,0.00,0.00,0.00,0.00,0.00,0.00,0.00,0.00,0.00,0.00,0.00,0.00,0.00,0.00,0.00,0.00,0.00,0.00,0.00,0.00,0.00,0.00,0.00,0.00,0.00,0.00,0.00,0.00,0.00,0.00,0.00,0.00,0.00,0.00,0.00,0.00,0.00,0.00,0.00,0.00
75581,75626,75603.5,0.00,0.00,0.00,1.32,0.00,0.00,0.00,0.00,0.00,0.00,0.00,0.00,0.00,0.00,0.00,0.00,0.00,0.00,0.00,0.00,0.00,0.00,0.00,0.00,0.00,0.00,0.00,0.00,0.00,0.00,0.00,0.00,0.00,0.00,0.00,0.00,0.00,0.00,0.00,0.00,0.00,0.00,0.00,0.00,0.00,0.00,0.00,0.00
75640,75685,75662.5,0.00,0.00,0.00,1.37,0.00,0.00,0.00,0.00,0.00,0.00,0.00,0.00,0.00,0.00,0.00,0.00,0.00,0.00,0.00,0.00,0.00,0.00,0.00,0.00,0.00,0.00,0.00,0.00,0.00,0.00,0.00,0.00,0.00,0.00,0.00,0.00,0.00,0.00,0.00,0.00,0.00,0.00,0.00,0.00,0.00,0.00,0.00,0.00
75699,75744,75721.5,0.00,0.00,0.00,1.43,0.00,0.00,0.00,0.00,0.00,0.00,0.00,0.00,0.00,0.00,0.00,0.00,0.00,0.00,0.00,0.00,0.00,0.00,0.00,0.00,0.00,0.00,0.00,0.00,0.00,0.00,0.00,0.00,0.00,0.00,0.00,0.00,0.00,0.00,0.00,0.00,0.00,0.00,0.00,0.00,0.00,0.00,0.00,0.00
75758,75803,75780.5,0.00,0.00,0.00,1.50,0.00,0.00,0.00,0.00,0.00,0.00,0.00,0.00,0.00,0.00,0.00,0.00,0.00,0.00,0.00,0.00,0.00,0.00,0.00,0.00,0.00,0.00,0.00,0.00,0.00,0.00,0.00,0.00,0.00,0.00,0.00,0.00,0.00,0.00,0.00,0.00,0.00,0.00,0.00,0.00,0.00,0.00,0.00,0.00
75817,75862,75839.5,0.00,0.00,0.00,1.58,0.00,0.00,0.00,0.00,0.00,0.00,0.00,0.00,0.00,0.00,0.00,0.00,0.00,0.00,0.00,0.00,0.00,0.00,0.00,0.00,0.00,0.00,0.00,0.00,0.00,0.00,0.00,0.00,0.00,0.00,0.00,0.00,0.00,0.00,0.00,0.00,0.00,0.00,0.00,0.00,0.00,0.00,0.00,0.00
75876,75921,75898.5,1061.46,33.59,0.91,1.62,0.00,0.00,0.00,0.00,0.02,1009.48,1028.66,565.28,1560.55,461.81,831.01,420.70,624.12,566.33,1040.47,484.26,1007.41,1129.59,1037.61,991.05,900.54,1102.80,961.08,885.21,683.83,873.56,1016.30,1293.81,970.41,1244.65,974.15,1193.46,1210.20,870.72,783.74,803.76,610.95,588.62,704.54,723.74,587.39,712.65,639.43,476.03
75935,75980,75957.5,856.03,28.66,0.79,1.67,0.00,0.00,0.00,232.78,685.67,849.16,600.98,208.77,522.77,738.28,299.53,1212.48,948.26,810.28,828.96,811.26,586.62,534.77,651.51,434.03,700.06,708.66,687.49,659.45,675.22,636.43,721.23,528.59,924.27,663.60,509.48,417.97,634.43,874.16,728.74,908.91,801.75,835.45,693.00,902.07,597.00,580.59,362.21,329.49
75994,76039,76016.5,989.10,28.73,0.77,1.72,0.00,0.00,0.00,1684.56,485.34,343.28,0.00,775.73,488.20,119.43,491.12,607.03,632.95,651.83,1587.15,1174.40,1302.00,1181.68,1215.41,1326.96,1271.78,634.76,779.60,798.06,778.70,1103.53,637.95,612.16,785.65,760.15,623.08,829.62,575.93,764.48,797.70,648.11,846.53,351.13,725.58,838.67,883.11,614.24,267.42,401.60
76053,76098,76075.5,790.38,33.83,0.98,1.78,0.00,0.00,0.00,629.89,409.53,0.00,237.46,0.00,491.82,280.73,827.79,542.30,497.32,543.51,425.56,470.32,395.81,520.12,822.49,432.18,640.99,891.44,934.99,565.29,991.95,866.86,1119.53,668.85,628.04,387.89,444.18,501.85,0.00,288.01,196.09,934.42,999.45,1505.85,987.10,1082.49,856.75,805.55,685.89,428.35
76112,76157,76134.5,942.82,18.75,0.50,1.83,0.00,0.00,3370.32,0.00,1236.45,705.35,684.09,2236.82,831.37,1437.52,482.07,1066.26,870.45,558.44,696.56,684.43,500.68,899.77,1341.19,933.58,674.77,518.43,944.45,465.15,591.68,599.13,565.78,409.39,657.50,334.44,480.96,456.08,255.50,346.83,656.36,496.60,200.95,596.71,401.31,482.02,385.90,442.00,342.12,79.90
76171,76216,76193.5,4828.82,47.69,1.24,1.94,0.00,0.00,4207.44,13921.74,13957.53,11331.63,8979.92,8582.86,7054.53,9036.37,11774.18,6772.86,4858.94,6452.03,4475.46,4320.42,3644.68,2815.69,2121.97,2144.03,1951.98,1174.88,1997.08,1407.66,1750.24,1430.74,1921.63,1071.77,1311.18,1256.54,1415.34,1072.23,1070.88,1074.44,782.72,652.26,693.23,876.64,771.51,588.29,678.52,891.99,592.44,539.83
76230,76275,76252.5,2434.35,27.37,0.67,2.06,0.00,0.00,0.00,4620.04,7537.33,5406.07,5691.90,4078.31,2359.46,2851.67,4211.91,3694.92,2670.50,2147.57,3346.70,2307.41,1954.71,1730.53,1824.98,1080.40,1544.79,1479.91,1594.01,1721.64,792.31,1131.45,1197.53,1063.82,785.06,1482.63,1195.73,893.90,565.51,478.66,413.07,308.09,531.79,501.96,365.95,263.60,577.84,500.18,265.39,325.64
76289,76334,76311.5,1590.68,17.11,0.42,2.18,0.00,0.00,0.00,10005.65,3499.16,2409.20,3207.89,1982.43,1969.66,1901.18,1749.54,1567.02,1318.62,1426.33,1135.08,804.37,1260.94,1091.53,1308.61,952.99,1615.54,983.51,548.76,908.44,1126.73,685.04,728.05,542.56,633.65,444.86,675.04,266.65,465.19,668.02,499.66,656.15,333.16,230.03,129.06,92.14,201.46,233.03,77.33,138.51
76348,76393,76370.5,1083.42,10.64,0.25,2.28,0.00,0.00,0.00,5575.06,2418.65,2612.91,1726.84,2377.69,2285.17,1066.69,1204.69,1677.06,970.26,761.05,633.90,598.57,460.08,980.20,806.97,693.81,800.35,113.42,401.08,548.64,552.72,344.74,666.54,450.22,468.62,259.89,490.39,424.92,328.14,66.99,173.22,372.55,202.88,56.05,388.34,85.27,199.84,53.75,162.14,67.63
76407,76452,76429.5,1142.48,11.87,0.28,2.38,0.00,0.00,0.00,0.00,6741.88,3068.94,1723.93,2317.92,2305.89,1856.75,737.92,1152.05,1020.50,426.69,738.14,531.84,1144.88,1329.98,1357.19,693.75,579.54,975.88,781.75,789.85,919.48,675.69,355.39,117.02,115.81,316.59,317.38,457.33,734.35,415.87,333.38,263.03,294.30,47.17,126.34,99.76,165.36,185.13,35.43,35.73
76466,76511,76488.5,1501.67,20.50,0.58,2.44,0.00,0.00,0.00,0.00,4336.38,7663.43,3714.10,3434.32,2652.52,1570.52,1153.74,1330.47,2269.75,1811.90,1194.55,1081.96,1237.02,975.24,911.24,1101.57,381.08,948.32,756.20,543.41,429.41,563.74,602.47,471.21,554.45,488.67,425.53,836.42,569.72,604.77,230.34,638.26,266.16,78.63,279.90,313.40,81.02,247.26,375.69,382.27
76525,76570,76547.5,1487.46,32.76,1.03,2.45,0.00,0.00,0.00,0.00,5179.90,6210.23,1730.24,3486.53,609.72,2047.38,1367.97,1261.81,928.59,1349.03,1388.22,1279.58,1169.66,1028.73,1171.52,969.58,714.12,432.91,453.28,871.50,610.96,857.30,1317.51,943.62,579.40,818.75,626.23,1249.81,740.13,1015.48,365.60,306.00,143.47,283.18,395.96,220.14,654.71,544.46,628.56,458.04
76584,76629,76606.5,971.06,18.78,0.57,2.45,0.00,0.00,0.00,0.00,3138.83,1482.32,2799.64,3376.27,1470.95,1915.01,470.70,703.38,675.50,643.94,606.16,494.42,680.98,681.56,577.12,759.76,541.88,716.07,635.00,365.25,429.76,436.28,638.38,406.38,650.22,554.41,470.94,350.66,430.98,600.33,497.80,383.91,157.16,310.52,158.19,322.67,168.72,243.55,165.08,303.16
76643,76688,76665.5,1332.78,13.47,0.34,2.45,0.00,0.00,0.00,0.00,9309.04,4158.15,2197.88,3151.63,1518.46,2356.88,2460.50,1231.57,1589.63,812.45,732.33,1115.86,1225.45,586.52,432.24,572.72,733.31,637.66,406.60,381.98,948.42,429.61,596.57,719.34,460.22,416.41,293.25,354.60,266.98,180.96,115.95,247.18,285.63,210.02,370.84,287.98,236.85,127.54,105.96,72.27
76702,76747,76724.5,930.72,19.74,0.61,2.45,0.00,0.00,0.00,0.00,2170.46,1973.13,2369.43,2592.44,715.47,219.37,778.32,662.05,1869.88,613.66,1060.92,457.19,526.33,830.84,988.01,589.40,688.56,630.51,693.70,987.21,514.90,659.37,710.34,696.09,595.59,348.25,188.37,302.84,395.38,412.13,383.57,421.57,268.42,256.17,216.31,246.67,167.70,268.52,229.59,405.02
76761,76806,76783.5,1057.36,15.96,0.41,2.45,0.00,0.00,0.00,0.00,1927.62,4894.07,1239.66,839.08,2159.43,1847.32,1096.60,1195.24,1645.50,1257.37,815.15,1174.73,602.70,1019.07,698.95,255.46,755.14,754.51,946.46,733.39,669.89,586.62,661.62,349.89,335.43,578.19,389.93,244.71,468.01,446.21,447.87,310.60,532.33,470.69,324.84,202.59,128.08,234.58,168.75,108.99
76821,76866,76843.5,823.87,11.92,0.29,2.45,0.00,0.00,0.00,0.00,2918.81,408.78,1355.78,2960.37,770.83,1084.15,997.46,1309.13,1618.92,819.98,594.45,515.35,561.17,742.13,525.75,673.52,419.05,711.41,356.24,315.98,762.85,433.20,457.74,669.77,345.52,464.62,403.62,444.38,200.80,129.84,345.84,348.74,186.90,235.94,343.73,121.20,177.18,155.43,211.21,142.93
76880,76925,76902.5,929.51,12.77,0.33,2.45,0.00,0.00,0.00,0.00,1751.75,4557.99,3055.44,2243.64,2019.99,1159.97,564.03,1163.80,1099.46,350.59,699.55,805.48,534.64,634.99,309.35,469.22,372.88,557.74,354.27,771.57,308.73,520.23,281.83,260.46,274.45,568.52,384.74,432.39,546.34,509.84,26.71,401.37,147.69,256.71,71.47,260.96,274.92,156.06,259.42,142.01
76939,76984,76961.5,1080.95,13.21,0.33,2.45,0.00,0.00,0.00,0.00,1911.68,2590.85,3900.88,2405.94,3129.39,2537.72,2578.84,1135.35,743.29,621.08,819.06,1049.14,594.35,694.93,967.42,433.10,511.70,230.53,648.83,337.26,457.51,271.04,590.93,592.23,378.05,489.45,520.59,238.90,312.74,124.97,333.77,306.39,368.19,503.26,275.84,273.39,147.97,187.97,69.52,70.97
76998,77043,77020.5,1125.05,12.35,0.31,2.45,0.00,0.00,0.00,0.00,6562.15,2284.27,2620.04,2822.68,1713.51,739.85,1843.38,1514.65,943.12,1184.50,567.95,1153.02,756.04,967.89,1075.62,580.00,862.31,633.98,741.08,312.28,467.49,343.92,326.83,343.00,452.86,343.01,328.13,484.88,404.48,468.92,350.19,409.27,297.15,25.09,178.05,124.47,220.00,80.14,67.43,125.11
77057,77102,77079.5,1044.00,12.63,0.28,2.45,0.00,0.00,0.00,0.00,2393.30,2829.63,3827.42,2358.93,2044.59,1958.87,1259.75,378.37,1958.29,1018.48,269.76,606.23,1138.50,552.45,581.83,720.26,665.32,836.74,354.34,396.29,387.18,480.04,524.91,402.55,254.78,522.46,520.84,631.85,313.59,665.55,305.31,359.93,503.57,387.41,166.07,213.90,311.19,119.79,34.34,105.01
77116,77161,77138.5,780.14,13.27,0.36,2.45,0.00,0.00,0.00,0.00,1945.04,673.61,210.01,1853.12,1338.22,1821.69,560.70,1292.59,831.06,800.63,1355.86,926.24,869.81,932.93,446.92,461.17,494.07,719.62,808.53,328.65,183.22,509.86,503.53,106.59,356.56,504.06,253.27,236.15,749.36,551.23,199.82,319.23,270.76,149.77,278.55,316.75,150.52,204.16,101.77,1.98
77175,77220,77197.5,1075.03,14.95,0.36,2.45,0.00,0.00,0.00,0.00,1790.40,3911.89,2629.05,1617.88,1783.50,724.93,2261.86,691.61,1427.11,1186.78,893.23,1128.77,918.92,1328.55,961.76,1226.67,541.85,673.28,632.11,298.89,523.09,608.83,267.41,147.38,296.79,538.10,601.12,712.02,445.34,882.76,420.94,493.98,34.25,471.01,130.98,246.67,258.41,238.15,169.43,74.04
77234,77279,77256.5,859.12,15.34,0.40,2.45,0.00,0.00,0.00,0.00,1931.20,1631.35,482.02,1676.69,915.64,1698.01,870.39,1024.98,1476.40,796.91,1083.05,735.21,1045.83,1372.90,613.76,384.58,553.18,637.95,412.84,493.34,574.33,396.42,262.31,655.72,340.17,551.47,261.87,345.10,509.98,441.35,267.36,566.24,676.44,269.48,365.20,340.00,148.41,120.58,163.51,141.19
77293,77338,77315.5,755.11,12.39,0.31,2.45,0.00,0.00,0.00,0.00,3125.22,10.49,483.19,0.00,633.64,455.70,1755.88,625.02,1165.28,865.64,611.40,1395.66,1376.24,1007.28,882.43,859.63,728.66,763.68,634.49,389.18,837.37,285.89,300.12,379.41,281.66,382.69,293.35,179.02,572.84,452.94,419.33,394.85,405.48,186.72,82.64,104.37,155.57,253.46,151.86,54.73
77352,77397,77374.5,852.35,13.14,0.32,2.45,0.00,0.00,0.00,0.00,3146.83,674.06,668.66,619.70,1081.44,1263.85,1371.46,1244.81,1368.96,364.31,1352.91,1303.49,1002.38,1125.57,1053.03,952.81,470.93,750.36,497.46,402.94,361.57,573.67,266.50,391.09,334.38,346.84,285.85,373.56,483.84,385.17,368.12,355.63,369.68,350.65,334.02,338.57,138.04,126.34,137.89,73.12
77411,77456,77433.5,871.19,12.98,0.33,2.44,0.00,0.00,0.00,0.00,0.00,806.95,1801.29,2188.41,1698.85,349.49,854.20,1719.17,2347.98,1524.23,1940.87,865.22,738.56,1219.22,609.75,614.05,735.20,798.95,492.20,465.83,402.17,284.22,512.03,151.78,361.47,370.97,367.67,270.32,354.72,452.69,469.93,189.37,395.64,289.63,167.72,160.83,176.71,156.26,246.46,143.34
77470,77515,77492.5,998.40,12.94,0.32,2.44,0.00,0.00,0.00,0.00,3698.72,0.00,2754.35,2287.14,1556.81,924.55,683.05,1915.09,1343.77,1955.97,881.73,989.17,811.44,990.18,1223.92,1013.83,702.30,713.68,793.61,456.66,292.01,443.13,460.95,412.58,485.42,499.25,374.21,236.55,187.56,294.11,205.48,387.87,249.40,428.07,288.95,250.90,130.91,257.56,142.81,72.38
77529,77574,77551.5,1147.60,11.86,0.29,2.44,0.00,0.00,0.00,0.00,3369.21,2422.21,3742.94,1831.26,2177.92,1681.46,892.06,2965.13,1349.82,2311.75,1525.33,1107.79,1144.86,882.86,928.73,617.60,666.72,538.04,631.74,352.47,484.78,263.98,313.18,140.51,431.41,389.89,301.52,501.13,319.32,193.65,494.27,222.02,190.26,288.04,58.82,273.88,225.57,139.16,35.90,74.11
77588,77633,77610.5,1544.35,11.86,0.26,2.44,0.00,0.00,0.00,0.00,9562.79,4626.48,2975.97,1508.69,2858.83,3516.70,1641.02,2983.83,2330.72,1406.91,2029.50,2086.15,970.43,1312.54,687.53,738.14,255.90,394.86,361.13,618.02,343.58,544.29,619.76,819.05,570.82,253.91,535.86,284.70,405.93,276.78,268.73,215.93,244.48,124.01,288.52,80.64,133.73,239.62,180.79,43.82
77647,77692,77669.5,2108.93,15.43,0.37,2.43,0.00,0.00,0.00,0.00,14377.64,3068.67,4776.90,4241.59,3947.43,4556.56,3161.72,4237.93,2656.36,1513.21,2783.80,2739.68,2028.78,1465.82,1104.78,1100.63,1076.19,943.91,748.03,733.14,530.74,422.07,534.46,419.22,295.04,132.09,512.83,214.98,514.67,126.27,449.64,307.80,63.46,146.77,340.74,110.22,200.72,222.14,296.05,130.69
77706,77751,77728.5,1809.27,12.13,0.28,2.43,0.00,0.00,0.00,0.00,10379.82,3523.47,4754.02,4000.91,3502.38,1582.41,4481.73,3841.35,4291.66,2114.47,1972.54,1720.44,1120.27,1463.23,1067.83,818.29,526.05,515.87,443.88,484.60,701.80,558.10,268.65,359.62,284.73,183.64,163.83,300.19,244.11,191.48,171.99,226.57,297.47,214.30,229.35,211.70,142.71,175.07,96.90,112.14
77765,77810,77787.5,1461.29,8.95,0.17,2.44,0.00,0.00,0.00,0.00,1392.36,4490.15,4540.92,2182.53,5312.50,2155.04,1627.72,3317.66,3479.19,1996.60,3018.08,1934.17,1703.91,1238.82,920.09,882.31,786.16,619.22,420.74,438.01,327.81,419.85,578.09,180.75,188.22,347.94,289.72,340.59,211.75,299.51,164.12,115.58,106.58,140.42,126.66,131.08,44.93,77.66,97.18,0.00
77824,77869,77846.5,5339.00,14.08,0.24,2.44,0.00,0.00,0.00,0.00,32314.55,39362.27,32436.98,20188.70,11008.38,5412.20,5685.83,1995.56,1890.65,2889.24,1815.66,1800.34,2144.11,1488.23,1332.86,799.30,1179.44,720.62,454.75,572.56,895.52,528.61,497.22,300.98,327.68,70.26,258.31,282.73,201.83,265.55,535.25,362.76,116.77,120.10,4.25,0.00,113.02,82.66,122.43,93.84
77883,77928,77905.5,2865.50,10.12,0.15,2.44,0.00,0.00,0.00,0.00,12129.06,16151.86,15299.15,7133.53,4491.49,4348.02,4776.85,2780.54,2401.68,2528.29,3120.84,2770.99,2240.12,1469.35,1012.98,862.05,1101.74,761.20,619.32,412.81,761.24,586.82,440.05,508.19,563.58,252.50,229.78,363.30,352.90,160.01,97.06,218.01,162.13,177.91,169.32,70.10,0.00,36.10,97.34,37.84
77942,77987,77964.5,2288.01,9.98,0.16,2.44,0.00,0.00,0.00,0.00,5569.91,8814.44,3879.00,8841.75,6390.00,4781.15,3602.06,3799.67,4315.23,3417.65,2243.55,1956.46,2504.51,2431.93,1976.55,1327.92,1130.89,1094.87,558.82,425.89,328.14,369.11,350.60,593.38,101.59,419.98,296.64,265.23,10.11,174.45,100.47,216.82,175.01,300.87,154.98,57.09,35.62,50.32,38.95,37.77
78001,78046,78023.5,2126.17,10.16,0.21,2.43,0.00,0.00,0.00,0.00,6964.37,7493.12,8240.77,5524.30,3952.85,3492.86,4292.27,4621.32,3016.49,1806.36,4444.29,2728.50,2106.93,1308.05,1093.21,355.05,1081.59,547.25,685.93,414.09,482.36,309.51,241.88,348.08,91.88,327.21,300.08,164.35,202.91,305.09,193.67,14.35,173.34,101.94,33.43,38.09,98.38,71.67,98.10,75.25
78060,78105,78082.5,1683.23,8.73,0.16,2.44,0.00,0.00,0.00,0.00,3785.71,4068.92,2741.92,5164.22,4544.32,4199.70,4858.92,2598.73,3780.00,3114.63,1876.27,1837.43,1269.70,1449.22,995.17,905.07,480.75,604.89,618.41,643.97,268.18,684.59,518.65,422.38,262.57,250.59,375.68,105.77,188.99,263.49,144.63,192.63,124.95,58.44,46.21,91.33,5.82,107.28,97.36,37.44
78119,78164,78141.5,1607.62,10.17,0.20,2.44,0.00,0.00,0.00,0.00,2590.34,4906.21,6829.05,5556.76,3950.98,2378.24,3702.19,1993.06,1433.18,1859.33,2572.63,1448.27,1181.28,1091.08,1168.31,675.19,671.88,885.24,549.96,596.11,699.34,470.27,229.24,601.54,475.44,256.08,246.22,550.82,364.76,127.51,267.92,149.69,169.51,14.67,125.38,142.13,49.62,172.59,172.28,81.50
78178,78223,78200.5,1218.67,9.05,0.17,2.44,0.00,0.00,0.00,0.00,3582.22,1615.12,3899.62,2854.05,3099.37,1317.53,903.89,1742.51,2580.34,2496.34,1131.89,938.82,1306.73,1328.39,1393.74,985.93,1182.03,355.73,265.30,834.22,502.78,418.05,413.99,321.80,476.66,456.48,137.41,487.36,286.33,421.96,88.40,293.88,215.08,159.37,51.92,218.94,71.48,0.00,73.34,49.99
