Data/Raw/MOORE,RICHARD/FIREXAQ-LARGE-SMPS_DC8_20190830_R0.ict
88,1001
Richard Moore, Elizabeth Wiggins, Edward Winstead, Claire Robinson, Lee Thornhill, and Kevin Sanchez
NASA Langley Research Center
In-situ Submicron Particle Size Distributions from a SMPS on the NASA DC-8
FIREXAQ
1,1
2019,08,30,2020,03,10
0
Time_start,Secs after midnight,Time of acquisition
50
1,1,1,1,1,1,1,1,1,1,1,1,1,1,1,1,1,1,1,1,1,1,1,1,1,1,1,1,1,1,1,1,1,1,1,1,1,1,1,1,1,1,1,1,1,1,1,1,1,1
-9999,-9999,-9999,-9999,-9999,-9999,-9999,-9999,-9999,-9999,-9999,-9999,-9999,-9999,-9999,-9999,-9999,-9999,-9999,-9999,-9999,-9999,-9999,-9999,-9999,-9999,-9999,-9999,-9999,-9999,-9999,-9999,-9999,-9999,-9999,-9999,-9999,-9999,-9999,-9999,-9999,-9999,-9999,-9999,-9999,-9999,-9999,-9999,-9999,-9999
Time_stop,Secs after midnight,Time of acquisition
Time_mid,Secs after midnight,Time of acquisition
nSMPS_stdPT,#/cm3,AerMP_NumConc_InSitu_RHd_Mobility_NucltoAccu_STP,integrated_number_density
sSMPS_stdPT,um2/cm3,AerMP_SurfAreaConc_InSitu_RHd_Mobility_NucltoAccu_STP,integrated_surface_area
vSMPS_stdPT,um3/cm3,AerMP_VolConc_InSitu_RHd_Mobility_NucltoAccu_STP,integrated_volume
SMPS_stdPT, unitless, None, conversion between ambient PT and standard PT (1013, 273)
SMPS_bin00_stdPT,#/cm3,AerMP_NumSizeDist_InSitu_RHd_Mobility_NucltoAccu_STP,Binned number size distribution (in dNdlogDp) measured by the SMPS
SMPS_bin01_stdPT,#/cm3,AerMP_NumSizeDist_InSitu_RHd_Mobility_NucltoAccu_STP,Binned number size distribution (in dNdlogDp) measured by the SMPS
SMPS_bin02_stdPT,#/cm3,AerMP_NumSizeDist_InSitu_RHd_Mobility_NucltoAccu_STP,Binned number size distribution (in dNdlogDp) measured by the SMPS
SMPS_bin03_stdPT,#/cm3,AerMP_NumSizeDist_InSitu_RHd_Mobility_NucltoAccu_STP,Binned number size distribution (in dNdlogDp) measured by the SMPS
SMPS_bin04_stdPT,#/cm3,AerMP_NumSizeDist_InSitu_RHd_Mobility_NucltoAccu_STP,Binned number size distribution (in dNdlogDp) measured by the SMPS
SMPS_bin05_stdPT,#/cm3,AerMP_NumSizeDist_InSitu_RHd_Mobility_NucltoAccu_STP,Binned number size distribution (in dNdlogDp) measured by the SMPS
SMPS_bin06_stdPT,#/cm3,AerMP_NumSizeDist_InSitu_RHd_Mobility_NucltoAccu_STP,Binned number size distribution (in dNdlogDp) measured by the SMPS
SMPS_bin07_stdPT,#/cm3,AerMP_NumSizeDist_InSitu_RHd_Mobility_NucltoAccu_STP,Binned number size distribution (in dNdlogDp) measured by the SMPS
SMPS_bin08_stdPT,#/cm3,AerMP_NumSizeDist_InSitu_RHd_Mobility_NucltoAccu_STP,Binned number size distribution (in dNdlogDp) measured by the SMPS
SMPS_bin09_stdPT,#/cm3,AerMP_NumSizeDist_InSitu_RHd_Mobility_NucltoAccu_STP,Binned number size distribution (in dNdlogDp) measured by the SMPS
SMPS_bin10_stdPT,#/cm3,AerMP_NumSizeDist_InSitu_RHd_Mobility_NucltoAccu_STP,Binned number size distribution (in dNdlogDp) measured by the SMPS
SMPS_bin11_stdPT,#/cm3,AerMP_NumSizeDist_InSitu_RHd_Mobility_NucltoAccu_STP,Binned number size distribution (in dNdlogDp) measured by the SMPS
SMPS_bin12_stdPT,#/cm3,AerMP_NumSizeDist_InSitu_RHd_Mobility_NucltoAccu_STP,Binned number size distribution (in dNdlogDp) measured by the SMPS
SMPS_bin13_stdPT,#/cm3,AerMP_NumSizeDist_InSitu_RHd_Mobility_NucltoAccu_STP,Binned number size distribution (in dNdlogDp) measured by the SMPS
SMPS_bin14_stdPT,#/cm3,AerMP_NumSizeDist_InSitu_RHd_Mobility_NucltoAccu_STP,Binned number size distribution (in dNdlogDp) measured by the SMPS
[...]
UNCERTAINTY:  20%
ULOD_FLAG: -7777
ULOD_VALUE: N/A
LLOD_FLAG: -8888
LLOD_VALUE: N/A
DM_CONTACT_INFO: Lee Thornhill (Kenneth.L.Thornhill@nasa.gov)
PROJECT_INFO: FIREX-AQ
STIPULATIONS_ON_USE: No stipulations on use. The user is encouraged to contact the PI or DM prior to use.
OTHER_COMMENTS: Midpoint diameters of Bins 00 to 43 are: 0.011,0.012,0.013,0.014,0.015,0.016,0.017,0.018,0.019,0.021,0.022,0.024,0.026,0.028,0.030,0.032,0.035,0.037,0.040,0.043,0.046,0.050,0.053,0.057,0.061,0.066,0.071,0.076,0.082,0.088,0.095,0.102,0.109,0.118,0.126,0.136,0.146,0.157,0.168,0.181,0.194,0.209,0.225,0.241
REVISION: R0
R0: Final Data. Data are corrected for time lags and ammonium sulfate size calibrations.
*******************************************************************************************************************************
Time_start,Time_stop,Time_mid,nSMPS_stdPT,sSMPS_stdPT,vSMPS_stdPT,SMPS_stdPT,SMPS_bin00_stdPT,SMPS_bin01_stdPT,SMPS_bin02_stdPT,SMPS_bin03_stdPT,SMPS_bin04_stdPT,SMPS_bin05_stdPT,SMPS_bin06_stdPT,SMPS_bin07_stdPT,SMPS_bin08_stdPT,SMPS_bin09_stdPT,SMPS_bin10_stdPT,SMPS_bin11_stdPT,SMPS_bin12_stdPT,SMPS_bin13_stdPT,SMPS_bin14_stdPT,SMPS_bin15_stdPT,SMPS_bin16_stdPT,SMPS_bin17_stdPT,SMPS_bin18_stdPT,SMPS_bin19_stdPT,SMPS_bin20_stdPT,SMPS_bin21_stdPT,SMPS_bin22_stdPT,SMPS_bin23_stdPT,SMPS_bin24_stdPT,SMPS_bin25_stdPT,SMPS_bin26_stdPT,SMPS_bin27_stdPT,SMPS_bin28_stdPT,SMPS_bin29_stdPT,SMPS_bin30_stdPT,SMPS_bin31_stdPT,SMPS_bin32_stdPT,SMPS_bin33_stdPT,SMPS_bin34_stdPT,SMPS_bin35_stdPT,SMPS_bin36_stdPT,SMPS_bin37_stdPT,SMPS_bin38_stdPT,SMPS_bin39_stdPT,SMPS_bin40_stdPT,SMPS_bin41_stdPT,SMPS_bin42_stdPT,SMPS_bin43_stdPT
[from data line 182]
63292,63337,63314.5,3891.21,113.45,2.91,1.21,8467.56,9992.32,7036.55,5828.85,3965.22,2380.56,1551.19,650.84,576.88,388.54,589.59,329.16,269.43,433.48,466.71,202.96,304.02,1119.24,1628.45,2326.58,1341.35,3196.79,2639.06,1044.88,2115.14,3827.24,2852.32,5661.38,6896.45,6734.97,3978.08,3427.83,4151.69,2740.28,2489.99,2603.90,2341.91,2930.11,3765.28,3342.37,2560.54,2295.47,1854.53,1219.08
63351,63396,63373.5,2363.87,115.36,3.08,1.21,667.34,283.50,1001.17,351.82,232.17,182.80,210.52,583.05,318.71,256.99,64.34,284.62,213.49,218.35,691.20,1009.37,649.87,808.87,1066.95,1108.01,1587.33,1689.45,2507.37,2059.98,2279.07,2421.52,2338.51,353.41,746.48,1633.05,623.52,2770.85,4141.69,5424.38,4777.73,4558.22,5660.61,4205.27,3998.57,2922.71,2277.14,2195.80,1708.19,1278.33
63410,63455,63432.5,5184.21,361.19,10.48,1.21,0.00,1383.94,0.00,0.00,232.45,0.02,48.10,221.41,147.12,147.83,0.00,294.82,0.00,300.19,165.41,192.47,517.92,664.75,36.81,653.06,1007.01,1277.79,897.99,4187.45,3182.25,312.31,1586.97,4863.00,1320.80,117.87,6141.51,7179.32,11441.81,14412.63,13431.45,11303.80,10544.71,12379.81,10165.93,9371.38,9442.38,10127.04,8235.08,6329.72
63469,63514,63491.5,4927.05,224.35,5.73,1.22,840.47,0.00,0.00,187.82,143.05,546.21,450.66,1626.91,1229.97,1724.45,1446.45,1224.22,1208.84,869.74,764.22,1281.41,546.42,1007.75,1142.86,1645.58,1208.16,1786.46,2366.52,2806.58,3666.21,4404.81,6266.80,5141.76,5800.85,6165.70,7580.17,5943.70,6702.20,7461.17,11013.48,9779.39,9763.97,8196.62,9267.12,7904.28,3902.19,1995.66,1783.56,2451.78
63528,63573,63550.5,2641.20,120.27,3.16,1.21,0.00,0.00,0.00,649.31,1074.13,345.74,1559.91,1615.99,1025.44,686.05,145.23,144.20,241.20,460.00,498.56,619.70,922.55,953.35,1428.17,1583.11,1328.79,1146.03,1537.71,1437.64,2311.58,2733.62,3064.66,2360.01,3876.80,4116.67,3494.16,3367.30,3784.75,3936.91,3922.25,4182.77,4587.19,3834.35,4419.40,2897.87,2662.76,2555.67,1748.17,1258.60
63587,63632,63609.5,2853.02,143.46,3.92,1.18,0.00,0.00,0.00,0.00,757.80,0.00,0.00,0.16,0.42,88.35,205.82,352.26,275.96,0.00,328.58,455.20,822.58,2055.55,2097.35,2106.42,2347.98,1847.40,1303.83,2402.70,2325.28,2459.79,2521.97,2629.68,3285.47,3283.87,3157.15,2603.45,3081.11,5041.99,4628.70,5101.13,4959.03,5007.93,5301.49,3535.01,3754.70,2795.25,2499.10,2029.43
63646,63691,63668.5,7733.15,151.02,4.02,1.17,25340.49,25462.55,20741.88,14538.20,11272.58,8226.20,6825.80,3111.91,2585.29,1938.56,350.27,313.18,143.11,511.81,259.65,661.31,542.77,1032.04,1649.85,934.62,1515.30,1246.54,1058.75,1954.89,2434.07,1649.72,2144.35,3321.32,1398.56,274.72,3370.14,4205.12,2317.72,4687.36,6341.05,7097.58,6623.74,5821.55,5462.47,4263.58,3738.99,2679.26,1945.24,1670.91
63705,63750,63727.5,2971.55,127.93,3.41,1.17,1517.27,1531.93,3316.67,1001.10,1854.67,2123.34,1456.11,1263.52,131.24,442.85,144.12,189.29,51.36,233.14,245.02,156.61,185.96,299.74,538.00,738.95,660.72,988.61,1382.54,1859.43,2839.45,2925.05,5852.88,4908.15,4339.64,4485.05,3535.80,3671.86,2146.37,3506.45,4824.26,3403.38,2516.48,4325.54,5113.59,3820.00,2993.78,2622.58,2163.51,1491.17
63764,63809,63786.5,2305.97,112.19,2.97,1.17,0.00,0.00,485.26,0.00,47.60,304.66,182.28,104.73,122.52,160.71,233.09,123.00,0.00,42.68,352.66,120.52,127.41,329.61,409.63,1185.95,1581.43,1275.11,1384.85,1566.79,2325.87,1673.01,2720.52,5212.38,5988.88,4678.46,3772.02,3118.67,3093.54,3585.28,4006.90,3134.97,1993.72,2661.19,4085.00,3276.04,3011.86,1909.14,1853.61,1549.35
63823,63868,63845.5,2952.81,163.31,4.75,1.17,674.98,1297.31,3065.65,1849.48,630.34,363.62,0.00,224.76,13.81,256.76,358.54,196.96,143.20,165.03,188.30,39.71,323.49,875.92,420.96,386.26,1896.18,1560.41,1310.21,4042.70,6059.08,3467.44,4066.99,5146.16,1638.42,495.48,2864.31,2127.89,197.95,4306.80,4651.45,3784.50,2917.34,4793.10,6148.18,5862.89,4469.53,4062.24,4074.89,3070.58
63882,63927,63904.5,48181.18,2252.54,61.48,1.17,3779.52,792.85,485.28,304.43,278.21,723.67,194.63,878.07,1828.98,2420.39,2700.10,3080.32,6456.67,6922.36,9052.92,13398.36,14757.02,19280.65,27815.99,35654.83,50520.13,51460.20,55208.84,73330.70,82497.81,74525.36,71430.77,79944.67,67459.09,53297.69,45383.75,51175.07,23251.96,18481.17,49178.48,64986.79,60697.37,69383.27,83834.23,77253.30,65376.32,52032.99,39272.54,29454.35
63941,63986,63963.5,27492.62,1496.06,40.94,1.17,8395.34,10999.15,4400.00,7584.11,3588.35,2754.76,2285.98,1317.33,1987.76,1228.61,547.27,302.28,923.43,1035.02,503.35,1095.67,1392.71,2113.03,1635.44,3246.45,6630.49,8894.30,11538.99,15851.65,19599.69,22926.70,24079.10,35981.17,44908.99,48581.04,52320.07,50619.90,40094.34,42677.42,47131.77,41107.53,38047.25,47346.58,55036.48,45398.79,37596.89,30623.70,25789.91,21634.97
64000,64045,64022.5,17546.19,969.31,27.16,1.17,14044.61,22703.77,12230.01,8153.31,5083.50,1383.80,1907.56,1678.57,478.18,563.88,78.63,32.51,0.00,147.29,165.06,218.16,246.55,408.23,576.65,554.21,2853.18,3617.77,3022.72,6479.48,9600.16,10764.33,10133.76,10781.28,11766.13,18713.38,24560.40,23336.97,23189.65,29828.18,37162.80,28141.62,29517.54,38580.76,37521.07,30470.66,25002.48,20705.40,16554.94,13864.71
64059,64104,64081.5,5892.55,329.43,9.16,1.17,1257.74,477.84,698.60,0.00,280.15,892.03,658.34,491.92,687.10,771.66,1756.21,942.00,1238.96,1511.43,1948.48,1705.90,1380.40,911.54,1052.81,1154.39,1908.02,1048.26,2132.42,1744.77,2841.88,4135.69,5547.88,5632.01,8262.94,7371.77,6885.34,6120.11,7947.69,8565.43,10794.90,11247.85,12681.59,12086.73,12057.84,10026.66,7693.80,6634.88,5500.57,5268.63
64118,64163,64140.5,3381.22,162.72,4.45,1.17,568.04,0.00,0.00,0.00,542.69,957.10,468.93,353.72,1121.69,1410.02,1739.60,805.93,1765.91,1414.43,1813.24,1091.37,1280.92,1098.35,1069.98,1370.00,2026.42,1138.43,1901.88,1675.70,1802.10,2917.13,3739.26,2718.00,3816.95,5348.65,4143.53,3583.93,4246.94,3916.35,4906.58,5186.90,5248.44,5495.44,6008.26,4934.92,4085.52,3507.88,2761.24,2132.69
64177,64222,64199.5,3183.08,156.59,4.28,1.20,0.00,238.74,283.78,0.00,46.56,528.33,470.82,246.85,247.03,449.70,261.46,293.14,663.14,1120.31,1113.92,1548.98,1813.39,1766.68,1065.37,1142.77,1165.30,2131.01,1835.70,2836.34,2214.29,3678.00,3459.48,3391.99,3729.60,2877.59,4099.66,3724.05,4017.54,3745.67,4836.96,5565.92,4986.21,5049.44,5443.90,4730.49,4036.25,3044.26,2690.03,2317.66
64236,64281,64258.5,2408.66,129.97,3.60,1.20,0.00,2499.45,0.00,304.50,233.10,324.28,183.10,130.88,96.85,0.00,208.71,61.12,269.83,407.47,218.00,395.06,432.77,345.21,592.66,684.45,918.60,1204.59,2056.72,1885.34,2183.06,3065.61,3098.98,1482.11,1890.55,2820.80,1453.11,276.40,2845.62,5247.43,4633.61,5176.65,4769.56,4664.03,4431.31,4066.31,3159.83,2590.29,2302.67,1822.61
64295,64340,64317.5,4507.33,121.03,3.24,1.20,15242.45,9818.79,6180.19,5712.75,3310.75,2536.67,3585.22,2422.15,747.81,793.17,543.73,284.58,587.49,117.80,177.21,356.25,786.45,780.08,514.50,604.25,704.37,1915.52,2432.51,1872.32,2825.41,3415.36,2715.57,1799.52,2312.97,2187.86,1942.31,2791.02,4149.92,3277.73,5015.60,4799.83,4267.36,3818.88,4053.56,3632.70,2553.53,2334.53,1849.62,1632.33
64354,64399,64376.5,7779.64,133.86,3.47,1.20,30645.33,21397.20,18704.34,16956.48,15552.26,10676.68,8297.96,5673.07,3753.06,3241.24,1800.43,1065.91,459.38,490.37,785.03,514.01,401.67,1101.82,594.23,1159.12,1763.19,1512.18,1418.80,3058.12,4053.68,3386.35,3579.61,3979.76,3506.20,2532.06,2312.30,3927.57,4099.14,4457.25,5209.64,4753.55,4365.17,4851.16,4275.76,3046.67,2956.47,2531.35,2059.82,1524.70
64414,64459,64436.5,2952.02,92.86,2.39,1.20,3775.33,5321.06,2787.79,1712.32,2535.33,688.58,1424.79,756.61,425.58,343.85,518.33,421.38,391.88,377.85,515.70,201.00,354.93,535.30,1202.18,1155.97,1422.65,1738.92,1928.13,2631.56,2456.49,3553.21,3431.55,2436.01,3511.98,3334.08,2467.88,1650.66,2246.15,2352.61,2475.93,3625.46,3028.13,3589.51,3865.21,2741.19,1971.48,1418.84,1375.82,766.72
64473,64518,64495.5,2674.47,122.76,3.21,1.20,2060.94,575.38,9.67,649.47,265.89,183.18,303.31,253.20,98.64,157.37,159.76,103.57,208.78,190.96,369.39,211.21,361.03,812.67,1177.64,564.84,1725.53,2279.53,1626.11,2586.60,4097.57,3012.20,3660.86,4036.26,3356.87,2919.23,2933.83,2083.19,2968.15,3695.19,5734.34,4567.17,4320.17,5923.80,4366.77,3260.05,1812.96,1648.91,1903.08,1573.23
64532,64577,64554.5,2602.41,110.32,2.88,1.20,1029.96,695.77,897.51,0.00,265.91,915.16,145.42,264.64,317.91,0.00,418.09,585.44,102.81,281.66,210.04,626.86,441.04,591.71,720.84,907.62,930.55,783.28,2277.47,4225.69,1933.69,1956.75,2823.79,2466.35,1756.58,3255.27,5271.10,3487.95,3601.35,2912.80,3332.07,4143.02,4131.01,3973.47,3643.06,3400.27,2564.72,1684.18,1576.28,1106.46
64591,64636,64613.5,25477.62,1911.70,56.85,1.20,859.98,575.52,413.24,304.71,0.00,0.00,0.00,224.37,309.88,154.61,82.16,346.03,590.30,592.07,993.80,602.34,1827.11,1765.72,2726.35,3900.10,5793.96,5568.91,6519.44,11933.82,11534.33,8890.78,16690.32,21174.84,18564.94,17425.96,27223.04,38350.46,28717.95,35596.51,50707.20,58332.79,52306.21,59020.12,71702.30,63987.76,56438.20,49665.47,44129.05,38527.37
64650,64695,64672.5,52637.00,2873.43,78.24,1.20,4257.10,9875.73,4590.02,3029.48,1372.31,2645.42,656.70,114.55,135.81,266.28,735.03,328.15,1913.45,1007.44,1815.28,2699.74,4935.52,6622.52,9680.85,14876.42,21962.54,28476.17,35008.61,36739.11,42431.21,53569.64,60709.92,62609.22,71860.68,83702.88,88619.30,90551.42,84393.81,86592.50,91546.18,90657.93,84490.01,87717.77,93427.70,84898.63,72724.07,61267.49,49369.72,39567.98
64709,64754,64731.5,19744.91,1218.29,34.45,1.20,3220.69,2518.65,2096.51,1805.17,1922.14,3784.43,3097.30,1903.84,953.99,764.43,591.82,489.08,378.33,281.41,449.31,509.85,771.99,721.37,1465.47,1266.66,2055.44,3535.28,5209.86,7149.30,11658.57,15649.97,21197.83,23027.52,31899.26,26620.76,31354.85,32529.20,32068.21,27359.11,33547.63,34542.95,34647.76,38802.89,45530.36,36086.82,32613.20,29618.22,23646.38,19557.94
64768,64813,64790.5,12078.59,700.12,19.87,1.20,13185.28,8859.21,5725.75,5907.07,2420.91,2159.30,145.66,132.41,146.44,138.09,64.96,312.87,207.32,25.45,130.55,299.10,54.53,298.46,574.43,447.91,743.59,1345.58,2287.34,2802.86,5017.66,7012.39,8162.71,10671.62,14038.49,17354.25,15535.45,17426.66,17774.93,22064.17,20584.80,19308.72,19195.71,22030.82,24934.98,22439.95,20459.40,16829.95,12968.51,11065.65
64827,64872,64849.5,7464.63,406.19,11.28,1.20,6805.54,2806.02,898.21,1059.96,2043.76,575.55,502.95,84.34,494.28,713.71,761.87,889.01,1668.42,1843.31,1447.03,1580.86,1399.95,931.16,1523.91,1368.31,1304.16,2041.23,1343.21,1002.36,2458.43,2993.93,1796.72,6891.40,10410.74,8165.14,7878.13,8652.83,7475.92,7319.39,14043.57,16813.63,16499.41,14440.16,16431.82,14249.13,10815.00,9538.44,6302.57,4010.19
64886,64931,64908.5,3185.66,147.04,4.03,1.21,1874.29,573.62,966.76,1199.58,1158.27,1105.69,845.94,1365.63,578.47,1074.95,1179.96,674.31,573.86,749.94,366.04,481.10,715.28,836.46,733.08,775.64,374.90,1002.95,900.38,15.26,763.07,2315.60,3347.53,3024.80,2981.89,4209.83,4407.13,3697.10,4390.92,4945.26,5710.74,5114.55,4645.90,4437.55,5211.95,3962.46,2818.15,2897.91,2459.97,2656.80
64945,64990,64967.5,2706.63,117.41,3.06,1.23,1890.71,1342.18,897.25,304.24,531.98,898.31,1095.18,1254.70,429.77,169.46,373.03,306.54,251.61,375.61,506.14,372.86,572.10,707.24,498.75,456.05,761.68,872.69,1477.13,1824.04,2437.97,2804.67,2608.82,2662.67,2517.03,2575.44,2564.38,2877.41,4350.47,4724.15,5426.23,4966.07,4044.59,4876.54,3782.93,3345.71,2487.44,1911.33,1391.79,1191.30
65004,65049,65026.5,1773.03,85.47,2.32,1.23,1702.07,0.00,484.21,650.43,0.02,0.00,326.18,253.18,208.65,0.00,267.93,257.18,123.86,304.98,455.92,629.19,627.60,932.50,593.31,743.23,1042.34,580.42,1132.11,1748.42,1977.92,2346.64,2490.63,2020.47,1700.21,1661.91,1530.07,2187.21,1762.84,1813.27,3223.26,2636.31,3171.56,2854.99,3012.20,2694.71,2003.11,1906.78,1448.98,1017.39
65063,65108,65085.5,1335.34,44.76,1.16,1.24,2360.25,716.98,483.06,0.00,1043.33,366.41,630.94,0.00,110.54,89.95,134.84,169.48,134.94,164.28,437.15,515.91,588.61,723.75,898.69,980.83,1172.08,1287.03,1658.71,1860.42,1059.15,1363.94,903.97,1459.05,1271.89,1189.93,1245.57,1263.68,1009.15,1045.54,1558.90,1467.60,1660.58,1419.64,1348.48,1402.80,929.43,1056.03,534.53,446.18
65122,65167,65144.5,980.57,30.56,0.76,1.24,0.00,0.00,0.00,1011.13,265.70,182.49,319.67,132.17,0.00,260.30,231.83,150.38,292.04,349.88,524.19,647.72,530.52,1050.34,871.88,920.11,1275.34,1255.72,1489.83,1420.63,1237.30,1426.19,1241.43,1217.18,1244.85,1211.45,1261.25,874.03,1098.44,621.94,723.98,681.02,812.87,889.73,1012.28,703.17,602.50,549.82,324.03,463.06
65181,65226,65203.5,1031.90,30.41,0.76,1.24,0.00,1390.65,353.94,690.97,305.19,204.89,122.76,251.15,211.75,185.38,184.10,159.10,499.44,958.29,764.43,881.77,766.48,1229.54,908.65,1009.95,1314.85,1147.21,1172.47,999.59,1126.94,1537.74,1462.25,783.94,1058.02,1095.12,930.62,713.58,627.45,561.58,908.96,886.66,898.86,886.10,955.54,831.09,813.47,470.06,399.48,360.76
65240,65285,65262.5,985.34,30.64,0.78,1.24,0.00,0.00,322.60,0.00,0.01,853.59,729.81,266.09,117.87,97.94,157.21,369.93,115.50,416.20,573.43,253.19,1035.26,629.16,869.36,1102.88,1368.92,1231.55,2085.57,1499.35,1398.29,1113.54,1375.10,940.22,1753.30,1068.64,813.64,681.78,546.05,893.28,895.96,702.10,763.81,780.59,754.92,778.64,570.98,594.89,515.91,493.76
65299,65344,65321.5,1331.81,33.69,0.83,1.24,859.01,1389.00,1542.31,0.00,535.67,182.83,310.40,250.58,575.70,378.69,340.80,289.26,492.82,718.97,834.35,1465.02,1016.22,682.10,1020.06,1758.35,1398.97,1588.41,1466.18,1760.80,1646.19,1936.55,1804.63,1426.48,1279.41,885.14,1043.35,764.21,646.49,867.35,870.86,808.85,838.87,950.96,1058.72,805.00,732.72,728.90,484.45,335.20
65358,65403,65380.5,2144.85,84.61,2.14,1.24,0.00,1269.29,414.17,353.38,294.09,369.97,0.02,252.99,249.02,316.85,446.45,33.52,204.57,277.71,237.01,491.13,616.71,918.60,1205.56,1338.72,1479.99,1574.55,2041.57,1681.56,2093.00,3029.30,3513.12,3382.09,3742.21,3159.30,3043.76,2534.00,1953.19,2935.30,2802.66,2984.23,3329.01,2689.30,2951.02,1810.73,1620.46,1271.40,1082.94,1003.25
65417,65462,65439.5,1287.48,32.76,0.78,1.24,1033.77,0.00,829.24,659.40,293.38,345.91,293.09,370.37,244.15,555.35,443.96,406.91,534.57,678.48,683.24,687.50,737.10,1191.01,951.82,1366.54,1665.37,1576.89,1839.24,1872.65,1563.18,1838.29,1759.72,1376.53,1447.13,1149.63,1180.25,1145.37,1087.93,1069.38,921.16,1070.52,777.77,688.59,937.58,792.95,680.08,406.82,401.52,355.69
65476,65521,65498.5,19803.79,1037.54,28.27,1.24,2059.60,2231.41,472.77,188.47,365.84,365.51,358.17,849.28,664.36,831.94,536.78,522.95,550.65,1083.94,1703.60,1743.62,3252.94,3133.95,6047.31,7918.73,8943.10,9545.10,15260.43,16912.08,23133.29,26363.63,29881.90,29518.39,32698.22,30297.58,25700.84,29735.88,29399.98,26507.45,25959.74,29523.54,31413.41,29339.56,34053.86,31981.11,27265.97,22189.50,18051.82,15163.17
65535,65580,65557.5,42631.88,3475.81,105.89,1.24,1365.90,1387.31,321.93,0.00,0.00,0.00,531.46,0.00,226.38,289.99,323.68,34.74,232.32,516.60,568.14,814.96,1012.30,2002.94,1667.38,2067.06,1476.19,4681.78,6295.83,8239.98,15687.98,26924.83,28782.98,27693.97,38886.27,40423.23,48003.37,50152.80,40283.93,44085.16,60823.90,76870.12,86246.01,107326.91,132559.92,126127.76,118105.88,103462.77,86762.72,70952.79
65594,65639,65616.5,39523.90,3021.16,90.50,1.23,2388.82,1674.21,1302.91,582.02,191.21,389.53,444.10,377.05,219.20,352.67,311.73,318.03,97.42,282.64,108.42,67.56,152.04,394.94,161.75,495.13,845.61,1497.05,4061.09,5759.60,11095.90,20003.25,30637.07,36293.66,44222.11,46629.51,56113.38,55109.11,45094.08,53487.62,64411.29,77089.95,74796.56,93290.57,107522.04,101582.54,95834.69,81977.01,73060.97,62450.71
