Data/Raw/MOORE,RICHARD/FIREXAQ-LARGE-SMPS_DC8_20190808_R0.ict
88,1001
Richard Moore, Elizabeth Wiggins, Edward Winstead, Claire Robinson, Lee Thornhill, and Kevin Sanchez
NASA Langley Research Center
In-situ Submicron Particle Size Distributions from a SMPS on the NASA DC-8
FIREXAQ
1,1
2019,08,08,2020,03,10
0
Time_start,Secs after midnight,Time of acquisition
50
1,1,1,1,1,1,1,1,1,1,1,1,1,1,1,1,1,1,1,1,1,1,1,1,1,1,1,1,1,1,1,1,1,1,1,1,1,1,1,1,1,1,1,1,1,1,1,1,1,1
-9999,-9999,-9999,-9999,-9999,-9999,-9999,-9999,-9999,-9999,-9999,-9999,-9999,-9999,-9999,-9999,-9999,-9999,-9999,-9999,-9999,-9999,-9999,-9999,-9999,-9999,-9999,-9999,-9999,-9999,-9999,-9999,-9999,-9999,-9999,-9999,-9999,-9999,-9999,-9999,-9999,-9999,-9999,-9999,-9999,-9999,-9999,-9999,-9999,-9999
Time_stop,Secs after midnight,Time of acquisition
Time_mid,Secs after midnight,Time of acquisition
nSMPS_stdPT,#/cm3,AerMP_NumConc_InSitu_RHd_Mobility_NucltoAccu_STP,integrated_number_density
sSMPS_stdPT,um2/cm3,AerMP_SurfAreaConc_InSitu_RHd_Mobility_NucltoAccu_STP,integrated_surface_area
vSMPS_stdPT,um3/cm3,AerMP_VolConc_InSitu_RHd_Mobility_NucltoAccu_STP,integrated_volume
SMPS_stdPT, unitless, None, conversion between ambient PT and standard PT (1013, 273)
SMPS_bin00_stdPT,#/cm3,AerMP_NumSizeDist_InSitu_RHd_Mobility_NucltoAccu_STP,Binned number size distribution (in dNdlogDp) measured by the SMPS
SMPS_bin01_stdPT,#/cm3,AerMP_NumSizeDist_InSitu_RHd_Mobility_NucltoAccu_STP,Binned number size distribution (in dNdlogDp) measured by the SMPS
SMPS_bin02_stdPT,#/cm3,AerMP_NumSizeDist_InSitu_RHd_Mobility_NucltoAccu_STP,Binned number size distribution (in dNdlogDp) measured by the SMPS
SMPS_bin03_stdPT,#/cm3,AerMP_NumSizeDist_InSitu_RHd_Mobility_NucltoAccu_STP,Binned number size distribution (in dNdlogDp) measured by the SMPS
SMPS_bin04_stdPT,#/cm3,AerMP_NumSizeDist_InSitu_RHd_Mobility_NucltoAccu_STP,Binned number size distribution (in dNdlogDp) measured by the SMPS
SMPS_bin05_stdPT,#/cm3,AerMP_NumSizeDist_InSitu_RHd_Mobility_NucltoAccu_STP,Binned number size distribution (in dNdlogDp) measured by the SMPS
SMPS_bin06_stdPT,#/cm3,AerMP_NumSizeDist_InSitu_RHd_Mobility_NucltoAccu_STP,Binned number size distribution (in dNdlogDp) measured by the SMPS
SMPS_bin07_stdPT,#/cm3,AerMP_NumSizeDist_InSitu_RHd_Mobility_NucltoAccu_STP,Binned number size distribution (in dNdlogDp) measured by the SMPS
SMPS_bin08_stdPT,#/cm3,AerMP_NumSizeDist_InSitu_RHd_Mobility_NucltoAccu_STP,Binned number size distribution (in dNdlogDp) measured by the SMPS
SMPS_bin09_stdPT,#/cm3,AerMP_NumSizeDist_InSitu_RHd_Mobility_NucltoAccu_STP,Binned number size distribution (in dNdlogDp) measured by the SMPS
SMPS_bin10_stdPT,#/cm3,AerMP_NumSizeDist_InSitu_RHd_Mobility_NucltoAccu_STP,Binned number size distribution (in dNdlogDp) measured by the SMPS
SMPS_bin11_stdPT,#/cm3,AerMP_NumSizeDist_InSitu_RHd_Mobility_NucltoAccu_STP,Binned number size distribution (in dNdlogDp) measured by the SMPS
SMPS_bin12_stdPT,#/cm3,AerMP_NumSizeDist_InSitu_RHd_Mobility_NucltoAccu_STP,Binned number size distribution (in dNdlogDp) measured by the SMPS
SMPS_bin13_stdPT,#/cm3,AerMP_NumSizeDist_InSitu_RHd_Mobility_NucltoAccu_STP,Binned number size distribution (in dNdlogDp) measured by the SMPS
SMPS_bin14_stdPT,#/cm3,AerMP_NumSizeDist_InSitu_RHd_Mobility_NucltoAccu_STP,Binned number size distribution (in dNdlogDp) measured by the SMPS
[...]
UNCERTAINTY:  20%
ULOD_FLAG: -7777
ULOD_VALUE: N/A
LLOD_FLAG: -8888
LLOD_VALUE: N/A
DM_CONTACT_INFO: Lee Thornhill (Kenneth.L.Thornhill@nasa.gov)
PROJECT_INFO: FIREX-AQ
STIPULATIONS_ON_USE: No stipulations on use. The user is encouraged to contact the PI or DM prior to use.
OTHER_COMMENTS: Midpoint diameters of Bins 00 to 43 are: 0.011,0.012,0.013,0.014,0.015,0.016,0.017,0.018,0.019,0.021,0.022,0.024,0.026,0.028,0.030,0.032,0.035,0.037,0.040,0.043,0.046,0.050,0.053,0.057,0.061,0.066,0.071,0.076,0.082,0.088,0.095,0.102,0.109,0.118,0.126,0.136,0.146,0.157,0.168,0.181,0.194,0.209,0.225,0.241
REVISION: R0
R0: Final Data. Data are corrected for time lags and ammonium sulfate size calibrations.
*******************************************************************************************************************************
Time_start,Time_stop,Time_mid,nSMPS_stdPT,sSMPS_stdPT,vSMPS_stdPT,SMPS_stdPT,SMPS_bin00_stdPT,SMPS_bin01_stdPT,SMPS_bin02_stdPT,SMPS_bin03_stdPT,SMPS_bin04_stdPT,SMPS_bin05_stdPT,SMPS_bin06_stdPT,SMPS_bin07_stdPT,SMPS_bin08_stdPT,SMPS_bin09_stdPT,SMPS_bin10_stdPT,SMPS_bin11_stdPT,SMPS_bin12_stdPT,SMPS_bin13_stdPT,SMPS_bin14_stdPT,SMPS_bin15_stdPT,SMPS_bin16_stdPT,SMPS_bin17_stdPT,SMPS_bin18_stdPT,SMPS_bin19_stdPT,SMPS_bin20_stdPT,SMPS_bin21_stdPT,SMPS_bin22_stdPT,SMPS_bin23_stdPT,SMPS_bin24_stdPT,SMPS_bin25_stdPT,SMPS_bin26_stdPT,SMPS_bin27_stdPT,SMPS_bin28_stdPT,SMPS_bin29_stdPT,SMPS_bin30_stdPT,SMPS_bin31_stdPT,SMPS_bin32_stdPT,SMPS_bin33_stdPT,SMPS_bin34_stdPT,SMPS_bin35_stdPT,SMPS_bin36_stdPT,SMPS_bin37_stdPT,SMPS_bin38_stdPT,SMPS_bin39_stdPT,SMPS_bin40_stdPT,SMPS_bin41_stdPT,SMPS_bin42_stdPT,SMPS_bin43_stdPT
[from data line 140]
83786,83831,83808.5,1047.90,70.45,2.58,1.87,0.00,0.00,197.76,2566.28,2913.05,1352.14,1275.81,1566.37,0.00,504.65,140.25,240.60,104.04,155.93,207.86,479.43,343.10,255.74,389.89,187.49,250.23,363.29,201.71,362.71,573.03,678.71,453.18,669.63,891.49,366.83,824.07,475.90,253.98,259.93,333.70,275.10,384.75,814.01,1207.94,414.43,1633.91,2003.99,2214.22,1473.73
83845,83890,83867.5,765.56,66.68,2.46,1.87,0.00,0.00,1195.12,0.00,0.00,816.02,344.80,0.00,213.71,170.44,141.36,0.00,101.67,203.25,331.56,286.69,212.74,137.11,132.80,335.08,290.48,166.72,623.51,351.29,456.70,716.10,596.73,665.42,692.72,759.54,625.37,515.95,396.94,425.82,179.48,0.00,184.36,479.50,517.87,886.06,1827.97,1859.74,1764.40,1988.91
83904,83949,83926.5,775.16,90.98,3.51,1.88,0.00,0.00,0.00,798.40,0.00,0.00,307.85,0.01,215.03,0.08,143.70,0.00,86.24,0.00,0.00,61.93,260.87,120.29,300.07,165.22,97.17,61.42,342.19,460.84,252.51,360.02,596.75,513.46,561.91,953.35,834.17,576.88,151.69,255.68,0.00,0.00,0.00,136.50,519.58,511.20,2295.62,2468.44,2600.25,2951.34
83963,84008,83985.5,1924.24,297.23,11.98,1.87,0.00,0.00,0.00,0.00,0.00,407.42,0.00,252.43,0.09,172.58,129.03,0.21,0.00,0.00,134.22,256.66,46.27,192.62,268.66,360.04,265.86,406.28,294.73,225.19,494.68,217.64,238.57,812.86,739.53,1174.49,1696.02,779.65,535.96,0.00,0.00,0.00,0.00,0.00,0.00,0.00,5753.96,7706.47,8985.91,9786.05
84022,84067,84044.5,1973.49,297.35,11.85,1.88,0.00,0.00,0.00,0.00,230.58,276.40,0.01,0.00,0.00,172.50,0.00,112.37,194.64,161.43,142.67,108.83,52.78,43.32,310.35,190.65,397.37,230.98,328.14,317.21,284.80,0.00,554.53,899.27,1089.70,1327.77,1835.08,413.00,310.14,489.32,0.00,0.00,0.00,0.00,0.00,0.00,7623.42,9294.85,8526.19,8904.72
84081,84126,84103.5,2338.68,367.76,14.79,1.87,0.00,0.00,0.00,0.00,0.00,0.01,0.01,269.58,0.00,172.49,0.00,0.00,198.53,176.18,143.71,157.21,90.87,87.98,74.53,171.20,43.52,189.54,198.64,196.38,395.95,143.22,476.16,1088.45,1310.27,1792.02,2199.00,880.54,0.00,0.00,0.00,0.00,0.00,0.00,0.00,67.35,8449.79,9852.95,11218.82,11460.64
84140,84185,84162.5,2434.17,378.01,15.03,1.87,0.00,0.00,0.00,0.00,0.00,0.00,0.00,0.00,383.45,731.16,238.71,118.46,295.29,212.55,129.18,78.23,160.84,52.00,67.81,83.44,168.54,223.50,77.70,196.30,339.02,304.12,407.33,565.33,1021.23,1428.83,1636.47,312.88,0.00,0.00,0.00,0.00,0.00,0.00,0.00,1350.06,10225.05,11254.73,11978.06,11645.40
84199,84244,84221.5,1936.14,285.40,11.46,1.87,0.00,0.00,0.00,0.00,0.00,406.51,0.00,237.41,193.37,158.96,553.90,397.54,556.16,414.64,0.00,135.75,283.26,143.09,860.78,436.69,330.47,146.59,265.18,357.17,116.55,180.03,379.32,872.87,522.51,1013.90,1525.56,1078.59,206.83,23.01,0.00,0.00,0.00,0.00,540.37,0.00,6670.62,7941.13,8195.19,8873.36
84258,84303,84280.5,1769.53,228.14,9.02,1.87,0.00,0.00,0.00,642.16,1328.41,635.97,689.15,1181.97,456.71,343.00,229.18,60.20,213.27,77.51,211.76,472.57,203.80,220.30,242.92,142.65,391.59,523.22,682.09,271.11,438.21,393.79,366.24,846.21,656.92,1244.14,1411.90,1287.74,234.45,0.00,0.00,0.00,0.00,0.00,112.40,478.30,5393.83,6850.35,7190.17,7426.53
84317,84362,84339.5,1030.37,100.04,3.87,1.87,0.00,0.00,0.00,796.03,0.00,641.59,705.27,292.71,239.80,620.74,501.40,311.83,306.99,667.85,218.56,742.65,241.46,195.65,205.76,346.55,705.81,447.15,534.84,645.72,468.66,337.80,468.15,554.54,561.70,839.99,879.22,916.59,913.13,462.34,484.63,0.00,0.00,0.00,0.00,183.10,2004.52,2760.44,2757.66,3321.09
84376,84421,84398.5,855.23,41.65,1.47,1.88,0.00,0.00,0.00,5135.09,0.00,1609.35,0.00,578.40,216.02,370.66,701.82,241.00,446.89,335.38,118.77,115.41,395.05,596.18,814.28,714.67,474.19,465.06,869.77,350.50,458.20,473.30,726.28,336.77,428.49,627.97,696.65,521.34,194.04,716.55,349.79,52.09,83.50,500.64,268.24,522.95,777.54,1124.15,1269.22,746.12
84435,84480,84457.5,2291.85,319.03,12.77,1.87,0.00,0.00,1192.26,0.00,664.45,416.13,1049.22,370.01,962.05,665.66,408.93,120.41,83.20,445.34,133.70,243.41,323.56,372.83,291.45,301.53,481.75,583.02,350.73,249.91,374.49,261.99,459.76,973.61,795.99,1222.03,1676.59,1502.33,146.37,448.07,0.00,0.00,0.00,0.00,0.00,0.00,7517.10,8851.20,9823.24,9312.94
84494,84539,84516.5,3121.15,489.64,19.53,1.87,0.00,0.00,0.00,0.00,0.00,472.67,352.48,0.01,0.00,324.98,144.56,121.24,103.84,266.76,80.35,54.40,121.86,93.59,122.94,126.56,185.95,75.32,207.21,182.10,35.14,77.48,611.74,954.28,1237.96,1826.28,2234.09,1920.84,0.00,0.00,0.00,0.00,0.00,0.00,0.00,1286.30,12635.95,15222.54,14225.45,14923.56
84553,84598,84575.5,4112.36,660.05,26.28,1.87,0.00,0.00,0.00,1598.77,0.00,0.01,307.89,0.00,0.02,157.49,0.00,0.00,83.66,8.66,72.88,66.56,173.22,114.55,56.43,38.69,21.56,138.53,58.04,0.00,0.00,0.00,369.81,976.14,1201.72,1595.06,1824.65,1831.94,0.00,0.00,0.00,0.00,0.00,190.29,2314.76,1645.28,17387.77,19795.16,21239.97,19733.57
84612,84657,84634.5,3077.05,483.58,19.21,1.87,0.00,0.00,0.00,0.00,0.01,407.08,0.00,0.04,0.00,0.00,0.02,116.14,0.00,260.40,215.91,117.36,114.63,216.11,109.12,244.08,280.18,99.12,96.79,89.58,104.62,49.41,435.73,880.18,1414.10,1340.90,2348.98,1586.99,0.00,0.00,0.00,0.00,0.00,5.90,417.05,1604.99,13230.77,14743.98,15653.23,14602.82
84671,84716,84693.5,1890.36,283.93,11.19,1.87,0.00,0.00,0.00,0.00,0.00,0.00,0.01,0.00,192.28,210.95,96.14,0.04,283.79,96.39,0.00,0.00,54.38,217.73,35.97,234.28,107.22,149.60,70.46,342.03,232.90,386.11,343.10,611.09,1050.58,1263.79,1138.01,1076.95,0.00,0.00,0.00,0.00,0.00,0.00,1255.17,1944.80,7534.59,7909.56,9160.99,8787.14
84730,84775,84752.5,1146.74,117.67,4.53,1.87,0.00,0.00,0.00,965.16,785.76,275.73,651.10,238.77,620.73,156.45,386.78,13.23,176.28,146.79,120.35,298.60,130.15,606.56,604.10,590.28,611.51,655.39,812.98,522.17,720.74,322.31,842.78,533.94,818.41,915.44,1062.34,506.71,329.10,20.11,0.00,0.00,0.00,337.12,235.42,767.37,3251.89,3308.23,3803.25,3326.75
84789,84834,84811.5,794.95,51.43,1.92,1.87,0.00,0.00,780.20,2392.71,0.00,0.01,307.88,1052.67,427.07,325.83,0.00,0.00,82.54,299.19,515.45,163.89,389.10,707.73,840.65,895.38,555.70,520.09,894.72,667.60,564.94,623.41,708.72,652.45,425.07,727.13,399.68,382.93,0.00,190.81,51.25,0.00,0.00,311.29,291.02,36.28,1220.72,1455.05,1622.83,1163.83
84848,84893,84870.5,966.44,55.83,2.13,1.86,0.00,0.00,0.00,1762.36,782.81,1495.80,658.73,862.16,573.06,1326.84,556.96,227.48,73.23,537.48,289.86,488.82,350.73,689.31,821.39,1075.98,1104.57,804.26,1149.99,611.18,911.66,784.78,755.61,569.10,388.65,758.96,622.77,509.87,317.19,291.80,27.93,0.00,0.00,92.09,40.42,41.10,1099.29,1184.67,1129.92,1488.01
84907,84952,84929.5,1701.97,235.39,9.35,1.86,0.00,0.00,0.00,0.00,0.00,0.02,352.44,288.12,765.15,314.20,0.00,107.51,78.94,444.56,290.98,302.12,345.23,281.00,258.33,292.92,560.63,239.68,477.89,398.90,468.73,645.76,971.59,864.19,499.53,1114.80,1404.72,689.15,333.84,7.78,1.54,0.00,0.00,0.00,0.00,267.07,6179.84,6876.15,7083.30,7037.44
84966,85011,84988.5,1815.22,266.75,10.61,1.87,0.00,0.00,0.00,0.00,664.34,0.00,306.39,0.03,0.00,0.02,141.60,0.24,0.00,163.40,58.58,75.40,0.00,198.95,229.03,131.12,309.34,112.12,161.09,374.23,152.66,461.64,925.05,895.23,1051.21,1642.08,1814.80,782.48,6.48,0.00,0.00,0.00,0.00,0.00,0.00,1510.68,6694.10,7127.00,7357.63,8402.00
85025,85070,85047.5,2129.76,289.64,10.83,1.87,0.00,0.00,0.00,0.00,0.01,0.00,267.53,0.03,95.52,67.25,0.09,102.24,0.23,0.00,277.09,58.01,39.03,137.92,282.46,102.39,213.11,177.90,222.98,336.24,147.21,340.04,673.33,1020.84,1194.25,1839.71,1655.77,435.92,100.03,0.00,0.00,0.00,0.00,0.00,1038.58,4980.87,10435.66,10208.09,10680.06,10311.61
85084,85129,85106.5,1403.20,192.10,7.24,1.87,0.00,0.00,0.00,0.00,0.00,350.48,0.01,0.01,0.01,155.22,0.03,109.84,144.01,29.31,0.00,0.11,45.63,94.49,30.43,205.72,42.23,21.38,154.72,218.68,5.97,226.52,651.23,460.50,483.96,1267.93,1329.93,756.56,149.18,567.58,0.00,0.00,0.00,0.00,0.00,2785.00,5589.65,6964.48,7056.46,7364.33
85143,85188,85165.5,2379.18,332.38,12.57,1.87,0.00,0.00,0.00,0.00,0.01,349.32,570.00,0.00,0.02,0.00,118.05,536.75,178.55,84.39,186.59,233.42,0.00,102.75,99.70,233.26,299.43,404.64,384.76,78.09,52.09,246.88,554.19,626.81,1021.03,1672.23,1972.60,505.89,25.57,0.00,0.00,0.00,0.00,0.00,0.00,4550.76,10362.73,12402.22,12351.09,13183.96
85202,85247,85224.5,1514.24,184.75,6.92,1.87,0.00,0.00,969.52,664.91,470.78,0.02,110.03,136.81,658.64,67.23,0.00,424.53,279.05,78.36,257.70,238.93,101.24,259.52,241.07,238.67,164.96,418.30,116.16,390.42,399.02,493.34,603.58,961.25,709.38,1042.90,1000.61,198.34,0.00,0.00,0.00,0.00,0.00,382.23,0.00,2985.08,6424.31,6484.55,6560.33,6724.14
85262,85307,85284.5,950.26,51.28,1.82,1.87,0.00,0.00,4099.25,2257.47,1598.47,602.52,319.77,896.54,92.68,353.39,491.27,309.48,0.00,377.78,151.79,194.42,314.09,642.23,347.69,514.51,261.74,482.46,572.14,597.40,727.30,447.15,509.24,546.89,651.49,608.72,632.12,346.88,255.99,290.13,198.64,177.04,206.54,268.08,293.68,617.05,1498.71,1386.85,1672.30,1570.24
85321,85366,85343.5,2368.15,309.16,11.73,1.88,0.00,0.00,3616.60,802.55,554.32,0.00,266.81,0.00,0.04,138.80,357.99,99.09,441.30,76.78,194.65,425.92,115.77,119.43,233.37,207.21,174.50,384.96,231.00,409.24,243.13,252.60,623.34,711.68,1144.84,1553.67,1664.39,126.92,0.00,0.00,0.00,0.00,0.00,0.00,0.00,3718.27,9495.33,11303.32,11514.35,12243.05
85380,85425,85402.5,2455.37,300.74,11.37,1.88,0.00,0.00,785.29,2239.53,0.00,2265.86,265.82,472.51,1527.53,929.39,313.42,571.03,460.32,140.14,61.18,472.73,307.04,75.68,146.41,320.12,366.18,379.48,297.04,38.97,117.98,477.28,391.74,946.88,1198.96,1882.84,1719.03,534.08,0.00,0.00,0.00,0.00,0.00,0.00,0.00,3326.78,9126.61,11886.58,11609.21,10815.16
85439,85484,85461.5,2285.03,312.79,11.86,1.88,0.00,0.00,2410.70,0.00,469.75,350.98,266.20,0.00,189.43,281.75,125.86,200.66,168.61,0.00,0.00,113.38,326.19,347.62,196.61,157.38,173.53,38.32,85.92,138.41,0.00,74.89,408.68,503.00,720.68,1661.34,1587.88,200.24,196.99,0.00,0.00,0.00,0.00,0.00,0.00,4153.33,9861.45,11248.55,12089.92,11988.74
85498,85543,85520.5,933.34,83.85,3.08,1.88,0.00,0.00,0.00,665.17,555.21,0.00,397.44,558.49,95.88,203.41,241.59,731.16,162.09,59.10,462.26,284.23,577.05,473.47,893.53,468.65,385.12,418.14,463.98,719.26,260.37,223.41,576.06,966.62,614.47,1085.52,838.27,184.34,172.12,284.55,0.00,0.00,135.69,0.00,0.00,769.47,2723.95,2902.43,3014.92,3219.76
85557,85602,85579.5,1598.27,108.66,3.99,1.88,0.00,0.00,5858.49,4153.62,2385.83,810.44,1253.21,1245.38,1074.50,138.30,849.23,411.59,71.45,376.75,457.57,761.59,676.56,556.50,560.68,588.70,571.49,526.99,692.05,837.74,521.15,510.12,397.42,622.96,777.07,887.16,843.04,319.72,232.79,0.00,0.00,0.00,0.00,0.00,146.21,1926.66,3377.70,4038.93,3844.68,4189.02
85616,85661,85638.5,1900.51,214.51,8.10,1.88,0.00,0.00,0.00,1175.78,1160.17,1048.66,608.28,891.83,356.92,589.20,358.75,114.36,299.60,547.06,237.79,458.87,529.13,497.23,681.42,618.88,627.27,394.66,853.71,462.71,690.71,453.52,792.00,795.74,739.66,1576.73,1451.31,653.05,52.86,0.00,0.00,0.00,0.00,0.00,0.00,2151.92,6344.80,7027.18,7844.30,9283.98
85675,85720,85697.5,3745.12,536.65,20.45,1.88,0.00,0.00,969.73,802.03,0.01,1510.15,267.35,0.03,183.77,0.00,243.04,204.33,90.91,165.49,184.12,297.74,266.54,238.23,73.79,252.68,290.21,184.25,138.97,97.18,53.59,0.00,713.30,809.84,1194.51,2327.45,2447.82,613.35,0.00,0.00,0.00,0.00,0.00,0.00,0.00,5971.08,16337.53,19089.50,20408.82,21809.77
85734,85779,85756.5,4235.57,631.29,23.99,1.88,0.00,0.00,0.00,0.00,0.00,405.29,0.01,0.00,284.05,68.78,0.00,0.00,0.00,82.65,0.00,123.39,134.52,27.98,3.32,121.00,52.30,14.74,27.49,23.50,5.45,0.00,596.79,1085.72,1050.84,2446.83,3267.69,1047.71,0.00,0.00,0.00,0.00,0.00,0.00,0.00,7114.13,20160.28,24462.82,23645.60,23977.25
85793,85838,85815.5,4735.82,683.97,26.07,1.88,0.00,0.00,3971.92,1468.23,470.68,0.00,0.00,0.01,546.03,0.02,0.04,109.73,0.05,0.00,39.50,22.90,1.36,39.45,267.57,35.83,117.93,161.93,124.75,53.70,76.40,29.77,585.85,620.45,1027.70,2835.68,3391.33,1087.92,0.00,0.00,0.00,0.00,0.00,0.00,0.00,7052.20,23540.50,23568.17,25132.76,26689.30
85852,85897,85874.5,2357.60,305.92,11.48,1.88,0.00,0.00,1943.31,800.26,103.75,316.13,0.02,0.00,0.02,462.74,126.27,108.79,171.61,81.68,258.43,108.83,192.10,274.74,70.92,437.77,417.22,329.30,295.33,133.35,205.54,174.62,847.34,873.96,1254.98,1898.11,1802.86,825.26,0.00,0.00,0.00,0.00,0.00,0.00,463.83,4833.88,10607.12,10975.76,11056.93,11520.12
85911,85956,85933.5,989.50,103.52,3.82,1.88,0.00,0.00,0.00,0.00,0.00,0.02,0.00,420.61,602.21,209.21,0.00,200.51,161.55,602.75,65.89,320.79,309.67,605.29,460.79,433.36,713.51,364.84,347.01,296.00,297.09,693.62,532.12,638.63,731.17,783.45,665.27,830.81,376.74,0.00,0.00,0.00,0.00,0.00,161.07,1848.27,2744.32,3689.83,3970.89,3898.91
85970,86015,85992.5,801.89,41.14,1.44,1.88,0.00,0.00,2172.64,402.99,688.54,405.67,267.14,444.96,1466.82,137.87,198.04,356.77,459.25,493.78,430.64,359.34,214.18,354.13,1015.89,480.22,612.48,656.21,627.88,619.28,744.61,720.83,664.68,416.47,734.35,585.61,543.21,466.38,389.70,205.59,0.00,0.00,0.00,32.59,270.29,332.45,1121.26,1291.01,1555.00,1352.42
86029,86074,86051.5,760.00,29.44,0.98,1.88,0.00,0.00,0.00,664.88,1528.58,698.71,569.61,0.00,716.29,563.46,698.12,591.93,506.44,483.61,1158.37,779.74,572.31,636.81,655.15,771.59,883.11,655.75,653.41,608.11,576.66,490.87,726.11,224.02,395.50,619.03,579.40,277.74,412.54,242.42,225.90,32.09,49.83,160.66,0.00,624.62,637.18,1031.52,1070.67,660.35
86088,86133,86110.5,667.10,28.41,0.85,1.88,0.00,0.00,0.00,1465.00,0.01,0.00,645.65,375.17,548.85,153.72,0.30,195.42,130.53,95.90,315.35,0.00,559.36,513.49,423.15,418.01,396.34,612.95,548.26,758.66,537.86,553.81,564.34,782.34,929.21,883.94,739.13,765.10,609.33,883.26,525.43,484.67,750.25,669.46,13.03,602.91,820.02,369.15,475.25,444.04
86147,86192,86169.5,854.44,16.98,0.45,1.88,0.00,0.00,1007.87,0.00,1717.76,2120.75,378.27,845.53,712.17,922.44,615.67,429.97,1016.13,824.87,744.86,564.84,268.04,675.51,971.77,957.65,950.99,829.38,997.97,889.18,942.28,922.99,486.71,370.69,425.63,708.02,598.56,408.44,425.36,556.17,331.52,327.22,171.30,320.86,120.93,237.22,338.42,367.64,406.30,233.67
86206,86251,86228.5,1468.08,14.50,0.36,1.88,0.00,0.00,8464.94,6696.08,4199.49,2175.90,2017.50,867.08,1646.99,1488.28,1026.87,1126.43,674.39,612.08,865.26,390.61,980.71,1080.31,914.14,942.80,1021.76,602.49,908.45,692.49,699.08,646.98,765.84,958.23,539.76,380.05,269.41,287.26,143.89,118.97,170.82,291.25,222.54,312.69,572.74,242.53,179.69,258.47,177.47,141.47
86265,86310,86287.5,1164.78,9.39,0.19,1.87,0.00,0.00,783.99,4513.76,3834.58,4529.65,2409.50,1167.50,919.85,885.18,852.04,833.85,760.67,774.53,749.80,898.71,898.80,1095.06,850.00,929.82,1085.62,741.26,742.59,1087.64,841.65,698.10,544.83,419.84,565.45,323.76,196.13,500.32,424.82,208.06,163.28,188.13,89.14,149.80,59.60,55.89,132.58,147.46,78.21,93.69
86324,86369,86346.5,990.14,8.24,0.15,1.87,0.00,0.00,5131.28,2674.42,2757.55,720.33,1523.65,234.94,276.21,662.41,488.38,524.63,829.69,880.07,985.30,440.14,1292.59,780.82,1114.48,906.33,807.64,1050.60,1114.75,1183.43,556.43,652.93,618.53,499.64,408.34,329.86,174.48,266.64,305.01,257.82,301.71,131.18,249.36,45.44,125.52,160.74,75.81,88.78,13.80,22.38
86383,86428,86405.5,1036.19,8.51,0.16,1.87,0.00,0.00,5585.84,2643.28,3761.06,1394.81,355.32,420.41,525.86,1047.11,483.22,757.77,507.46,713.84,813.84,730.17,1050.20,802.67,587.67,1066.45,644.57,1067.80,1120.62,1004.30,706.82,737.26,965.04,525.14,622.38,388.28,291.95,246.38,271.50,263.70,119.26,170.41,111.94,233.23,157.36,25.01,25.31,51.43,32.09,53.62
86442,86487,86464.5,853.78,8.24,0.15,1.87,0.00,0.00,4879.87,2116.99,2136.20,638.01,53.81,872.21,472.72,238.50,238.27,91.51,484.95,293.83,30.33,974.68,887.43,629.91,1176.37,1364.02,829.38,1010.99,1102.20,868.03,676.42,681.28,864.62,499.15,456.63,434.69,374.83,386.30,164.37,423.20,78.05,256.42,86.90,91.23,62.30,110.31,91.38,77.25,52.15,26.77
