Data/Raw/MOORE,RICHARD/FIREXAQ-LARGE-SMPS_DC8_20190826_R0.ict
88,1001
Richard Moore, Elizabeth Wiggins, Edward Winstead, Claire Robinson, Lee Thornhill, and Kevin Sanchez
NASA Langley Research Center
In-situ Submicron Particle Size Distributions from a SMPS on the NASA DC-8
FIREXAQ
1,1
2019,08,26,2020,03,10
0
Time_start,Secs after midnight,Time of acquisition
50
1,1,1,1,1,1,1,1,1,1,1,1,1,1,1,1,1,1,1,1,1,1,1,1,1,1,1,1,1,1,1,1,1,1,1,1,1,1,1,1,1,1,1,1,1,1,1,1,1,1
-9999,-9999,-9999,-9999,-9999,-9999,-9999,-9999,-9999,-9999,-9999,-9999,-9999,-9999,-9999,-9999,-9999,-9999,-9999,-9999,-9999,-9999,-9999,-9999,-9999,-9999,-9999,-9999,-9999,-9999,-9999,-9999,-9999,-9999,-9999,-9999,-9999,-9999,-9999,-9999,-9999,-9999,-9999,-9999,-9999,-9999,-9999,-9999,-9999,-9999
Time_stop,Secs after midnight,Time of acquisition
Time_mid,Secs after midnight,Time of acquisition
nSMPS_stdPT,#/cm3,AerMP_NumConc_InSitu_RHd_Mobility_NucltoAccu_STP,integrated_number_density
sSMPS_stdPT,um2/cm3,AerMP_SurfAreaConc_InSitu_RHd_Mobility_NucltoAccu_STP,integrated_surface_area
vSMPS_stdPT,um3/cm3,AerMP_VolConc_InSitu_RHd_Mobility_NucltoAccu_STP,integrated_volume
SMPS_stdPT, unitless, None, conversion between ambient PT and standard PT (1013, 273)
SMPS_bin00_stdPT,#/cm3,AerMP_NumSizeDist_InSitu_RHd_Mobility_NucltoAccu_STP,Binned number size distribution (in dNdlogDp) measured by the SMPS
SMPS_bin01_stdPT,#/cm3,AerMP_NumSizeDist_InSitu_RHd_Mobility_NucltoAccu_STP,Binned number size distribution (in dNdlogDp) measured by the SMPS
SMPS_bin02_stdPT,#/cm3,AerMP_NumSizeDist_InSitu_RHd_Mobility_NucltoAccu_STP,Binned number size distribution (in dNdlogDp) measured by the SMPS
SMPS_bin03_stdPT,#/cm3,AerMP_NumSizeDist_InSitu_RHd_Mobility_NucltoAccu_STP,Binned number size distribution (in dNdlogDp) measured by the SMPS
SMPS_bin04_stdPT,#/cm3,AerMP_NumSizeDist_InSitu_RHd_Mobility_NucltoAccu_STP,Binned number size distribution (in dNdlogDp) measured by the SMPS
SMPS_bin05_stdPT,#/cm3,AerMP_NumSizeDist_InSitu_RHd_Mobility_NucltoAccu_STP,Binned number size distribution (in dNdlogDp) measured by the SMPS
SMPS_bin06_stdPT,#/cm3,AerMP_NumSizeDist_InSitu_RHd_Mobility_NucltoAccu_STP,Binned number size distribution (in dNdlogDp) measured by the SMPS
SMPS_bin07_stdPT,#/cm3,AerMP_NumSizeDist_InSitu_RHd_Mobility_NucltoAccu_STP,Binned number size distribution (in dNdlogDp) measured by the SMPS
SMPS_bin08_stdPT,#/cm3,AerMP_NumSizeDist_InSitu_RHd_Mobility_NucltoAccu_STP,Binned number size distribution (in dNdlogDp) measured by the SMPS
SMPS_bin09_stdPT,#/cm3,AerMP_NumSizeDist_InSitu_RHd_Mobility_NucltoAccu_STP,Binned number size distribution (in dNdlogDp) measured by the SMPS
SMPS_bin10_stdPT,#/cm3,AerMP_NumSizeDist_InSitu_RHd_Mobility_NucltoAccu_STP,Binned number size distribution (in dNdlogDp) measured by the SMPS
SMPS_bin11_stdPT,#/cm3,AerMP_NumSizeDist_InSitu_RHd_Mobility_NucltoAccu_STP,Binned number size distribution (in dNdlogDp) measured by the SMPS
SMPS_bin12_stdPT,#/cm3,AerMP_NumSizeDist_InSitu_RHd_Mobility_NucltoAccu_STP,Binned number size distribution (in dNdlogDp) measured by the SMPS
SMPS_bin13_stdPT,#/cm3,AerMP_NumSizeDist_InSitu_RHd_Mobility_NucltoAccu_STP,Binned number size distribution (in dNdlogDp) measured by the SMPS
SMPS_bin14_stdPT,#/cm3,AerMP_NumSizeDist_InSitu_RHd_Mobility_NucltoAccu_STP,Binned number size distribution (in dNdlogDp) measured by the SMPS
[...]
UNCERTAINTY:  20%
ULOD_FLAG: -7777
ULOD_VALUE: N/A
LLOD_FLAG: -8888
LLOD_VALUE: N/A
DM_CONTACT_INFO: Lee Thornhill (Kenneth.L.Thornhill@nasa.gov)
PROJECT_INFO: FIREX-AQ
STIPULATIONS_ON_USE: No stipulations on use. The user is encouraged to contact the PI or DM prior to use.
OTHER_COMMENTS: Midpoint diameters of Bins 00 to 43 are: 0.011,0.012,0.013,0.014,0.015,0.016,0.017,0.018,0.019,0.021,0.022,0.024,0.026,0.028,0.030,0.032,0.035,0.037,0.040,0.043,0.046,0.050,0.053,0.057,0.061,0.066,0.071,0.076,0.082,0.088,0.095,0.102,0.109,0.118,0.126,0.136,0.146,0.157,0.168,0.181,0.194,0.209,0.225,0.241
REVISION: R0
R0: Final Data. Data are corrected for time lags and ammonium sulfate size calibrations.
*******************************************************************************************************************************
Time_start,Time_stop,Time_mid,nSMPS_stdPT,sSMPS_stdPT,vSMPS_stdPT,SMPS_stdPT,SMPS_bin00_stdPT,SMPS_bin01_stdPT,SMPS_bin02_stdPT,SMPS_bin03_stdPT,SMPS_bin04_stdPT,SMPS_bin05_stdPT,SMPS_bin06_stdPT,SMPS_bin07_stdPT,SMPS_bin08_stdPT,SMPS_bin09_stdPT,SMPS_bin10_stdPT,SMPS_bin11_stdPT,SMPS_bin12_stdPT,SMPS_bin13_stdPT,SMPS_bin14_stdPT,SMPS_bin15_stdPT,SMPS_bin16_stdPT,SMPS_bin17_stdPT,SMPS_bin18_stdPT,SMPS_bin19_stdPT,SMPS_bin20_stdPT,SMPS_bin21_stdPT,SMPS_bin22_stdPT,SMPS_bin23_stdPT,SMPS_bin24_stdPT,SMPS_bin25_stdPT,SMPS_bin26_stdPT,SMPS_bin27_stdPT,SMPS_bin28_stdPT,SMPS_bin29_stdPT,SMPS_bin30_stdPT,SMPS_bin31_stdPT,SMPS_bin32_stdPT,SMPS_bin33_stdPT,SMPS_bin34_stdPT,SMPS_bin35_stdPT,SMPS_bin36_stdPT,SMPS_bin37_stdPT,SMPS_bin38_stdPT,SMPS_bin39_stdPT,SMPS_bin40_stdPT,SMPS_bin41_stdPT,SMPS_bin42_stdPT,SMPS_bin43_stdPT
[from data line 432]
86338,86383,86360.5,2312.25,93.86,2.71,1.21,0.00,2544.79,1754.32,1746.02,1470.81,2079.46,1068.30,1470.49,738.34,1490.61,550.24,883.26,1521.04,612.43,840.07,603.22,1015.15,1433.60,1408.41,1752.60,2042.91,1697.58,1428.12,1614.47,1826.68,1974.13,2307.97,1834.03,1668.40,1235.95,1043.16,1481.65,1099.34,1623.94,1782.55,2166.82,2350.03,2806.69,3110.72,2842.49,3078.91,2336.15,2108.56,1890.77
86397,86442,86419.5,3459.32,97.74,2.78,1.20,4295.03,6356.71,6566.56,4490.94,4182.61,3200.01,2060.37,2391.92,2692.32,1948.73,1517.18,861.15,873.89,1144.04,1561.16,1977.40,1443.54,1019.09,1629.41,2244.46,707.60,165.14,1353.05,2541.97,3050.92,2249.87,2373.80,1739.43,1750.84,2276.75,2235.04,2013.78,1353.03,1154.97,1758.90,2059.03,1779.20,3018.42,3305.54,2987.75,2879.75,2369.28,2048.22,2153.28
86456,86501,86478.5,2981.57,77.86,2.11,1.20,1900.98,581.37,417.75,970.93,499.81,556.30,701.40,617.42,328.59,529.62,390.89,206.88,1597.76,2324.92,2129.34,2047.80,2479.63,2900.57,5132.36,7111.02,8104.64,6811.90,5818.23,4531.49,3576.26,2843.38,3690.03,1756.90,1481.64,249.04,0.00,27.77,1326.13,510.36,160.96,672.63,1852.98,3110.95,3514.47,2400.34,1067.51,860.22,1405.36,2451.40
86515,86560,86537.5,5782.69,129.90,3.05,1.20,0.00,705.75,916.17,1011.37,95.58,329.31,439.65,844.28,813.34,600.78,1690.67,2025.25,984.88,2490.36,2094.11,3812.78,7113.90,5284.95,8300.37,19629.17,18546.24,10732.99,12380.70,12227.14,11125.53,9543.00,6360.75,1865.29,1964.83,5154.04,4139.18,1932.59,1917.55,2659.37,1643.96,382.83,3027.40,4330.45,4687.07,2899.75,2939.14,2518.95,1606.17,1278.54
86574,86619,86596.5,2562.27,98.13,2.80,1.20,1898.93,703.40,931.65,704.97,769.35,1500.65,750.81,1308.04,641.64,239.49,298.37,1458.90,1917.45,1361.33,1580.62,2382.76,1756.32,516.93,493.30,2395.88,4820.11,3291.55,1181.28,1910.81,4154.43,2103.08,1030.68,1667.54,2912.07,1783.81,1058.44,2234.60,1629.19,2003.94,2374.85,2415.10,1426.36,2177.56,3293.20,2725.62,2671.15,2228.46,2386.72,2292.94
86634,86679,86656.5,3114.14,71.85,1.97,1.23,4834.10,3063.84,2862.82,1193.18,881.02,182.98,454.40,753.50,397.00,770.35,739.68,1127.39,1506.18,1660.09,1574.59,2083.06,3046.21,4139.36,4250.58,4637.33,4785.79,5081.34,5446.00,5182.13,4085.66,3246.95,2286.93,1598.48,1464.35,1379.16,1226.51,1027.13,1108.41,1172.04,732.50,465.04,177.37,802.50,1928.52,1773.57,1927.75,1952.12,2090.76,1710.06
86693,86738,86715.5,2925.21,57.23,1.43,1.31,0.00,0.00,0.00,0.00,109.60,574.73,344.65,281.29,1034.87,750.30,1405.23,1151.87,1991.54,3196.02,2951.18,4323.92,4329.52,3989.59,6087.16,7569.81,7584.66,8050.44,6717.34,4796.63,4159.56,3461.18,2529.95,1668.37,1462.56,1221.96,731.69,430.55,246.74,299.83,384.99,618.73,437.72,786.55,1489.10,1374.73,1387.27,1099.67,1284.19,1291.08
86752,86797,86774.5,2494.45,89.79,2.43,1.46,2851.04,0.00,0.00,0.00,1005.46,246.91,628.20,321.86,244.46,518.87,629.83,749.96,767.58,896.44,1002.69,754.34,1602.21,2101.85,2470.25,3273.35,3317.76,3610.92,4524.67,3495.63,3311.17,2486.75,2671.43,2466.94,2487.21,2234.49,2093.57,2802.89,1607.56,2089.90,1897.60,2086.50,2080.96,1482.64,2582.24,2401.34,2427.71,2161.33,1768.09,1667.82
86811,86856,86833.5,2239.24,71.34,1.91,1.56,0.00,0.00,0.00,0.00,765.43,841.76,650.27,892.84,277.51,767.90,837.39,1167.88,632.47,1383.95,1562.81,1311.51,1034.22,2745.45,3165.64,3442.39,3299.96,3644.70,3417.53,2731.34,3435.46,2819.93,2190.80,1789.42,2005.88,1672.54,1834.51,1878.93,2385.14,1761.92,1589.14,1612.70,1949.03,1306.96,1601.66,1626.86,1456.53,1311.82,883.09,1070.97
86870,86915,86892.5,1671.75,46.08,1.22,1.64,0.00,0.00,0.00,567.03,411.07,290.60,206.50,436.50,773.66,416.70,632.45,1287.83,1475.97,1834.58,1929.29,2556.25,1836.47,3000.04,2774.31,3374.24,2748.34,2295.75,1815.93,1495.68,1165.42,1193.23,1042.77,1172.45,995.74,1339.38,1221.39,1187.90,839.78,805.75,1105.06,500.41,1303.33,1442.20,1226.59,1082.98,1070.74,978.67,706.42,495.38
86929,86974,86951.5,1688.96,50.04,1.33,1.76,0.00,1237.86,0.00,0.00,412.22,698.31,236.16,392.00,310.77,231.77,861.37,1326.43,1588.03,1636.92,2247.29,2194.61,2096.44,3222.56,2351.20,2361.49,1596.28,1951.85,1381.85,1522.57,1432.53,1237.23,1679.99,1293.06,1136.72,830.46,990.23,1103.14,1124.46,1766.61,1313.48,1101.61,1319.87,1567.84,1224.66,939.76,1086.92,1337.92,782.34,479.14
86988,87033,87010.5,1165.76,43.11,1.14,1.89,0.00,0.00,0.00,0.00,479.37,0.03,112.73,138.87,0.00,135.37,112.74,441.48,916.97,888.59,1029.67,972.19,721.74,1488.08,784.20,1516.74,1008.66,1509.22,1172.52,1312.69,1293.05,1183.26,1158.98,1237.12,1094.24,1413.42,1034.96,1026.14,1131.65,1201.04,1234.63,1929.71,1268.62,1207.68,822.02,1236.65,936.76,698.10,711.94,440.55
87047,87092,87069.5,1064.51,26.42,0.69,2.06,0.00,0.00,0.00,808.97,1353.01,282.83,696.85,824.99,212.43,104.97,879.94,1014.95,1365.87,1559.63,1047.53,746.89,1268.14,1327.81,839.88,934.98,1415.11,1361.79,1029.97,1039.23,1025.91,1061.47,852.74,696.81,397.60,594.23,1003.82,969.85,1175.19,951.29,1033.97,558.42,234.54,550.41,468.39,340.85,405.44,632.51,327.62,211.06
87106,87151,87128.5,2561.46,15.29,0.34,2.18,0.00,0.00,0.00,8655.22,8256.96,9247.87,11238.53,7207.40,6313.09,4033.84,5168.72,2714.50,2020.58,1663.27,1105.80,1162.09,851.43,935.17,701.15,784.03,886.82,575.52,475.49,611.14,120.92,405.93,429.42,459.24,765.02,734.05,720.04,575.97,374.69,345.47,443.26,161.12,282.69,150.10,349.09,113.62,136.29,256.73,262.04,139.47
87165,87210,87187.5,4889.70,10.45,0.14,2.25,0.00,0.00,0.00,24841.68,21144.54,18110.30,16462.08,19754.41,14170.46,10692.29,6759.40,5352.67,5317.67,3231.88,2521.34,1287.72,888.24,552.89,308.93,380.51,303.33,308.03,273.91,124.82,210.84,414.60,331.88,322.30,95.50,402.62,157.63,334.26,49.94,253.35,139.72,193.62,153.52,219.96,90.10,132.75,69.44,0.00,31.92,32.71
87224,87269,87246.5,5577.06,9.20,0.09,2.26,0.00,0.00,0.00,37566.49,24773.16,21128.98,18976.37,19715.39,14764.82,10442.61,6745.82,6796.30,6517.75,2317.17,1568.12,1686.15,806.91,634.50,189.45,352.59,278.98,232.70,254.44,132.50,164.74,45.48,160.38,302.45,319.65,250.35,256.01,155.12,86.17,100.88,150.33,111.26,185.55,29.42,183.59,0.00,30.14,0.00,20.75,0.00
87283,87328,87305.5,5105.34,8.46,0.10,2.26,0.00,0.00,0.00,28284.60,29399.82,20991.69,17245.84,12390.03,12903.56,14117.12,7389.61,6001.84,3640.01,3563.70,1724.47,1253.99,637.01,614.57,299.22,205.44,171.64,227.34,288.68,297.83,137.09,183.55,22.67,36.29,137.54,50.12,122.25,144.78,78.58,168.69,184.49,63.28,53.20,52.75,68.57,14.02,0.00,61.18,0.00,124.23
87342,87387,87364.5,5897.66,8.59,0.06,2.26,0.00,0.00,0.00,24192.06,22289.15,28709.88,16896.77,24526.75,15628.10,16768.46,12022.44,8361.72,7174.04,3911.63,2571.12,1326.99,863.35,667.51,105.56,364.55,433.41,131.62,263.20,65.84,123.60,113.56,39.20,190.02,55.01,109.71,126.85,95.60,57.69,92.16,227.64,59.44,59.09,0.00,56.04,12.26,0.00,0.00,0.00,0.00
87401,87446,87423.5,4984.14,9.94,0.11,2.25,0.00,0.00,0.00,17742.34,18798.25,22758.86,18890.90,17559.43,15046.40,8337.04,8665.84,7916.18,6253.75,4726.31,2945.31,2126.02,1079.50,811.05,390.36,471.75,642.40,546.19,425.02,328.77,161.16,274.37,203.65,135.35,143.80,313.87,456.76,160.92,326.94,325.30,90.13,108.53,28.18,45.22,29.79,0.00,91.30,61.78,31.35,42.56
87460,87505,87482.5,5490.67,9.39,0.09,2.25,0.00,0.00,0.00,14847.67,23756.30,26816.78,23367.20,17185.36,13428.92,15182.18,11854.49,8795.76,6940.57,2969.66,2714.02,2104.45,993.05,724.89,593.24,267.04,423.05,206.21,258.47,292.07,265.17,40.16,94.01,78.00,173.49,14.67,140.53,133.29,211.23,147.23,207.78,202.41,84.86,4.38,59.00,14.60,22.72,0.00,31.47,21.43
87519,87564,87541.5,5010.80,10.00,0.12,2.25,0.00,0.00,0.00,18113.69,16138.89,17672.38,21689.49,14285.20,16709.36,13819.67,11206.85,7901.29,6652.12,4608.28,3252.97,1278.93,1238.39,606.19,673.57,289.92,450.37,405.66,458.84,239.60,139.74,270.16,158.79,222.69,297.01,220.11,245.60,189.51,67.13,114.10,108.33,137.05,34.65,166.34,59.16,29.75,0.00,30.97,95.02,0.00
87578,87623,87600.5,6567.88,11.45,0.12,2.25,0.00,0.00,0.00,23625.83,28864.78,22864.02,32259.77,20748.58,19367.86,15448.51,11290.15,10427.34,8363.15,5383.92,3478.08,2389.98,789.66,681.87,197.69,159.35,317.04,490.75,146.08,193.75,217.02,262.86,234.37,184.94,56.24,265.15,222.14,129.82,186.58,99.05,198.21,81.49,85.86,0.00,179.73,30.24,42.72,49.63,158.04,0.00
87637,87682,87659.5,0.00,0.00,0.00,2.26,0.00,0.00,0.00,0.00,0.00,0.00,0.00,0.00,0.00,0.00,0.00,0.00,0.00,0.00,0.00,0.00,0.00,0.00,0.00,0.00,0.00,0.00,0.00,0.00,0.00,0.00,0.00,0.00,0.00,0.00,0.00,0.00,0.00,0.00,0.00,0.00,0.00,0.00,0.00,0.00,0.00,0.00,0.00,0.00
87696,87741,87718.5,0.00,0.00,0.00,2.26,0.00,0.00,0.00,0.00,0.00,0.00,0.00,0.00,0.00,0.00,0.00,0.00,0.00,0.00,0.00,0.00,0.00,0.00,0.00,0.00,0.00,0.00,0.00,0.00,0.00,0.00,0.00,0.00,0.00,0.00,0.00,0.00,0.00,0.00,0.00,0.00,0.00,0.00,0.00,0.00,0.00,0.00,0.00,0.00
87755,87800,87777.5,0.00,0.00,0.00,2.25,0.00,0.00,0.00,0.00,0.00,0.00,0.00,0.00,0.00,0.00,0.00,0.00,0.00,0.00,0.00,0.00,0.00,0.00,0.00,0.00,0.00,0.00,0.00,0.00,0.00,0.00,0.00,0.00,0.00,0.00,0.00,0.00,0.00,0.00,0.00,0.00,0.00,0.00,0.00,0.00,0.00,0.00,0.00,0.00
87814,87859,87836.5,0.00,0.00,0.00,2.25,0.00,0.00,0.00,0.00,0.00,0.00,0.00,0.00,0.00,0.00,0.00,0.00,0.00,0.00,0.00,0.00,0.00,0.00,0.00,0.00,0.00,0.00,0.00,0.00,0.00,0.00,0.00,0.00,0.00,0.00,0.00,0.00,0.00,0.00,0.00,0.00,0.00,0.00,0.00,0.00,0.00,0.00,0.00,0.00
87873,87918,87895.5,0.00,0.00,0.00,2.25,0.00,0.00,0.00,0.00,0.00,0.00,0.00,0.00,0.00,0.00,0.00,0.00,0.00,0.00,0.00,0.00,0.00,0.00,0.00,0.00,0.00,0.00,0.00,0.00,0.00,0.00,0.00,0.00,0.00,0.00,0.00,0.00,0.00,0.00,0.00,0.00,0.00,0.00,0.00,0.00,0.00,0.00,0.00,0.00
87932,87977,87954.5,0.00,0.00,0.00,2.25,0.00,0.00,0.00,0.00,0.00,0.00,0.00,0.00,0.00,0.00,0.00,0.00,0.00,0.00,0.00,0.00,0.00,0.00,0.00,0.00,0.00,0.00,0.00,0.00,0.00,0.00,0.00,0.00,0.00,0.00,0.00,0.00,0.00,0.00,0.00,0.00,0.00,0.00,0.00,0.00,0.00,0.00,0.00,0.00
87991,88036,88013.5,0.00,0.00,0.00,2.25,0.00,0.00,0.00,0.00,0.00,0.00,0.00,0.00,0.00,0.00,0.00,0.00,0.00,0.00,0.00,0.00,0.00,0.00,0.00,0.00,0.00,0.00,0.00,0.00,0.00,0.00,0.00,0.00,0.00,0.00,0.00,0.00,0.00,0.00,0.00,0.00,0.00,0.00,0.00,0.00,0.00,0.00,0.00,0.00
88050,88095,88072.5,0.00,0.00,0.00,2.25,0.00,0.00,0.00,0.00,0.00,0.00,0.00,0.00,0.00,0.00,0.00,0.00,0.00,0.00,0.00,0.00,0.00,0.00,0.00,0.00,0.00,0.00,0.00,0.00,0.00,0.00,0.00,0.00,0.00,0.00,0.00,0.00,0.00,0.00,0.00,0.00,0.00,0.00,0.00,0.00,0.00,0.00,0.00,0.00
88109,88154,88131.5,0.00,0.00,0.00,2.25,0.00,0.00,0.00,0.00,0.00,0.00,0.00,0.00,0.00,0.00,0.00,0.00,0.00,0.00,0.00,0.00,0.00,0.00,0.00,0.00,0.00,0.00,0.00,0.00,0.00,0.00,0.00,0.00,0.00,0.00,0.00,0.00,0.00,0.00,0.00,0.00,0.00,0.00,0.00,0.00,0.00,0.00,0.00,0.00
88168,88213,88190.5,5380.60,9.44,0.10,2.25,0.00,0.00,0.00,28591.72,23847.06,17244.71,21265.33,17622.50,13529.70,14127.93,10601.60,7439.31,5420.21,3291.60,2236.41,1451.99,748.47,324.48,704.21,210.52,392.94,195.70,205.36,114.13,120.12,141.20,286.44,126.23,211.54,99.07,319.65,378.44,208.52,66.60,227.40,13.40,62.23,96.61,15.51,52.07,92.20,35.08,27.70,0.00
88227,88272,88249.5,5751.85,9.53,0.10,2.25,0.00,0.00,0.00,25345.83,26949.19,29103.04,20800.50,22815.25,13054.87,12778.31,8230.32,7328.04,5102.31,3979.51,1936.37,1438.74,604.12,572.11,349.10,165.40,364.50,386.45,280.65,159.21,179.76,252.18,59.56,93.15,200.22,135.51,206.06,266.79,190.47,93.47,179.04,94.99,44.46,71.48,109.44,0.00,0.00,0.00,23.26,48.74
88286,88331,88308.5,5723.13,10.16,0.10,2.25,0.00,0.00,0.00,18951.24,25672.33,26960.27,20950.41,18066.61,18913.36,12429.72,11261.69,9253.79,5684.29,4987.14,2690.64,1432.05,732.89,538.92,307.07,193.34,493.21,273.77,629.65,195.42,206.37,119.63,107.87,115.88,213.10,90.61,111.83,167.20,273.43,344.95,263.83,119.91,78.59,74.16,59.86,47.35,44.02,62.20,0.00,21.44
88345,88390,88367.5,6099.50,10.19,0.10,2.25,0.00,0.00,0.00,31431.06,23258.88,24718.55,25179.86,15926.98,17126.32,17952.62,13240.77,6793.98,4857.45,3840.42,3808.27,1942.48,470.77,569.67,618.86,326.31,392.20,297.42,81.54,31.33,99.29,111.20,36.70,20.82,249.54,181.34,187.97,160.09,271.27,299.92,141.02,87.68,89.08,147.87,46.63,59.29,74.95,30.93,0.00,20.24
88404,88449,88426.5,5368.32,9.81,0.11,2.25,0.00,0.00,0.00,23655.61,18877.13,24292.75,16023.11,16907.54,13806.86,13463.42,13256.36,10916.47,6821.18,3869.99,2636.60,1644.82,920.71,870.29,449.37,136.02,176.07,416.68,231.32,192.63,232.82,105.05,147.23,221.66,62.66,166.76,88.82,268.01,31.30,247.12,29.56,57.27,120.12,116.72,47.29,34.35,74.64,92.93,0.00,43.45
88463,88508,88485.5,5664.99,10.47,0.11,2.25,0.00,0.00,0.00,18506.79,19538.63,22452.53,22893.57,17819.43,16403.04,14684.19,13425.21,9403.52,8664.69,6052.42,3447.70,2096.72,632.68,567.09,448.43,280.16,294.58,262.64,343.26,209.31,68.61,342.86,291.84,288.25,150.98,311.84,219.66,194.78,229.23,141.41,84.66,140.48,26.05,75.00,59.91,90.96,30.75,3.84,59.20,42.95
88522,88567,88544.5,5161.69,10.23,0.12,2.25,0.00,0.00,0.00,33042.93,15647.49,18710.65,14705.48,15683.62,12744.90,13969.09,10571.69,8326.05,4539.85,4378.75,3185.76,2011.30,977.24,1043.99,423.30,415.01,613.05,524.91,386.45,360.35,148.03,285.58,258.49,253.47,265.31,215.12,140.76,124.40,267.47,190.51,99.15,145.64,88.05,0.00,119.78,60.53,30.51,97.06,122.35,0.00
88581,88626,88603.5,3408.62,8.71,0.11,2.25,0.00,0.00,0.00,15244.66,11287.90,8151.86,8923.88,12860.94,11612.88,7838.70,7207.97,5583.45,4717.78,2994.72,2649.44,1214.57,1291.06,426.23,1137.05,749.72,331.21,365.98,525.96,377.19,414.64,450.61,199.56,245.77,394.96,71.70,216.65,431.24,267.67,73.18,198.09,156.95,6.88,59.08,210.08,30.26,61.11,30.98,63.32,0.00
88640,88685,88662.5,1995.15,7.87,0.10,2.25,0.00,0.00,0.00,1519.69,5075.82,2726.91,6475.24,6553.27,3632.80,5402.96,2862.10,4163.85,3563.69,2763.84,2445.90,2314.78,2533.61,1337.70,1532.06,1897.42,1175.10,743.12,709.43,432.57,303.55,605.45,735.34,349.44,321.63,324.28,108.08,178.62,92.62,139.30,181.51,221.71,121.11,127.03,90.22,0.00,61.27,0.00,0.00,21.61
88700,88745,88722.5,1731.34,6.89,0.08,2.25,0.00,0.00,0.00,3732.35,2245.19,0.00,4521.47,3081.02,4184.00,5308.59,3418.82,3572.76,2889.63,2928.31,3450.66,2813.82,2087.22,1961.08,1778.22,1343.32,1065.13,817.50,633.49,276.63,339.52,488.00,318.07,399.97,502.60,109.19,152.51,229.97,172.00,53.41,125.68,161.99,39.77,36.47,46.86,42.35,30.87,0.00,0.00,41.97
88759,88804,88781.5,1621.40,7.10,0.09,2.25,0.00,0.00,0.00,4959.49,922.33,433.37,3135.94,2936.37,2835.43,2778.52,3111.64,4592.48,2756.07,3312.03,2875.65,2891.03,2121.37,2107.16,1541.52,1341.62,822.58,1267.51,974.95,636.00,468.52,551.07,409.90,335.76,204.23,307.91,371.87,122.80,153.82,136.28,78.31,59.76,62.81,138.38,26.67,70.00,0.00,0.00,0.00,0.00
88818,88863,88840.5,1550.50,5.91,0.07,2.23,0.00,0.00,0.00,2726.66,3244.00,2735.15,2583.70,4977.54,2403.97,1028.44,2133.36,3412.18,2377.13,3444.34,3453.59,3266.25,2764.65,1803.89,1620.91,1438.17,613.34,373.28,547.72,405.88,364.10,383.28,128.78,90.55,40.80,165.41,179.13,216.64,63.74,67.48,103.87,143.19,40.95,106.76,43.94,61.23,61.92,0.00,0.00,0.00
88877,88922,88899.5,2058.35,9.94,0.18,2.13,0.00,0.00,0.00,2423.91,5537.95,6532.59,2868.10,4572.52,6385.34,3942.98,5103.75,3443.88,3775.21,2810.44,2000.89,1602.87,2967.26,2303.79,1639.66,1026.25,1015.84,706.33,784.28,648.39,183.13,496.67,348.56,129.49,197.37,383.07,313.62,193.18,55.59,237.13,148.50,224.73,162.21,92.06,144.16,9.33,120.39,64.58,91.38,15.99
88936,88981,88958.5,4586.13,11.33,0.17,1.95,0.00,0.00,27075.44,18940.02,24890.85,19173.35,12079.73,7840.34,7995.42,5758.83,2899.40,2551.28,1563.57,2103.03,1456.62,950.29,1310.19,478.52,866.59,863.73,757.95,778.07,642.72,522.31,501.46,647.35,434.17,400.56,556.82,368.47,187.11,146.96,265.41,243.37,305.91,251.78,304.59,94.82,124.17,130.54,127.05,51.88,56.29,0.00
88995,89040,89017.5,1920.43,52.66,1.42,1.84,0.00,0.00,3747.11,3135.99,1437.38,1123.64,688.12,1312.31,1745.82,1132.90,868.75,1701.37,1752.75,1261.50,1497.18,1913.80,1654.15,1839.58,1474.38,1915.55,1497.53,1399.66,1500.29,1563.47,1305.45,1450.39,1154.71,657.58,425.08,1084.92,1028.60,1875.13,2023.57,2764.30,1809.55,1142.26,1151.32,1153.48,742.30,759.64,1369.18,1219.60,1001.73,736.50
