Data/Raw/MOORE,RICHARD/FIREXAQ-LARGE-SMPS_DC8_20190807_R0.ict
88,1001
Richard Moore, Elizabeth Wiggins, Edward Winstead, Claire Robinson, Lee Thornhill, and Kevin Sanchez
NASA Langley Research Center
In-situ Submicron Particle Size Distributions from a SMPS on the NASA DC-8
FIREXAQ
1,1
2019,08,07,2020,03,10
0
Time_start,Secs after midnight,Time of acquisition
50
1,1,1,1,1,1,1,1,1,1,1,1,1,1,1,1,1,1,1,1,1,1,1,1,1,1,1,1,1,1,1,1,1,1,1,1,1,1,1,1,1,1,1,1,1,1,1,1,1,1
-9999,-9999,-9999,-9999,-9999,-9999,-9999,-9999,-9999,-9999,-9999,-9999,-9999,-9999,-9999,-9999,-9999,-9999,-9999,-9999,-9999,-9999,-9999,-9999,-9999,-9999,-9999,-9999,-9999,-9999,-9999,-9999,-9999,-9999,-9999,-9999,-9999,-9999,-9999,-9999,-9999,-9999,-9999,-9999,-9999,-9999,-9999,-9999,-9999,-9999
Time_stop,Secs after midnight,Time of acquisition
Time_mid,Secs after midnight,Time of acquisition
nSMPS_stdPT,#/cm3,AerMP_NumConc_InSitu_RHd_Mobility_NucltoAccu_STP,integrated_number_density
sSMPS_stdPT,um2/cm3,AerMP_SurfAreaConc_InSitu_RHd_Mobility_NucltoAccu_STP,integrated_surface_area
vSMPS_stdPT,um3/cm3,AerMP_VolConc_InSitu_RHd_Mobility_NucltoAccu_STP,integrated_volume
SMPS_stdPT, unitless, None, conversion between ambient PT and standard PT (1013, 273)
SMPS_bin00_stdPT,#/cm3,AerMP_NumSizeDist_InSitu_RHd_Mobility_NucltoAccu_STP,Binned number size distribution (in dNdlogDp) measured by the SMPS
SMPS_bin01_stdPT,#/cm3,AerMP_NumSizeDist_InSitu_RHd_Mobility_NucltoAccu_STP,Binned number size distribution (in dNdlogDp) measured by the SMPS
SMPS_bin02_stdPT,#/cm3,AerMP_NumSizeDist_InSitu_RHd_Mobility_NucltoAccu_STP,Binned number size distribution (in dNdlogDp) measured by the SMPS
SMPS_bin03_stdPT,#/cm3,AerMP_NumSizeDist_InSitu_RHd_Mobility_NucltoAccu_STP,Binned number size distribution (in dNdlogDp) measured by the SMPS
SMPS_bin04_stdPT,#/cm3,AerMP_NumSizeDist_InSitu_RHd_Mobility_NucltoAccu_STP,Binned number size distribution (in dNdlogDp) measured by the SMPS
SMPS_bin05_stdPT,#/cm3,AerMP_NumSizeDist_InSitu_RHd_Mobility_NucltoAccu_STP,Binned number size distribution (in dNdlogDp) measured by the SMPS
SMPS_bin06_stdPT,#/cm3,AerMP_NumSizeDist_InSitu_RHd_Mobility_NucltoAccu_STP,Binned number size distribution (in dNdlogDp) measured by the SMPS
SMPS_bin07_stdPT,#/cm3,AerMP_NumSizeDist_InSitu_RHd_Mobility_NucltoAccu_STP,Binned number size distribution (in dNdlogDp) measured by the SMPS
SMPS_bin08_stdPT,#/cm3,AerMP_NumSizeDist_InSitu_RHd_Mobility_NucltoAccu_STP,Binned number size distribution (in dNdlogDp) measured by the SMPS
SMPS_bin09_stdPT,#/cm3,AerMP_NumSizeDist_InSitu_RHd_Mobility_NucltoAccu_STP,Binned number size distribution (in dNdlogDp) measured by the SMPS
SMPS_bin10_stdPT,#/cm3,AerMP_NumSizeDist_InSitu_RHd_Mobility_NucltoAccu_STP,Binned number size distribution (in dNdlogDp) measured by the SMPS
SMPS_bin11_stdPT,#/cm3,AerMP_NumSizeDist_InSitu_RHd_Mobility_NucltoAccu_STP,Binned number size distribution (in dNdlogDp) measured by the SMPS
SMPS_bin12_stdPT,#/cm3,AerMP_NumSizeDist_InSitu_RHd_Mobility_NucltoAccu_STP,Binned number size distribution (in dNdlogDp) measured by the SMPS
SMPS_bin13_stdPT,#/cm3,AerMP_NumSizeDist_InSitu_RHd_Mobility_NucltoAccu_STP,Binned number size distribution (in dNdlogDp) measured by the SMPS
SMPS_bin14_stdPT,#/cm3,AerMP_NumSizeDist_InSitu_RHd_Mobility_NucltoAccu_STP,Binned number size distribution (in dNdlogDp) measured by the SMPS
[...]
UNCERTAINTY:  20%
ULOD_FLAG: -7777
ULOD_VALUE: N/A
LLOD_FLAG: -8888
LLOD_VALUE: N/A
DM_CONTACT_INFO: Lee Thornhill (Kenneth.L.Thornhill@nasa.gov)
PROJECT_INFO: FIREX-AQ
STIPULATIONS_ON_USE: No stipulations on use. The user is encouraged to contact the PI or DM prior to use.
OTHER_COMMENTS: Midpoint diameters of Bins 00 to 43 are: 0.011,0.012,0.013,0.014,0.015,0.016,0.017,0.018,0.019,0.021,0.022,0.024,0.026,0.028,0.030,0.032,0.035,0.037,0.040,0.043,0.046,0.050,0.053,0.057,0.061,0.066,0.071,0.076,0.082,0.088,0.095,0.102,0.109,0.118,0.126,0.136,0.146,0.157,0.168,0.181,0.194,0.209,0.225,0.241
REVISION: R0
R0: Final Data. Data are corrected for time lags and ammonium sulfate size calibrations.
*******************************************************************************************************************************
Time_start,Time_stop,Time_mid,nSMPS_stdPT,sSMPS_stdPT,vSMPS_stdPT,SMPS_stdPT,SMPS_bin00_stdPT,SMPS_bin01_stdPT,SMPS_bin02_stdPT,SMPS_bin03_stdPT,SMPS_bin04_stdPT,SMPS_bin05_stdPT,SMPS_bin06_stdPT,SMPS_bin07_stdPT,SMPS_bin08_stdPT,SMPS_bin09_stdPT,SMPS_bin10_stdPT,SMPS_bin11_stdPT,SMPS_bin12_stdPT,SMPS_bin13_stdPT,SMPS_bin14_stdPT,SMPS_bin15_stdPT,SMPS_bin16_stdPT,SMPS_bin17_stdPT,SMPS_bin18_stdPT,SMPS_bin19_stdPT,SMPS_bin20_stdPT,SMPS_bin21_stdPT,SMPS_bin22_stdPT,SMPS_bin23_stdPT,SMPS_bin24_stdPT,SMPS_bin25_stdPT,SMPS_bin26_stdPT,SMPS_bin27_stdPT,SMPS_bin28_stdPT,SMPS_bin29_stdPT,SMPS_bin30_stdPT,SMPS_bin31_stdPT,SMPS_bin32_stdPT,SMPS_bin33_stdPT,SMPS_bin34_stdPT,SMPS_bin35_stdPT,SMPS_bin36_stdPT,SMPS_bin37_stdPT,SMPS_bin38_stdPT,SMPS_bin39_stdPT,SMPS_bin40_stdPT,SMPS_bin41_stdPT,SMPS_bin42_stdPT,SMPS_bin43_stdPT
[from data line 184]
86481,86526,86503.5,2605.02,234.18,7.87,1.60,0.00,3227.23,979.79,669.46,2238.77,348.76,311.24,537.78,0.00,391.44,325.31,570.87,299.48,435.27,107.20,306.65,102.09,356.99,185.31,296.85,344.30,245.24,90.33,450.10,143.78,0.00,394.81,1161.79,594.33,1073.59,2206.08,1998.89,2321.14,2736.10,2461.99,2195.45,4914.73,4641.10,4288.67,8017.75,7284.19,7437.51,6197.64,5439.78
86540,86585,86562.5,7698.04,890.90,31.45,1.60,0.00,0.00,4201.92,804.67,1294.91,951.68,311.09,164.21,150.01,500.46,953.62,527.62,615.32,512.61,266.98,203.80,192.41,199.38,546.06,294.30,176.82,161.78,225.55,0.00,89.67,175.05,1297.44,2552.57,5142.12,4126.53,4331.69,4466.93,4455.27,1066.77,518.00,4306.50,7411.26,11522.88,13262.10,30981.64,32023.08,28254.78,29489.80,25074.35
86599,86644,86621.5,31284.62,3868.93,137.39,1.60,0.00,2425.06,6633.10,1247.77,0.00,606.69,233.25,0.00,336.53,416.44,106.82,454.14,164.61,1.08,54.57,137.89,234.08,91.53,176.42,261.41,345.18,106.64,383.54,509.46,13.42,2946.46,7901.91,7308.92,13947.90,17829.39,16754.31,11355.10,8809.68,12785.08,0.00,5872.45,31748.09,50979.71,61858.38,127186.77,135294.08,136990.62,129078.24,109774.99
86658,86703,86680.5,40798.42,4840.59,167.83,1.60,0.00,0.00,805.20,0.00,404.45,0.00,469.20,0.03,0.10,265.98,0.00,90.19,0.00,0.00,61.44,56.84,56.18,178.73,319.14,130.87,14.58,831.96,3.29,0.00,2452.37,6418.85,6674.18,11523.49,21883.95,14478.58,10725.61,5778.85,14603.17,4982.97,13983.10,42960.57,70102.40,79638.66,108424.41,196778.94,166911.23,145535.38,143242.81,127230.46
86717,86762,86739.5,11388.70,1245.37,42.33,1.60,0.00,1213.58,807.27,669.38,0.00,2867.60,631.84,185.75,304.46,765.59,341.47,457.39,245.05,346.73,183.31,221.42,254.34,416.75,436.78,404.47,688.25,282.23,101.94,156.40,588.10,233.46,1524.56,3165.72,5188.77,5130.99,5564.82,4717.75,6719.14,5878.10,5122.59,9803.24,23220.38,24316.68,31417.14,43103.03,45855.39,43220.39,34718.58,30613.58
86776,86821,86798.5,3719.68,319.98,10.81,1.60,0.00,2793.07,978.20,3853.41,1830.17,180.79,358.10,1278.76,1200.04,1214.83,2160.02,2173.91,1682.61,1269.15,850.71,466.85,338.44,557.19,601.02,331.21,646.32,236.78,292.82,287.64,760.45,1090.35,1251.18,1343.13,1746.02,1139.56,1397.28,733.38,953.63,2014.12,2262.39,3761.70,6334.83,7074.03,6553.91,10577.69,11680.14,9926.21,8735.68,7556.60
86835,86880,86857.5,1934.50,106.81,3.59,1.60,0.00,3631.05,2591.12,2700.11,2431.30,4638.76,1868.64,1430.65,990.58,627.34,1599.29,826.13,1252.60,604.90,1225.99,487.81,327.42,406.33,278.46,333.78,491.54,320.86,411.59,260.98,528.49,692.07,427.49,757.01,722.07,1135.70,518.16,396.37,761.38,1343.12,311.37,338.19,1919.13,1775.26,1598.84,3521.14,4514.51,3308.46,3114.39,2039.04
86894,86939,86916.5,1264.75,41.28,1.31,1.60,0.00,2796.88,805.98,6192.66,1630.77,880.04,1148.11,1372.27,479.51,1208.67,1664.39,1016.25,1207.72,1082.54,711.25,500.19,315.02,447.80,672.75,392.46,452.63,251.58,396.62,580.92,465.12,397.97,729.61,411.32,733.78,691.06,429.78,350.41,221.31,274.33,110.55,263.89,911.21,693.95,877.69,1588.70,1499.41,997.47,901.78,1072.28
86953,86998,86975.5,5969.62,763.00,28.09,1.60,0.00,1214.35,4193.92,853.53,1151.46,953.24,734.77,208.40,166.38,261.48,442.40,253.22,765.09,257.16,442.10,370.63,810.18,353.06,503.15,740.68,818.97,311.57,604.04,0.00,13.03,807.28,1490.13,1057.48,2761.30,3415.11,2702.99,0.00,0.00,0.00,0.00,0.00,0.00,2341.41,3280.98,24391.74,29443.07,27438.61,26850.77,23335.25
87012,87057,87034.5,31750.99,3942.63,139.54,1.60,0.00,0.00,2754.16,1179.77,1777.06,875.05,333.97,1512.92,296.76,276.41,916.41,429.83,1236.66,701.43,148.19,226.92,241.33,178.85,327.77,135.48,223.88,0.00,0.00,0.00,0.00,3250.73,6752.69,9740.35,14149.67,16988.81,15310.78,4973.56,5256.98,7451.97,0.00,1213.67,34193.46,52625.83,70572.55,143318.88,146981.31,138427.66,126485.53,111362.01
87071,87116,87093.5,20731.02,2289.99,78.50,1.60,0.00,401.78,13795.64,5403.36,1565.74,1255.03,492.41,1144.50,1102.44,2376.22,1287.37,1683.28,626.54,113.78,44.88,235.35,202.75,258.07,235.18,692.90,386.55,0.00,90.07,209.70,1090.14,3089.48,4970.63,5769.28,8981.67,6793.34,4459.86,1364.67,4274.92,2850.83,10400.07,23031.19,39116.07,47910.48,57597.16,86554.34,80766.74,73959.83,64135.16,56245.02
87130,87175,87152.5,8393.99,887.19,29.98,1.60,0.00,1212.67,641.58,1430.76,3115.34,605.74,1049.62,559.34,302.58,613.56,492.93,418.40,567.09,555.09,465.02,195.60,354.85,418.76,313.75,127.98,408.68,669.40,360.07,387.23,613.36,938.40,2360.33,2588.99,3655.30,1490.98,1673.11,3155.97,3898.48,3214.18,6200.21,9559.15,13967.89,19596.62,27486.24,33598.95,27862.84,30087.69,25323.44,20436.59
87189,87234,87211.5,2469.01,255.79,8.91,1.60,0.00,1215.65,1958.40,0.00,0.02,689.79,766.18,418.48,0.00,0.00,216.00,173.26,187.79,326.30,463.06,273.74,435.72,210.43,175.18,348.23,500.56,273.94,662.07,473.49,431.53,425.65,1010.03,1079.05,784.24,1590.20,1236.60,438.75,1057.12,1421.50,38.38,1581.97,3134.00,3566.60,3348.64,8769.03,10320.33,8673.34,7322.31,7010.53
87248,87293,87270.5,1879.11,205.04,7.22,1.60,0.00,0.00,0.00,556.47,0.00,0.02,0.03,0.00,204.47,625.20,0.00,77.65,316.80,232.35,32.83,324.62,426.96,122.79,206.92,500.03,332.48,393.12,575.57,378.40,383.88,604.92,976.27,1504.03,1510.86,1474.46,1562.65,266.99,52.91,0.00,0.00,0.00,592.18,2570.20,4249.10,7393.58,7177.98,7796.07,5912.17,5572.94
87307,87352,87329.5,1152.60,96.15,3.26,1.63,0.00,0.00,640.04,136.82,405.36,303.25,0.01,604.76,641.43,259.55,0.00,96.30,232.68,197.17,506.75,123.92,234.57,342.58,434.07,487.50,426.89,314.07,653.64,685.26,603.44,733.14,870.42,699.32,781.76,763.37,952.40,235.06,243.62,540.47,240.88,355.07,2080.14,1488.90,1667.06,3375.02,3163.54,3467.84,2395.99,2254.04
87366,87411,87388.5,13467.25,1798.05,65.84,1.65,0.00,1414.26,815.72,2445.27,1762.42,688.16,0.00,373.40,152.80,263.23,566.92,471.63,536.11,143.94,254.12,318.41,514.53,759.13,380.72,472.65,446.38,374.18,322.59,0.00,0.00,854.78,1326.49,2273.26,6338.93,10031.71,5742.26,1910.54,1463.18,961.15,0.00,0.00,0.00,3158.89,18655.42,59695.22,64570.62,63887.83,63764.67,59410.11
87425,87470,87447.5,29017.55,3919.75,142.13,1.65,0.00,0.00,1950.64,0.00,276.94,643.68,267.06,0.04,0.05,0.13,227.97,0.00,0.00,0.00,0.00,173.24,104.85,174.00,155.48,291.19,35.81,0.00,32.46,0.00,0.00,1644.25,3969.25,3726.50,9605.39,12201.71,8976.54,0.00,1920.92,2092.66,0.00,0.00,17008.08,39296.57,54950.72,126533.66,135647.05,139143.02,134154.84,122542.13
87484,87529,87506.5,41499.05,5653.08,205.59,1.65,0.00,0.00,0.00,1333.69,270.15,0.01,0.01,235.91,0.01,0.00,0.00,0.00,0.00,99.06,73.90,47.86,97.77,182.47,114.44,234.80,20.92,0.00,0.00,0.00,0.00,1816.75,7712.86,9397.74,14406.96,17289.72,12670.47,195.87,0.00,1508.98,0.00,0.00,18491.28,61055.73,70825.15,159269.78,212429.47,204976.38,192160.78,178489.23
87543,87588,87565.5,11566.23,1413.76,50.20,1.65,0.00,0.00,3336.88,1084.13,1906.18,0.00,0.00,424.00,249.71,0.00,449.79,274.76,344.96,332.60,119.91,113.53,136.38,276.16,264.94,334.72,289.82,162.38,250.75,286.02,86.90,951.58,1857.19,1626.80,3489.17,5179.45,3684.51,1905.68,5894.22,8669.33,2211.69,6210.24,13940.56,17136.13,20258.53,47527.19,47443.83,47112.36,45614.07,41650.28
87602,87647,87624.5,5354.82,653.85,23.40,1.65,0.00,0.00,1233.00,4284.49,640.07,0.00,202.41,0.00,321.24,375.10,118.48,66.33,140.18,188.88,297.18,619.48,938.40,612.07,430.94,561.73,353.12,25.50,61.40,182.06,102.89,1027.71,1659.81,1046.94,2334.44,1936.38,565.34,0.00,0.00,0.00,0.00,1204.09,3852.39,7557.55,10146.41,24963.34,23139.67,21875.31,21973.87,19731.22
87661,87706,87683.5,1849.34,168.57,5.86,1.65,0.00,0.00,1879.10,1336.71,1313.73,0.00,591.90,0.00,541.77,497.66,55.89,512.88,207.11,234.69,369.63,335.03,528.13,335.19,557.56,246.53,668.90,834.92,666.22,655.42,556.81,520.62,347.41,182.25,889.09,654.26,320.06,816.40,2035.77,1998.52,538.64,1368.37,2496.92,2856.77,1744.22,4844.98,5583.55,4636.41,4998.64,4580.60
87720,87765,87742.5,1164.84,82.60,2.85,1.65,0.00,0.00,2519.38,2672.63,471.16,0.00,822.32,682.06,426.14,0.45,371.11,527.82,256.43,183.05,59.01,0.00,340.14,78.38,405.46,534.87,640.55,628.26,384.65,773.30,602.53,541.38,459.60,580.19,410.59,548.36,929.50,820.11,952.59,1198.93,265.96,741.20,787.91,412.10,625.50,2105.17,2333.76,2829.67,2561.09,2938.71
87780,87825,87802.5,813.66,41.85,1.35,1.65,0.00,0.00,2953.32,0.00,0.00,693.51,889.48,420.38,491.62,465.73,125.41,627.70,228.56,147.87,164.10,0.00,581.38,206.61,592.50,177.73,385.74,386.53,433.09,655.69,637.84,1064.88,497.93,720.68,852.01,492.02,431.79,565.32,365.15,615.45,67.22,647.11,478.15,232.65,881.88,1370.98,1102.43,1487.64,1269.89,918.17
87839,87884,87861.5,686.71,22.62,0.69,1.65,0.00,0.00,2105.07,1333.76,270.45,1399.30,838.19,0.00,144.06,354.08,232.62,227.28,185.97,485.60,515.48,237.99,778.30,613.44,361.66,334.08,440.52,770.36,550.66,488.66,682.69,507.07,441.55,395.35,659.79,472.68,555.26,698.52,180.48,164.83,322.09,81.36,205.20,77.49,434.97,582.41,648.66,617.98,831.96,384.41
87898,87943,87920.5,12356.24,1805.04,67.84,1.65,0.00,0.00,0.00,1334.04,313.65,0.00,0.00,421.49,578.75,921.10,259.40,336.84,87.35,358.57,417.30,349.27,399.73,718.11,295.28,547.49,524.02,312.90,350.88,292.38,122.79,982.77,1369.80,1121.69,3870.70,4810.48,1648.92,0.00,821.90,0.00,0.00,0.00,1341.34,932.24,2808.91,40076.61,66181.49,64085.41,63738.87,67453.00
87957,88002,87979.5,27048.00,3786.60,138.68,1.65,0.00,0.00,0.00,0.00,549.93,0.00,0.01,0.00,0.03,126.38,466.36,66.10,116.45,118.99,134.01,222.11,64.45,55.66,211.32,241.23,29.42,0.00,0.00,0.00,0.00,2082.91,2687.34,1817.40,6784.66,8248.88,1804.44,0.00,735.57,2135.33,0.00,409.66,14232.23,31418.96,41727.79,106931.54,138513.59,132664.94,134161.50,123309.46
88016,88061,88038.5,26600.17,3404.52,121.31,1.65,0.00,200.39,1789.33,0.00,1011.49,0.01,801.43,2346.22,2290.91,267.18,0.00,0.00,0.00,0.00,26.62,75.32,124.38,271.93,863.22,1144.18,239.17,0.00,0.00,0.00,29.75,2395.40,4296.16,6356.77,7803.39,10324.34,6168.84,0.00,0.00,4444.60,0.00,3108.01,29932.24,52367.45,60459.25,119264.47,122603.05,118010.89,107937.52,96177.25
88075,88120,88097.5,8528.51,1062.60,38.16,1.65,0.00,0.00,1608.08,2143.35,1075.94,687.48,498.16,395.15,312.21,638.65,682.28,831.07,434.78,392.01,565.37,501.85,462.83,537.30,432.77,592.39,892.28,18.96,106.89,358.89,1.24,745.35,2045.09,1802.27,2804.83,3224.28,4933.35,0.00,455.50,1316.81,0.00,0.00,6300.71,13394.87,14665.76,36523.19,38129.88,37601.10,33763.40,31922.21
88134,88179,88156.5,3612.63,377.63,13.46,1.65,0.00,2425.21,3562.90,2121.50,1177.60,2134.12,602.38,497.30,225.45,107.06,220.32,366.55,733.76,371.00,632.22,616.69,473.88,726.59,910.73,579.89,858.10,731.81,763.22,288.12,521.65,567.71,478.12,1108.68,2129.95,1349.71,1616.96,0.00,1650.20,469.70,0.00,0.00,2012.99,4648.36,3700.87,12847.53,13786.20,13630.21,13736.13,11025.46
88193,88238,88215.5,1630.56,100.77,3.50,1.65,0.00,0.00,3875.07,8043.14,2246.03,1399.14,266.20,441.42,355.70,531.42,228.03,370.05,243.71,190.22,359.88,306.52,582.59,446.67,585.42,475.55,615.28,485.23,768.33,860.50,784.77,740.85,1186.24,627.26,696.03,696.83,463.13,606.38,524.89,600.62,0.00,0.00,61.38,1484.44,1462.99,2817.70,3602.64,3417.68,3590.58,2590.56
88252,88297,88274.5,688.22,52.21,1.81,1.68,0.00,0.00,0.00,0.00,0.00,1397.79,606.94,208.16,0.00,0.00,0.16,262.60,347.05,447.88,60.13,62.70,279.15,324.51,357.15,386.55,515.41,346.91,773.93,473.59,487.01,536.46,434.03,571.08,484.76,533.01,281.99,644.49,0.00,0.00,109.05,43.35,214.96,723.60,881.34,1220.36,1748.04,1436.07,1755.29,1894.90
88311,88356,88333.5,461.90,16.22,0.48,1.70,0.00,0.00,0.00,0.00,472.16,0.03,0.00,0.03,0.00,0.00,0.00,195.97,333.84,623.44,458.19,456.29,710.52,459.34,444.95,498.67,938.78,655.16,1093.36,775.09,349.28,510.78,486.95,273.64,468.51,434.51,248.37,127.65,314.99,277.16,266.09,146.48,173.75,180.13,287.00,319.87,404.37,361.71,337.08,308.54
88370,88415,88392.5,585.65,11.40,0.30,1.70,0.00,0.00,1206.40,0.00,556.29,0.00,303.84,654.68,338.65,0.00,375.00,299.33,413.60,435.99,548.91,616.52,603.99,1071.89,1044.61,1118.46,980.09,909.65,967.86,473.57,488.57,439.41,771.91,486.89,563.86,403.50,296.75,13.50,264.84,345.83,9.19,105.66,94.03,152.08,196.61,91.70,211.72,326.27,243.32,182.41
88429,88474,88451.5,591.22,7.80,0.18,1.70,0.00,0.00,2180.64,1608.10,554.76,699.75,569.43,208.08,0.00,149.72,307.31,560.01,501.45,535.78,891.30,750.38,479.92,747.33,458.23,632.82,699.46,578.82,509.03,616.80,596.31,482.86,302.60,292.89,451.22,280.15,499.19,369.34,118.63,24.98,132.20,165.59,128.93,129.18,112.47,96.35,27.89,198.20,85.22,131.97
88488,88533,88510.5,13734.23,1875.82,69.11,1.70,0.00,0.00,2954.91,1469.92,0.01,1160.60,680.38,352.74,748.21,151.81,353.61,620.32,399.73,581.81,474.03,394.78,603.97,975.85,806.80,480.04,529.87,90.19,54.84,174.80,0.00,265.53,3515.88,3400.92,3407.32,5801.59,1916.67,0.00,0.00,0.00,0.00,0.00,7763.35,14866.57,18744.16,40691.46,67353.08,68045.04,65962.20,64648.29
88547,88592,88569.5,25944.90,3552.64,129.17,1.70,0.00,0.00,1011.85,773.99,0.00,406.59,0.01,0.03,278.84,207.38,0.00,109.31,0.00,142.62,203.36,115.30,98.46,138.44,362.21,295.71,91.47,0.00,0.00,0.00,0.00,1101.08,4535.98,3952.50,6267.41,10534.21,4498.00,0.00,0.00,0.00,0.00,0.00,11511.06,33934.98,52451.08,93757.25,136497.08,131911.48,124407.02,113566.48
88606,88651,88628.5,20763.42,2955.59,109.12,1.70,0.00,0.00,787.34,666.06,0.01,0.00,0.03,217.43,0.04,0.04,0.00,0.00,0.00,75.39,146.46,52.79,236.39,105.13,272.21,115.42,84.25,0.00,0.00,0.00,0.00,824.05,2929.30,3758.23,4754.83,8937.25,6642.23,0.00,0.00,0.00,0.00,0.00,3363.81,10988.45,25292.92,69311.83,109651.02,112960.88,112363.16,104097.86
88665,88710,88687.5,9408.90,1127.31,39.82,1.70,0.00,0.00,8943.70,1603.94,1414.30,2272.99,290.03,0.06,169.06,0.00,0.00,203.33,0.00,466.21,253.81,107.22,402.30,291.93,372.06,370.34,268.24,140.88,225.71,171.98,617.98,1381.93,2252.76,2734.75,2505.78,896.79,0.00,0.00,0.00,0.00,0.00,2848.46,16311.49,21459.18,23792.12,34161.91,40645.09,39373.73,35377.65,32709.78
88724,88769,88746.5,2538.95,274.72,9.75,1.70,0.00,0.00,2415.32,1470.21,103.62,315.99,267.04,0.00,0.00,461.54,108.44,200.20,438.53,302.30,301.60,909.21,207.20,487.71,308.42,394.82,696.81,812.73,755.15,634.68,435.27,397.84,803.89,252.00,683.05,1023.64,1012.41,0.00,1238.78,1234.01,250.31,122.04,2843.62,4277.83,5000.34,6296.01,9694.15,9550.50,9499.79,7813.55
88783,88828,88805.5,1288.58,116.51,4.10,1.70,0.00,0.00,971.51,0.00,979.12,0.00,1473.23,448.12,0.00,142.96,374.28,224.18,253.94,227.76,231.66,194.92,144.24,546.28,357.60,590.58,819.76,947.23,857.15,348.44,512.67,782.59,657.73,484.91,475.49,882.83,341.75,454.17,480.98,296.21,0.00,440.68,485.49,1669.36,1573.06,3219.77,4076.33,3806.30,3860.11,3659.73
88842,88887,88864.5,832.68,55.02,1.84,1.70,0.00,0.00,0.00,0.00,556.17,0.00,289.18,210.85,371.23,154.49,240.07,304.20,246.96,353.64,479.50,345.73,601.90,583.33,798.88,638.42,937.48,214.52,565.29,630.73,875.50,720.98,762.93,590.00,570.46,659.03,323.97,599.15,343.08,835.82,4.96,761.38,516.82,532.33,609.93,1284.38,2256.64,1398.28,1794.08,1545.77
88901,88946,88923.5,766.71,36.10,1.20,1.70,0.00,0.00,2963.06,1181.14,773.96,350.46,266.45,0.11,188.51,452.31,228.72,303.52,0.00,213.20,105.30,186.69,422.83,550.15,639.44,605.84,876.86,540.43,730.77,643.55,572.66,594.86,854.82,654.29,739.57,851.50,523.05,136.50,294.46,0.00,0.00,0.00,78.64,283.91,384.43,795.11,1197.41,1426.66,1257.32,866.82
88960,89005,88982.5,5927.47,844.61,31.81,1.70,0.00,0.00,0.00,668.13,0.00,0.00,288.27,445.21,0.00,150.79,265.85,426.44,242.18,319.18,439.11,223.44,119.31,346.20,441.88,625.17,302.93,546.98,428.19,441.97,267.00,927.06,1122.20,1349.77,2260.73,2914.03,1743.68,0.00,665.82,727.60,0.00,0.00,199.29,1134.96,3486.67,13489.51,26748.62,29683.86,32647.06,33063.17
