Data/Raw/MOORE,RICHARD/FIREXAQ-LARGE-SMPS_DC8_20190903_R0.ict
88,1001
Richard Moore, Elizabeth Wiggins, Edward Winstead, Claire Robinson, Lee Thornhill, and Kevin Sanchez
NASA Langley Research Center
In-situ Submicron Particle Size Distributions from a SMPS on the NASA DC-8
FIREXAQ
1,1
2019,09,03,2020,03,10
0
Time_start,Secs after midnight,Time of acquisition
50
1,1,1,1,1,1,1,1,1,1,1,1,1,1,1,1,1,1,1,1,1,1,1,1,1,1,1,1,1,1,1,1,1,1,1,1,1,1,1,1,1,1,1,1,1,1,1,1,1,1
-9999,-9999,-9999,-9999,-9999,-9999,-9999,-9999,-9999,-9999,-9999,-9999,-9999,-9999,-9999,-9999,-9999,-9999,-9999,-9999,-9999,-9999,-9999,-9999,-9999,-9999,-9999,-9999,-9999,-9999,-9999,-9999,-9999,-9999,-9999,-9999,-9999,-9999,-9999,-9999,-9999,-9999,-9999,-9999,-9999,-9999,-9999,-9999,-9999,-9999
Time_stop,Secs after midnight,Time of acquisition
Time_mid,Secs after midnight,Time of acquisition
nSMPS_stdPT,#/cm3,AerMP_NumConc_InSitu_RHd_Mobility_NucltoAccu_STP,integrated_number_density
sSMPS_stdPT,um2/cm3,AerMP_SurfAreaConc_InSitu_RHd_Mobility_NucltoAccu_STP,integrated_surface_area
vSMPS_stdPT,um3/cm3,AerMP_VolConc_InSitu_RHd_Mobility_NucltoAccu_STP,integrated_volume
SMPS_stdPT, unitless, None, conversion between ambient PT and standard PT (1013, 273)
SMPS_bin00_stdPT,#/cm3,AerMP_NumSizeDist_InSitu_RHd_Mobility_NucltoAccu_STP,Binned number size distribution (in dNdlogDp) measured by the SMPS
SMPS_bin01_stdPT,#/cm3,AerMP_NumSizeDist_InSitu_RHd_Mobility_NucltoAccu_STP,Binned number size distribution (in dNdlogDp) measured by the SMPS
SMPS_bin02_stdPT,#/cm3,AerMP_NumSizeDist_InSitu_RHd_Mobility_NucltoAccu_STP,Binned number size distribution (in dNdlogDp) measured by the SMPS
SMPS_bin03_stdPT,#/cm3,AerMP_NumSizeDist_InSitu_RHd_Mobility_NucltoAccu_STP,Binned number size distribution (in dNdlogDp) measured by the SMPS
SMPS_bin04_stdPT,#/cm3,AerMP_NumSizeDist_InSitu_RHd_Mobility_NucltoAccu_STP,Binned number size distribution (in dNdlogDp) measured by the SMPS
SMPS_bin05_stdPT,#/cm3,AerMP_NumSizeDist_InSitu_RHd_Mobility_NucltoAccu_STP,Binned number size distribution (in dNdlogDp) measured by the SMPS
SMPS_bin06_stdPT,#/cm3,AerMP_NumSizeDist_InSitu_RHd_Mobility_NucltoAccu_STP,Binned number size distribution (in dNdlogDp) measured by the SMPS
SMPS_bin07_stdPT,#/cm3,AerMP_NumSizeDist_InSitu_RHd_Mobility_NucltoAccu_STP,Binned number size distribution (in dNdlogDp) measured by the SMPS
SMPS_bin08_stdPT,#/cm3,AerMP_NumSizeDist_InSitu_RHd_Mobility_NucltoAccu_STP,Binned number size distribution (in dNdlogDp) measured by the SMPS
SMPS_bin09_stdPT,#/cm3,AerMP_NumSizeDist_InSitu_RHd_Mobility_NucltoAccu_STP,Binned number size distribution (in dNdlogDp) measured by the SMPS
SMPS_bin10_stdPT,#/cm3,AerMP_NumSizeDist_InSitu_RHd_Mobility_NucltoAccu_STP,Binned number size distribution (in dNdlogDp) measured by the SMPS
SMPS_bin11_stdPT,#/cm3,AerMP_NumSizeDist_InSitu_RHd_Mobility_NucltoAccu_STP,Binned number size distribution (in dNdlogDp) measured by the SMPS
SMPS_bin12_stdPT,#/cm3,AerMP_NumSizeDist_InSitu_RHd_Mobility_NucltoAccu_STP,Binned number size distribution (in dNdlogDp) measured by the SMPS
SMPS_bin13_stdPT,#/cm3,AerMP_NumSizeDist_InSitu_RHd_Mobility_NucltoAccu_STP,Binned number size distribution (in dNdlogDp) measured by the SMPS
SMPS_bin14_stdPT,#/cm3,AerMP_NumSizeDist_InSitu_RHd_Mobility_NucltoAccu_STP,Binned number size distribution (in dNdlogDp) measured by the SMPS
[...]
UNCERTAINTY:  20%
ULOD_FLAG: -7777
ULOD_VALUE: N/A
LLOD_FLAG: -8888
LLOD_VALUE: N/A
DM_CONTACT_INFO: Lee Thornhill (Kenneth.L.Thornhill@nasa.gov)
PROJECT_INFO: FIREX-AQ
STIPULATIONS_ON_USE: No stipulations on use. The user is encouraged to contact the PI or DM prior to use.
OTHER_COMMENTS: Midpoint diameters of Bins 00 to 43 are: 0.011,0.012,0.013,0.014,0.015,0.016,0.017,0.018,0.019,0.021,0.022,0.024,0.026,0.028,0.030,0.032,0.035,0.037,0.040,0.043,0.046,0.050,0.053,0.057,0.061,0.066,0.071,0.076,0.082,0.088,0.095,0.102,0.109,0.118,0.126,0.136,0.146,0.157,0.168,0.181,0.194,0.209,0.225,0.241
REVISION: R0
R0: Final Data. Data are corrected for time lags and ammonium sulfate size calibrations.
*******************************************************************************************************************************
Time_start,Time_stop,Time_mid,nSMPS_stdPT,sSMPS_stdPT,vSMPS_stdPT,SMPS_stdPT,SMPS_bin00_stdPT,SMPS_bin01_stdPT,SMPS_bin02_stdPT,SMPS_bin03_stdPT,SMPS_bin04_stdPT,SMPS_bin05_stdPT,SMPS_bin06_stdPT,SMPS_bin07_stdPT,SMPS_bin08_stdPT,SMPS_bin09_stdPT,SMPS_bin10_stdPT,SMPS_bin11_stdPT,SMPS_bin12_stdPT,SMPS_bin13_stdPT,SMPS_bin14_stdPT,SMPS_bin15_stdPT,SMPS_bin16_stdPT,SMPS_bin17_stdPT,SMPS_bin18_stdPT,SMPS_bin19_stdPT,SMPS_bin20_stdPT,SMPS_bin21_stdPT,SMPS_bin22_stdPT,SMPS_bin23_stdPT,SMPS_bin24_stdPT,SMPS_bin25_stdPT,SMPS_bin26_stdPT,SMPS_bin27_stdPT,SMPS_bin28_stdPT,SMPS_bin29_stdPT,SMPS_bin30_stdPT,SMPS_bin31_stdPT,SMPS_bin32_stdPT,SMPS_bin33_stdPT,SMPS_bin34_stdPT,SMPS_bin35_stdPT,SMPS_bin36_stdPT,SMPS_bin37_stdPT,SMPS_bin38_stdPT,SMPS_bin39_stdPT,SMPS_bin40_stdPT,SMPS_bin41_stdPT,SMPS_bin42_stdPT,SMPS_bin43_stdPT
[from data line 387]
80425,80470,80447.5,28947.23,270.72,8.80,2.48,0.00,0.00,0.00,0.00,197790.41,130957.30,103298.55,72687.12,56466.78,48728.98,35997.79,34207.97,23805.21,20479.13,16198.04,15813.67,13936.99,14129.34,12969.15,10511.31,9521.12,9371.37,8558.63,6882.34,6303.49,5711.57,5243.93,4373.66,5284.03,4479.54,4405.49,4747.61,4783.85,2688.17,2863.01,2600.20,768.51,0.00,456.68,1444.84,593.82,4055.49,4771.24,4404.01
80484,80529,80506.5,31261.30,266.22,8.49,2.48,0.00,0.00,0.00,0.00,240981.73,133196.64,109086.62,83416.40,57589.55,41525.12,44165.03,32637.99,27132.46,24289.14,20947.59,17290.48,13237.97,14315.30,12912.38,12202.89,10422.84,8584.27,7794.44,6972.57,6468.85,4599.29,5631.91,5250.38,4784.10,4964.63,5343.81,3070.45,3411.21,2322.35,2503.02,1558.34,1113.94,1058.34,547.85,1553.32,1514.75,4046.33,4415.23,4374.72
80543,80588,80565.5,28673.73,260.83,8.42,2.48,0.00,0.00,0.00,0.00,208084.97,130095.37,92574.71,72959.50,58843.23,43509.55,36603.27,31291.21,27295.22,19458.87,19915.53,14496.61,15883.59,13692.05,10549.94,9314.94,9528.79,8243.34,8228.17,6844.16,6235.09,6167.25,4803.90,4361.48,5089.73,3685.05,2821.92,3472.01,3478.50,2954.90,3238.73,2387.29,1754.72,1050.23,1833.85,673.41,390.32,3942.72,4485.69,4113.28
80602,80647,80624.5,29639.21,252.94,8.03,2.48,0.00,0.00,0.00,0.00,201513.17,167162.73,93591.04,74169.45,60437.88,47293.18,34547.50,30153.10,24525.29,22505.29,18016.34,13729.09,14878.88,13122.98,10723.52,9752.77,9592.33,8151.55,7322.96,7617.24,6526.40,4841.98,5332.17,4438.03,4151.52,5084.86,4802.35,3836.14,3985.70,2551.14,3273.86,2447.71,542.46,139.74,752.92,1159.27,486.93,4059.18,4548.86,4425.18
80661,80706,80683.5,28772.15,259.53,8.45,2.48,0.00,0.00,0.00,0.00,222547.91,142724.56,84073.76,75247.73,54630.26,46284.19,33794.48,27139.80,22104.50,21902.76,18469.09,15496.73,14546.56,12307.29,9056.00,9147.32,8651.70,7246.38,7943.55,6847.96,5133.03,6069.06,5461.19,5216.40,4737.68,5280.79,3961.61,3739.33,3633.48,3213.00,2453.83,2285.42,522.78,797.29,178.50,169.71,1028.78,3372.63,5050.21,4544.41
80720,80765,80742.5,28825.69,261.43,8.34,2.48,0.00,0.00,0.00,0.00,182252.91,133706.25,105118.51,71868.32,58588.15,41496.64,39482.77,29585.06,27391.26,22161.83,18552.45,18343.32,20185.29,13578.40,11332.21,10651.54,9244.55,8320.42,7897.33,7831.81,7465.78,6457.22,5815.75,5617.87,5502.25,3933.39,4505.25,4019.76,3593.57,3378.18,3173.57,2357.09,0.00,732.29,1147.04,284.75,951.79,4266.41,4222.97,4378.84
80779,80824,80801.5,28440.88,284.49,9.43,2.48,0.00,0.00,0.00,0.00,177311.62,121272.38,108413.01,80380.86,55185.24,46694.23,38207.98,29462.91,25515.46,19399.07,19847.43,17250.78,14464.38,12572.81,12143.71,12475.42,10034.44,8553.37,7434.78,7590.69,7025.42,5513.85,5424.22,4497.03,4112.55,4271.38,3814.39,5425.76,4179.59,2659.71,3461.99,3260.64,519.96,61.05,1225.66,911.82,468.99,4057.21,5182.25,4692.10
80838,80883,80860.5,29516.93,265.97,8.58,2.48,0.00,0.00,0.00,0.00,206212.86,126624.34,113741.73,78601.88,63530.27,48008.54,37771.91,30679.33,21914.34,22237.16,16673.34,14933.70,13029.21,11592.94,12017.09,13307.71,8124.94,6691.28,7449.19,8188.46,6456.92,6036.40,5778.98,5148.34,3560.52,3982.39,3540.25,4595.95,3974.37,3579.83,2983.10,3202.40,997.83,616.64,1270.51,931.34,585.69,3547.23,4389.82,4310.75
80897,80942,80919.5,31997.83,235.37,7.25,2.47,0.00,0.00,0.00,0.00,220886.30,168223.27,109163.21,83500.47,64575.91,55394.66,43662.49,37020.14,25670.88,22379.42,19526.49,15795.05,15128.89,14565.78,11508.48,10470.21,9640.90,7718.85,7772.29,6440.98,6475.26,6247.79,4146.85,4570.88,4105.68,4022.68,3963.37,4482.87,3910.63,3122.64,2899.10,2505.01,820.65,0.00,176.51,748.18,555.23,3018.53,3295.31,4661.49
80956,81001,80978.5,26246.50,224.82,7.14,2.45,0.00,0.00,0.00,0.00,192279.50,123347.55,102468.82,66076.97,51659.73,32802.11,31199.22,20298.16,22392.53,21625.11,17908.83,13058.90,11991.87,11706.91,10071.57,9723.04,9058.82,7090.22,6967.47,4901.87,6837.14,4994.65,4741.88,5303.75,3166.08,3467.28,2527.12,3861.02,3083.45,3767.41,2881.72,3528.90,2391.96,354.12,704.28,808.20,238.62,1557.23,3753.32,4029.72
81016,81061,81038.5,30334.74,342.83,11.88,2.36,0.00,0.00,0.00,0.00,220215.61,149284.78,93085.97,73803.80,55630.30,44611.64,35167.16,30062.63,25099.72,21248.52,18334.98,17703.59,14677.62,13548.02,13280.84,9836.27,9972.51,9827.82,9425.01,8232.23,6767.98,5404.91,5507.56,4804.63,5167.82,5964.02,4181.88,5046.58,4635.46,3272.48,3536.30,3928.15,0.00,788.81,601.04,1016.58,480.94,4174.95,5691.58,5782.54
81075,81120,81097.5,66199.77,445.73,13.93,2.17,0.00,0.00,0.00,536172.44,357784.91,245826.45,194580.66,144010.39,116221.95,71649.09,59698.78,40256.52,35037.06,32858.06,24269.51,22297.19,19717.09,16542.73,15593.56,13809.56,14013.02,11231.93,11497.88,10166.31,8287.74,7433.94,7137.95,7433.96,5932.45,6846.52,6646.59,6325.66,4208.61,3459.50,2022.35,0.00,0.00,467.69,1005.85,1243.47,6889.88,11045.60,10261.76,9632.38
81134,81179,81156.5,72358.03,381.68,10.91,1.96,0.00,0.00,674200.62,407600.06,241080.39,172646.09,132365.14,103207.27,69143.79,62796.61,47455.53,38248.54,33650.04,31605.32,24884.87,23781.68,24351.55,21226.22,18487.32,16743.70,13740.57,12054.99,9346.46,11506.13,10685.10,9054.06,8217.75,6952.51,6767.46,6694.66,6389.31,5648.31,5469.72,5209.54,3169.39,1347.21,1826.04,3124.54,1865.06,2421.10,6269.37,7053.74,6548.19,6867.73
81193,81238,81215.5,116362.43,459.70,11.36,1.77,0.00,1009790.44,615492.94,427886.06,291000.50,207495.69,173199.56,131499.08,110621.45,91861.88,79000.09,66171.30,54135.91,49295.66,44895.16,34133.64,26730.02,27317.14,23319.21,19816.69,19107.61,20480.15,17613.99,16152.67,14486.20,10523.76,10266.66,9606.65,9798.13,8937.54,11062.03,9113.75,8296.47,8118.98,4929.24,1822.99,3052.78,3850.81,2428.69,8507.81,8617.08,8838.95,7672.22,8029.05
81252,81297,81274.5,104197.23,310.50,7.17,1.65,0.00,819378.50,637189.69,435443.38,285864.28,208427.20,166608.86,132829.19,102120.87,74376.63,60198.47,47256.55,36244.80,35792.02,31633.52,28234.63,23053.44,24430.65,20655.25,17653.59,13393.08,11158.77,9715.16,10207.33,7747.13,7679.09,7507.07,7410.40,6422.10,5724.99,4929.59,4546.02,4601.87,2704.07,2405.15,1469.07,3086.79,2932.88,1837.08,5274.57,5483.40,5403.20,5186.81,4846.94
81311,81356,81333.5,92744.32,360.22,8.87,1.65,0.00,797635.56,480701.53,316206.06,267015.97,204511.72,129406.69,106683.12,83063.19,74710.72,64691.61,54088.76,43557.82,30802.83,29033.27,24589.25,21676.95,22142.44,17782.71,14839.53,12757.90,13055.06,11886.77,13294.79,10126.24,12157.80,9387.63,8276.86,7894.50,7985.94,6302.58,6250.48,6367.59,5006.87,4026.90,2845.82,2616.03,2263.32,2322.88,6803.37,6919.10,7166.58,6849.56,6132.66
81370,81415,81392.5,89312.44,306.08,7.26,1.65,0.00,804328.44,487106.84,329629.00,215797.48,174387.23,139764.97,108833.80,83930.20,63990.41,51692.64,44651.83,39643.31,33731.57,26584.88,23683.05,21765.30,17798.91,15720.48,14888.30,15022.30,13165.67,11696.40,10992.81,8625.22,9056.08,8421.40,6958.59,6223.56,6501.25,5239.13,5113.42,4806.62,3588.78,2159.18,2134.93,2925.33,2366.54,3575.27,5852.35,5310.45,5161.77,5413.49,4658.06
81429,81474,81451.5,81770.74,311.00,7.59,1.65,0.00,662243.75,464109.31,314731.00,211362.70,161783.64,110733.33,92980.47,75910.30,69282.76,60896.16,46045.01,40414.05,30173.79,27375.11,24068.92,21162.94,16689.18,14624.88,14378.09,12841.18,11754.58,11707.18,8646.79,7928.18,8328.20,7198.08,7108.28,6796.01,7414.45,5477.32,5974.07,6171.76,3816.16,2573.69,2664.62,3471.05,1859.41,2646.09,5948.26,5934.14,5211.06,5503.77,5449.75
81488,81533,81510.5,79282.07,315.51,7.75,1.65,0.00,592045.94,411243.12,328407.84,218949.20,150500.28,125132.34,108935.54,79477.91,64381.42,54614.53,46563.39,37403.50,32212.27,29652.02,24018.66,22542.76,21063.64,18277.44,15747.37,12622.39,10279.53,9799.87,9531.65,8249.93,6794.49,7515.16,6955.56,7159.23,6444.40,5823.13,6630.10,5512.39,4442.75,4310.98,2754.90,3011.48,1731.49,2360.85,5710.09,5346.47,5965.93,6001.04,5797.28
81547,81592,81569.5,79040.69,323.16,8.05,1.65,0.00,608401.50,410309.06,298645.25,229622.23,157975.30,129077.77,100540.21,78869.45,60019.42,52744.68,47683.05,45147.13,30845.16,26764.94,22367.30,21415.16,19988.77,17081.44,13501.23,10854.97,10559.78,9711.82,9362.68,8865.07,8130.78,7548.62,6869.89,7002.23,7899.15,5913.37,6053.29,5431.58,5008.57,2701.55,2387.57,3031.27,2685.95,2386.12,6548.74,6405.90,5611.34,5990.15,5659.17
81606,81651,81628.5,79826.48,317.79,7.82,1.65,0.00,614040.12,459227.69,292525.03,216683.75,159412.92,120630.56,88969.50,82348.63,69903.11,53733.88,46283.39,36346.70,31170.96,24825.57,20612.64,19213.13,19639.24,20537.17,17387.17,13189.25,12110.60,9118.64,9174.28,9015.85,8189.70,8366.93,7224.47,7724.93,6479.50,6224.34,6478.82,5269.61,3762.81,2715.23,3506.24,3872.43,2762.83,1956.90,6318.65,5408.55,5192.06,5418.62,5611.95
81665,81710,81687.5,82406.47,311.50,7.51,1.65,0.00,676966.19,440084.00,296442.91,234704.42,168993.66,125501.73,114188.25,74633.95,59827.61,50205.70,40957.07,37534.25,31862.36,27539.74,23085.71,20716.95,19662.94,16688.01,14738.07,12508.80,11467.78,11290.00,10511.83,10666.48,9979.68,7785.36,7369.45,7413.42,6464.22,5451.84,4738.79,5286.54,3836.31,3421.53,2776.88,3044.14,3368.79,2699.82,5786.03,5700.81,6061.60,5087.51,4908.91
81724,81769,81746.5,80937.84,305.64,7.36,1.65,0.00,664092.25,461369.56,313098.34,227884.45,146872.14,122675.79,95406.48,74022.00,60855.45,44747.80,41544.33,36016.15,31179.23,26258.59,23360.90,17358.46,17122.04,16443.94,13051.25,12050.29,10454.35,9843.69,9228.34,8895.01,7184.15,7088.06,7268.45,8529.03,7019.88,6588.31,5682.27,4900.00,3672.39,3933.45,2775.94,3312.76,2954.09,3634.68,5962.90,5617.63,5701.54,4993.29,4612.81
81783,81828,81805.5,81196.69,308.61,7.47,1.65,0.00,658780.06,390722.75,314404.12,235290.86,174075.34,131121.22,110885.70,83347.06,56814.99,49220.08,42492.65,35099.68,31680.91,28800.91,25146.24,21896.99,18472.44,16379.49,15272.85,13048.78,11331.36,10945.16,9004.63,7803.39,9050.74,7620.81,6928.64,7798.09,7090.78,6610.29,6027.09,5602.59,4028.96,3353.83,2917.89,2631.18,1192.37,1931.12,6163.44,5895.99,5647.00,5560.12,5164.90
81842,81887,81864.5,82590.43,316.60,7.67,1.65,0.00,705356.44,427923.06,305947.12,219159.14,160248.20,124701.79,95810.88,75722.47,65402.55,56942.17,51359.09,40156.75,34704.74,26545.79,25343.90,19763.06,18363.73,14660.03,13266.62,12182.36,12544.81,11124.34,9540.54,9270.36,7984.34,7558.19,7307.35,6680.49,7280.32,6381.85,4464.78,4964.90,4231.71,3306.80,3163.91,3231.12,3660.25,3996.44,5700.65,5627.01,5344.33,6151.36,5016.19
81901,81946,81923.5,86097.54,312.68,7.43,1.65,0.00,694701.69,512706.75,310417.34,239986.53,169134.45,127791.40,97232.21,78823.12,66838.13,54740.97,44733.22,38145.85,31780.98,28137.90,27229.07,21466.41,18138.03,17157.13,14597.05,12599.47,11327.26,9819.42,9539.88,9313.77,9805.53,8776.31,8421.29,6810.56,7323.53,6421.26,5196.78,4102.79,3766.93,3095.26,2925.51,3455.33,3183.30,3416.11,6127.26,5423.76,5565.13,5277.15,5400.77
81960,82005,81982.5,80737.80,309.39,7.41,1.65,0.00,621752.94,455101.19,320474.97,245128.30,150939.62,114349.62,92177.70,74078.89,58081.55,51074.25,42293.07,31828.20,31017.24,29859.69,27584.47,21326.66,20350.97,16745.28,14229.41,14263.31,13349.91,11710.98,9455.30,9121.22,8537.82,6844.48,7781.88,7763.83,7635.10,6556.29,6028.05,5331.59,3958.58,2708.37,2744.12,4296.64,2229.49,3179.30,5304.27,6019.18,5379.57,5179.21,5281.55
82019,82064,82041.5,81640.55,316.58,7.56,1.65,0.00,659341.12,425040.53,281910.94,210317.55,168301.12,147052.20,105246.68,76517.94,62719.21,56689.04,48097.96,41879.59,30859.07,28636.91,26348.93,22783.43,20481.11,17683.23,14934.98,13078.15,12744.02,10919.95,10283.04,9831.21,8830.08,7253.11,7860.60,7626.03,7018.62,6071.00,6693.81,6390.09,4837.61,3833.41,3677.06,4077.95,3072.93,2232.54,5744.19,4648.86,5591.16,4793.13,5016.78
82078,82123,82100.5,90163.00,326.35,7.80,1.65,0.00,759881.62,530495.69,353598.84,233681.03,168563.03,120521.23,102704.16,89435.02,64607.92,52156.26,45115.93,39972.82,35097.09,28482.09,22014.46,21219.27,17089.18,16281.24,15312.54,15072.29,12241.45,10943.27,10611.78,9237.91,8749.80,7905.05,7564.76,8250.20,6763.93,6568.66,5440.93,4812.21,4073.81,3491.14,2548.94,3950.36,3420.96,3530.31,6403.13,5880.30,5951.79,5347.05,5687.21
82137,82182,82159.5,82375.62,310.69,7.49,1.65,0.00,723870.12,459337.41,260833.39,224306.84,150441.67,119979.38,93029.08,79273.59,70396.60,58147.17,41352.55,38300.95,32650.78,26953.45,24756.51,20563.87,19371.08,16678.02,14816.21,12873.53,11410.44,10477.37,8917.22,8527.54,8263.58,8240.96,6608.49,8439.12,7740.75,7076.39,6396.34,5586.56,3946.05,3520.30,3318.81,3527.88,1836.68,2048.71,6023.31,4761.14,5718.68,5113.98,5385.16
82196,82241,82218.5,82977.99,331.31,8.10,1.65,0.00,684177.50,410470.53,306649.69,222151.83,192636.59,138839.75,101947.14,83475.44,67406.32,50699.96,42894.27,34256.62,31073.72,28132.70,23261.18,20291.69,16430.78,15814.27,14598.93,12811.82,11603.89,10710.63,10930.85,8731.25,9070.40,8777.76,8004.99,7321.62,6408.32,7095.57,5824.69,5000.00,4340.74,4486.95,3572.19,3626.89,3550.78,3091.11,6534.75,6116.35,5896.02,6026.22,5492.74
82255,82300,82277.5,79542.34,322.41,7.99,1.65,0.00,599802.69,427800.69,314428.00,235017.55,161177.27,116879.71,83470.66,70204.50,61977.29,65278.88,48720.22,40379.68,33977.24,30868.30,22731.25,22219.14,16855.29,16781.86,14743.70,12476.38,10714.49,9798.87,9437.21,8826.68,8888.66,8445.69,7938.64,8330.23,7524.44,6542.66,5514.65,5649.52,3971.47,2925.00,1463.58,2470.10,2764.76,2497.58,6079.62,5938.66,6994.37,5923.59,5592.15
82314,82359,82336.5,86503.52,320.88,7.79,1.65,0.00,760584.75,499856.41,326276.84,215731.28,155922.06,135720.58,79913.30,66385.74,56330.72,57947.34,51299.06,41895.86,34129.03,28843.56,24063.18,21264.05,18093.01,16125.47,14960.58,12884.70,11729.56,10745.71,10300.57,9632.95,9034.80,8120.03,7410.76,7143.94,6979.78,5677.89,4635.26,4661.63,4304.47,2597.58,2920.19,3440.47,3003.78,2478.56,7370.38,6282.01,5550.44,5118.65,5986.62
82373,82418,82395.5,83796.66,321.38,7.75,1.65,0.00,688939.19,444416.16,290096.12,232389.98,151197.25,155522.11,106059.29,82290.95,64722.03,57133.23,51903.07,39749.19,27235.28,26010.94,24060.75,21397.87,19150.72,16597.56,16471.74,12437.47,12930.39,12508.27,10270.57,8571.74,7864.97,7387.35,8550.12,7876.47,7544.74,5412.36,5404.02,5717.69,3298.38,3782.71,3248.39,3493.76,3091.02,2899.08,6329.82,6602.23,5172.74,5364.30,5560.74
82432,82477,82454.5,84146.09,325.19,7.91,1.65,0.00,669231.25,439999.59,303331.78,245701.03,180168.67,132766.81,106464.62,80815.37,64568.50,55843.98,48150.53,39325.62,30049.21,30950.02,23239.57,21694.14,17361.91,17634.19,15207.81,13508.27,13625.86,13243.96,9783.70,8657.11,9061.51,7989.48,7787.80,8161.04,7477.11,6380.26,5807.46,6628.29,4388.78,2048.60,2579.46,2921.02,3562.70,2026.66,5722.20,6576.34,5590.07,5655.23,5406.64
82491,82536,82513.5,82494.02,326.76,8.06,1.65,0.00,657909.75,437259.75,320077.94,226023.52,177905.70,130466.30,100391.66,71917.30,57905.56,52028.36,45255.28,41350.44,29624.21,26738.55,25152.36,22339.52,16563.29,18086.84,14486.92,13570.81,12089.09,11393.04,10484.26,10646.26,9467.34,7916.70,6723.84,7135.40,7424.96,5660.60,6302.78,5762.77,3997.06,3317.20,2897.37,3266.50,2245.65,2350.74,6767.03,5775.62,5717.93,5854.36,6087.30
82550,82595,82572.5,79844.12,333.10,8.27,1.65,0.00,594852.81,424777.44,286815.19,226288.41,166055.31,134721.16,103648.99,84861.55,67104.62,51697.38,37030.44,36606.75,32261.68,30201.17,26353.28,22866.64,23443.15,19672.08,16452.26,12397.27,12202.06,11580.20,10287.88,9066.86,9210.83,9188.60,7421.64,7590.78,8230.22,6573.25,5561.63,6024.73,5023.31,1833.89,1416.69,3183.72,2782.88,2528.47,6412.20,7104.94,6334.00,5836.74,5691.82
82609,82654,82631.5,81556.02,333.58,8.27,1.65,0.00,683683.62,405564.69,314855.06,209106.09,155218.77,121427.54,100305.69,82470.30,64693.79,55260.71,45848.16,37992.42,33057.89,29904.30,26237.81,21733.39,18691.88,18359.22,15838.67,14518.42,10891.46,10949.26,8930.74,10215.91,7809.35,8362.67,8566.08,7640.79,6948.85,7407.32,6500.09,5371.58,4821.51,3100.83,2365.39,3519.58,3113.37,2604.03,6354.71,6243.68,5498.37,5847.20,5826.26
