Data/Raw/MOORE,RICHARD/FIREXAQ-LARGE-SMPS_DC8_20190724_R0.ict
88,1001
Richard Moore, Elizabeth Wiggins, Edward Winstead, Claire Robinson, Lee Thornhill, and Kevin Sanchez
NASA Langley Research Center
In-situ Submicron Particle Size Distributions from a SMPS on the NASA DC-8
FIREXAQ
1,1
2019,07,24,2020,03,10
0
Time_start,Secs after midnight,Time of acquisition
50
1,1,1,1,1,1,1,1,1,1,1,1,1,1,1,1,1,1,1,1,1,1,1,1,1,1,1,1,1,1,1,1,1,1,1,1,1,1,1,1,1,1,1,1,1,1,1,1,1,1
-9999,-9999,-9999,-9999,-9999,-9999,-9999,-9999,-9999,-9999,-9999,-9999,-9999,-9999,-9999,-9999,-9999,-9999,-9999,-9999,-9999,-9999,-9999,-9999,-9999,-9999,-9999,-9999,-9999,-9999,-9999,-9999,-9999,-9999,-9999,-9999,-9999,-9999,-9999,-9999,-9999,-9999,-9999,-9999,-9999,-9999,-9999,-9999,-9999,-9999
Time_stop,Secs after midnight,Time of acquisition
Time_mid,Secs after midnight,Time of acquisition
nSMPS_stdPT,#/cm3,AerMP_NumConc_InSitu_RHd_Mobility_NucltoAccu_STP,integrated_number_density
sSMPS_stdPT,um2/cm3,AerMP_SurfAreaConc_InSitu_RHd_Mobility_NucltoAccu_STP,integrated_surface_area
vSMPS_stdPT,um3/cm3,AerMP_VolConc_InSitu_RHd_Mobility_NucltoAccu_STP,integrated_volume
SMPS_stdPT, unitless, None, conversion between ambient PT and standard PT (1013, 273)
SMPS_bin00_stdPT,#/cm3,AerMP_NumSizeDist_InSitu_RHd_Mobility_NucltoAccu_STP,Binned number size distribution (in dNdlogDp) measured by the SMPS
SMPS_bin01_stdPT,#/cm3,AerMP_NumSizeDist_InSitu_RHd_Mobility_NucltoAccu_STP,Binned number size distribution (in dNdlogDp) measured by the SMPS
SMPS_bin02_stdPT,#/cm3,AerMP_NumSizeDist_InSitu_RHd_Mobility_NucltoAccu_STP,Binned number size distribution (in dNdlogDp) measured by the SMPS
SMPS_bin03_stdPT,#/cm3,AerMP_NumSizeDist_InSitu_RHd_Mobility_NucltoAccu_STP,Binned number size distribution (in dNdlogDp) measured by the SMPS
SMPS_bin04_stdPT,#/cm3,AerMP_NumSizeDist_InSitu_RHd_Mobility_NucltoAccu_STP,Binned number size distribution (in dNdlogDp) measured by the SMPS
SMPS_bin05_stdPT,#/cm3,AerMP_NumSizeDist_InSitu_RHd_Mobility_NucltoAccu_STP,Binned number size distribution (in dNdlogDp) measured by the SMPS
SMPS_bin06_stdPT,#/cm3,AerMP_NumSizeDist_InSitu_RHd_Mobility_NucltoAccu_STP,Binned number size distribution (in dNdlogDp) measured by the SMPS
SMPS_bin07_stdPT,#/cm3,AerMP_NumSizeDist_InSitu_RHd_Mobility_NucltoAccu_STP,Binned number size distribution (in dNdlogDp) measured by the SMPS
SMPS_bin08_stdPT,#/cm3,AerMP_NumSizeDist_InSitu_RHd_Mobility_NucltoAccu_STP,Binned number size distribution (in dNdlogDp) measured by the SMPS
SMPS_bin09_stdPT,#/cm3,AerMP_NumSizeDist_InSitu_RHd_Mobility_NucltoAccu_STP,Binned number size distribution (in dNdlogDp) measured by the SMPS
SMPS_bin10_stdPT,#/cm3,AerMP_NumSizeDist_InSitu_RHd_Mobility_NucltoAccu_STP,Binned number size distribution (in dNdlogDp) measured by the SMPS
SMPS_bin11_stdPT,#/cm3,AerMP_NumSizeDist_InSitu_RHd_Mobility_NucltoAccu_STP,Binned number size distribution (in dNdlogDp) measured by the SMPS
SMPS_bin12_stdPT,#/cm3,AerMP_NumSizeDist_InSitu_RHd_Mobility_NucltoAccu_STP,Binned number size distribution (in dNdlogDp) measured by the SMPS
SMPS_bin13_stdPT,#/cm3,AerMP_NumSizeDist_InSitu_RHd_Mobility_NucltoAccu_STP,Binned number size distribution (in dNdlogDp) measured by the SMPS
SMPS_bin14_stdPT,#/cm3,AerMP_NumSizeDist_InSitu_RHd_Mobility_NucltoAccu_STP,Binned number size distribution (in dNdlogDp) measured by the SMPS
[...]
UNCERTAINTY:  20%
ULOD_FLAG: -7777
ULOD_VALUE: N/A
LLOD_FLAG: -8888
LLOD_VALUE: N/A
DM_CONTACT_INFO: Lee Thornhill (Kenneth.L.Thornhill@nasa.gov)
PROJECT_INFO: FIREX-AQ
STIPULATIONS_ON_USE: No stipulations on use. The user is encouraged to contact the PI or DM prior to use.
OTHER_COMMENTS: Midpoint diameters of Bins 00 to 43 are: 0.011,0.012,0.013,0.014,0.015,0.016,0.017,0.018,0.019,0.021,0.022,0.024,0.026,0.028,0.030,0.032,0.035,0.037,0.040,0.043,0.046,0.050,0.053,0.057,0.061,0.066,0.071,0.076,0.082,0.088,0.095,0.102,0.109,0.118,0.126,0.136,0.146,0.157,0.168,0.181,0.194,0.209,0.225,0.241
REVISION: R0
R0: Final Data. Data are corrected for time lags and ammonium sulfate size calibrations.
*******************************************************************************************************************************
Time_start,Time_stop,Time_mid,nSMPS_stdPT,sSMPS_stdPT,vSMPS_stdPT,SMPS_stdPT,SMPS_bin00_stdPT,SMPS_bin01_stdPT,SMPS_bin02_stdPT,SMPS_bin03_stdPT,SMPS_bin04_stdPT,SMPS_bin05_stdPT,SMPS_bin06_stdPT,SMPS_bin07_stdPT,SMPS_bin08_stdPT,SMPS_bin09_stdPT,SMPS_bin10_stdPT,SMPS_bin11_stdPT,SMPS_bin12_stdPT,SMPS_bin13_stdPT,SMPS_bin14_stdPT,SMPS_bin15_stdPT,SMPS_bin16_stdPT,SMPS_bin17_stdPT,SMPS_bin18_stdPT,SMPS_bin19_stdPT,SMPS_bin20_stdPT,SMPS_bin21_stdPT,SMPS_bin22_stdPT,SMPS_bin23_stdPT,SMPS_bin24_stdPT,SMPS_bin25_stdPT,SMPS_bin26_stdPT,SMPS_bin27_stdPT,SMPS_bin28_stdPT,SMPS_bin29_stdPT,SMPS_bin30_stdPT,SMPS_bin31_stdPT,SMPS_bin32_stdPT,SMPS_bin33_stdPT,SMPS_bin34_stdPT,SMPS_bin35_stdPT,SMPS_bin36_stdPT,SMPS_bin37_stdPT,SMPS_bin38_stdPT,SMPS_bin39_stdPT,SMPS_bin40_stdPT,SMPS_bin41_stdPT,SMPS_bin42_stdPT,SMPS_bin43_stdPT
76438,76483,76460.5,0.00,0.00,0.00,1.21,0.00,0.00,0.00,0.00,0.00,0.00,0.00,0.00,0.00,0.00,0.00,0.00,0.00,0.00,0.00,0.00,0.00,0.00,0.00,0.00,0.00,0.00,0.00,0.00,0.00,0.00,0.00,0.00,0.00,0.00,0.00,0.00,0.00,0.00,0.00,0.00,0.00,0.00,0.00,0.00,0.00,0.00,0.00,0.00
76497,76542,76519.5,0.00,0.00,0.00,1.24,0.00,0.00,0.00,0.00,0.00,0.00,0.00,0.00,0.00,0.00,0.00,0.00,0.00,0.00,0.00,0.00,0.00,0.00,0.00,0.00,0.00,0.00,0.00,0.00,0.00,0.00,0.00,0.00,0.00,0.00,0.00,0.00,0.00,0.00,0.00,0.00,0.00,0.00,0.00,0.00,0.00,0.00,0.00,0.00
76556,76601,76578.5,0.00,0.00,0.00,1.31,0.00,0.00,0.00,0.00,0.00,0.00,0.00,0.00,0.00,0.00,0.00,0.00,0.00,0.00,0.00,0.00,0.00,0.00,0.00,0.00,0.00,0.00,0.00,0.00,0.00,0.00,0.00,0.00,0.00,0.00,0.00,0.00,0.00,0.00,0.00,0.00,0.00,0.00,0.00,0.00,0.00,0.00,0.00,0.00
76615,76660,76637.5,0.00,0.00,0.00,1.40,0.00,0.00,0.00,0.00,0.00,0.00,0.00,0.00,0.00,0.00,0.00,0.00,0.00,0.00,0.00,0.00,0.00,0.00,0.00,0.00,0.00,0.00,0.00,0.00,0.00,0.00,0.00,0.00,0.00,0.00,0.00,0.00,0.00,0.00,0.00,0.00,0.00,0.00,0.00,0.00,0.00,0.00,0.00,0.00
76674,76719,76696.5,0.00,0.00,0.00,1.50,0.00,0.00,0.00,0.00,0.00,0.00,0.00,0.00,0.00,0.00,0.00,0.00,0.00,0.00,0.00,0.00,0.00,0.00,0.00,0.00,0.00,0.00,0.00,0.00,0.00,0.00,0.00,0.00,0.00,0.00,0.00,0.00,0.00,0.00,0.00,0.00,0.00,0.00,0.00,0.00,0.00,0.00,0.00,0.00
76733,76778,76755.5,393.37,15.91,0.46,1.60,0.00,0.00,0.00,0.00,0.00,0.01,0.00,0.03,0.00,0.00,131.20,413.71,48.75,166.97,125.13,143.79,301.26,424.22,438.48,266.55,603.02,351.32,531.86,421.19,643.15,1125.60,314.20,561.06,281.05,559.22,250.64,457.54,546.98,321.25,199.80,432.33,195.29,160.50,291.38,350.82,328.58,266.43,286.40,370.97
76792,76837,76814.5,979.43,35.17,0.92,1.65,0.00,0.00,0.00,0.00,0.00,412.15,0.00,0.00,0.13,293.46,320.83,453.58,526.35,135.87,507.00,415.80,696.36,634.96,1072.14,725.79,1205.01,1073.92,1538.37,1036.56,1700.95,1223.31,1366.06,1407.83,1252.91,1399.97,1031.38,895.75,1187.91,941.35,1032.50,864.81,889.53,1095.93,808.44,609.42,787.19,587.88,465.08,383.92
76851,76896,76873.5,921.53,25.45,0.67,1.71,0.00,0.00,0.00,0.00,821.82,307.90,0.00,0.00,661.70,507.68,463.41,532.61,771.78,874.67,574.93,600.59,1421.78,915.36,633.81,1429.81,1035.22,1166.20,1039.45,1397.87,792.30,762.04,986.21,1537.83,830.38,1248.78,1335.90,912.81,964.96,604.37,584.28,437.94,336.07,191.20,210.62,449.42,402.11,503.74,410.33,450.49
76910,76955,76932.5,576.56,7.95,0.18,1.79,0.00,0.00,0.00,4072.92,2170.83,825.28,0.04,0.00,0.00,0.00,0.00,8.68,239.24,263.40,300.97,701.73,756.77,502.06,705.47,581.58,450.87,462.57,515.85,662.29,442.66,576.55,368.47,601.60,578.21,471.11,424.01,300.41,170.34,167.90,49.05,149.62,172.03,93.69,0.00,153.62,135.30,75.46,126.50,67.45
76969,77014,76991.5,220.63,3.55,0.08,1.89,0.00,0.00,0.00,0.00,0.01,0.00,224.59,496.88,0.00,154.16,240.92,414.75,87.29,318.01,616.73,106.62,421.14,379.09,359.75,359.36,277.45,61.53,225.04,196.72,90.73,42.24,187.62,135.32,166.62,282.78,342.77,174.34,69.02,24.21,70.79,7.96,48.00,115.72,151.07,51.76,25.95,26.22,106.92,0.00
77028,77073,77050.5,281.13,2.56,0.05,1.95,0.00,0.00,0.00,725.35,703.02,412.08,272.02,431.98,549.14,11.79,366.02,427.15,84.68,478.34,301.79,409.78,315.46,353.46,326.82,244.65,163.62,199.70,296.42,166.27,317.16,186.18,157.65,196.27,198.08,72.94,92.45,104.68,100.23,46.36,24.98,62.01,16.38,0.00,51.71,19.36,26.44,26.88,0.00,27.63
77087,77132,77109.5,404.19,1.60,0.02,1.95,0.00,0.00,0.00,723.90,3831.15,1356.24,382.31,878.84,392.10,347.92,131.66,382.57,167.62,229.61,262.79,295.21,387.92,504.00,477.52,357.50,378.97,271.42,160.95,238.09,113.85,92.15,61.16,139.47,25.77,78.51,13.59,0.00,23.66,6.28,57.01,78.17,0.00,34.22,40.40,11.58,0.00,0.00,0.00,0.00
77146,77191,77168.5,220.51,0.92,0.02,1.95,0.00,0.00,0.00,0.00,3394.12,413.51,0.04,0.00,193.75,174.45,289.38,0.00,192.84,164.66,194.44,313.48,255.49,249.09,339.61,272.87,165.08,73.12,0.20,32.43,0.00,24.07,31.98,28.61,28.70,56.75,47.93,0.00,14.15,0.00,0.00,0.00,8.58,25.82,17.27,0.00,26.58,27.19,0.00,0.00
77205,77250,77227.5,129.42,0.51,0.01,1.95,0.00,0.00,0.00,0.00,911.00,693.15,0.02,0.00,217.00,0.04,412.78,0.00,177.65,77.18,63.26,60.58,237.79,331.97,459.03,153.31,103.99,0.00,71.66,0.00,29.87,32.68,0.00,10.49,25.13,20.42,0.00,0.00,0.00,0.00,0.00,0.00,25.84,0.00,0.00,26.53,0.00,0.00,0.00,0.00
77264,77309,77286.5,75.33,0.76,0.01,1.95,0.00,0.00,0.00,0.00,138.73,0.01,0.02,516.96,0.06,0.08,0.00,0.00,0.00,0.00,63.80,207.04,240.85,171.90,295.90,89.18,155.71,125.45,74.72,23.19,0.77,0.37,30.84,29.85,48.16,0.00,0.00,11.76,0.00,37.31,0.00,25.87,25.88,25.92,17.44,52.90,0.00,0.00,0.00,0.00
77323,77368,77345.5,279.82,1.76,0.04,1.95,0.00,0.00,0.00,0.00,2654.95,424.51,1377.02,486.94,191.58,0.00,0.00,0.00,101.44,540.31,250.32,160.11,393.14,336.74,509.92,411.40,119.11,146.19,185.99,63.99,0.00,6.05,77.25,0.00,43.51,28.00,153.95,10.02,57.10,32.16,6.99,25.25,26.03,0.00,8.41,39.14,0.00,0.00,0.00,45.73
77382,77427,77404.5,211.02,3.42,0.10,1.95,0.00,0.00,0.00,0.00,703.48,894.73,0.00,274.11,0.06,174.27,0.00,163.13,146.32,164.83,218.27,406.39,100.49,435.79,373.34,309.58,430.00,265.42,157.54,289.32,181.33,23.36,118.45,91.80,35.49,80.56,45.88,26.25,0.00,32.13,3.04,0.00,75.20,11.90,73.43,133.11,90.16,79.23,56.11,0.00
77441,77486,77463.5,319.96,5.05,0.13,1.95,0.00,0.00,0.00,0.00,2974.78,1601.29,349.52,0.03,0.00,53.38,96.23,0.09,103.97,163.84,74.75,256.73,167.87,205.14,290.17,203.31,236.66,342.78,102.46,78.38,216.31,410.88,128.21,231.73,206.11,280.65,95.85,275.93,101.66,133.48,46.92,52.55,125.52,39.33,146.12,81.13,57.32,99.26,91.37,28.30
77500,77545,77522.5,286.03,4.62,0.12,1.95,0.00,0.00,0.00,0.00,2293.30,1191.08,312.12,274.66,0.03,0.00,0.16,0.10,96.60,84.64,125.25,122.88,123.56,142.99,157.25,446.62,447.82,160.39,280.51,414.29,366.39,142.09,265.22,243.82,133.82,82.31,182.39,223.24,29.80,71.66,9.28,207.10,36.79,38.65,11.02,91.83,0.00,20.28,91.34,159.86
77559,77604,77581.5,340.79,6.97,0.19,1.95,0.00,0.00,0.00,0.00,1809.57,481.73,1020.65,531.11,0.01,173.06,0.00,0.00,0.79,0.00,294.45,255.46,118.23,0.00,41.82,170.39,320.79,271.19,620.62,427.41,376.53,452.17,671.10,503.15,292.17,169.99,239.89,214.35,113.78,193.45,148.13,181.62,0.00,136.26,115.32,23.38,57.32,159.89,85.40,28.28
77618,77663,77640.5,353.37,4.47,0.11,1.96,0.00,0.00,0.00,0.00,4620.78,491.46,1331.80,0.00,0.02,0.07,0.07,243.45,89.98,0.00,0.00,62.98,220.61,328.85,77.99,162.70,237.63,375.89,205.77,291.28,384.29,324.07,168.93,137.20,117.39,130.38,239.65,121.42,10.16,88.28,26.70,69.39,94.21,85.84,185.23,158.09,26.91,82.26,0.00,45.54
77677,77722,77699.5,265.82,6.89,0.21,1.96,0.00,0.00,0.00,0.00,1810.02,963.17,192.80,104.21,0.00,175.82,278.30,223.52,0.18,273.18,64.59,81.95,225.03,38.60,41.09,60.21,123.52,271.75,275.42,366.64,284.40,289.40,163.56,87.83,255.52,105.06,68.19,124.55,130.98,54.01,64.83,106.17,66.85,157.70,85.35,162.65,134.91,150.29,182.16,57.20
77736,77781,77758.5,459.51,10.08,0.29,1.95,0.00,0.00,0.00,905.81,4525.57,963.02,193.96,102.75,0.00,0.00,145.45,0.00,208.40,104.58,66.69,163.39,298.23,221.53,277.52,155.99,426.55,269.91,242.66,547.59,362.21,92.95,447.30,339.01,269.12,443.98,520.73,310.46,133.34,178.41,17.13,25.45,86.11,188.67,257.73,155.55,335.27,280.76,152.71,56.32
77795,77840,77817.5,589.66,7.36,0.18,1.95,0.00,0.00,0.00,0.00,4564.11,4069.22,1028.60,275.06,0.06,174.13,0.00,0.00,0.00,114.08,691.25,428.80,434.99,167.56,328.94,510.45,417.51,365.35,486.93,243.25,442.16,525.07,560.25,366.11,204.02,179.60,247.16,318.59,218.83,220.89,88.04,242.58,128.25,134.51,72.64,133.38,231.38,54.79,55.62,0.00
77854,77899,77876.5,363.72,6.59,0.16,1.95,0.00,0.00,0.00,0.00,2491.16,481.25,0.00,255.00,0.00,0.01,266.29,226.31,290.84,636.30,300.00,289.54,576.80,177.32,230.49,93.35,148.50,426.93,498.57,229.98,374.80,172.14,521.63,264.06,395.13,453.32,218.49,134.89,185.56,45.79,134.50,161.92,109.27,146.86,119.57,197.54,67.13,27.81,170.67,58.77
77913,77958,77935.5,552.76,11.64,0.31,1.95,0.00,0.00,0.00,0.00,4620.76,1032.86,0.00,163.56,151.93,198.60,0.00,237.18,291.23,200.28,260.57,752.80,176.20,492.88,518.14,433.77,320.83,183.99,336.40,664.19,579.78,734.68,738.67,360.18,410.96,537.63,364.42,284.34,270.90,152.00,218.08,219.34,82.87,203.35,273.92,188.68,174.60,396.86,176.08,149.93
77973,78018,77995.5,381.11,12.31,0.38,1.95,0.00,0.00,0.00,0.00,816.34,566.81,296.25,55.67,0.00,582.47,295.25,260.58,120.85,168.65,243.21,241.92,130.82,180.69,247.32,510.31,357.52,628.44,475.08,356.94,314.00,557.64,341.79,414.43,340.66,435.58,392.71,356.35,212.59,409.59,214.94,26.19,0.00,23.01,15.23,145.12,249.51,309.66,261.76,198.18
78032,78077,78054.5,474.21,13.46,0.38,1.96,0.00,0.00,0.00,0.00,678.07,0.00,360.27,0.00,223.28,356.46,467.04,477.94,704.89,337.67,453.79,570.67,114.89,335.37,466.13,536.89,430.91,561.05,705.79,489.33,726.44,561.71,376.87,422.31,694.00,464.80,405.39,356.21,342.72,223.84,178.42,2.07,300.55,56.99,110.75,389.43,343.32,147.86,391.83,91.43
78091,78136,78113.5,421.50,14.99,0.45,1.95,0.00,0.00,0.00,0.00,0.00,0.02,0.03,0.09,0.08,118.92,0.00,129.81,316.39,71.37,86.40,615.87,591.90,891.72,824.62,527.67,351.59,824.50,567.27,403.78,272.05,517.99,576.78,504.04,857.75,648.35,341.07,343.23,169.83,512.06,178.84,36.06,251.59,89.76,73.34,196.54,328.30,289.76,167.48,343.59
78150,78195,78172.5,537.64,18.78,0.53,1.95,0.00,0.00,0.00,0.00,0.01,0.00,0.00,314.75,0.00,395.93,145.87,404.27,106.46,465.12,147.04,192.09,283.35,543.49,382.46,577.82,1166.99,820.23,757.39,892.05,812.51,890.08,643.05,853.86,583.84,667.15,559.52,460.71,251.60,360.90,308.85,133.59,139.42,206.60,220.79,545.58,596.63,487.88,346.89,254.32
78209,78254,78231.5,657.59,20.80,0.59,1.95,0.00,0.00,0.00,0.00,0.02,0.01,360.05,229.28,532.77,0.00,276.38,200.86,138.28,737.26,439.15,740.82,503.59,522.60,1095.05,966.38,817.52,519.78,900.62,1017.34,796.98,1128.01,760.38,1080.29,633.43,821.94,653.90,616.39,289.87,648.06,422.75,207.08,126.30,241.80,332.69,187.83,352.37,623.40,449.07,334.07
78268,78313,78290.5,624.61,19.64,0.57,1.95,0.00,0.00,0.00,0.00,0.00,0.00,0.01,904.92,216.76,221.64,297.98,116.06,316.27,567.93,570.28,66.43,944.82,1072.76,1048.24,1010.15,847.23,872.55,858.92,589.56,1050.01,496.27,852.66,419.42,664.77,548.27,480.57,630.01,526.91,176.74,332.44,423.89,43.92,310.12,267.76,307.51,331.61,433.29,401.93,286.26
78327,78372,78349.5,817.26,28.42,0.84,1.95,0.00,0.00,0.00,0.00,821.37,804.55,0.00,0.00,492.51,218.76,291.56,122.80,349.85,1034.19,473.05,435.67,456.22,834.63,762.75,806.77,840.89,1180.57,1338.43,1258.12,1134.45,897.63,996.04,778.17,1192.77,592.67,1057.22,643.48,728.08,574.16,321.88,358.25,268.58,216.75,289.35,676.66,496.76,625.86,580.80,553.32
78386,78431,78408.5,702.58,26.38,0.80,1.95,0.00,0.00,0.00,0.00,0.00,277.30,0.00,313.44,436.57,502.24,115.16,26.21,638.88,331.58,197.76,336.99,518.76,431.90,740.10,790.00,1211.15,1182.06,1219.66,826.02,1053.40,888.15,983.03,856.81,1050.14,813.19,581.70,506.73,613.60,182.25,346.44,455.16,214.73,381.40,376.96,249.62,518.64,582.75,537.84,386.88
78445,78490,78467.5,803.21,30.73,0.94,1.95,0.00,0.00,0.00,0.00,821.98,148.88,593.75,55.69,245.41,0.00,285.84,0.00,116.27,233.63,420.81,632.28,627.68,752.02,918.36,583.00,994.95,968.50,969.48,1301.45,925.07,1315.13,1514.66,1303.78,983.60,963.55,1259.92,541.93,314.42,568.07,353.62,471.04,211.98,304.84,236.14,504.42,452.58,671.38,539.07,631.36
78504,78549,78526.5,920.61,32.48,0.94,1.95,0.00,0.00,0.00,0.00,0.01,567.55,776.71,0.00,218.48,238.18,286.41,243.44,428.27,411.34,308.88,865.19,903.97,731.79,1115.54,654.46,1406.95,1125.40,1180.07,1237.92,1493.69,1463.89,1283.57,997.93,1159.04,1097.46,920.73,926.72,750.53,714.50,547.34,500.85,520.80,341.87,360.13,454.87,673.48,568.81,732.07,497.91
78563,78608,78585.5,687.21,18.32,0.48,1.94,0.00,0.00,0.00,0.01,0.02,0.03,0.00,0.00,243.88,0.00,144.91,655.00,203.97,666.93,476.92,592.50,257.50,1158.68,1036.61,1136.95,1057.86,1327.56,1320.14,1459.32,1381.45,932.24,1043.17,1090.37,525.61,479.73,416.53,558.05,515.74,351.01,111.37,203.50,263.82,138.88,281.85,409.10,240.25,388.26,358.14,325.90
78622,78667,78644.5,646.11,20.73,0.58,1.95,0.00,0.00,0.00,0.00,0.00,0.01,718.59,0.00,243.82,495.03,56.28,837.63,587.10,298.41,570.24,424.77,773.27,470.31,580.34,857.70,623.28,740.17,751.33,708.33,847.12,629.98,833.41,901.46,696.09,920.15,636.61,624.57,523.00,578.51,300.09,342.00,245.41,390.42,123.16,387.63,434.10,525.05,269.33,263.86
78681,78726,78703.5,616.39,20.45,0.61,1.95,0.00,0.00,0.00,0.00,0.02,6.50,701.21,576.44,219.03,35.44,391.33,485.10,213.30,302.03,312.33,296.56,578.31,804.64,840.09,508.71,876.04,853.86,859.33,642.62,1153.58,994.08,746.62,562.14,626.12,666.47,630.68,635.63,473.16,420.70,303.36,61.85,32.13,213.86,142.69,281.27,437.95,514.68,377.03,406.50
78740,78785,78762.5,626.78,19.20,0.51,1.95,0.00,0.00,0.00,0.00,0.00,378.68,0.00,0.00,0.14,126.26,288.96,244.96,400.26,67.26,511.48,661.02,306.79,584.77,869.36,577.33,970.29,931.50,1218.38,1017.06,908.18,645.64,683.72,878.36,999.53,1080.37,669.83,952.19,474.44,346.01,411.99,145.56,50.84,338.08,221.88,336.87,336.77,615.32,379.65,193.75
78799,78844,78821.5,557.64,19.02,0.54,1.95,0.00,0.00,0.00,0.00,0.00,0.01,593.80,55.40,0.00,475.68,0.00,131.23,260.21,175.77,292.44,412.65,950.96,575.94,946.78,858.01,753.10,486.72,854.99,959.20,658.86,817.43,496.14,578.53,395.23,466.21,375.87,409.27,491.08,551.72,342.05,462.66,258.33,338.00,422.93,400.96,304.52,231.88,283.62,402.96
78858,78903,78880.5,532.68,15.39,0.45,1.95,0.00,0.00,0.00,0.00,0.03,5.68,703.92,276.13,244.39,129.16,266.04,0.00,410.10,742.03,807.19,687.71,468.08,617.87,648.80,702.98,647.90,667.59,708.38,425.28,826.25,915.22,492.78,705.43,627.63,241.42,445.75,480.19,219.05,381.86,213.06,113.56,205.80,193.22,55.43,90.24,363.09,425.79,210.36,238.46
78917,78962,78939.5,624.91,18.17,0.51,1.95,0.00,0.00,0.00,0.00,0.00,276.82,0.00,196.80,370.18,679.78,252.57,246.06,400.40,266.99,155.97,380.61,510.91,480.81,679.59,1385.38,959.01,879.12,871.92,845.60,933.77,1169.98,1150.65,702.01,1065.42,878.50,440.88,339.45,476.48,301.62,106.93,38.91,104.05,64.54,169.22,362.59,347.53,531.47,312.76,313.04
78976,79021,78998.5,535.56,16.01,0.47,1.95,0.00,0.00,0.00,0.01,0.00,378.66,0.00,0.00,460.62,116.42,258.99,19.95,418.15,904.74,693.14,491.76,507.02,920.92,911.81,763.57,747.01,630.56,669.58,613.38,592.81,917.98,608.51,492.33,697.16,487.30,184.30,218.02,374.51,402.73,58.44,147.06,187.19,142.17,52.08,353.47,359.93,330.16,270.03,388.68
79035,79080,79057.5,968.29,14.99,0.42,1.95,0.00,0.00,0.00,0.00,10869.98,2469.14,1185.36,1557.79,0.00,495.88,396.16,274.23,398.64,284.23,317.72,424.03,524.72,513.17,554.90,590.17,766.80,675.13,868.16,705.82,446.82,697.39,737.73,351.61,356.22,428.10,313.68,364.74,433.94,141.53,64.04,225.49,407.57,325.81,295.66,357.18,382.03,85.30,134.24,103.61
79094,79139,79116.5,478.75,13.36,0.37,1.95,0.00,0.00,0.00,0.00,554.92,699.20,0.03,163.57,150.73,367.13,278.33,110.65,410.44,369.83,481.41,339.01,379.81,448.02,534.68,601.77,630.70,662.77,779.58,676.58,312.54,532.26,528.49,646.27,376.88,379.01,344.02,320.26,437.21,420.11,353.05,125.50,133.43,157.95,297.26,130.42,241.72,191.65,180.08,325.58
79153,79198,79175.5,729.30,23.85,0.75,1.91,0.00,0.00,0.00,0.00,1813.60,906.52,703.06,539.00,1153.93,374.92,424.19,116.18,390.44,483.72,269.04,304.10,783.63,619.53,911.87,593.58,865.67,841.10,627.01,900.30,477.23,879.58,462.38,579.28,680.32,565.88,576.02,420.14,354.69,380.69,338.50,194.23,174.93,108.60,418.97,212.51,667.14,511.70,542.18,463.43
79212,79257,79234.5,452.43,12.54,0.33,1.76,0.00,0.00,0.00,0.00,0.02,0.00,329.72,0.09,0.00,0.00,233.81,0.00,245.77,407.24,484.32,577.12,1244.45,633.84,539.09,636.94,286.65,573.69,559.78,631.50,744.04,674.55,685.60,606.48,363.86,493.66,337.56,329.35,277.79,251.00,179.41,139.41,243.58,210.98,120.73,275.67,311.99,279.52,302.65,186.21
79271,79316,79293.5,536.01,7.24,0.15,1.64,0.00,0.00,276.28,791.55,647.97,1108.24,1028.57,541.97,290.61,124.38,415.30,512.54,435.08,392.34,441.13,557.03,665.86,447.39,511.96,597.78,618.98,470.96,614.56,677.16,621.48,626.02,290.10,341.42,373.98,390.35,394.13,186.37,473.02,268.50,315.81,52.00,95.88,127.37,4.76,105.11,76.29,23.24,47.43,93.73
