Data/Raw/MOORE,RICHARD/FIREXAQ-LARGE-SMPS_DC8_20190821_R0.ict
88,1001
Richard Moore, Elizabeth Wiggins, Edward Winstead, Claire Robinson, Lee Thornhill, and Kevin Sanchez
NASA Langley Research Center
In-situ Submicron Particle Size Distributions from a SMPS on the NASA DC-8
FIREXAQ
1,1
2019,08,21,2020,03,10
0
Time_start,Secs after midnight,Time of acquisition
50
1,1,1,1,1,1,1,1,1,1,1,1,1,1,1,1,1,1,1,1,1,1,1,1,1,1,1,1,1,1,1,1,1,1,1,1,1,1,1,1,1,1,1,1,1,1,1,1,1,1
-9999,-9999,-9999,-9999,-9999,-9999,-9999,-9999,-9999,-9999,-9999,-9999,-9999,-9999,-9999,-9999,-9999,-9999,-9999,-9999,-9999,-9999,-9999,-9999,-9999,-9999,-9999,-9999,-9999,-9999,-9999,-9999,-9999,-9999,-9999,-9999,-9999,-9999,-9999,-9999,-9999,-9999,-9999,-9999,-9999,-9999,-9999,-9999,-9999,-9999
Time_stop,Secs after midnight,Time of acquisition
Time_mid,Secs after midnight,Time of acquisition
nSMPS_stdPT,#/cm3,AerMP_NumConc_InSitu_RHd_Mobility_NucltoAccu_STP,integrated_number_density
sSMPS_stdPT,um2/cm3,AerMP_SurfAreaConc_InSitu_RHd_Mobility_NucltoAccu_STP,integrated_surface_area
vSMPS_stdPT,um3/cm3,AerMP_VolConc_InSitu_RHd_Mobility_NucltoAccu_STP,integrated_volume
SMPS_stdPT, unitless, None, conversion between ambient PT and standard PT (1013, 273)
SMPS_bin00_stdPT,#/cm3,AerMP_NumSizeDist_InSitu_RHd_Mobility_NucltoAccu_STP,Binned number size distribution (in dNdlogDp) measured by the SMPS
SMPS_bin01_stdPT,#/cm3,AerMP_NumSizeDist_InSitu_RHd_Mobility_NucltoAccu_STP,Binned number size distribution (in dNdlogDp) measured by the SMPS
SMPS_bin02_stdPT,#/cm3,AerMP_NumSizeDist_InSitu_RHd_Mobility_NucltoAccu_STP,Binned number size distribution (in dNdlogDp) measured by the SMPS
SMPS_bin03_stdPT,#/cm3,AerMP_NumSizeDist_InSitu_RHd_Mobility_NucltoAccu_STP,Binned number size distribution (in dNdlogDp) measured by the SMPS
SMPS_bin04_stdPT,#/cm3,AerMP_NumSizeDist_InSitu_RHd_Mobility_NucltoAccu_STP,Binned number size distribution (in dNdlogDp) measured by the SMPS
SMPS_bin05_stdPT,#/cm3,AerMP_NumSizeDist_InSitu_RHd_Mobility_NucltoAccu_STP,Binned number size distribution (in dNdlogDp) measured by the SMPS
SMPS_bin06_stdPT,#/cm3,AerMP_NumSizeDist_InSitu_RHd_Mobility_NucltoAccu_STP,Binned number size distribution (in dNdlogDp) measured by the SMPS
SMPS_bin07_stdPT,#/cm3,AerMP_NumSizeDist_InSitu_RHd_Mobility_NucltoAccu_STP,Binned number size distribution (in dNdlogDp) measured by the SMPS
SMPS_bin08_stdPT,#/cm3,AerMP_NumSizeDist_InSitu_RHd_Mobility_NucltoAccu_STP,Binned number size distribution (in dNdlogDp) measured by the SMPS
SMPS_bin09_stdPT,#/cm3,AerMP_NumSizeDist_InSitu_RHd_Mobility_NucltoAccu_STP,Binned number size distribution (in dNdlogDp) measured by the SMPS
SMPS_bin10_stdPT,#/cm3,AerMP_NumSizeDist_InSitu_RHd_Mobility_NucltoAccu_STP,Binned number size distribution (in dNdlogDp) measured by the SMPS
SMPS_bin11_stdPT,#/cm3,AerMP_NumSizeDist_InSitu_RHd_Mobility_NucltoAccu_STP,Binned number size distribution (in dNdlogDp) measured by the SMPS
SMPS_bin12_stdPT,#/cm3,AerMP_NumSizeDist_InSitu_RHd_Mobility_NucltoAccu_STP,Binned number size distribution (in dNdlogDp) measured by the SMPS
SMPS_bin13_stdPT,#/cm3,AerMP_NumSizeDist_InSitu_RHd_Mobility_NucltoAccu_STP,Binned number size distribution (in dNdlogDp) measured by the SMPS
SMPS_bin14_stdPT,#/cm3,AerMP_NumSizeDist_InSitu_RHd_Mobility_NucltoAccu_STP,Binned number size distribution (in dNdlogDp) measured by the SMPS
[...]
UNCERTAINTY:  20%
ULOD_FLAG: -7777
ULOD_VALUE: N/A
LLOD_FLAG: -8888
LLOD_VALUE: N/A
DM_CONTACT_INFO: Lee Thornhill (Kenneth.L.Thornhill@nasa.gov)
PROJECT_INFO: FIREX-AQ
STIPULATIONS_ON_USE: No stipulations on use. The user is encouraged to contact the PI or DM prior to use.
OTHER_COMMENTS: Midpoint diameters of Bins 00 to 43 are: 0.011,0.012,0.013,0.014,0.015,0.016,0.017,0.018,0.019,0.021,0.022,0.024,0.026,0.028,0.030,0.032,0.035,0.037,0.040,0.043,0.046,0.050,0.053,0.057,0.061,0.066,0.071,0.076,0.082,0.088,0.095,0.102,0.109,0.118,0.126,0.136,0.146,0.157,0.168,0.181,0.194,0.209,0.225,0.241
REVISION: R0
R0: Final Data. Data are corrected for time lags and ammonium sulfate size calibrations.
*******************************************************************************************************************************
Time_start,Time_stop,Time_mid,nSMPS_stdPT,sSMPS_stdPT,vSMPS_stdPT,SMPS_stdPT,SMPS_bin00_stdPT,SMPS_bin01_stdPT,SMPS_bin02_stdPT,SMPS_bin03_stdPT,SMPS_bin04_stdPT,SMPS_bin05_stdPT,SMPS_bin06_stdPT,SMPS_bin07_stdPT,SMPS_bin08_stdPT,SMPS_bin09_stdPT,SMPS_bin10_stdPT,SMPS_bin11_stdPT,SMPS_bin12_stdPT,SMPS_bin13_stdPT,SMPS_bin14_stdPT,SMPS_bin15_stdPT,SMPS_bin16_stdPT,SMPS_bin17_stdPT,SMPS_bin18_stdPT,SMPS_bin19_stdPT,SMPS_bin20_stdPT,SMPS_bin21_stdPT,SMPS_bin22_stdPT,SMPS_bin23_stdPT,SMPS_bin24_stdPT,SMPS_bin25_stdPT,SMPS_bin26_stdPT,SMPS_bin27_stdPT,SMPS_bin28_stdPT,SMPS_bin29_stdPT,SMPS_bin30_stdPT,SMPS_bin31_stdPT,SMPS_bin32_stdPT,SMPS_bin33_stdPT,SMPS_bin34_stdPT,SMPS_bin35_stdPT,SMPS_bin36_stdPT,SMPS_bin37_stdPT,SMPS_bin38_stdPT,SMPS_bin39_stdPT,SMPS_bin40_stdPT,SMPS_bin41_stdPT,SMPS_bin42_stdPT,SMPS_bin43_stdPT
[from data line 303]
72222,72267,72244.5,1879.29,84.78,2.23,1.15,709.06,1072.50,418.01,559.91,234.32,756.61,63.59,418.22,415.13,108.71,630.43,494.63,64.97,397.10,880.48,898.14,785.79,679.48,860.83,845.47,848.87,1451.45,1487.96,1446.41,1649.91,996.61,1635.14,1979.31,1899.33,1692.52,2937.05,3326.07,2040.44,2469.27,2849.80,2268.06,2603.21,3035.37,3255.33,3003.98,2379.99,1980.42,1607.26,0.00
72281,72326,72303.5,1825.21,85.32,2.30,1.15,860.63,0.00,419.10,292.69,440.05,365.99,146.81,346.54,0.00,521.94,271.75,231.10,345.85,606.02,533.43,751.51,928.90,813.36,781.46,1221.88,1156.40,1170.03,1252.71,1930.53,2103.82,2126.04,2934.08,2692.72,2033.61,1769.62,1610.55,1619.07,302.71,1069.14,2754.21,2777.14,2496.69,3639.89,3495.33,3045.79,2463.51,2232.03,1852.09,0.00
72341,72386,72363.5,25704.06,955.13,22.36,1.15,0.00,490.08,0.00,575.01,849.54,261.98,477.59,836.90,963.60,1875.13,2894.99,2584.18,3631.54,6979.91,7300.66,7799.68,10545.01,15403.25,14646.99,17852.11,19879.60,15262.71,13540.46,28888.52,36510.11,44680.31,37574.09,36461.97,41808.21,46034.87,46944.06,44687.24,43026.57,46322.02,40367.81,31031.71,31209.72,34280.33,25699.88,15835.41,16796.70,16847.56,12871.79,0.00
72400,72445,72422.5,7231.90,294.27,7.13,1.15,2581.09,1113.06,357.51,292.28,412.21,548.67,261.85,574.35,535.57,203.93,238.66,242.18,230.27,369.33,1182.96,1587.79,1880.38,1668.44,2105.72,3163.56,4028.39,6111.53,5518.92,6424.17,4878.30,4773.35,9218.86,11713.86,11533.74,12874.55,16746.83,16366.85,11058.02,9921.66,10427.73,10567.83,8428.74,11453.37,10390.28,7913.87,6424.63,4252.80,3846.29,0.00
72459,72504,72481.5,29087.07,692.75,14.18,1.15,1569.44,1628.23,2810.52,1796.73,1606.46,1740.36,2846.76,4153.92,3118.61,3894.80,5764.53,6088.06,8518.42,12019.87,14988.49,17128.33,18989.31,20802.90,30140.57,28907.27,28425.53,41553.03,54823.48,52575.08,69579.30,61723.68,60395.62,44996.75,35474.02,36191.24,36376.82,29512.32,28193.31,29143.57,25612.06,18323.16,16081.11,19778.18,16325.13,12142.42,9130.01,6785.71,5714.24,0.00
72518,72563,72540.5,3161.56,109.93,2.75,1.15,1569.67,1018.76,1435.93,0.00,468.63,874.27,694.72,803.84,646.90,262.75,655.20,359.93,484.37,699.09,1324.56,2168.71,2199.91,1525.54,2327.06,2112.82,2971.58,2709.59,4409.97,4288.90,4682.43,5048.73,4707.34,5120.12,3599.41,3549.60,3455.45,3060.81,1856.01,2942.51,3027.03,2880.24,2927.22,3793.26,4001.00,3557.63,2537.97,2102.89,2307.64,0.00
72577,72622,72599.5,1729.92,80.66,2.18,1.15,0.00,491.15,356.74,0.00,673.04,528.81,404.33,306.67,706.99,414.84,679.11,434.69,434.00,436.11,189.46,150.48,372.41,345.91,507.77,504.50,1189.23,2192.72,2487.55,2246.92,2010.73,2568.68,2340.61,1118.48,1063.18,1093.47,1069.69,258.34,622.47,2197.24,2201.81,2771.19,2779.22,3618.43,3926.48,2372.60,2569.39,2106.76,1562.87,0.00
72636,72681,72658.5,1874.20,85.17,2.30,1.15,0.00,1567.95,1258.10,868.04,210.52,324.50,568.44,440.49,117.46,896.99,594.76,829.33,551.34,552.09,280.43,406.75,915.98,919.09,718.61,1109.26,587.02,726.26,737.74,1016.06,1906.77,1843.02,2195.27,3308.67,3469.88,1882.98,1519.81,1933.05,1712.49,427.02,1693.18,2261.24,2588.11,4115.60,3275.78,2723.24,2688.25,2306.82,1926.12,0.00
72695,72740,72717.5,10619.43,250.72,5.48,1.15,9595.76,8358.77,7817.87,4641.09,3060.20,1505.82,1309.61,320.88,1499.52,1932.66,2675.13,2286.71,2253.64,4609.18,4715.36,6287.04,6014.57,9931.66,11887.42,11316.42,11483.24,12254.84,13223.37,9135.52,12749.23,12162.79,13873.40,8845.92,10667.51,16175.47,17216.56,13078.78,10736.42,10433.31,8404.28,7667.55,7289.81,7329.32,5499.83,4320.70,3966.61,3329.03,3144.53,0.00
72754,72799,72776.5,2531.03,90.45,2.36,1.17,1844.33,1563.49,1609.07,890.81,441.27,435.58,76.98,412.72,248.77,215.48,673.92,394.08,526.17,756.12,1183.05,702.01,1296.70,1390.55,1171.21,908.58,1065.41,1820.51,1581.22,2259.18,2644.86,2876.32,2870.48,2868.11,2711.69,2842.63,3292.92,2438.78,1689.42,2105.30,2453.58,2592.97,1676.50,4059.68,3253.40,2599.42,2463.90,2011.48,2212.42,0.00
72813,72858,72835.5,2287.51,88.30,2.42,1.19,696.33,2327.25,489.74,613.96,267.42,804.29,0.00,130.99,940.41,414.43,288.23,666.72,515.85,880.44,580.84,659.92,822.95,1118.35,1182.85,1415.12,1494.55,1089.87,1779.52,1428.21,1712.45,1902.71,2391.67,2956.76,2439.09,2926.23,2610.20,2300.39,1549.93,2342.81,2054.36,1713.02,2401.25,2665.29,3175.26,2375.41,2078.26,2065.57,1735.50,1471.48
72872,72917,72894.5,2209.43,95.57,2.64,1.22,1040.79,1281.65,417.35,498.20,100.63,0.00,147.25,246.90,512.73,416.55,579.61,663.50,1026.66,760.36,1531.95,1125.79,1163.34,1686.28,1767.22,1556.87,1970.03,1518.52,1655.97,1824.35,2214.01,2401.70,2998.06,2214.15,2421.20,1983.88,2499.43,2492.82,2053.40,1899.89,2690.07,2422.81,2378.97,2258.93,3143.59,2797.97,2361.79,2373.81,1873.35,1729.58
72931,72976,72953.5,1714.46,81.91,2.31,1.22,0.00,0.00,913.87,347.90,266.86,598.19,670.77,958.50,1248.00,406.87,218.92,675.02,788.16,816.22,582.11,657.89,1014.17,956.67,873.74,1069.68,1032.99,1012.44,571.07,1134.65,1158.35,1027.93,1579.39,1446.65,1936.86,2097.33,2002.58,1858.71,1470.82,2042.00,2245.86,2288.84,2023.39,2354.64,2909.67,2360.93,2212.15,1648.92,1894.21,1488.65
72990,73035,73012.5,2282.69,90.96,2.52,1.22,0.00,578.35,2230.86,1314.57,1987.26,2014.88,1170.37,882.59,1115.97,890.77,1382.87,1146.05,920.65,977.08,1140.24,785.24,524.09,558.59,952.31,473.30,1112.75,1478.48,1577.14,1817.92,1730.82,2212.13,2055.88,2710.78,2292.96,2164.86,2012.16,2066.62,1679.66,1995.21,2331.70,1828.87,2568.15,3126.27,3147.55,2693.50,2281.24,2400.17,1634.28,1437.45
73049,73094,73071.5,1499.75,66.12,1.84,1.24,2070.72,578.50,9.73,654.61,481.48,142.73,553.93,463.32,359.49,317.37,219.48,445.56,369.45,633.37,241.90,412.54,709.71,696.51,588.20,431.82,368.82,733.27,1132.36,1901.41,1917.24,1425.40,1651.43,2115.09,1565.42,1407.82,1413.04,1805.92,1141.45,1885.98,1176.95,1299.81,1602.30,2489.11,2094.81,1845.61,1853.71,1511.29,1381.05,1114.55
73108,73153,73130.5,1374.87,83.99,2.49,1.31,0.00,0.00,0.00,413.74,0.00,212.05,0.00,0.00,0.00,0.00,479.19,525.49,133.71,224.68,78.66,197.72,433.41,385.70,414.77,521.86,521.42,843.88,786.73,1340.79,1259.11,2189.26,1819.35,1544.19,1585.94,1667.01,981.56,1343.38,1385.32,1073.85,1453.35,1886.80,2049.02,1583.71,2925.46,2667.88,3132.01,1956.85,1865.58,2112.52
73167,73212,73189.5,1229.74,71.27,2.10,1.38,0.00,0.00,0.00,483.45,0.00,0.00,0.00,150.48,135.59,103.46,93.83,390.27,57.56,106.04,82.26,203.14,208.11,465.67,261.21,274.25,517.69,673.82,784.91,1511.89,1566.83,1613.93,2057.39,2307.56,1696.34,1680.90,1319.68,1505.29,1018.72,775.82,719.96,1214.01,1806.90,1320.85,2231.35,2416.09,2179.71,1951.46,1892.66,1572.58
73226,73271,73248.5,726.09,52.02,1.68,1.48,0.00,0.00,0.00,0.00,0.00,0.02,0.01,168.40,138.22,114.12,0.00,164.97,0.25,0.00,142.38,355.47,172.46,0.00,414.51,512.54,429.94,458.18,513.09,507.13,620.66,679.64,883.23,691.01,730.79,1028.60,1013.38,487.14,423.29,309.78,119.50,763.09,986.05,1124.87,1273.54,1771.79,1618.05,1272.15,1097.45,1105.78
73285,73330,73307.5,857.14,33.52,0.98,1.57,0.00,0.00,0.00,1134.91,603.75,380.25,208.33,376.44,815.93,372.42,421.48,241.02,227.74,467.99,575.34,698.63,624.18,424.04,676.52,923.78,880.02,694.41,559.85,754.87,970.08,742.08,690.80,733.19,1170.36,370.38,768.92,1113.98,720.59,332.04,910.83,769.03,536.21,590.26,649.74,1001.97,791.46,860.46,503.71,658.50
73344,73389,73366.5,1059.59,27.96,0.76,1.63,0.00,4045.40,0.00,1362.41,8.96,842.90,101.11,398.58,318.35,365.92,777.56,738.09,538.67,744.86,1167.98,681.69,1135.41,1221.27,1144.65,1330.45,1129.49,1016.55,934.67,611.73,781.05,903.02,883.81,570.78,625.90,693.70,697.96,644.60,689.50,507.25,668.07,540.83,777.75,464.39,488.19,843.46,703.88,625.29,528.42,441.49
73403,73448,73425.5,770.99,20.58,0.57,1.72,0.00,1234.41,0.00,0.00,411.36,616.77,0.00,187.64,478.44,670.26,475.39,1011.86,956.80,643.16,910.87,1074.05,1005.31,1064.84,885.49,542.14,525.38,630.33,478.93,704.27,821.69,508.86,768.22,666.08,325.32,569.26,577.40,593.22,428.19,522.84,489.80,454.88,419.59,428.00,390.12,451.85,426.29,330.98,428.51,160.71
73462,73507,73484.5,1933.75,12.90,0.29,1.85,0.00,0.00,8094.02,6810.79,3999.57,4426.75,4670.19,2736.64,2783.27,2888.46,3629.05,2494.04,1481.23,1547.94,1647.76,1533.06,1453.96,1188.79,1129.03,633.53,855.92,691.39,554.47,598.11,301.71,420.83,646.18,561.29,192.89,365.07,393.61,257.35,305.99,454.29,382.57,142.99,319.34,160.90,181.15,113.39,152.70,200.25,179.62,148.11
73521,73566,73543.5,1471.51,10.79,0.24,1.97,0.00,0.00,3063.40,2440.30,1041.34,2986.57,3904.69,4046.61,4439.42,3469.12,2153.14,1982.30,2168.64,2248.50,1683.59,1258.47,941.82,663.54,843.68,1045.79,522.24,476.98,304.73,314.17,482.87,375.23,137.03,372.01,344.31,481.74,234.41,473.16,198.26,126.13,148.20,269.16,197.66,173.85,238.84,194.72,185.23,100.76,121.21,115.87
73580,73625,73602.5,7233.69,16.61,0.24,2.12,0.00,0.00,0.00,45179.30,34678.19,31543.95,28991.12,18825.93,12683.85,13029.34,11512.57,5670.57,5613.93,2720.43,3376.33,2214.53,1362.68,1056.02,906.17,1830.57,1242.85,1432.36,914.77,850.32,591.52,531.93,603.69,582.35,206.21,298.97,251.94,440.56,351.52,365.73,321.97,250.86,214.31,119.99,31.26,108.15,175.03,82.27,61.30,184.32
73639,73684,73661.5,9240.56,20.25,0.25,2.23,0.00,0.00,0.00,63983.07,40273.73,42276.95,32062.11,23941.74,14084.04,13225.32,12312.92,9955.94,7889.51,7037.54,5204.22,3269.76,1608.67,2047.61,1222.71,1364.37,790.60,1468.84,1781.84,825.68,874.50,1085.07,1184.47,790.30,872.15,724.91,741.59,588.26,628.85,324.40,118.41,133.96,133.12,124.49,91.02,139.39,243.13,144.50,95.84,32.45
73698,73743,73720.5,3322.88,12.37,0.17,2.30,0.00,0.00,0.00,16363.73,12231.94,15912.53,9091.25,10890.25,3969.18,3480.94,2808.71,2519.14,3237.67,2804.82,2167.20,2274.65,2178.26,925.38,1107.77,922.66,1426.26,1281.38,1527.39,1400.97,1162.92,818.35,698.11,822.06,759.83,776.56,566.51,654.58,349.37,204.48,223.31,211.41,42.62,68.79,154.46,73.76,31.32,95.21,96.40,0.00
73757,73802,73779.5,1395.39,9.45,0.16,2.38,0.00,0.00,0.00,6870.74,1795.25,1880.53,5998.56,2351.90,1604.23,1205.22,1167.13,887.29,1495.54,1137.44,875.64,1001.27,929.59,1562.02,1294.12,1672.34,986.01,1210.13,899.07,767.57,918.51,1432.23,845.44,808.24,768.09,427.05,447.91,109.03,127.71,169.01,125.52,10.95,255.69,118.71,72.43,147.30,107.55,32.73,67.16,0.00
73816,73861,73838.5,1731.99,16.89,0.34,2.42,0.00,0.00,0.00,6957.13,1956.95,6493.93,694.75,987.22,1811.61,1829.25,2413.74,1950.74,2274.21,1525.36,1857.59,1673.41,1273.27,1404.56,1118.34,1245.95,1791.69,1713.30,1655.24,1058.97,1086.01,1206.74,1260.65,1235.02,1414.98,845.36,744.20,574.02,662.37,498.66,334.32,538.98,320.61,189.15,85.45,112.40,87.49,168.81,78.16,112.83
73875,73920,73897.5,1638.07,16.85,0.30,2.41,0.00,0.00,0.00,3924.47,1619.71,2761.61,1681.28,2066.40,1970.77,2169.34,1334.89,1507.58,2887.58,1505.69,1752.36,1515.27,1638.74,1276.59,1526.69,1490.18,2224.37,1387.03,1563.03,1273.02,1903.49,1508.27,1433.54,1056.70,1218.19,1195.90,1054.46,948.07,683.15,395.26,282.17,308.80,393.68,74.59,179.95,181.39,202.81,99.99,107.25,51.63
73934,73979,73956.5,1610.37,16.23,0.27,2.41,0.00,0.00,0.00,2717.84,643.02,1336.47,3691.10,2159.42,1557.74,1190.30,1961.22,2214.34,1668.00,2092.52,2258.29,1543.17,1319.06,1029.71,1814.19,1895.06,1332.44,1798.31,1814.31,1674.62,1916.00,1817.86,1561.84,1728.63,1333.48,1116.47,898.13,804.25,547.68,444.44,269.24,370.76,263.26,139.79,207.72,0.00,121.82,106.38,101.53,34.31
73993,74038,74015.5,1765.56,16.26,0.29,2.41,0.00,0.00,0.00,6338.11,5181.69,2226.06,1331.01,1281.07,1203.62,2292.19,1753.03,1762.85,1574.93,1187.67,2336.37,1474.75,1074.86,1753.05,2075.07,1625.89,1764.70,1703.36,1822.21,1971.80,1438.15,2046.53,1112.23,1026.63,1136.87,1503.77,950.55,1122.83,749.13,449.69,280.45,61.35,191.61,0.00,86.46,91.79,73.11,131.95,67.20,102.44
74052,74097,74074.5,1464.40,16.28,0.29,2.41,0.00,0.00,0.00,4034.56,809.20,567.31,1384.58,357.81,2171.63,1157.10,1255.07,1571.94,1464.77,1490.70,1159.53,2166.72,1315.22,2056.95,1344.06,1564.02,1713.68,2216.53,2253.94,1817.73,1763.60,1471.60,1609.10,1302.05,1621.61,991.86,873.58,681.63,470.12,527.10,343.72,162.83,344.60,305.73,38.10,46.04,127.07,95.59,0.00,50.01
74111,74156,74133.5,1787.22,16.48,0.28,2.42,0.00,0.00,0.00,3928.11,3576.30,2445.11,3574.50,2688.78,1614.81,1873.35,1939.29,1251.53,1925.93,2309.50,1313.19,1422.95,1867.67,1241.87,2215.14,1287.84,2208.38,1699.33,1655.11,1515.07,1346.57,2465.65,1491.25,1365.77,1392.08,1139.82,867.13,930.88,359.16,507.62,417.27,380.97,73.17,196.00,289.48,105.78,49.15,153.15,0.00,0.00
74170,74215,74192.5,2534.40,19.82,0.35,2.42,0.00,0.00,0.00,12628.72,1783.79,6119.56,3901.62,4271.79,2792.33,2414.02,2096.94,2281.96,1332.16,3100.37,3018.04,2697.08,3037.27,2640.04,2076.16,2136.69,2569.67,2141.99,2056.95,1294.19,1626.85,1707.63,1887.64,1607.63,1285.35,1299.03,1350.65,575.27,881.65,459.02,425.97,424.73,155.63,217.45,134.78,139.76,92.07,69.43,119.86,144.20
74229,74274,74251.5,2999.86,20.80,0.31,2.42,0.00,0.00,0.00,8463.11,13353.10,5982.87,1192.24,1991.19,1236.14,3131.21,3145.12,2904.50,4599.05,3104.97,3579.02,3641.56,3837.77,3168.55,2634.20,3048.06,2002.83,2411.59,3115.26,2770.80,2322.17,1922.61,2928.40,2067.31,1622.08,1592.60,993.69,879.29,518.79,409.95,265.20,118.75,184.48,206.69,185.48,47.99,113.58,69.61,95.45,67.92
74288,74333,74310.5,2219.87,19.55,0.33,2.42,0.00,0.00,0.00,2718.20,4221.62,3014.37,4837.71,1997.09,3044.76,2514.22,2539.83,3099.01,1737.22,3648.46,2659.30,1916.28,2419.58,2379.65,1936.63,2201.56,1697.37,2135.24,2010.15,1999.68,2465.88,1933.78,1846.70,1716.09,1879.79,1528.07,1478.19,815.59,641.81,357.16,198.94,382.76,272.24,196.62,105.61,42.78,87.29,99.50,44.85,34.71
74347,74392,74369.5,1836.67,16.52,0.24,2.42,0.00,0.00,0.00,0.00,3186.86,2709.69,2901.38,1318.23,1012.12,2101.72,1983.32,2275.58,2225.01,2206.20,2699.93,1903.66,2457.46,1739.67,2711.95,1831.35,2354.13,2012.96,1985.89,1805.02,2274.32,2241.87,2088.32,1539.36,1721.27,1425.42,937.42,700.60,685.36,568.32,316.62,269.74,232.30,80.12,57.33,32.76,82.76,50.74,0.00,46.71
74406,74451,74428.5,0.00,0.00,0.00,2.42,0.00,0.00,0.00,0.00,0.00,0.00,0.00,0.00,0.00,0.00,0.00,0.00,0.00,0.00,0.00,0.00,0.00,0.00,0.00,0.00,0.00,0.00,0.00,0.00,0.00,0.00,0.00,0.00,0.00,0.00,0.00,0.00,0.00,0.00,0.00,0.00,0.00,0.00,0.00,0.00,0.00,0.00,0.00,0.00
74466,74511,74488.5,0.00,0.00,0.00,2.42,0.00,0.00,0.00,0.00,0.00,0.00,0.00,0.00,0.00,0.00,0.00,0.00,0.00,0.00,0.00,0.00,0.00,0.00,0.00,0.00,0.00,0.00,0.00,0.00,0.00,0.00,0.00,0.00,0.00,0.00,0.00,0.00,0.00,0.00,0.00,0.00,0.00,0.00,0.00,0.00,0.00,0.00,0.00,0.00
74525,74570,74547.5,0.00,0.00,0.00,2.42,0.00,0.00,0.00,0.00,0.00,0.00,0.00,0.00,0.00,0.00,0.00,0.00,0.00,0.00,0.00,0.00,0.00,0.00,0.00,0.00,0.00,0.00,0.00,0.00,0.00,0.00,0.00,0.00,0.00,0.00,0.00,0.00,0.00,0.00,0.00,0.00,0.00,0.00,0.00,0.00,0.00,0.00,0.00,0.00
74584,74629,74606.5,0.00,0.00,0.00,2.42,0.00,0.00,0.00,0.00,0.00,0.00,0.00,0.00,0.00,0.00,0.00,0.00,0.00,0.00,0.00,0.00,0.00,0.00,0.00,0.00,0.00,0.00,0.00,0.00,0.00,0.00,0.00,0.00,0.00,0.00,0.00,0.00,0.00,0.00,0.00,0.00,0.00,0.00,0.00,0.00,0.00,0.00,0.00,0.00
74643,74688,74665.5,0.00,0.00,0.00,2.42,0.00,0.00,0.00,0.00,0.00,0.00,0.00,0.00,0.00,0.00,0.00,0.00,0.00,0.00,0.00,0.00,0.00,0.00,0.00,0.00,0.00,0.00,0.00,0.00,0.00,0.00,0.00,0.00,0.00,0.00,0.00,0.00,0.00,0.00,0.00,0.00,0.00,0.00,0.00,0.00,0.00,0.00,0.00,0.00
74702,74747,74724.5,0.00,0.00,0.00,2.42,0.00,0.00,0.00,0.00,0.00,0.00,0.00,0.00,0.00,0.00,0.00,0.00,0.00,0.00,0.00,0.00,0.00,0.00,0.00,0.00,0.00,0.00,0.00,0.00,0.00,0.00,0.00,0.00,0.00,0.00,0.00,0.00,0.00,0.00,0.00,0.00,0.00,0.00,0.00,0.00,0.00,0.00,0.00,0.00
74761,74806,74783.5,0.00,0.00,0.00,2.42,0.00,0.00,0.00,0.00,0.00,0.00,0.00,0.00,0.00,0.00,0.00,0.00,0.00,0.00,0.00,0.00,0.00,0.00,0.00,0.00,0.00,0.00,0.00,0.00,0.00,0.00,0.00,0.00,0.00,0.00,0.00,0.00,0.00,0.00,0.00,0.00,0.00,0.00,0.00,0.00,0.00,0.00,0.00,0.00
