Data/Raw/MOORE,RICHARD/FIREXAQ-LARGE-SMPS_DC8_20190806_R0.ict
88,1001
Richard Moore, Elizabeth Wiggins, Edward Winstead, Claire Robinson, Lee Thornhill, and Kevin Sanchez
NASA Langley Research Center
In-situ Submicron Particle Size Distributions from a SMPS on the NASA DC-8
FIREXAQ
1,1
2019,08,06,2020,03,10
0
Time_start,Secs after midnight,Time of acquisition
50
1,1,1,1,1,1,1,1,1,1,1,1,1,1,1,1,1,1,1,1,1,1,1,1,1,1,1,1,1,1,1,1,1,1,1,1,1,1,1,1,1,1,1,1,1,1,1,1,1,1
-9999,-9999,-9999,-9999,-9999,-9999,-9999,-9999,-9999,-9999,-9999,-9999,-9999,-9999,-9999,-9999,-9999,-9999,-9999,-9999,-9999,-9999,-9999,-9999,-9999,-9999,-9999,-9999,-9999,-9999,-9999,-9999,-9999,-9999,-9999,-9999,-9999,-9999,-9999,-9999,-9999,-9999,-9999,-9999,-9999,-9999,-9999,-9999,-9999,-9999
Time_stop,Secs after midnight,Time of acquisition
Time_mid,Secs after midnight,Time of acquisition
nSMPS_stdPT,#/cm3,AerMP_NumConc_InSitu_RHd_Mobility_NucltoAccu_STP,integrated_number_density
sSMPS_stdPT,um2/cm3,AerMP_SurfAreaConc_InSitu_RHd_Mobility_NucltoAccu_STP,integrated_surface_area
vSMPS_stdPT,um3/cm3,AerMP_VolConc_InSitu_RHd_Mobility_NucltoAccu_STP,integrated_volume
SMPS_stdPT, unitless, None, conversion between ambient PT and standard PT (1013, 273)
SMPS_bin00_stdPT,#/cm3,AerMP_NumSizeDist_InSitu_RHd_Mobility_NucltoAccu_STP,Binned number size distribution (in dNdlogDp) measured by the SMPS
SMPS_bin01_stdPT,#/cm3,AerMP_NumSizeDist_InSitu_RHd_Mobility_NucltoAccu_STP,Binned number size distribution (in dNdlogDp) measured by the SMPS
SMPS_bin02_stdPT,#/cm3,AerMP_NumSizeDist_InSitu_RHd_Mobility_NucltoAccu_STP,Binned number size distribution (in dNdlogDp) measured by the SMPS
SMPS_bin03_stdPT,#/cm3,AerMP_NumSizeDist_InSitu_RHd_Mobility_NucltoAccu_STP,Binned number size distribution (in dNdlogDp) measured by the SMPS
SMPS_bin04_stdPT,#/cm3,AerMP_NumSizeDist_InSitu_RHd_Mobility_NucltoAccu_STP,Binned number size distribution (in dNdlogDp) measured by the SMPS
SMPS_bin05_stdPT,#/cm3,AerMP_NumSizeDist_InSitu_RHd_Mobility_NucltoAccu_STP,Binned number size distribution (in dNdlogDp) measured by the SMPS
SMPS_bin06_stdPT,#/cm3,AerMP_NumSizeDist_InSitu_RHd_Mobility_NucltoAccu_STP,Binned number size distribution (in dNdlogDp) measured by the SMPS
SMPS_bin07_stdPT,#/cm3,AerMP_NumSizeDist_InSitu_RHd_Mobility_NucltoAccu_STP,Binned number size distribution (in dNdlogDp) measured by the SMPS
SMPS_bin08_stdPT,#/cm3,AerMP_NumSizeDist_InSitu_RHd_Mobility_NucltoAccu_STP,Binned number size distribution (in dNdlogDp) measured by the SMPS
SMPS_bin09_stdPT,#/cm3,AerMP_NumSizeDist_InSitu_RHd_Mobility_NucltoAccu_STP,Binned number size distribution (in dNdlogDp) measured by the SMPS
SMPS_bin10_stdPT,#/cm3,AerMP_NumSizeDist_InSitu_RHd_Mobility_NucltoAccu_STP,Binned number size distribution (in dNdlogDp) measured by the SMPS
SMPS_bin11_stdPT,#/cm3,AerMP_NumSizeDist_InSitu_RHd_Mobility_NucltoAccu_STP,Binned number size distribution (in dNdlogDp) measured by the SMPS
SMPS_bin12_stdPT,#/cm3,AerMP_NumSizeDist_InSitu_RHd_Mobility_NucltoAccu_STP,Binned number size distribution (in dNdlogDp) measured by the SMPS
SMPS_bin13_stdPT,#/cm3,AerMP_NumSizeDist_InSitu_RHd_Mobility_NucltoAccu_STP,Binned number size distribution (in dNdlogDp) measured by the SMPS
SMPS_bin14_stdPT,#/cm3,AerMP_NumSizeDist_InSitu_RHd_Mobility_NucltoAccu_STP,Binned number size distribution (in dNdlogDp) measured by the SMPS
[...]
UNCERTAINTY:  20%
ULOD_FLAG: -7777
ULOD_VALUE: N/A
LLOD_FLAG: -8888
LLOD_VALUE: N/A
DM_CONTACT_INFO: Lee Thornhill (Kenneth.L.Thornhill@nasa.gov)
PROJECT_INFO: FIREX-AQ
STIPULATIONS_ON_USE: No stipulations on use. The user is encouraged to contact the PI or DM prior to use.
OTHER_COMMENTS: Midpoint diameters of Bins 00 to 43 are: 0.011,0.012,0.013,0.014,0.015,0.016,0.017,0.018,0.019,0.021,0.022,0.024,0.026,0.028,0.030,0.032,0.035,0.037,0.040,0.043,0.046,0.050,0.053,0.057,0.061,0.066,0.071,0.076,0.082,0.088,0.095,0.102,0.109,0.118,0.126,0.136,0.146,0.157,0.168,0.181,0.194,0.209,0.225,0.241
REVISION: R0
R0: Final Data. Data are corrected for time lags and ammonium sulfate size calibrations.
*******************************************************************************************************************************
Time_start,Time_stop,Time_mid,nSMPS_stdPT,sSMPS_stdPT,vSMPS_stdPT,SMPS_stdPT,SMPS_bin00_stdPT,SMPS_bin01_stdPT,SMPS_bin02_stdPT,SMPS_bin03_stdPT,SMPS_bin04_stdPT,SMPS_bin05_stdPT,SMPS_bin06_stdPT,SMPS_bin07_stdPT,SMPS_bin08_stdPT,SMPS_bin09_stdPT,SMPS_bin10_stdPT,SMPS_bin11_stdPT,SMPS_bin12_stdPT,SMPS_bin13_stdPT,SMPS_bin14_stdPT,SMPS_bin15_stdPT,SMPS_bin16_stdPT,SMPS_bin17_stdPT,SMPS_bin18_stdPT,SMPS_bin19_stdPT,SMPS_bin20_stdPT,SMPS_bin21_stdPT,SMPS_bin22_stdPT,SMPS_bin23_stdPT,SMPS_bin24_stdPT,SMPS_bin25_stdPT,SMPS_bin26_stdPT,SMPS_bin27_stdPT,SMPS_bin28_stdPT,SMPS_bin29_stdPT,SMPS_bin30_stdPT,SMPS_bin31_stdPT,SMPS_bin32_stdPT,SMPS_bin33_stdPT,SMPS_bin34_stdPT,SMPS_bin35_stdPT,SMPS_bin36_stdPT,SMPS_bin37_stdPT,SMPS_bin38_stdPT,SMPS_bin39_stdPT,SMPS_bin40_stdPT,SMPS_bin41_stdPT,SMPS_bin42_stdPT,SMPS_bin43_stdPT
[from data line 138]
73153,73198,73175.5,477.98,6.20,0.12,2.05,0.00,0.00,0.00,0.00,665.55,0.03,1417.34,271.10,431.44,211.34,0.00,200.22,280.02,81.70,580.24,903.69,882.60,1037.11,697.23,722.97,512.14,827.85,802.23,863.53,591.23,360.52,381.93,292.99,281.05,295.98,355.88,83.84,75.36,184.41,198.06,169.38,153.70,143.20,139.48,25.69,14.37,28.88,29.07,29.89
73212,73257,73234.5,629.60,6.91,0.14,2.15,0.00,0.00,0.00,2155.23,797.41,1115.79,354.07,891.78,239.36,842.11,681.71,493.27,773.47,741.12,387.45,562.06,885.42,893.91,632.81,516.89,759.31,777.68,486.01,834.87,500.54,547.97,343.90,555.28,252.19,206.02,254.70,86.16,175.69,265.79,173.39,206.69,165.38,11.76,197.07,99.58,70.89,78.14,102.58,0.00
73271,73316,73293.5,649.93,8.22,0.18,2.24,0.00,0.00,0.00,776.61,0.00,0.00,1717.42,669.15,1013.31,984.27,710.40,252.35,406.76,527.36,893.74,840.21,750.55,881.69,1242.09,1026.19,860.69,1004.10,996.52,822.39,419.02,332.74,486.06,482.57,335.28,91.96,130.58,155.90,313.02,269.54,393.79,129.17,141.42,139.35,122.38,97.37,56.31,96.15,98.19,33.33
73330,73375,73352.5,864.30,10.08,0.21,2.32,0.00,0.00,0.00,0.00,3450.31,269.29,594.29,1306.04,1557.83,685.19,1201.44,516.58,1065.74,679.84,978.97,746.84,986.96,1614.45,1144.70,909.42,911.79,1159.38,539.27,800.73,600.69,968.94,446.31,740.95,672.60,370.46,474.44,366.98,360.72,283.94,122.13,143.20,140.19,219.25,52.20,49.28,44.68,148.89,167.54,23.13
73389,73434,73411.5,1069.11,11.52,0.28,2.34,0.00,0.00,0.00,2576.90,5129.83,2593.06,826.32,1334.57,842.82,1211.79,1032.31,416.46,1025.84,1154.33,851.74,1103.96,780.62,823.36,1144.91,1104.13,727.63,1096.40,1106.94,784.90,898.66,871.06,685.47,572.52,382.79,286.77,498.78,391.60,349.28,188.96,196.98,200.69,8.31,12.13,74.44,170.63,59.10,146.24,181.68,93.25
73448,73493,73470.5,1130.95,9.01,0.19,2.34,0.00,0.00,0.00,3348.44,7695.88,4515.59,484.33,1483.32,1720.45,1159.31,443.55,656.70,734.04,813.49,939.84,739.83,529.34,592.91,583.77,1037.54,785.60,859.30,1181.55,604.07,726.25,534.38,483.36,304.00,372.24,330.31,193.51,302.21,418.65,405.50,167.57,222.07,128.44,120.99,29.94,54.18,106.95,115.02,65.05,132.49
73507,73552,73529.5,838.10,10.35,0.26,2.34,0.00,0.00,0.00,3347.00,1603.85,2083.26,1176.24,660.51,797.46,441.63,459.63,1017.36,627.72,671.33,877.38,777.00,722.01,508.85,997.06,1333.23,701.36,723.20,939.47,1062.94,647.76,522.68,431.24,387.48,306.44,325.36,381.10,268.85,381.54,68.63,160.74,116.08,32.16,286.51,196.14,60.67,173.64,109.69,181.14,76.24
73566,73611,73588.5,945.33,14.32,0.40,2.35,0.00,0.00,0.00,2373.89,958.64,3797.27,1311.92,2606.38,618.54,817.29,551.87,974.96,791.24,1329.03,541.03,672.68,605.08,741.72,623.22,830.42,827.46,1161.57,765.93,663.26,814.41,634.44,527.33,579.06,270.97,303.71,163.71,477.23,99.07,307.96,205.51,383.88,177.31,140.69,130.49,289.99,247.98,120.25,210.07,316.55
73625,73670,73647.5,639.11,14.52,0.40,2.35,0.00,0.00,0.00,0.00,1817.45,0.03,1209.71,0.00,311.77,687.18,351.17,558.13,633.75,688.91,374.89,616.03,666.38,946.08,519.67,346.71,799.76,1012.69,827.59,1064.34,643.40,446.93,558.73,225.78,516.70,148.98,558.67,367.17,327.37,499.99,315.38,225.41,423.54,511.31,88.47,2.81,171.45,190.71,257.36,190.30
73684,73729,73706.5,789.65,15.87,0.44,2.35,0.00,0.00,0.00,0.00,4819.72,799.72,479.15,774.59,580.49,222.72,755.35,146.41,520.73,210.02,296.05,826.84,538.97,1098.33,623.51,971.81,966.28,878.59,1092.96,823.45,764.03,451.26,304.40,492.43,477.86,917.72,368.06,447.42,373.89,419.26,585.65,306.14,136.05,223.70,214.27,205.53,138.18,119.65,317.16,141.97
73743,73788,73765.5,777.23,14.25,0.36,2.35,0.00,0.00,0.00,0.00,1001.26,4278.45,958.52,354.89,634.80,464.23,374.66,463.51,1072.46,7.13,816.58,671.23,534.96,574.57,726.83,418.51,596.65,820.57,1343.02,896.62,653.20,948.69,863.53,324.86,329.81,326.43,379.72,301.12,530.87,332.43,434.27,483.73,274.28,554.70,116.19,86.18,173.31,103.17,118.66,298.03
73802,73847,73824.5,795.15,11.89,0.28,2.35,0.00,0.00,0.00,0.00,0.00,2912.00,1231.25,321.80,868.80,918.51,551.99,297.76,1270.41,1102.29,960.60,863.62,1184.51,1047.04,693.44,992.03,912.87,862.66,909.12,791.30,831.76,819.02,498.95,504.32,297.79,518.68,124.46,312.54,436.46,284.42,277.10,472.03,293.39,76.06,143.52,132.86,146.96,119.54,172.19,90.49
73861,73906,73883.5,832.20,14.32,0.36,2.35,0.00,0.00,0.00,0.00,0.00,2913.33,1042.25,1139.29,1549.93,939.59,554.65,458.03,535.71,315.69,775.20,1208.51,973.27,828.94,984.73,1001.85,889.44,829.57,944.60,785.30,644.89,433.62,748.89,767.69,591.16,747.91,374.15,371.21,499.93,355.02,354.98,185.80,550.07,81.34,151.01,196.32,156.41,117.05,221.99,93.04
73920,73965,73942.5,732.59,14.09,0.36,2.34,0.00,0.00,0.00,0.00,1001.75,1074.79,1262.32,832.91,561.15,445.43,778.06,795.17,652.72,347.17,892.43,567.68,586.75,1127.12,1309.40,799.43,829.46,913.57,539.27,528.33,562.94,665.69,713.47,322.85,304.19,688.27,387.02,374.06,456.52,435.76,248.41,309.74,271.92,455.28,219.95,434.32,166.45,104.73,141.91,53.98
73979,74024,74001.5,836.24,15.14,0.39,2.34,0.00,0.00,0.00,0.00,2733.74,667.55,1043.61,773.12,317.49,437.06,749.80,613.33,1117.49,950.77,1399.36,792.49,986.53,1430.80,670.78,812.22,900.10,483.84,791.14,853.61,705.63,562.87,553.24,682.36,688.41,682.62,534.79,417.90,263.09,315.36,529.56,401.97,342.68,339.38,30.63,120.94,86.01,193.98,369.67,111.34
74038,74083,74060.5,783.13,12.42,0.29,2.34,0.00,0.00,0.00,0.00,2148.91,0.00,1128.38,1557.76,590.04,470.96,872.91,561.78,1092.41,1158.06,962.41,543.81,740.46,295.21,892.13,941.15,544.51,946.61,845.90,964.96,890.86,817.32,378.46,721.19,584.25,678.21,457.44,331.03,402.21,420.86,324.36,363.89,176.06,220.15,137.22,337.48,126.85,123.03,61.63,72.74
74097,74142,74119.5,808.55,11.51,0.27,2.35,0.00,0.00,0.00,0.00,963.63,667.35,103.55,2953.78,1253.21,723.65,860.27,1234.22,1300.18,1059.10,666.02,1032.58,721.50,1033.31,763.31,1173.40,1262.03,931.32,633.57,677.69,629.65,500.57,507.44,329.36,219.92,231.39,311.06,359.33,313.91,397.91,222.33,95.78,396.11,273.69,123.52,162.79,328.05,190.07,68.58,38.02
74156,74201,74178.5,1000.77,12.78,0.33,2.35,0.00,0.00,0.00,0.00,4036.94,3501.41,2876.44,721.88,0.00,1895.41,1287.36,334.50,1113.96,1581.95,656.49,849.04,278.83,720.07,858.26,1114.30,1165.23,598.99,999.83,637.38,660.43,544.64,623.16,612.18,464.92,648.23,439.72,480.85,330.81,221.86,116.81,226.15,183.59,156.36,114.91,23.78,176.00,142.83,129.52,56.18
74215,74260,74237.5,819.01,10.77,0.27,2.34,0.00,0.00,0.00,0.00,2375.47,1084.66,2114.72,1106.45,2090.56,445.82,1074.33,697.70,678.42,804.39,741.14,929.67,670.79,1124.52,859.67,910.84,659.05,602.91,729.70,580.93,836.94,363.73,527.60,549.71,329.47,249.53,364.29,533.85,357.03,321.30,196.53,14.11,107.17,175.92,175.92,51.65,114.61,126.11,191.56,111.04
74274,74319,74296.5,900.07,11.71,0.32,2.34,0.00,0.00,0.00,0.00,1183.18,1600.96,4510.45,1622.59,1756.33,1101.65,1033.06,336.27,707.74,1003.26,648.45,996.79,1116.86,1387.97,572.12,1365.18,482.76,1112.36,728.29,477.93,476.60,456.44,310.14,364.13,176.13,307.71,430.39,327.47,233.41,113.11,186.91,245.70,48.42,153.38,111.83,197.00,132.99,121.32,145.99,187.57
74333,74378,74355.5,642.17,11.20,0.27,2.34,0.00,0.00,0.00,0.00,771.48,966.27,0.00,0.00,962.61,1048.40,578.53,919.13,735.96,904.13,961.38,1142.80,654.40,1585.87,505.59,435.43,592.53,300.58,337.72,582.03,229.21,636.99,729.31,386.73,486.52,562.83,324.15,420.54,527.64,261.49,474.57,122.09,256.82,265.67,119.49,133.97,136.36,94.23,73.97,103.97
74392,74437,74414.5,853.68,14.79,0.36,2.34,0.00,0.00,0.00,0.00,1184.86,2896.01,0.02,2354.30,1363.84,258.37,223.44,164.60,998.80,750.38,815.58,511.24,617.16,980.42,952.32,1379.83,615.07,571.52,1431.41,776.22,1101.23,825.23,624.75,529.21,727.17,256.50,282.01,458.06,405.95,284.38,604.00,165.43,425.96,336.38,395.06,98.40,228.15,219.06,264.37,77.35
74451,74496,74473.5,1187.08,21.30,0.55,2.27,0.00,0.00,0.00,0.00,0.00,2235.06,560.08,1911.18,1579.78,1337.54,2133.73,805.23,1626.76,1832.25,1037.95,1374.37,1587.59,1121.89,975.69,1113.03,951.65,1350.76,1324.56,1207.53,1516.29,847.84,950.59,991.49,676.31,709.58,843.83,654.61,768.69,416.37,632.91,313.49,378.26,204.51,171.01,364.17,231.03,351.20,263.25,179.91
74510,74555,74532.5,1605.78,14.01,0.28,2.01,0.00,0.00,3169.71,1764.50,6294.58,2657.17,3426.17,2092.33,1209.80,663.20,1761.75,1352.63,1762.46,1811.13,966.24,2080.15,1853.54,1498.68,1749.10,1413.45,1468.86,1228.22,1558.25,1329.89,958.64,735.93,1050.13,659.43,534.86,814.48,306.77,330.40,330.14,353.39,290.45,266.35,348.75,383.43,204.69,192.81,114.08,160.33,87.31,29.05
74569,74614,74591.5,758.37,8.88,0.17,1.85,0.00,0.00,1206.42,1605.96,1497.26,0.00,874.44,446.04,181.75,575.37,744.11,604.55,387.28,351.44,1323.05,997.34,1037.98,1038.88,1350.24,908.55,926.32,1022.31,767.66,723.44,644.17,741.74,421.89,295.73,543.26,486.92,213.85,327.27,349.31,168.89,277.35,227.16,247.19,124.61,171.93,127.40,141.84,72.61,34.39,52.74
74628,74673,74650.5,608.65,7.52,0.17,1.81,0.00,0.00,2405.97,1850.76,897.80,184.16,0.00,141.30,0.00,509.66,327.87,527.28,88.21,699.94,580.94,537.66,887.40,791.00,865.48,676.79,537.07,982.89,671.72,738.93,736.14,378.35,394.20,338.28,245.02,401.77,497.85,170.52,200.67,148.69,218.75,177.74,101.48,95.71,43.54,65.39,0.00,79.54,33.00,76.22
74687,74732,74709.5,509.33,7.10,0.14,1.81,0.00,0.00,0.00,0.00,0.00,878.39,0.00,270.24,0.00,483.28,388.97,505.05,236.05,581.99,577.15,566.70,913.84,739.01,825.95,903.58,820.52,1236.75,937.48,663.94,551.30,793.47,727.90,378.35,413.60,324.30,138.32,39.65,154.59,125.06,121.07,169.81,300.50,94.70,108.77,103.73,13.84,27.51,37.89,115.39
74746,74791,74768.5,531.23,6.42,0.11,1.81,0.00,0.00,0.00,0.00,0.01,0.00,612.02,556.27,381.75,156.50,805.68,794.03,549.47,764.88,338.56,895.57,965.61,1043.98,915.74,891.58,262.47,1181.92,694.11,760.82,279.22,650.08,435.51,379.92,361.69,399.62,384.75,229.80,178.06,276.96,76.26,133.32,311.97,53.13,80.28,30.74,109.40,27.55,0.00,0.00
74806,74851,74828.5,583.46,6.60,0.12,1.81,0.00,0.00,0.00,0.00,554.11,472.43,0.00,773.47,395.88,474.14,378.18,790.94,1094.96,1144.25,744.83,396.04,802.75,685.86,687.78,962.34,867.87,1207.30,576.67,908.81,610.88,626.00,642.65,437.54,423.62,397.77,192.36,198.84,204.29,168.94,135.63,100.05,182.72,107.07,122.60,34.61,52.01,27.70,56.65,0.00
74864,74909,74886.5,1085.97,10.14,0.21,1.77,0.00,0.00,2597.59,3548.58,3796.98,2376.26,1356.13,1303.10,371.51,150.75,516.13,680.16,668.57,926.64,939.23,1184.48,549.85,834.62,738.74,1010.67,1196.36,1532.78,1243.77,1029.00,793.52,472.23,677.56,430.15,615.82,712.65,411.45,490.29,333.28,134.01,95.45,127.78,0.00,109.55,77.04,176.44,78.65,159.57,114.24,76.24
74923,74968,74945.5,758.97,8.98,0.19,1.64,0.00,1214.54,0.00,669.86,471.22,883.87,848.50,537.07,708.85,1355.37,454.20,428.71,627.40,564.33,946.55,814.00,1529.02,1140.23,1057.67,1054.59,981.53,861.88,1080.72,784.06,630.79,670.72,430.17,238.96,418.13,353.90,366.37,367.43,300.32,173.73,245.70,206.37,103.01,2.33,185.86,129.29,110.43,71.18,95.63,110.24
74983,75028,75005.5,621.35,27.34,0.92,1.56,0.00,964.98,795.92,0.00,696.01,302.15,0.00,0.05,555.67,70.14,234.48,721.37,330.16,1077.34,933.25,415.48,531.70,789.21,767.69,339.00,426.87,606.82,604.88,467.97,440.45,359.74,241.85,157.29,269.99,309.44,314.58,257.57,240.31,13.91,22.38,156.71,153.49,281.85,317.37,825.34,863.59,818.47,691.97,786.69
75042,75087,75064.5,841.43,57.86,1.91,1.51,0.00,0.00,0.00,0.00,0.00,300.92,232.30,346.29,134.56,544.54,336.53,307.51,675.81,447.43,349.22,520.64,266.33,598.27,476.09,805.64,722.46,610.42,576.18,255.25,450.74,633.37,219.46,290.69,464.22,110.13,217.11,433.86,1149.77,1182.58,409.93,1250.47,563.18,434.41,1065.79,1943.86,1355.80,1694.00,2079.97,1344.68
75101,75146,75123.5,1276.30,105.14,3.47,1.46,0.00,0.00,672.53,472.93,0.00,0.04,0.01,183.10,444.55,357.70,0.00,208.38,403.40,615.07,157.81,589.27,461.95,340.46,471.68,269.23,467.93,270.21,586.33,476.80,701.77,538.63,573.72,1241.54,830.76,381.70,388.89,579.73,538.38,489.00,1069.63,2006.58,1955.78,2294.09,3021.17,2984.39,3281.63,3501.86,2733.23,2514.43
75160,75205,75182.5,1216.71,94.17,3.00,1.45,0.00,970.24,14.99,0.00,347.52,0.01,0.01,330.62,0.00,70.56,139.51,407.81,133.05,238.17,150.52,340.69,319.63,374.64,358.20,288.98,125.56,564.27,140.69,243.06,566.16,618.58,689.31,796.21,720.94,766.39,1149.14,1754.52,1489.38,987.51,1128.00,1094.22,2281.41,2186.18,2998.61,3181.39,2768.32,2617.70,2204.72,1939.54
75219,75264,75241.5,1087.22,75.05,2.40,1.45,0.00,0.00,1752.37,777.34,0.00,301.11,232.66,165.05,271.26,346.03,197.32,80.07,146.93,113.40,385.91,231.73,241.23,309.84,206.90,351.53,238.35,392.85,340.18,759.71,741.90,542.90,869.33,715.37,984.84,669.32,1036.81,647.88,976.32,732.94,876.35,1412.98,1764.92,1855.05,2014.51,2328.78,2064.79,2103.23,1824.47,1440.22
75278,75323,75300.5,1136.42,68.98,2.22,1.45,0.00,0.00,2301.20,0.00,690.27,917.11,670.91,547.33,294.74,765.03,752.55,213.94,225.37,565.10,369.79,396.75,318.21,512.88,529.99,515.69,481.64,1147.63,639.29,161.82,451.14,317.06,463.51,590.91,898.93,273.73,484.63,1080.89,763.53,314.02,1588.11,1205.90,1282.96,1389.64,1751.06,2114.37,2164.38,1574.35,1999.46,1392.29
75337,75382,75359.5,952.90,60.02,1.90,1.45,0.00,1229.82,814.33,438.98,405.16,300.75,211.10,0.00,447.99,109.48,301.82,243.25,160.31,275.80,244.10,231.23,530.48,160.04,185.54,219.99,484.87,175.71,576.13,300.71,463.19,720.70,776.38,567.75,687.41,758.01,769.40,119.72,1440.96,1192.76,883.76,1369.29,1615.67,1461.30,1342.48,1421.24,1359.89,1491.29,1536.66,1625.07
75396,75441,75418.5,1104.74,72.55,2.30,1.45,0.00,0.00,0.00,557.95,0.00,563.12,0.00,526.83,0.00,343.23,480.89,476.20,440.62,595.67,561.46,673.24,823.39,609.11,426.49,674.56,501.29,604.47,225.89,566.49,578.22,717.00,837.53,980.69,1133.07,821.46,718.09,666.26,234.46,216.27,580.63,1183.86,1800.22,1735.33,2552.98,2645.02,2200.74,2094.79,1494.13,1219.23
75455,75500,75477.5,1057.06,67.14,2.07,1.45,0.00,0.00,818.63,427.15,0.00,475.87,411.60,492.89,390.24,314.71,434.23,174.37,240.06,299.46,376.37,509.15,335.74,275.74,336.01,500.39,407.54,593.58,632.46,413.99,247.67,196.09,619.78,351.80,677.61,947.00,1506.67,1697.55,1338.80,934.47,1212.14,1211.30,578.35,917.51,1626.58,2638.23,2204.17,2393.39,1991.14,1675.59
75514,75559,75536.5,4180.00,266.97,7.99,1.45,0.00,969.69,688.91,1623.38,1155.35,373.42,1036.23,882.10,0.00,572.49,401.83,549.40,448.06,407.99,412.07,457.79,400.38,515.94,1017.17,1547.39,1801.72,2258.63,1058.30,909.36,2486.73,2729.10,2302.60,4617.00,5469.07,5939.22,6254.62,6429.67,5569.75,5137.92,5360.10,4774.03,6159.53,6796.21,9385.61,8726.44,7311.12,6317.56,5209.67,4103.00
75573,75618,75595.5,1854.55,138.90,4.44,1.45,0.00,1026.74,0.00,0.00,404.38,829.61,233.10,348.14,265.32,229.95,287.04,72.15,358.90,361.99,506.18,629.72,458.72,279.15,484.00,259.31,482.67,465.63,650.62,1269.76,1064.92,428.86,818.11,1367.58,784.85,2484.56,2450.60,1940.05,1550.61,2148.14,1126.26,1889.18,3361.05,3694.29,3892.66,3932.27,4331.07,3934.94,2850.74,2982.70
75632,75677,75654.5,1456.18,115.01,3.64,1.45,0.00,0.00,0.00,766.08,1035.45,301.41,206.73,185.15,0.03,224.64,208.87,156.60,0.00,129.25,384.68,313.14,360.59,200.08,202.98,381.54,80.96,266.89,311.40,593.31,487.26,772.75,838.38,1379.19,1114.33,716.89,674.13,700.10,339.66,771.86,2851.77,2670.66,3123.19,2891.94,3746.07,4286.61,3704.60,3396.99,2014.96,2075.58
75691,75736,75713.5,1291.36,105.98,3.55,1.45,0.00,1225.74,0.00,557.09,982.84,340.44,232.94,163.14,136.10,123.74,199.69,381.27,544.18,251.86,53.34,127.20,365.63,294.22,266.07,365.16,388.70,4.24,229.90,348.18,223.28,233.98,1028.34,1460.89,1340.71,1520.87,1467.48,836.66,766.41,431.72,0.00,356.09,1384.25,1352.63,3163.88,3247.34,3982.11,3586.47,2725.30,2404.78
75750,75795,75772.5,1205.32,98.02,3.24,1.45,0.00,0.00,0.00,472.57,348.01,108.83,135.41,183.98,297.81,113.32,290.06,325.66,196.27,294.40,227.32,474.26,521.76,636.72,233.42,536.07,414.18,683.12,312.33,680.97,392.78,538.44,519.02,670.74,629.85,924.55,1166.21,1021.04,825.93,902.70,330.00,1064.10,1304.22,2022.17,2227.26,2982.46,4019.53,3221.25,2467.82,1813.70
