Data/Raw/MOORE,RICHARD/FIREXAQ-LARGE-SMPS_DC8_20190830_R0.ict
88,1001
Richard Moore, Elizabeth Wiggins, Edward Winstead, Claire Robinson, Lee Thornhill, and Kevin Sanchez
NASA Langley Research Center
In-situ Submicron Particle Size Distributions from a SMPS on the NASA DC-8
FIREXAQ
1,1
2019,08,30,2020,03,10
0
Time_start,Secs after midnight,Time of acquisition
50
1,1,1,1,1,1,1,1,1,1,1,1,1,1,1,1,1,1,1,1,1,1,1,1,1,1,1,1,1,1,1,1,1,1,1,1,1,1,1,1,1,1,1,1,1,1,1,1,1,1
-9999,-9999,-9999,-9999,-9999,-9999,-9999,-9999,-9999,-9999,-9999,-9999,-9999,-9999,-9999,-9999,-9999,-9999,-9999,-9999,-9999,-9999,-9999,-9999,-9999,-9999,-9999,-9999,-9999,-9999,-9999,-9999,-9999,-9999,-9999,-9999,-9999,-9999,-9999,-9999,-9999,-9999,-9999,-9999,-9999,-9999,-9999,-9999,-9999,-9999
Time_stop,Secs after midnight,Time of acquisition
Time_mid,Secs after midnight,Time of acquisition
nSMPS_stdPT,#/cm3,AerMP_NumConc_InSitu_RHd_Mobility_NucltoAccu_STP,integrated_number_density
sSMPS_stdPT,um2/cm3,AerMP_SurfAreaConc_InSitu_RHd_Mobility_NucltoAccu_STP,integrated_surface_area
vSMPS_stdPT,um3/cm3,AerMP_VolConc_InSitu_RHd_Mobility_NucltoAccu_STP,integrated_volume
SMPS_stdPT, unitless, None, conversion between ambient PT and standard PT (1013, 273)
SMPS_bin00_stdPT,#/cm3,AerMP_NumSizeDist_InSitu_RHd_Mobility_NucltoAccu_STP,Binned number size distribution (in dNdlogDp) measured by the SMPS
SMPS_bin01_stdPT,#/cm3,AerMP_NumSizeDist_InSitu_RHd_Mobility_NucltoAccu_STP,Binned number size distribution (in dNdlogDp) measured by the SMPS
SMPS_bin02_stdPT,#/cm3,AerMP_NumSizeDist_InSitu_RHd_Mobility_NucltoAccu_STP,Binned number size distribution (in dNdlogDp) measured by the SMPS
SMPS_bin03_stdPT,#/cm3,AerMP_NumSizeDist_InSitu_RHd_Mobility_NucltoAccu_STP,Binned number size distribution (in dNdlogDp) measured by the SMPS
SMPS_bin04_stdPT,#/cm3,AerMP_NumSizeDist_InSitu_RHd_Mobility_NucltoAccu_STP,Binned number size distribution (in dNdlogDp) measured by the SMPS
SMPS_bin05_stdPT,#/cm3,AerMP_NumSizeDist_InSitu_RHd_Mobility_NucltoAccu_STP,Binned number size distribution (in dNdlogDp) measured by the SMPS
SMPS_bin06_stdPT,#/cm3,AerMP_NumSizeDist_InSitu_RHd_Mobility_NucltoAccu_STP,Binned number size distribution (in dNdlogDp) measured by the SMPS
SMPS_bin07_stdPT,#/cm3,AerMP_NumSizeDist_InSitu_RHd_Mobility_NucltoAccu_STP,Binned number size distribution (in dNdlogDp) measured by the SMPS
SMPS_bin08_stdPT,#/cm3,AerMP_NumSizeDist_InSitu_RHd_Mobility_NucltoAccu_STP,Binned number size distribution (in dNdlogDp) measured by the SMPS
SMPS_bin09_stdPT,#/cm3,AerMP_NumSizeDist_InSitu_RHd_Mobility_NucltoAccu_STP,Binned number size distribution (in dNdlogDp) measured by the SMPS
SMPS_bin10_stdPT,#/cm3,AerMP_NumSizeDist_InSitu_RHd_Mobility_NucltoAccu_STP,Binned number size distribution (in dNdlogDp) measured by the SMPS
SMPS_bin11_stdPT,#/cm3,AerMP_NumSizeDist_InSitu_RHd_Mobility_NucltoAccu_STP,Binned number size distribution (in dNdlogDp) measured by the SMPS
SMPS_bin12_stdPT,#/cm3,AerMP_NumSizeDist_InSitu_RHd_Mobility_NucltoAccu_STP,Binned number size distribution (in dNdlogDp) measured by the SMPS
SMPS_bin13_stdPT,#/cm3,AerMP_NumSizeDist_InSitu_RHd_Mobility_NucltoAccu_STP,Binned number size distribution (in dNdlogDp) measured by the SMPS
SMPS_bin14_stdPT,#/cm3,AerMP_NumSizeDist_InSitu_RHd_Mobility_NucltoAccu_STP,Binned number size distribution (in dNdlogDp) measured by the SMPS
[...]
UNCERTAINTY:  20%
ULOD_FLAG: -7777
ULOD_VALUE: N/A
LLOD_FLAG: -8888
LLOD_VALUE: N/A
DM_CONTACT_INFO: Lee Thornhill (Kenneth.L.Thornhill@nasa.gov)
PROJECT_INFO: FIREX-AQ
STIPULATIONS_ON_USE: No stipulations on use. The user is encouraged to contact the PI or DM prior to use.
OTHER_COMMENTS: Midpoint diameters of Bins 00 to 43 are: 0.011,0.012,0.013,0.014,0.015,0.016,0.017,0.018,0.019,0.021,0.022,0.024,0.026,0.028,0.030,0.032,0.035,0.037,0.040,0.043,0.046,0.050,0.053,0.057,0.061,0.066,0.071,0.076,0.082,0.088,0.095,0.102,0.109,0.118,0.126,0.136,0.146,0.157,0.168,0.181,0.194,0.209,0.225,0.241
REVISION: R0
R0: Final Data. Data are corrected for time lags and ammonium sulfate size calibrations.
*******************************************************************************************************************************
Time_start,Time_stop,Time_mid,nSMPS_stdPT,sSMPS_stdPT,vSMPS_stdPT,SMPS_stdPT,SMPS_bin00_stdPT,SMPS_bin01_stdPT,SMPS_bin02_stdPT,SMPS_bin03_stdPT,SMPS_bin04_stdPT,SMPS_bin05_stdPT,SMPS_bin06_stdPT,SMPS_bin07_stdPT,SMPS_bin08_stdPT,SMPS_bin09_stdPT,SMPS_bin10_stdPT,SMPS_bin11_stdPT,SMPS_bin12_stdPT,SMPS_bin13_stdPT,SMPS_bin14_stdPT,SMPS_bin15_stdPT,SMPS_bin16_stdPT,SMPS_bin17_stdPT,SMPS_bin18_stdPT,SMPS_bin19_stdPT,SMPS_bin20_stdPT,SMPS_bin21_stdPT,SMPS_bin22_stdPT,SMPS_bin23_stdPT,SMPS_bin24_stdPT,SMPS_bin25_stdPT,SMPS_bin26_stdPT,SMPS_bin27_stdPT,SMPS_bin28_stdPT,SMPS_bin29_stdPT,SMPS_bin30_stdPT,SMPS_bin31_stdPT,SMPS_bin32_stdPT,SMPS_bin33_stdPT,SMPS_bin34_stdPT,SMPS_bin35_stdPT,SMPS_bin36_stdPT,SMPS_bin37_stdPT,SMPS_bin38_stdPT,SMPS_bin39_stdPT,SMPS_bin40_stdPT,SMPS_bin41_stdPT,SMPS_bin42_stdPT,SMPS_bin43_stdPT
52437,52482,52459.5,0.00,0.00,0.00,1.14,0.00,0.00,0.00,0.00,0.00,0.00,0.00,0.00,0.00,0.00,0.00,0.00,0.00,0.00,0.00,0.00,0.00,0.00,0.00,0.00,0.00,0.00,0.00,0.00,0.00,0.00,0.00,0.00,0.00,0.00,0.00,0.00,0.00,0.00,0.00,0.00,0.00,0.00,0.00,0.00,0.00,0.00,0.00,0.00
52496,52541,52518.5,0.00,0.00,0.00,1.19,0.00,0.00,0.00,0.00,0.00,0.00,0.00,0.00,0.00,0.00,0.00,0.00,0.00,0.00,0.00,0.00,0.00,0.00,0.00,0.00,0.00,0.00,0.00,0.00,0.00,0.00,0.00,0.00,0.00,0.00,0.00,0.00,0.00,0.00,0.00,0.00,0.00,0.00,0.00,0.00,0.00,0.00,0.00,0.00
52555,52600,52577.5,0.00,0.00,0.00,1.25,0.00,0.00,0.00,0.00,0.00,0.00,0.00,0.00,0.00,0.00,0.00,0.00,0.00,0.00,0.00,0.00,0.00,0.00,0.00,0.00,0.00,0.00,0.00,0.00,0.00,0.00,0.00,0.00,0.00,0.00,0.00,0.00,0.00,0.00,0.00,0.00,0.00,0.00,0.00,0.00,0.00,0.00,0.00,0.00
52614,52659,52636.5,0.00,0.00,0.00,1.31,0.00,0.00,0.00,0.00,0.00,0.00,0.00,0.00,0.00,0.00,0.00,0.00,0.00,0.00,0.00,0.00,0.00,0.00,0.00,0.00,0.00,0.00,0.00,0.00,0.00,0.00,0.00,0.00,0.00,0.00,0.00,0.00,0.00,0.00,0.00,0.00,0.00,0.00,0.00,0.00,0.00,0.00,0.00,0.00
52673,52718,52695.5,0.00,0.00,0.00,1.37,0.00,0.00,0.00,0.00,0.00,0.00,0.00,0.00,0.00,0.00,0.00,0.00,0.00,0.00,0.00,0.00,0.00,0.00,0.00,0.00,0.00,0.00,0.00,0.00,0.00,0.00,0.00,0.00,0.00,0.00,0.00,0.00,0.00,0.00,0.00,0.00,0.00,0.00,0.00,0.00,0.00,0.00,0.00,0.00
52732,52777,52754.5,1107.39,42.65,1.23,1.45,0.00,0.00,676.68,0.00,286.94,355.31,0.00,0.00,285.04,626.71,531.65,340.48,549.72,696.22,1031.69,871.14,799.48,1100.25,835.89,1418.47,1330.44,1362.48,1557.98,1026.28,1147.33,1237.66,1168.88,911.92,1410.59,1138.21,1103.93,816.16,950.85,569.31,871.25,800.26,344.23,1057.83,843.17,1144.06,999.17,941.49,970.33,770.91
52791,52836,52813.5,1929.74,69.90,1.95,1.50,0.00,0.00,1353.74,0.00,0.00,411.91,341.46,619.70,777.10,295.01,543.78,775.22,1057.59,826.84,1340.12,995.97,1097.17,2093.47,1876.20,2109.24,1981.42,2381.84,2804.57,2532.39,2891.42,2404.06,2086.97,2286.00,2122.41,2216.26,2165.67,1650.85,1931.33,1318.96,1049.38,935.10,1392.74,1301.70,1575.34,1924.33,1716.35,1354.47,1017.59,1276.89
52850,52895,52872.5,9840.78,71.57,1.72,1.52,0.00,38905.34,29340.99,21678.27,22095.66,24414.05,12432.56,15098.50,13204.66,9990.99,12422.70,10069.27,9287.53,10175.79,7644.69,6048.89,7099.91,7896.76,5604.73,4330.78,4685.94,4477.47,3841.95,3590.46,2605.67,2373.03,2421.35,1841.00,1605.28,1871.84,1475.98,1023.67,1399.87,1646.36,1191.58,900.84,987.90,1457.01,1217.05,1266.05,909.53,1407.19,1212.55,874.82
52909,52954,52931.5,5124.58,61.72,1.70,1.59,0.00,16140.37,19321.49,17136.17,12962.43,7857.22,8642.22,5036.85,5190.83,3630.51,4656.24,2680.89,2682.39,4068.78,4311.57,3681.17,2706.63,3194.59,2239.53,2432.45,2602.72,2395.63,2348.82,1762.05,1773.31,1670.79,2167.22,1603.56,1284.91,1187.53,1196.62,905.75,1388.23,802.40,874.84,1088.14,917.20,735.18,1252.19,1685.11,1455.90,1080.56,1152.68,1197.71
52968,53013,52990.5,2409.32,45.77,1.29,1.68,0.00,10853.22,6212.84,2490.50,1368.05,2838.08,3064.97,2776.46,2257.49,2355.11,1663.49,1650.61,1293.36,1507.77,1253.53,1390.61,1646.93,1438.46,1916.62,1628.39,1470.11,1493.04,1775.36,1713.92,1775.60,1480.07,1617.33,1296.53,1110.03,1274.59,992.03,781.70,822.31,581.92,598.35,593.39,1091.78,669.34,584.56,1332.67,1017.64,1002.87,856.54,780.90
53027,53072,53049.5,1938.25,69.50,1.96,1.75,0.00,0.00,653.50,1344.63,2266.56,578.02,1734.51,653.20,1165.14,907.64,528.10,760.41,649.58,800.44,1026.09,917.98,1518.67,1401.75,1806.48,1308.95,1506.00,1671.33,2352.72,1884.71,1674.29,2081.37,2014.82,2637.94,2165.62,2339.85,1938.74,1953.70,1534.96,1748.02,1159.90,1222.63,1197.02,1138.17,1221.08,1774.89,1824.58,1603.39,1398.42,1053.24
53086,53131,53108.5,1221.25,32.55,0.84,1.81,0.00,0.00,981.46,0.00,1033.41,0.00,570.94,211.65,1046.03,435.26,390.31,793.60,268.23,824.96,562.43,1215.54,1366.38,1242.49,1264.15,1575.37,1614.78,2218.79,2259.00,1768.38,1593.96,1311.17,1247.21,1148.31,956.08,1267.02,1044.75,472.06,1044.06,935.46,490.43,357.29,987.55,725.99,764.06,582.58,644.59,732.24,381.47,321.48
53145,53190,53167.5,753.67,15.94,0.36,1.88,0.00,0.00,980.08,0.00,0.02,407.65,573.94,0.00,0.00,0.00,236.69,418.32,138.91,438.55,512.85,752.18,1488.00,725.11,825.72,1380.65,1289.74,1031.84,1221.77,1403.86,1131.22,1273.80,1036.68,851.00,534.94,599.61,573.38,115.05,511.86,536.60,624.80,497.86,197.28,449.85,313.19,210.82,143.28,237.50,199.49,139.20
53204,53249,53226.5,691.90,11.00,0.25,1.98,0.00,0.00,1208.03,804.49,0.00,0.00,0.00,791.87,212.73,635.87,552.38,490.90,526.43,294.66,987.71,740.89,585.78,1025.20,1335.01,1247.22,882.37,1081.82,908.66,548.05,1210.09,914.70,643.21,673.92,424.52,241.38,442.79,180.87,473.59,329.96,450.53,237.36,70.80,114.00,162.96,74.09,110.00,124.84,151.26,133.76
53263,53308,53285.5,632.05,8.53,0.19,2.08,0.00,0.00,0.00,0.00,775.39,0.00,764.47,694.16,139.12,557.42,452.88,450.79,683.65,705.39,779.36,1368.34,781.23,1064.83,1206.09,1631.56,847.82,1044.64,905.78,741.52,607.98,531.16,405.96,248.16,212.96,297.03,263.24,334.45,197.62,291.19,210.64,56.79,222.67,65.73,89.44,98.13,186.55,57.66,73.70,74.73
53322,53367,53344.5,712.90,6.09,0.11,2.16,0.00,0.00,0.00,0.00,801.30,0.00,713.44,2084.36,917.55,729.74,913.49,1134.91,924.69,1345.33,1455.38,1346.82,879.04,1177.00,942.42,1390.47,966.16,586.49,608.43,526.37,232.11,241.89,532.31,185.26,432.36,332.02,317.52,26.56,92.61,166.88,64.23,64.91,167.62,94.85,135.16,70.94,89.81,90.85,0.00,31.59
53381,53426,53403.5,922.80,7.73,0.13,2.21,0.00,0.00,0.00,1560.73,891.01,0.00,1526.22,634.75,1770.62,1814.18,1516.75,1422.08,1337.86,1573.72,1219.37,962.98,1032.85,1309.26,1221.88,1116.50,1294.81,989.94,534.73,721.88,667.66,304.24,415.97,385.29,211.81,612.72,730.65,153.21,422.76,373.98,212.81,56.67,91.73,172.51,24.45,89.46,60.11,30.42,22.89,5.59
53440,53485,53462.5,1192.46,10.11,0.17,2.25,0.00,0.00,0.00,2390.96,981.72,2701.37,1053.50,1635.74,1696.78,1085.56,1266.68,1201.91,835.56,1601.57,1331.24,2257.89,1961.98,1252.99,1679.39,1551.37,1355.45,1357.17,1230.86,874.37,571.21,1098.29,549.32,480.88,510.23,1005.11,221.49,394.20,597.14,339.38,199.45,224.85,204.58,29.51,132.84,107.59,70.50,30.67,31.24,20.07
53499,53544,53521.5,821.97,7.32,0.12,2.30,0.00,0.00,0.00,0.00,1607.73,230.76,1101.13,1372.71,835.71,357.86,774.21,1496.95,754.01,1833.13,1364.43,1196.04,769.44,1172.21,1211.34,1917.12,1119.14,1050.72,376.66,682.16,719.82,514.65,623.28,386.83,558.98,342.42,434.44,318.42,124.71,235.27,78.72,106.74,164.67,116.95,62.35,121.18,106.59,31.42,32.06,0.00
53558,53603,53580.5,635.74,6.64,0.12,2.36,0.00,0.00,0.00,1193.87,804.35,0.00,0.00,1023.31,275.19,218.16,1429.40,1406.58,846.06,1310.26,533.34,784.80,341.45,910.76,1370.32,653.38,618.14,779.78,606.95,968.40,598.39,621.45,408.19,343.11,126.60,151.80,127.52,299.63,199.57,235.39,182.20,309.57,261.56,74.10,61.76,93.22,78.68,64.01,32.60,0.00
53617,53662,53639.5,249.40,4.34,0.11,2.44,0.00,0.00,0.00,0.00,0.01,0.00,556.37,195.24,385.35,217.82,180.12,296.69,297.01,273.30,755.29,241.55,595.90,64.18,300.37,279.33,234.94,184.48,202.87,220.44,178.06,249.00,394.38,156.25,91.85,249.72,226.77,83.91,84.64,41.21,51.94,57.83,128.10,23.66,0.00,192.43,35.73,108.14,100.16,9.12
53676,53721,53698.5,1025.18,12.52,0.30,2.50,0.00,0.00,0.00,0.00,1936.02,1076.05,1289.66,2240.42,1550.41,1913.66,1827.84,1034.00,1912.46,910.60,1900.30,1439.08,1497.82,738.33,1060.49,719.68,852.78,605.43,623.81,322.27,940.84,496.40,737.68,573.67,526.13,448.43,472.64,413.14,613.58,254.93,295.80,291.46,386.28,65.90,58.93,120.06,44.59,0.00,173.21,180.62
53735,53780,53757.5,1360.40,11.95,0.24,2.56,0.00,0.00,0.00,0.00,1934.03,800.82,2090.66,4399.91,3223.11,2994.91,1661.67,2062.58,1472.14,2269.25,1171.38,1814.65,1270.57,1890.54,1557.36,1313.94,895.71,1101.71,989.71,1128.61,1174.33,996.14,638.42,652.15,587.76,743.68,365.99,467.23,387.96,70.24,239.41,139.78,164.39,61.12,121.90,110.42,69.78,94.18,176.26,95.51
53794,53839,53816.5,2315.72,13.79,0.27,2.61,0.00,0.00,0.00,0.00,5856.44,7028.97,8842.52,3974.85,4237.49,4987.20,3414.95,3218.24,3100.71,4053.88,2196.47,2248.72,2999.45,2177.38,2382.32,2051.97,1697.29,1370.10,1291.15,892.10,1014.22,749.26,535.69,311.80,541.89,221.16,119.50,127.23,246.88,470.91,210.93,204.49,173.31,281.30,86.99,173.68,53.48,45.75,280.25,76.76
53853,53898,53875.5,1612.96,11.04,0.23,2.66,0.00,0.00,0.00,0.00,1891.79,2627.22,5480.13,3771.38,3604.44,2619.02,3916.85,3111.91,1885.72,2157.29,1970.02,2261.76,1359.71,1626.84,2186.65,1145.91,1371.17,1288.11,1294.68,831.17,878.74,425.17,621.94,472.12,309.88,428.98,220.30,273.16,335.97,94.16,69.61,176.30,47.83,6.78,168.18,170.29,64.33,116.38,122.57,37.68
53912,53957,53934.5,1636.83,13.57,0.36,2.70,0.00,0.00,0.00,0.00,5360.71,6773.10,1794.23,4559.30,3659.58,3030.63,2596.43,3311.37,3092.18,2701.02,1528.23,1286.83,1036.66,983.39,940.61,1178.17,500.93,922.83,556.16,718.42,518.58,568.21,574.50,454.76,196.55,552.99,335.41,431.22,199.30,147.17,192.72,328.15,35.01,48.71,218.20,52.13,112.74,135.55,246.73,84.65
53971,54016,53993.5,2046.73,13.84,0.38,2.75,0.00,0.00,0.00,0.00,18612.10,10808.06,3766.79,2180.02,3875.71,2701.59,2646.77,2076.47,1269.43,513.82,2262.58,1661.38,1430.10,1436.28,737.44,1256.55,438.99,802.85,812.14,583.61,849.07,347.39,734.64,411.99,303.36,327.72,300.56,431.67,94.98,147.02,173.03,209.89,68.61,0.00,141.15,19.25,43.65,79.76,154.69,261.76
54030,54075,54052.5,821.11,8.24,0.21,2.80,0.00,0.00,0.00,0.00,1489.14,2745.64,3840.13,1889.04,1081.46,506.60,430.28,1629.50,1216.59,916.49,957.57,575.15,640.97,415.61,644.69,883.80,703.20,1139.54,413.61,463.15,480.98,291.98,280.12,220.92,226.87,262.87,192.53,234.70,72.59,209.44,94.29,179.90,119.79,57.05,155.85,5.91,29.55,123.07,179.82,111.47
54089,54134,54111.5,689.97,9.72,0.27,2.84,0.00,0.00,0.00,0.00,1192.20,2262.44,1449.54,497.15,931.64,1220.89,424.81,900.90,308.95,250.81,951.33,1014.29,1010.76,859.12,1095.39,1124.32,495.66,776.75,910.74,600.55,493.68,387.93,233.72,200.43,26.24,427.35,262.17,111.02,207.88,45.92,117.74,27.34,104.16,0.00,118.54,135.90,57.52,247.07,128.81,261.63
54148,54193,54170.5,1382.49,10.53,0.24,2.88,0.00,0.00,0.00,0.00,0.00,13273.23,2066.01,3186.10,4044.81,2161.28,1318.73,962.57,842.19,470.57,1400.59,1512.20,940.94,1240.05,1251.54,1538.74,1249.06,886.80,847.23,539.12,403.09,615.15,133.96,194.74,220.31,321.57,107.69,189.16,336.11,283.11,311.25,146.21,213.01,86.43,159.04,113.67,217.21,115.18,132.27,40.73
54207,54252,54229.5,1182.29,12.34,0.30,2.93,0.00,0.00,0.00,0.00,0.00,5872.21,1357.60,4379.76,2443.83,2903.92,1976.38,1221.96,669.75,1576.58,440.10,1676.47,999.16,1005.89,973.12,1277.20,920.24,924.14,866.29,612.36,651.25,299.43,684.28,220.61,185.65,376.40,169.32,293.37,206.43,334.50,374.54,254.64,458.88,336.23,59.39,76.84,199.83,79.58,120.66,55.40
54266,54311,54288.5,1215.91,8.34,0.22,2.98,0.00,0.00,0.00,0.00,0.00,11079.44,5721.67,4164.57,4077.40,1573.05,1018.66,909.70,248.05,887.08,480.25,364.22,853.99,642.06,648.33,649.93,929.88,757.26,286.67,369.92,311.11,165.17,208.71,181.92,482.37,74.80,135.20,257.33,123.84,85.45,222.35,95.70,176.12,24.15,146.74,29.30,22.18,0.00,124.57,83.96
54325,54370,54347.5,702.85,5.40,0.12,3.03,0.00,0.00,0.00,0.00,0.00,4888.87,1466.12,5081.24,991.59,1410.06,1224.47,862.58,965.99,315.28,127.81,237.76,132.21,146.94,148.20,418.69,594.72,168.08,387.60,172.02,118.74,227.40,256.49,0.00,116.05,457.06,113.69,304.67,235.92,82.19,191.18,39.42,84.18,96.60,80.67,40.54,40.96,34.95,69.05,129.60
54384,54429,54406.5,325.36,4.93,0.14,3.07,0.00,0.00,0.00,0.00,0.00,702.59,650.07,719.05,446.98,413.90,1611.27,0.00,252.35,107.83,332.81,419.32,311.02,259.51,491.19,216.51,512.53,205.73,345.59,230.60,208.35,157.89,44.95,0.00,242.66,76.38,207.45,68.20,138.46,138.66,114.17,70.59,105.43,210.95,115.53,49.81,45.62,0.00,17.20,17.60
54444,54489,54466.5,184.47,3.97,0.11,3.08,0.00,0.00,0.00,0.00,0.00,0.00,0.01,0.02,0.11,332.86,806.30,235.91,176.69,0.00,50.92,67.22,238.69,376.89,400.05,251.68,447.69,277.09,268.42,97.63,295.38,134.96,144.33,108.54,70.49,118.39,83.06,0.00,118.36,141.47,135.80,26.16,139.59,0.79,2.34,22.39,37.09,71.49,0.00,88.01
54503,54548,54525.5,185.84,3.90,0.12,3.08,0.00,0.00,0.00,0.00,0.00,396.64,1650.80,0.00,0.01,0.00,0.03,0.00,117.24,142.03,0.50,199.98,301.01,246.77,318.42,69.71,321.01,123.93,159.59,129.44,218.43,146.11,117.66,120.46,84.75,136.00,7.71,85.39,50.43,37.05,155.72,140.62,63.74,32.70,12.87,0.00,0.00,55.20,84.97,43.40
54562,54607,54584.5,592.90,5.62,0.17,3.08,0.00,0.00,0.00,0.00,0.00,11556.07,2196.83,0.03,0.02,292.96,0.15,0.00,0.00,0.59,238.82,102.52,192.30,150.46,65.43,463.62,421.51,382.11,206.53,471.35,123.34,112.97,125.19,180.12,218.99,169.89,235.94,58.65,143.77,25.20,183.67,40.71,87.37,0.00,0.00,0.00,46.85,30.60,137.69,114.23
54621,54666,54643.5,0.00,0.00,0.00,3.09,0.00,0.00,0.00,0.00,0.00,0.00,0.00,0.00,0.00,0.00,0.00,0.00,0.00,0.00,0.00,0.00,0.00,0.00,0.00,0.00,0.00,0.00,0.00,0.00,0.00,0.00,0.00,0.00,0.00,0.00,0.00,0.00,0.00,0.00,0.00,0.00,0.00,0.00,0.00,0.00,0.00,0.00,0.00,0.00
54680,54725,54702.5,0.00,0.00,0.00,3.09,0.00,0.00,0.00,0.00,0.00,0.00,0.00,0.00,0.00,0.00,0.00,0.00,0.00,0.00,0.00,0.00,0.00,0.00,0.00,0.00,0.00,0.00,0.00,0.00,0.00,0.00,0.00,0.00,0.00,0.00,0.00,0.00,0.00,0.00,0.00,0.00,0.00,0.00,0.00,0.00,0.00,0.00,0.00,0.00
54739,54784,54761.5,0.00,0.00,0.00,3.07,0.00,0.00,0.00,0.00,0.00,0.00,0.00,0.00,0.00,0.00,0.00,0.00,0.00,0.00,0.00,0.00,0.00,0.00,0.00,0.00,0.00,0.00,0.00,0.00,0.00,0.00,0.00,0.00,0.00,0.00,0.00,0.00,0.00,0.00,0.00,0.00,0.00,0.00,0.00,0.00,0.00,0.00,0.00,0.00
54798,54843,54820.5,0.00,0.00,0.00,3.07,0.00,0.00,0.00,0.00,0.00,0.00,0.00,0.00,0.00,0.00,0.00,0.00,0.00,0.00,0.00,0.00,0.00,0.00,0.00,0.00,0.00,0.00,0.00,0.00,0.00,0.00,0.00,0.00,0.00,0.00,0.00,0.00,0.00,0.00,0.00,0.00,0.00,0.00,0.00,0.00,0.00,0.00,0.00,0.00
54857,54902,54879.5,0.00,0.00,0.00,3.07,0.00,0.00,0.00,0.00,0.00,0.00,0.00,0.00,0.00,0.00,0.00,0.00,0.00,0.00,0.00,0.00,0.00,0.00,0.00,0.00,0.00,0.00,0.00,0.00,0.00,0.00,0.00,0.00,0.00,0.00,0.00,0.00,0.00,0.00,0.00,0.00,0.00,0.00,0.00,0.00,0.00,0.00,0.00,0.00
54916,54961,54938.5,0.00,0.00,0.00,3.08,0.00,0.00,0.00,0.00,0.00,0.00,0.00,0.00,0.00,0.00,0.00,0.00,0.00,0.00,0.00,0.00,0.00,0.00,0.00,0.00,0.00,0.00,0.00,0.00,0.00,0.00,0.00,0.00,0.00,0.00,0.00,0.00,0.00,0.00,0.00,0.00,0.00,0.00,0.00,0.00,0.00,0.00,0.00,0.00
54975,55020,54997.5,0.00,0.00,0.00,3.08,0.00,0.00,0.00,0.00,0.00,0.00,0.00,0.00,0.00,0.00,0.00,0.00,0.00,0.00,0.00,0.00,0.00,0.00,0.00,0.00,0.00,0.00,0.00,0.00,0.00,0.00,0.00,0.00,0.00,0.00,0.00,0.00,0.00,0.00,0.00,0.00,0.00,0.00,0.00,0.00,0.00,0.00,0.00,0.00
55034,55079,55056.5,0.00,0.00,0.00,3.08,0.00,0.00,0.00,0.00,0.00,0.00,0.00,0.00,0.00,0.00,0.00,0.00,0.00,0.00,0.00,0.00,0.00,0.00,0.00,0.00,0.00,0.00,0.00,0.00,0.00,0.00,0.00,0.00,0.00,0.00,0.00,0.00,0.00,0.00,0.00,0.00,0.00,0.00,0.00,0.00,0.00,0.00,0.00,0.00
55093,55138,55115.5,0.00,0.00,0.00,3.08,0.00,0.00,0.00,0.00,0.00,0.00,0.00,0.00,0.00,0.00,0.00,0.00,0.00,0.00,0.00,0.00,0.00,0.00,0.00,0.00,0.00,0.00,0.00,0.00,0.00,0.00,0.00,0.00,0.00,0.00,0.00,0.00,0.00,0.00,0.00,0.00,0.00,0.00,0.00,0.00,0.00,0.00,0.00,0.00
55152,55197,55174.5,0.00,0.00,0.00,3.08,0.00,0.00,0.00,0.00,0.00,0.00,0.00,0.00,0.00,0.00,0.00,0.00,0.00,0.00,0.00,0.00,0.00,0.00,0.00,0.00,0.00,0.00,0.00,0.00,0.00,0.00,0.00,0.00,0.00,0.00,0.00,0.00,0.00,0.00,0.00,0.00,0.00,0.00,0.00,0.00,0.00,0.00,0.00,0.00
55211,55256,55233.5,0.00,0.00,0.00,3.09,0.00,0.00,0.00,0.00,0.00,0.00,0.00,0.00,0.00,0.00,0.00,0.00,0.00,0.00,0.00,0.00,0.00,0.00,0.00,0.00,0.00,0.00,0.00,0.00,0.00,0.00,0.00,0.00,0.00,0.00,0.00,0.00,0.00,0.00,0.00,0.00,0.00,0.00,0.00,0.00,0.00,0.00,0.00,0.00
55270,55315,55292.5,0.00,0.00,0.00,3.09,0.00,0.00,0.00,0.00,0.00,0.00,0.00,0.00,0.00,0.00,0.00,0.00,0.00,0.00,0.00,0.00,0.00,0.00,0.00,0.00,0.00,0.00,0.00,0.00,0.00,0.00,0.00,0.00,0.00,0.00,0.00,0.00,0.00,0.00,0.00,0.00,0.00,0.00,0.00,0.00,0.00,0.00,0.00,0.00
55329,55374,55351.5,0.00,0.00,0.00,3.09,0.00,0.00,0.00,0.00,0.00,0.00,0.00,0.00,0.00,0.00,0.00,0.00,0.00,0.00,0.00,0.00,0.00,0.00,0.00,0.00,0.00,0.00,0.00,0.00,0.00,0.00,0.00,0.00,0.00,0.00,0.00,0.00,0.00,0.00,0.00,0.00,0.00,0.00,0.00,0.00,0.00,0.00,0.00,0.00
