Data/Raw/MOORE,RICHARD/FIREXAQ-LARGE-SMPS_DC8_20190725_R0.ict
88,1001
Richard Moore, Elizabeth Wiggins, Edward Winstead, Claire Robinson, Lee Thornhill, and Kevin Sanchez
NASA Langley Research Center
In-situ Submicron Particle Size Distributions from a SMPS on the NASA DC-8
FIREXAQ
1,1
2019,07,25,2020,03,10
0
Time_start,Secs after midnight,Time of acquisition
50
1,1,1,1,1,1,1,1,1,1,1,1,1,1,1,1,1,1,1,1,1,1,1,1,1,1,1,1,1,1,1,1,1,1,1,1,1,1,1,1,1,1,1,1,1,1,1,1,1,1
-9999,-9999,-9999,-9999,-9999,-9999,-9999,-9999,-9999,-9999,-9999,-9999,-9999,-9999,-9999,-9999,-9999,-9999,-9999,-9999,-9999,-9999,-9999,-9999,-9999,-9999,-9999,-9999,-9999,-9999,-9999,-9999,-9999,-9999,-9999,-9999,-9999,-9999,-9999,-9999,-9999,-9999,-9999,-9999,-9999,-9999,-9999,-9999,-9999,-9999
Time_stop,Secs after midnight,Time of acquisition
Time_mid,Secs after midnight,Time of acquisition
nSMPS_stdPT,#/cm3,AerMP_NumConc_InSitu_RHd_Mobility_NucltoAccu_STP,integrated_number_density
sSMPS_stdPT,um2/cm3,AerMP_SurfAreaConc_InSitu_RHd_Mobility_NucltoAccu_STP,integrated_surface_area
vSMPS_stdPT,um3/cm3,AerMP_VolConc_InSitu_RHd_Mobility_NucltoAccu_STP,integrated_volume
SMPS_stdPT, unitless, None, conversion between ambient PT and standard PT (1013, 273)
SMPS_bin00_stdPT,#/cm3,AerMP_NumSizeDist_InSitu_RHd_Mobility_NucltoAccu_STP,Binned number size distribution (in dNdlogDp) measured by the SMPS
SMPS_bin01_stdPT,#/cm3,AerMP_NumSizeDist_InSitu_RHd_Mobility_NucltoAccu_STP,Binned number size distribution (in dNdlogDp) measured by the SMPS
SMPS_bin02_stdPT,#/cm3,AerMP_NumSizeDist_InSitu_RHd_Mobility_NucltoAccu_STP,Binned number size distribution (in dNdlogDp) measured by the SMPS
SMPS_bin03_stdPT,#/cm3,AerMP_NumSizeDist_InSitu_RHd_Mobility_NucltoAccu_STP,Binned number size distribution (in dNdlogDp) measured by the SMPS
SMPS_bin04_stdPT,#/cm3,AerMP_NumSizeDist_InSitu_RHd_Mobility_NucltoAccu_STP,Binned number size distribution (in dNdlogDp) measured by the SMPS
SMPS_bin05_stdPT,#/cm3,AerMP_NumSizeDist_InSitu_RHd_Mobility_NucltoAccu_STP,Binned number size distribution (in dNdlogDp) measured by the SMPS
SMPS_bin06_stdPT,#/cm3,AerMP_NumSizeDist_InSitu_RHd_Mobility_NucltoAccu_STP,Binned number size distribution (in dNdlogDp) measured by the SMPS
SMPS_bin07_stdPT,#/cm3,AerMP_NumSizeDist_InSitu_RHd_Mobility_NucltoAccu_STP,Binned number size distribution (in dNdlogDp) measured by the SMPS
SMPS_bin08_stdPT,#/cm3,AerMP_NumSizeDist_InSitu_RHd_Mobility_NucltoAccu_STP,Binned number size distribution (in dNdlogDp) measured by the SMPS
SMPS_bin09_stdPT,#/cm3,AerMP_NumSizeDist_InSitu_RHd_Mobility_NucltoAccu_STP,Binned number size distribution (in dNdlogDp) measured by the SMPS
SMPS_bin10_stdPT,#/cm3,AerMP_NumSizeDist_InSitu_RHd_Mobility_NucltoAccu_STP,Binned number size distribution (in dNdlogDp) measured by the SMPS
SMPS_bin11_stdPT,#/cm3,AerMP_NumSizeDist_InSitu_RHd_Mobility_NucltoAccu_STP,Binned number size distribution (in dNdlogDp) measured by the SMPS
SMPS_bin12_stdPT,#/cm3,AerMP_NumSizeDist_InSitu_RHd_Mobility_NucltoAccu_STP,Binned number size distribution (in dNdlogDp) measured by the SMPS
SMPS_bin13_stdPT,#/cm3,AerMP_NumSizeDist_InSitu_RHd_Mobility_NucltoAccu_STP,Binned number size distribution (in dNdlogDp) measured by the SMPS
SMPS_bin14_stdPT,#/cm3,AerMP_NumSizeDist_InSitu_RHd_Mobility_NucltoAccu_STP,Binned number size distribution (in dNdlogDp) measured by the SMPS
[...]
UNCERTAINTY:  20%
ULOD_FLAG: -7777
ULOD_VALUE: N/A
LLOD_FLAG: -8888
LLOD_VALUE: N/A
DM_CONTACT_INFO: Lee Thornhill (Kenneth.L.Thornhill@nasa.gov)
PROJECT_INFO: FIREX-AQ
STIPULATIONS_ON_USE: No stipulations on use. The user is encouraged to contact the PI or DM prior to use.
OTHER_COMMENTS: Midpoint diameters of Bins 00 to 43 are: 0.011,0.012,0.013,0.014,0.015,0.016,0.017,0.018,0.019,0.021,0.022,0.024,0.026,0.028,0.030,0.032,0.035,0.037,0.040,0.043,0.046,0.050,0.053,0.057,0.061,0.066,0.071,0.076,0.082,0.088,0.095,0.102,0.109,0.118,0.126,0.136,0.146,0.157,0.168,0.181,0.194,0.209,0.225,0.241
REVISION: R0
R0: Final Data. Data are corrected for time lags and ammonium sulfate size calibrations.
*******************************************************************************************************************************
Time_start,Time_stop,Time_mid,nSMPS_stdPT,sSMPS_stdPT,vSMPS_stdPT,SMPS_stdPT,SMPS_bin00_stdPT,SMPS_bin01_stdPT,SMPS_bin02_stdPT,SMPS_bin03_stdPT,SMPS_bin04_stdPT,SMPS_bin05_stdPT,SMPS_bin06_stdPT,SMPS_bin07_stdPT,SMPS_bin08_stdPT,SMPS_bin09_stdPT,SMPS_bin10_stdPT,SMPS_bin11_stdPT,SMPS_bin12_stdPT,SMPS_bin13_stdPT,SMPS_bin14_stdPT,SMPS_bin15_stdPT,SMPS_bin16_stdPT,SMPS_bin17_stdPT,SMPS_bin18_stdPT,SMPS_bin19_stdPT,SMPS_bin20_stdPT,SMPS_bin21_stdPT,SMPS_bin22_stdPT,SMPS_bin23_stdPT,SMPS_bin24_stdPT,SMPS_bin25_stdPT,SMPS_bin26_stdPT,SMPS_bin27_stdPT,SMPS_bin28_stdPT,SMPS_bin29_stdPT,SMPS_bin30_stdPT,SMPS_bin31_stdPT,SMPS_bin32_stdPT,SMPS_bin33_stdPT,SMPS_bin34_stdPT,SMPS_bin35_stdPT,SMPS_bin36_stdPT,SMPS_bin37_stdPT,SMPS_bin38_stdPT,SMPS_bin39_stdPT,SMPS_bin40_stdPT,SMPS_bin41_stdPT,SMPS_bin42_stdPT,SMPS_bin43_stdPT
[from data line 139]
87594,87639,87616.5,17460.62,2469.80,94.40,1.76,0.00,0.00,0.00,0.00,7489.36,4715.81,7698.19,4094.34,1906.82,1184.51,704.54,346.98,611.95,379.84,715.33,328.29,315.27,449.17,344.91,323.20,508.67,181.20,0.00,0.00,0.00,0.00,1710.97,3905.26,6699.11,8830.52,6510.41,1026.19,0.00,0.00,0.00,0.00,0.00,7731.31,19400.43,47166.76,81199.60,83189.41,78876.96,72493.24
87653,87698,87675.5,20545.55,2920.17,111.70,1.76,0.00,0.00,0.00,0.00,2684.25,0.01,1510.54,1692.27,1202.81,0.00,287.36,219.03,208.33,256.35,381.31,268.09,539.40,232.41,126.85,146.53,489.26,153.50,0.00,268.67,355.15,0.00,221.99,3857.11,1099.36,11068.57,20983.56,11668.03,5419.50,8270.25,10641.78,0.00,0.00,26380.47,30622.15,31835.47,92338.66,94242.85,80162.59,71557.45
87712,87757,87734.5,6646.83,627.83,20.89,1.75,0.00,0.00,0.00,0.00,5035.21,1520.64,2412.07,1851.59,3806.74,694.60,1011.43,1900.75,1303.87,1346.74,953.33,225.99,610.29,607.82,657.36,201.17,266.28,475.49,308.98,440.80,1001.62,2272.10,978.80,1148.79,1714.58,0.00,0.00,957.26,1768.56,595.14,9370.23,16119.19,16283.30,17515.14,20973.14,19035.94,19092.98,17848.88,17648.29,11278.64
87771,87816,87793.5,1404.53,111.64,3.96,1.79,0.00,0.00,0.00,0.00,2462.03,2666.69,2562.61,923.39,1188.84,211.55,741.32,261.64,103.04,166.49,208.78,245.09,290.17,159.55,254.57,208.35,593.49,232.00,166.49,443.12,476.62,262.06,240.81,468.21,688.15,738.26,718.65,557.72,1069.10,1086.39,1109.13,251.03,1218.71,1292.09,2270.26,2176.20,3303.18,3577.55,2998.70,2578.69
87830,87875,87852.5,493.72,24.44,0.88,1.82,0.00,0.00,0.00,0.00,2178.68,1176.31,1707.18,0.00,193.44,657.57,131.16,110.05,178.74,128.28,405.42,415.56,352.87,213.61,90.86,266.53,239.07,290.75,144.83,267.23,56.81,229.59,238.66,131.75,320.25,263.33,221.99,286.33,151.20,106.38,0.00,13.60,228.61,97.30,280.60,416.03,725.84,638.04,430.36,761.52
87889,87934,87911.5,16944.52,2546.95,97.86,1.82,0.00,0.00,0.00,0.00,2456.61,1317.82,1556.52,1691.80,775.76,994.51,621.58,399.66,705.35,85.67,710.94,392.50,578.99,318.78,285.69,681.40,28.11,337.84,136.45,192.95,538.41,957.01,1674.54,439.25,486.60,0.00,0.00,0.00,0.00,298.62,1466.19,380.18,7017.93,21442.77,29599.36,35942.07,78007.04,80693.27,78670.09,70590.50
87948,87993,87970.5,4865.93,675.96,26.04,1.82,0.00,0.00,0.00,0.00,3325.25,3280.99,1284.84,1576.60,431.69,527.72,230.50,245.10,99.77,115.67,576.38,84.95,195.02,344.49,106.94,232.25,272.56,173.49,140.54,380.11,0.00,196.14,680.69,583.20,454.16,1755.30,2188.73,1043.47,589.02,1671.28,112.15,0.00,871.12,2620.65,4647.98,7876.65,21071.10,21455.85,22175.55,20283.82
88007,88052,88029.5,2013.48,229.00,8.65,1.81,0.00,0.00,0.00,0.00,3036.55,2309.88,3562.06,290.76,798.99,159.15,142.93,523.25,244.87,195.42,112.20,465.29,229.42,186.35,408.04,233.32,293.58,24.04,0.22,45.20,0.00,139.96,147.41,248.43,382.12,663.48,673.15,717.80,0.00,837.54,573.91,471.41,473.40,2767.76,2455.61,3229.60,6959.12,7270.98,6659.19,6187.86
88066,88111,88088.5,1131.87,53.89,2.01,1.79,0.00,0.00,0.00,0.00,6941.67,7110.96,3145.37,1822.74,1988.03,1352.81,290.52,0.00,0.00,0.00,70.97,62.00,53.68,108.50,311.70,223.09,126.84,86.74,160.53,149.73,0.00,42.76,0.00,53.45,162.22,272.37,150.98,441.11,312.30,317.35,18.53,343.41,0.00,310.06,268.33,634.85,1828.34,1347.51,1887.17,1389.23
88125,88170,88147.5,1113.68,69.52,2.84,1.79,0.00,0.00,0.00,0.00,7151.54,5178.67,3447.49,2398.28,1273.42,1099.85,0.00,352.81,84.84,183.13,64.97,272.86,346.13,101.30,93.75,0.00,174.32,167.89,285.74,94.76,123.39,47.67,64.74,83.94,68.76,91.07,281.15,528.79,131.95,226.48,91.04,0.00,0.00,0.00,0.00,0.00,578.20,1362.16,1724.09,2144.42
88184,88229,88206.5,16109.61,2355.12,90.04,1.79,0.00,0.00,0.00,0.00,4860.53,5430.53,2617.33,1891.61,1383.53,198.32,394.19,374.06,279.76,179.82,71.66,133.80,117.14,208.19,128.36,277.17,75.23,68.46,150.64,0.00,0.00,1140.24,1618.35,583.84,1345.29,3142.73,0.00,0.00,711.78,153.79,754.85,2297.77,11699.67,16117.68,27245.78,35906.10,72368.54,73489.38,73319.53,67950.78
88243,88288,88265.5,6818.31,817.60,30.22,1.79,0.00,0.00,0.00,0.00,7757.68,4582.53,2141.66,1342.29,991.93,349.79,255.74,340.41,291.96,263.14,706.61,738.33,938.96,481.71,730.25,812.60,490.66,733.38,514.76,501.66,536.46,789.85,178.40,909.26,1024.32,1215.40,0.00,2019.50,1810.60,1560.35,3860.75,7390.14,6997.70,10482.04,15437.04,14700.17,24446.49,22305.39,23398.49,20252.24
88302,88347,88324.5,3219.90,168.74,6.04,1.79,0.00,0.00,0.00,0.00,5331.62,9129.59,5008.36,5663.77,4127.66,5856.10,3250.37,3452.29,3492.26,2857.80,2017.92,2194.89,1774.92,1577.04,1166.95,1170.63,782.53,639.51,622.45,156.88,100.38,456.88,268.11,1042.43,1706.28,1538.47,1121.09,839.29,829.36,0.00,0.00,0.00,287.52,1860.71,2540.82,3699.60,5943.29,5714.22,4871.13,4347.17
88361,88406,88383.5,1648.07,50.05,1.65,1.79,0.00,0.00,0.00,0.00,4442.90,3239.58,2221.82,3559.97,3135.87,2349.82,1385.32,545.56,714.82,1491.31,1824.27,1176.35,1834.03,2615.42,1275.48,1580.64,1416.83,930.20,759.95,141.93,271.83,500.36,242.64,326.92,539.24,1037.39,711.44,662.34,1156.75,1263.87,453.49,365.51,404.42,691.67,797.12,580.56,1087.14,844.54,1228.25,1079.46
88421,88466,88443.5,7217.61,875.54,34.40,1.82,0.00,0.00,0.00,0.00,8056.55,5325.36,3136.82,4795.37,3286.91,3923.09,4009.26,3309.08,3014.77,4322.24,2968.22,2486.07,1823.71,1245.53,1909.06,1291.98,894.61,862.13,332.62,0.00,140.17,0.00,210.49,1293.69,1322.79,2263.75,3227.92,3343.05,271.26,0.00,0.00,0.00,0.00,0.00,1563.46,5466.33,23152.30,27472.59,29585.24,27722.41
88480,88525,88502.5,19530.02,2955.68,114.78,1.81,0.00,0.00,0.00,0.00,3016.49,2933.03,1560.70,1818.91,2024.06,734.51,776.68,1013.65,1148.07,620.21,563.38,522.48,772.88,973.40,755.60,688.38,502.85,0.00,226.86,189.33,0.00,421.98,2895.50,2045.89,3259.96,4835.30,2890.82,0.00,0.00,0.00,0.00,0.00,4714.49,23348.52,24264.87,33122.09,89711.95,90896.76,86194.67,83124.95
88539,88584,88561.5,7326.63,1080.43,42.08,1.82,0.00,0.00,0.00,0.00,4427.48,1839.43,2120.66,1160.69,771.88,497.54,275.05,682.28,484.93,414.79,365.05,279.02,419.95,305.26,243.69,223.20,274.35,64.29,3.09,92.82,68.10,204.29,967.40,1533.40,1363.69,2349.18,1825.92,487.50,0.00,0.00,0.00,0.00,0.00,5249.86,6795.30,11665.62,32296.99,32767.23,35310.68,32042.23
88598,88643,88620.5,2372.14,314.35,12.07,1.82,0.00,0.00,0.00,0.00,1787.22,2675.87,1156.77,618.10,213.98,0.00,526.88,489.06,98.53,379.47,117.42,269.76,287.58,123.13,206.40,129.04,138.34,82.68,146.28,31.57,88.81,229.28,244.35,0.00,664.33,708.71,485.04,0.00,519.77,350.84,0.00,0.00,554.40,1915.79,3505.24,4857.15,9663.76,9189.17,8987.54,9429.99
88657,88702,88679.5,1916.99,155.10,5.93,1.82,0.00,0.00,0.00,0.00,7512.35,7069.16,5158.42,3016.54,775.79,1089.09,772.71,523.16,281.66,167.31,150.59,272.24,234.31,277.27,254.14,172.23,175.62,190.36,163.25,6.78,87.03,83.33,325.69,266.21,342.88,287.58,573.31,511.12,0.00,0.00,99.20,0.00,143.89,1392.73,993.94,1366.30,4878.65,5331.38,4747.21,4126.90
88716,88761,88738.5,1407.54,48.38,1.76,1.81,0.00,0.00,0.00,0.00,6165.94,5440.21,4865.94,3098.98,2923.46,1283.80,1741.30,1489.52,872.86,505.95,694.07,351.17,465.46,703.78,392.11,400.19,690.39,446.72,339.06,141.53,371.87,221.62,0.00,149.44,431.72,233.09,475.41,538.97,281.75,86.54,294.68,192.55,0.00,178.54,1018.93,287.13,1012.68,1381.92,1643.47,960.54
88775,88820,88797.5,1321.87,28.14,0.95,1.81,0.00,0.00,0.00,0.00,11514.16,7929.33,4237.76,4068.78,2644.51,318.38,267.52,465.66,374.03,195.46,147.56,180.63,159.06,351.67,40.07,276.04,459.63,165.13,148.78,150.97,120.82,241.96,223.98,231.76,245.52,331.81,182.60,381.39,120.20,131.33,218.27,118.31,257.82,477.93,482.16,584.60,872.95,977.99,579.49,455.49
88834,88879,88856.5,2080.73,244.69,9.69,1.82,0.00,0.00,0.00,0.00,3688.72,5708.35,2927.91,1884.19,972.91,389.27,273.90,275.49,160.60,154.79,223.85,333.24,201.00,52.17,507.08,244.72,182.08,373.98,210.26,102.46,13.93,46.25,22.61,304.65,449.57,660.09,963.41,698.89,144.15,11.16,0.00,0.00,0.00,0.00,0.00,12.00,6204.63,8251.93,8794.29,7855.55
88893,88938,88915.5,10348.50,1537.85,60.65,1.81,0.00,0.00,0.00,0.00,8130.82,3545.95,5001.17,2726.91,1748.27,1538.29,247.47,133.82,92.12,92.09,747.58,139.32,346.58,271.17,1.19,426.17,398.91,145.01,112.61,289.41,0.00,45.55,1124.28,1366.14,882.32,3772.26,4287.32,2038.83,606.70,527.58,1344.97,0.00,213.28,4783.88,5421.55,10252.25,45031.28,45719.81,44627.17,46600.77
88952,88997,88974.5,8300.30,1165.74,44.69,1.81,0.00,0.00,0.00,0.00,1225.68,474.89,928.69,239.22,1185.16,1544.71,801.46,602.84,691.49,478.29,838.78,1163.17,869.74,585.07,1187.26,829.61,1012.93,960.22,659.96,147.95,61.97,0.00,673.13,1041.61,2676.27,2488.59,3928.67,3043.77,933.56,0.00,553.43,0.00,994.66,8015.55,14008.67,16132.26,35837.86,37243.10,33954.34,31178.32
89011,89056,89033.5,5618.73,432.15,16.15,1.81,0.00,0.00,0.00,0.00,2134.54,5878.30,6984.68,8210.00,9133.61,3972.07,5232.37,4880.45,4875.73,3595.86,2843.44,2234.97,3075.34,3906.78,3512.55,2803.22,2154.69,1981.45,2099.80,1757.05,998.35,670.81,1617.84,1586.45,1533.15,2090.11,2503.26,1834.05,0.00,0.00,0.00,0.00,57.28,3234.40,4676.52,6987.53,14254.42,13872.71,11867.48,12136.44
89070,89115,89092.5,2682.16,79.93,2.64,1.81,0.00,0.00,0.00,0.00,4882.03,5385.24,4680.69,2653.68,2397.91,3314.04,3099.92,3001.31,2056.68,2215.38,3740.10,2895.06,2425.37,2629.90,4181.83,4771.20,3024.13,3260.90,1528.67,542.02,835.00,493.15,777.20,278.21,467.78,186.05,810.79,1272.56,874.98,1169.06,1418.10,906.76,341.38,981.81,779.74,1273.78,1878.89,2095.45,1909.15,1490.45
89129,89174,89151.5,4183.90,61.86,1.55,1.81,0.00,0.00,0.00,0.00,6478.96,6014.61,9136.13,4263.20,5342.28,4573.67,4700.75,5487.04,6035.93,4535.90,6723.77,5830.18,4952.71,5868.04,5786.07,5635.55,3873.16,3985.62,3097.41,3213.12,2082.30,1527.90,825.44,877.54,1201.20,1702.45,2116.16,2366.89,1981.85,2408.30,2017.07,1397.28,1121.82,1149.88,990.98,340.26,979.94,752.81,599.31,686.82
89188,89233,89210.5,15625.36,2184.62,83.67,1.82,0.00,0.00,0.00,0.00,3282.78,1914.34,3282.32,2277.32,3552.09,2605.83,1878.86,1187.22,2896.96,2080.92,1392.47,1993.97,1999.21,2102.34,1772.75,1767.82,1422.90,1318.79,666.20,393.23,241.70,203.24,1174.08,2905.19,2421.49,2909.64,5120.73,1345.68,0.00,0.00,0.00,0.00,1584.07,18102.96,26034.74,29626.26,66911.84,72638.84,67028.46,60737.41
89247,89292,89269.5,12290.08,1892.30,74.52,1.82,0.00,0.00,0.00,0.01,1570.26,1528.13,2606.25,1511.17,386.73,583.35,1240.43,513.91,604.59,662.38,916.25,198.68,357.31,748.15,560.04,297.45,515.58,303.62,0.00,0.00,0.00,0.00,779.22,2418.15,3723.12,5788.21,5836.98,4397.25,0.00,0.00,0.00,0.00,0.00,1015.70,7303.19,14785.10,53604.52,58140.23,61007.92,56915.98
89306,89351,89328.5,3320.81,445.40,17.23,1.82,0.00,0.00,0.00,0.00,2267.64,2483.37,3233.63,2447.24,756.23,524.66,114.62,288.91,160.73,28.21,199.02,123.09,256.54,111.62,247.79,110.40,226.02,42.38,208.93,90.68,232.58,0.00,203.06,575.17,659.04,816.07,1233.03,908.15,0.00,0.00,0.00,0.00,0.00,2209.47,4033.04,5003.30,13715.02,14540.86,13804.03,12562.17
89365,89410,89387.5,1864.26,191.53,7.41,1.82,0.00,0.00,0.00,0.00,6911.86,4385.26,3492.98,1371.53,1186.26,39.21,405.41,138.46,94.04,354.65,62.24,146.86,0.00,278.04,46.94,85.00,76.48,152.65,67.73,125.19,57.87,80.42,180.61,440.30,156.57,904.46,676.99,613.63,0.00,316.42,0.00,0.00,0.00,1250.77,772.87,1715.63,6187.23,5343.58,6177.76,5484.75
89424,89469,89446.5,958.95,54.12,2.01,1.82,0.00,0.00,0.00,0.00,2791.79,2952.23,2950.58,2620.00,1034.60,1510.74,433.98,235.60,387.94,411.23,369.06,216.34,40.27,386.33,522.60,222.42,343.97,180.59,85.68,152.51,238.26,159.28,125.88,172.05,246.62,329.64,213.52,426.65,74.07,146.69,83.58,145.95,224.08,337.19,796.06,593.47,1446.13,1490.03,1633.16,1651.62
89483,89528,89505.5,819.32,55.48,2.10,1.82,0.00,0.00,0.00,0.00,4671.69,2613.70,2016.64,563.32,797.02,165.50,289.24,0.16,204.26,331.53,225.73,212.29,172.13,8.79,557.06,217.40,265.28,174.98,136.71,105.51,165.29,325.41,274.20,272.85,193.94,254.15,135.77,49.75,83.76,0.00,0.00,0.00,0.00,128.89,863.68,541.66,1666.31,1572.13,1684.95,1663.80
89542,89587,89564.5,5779.17,791.70,31.13,1.81,0.00,0.00,0.00,0.00,10033.27,5587.44,3312.41,1436.53,1034.74,904.61,346.48,124.76,299.73,355.08,238.00,65.39,220.14,330.49,239.90,250.96,311.49,348.06,192.56,52.48,230.83,0.00,345.19,1017.25,1232.60,1749.22,4188.98,2965.93,0.00,44.77,292.37,0.00,0.00,946.44,1552.99,3592.39,22218.30,26117.15,26576.70,23640.65
89601,89646,89623.5,12422.71,1905.69,74.82,1.82,0.00,0.00,0.00,0.00,4009.51,2760.69,2882.88,1196.06,1534.83,369.14,417.72,225.43,203.77,274.37,468.70,549.76,577.95,439.56,532.54,854.83,326.00,245.24,0.00,0.00,0.00,6.90,657.22,1626.32,2662.04,3872.14,4802.19,3063.36,0.00,0.00,0.00,0.00,0.00,3727.16,10028.23,15923.27,54811.59,58032.91,59385.02,60962.12
89660,89705,89682.5,7036.99,861.38,33.08,1.81,0.00,0.00,0.00,0.00,2057.41,4034.21,4452.63,2684.25,973.88,2088.00,1911.10,1685.25,1191.93,1807.35,1693.39,2527.58,2398.25,2252.90,2152.95,2097.36,2606.69,1567.12,1470.09,1039.40,1011.80,498.27,528.68,765.80,1346.51,484.25,1539.02,2354.94,1881.36,693.45,2109.85,0.00,1044.31,7302.61,7217.83,10070.87,24001.44,28009.38,25902.06,23111.61
89719,89764,89741.5,4906.69,232.71,8.36,1.81,0.00,0.00,0.00,0.00,9260.86,6762.45,3857.97,3644.50,4599.03,4396.96,5512.82,5433.23,5423.14,5861.85,5188.35,5049.38,4411.50,4989.12,4891.69,4443.00,4849.46,3993.91,2759.00,2986.17,1716.49,1037.58,957.70,803.40,748.37,1212.78,1644.37,1905.19,2352.20,2600.14,986.81,637.07,962.65,1710.57,1854.70,2667.12,6015.36,6745.65,6414.21,5487.27
89778,89823,89800.5,4664.02,100.89,3.02,1.82,0.00,0.00,0.00,0.00,5075.90,5562.99,7519.23,3977.25,4292.06,5035.45,5778.35,8198.26,5390.68,6878.36,7881.23,7566.00,6782.51,8572.02,7196.83,5080.15,4591.71,3438.61,3176.30,2876.49,1839.32,1435.12,1140.67,991.72,307.26,1287.57,1423.46,1664.31,1982.82,2166.48,1564.03,1937.53,1333.55,1644.74,1660.55,1317.40,2140.39,2024.28,2074.64,1857.45
89837,89882,89859.5,9805.40,1083.17,41.77,1.84,0.00,0.00,0.00,0.00,5894.94,8250.23,5253.94,7439.59,5622.79,6486.29,9562.67,5301.33,4702.67,5999.02,2402.31,3623.44,4343.25,3556.03,2990.99,2655.80,2312.69,1611.40,1261.68,1116.13,696.90,671.30,1341.13,1510.08,1472.15,2215.77,2761.49,601.60,0.00,63.42,79.00,0.00,0.00,7067.32,7562.52,11767.50,33491.62,34190.68,32145.45,32658.27
89896,89941,89918.5,15567.35,2255.62,88.33,1.84,0.00,0.00,0.00,0.00,1603.43,2721.67,4061.71,3709.70,2434.00,2333.54,2305.58,3981.47,2795.05,3033.81,1514.75,2376.49,2079.31,2031.33,2024.56,1849.76,1354.58,1362.76,748.21,445.73,0.00,0.00,1489.37,3156.89,3668.04,6295.64,5428.65,1171.83,0.00,0.00,0.00,0.00,0.00,7908.46,13264.19,20138.95,65848.04,70678.48,68135.95,64881.90
89955,90000,89977.5,9675.55,1353.98,52.44,1.84,0.00,0.00,0.00,0.00,6965.48,8035.32,3227.70,2110.27,1425.28,647.53,520.89,511.00,1150.83,528.81,664.27,627.27,580.13,1119.32,671.79,352.49,627.10,504.98,241.05,89.76,216.30,237.32,1303.97,1331.62,1237.04,2201.24,2010.51,244.14,0.00,891.10,1526.33,0.00,2324.08,11849.34,9339.20,12097.50,40711.74,42998.60,41944.24,38770.64
90014,90059,90036.5,2535.83,297.61,11.33,1.84,0.00,0.00,0.00,0.00,2419.88,2170.74,1282.36,639.37,940.61,325.84,651.32,488.97,773.36,1016.16,235.69,610.82,661.90,740.38,262.81,720.78,611.36,285.67,78.20,108.65,287.13,2.75,283.14,1055.79,1169.55,1443.16,1244.01,1496.50,196.09,0.00,178.73,0.00,0.00,2092.41,2599.16,3961.63,8921.97,10267.28,8836.79,8454.25
90073,90118,90095.5,1132.90,88.47,3.35,1.85,0.00,0.00,0.00,0.00,1209.66,3242.77,3429.41,970.40,1522.30,1545.33,622.08,134.52,321.12,151.19,198.20,131.70,186.20,636.98,195.81,225.45,569.76,196.38,125.64,362.68,249.66,113.39,379.60,360.27,351.31,130.82,633.10,537.39,146.85,239.89,473.85,0.00,39.15,196.26,835.85,1042.68,2315.79,3212.16,2586.83,2094.21
90132,90177,90154.5,1072.09,31.82,1.15,1.85,0.00,0.00,0.00,0.00,1737.80,3008.31,7002.16,2981.71,1864.25,1750.29,1117.24,512.87,574.79,815.37,556.30,452.59,218.87,973.27,627.76,561.21,548.19,462.80,552.14,464.15,190.00,292.88,14.61,125.04,207.87,259.18,251.97,171.78,99.44,0.00,62.50,28.44,63.69,41.18,374.51,557.57,877.78,669.26,902.49,942.58
