Data/Raw/MOORE,RICHARD/FIREXAQ-LARGE-SMPS_DC8_20190812_R0.ict
88,1001
Richard Moore, Elizabeth Wiggins, Edward Winstead, Claire Robinson, Lee Thornhill, and Kevin Sanchez
NASA Langley Research Center
In-situ Submicron Particle Size Distributions from a SMPS on the NASA DC-8
FIREXAQ
1,1
2019,08,12,2020,03,10
0
Time_start,Secs after midnight,Time of acquisition
50
1,1,1,1,1,1,1,1,1,1,1,1,1,1,1,1,1,1,1,1,1,1,1,1,1,1,1,1,1,1,1,1,1,1,1,1,1,1,1,1,1,1,1,1,1,1,1,1,1,1
-9999,-9999,-9999,-9999,-9999,-9999,-9999,-9999,-9999,-9999,-9999,-9999,-9999,-9999,-9999,-9999,-9999,-9999,-9999,-9999,-9999,-9999,-9999,-9999,-9999,-9999,-9999,-9999,-9999,-9999,-9999,-9999,-9999,-9999,-9999,-9999,-9999,-9999,-9999,-9999,-9999,-9999,-9999,-9999,-9999,-9999,-9999,-9999,-9999,-9999
Time_stop,Secs after midnight,Time of acquisition
Time_mid,Secs after midnight,Time of acquisition
nSMPS_stdPT,#/cm3,AerMP_NumConc_InSitu_RHd_Mobility_NucltoAccu_STP,integrated_number_density
sSMPS_stdPT,um2/cm3,AerMP_SurfAreaConc_InSitu_RHd_Mobility_NucltoAccu_STP,integrated_surface_area
vSMPS_stdPT,um3/cm3,AerMP_VolConc_InSitu_RHd_Mobility_NucltoAccu_STP,integrated_volume
SMPS_stdPT, unitless, None, conversion between ambient PT and standard PT (1013, 273)
SMPS_bin00_stdPT,#/cm3,AerMP_NumSizeDist_InSitu_RHd_Mobility_NucltoAccu_STP,Binned number size distribution (in dNdlogDp) measured by the SMPS
SMPS_bin01_stdPT,#/cm3,AerMP_NumSizeDist_InSitu_RHd_Mobility_NucltoAccu_STP,Binned number size distribution (in dNdlogDp) measured by the SMPS
SMPS_bin02_stdPT,#/cm3,AerMP_NumSizeDist_InSitu_RHd_Mobility_NucltoAccu_STP,Binned number size distribution (in dNdlogDp) measured by the SMPS
SMPS_bin03_stdPT,#/cm3,AerMP_NumSizeDist_InSitu_RHd_Mobility_NucltoAccu_STP,Binned number size distribution (in dNdlogDp) measured by the SMPS
SMPS_bin04_stdPT,#/cm3,AerMP_NumSizeDist_InSitu_RHd_Mobility_NucltoAccu_STP,Binned number size distribution (in dNdlogDp) measured by the SMPS
SMPS_bin05_stdPT,#/cm3,AerMP_NumSizeDist_InSitu_RHd_Mobility_NucltoAccu_STP,Binned number size distribution (in dNdlogDp) measured by the SMPS
SMPS_bin06_stdPT,#/cm3,AerMP_NumSizeDist_InSitu_RHd_Mobility_NucltoAccu_STP,Binned number size distribution (in dNdlogDp) measured by the SMPS
SMPS_bin07_stdPT,#/cm3,AerMP_NumSizeDist_InSitu_RHd_Mobility_NucltoAccu_STP,Binned number size distribution (in dNdlogDp) measured by the SMPS
SMPS_bin08_stdPT,#/cm3,AerMP_NumSizeDist_InSitu_RHd_Mobility_NucltoAccu_STP,Binned number size distribution (in dNdlogDp) measured by the SMPS
SMPS_bin09_stdPT,#/cm3,AerMP_NumSizeDist_InSitu_RHd_Mobility_NucltoAccu_STP,Binned number size distribution (in dNdlogDp) measured by the SMPS
SMPS_bin10_stdPT,#/cm3,AerMP_NumSizeDist_InSitu_RHd_Mobility_NucltoAccu_STP,Binned number size distribution (in dNdlogDp) measured by the SMPS
SMPS_bin11_stdPT,#/cm3,AerMP_NumSizeDist_InSitu_RHd_Mobility_NucltoAccu_STP,Binned number size distribution (in dNdlogDp) measured by the SMPS
SMPS_bin12_stdPT,#/cm3,AerMP_NumSizeDist_InSitu_RHd_Mobility_NucltoAccu_STP,Binned number size distribution (in dNdlogDp) measured by the SMPS
SMPS_bin13_stdPT,#/cm3,AerMP_NumSizeDist_InSitu_RHd_Mobility_NucltoAccu_STP,Binned number size distribution (in dNdlogDp) measured by the SMPS
SMPS_bin14_stdPT,#/cm3,AerMP_NumSizeDist_InSitu_RHd_Mobility_NucltoAccu_STP,Binned number size distribution (in dNdlogDp) measured by the SMPS
[...]
UNCERTAINTY:  20%
ULOD_FLAG: -7777
ULOD_VALUE: N/A
LLOD_FLAG: -8888
LLOD_VALUE: N/A
DM_CONTACT_INFO: Lee Thornhill (Kenneth.L.Thornhill@nasa.gov)
PROJECT_INFO: FIREX-AQ
STIPULATIONS_ON_USE: No stipulations on use. The user is encouraged to contact the PI or DM prior to use.
OTHER_COMMENTS: Midpoint diameters of Bins 00 to 43 are: 0.011,0.012,0.013,0.014,0.015,0.016,0.017,0.018,0.019,0.021,0.022,0.024,0.026,0.028,0.030,0.032,0.035,0.037,0.040,0.043,0.046,0.050,0.053,0.057,0.061,0.066,0.071,0.076,0.082,0.088,0.095,0.102,0.109,0.118,0.126,0.136,0.146,0.157,0.168,0.181,0.194,0.209,0.225,0.241
REVISION: R0
R0: Final Data. Data are corrected for time lags and ammonium sulfate size calibrations.
*******************************************************************************************************************************
Time_start,Time_stop,Time_mid,nSMPS_stdPT,sSMPS_stdPT,vSMPS_stdPT,SMPS_stdPT,SMPS_bin00_stdPT,SMPS_bin01_stdPT,SMPS_bin02_stdPT,SMPS_bin03_stdPT,SMPS_bin04_stdPT,SMPS_bin05_stdPT,SMPS_bin06_stdPT,SMPS_bin07_stdPT,SMPS_bin08_stdPT,SMPS_bin09_stdPT,SMPS_bin10_stdPT,SMPS_bin11_stdPT,SMPS_bin12_stdPT,SMPS_bin13_stdPT,SMPS_bin14_stdPT,SMPS_bin15_stdPT,SMPS_bin16_stdPT,SMPS_bin17_stdPT,SMPS_bin18_stdPT,SMPS_bin19_stdPT,SMPS_bin20_stdPT,SMPS_bin21_stdPT,SMPS_bin22_stdPT,SMPS_bin23_stdPT,SMPS_bin24_stdPT,SMPS_bin25_stdPT,SMPS_bin26_stdPT,SMPS_bin27_stdPT,SMPS_bin28_stdPT,SMPS_bin29_stdPT,SMPS_bin30_stdPT,SMPS_bin31_stdPT,SMPS_bin32_stdPT,SMPS_bin33_stdPT,SMPS_bin34_stdPT,SMPS_bin35_stdPT,SMPS_bin36_stdPT,SMPS_bin37_stdPT,SMPS_bin38_stdPT,SMPS_bin39_stdPT,SMPS_bin40_stdPT,SMPS_bin41_stdPT,SMPS_bin42_stdPT,SMPS_bin43_stdPT
[from data line 224]
89173,89218,89195.5,7905.68,181.82,5.26,1.75,0.00,0.00,9143.69,7237.53,4332.70,7456.64,8299.50,6053.09,7962.95,8259.73,12371.47,12437.38,14692.28,12177.97,13927.12,10346.90,8529.09,7551.35,7986.48,5743.79,4597.18,3615.00,3361.43,2415.76,2830.06,2414.86,3530.36,3405.43,3129.65,3733.48,4772.66,4215.49,2756.74,4118.90,4225.07,2897.32,3693.34,4195.66,4004.43,3879.68,3329.83,3728.49,3173.42,2836.72
89232,89277,89254.5,8086.22,77.85,1.79,1.75,0.00,0.00,10850.12,3722.65,9431.47,10622.22,13356.82,11409.93,13289.29,12273.90,16285.98,15978.61,13131.02,14017.55,15630.75,13657.09,9787.69,9175.63,7556.10,5732.24,5416.51,4863.68,3811.29,3447.94,3580.55,2784.24,2413.27,2013.70,2117.03,1505.34,2034.59,1928.22,1424.43,1951.99,1627.56,1463.90,1309.28,1244.85,1182.85,1206.07,1603.05,1235.18,1016.82,1094.58
89291,89336,89313.5,8773.98,82.08,2.03,1.75,0.00,0.00,4716.61,13444.10,13574.45,16872.04,19005.44,13457.51,16424.12,15520.41,12211.55,14944.17,15103.22,12406.59,10169.11,10759.43,13522.88,11600.65,9657.13,7820.91,5736.93,3975.28,4821.66,4222.38,2782.27,2381.71,1975.91,1112.15,1342.60,1053.47,1439.40,1721.32,1412.27,2010.95,1187.89,1522.83,1067.95,635.86,938.97,1297.20,1803.49,1057.51,1526.67,1014.79
89350,89395,89372.5,13170.45,627.09,20.12,1.75,0.00,0.00,18733.17,7212.67,5170.85,5343.88,7844.42,14095.42,13199.28,10510.08,15673.26,17851.76,16239.76,16630.16,13298.01,12214.17,11340.29,9744.87,8677.94,6545.57,6473.43,5062.38,4519.82,3596.84,3202.42,3487.21,5509.48,6560.66,5326.17,3805.43,1990.34,0.00,0.00,0.00,0.00,1962.81,14314.09,18119.93,23418.02,24279.59,25128.80,20987.87,14837.38,9854.25
89409,89454,89431.5,12685.46,757.09,23.67,1.75,0.00,0.00,5588.52,7700.71,4595.19,3687.35,6414.56,3152.84,3654.63,3794.71,5876.60,6808.40,5141.62,4900.66,6325.44,6275.14,7608.47,8737.37,8118.47,8303.52,6728.31,6293.96,4463.00,3598.61,5183.29,3495.51,5933.38,8912.99,10505.06,9127.40,10308.48,8280.79,13073.16,13879.98,12819.25,13783.28,18227.77,19115.72,14776.10,20968.98,25565.06,22456.15,15398.46,14340.89
89468,89513,89490.5,9260.59,413.58,12.31,1.75,0.00,0.00,969.10,2231.33,2048.60,3477.24,3844.61,5781.11,3549.97,5256.10,6870.57,7734.13,8626.83,8555.27,10432.28,9932.22,9690.39,8851.57,8552.74,8015.19,5528.96,4734.39,3265.05,3173.61,2601.25,4025.06,3940.39,4009.12,4634.43,8676.85,9925.36,6538.80,10660.16,10676.94,7343.90,6509.55,10268.32,12779.29,8472.51,10237.62,11582.28,11752.05,9210.28,6277.33
89527,89572,89549.5,6800.95,145.29,4.17,1.75,0.00,0.00,9002.90,11224.70,7943.11,5248.75,7085.80,10469.51,10737.78,11666.66,11086.60,10508.29,11101.20,13178.59,10123.98,8071.71,7167.51,4898.62,2657.00,2580.35,1873.52,1504.58,1515.40,1583.45,912.49,1485.62,2228.34,1629.59,1103.02,3415.13,3929.92,3106.24,2170.76,2652.26,1896.43,3039.49,3518.96,3579.53,2800.15,4447.54,4136.08,3507.17,2823.38,2224.60
89586,89631,89608.5,6477.42,73.23,1.95,1.75,0.00,0.00,11461.32,10453.08,12105.58,11950.66,10134.63,10547.71,9480.05,13947.75,11972.10,14064.44,11915.05,11552.05,9694.58,7021.46,5632.55,4066.78,2937.55,1455.60,1924.22,1795.63,1926.40,2097.62,1926.57,1074.52,1425.13,1604.62,1115.05,793.58,1144.90,1084.11,1488.62,1898.00,2168.76,1727.18,1564.42,1712.93,1354.12,1275.81,1135.82,1253.30,1207.00,792.66
89645,89690,89667.5,7878.41,174.68,5.89,1.75,0.00,0.00,9125.25,18110.84,18428.00,15703.96,12032.23,12936.44,14639.23,12910.26,13079.66,10809.25,13012.78,13437.49,9770.73,8581.21,6557.82,4185.68,2954.98,2369.62,1913.96,1509.04,1510.16,1625.70,1278.39,1255.79,1428.32,1895.27,1277.00,2274.69,1922.46,550.52,171.73,0.00,0.00,89.82,734.90,1790.10,3551.81,4133.90,5395.29,5095.15,4960.40,3761.33
89704,89749,89726.5,9642.46,379.98,11.66,1.75,0.00,0.00,9761.41,5972.32,11996.77,7395.91,5712.58,5555.08,8198.07,9637.40,10346.15,9822.42,12652.74,12677.02,10684.23,8100.24,9057.21,7894.30,6348.16,5850.88,5207.26,4828.97,3208.10,2494.18,2102.51,1217.09,2699.21,2761.17,2555.68,3603.93,6253.12,5729.14,5695.02,7681.45,8000.61,6126.89,9065.27,11793.48,8902.33,8838.09,10369.74,9929.96,8824.05,7200.12
89763,89808,89785.5,12510.66,810.56,26.07,1.75,0.00,0.00,7266.46,7955.06,2537.55,4129.01,4746.00,6023.01,9283.85,5941.81,7990.14,6126.60,6454.91,8095.28,7946.19,6359.53,7314.83,7064.53,6392.97,4908.95,4515.77,3362.71,2672.35,3541.42,2925.94,2876.91,5410.53,5096.46,3243.32,5599.42,8221.75,8490.90,8351.79,12475.08,13390.01,13930.94,17303.80,19079.17,19439.98,23866.93,25716.33,24262.88,19663.30,16417.34
89822,89867,89844.5,8993.21,549.29,17.40,1.75,0.00,0.00,968.38,1725.97,4300.04,2428.95,2258.71,3080.25,3406.28,3226.70,2934.63,3670.99,5785.53,5705.17,6678.45,7308.24,9326.47,8109.59,6819.64,6419.11,4018.69,3011.53,5905.48,3004.54,2608.37,2123.49,5321.31,4138.84,4651.43,5122.63,5122.70,2807.52,2534.25,7863.65,10956.62,14594.19,14120.55,12566.37,13118.48,14817.90,16313.22,15016.13,14053.63,11516.81
89881,89926,89903.5,7754.43,141.56,3.99,1.75,0.00,0.00,4911.13,8729.84,9337.66,10539.31,9547.00,9294.33,13688.65,11901.24,11983.05,10179.13,11670.48,12652.99,10592.10,11798.79,9845.21,9055.39,6944.27,5992.25,4087.35,3792.50,2862.09,2596.80,2882.18,2091.96,2613.14,3044.92,2891.46,3716.29,3232.59,2520.49,2215.66,1256.55,1257.77,2205.33,2166.49,2497.97,4035.02,3514.21,3548.20,3093.55,3097.97,2337.17
89940,89985,89962.5,7524.98,133.64,3.77,1.75,0.00,0.00,10413.31,8317.20,5950.07,10046.57,11107.74,8320.52,11260.58,10248.11,15150.56,12299.05,11861.78,12831.49,9814.53,10683.85,9986.18,8581.58,7238.11,4946.00,3728.50,3500.80,2354.71,2431.81,2512.11,1417.15,1311.10,2301.93,2005.02,1831.19,2579.19,2589.26,1650.51,2657.23,1595.25,1259.24,2291.65,3964.71,3199.82,3423.50,3797.92,2513.41,2802.79,2329.25
89999,90044,90021.5,8794.44,124.67,3.32,1.75,0.00,0.00,13338.43,6630.47,8072.79,9347.71,10413.93,11466.29,13955.78,12249.51,14433.16,15975.75,17786.31,14917.52,14784.40,16240.49,12173.23,13064.47,8546.55,6890.87,4673.34,3986.31,2740.01,2194.98,2293.19,973.05,2032.05,2341.51,2306.91,2341.77,2609.30,2940.32,1202.69,1865.31,2181.03,2435.58,2576.65,3016.14,2559.04,2843.20,2571.41,2673.07,2505.75,1938.66
90058,90103,90080.5,8370.13,187.72,5.62,1.75,0.00,0.00,13741.19,8252.12,9617.05,7386.34,12170.42,11982.12,11996.80,10932.98,13271.27,10665.02,10919.51,13061.20,12555.79,11596.46,9444.48,9479.42,6389.25,6247.73,5084.22,3463.92,2461.98,1648.39,2244.73,2113.21,1794.11,2330.25,2524.78,2872.56,2561.71,2120.79,2549.66,2620.30,2473.68,2317.16,3297.64,3018.62,4394.55,4814.59,4922.30,5444.89,4572.55,3781.63
90117,90162,90139.5,11645.93,628.38,20.43,1.75,0.00,0.00,4151.59,5393.48,10060.10,7511.49,10621.50,6242.19,9127.40,12312.26,9820.11,10095.27,11361.43,11468.35,10200.09,9235.91,8479.84,6664.96,6681.10,6812.97,4619.70,4261.47,2598.77,2374.62,2082.50,1971.69,3536.41,3074.54,4162.79,5809.59,7485.99,5926.57,10120.39,8492.73,8035.74,9202.70,11956.59,9224.58,10705.83,17395.66,21917.90,19420.83,15070.86,15248.40
90176,90221,90198.5,11816.09,840.77,26.83,1.75,0.00,0.00,4106.10,2233.74,6758.39,3165.92,2573.44,4947.55,2927.00,4079.42,5950.80,4740.54,5735.57,6151.04,5100.72,5987.39,6115.43,4904.89,5300.16,4793.92,3407.45,2745.56,2275.68,2528.31,3587.20,5650.15,2459.39,1072.25,4353.83,6231.52,1528.67,2931.94,11428.49,17023.37,12390.26,21912.64,22784.86,24017.21,21092.24,23912.95,26895.53,22551.15,20224.32,15974.15
90235,90280,90257.5,7237.39,296.65,8.95,1.75,0.00,0.00,4184.88,9254.62,1779.77,4092.61,4673.23,6425.96,5119.42,5672.06,4803.53,8808.14,9001.30,6742.73,7347.39,7009.55,5633.04,6001.28,5588.27,3742.96,3620.48,3325.08,2382.65,1810.37,1566.83,1557.51,2498.29,3020.27,4299.09,5362.34,5551.05,5213.33,6802.76,6552.78,6419.45,6094.04,5931.25,6904.67,8942.17,6643.64,6982.05,6939.02,7864.75,5561.68
90294,90339,90316.5,7332.36,95.60,2.62,1.75,0.00,0.00,13468.87,11801.59,15443.92,9347.79,15789.73,13334.09,10977.89,16911.51,17107.06,13186.35,12267.57,9846.47,10456.69,7518.96,4173.55,4000.24,2619.71,1595.42,2100.07,1465.73,1282.38,1524.71,1442.15,1042.12,1290.97,1897.95,2220.02,1808.91,2107.31,2262.80,2477.25,2314.23,2061.56,1686.08,1704.50,1180.01,1737.38,1701.67,2403.14,2253.39,2032.86,1567.72
90353,90398,90375.5,8013.78,47.17,1.12,1.75,0.00,0.00,17341.84,18811.60,27933.10,21846.75,20857.43,19224.45,19382.92,17279.46,15437.99,15148.45,8520.56,8268.90,7690.95,4529.27,3652.64,4357.11,2218.19,2196.22,1721.23,1409.34,331.34,637.57,703.37,610.68,952.37,718.36,1258.88,1151.46,961.30,1120.63,1258.90,803.18,439.40,546.09,897.57,968.10,735.83,900.02,930.60,755.01,806.29,607.27
90412,90457,90434.5,5597.17,34.37,0.78,1.80,0.00,0.00,17037.41,7839.19,11159.39,14473.73,14542.52,10925.27,12362.05,11406.54,13324.49,11198.84,9368.25,6874.62,5761.69,4602.03,3401.75,2131.14,2165.19,1444.80,1965.88,1288.34,1227.04,898.93,856.10,814.49,936.64,652.03,654.38,541.30,1048.92,972.82,472.88,546.04,818.07,692.79,589.59,608.15,817.37,402.50,618.29,589.72,320.42,375.60
90471,90516,90493.5,3792.90,16.18,0.27,1.81,0.00,0.00,12187.55,8222.17,10862.08,10383.37,10192.15,8071.10,8006.01,7557.22,5720.91,4687.47,5469.29,2496.94,2738.94,2716.55,2831.25,1711.32,1599.39,1813.20,2178.77,1433.31,1018.16,1226.89,1339.94,965.91,691.92,553.02,619.21,447.87,310.50,459.15,446.31,249.09,267.85,363.49,309.45,307.27,205.91,176.18,178.71,103.89,184.45,43.28
90530,90575,90552.5,2183.09,12.51,0.26,1.81,0.00,0.00,11899.22,4787.92,2295.83,7813.02,4613.22,5946.00,3652.18,2962.70,2949.67,3511.63,2523.55,1669.22,611.48,1002.35,796.92,1068.49,815.20,912.71,1374.07,1194.14,944.45,329.51,461.08,480.01,457.67,438.22,308.14,539.24,319.59,680.58,490.86,265.76,272.76,304.01,146.93,24.22,92.23,177.28,252.75,76.95,110.47,116.40
90589,90634,90611.5,3922.49,21.46,0.46,1.80,0.00,0.00,14347.31,10259.55,10768.42,14524.08,5100.79,9533.01,8595.60,5621.10,5504.66,5309.43,5168.07,5756.87,2619.44,1651.50,2098.33,1474.30,1703.54,1280.38,989.52,1247.18,818.62,458.85,968.26,1254.45,799.09,1073.19,744.47,591.86,619.05,698.08,352.54,274.96,373.83,291.54,335.87,360.88,393.75,193.38,339.80,428.61,237.02,187.05
90648,90693,90670.5,4903.85,31.83,0.72,1.80,0.00,0.00,13762.55,11154.39,4290.69,7441.87,10977.30,10000.90,11881.38,13291.00,11160.88,9119.22,7831.35,6629.39,7405.16,4385.90,3046.81,2584.09,1443.32,1247.14,1611.61,1309.23,907.11,1048.82,986.38,814.51,711.94,1311.79,915.10,1179.70,1059.29,800.29,850.34,901.92,698.47,571.41,235.01,430.89,637.03,280.96,474.37,517.36,326.46,151.82
90707,90752,90729.5,5312.88,34.09,0.80,1.81,0.00,0.00,22193.80,4467.09,7409.32,7133.20,8587.56,11828.00,11536.03,11796.21,15346.12,11783.41,9387.24,9777.19,5326.40,4141.47,3119.08,3273.51,2248.84,1574.14,1297.87,904.01,752.33,1133.21,879.23,773.31,1034.53,1087.59,1273.30,1331.37,1406.20,999.75,834.65,714.74,763.55,236.44,184.52,705.82,361.65,40.49,254.11,390.10,746.13,289.09
90766,90811,90788.5,10760.15,397.33,13.52,1.81,0.00,0.00,19549.27,11533.37,19070.99,16059.92,14174.18,15051.78,14063.76,13850.03,12190.00,14449.21,12129.91,10012.24,10212.38,8759.32,7647.56,5839.62,5671.95,4552.13,3509.63,3054.37,3084.33,2747.30,2455.43,2175.24,2041.84,2584.73,3455.72,3275.71,4010.87,3549.85,4510.21,4044.00,3350.72,4154.59,4804.59,6704.08,6060.77,7006.89,10522.00,10246.12,9565.87,9103.49
90825,90870,90847.5,9677.56,671.84,23.19,1.81,0.00,0.00,3101.78,3592.07,5042.01,3277.48,5924.25,5380.86,6458.46,8802.59,6011.64,7802.28,7469.67,6610.00,6424.51,6368.28,5992.20,5470.88,4850.65,5086.22,3882.80,3240.98,2743.38,2789.96,1962.08,3339.90,1745.85,969.58,2953.08,3942.40,4924.37,4058.10,7728.25,7106.41,6749.15,7460.16,10035.83,11308.72,13351.75,15889.11,19952.17,17249.00,16216.11,14967.92
90884,90929,90906.5,6990.44,423.95,14.14,1.81,0.00,0.00,2813.95,1681.85,1530.54,3791.66,3146.65,2744.17,5304.60,4623.37,4818.98,4229.30,5036.28,6608.09,6018.50,6702.72,5217.77,5245.12,4972.66,4416.73,4222.21,2612.21,2326.66,1965.11,829.60,1243.47,962.76,2349.65,3146.39,3934.60,4674.88,8401.98,5738.29,5164.12,5744.95,7228.21,3404.52,6050.10,9821.96,11453.07,11872.58,11784.17,10677.73,7471.56
90943,90988,90965.5,6580.60,200.35,6.30,1.82,0.00,0.00,8115.71,3664.55,3017.37,5497.88,7170.04,4090.74,6462.06,9617.66,9415.82,10483.20,8718.93,9971.68,8983.13,9793.84,8167.42,6213.20,6076.01,5129.49,3963.65,2612.67,2984.05,2376.36,2160.00,1468.12,1241.79,1729.63,1775.48,2970.42,3096.06,2681.10,4074.69,4110.17,2139.61,2460.19,3606.04,3405.51,3534.18,4305.37,5537.88,5119.51,3906.90,3579.12
91002,91047,91024.5,6316.54,127.69,3.72,1.82,0.00,0.00,2390.95,4156.34,9635.85,9401.20,5797.77,8115.16,6778.56,10462.40,11241.50,9329.92,11701.97,10912.18,10875.80,7726.85,7775.73,6814.63,5048.91,4014.64,3099.40,3118.40,2378.56,2537.83,1894.35,1884.40,1982.61,2291.98,2113.18,2122.64,2736.37,1733.64,1588.39,2188.21,3016.48,2790.20,2434.36,2399.01,3073.65,1849.92,3107.02,2790.46,2173.25,1920.03
91061,91106,91083.5,5146.73,54.84,1.39,1.82,0.00,0.00,6299.58,8484.33,4870.21,6631.38,8383.30,10289.60,9576.64,9276.44,8449.46,8888.47,8241.67,6507.38,9219.08,6037.71,6559.47,5915.89,5050.79,4088.22,3683.90,2695.19,1878.94,1827.23,1394.78,1440.48,1099.84,989.91,1110.09,1232.64,1470.21,873.26,1418.70,806.66,1070.15,867.08,545.58,914.19,1027.59,1002.55,1059.38,1397.64,811.87,564.22
91120,91165,91142.5,3221.77,24.50,0.60,1.82,0.00,0.00,6420.51,5122.92,9335.57,6142.21,4762.44,4966.34,5865.39,7192.24,6894.32,6030.52,5479.04,3529.78,3607.07,3919.62,3327.57,2467.43,2407.76,2443.77,931.42,1066.03,1220.23,959.95,885.91,740.55,499.62,568.05,356.85,612.95,311.45,161.00,350.39,431.77,316.21,127.52,263.07,197.29,566.90,388.04,601.64,677.62,437.45,248.52
91179,91224,91201.5,2424.81,14.55,0.30,1.83,0.00,0.00,7723.85,7044.65,4106.63,3206.86,4628.63,3807.21,1765.43,3992.52,3612.56,4204.48,2611.05,2670.14,3803.50,3134.39,3756.81,2777.00,1709.14,2315.00,1566.20,1050.36,1093.05,941.08,577.60,198.45,508.91,520.05,431.68,566.63,497.15,458.38,170.90,373.45,119.79,183.28,142.99,345.12,58.23,46.21,292.78,171.50,90.92,108.59
91238,91283,91260.5,4313.85,25.18,0.44,1.82,0.00,0.00,7608.11,7713.33,4583.85,4090.13,6775.87,4778.74,7450.69,6468.55,6449.73,7511.96,8706.60,6580.36,7229.23,7863.02,6371.01,6364.92,6285.59,4289.07,3952.77,2131.92,2195.53,1458.26,1295.97,1209.31,1018.65,773.25,695.30,733.15,561.72,654.49,731.96,949.34,441.41,235.98,180.27,193.12,270.89,236.25,317.83,227.49,116.26,72.10
91298,91343,91320.5,4970.65,37.95,0.85,1.83,0.00,0.00,10806.29,2399.98,6774.25,6860.70,9313.35,9147.55,7590.97,11090.63,9389.94,10055.06,9303.88,7463.39,7160.16,6991.88,6860.17,4885.25,4179.67,3593.02,2724.80,2182.45,1703.25,1656.23,1759.37,1761.76,1374.31,1059.14,624.08,867.26,1036.09,876.71,928.95,889.09,835.16,854.36,414.21,360.19,403.86,421.64,534.43,571.77,326.06,451.18
91357,91402,91379.5,7080.11,308.76,10.04,1.83,0.00,0.00,11887.33,5427.79,5674.38,6149.02,6708.20,6018.19,6938.79,6231.79,9111.39,7698.10,8785.05,7605.54,6910.00,5507.58,4933.35,4863.13,3404.87,3361.70,3270.27,3781.23,3056.85,2159.76,1721.27,1926.57,1539.88,2123.11,2130.88,2408.52,1451.29,1834.05,2124.71,4092.23,3066.58,5175.77,6025.22,8405.86,7360.44,7499.34,10862.65,8270.38,7161.24,4296.80
91416,91461,91438.5,12872.45,1044.39,35.97,1.83,0.00,0.00,7721.75,3833.38,3480.57,3799.49,2884.33,4818.81,4294.96,5221.31,3646.94,4785.41,4123.99,5372.63,5946.90,4504.01,5398.04,5854.31,5360.08,5022.91,4114.75,4070.33,3753.37,3246.40,2350.96,897.49,2364.79,2728.24,3957.60,8066.66,11128.69,9516.17,11895.94,16828.21,15598.25,12126.68,14579.36,19384.67,19807.95,19542.79,29928.10,29789.60,24782.86,21447.81
91475,91520,91497.5,7735.30,538.21,18.02,1.83,0.00,0.00,1196.14,798.70,2438.20,1387.79,3084.94,1881.51,2824.48,3841.80,3383.71,2752.27,3905.97,5256.39,5628.68,5773.89,5508.54,6469.85,5298.55,4556.57,4046.44,3056.12,2278.28,2570.70,2379.91,1729.77,3063.49,2761.55,2800.33,3784.41,5267.76,4451.99,6072.49,7952.35,8049.81,8867.97,9635.18,11620.27,12384.53,11960.99,15506.65,12942.64,12555.31,10795.22
