Data/Raw/MOORE,RICHARD/FIREXAQ-LARGE-SMPS_DC8_20190826_R0.ict
88,1001
Richard Moore, Elizabeth Wiggins, Edward Winstead, Claire Robinson, Lee Thornhill, and Kevin Sanchez
NASA Langley Research Center
In-situ Submicron Particle Size Distributions from a SMPS on the NASA DC-8
FIREXAQ
1,1
2019,08,26,2020,03,10
0
Time_start,Secs after midnight,Time of acquisition
50
1,1,1,1,1,1,1,1,1,1,1,1,1,1,1,1,1,1,1,1,1,1,1,1,1,1,1,1,1,1,1,1,1,1,1,1,1,1,1,1,1,1,1,1,1,1,1,1,1,1
-9999,-9999,-9999,-9999,-9999,-9999,-9999,-9999,-9999,-9999,-9999,-9999,-9999,-9999,-9999,-9999,-9999,-9999,-9999,-9999,-9999,-9999,-9999,-9999,-9999,-9999,-9999,-9999,-9999,-9999,-9999,-9999,-9999,-9999,-9999,-9999,-9999,-9999,-9999,-9999,-9999,-9999,-9999,-9999,-9999,-9999,-9999,-9999,-9999,-9999
Time_stop,Secs after midnight,Time of acquisition
Time_mid,Secs after midnight,Time of acquisition
nSMPS_stdPT,#/cm3,AerMP_NumConc_InSitu_RHd_Mobility_NucltoAccu_STP,integrated_number_density
sSMPS_stdPT,um2/cm3,AerMP_SurfAreaConc_InSitu_RHd_Mobility_NucltoAccu_STP,integrated_surface_area
vSMPS_stdPT,um3/cm3,AerMP_VolConc_InSitu_RHd_Mobility_NucltoAccu_STP,integrated_volume
SMPS_stdPT, unitless, None, conversion between ambient PT and standard PT (1013, 273)
SMPS_bin00_stdPT,#/cm3,AerMP_NumSizeDist_InSitu_RHd_Mobility_NucltoAccu_STP,Binned number size distribution (in dNdlogDp) measured by the SMPS
SMPS_bin01_stdPT,#/cm3,AerMP_NumSizeDist_InSitu_RHd_Mobility_NucltoAccu_STP,Binned number size distribution (in dNdlogDp) measured by the SMPS
SMPS_bin02_stdPT,#/cm3,AerMP_NumSizeDist_InSitu_RHd_Mobility_NucltoAccu_STP,Binned number size distribution (in dNdlogDp) measured by the SMPS
SMPS_bin03_stdPT,#/cm3,AerMP_NumSizeDist_InSitu_RHd_Mobility_NucltoAccu_STP,Binned number size distribution (in dNdlogDp) measured by the SMPS
SMPS_bin04_stdPT,#/cm3,AerMP_NumSizeDist_InSitu_RHd_Mobility_NucltoAccu_STP,Binned number size distribution (in dNdlogDp) measured by the SMPS
SMPS_bin05_stdPT,#/cm3,AerMP_NumSizeDist_InSitu_RHd_Mobility_NucltoAccu_STP,Binned number size distribution (in dNdlogDp) measured by the SMPS
SMPS_bin06_stdPT,#/cm3,AerMP_NumSizeDist_InSitu_RHd_Mobility_NucltoAccu_STP,Binned number size distribution (in dNdlogDp) measured by the SMPS
SMPS_bin07_stdPT,#/cm3,AerMP_NumSizeDist_InSitu_RHd_Mobility_NucltoAccu_STP,Binned number size distribution (in dNdlogDp) measured by the SMPS
SMPS_bin08_stdPT,#/cm3,AerMP_NumSizeDist_InSitu_RHd_Mobility_NucltoAccu_STP,Binned number size distribution (in dNdlogDp) measured by the SMPS
SMPS_bin09_stdPT,#/cm3,AerMP_NumSizeDist_InSitu_RHd_Mobility_NucltoAccu_STP,Binned number size distribution (in dNdlogDp) measured by the SMPS
SMPS_bin10_stdPT,#/cm3,AerMP_NumSizeDist_InSitu_RHd_Mobility_NucltoAccu_STP,Binned number size distribution (in dNdlogDp) measured by the SMPS
SMPS_bin11_stdPT,#/cm3,AerMP_NumSizeDist_InSitu_RHd_Mobility_NucltoAccu_STP,Binned number size distribution (in dNdlogDp) measured by the SMPS
SMPS_bin12_stdPT,#/cm3,AerMP_NumSizeDist_InSitu_RHd_Mobility_NucltoAccu_STP,Binned number size distribution (in dNdlogDp) measured by the SMPS
SMPS_bin13_stdPT,#/cm3,AerMP_NumSizeDist_InSitu_RHd_Mobility_NucltoAccu_STP,Binned number size distribution (in dNdlogDp) measured by the SMPS
SMPS_bin14_stdPT,#/cm3,AerMP_NumSizeDist_InSitu_RHd_Mobility_NucltoAccu_STP,Binned number size distribution (in dNdlogDp) measured by the SMPS
[...]
UNCERTAINTY:  20%
ULOD_FLAG: -7777
ULOD_VALUE: N/A
LLOD_FLAG: -8888
LLOD_VALUE: N/A
DM_CONTACT_INFO: Lee Thornhill (Kenneth.L.Thornhill@nasa.gov)
PROJECT_INFO: FIREX-AQ
STIPULATIONS_ON_USE: No stipulations on use. The user is encouraged to contact the PI or DM prior to use.
OTHER_COMMENTS: Midpoint diameters of Bins 00 to 43 are: 0.011,0.012,0.013,0.014,0.015,0.016,0.017,0.018,0.019,0.021,0.022,0.024,0.026,0.028,0.030,0.032,0.035,0.037,0.040,0.043,0.046,0.050,0.053,0.057,0.061,0.066,0.071,0.076,0.082,0.088,0.095,0.102,0.109,0.118,0.126,0.136,0.146,0.157,0.168,0.181,0.194,0.209,0.225,0.241
REVISION: R0
R0: Final Data. Data are corrected for time lags and ammonium sulfate size calibrations.
*******************************************************************************************************************************
Time_start,Time_stop,Time_mid,nSMPS_stdPT,sSMPS_stdPT,vSMPS_stdPT,SMPS_stdPT,SMPS_bin00_stdPT,SMPS_bin01_stdPT,SMPS_bin02_stdPT,SMPS_bin03_stdPT,SMPS_bin04_stdPT,SMPS_bin05_stdPT,SMPS_bin06_stdPT,SMPS_bin07_stdPT,SMPS_bin08_stdPT,SMPS_bin09_stdPT,SMPS_bin10_stdPT,SMPS_bin11_stdPT,SMPS_bin12_stdPT,SMPS_bin13_stdPT,SMPS_bin14_stdPT,SMPS_bin15_stdPT,SMPS_bin16_stdPT,SMPS_bin17_stdPT,SMPS_bin18_stdPT,SMPS_bin19_stdPT,SMPS_bin20_stdPT,SMPS_bin21_stdPT,SMPS_bin22_stdPT,SMPS_bin23_stdPT,SMPS_bin24_stdPT,SMPS_bin25_stdPT,SMPS_bin26_stdPT,SMPS_bin27_stdPT,SMPS_bin28_stdPT,SMPS_bin29_stdPT,SMPS_bin30_stdPT,SMPS_bin31_stdPT,SMPS_bin32_stdPT,SMPS_bin33_stdPT,SMPS_bin34_stdPT,SMPS_bin35_stdPT,SMPS_bin36_stdPT,SMPS_bin37_stdPT,SMPS_bin38_stdPT,SMPS_bin39_stdPT,SMPS_bin40_stdPT,SMPS_bin41_stdPT,SMPS_bin42_stdPT,SMPS_bin43_stdPT
[from data line 88]
66033,66078,66055.5,16462.99,368.81,9.41,1.19,5485.48,11780.52,13397.62,19258.80,10651.18,6942.21,11672.94,9896.22,10711.13,12085.48,8693.48,18323.30,24414.43,13440.01,7752.59,27938.37,29027.25,20915.81,17877.16,20412.02,17704.83,13074.17,11062.77,9110.45,11257.25,7311.29,982.05,9898.81,9241.99,6186.89,2328.97,10894.73,11674.89,6499.48,6421.87,9934.30,12475.55,13375.53,13120.80,12158.29,10297.74,7281.95,5305.46,2670.59
66092,66137,66114.5,10103.25,158.89,4.01,1.19,23358.17,26118.90,16406.18,12818.66,6423.75,4485.67,3563.67,2519.53,3074.51,6158.32,7595.21,6455.45,4832.01,9250.08,10546.16,6198.22,7907.63,14726.47,9493.46,9819.72,11722.16,9152.09,9162.13,8903.93,5802.03,4381.17,6017.29,7118.67,6587.62,4959.70,4589.28,3338.14,533.45,0.00,0.00,2674.37,5587.96,4394.63,4233.09,3811.56,4762.88,3735.86,2255.23,2445.53
66151,66196,66173.5,3037.59,115.26,3.49,1.19,3761.04,1272.64,1311.44,1969.43,1783.77,2100.07,3625.45,4495.35,3764.48,2883.93,2646.49,2601.49,2290.86,2170.24,367.67,749.17,1451.24,1522.76,1381.04,1469.61,1093.45,2081.88,2332.42,2092.25,1765.38,2706.44,3073.81,1426.88,1750.48,1904.38,1792.59,1739.17,499.50,624.12,0.00,559.78,2070.42,2191.25,4405.57,4721.84,4683.15,3083.56,2387.13,3306.80
66210,66255,66232.5,2868.11,82.04,2.51,1.19,2574.10,4665.22,4748.20,2503.97,1685.13,4922.88,3166.27,3200.08,5220.16,3014.18,2560.75,2093.86,1435.08,352.50,215.76,1687.62,2099.58,1673.02,2103.70,1489.10,903.92,877.20,939.69,535.11,0.00,1098.28,2283.19,2030.83,920.06,1494.05,3149.93,2077.77,1673.88,219.77,671.46,306.46,657.13,1613.62,1502.48,2198.48,2047.05,2365.33,2648.53,3152.32
66269,66314,66291.5,16979.69,371.14,8.78,1.19,13213.20,12897.42,10196.70,8146.94,6385.99,5278.96,4488.01,6291.50,9335.17,10404.50,11820.84,12168.12,10661.24,14237.70,18417.40,11969.96,15401.24,19938.49,31274.05,29233.16,18344.99,13948.36,13189.68,7743.49,2362.37,3732.65,8812.04,1906.69,2694.98,14483.90,26629.05,24338.76,19703.09,18273.63,19299.51,11457.32,5823.55,8572.58,8653.84,6392.47,3338.69,3919.06,6535.90,4922.78
66328,66373,66350.5,16172.84,151.64,4.09,1.19,20303.58,41297.07,15378.98,5376.75,34477.59,36852.80,27588.36,23949.80,22664.00,20480.38,24608.40,14836.27,24705.69,26867.28,15221.13,10552.86,10652.87,11360.82,8248.71,5536.82,4421.29,4162.44,5004.59,4154.91,2815.72,2527.08,4651.46,4040.23,1954.01,54.63,451.43,381.99,385.76,749.31,954.23,2001.00,1619.46,3078.31,4482.81,5225.65,5462.73,4137.81,3906.49,2517.65
66387,66432,66409.5,2142.13,96.48,2.92,1.21,4805.89,2090.90,484.13,353.33,263.70,180.02,519.28,450.48,326.71,981.13,1055.83,570.88,1095.91,674.24,478.15,901.49,1015.64,853.06,854.08,921.61,950.42,248.91,969.94,1526.20,2351.34,2063.80,2805.01,1972.10,1781.92,1373.95,1445.71,1031.19,196.56,633.59,982.14,1147.99,817.06,2742.71,4021.93,3333.76,3081.25,3293.83,2426.95,2275.69
66446,66491,66468.5,6367.30,89.85,2.59,1.25,10020.68,7929.79,12240.39,12587.53,11555.50,13232.39,16766.66,11334.19,10615.66,9287.02,7692.50,6229.26,5803.79,4824.21,4396.29,3729.60,3150.90,2224.75,1564.27,1293.36,1070.43,1157.86,698.31,1038.12,1805.76,1283.50,666.24,1006.94,1006.65,333.30,1335.75,1769.42,1563.86,1964.60,1779.84,1132.51,845.60,1589.46,2834.22,2118.89,2554.10,2855.58,2510.90,2218.79
66505,66550,66527.5,2508.51,104.09,3.26,1.25,863.11,935.26,5702.38,2301.13,2329.47,2100.31,1983.39,1776.56,2057.49,1381.89,1104.21,924.65,664.04,710.12,545.93,472.87,756.94,717.29,774.69,530.34,1133.18,1127.33,1569.31,1467.73,1507.05,1879.73,1191.41,1157.22,1018.23,1299.26,661.31,1582.25,539.43,753.55,1757.20,867.81,953.41,1799.16,3734.71,3110.86,3092.66,4111.40,3048.17,3151.08
66564,66609,66586.5,1599.94,72.41,2.10,1.24,8165.03,2222.41,282.94,0.00,0.00,140.86,35.84,478.58,224.37,183.27,454.31,307.63,327.65,74.51,279.54,7.84,247.12,600.00,907.01,1111.69,605.32,319.01,271.69,822.90,1945.27,1102.96,414.58,223.09,2076.48,1301.97,585.60,0.00,2375.55,3260.13,2019.32,1046.07,1354.43,2719.76,2838.81,1964.98,1510.95,1682.03,1962.57,1458.78
66623,66668,66645.5,2062.35,105.23,3.00,1.24,1024.18,1533.15,0.00,0.00,0.00,0.01,346.50,294.65,110.81,274.28,74.62,191.50,389.16,441.41,1152.46,385.26,667.67,794.82,1082.52,1409.20,1242.21,2445.12,1355.11,683.43,1182.09,1719.47,1789.80,2640.44,2443.63,3884.16,3430.14,2807.51,2023.84,3217.69,3308.02,1818.30,1337.54,1976.06,3331.56,2748.92,2696.42,3053.90,2476.35,2211.29
66682,66727,66704.5,1969.32,94.98,2.87,1.23,1698.75,1029.68,1109.79,378.89,913.98,508.89,1424.08,699.18,396.61,671.78,349.06,38.56,707.34,734.42,744.75,852.86,977.89,1295.70,1162.32,1705.16,1227.54,1229.83,1024.22,1573.54,2097.93,2047.57,2270.46,2868.66,3028.29,2328.03,1856.53,2022.57,359.31,0.00,200.71,805.74,613.02,1933.26,3275.06,3655.33,3419.82,2589.78,2569.18,2622.32
66741,66786,66763.5,1694.03,85.04,2.47,1.23,1690.09,0.00,485.02,611.24,497.77,206.34,308.90,132.32,39.38,399.34,271.01,381.73,580.03,226.86,247.30,596.65,366.48,516.17,516.97,638.15,701.93,798.63,1164.18,2403.49,1556.81,2135.72,2691.51,2406.42,2028.00,1101.28,2136.30,1792.26,422.43,940.86,1461.70,1790.33,1504.04,2752.54,3150.11,2463.68,2566.13,2098.31,1980.26,1898.09
66800,66845,66822.5,1815.96,82.21,2.30,1.23,2056.41,0.00,0.00,354.04,232.55,555.02,915.22,443.91,634.62,236.30,295.73,119.20,126.02,668.39,744.25,620.12,692.52,701.93,894.86,1038.38,1159.19,589.29,771.91,768.55,835.63,1921.92,3573.15,3054.39,2648.98,2158.63,1542.18,2260.88,1176.62,1200.75,888.74,1875.45,2278.68,2865.89,2936.18,2591.76,2192.60,1886.54,2179.43,1019.78
66859,66904,66881.5,1849.01,108.83,3.30,1.23,1124.84,0.00,275.22,0.00,1292.03,136.37,277.40,712.42,545.54,219.32,123.07,354.71,42.28,177.19,366.99,450.75,342.00,639.72,541.54,901.74,1217.96,1895.49,2036.58,1997.33,1579.44,1926.55,1857.21,1588.66,2104.31,898.38,794.95,845.49,1266.94,2293.16,2206.58,3065.15,2990.31,2669.31,2473.83,2719.26,2926.11,2692.48,3380.00,3219.62
66918,66963,66940.5,1961.16,97.40,2.89,1.19,848.71,2578.59,844.73,684.40,3066.26,1557.88,323.73,131.60,139.76,404.68,789.15,980.04,378.93,403.31,211.43,922.26,686.57,651.25,1205.72,1564.35,1498.20,1320.95,834.60,1361.92,1427.96,1477.29,1707.22,1837.16,1427.10,717.37,1755.29,1518.08,183.94,1004.70,1893.15,2371.57,1727.42,2633.28,3903.69,3912.37,3098.30,2220.19,2498.37,2053.78
66977,67022,66999.5,2454.08,102.20,3.00,1.18,3591.52,2054.53,485.65,306.06,1284.87,3306.32,1402.45,1522.90,611.46,896.32,1018.93,1115.12,998.68,991.53,1153.20,239.70,96.06,383.23,977.99,1088.18,1642.71,2341.75,1821.92,2624.50,2639.46,2229.20,2694.25,1722.23,198.77,387.49,0.00,438.74,1834.03,2150.31,1737.19,3052.93,3557.73,3031.04,3213.61,2696.19,3106.01,2269.03,2510.54,2501.30
67036,67081,67058.5,3046.62,114.97,3.53,1.18,850.52,3283.41,0.00,700.18,994.36,684.64,1134.16,1492.89,833.37,723.40,2858.76,4195.51,4502.62,4554.19,5496.03,4451.07,3594.98,2290.82,1975.53,2180.82,1011.34,852.85,1446.58,2935.86,2757.92,2321.29,2956.70,3080.27,2527.21,1602.94,611.43,0.00,0.00,0.00,0.00,333.59,1505.70,1925.68,4248.95,4499.82,3940.48,4251.10,2999.27,3235.03
67095,67140,67117.5,3778.91,119.90,3.41,1.18,1891.71,2556.42,2729.33,1057.42,751.08,1747.62,1465.11,2973.25,4501.64,4219.40,6193.55,5854.62,4622.39,4082.19,2833.61,2271.96,2245.07,1636.08,868.19,982.53,922.96,1495.62,1959.55,211.00,271.11,2674.07,2969.55,1991.20,2603.09,4179.78,4322.05,3929.92,2852.37,957.95,0.00,1204.10,1847.42,3720.25,4490.61,4423.50,3718.90,2889.92,2580.70,2373.06
67154,67199,67176.5,3769.85,90.64,2.30,1.16,1734.55,1465.10,292.34,1334.30,834.46,729.19,1552.68,811.11,701.88,82.07,640.94,2138.41,779.79,1769.42,2490.04,3363.92,3691.69,6703.86,7102.71,7306.84,5964.64,8090.41,10005.57,8029.50,5854.57,4956.82,4286.95,3541.44,1408.93,556.58,83.40,581.58,1682.90,297.11,691.84,1365.70,1246.89,2863.76,2243.91,3060.12,3036.80,3155.11,2105.35,0.00
67213,67258,67235.5,5297.75,142.34,3.88,1.16,547.91,0.00,415.54,189.80,615.48,164.28,0.00,222.12,544.83,489.11,212.37,268.34,2178.39,2987.55,4475.71,7410.74,9861.44,9769.95,12799.58,14096.92,12346.78,10836.38,9296.62,8299.46,6856.87,4295.34,3401.67,3497.73,2532.32,3600.01,4381.74,2376.51,653.92,1141.94,1689.79,1736.98,1349.32,2529.11,2784.43,2565.11,3164.04,4468.19,4446.47,3243.60
67272,67317,67294.5,5782.03,174.16,4.45,1.16,5642.48,1846.61,681.14,571.80,0.00,1008.06,401.98,111.95,1096.35,422.39,743.98,1195.02,2073.51,889.26,4418.32,8001.41,9017.34,9163.21,9653.00,12138.01,7372.23,4907.78,5822.09,7374.08,6366.34,3701.88,3963.60,1848.15,0.00,0.00,409.08,1792.82,1951.87,7326.06,7353.55,6465.19,7766.52,8724.22,5659.01,3640.31,4662.69,4260.45,2981.94,0.00
67331,67376,67353.5,9831.01,348.90,8.36,1.17,3783.03,1858.04,2374.04,2978.89,2515.06,877.76,662.99,608.90,1518.01,1092.71,573.10,641.64,972.85,1049.18,1471.29,2984.44,1349.92,874.30,2800.98,5147.07,6806.55,8146.87,11005.82,13225.92,11934.68,17406.45,17484.62,20901.32,13511.99,11503.88,16900.48,14221.91,11691.08,18169.01,14580.58,9496.15,9736.72,10142.14,10120.12,7899.81,6079.36,4973.07,3863.89,2844.98
67390,67435,67412.5,3015.08,108.65,3.14,1.16,5459.31,1616.39,488.07,3782.73,799.03,1631.55,1722.76,1225.55,917.69,1378.33,1122.78,1430.09,1173.11,1731.12,1905.57,1442.29,1042.52,1981.75,1009.14,189.58,750.69,1806.37,1892.33,2275.58,1597.54,2243.13,2603.76,2731.24,3483.17,3628.54,3384.52,4084.05,2562.80,2529.34,909.89,246.91,858.51,1421.99,3463.06,3305.96,3075.63,3487.70,3036.75,2325.51
67449,67494,67471.5,4734.99,137.40,3.77,1.16,2939.49,1983.84,1392.70,1619.10,544.84,757.01,779.43,512.44,771.72,1051.12,914.56,931.52,816.29,802.36,1377.72,2955.42,3380.96,5610.53,6713.49,10150.67,12229.42,9224.85,10560.73,8153.03,6712.82,6346.45,4375.86,1938.22,3141.20,2862.32,2575.88,1218.21,859.19,1739.57,1452.67,917.45,2035.06,3520.88,4818.16,3441.41,3104.27,3386.83,3484.40,3154.66
67508,67553,67530.5,4667.94,102.13,2.30,1.16,3541.04,1159.18,416.22,0.00,205.52,1523.79,420.42,956.94,220.80,675.87,58.92,936.46,2017.90,1556.06,2159.62,4243.47,6071.18,6026.90,5893.34,7183.36,5129.82,6613.54,6951.05,11570.33,10467.83,8161.02,6850.99,6936.79,4871.04,3877.14,4179.40,3592.71,2155.95,1804.04,1881.80,1194.97,1420.97,2141.57,2341.87,2293.37,2102.78,2391.12,2124.31,0.00
67567,67612,67589.5,4620.94,93.93,2.36,1.16,9537.74,3965.86,2439.04,0.00,279.49,0.00,460.17,234.93,115.40,95.08,949.39,977.24,1596.60,2889.13,4271.16,7277.95,9257.72,7618.06,8201.95,7696.57,8046.52,6961.79,6002.51,4683.09,3939.65,3563.06,3510.67,3871.11,2623.83,2773.22,1998.56,1000.84,519.91,1120.38,1122.59,689.84,1068.16,2552.65,2819.10,3192.93,3394.46,2863.64,2151.66,0.00
67626,67671,67648.5,5104.43,105.87,2.66,1.16,2410.65,1070.03,1604.44,0.00,436.77,0.00,508.04,298.65,1044.30,2818.04,4442.48,5256.72,6059.47,8629.06,8486.61,6968.33,7346.69,9743.56,13366.73,8226.88,6070.41,9237.28,7318.88,2936.46,2206.83,3802.02,4062.35,3366.92,2929.15,2419.12,728.02,449.61,31.08,1119.51,2008.72,2028.65,1950.05,3966.01,3549.65,3184.25,3115.05,2981.92,2543.01,0.00
67685,67730,67707.5,5910.69,96.41,2.16,1.16,6335.71,3403.78,416.50,569.89,434.49,1476.03,401.75,1271.94,2446.89,1994.47,2538.47,2581.11,1702.15,3658.29,6232.65,6666.40,10829.67,7055.30,11722.71,18501.38,15285.89,11877.39,9741.57,8565.57,7095.37,4587.42,2852.20,2593.55,1641.44,0.00,71.22,1110.37,1202.63,1867.82,1955.28,3131.41,2349.35,2050.53,3482.77,3682.14,2463.04,1341.83,1289.86,0.00
67745,67790,67767.5,32044.90,738.27,15.33,1.16,30351.08,25958.58,23778.74,19408.24,7782.44,6808.60,5436.91,3927.14,3127.69,2564.04,1697.79,2731.94,2591.69,2092.17,628.75,3370.95,6031.28,15924.99,29449.64,29166.10,30097.74,53256.95,63665.61,41274.43,34951.64,20594.66,19739.08,18674.68,38774.11,66627.59,71737.84,65362.68,44586.30,35022.74,30354.01,21337.62,12332.43,15225.40,15501.41,11387.61,6723.52,5192.16,5391.30,3710.85
67804,67849,67826.5,9361.56,284.20,6.84,1.17,19267.34,19884.73,10425.62,6774.42,4723.12,2427.86,2249.22,1737.34,1968.94,1213.85,1589.15,1061.80,567.05,1019.06,1075.98,1152.46,1501.04,1221.52,1976.63,3006.56,3434.63,4271.72,5151.42,5704.89,6597.17,10300.55,11469.83,8323.18,7530.65,14378.29,14578.99,13889.68,11794.56,14051.11,12984.61,9296.64,6906.51,7981.22,8656.82,8004.27,6158.67,4921.09,3745.69,0.00
67863,67908,67885.5,4092.00,166.23,4.19,1.17,0.00,107.84,2348.11,306.38,933.63,1481.43,1047.21,1142.07,104.66,1185.10,2175.82,1311.62,1456.19,873.68,673.09,981.04,887.29,874.60,1354.14,2165.32,2033.29,2156.91,2001.15,644.95,738.00,5471.45,3894.30,4542.59,5407.90,11156.07,10291.41,8326.03,5425.26,4904.04,6595.53,5314.98,3599.76,3495.50,4011.15,5330.04,4676.91,3743.13,3152.84,0.00
67922,67967,67944.5,1761.09,78.47,2.29,1.18,854.90,578.64,984.05,2161.41,914.38,487.57,239.37,337.68,565.79,478.12,817.40,558.30,663.71,437.10,227.51,166.61,628.26,1133.73,633.39,1158.37,1376.25,1204.34,1799.19,1794.58,1853.67,1340.22,1641.87,1977.05,1400.43,296.93,606.80,1037.88,0.00,448.78,1989.84,1734.73,2414.84,3525.51,3208.84,2373.58,1642.61,1560.26,1832.14,1948.44
67981,68026,68003.5,2144.09,122.12,3.67,1.21,863.11,576.44,0.00,1015.10,499.39,182.11,615.04,249.45,348.62,649.27,868.12,668.10,797.38,449.33,747.85,339.66,177.56,61.83,24.31,712.73,1494.49,2541.50,2300.77,2205.83,2860.36,2758.49,1173.78,1393.39,3671.85,2905.88,950.56,349.15,1138.23,1599.67,794.56,2512.37,2788.26,3602.71,4213.49,3735.40,3777.69,3529.26,3384.37,2869.18
68040,68085,68062.5,1347.32,79.20,2.47,1.28,3105.89,1405.72,483.94,768.59,305.09,413.00,183.20,607.70,296.98,440.12,827.55,588.28,113.95,370.81,227.96,31.23,227.63,241.07,108.50,251.33,454.81,113.49,238.96,868.29,1021.84,1357.40,1445.99,2080.57,1060.66,745.58,1260.98,928.95,87.67,361.98,961.48,862.15,889.53,1943.70,3084.17,2824.00,2256.60,2480.73,2739.99,2046.19
68099,68144,68121.5,1016.76,56.81,1.71,1.36,1000.15,434.12,796.12,353.94,572.71,0.02,0.00,0.00,111.02,94.58,260.84,207.21,226.77,315.42,273.88,297.12,357.45,528.59,377.18,535.84,745.38,772.27,876.28,1026.62,1110.61,801.31,786.26,1087.02,700.13,588.25,716.27,765.37,476.71,696.92,600.64,1070.63,1136.96,1521.01,2119.99,1824.49,1648.11,1908.91,1574.88,1238.29
68158,68203,68180.5,1172.54,68.16,2.11,1.47,0.00,0.00,0.00,0.00,0.00,0.00,0.00,0.00,0.00,114.31,217.65,308.35,282.02,84.01,163.99,548.98,571.85,667.63,684.20,1093.42,1185.82,897.86,770.76,1458.77,1252.17,1415.28,1305.53,1628.12,1455.23,1704.29,1152.10,1414.73,1654.97,612.90,1037.57,653.54,751.89,799.07,1613.66,2093.04,1729.80,1867.67,1769.96,1496.77
68217,68262,68239.5,1331.98,51.81,1.45,1.58,0.00,0.00,0.00,0.00,0.00,662.75,476.08,0.12,788.84,399.00,39.54,828.12,148.90,283.88,89.17,455.78,534.40,1186.73,1280.16,1803.07,1619.95,2190.44,1760.65,1814.65,1917.41,1886.71,1649.43,1080.64,1671.81,1277.40,1943.78,1390.00,1289.52,1030.45,1533.76,519.15,977.58,1133.42,907.04,1318.91,1019.17,1249.90,1080.42,751.37
68276,68321,68298.5,1526.14,45.24,1.17,1.64,0.00,0.00,0.00,0.00,376.49,578.79,936.80,447.33,1199.20,1187.02,1626.59,1202.86,1121.19,1020.68,1494.33,1193.62,1536.81,1078.56,1530.18,1655.84,1716.67,1043.27,1121.75,2104.78,1119.23,1466.70,1463.92,1524.24,1413.79,1703.63,1499.22,1520.50,1421.35,1645.07,1168.06,1405.88,832.85,1323.70,990.17,860.24,1010.14,585.61,854.88,599.91
68335,68380,68357.5,1482.42,43.03,1.13,1.64,0.00,0.00,0.00,1357.63,0.00,0.00,539.96,0.00,1302.49,740.74,1350.56,1317.75,663.33,1178.50,1698.96,1943.33,1910.57,2151.00,1743.99,1721.09,1609.54,1350.60,1081.28,1211.05,918.51,1596.94,527.97,1401.08,1511.05,1555.90,1240.12,1860.98,1282.62,1688.72,1347.90,833.18,755.57,694.51,1050.09,818.55,1100.59,864.24,587.30,527.97
68394,68439,68416.5,1530.20,39.42,1.00,1.64,0.00,0.00,819.17,0.00,316.99,706.11,858.65,777.46,675.24,1812.74,1012.12,1368.83,1315.36,1052.39,1898.25,2366.73,2124.72,1483.03,2064.09,1694.51,1382.67,962.33,1396.79,969.18,1615.03,1385.58,1483.84,1006.50,1577.24,936.00,1323.05,1286.23,1561.14,1031.42,1185.51,1251.54,1074.09,863.29,768.96,947.26,610.51,662.10,588.80,376.17
