Data/Raw/MOORE,RICHARD/FIREXAQ-LARGE-SMPS_DC8_20190729_R0.ict
88,1001
Richard Moore, Elizabeth Wiggins, Edward Winstead, Claire Robinson, Lee Thornhill, and Kevin Sanchez
NASA Langley Research Center
In-situ Submicron Particle Size Distributions from a SMPS on the NASA DC-8
FIREXAQ
1,1
2019,07,29,2020,03,10
0
Time_start,Secs after midnight,Time of acquisition
50
1,1,1,1,1,1,1,1,1,1,1,1,1,1,1,1,1,1,1,1,1,1,1,1,1,1,1,1,1,1,1,1,1,1,1,1,1,1,1,1,1,1,1,1,1,1,1,1,1,1
-9999,-9999,-9999,-9999,-9999,-9999,-9999,-9999,-9999,-9999,-9999,-9999,-9999,-9999,-9999,-9999,-9999,-9999,-9999,-9999,-9999,-9999,-9999,-9999,-9999,-9999,-9999,-9999,-9999,-9999,-9999,-9999,-9999,-9999,-9999,-9999,-9999,-9999,-9999,-9999,-9999,-9999,-9999,-9999,-9999,-9999,-9999,-9999,-9999,-9999
Time_stop,Secs after midnight,Time of acquisition
Time_mid,Secs after midnight,Time of acquisition
nSMPS_stdPT,#/cm3,AerMP_NumConc_InSitu_RHd_Mobility_NucltoAccu_STP,integrated_number_density
sSMPS_stdPT,um2/cm3,AerMP_SurfAreaConc_InSitu_RHd_Mobility_NucltoAccu_STP,integrated_surface_area
vSMPS_stdPT,um3/cm3,AerMP_VolConc_InSitu_RHd_Mobility_NucltoAccu_STP,integrated_volume
SMPS_stdPT, unitless, None, conversion between ambient PT and standard PT (1013, 273)
SMPS_bin00_stdPT,#/cm3,AerMP_NumSizeDist_InSitu_RHd_Mobility_NucltoAccu_STP,Binned number size distribution (in dNdlogDp) measured by the SMPS
SMPS_bin01_stdPT,#/cm3,AerMP_NumSizeDist_InSitu_RHd_Mobility_NucltoAccu_STP,Binned number size distribution (in dNdlogDp) measured by the SMPS
SMPS_bin02_stdPT,#/cm3,AerMP_NumSizeDist_InSitu_RHd_Mobility_NucltoAccu_STP,Binned number size distribution (in dNdlogDp) measured by the SMPS
SMPS_bin03_stdPT,#/cm3,AerMP_NumSizeDist_InSitu_RHd_Mobility_NucltoAccu_STP,Binned number size distribution (in dNdlogDp) measured by the SMPS
SMPS_bin04_stdPT,#/cm3,AerMP_NumSizeDist_InSitu_RHd_Mobility_NucltoAccu_STP,Binned number size distribution (in dNdlogDp) measured by the SMPS
SMPS_bin05_stdPT,#/cm3,AerMP_NumSizeDist_InSitu_RHd_Mobility_NucltoAccu_STP,Binned number size distribution (in dNdlogDp) measured by the SMPS
SMPS_bin06_stdPT,#/cm3,AerMP_NumSizeDist_InSitu_RHd_Mobility_NucltoAccu_STP,Binned number size distribution (in dNdlogDp) measured by the SMPS
SMPS_bin07_stdPT,#/cm3,AerMP_NumSizeDist_InSitu_RHd_Mobility_NucltoAccu_STP,Binned number size distribution (in dNdlogDp) measured by the SMPS
SMPS_bin08_stdPT,#/cm3,AerMP_NumSizeDist_InSitu_RHd_Mobility_NucltoAccu_STP,Binned number size distribution (in dNdlogDp) measured by the SMPS
SMPS_bin09_stdPT,#/cm3,AerMP_NumSizeDist_InSitu_RHd_Mobility_NucltoAccu_STP,Binned number size distribution (in dNdlogDp) measured by the SMPS
SMPS_bin10_stdPT,#/cm3,AerMP_NumSizeDist_InSitu_RHd_Mobility_NucltoAccu_STP,Binned number size distribution (in dNdlogDp) measured by the SMPS
SMPS_bin11_stdPT,#/cm3,AerMP_NumSizeDist_InSitu_RHd_Mobility_NucltoAccu_STP,Binned number size distribution (in dNdlogDp) measured by the SMPS
SMPS_bin12_stdPT,#/cm3,AerMP_NumSizeDist_InSitu_RHd_Mobility_NucltoAccu_STP,Binned number size distribution (in dNdlogDp) measured by the SMPS
SMPS_bin13_stdPT,#/cm3,AerMP_NumSizeDist_InSitu_RHd_Mobility_NucltoAccu_STP,Binned number size distribution (in dNdlogDp) measured by the SMPS
SMPS_bin14_stdPT,#/cm3,AerMP_NumSizeDist_InSitu_RHd_Mobility_NucltoAccu_STP,Binned number size distribution (in dNdlogDp) measured by the SMPS
[...]
UNCERTAINTY:  20%
ULOD_FLAG: -7777
ULOD_VALUE: N/A
LLOD_FLAG: -8888
LLOD_VALUE: N/A
DM_CONTACT_INFO: Lee Thornhill (Kenneth.L.Thornhill@nasa.gov)
PROJECT_INFO: FIREX-AQ
STIPULATIONS_ON_USE: No stipulations on use. The user is encouraged to contact the PI or DM prior to use.
OTHER_COMMENTS: Midpoint diameters of Bins 00 to 43 are: 0.011,0.012,0.013,0.014,0.015,0.016,0.017,0.018,0.019,0.021,0.022,0.024,0.026,0.028,0.030,0.032,0.035,0.037,0.040,0.043,0.046,0.050,0.053,0.057,0.061,0.066,0.071,0.076,0.082,0.088,0.095,0.102,0.109,0.118,0.126,0.136,0.146,0.157,0.168,0.181,0.194,0.209,0.225,0.241
REVISION: R0
R0: Final Data. Data are corrected for time lags and ammonium sulfate size calibrations.
*******************************************************************************************************************************
Time_start,Time_stop,Time_mid,nSMPS_stdPT,sSMPS_stdPT,vSMPS_stdPT,SMPS_stdPT,SMPS_bin00_stdPT,SMPS_bin01_stdPT,SMPS_bin02_stdPT,SMPS_bin03_stdPT,SMPS_bin04_stdPT,SMPS_bin05_stdPT,SMPS_bin06_stdPT,SMPS_bin07_stdPT,SMPS_bin08_stdPT,SMPS_bin09_stdPT,SMPS_bin10_stdPT,SMPS_bin11_stdPT,SMPS_bin12_stdPT,SMPS_bin13_stdPT,SMPS_bin14_stdPT,SMPS_bin15_stdPT,SMPS_bin16_stdPT,SMPS_bin17_stdPT,SMPS_bin18_stdPT,SMPS_bin19_stdPT,SMPS_bin20_stdPT,SMPS_bin21_stdPT,SMPS_bin22_stdPT,SMPS_bin23_stdPT,SMPS_bin24_stdPT,SMPS_bin25_stdPT,SMPS_bin26_stdPT,SMPS_bin27_stdPT,SMPS_bin28_stdPT,SMPS_bin29_stdPT,SMPS_bin30_stdPT,SMPS_bin31_stdPT,SMPS_bin32_stdPT,SMPS_bin33_stdPT,SMPS_bin34_stdPT,SMPS_bin35_stdPT,SMPS_bin36_stdPT,SMPS_bin37_stdPT,SMPS_bin38_stdPT,SMPS_bin39_stdPT,SMPS_bin40_stdPT,SMPS_bin41_stdPT,SMPS_bin42_stdPT,SMPS_bin43_stdPT
[from data line 322]
98399,98444,98421.5,3615.43,329.82,10.87,1.59,0.00,0.00,1440.96,689.60,402.96,345.55,741.71,0.06,0.00,137.07,540.68,196.10,0.00,202.97,49.01,316.34,158.79,333.31,86.59,357.34,273.81,439.47,406.25,515.22,1216.51,1281.06,2401.44,2090.33,2047.16,2434.70,2486.25,2383.92,4751.55,4169.52,3654.17,4551.37,8203.77,6178.83,7547.22,10041.62,11147.53,9367.08,8185.73,7430.53
98458,98503,98480.5,1730.80,151.75,5.14,1.60,0.00,0.00,1772.77,0.00,468.74,0.00,0.00,493.52,281.23,90.89,217.99,173.43,278.38,385.48,230.90,221.46,204.83,123.66,363.26,294.89,415.56,548.84,504.95,633.52,419.95,507.53,654.19,777.58,1318.50,1919.93,2318.79,2188.15,2156.44,1927.55,704.24,1686.34,1644.34,1435.59,1845.00,4395.98,4648.01,4901.91,4465.20,4499.60
98517,98562,98539.5,5605.59,668.73,23.30,1.66,0.00,0.00,0.00,0.00,580.32,301.00,0.02,0.04,201.88,215.79,333.85,198.86,161.35,240.41,381.21,189.73,147.70,472.69,498.88,504.84,297.50,125.55,0.00,0.00,793.64,1351.97,2289.07,3184.80,2757.86,771.91,324.99,0.00,0.00,0.00,0.00,0.00,5826.72,12337.89,16910.72,26749.37,26211.62,24590.95,21233.89,15580.69
98576,98621,98598.5,7994.69,976.42,34.73,1.67,0.00,0.00,2740.16,0.00,551.17,0.00,301.16,672.72,90.66,626.55,469.58,337.59,696.30,580.79,263.94,609.27,502.89,228.56,430.79,334.74,173.82,475.14,0.00,0.00,433.84,813.02,1571.28,4065.79,5097.69,4230.58,3240.38,3957.31,519.33,0.00,0.00,0.00,1075.32,10364.93,22351.29,27954.54,37006.62,36758.30,36628.41,28785.51
98635,98680,98657.5,14452.72,1222.00,39.81,1.66,0.00,0.00,5651.75,4623.22,4880.00,3886.95,3298.22,2428.68,2581.57,1924.97,1996.56,1506.17,1550.70,2100.58,1690.59,1692.21,1476.31,877.19,1338.98,1751.77,866.77,1232.66,2552.25,2086.83,3912.85,6363.95,7184.27,7662.12,9014.87,12371.67,11120.66,9880.93,15409.78,17004.85,15542.62,19671.50,26698.31,29301.71,27861.44,35600.58,42729.97,36624.93,28227.16,26150.61
98694,98739,98716.5,12007.64,1192.62,40.77,1.66,0.00,0.00,2745.39,3427.84,1705.71,1096.07,818.31,441.42,431.09,910.82,452.99,443.03,482.94,315.37,632.64,269.69,461.44,362.50,529.77,408.76,738.08,1014.22,618.11,1701.23,3306.22,5506.36,8215.10,10393.30,10538.50,10350.05,9347.86,9390.83,9647.64,9969.57,6740.83,9545.85,18064.49,19318.20,19862.60,29159.04,42129.55,38867.29,34030.43,31587.57
98753,98798,98775.5,27306.26,3001.94,102.28,1.67,0.00,0.00,0.00,1328.03,0.00,346.53,0.00,234.56,210.21,829.65,306.48,453.00,285.55,456.82,652.79,825.18,506.30,966.30,710.20,1258.88,1573.62,625.82,941.39,2085.62,3420.28,5464.84,10623.26,11094.55,12374.03,9680.30,10121.54,5879.23,8611.76,22867.38,15717.52,34008.16,56020.13,68149.31,72244.27,96448.20,102901.20,90814.75,85014.09,75688.64
98812,98857,98834.5,27904.79,3124.65,107.42,1.67,0.00,0.00,1716.74,1328.51,268.52,694.70,301.82,213.48,408.14,230.29,232.55,189.57,90.46,70.96,161.05,163.66,276.14,195.66,448.29,486.57,723.56,736.47,520.89,0.00,907.51,3030.31,5488.39,8680.16,17502.71,19251.11,21058.48,19304.27,16921.13,22202.72,9140.03,19125.97,40738.00,60295.14,60941.72,99082.74,115708.18,108688.55,89800.37,77557.09
98871,98916,98893.5,10328.92,909.86,30.48,1.67,0.00,0.00,533.73,11693.18,8990.32,5146.29,10583.96,5179.51,1799.23,1001.84,2001.24,1723.03,827.43,1277.84,1392.97,616.32,434.08,795.64,964.59,585.05,684.24,826.25,656.54,1040.50,1348.41,1393.39,2694.06,3358.16,4929.23,3669.33,7816.95,5442.88,5085.11,7532.17,7237.36,8482.77,11987.42,20781.55,22586.17,33182.28,33362.86,30303.10,23783.62,20060.87
98930,98975,98952.5,3418.22,153.10,4.91,1.67,0.00,0.00,2674.09,3986.75,4436.29,5719.81,3762.09,3764.69,4664.71,4413.63,5125.35,3418.16,2877.59,3223.35,2869.70,2371.20,1653.23,1476.49,1267.60,627.18,891.37,495.69,707.72,852.29,406.86,803.60,324.75,272.71,898.72,733.12,1227.94,917.55,1539.28,2012.20,1623.01,2072.84,2967.32,4314.46,3830.84,5504.99,5220.69,4168.98,3691.49,3116.16
98989,99034,99011.5,2588.34,77.41,2.39,1.67,0.00,0.00,7714.25,5364.31,1881.54,3507.32,2679.22,3314.60,3530.72,4358.91,3200.54,3454.21,3012.90,3178.92,2443.30,1713.82,1216.74,1692.96,881.88,988.22,562.93,631.59,784.46,769.36,557.89,429.70,514.35,443.85,522.17,110.83,1175.96,983.47,551.84,1312.52,914.75,1386.38,1530.38,2341.30,1908.59,2503.14,2327.23,2098.91,1815.70,1352.72
99048,99093,99070.5,2415.15,85.13,2.63,1.67,0.00,0.00,1825.54,2658.01,1683.43,3778.28,1455.83,3978.23,2538.89,3204.92,3000.24,3995.54,2344.79,2570.20,3007.62,2767.90,2404.30,1733.06,1140.58,681.60,537.89,565.83,748.09,764.36,424.05,476.21,517.78,937.29,817.46,731.91,1188.07,699.58,1296.37,1688.38,1577.11,1590.16,1872.17,2392.84,1934.53,2430.17,2242.67,1975.17,2052.02,1614.10
99107,99152,99129.5,3030.34,89.23,2.66,1.67,0.00,0.00,3948.44,8538.38,3100.29,2692.57,2352.23,3152.35,4665.15,2738.69,4656.60,4107.92,3276.82,3625.66,3510.85,3485.85,2869.52,2343.99,1623.81,1433.49,553.51,551.96,562.78,617.96,645.08,426.56,799.24,931.22,310.41,534.84,740.36,1671.07,1470.35,1709.11,2464.82,2129.36,2096.90,2858.02,2498.55,2525.10,1863.29,2383.55,1704.02,1611.22
99166,99211,99188.5,1871.72,45.21,1.29,1.67,0.00,0.00,645.63,1328.88,958.42,3632.58,1363.42,2775.48,2908.21,4755.29,2447.66,2024.58,3243.72,3309.08,2570.90,2290.85,2120.95,1722.74,1170.52,964.92,693.92,310.01,905.79,557.31,282.24,351.29,567.55,451.26,261.68,457.08,594.50,646.28,858.32,1315.52,1028.61,1410.69,1273.54,1258.46,1057.79,1385.44,1042.40,868.57,747.17,760.75
99225,99270,99247.5,1228.80,14.55,0.37,1.67,0.00,0.00,1491.82,271.76,1764.95,3430.46,1114.83,2958.25,2666.99,1394.60,2620.15,2415.25,2160.82,2065.50,2064.55,1803.74,1362.59,1033.27,745.59,435.96,521.96,427.58,294.03,391.79,186.01,217.09,117.55,345.37,270.92,310.02,162.85,291.99,292.56,364.02,416.01,307.86,549.13,337.10,451.24,253.45,252.76,186.42,235.00,239.80
99284,99329,99306.5,11613.25,1327.32,46.54,1.67,0.00,0.00,2554.12,271.78,1224.13,2651.67,1857.27,1884.15,2659.24,1543.92,1745.01,1700.65,2373.66,1592.14,1683.71,1222.42,863.51,808.35,936.52,622.33,470.49,417.15,618.46,517.47,178.67,1892.04,1900.71,789.35,2154.72,3513.21,1056.42,0.00,7088.86,5422.26,1381.53,6314.27,17491.53,20868.00,24713.59,41788.94,49859.16,45212.58,43298.11,37788.09
99343,99388,99365.5,28850.46,3557.72,126.82,1.67,0.00,0.00,0.00,2396.23,0.00,0.00,606.08,704.34,691.06,580.18,480.84,211.57,241.86,300.05,479.02,472.57,534.84,283.09,355.19,11.15,271.54,0.00,0.00,0.00,263.91,1401.18,4973.18,7457.98,11666.43,16300.12,22526.27,19161.10,19971.80,21955.97,5688.22,6366.82,18740.05,41153.14,51583.84,87966.17,129263.25,126782.06,120951.79,105197.03
99402,99447,99424.5,28411.61,3339.26,117.07,1.67,0.00,0.00,4296.81,805.77,1238.53,0.04,591.17,209.69,0.00,0.00,0.00,0.00,0.00,232.42,322.01,670.08,495.36,189.92,134.44,323.56,36.28,552.44,1105.73,266.81,383.74,5966.22,7697.44,7798.75,18741.38,22177.70,15761.63,7739.81,13169.19,18745.97,3948.31,16298.62,39394.72,53711.88,58512.90,98950.94,115783.91,111322.21,105782.03,95083.03
99461,99506,99483.5,20290.57,2060.40,70.61,1.66,0.00,0.00,8038.58,4043.69,5076.39,4721.50,17806.38,6038.42,5100.38,4033.28,1258.67,574.99,562.56,580.50,472.72,533.46,359.89,675.87,461.07,635.27,395.93,256.28,259.86,1714.04,2051.47,3356.52,5527.56,7434.58,5560.17,10667.08,8307.57,7136.36,12820.48,19003.18,14023.77,15860.27,34200.93,41052.16,41529.67,58970.74,75083.84,65332.60,59655.88,52889.03
99520,99565,99542.5,17144.02,1851.09,63.58,1.66,0.00,0.00,2893.90,2938.91,3729.78,2471.51,644.53,0.00,335.26,585.03,632.46,172.72,262.50,552.88,152.99,123.79,303.89,386.82,185.28,787.87,736.86,325.21,914.51,648.24,470.90,2504.72,5078.38,6965.17,10613.66,13753.46,11730.90,11725.41,11613.93,13158.76,6643.27,11658.61,22552.70,32583.41,41624.28,54646.44,66820.61,62073.76,55046.23,48048.47
99579,99624,99601.5,9314.22,936.67,31.13,1.66,0.00,0.00,970.80,0.00,1055.85,348.04,0.00,0.00,0.00,137.30,233.07,108.36,317.06,330.19,229.64,283.33,0.00,163.88,376.88,360.39,611.43,537.95,335.05,180.49,1420.79,1757.47,2032.57,4653.77,7058.59,6306.78,6001.49,5455.48,8630.40,9656.20,8176.64,11926.69,17535.10,23010.36,22879.63,31065.57,33790.95,28347.32,23362.07,21065.03
99638,99683,99660.5,3072.11,310.66,10.65,1.67,0.00,0.00,0.00,663.38,0.00,1099.62,531.56,634.68,447.64,966.51,184.18,469.89,496.31,456.04,435.20,308.86,96.04,188.38,123.99,247.06,173.27,370.97,514.67,588.86,607.57,1581.21,868.38,853.32,2247.65,1376.46,776.39,1675.73,2343.70,3030.89,546.95,3477.37,4898.02,4296.18,5224.30,9577.20,11819.17,10882.67,8435.65,7671.01
99697,99742,99719.5,1735.32,187.00,6.63,1.66,0.00,0.00,0.00,664.68,0.00,0.02,0.00,207.14,355.31,139.52,0.00,202.14,211.64,337.94,61.35,348.39,344.76,580.95,228.25,251.12,239.73,245.06,43.58,462.42,735.91,198.38,676.86,1215.66,898.15,613.94,1580.53,1333.27,1104.42,1278.85,373.47,926.51,1543.62,1570.14,3168.17,4082.76,6430.50,5922.76,5797.58,5231.40
99756,99801,99778.5,1397.94,143.93,5.08,1.66,0.00,0.00,0.00,0.00,0.00,349.28,605.32,214.87,712.75,307.18,0.00,202.62,74.71,143.83,58.86,349.33,73.04,344.43,263.98,311.10,411.22,610.29,350.33,226.92,504.40,450.45,431.93,943.41,1283.66,1105.48,960.37,750.78,681.40,502.88,0.00,62.04,1146.01,1768.92,1788.73,3830.81,5311.34,4925.87,4401.48,4500.23
99815,99860,99837.5,1406.92,131.01,4.67,1.66,0.00,0.00,1937.40,1464.20,0.01,0.01,833.48,209.88,431.24,220.90,124.48,304.96,55.85,257.18,225.28,309.22,214.00,52.39,94.97,315.52,429.88,108.28,542.79,242.01,397.66,568.01,608.75,531.32,1119.02,1383.44,872.97,826.05,1734.59,1652.51,481.87,377.26,1138.61,1538.78,692.57,2040.05,4218.55,3703.59,3924.02,4107.12
99874,99919,99896.5,1409.52,122.05,4.24,1.66,0.00,0.00,951.00,2142.74,103.38,662.94,303.37,420.13,688.63,152.07,239.94,194.88,75.37,297.69,251.62,233.74,445.80,518.37,465.85,257.31,124.86,166.65,289.89,302.37,422.84,709.58,798.41,1137.18,1322.58,1264.05,705.88,965.39,1250.66,623.29,66.78,316.47,1151.21,1621.39,1997.52,2612.34,4710.67,3943.21,3603.39,2954.37
99933,99978,99955.5,1407.13,119.84,4.16,1.66,0.00,0.00,0.00,799.28,656.18,313.79,870.84,448.45,1058.83,446.98,247.68,318.20,303.49,308.85,398.62,430.22,321.60,302.10,592.49,324.95,173.07,140.85,433.61,743.81,150.14,510.46,1180.31,1137.21,893.95,1466.49,1734.65,897.13,401.96,1146.90,1255.53,259.26,569.06,1090.83,1506.09,2740.52,3933.50,3750.75,3871.58,3866.12
99992,100037,100014,1476.95,118.38,4.00,1.67,0.00,0.00,0.00,1065.41,769.55,748.98,301.93,913.56,448.66,1261.52,1222.06,324.07,450.07,297.32,125.95,420.93,178.14,269.41,249.98,290.39,291.67,385.75,260.70,257.88,254.21,709.59,676.74,588.79,1089.00,977.99,1141.21,751.37,1467.57,1327.58,892.07,1114.37,1951.33,2384.30,1871.60,2933.28,4016.19,3615.48,3012.95,3097.18
100051,100096,100074,1451.20,111.19,3.76,1.66,0.00,0.00,0.00,0.00,1020.85,284.71,582.67,1120.94,1347.51,354.95,575.34,722.84,603.87,520.97,605.36,589.16,387.01,483.04,543.79,457.46,551.18,255.73,568.48,226.28,526.88,530.56,1027.84,1176.05,1363.60,1251.59,1642.61,733.36,407.08,1007.32,38.75,143.29,616.54,2297.43,2575.90,3206.27,4981.47,3104.09,2608.80,2664.68
100110,100155,100132,1590.74,117.61,3.95,1.66,0.00,0.00,971.48,2127.28,1493.72,347.35,1284.46,819.86,185.39,137.48,430.24,382.11,511.47,630.38,551.33,375.45,391.11,318.04,110.23,373.33,406.77,501.59,382.68,714.39,500.00,696.91,464.16,798.73,1215.44,1453.63,860.28,1446.77,1360.38,1586.78,1079.74,1068.01,1976.00,2087.86,1576.81,2982.40,3996.42,3482.92,2966.19,2735.78
100169,100214,100192,1446.80,120.88,4.14,1.66,0.00,0.00,0.00,1575.09,0.00,403.62,1425.61,443.58,333.99,27.87,821.39,298.19,270.83,143.18,370.55,211.93,316.15,53.33,235.71,379.63,432.86,483.07,475.14,463.44,298.94,897.59,857.17,630.09,1307.88,1173.95,1181.89,1284.38,1228.71,1456.72,817.94,1037.25,1753.77,1297.04,1186.08,2609.54,3952.30,4235.26,3584.08,3242.65
100228,100273,100250,1544.12,119.27,4.03,1.66,0.00,0.00,0.00,3985.01,904.88,0.01,1499.42,136.41,572.77,356.03,0.00,115.27,683.95,530.61,252.68,124.16,368.44,92.55,534.95,250.76,361.07,661.69,404.70,359.47,440.61,1215.98,438.18,425.40,742.98,1479.67,281.81,1428.80,2206.12,1713.95,1053.36,970.36,1658.78,1011.71,1871.10,3689.32,3368.02,3461.26,3648.71,3578.42
100287,100332,100310,1678.37,142.44,4.86,1.66,0.00,0.00,534.44,0.00,0.00,696.06,1172.24,704.82,589.32,461.73,122.95,414.72,423.21,270.25,458.93,668.02,214.86,403.41,558.61,134.94,121.26,390.39,512.35,276.56,1072.21,720.14,468.93,702.60,1539.10,1699.48,1437.10,1594.24,2059.22,1831.40,691.59,1199.36,1691.33,2298.74,1648.17,3820.86,3896.24,4315.63,4371.29,3717.55
100346,100391,100368,2714.27,226.73,7.53,1.67,0.00,0.00,1181.86,0.00,586.57,1375.42,408.78,1025.47,439.40,1060.83,609.63,747.36,105.94,222.93,515.93,486.94,435.48,358.52,491.74,360.77,218.90,624.12,818.86,948.64,848.44,901.75,1183.69,1220.65,1345.80,1874.07,3155.02,2018.95,3977.74,4322.07,3350.38,1308.54,3608.37,4335.79,3666.19,6254.32,6922.04,7095.08,6260.90,5071.16
100405,100450,100428,6081.78,735.02,26.12,1.67,0.00,0.00,636.72,272.34,874.12,0.00,234.06,685.56,1018.83,389.99,331.55,182.63,362.50,615.91,249.58,370.16,368.70,202.89,224.51,287.82,425.71,598.90,453.89,584.61,253.08,551.43,813.05,1289.06,1319.41,1170.21,2250.37,2913.93,2228.68,3169.71,972.21,3500.08,6082.96,7746.72,11438.44,24430.90,25587.38,25843.41,22757.20,21752.09
100465,100510,100488,4832.95,511.80,17.50,1.67,0.00,0.00,1074.92,2663.34,1111.23,1372.12,1121.85,559.68,336.34,777.54,687.24,653.77,597.80,732.39,448.32,247.98,390.07,361.57,270.01,323.59,523.86,258.31,380.72,709.04,726.06,257.97,1697.00,634.52,257.89,230.71,3773.38,712.57,0.00,3234.72,2005.36,1581.02,3455.10,13671.68,12610.69,18495.79,20592.28,20384.73,14392.92,11038.65
100524,100569,100546,2417.53,225.57,7.88,1.68,0.00,0.00,0.00,0.00,651.20,521.66,1863.66,1199.72,1432.96,2125.20,1293.77,1212.61,1179.21,1063.03,559.90,735.57,972.50,452.56,671.48,502.98,349.34,589.60,268.71,117.14,769.08,823.29,672.76,661.72,1760.52,1087.18,0.00,0.00,161.15,0.00,0.00,607.28,3267.22,3165.16,4622.62,8415.97,8467.45,7066.21,6055.09,6433.35
100583,100628,100606,1671.97,122.28,4.23,1.68,0.00,0.00,541.33,0.00,991.32,602.39,787.54,2222.94,1660.15,1320.18,1305.29,1702.36,1666.94,1524.40,987.73,1302.20,681.62,378.81,587.28,616.60,774.95,707.88,385.52,276.50,434.75,580.07,285.42,539.09,894.88,458.77,126.49,0.00,498.76,0.00,147.66,292.84,1060.16,1749.36,2761.73,4670.55,3977.37,4115.30,4083.06,3114.07
100642,100687,100664,1632.75,109.75,3.85,1.68,0.00,0.00,0.00,0.00,813.07,672.49,2287.76,2409.01,1790.61,1385.85,2012.65,1645.87,1559.28,1720.22,1486.40,1324.30,988.18,891.01,473.19,391.34,461.08,727.44,564.96,537.17,380.87,726.52,607.57,122.29,64.56,461.58,340.00,50.05,257.19,998.54,31.72,0.00,623.04,1718.82,910.22,3530.46,3785.71,4176.75,3301.62,3232.68
100701,100746,100724,1082.70,41.30,1.31,1.68,0.00,0.00,0.00,807.23,1349.63,692.89,1548.77,1157.01,1852.14,1475.32,1233.97,1388.99,1421.49,1521.31,801.21,520.40,875.73,855.47,572.83,814.26,730.59,542.81,600.01,433.03,440.13,323.38,454.65,218.39,357.72,353.23,341.31,324.90,167.03,657.84,283.14,613.60,582.62,1038.60,980.57,1139.01,1276.76,1355.31,963.05,883.58
100760,100805,100782,1100.73,21.77,0.63,1.74,0.00,0.00,0.00,665.03,1015.69,3648.30,1148.28,1544.04,1963.64,2354.42,1680.18,2670.68,1391.95,1423.37,1418.33,785.63,1123.16,657.66,705.97,481.70,287.02,556.78,564.80,558.24,520.74,547.64,549.08,101.62,195.18,138.54,136.74,431.74,551.98,578.24,584.20,619.22,254.03,287.42,306.53,413.70,618.83,418.83,642.96,441.74
100819,100864,100842,876.58,13.16,0.33,1.78,0.00,0.00,0.00,1999.18,770.59,1039.78,672.63,332.43,1049.98,1179.41,1877.60,1620.55,2254.90,810.65,1107.94,979.36,1242.49,1165.76,579.60,572.22,650.34,944.61,600.18,190.17,602.65,335.99,415.23,382.33,424.64,219.79,378.29,242.00,430.50,131.59,336.80,352.31,524.72,203.39,215.97,281.06,209.99,247.70,141.69,247.04
