Data/Raw/MOORE,RICHARD/FIREXAQ-LARGE-SMPS_DC8_20190730_R0.ict
88,1001
Richard Moore, Elizabeth Wiggins, Edward Winstead, Claire Robinson, Lee Thornhill, and Kevin Sanchez
NASA Langley Research Center
In-situ Submicron Particle Size Distributions from a SMPS on the NASA DC-8
FIREXAQ
1,1
2019,07,30,2020,03,10
0
Time_start,Secs after midnight,Time of acquisition
50
1,1,1,1,1,1,1,1,1,1,1,1,1,1,1,1,1,1,1,1,1,1,1,1,1,1,1,1,1,1,1,1,1,1,1,1,1,1,1,1,1,1,1,1,1,1,1,1,1,1
-9999,-9999,-9999,-9999,-9999,-9999,-9999,-9999,-9999,-9999,-9999,-9999,-9999,-9999,-9999,-9999,-9999,-9999,-9999,-9999,-9999,-9999,-9999,-9999,-9999,-9999,-9999,-9999,-9999,-9999,-9999,-9999,-9999,-9999,-9999,-9999,-9999,-9999,-9999,-9999,-9999,-9999,-9999,-9999,-9999,-9999,-9999,-9999,-9999,-9999
Time_stop,Secs after midnight,Time of acquisition
Time_mid,Secs after midnight,Time of acquisition
nSMPS_stdPT,#/cm3,AerMP_NumConc_InSitu_RHd_Mobility_NucltoAccu_STP,integrated_number_density
sSMPS_stdPT,um2/cm3,AerMP_SurfAreaConc_InSitu_RHd_Mobility_NucltoAccu_STP,integrated_surface_area
vSMPS_stdPT,um3/cm3,AerMP_VolConc_InSitu_RHd_Mobility_NucltoAccu_STP,integrated_volume
SMPS_stdPT, unitless, None, conversion between ambient PT and standard PT (1013, 273)
SMPS_bin00_stdPT,#/cm3,AerMP_NumSizeDist_InSitu_RHd_Mobility_NucltoAccu_STP,Binned number size distribution (in dNdlogDp) measured by the SMPS
SMPS_bin01_stdPT,#/cm3,AerMP_NumSizeDist_InSitu_RHd_Mobility_NucltoAccu_STP,Binned number size distribution (in dNdlogDp) measured by the SMPS
SMPS_bin02_stdPT,#/cm3,AerMP_NumSizeDist_InSitu_RHd_Mobility_NucltoAccu_STP,Binned number size distribution (in dNdlogDp) measured by the SMPS
SMPS_bin03_stdPT,#/cm3,AerMP_NumSizeDist_InSitu_RHd_Mobility_NucltoAccu_STP,Binned number size distribution (in dNdlogDp) measured by the SMPS
SMPS_bin04_stdPT,#/cm3,AerMP_NumSizeDist_InSitu_RHd_Mobility_NucltoAccu_STP,Binned number size distribution (in dNdlogDp) measured by the SMPS
SMPS_bin05_stdPT,#/cm3,AerMP_NumSizeDist_InSitu_RHd_Mobility_NucltoAccu_STP,Binned number size distribution (in dNdlogDp) measured by the SMPS
SMPS_bin06_stdPT,#/cm3,AerMP_NumSizeDist_InSitu_RHd_Mobility_NucltoAccu_STP,Binned number size distribution (in dNdlogDp) measured by the SMPS
SMPS_bin07_stdPT,#/cm3,AerMP_NumSizeDist_InSitu_RHd_Mobility_NucltoAccu_STP,Binned number size distribution (in dNdlogDp) measured by the SMPS
SMPS_bin08_stdPT,#/cm3,AerMP_NumSizeDist_InSitu_RHd_Mobility_NucltoAccu_STP,Binned number size distribution (in dNdlogDp) measured by the SMPS
SMPS_bin09_stdPT,#/cm3,AerMP_NumSizeDist_InSitu_RHd_Mobility_NucltoAccu_STP,Binned number size distribution (in dNdlogDp) measured by the SMPS
SMPS_bin10_stdPT,#/cm3,AerMP_NumSizeDist_InSitu_RHd_Mobility_NucltoAccu_STP,Binned number size distribution (in dNdlogDp) measured by the SMPS
SMPS_bin11_stdPT,#/cm3,AerMP_NumSizeDist_InSitu_RHd_Mobility_NucltoAccu_STP,Binned number size distribution (in dNdlogDp) measured by the SMPS
SMPS_bin12_stdPT,#/cm3,AerMP_NumSizeDist_InSitu_RHd_Mobility_NucltoAccu_STP,Binned number size distribution (in dNdlogDp) measured by the SMPS
SMPS_bin13_stdPT,#/cm3,AerMP_NumSizeDist_InSitu_RHd_Mobility_NucltoAccu_STP,Binned number size distribution (in dNdlogDp) measured by the SMPS
SMPS_bin14_stdPT,#/cm3,AerMP_NumSizeDist_InSitu_RHd_Mobility_NucltoAccu_STP,Binned number size distribution (in dNdlogDp) measured by the SMPS
[...]
UNCERTAINTY:  20%
ULOD_FLAG: -7777
ULOD_VALUE: N/A
LLOD_FLAG: -8888
LLOD_VALUE: N/A
DM_CONTACT_INFO: Lee Thornhill (Kenneth.L.Thornhill@nasa.gov)
PROJECT_INFO: FIREX-AQ
STIPULATIONS_ON_USE: No stipulations on use. The user is encouraged to contact the PI or DM prior to use.
OTHER_COMMENTS: Midpoint diameters of Bins 00 to 43 are: 0.011,0.012,0.013,0.014,0.015,0.016,0.017,0.018,0.019,0.021,0.022,0.024,0.026,0.028,0.030,0.032,0.035,0.037,0.040,0.043,0.046,0.050,0.053,0.057,0.061,0.066,0.071,0.076,0.082,0.088,0.095,0.102,0.109,0.118,0.126,0.136,0.146,0.157,0.168,0.181,0.194,0.209,0.225,0.241
REVISION: R0
R0: Final Data. Data are corrected for time lags and ammonium sulfate size calibrations.
*******************************************************************************************************************************
Time_start,Time_stop,Time_mid,nSMPS_stdPT,sSMPS_stdPT,vSMPS_stdPT,SMPS_stdPT,SMPS_bin00_stdPT,SMPS_bin01_stdPT,SMPS_bin02_stdPT,SMPS_bin03_stdPT,SMPS_bin04_stdPT,SMPS_bin05_stdPT,SMPS_bin06_stdPT,SMPS_bin07_stdPT,SMPS_bin08_stdPT,SMPS_bin09_stdPT,SMPS_bin10_stdPT,SMPS_bin11_stdPT,SMPS_bin12_stdPT,SMPS_bin13_stdPT,SMPS_bin14_stdPT,SMPS_bin15_stdPT,SMPS_bin16_stdPT,SMPS_bin17_stdPT,SMPS_bin18_stdPT,SMPS_bin19_stdPT,SMPS_bin20_stdPT,SMPS_bin21_stdPT,SMPS_bin22_stdPT,SMPS_bin23_stdPT,SMPS_bin24_stdPT,SMPS_bin25_stdPT,SMPS_bin26_stdPT,SMPS_bin27_stdPT,SMPS_bin28_stdPT,SMPS_bin29_stdPT,SMPS_bin30_stdPT,SMPS_bin31_stdPT,SMPS_bin32_stdPT,SMPS_bin33_stdPT,SMPS_bin34_stdPT,SMPS_bin35_stdPT,SMPS_bin36_stdPT,SMPS_bin37_stdPT,SMPS_bin38_stdPT,SMPS_bin39_stdPT,SMPS_bin40_stdPT,SMPS_bin41_stdPT,SMPS_bin42_stdPT,SMPS_bin43_stdPT
[from data line 368]
97429,97474,97451.5,2397.76,36.75,0.97,1.32,3735.77,820.60,4074.06,3750.85,2757.47,2523.73,3452.65,3917.14,3464.51,3507.84,3509.45,2191.22,2699.31,3018.24,3051.42,2999.97,2376.62,1678.55,1895.35,1737.50,1632.36,1030.18,1078.84,791.42,435.68,526.77,521.40,665.37,735.44,802.27,856.26,864.61,749.95,350.86,677.43,949.52,1025.39,651.21,942.64,1114.02,836.56,891.90,703.57,732.28
97488,97533,97510.5,2534.70,94.72,2.77,1.32,206.67,4126.42,3180.00,862.01,1811.25,1895.05,1821.97,981.75,2677.88,2910.67,1950.70,2782.99,2105.68,2242.95,2417.30,2747.75,1797.85,1505.20,1761.33,1463.97,1458.95,1069.80,827.35,877.32,763.42,376.48,696.42,914.18,839.26,836.22,1275.47,1381.61,1630.66,1291.67,1466.50,2338.87,2656.89,2713.55,3314.60,3380.01,3265.50,2785.84,1955.22,1745.30
97547,97592,97569.5,3740.22,104.19,2.87,1.32,2495.44,822.29,4468.76,2819.38,3892.91,4205.62,2967.98,3034.88,3699.53,5039.71,4373.07,3158.27,3789.51,3612.84,3861.15,4264.18,3803.60,2885.52,2837.44,2362.00,2377.88,1209.59,1454.96,929.49,1404.42,1230.69,1707.77,1534.21,1820.55,1362.50,2185.50,2285.73,2343.74,2624.80,2187.08,2813.02,2737.51,3091.65,4140.07,2918.14,2839.81,2432.00,2137.42,1524.56
97606,97651,97628.5,3331.69,80.95,2.21,1.32,2699.56,7317.25,2292.87,2932.16,1473.69,4890.66,4341.39,3281.36,3268.54,4058.43,3396.75,3948.79,3479.98,3014.67,3178.91,3327.28,2099.95,2408.51,2497.88,2187.55,1733.83,2195.60,1186.03,902.74,1118.58,1089.60,888.49,1043.16,1245.66,771.05,1954.13,1596.69,1891.54,1287.11,2520.54,2502.86,2347.44,2316.60,2780.98,2567.94,1769.68,1823.02,1721.31,1263.21
97665,97710,97687.5,3343.18,82.87,2.34,1.32,3745.87,1641.88,1661.07,1976.57,5065.38,3603.21,1862.55,3941.04,5190.69,4964.11,5569.87,3735.51,3765.26,3271.99,3498.08,3483.56,2845.52,3802.52,2803.89,2658.43,2127.23,1931.81,1343.12,627.25,1033.80,709.93,779.75,976.88,1219.83,1581.91,1281.73,1224.78,1001.75,832.77,1371.54,1427.46,1885.04,2453.81,3039.93,3064.34,2457.13,2532.36,1592.46,1398.20
97724,97769,97746.5,3280.52,68.17,1.83,1.32,0.00,2959.06,2245.47,3142.68,4616.71,3706.17,4640.54,3331.16,4200.12,4828.98,3888.70,3729.82,3661.78,4198.71,2906.95,3794.06,3081.26,2851.28,3539.69,2699.54,2568.97,2231.92,2051.67,1583.56,1253.79,976.38,1311.94,939.80,877.57,1304.24,1004.53,1689.50,1364.98,1243.19,1200.36,2067.47,1705.50,1527.25,2120.30,1823.50,2062.99,1504.39,1415.41,1124.81
97783,97828,97805.5,4018.80,176.67,5.33,1.32,1250.49,2137.62,443.32,1357.35,3767.80,2747.65,1861.69,2959.31,2846.98,2937.17,3362.19,4418.11,4113.06,2663.58,4041.47,4061.11,3366.15,2965.08,3521.16,2844.31,2719.07,2210.32,2136.16,1666.49,1450.34,1318.49,1349.40,1673.17,1064.85,1379.13,1000.45,1299.96,1603.19,1747.68,3292.25,3786.46,3838.30,4619.13,6786.50,7137.64,5246.42,5023.58,4826.23,3760.80
97842,97887,97864.5,3864.70,163.39,4.83,1.32,1457.60,4138.72,139.08,2168.85,596.99,1304.58,1112.56,2143.40,2488.60,2740.67,3148.53,2770.48,3175.51,3215.46,4057.29,3856.34,4941.64,4039.55,3830.78,3500.49,3290.55,2925.78,2017.86,1878.96,1158.90,1016.65,1129.63,1352.49,821.58,907.53,2240.34,1578.33,1668.93,1628.49,3192.86,3371.83,4302.94,5149.17,6607.71,6172.01,5157.46,4495.38,3360.78,3417.07
97901,97946,97923.5,4108.91,164.57,4.96,1.32,207.21,6443.76,3377.65,3053.99,2574.50,1904.70,2726.10,2929.57,2850.09,3163.01,3255.16,3178.82,4120.57,3483.56,3258.67,4042.63,3274.63,4646.65,3768.15,3363.84,2787.97,2737.80,1981.03,1440.99,1082.50,1059.95,1067.90,1121.42,1341.90,1103.83,1681.49,1549.88,1680.74,1515.14,2369.41,2380.54,4279.18,4440.90,5712.84,5860.41,5439.48,5469.40,4426.62,3330.41
97960,98005,97982.5,3827.57,151.69,4.40,1.32,0.00,999.68,1589.26,1041.42,2298.51,2620.12,1245.67,2881.41,3226.58,2590.36,2176.37,3731.88,3803.65,3168.44,4184.16,4077.03,3570.59,3256.10,3786.85,3724.91,3857.37,3367.20,2317.58,1075.16,1005.85,1041.85,1078.49,922.49,2032.76,2092.07,1743.27,2626.69,2502.42,2795.37,2554.14,3814.53,3973.60,3733.71,5914.58,5019.13,4608.05,4110.49,3366.38,2956.18
98019,98064,98041.5,4002.31,77.90,2.15,1.32,816.11,4618.57,3621.01,5310.98,3349.97,4361.07,6544.26,5102.00,5016.01,4789.08,4716.06,4820.90,4261.91,4363.40,5544.07,5086.79,4682.04,3538.39,4064.44,3048.27,3661.91,2900.40,2523.54,1694.30,1336.00,890.13,795.02,882.88,1157.14,1170.02,1577.27,1522.39,1288.24,873.15,952.11,1692.01,1671.52,1179.04,2451.78,2452.81,2662.80,1923.95,1492.98,1667.06
98078,98123,98100.5,4560.00,55.45,1.31,1.32,1454.24,5135.15,7077.11,6417.47,6069.49,4756.69,5186.57,3712.70,4873.74,5696.60,5534.06,5922.45,6110.90,6023.86,5715.04,6236.48,6029.62,5838.59,5368.79,4816.55,3987.54,4017.37,3280.64,2359.44,1726.35,1700.04,1337.91,837.30,1235.82,1239.96,1237.84,1000.85,1060.47,1067.17,840.37,1480.06,1569.29,1408.18,1489.15,1314.66,1489.64,803.94,664.76,794.96
98137,98182,98159.5,5586.06,57.32,1.27,1.32,12244.88,15153.38,8118.02,7607.29,10484.48,6476.45,5113.81,4189.20,3632.30,3388.18,4694.92,4855.21,5905.19,7500.02,5796.32,6893.71,7593.58,7467.62,6220.13,5092.57,5755.43,3436.42,2117.60,1729.96,1477.22,1005.82,1244.38,1031.21,1753.29,1615.15,1838.63,1752.59,1902.84,1780.33,1526.35,1902.42,1595.95,1224.05,1409.80,1130.86,1093.93,836.18,627.72,538.43
98197,98242,98219.5,4876.66,59.53,1.33,1.32,1247.53,5471.46,3751.84,3889.68,4933.85,7532.13,6517.24,4336.89,4683.95,5555.61,6067.28,4810.46,6743.39,7015.41,7041.62,7494.43,8082.03,7859.40,6384.48,5274.28,4415.29,3951.57,2393.69,2193.10,2040.09,1336.98,995.38,1148.23,1332.22,1641.98,1780.40,1729.99,1778.50,1730.20,1953.62,1759.65,1723.58,1593.86,1489.49,1275.18,1055.77,854.98,677.55,508.96
98256,98301,98278.5,4783.36,60.16,1.35,1.32,1451.91,3656.41,4027.98,5385.85,3305.53,5477.04,5437.76,5283.39,5375.54,5307.13,6031.51,4902.73,5732.71,6950.68,7123.75,8048.38,7478.59,7628.57,6569.76,5974.23,4736.25,4040.35,2575.63,2151.83,1615.42,846.29,1066.65,1070.94,1448.38,1623.96,2597.98,2331.28,1676.41,1488.79,1659.22,1733.47,1649.88,1297.03,1862.15,1341.96,1121.07,779.19,606.83,597.02
98315,98360,98337.5,3857.96,54.76,1.24,1.32,0.00,4333.72,4280.90,2810.90,2260.00,3430.44,2709.53,4198.11,4563.25,3046.50,4515.04,5072.58,4533.83,4384.02,5433.27,5896.33,5068.33,5639.84,5323.24,5215.41,4284.39,3768.96,2758.06,2560.39,1790.10,1374.73,1219.82,937.94,1887.56,1560.21,1534.02,1995.00,1666.90,1893.25,1707.12,1786.50,1307.14,1106.27,1577.54,1127.64,933.03,752.27,603.93,606.57
98374,98419,98396.5,4962.02,90.51,2.41,1.32,2503.99,4105.25,6989.45,4243.10,3448.63,5315.35,4546.81,5708.59,5937.34,7768.38,7060.49,5707.89,6846.72,6534.71,5230.63,6112.86,5362.05,5936.56,6303.96,4042.02,4373.55,3502.31,3126.64,2366.96,1417.58,1477.98,1185.56,1315.58,1062.71,1166.25,1192.19,2141.43,1750.64,1215.83,1912.19,1977.97,1852.65,1957.99,3297.64,3231.82,2309.73,2332.68,1355.48,1556.32
98433,98478,98455.5,5684.64,229.96,6.93,1.32,4989.42,5454.32,1127.10,4210.96,3569.12,4460.25,2538.62,3871.79,4753.75,4329.91,5746.72,4551.57,5930.00,4634.79,4801.82,5486.36,4731.12,4836.06,5129.90,4605.15,4209.26,2987.18,2990.05,2061.82,2244.46,1791.01,1397.58,870.28,1486.81,1716.30,1243.26,2223.80,2016.78,3296.16,3177.34,5260.46,5022.57,6065.87,8521.94,8043.27,7589.13,6877.77,5899.62,5156.95
98492,98537,98514.5,5313.90,270.54,8.23,1.32,816.96,3478.18,2951.31,2950.51,1280.77,2234.80,2784.22,2500.20,3543.26,4052.18,2713.96,3138.15,3304.63,3048.38,2661.30,3616.05,4227.08,4641.08,4047.62,4872.14,4910.79,3439.49,2442.81,2237.20,1945.41,1626.76,1497.90,2659.08,1807.35,1873.50,2074.10,3247.15,1765.99,1722.14,3316.44,5471.67,5810.54,7828.83,10984.69,10542.46,9293.51,7677.42,7270.50,5736.29
98551,98596,98573.5,4872.68,266.77,8.08,1.32,1250.81,0.00,1242.53,882.11,0.00,948.78,726.40,2355.86,1848.18,2259.61,2816.70,2070.48,3131.96,2909.69,3993.31,3790.60,3841.19,4026.15,4142.68,4317.83,4244.05,4154.64,3258.40,2277.09,1811.48,2219.50,1589.69,1727.13,1606.47,2003.12,2449.60,4222.44,2413.16,4038.89,4592.50,5094.76,6088.47,6554.52,9948.34,9150.54,8615.21,8580.56,6831.66,5898.81
98610,98655,98632.5,5117.46,254.03,7.67,1.32,1250.48,0.00,2555.01,1290.48,1592.82,1253.07,3123.53,2568.76,1949.54,3930.85,4039.93,3195.95,2941.50,4507.02,4046.81,3225.88,4317.35,4904.54,4291.53,4881.82,4214.84,4329.81,3404.29,2553.19,2032.36,2116.65,1481.59,1464.91,1539.96,1997.85,1191.14,2405.97,2294.51,3535.28,4136.72,5571.48,6636.64,6190.16,10037.87,9581.25,7726.67,7164.23,6501.83,5782.61
98669,98714,98691.5,4530.89,175.55,5.16,1.32,206.86,4976.72,4406.33,3076.17,3154.27,1278.21,1252.22,1591.32,2641.30,3181.79,2022.78,2924.23,3744.51,4339.22,3933.19,4605.30,5392.27,4494.07,4479.44,4254.76,4406.45,4013.63,3710.18,2752.13,1963.01,1378.91,1328.05,1290.32,1350.39,1004.78,2219.02,2230.65,1836.99,2831.96,3399.50,4590.62,3243.30,4789.11,6612.50,5829.68,5535.80,4492.51,4871.03,3353.09
98728,98773,98750.5,3525.68,121.80,3.47,1.32,0.00,1826.87,795.55,1091.44,900.87,1953.87,1434.35,2217.29,2251.37,2531.01,1863.84,2883.66,4025.43,3878.26,4015.13,4036.82,4533.51,5198.83,5273.06,4319.03,3504.38,2918.61,2726.12,2004.24,1285.44,916.32,681.78,1315.81,1239.69,1102.79,1416.09,2561.85,2475.32,2074.98,2477.68,3284.74,2682.85,3206.92,4501.03,3735.86,3551.75,2713.83,3296.29,2117.16
98787,98832,98809.5,3328.94,86.47,2.39,1.32,1252.49,0.00,1662.70,4634.14,1018.53,2776.81,2293.61,4433.92,2649.41,3948.00,3417.59,4299.77,3911.88,4645.82,4237.41,3446.92,3674.17,3670.43,3388.53,2907.32,2978.50,2405.82,2055.96,1509.22,1089.97,1203.61,1077.35,1339.32,1788.86,1133.88,881.48,1871.99,1480.41,1911.00,1639.04,2024.89,2353.29,2131.96,2896.78,2502.88,2342.44,2391.72,1799.32,1446.87
98846,98891,98868.5,4846.87,115.95,2.95,1.32,1252.72,1660.78,819.34,2191.93,1670.03,1488.20,4478.37,4084.53,3506.08,3749.52,4102.44,5282.36,6956.93,5671.97,7440.98,6359.92,6745.67,6095.53,5554.71,5190.77,4840.77,3558.02,2510.20,2297.28,2051.18,2621.48,2600.63,2941.52,3471.54,2813.43,3604.48,3633.51,2946.22,3047.23,3499.93,3611.37,3160.67,3191.65,3507.68,2576.38,2532.79,2209.18,2039.18,1530.78
98905,98950,98927.5,2106.54,39.53,0.97,1.43,0.00,1369.27,1350.51,539.56,1386.88,1388.91,1461.84,1608.67,2561.07,2537.11,2872.98,4115.06,3031.58,2825.39,3063.85,2829.92,2574.19,2778.98,2078.82,1789.28,2219.36,1103.91,1370.65,1116.29,1013.28,732.17,870.87,916.62,752.29,1033.91,1370.64,1214.79,1419.44,1133.21,1106.24,1296.79,781.65,1130.40,1072.65,1061.63,655.64,685.66,776.97,410.32
98964,99009,98986.5,1870.36,25.89,0.59,1.50,0.00,2553.77,3529.42,2001.42,4061.13,1815.10,2254.09,2405.25,2363.95,2674.21,3384.63,2779.99,1750.97,2097.76,1822.86,1771.77,735.55,1163.48,967.73,781.39,930.90,1059.00,1259.08,943.83,970.76,635.32,1024.98,874.19,782.66,572.75,1073.97,1195.64,1156.79,859.34,1016.84,677.02,858.94,566.82,610.05,430.13,515.37,376.69,357.24,188.69
99023,99068,99045.5,327.91,9.72,0.24,1.60,0.00,0.00,0.00,0.01,0.00,0.00,234.33,275.12,65.99,311.76,444.86,0.00,0.00,348.04,174.29,128.06,204.55,296.48,382.77,443.19,400.49,436.82,241.59,465.70,206.01,239.37,280.66,356.28,496.23,395.38,432.97,428.32,310.39,282.98,400.73,228.80,240.34,243.20,234.16,335.05,167.13,149.17,115.80,44.31
99082,99127,99104.5,392.44,12.82,0.32,1.64,0.00,0.00,0.00,672.52,0.00,0.00,0.01,517.99,36.51,126.20,105.39,88.88,101.22,242.76,68.83,112.30,229.44,310.53,84.09,450.04,407.54,560.78,672.83,605.18,571.05,328.51,413.04,134.70,274.30,504.82,377.96,522.68,624.24,518.61,411.05,398.39,502.64,283.42,233.94,236.48,191.70,184.62,234.96,169.01
99141,99186,99163.5,379.72,14.95,0.38,1.64,0.00,0.00,0.00,0.00,0.00,0.01,0.03,0.02,0.02,0.05,104.90,0.00,0.38,0.34,0.00,204.73,283.57,136.42,94.70,224.44,147.51,600.89,604.56,592.23,879.30,714.21,533.28,260.07,524.74,751.14,436.39,628.14,536.13,548.70,531.39,398.59,452.21,359.46,359.05,283.34,243.67,218.28,173.78,219.54
99200,99245,99222.5,240.36,9.42,0.25,1.64,0.00,0.00,0.00,0.00,0.01,0.01,0.01,0.06,0.00,0.00,115.03,0.00,55.59,168.04,130.35,130.98,128.03,148.74,7.29,575.21,109.44,191.69,252.34,481.39,318.52,207.76,243.64,394.78,461.40,85.50,329.02,358.19,292.03,172.79,436.60,341.74,220.28,197.56,308.27,153.32,196.71,168.54,155.29,57.18
99259,99304,99281.5,301.02,9.25,0.23,1.64,0.00,0.00,0.00,0.00,0.01,0.00,0.02,0.00,167.05,0.00,0.00,195.30,149.91,184.01,158.36,121.92,193.81,171.45,394.43,360.78,454.30,546.36,416.41,697.50,234.99,255.30,424.59,494.47,426.06,541.78,367.55,409.24,166.56,225.41,158.71,373.34,128.29,184.17,159.15,305.66,128.05,161.54,97.38,81.27
99318,99363,99340.5,401.22,12.91,0.32,1.64,0.00,0.00,0.00,0.00,0.01,0.01,139.25,372.17,0.00,0.00,105.73,261.19,261.67,369.91,215.41,173.97,345.28,186.57,356.62,357.22,304.62,450.57,464.41,379.98,770.59,620.54,478.87,551.80,645.30,548.77,617.90,492.71,253.98,280.74,472.85,221.42,239.27,225.08,517.46,275.75,286.43,272.52,153.66,116.27
99377,99422,99399.5,465.63,13.36,0.32,1.65,0.00,0.00,0.00,0.00,0.00,0.01,177.31,0.00,166.26,259.99,317.26,0.00,134.39,165.06,583.04,261.77,439.17,240.19,315.08,527.38,548.50,605.36,651.52,766.31,844.33,715.54,582.23,771.38,475.21,565.14,626.33,701.21,135.63,486.06,559.93,374.88,311.75,344.64,243.91,279.73,127.90,219.06,206.66,47.74
99436,99481,99458.5,482.82,12.72,0.30,1.65,0.00,1222.92,0.00,0.00,0.00,303.37,0.02,0.00,0.00,124.26,114.35,90.79,148.63,118.80,299.46,199.54,124.30,462.40,481.45,735.78,301.65,460.76,700.88,820.45,884.02,733.55,907.15,539.18,672.40,653.14,329.69,430.78,456.25,565.30,433.15,395.06,295.60,354.31,190.00,309.51,133.02,128.09,135.57,68.99
99495,99540,99517.5,348.18,10.11,0.26,1.65,0.00,0.00,540.47,0.00,0.01,0.00,0.00,0.00,148.88,0.00,218.40,371.21,206.98,528.51,275.36,357.75,380.01,51.80,215.24,277.32,391.64,286.75,401.92,473.84,640.20,622.06,430.80,402.94,302.73,305.75,336.74,163.55,147.39,519.44,185.50,73.10,330.81,315.74,278.43,370.81,192.10,68.40,126.47,153.54
99554,99599,99576.5,497.19,22.38,0.64,1.64,0.00,0.00,0.00,0.00,0.00,0.00,0.04,0.07,0.09,0.16,0.49,0.00,0.21,0.00,0.00,200.95,278.26,188.17,492.70,545.34,776.47,707.13,699.89,444.13,1080.83,776.58,660.68,634.83,698.22,685.60,574.09,545.36,609.82,731.24,581.37,199.14,578.17,213.46,354.30,452.93,568.03,380.68,420.37,511.72
99613,99658,99635.5,732.23,44.98,1.40,1.64,0.00,0.00,0.00,0.00,0.01,349.45,0.02,0.04,0.04,0.00,105.33,0.00,0.00,103.67,246.24,125.95,223.48,296.13,528.40,356.48,441.42,527.51,728.80,672.19,1089.96,603.55,969.24,888.82,932.06,1035.63,863.85,546.66,793.62,841.33,793.60,600.86,947.04,780.38,499.57,1157.82,1058.12,1485.12,1120.58,967.57
99672,99717,99694.5,728.69,54.58,1.75,1.64,0.00,0.00,0.00,0.00,0.00,0.01,0.02,0.01,0.02,126.20,0.00,0.00,0.31,64.26,0.00,196.77,205.54,74.92,171.80,276.14,316.48,562.09,541.62,617.31,322.69,792.74,621.86,753.74,544.66,986.74,794.72,651.03,1092.45,657.43,647.64,687.71,1252.62,1194.69,835.59,1821.13,1674.32,1295.14,1203.55,1155.20
99731,99776,99753.5,911.69,74.96,2.41,1.64,0.00,0.00,657.46,0.00,0.00,0.01,0.00,0.03,0.03,0.03,105.79,0.36,0.00,74.59,52.71,226.67,0.00,202.88,90.36,187.61,255.95,239.42,427.04,649.89,307.42,543.73,211.90,755.66,665.52,851.89,822.76,1080.75,824.24,621.98,979.61,1090.19,1799.73,2011.54,2114.84,2551.38,2339.36,2028.30,1517.71,1521.15
99790,99835,99812.5,916.60,75.96,2.49,1.64,0.00,0.00,0.00,0.00,0.00,0.01,0.00,186.80,0.00,126.80,0.10,0.12,0.00,140.64,56.29,53.56,0.00,152.67,12.84,204.81,346.16,283.08,541.49,810.69,610.55,426.88,679.58,853.72,522.99,648.15,869.01,1065.03,1262.67,1211.68,1579.66,1742.50,1173.07,981.33,1149.82,2040.96,2086.77,1690.45,2136.01,2053.53
99849,99894,99871.5,961.32,77.68,2.53,1.65,0.00,203.03,548.65,0.00,0.00,0.01,0.00,394.86,0.00,0.00,0.00,98.87,164.19,212.89,118.56,92.63,0.00,53.51,52.08,167.85,290.76,444.98,362.14,617.26,565.66,764.65,706.07,592.09,873.79,639.42,607.08,1155.78,1029.77,1267.15,942.41,882.93,1189.83,2103.14,1482.95,2521.58,2139.02,2362.48,1999.09,1376.59
