Data/Raw/MOORE,RICHARD/FIREXAQ-LARGE-SMPS_DC8_20190829_R0.ict
88,1001
Richard Moore, Elizabeth Wiggins, Edward Winstead, Claire Robinson, Lee Thornhill, and Kevin Sanchez
NASA Langley Research Center
In-situ Submicron Particle Size Distributions from a SMPS on the NASA DC-8
FIREXAQ
1,1
2019,08,29,2020,03,10
0
Time_start,Secs after midnight,Time of acquisition
50
1,1,1,1,1,1,1,1,1,1,1,1,1,1,1,1,1,1,1,1,1,1,1,1,1,1,1,1,1,1,1,1,1,1,1,1,1,1,1,1,1,1,1,1,1,1,1,1,1,1
-9999,-9999,-9999,-9999,-9999,-9999,-9999,-9999,-9999,-9999,-9999,-9999,-9999,-9999,-9999,-9999,-9999,-9999,-9999,-9999,-9999,-9999,-9999,-9999,-9999,-9999,-9999,-9999,-9999,-9999,-9999,-9999,-9999,-9999,-9999,-9999,-9999,-9999,-9999,-9999,-9999,-9999,-9999,-9999,-9999,-9999,-9999,-9999,-9999,-9999
Time_stop,Secs after midnight,Time of acquisition
Time_mid,Secs after midnight,Time of acquisition
nSMPS_stdPT,#/cm3,AerMP_NumConc_InSitu_RHd_Mobility_NucltoAccu_STP,integrated_number_density
sSMPS_stdPT,um2/cm3,AerMP_SurfAreaConc_InSitu_RHd_Mobility_NucltoAccu_STP,integrated_surface_area
vSMPS_stdPT,um3/cm3,AerMP_VolConc_InSitu_RHd_Mobility_NucltoAccu_STP,integrated_volume
SMPS_stdPT, unitless, None, conversion between ambient PT and standard PT (1013, 273)
SMPS_bin00_stdPT,#/cm3,AerMP_NumSizeDist_InSitu_RHd_Mobility_NucltoAccu_STP,Binned number size distribution (in dNdlogDp) measured by the SMPS
SMPS_bin01_stdPT,#/cm3,AerMP_NumSizeDist_InSitu_RHd_Mobility_NucltoAccu_STP,Binned number size distribution (in dNdlogDp) measured by the SMPS
SMPS_bin02_stdPT,#/cm3,AerMP_NumSizeDist_InSitu_RHd_Mobility_NucltoAccu_STP,Binned number size distribution (in dNdlogDp) measured by the SMPS
SMPS_bin03_stdPT,#/cm3,AerMP_NumSizeDist_InSitu_RHd_Mobility_NucltoAccu_STP,Binned number size distribution (in dNdlogDp) measured by the SMPS
SMPS_bin04_stdPT,#/cm3,AerMP_NumSizeDist_InSitu_RHd_Mobility_NucltoAccu_STP,Binned number size distribution (in dNdlogDp) measured by the SMPS
SMPS_bin05_stdPT,#/cm3,AerMP_NumSizeDist_InSitu_RHd_Mobility_NucltoAccu_STP,Binned number size distribution (in dNdlogDp) measured by the SMPS
SMPS_bin06_stdPT,#/cm3,AerMP_NumSizeDist_InSitu_RHd_Mobility_NucltoAccu_STP,Binned number size distribution (in dNdlogDp) measured by the SMPS
SMPS_bin07_stdPT,#/cm3,AerMP_NumSizeDist_InSitu_RHd_Mobility_NucltoAccu_STP,Binned number size distribution (in dNdlogDp) measured by the SMPS
SMPS_bin08_stdPT,#/cm3,AerMP_NumSizeDist_InSitu_RHd_Mobility_NucltoAccu_STP,Binned number size distribution (in dNdlogDp) measured by the SMPS
SMPS_bin09_stdPT,#/cm3,AerMP_NumSizeDist_InSitu_RHd_Mobility_NucltoAccu_STP,Binned number size distribution (in dNdlogDp) measured by the SMPS
SMPS_bin10_stdPT,#/cm3,AerMP_NumSizeDist_InSitu_RHd_Mobility_NucltoAccu_STP,Binned number size distribution (in dNdlogDp) measured by the SMPS
SMPS_bin11_stdPT,#/cm3,AerMP_NumSizeDist_InSitu_RHd_Mobility_NucltoAccu_STP,Binned number size distribution (in dNdlogDp) measured by the SMPS
SMPS_bin12_stdPT,#/cm3,AerMP_NumSizeDist_InSitu_RHd_Mobility_NucltoAccu_STP,Binned number size distribution (in dNdlogDp) measured by the SMPS
SMPS_bin13_stdPT,#/cm3,AerMP_NumSizeDist_InSitu_RHd_Mobility_NucltoAccu_STP,Binned number size distribution (in dNdlogDp) measured by the SMPS
SMPS_bin14_stdPT,#/cm3,AerMP_NumSizeDist_InSitu_RHd_Mobility_NucltoAccu_STP,Binned number size distribution (in dNdlogDp) measured by the SMPS
[...]
UNCERTAINTY:  20%
ULOD_FLAG: -7777
ULOD_VALUE: N/A
LLOD_FLAG: -8888
LLOD_VALUE: N/A
DM_CONTACT_INFO: Lee Thornhill (Kenneth.L.Thornhill@nasa.gov)
PROJECT_INFO: FIREX-AQ
STIPULATIONS_ON_USE: No stipulations on use. The user is encouraged to contact the PI or DM prior to use.
OTHER_COMMENTS: Midpoint diameters of Bins 00 to 43 are: 0.011,0.012,0.013,0.014,0.015,0.016,0.017,0.018,0.019,0.021,0.022,0.024,0.026,0.028,0.030,0.032,0.035,0.037,0.040,0.043,0.046,0.050,0.053,0.057,0.061,0.066,0.071,0.076,0.082,0.088,0.095,0.102,0.109,0.118,0.126,0.136,0.146,0.157,0.168,0.181,0.194,0.209,0.225,0.241
REVISION: R0
R0: Final Data. Data are corrected for time lags and ammonium sulfate size calibrations.
*******************************************************************************************************************************
Time_start,Time_stop,Time_mid,nSMPS_stdPT,sSMPS_stdPT,vSMPS_stdPT,SMPS_stdPT,SMPS_bin00_stdPT,SMPS_bin01_stdPT,SMPS_bin02_stdPT,SMPS_bin03_stdPT,SMPS_bin04_stdPT,SMPS_bin05_stdPT,SMPS_bin06_stdPT,SMPS_bin07_stdPT,SMPS_bin08_stdPT,SMPS_bin09_stdPT,SMPS_bin10_stdPT,SMPS_bin11_stdPT,SMPS_bin12_stdPT,SMPS_bin13_stdPT,SMPS_bin14_stdPT,SMPS_bin15_stdPT,SMPS_bin16_stdPT,SMPS_bin17_stdPT,SMPS_bin18_stdPT,SMPS_bin19_stdPT,SMPS_bin20_stdPT,SMPS_bin21_stdPT,SMPS_bin22_stdPT,SMPS_bin23_stdPT,SMPS_bin24_stdPT,SMPS_bin25_stdPT,SMPS_bin26_stdPT,SMPS_bin27_stdPT,SMPS_bin28_stdPT,SMPS_bin29_stdPT,SMPS_bin30_stdPT,SMPS_bin31_stdPT,SMPS_bin32_stdPT,SMPS_bin33_stdPT,SMPS_bin34_stdPT,SMPS_bin35_stdPT,SMPS_bin36_stdPT,SMPS_bin37_stdPT,SMPS_bin38_stdPT,SMPS_bin39_stdPT,SMPS_bin40_stdPT,SMPS_bin41_stdPT,SMPS_bin42_stdPT,SMPS_bin43_stdPT
[from data line 133]
68809,68854,68831.5,1245.42,7.95,0.11,2.38,0.00,0.00,0.00,0.00,5821.77,811.37,2614.52,2702.41,1078.02,982.83,620.29,1638.94,2288.71,1948.62,1198.34,1710.36,997.39,1719.79,1380.28,1078.00,1422.48,1900.47,1143.03,1024.82,1339.17,858.70,377.58,724.58,572.14,510.52,396.03,218.05,112.48,105.33,131.55,36.76,115.46,0.00,69.70,36.91,49.61,38.14,4.78,73.63
68868,68913,68890.5,1155.15,8.30,0.11,2.38,0.00,0.00,0.00,0.00,1502.72,811.86,1141.58,3675.85,2592.45,650.09,1009.53,2370.36,846.75,2073.12,745.52,1197.14,1567.77,2271.87,1476.10,1636.71,1578.94,1025.55,1194.51,1113.67,966.04,966.77,811.44,748.01,656.66,692.93,398.97,378.07,194.55,135.72,54.23,144.36,100.80,72.49,36.49,23.34,74.65,0.00,0.00,0.00
68927,68972,68949.5,1215.31,9.22,0.14,2.38,0.00,0.00,0.00,0.00,0.00,0.00,2062.85,2605.98,3301.56,1444.19,1979.12,1596.22,1617.99,1972.07,1791.34,1695.18,1393.22,1834.01,930.27,1751.52,1939.29,1558.94,1324.99,1407.52,1147.22,689.32,866.68,640.97,957.52,569.76,424.12,239.19,254.20,214.05,311.51,45.79,33.96,73.89,36.23,0.00,37.16,75.21,0.00,0.00
68986,69031,69008.5,1159.82,8.91,0.14,2.38,0.00,0.00,0.00,0.00,0.00,0.00,1719.65,1427.63,2288.30,633.44,2510.44,2044.56,2108.06,2711.60,2012.08,2414.50,1536.29,1277.92,1643.75,852.92,1720.60,1795.20,931.29,1402.04,1378.97,409.72,1042.90,782.07,410.37,438.00,266.32,271.18,126.29,261.34,110.06,85.38,97.70,78.22,0.00,143.88,0.00,37.73,82.09,34.32
69045,69090,69067.5,1670.56,9.88,0.15,2.38,0.00,0.00,0.00,0.00,3895.01,5848.24,3528.43,4042.17,2109.58,2683.73,3086.10,1568.12,1759.17,1854.92,2425.38,1605.71,2663.39,1423.57,1823.28,1659.02,996.91,1481.72,1080.58,1256.72,945.03,442.31,838.94,1049.35,739.02,688.06,494.04,430.97,114.67,268.85,148.89,27.13,188.18,108.65,0.00,8.39,50.00,0.00,0.00,0.00
69104,69149,69126.5,1467.97,9.56,0.13,2.27,0.00,0.00,0.00,0.00,2402.31,2264.87,1618.27,4423.79,2594.49,2798.65,3166.90,2272.22,1492.08,1761.45,1229.00,1564.42,1866.87,1217.60,1609.02,1068.44,1552.17,1719.40,1667.43,1421.77,1009.51,1216.92,954.20,639.07,674.57,478.92,513.91,262.66,470.69,379.96,298.60,117.64,103.12,34.99,34.85,35.55,0.00,0.00,0.00,0.00
69163,69208,69185.5,1489.69,7.58,0.11,2.14,0.00,0.00,0.00,3010.60,1616.93,2969.68,3401.94,2207.65,1372.41,1936.72,2506.19,3623.40,3328.79,2343.01,2059.54,2715.92,1395.59,1830.30,2234.67,1281.31,1374.96,1074.31,835.80,847.72,394.96,263.47,655.37,451.75,231.52,266.25,498.58,185.20,33.99,121.93,123.40,30.11,72.10,61.27,65.66,97.70,32.82,33.40,45.55,0.00
69222,69267,69244.5,1414.80,8.04,0.11,2.02,0.00,0.00,0.00,2410.08,448.96,2607.17,1534.51,3277.10,3036.66,2318.22,1257.30,3284.87,2751.63,1272.75,1832.02,1795.11,1648.92,1791.60,2386.30,1810.03,1555.64,1428.69,1273.77,897.18,790.48,786.44,568.21,507.73,292.54,247.79,233.41,107.16,179.21,169.95,140.09,85.33,138.65,152.70,102.76,30.22,91.07,0.00,31.28,0.00
69281,69326,69303.5,1304.15,9.27,0.15,1.91,0.00,0.00,5984.66,2609.49,1539.19,688.95,354.56,1027.71,925.00,671.32,1240.53,962.32,1570.52,1267.09,1855.56,1995.64,2038.87,1685.24,1913.99,1564.05,1406.50,1699.62,1416.15,1006.88,1042.03,870.82,678.18,582.53,528.99,526.14,270.40,443.22,420.57,332.41,137.37,91.09,68.65,23.28,0.00,76.68,0.00,84.81,45.19,14.88
69340,69385,69362.5,913.02,7.10,0.11,1.83,0.00,0.00,0.00,0.00,232.44,1240.41,657.89,0.00,1131.69,533.38,990.79,2007.85,863.90,1918.36,2039.97,1945.02,2166.56,1965.84,1593.20,1109.53,999.92,1425.53,1251.47,948.63,690.70,412.79,434.21,522.15,334.59,325.29,188.42,344.83,148.56,42.24,121.83,232.87,106.34,26.69,47.90,119.69,27.53,0.00,37.97,0.00
69399,69444,69421.5,1130.02,10.75,0.20,1.74,0.00,0.00,0.00,542.14,2165.96,2184.19,1195.18,638.48,923.92,1498.58,1550.35,1438.04,1571.21,1758.99,1885.71,1288.04,1254.05,2242.45,1693.46,1160.95,1399.67,981.09,805.63,1030.33,621.68,688.62,558.84,661.40,696.03,612.92,655.34,485.67,347.12,500.84,342.18,29.46,214.02,58.12,16.60,76.21,110.54,80.00,27.06,16.76
69458,69503,69480.5,930.05,8.62,0.16,1.64,0.00,3107.30,989.65,0.00,844.14,697.20,475.02,1201.87,555.35,614.34,1264.92,1149.11,1129.33,1019.41,1226.22,1065.34,1031.94,1202.37,1323.29,1240.50,1167.01,1133.92,1071.17,915.60,825.69,650.21,264.48,475.30,216.97,245.68,411.74,306.84,448.56,321.33,271.91,259.18,156.34,59.30,125.28,30.38,41.61,49.00,69.72,81.23
69517,69562,69539.5,1213.03,21.52,0.51,1.58,0.00,2791.26,0.00,1313.76,1843.22,613.19,773.15,0.00,311.22,250.70,1000.76,441.59,950.29,635.18,1446.95,1521.33,1442.42,1516.47,1537.31,1573.01,1774.06,1541.03,1695.99,1397.52,1381.86,799.65,752.82,1060.94,1021.80,805.78,960.21,1070.54,631.81,505.95,165.90,367.05,249.75,320.86,342.38,478.98,448.71,366.45,391.62,197.97
69576,69621,69598.5,1812.13,40.76,1.03,1.52,0.00,0.00,681.30,1043.45,1173.52,267.24,469.51,1246.00,558.34,594.50,567.00,2192.08,966.92,2111.71,1883.16,2146.36,2337.28,2509.09,2585.09,2866.69,2839.39,2540.13,2100.30,1945.97,1944.72,2177.29,1429.03,1894.04,1455.81,1346.67,997.50,1328.50,1029.79,873.58,1005.91,450.31,1012.69,637.91,917.64,941.18,784.69,605.51,658.11,357.01
69635,69680,69657.5,1729.69,61.28,1.82,1.47,0.00,0.00,0.00,0.00,1230.60,0.00,674.22,349.99,279.53,799.13,823.22,1245.22,898.17,1569.59,1327.22,1836.45,1609.30,2002.11,2518.73,2135.83,2478.86,2471.50,2105.10,2039.55,2831.02,2230.02,1388.34,1912.80,1576.36,1243.23,1151.72,1178.84,641.46,453.89,362.22,649.00,783.00,568.33,1364.64,1879.25,1700.67,1574.66,1102.55,1214.05
69694,69739,69716.5,1487.45,64.29,1.86,1.42,0.00,0.00,0.00,0.02,0.00,235.11,0.00,0.00,267.93,649.02,429.44,740.66,773.64,1577.29,886.48,1298.21,1477.25,1483.91,1234.68,1620.77,1831.73,1790.67,1599.94,2109.24,1743.54,1605.78,1230.15,1627.39,1453.73,1226.02,956.17,887.37,904.82,438.39,553.85,1170.50,1161.80,1456.05,2061.11,2357.47,2195.64,1778.48,1425.44,1358.76
69753,69798,69775.5,1750.87,55.29,1.47,1.37,0.00,0.00,0.00,0.00,0.00,730.99,531.72,354.75,626.07,630.87,1294.94,1119.18,991.99,1382.81,1268.96,2007.55,1969.72,1875.70,1990.86,2089.57,2420.92,2273.03,1889.22,2291.14,2139.21,2078.44,1896.64,1721.21,1698.05,1508.75,1511.94,1271.15,1267.57,762.55,1208.89,1282.14,1067.15,871.69,1616.51,1583.81,1376.17,1321.77,1127.34,976.98
69812,69857,69834.5,1204.00,52.31,1.49,1.32,0.00,0.00,570.46,0.00,304.82,0.00,363.47,281.53,110.17,387.17,396.21,246.77,374.10,457.82,640.92,707.93,948.22,1418.07,842.18,1561.71,1215.51,1342.94,1347.95,1462.55,1095.62,846.68,1233.71,1388.42,1251.71,1040.88,1498.37,1236.20,980.72,1115.60,685.31,863.06,830.46,704.29,1727.54,1556.49,1681.95,1426.00,1310.80,1073.60
69871,69916,69893.5,1765.20,107.53,3.29,1.27,1689.42,1671.14,710.02,1395.66,609.64,232.90,0.00,575.84,288.84,45.38,223.64,112.37,214.64,166.71,463.27,489.65,762.44,855.48,785.35,842.17,946.28,1260.42,1318.78,1148.37,858.65,903.09,911.00,1018.77,1001.56,1138.33,1490.77,1245.74,1449.93,772.86,2127.72,1724.34,2335.47,2754.83,3965.07,3749.73,3344.98,3750.24,2545.46,2589.54
69930,69975,69952.5,16545.96,982.85,27.78,1.22,676.39,5317.52,2285.86,1320.88,1521.88,2639.64,1542.20,2285.59,984.70,1094.30,990.62,1174.82,1199.05,863.17,993.29,1240.08,738.72,1635.67,2094.90,3754.53,3071.07,4525.69,6355.67,7133.69,6773.98,12071.48,21598.67,23315.13,25617.08,26325.46,29045.09,23278.55,21495.67,28067.06,26862.49,22050.05,19373.87,30962.70,37236.78,32361.65,27838.43,23027.83,19543.67,15768.14
69989,70034,70011.5,4536.74,235.49,6.63,1.21,2068.85,0.00,898.94,1616.59,1495.18,942.88,1445.29,817.78,671.40,301.63,581.51,347.03,574.89,550.32,731.26,1083.52,916.70,1775.82,1768.51,2262.44,2982.41,3039.26,2859.43,3615.70,4714.18,4286.46,5745.68,6463.93,5801.62,3451.54,6388.25,6443.45,3342.08,1468.87,5691.60,6613.02,5063.78,7588.53,9852.38,8292.14,7545.54,5127.91,4302.65,3644.61
70048,70093,70070.5,2873.00,134.05,3.92,1.20,4779.25,1990.43,4732.66,1505.90,831.46,0.00,694.22,722.99,1040.07,902.09,739.37,408.08,962.89,1149.12,503.46,837.21,350.53,928.56,1393.99,2269.32,948.20,1630.31,1676.59,2698.84,1922.22,2160.13,2697.14,1413.04,424.96,809.70,4861.13,4276.49,1375.19,2008.87,3765.20,2739.46,1067.36,4065.53,4558.20,5092.00,4218.43,3094.55,3192.24,2859.84
70107,70152,70129.5,2509.06,116.52,3.40,1.20,4448.85,1298.39,830.21,1260.43,1754.72,1326.86,1596.75,1055.98,775.07,912.98,933.95,714.89,743.80,799.31,850.49,1295.45,1285.04,1036.05,988.58,1122.55,1070.05,1640.27,1439.25,2098.36,2080.50,2362.48,1434.85,1862.65,1294.44,1446.98,1111.78,841.30,1349.31,2632.77,2698.16,2622.12,2764.73,4277.38,4399.96,3699.36,3548.28,2808.45,2625.30,2369.74
70166,70211,70188.5,4559.25,135.42,3.75,1.20,5783.01,4397.07,3126.95,2933.52,1336.66,1542.68,1520.21,1721.65,1925.21,1725.44,2231.94,2141.20,2024.15,2464.93,3627.33,3040.26,4255.48,4794.21,5280.12,5264.49,3843.51,4065.53,5628.11,3922.28,1698.74,257.93,218.41,1237.35,585.13,2758.90,2769.96,3965.04,4334.36,4765.38,5105.53,4784.95,2206.91,2430.13,3215.76,3095.41,3156.69,2951.17,3631.80,2733.16
70225,70270,70247.5,4599.00,110.40,3.17,1.19,5812.56,11488.04,3770.01,7491.75,4621.96,2895.12,789.92,1453.87,2160.89,2378.80,2349.77,1850.59,1062.46,3410.40,3770.33,4289.81,4206.76,3437.63,3257.78,3023.75,2505.97,2147.15,2844.88,2691.54,2362.63,1163.20,1328.39,1285.69,3215.27,2586.16,3229.55,3736.31,2612.16,1183.65,673.49,1094.82,2235.06,2174.15,2988.01,2265.64,3048.81,3502.21,3042.10,2667.29
70284,70329,70306.5,2298.83,109.21,3.36,1.20,2935.19,1152.83,1798.27,2460.34,1344.00,775.73,1253.28,627.87,1349.46,894.21,728.31,828.19,1360.72,713.09,690.71,912.78,973.36,460.51,1230.12,1570.36,1836.45,982.84,1448.05,1079.53,1071.44,607.95,1474.86,1571.92,1734.93,3652.21,2907.37,2886.70,501.56,469.80,1202.72,1165.65,598.82,1529.07,4008.96,3161.41,3934.45,3519.52,3119.58,3176.53
70343,70388,70365.5,2254.44,116.46,3.48,1.19,0.00,577.21,1824.97,1451.87,1421.45,1389.02,718.58,974.02,1404.94,1067.17,390.10,771.64,449.03,260.78,187.35,1767.46,1577.72,1266.03,1538.59,1591.08,1206.42,951.04,489.05,372.32,1977.80,1945.07,2675.36,3235.78,1666.28,371.81,0.00,449.57,1521.62,2055.08,2348.75,1485.23,2492.09,4104.79,4533.53,3782.17,3628.35,3619.23,3198.65,2105.12
70402,70447,70424.5,2955.43,123.49,3.58,1.19,1525.98,1992.87,1314.55,965.53,1764.44,1652.63,1871.91,1790.02,1614.02,2035.50,975.82,982.29,1246.42,816.37,842.47,1505.44,1398.25,1303.80,1737.83,2158.33,2107.30,1761.44,1803.17,2095.44,2546.06,2350.61,2303.72,2145.35,1209.89,1315.32,834.63,662.57,2822.98,2976.77,3309.06,2938.53,3104.95,3395.62,4331.37,4466.06,2963.62,3120.68,2407.95,2930.07
70461,70506,70483.5,3394.00,114.18,3.34,1.19,1039.88,4772.31,3581.05,2803.29,4269.88,2751.32,3315.43,5077.79,3266.22,2333.86,1303.95,1068.18,1488.80,777.17,1164.64,1513.73,1202.33,1778.44,1710.53,1530.40,1106.07,1439.88,1827.31,886.49,1402.35,2105.22,3051.50,1840.43,2200.17,2573.54,1935.44,1713.46,1740.16,1608.17,1894.40,2350.64,2490.92,2861.27,3115.83,3668.98,3569.77,2981.23,3015.11,2560.45
70521,70566,70543.5,2655.74,111.23,3.22,1.19,6875.36,2213.29,2571.68,1755.05,0.00,140.29,1639.48,1914.88,1808.68,772.68,1034.32,913.89,891.94,888.45,640.15,660.45,951.76,1257.09,1505.50,757.21,995.89,1715.19,1682.18,1458.11,877.19,1420.08,2164.95,2148.11,2572.44,2599.47,2379.79,2388.79,2425.78,1271.79,1154.57,2607.55,2761.92,2366.18,4026.10,4199.00,3760.71,2480.59,2405.47,2281.49
70579,70624,70601.5,23884.64,1049.08,27.35,1.19,851.70,3734.27,3825.35,1666.39,2005.56,1717.58,1409.63,1131.72,991.91,1021.09,938.36,561.73,1508.38,2190.74,3805.80,3698.60,5297.85,8718.33,9240.05,12543.53,19339.30,21482.87,13582.99,18730.08,24047.38,27297.58,31740.88,43352.43,38636.04,37327.68,55001.19,46149.70,27917.78,29265.43,33684.21,35342.61,24387.39,20620.25,31253.37,29174.39,23886.94,18506.37,19982.67,13148.01
70638,70683,70660.5,14260.84,146.16,3.92,1.19,60984.23,39507.56,28921.52,20963.04,11147.57,11612.36,6396.70,2723.53,3922.26,2180.02,3357.23,4125.69,4317.03,2557.06,4750.82,5284.02,6914.40,7863.19,6833.41,7282.19,4586.85,3953.26,5033.50,4635.85,2599.51,1470.96,2110.60,2727.77,2536.89,2092.80,5706.00,7578.71,5100.58,2734.19,1648.47,1861.17,1646.42,755.26,2949.59,4514.54,4628.30,4200.99,3332.30,2675.39
70698,70743,70720.5,3917.42,133.88,3.91,1.19,8763.95,7722.04,2855.20,1014.99,263.70,386.52,1086.30,2863.36,2654.83,1773.16,788.27,1390.60,2335.35,1153.56,1760.20,5392.77,5477.47,3700.40,2003.71,2403.23,3647.22,2788.81,2495.49,776.54,897.10,2387.71,2310.30,681.61,1969.25,1985.19,2642.13,3787.12,3208.06,378.08,516.43,2451.14,2140.21,2881.90,3533.36,5779.99,5696.98,4006.58,3286.55,2110.90
70757,70802,70779.5,3867.41,131.40,3.69,1.19,2072.49,0.00,1744.29,2421.61,2920.01,1767.90,1884.48,1276.97,1215.45,1817.95,1873.80,1316.36,2178.91,3524.05,4363.41,4221.26,4725.74,4334.26,3165.21,3701.96,3818.20,4164.59,3573.11,3188.25,2682.62,2885.36,2898.26,2264.19,2434.66,2347.20,2056.73,965.19,808.66,1702.53,1549.30,3018.98,4127.80,5258.21,4754.63,4117.21,3457.36,3008.68,2734.33,2469.49
70816,70861,70838.5,18789.05,738.12,19.00,1.19,21113.51,14152.81,8464.28,3633.60,3815.49,2661.36,2085.99,2287.32,1259.79,875.19,1135.72,936.86,1056.38,1157.51,642.35,835.65,2802.45,3463.74,2546.87,6128.04,10903.10,9052.53,14361.45,27843.56,27408.30,21638.87,21349.17,25850.87,24779.87,23333.59,28753.53,28848.81,25772.23,24883.83,25001.53,23107.74,20399.14,21420.10,23232.60,18725.81,15497.40,12254.61,11287.83,9314.22
70875,70920,70897.5,5189.79,131.67,3.50,1.19,14257.41,9701.02,8254.09,5672.97,3815.84,714.15,1330.20,1044.81,569.62,1915.00,712.62,675.15,819.22,1256.03,1888.44,1131.04,1165.03,1126.42,1219.54,533.66,465.09,1021.17,526.10,2655.31,5190.00,4092.06,2527.67,4702.18,5288.18,5642.33,5859.72,6023.62,4205.60,2205.28,4039.70,4169.64,1972.32,2351.58,2795.22,4369.74,3052.69,2275.04,2902.75,2206.68
70934,70979,70956.5,3812.93,109.73,3.11,1.19,13036.80,8688.19,3643.12,2720.99,2589.51,3603.13,2202.92,1679.65,2393.71,1422.08,1743.38,1146.52,1194.71,1111.79,845.34,1083.70,799.24,1060.94,1203.75,1254.20,1744.73,1197.55,1221.94,2138.45,2368.55,1815.32,1019.59,1625.50,2568.96,1111.15,413.80,2564.49,2788.93,2182.58,2149.14,2211.88,3347.03,3282.40,3744.42,4144.55,3544.97,3014.52,2099.85,1511.26
70993,71038,71015.5,3681.90,137.29,3.85,1.20,8541.95,5364.03,4110.29,2367.84,2521.00,2126.65,1235.16,872.18,1063.93,1275.11,967.11,894.40,772.23,987.03,476.74,1238.69,388.87,782.34,1248.57,1928.88,1577.64,744.64,2694.79,2393.79,1617.66,2444.59,2583.03,2029.28,2714.12,3953.80,3132.80,2659.68,3088.71,4389.92,3694.08,2684.69,3573.81,4840.21,4313.88,3622.15,3977.30,3389.33,3028.06,2085.92
71052,71097,71074.5,5129.56,100.48,2.98,1.19,28708.78,14765.19,13363.75,7171.60,3874.52,2246.43,2264.40,2517.82,1786.09,1550.08,1385.44,1455.08,1215.93,861.71,1431.53,2558.18,1843.94,1758.68,2591.43,1678.01,2282.91,1958.70,2281.99,943.04,156.60,933.40,3643.58,2666.63,1936.21,1117.27,2723.44,2131.12,1531.39,1063.35,1065.65,942.47,1140.69,3134.97,2908.61,2037.31,1887.03,2742.10,3441.45,3108.31
71111,71156,71133.5,4222.76,99.24,2.69,1.21,3767.97,2703.18,4585.84,1559.00,2908.76,2182.44,1242.32,1531.02,2043.46,1483.15,1837.38,3612.64,1879.66,3004.28,5670.45,4499.65,3896.44,4919.11,4453.16,5148.63,6000.27,5083.93,4090.67,3444.49,2756.70,2351.06,1720.61,1423.06,2493.58,2943.22,2761.01,2955.50,1768.46,1258.31,1436.76,1178.43,1280.35,2104.01,2843.25,2887.29,2763.62,2614.08,2475.46,1695.64
71170,71215,71192.5,3144.20,125.05,3.58,1.22,4617.99,2493.08,1736.41,1843.93,565.05,507.97,2016.61,868.52,814.90,937.28,1356.74,663.66,1260.06,1482.19,1700.01,2382.73,2078.15,2400.36,2712.36,3063.00,2494.89,2584.99,2249.66,2488.18,2116.52,1912.62,1690.09,2916.87,2255.26,2255.94,2353.59,2275.09,3078.07,1943.33,2193.84,2125.13,2088.28,3581.42,4375.04,4571.61,3560.50,3418.28,2770.47,2312.29
