Data/Raw/MOORE,RICHARD/FIREXAQ-LARGE-SMPS_DC8_20190903_R0.ict
88,1001
Richard Moore, Elizabeth Wiggins, Edward Winstead, Claire Robinson, Lee Thornhill, and Kevin Sanchez
NASA Langley Research Center
In-situ Submicron Particle Size Distributions from a SMPS on the NASA DC-8
FIREXAQ
1,1
2019,09,03,2020,03,10
0
Time_start,Secs after midnight,Time of acquisition
50
1,1,1,1,1,1,1,1,1,1,1,1,1,1,1,1,1,1,1,1,1,1,1,1,1,1,1,1,1,1,1,1,1,1,1,1,1,1,1,1,1,1,1,1,1,1,1,1,1,1
-9999,-9999,-9999,-9999,-9999,-9999,-9999,-9999,-9999,-9999,-9999,-9999,-9999,-9999,-9999,-9999,-9999,-9999,-9999,-9999,-9999,-9999,-9999,-9999,-9999,-9999,-9999,-9999,-9999,-9999,-9999,-9999,-9999,-9999,-9999,-9999,-9999,-9999,-9999,-9999,-9999,-9999,-9999,-9999,-9999,-9999,-9999,-9999,-9999,-9999
Time_stop,Secs after midnight,Time of acquisition
Time_mid,Secs after midnight,Time of acquisition
nSMPS_stdPT,#/cm3,AerMP_NumConc_InSitu_RHd_Mobility_NucltoAccu_STP,integrated_number_density
sSMPS_stdPT,um2/cm3,AerMP_SurfAreaConc_InSitu_RHd_Mobility_NucltoAccu_STP,integrated_surface_area
vSMPS_stdPT,um3/cm3,AerMP_VolConc_InSitu_RHd_Mobility_NucltoAccu_STP,integrated_volume
SMPS_stdPT, unitless, None, conversion between ambient PT and standard PT (1013, 273)
SMPS_bin00_stdPT,#/cm3,AerMP_NumSizeDist_InSitu_RHd_Mobility_NucltoAccu_STP,Binned number size distribution (in dNdlogDp) measured by the SMPS
SMPS_bin01_stdPT,#/cm3,AerMP_NumSizeDist_InSitu_RHd_Mobility_NucltoAccu_STP,Binned number size distribution (in dNdlogDp) measured by the SMPS
SMPS_bin02_stdPT,#/cm3,AerMP_NumSizeDist_InSitu_RHd_Mobility_NucltoAccu_STP,Binned number size distribution (in dNdlogDp) measured by the SMPS
SMPS_bin03_stdPT,#/cm3,AerMP_NumSizeDist_InSitu_RHd_Mobility_NucltoAccu_STP,Binned number size distribution (in dNdlogDp) measured by the SMPS
SMPS_bin04_stdPT,#/cm3,AerMP_NumSizeDist_InSitu_RHd_Mobility_NucltoAccu_STP,Binned number size distribution (in dNdlogDp) measured by the SMPS
SMPS_bin05_stdPT,#/cm3,AerMP_NumSizeDist_InSitu_RHd_Mobility_NucltoAccu_STP,Binned number size distribution (in dNdlogDp) measured by the SMPS
SMPS_bin06_stdPT,#/cm3,AerMP_NumSizeDist_InSitu_RHd_Mobility_NucltoAccu_STP,Binned number size distribution (in dNdlogDp) measured by the SMPS
SMPS_bin07_stdPT,#/cm3,AerMP_NumSizeDist_InSitu_RHd_Mobility_NucltoAccu_STP,Binned number size distribution (in dNdlogDp) measured by the SMPS
SMPS_bin08_stdPT,#/cm3,AerMP_NumSizeDist_InSitu_RHd_Mobility_NucltoAccu_STP,Binned number size distribution (in dNdlogDp) measured by the SMPS
SMPS_bin09_stdPT,#/cm3,AerMP_NumSizeDist_InSitu_RHd_Mobility_NucltoAccu_STP,Binned number size distribution (in dNdlogDp) measured by the SMPS
SMPS_bin10_stdPT,#/cm3,AerMP_NumSizeDist_InSitu_RHd_Mobility_NucltoAccu_STP,Binned number size distribution (in dNdlogDp) measured by the SMPS
SMPS_bin11_stdPT,#/cm3,AerMP_NumSizeDist_InSitu_RHd_Mobility_NucltoAccu_STP,Binned number size distribution (in dNdlogDp) measured by the SMPS
SMPS_bin12_stdPT,#/cm3,AerMP_NumSizeDist_InSitu_RHd_Mobility_NucltoAccu_STP,Binned number size distribution (in dNdlogDp) measured by the SMPS
SMPS_bin13_stdPT,#/cm3,AerMP_NumSizeDist_InSitu_RHd_Mobility_NucltoAccu_STP,Binned number size distribution (in dNdlogDp) measured by the SMPS
SMPS_bin14_stdPT,#/cm3,AerMP_NumSizeDist_InSitu_RHd_Mobility_NucltoAccu_STP,Binned number size distribution (in dNdlogDp) measured by the SMPS
[...]
UNCERTAINTY:  20%
ULOD_FLAG: -7777
ULOD_VALUE: N/A
LLOD_FLAG: -8888
LLOD_VALUE: N/A
DM_CONTACT_INFO: Lee Thornhill (Kenneth.L.Thornhill@nasa.gov)
PROJECT_INFO: FIREX-AQ
STIPULATIONS_ON_USE: No stipulations on use. The user is encouraged to contact the PI or DM prior to use.
OTHER_COMMENTS: Midpoint diameters of Bins 00 to 43 are: 0.011,0.012,0.013,0.014,0.015,0.016,0.017,0.018,0.019,0.021,0.022,0.024,0.026,0.028,0.030,0.032,0.035,0.037,0.040,0.043,0.046,0.050,0.053,0.057,0.061,0.066,0.071,0.076,0.082,0.088,0.095,0.102,0.109,0.118,0.126,0.136,0.146,0.157,0.168,0.181,0.194,0.209,0.225,0.241
REVISION: R0
R0: Final Data. Data are corrected for time lags and ammonium sulfate size calibrations.
*******************************************************************************************************************************
Time_start,Time_stop,Time_mid,nSMPS_stdPT,sSMPS_stdPT,vSMPS_stdPT,SMPS_stdPT,SMPS_bin00_stdPT,SMPS_bin01_stdPT,SMPS_bin02_stdPT,SMPS_bin03_stdPT,SMPS_bin04_stdPT,SMPS_bin05_stdPT,SMPS_bin06_stdPT,SMPS_bin07_stdPT,SMPS_bin08_stdPT,SMPS_bin09_stdPT,SMPS_bin10_stdPT,SMPS_bin11_stdPT,SMPS_bin12_stdPT,SMPS_bin13_stdPT,SMPS_bin14_stdPT,SMPS_bin15_stdPT,SMPS_bin16_stdPT,SMPS_bin17_stdPT,SMPS_bin18_stdPT,SMPS_bin19_stdPT,SMPS_bin20_stdPT,SMPS_bin21_stdPT,SMPS_bin22_stdPT,SMPS_bin23_stdPT,SMPS_bin24_stdPT,SMPS_bin25_stdPT,SMPS_bin26_stdPT,SMPS_bin27_stdPT,SMPS_bin28_stdPT,SMPS_bin29_stdPT,SMPS_bin30_stdPT,SMPS_bin31_stdPT,SMPS_bin32_stdPT,SMPS_bin33_stdPT,SMPS_bin34_stdPT,SMPS_bin35_stdPT,SMPS_bin36_stdPT,SMPS_bin37_stdPT,SMPS_bin38_stdPT,SMPS_bin39_stdPT,SMPS_bin40_stdPT,SMPS_bin41_stdPT,SMPS_bin42_stdPT,SMPS_bin43_stdPT
[from data line 124]
64749,64794,64771.5,0.00,0.00,0.00,2.48,0.00,0.00,0.00,0.00,0.00,0.00,0.00,0.00,0.00,0.00,0.00,0.00,0.00,0.00,0.00,0.00,0.00,0.00,0.00,0.00,0.00,0.00,0.00,0.00,0.00,0.00,0.00,0.00,0.00,0.00,0.00,0.00,0.00,0.00,0.00,0.00,0.00,0.00,0.00,0.00,0.00,0.00,0.00,0.00
64808,64853,64830.5,0.00,0.00,0.00,2.42,0.00,0.00,0.00,0.00,0.00,0.00,0.00,0.00,0.00,0.00,0.00,0.00,0.00,0.00,0.00,0.00,0.00,0.00,0.00,0.00,0.00,0.00,0.00,0.00,0.00,0.00,0.00,0.00,0.00,0.00,0.00,0.00,0.00,0.00,0.00,0.00,0.00,0.00,0.00,0.00,0.00,0.00,0.00,0.00
64867,64912,64889.5,0.00,0.00,0.00,2.27,0.00,0.00,0.00,0.00,0.00,0.00,0.00,0.00,0.00,0.00,0.00,0.00,0.00,0.00,0.00,0.00,0.00,0.00,0.00,0.00,0.00,0.00,0.00,0.00,0.00,0.00,0.00,0.00,0.00,0.00,0.00,0.00,0.00,0.00,0.00,0.00,0.00,0.00,0.00,0.00,0.00,0.00,0.00,0.00
64926,64971,64948.5,0.00,0.00,0.00,2.13,0.00,0.00,0.00,0.00,0.00,0.00,0.00,0.00,0.00,0.00,0.00,0.00,0.00,0.00,0.00,0.00,0.00,0.00,0.00,0.00,0.00,0.00,0.00,0.00,0.00,0.00,0.00,0.00,0.00,0.00,0.00,0.00,0.00,0.00,0.00,0.00,0.00,0.00,0.00,0.00,0.00,0.00,0.00,0.00
64985,65030,65007.5,0.00,0.00,0.00,2.01,0.00,0.00,0.00,0.00,0.00,0.00,0.00,0.00,0.00,0.00,0.00,0.00,0.00,0.00,0.00,0.00,0.00,0.00,0.00,0.00,0.00,0.00,0.00,0.00,0.00,0.00,0.00,0.00,0.00,0.00,0.00,0.00,0.00,0.00,0.00,0.00,0.00,0.00,0.00,0.00,0.00,0.00,0.00,0.00
65044,65089,65066.5,0.00,0.00,0.00,1.87,0.00,0.00,0.00,0.00,0.00,0.00,0.00,0.00,0.00,0.00,0.00,0.00,0.00,0.00,0.00,0.00,0.00,0.00,0.00,0.00,0.00,0.00,0.00,0.00,0.00,0.00,0.00,0.00,0.00,0.00,0.00,0.00,0.00,0.00,0.00,0.00,0.00,0.00,0.00,0.00,0.00,0.00,0.00,0.00
65103,65148,65125.5,0.00,0.00,0.00,1.77,0.00,0.00,0.00,0.00,0.00,0.00,0.00,0.00,0.00,0.00,0.00,0.00,0.00,0.00,0.00,0.00,0.00,0.00,0.00,0.00,0.00,0.00,0.00,0.00,0.00,0.00,0.00,0.00,0.00,0.00,0.00,0.00,0.00,0.00,0.00,0.00,0.00,0.00,0.00,0.00,0.00,0.00,0.00,0.00
65162,65207,65184.5,0.00,0.00,0.00,1.67,0.00,0.00,0.00,0.00,0.00,0.00,0.00,0.00,0.00,0.00,0.00,0.00,0.00,0.00,0.00,0.00,0.00,0.00,0.00,0.00,0.00,0.00,0.00,0.00,0.00,0.00,0.00,0.00,0.00,0.00,0.00,0.00,0.00,0.00,0.00,0.00,0.00,0.00,0.00,0.00,0.00,0.00,0.00,0.00
65222,65267,65244.5,94534.30,342.34,8.19,1.60,0.00,825604.75,497730.25,367695.88,241658.45,188095.61,139821.58,100927.78,78329.06,59926.29,65238.26,48642.70,40547.95,39588.74,34431.32,28503.52,25258.15,24183.33,20198.21,17982.23,16047.83,14386.88,12009.00,12117.71,10517.63,9556.73,9048.88,8632.60,8054.50,8650.93,7283.27,5848.02,5253.39,4598.14,3251.97,1937.84,3467.53,1722.99,2579.52,5747.38,6181.28,6401.58,5699.42,6379.76
65281,65326,65303.5,84890.79,351.16,8.47,1.55,0.00,680350.38,457923.31,278203.91,204963.91,172527.47,144435.83,106418.89,91330.00,72188.70,55142.53,41662.40,40987.27,34585.20,32036.06,25976.99,24838.25,21164.67,19240.35,19927.45,16868.87,14671.46,14264.59,11195.09,11288.57,10234.93,10154.78,8612.17,8337.41,7739.62,6844.71,6336.29,6025.89,4719.56,4120.74,3884.96,4502.19,3644.19,3214.54,6392.10,6592.42,6347.85,5491.35,5474.74
65340,65385,65362.5,106037.74,243.08,4.77,1.46,880966.88,602958.75,450471.00,288611.09,188145.72,151685.05,129202.91,105636.62,85186.70,70611.95,57392.61,49461.79,42813.74,33760.73,29339.49,24476.46,23309.48,17174.86,14396.02,12562.11,13317.69,10709.85,10239.51,9215.10,8570.45,8114.82,7598.05,6319.93,5743.53,6415.88,5603.28,5112.19,4543.94,3071.59,1643.05,1835.12,2125.67,1188.35,2556.30,4159.45,4507.70,4515.18,3735.57,4201.91
65399,65444,65421.5,57652.00,159.30,3.40,1.41,519218.56,332576.84,238176.36,145127.11,106505.19,88043.27,66990.29,44457.57,41707.79,30078.20,25425.78,21972.25,17950.93,15464.84,14637.48,12996.80,10971.41,10300.96,9613.34,7686.62,6285.74,5486.92,5807.04,5376.02,4594.63,4191.60,3834.52,4103.27,3311.19,4397.37,3445.73,2911.82,2802.49,2190.79,2459.44,2379.77,2205.81,1745.39,3262.42,3112.55,2951.05,2933.90,2439.64,2733.66
65458,65503,65480.5,60009.78,164.57,3.55,1.36,546507.12,321078.34,243542.66,159501.39,110100.31,84524.73,70555.95,55234.59,49201.21,34102.48,30967.41,24632.21,18417.06,17278.81,15719.54,12660.97,12170.82,9820.83,8823.11,7702.57,6888.72,6151.06,6177.75,5334.91,5088.28,5453.48,5116.05,4036.24,4165.22,3134.05,3377.04,3040.41,2051.35,2150.90,1905.73,1872.63,1240.42,1506.67,3173.59,3335.40,3388.29,3255.63,3198.59,2728.57
65517,65562,65539.5,35705.67,105.03,2.45,1.30,320970.25,193761.56,133769.73,102382.09,73721.05,48537.43,39573.26,35043.48,27958.23,17493.39,17841.74,14404.18,13687.94,11500.37,9135.29,7989.69,7670.15,6868.38,5263.29,6077.06,3789.98,3372.66,3164.43,3185.65,2832.45,2989.22,2543.09,2183.97,2546.17,1372.73,1814.60,1009.73,793.82,733.78,351.54,918.69,476.20,638.27,2154.58,2259.95,2515.45,2476.75,2568.49,2240.41
65576,65621,65598.5,83381.63,753.98,18.26,1.24,306549.44,237658.69,150855.73,102676.16,73142.70,52124.76,47002.26,37307.75,42983.12,50583.00,54085.64,55819.79,61061.88,58810.04,65379.46,64219.44,67175.80,69343.00,66225.31,60015.32,56185.41,46079.70,41906.44,35906.84,32460.36,34905.98,32218.47,27441.33,21935.96,19436.13,17037.28,17795.39,13394.32,11081.40,9434.99,11037.96,12239.05,13529.12,17782.73,14674.45,14733.48,15197.57,14372.07,15095.25
65635,65680,65657.5,136711.62,451.63,11.83,1.20,796717.62,519351.28,366532.59,263300.97,209803.00,164502.67,111375.45,84200.07,72306.17,60828.37,50409.11,42268.33,31506.73,28312.54,24387.38,21241.29,20338.57,19016.02,15666.30,14410.20,12770.95,12295.38,10365.92,10137.76,9143.19,8152.55,7328.95,7070.71,7605.02,6048.06,4596.60,3554.26,528.02,0.00,1623.74,3344.22,2482.36,6263.90,11637.51,11795.99,12290.29,12342.16,11613.08,12144.99
65694,65739,65716.5,567185.31,2193.53,53.42,1.18,3243385.75,1863010.75,1034476.12,790919.19,847533.31,696181.06,534193.00,525689.06,474899.44,336781.84,196238.34,245416.16,341022.19,300335.62,223343.11,190809.38,152912.56,141561.50,114734.16,94596.71,81232.12,67079.27,83821.97,98128.46,98524.44,89571.58,75658.41,75712.21,59813.19,40777.01,38704.32,34304.80,7295.69,0.00,7102.08,12172.47,11602.77,27063.21,49207.58,46562.94,53677.97,51012.91,52509.71,51681.86
65901,65946,65923.5,546542.12,1565.34,36.32,1.18,3050283.00,2048622.62,1395814.00,866238.25,711636.69,566638.62,408933.00,267066.09,279143.78,303959.62,246779.38,152608.83,114346.52,123103.79,131573.80,126645.23,112777.48,80787.84,71206.14,69836.23,62755.61,61346.17,62257.93,57763.98,43802.48,34060.19,31910.51,29949.93,29170.88,21265.93,19680.08,24524.55,20019.23,26016.48,28900.40,27518.97,14243.94,19349.20,33992.23,31391.99,30986.23,28718.63,32302.39,34394.62
65963,66008,65985.5,757094.12,3082.68,77.10,1.18,3949133.50,2262715.50,1799342.50,1603412.25,1144886.75,765317.19,730474.31,729838.56,561581.94,334891.16,199984.09,217224.08,241160.44,223557.86,207004.83,203095.61,222901.05,183864.41,133476.03,78510.66,83523.56,126147.80,116648.84,86241.94,94035.57,117887.35,99969.63,66185.88,60641.33,80302.95,91445.43,83025.07,36035.34,37258.46,44881.28,27063.98,1562.19,19785.49,57252.42,57842.21,61631.77,73787.30,85071.00,79911.48
66022,66067,66044.5,1006860.25,1843.99,37.16,1.18,7228578.50,5032828.00,2986887.50,2003535.00,1271276.62,813880.62,588733.88,528894.62,465868.97,342461.00,218772.80,306685.50,347580.09,248531.55,159117.95,137210.91,175787.17,156791.05,111067.91,84639.68,97278.72,85090.80,60877.72,52645.06,51634.47,47892.13,44357.43,39268.50,42801.14,31575.20,19364.82,13456.86,16275.01,15697.36,10815.95,14221.85,19114.63,28655.55,39775.35,33679.02,31979.46,29389.11,31238.63,33046.06
66081,66126,66103.5,582651.31,2296.42,58.47,1.18,3044775.00,1972105.88,1631150.75,1094836.25,807972.00,720966.31,500551.69,424422.03,390928.91,315268.50,265008.94,233381.72,193482.53,157806.78,131879.55,127597.15,111035.21,81307.41,76188.65,71575.48,60381.70,62368.99,59160.22,51159.53,48929.26,51238.36,56050.67,55250.36,51453.91,43417.22,47623.76,45352.25,27039.90,22874.46,25226.85,24779.62,13931.17,29098.18,54267.08,52960.94,52059.92,52875.11,58650.11,57436.80
66140,66185,66162.5,1043349.12,2125.98,43.17,1.18,6535441.50,4863139.00,3163525.00,2355972.25,1570464.75,1103517.38,933351.69,700146.06,582806.38,534003.44,415504.38,337629.38,281685.62,216383.59,205926.81,189187.34,149812.08,122566.58,110686.77,96799.47,87490.31,81563.83,74047.88,75541.01,71630.59,52035.66,46483.23,44315.93,39679.04,22949.26,18065.03,32827.52,26407.54,20652.78,29890.35,32742.54,33206.85,36067.95,46527.25,38183.35,32387.70,33579.19,34210.02,34530.64
66199,66244,66221.5,493002.09,1379.96,30.02,1.18,2164717.25,1731514.38,1431888.00,1024361.25,1071933.00,859327.94,522587.66,386817.66,348371.50,309734.97,258540.89,221246.73,211869.30,207161.66,174955.62,119538.23,80674.63,70583.67,64588.11,68910.84,73655.14,69069.08,62510.70,45717.66,29807.19,28071.54,31701.97,32176.78,30773.63,33075.11,34357.19,23900.21,10958.42,9285.39,14241.44,18862.16,20209.44,21566.54,26591.17,26292.16,26962.00,27953.36,24920.62,23202.70
66258,66303,66280.5,570145.25,1212.17,25.36,1.18,3594585.00,1771326.00,1235235.88,975081.88,669162.19,504160.97,491042.22,408172.19,274416.25,188485.55,225280.25,189806.00,129225.59,94098.12,107812.41,104153.98,74644.27,58609.47,77924.57,77056.38,70282.01,59409.95,60315.04,55536.42,46329.85,38631.21,34620.84,29247.21,31754.44,27324.05,23145.16,18887.89,10652.30,7353.22,5957.18,3053.01,6061.44,20231.31,27550.92,25100.68,21977.43,21639.76,21455.66,21655.83
66318,66363,66340.5,264744.09,569.18,11.71,1.18,1441943.12,917071.88,705543.06,516585.75,362743.38,270257.97,239839.97,205240.20,163145.45,119603.81,102457.29,88105.13,76584.30,75865.98,56970.81,51979.20,49148.93,40862.39,34450.14,30264.10,23492.62,22193.57,19313.11,17566.20,15917.01,15265.20,16498.84,13900.79,12200.90,12192.73,9389.76,9247.61,5786.10,5334.83,6518.61,6688.62,4649.62,9796.79,11245.40,11043.99,10308.45,9634.79,9186.02,9504.25
66377,66422,66399.5,154559.91,436.34,9.81,1.18,860589.69,594745.62,403611.28,281060.06,244300.62,188367.27,137604.64,114168.23,93933.00,76112.25,67149.69,55636.60,44579.69,43345.29,36298.36,32171.87,29497.41,24547.98,22208.68,18719.46,17492.74,15529.27,14514.93,13869.30,12703.71,14301.61,13209.64,13678.13,11768.58,8497.55,8640.05,6899.68,4360.31,1860.72,2782.62,4164.00,5950.90,8693.40,10682.23,9099.43,9015.62,8281.44,8196.20,7861.95
66436,66481,66458.5,186564.88,451.11,9.74,1.18,1119067.12,846903.19,588137.25,345779.53,264130.81,194413.84,164510.47,118881.35,90690.84,84546.62,63088.47,53021.28,54138.27,45709.95,34539.05,31512.75,28247.43,24435.42,19755.02,23723.31,24807.20,20292.88,18706.81,18014.19,16654.62,14210.71,12148.84,12890.74,13412.94,9580.50,8371.86,7914.29,4600.24,4544.85,5526.46,5723.60,2324.33,5860.91,9694.64,8025.69,7277.93,6918.05,9612.65,9035.76
66495,66540,66517.5,140885.12,405.60,8.78,1.18,743831.12,481846.16,393530.59,285763.56,222776.52,198765.19,121663.12,105082.60,92729.80,82293.56,76425.23,67126.74,53996.06,42721.21,38596.11,33242.20,25865.46,23463.57,18377.81,21295.56,17778.99,15199.03,14414.32,15158.38,14658.36,12608.85,12895.31,9908.46,9792.70,9768.89,10449.46,8685.18,6698.74,5534.87,5807.33,5856.60,4076.90,5902.30,8177.23,7947.84,7754.20,7010.44,7006.42,6872.41
66554,66599,66576.5,141845.02,412.17,9.77,1.17,855257.94,612297.44,375630.94,255332.67,179236.06,148836.72,103118.39,80790.53,72345.52,59223.72,43262.02,40268.28,39121.86,32073.92,25524.39,32275.86,30597.54,21033.35,17208.26,19182.89,16084.45,14467.79,15771.52,15252.52,11439.53,8326.15,9510.28,6636.84,5557.98,7256.64,9285.41,8237.37,3677.99,3194.30,4152.89,3879.58,2349.89,6595.87,11006.93,8862.55,7885.34,8502.55,9663.79,8875.96
66613,66658,66635.5,173170.91,581.75,13.13,1.17,774907.00,612012.31,534099.00,426824.12,392539.44,269935.94,154991.45,100663.03,102994.09,103690.73,53119.57,40750.27,43280.48,45043.39,67962.16,69408.38,44814.29,28760.70,28975.65,26173.30,23014.59,31726.72,30868.30,28079.88,20122.54,16538.32,16934.26,19118.67,18216.39,12544.66,9545.07,7306.77,4401.21,5662.96,9327.26,9062.46,6494.25,7287.28,14678.07,14625.08,12786.17,9983.72,9553.92,10561.71
66672,66717,66694.5,185000.69,495.28,10.95,1.18,871899.94,610137.44,555036.19,388687.97,313683.00,239369.89,162104.47,133673.89,118150.78,127002.82,88158.52,62718.88,56009.82,57016.05,44504.76,38382.29,34678.41,38307.87,33208.94,28334.73,26765.74,22223.76,16837.20,16793.60,16177.21,14552.48,13315.21,11542.30,11217.04,11723.56,8670.81,6706.48,3742.87,2596.32,3897.15,3352.26,4732.99,7266.38,10356.98,10608.94,10509.90,10832.98,10034.69,8235.83
66731,66776,66753.5,203367.77,818.02,19.09,1.18,773923.94,549498.44,518330.97,521042.19,378079.22,283792.56,222036.17,183046.95,137774.47,123045.51,91732.65,68443.27,53551.88,52893.32,63965.14,56089.78,47804.29,43229.89,38915.86,36422.36,32369.90,32066.35,27292.45,25718.53,23836.89,22755.43,23148.31,20736.50,22399.55,21423.07,21165.93,15586.81,13055.34,10739.96,11035.87,11799.35,13892.47,19310.74,20435.24,18097.23,17283.24,16913.25,14510.49,12516.14
66790,66835,66812.5,179595.39,533.69,12.01,1.17,1083637.00,683370.62,474225.91,306275.03,235205.89,178530.05,138979.86,126956.08,112596.71,88048.15,68510.41,67802.73,57312.93,40968.93,37507.08,33050.69,26478.19,27661.98,26844.20,24247.52,20726.19,17326.47,15462.48,13459.31,11626.91,13301.24,13932.57,12876.02,11958.62,11104.34,10723.74,5923.65,1867.22,2172.11,5195.09,6316.93,6464.18,16112.27,17742.60,16467.70,14109.52,13301.57,11860.24,0.00
66849,66894,66871.5,415195.97,1088.74,20.98,1.15,1754758.25,1285298.00,1383905.62,1307796.50,943039.38,624190.50,437882.78,249432.88,166210.09,252744.42,232394.06,143740.30,127190.09,131582.84,129088.23,136143.03,125617.88,78971.29,53256.69,53690.23,58832.70,63699.43,55508.73,41744.91,39379.39,36614.99,46180.20,50783.32,42743.66,32364.12,27772.40,23808.76,19364.38,18410.98,15448.97,9360.06,6829.87,22156.73,18235.06,16662.76,20358.54,23774.75,23847.85,0.00
66908,66953,66930.5,338756.12,929.60,19.19,1.15,1868536.38,1390343.50,931290.25,609490.50,464697.69,353832.03,297560.91,278284.84,215523.42,158637.70,148174.81,130914.68,114281.87,88070.96,76036.84,73782.97,72019.38,65156.82,55731.87,51366.71,45420.07,44344.91,42085.20,39905.29,38449.93,35449.74,37056.23,35880.09,26120.73,18224.31,21004.30,16974.38,11884.04,11148.24,15151.98,11915.97,6238.74,19183.25,19604.18,17868.31,17635.18,21738.56,24558.78,0.00
66967,67012,66989.5,1933994.25,4228.33,77.91,1.15,11564872.00,7863042.50,5833054.00,4046850.50,3131302.50,2448426.75,1869631.88,1450243.25,1111163.75,818617.94,704775.31,623474.56,514477.00,564773.50,557583.88,426813.47,312568.06,314284.28,338281.25,327788.38,300489.72,274326.44,238877.09,226672.30,184911.55,148709.11,164988.53,172879.03,132233.39,93659.89,61026.94,45923.32,43781.53,46544.10,53013.91,39393.04,39524.82,103652.90,97672.80,78535.74,70517.23,75288.09,79827.02,0.00
67026,67071,67048.5,583647.62,692.02,9.91,1.15,4498270.00,2893389.00,1565459.75,972708.06,769869.62,644873.06,519041.31,372969.97,237916.38,141217.55,162820.03,154430.34,93797.38,64237.71,69689.27,64287.70,48478.37,47742.00,54541.18,48159.49,41456.48,32312.66,26770.68,14850.53,10645.97,14403.43,18256.75,21911.03,19280.57,16163.16,10355.96,6028.01,8927.89,8345.63,8730.93,8146.01,6933.89,11531.37,9895.89,10179.58,9797.78,8714.89,7629.87,0.00
67085,67130,67107.5,123531.82,324.97,6.60,1.15,659665.38,436915.94,339592.47,281716.91,239002.72,160021.69,106514.47,82115.09,71431.66,69025.85,50883.43,40153.12,30165.97,38645.05,42875.91,31833.58,22407.14,21550.18,22546.58,17937.10,14781.19,12166.10,11884.73,9455.89,7628.41,12462.15,13978.38,10263.09,6274.64,6338.16,7877.31,7621.38,4583.37,4234.34,4943.06,4442.56,3563.76,7095.41,8065.91,6834.15,6339.35,6733.25,7335.80,0.00
