Data/Raw/MOORE,RICHARD/FIREXAQ-LARGE-SMPS_DC8_20190823_R0.ict
88,1001
Richard Moore, Elizabeth Wiggins, Edward Winstead, Claire Robinson, Lee Thornhill, and Kevin Sanchez
NASA Langley Research Center
In-situ Submicron Particle Size Distributions from a SMPS on the NASA DC-8
FIREXAQ
1,1
2019,08,23,2020,03,10
0
Time_start,Secs after midnight,Time of acquisition
50
1,1,1,1,1,1,1,1,1,1,1,1,1,1,1,1,1,1,1,1,1,1,1,1,1,1,1,1,1,1,1,1,1,1,1,1,1,1,1,1,1,1,1,1,1,1,1,1,1,1
-9999,-9999,-9999,-9999,-9999,-9999,-9999,-9999,-9999,-9999,-9999,-9999,-9999,-9999,-9999,-9999,-9999,-9999,-9999,-9999,-9999,-9999,-9999,-9999,-9999,-9999,-9999,-9999,-9999,-9999,-9999,-9999,-9999,-9999,-9999,-9999,-9999,-9999,-9999,-9999,-9999,-9999,-9999,-9999,-9999,-9999,-9999,-9999,-9999,-9999
Time_stop,Secs after midnight,Time of acquisition
Time_mid,Secs after midnight,Time of acquisition
nSMPS_stdPT,#/cm3,AerMP_NumConc_InSitu_RHd_Mobility_NucltoAccu_STP,integrated_number_density
sSMPS_stdPT,um2/cm3,AerMP_SurfAreaConc_InSitu_RHd_Mobility_NucltoAccu_STP,integrated_surface_area
vSMPS_stdPT,um3/cm3,AerMP_VolConc_InSitu_RHd_Mobility_NucltoAccu_STP,integrated_volume
SMPS_stdPT, unitless, None, conversion between ambient PT and standard PT (1013, 273)
SMPS_bin00_stdPT,#/cm3,AerMP_NumSizeDist_InSitu_RHd_Mobility_NucltoAccu_STP,Binned number size distribution (in dNdlogDp) measured by the SMPS
SMPS_bin01_stdPT,#/cm3,AerMP_NumSizeDist_InSitu_RHd_Mobility_NucltoAccu_STP,Binned number size distribution (in dNdlogDp) measured by the SMPS
SMPS_bin02_stdPT,#/cm3,AerMP_NumSizeDist_InSitu_RHd_Mobility_NucltoAccu_STP,Binned number size distribution (in dNdlogDp) measured by the SMPS
SMPS_bin03_stdPT,#/cm3,AerMP_NumSizeDist_InSitu_RHd_Mobility_NucltoAccu_STP,Binned number size distribution (in dNdlogDp) measured by the SMPS
SMPS_bin04_stdPT,#/cm3,AerMP_NumSizeDist_InSitu_RHd_Mobility_NucltoAccu_STP,Binned number size distribution (in dNdlogDp) measured by the SMPS
SMPS_bin05_stdPT,#/cm3,AerMP_NumSizeDist_InSitu_RHd_Mobility_NucltoAccu_STP,Binned number size distribution (in dNdlogDp) measured by the SMPS
SMPS_bin06_stdPT,#/cm3,AerMP_NumSizeDist_InSitu_RHd_Mobility_NucltoAccu_STP,Binned number size distribution (in dNdlogDp) measured by the SMPS
SMPS_bin07_stdPT,#/cm3,AerMP_NumSizeDist_InSitu_RHd_Mobility_NucltoAccu_STP,Binned number size distribution (in dNdlogDp) measured by the SMPS
SMPS_bin08_stdPT,#/cm3,AerMP_NumSizeDist_InSitu_RHd_Mobility_NucltoAccu_STP,Binned number size distribution (in dNdlogDp) measured by the SMPS
SMPS_bin09_stdPT,#/cm3,AerMP_NumSizeDist_InSitu_RHd_Mobility_NucltoAccu_STP,Binned number size distribution (in dNdlogDp) measured by the SMPS
SMPS_bin10_stdPT,#/cm3,AerMP_NumSizeDist_InSitu_RHd_Mobility_NucltoAccu_STP,Binned number size distribution (in dNdlogDp) measured by the SMPS
SMPS_bin11_stdPT,#/cm3,AerMP_NumSizeDist_InSitu_RHd_Mobility_NucltoAccu_STP,Binned number size distribution (in dNdlogDp) measured by the SMPS
SMPS_bin12_stdPT,#/cm3,AerMP_NumSizeDist_InSitu_RHd_Mobility_NucltoAccu_STP,Binned number size distribution (in dNdlogDp) measured by the SMPS
SMPS_bin13_stdPT,#/cm3,AerMP_NumSizeDist_InSitu_RHd_Mobility_NucltoAccu_STP,Binned number size distribution (in dNdlogDp) measured by the SMPS
SMPS_bin14_stdPT,#/cm3,AerMP_NumSizeDist_InSitu_RHd_Mobility_NucltoAccu_STP,Binned number size distribution (in dNdlogDp) measured by the SMPS
[...]
UNCERTAINTY:  20%
ULOD_FLAG: -7777
ULOD_VALUE: N/A
LLOD_FLAG: -8888
LLOD_VALUE: N/A
DM_CONTACT_INFO: Lee Thornhill (Kenneth.L.Thornhill@nasa.gov)
PROJECT_INFO: FIREX-AQ
STIPULATIONS_ON_USE: No stipulations on use. The user is encouraged to contact the PI or DM prior to use.
OTHER_COMMENTS: Midpoint diameters of Bins 00 to 43 are: 0.011,0.012,0.013,0.014,0.015,0.016,0.017,0.018,0.019,0.021,0.022,0.024,0.026,0.028,0.030,0.032,0.035,0.037,0.040,0.043,0.046,0.050,0.053,0.057,0.061,0.066,0.071,0.076,0.082,0.088,0.095,0.102,0.109,0.118,0.126,0.136,0.146,0.157,0.168,0.181,0.194,0.209,0.225,0.241
REVISION: R0
R0: Final Data. Data are corrected for time lags and ammonium sulfate size calibrations.
*******************************************************************************************************************************
Time_start,Time_stop,Time_mid,nSMPS_stdPT,sSMPS_stdPT,vSMPS_stdPT,SMPS_stdPT,SMPS_bin00_stdPT,SMPS_bin01_stdPT,SMPS_bin02_stdPT,SMPS_bin03_stdPT,SMPS_bin04_stdPT,SMPS_bin05_stdPT,SMPS_bin06_stdPT,SMPS_bin07_stdPT,SMPS_bin08_stdPT,SMPS_bin09_stdPT,SMPS_bin10_stdPT,SMPS_bin11_stdPT,SMPS_bin12_stdPT,SMPS_bin13_stdPT,SMPS_bin14_stdPT,SMPS_bin15_stdPT,SMPS_bin16_stdPT,SMPS_bin17_stdPT,SMPS_bin18_stdPT,SMPS_bin19_stdPT,SMPS_bin20_stdPT,SMPS_bin21_stdPT,SMPS_bin22_stdPT,SMPS_bin23_stdPT,SMPS_bin24_stdPT,SMPS_bin25_stdPT,SMPS_bin26_stdPT,SMPS_bin27_stdPT,SMPS_bin28_stdPT,SMPS_bin29_stdPT,SMPS_bin30_stdPT,SMPS_bin31_stdPT,SMPS_bin32_stdPT,SMPS_bin33_stdPT,SMPS_bin34_stdPT,SMPS_bin35_stdPT,SMPS_bin36_stdPT,SMPS_bin37_stdPT,SMPS_bin38_stdPT,SMPS_bin39_stdPT,SMPS_bin40_stdPT,SMPS_bin41_stdPT,SMPS_bin42_stdPT,SMPS_bin43_stdPT
[from data line 174]
71587,71632,71609.5,3533.63,75.90,2.05,1.14,13455.31,5029.10,4323.12,3231.77,2319.76,2253.23,1800.66,2346.90,1632.85,1445.55,2455.52,1500.79,1387.54,1380.59,1448.93,1138.31,2170.62,2576.77,2235.49,2900.28,2153.43,1955.78,2017.59,2903.86,1635.49,1772.82,3634.92,2746.62,1819.40,1538.19,1245.73,1068.67,269.92,758.88,1720.29,1119.40,1715.43,2616.90,2615.59,1844.31,2338.47,2681.87,2404.85,0.00
71646,71691,71668.5,4344.66,207.23,5.50,1.14,3396.00,1829.33,356.72,795.31,712.30,1925.78,1539.11,1057.80,793.93,788.87,944.16,895.42,1190.01,1425.72,732.14,713.49,746.30,720.71,1026.11,723.12,1356.12,3168.10,4520.50,2676.30,4668.33,4284.42,1570.89,120.65,1646.29,4197.06,1586.15,5982.54,8393.66,8159.66,7930.49,6835.57,6996.73,8958.05,8275.14,7385.79,5883.82,4476.01,3427.01,0.00
71705,71750,71727.5,2719.09,89.27,2.46,1.18,4083.32,1421.99,1743.58,3028.72,1578.37,1816.91,1465.38,583.18,787.74,1335.81,1656.56,2469.73,1675.26,1635.36,2005.91,2233.31,1100.95,411.61,933.56,1661.92,1650.71,1458.20,3140.44,2093.57,2072.91,2158.33,2228.33,1847.94,1684.63,2880.89,3180.79,4929.47,3152.00,438.96,862.64,2899.37,1962.89,890.06,1347.94,2267.00,3328.06,2734.75,1905.19,1487.48
71764,71809,71786.5,1762.91,49.27,1.33,1.21,0.00,1728.72,1246.89,966.22,799.07,1125.24,851.10,557.96,962.89,716.10,1626.09,1239.10,1600.67,921.26,1913.28,1430.78,1361.75,1521.01,1517.37,1716.33,1632.38,1843.68,1789.25,2277.61,2388.44,1728.14,648.33,685.36,853.52,1343.27,900.65,699.55,886.82,787.76,761.44,1060.50,1271.40,1406.54,1785.81,1472.62,1290.49,1233.52,746.50,926.36
71823,71868,71845.5,1378.68,44.73,1.25,1.21,1032.36,844.21,750.60,304.92,231.99,366.43,0.00,248.26,670.36,1029.25,559.38,820.78,886.22,689.21,393.86,136.22,295.80,1465.08,992.76,1596.50,2960.96,2388.03,2204.52,1236.30,929.76,771.81,1022.19,769.38,921.51,971.88,841.61,302.93,969.32,552.77,413.55,708.59,764.64,1267.80,1596.72,1790.51,1400.54,1015.16,860.50,865.31
71882,71927,71904.5,1199.19,55.43,1.66,1.21,0.00,698.50,900.11,0.00,313.75,370.70,147.19,377.31,97.38,256.07,276.21,423.93,212.90,550.64,495.89,720.00,750.46,865.64,981.65,1005.17,1381.00,936.51,1220.04,1932.55,1451.39,1233.46,1847.60,1849.17,1567.74,375.71,497.10,1448.18,94.11,0.00,315.30,1413.71,642.17,639.51,1530.89,1794.25,2019.71,1810.49,1587.39,1342.54
71941,71986,71963.5,1682.90,64.30,1.81,1.21,685.92,0.00,275.97,709.63,612.60,205.85,480.96,458.28,1016.87,203.05,406.17,737.90,1081.71,1249.33,1754.83,1318.77,1142.01,1280.29,1215.23,1462.94,1569.59,2544.41,2162.47,1528.04,1636.80,1608.31,1611.89,1635.58,1990.41,1384.05,1752.52,1556.65,918.50,1053.77,263.00,1174.84,976.94,1582.03,1971.11,2329.09,2206.56,1498.46,1307.78,1291.80
72000,72045,72022.5,2970.19,133.35,3.68,1.21,0.00,1729.12,431.15,544.90,879.12,530.76,2183.72,1946.63,915.47,980.72,836.37,1394.78,848.23,815.33,1018.61,1207.27,1738.96,1639.60,1298.17,1340.21,1293.55,1879.84,2552.35,2044.63,2338.70,2801.75,2713.78,2373.16,2383.61,2237.90,2020.42,3695.95,3523.48,3242.68,4241.90,4164.37,3477.72,4217.66,4492.39,4605.15,3584.92,2838.10,2578.25,1817.75
72059,72104,72081.5,4891.23,311.44,9.46,1.22,2538.37,1272.71,1729.35,304.17,1762.86,696.64,1275.30,1527.30,1563.52,1327.96,689.69,893.65,642.67,836.20,735.33,836.42,707.78,675.23,911.32,1152.49,1269.88,1363.53,2802.37,3122.81,2386.90,3364.24,6690.38,5160.81,3072.75,5070.97,8224.82,4942.21,0.00,1239.57,8253.28,9811.43,4609.58,9468.82,12804.33,9875.00,6366.59,5984.97,8370.86,10184.18
72118,72163,72140.5,9428.05,589.11,16.62,1.22,1250.47,0.00,954.85,693.24,266.57,907.67,781.05,591.97,21.71,340.81,300.65,332.99,685.67,630.18,813.99,850.85,407.53,272.54,1105.73,566.40,1709.82,2156.33,4138.11,3593.50,7788.52,6820.44,5310.27,5173.09,15671.05,12662.80,6123.08,18384.73,24023.24,21653.17,17895.74,17542.38,15413.54,16563.45,18023.93,17572.56,17307.08,12902.08,11477.06,10016.85
72177,72222,72199.5,2468.55,57.73,1.57,1.21,2374.67,4411.85,3495.00,1992.19,3281.12,2317.96,2401.81,589.79,2367.96,1914.24,3802.45,1841.71,1095.83,1207.13,1230.78,1101.92,868.94,1368.92,1369.12,1342.37,1923.38,1875.60,1867.13,1539.79,1671.76,1529.70,1152.16,1142.33,1200.87,1092.26,780.95,980.27,800.64,1154.29,1188.11,1234.47,1650.17,1614.60,2152.03,1894.69,1567.97,1396.17,923.25,985.05
72236,72281,72258.5,3114.74,42.23,1.09,1.21,5304.02,4658.82,3522.65,5800.07,2333.86,2404.53,5871.54,4802.99,3562.81,2754.34,3157.63,1867.78,1452.50,2149.52,2109.62,1515.13,1776.21,1561.66,1277.96,752.81,1175.34,1274.20,1901.12,1467.62,1249.38,1103.10,863.06,465.43,162.57,412.55,1134.25,1694.30,761.76,383.92,813.10,1395.09,1271.04,1142.63,1753.62,1741.13,899.58,495.92,472.88,745.55
72295,72340,72317.5,5023.14,57.02,1.40,1.20,7230.60,5197.60,13861.81,7556.75,6329.75,5992.31,5615.80,5328.87,5494.04,4065.76,3945.24,3349.38,3803.57,3549.40,3361.73,3685.90,3938.83,3954.76,3351.35,2829.02,2822.75,2028.26,2235.45,2458.88,2275.69,2091.58,1515.80,1489.33,1076.96,909.03,1193.41,1316.81,1383.94,1343.14,1622.84,1552.41,1394.98,1288.34,1588.98,1629.50,1269.04,965.01,832.53,810.15
72354,72399,72376.5,2627.04,27.20,0.60,1.17,4498.63,2955.13,3265.80,3848.55,2952.39,3048.95,4430.62,3344.13,3193.14,2485.20,2788.22,2545.60,2766.07,3141.31,3369.23,2877.52,2521.40,2145.82,2252.07,1622.30,1480.01,1481.56,1507.92,1809.13,1533.89,1374.45,879.21,814.71,647.76,777.03,544.42,438.03,521.95,633.05,660.89,703.37,596.27,858.70,913.49,677.10,539.69,620.23,339.98,0.00
72413,72458,72435.5,871.04,34.49,0.96,1.14,0.00,0.00,0.00,267.10,0.01,671.55,425.28,171.96,222.25,123.76,284.34,204.45,664.53,553.55,438.74,689.74,467.89,500.57,469.21,478.32,547.24,890.79,846.55,1330.60,1191.68,702.46,365.67,611.34,255.70,173.61,333.90,796.72,431.98,650.92,912.89,901.81,715.76,988.79,1450.08,1207.01,1352.45,1081.97,876.50,0.00
72472,72517,72494.5,1034.57,24.82,0.63,1.14,1850.88,580.56,355.88,0.00,412.09,523.91,261.79,917.74,653.72,1408.77,393.79,972.67,1093.65,689.91,127.33,448.41,601.54,1007.83,951.12,1004.14,873.43,1209.17,1806.81,1677.57,1984.98,1301.55,768.62,505.19,206.49,352.29,508.50,278.94,365.33,506.38,657.90,347.30,637.52,706.06,1038.65,869.91,664.16,635.22,513.93,0.00
72531,72576,72553.5,3177.14,27.07,0.67,1.14,15874.38,12008.82,12079.43,5216.13,2036.31,1344.67,601.85,401.84,212.07,794.15,818.02,1196.34,721.38,717.83,790.91,705.99,610.54,958.43,526.37,712.52,1218.15,1317.67,1240.53,1323.31,1297.89,1149.69,1058.86,1114.84,611.48,476.62,421.97,273.64,336.07,350.56,502.67,506.24,664.51,916.89,1010.59,970.61,769.68,581.98,590.47,0.00
72590,72635,72612.5,976.17,26.09,0.65,1.14,706.27,0.00,0.00,0.00,0.00,162.33,275.70,212.56,753.93,380.45,253.05,563.41,477.74,1035.60,547.02,653.14,690.27,739.62,888.44,847.03,1153.36,1311.65,1373.85,1807.75,1366.61,1356.11,1130.64,900.15,585.39,449.07,410.03,580.14,538.49,602.99,788.40,762.50,556.79,918.10,912.66,619.95,661.36,486.46,682.17,0.00
72649,72694,72671.5,66381.96,2560.86,58.33,1.14,4884.23,2091.69,1550.15,1311.15,3305.68,1574.18,1933.99,2244.12,2405.29,2058.26,1780.27,1344.81,2700.26,3708.47,3569.06,5308.42,8874.17,9064.47,13613.10,22248.91,29115.57,35005.66,54765.55,57243.31,70496.48,86869.25,123630.82,124205.18,133720.20,146978.05,161123.91,157815.25,124994.82,130622.84,120521.90,106030.41,70584.25,74032.68,60530.40,49115.72,43594.65,35993.57,26574.83,0.00
72708,72753,72730.5,11180.24,218.13,4.74,1.14,7499.51,12866.39,11166.15,8480.81,7101.83,8326.01,5582.63,5265.37,5037.36,4903.56,4531.37,4704.87,3996.95,4760.46,6311.96,7031.14,7198.01,7189.80,6241.51,4037.62,5500.88,9991.76,15979.67,17905.29,13190.88,16095.40,17357.57,13139.55,9696.65,11095.55,10288.34,8117.95,7678.64,7355.73,7836.97,5436.67,5388.74,6831.92,5171.38,3771.79,3498.87,3025.27,3082.44,0.00
72767,72812,72789.5,7417.05,56.43,1.24,1.14,29444.09,21546.65,13443.67,14783.10,11502.17,8676.64,7800.10,6226.78,6452.94,6097.63,4463.60,4414.48,3058.00,2644.87,3169.00,3061.24,3002.66,3147.59,3484.74,2807.47,1866.87,2193.02,3325.46,2643.90,1996.19,1478.73,2863.97,3805.57,2913.55,2949.47,2324.51,1785.43,1382.24,1308.58,997.73,757.85,793.51,1465.15,1686.29,1500.27,1386.31,971.04,859.14,0.00
72826,72871,72848.5,8563.99,211.35,5.06,1.14,14274.58,13701.98,11450.83,6523.75,5687.68,6621.01,7121.09,4455.08,6046.84,5476.53,5315.91,5045.17,3462.74,3978.28,4182.67,4475.84,4678.83,4407.43,2958.42,2488.30,3046.32,3316.71,3378.54,3640.47,4151.58,4505.68,5278.33,7157.76,8870.99,10461.33,8550.92,8588.83,7779.30,8840.37,8482.03,7899.14,6963.84,7629.69,6588.64,5336.53,4449.45,3063.92,3027.17,0.00
72885,72930,72907.5,59067.93,2724.61,68.16,1.15,2594.13,3558.33,3752.14,4024.39,3502.62,3793.26,3164.99,4401.88,2594.88,3514.73,3695.55,3367.10,4742.23,6163.39,7612.99,9420.68,10694.32,14652.14,17508.60,17276.29,28778.51,40069.04,50667.99,51207.53,75418.27,70178.93,58769.07,63526.91,68645.29,79760.39,69141.92,107805.12,124415.17,123269.98,119833.96,101522.93,95850.90,102904.86,90396.20,76871.34,61162.78,51279.88,37862.16,0.00
72944,72989,72966.5,6164.96,197.82,4.82,1.14,9012.84,2124.82,2627.72,4121.79,1005.38,1953.33,3095.87,1338.67,1682.01,1442.38,1973.05,1590.86,548.79,1329.62,1828.90,1846.53,1570.45,2869.28,3230.94,4546.88,5278.04,5321.18,5442.63,6371.40,6827.63,5628.93,5853.87,4440.23,4218.20,5848.22,6170.66,8177.62,9490.91,10301.07,8474.82,5462.63,4653.99,8026.91,6644.41,5640.78,3935.95,3355.25,2894.80,0.00
73003,73048,73025.5,1532.76,59.54,1.57,1.14,0.00,583.63,776.05,0.00,468.00,414.37,894.99,819.80,735.89,460.21,951.18,735.20,444.14,819.25,685.54,824.05,997.65,1234.93,1069.75,909.27,1201.95,1580.22,1914.86,1102.74,835.82,988.01,1126.62,2043.98,1908.41,1023.35,1609.01,1687.25,1155.75,884.54,1633.26,1140.43,2125.96,2535.01,2206.36,2043.93,1802.42,1593.76,1080.86,0.00
73062,73107,73084.5,1543.21,31.31,0.79,1.14,6217.47,2340.52,1815.43,1709.01,880.80,1390.20,691.77,1007.83,297.24,373.01,894.38,552.16,675.55,776.31,748.46,402.76,969.11,1086.91,573.45,990.85,1284.49,825.44,1393.16,1566.78,1521.40,1591.01,1176.15,658.30,791.00,569.43,409.44,362.84,405.28,508.02,794.09,1346.32,909.34,1257.32,1106.80,1019.99,835.34,658.53,578.39,0.00
73121,73166,73143.5,886.35,28.53,0.74,1.14,0.00,0.00,0.00,0.00,0.00,365.74,96.34,415.02,313.92,263.65,355.23,533.49,587.32,470.58,354.90,543.59,1229.79,1168.93,1534.39,1657.63,1415.55,1383.23,1205.25,1297.29,1364.67,1090.78,799.41,474.30,25.58,333.36,627.26,220.75,0.00,251.21,419.43,846.98,1021.18,1595.54,1207.56,723.13,954.93,585.20,630.03,0.00
73180,73225,73202.5,901.98,25.13,0.68,1.14,707.38,0.00,0.00,953.25,342.21,416.01,1179.09,509.00,820.16,676.75,426.04,480.76,559.35,654.09,789.28,812.84,476.12,879.48,978.88,1295.25,1164.96,1151.38,1245.63,1205.40,1260.31,792.48,846.41,620.81,435.96,427.58,185.58,74.83,93.75,4.66,182.88,245.36,711.55,868.49,946.03,1093.65,974.34,844.35,530.94,0.00
73239,73284,73261.5,1735.11,26.85,0.67,1.14,7518.10,3068.28,2847.89,1870.94,1814.01,837.58,693.22,358.72,489.19,920.97,352.93,488.37,557.31,590.98,500.01,615.18,683.89,870.85,635.98,1119.87,928.81,905.77,1454.15,1258.69,902.42,1568.96,1432.63,946.39,844.01,534.08,745.55,439.95,147.09,562.25,649.23,712.88,433.61,971.46,706.87,733.49,1016.87,593.40,603.15,0.00
73298,73343,73320.5,5161.82,32.43,0.74,1.14,32461.54,18546.10,11767.76,8557.24,8372.07,6156.24,3247.55,2816.87,1245.68,956.21,296.69,317.58,976.01,1059.02,2425.87,2218.52,1747.76,1793.88,1388.77,1344.17,860.86,1363.14,1284.26,1333.43,1842.51,2069.46,1691.85,889.35,909.14,698.18,682.51,167.41,303.26,1200.44,931.70,743.64,523.57,883.51,1285.29,959.73,909.21,573.76,476.95,0.00
73357,73402,73379.5,28659.49,1047.36,24.09,1.15,7405.60,4327.72,1549.26,2389.37,1529.46,1344.20,2337.51,3232.20,2674.29,2892.67,4227.58,4208.14,3080.82,7136.96,10442.40,11896.06,13079.63,10194.14,11577.42,24315.65,28760.01,24323.81,22566.18,29233.77,39408.98,23673.49,6192.32,0.00,55181.55,53728.34,45419.05,16005.90,55460.36,81715.00,73788.50,55093.99,39328.10,34374.47,25911.30,20579.95,14265.01,11836.92,9510.79,0.00
73416,73461,73438.5,4950.11,69.62,1.59,1.14,5211.85,6343.54,8453.87,5626.21,4606.99,4637.36,5504.66,5113.40,3691.32,3479.60,3049.25,3045.94,3078.77,4866.32,5311.68,3481.66,4343.50,4452.40,3195.29,2488.79,2589.90,3743.94,2238.89,2235.22,3085.03,3153.36,2630.78,2826.08,3172.12,3843.71,2673.91,2043.13,2392.50,2345.06,1751.25,1672.65,1256.79,1827.66,1930.80,1705.30,1729.84,1282.92,1065.61,0.00
73475,73520,73497.5,3591.41,40.91,0.95,1.15,8200.76,5988.48,4379.24,3145.02,4434.38,4687.85,3903.32,5388.30,4511.87,3760.35,2677.81,3498.33,3126.20,2852.86,5341.11,4233.43,3510.39,2017.91,1818.84,1534.83,1841.13,1795.02,1534.72,1477.04,2054.96,1712.67,506.29,1489.69,1282.27,1282.80,689.29,694.17,1000.04,1280.53,1089.29,1013.27,1150.41,1204.68,1321.10,1210.25,967.25,717.50,679.09,0.00
73535,73580,73557.5,3235.13,33.26,0.77,1.15,6550.56,3132.03,1366.88,5164.73,3353.71,3479.80,6581.04,5654.22,4662.13,4162.38,3164.65,4527.44,3990.76,3806.90,3802.23,2840.58,2098.19,2383.42,1794.85,1583.25,1457.86,1767.82,1490.26,1843.97,1473.86,1390.46,1432.56,1234.34,1042.45,301.36,230.22,550.94,562.80,261.16,856.46,1343.20,923.03,1037.50,1104.76,823.23,601.21,661.68,683.94,0.00
73593,73638,73615.5,18409.39,657.40,16.44,1.15,10052.22,9755.33,8668.87,3581.52,4540.08,5166.01,2983.50,3179.76,3480.83,3775.57,5201.76,4896.43,4102.91,4864.86,4596.85,4091.87,6849.37,10590.49,9222.47,8737.73,11491.89,12911.09,12375.87,12896.34,11088.63,18093.70,27825.98,33189.67,34052.26,27460.77,25781.01,27411.20,27425.45,24072.97,21756.92,16898.24,16976.07,19229.81,16610.51,15895.92,14720.59,11933.74,8892.99,6779.21
73653,73698,73675.5,2722.86,45.60,1.13,1.14,7256.58,6874.52,1904.89,4011.65,4205.02,3000.67,3005.32,1873.71,2268.67,2136.48,2178.21,1603.23,2003.13,1551.51,1160.43,1310.37,1281.38,1367.21,1327.24,1181.85,1208.60,1476.13,1195.79,1418.80,1943.87,1692.81,1323.61,1614.69,1687.83,1420.20,691.79,977.16,1028.64,1020.94,1129.86,1449.38,1465.06,1086.34,1423.19,1731.76,1315.60,1071.59,698.92,0.00
73712,73757,73734.5,3412.67,94.81,2.80,1.14,7394.30,3235.98,3983.15,4619.17,5469.36,5029.39,4748.59,4156.46,4047.70,3987.52,4411.18,1983.95,1711.56,2039.94,1667.32,1148.12,1342.69,1310.24,1498.96,1420.42,1454.95,763.69,1488.74,2180.64,2171.73,1671.85,1267.87,1063.47,1055.79,372.55,823.68,950.33,733.67,1029.10,1851.19,1673.87,1696.13,2747.48,3351.24,3415.92,3050.39,2553.55,2445.96,2087.04
73771,73816,73793.5,4363.13,53.48,1.27,1.14,5676.16,4604.11,5182.18,4933.94,4001.94,5375.50,6310.29,6501.46,6329.81,6878.73,7934.59,6960.94,6210.61,4487.67,3696.71,3530.80,2919.45,1771.26,1727.26,1931.22,2227.58,1698.02,2631.51,2647.97,2304.18,2365.08,2730.32,2231.76,1705.84,1360.15,1499.39,860.84,903.11,726.71,930.81,947.50,1241.64,1726.11,1691.32,1719.15,1256.88,1156.03,1098.23,0.00
73830,73875,73852.5,23529.10,796.50,18.74,1.14,8115.32,5825.03,6649.24,7404.44,5631.62,8666.31,5149.22,4511.48,5072.17,5419.32,6194.16,4329.88,5444.57,6788.71,8586.02,7736.38,5926.66,9133.97,12385.92,13132.62,8374.97,15133.34,30257.35,26629.49,41935.08,29371.85,31391.88,30418.69,22640.19,28268.39,37622.73,43305.45,28458.76,27519.46,36649.60,21886.36,25472.59,32882.61,29179.62,19774.23,14871.94,10848.16,8492.00,0.00
73889,73934,73911.5,4222.71,68.15,1.72,1.14,7988.84,11398.43,9133.59,5282.78,4387.32,3421.54,4708.32,2860.27,3026.45,2778.00,1677.88,1579.07,2114.41,1917.72,1891.88,2052.95,2268.25,1398.21,1740.73,1672.20,1826.84,1888.79,2578.79,3473.88,2657.64,2723.21,2952.30,2591.06,2297.31,1942.94,1895.73,1246.52,1205.34,1067.31,1809.97,1681.62,1680.75,2151.33,2079.15,2166.40,1520.55,1220.69,1118.74,825.60
73948,73993,73970.5,2511.17,38.69,0.95,1.15,9381.11,4224.60,4998.59,1815.12,2099.24,2559.26,1857.33,1385.26,2141.19,2545.39,1671.29,1529.42,1639.40,1298.41,1892.37,1024.20,1188.48,1657.44,1124.66,1450.17,1135.53,1787.64,1916.71,2079.15,1596.32,1224.10,1026.84,972.95,1803.85,1531.55,1136.10,1212.73,476.49,543.39,673.53,521.07,788.79,1327.82,1410.92,1426.84,986.22,936.83,714.24,0.00
