Data/Raw/MOORE,RICHARD/FIREXAQ-LARGE-SMPS_DC8_20190803_R0.ict
88,1001
Richard Moore, Elizabeth Wiggins, Edward Winstead, Claire Robinson, Lee Thornhill, and Kevin Sanchez
NASA Langley Research Center
In-situ Submicron Particle Size Distributions from a SMPS on the NASA DC-8
FIREXAQ
1,1
2019,08,03,2020,03,10
0
Time_start,Secs after midnight,Time of acquisition
50
1,1,1,1,1,1,1,1,1,1,1,1,1,1,1,1,1,1,1,1,1,1,1,1,1,1,1,1,1,1,1,1,1,1,1,1,1,1,1,1,1,1,1,1,1,1,1,1,1,1
-9999,-9999,-9999,-9999,-9999,-9999,-9999,-9999,-9999,-9999,-9999,-9999,-9999,-9999,-9999,-9999,-9999,-9999,-9999,-9999,-9999,-9999,-9999,-9999,-9999,-9999,-9999,-9999,-9999,-9999,-9999,-9999,-9999,-9999,-9999,-9999,-9999,-9999,-9999,-9999,-9999,-9999,-9999,-9999,-9999,-9999,-9999,-9999,-9999,-9999
Time_stop,Secs after midnight,Time of acquisition
Time_mid,Secs after midnight,Time of acquisition
nSMPS_stdPT,#/cm3,AerMP_NumConc_InSitu_RHd_Mobility_NucltoAccu_STP,integrated_number_density
sSMPS_stdPT,um2/cm3,AerMP_SurfAreaConc_InSitu_RHd_Mobility_NucltoAccu_STP,integrated_surface_area
vSMPS_stdPT,um3/cm3,AerMP_VolConc_InSitu_RHd_Mobility_NucltoAccu_STP,integrated_volume
SMPS_stdPT, unitless, None, conversion between ambient PT and standard PT (1013, 273)
SMPS_bin00_stdPT,#/cm3,AerMP_NumSizeDist_InSitu_RHd_Mobility_NucltoAccu_STP,Binned number size distribution (in dNdlogDp) measured by the SMPS
SMPS_bin01_stdPT,#/cm3,AerMP_NumSizeDist_InSitu_RHd_Mobility_NucltoAccu_STP,Binned number size distribution (in dNdlogDp) measured by the SMPS
SMPS_bin02_stdPT,#/cm3,AerMP_NumSizeDist_InSitu_RHd_Mobility_NucltoAccu_STP,Binned number size distribution (in dNdlogDp) measured by the SMPS
SMPS_bin03_stdPT,#/cm3,AerMP_NumSizeDist_InSitu_RHd_Mobility_NucltoAccu_STP,Binned number size distribution (in dNdlogDp) measured by the SMPS
SMPS_bin04_stdPT,#/cm3,AerMP_NumSizeDist_InSitu_RHd_Mobility_NucltoAccu_STP,Binned number size distribution (in dNdlogDp) measured by the SMPS
SMPS_bin05_stdPT,#/cm3,AerMP_NumSizeDist_InSitu_RHd_Mobility_NucltoAccu_STP,Binned number size distribution (in dNdlogDp) measured by the SMPS
SMPS_bin06_stdPT,#/cm3,AerMP_NumSizeDist_InSitu_RHd_Mobility_NucltoAccu_STP,Binned number size distribution (in dNdlogDp) measured by the SMPS
SMPS_bin07_stdPT,#/cm3,AerMP_NumSizeDist_InSitu_RHd_Mobility_NucltoAccu_STP,Binned number size distribution (in dNdlogDp) measured by the SMPS
SMPS_bin08_stdPT,#/cm3,AerMP_NumSizeDist_InSitu_RHd_Mobility_NucltoAccu_STP,Binned number size distribution (in dNdlogDp) measured by the SMPS
SMPS_bin09_stdPT,#/cm3,AerMP_NumSizeDist_InSitu_RHd_Mobility_NucltoAccu_STP,Binned number size distribution (in dNdlogDp) measured by the SMPS
SMPS_bin10_stdPT,#/cm3,AerMP_NumSizeDist_InSitu_RHd_Mobility_NucltoAccu_STP,Binned number size distribution (in dNdlogDp) measured by the SMPS
SMPS_bin11_stdPT,#/cm3,AerMP_NumSizeDist_InSitu_RHd_Mobility_NucltoAccu_STP,Binned number size distribution (in dNdlogDp) measured by the SMPS
SMPS_bin12_stdPT,#/cm3,AerMP_NumSizeDist_InSitu_RHd_Mobility_NucltoAccu_STP,Binned number size distribution (in dNdlogDp) measured by the SMPS
SMPS_bin13_stdPT,#/cm3,AerMP_NumSizeDist_InSitu_RHd_Mobility_NucltoAccu_STP,Binned number size distribution (in dNdlogDp) measured by the SMPS
SMPS_bin14_stdPT,#/cm3,AerMP_NumSizeDist_InSitu_RHd_Mobility_NucltoAccu_STP,Binned number size distribution (in dNdlogDp) measured by the SMPS
[...]
UNCERTAINTY:  20%
ULOD_FLAG: -7777
ULOD_VALUE: N/A
LLOD_FLAG: -8888
LLOD_VALUE: N/A
DM_CONTACT_INFO: Lee Thornhill (Kenneth.L.Thornhill@nasa.gov)
PROJECT_INFO: FIREX-AQ
STIPULATIONS_ON_USE: No stipulations on use. The user is encouraged to contact the PI or DM prior to use.
OTHER_COMMENTS: Midpoint diameters of Bins 00 to 43 are: 0.011,0.012,0.013,0.014,0.015,0.016,0.017,0.018,0.019,0.021,0.022,0.024,0.026,0.028,0.030,0.032,0.035,0.037,0.040,0.043,0.046,0.050,0.053,0.057,0.061,0.066,0.071,0.076,0.082,0.088,0.095,0.102,0.109,0.118,0.126,0.136,0.146,0.157,0.168,0.181,0.194,0.209,0.225,0.241
REVISION: R0
R0: Final Data. Data are corrected for time lags and ammonium sulfate size calibrations.
*******************************************************************************************************************************
Time_start,Time_stop,Time_mid,nSMPS_stdPT,sSMPS_stdPT,vSMPS_stdPT,SMPS_stdPT,SMPS_bin00_stdPT,SMPS_bin01_stdPT,SMPS_bin02_stdPT,SMPS_bin03_stdPT,SMPS_bin04_stdPT,SMPS_bin05_stdPT,SMPS_bin06_stdPT,SMPS_bin07_stdPT,SMPS_bin08_stdPT,SMPS_bin09_stdPT,SMPS_bin10_stdPT,SMPS_bin11_stdPT,SMPS_bin12_stdPT,SMPS_bin13_stdPT,SMPS_bin14_stdPT,SMPS_bin15_stdPT,SMPS_bin16_stdPT,SMPS_bin17_stdPT,SMPS_bin18_stdPT,SMPS_bin19_stdPT,SMPS_bin20_stdPT,SMPS_bin21_stdPT,SMPS_bin22_stdPT,SMPS_bin23_stdPT,SMPS_bin24_stdPT,SMPS_bin25_stdPT,SMPS_bin26_stdPT,SMPS_bin27_stdPT,SMPS_bin28_stdPT,SMPS_bin29_stdPT,SMPS_bin30_stdPT,SMPS_bin31_stdPT,SMPS_bin32_stdPT,SMPS_bin33_stdPT,SMPS_bin34_stdPT,SMPS_bin35_stdPT,SMPS_bin36_stdPT,SMPS_bin37_stdPT,SMPS_bin38_stdPT,SMPS_bin39_stdPT,SMPS_bin40_stdPT,SMPS_bin41_stdPT,SMPS_bin42_stdPT,SMPS_bin43_stdPT
[from data line 312]
93894,93939,93916.5,1665.94,135.56,4.80,1.42,0.00,0.00,814.31,2172.05,2520.15,641.75,646.17,185.64,133.67,716.79,961.08,497.73,425.04,346.22,746.37,597.51,689.16,628.05,252.24,613.28,499.25,137.19,621.03,630.97,816.96,1010.33,1297.42,1314.41,1529.09,1326.34,914.56,506.60,208.45,139.95,0.00,225.34,722.91,697.07,1971.98,4269.40,4143.58,4282.87,4236.38,3848.56
93953,93998,93975.5,1497.49,102.86,3.54,1.42,0.00,1979.82,0.00,509.60,1106.08,1395.83,203.52,346.28,567.62,183.92,1239.48,508.24,955.56,773.88,764.53,833.90,667.36,658.25,679.84,457.47,552.98,788.45,701.94,617.91,1025.10,971.76,1182.45,1707.82,1528.71,1056.00,524.14,849.81,217.36,0.00,92.22,575.10,297.52,711.35,2544.42,3214.57,3245.18,3009.79,2985.95,3015.98
94012,94057,94034.5,1824.27,137.88,4.82,1.42,0.00,0.00,2276.83,1804.16,980.63,1618.12,1361.28,423.33,664.49,724.98,706.01,714.61,774.83,800.41,656.69,588.27,823.97,597.41,766.35,835.72,475.89,422.80,319.61,1092.03,783.21,976.08,1163.73,1726.24,1364.61,1454.15,984.22,590.87,0.00,0.00,20.64,0.00,448.49,900.22,2644.25,4841.25,4337.03,4883.86,4068.30,4488.92
94071,94116,94093.5,2605.40,289.22,10.51,1.43,0.00,0.00,0.00,0.00,1915.09,0.00,206.40,677.12,851.36,695.23,408.46,717.22,315.14,921.95,683.84,596.54,751.09,645.95,821.36,275.46,385.65,544.66,429.72,779.94,857.71,1079.52,1544.21,1372.47,1592.45,1814.03,187.31,0.00,5.08,0.00,0.00,0.00,598.65,1473.69,3169.96,9351.51,10482.45,9438.24,9585.04,8700.57
94130,94175,94152.5,4353.83,541.24,19.76,1.43,0.00,433.04,277.54,287.39,680.17,564.24,464.93,321.34,264.28,727.37,784.58,788.80,1251.43,575.37,504.08,782.01,586.54,647.29,495.68,448.53,265.98,183.73,114.32,206.02,398.47,1284.89,1496.74,2137.25,2567.36,1646.74,0.00,0.00,0.00,0.00,0.00,354.86,565.13,2174.57,8017.56,17346.21,18704.25,18552.58,18583.62,16725.37
94189,94234,94211.5,7144.43,875.62,30.56,1.43,0.00,1210.36,0.00,373.67,0.00,264.71,0.00,209.69,121.98,896.71,184.46,647.97,462.05,428.21,632.52,388.93,350.94,687.29,379.06,160.27,6.69,15.26,0.00,0.00,493.76,1359.10,1816.48,3612.96,4502.59,2565.51,0.00,0.00,0.00,0.00,0.00,0.00,789.01,3795.21,16397.81,37830.46,38076.21,37168.61,37064.95,35728.43
94248,94293,94270.5,3282.16,374.11,12.86,1.43,0.00,0.00,821.91,147.54,838.75,860.87,184.21,461.28,134.83,320.96,444.33,237.24,478.00,239.66,694.86,317.02,306.16,301.51,360.46,175.36,59.75,65.29,165.12,357.25,448.15,703.70,570.95,986.14,830.41,466.12,0.00,0.00,0.00,0.00,0.00,1693.94,3456.44,3781.34,8741.14,15067.97,16117.98,15805.77,14041.54,14345.29
94307,94352,94329.5,2167.08,211.64,7.64,1.43,0.00,991.71,4309.54,1034.55,756.31,2004.66,417.06,1031.59,570.01,190.57,442.64,666.91,503.33,351.84,514.77,402.54,514.98,676.11,244.58,522.49,211.08,101.89,323.48,305.36,314.53,606.04,851.28,737.76,1834.95,1341.63,367.95,0.00,222.35,0.00,0.00,212.86,464.39,667.37,2931.56,7434.45,7232.29,7147.52,6941.53,6493.09
94366,94411,94388.5,1416.75,144.46,5.22,1.43,0.00,1031.26,673.86,0.00,0.00,412.61,576.68,606.43,475.32,236.59,221.58,488.65,128.71,239.46,196.15,381.17,339.35,701.59,360.56,566.38,353.97,554.46,338.67,339.77,394.05,599.70,455.42,1145.74,747.37,981.23,328.07,212.77,120.71,0.00,0.00,264.83,494.84,646.32,1981.18,4524.75,4753.94,4667.24,4448.32,4676.12
94425,94470,94447.5,918.07,48.81,1.65,1.45,0.00,988.57,409.21,1445.53,1130.70,965.13,1228.00,536.24,447.04,459.15,403.11,329.69,280.28,650.02,514.72,340.22,676.46,494.26,798.70,560.72,420.85,440.49,601.14,485.64,351.42,475.40,632.81,317.37,667.40,527.05,489.91,527.06,124.95,196.76,58.93,0.00,62.52,479.15,1142.98,1659.02,1421.45,1887.54,1451.86,1262.39
94484,94529,94506.5,1084.27,36.19,1.16,1.49,0.00,0.00,0.00,0.00,780.26,0.00,449.89,568.64,1160.17,895.74,924.86,1803.98,1168.89,1819.52,1834.66,1814.17,1488.06,1142.49,1472.87,1321.90,1451.31,940.26,920.92,996.57,444.99,474.49,861.53,456.18,606.23,552.89,531.37,372.86,221.90,364.80,41.67,93.29,350.91,91.91,469.35,917.16,987.06,960.84,1080.30,1016.66
94543,94588,94565.5,1322.93,25.34,0.71,1.50,0.00,2454.39,0.00,1119.13,0.00,1357.65,624.93,1024.37,614.80,973.78,1608.81,1229.04,1748.67,1483.43,1422.83,1674.32,1934.23,2413.76,2083.96,1620.40,2037.52,1796.62,1061.02,1318.58,1199.60,1060.99,922.06,816.18,540.23,465.64,586.12,123.38,319.44,200.87,253.63,331.47,295.04,333.33,136.09,414.22,460.17,746.02,427.24,580.25
94602,94647,94624.5,1372.93,28.26,0.85,1.50,0.00,2454.08,1065.08,0.00,1009.33,102.37,1039.88,572.38,1883.40,1049.23,1805.74,1851.25,1609.24,2053.46,1334.88,2435.66,2259.54,1794.54,2129.62,1843.99,2121.50,1090.95,1158.19,1211.00,833.74,466.99,766.59,871.36,632.76,526.60,606.73,363.31,232.54,118.58,0.00,0.00,47.16,218.87,185.62,543.27,689.44,853.55,795.26,680.32
94662,94707,94684.5,971.44,24.06,0.74,1.50,0.00,2558.78,895.88,0.00,7.79,992.82,0.00,1114.77,458.65,739.01,379.14,1125.32,991.11,1493.21,1221.48,1120.59,1563.34,1271.96,1637.76,956.44,882.59,944.12,612.40,669.27,744.27,577.01,777.86,886.25,808.31,369.22,339.44,307.05,202.88,16.25,71.59,83.62,247.31,383.72,294.48,420.76,529.61,573.36,631.12,584.66
94721,94766,94743.5,9400.64,1242.90,45.73,1.50,0.00,0.00,0.00,1116.65,0.00,908.63,314.82,1322.65,863.42,609.79,924.59,949.56,797.23,1384.09,1636.67,1269.08,1325.38,978.82,1075.67,1033.26,800.17,698.99,733.20,178.04,228.15,1787.88,2012.79,2208.97,4100.31,3977.28,0.00,0.00,0.00,0.00,0.00,0.00,470.86,2976.83,10187.75,42423.00,43880.13,44640.50,42413.80,41794.08
94780,94825,94802.5,14755.60,2136.83,80.43,1.50,0.00,0.00,0.00,0.00,0.00,349.29,0.00,206.73,0.00,262.20,316.79,450.79,412.46,538.48,263.85,561.47,796.33,499.73,329.48,500.00,186.56,173.05,0.00,0.00,0.00,1761.06,2430.94,3993.78,9395.39,10921.39,2794.89,0.00,0.00,0.00,0.00,0.00,0.00,0.00,0.00,60501.95,69012.78,69458.47,73706.43,79156.03
94839,94884,94861.5,27689.74,3956.77,146.95,1.50,0.00,2446.81,1104.35,0.00,0.01,349.04,0.02,0.00,167.14,0.00,430.81,0.00,149.64,233.91,137.36,381.27,474.49,314.63,418.28,544.90,0.00,26.23,0.00,0.00,0.00,4139.74,4390.78,5733.47,14335.75,13423.52,3.45,0.00,0.00,0.00,0.00,0.00,611.15,5025.02,18428.08,125567.10,137457.28,139630.86,140455.28,139401.95
94898,94943,94920.5,26556.60,3743.39,139.39,1.50,0.00,11672.27,4832.67,2695.91,1632.32,302.77,767.02,185.60,0.00,0.09,318.51,0.00,156.09,40.39,0.00,106.34,123.72,176.87,158.51,224.45,0.00,0.00,0.00,0.00,0.00,3089.68,3478.70,5262.96,12987.34,13176.94,2796.66,0.00,0.00,0.00,0.00,0.00,0.00,1770.73,12869.54,115256.98,132215.80,132344.77,133395.31,129904.76
94957,95002,94979.5,21915.85,2892.08,107.23,1.50,0.00,29028.75,6499.71,2232.81,5864.51,2670.73,979.82,209.33,165.62,225.27,597.25,703.86,330.06,368.28,1046.08,1032.66,517.39,841.09,300.22,676.87,122.29,130.79,0.00,0.00,0.00,2754.74,3466.50,5173.61,11546.09,12115.66,1102.00,0.00,0.00,0.00,0.00,0.00,0.00,3787.65,10044.35,91741.10,103286.85,103107.48,105961.68,98265.72
95016,95061,95038.5,20627.79,2913.20,108.30,1.50,0.00,3089.57,1204.09,927.60,1501.44,1189.18,382.75,1452.26,994.44,537.62,709.65,325.55,312.89,305.63,320.91,543.23,210.56,466.29,469.54,641.23,339.97,68.25,25.05,0.00,0.00,1982.72,3291.38,3827.71,10530.65,9658.87,1882.81,0.00,0.00,0.00,0.00,0.00,0.00,747.64,10517.46,90474.16,101045.82,105633.97,106960.81,103349.44
95075,95120,95097.5,11613.92,1550.81,56.16,1.50,0.00,0.00,0.00,0.00,879.73,0.00,156.23,0.00,166.50,136.86,450.46,282.73,138.28,280.05,241.85,405.94,357.99,440.99,560.23,278.94,308.53,98.25,117.40,0.00,535.11,2046.60,2029.35,3015.34,4236.88,2753.07,0.00,0.00,0.00,0.00,0.00,0.00,8960.63,14362.17,22262.91,54867.53,56363.86,53328.90,48692.05,47658.09
95134,95179,95156.5,4698.62,465.31,17.16,1.50,0.00,0.00,3207.88,4511.22,7796.22,1583.89,2055.61,1769.87,1863.39,1590.33,2658.85,2583.72,2610.12,1992.61,1536.98,1938.57,2085.72,1560.00,1763.58,1213.11,645.85,280.49,360.80,80.20,169.44,741.50,494.49,750.50,2066.93,1964.26,0.00,0.00,609.01,0.00,0.00,0.00,1065.15,1127.11,1451.51,15366.43,15364.24,15512.28,16149.17,15966.59
95193,95238,95215.5,2788.85,198.51,7.16,1.49,0.00,2449.43,1604.00,1083.23,3736.32,943.26,666.51,1443.85,2778.56,3399.99,1711.88,2132.07,3111.99,2598.42,2683.18,2533.21,1742.48,1668.33,1315.00,1086.20,1168.17,789.87,546.43,565.98,617.89,689.88,630.93,919.16,1120.83,992.70,341.53,97.93,0.00,0.00,0.00,0.00,751.84,1147.99,1740.08,6028.92,6452.83,6602.81,6669.34,6206.73
95252,95297,95274.5,1925.66,98.79,3.39,1.48,0.00,0.00,989.22,946.46,690.76,904.59,1167.20,1007.84,994.23,1306.64,1850.85,2802.08,2147.97,2149.11,2076.83,1835.13,2397.01,1629.74,1564.03,1195.31,1350.27,1203.87,1026.74,154.41,775.42,709.93,1306.47,1312.56,1527.56,1874.76,1576.45,1327.57,543.20,102.71,0.00,0.00,350.22,491.96,606.53,2848.14,2784.41,3231.94,3039.60,2934.65
95311,95356,95333.5,4862.64,35.38,1.01,1.52,0.00,20259.61,14379.98,15784.71,11677.72,14080.11,12059.78,9798.32,7522.64,6596.70,6039.16,4884.47,3661.95,2985.28,2698.78,1979.79,2208.01,1917.64,1654.00,828.18,974.46,858.98,835.40,547.75,518.52,434.16,466.78,697.92,654.38,847.04,614.29,653.95,255.84,14.35,142.52,24.20,337.00,236.64,632.34,763.00,773.12,1031.37,832.97,817.46
95370,95415,95392.5,1932.14,52.33,1.70,1.67,0.00,0.00,5397.87,4305.33,1228.50,3288.51,3108.03,2038.14,2656.61,2309.85,1327.76,1056.75,2102.17,1405.76,973.38,918.58,825.35,1707.81,1665.03,1630.69,1359.27,1118.55,1306.15,1018.48,1246.78,1535.65,1550.96,1165.20,1570.26,953.51,901.93,634.89,112.27,0.00,26.37,0.00,213.42,61.21,481.42,982.56,1444.03,1930.24,1596.09,1319.60
95429,95474,95451.5,1224.19,44.96,1.56,1.77,0.00,0.00,0.00,2003.56,3639.21,1799.80,1600.32,2190.36,1417.28,2035.44,1908.21,1502.15,775.18,1198.99,1126.36,571.04,1028.37,757.47,662.86,634.17,499.20,238.04,356.79,442.16,420.60,500.17,749.22,665.98,385.47,488.29,413.36,89.56,146.92,294.81,37.58,0.00,208.71,306.89,0.00,936.90,1451.23,1456.75,1336.37,1328.80
95488,95533,95510.5,546.03,52.92,2.02,1.87,0.00,0.00,0.00,0.00,0.01,408.67,343.43,811.70,212.82,690.39,0.00,267.28,57.80,178.55,276.07,214.83,343.54,313.22,101.52,249.84,338.82,282.38,244.93,270.70,192.82,121.48,220.59,252.12,206.42,225.40,393.64,151.85,0.00,256.54,0.00,39.07,0.00,93.18,368.15,534.32,1360.49,1427.51,1967.59,1328.17
95547,95592,95569.5,681.21,53.49,1.99,1.99,0.00,0.00,0.00,800.98,665.83,407.83,308.46,513.37,580.01,664.06,246.62,247.07,0.00,201.17,273.74,210.21,191.95,408.65,197.29,188.70,213.86,474.88,441.59,494.92,377.34,461.52,341.85,600.08,489.74,689.89,596.89,383.29,127.53,207.51,51.75,0.00,0.00,121.07,402.53,587.87,1522.51,1683.74,1500.78,1337.98
95606,95651,95628.5,487.89,35.39,1.37,2.12,0.00,0.00,0.00,4543.95,0.00,1118.92,0.02,275.18,224.26,0.08,0.12,0.12,0.27,0.17,83.43,42.06,167.03,51.01,34.90,253.17,193.70,155.93,299.02,271.66,80.95,325.14,109.90,240.61,207.30,197.78,123.08,128.29,2.51,0.00,231.28,0.00,0.00,126.82,0.00,490.83,406.08,884.67,1309.82,1050.45
95665,95710,95687.5,389.18,13.13,0.41,2.24,0.00,0.00,0.00,1296.06,0.00,0.00,955.19,314.39,552.23,0.05,222.97,677.61,0.34,329.24,83.59,323.16,55.88,502.19,222.84,255.45,88.38,316.28,453.22,181.42,389.28,292.82,308.01,524.83,224.85,181.25,374.23,343.86,32.01,236.01,198.90,202.36,167.05,276.14,377.46,198.23,67.69,406.69,153.22,303.04
95724,95769,95746.5,468.22,10.96,0.35,2.39,0.00,0.00,0.00,0.00,0.00,669.02,1126.75,1021.46,55.50,1362.02,556.31,471.16,247.36,902.53,616.49,614.07,548.21,463.73,140.51,248.29,443.09,545.28,409.25,298.66,134.62,294.56,161.04,410.95,183.12,471.81,215.64,213.76,211.79,92.82,281.80,117.67,141.17,0.00,104.87,115.52,72.95,230.03,58.96,325.48
95783,95828,95805.5,523.95,9.53,0.28,2.43,0.00,0.00,0.00,0.00,1187.14,801.89,1044.53,1192.71,317.57,466.74,200.47,170.26,509.41,94.49,580.73,529.37,708.83,932.80,768.41,469.50,454.20,704.37,681.46,618.82,446.44,483.26,261.13,184.95,338.16,105.40,351.08,408.07,324.57,291.70,184.21,44.99,4.42,31.44,84.58,16.15,8.15,94.78,172.37,37.28
95842,95887,95864.5,436.51,6.99,0.18,2.44,0.00,0.00,0.00,0.00,967.30,2141.63,667.60,321.56,0.00,0.00,296.10,391.38,541.32,438.31,570.39,543.99,297.22,459.49,596.97,304.96,542.59,498.78,563.17,294.18,172.91,289.38,237.83,75.75,275.05,123.20,237.92,335.95,300.98,184.30,221.63,199.79,116.69,238.12,94.16,0.00,7.89,146.82,66.84,107.05
95901,95946,95923.5,424.06,5.99,0.14,2.44,0.00,0.00,0.00,0.00,1187.40,0.00,105.92,982.18,449.70,821.53,775.89,12.00,526.19,334.70,648.69,657.19,732.42,587.30,647.80,323.25,622.19,470.74,320.12,66.74,222.15,221.43,201.71,207.66,292.53,272.62,62.39,215.50,149.90,432.91,77.71,161.96,230.23,15.13,106.00,64.03,99.83,101.19,65.09,73.97
95960,96005,95982.5,471.43,6.32,0.14,2.44,0.00,0.00,0.00,0.00,2149.35,0.00,480.94,294.71,335.45,1388.12,848.95,93.22,759.42,222.62,772.80,675.87,694.65,710.32,533.20,424.28,54.41,367.36,159.74,205.96,159.43,121.54,351.23,406.11,414.10,463.21,139.93,227.64,85.28,278.55,118.05,352.67,228.88,117.69,105.89,112.73,0.00,68.06,104.01,35.50
96019,96064,96041.5,370.26,5.34,0.12,2.44,0.00,0.00,0.00,0.00,0.01,0.02,481.31,774.52,316.43,673.51,179.59,482.25,662.26,470.88,403.76,802.05,405.46,677.40,440.10,549.29,333.34,351.68,304.07,294.07,244.66,277.07,353.94,176.60,287.14,175.68,266.81,72.47,112.03,252.79,184.37,86.84,247.93,172.57,91.48,102.48,44.60,34.29,0.00,0.00
96078,96123,96100.5,614.37,6.19,0.14,2.43,0.00,0.00,0.00,0.00,3086.66,3250.06,221.62,1190.55,0.00,691.24,379.27,464.00,1103.38,666.91,691.68,623.15,1026.92,413.86,517.53,518.47,419.19,354.09,391.09,119.53,281.82,250.79,331.27,315.08,437.67,127.09,199.85,305.77,79.16,29.20,130.30,402.79,0.00,105.12,117.15,147.07,0.00,137.61,69.88,0.00
96137,96182,96159.5,468.57,7.37,0.18,2.43,0.00,0.00,0.00,0.00,775.83,0.00,0.00,411.75,594.40,247.00,968.78,470.20,1088.14,482.75,449.33,422.17,512.57,918.03,823.12,577.11,669.59,554.38,375.44,434.17,502.05,320.94,152.98,359.38,250.68,358.66,133.03,350.53,291.63,403.49,192.10,189.83,89.49,83.66,47.27,144.95,33.61,28.41,34.48,106.27
96196,96241,96218.5,505.21,6.33,0.14,2.44,0.00,0.00,0.00,0.00,2134.24,14.78,561.60,359.16,588.89,218.74,178.06,612.15,596.01,969.36,796.40,404.23,760.41,1192.57,660.32,556.10,770.09,552.42,373.89,303.75,491.33,157.60,140.20,238.22,216.21,198.21,316.43,115.05,268.50,322.67,128.39,323.91,139.61,168.55,130.99,0.00,13.49,9.29,24.76,70.37
96255,96300,96277.5,500.28,7.22,0.19,2.44,0.00,0.00,0.00,0.00,775.88,3053.60,1005.00,1245.49,0.00,246.57,198.48,43.47,486.83,705.96,687.15,443.18,310.59,970.11,454.62,183.32,388.54,737.59,323.09,211.39,289.27,194.10,120.18,276.77,265.86,129.41,205.77,9.79,387.51,193.43,281.70,412.45,56.76,65.38,148.21,71.93,26.39,162.69,34.41,34.66
96314,96359,96336.5,495.42,6.05,0.13,2.44,0.00,0.00,0.00,0.00,775.65,798.87,1229.88,1458.77,912.32,692.52,398.71,518.32,898.34,232.68,543.78,630.71,213.36,564.87,479.78,280.46,642.58,326.45,261.81,435.12,159.11,149.23,146.85,218.79,368.96,342.91,174.73,377.32,315.04,385.71,290.04,162.18,53.71,47.74,97.80,0.00,33.43,0.00,101.84,36.83
96373,96418,96395.5,589.81,6.48,0.15,2.44,0.00,0.00,0.00,0.00,2373.14,2937.37,0.00,833.48,897.52,1155.70,1336.09,663.99,244.73,564.55,348.73,836.36,510.85,521.24,584.17,537.39,287.23,296.37,242.09,368.86,234.82,83.00,54.10,342.53,151.60,131.85,247.22,245.31,389.16,254.02,218.36,337.41,110.51,69.42,118.31,46.40,33.53,34.14,0.00,123.19
96432,96477,96454.5,524.41,7.21,0.15,2.44,0.00,0.00,0.00,0.00,775.11,669.21,103.57,1103.55,0.00,927.36,184.65,787.76,343.75,490.98,628.94,892.19,720.47,520.62,1477.87,706.62,908.83,658.57,368.76,292.21,279.37,353.89,179.87,384.52,205.79,112.76,731.25,267.77,221.57,294.58,391.02,55.18,148.36,90.12,96.57,12.93,151.09,153.28,0.00,0.00
96491,96536,96513.5,530.27,8.10,0.20,2.43,0.00,0.00,0.00,0.00,965.74,799.68,586.65,619.10,446.15,358.57,774.97,158.45,607.84,723.20,867.73,910.20,1062.25,768.87,708.32,812.92,386.07,453.70,600.95,439.38,366.56,208.58,100.64,284.88,220.37,277.45,240.14,465.09,119.28,206.68,133.24,220.29,106.11,235.34,142.69,153.09,108.26,43.51,94.20,17.59
