Data/Raw/MOORE,RICHARD/FIREXAQ-LARGE-SMPS_DC8_20190903_R0.ict
88,1001
Richard Moore, Elizabeth Wiggins, Edward Winstead, Claire Robinson, Lee Thornhill, and Kevin Sanchez
NASA Langley Research Center
In-situ Submicron Particle Size Distributions from a SMPS on the NASA DC-8
FIREXAQ
1,1
2019,09,03,2020,03,10
0
Time_start,Secs after midnight,Time of acquisition
50
1,1,1,1,1,1,1,1,1,1,1,1,1,1,1,1,1,1,1,1,1,1,1,1,1,1,1,1,1,1,1,1,1,1,1,1,1,1,1,1,1,1,1,1,1,1,1,1,1,1
-9999,-9999,-9999,-9999,-9999,-9999,-9999,-9999,-9999,-9999,-9999,-9999,-9999,-9999,-9999,-9999,-9999,-9999,-9999,-9999,-9999,-9999,-9999,-9999,-9999,-9999,-9999,-9999,-9999,-9999,-9999,-9999,-9999,-9999,-9999,-9999,-9999,-9999,-9999,-9999,-9999,-9999,-9999,-9999,-9999,-9999,-9999,-9999,-9999,-9999
Time_stop,Secs after midnight,Time of acquisition
Time_mid,Secs after midnight,Time of acquisition
nSMPS_stdPT,#/cm3,AerMP_NumConc_InSitu_RHd_Mobility_NucltoAccu_STP,integrated_number_density
sSMPS_stdPT,um2/cm3,AerMP_SurfAreaConc_InSitu_RHd_Mobility_NucltoAccu_STP,integrated_surface_area
vSMPS_stdPT,um3/cm3,AerMP_VolConc_InSitu_RHd_Mobility_NucltoAccu_STP,integrated_volume
SMPS_stdPT, unitless, None, conversion between ambient PT and standard PT (1013, 273)
SMPS_bin00_stdPT,#/cm3,AerMP_NumSizeDist_InSitu_RHd_Mobility_NucltoAccu_STP,Binned number size distribution (in dNdlogDp) measured by the SMPS
SMPS_bin01_stdPT,#/cm3,AerMP_NumSizeDist_InSitu_RHd_Mobility_NucltoAccu_STP,Binned number size distribution (in dNdlogDp) measured by the SMPS
SMPS_bin02_stdPT,#/cm3,AerMP_NumSizeDist_InSitu_RHd_Mobility_NucltoAccu_STP,Binned number size distribution (in dNdlogDp) measured by the SMPS
SMPS_bin03_stdPT,#/cm3,AerMP_NumSizeDist_InSitu_RHd_Mobility_NucltoAccu_STP,Binned number size distribution (in dNdlogDp) measured by the SMPS
SMPS_bin04_stdPT,#/cm3,AerMP_NumSizeDist_InSitu_RHd_Mobility_NucltoAccu_STP,Binned number size distribution (in dNdlogDp) measured by the SMPS
SMPS_bin05_stdPT,#/cm3,AerMP_NumSizeDist_InSitu_RHd_Mobility_NucltoAccu_STP,Binned number size distribution (in dNdlogDp) measured by the SMPS
SMPS_bin06_stdPT,#/cm3,AerMP_NumSizeDist_InSitu_RHd_Mobility_NucltoAccu_STP,Binned number size distribution (in dNdlogDp) measured by the SMPS
SMPS_bin07_stdPT,#/cm3,AerMP_NumSizeDist_InSitu_RHd_Mobility_NucltoAccu_STP,Binned number size distribution (in dNdlogDp) measured by the SMPS
SMPS_bin08_stdPT,#/cm3,AerMP_NumSizeDist_InSitu_RHd_Mobility_NucltoAccu_STP,Binned number size distribution (in dNdlogDp) measured by the SMPS
SMPS_bin09_stdPT,#/cm3,AerMP_NumSizeDist_InSitu_RHd_Mobility_NucltoAccu_STP,Binned number size distribution (in dNdlogDp) measured by the SMPS
SMPS_bin10_stdPT,#/cm3,AerMP_NumSizeDist_InSitu_RHd_Mobility_NucltoAccu_STP,Binned number size distribution (in dNdlogDp) measured by the SMPS
SMPS_bin11_stdPT,#/cm3,AerMP_NumSizeDist_InSitu_RHd_Mobility_NucltoAccu_STP,Binned number size distribution (in dNdlogDp) measured by the SMPS
SMPS_bin12_stdPT,#/cm3,AerMP_NumSizeDist_InSitu_RHd_Mobility_NucltoAccu_STP,Binned number size distribution (in dNdlogDp) measured by the SMPS
SMPS_bin13_stdPT,#/cm3,AerMP_NumSizeDist_InSitu_RHd_Mobility_NucltoAccu_STP,Binned number size distribution (in dNdlogDp) measured by the SMPS
SMPS_bin14_stdPT,#/cm3,AerMP_NumSizeDist_InSitu_RHd_Mobility_NucltoAccu_STP,Binned number size distribution (in dNdlogDp) measured by the SMPS
[...]
UNCERTAINTY:  20%
ULOD_FLAG: -7777
ULOD_VALUE: N/A
LLOD_FLAG: -8888
LLOD_VALUE: N/A
DM_CONTACT_INFO: Lee Thornhill (Kenneth.L.Thornhill@nasa.gov)
PROJECT_INFO: FIREX-AQ
STIPULATIONS_ON_USE: No stipulations on use. The user is encouraged to contact the PI or DM prior to use.
OTHER_COMMENTS: Midpoint diameters of Bins 00 to 43 are: 0.011,0.012,0.013,0.014,0.015,0.016,0.017,0.018,0.019,0.021,0.022,0.024,0.026,0.028,0.030,0.032,0.035,0.037,0.040,0.043,0.046,0.050,0.053,0.057,0.061,0.066,0.071,0.076,0.082,0.088,0.095,0.102,0.109,0.118,0.126,0.136,0.146,0.157,0.168,0.181,0.194,0.209,0.225,0.241
REVISION: R0
R0: Final Data. Data are corrected for time lags and ammonium sulfate size calibrations.
*******************************************************************************************************************************
Time_start,Time_stop,Time_mid,nSMPS_stdPT,sSMPS_stdPT,vSMPS_stdPT,SMPS_stdPT,SMPS_bin00_stdPT,SMPS_bin01_stdPT,SMPS_bin02_stdPT,SMPS_bin03_stdPT,SMPS_bin04_stdPT,SMPS_bin05_stdPT,SMPS_bin06_stdPT,SMPS_bin07_stdPT,SMPS_bin08_stdPT,SMPS_bin09_stdPT,SMPS_bin10_stdPT,SMPS_bin11_stdPT,SMPS_bin12_stdPT,SMPS_bin13_stdPT,SMPS_bin14_stdPT,SMPS_bin15_stdPT,SMPS_bin16_stdPT,SMPS_bin17_stdPT,SMPS_bin18_stdPT,SMPS_bin19_stdPT,SMPS_bin20_stdPT,SMPS_bin21_stdPT,SMPS_bin22_stdPT,SMPS_bin23_stdPT,SMPS_bin24_stdPT,SMPS_bin25_stdPT,SMPS_bin26_stdPT,SMPS_bin27_stdPT,SMPS_bin28_stdPT,SMPS_bin29_stdPT,SMPS_bin30_stdPT,SMPS_bin31_stdPT,SMPS_bin32_stdPT,SMPS_bin33_stdPT,SMPS_bin34_stdPT,SMPS_bin35_stdPT,SMPS_bin36_stdPT,SMPS_bin37_stdPT,SMPS_bin38_stdPT,SMPS_bin39_stdPT,SMPS_bin40_stdPT,SMPS_bin41_stdPT,SMPS_bin42_stdPT,SMPS_bin43_stdPT
[from data line 426]
82727,82772,82749.5,86329.59,334.38,8.15,1.65,0.00,766645.81,396908.66,297215.69,237163.33,168615.83,124960.87,125330.19,94808.19,75501.61,64652.05,49422.27,36220.75,26129.27,25536.29,23418.75,20906.75,20887.27,18008.09,16229.09,15512.32,12419.40,12809.42,9811.65,9715.29,10072.39,7910.90,7680.15,8329.93,7159.56,6337.86,5439.39,5845.08,4304.55,3115.22,3236.87,3114.31,2837.18,2340.41,5944.27,6463.73,6428.18,6310.04,5633.17
82786,82831,82808.5,85247.10,330.10,8.10,1.65,0.00,738583.31,452095.28,331928.00,220631.44,164127.64,110104.18,95177.30,83596.18,66571.14,55952.39,44460.05,37689.63,30810.29,26761.96,22849.26,23064.75,20076.79,18224.51,13809.80,12770.01,11362.51,12170.95,11164.17,10822.61,9224.84,8676.15,8193.41,8209.07,7964.40,6697.77,5936.08,5294.43,3805.98,2492.08,2090.24,3234.34,2868.04,2808.64,6167.18,6980.50,5450.05,5652.43,5180.62
82845,82890,82867.5,88933.35,330.89,7.97,1.65,0.00,707347.75,500935.81,346780.50,261461.08,180455.69,130436.59,96395.34,77994.34,65500.38,54016.60,50000.19,44004.90,33095.34,30254.70,22452.17,21754.17,18405.30,16401.96,14897.27,15020.03,13105.50,11054.04,9205.51,10169.90,9029.74,8376.16,8354.59,9785.12,7952.00,6182.52,6065.92,5988.61,4566.61,2688.46,2564.30,2923.07,2386.02,2684.81,6200.09,6343.54,5930.05,6123.22,5347.87
82904,82949,82926.5,86844.54,331.05,8.05,1.65,0.00,768628.81,448460.22,314735.00,205202.38,163126.59,139685.14,103451.80,87946.39,71270.58,55598.09,51253.68,43817.16,33009.04,27814.78,23771.80,21907.90,17129.10,16267.78,14664.10,11847.70,13316.04,11518.55,9622.64,9575.28,8892.06,8576.41,9219.50,8948.79,8415.53,5866.40,7005.65,6077.94,3480.15,2637.18,2752.69,2978.05,2425.51,2850.16,6561.90,5645.02,6385.39,5626.90,5184.37
82963,83008,82985.5,89060.77,329.17,7.95,1.66,0.00,713456.00,508318.94,346053.06,244163.02,178910.45,137085.67,102790.12,79282.59,66044.70,56971.77,47492.07,43204.83,33571.85,27751.42,20266.16,20719.25,21021.68,15844.93,16604.36,14520.46,12271.84,12655.96,10333.58,9485.65,9088.75,7454.92,8218.02,7420.70,6868.04,6570.71,6524.69,6117.06,5013.12,2978.08,2178.89,3235.76,1730.48,2280.97,6422.11,6057.73,5787.43,6112.90,6234.59
83022,83067,83044.5,93849.40,352.34,8.50,1.65,0.00,766505.88,531704.06,371510.88,271013.69,172140.17,125785.98,100422.59,78502.80,70342.70,57054.43,50174.12,41563.80,36440.98,31874.20,29198.64,25422.79,21502.26,20592.88,16474.47,14924.79,12750.70,12715.17,12242.36,11596.19,10692.51,9294.99,8320.17,8302.32,8411.22,6267.55,6024.58,6302.94,4641.71,3005.15,2429.08,4458.07,3259.98,2261.03,6978.79,6790.44,6014.58,5195.81,5856.79
83082,83127,83104.5,93767.26,360.85,8.74,1.66,0.00,839574.62,486049.97,310898.66,231398.58,170545.27,155586.38,115699.09,95092.02,76314.73,63137.02,49254.49,40131.39,37067.84,33925.34,27746.04,23558.24,20679.21,18142.63,17081.37,14515.30,13861.41,13402.10,11109.13,11606.51,10385.36,9187.75,8699.87,8224.84,7987.89,7384.23,6820.09,6470.58,4572.55,3364.03,3217.95,3323.35,2946.64,3227.39,6692.80,7180.06,7011.87,5906.20,5581.73
83141,83186,83163.5,91132.11,365.48,8.79,1.66,0.00,693319.62,526130.88,327259.09,227816.81,177651.62,147716.00,105033.42,93494.78,80171.02,69214.09,49843.14,43017.94,36505.49,32118.45,24810.13,25950.32,21995.16,18551.00,19334.94,17645.20,14735.89,12894.54,11133.03,9860.97,9995.27,9703.44,9906.37,8989.31,9395.38,8479.33,7586.40,6296.85,4674.16,3535.01,2245.94,3267.59,2980.43,3654.36,8173.20,7005.40,7493.38,5572.17,5446.96
83200,83245,83222.5,104121.62,367.41,8.63,1.66,0.00,987406.31,596977.31,339007.97,232388.98,186437.02,159489.34,124636.62,97398.09,80358.66,57566.47,54241.99,44892.67,38314.93,33926.00,26884.19,23572.60,20580.35,18915.65,16697.34,14290.04,12650.45,11896.95,12364.56,11756.99,10975.04,9658.47,8218.10,8961.89,8184.49,7808.77,7324.95,6128.80,6313.22,4282.73,3356.04,3671.02,3983.14,3863.21,6178.22,6981.04,6609.46,6112.19,5432.73
83259,83304,83281.5,0.00,0.00,0.00,1.66,0.00,0.00,0.00,0.00,0.00,0.00,0.00,0.00,0.00,0.00,0.00,0.00,0.00,0.00,0.00,0.00,0.00,0.00,0.00,0.00,0.00,0.00,0.00,0.00,0.00,0.00,0.00,0.00,0.00,0.00,0.00,0.00,0.00,0.00,0.00,0.00,0.00,0.00,0.00,0.00,0.00,0.00,0.00,0.00
83318,83363,83340.5,0.00,0.00,0.00,1.66,0.00,0.00,0.00,0.00,0.00,0.00,0.00,0.00,0.00,0.00,0.00,0.00,0.00,0.00,0.00,0.00,0.00,0.00,0.00,0.00,0.00,0.00,0.00,0.00,0.00,0.00,0.00,0.00,0.00,0.00,0.00,0.00,0.00,0.00,0.00,0.00,0.00,0.00,0.00,0.00,0.00,0.00,0.00,0.00
83377,83422,83399.5,0.00,0.00,0.00,1.66,0.00,0.00,0.00,0.00,0.00,0.00,0.00,0.00,0.00,0.00,0.00,0.00,0.00,0.00,0.00,0.00,0.00,0.00,0.00,0.00,0.00,0.00,0.00,0.00,0.00,0.00,0.00,0.00,0.00,0.00,0.00,0.00,0.00,0.00,0.00,0.00,0.00,0.00,0.00,0.00,0.00,0.00,0.00,0.00
83436,83481,83458.5,0.00,0.00,0.00,1.66,0.00,0.00,0.00,0.00,0.00,0.00,0.00,0.00,0.00,0.00,0.00,0.00,0.00,0.00,0.00,0.00,0.00,0.00,0.00,0.00,0.00,0.00,0.00,0.00,0.00,0.00,0.00,0.00,0.00,0.00,0.00,0.00,0.00,0.00,0.00,0.00,0.00,0.00,0.00,0.00,0.00,0.00,0.00,0.00
83495,83540,83517.5,99998.74,381.67,9.49,1.66,0.00,900899.81,574598.19,320324.91,255105.45,185792.72,159337.72,125330.77,86653.62,68789.20,62549.77,52752.96,43535.84,37718.92,33693.62,24852.20,23981.48,20840.94,17179.07,14083.38,14009.08,12810.42,12815.34,11953.03,12118.74,12058.89,8982.37,9510.38,9040.99,8454.04,6033.61,6661.90,5990.59,4063.54,3178.68,2745.14,2960.31,3049.13,3417.53,6862.54,7326.86,6914.86,7563.03,6662.15
83554,83599,83576.5,100577.48,370.64,8.85,1.66,0.00,854557.62,585708.75,362279.62,253053.50,186676.42,152008.58,119240.81,95096.75,79439.66,66415.39,48347.59,42000.65,37770.80,29668.25,28160.73,24739.56,23562.64,19882.20,15670.82,13967.72,14624.78,12550.29,11038.39,11598.32,12057.06,11257.41,9900.66,8872.61,7808.51,6374.39,5716.13,6017.80,4693.91,4176.73,2863.46,5046.39,4722.89,3661.38,6304.28,6950.72,6808.70,5294.05,5993.28
83613,83658,83635.5,103209.72,374.63,9.07,1.66,0.00,894458.44,574442.81,385387.91,278244.91,193234.25,153402.41,118871.12,88573.71,72914.13,58608.62,54613.17,45496.21,41882.13,37712.61,28518.44,23583.96,22449.31,22498.36,18812.56,15788.86,13517.10,12975.97,10553.58,11280.76,10616.64,9308.35,8881.25,8459.17,7268.87,6933.49,7547.55,6857.48,3802.03,3538.44,2689.48,3099.36,2944.69,2823.88,7618.76,6553.44,6318.07,6652.39,6791.67
83672,83717,83694.5,93993.50,355.32,8.68,1.66,0.00,798925.88,503463.19,360624.28,262554.66,191765.39,130102.41,108435.08,86082.38,67144.54,61958.25,48680.37,36171.83,32715.28,30776.15,27912.74,22191.17,21376.99,19324.57,16234.37,12614.58,12478.66,12286.97,10798.53,10548.11,11436.42,9366.81,9627.53,9695.30,8226.36,7055.51,5826.05,5228.37,3312.48,2528.16,1890.85,2922.46,2726.77,3359.33,6777.52,7699.51,6949.75,6728.72,5789.59
83731,83776,83753.5,82226.86,344.34,8.58,1.66,0.00,672671.81,422105.97,272815.16,230346.09,163949.70,129407.18,100966.91,79024.19,67497.68,54828.91,51528.14,39530.66,37806.52,30169.19,24267.24,22011.26,20429.68,18564.89,16242.30,13579.35,12785.14,11508.72,10111.46,10021.19,9823.09,9154.91,8922.40,9207.85,7912.36,5922.62,6422.74,5728.49,3983.01,2895.41,2526.02,3092.02,2581.59,2521.88,7054.62,6813.40,6473.14,5512.18,6477.69
83790,83835,83812.5,80412.03,319.17,7.96,1.66,0.00,674392.00,455857.16,281427.66,201411.34,169104.77,124040.31,96425.64,72805.51,60832.81,47380.10,43883.86,37622.33,32131.39,25927.88,21867.15,19999.18,17659.94,16055.95,14985.92,13111.77,11292.52,10767.68,9502.81,8578.97,8570.50,7155.36,6741.56,7188.96,6885.56,6200.87,5571.24,5580.95,3418.60,1627.40,3256.83,3012.08,3131.56,2335.33,6493.66,5493.51,6114.40,6188.05,5849.55
83849,83894,83871.5,76545.29,304.01,7.41,1.66,0.00,619720.81,421903.41,296307.69,198283.64,149797.48,111203.19,78875.13,66869.09,59355.27,54394.01,44501.68,39181.73,29804.91,28476.21,23024.08,17827.79,18552.38,15020.32,14839.76,12364.34,11815.28,13373.73,10128.15,8932.54,9040.25,8419.65,7356.22,7417.61,7197.19,5742.67,4477.58,5230.41,3881.35,2783.60,2218.38,2827.36,2593.63,3204.93,5698.95,5767.24,5833.65,5432.06,4858.03
83908,83953,83930.5,77092.23,298.31,7.26,1.66,0.00,589303.06,438748.91,308036.94,223172.02,148828.48,107673.81,88131.75,69467.95,58087.44,52469.95,44436.07,35604.86,30264.38,26593.62,23504.90,19171.82,16658.18,14578.42,13709.82,13498.07,11359.90,11079.93,9561.63,9820.58,10039.32,8496.13,7688.29,7518.83,6068.03,5676.85,4826.51,4728.46,3620.19,2634.40,2309.09,3114.99,2395.66,2064.90,5249.45,5952.20,5369.29,5457.16,5052.54
83967,84012,83989.5,72973.30,321.32,8.20,1.65,0.00,579850.81,334756.62,288123.78,195938.23,154557.20,112307.27,100722.55,76305.70,59219.29,48735.30,42699.00,33801.86,27877.45,23236.85,23022.74,18383.04,18711.87,16323.85,14695.24,12992.60,12345.96,10392.62,9308.17,10034.92,8191.69,8789.72,8612.01,7604.73,7516.82,7034.56,7423.57,5216.72,3539.45,2275.67,1905.19,1908.47,1656.37,2895.69,5860.73,5910.17,5741.54,6178.96,6037.25
84026,84071,84048.5,81041.96,321.09,7.90,1.62,0.00,660839.12,432138.56,335681.44,227308.84,158477.94,113442.98,89485.95,69315.30,56658.26,48606.17,38806.67,37497.54,31441.55,27728.55,24795.36,21112.43,21335.39,19532.40,15728.82,12968.35,12047.30,9932.08,9655.57,9202.95,9694.91,8553.94,8604.84,6960.58,6554.29,6118.57,4839.73,5168.02,3580.84,2689.52,2883.11,2517.09,2428.35,3805.67,6169.83,6465.21,5789.25,6382.92,5724.57
84085,84130,84107.5,74571.23,302.31,7.53,1.61,0.00,595826.25,412957.91,270141.69,194546.28,148038.61,112726.99,89625.60,72033.62,58168.22,50199.48,42214.85,36035.76,29991.30,25016.65,23529.17,22167.60,19139.71,16116.12,13933.97,13044.66,12084.84,9968.60,9348.55,7591.45,7387.21,7793.33,7663.18,7278.80,7901.99,5158.18,5484.30,5216.69,2746.74,1876.07,2556.48,2517.69,1918.73,3333.77,6181.22,5124.50,4778.95,5892.82,5405.90
84144,84189,84166.5,78506.09,300.93,7.36,1.61,0.00,703201.56,426223.53,300601.00,201473.06,143029.80,105660.84,85221.10,73307.66,56271.17,44251.05,38946.52,33713.98,28019.36,26075.34,21533.31,19693.13,17049.38,17535.80,13999.28,13534.77,11559.59,10262.15,8897.82,9114.60,8091.98,8550.79,6851.20,7575.97,6803.51,5219.46,5494.65,5512.11,3890.87,2621.28,1612.59,2748.95,1973.66,3728.36,5673.56,5725.64,5714.17,5246.54,5131.39
84203,84248,84225.5,75757.85,275.47,6.55,1.61,0.00,661161.38,413861.31,283306.28,209358.64,140345.12,108857.27,78640.98,63552.30,57506.37,45547.68,38362.36,33951.86,27916.12,25762.38,22420.18,19170.72,19113.47,14681.95,12971.26,12250.24,11035.90,9404.14,9535.58,8807.99,7940.82,8141.18,6449.53,6782.94,6474.23,5837.69,6168.56,4898.54,4664.98,2898.61,2226.40,2377.72,1680.75,2959.51,4426.83,4443.01,4595.29,4316.52,4781.56
84262,84307,84284.5,68172.38,275.44,6.66,1.62,0.00,531748.06,396682.72,242028.94,182334.44,135865.28,106867.59,80511.76,61107.81,51801.11,40428.60,36552.96,32655.20,29177.89,22172.76,18806.93,18370.46,15903.57,14631.55,14602.81,11792.49,10578.45,10666.50,10764.12,8599.39,8545.66,7086.95,6894.20,6435.33,6113.21,5201.94,4401.07,5211.34,3812.79,2913.78,3144.38,2879.18,2930.77,3093.25,5060.10,4654.06,5151.38,4806.63,4191.87
84321,84366,84343.5,70015.70,285.35,7.06,1.62,0.00,598227.12,383101.00,235327.25,177179.84,128238.15,96224.97,76463.17,71056.73,56410.75,53104.50,39820.64,36097.84,31422.78,27365.63,21602.97,19215.51,15821.98,14212.60,13762.71,11688.23,11172.07,11424.07,9937.47,8309.75,6562.23,6461.80,5325.74,6077.10,5491.54,4864.55,5417.16,4678.52,4436.79,2832.44,2493.92,1448.05,2602.43,3061.13,6025.51,5805.63,5547.88,4824.67,4128.65
84380,84425,84402.5,66800.99,282.61,7.07,1.62,0.00,522387.31,344443.31,222499.64,178252.75,136613.70,125059.74,89488.00,67512.65,60458.36,47242.50,32786.57,28553.14,25954.62,25906.52,21000.02,17699.07,16107.47,14679.75,15087.20,11245.21,11464.82,9718.24,9031.80,8473.46,8249.62,6635.39,6270.49,6737.50,6332.70,5849.56,5585.27,4975.16,3296.57,1982.27,1666.11,2241.37,1821.17,3124.23,5625.62,5226.76,5118.61,4954.01,5054.11
84439,84484,84461.5,70255.07,281.55,6.97,1.62,0.00,581535.56,395104.06,261018.39,163061.09,129537.72,99106.07,87954.80,70027.70,60599.02,50149.81,41193.55,29894.49,27508.48,25065.25,21791.81,20083.88,15625.83,15007.30,11276.92,11790.54,10064.91,9095.53,8206.60,8219.04,7536.72,7396.68,6621.28,6327.42,6384.03,5815.23,5496.27,4124.30,2815.54,2029.87,2155.80,1970.77,1888.20,3823.01,5362.64,4898.52,5802.31,5439.14,4864.79
84498,84543,84520.5,66861.67,264.21,6.48,1.62,0.00,521264.28,350636.19,248069.19,193851.16,137667.77,108158.35,83011.95,66852.61,55913.06,42314.57,36326.35,32486.09,25119.68,23075.37,19500.38,16873.76,13799.29,13860.28,11893.60,12187.66,10125.72,9934.34,8391.09,8248.27,7403.74,7717.81,6190.10,6418.72,5773.45,4740.77,4130.32,3791.80,3682.27,2219.43,2290.09,2765.78,2415.48,2298.88,5177.46,5419.93,4163.76,4049.18,4220.62
84557,84602,84579.5,69717.45,290.05,7.24,1.61,0.00,580046.19,367730.78,271205.66,182769.19,138497.58,107780.23,75101.66,65205.00,52717.21,39805.62,35447.61,28763.30,26515.05,19734.68,15101.38,12706.97,16506.71,18118.94,19844.17,17989.41,13358.23,10952.15,9084.62,6902.13,6142.18,5491.07,5088.54,7467.29,8136.97,8431.55,8077.47,6700.73,4370.78,2905.74,206.71,290.73,369.89,2616.26,4931.17,5558.12,6116.25,5662.54,5876.32
84616,84661,84638.5,63623.83,297.44,7.40,1.57,0.00,463714.53,297288.75,233557.34,201028.25,142180.16,102854.73,74976.25,63043.88,47583.26,44949.04,35321.26,32962.57,29632.04,23586.56,19854.48,17830.80,16351.35,13958.84,13075.32,12443.38,9265.33,11214.75,8880.16,9195.87,8107.39,9051.55,8966.99,8881.39,7876.77,6744.67,6326.29,5407.15,3055.14,3450.17,2360.84,2287.35,2753.42,3965.60,6043.99,5299.04,5921.22,4972.30,4733.29
84675,84720,84697.5,71138.87,280.58,6.77,1.52,0.00,552091.06,362318.72,261742.88,204061.36,150254.69,108977.14,87259.86,76433.41,61751.40,49528.73,40321.76,31317.72,28749.11,26602.58,22347.85,20258.55,16560.54,15823.51,15351.03,11364.11,9792.66,8922.17,8976.07,8861.83,7787.77,7829.39,7428.46,7819.70,7091.37,5113.81,3957.27,2946.93,2401.83,1920.83,2085.66,4254.56,3129.76,4156.87,5115.36,5159.97,5336.40,4505.44,4389.25
84734,84779,84756.5,82083.16,233.63,4.97,1.46,686193.50,473117.72,282144.09,235636.45,166130.62,130698.05,99488.70,77424.60,57724.03,49603.26,39953.38,34984.96,31052.13,26406.92,23265.16,20884.08,17025.44,15426.94,12438.42,11706.48,12160.79,11835.14,10121.11,8957.45,8069.99,6901.00,6903.35,5986.36,6676.26,5721.98,4914.80,4919.92,3840.30,2988.26,2459.99,2670.90,3234.96,2227.87,3525.17,4585.39,4259.67,3798.72,4124.88,4471.29
84793,84838,84815.5,53323.79,154.71,3.33,1.42,484954.44,289751.81,203297.22,137630.41,103573.89,77167.28,66630.76,47230.43,36168.06,33537.71,23318.81,19634.24,16294.71,16236.46,14005.67,11521.83,9142.71,7853.34,8909.41,8481.49,7016.81,7070.46,7334.94,5411.79,4789.88,3987.59,4332.91,4664.44,5475.02,4969.08,4680.04,4379.71,3057.98,1943.69,1689.77,1497.63,1292.73,1110.54,1386.51,3097.25,2880.88,3048.30,3014.30,2888.30
84852,84897,84874.5,76721.76,262.79,6.36,1.39,647208.06,408615.25,318619.19,237560.98,146448.86,111406.01,76096.64,58363.60,56352.68,48655.48,40928.87,28841.62,26859.82,26236.97,21035.68,19390.58,16287.01,14932.83,11700.16,11283.54,9365.68,8604.92,7186.47,7254.47,7550.69,6681.67,6580.10,6945.29,5838.40,5909.19,4426.76,3393.29,3156.54,2389.10,1699.50,2350.38,2154.05,1773.21,3586.02,6185.63,6236.74,6552.86,5871.89,6579.54
84911,84956,84933.5,141909.14,592.56,14.67,1.31,1127244.88,722918.56,513172.44,390570.00,288659.78,222051.34,172727.25,139909.09,108659.17,94340.73,78362.44,70377.98,59800.44,46838.46,39998.25,37874.24,33512.88,31263.39,29931.41,25619.24,25196.27,20477.88,20370.24,16808.35,17512.66,15015.03,15601.77,16125.95,15905.84,10743.01,10932.51,9245.73,6588.41,3394.14,3567.27,6687.35,4128.99,3375.16,13331.67,15126.34,15910.73,14226.81,13437.28,13550.55
