Data/Raw/MOORE,RICHARD/FIREXAQ-LARGE-SMPS_DC8_20190816_R0.ict
88,1001
Richard Moore, Elizabeth Wiggins, Edward Winstead, Claire Robinson, Lee Thornhill, and Kevin Sanchez
NASA Langley Research Center
In-situ Submicron Particle Size Distributions from a SMPS on the NASA DC-8
FIREXAQ
1,1
2019,08,16,2020,03,10
0
Time_start,Secs after midnight,Time of acquisition
50
1,1,1,1,1,1,1,1,1,1,1,1,1,1,1,1,1,1,1,1,1,1,1,1,1,1,1,1,1,1,1,1,1,1,1,1,1,1,1,1,1,1,1,1,1,1,1,1,1,1
-9999,-9999,-9999,-9999,-9999,-9999,-9999,-9999,-9999,-9999,-9999,-9999,-9999,-9999,-9999,-9999,-9999,-9999,-9999,-9999,-9999,-9999,-9999,-9999,-9999,-9999,-9999,-9999,-9999,-9999,-9999,-9999,-9999,-9999,-9999,-9999,-9999,-9999,-9999,-9999,-9999,-9999,-9999,-9999,-9999,-9999,-9999,-9999,-9999,-9999
Time_stop,Secs after midnight,Time of acquisition
Time_mid,Secs after midnight,Time of acquisition
nSMPS_stdPT,#/cm3,AerMP_NumConc_InSitu_RHd_Mobility_NucltoAccu_STP,integrated_number_density
sSMPS_stdPT,um2/cm3,AerMP_SurfAreaConc_InSitu_RHd_Mobility_NucltoAccu_STP,integrated_surface_area
vSMPS_stdPT,um3/cm3,AerMP_VolConc_InSitu_RHd_Mobility_NucltoAccu_STP,integrated_volume
SMPS_stdPT, unitless, None, conversion between ambient PT and standard PT (1013, 273)
SMPS_bin00_stdPT,#/cm3,AerMP_NumSizeDist_InSitu_RHd_Mobility_NucltoAccu_STP,Binned number size distribution (in dNdlogDp) measured by the SMPS
SMPS_bin01_stdPT,#/cm3,AerMP_NumSizeDist_InSitu_RHd_Mobility_NucltoAccu_STP,Binned number size distribution (in dNdlogDp) measured by the SMPS
SMPS_bin02_stdPT,#/cm3,AerMP_NumSizeDist_InSitu_RHd_Mobility_NucltoAccu_STP,Binned number size distribution (in dNdlogDp) measured by the SMPS
SMPS_bin03_stdPT,#/cm3,AerMP_NumSizeDist_InSitu_RHd_Mobility_NucltoAccu_STP,Binned number size distribution (in dNdlogDp) measured by the SMPS
SMPS_bin04_stdPT,#/cm3,AerMP_NumSizeDist_InSitu_RHd_Mobility_NucltoAccu_STP,Binned number size distribution (in dNdlogDp) measured by the SMPS
SMPS_bin05_stdPT,#/cm3,AerMP_NumSizeDist_InSitu_RHd_Mobility_NucltoAccu_STP,Binned number size distribution (in dNdlogDp) measured by the SMPS
SMPS_bin06_stdPT,#/cm3,AerMP_NumSizeDist_InSitu_RHd_Mobility_NucltoAccu_STP,Binned number size distribution (in dNdlogDp) measured by the SMPS
SMPS_bin07_stdPT,#/cm3,AerMP_NumSizeDist_InSitu_RHd_Mobility_NucltoAccu_STP,Binned number size distribution (in dNdlogDp) measured by the SMPS
SMPS_bin08_stdPT,#/cm3,AerMP_NumSizeDist_InSitu_RHd_Mobility_NucltoAccu_STP,Binned number size distribution (in dNdlogDp) measured by the SMPS
SMPS_bin09_stdPT,#/cm3,AerMP_NumSizeDist_InSitu_RHd_Mobility_NucltoAccu_STP,Binned number size distribution (in dNdlogDp) measured by the SMPS
SMPS_bin10_stdPT,#/cm3,AerMP_NumSizeDist_InSitu_RHd_Mobility_NucltoAccu_STP,Binned number size distribution (in dNdlogDp) measured by the SMPS
SMPS_bin11_stdPT,#/cm3,AerMP_NumSizeDist_InSitu_RHd_Mobility_NucltoAccu_STP,Binned number size distribution (in dNdlogDp) measured by the SMPS
SMPS_bin12_stdPT,#/cm3,AerMP_NumSizeDist_InSitu_RHd_Mobility_NucltoAccu_STP,Binned number size distribution (in dNdlogDp) measured by the SMPS
SMPS_bin13_stdPT,#/cm3,AerMP_NumSizeDist_InSitu_RHd_Mobility_NucltoAccu_STP,Binned number size distribution (in dNdlogDp) measured by the SMPS
SMPS_bin14_stdPT,#/cm3,AerMP_NumSizeDist_InSitu_RHd_Mobility_NucltoAccu_STP,Binned number size distribution (in dNdlogDp) measured by the SMPS
[...]
UNCERTAINTY:  20%
ULOD_FLAG: -7777
ULOD_VALUE: N/A
LLOD_FLAG: -8888
LLOD_VALUE: N/A
DM_CONTACT_INFO: Lee Thornhill (Kenneth.L.Thornhill@nasa.gov)
PROJECT_INFO: FIREX-AQ
STIPULATIONS_ON_USE: No stipulations on use. The user is encouraged to contact the PI or DM prior to use.
OTHER_COMMENTS: Midpoint diameters of Bins 00 to 43 are: 0.011,0.012,0.013,0.014,0.015,0.016,0.017,0.018,0.019,0.021,0.022,0.024,0.026,0.028,0.030,0.032,0.035,0.037,0.040,0.043,0.046,0.050,0.053,0.057,0.061,0.066,0.071,0.076,0.082,0.088,0.095,0.102,0.109,0.118,0.126,0.136,0.146,0.157,0.168,0.181,0.194,0.209,0.225,0.241
REVISION: R0
R0: Final Data. Data are corrected for time lags and ammonium sulfate size calibrations.
*******************************************************************************************************************************
Time_start,Time_stop,Time_mid,nSMPS_stdPT,sSMPS_stdPT,vSMPS_stdPT,SMPS_stdPT,SMPS_bin00_stdPT,SMPS_bin01_stdPT,SMPS_bin02_stdPT,SMPS_bin03_stdPT,SMPS_bin04_stdPT,SMPS_bin05_stdPT,SMPS_bin06_stdPT,SMPS_bin07_stdPT,SMPS_bin08_stdPT,SMPS_bin09_stdPT,SMPS_bin10_stdPT,SMPS_bin11_stdPT,SMPS_bin12_stdPT,SMPS_bin13_stdPT,SMPS_bin14_stdPT,SMPS_bin15_stdPT,SMPS_bin16_stdPT,SMPS_bin17_stdPT,SMPS_bin18_stdPT,SMPS_bin19_stdPT,SMPS_bin20_stdPT,SMPS_bin21_stdPT,SMPS_bin22_stdPT,SMPS_bin23_stdPT,SMPS_bin24_stdPT,SMPS_bin25_stdPT,SMPS_bin26_stdPT,SMPS_bin27_stdPT,SMPS_bin28_stdPT,SMPS_bin29_stdPT,SMPS_bin30_stdPT,SMPS_bin31_stdPT,SMPS_bin32_stdPT,SMPS_bin33_stdPT,SMPS_bin34_stdPT,SMPS_bin35_stdPT,SMPS_bin36_stdPT,SMPS_bin37_stdPT,SMPS_bin38_stdPT,SMPS_bin39_stdPT,SMPS_bin40_stdPT,SMPS_bin41_stdPT,SMPS_bin42_stdPT,SMPS_bin43_stdPT
[from data line 266]
96596,96641,96618.5,11617.08,115.39,3.30,1.78,0.00,0.00,49328.08,36335.15,34782.60,32523.48,28599.83,23959.85,21528.65,21185.46,17715.41,13167.56,11860.00,9830.58,9738.78,5108.05,4588.61,3269.57,2992.92,1947.77,1327.20,1245.09,412.18,626.81,826.39,960.19,1399.92,1548.72,1404.10,1221.48,1978.52,1846.04,1011.16,2038.45,1571.76,2139.60,2187.06,2392.75,2765.48,3036.86,3069.76,2251.33,2171.02,2048.82
96655,96700,96677.5,10870.34,270.59,8.92,1.78,0.00,0.00,37964.27,30240.01,22404.21,19358.59,15496.40,21822.62,18699.46,17041.45,17193.68,12883.99,10586.07,10543.18,7514.55,6209.30,5094.18,3264.88,3322.28,1989.43,1279.78,916.25,1920.10,803.88,1256.47,1473.51,2013.78,1288.26,2190.93,2278.92,2465.43,1299.72,2263.73,2899.46,3080.13,2923.46,4405.38,6249.41,5437.51,5693.70,7828.31,7133.00,6234.38,5185.01
96714,96759,96736.5,6087.85,199.39,6.73,1.81,0.00,0.00,8809.59,9825.29,8871.36,11569.16,9290.87,8997.18,10392.35,8307.29,9045.61,8589.21,7504.09,6540.37,7100.12,5089.00,4345.67,3336.67,2608.20,2523.74,1388.85,1265.61,997.49,831.16,734.04,1377.12,1439.17,1137.44,1786.30,2180.97,1564.65,1630.95,2491.36,312.99,0.00,1131.91,3365.45,2658.44,3941.02,4436.09,6224.75,6183.50,5145.49,3945.30
96773,96818,96795.5,2838.47,58.05,1.75,1.87,0.00,0.00,0.00,4893.73,5062.77,6090.69,9473.63,4058.95,3946.20,6067.06,4701.06,5513.12,2959.35,2704.48,2233.45,1922.09,2138.36,1550.61,1826.17,1167.07,767.90,730.66,970.44,668.82,559.24,614.17,868.74,695.49,1156.80,1094.99,1209.01,726.85,1063.17,1244.55,883.64,482.28,1133.49,713.17,1156.11,1099.21,1711.61,1459.41,1169.17,1224.03
96832,96877,96854.5,2140.26,28.15,0.76,1.93,0.00,0.00,5496.89,3692.99,6798.44,3171.03,4129.23,5194.70,2584.24,2122.52,2411.27,2887.71,3117.61,1969.03,1873.68,1176.04,1432.36,1385.77,1217.37,1106.68,1104.94,963.28,894.72,859.36,517.35,1021.65,875.51,1004.75,1210.92,851.60,624.65,424.55,462.09,560.05,517.93,389.57,314.49,512.56,618.74,458.90,706.02,428.21,630.06,260.61
96891,96936,96913.5,1392.21,14.36,0.35,2.02,0.00,0.00,0.00,1192.34,3059.60,3639.88,1858.29,1492.54,862.89,3658.33,1293.29,2615.32,2563.00,2861.33,3148.74,1609.64,2151.42,1445.43,1115.85,737.33,821.31,418.98,588.46,778.84,454.41,485.08,496.42,719.58,235.26,526.28,385.25,466.78,286.74,122.26,286.63,420.22,133.05,232.91,259.81,197.66,110.95,233.79,74.86,252.34
96950,96995,96972.5,2074.89,12.98,0.27,2.13,0.00,0.00,0.00,14688.60,2714.77,3846.10,4737.10,3126.64,3683.36,3429.18,4023.95,4470.31,3149.38,2159.04,1601.29,1743.52,1114.92,1239.79,671.00,458.22,698.15,533.63,544.44,578.04,782.47,563.05,764.69,796.23,542.04,252.58,336.16,411.32,163.44,320.67,340.62,578.55,317.69,153.45,242.50,108.32,58.44,65.71,153.60,31.98
97009,97054,97031.5,897.28,9.45,0.20,2.25,0.00,0.00,0.00,0.00,0.00,5162.08,1595.34,2719.99,1025.05,831.05,1891.84,1504.53,1151.65,749.91,774.61,588.81,445.38,663.76,455.17,156.09,689.06,620.95,566.12,532.11,1051.02,595.61,643.81,488.83,389.78,505.41,475.87,417.93,221.45,302.83,308.43,259.20,66.64,308.11,30.87,84.17,78.79,141.53,57.86,28.48
97068,97113,97090.5,1313.72,7.47,0.15,2.36,0.00,0.00,0.00,0.00,10868.38,2495.48,5444.04,5138.39,3814.18,1396.96,1219.69,743.32,874.91,555.34,736.36,360.67,465.51,534.69,464.81,422.66,521.84,486.99,525.65,350.52,261.47,568.88,396.97,402.95,490.39,268.30,321.10,666.62,208.92,240.50,20.85,187.86,33.29,99.87,58.55,40.68,70.21,71.15,96.65,37.37
97127,97172,97149.5,3068.15,9.17,0.13,2.41,0.00,0.00,0.00,0.00,19081.46,17617.04,16241.66,6794.22,7152.20,5680.92,3438.09,2751.41,2469.38,1930.73,2070.17,1239.63,819.86,929.07,1109.66,813.76,1100.58,1083.23,568.50,881.49,690.95,689.06,223.34,232.28,274.78,307.83,418.25,365.67,170.63,200.72,210.76,126.85,105.50,62.17,67.69,43.24,0.00,121.41,58.17,0.00
97186,97231,97208.5,1965.19,7.42,0.12,2.41,0.00,0.00,0.00,0.00,12837.06,12539.14,4124.10,4728.24,1620.06,3554.05,3762.45,2493.03,2032.54,1406.87,1820.95,1760.82,1663.90,1200.76,491.65,923.46,430.36,474.32,529.65,522.44,534.43,316.07,469.59,598.69,158.60,269.54,309.61,183.92,235.44,203.88,136.78,62.84,111.17,33.74,106.57,12.86,34.79,117.36,0.00,36.42
97245,97290,97267.5,1464.49,6.50,0.09,2.41,0.00,0.00,0.00,0.00,6090.38,3731.41,3554.97,4258.05,1365.45,4266.59,2880.33,2567.63,1901.64,1207.44,2146.38,1511.30,1761.31,736.48,1384.85,1024.29,754.34,773.63,399.52,353.09,502.98,666.43,501.55,468.37,291.12,579.61,351.33,181.19,97.76,75.80,94.00,44.82,127.50,33.68,33.88,34.06,48.84,23.42,0.00,0.00
97304,97349,97326.5,2414.66,9.88,0.15,2.41,0.00,0.00,0.00,0.00,7850.06,16421.14,8528.04,6532.60,5454.39,4889.41,3269.49,2709.21,2237.16,1394.81,2185.95,2171.51,1847.36,1572.52,1239.93,1051.82,771.03,452.61,863.03,501.06,337.01,241.59,639.94,423.84,653.86,467.77,672.28,260.81,413.24,301.36,168.54,69.09,288.31,43.66,20.98,91.79,19.28,39.92,59.80,75.50
97363,97408,97385.5,1831.00,7.38,0.10,2.41,0.00,0.00,0.00,0.00,11789.57,9727.85,4167.41,4597.71,1331.26,3260.50,2447.56,2456.89,1846.25,1581.32,2554.00,1644.28,1491.20,1178.22,1095.97,805.25,774.65,253.47,517.05,359.46,463.91,344.90,400.06,560.44,437.81,545.60,535.43,523.28,181.09,254.09,95.92,66.60,63.03,24.53,50.37,68.38,0.00,23.62,36.20,36.96
97422,97467,97444.5,2242.92,8.53,0.12,2.37,0.00,0.00,0.00,0.00,22016.38,10434.73,3673.90,4860.84,4150.92,3850.83,2120.30,2108.27,1985.43,1207.51,1720.68,1093.34,850.17,1041.78,754.51,788.85,547.26,1095.15,1312.33,1094.31,791.95,549.59,513.86,466.22,363.43,332.27,355.46,283.89,321.59,246.35,139.16,49.33,235.87,148.19,73.60,84.02,54.28,57.02,0.00,0.00
97481,97526,97503.5,1619.00,11.58,0.20,2.26,0.00,0.00,0.00,0.00,5053.25,7696.01,3291.82,7704.92,2575.88,1415.72,1458.08,1190.86,939.52,1485.03,2040.44,1066.72,966.14,799.65,1011.83,1266.60,588.95,1023.28,758.96,1081.88,943.47,724.38,771.11,917.85,642.84,659.23,779.55,511.11,520.69,329.33,302.03,398.72,154.19,233.59,248.58,10.02,117.30,68.28,35.07,0.00
97540,97585,97562.5,1410.61,10.03,0.15,2.13,0.00,0.00,0.00,5158.41,2557.45,5724.49,2464.87,3555.09,3199.86,835.19,859.91,1253.40,1097.89,715.57,914.95,713.29,797.75,1236.42,725.29,705.84,947.99,809.22,1022.53,888.81,799.34,1142.36,1001.63,1068.26,1067.57,933.67,726.50,607.95,643.31,148.71,102.85,292.86,102.29,90.26,69.57,60.20,0.00,35.80,28.44,0.00
97599,97644,97621.5,2355.28,9.68,0.14,2.01,0.00,0.00,0.00,9603.03,7801.43,6034.76,5340.66,7144.01,4983.41,4576.96,5033.75,3267.15,3030.79,2168.29,1924.20,1260.75,1177.95,903.27,720.24,855.95,737.66,988.35,441.27,600.35,794.39,865.00,665.41,819.49,1081.30,479.36,420.28,334.06,395.93,295.84,103.60,53.95,55.09,81.27,97.66,29.17,58.66,19.89,30.36,30.90
97659,97704,97681.5,1663.09,10.32,0.18,1.90,0.00,0.00,4699.55,7519.84,3769.08,2691.36,3117.07,2388.02,2825.88,1827.42,997.75,2103.35,1684.82,1246.92,1082.57,1531.96,869.84,1189.22,1177.29,866.80,1150.10,1460.92,882.21,846.15,1016.30,640.47,797.49,576.87,713.83,818.35,472.95,644.03,192.18,297.45,248.87,223.55,138.84,81.14,109.03,7.19,164.58,0.00,86.06,0.00
97718,97763,97740.5,2732.86,10.98,0.17,1.80,0.00,0.00,17099.93,12115.16,7809.21,6475.53,4983.62,2728.14,3720.00,3354.62,2644.42,2959.19,2301.72,1966.85,2048.87,1993.69,1537.99,1224.52,610.62,1086.27,662.61,874.52,1083.48,1267.61,867.77,938.39,869.79,516.44,718.38,340.39,315.35,283.76,358.83,379.85,282.50,252.77,184.61,218.45,94.60,92.48,78.24,53.23,0.00,0.00
97777,97822,97799.5,2030.18,10.78,0.17,1.71,0.00,0.00,4836.39,3748.37,5665.86,3930.37,4364.27,2384.70,3802.86,3653.03,3772.79,2859.93,2293.66,3272.25,2234.39,1772.43,1450.72,1285.48,1051.61,739.27,1100.52,846.70,1016.41,1007.46,1400.25,856.51,959.13,787.39,454.35,693.62,609.07,641.06,292.08,283.79,264.34,143.10,22.53,62.06,71.94,48.54,82.23,100.14,50.66,0.00
97836,97881,97858.5,5678.62,25.94,0.56,1.63,0.00,51270.38,28187.86,22431.09,14513.99,10162.73,6229.65,5212.20,5901.23,4860.46,3173.73,2150.66,1546.78,1575.76,988.28,1032.67,1345.57,997.83,993.87,1437.77,1155.91,709.20,1015.25,816.67,800.66,1142.65,943.18,1151.14,915.10,1338.63,1224.89,592.12,669.50,669.74,482.76,447.93,524.27,629.75,595.31,422.94,429.98,488.69,276.39,180.61
97895,97940,97917.5,6779.65,30.85,0.69,1.61,0.00,47074.86,48443.80,38618.79,17318.77,9387.71,10112.67,6185.13,3545.94,3235.89,2401.61,1332.74,1463.81,982.20,1768.09,1194.05,991.20,562.55,1023.83,869.99,938.04,735.66,1423.13,908.09,1007.09,968.56,1305.67,1339.43,1178.64,1365.75,1253.55,942.71,1178.24,792.26,609.85,422.09,388.81,390.93,574.03,824.79,495.84,480.38,384.73,381.71
97954,97999,97976.5,8036.18,33.23,0.73,1.61,0.00,84169.76,42616.45,29724.08,27130.32,15413.33,11018.96,6411.88,3538.06,4433.07,1743.21,1976.53,1194.52,852.68,1314.59,1131.96,873.78,630.17,656.09,504.16,740.20,1185.98,846.27,1230.15,1191.99,1473.36,1314.99,915.73,619.85,1180.34,1572.51,1418.56,1129.46,1153.66,966.94,722.99,570.13,677.48,493.71,551.06,356.54,551.45,456.37,289.84
98013,98058,98035.5,8405.67,33.63,0.75,1.61,0.00,77572.87,46321.04,36713.92,22619.59,19801.86,16868.32,9822.83,3985.77,3060.12,2749.16,1102.94,1508.11,1086.05,669.51,783.60,661.71,702.00,579.01,625.49,527.51,765.05,977.20,1392.06,1197.15,1562.74,1359.87,1433.34,1500.11,1606.45,883.55,901.07,902.98,777.71,593.86,1001.05,571.90,400.39,616.39,828.96,663.85,323.31,276.51,428.17
98072,98117,98094.5,9721.26,51.91,1.17,1.61,0.00,55524.83,49275.51,53796.85,33428.76,26053.18,16944.25,12177.44,9659.43,5275.61,3847.77,2399.06,1267.08,1238.59,953.47,1073.60,905.36,748.58,555.60,1346.94,1242.15,1597.94,2178.38,1652.75,1919.95,1811.42,1342.09,1450.84,2099.26,1958.83,2026.90,1764.87,1712.95,1639.12,1333.18,1586.00,1351.64,1152.65,907.77,922.35,843.78,823.39,583.51,355.68
98131,98176,98153.5,9519.33,41.76,0.94,1.61,0.00,88336.27,54583.06,37067.61,29197.59,19746.34,15917.18,8096.02,6552.92,4874.67,2510.89,1573.59,1169.07,1809.56,840.53,1102.40,991.51,794.28,687.46,1266.95,881.94,1303.83,1489.99,1049.27,1079.64,1985.64,2253.78,1418.73,1916.28,1683.28,1155.69,1249.23,1521.35,1025.65,930.56,851.50,975.46,627.86,817.24,951.91,728.46,395.20,422.67,421.74
98190,98235,98212.5,10372.54,64.39,1.61,1.61,0.00,81999.77,50395.49,43950.53,38040.94,27561.57,18155.26,11043.80,8108.60,5169.50,3167.68,2285.32,1067.15,940.32,876.93,703.44,772.54,649.46,1208.46,527.71,1001.64,766.72,1281.90,1439.98,1298.06,1363.92,1511.45,1360.41,1868.64,2540.91,1752.74,1526.37,1860.78,1884.69,1619.20,1277.74,1624.96,1767.84,1337.60,1596.80,1380.96,1316.92,694.40,708.70
98249,98294,98271.5,7663.64,34.62,0.77,1.62,0.00,49513.27,52118.73,27024.42,25272.86,17583.15,16158.37,9291.56,6545.63,5640.69,3164.32,2879.86,1630.12,1095.54,696.04,463.07,802.43,774.16,1011.48,1038.67,1085.34,969.46,1077.69,1127.51,1218.29,1508.52,972.14,1317.21,1361.91,1071.91,1041.14,1285.99,1072.37,1268.62,995.37,593.19,714.61,587.16,660.54,623.36,537.27,527.56,312.22,270.01
98308,98353,98330.5,4951.20,266.47,9.27,1.71,0.00,0.00,23033.11,9486.95,11273.18,3945.35,6757.05,6983.51,3422.92,2686.53,1914.78,1970.67,1231.53,536.42,254.00,906.48,458.76,826.82,654.09,422.85,528.78,290.19,706.73,1011.53,1468.34,1306.88,2233.71,2163.30,2622.96,2773.17,2407.11,1823.09,1613.95,1205.48,1147.64,1694.13,4278.88,3630.48,5212.83,5913.06,9027.12,7372.42,7051.02,5743.65
98367,98412,98389.5,8625.55,219.91,7.07,1.72,0.00,0.00,44329.66,36964.55,34812.12,19803.44,15359.73,13614.15,9453.82,7614.58,4051.52,3449.38,2307.52,1330.99,1050.55,894.75,940.60,988.30,893.81,801.00,1188.13,939.62,1100.27,770.30,1279.74,1564.97,1529.72,2608.30,2474.29,3276.14,3369.79,2716.52,2924.72,1755.26,1081.61,1943.84,2091.36,3674.23,5398.52,7080.05,7323.18,6501.99,6090.23,4907.95
98426,98471,98448.5,6694.35,284.17,9.18,1.72,0.00,0.00,29664.76,15469.33,20208.71,11934.92,9050.72,6999.67,5831.86,3915.37,3287.22,1862.36,2434.50,1192.66,754.70,484.11,570.66,1027.51,943.36,1055.09,960.25,1196.78,1444.30,1333.02,1665.57,2001.66,2175.86,1747.74,1452.11,625.48,2448.21,1444.74,2360.48,3449.69,4077.85,5040.11,5267.14,7935.67,7511.63,7119.50,10211.66,8887.49,5995.27,6338.41
98485,98530,98507.5,8517.12,551.75,17.98,1.72,0.00,0.00,15774.46,8550.25,11204.38,8340.94,4447.90,4842.57,4659.43,5298.28,3549.20,1597.88,1976.73,1649.97,1748.49,2284.06,2108.26,2153.62,1898.17,2240.32,1864.52,1695.89,1215.11,1413.93,2048.85,1699.33,2884.94,4433.29,4209.52,3747.58,7482.81,5872.37,4353.43,5255.95,10303.75,10337.55,9643.75,9376.48,12902.27,14524.22,19144.55,17529.77,15231.22,11447.55
98544,98589,98566.5,8478.93,452.97,14.18,1.72,0.00,0.00,11459.39,7493.65,8006.46,5541.64,6077.38,3106.87,6260.56,6356.55,7267.82,5279.63,4071.78,5646.39,4717.76,5418.70,4149.50,3739.20,2962.71,2896.71,2249.35,2702.06,1851.71,1628.00,1964.19,2173.00,2436.44,3967.10,4722.14,5541.65,5795.09,7698.91,6227.55,7514.17,7436.18,7985.94,9330.93,11514.07,11560.12,13156.44,14649.02,13238.73,10537.51,8857.31
98603,98648,98625.5,7341.07,245.24,7.50,1.72,0.00,0.00,6797.51,8601.11,8560.57,8110.34,13090.17,11194.79,11310.77,10532.67,10133.99,10009.00,9437.95,7573.28,6398.13,5566.34,3525.13,2394.96,1763.31,2033.00,1898.55,1707.24,1128.14,1471.56,1627.87,1249.31,2982.88,2257.75,2453.82,3610.99,4268.13,5043.25,5555.98,4677.66,4096.52,4980.34,5067.82,4677.24,3787.70,6361.34,7959.04,6602.28,6220.15,4978.38
98662,98707,98684.5,8474.14,116.50,3.27,1.72,0.00,0.00,35089.30,23913.45,20662.64,20703.33,19188.32,17857.13,16586.32,12594.07,12526.51,10465.05,7663.08,6758.41,4610.18,3660.06,2624.00,1715.90,1504.70,1184.73,1119.00,999.54,1100.37,854.85,1031.00,1302.04,2082.91,1873.06,2162.88,2154.45,2263.62,2100.38,2645.05,2845.53,2647.82,2966.89,3278.40,3107.63,1978.64,2439.27,2744.95,2629.80,2216.54,1684.09
98721,98766,98743.5,8861.11,71.95,1.95,1.73,0.00,0.00,44711.18,33223.83,24383.94,30101.58,20729.44,17911.17,14402.14,12638.36,12436.40,10838.11,7745.97,6770.07,3865.08,4000.18,2356.00,1977.92,1495.86,1258.94,896.29,676.89,801.86,1229.65,1372.50,928.99,1262.07,1596.74,1346.29,1582.68,1927.06,1921.79,2235.42,1285.97,967.98,1251.75,1073.51,1145.40,1404.48,1252.56,1531.50,1664.08,1067.08,1010.58
98780,98825,98802.5,10685.99,96.25,2.73,1.73,0.00,0.00,59819.46,47919.13,33180.77,30846.93,20141.46,25132.99,16847.47,12852.98,11568.45,10937.26,8645.30,6890.66,5908.37,3504.64,2591.72,1642.02,1671.18,1098.77,717.63,1127.95,1037.96,712.49,1042.02,1622.66,1790.67,1776.09,2394.26,2223.03,1488.72,1921.40,1829.63,1390.25,1408.50,1227.31,1700.87,1887.52,2036.13,2304.08,2163.47,2138.20,1589.51,1209.54
98839,98884,98861.5,9689.24,158.16,4.68,1.73,0.00,0.00,33030.29,36224.35,25698.23,26635.67,17783.60,16440.69,16697.21,14473.22,15459.49,9657.96,9148.46,6460.87,6976.56,4135.85,4004.38,2126.65,1902.65,1337.24,1022.52,1201.93,1065.03,1485.51,1689.58,1542.73,1506.63,2565.58,1817.53,1652.60,1059.64,2132.03,2154.76,2520.88,3799.81,3250.56,2167.47,3581.05,3731.21,4352.60,4797.98,4761.20,3453.37,2479.85
98898,98943,98920.5,9097.32,326.00,10.35,1.73,0.00,0.00,19389.88,18103.02,15502.05,14296.14,14605.65,12031.22,12986.57,11076.53,8581.16,9095.89,8013.45,8837.54,7150.15,5345.90,4591.78,3791.15,1661.56,1838.70,1427.74,1661.59,1530.17,1878.93,1369.37,1740.58,2271.74,2830.21,1991.73,2382.50,2406.18,3509.22,4734.72,4077.02,5142.60,4737.58,5165.29,5931.26,10049.00,10276.01,9493.48,9052.58,8045.16,7691.49
98957,99002,98979.5,8500.31,477.59,15.48,1.73,0.00,0.00,7524.00,8796.90,6526.82,8615.79,6916.42,3761.31,6992.42,9867.89,6982.68,5087.22,6654.29,5865.36,5820.18,3570.75,3770.01,2743.77,2835.28,2317.74,2250.80,2687.99,2648.14,2076.26,1785.19,1705.52,2515.17,3279.61,4153.14,4805.05,4573.24,5822.07,5537.55,7715.39,5781.63,7436.79,7005.56,10561.58,10764.99,13191.32,15504.91,13426.01,13323.82,9751.70
