Data/Raw/MOORE,RICHARD/FIREXAQ-LARGE-SMPS_DC8_20190807_R0.ict
88,1001
Richard Moore, Elizabeth Wiggins, Edward Winstead, Claire Robinson, Lee Thornhill, and Kevin Sanchez
NASA Langley Research Center
In-situ Submicron Particle Size Distributions from a SMPS on the NASA DC-8
FIREXAQ
1,1
2019,08,07,2020,03,10
0
Time_start,Secs after midnight,Time of acquisition
50
1,1,1,1,1,1,1,1,1,1,1,1,1,1,1,1,1,1,1,1,1,1,1,1,1,1,1,1,1,1,1,1,1,1,1,1,1,1,1,1,1,1,1,1,1,1,1,1,1,1
-9999,-9999,-9999,-9999,-9999,-9999,-9999,-9999,-9999,-9999,-9999,-9999,-9999,-9999,-9999,-9999,-9999,-9999,-9999,-9999,-9999,-9999,-9999,-9999,-9999,-9999,-9999,-9999,-9999,-9999,-9999,-9999,-9999,-9999,-9999,-9999,-9999,-9999,-9999,-9999,-9999,-9999,-9999,-9999,-9999,-9999,-9999,-9999,-9999,-9999
Time_stop,Secs after midnight,Time of acquisition
Time_mid,Secs after midnight,Time of acquisition
nSMPS_stdPT,#/cm3,AerMP_NumConc_InSitu_RHd_Mobility_NucltoAccu_STP,integrated_number_density
sSMPS_stdPT,um2/cm3,AerMP_SurfAreaConc_InSitu_RHd_Mobility_NucltoAccu_STP,integrated_surface_area
vSMPS_stdPT,um3/cm3,AerMP_VolConc_InSitu_RHd_Mobility_NucltoAccu_STP,integrated_volume
SMPS_stdPT, unitless, None, conversion between ambient PT and standard PT (1013, 273)
SMPS_bin00_stdPT,#/cm3,AerMP_NumSizeDist_InSitu_RHd_Mobility_NucltoAccu_STP,Binned number size distribution (in dNdlogDp) measured by the SMPS
SMPS_bin01_stdPT,#/cm3,AerMP_NumSizeDist_InSitu_RHd_Mobility_NucltoAccu_STP,Binned number size distribution (in dNdlogDp) measured by the SMPS
SMPS_bin02_stdPT,#/cm3,AerMP_NumSizeDist_InSitu_RHd_Mobility_NucltoAccu_STP,Binned number size distribution (in dNdlogDp) measured by the SMPS
SMPS_bin03_stdPT,#/cm3,AerMP_NumSizeDist_InSitu_RHd_Mobility_NucltoAccu_STP,Binned number size distribution (in dNdlogDp) measured by the SMPS
SMPS_bin04_stdPT,#/cm3,AerMP_NumSizeDist_InSitu_RHd_Mobility_NucltoAccu_STP,Binned number size distribution (in dNdlogDp) measured by the SMPS
SMPS_bin05_stdPT,#/cm3,AerMP_NumSizeDist_InSitu_RHd_Mobility_NucltoAccu_STP,Binned number size distribution (in dNdlogDp) measured by the SMPS
SMPS_bin06_stdPT,#/cm3,AerMP_NumSizeDist_InSitu_RHd_Mobility_NucltoAccu_STP,Binned number size distribution (in dNdlogDp) measured by the SMPS
SMPS_bin07_stdPT,#/cm3,AerMP_NumSizeDist_InSitu_RHd_Mobility_NucltoAccu_STP,Binned number size distribution (in dNdlogDp) measured by the SMPS
SMPS_bin08_stdPT,#/cm3,AerMP_NumSizeDist_InSitu_RHd_Mobility_NucltoAccu_STP,Binned number size distribution (in dNdlogDp) measured by the SMPS
SMPS_bin09_stdPT,#/cm3,AerMP_NumSizeDist_InSitu_RHd_Mobility_NucltoAccu_STP,Binned number size distribution (in dNdlogDp) measured by the SMPS
SMPS_bin10_stdPT,#/cm3,AerMP_NumSizeDist_InSitu_RHd_Mobility_NucltoAccu_STP,Binned number size distribution (in dNdlogDp) measured by the SMPS
SMPS_bin11_stdPT,#/cm3,AerMP_NumSizeDist_InSitu_RHd_Mobility_NucltoAccu_STP,Binned number size distribution (in dNdlogDp) measured by the SMPS
SMPS_bin12_stdPT,#/cm3,AerMP_NumSizeDist_InSitu_RHd_Mobility_NucltoAccu_STP,Binned number size distribution (in dNdlogDp) measured by the SMPS
SMPS_bin13_stdPT,#/cm3,AerMP_NumSizeDist_InSitu_RHd_Mobility_NucltoAccu_STP,Binned number size distribution (in dNdlogDp) measured by the SMPS
SMPS_bin14_stdPT,#/cm3,AerMP_NumSizeDist_InSitu_RHd_Mobility_NucltoAccu_STP,Binned number size distribution (in dNdlogDp) measured by the SMPS
[...]
UNCERTAINTY:  20%
ULOD_FLAG: -7777
ULOD_VALUE: N/A
LLOD_FLAG: -8888
LLOD_VALUE: N/A
DM_CONTACT_INFO: Lee Thornhill (Kenneth.L.Thornhill@nasa.gov)
PROJECT_INFO: FIREX-AQ
STIPULATIONS_ON_USE: No stipulations on use. The user is encouraged to contact the PI or DM prior to use.
OTHER_COMMENTS: Midpoint diameters of Bins 00 to 43 are: 0.011,0.012,0.013,0.014,0.015,0.016,0.017,0.018,0.019,0.021,0.022,0.024,0.026,0.028,0.030,0.032,0.035,0.037,0.040,0.043,0.046,0.050,0.053,0.057,0.061,0.066,0.071,0.076,0.082,0.088,0.095,0.102,0.109,0.118,0.126,0.136,0.146,0.157,0.168,0.181,0.194,0.209,0.225,0.241
REVISION: R0
R0: Final Data. Data are corrected for time lags and ammonium sulfate size calibrations.
*******************************************************************************************************************************
Time_start,Time_stop,Time_mid,nSMPS_stdPT,sSMPS_stdPT,vSMPS_stdPT,SMPS_stdPT,SMPS_bin00_stdPT,SMPS_bin01_stdPT,SMPS_bin02_stdPT,SMPS_bin03_stdPT,SMPS_bin04_stdPT,SMPS_bin05_stdPT,SMPS_bin06_stdPT,SMPS_bin07_stdPT,SMPS_bin08_stdPT,SMPS_bin09_stdPT,SMPS_bin10_stdPT,SMPS_bin11_stdPT,SMPS_bin12_stdPT,SMPS_bin13_stdPT,SMPS_bin14_stdPT,SMPS_bin15_stdPT,SMPS_bin16_stdPT,SMPS_bin17_stdPT,SMPS_bin18_stdPT,SMPS_bin19_stdPT,SMPS_bin20_stdPT,SMPS_bin21_stdPT,SMPS_bin22_stdPT,SMPS_bin23_stdPT,SMPS_bin24_stdPT,SMPS_bin25_stdPT,SMPS_bin26_stdPT,SMPS_bin27_stdPT,SMPS_bin28_stdPT,SMPS_bin29_stdPT,SMPS_bin30_stdPT,SMPS_bin31_stdPT,SMPS_bin32_stdPT,SMPS_bin33_stdPT,SMPS_bin34_stdPT,SMPS_bin35_stdPT,SMPS_bin36_stdPT,SMPS_bin37_stdPT,SMPS_bin38_stdPT,SMPS_bin39_stdPT,SMPS_bin40_stdPT,SMPS_bin41_stdPT,SMPS_bin42_stdPT,SMPS_bin43_stdPT
[from data line 141]
83943,83988,83965.5,758.88,8.81,0.18,2.36,0.00,0.00,0.00,0.00,1187.30,0.02,1192.30,1380.80,555.23,630.35,153.54,998.33,963.81,1022.35,1311.89,707.35,1176.09,1124.02,1041.20,548.11,1664.40,691.54,924.11,1019.09,778.02,1150.76,918.14,432.59,327.78,468.18,240.23,203.31,47.24,154.62,169.77,287.47,50.72,178.28,91.43,157.32,58.14,72.71,82.81,43.71
84002,84047,84024.5,1120.55,15.29,0.34,2.28,0.00,0.00,0.00,0.00,5522.75,403.96,3270.53,411.87,317.86,941.02,1141.09,1111.37,1081.96,209.68,1007.32,1293.95,1009.33,971.67,913.02,1190.23,1214.83,688.12,1468.75,1386.73,1539.45,861.35,1183.36,1007.81,778.84,817.07,350.98,624.44,547.46,347.37,252.67,380.71,169.20,285.98,130.80,333.37,120.73,87.94,95.43,184.87
84061,84106,84083.5,1341.09,12.94,0.23,2.05,0.00,0.00,0.00,1194.17,1865.18,2974.81,1383.34,2478.10,1686.90,1028.80,1271.90,629.67,1208.19,842.57,1200.29,1477.09,1779.76,1512.61,1753.97,1779.44,1807.20,2076.28,2209.49,1712.79,1449.79,906.73,1085.60,940.87,997.54,899.60,585.66,193.49,381.05,109.54,241.03,131.58,235.29,200.56,149.47,79.15,130.62,168.80,46.94,77.11
84120,84165,84142.5,994.41,7.95,0.13,1.86,0.00,0.00,3623.14,1608.60,1129.08,1704.39,966.91,442.50,736.19,1313.04,903.20,1195.92,966.30,552.31,812.57,1485.64,1272.77,1267.13,1083.24,1192.65,631.23,944.86,1192.67,1011.29,1019.95,933.20,656.00,466.48,333.77,251.76,263.04,375.16,345.82,184.11,254.75,123.00,146.24,98.10,80.75,97.53,25.16,44.47,59.05,0.00
84179,84224,84201.5,1182.25,12.41,0.29,1.72,0.00,7090.23,4399.03,2083.26,2370.30,300.47,531.48,720.45,204.46,254.70,1067.05,558.40,1156.12,625.29,837.03,1008.19,1034.71,1003.31,740.43,1064.15,1236.86,1224.60,954.42,976.43,655.46,562.79,603.90,400.65,415.14,470.91,232.98,253.94,201.97,107.30,325.48,323.77,337.66,154.83,277.30,274.43,259.36,202.14,155.82,73.41
84238,84283,84260.5,700.47,12.09,0.33,1.64,0.00,2019.98,810.29,3574.42,1232.13,696.52,0.00,287.91,72.74,135.84,325.86,626.49,586.63,309.25,512.02,764.95,684.61,838.84,535.15,732.79,630.81,388.36,274.02,427.48,284.04,392.40,564.56,457.77,388.15,205.90,507.97,349.77,323.83,303.84,218.69,192.07,189.86,171.71,101.35,157.85,284.94,221.81,158.07,216.14
84297,84342,84319.5,1093.57,49.26,1.52,1.60,0.00,0.00,1059.15,0.00,0.02,998.92,265.30,203.99,635.92,407.79,201.73,83.92,968.69,433.25,1226.07,1312.98,428.11,577.08,803.99,1413.11,1538.61,1313.31,1147.67,1661.37,964.29,1006.53,764.64,691.74,637.93,901.04,589.02,493.60,794.81,456.61,434.54,127.37,915.01,825.09,1138.25,1608.50,1519.29,1642.88,1186.51,911.81
84356,84401,84378.5,1176.36,65.06,2.09,1.60,0.00,1220.35,0.00,557.43,1359.00,642.90,508.80,207.71,0.00,369.29,222.39,705.98,725.50,116.20,445.34,922.72,627.77,538.15,506.77,1198.08,1095.82,1204.54,983.93,1029.69,1076.15,1084.05,837.34,922.64,484.12,793.38,1099.76,462.94,6.05,234.14,120.68,452.84,742.11,1948.25,1782.73,2183.65,2251.25,1848.95,1893.78,1086.70
84415,84460,84437.5,1255.57,56.76,1.81,1.60,0.00,1215.60,2424.97,670.12,1305.45,1937.16,1524.72,1558.71,1639.77,468.66,344.09,364.94,718.23,687.12,872.84,955.36,588.94,622.42,553.99,546.41,249.52,385.62,191.82,608.66,451.87,703.68,736.37,746.15,595.97,585.84,592.12,504.99,455.28,401.69,565.32,660.45,1398.47,1107.84,1392.35,2030.65,1668.21,1561.10,1462.34,1157.48
84474,84519,84496.5,987.40,50.36,1.64,1.60,0.00,1216.13,976.33,1223.73,2223.73,606.52,763.70,208.04,823.45,386.98,530.89,584.15,261.83,255.39,516.24,673.32,570.38,208.55,461.00,401.92,585.47,185.55,655.76,273.39,690.89,524.44,734.49,579.04,835.09,696.72,660.66,115.01,460.28,0.00,0.00,245.70,871.17,820.20,1096.79,1893.54,1970.10,1670.38,1040.21,1221.63
84533,84578,84555.5,1059.96,48.45,1.55,1.60,0.00,991.00,2431.32,2031.32,875.54,1796.35,569.97,205.53,707.14,479.28,773.46,497.82,652.39,333.16,536.39,475.95,170.15,473.17,542.86,187.82,640.88,553.49,156.53,636.35,765.22,453.21,503.57,1116.08,730.13,321.15,359.57,679.85,94.97,203.56,483.62,606.79,961.84,1291.31,1192.69,1478.68,1790.18,1358.83,921.59,843.08
84592,84637,84614.5,1062.57,24.16,0.72,1.60,0.00,3641.09,6329.37,1893.02,1355.67,1330.48,1089.32,849.79,764.89,572.81,577.38,756.88,567.68,327.87,502.21,358.70,579.84,360.00,610.07,470.41,429.73,488.87,499.19,314.07,385.04,253.44,351.45,283.58,583.40,318.42,288.74,436.60,368.01,562.72,232.13,379.55,425.69,570.55,434.35,839.08,806.89,550.11,547.42,302.17
84651,84696,84673.5,1171.27,22.09,0.67,1.60,0.00,2437.44,3407.18,2541.66,3461.49,1991.50,2981.43,1096.80,1058.87,1747.95,567.80,894.47,832.55,444.06,715.79,452.65,974.72,766.56,731.80,509.90,717.77,636.38,362.75,308.47,171.64,300.90,254.35,411.02,508.92,265.91,625.25,311.71,312.50,353.49,0.00,49.67,237.47,111.37,403.82,776.44,667.06,785.21,505.28,481.87
84710,84755,84732.5,908.26,19.80,0.59,1.60,0.00,1213.82,6517.15,137.17,3168.61,1037.72,747.81,907.19,834.22,125.14,457.36,270.98,1066.42,640.48,435.90,264.53,703.46,377.49,341.69,287.57,255.69,210.31,500.14,340.10,192.13,538.20,587.64,521.20,590.07,350.64,440.89,206.44,249.34,173.45,357.46,242.20,513.39,74.01,230.04,870.00,519.01,370.27,394.81,491.04
84769,84814,84791.5,904.37,23.71,0.73,1.60,0.00,2622.58,3402.17,2122.86,1580.47,993.48,1749.65,917.83,193.50,529.17,260.67,419.04,195.65,579.47,259.24,394.98,410.04,261.43,341.45,270.98,752.29,329.50,629.76,442.20,629.56,178.87,355.01,448.56,268.98,531.25,454.71,348.51,661.94,470.76,391.88,245.30,282.87,98.27,358.80,813.48,526.76,646.01,625.72,594.02
84828,84873,84850.5,910.36,25.14,0.74,1.61,0.00,1213.06,2932.43,2403.23,404.86,2097.06,1164.58,771.77,632.64,809.65,544.59,469.77,320.45,467.49,87.32,755.38,348.72,315.82,504.24,808.89,371.01,1104.86,288.82,231.04,472.27,412.14,423.98,470.85,405.13,729.16,360.98,0.00,348.49,140.93,231.28,475.86,693.23,668.17,1019.97,839.08,694.26,377.10,624.15,467.90
84887,84932,84909.5,944.72,25.07,0.74,1.60,0.00,991.85,1621.44,2030.18,2942.24,1333.80,1267.92,391.34,1653.50,602.58,235.12,366.87,694.61,421.00,419.62,214.22,586.69,675.49,400.89,699.15,988.38,567.97,620.74,313.28,201.84,267.63,266.89,733.71,454.65,601.37,651.36,467.81,448.59,273.26,645.42,173.22,567.68,560.35,630.58,808.26,467.97,675.84,505.03,432.12
84946,84991,84968.5,39532.97,4220.58,145.19,1.60,0.00,2432.43,4551.12,3472.70,2773.98,1044.87,1026.97,372.33,333.45,469.43,166.11,607.11,500.98,359.61,330.74,766.02,588.09,447.82,724.85,225.87,0.00,0.00,0.00,0.00,2669.94,16313.27,9398.26,25334.27,45355.39,39180.38,31450.05,43855.33,58365.01,19653.86,0.00,4792.70,40792.16,61079.49,69148.92,156584.20,150962.52,142880.33,124892.83,102268.93
85005,85050,85027.5,74037.35,6999.61,229.05,1.60,0.00,1214.52,15563.09,13253.96,8180.52,6396.24,2518.84,1374.71,1353.44,629.24,220.85,852.39,188.89,217.23,335.36,132.03,310.74,1053.56,3917.26,4310.12,3888.72,9214.80,10478.15,4401.47,7469.44,31059.92,37579.54,10770.65,42281.53,67156.22,38026.98,55568.05,122945.98,90805.59,59097.30,83512.23,163860.86,167984.39,173632.27,241618.78,229821.61,217047.88,175705.88,146294.03
85064,85109,85086.5,23647.90,2041.87,65.61,1.60,0.00,2408.80,5490.31,804.13,1359.65,2293.87,1016.31,1962.21,470.94,675.05,486.98,632.44,209.46,346.90,532.39,404.02,368.96,974.02,1453.19,1602.45,1727.56,3760.26,3244.12,2540.69,6947.69,9707.17,9068.41,13356.58,24041.72,29195.98,20708.11,27687.01,30767.63,37035.44,27663.62,35791.95,43906.71,49138.77,43428.29,63378.38,64867.85,60296.46,50258.71,40812.03
85123,85168,85145.5,8438.96,543.37,17.24,1.60,0.00,17732.81,29998.33,5260.74,1617.59,1000.97,1278.12,0.00,688.43,841.02,366.51,575.08,391.19,599.27,468.32,224.03,515.79,775.98,509.00,1268.18,1290.90,1156.62,1505.31,1366.90,1323.69,2754.04,3536.67,2247.92,4978.20,7418.16,9969.40,10876.86,10628.80,15805.37,11592.69,8677.56,7965.26,12403.21,10291.03,17003.06,14691.42,14844.27,12678.62,11084.14
85182,85227,85204.5,2966.76,198.52,6.25,1.60,0.00,0.00,10518.71,2120.94,404.84,1259.27,532.62,186.44,319.77,389.05,334.33,71.57,148.46,251.42,380.46,472.71,658.73,522.12,764.10,639.90,529.31,714.08,650.11,749.44,1151.59,1736.54,973.06,1752.65,1457.30,1813.91,1256.66,2717.50,3154.82,4744.58,3740.63,4514.65,4186.09,5833.02,4569.24,5937.85,5802.18,5836.79,4710.57,3309.48
85241,85286,85263.5,1541.63,84.20,2.76,1.60,0.00,0.00,2421.57,2141.49,880.25,1291.02,1446.07,1724.44,1403.54,2002.15,1075.69,909.63,900.47,354.55,220.63,409.66,297.07,455.35,236.49,642.69,364.19,397.10,498.63,331.86,258.25,457.06,668.28,914.68,1533.19,1683.34,1342.38,1381.66,1348.78,1193.95,395.17,521.91,1154.09,1282.76,981.70,1809.18,2706.52,3098.99,2740.92,1839.18
85300,85345,85322.5,1559.66,40.72,1.21,1.60,0.00,0.00,3135.08,1550.20,2755.24,6976.28,3086.96,4009.00,2651.42,1817.91,1919.70,1124.00,705.69,421.39,180.43,342.76,338.36,219.13,270.94,336.87,346.40,510.69,418.56,428.12,508.09,682.78,695.03,601.13,537.38,835.54,781.23,427.12,482.79,913.86,665.07,634.62,835.91,906.23,1117.50,1139.82,1599.30,1165.56,802.65,662.62
85359,85404,85381.5,845.37,30.53,0.99,1.61,0.00,2432.13,808.27,669.93,1751.06,980.60,944.28,1161.95,1115.69,501.88,719.36,616.79,256.10,383.55,786.65,240.54,176.20,453.77,437.43,785.87,369.48,420.16,287.20,476.37,588.95,586.54,331.48,327.55,499.13,270.30,229.70,160.40,480.82,30.76,4.94,318.27,630.30,419.91,327.65,1053.74,897.68,1003.93,698.22,695.65
85418,85463,85440.5,40112.37,5213.24,186.32,1.61,0.00,0.00,0.00,1968.19,680.54,952.20,467.41,978.66,202.14,354.98,433.29,369.07,152.18,419.05,196.75,239.55,77.87,429.58,395.32,220.66,212.19,0.00,0.00,88.55,51.81,3390.65,7667.43,8963.87,13970.20,9672.28,6673.61,0.00,0.00,0.00,0.00,8065.17,58023.18,76871.63,90350.61,174001.55,175166.92,179675.73,173816.48,154490.95
85477,85522,85499.5,66765.62,6952.24,234.40,1.60,0.00,1213.37,3572.86,1224.49,3730.23,7473.88,7013.69,4641.06,10067.91,2914.31,2097.73,1736.58,1670.80,395.81,729.83,432.38,425.92,415.12,855.38,1386.55,2104.17,1412.69,2859.75,4749.68,4257.72,9318.22,19777.07,25814.83,32723.76,38704.91,51146.53,38187.08,55315.13,55951.30,55676.74,70909.68,130575.96,150086.42,154392.75,233313.27,232251.64,216977.81,191877.91,170946.33
85536,85581,85558.5,24363.37,2283.39,74.24,1.60,0.00,2631.22,816.53,623.26,1763.81,2638.11,927.56,725.47,508.02,517.55,0.00,755.95,593.30,347.82,304.12,134.50,641.64,510.06,878.84,680.62,686.70,1776.48,702.13,871.23,2421.05,6864.56,8237.66,13928.08,21966.34,24295.85,20153.73,22643.71,20884.84,21327.64,28314.42,36391.43,50031.69,55496.84,62955.25,84368.76,75055.28,66582.41,53200.87,46757.43
85596,85641,85618.5,6594.37,555.64,18.34,1.60,0.00,6439.47,4039.27,6021.79,2251.72,1338.79,1030.66,1523.50,350.93,384.03,679.11,272.64,397.27,131.35,357.47,492.66,680.89,438.16,388.01,690.88,623.89,913.06,520.11,1277.20,1400.59,2043.63,1790.89,3750.24,3885.69,4732.58,4651.95,3553.71,5121.61,8813.14,6528.95,7868.23,11386.10,14506.19,13525.59,16922.71,15886.52,14922.11,13849.30,13376.67
85655,85700,85677.5,2263.30,198.03,6.57,1.60,0.00,1211.74,0.00,1336.24,0.00,348.29,265.15,397.79,659.37,531.54,450.97,282.64,77.10,143.47,244.12,287.17,400.25,93.69,149.90,173.87,485.92,328.05,414.06,461.91,305.80,855.60,1165.31,864.14,1768.23,2495.76,1997.89,1058.04,2411.08,2502.71,1590.47,1988.50,3663.54,4277.20,3973.73,6877.35,6564.70,5691.13,4837.20,4982.74
85714,85759,85736.5,1839.31,135.95,4.54,1.60,0.00,0.00,3869.89,2671.72,1265.39,0.00,513.83,961.19,1248.95,686.76,723.86,621.58,429.61,703.61,463.30,227.35,246.52,162.94,509.59,237.98,345.48,389.88,436.95,637.19,878.14,875.49,851.49,516.58,1331.47,1091.11,709.72,445.63,1121.33,433.15,121.61,824.04,2352.54,2865.90,3794.44,4536.37,5186.66,4245.58,3660.81,3279.74
85773,85818,85795.5,1240.43,83.24,2.75,1.60,0.00,0.00,805.38,1109.90,1345.85,606.88,2048.93,583.87,640.60,767.83,221.81,285.70,232.19,402.64,435.48,504.52,253.56,481.78,390.55,338.96,505.23,456.11,502.41,248.46,149.63,225.80,535.53,630.74,1065.81,982.98,1220.71,583.52,859.35,936.66,265.24,161.07,1195.86,1393.10,2172.11,2797.44,3040.25,2630.93,2314.38,2018.08
85832,85877,85854.5,9321.63,1209.08,44.42,1.60,0.00,4020.00,1614.36,1454.90,1149.57,952.28,547.12,746.37,944.04,1068.70,595.13,425.08,362.36,375.44,302.70,616.36,492.11,425.18,475.64,573.29,492.12,375.24,126.47,0.00,210.11,763.01,2356.17,3699.17,4693.90,5265.82,4379.60,0.00,0.00,0.00,0.00,0.00,0.00,5680.75,10016.60,36854.96,42408.22,42164.63,43020.03,41709.91
85891,85936,85913.5,57476.68,6732.92,233.73,1.61,0.00,1217.92,0.00,0.00,414.06,528.10,366.00,0.00,302.83,0.00,103.92,459.80,153.01,185.66,225.54,218.72,248.74,307.72,583.11,429.32,6.45,39.22,0.00,0.00,0.00,7095.57,13187.80,20104.06,34996.19,35015.33,20750.74,23373.09,32723.05,12828.75,10412.25,51742.73,96911.83,113497.93,126741.59,248823.23,247963.64,215600.86,186773.72,174935.41
85950,85995,85972.5,42208.30,4345.77,145.68,1.60,0.00,2005.24,2593.57,1798.89,966.37,2389.09,470.09,145.07,188.22,0.00,0.00,0.00,174.20,177.26,191.09,114.01,314.92,0.00,502.87,400.53,329.34,997.26,1890.76,733.67,1875.09,5366.11,13240.71,16754.29,27218.84,28823.74,34536.07,34110.09,46862.43,32886.12,44529.43,58443.38,81900.27,92958.41,86933.89,148008.72,144489.72,125558.31,117796.57,104880.28
86009,86054,86031.5,9563.81,996.65,34.23,1.60,0.00,2007.89,804.89,1222.75,873.89,1303.11,1279.37,1168.20,648.65,513.99,559.54,172.91,163.14,199.01,364.39,245.67,493.89,245.16,119.07,625.02,619.38,562.85,1043.51,1133.53,1352.46,1019.25,3002.64,3077.84,3425.82,5536.38,11186.63,8113.93,11552.43,11843.15,8703.12,3486.42,10538.06,11821.54,15561.20,32487.85,35807.09,33483.59,28474.54,26646.42
86068,86113,86090.5,5461.44,346.08,11.90,1.61,0.00,12742.65,19583.72,18659.25,7164.99,3513.05,4620.56,2205.88,1652.10,122.72,222.72,184.33,594.47,249.30,432.42,453.64,248.06,506.77,322.77,856.20,473.75,701.17,705.51,474.15,432.34,629.07,561.23,1623.96,2221.44,3241.40,2857.52,2513.40,2010.51,2094.05,811.40,1610.52,3640.38,4329.58,6524.12,12748.94,12747.53,11171.71,8704.18,9063.90
86127,86172,86149.5,2282.81,127.16,4.35,1.60,0.00,0.00,4201.58,5018.41,3773.32,2991.22,2377.80,2957.49,2635.46,2939.10,2308.67,1197.26,1254.95,352.97,488.33,520.66,174.77,395.73,138.90,777.85,413.38,316.08,713.73,563.61,202.80,499.87,712.39,430.39,1013.96,577.99,1008.36,1083.90,463.38,1278.94,1048.68,1255.53,1212.62,1995.11,1683.12,3931.02,3795.32,3919.15,3930.20,3126.41
86186,86231,86208.5,28665.90,3505.44,123.70,1.60,0.00,1213.46,1784.44,3677.23,3029.72,2236.77,2013.41,2516.29,2047.38,1423.28,955.76,775.76,323.00,279.45,453.38,121.65,405.71,377.15,196.30,0.00,29.48,0.00,0.00,90.37,1680.70,5889.94,8951.72,10279.45,13498.41,7928.59,428.47,0.00,0.00,0.00,0.00,10578.11,46212.14,63097.49,71212.52,120903.74,122511.84,116980.71,111108.01,98470.30
86245,86290,86267.5,60265.67,7193.16,251.07,1.60,0.00,2629.65,2768.30,4230.57,470.49,999.52,1481.93,185.91,800.85,365.50,115.41,0.00,385.66,91.87,760.41,368.14,661.03,345.25,225.13,278.60,9.80,0.00,0.00,330.54,2288.80,7742.04,14965.05,20467.10,26390.73,25101.58,20818.33,21498.78,16835.55,9989.12,23336.67,51041.56,86866.56,121510.83,141665.41,238945.92,242880.78,245396.69,241118.80,201336.17
86304,86349,86326.5,55210.94,5668.32,192.15,1.61,0.00,6054.69,35165.89,20376.96,18081.86,7098.73,2986.46,3922.27,466.22,135.68,0.00,86.99,185.38,672.59,395.40,337.98,160.42,294.42,182.55,379.92,176.33,0.00,0.00,592.62,2061.65,6968.11,13187.88,20008.09,29913.85,31258.26,27146.54,37975.59,45235.89,39835.93,54614.01,67338.59,92897.93,103566.29,116759.49,198658.19,190672.62,174642.77,159171.44,141044.08
86363,86408,86385.5,11585.86,1194.14,40.54,1.60,0.00,3234.08,2595.33,2915.90,1453.31,2079.93,1893.87,1978.51,354.00,250.86,217.54,270.24,479.49,310.27,238.82,291.69,623.50,480.55,490.12,500.34,338.19,546.45,915.11,784.79,2243.96,3690.64,3542.22,4333.38,4072.99,3327.25,3726.43,5046.63,6273.84,6737.11,13721.16,13212.28,20111.04,27380.60,27821.17,42085.17,35064.90,35582.57,34970.86,29625.17
