Data/Raw/MOORE,RICHARD/FIREXAQ-LARGE-SMPS_DC8_20190813_R0.ict
88,1001
Richard Moore, Elizabeth Wiggins, Edward Winstead, Claire Robinson, Lee Thornhill, and Kevin Sanchez
NASA Langley Research Center
In-situ Submicron Particle Size Distributions from a SMPS on the NASA DC-8
FIREXAQ
1,1
2019,08,13,2020,03,10
0
Time_start,Secs after midnight,Time of acquisition
50
1,1,1,1,1,1,1,1,1,1,1,1,1,1,1,1,1,1,1,1,1,1,1,1,1,1,1,1,1,1,1,1,1,1,1,1,1,1,1,1,1,1,1,1,1,1,1,1,1,1
-9999,-9999,-9999,-9999,-9999,-9999,-9999,-9999,-9999,-9999,-9999,-9999,-9999,-9999,-9999,-9999,-9999,-9999,-9999,-9999,-9999,-9999,-9999,-9999,-9999,-9999,-9999,-9999,-9999,-9999,-9999,-9999,-9999,-9999,-9999,-9999,-9999,-9999,-9999,-9999,-9999,-9999,-9999,-9999,-9999,-9999,-9999,-9999,-9999,-9999
Time_stop,Secs after midnight,Time of acquisition
Time_mid,Secs after midnight,Time of acquisition
nSMPS_stdPT,#/cm3,AerMP_NumConc_InSitu_RHd_Mobility_NucltoAccu_STP,integrated_number_density
sSMPS_stdPT,um2/cm3,AerMP_SurfAreaConc_InSitu_RHd_Mobility_NucltoAccu_STP,integrated_surface_area
vSMPS_stdPT,um3/cm3,AerMP_VolConc_InSitu_RHd_Mobility_NucltoAccu_STP,integrated_volume
SMPS_stdPT, unitless, None, conversion between ambient PT and standard PT (1013, 273)
SMPS_bin00_stdPT,#/cm3,AerMP_NumSizeDist_InSitu_RHd_Mobility_NucltoAccu_STP,Binned number size distribution (in dNdlogDp) measured by the SMPS
SMPS_bin01_stdPT,#/cm3,AerMP_NumSizeDist_InSitu_RHd_Mobility_NucltoAccu_STP,Binned number size distribution (in dNdlogDp) measured by the SMPS
SMPS_bin02_stdPT,#/cm3,AerMP_NumSizeDist_InSitu_RHd_Mobility_NucltoAccu_STP,Binned number size distribution (in dNdlogDp) measured by the SMPS
SMPS_bin03_stdPT,#/cm3,AerMP_NumSizeDist_InSitu_RHd_Mobility_NucltoAccu_STP,Binned number size distribution (in dNdlogDp) measured by the SMPS
SMPS_bin04_stdPT,#/cm3,AerMP_NumSizeDist_InSitu_RHd_Mobility_NucltoAccu_STP,Binned number size distribution (in dNdlogDp) measured by the SMPS
SMPS_bin05_stdPT,#/cm3,AerMP_NumSizeDist_InSitu_RHd_Mobility_NucltoAccu_STP,Binned number size distribution (in dNdlogDp) measured by the SMPS
SMPS_bin06_stdPT,#/cm3,AerMP_NumSizeDist_InSitu_RHd_Mobility_NucltoAccu_STP,Binned number size distribution (in dNdlogDp) measured by the SMPS
SMPS_bin07_stdPT,#/cm3,AerMP_NumSizeDist_InSitu_RHd_Mobility_NucltoAccu_STP,Binned number size distribution (in dNdlogDp) measured by the SMPS
SMPS_bin08_stdPT,#/cm3,AerMP_NumSizeDist_InSitu_RHd_Mobility_NucltoAccu_STP,Binned number size distribution (in dNdlogDp) measured by the SMPS
SMPS_bin09_stdPT,#/cm3,AerMP_NumSizeDist_InSitu_RHd_Mobility_NucltoAccu_STP,Binned number size distribution (in dNdlogDp) measured by the SMPS
SMPS_bin10_stdPT,#/cm3,AerMP_NumSizeDist_InSitu_RHd_Mobility_NucltoAccu_STP,Binned number size distribution (in dNdlogDp) measured by the SMPS
SMPS_bin11_stdPT,#/cm3,AerMP_NumSizeDist_InSitu_RHd_Mobility_NucltoAccu_STP,Binned number size distribution (in dNdlogDp) measured by the SMPS
SMPS_bin12_stdPT,#/cm3,AerMP_NumSizeDist_InSitu_RHd_Mobility_NucltoAccu_STP,Binned number size distribution (in dNdlogDp) measured by the SMPS
SMPS_bin13_stdPT,#/cm3,AerMP_NumSizeDist_InSitu_RHd_Mobility_NucltoAccu_STP,Binned number size distribution (in dNdlogDp) measured by the SMPS
SMPS_bin14_stdPT,#/cm3,AerMP_NumSizeDist_InSitu_RHd_Mobility_NucltoAccu_STP,Binned number size distribution (in dNdlogDp) measured by the SMPS
[...]
UNCERTAINTY:  20%
ULOD_FLAG: -7777
ULOD_VALUE: N/A
LLOD_FLAG: -8888
LLOD_VALUE: N/A
DM_CONTACT_INFO: Lee Thornhill (Kenneth.L.Thornhill@nasa.gov)
PROJECT_INFO: FIREX-AQ
STIPULATIONS_ON_USE: No stipulations on use. The user is encouraged to contact the PI or DM prior to use.
OTHER_COMMENTS: Midpoint diameters of Bins 00 to 43 are: 0.011,0.012,0.013,0.014,0.015,0.016,0.017,0.018,0.019,0.021,0.022,0.024,0.026,0.028,0.030,0.032,0.035,0.037,0.040,0.043,0.046,0.050,0.053,0.057,0.061,0.066,0.071,0.076,0.082,0.088,0.095,0.102,0.109,0.118,0.126,0.136,0.146,0.157,0.168,0.181,0.194,0.209,0.225,0.241
REVISION: R0
R0: Final Data. Data are corrected for time lags and ammonium sulfate size calibrations.
*******************************************************************************************************************************
Time_start,Time_stop,Time_mid,nSMPS_stdPT,sSMPS_stdPT,vSMPS_stdPT,SMPS_stdPT,SMPS_bin00_stdPT,SMPS_bin01_stdPT,SMPS_bin02_stdPT,SMPS_bin03_stdPT,SMPS_bin04_stdPT,SMPS_bin05_stdPT,SMPS_bin06_stdPT,SMPS_bin07_stdPT,SMPS_bin08_stdPT,SMPS_bin09_stdPT,SMPS_bin10_stdPT,SMPS_bin11_stdPT,SMPS_bin12_stdPT,SMPS_bin13_stdPT,SMPS_bin14_stdPT,SMPS_bin15_stdPT,SMPS_bin16_stdPT,SMPS_bin17_stdPT,SMPS_bin18_stdPT,SMPS_bin19_stdPT,SMPS_bin20_stdPT,SMPS_bin21_stdPT,SMPS_bin22_stdPT,SMPS_bin23_stdPT,SMPS_bin24_stdPT,SMPS_bin25_stdPT,SMPS_bin26_stdPT,SMPS_bin27_stdPT,SMPS_bin28_stdPT,SMPS_bin29_stdPT,SMPS_bin30_stdPT,SMPS_bin31_stdPT,SMPS_bin32_stdPT,SMPS_bin33_stdPT,SMPS_bin34_stdPT,SMPS_bin35_stdPT,SMPS_bin36_stdPT,SMPS_bin37_stdPT,SMPS_bin38_stdPT,SMPS_bin39_stdPT,SMPS_bin40_stdPT,SMPS_bin41_stdPT,SMPS_bin42_stdPT,SMPS_bin43_stdPT
[from data line 303]
93818,93863,93840.5,7965.70,126.42,3.39,1.73,0.00,0.00,8385.57,8799.37,10070.78,7896.57,8010.07,7599.39,6544.08,7707.15,9997.06,10696.96,10400.85,14164.59,15483.96,14932.95,11473.41,9130.06,8656.08,8754.76,7956.02,6738.09,5548.60,3000.47,2943.29,3156.67,2994.60,2696.84,2567.13,2743.68,2848.20,3193.90,2986.46,2651.78,2845.79,2377.88,1579.69,1971.67,1919.27,2171.31,3195.44,2568.67,1747.46,1420.37
93877,93922,93899.5,9097.89,109.22,2.89,1.73,0.00,0.00,18384.52,14237.72,12602.55,12091.94,7865.40,10011.96,12814.32,12269.33,11368.77,12970.80,12917.15,12703.30,15571.28,14598.02,14123.39,13247.58,10781.08,9768.77,7712.78,6141.33,4382.53,3640.04,2867.68,2605.73,1550.89,1540.58,2409.82,2021.32,2277.98,2394.90,1688.72,2268.61,1417.00,1535.75,1461.18,1836.42,1601.42,2096.79,2511.94,1703.18,1291.54,1636.18
93937,93982,93959.5,9060.09,95.86,2.47,1.73,0.00,0.00,2796.22,7646.77,10407.08,13491.07,11117.14,16352.86,13495.73,15077.43,15052.28,20066.26,15706.95,16753.37,19178.46,15792.14,13964.81,11419.01,8451.97,6705.73,6110.62,5286.63,4432.29,3333.79,3592.75,2757.32,2590.80,2467.54,2169.39,1914.95,2212.80,1354.51,1076.02,528.37,1232.44,1381.04,1480.56,1362.02,1743.33,1568.78,1725.21,1483.64,1449.01,1233.66
93996,94041,94018.5,8373.18,86.18,2.09,1.73,0.00,0.00,7050.06,5124.44,10577.99,8630.17,10882.18,12407.54,15117.64,14973.73,15473.31,15878.03,13612.38,16559.49,13294.02,12706.53,12909.71,11478.21,9793.47,7813.93,6163.92,5371.91,4438.98,3219.50,3189.45,2717.17,2413.75,1496.97,1387.83,1672.11,2446.60,1182.61,1152.45,1812.77,1178.78,779.07,1409.89,1594.81,1119.99,1906.61,1821.51,1996.22,1209.47,1035.00
94055,94100,94077.5,7405.47,72.92,1.69,1.73,0.00,0.00,5853.47,3978.95,7072.60,5387.95,6532.44,7023.49,11873.57,11036.27,12222.18,15735.24,13935.12,12041.21,14772.28,13267.89,15062.73,12443.10,11442.39,8809.29,7326.30,4621.40,3956.87,3386.55,2952.12,2779.01,1500.26,1528.26,1376.24,1178.58,1397.80,1522.74,1181.09,1701.73,1635.58,1309.63,842.37,1348.96,880.26,870.78,938.37,971.50,1425.90,924.01
94114,94159,94136.5,8528.27,586.42,19.27,1.73,0.00,0.00,2171.16,3171.86,1788.95,4703.67,3587.51,3927.34,3725.03,4214.52,4905.38,4113.92,4691.24,5479.28,6562.66,4541.20,4715.98,4959.15,4498.70,3302.54,2917.11,3300.54,1684.88,2451.50,2376.02,2484.82,2158.61,3278.24,3431.80,4267.68,6382.23,6146.03,8333.03,6558.06,6351.44,7649.50,9656.78,11738.08,13987.83,16154.14,17253.59,18936.19,15413.31,13514.11
94173,94218,94195.5,8026.71,693.82,23.61,1.73,0.00,0.00,0.00,974.98,1109.73,808.45,863.43,2213.97,2521.01,1274.78,2511.91,2625.85,2516.86,2954.60,3513.24,2874.38,2726.54,3268.70,2739.52,1932.36,1906.98,2301.29,1271.42,1783.32,2445.82,1950.69,1113.38,3492.26,4535.27,2883.84,4958.57,6992.69,7925.70,6753.40,10605.31,10857.26,12750.56,13304.83,15020.74,18450.59,20150.28,16980.24,16878.67,13553.26
94232,94277,94254.5,8163.36,746.74,25.29,1.73,0.00,0.00,0.00,1158.45,0.00,501.49,0.00,773.79,1712.93,1392.55,1325.43,1453.28,2492.62,1882.71,2004.25,1663.92,2341.02,1709.72,1852.61,1838.91,1386.01,1284.92,1022.16,1071.71,1836.43,2684.92,3818.97,3505.35,4187.67,4844.19,5898.32,4446.83,7034.78,9166.26,9368.08,12673.05,14650.44,15707.71,18905.55,20207.32,22826.86,19591.90,15951.93,13505.49
94291,94336,94313.5,5496.26,354.34,11.62,1.73,0.00,0.00,2397.81,2180.06,2149.78,2399.61,698.17,1625.49,1971.56,2406.37,3035.31,2609.44,3519.67,3160.86,3388.19,3582.02,3542.64,3110.17,3690.53,3634.94,3144.29,2008.66,1669.06,1091.65,1111.02,1492.58,2070.67,3691.25,2437.06,2501.25,3675.13,4642.75,5037.41,6169.47,6004.91,7181.65,6818.84,7787.51,7382.18,8804.72,10138.25,8969.21,7051.98,6930.04
94350,94395,94372.5,8091.54,128.56,3.75,1.73,0.00,0.00,14426.50,8646.51,15945.75,9850.89,11346.62,10621.30,14880.54,12005.96,16453.01,13138.10,13406.08,13629.08,10064.56,10906.43,8592.36,7675.26,6421.48,4291.77,2515.74,2739.00,3087.51,2555.33,2405.54,1734.30,2181.20,1634.26,1676.38,1969.13,1791.94,1279.13,2000.94,2008.81,1874.52,1816.74,2521.91,2616.43,2352.68,3022.47,3256.79,2744.45,2243.84,1661.22
94409,94454,94431.5,12273.50,75.51,1.77,1.73,0.00,0.00,22775.04,26870.34,24955.98,23599.82,27063.47,21677.08,21997.17,25616.51,22438.02,23267.19,23620.46,20350.72,22604.01,16344.78,12815.52,10111.44,6441.77,4146.59,4002.86,2896.92,2423.94,2262.20,1890.65,1245.83,1313.96,1062.93,752.42,897.75,1158.17,1121.58,1110.69,1262.56,1345.83,1455.93,920.80,1134.65,975.46,1227.71,1246.22,1205.48,1234.21,637.82
94468,94513,94490.5,11812.52,50.09,0.95,1.73,0.00,0.00,24657.73,18817.29,33366.60,28682.93,22146.34,22468.63,22619.35,23138.66,23939.04,20930.39,27126.35,24054.94,16195.52,12869.76,13639.45,7361.84,4582.11,3773.90,2869.98,2589.33,2768.86,1666.82,1808.51,1273.50,1374.74,1365.16,866.38,881.44,1579.78,706.20,901.41,848.71,785.96,692.07,234.65,674.71,632.61,432.93,541.17,628.23,621.37,351.23
94527,94572,94549.5,12326.27,50.74,0.92,1.73,0.00,0.00,35165.59,18344.29,27209.50,26591.15,20815.01,23257.46,19975.67,25472.51,22733.04,27387.78,26915.06,26253.28,19649.18,15506.19,10755.38,8056.09,5697.06,4820.95,3577.25,3358.24,2881.43,2318.29,2143.82,1450.86,1279.61,1215.46,1003.53,1021.77,1048.94,954.69,1232.71,678.64,423.54,415.34,792.30,628.22,365.33,557.67,640.36,459.32,456.53,452.50
94586,94631,94608.5,12595.65,82.99,1.99,1.73,0.00,0.00,27227.38,21506.53,21927.50,24321.23,21513.46,23150.35,28119.21,30506.71,24799.07,25134.78,25018.12,21891.03,19922.58,16383.47,12856.98,8180.05,6913.58,4685.72,2904.47,3138.67,2490.08,2432.47,1530.96,1785.32,1562.85,1343.18,1628.10,1289.43,1102.90,840.04,1488.61,1201.54,1181.36,1266.03,1287.98,1398.96,1165.62,1742.15,1474.71,1513.08,1003.68,918.33
94645,94690,94667.5,8802.18,452.19,15.39,1.73,0.00,0.00,3970.93,6306.40,7312.98,10248.91,8517.48,10673.35,11317.81,9703.99,9648.09,7968.62,9663.81,9913.19,8227.82,6664.52,4764.02,5575.20,3749.82,3230.64,2924.22,3114.97,2590.61,2025.42,1989.17,2321.28,2055.78,2873.15,2268.72,2859.74,2996.76,3641.80,3134.69,4354.04,5490.54,5923.12,7344.75,7990.50,8985.52,10792.25,12756.23,11964.23,10029.21,9304.65
94704,94749,94726.5,10421.82,828.94,28.29,1.73,0.00,0.00,5217.78,4929.59,3562.77,2996.64,5256.93,4907.15,2235.77,6246.80,5469.81,4423.70,4869.24,4954.59,4928.79,3584.66,3682.24,3610.04,3408.40,2380.86,1729.53,2190.49,2287.25,1886.90,1890.41,1903.29,2372.08,2181.48,4391.16,5201.30,3553.14,8078.51,9568.52,10113.50,10090.48,12354.25,14283.75,17140.21,16964.12,22768.74,24607.48,21198.21,17643.19,16778.69
94763,94808,94785.5,8948.93,834.44,28.74,1.73,0.00,0.00,0.00,533.11,2214.56,1165.80,1378.02,1801.31,2177.41,1183.08,1558.79,2835.14,2370.07,3442.30,2691.49,2717.90,2232.02,3139.27,1772.60,1516.76,1829.82,1483.20,1854.50,1716.01,1547.04,1175.49,2015.48,2786.41,2656.45,4252.89,6928.02,5944.41,7956.94,9785.07,9714.33,8668.50,13784.30,17355.63,18579.47,21159.83,26323.20,22787.74,19813.76,15843.28
94822,94867,94844.5,8511.78,712.05,24.15,1.73,0.00,0.00,9619.23,2065.16,1005.22,696.44,1667.69,1374.78,2276.15,2150.11,2067.33,1880.40,2336.25,2350.87,3598.65,2627.44,3069.38,2546.78,1790.52,1525.52,1323.93,2344.58,1681.21,2519.59,3112.25,2132.79,1347.89,2062.47,3439.92,4177.17,4791.00,6034.17,8517.40,8786.84,12037.34,11248.80,13724.39,15786.18,16255.64,18064.76,20932.68,17746.42,14546.25,13212.39
94881,94926,94903.5,6484.52,490.33,15.63,1.73,0.00,0.00,0.00,401.46,687.92,340.73,405.16,990.02,1425.34,1009.18,2461.98,1869.74,2725.47,1880.73,3353.49,3016.79,2553.85,2871.37,2461.35,1957.12,1871.21,1291.21,1302.57,1516.51,1652.70,1882.45,4101.84,5030.09,3649.58,4134.83,6065.71,3921.47,4784.55,6595.15,9120.73,10092.56,11891.74,13379.81,11168.56,15854.21,15438.68,13610.81,11075.59,9565.64
94940,94985,94962.5,7220.12,169.59,4.94,1.73,0.00,0.00,6105.08,6484.08,6470.58,4724.06,8979.08,4996.56,9206.26,7885.02,10484.27,10394.18,10912.82,11795.16,12136.76,10976.23,9778.51,7424.62,7221.87,5536.61,4583.15,3793.50,3604.54,3445.63,1961.78,2108.21,1946.54,1791.75,2465.82,3914.17,4358.24,2906.31,3149.46,2948.21,2625.76,2004.89,3216.45,3643.06,2786.24,4379.00,4518.86,4390.77,3117.87,3069.48
94999,95044,95021.5,7530.00,91.66,2.29,1.73,0.00,0.00,7576.88,6573.78,3867.73,9386.72,9306.83,10758.21,9305.16,10123.62,14667.38,12494.02,13944.00,13124.27,11709.84,13544.36,12886.90,10659.82,8475.92,6768.96,5987.73,5190.22,4337.24,2508.27,3416.02,2366.93,1963.48,2290.35,2261.58,1282.37,1578.58,1762.60,1534.14,1960.70,1496.25,1239.62,1780.69,1930.34,1762.78,1537.94,2061.63,1904.24,1308.53,1319.35
95058,95103,95080.5,8740.64,85.99,2.24,1.73,0.00,0.00,20022.43,16717.36,17317.07,9821.55,13614.96,11130.73,10777.86,14931.52,16397.65,13752.74,15950.04,16204.29,14135.52,13184.67,11146.44,7978.33,6346.93,4621.51,4284.11,4582.87,2162.00,2066.82,1975.01,1867.68,1712.99,2056.68,1500.32,1448.10,1772.67,1280.58,2113.08,1287.73,1401.30,1644.60,1150.59,1004.33,1934.86,1476.12,1279.61,1438.97,1418.54,1295.96
95117,95162,95139.5,7369.17,73.11,1.81,1.73,0.00,0.00,7247.33,13315.57,12242.18,11689.45,11993.04,10070.50,9449.16,12326.70,14484.78,15516.02,12831.92,10947.25,11457.78,10230.50,9953.36,9118.58,6392.72,4110.69,4344.05,3207.63,2960.04,2940.60,1812.57,1119.11,1937.59,1648.92,1446.00,1365.32,1361.27,1579.34,1659.66,1312.13,1727.69,1028.14,1636.71,1403.09,1445.53,1042.00,1484.16,1359.51,773.53,689.03
95176,95221,95198.5,8122.22,75.10,1.82,1.73,0.00,0.00,7341.13,12196.87,10642.69,13003.41,13550.91,15244.18,15395.60,14116.75,15710.20,14248.60,11523.29,12901.27,12946.63,13663.43,9947.86,8794.64,6854.75,5451.35,5628.71,4470.11,2745.74,3216.71,2806.59,1986.24,1969.27,1794.85,843.25,1657.07,1073.26,1409.83,1451.45,1804.82,1506.80,1693.08,1425.04,1370.86,1041.85,1116.69,1285.03,1131.25,919.66,813.52
95235,95280,95257.5,8654.36,190.61,6.56,1.73,0.00,0.00,15900.85,11868.16,8012.28,7931.39,12357.40,11589.05,11390.63,12235.92,14170.06,16233.93,13724.74,14424.12,11321.69,12524.79,11554.83,9620.09,8990.83,6140.26,6038.04,5502.15,3520.22,3217.35,2880.56,1634.61,1299.62,1459.57,1439.86,2678.18,2661.51,1679.82,1526.08,386.17,27.35,0.00,0.00,0.00,409.00,2027.30,5230.40,5297.07,5309.15,4789.67
95294,95339,95316.5,7047.42,450.40,15.13,1.73,0.00,0.00,1962.90,3494.41,938.00,2589.56,4200.79,5105.44,3236.94,3529.67,5592.76,4922.01,4221.88,5786.65,5571.32,5314.76,5764.00,5176.09,3668.05,3377.45,2944.78,2100.87,1820.68,2330.86,2435.72,2704.24,2720.86,3186.26,4001.91,2775.42,3753.01,3435.15,4297.66,3945.84,6085.72,6565.16,8940.98,10472.29,10624.25,10793.40,11999.18,11294.50,10304.88,8030.46
95353,95398,95375.5,6426.58,483.48,16.38,1.73,0.00,0.00,2399.34,1532.40,571.35,2990.36,2422.22,3015.57,3206.01,3169.93,1905.53,3363.04,2129.64,4592.90,3621.21,3151.80,3358.08,2684.92,2843.47,2673.41,2351.54,1731.37,1279.00,1996.97,1517.47,2075.52,2844.79,2431.40,2904.61,3124.54,3986.86,2648.03,2303.09,8020.53,7755.34,5927.11,7895.54,11386.77,10820.75,12235.67,12572.84,13038.23,11602.46,9708.64
95412,95457,95434.5,11110.27,1168.77,41.19,1.73,0.00,0.00,0.00,976.45,0.00,696.20,560.08,682.14,1721.11,786.83,1673.09,2440.95,1496.69,1469.29,2026.84,1875.89,1752.68,2920.15,1831.49,2226.25,1380.06,352.43,799.51,1028.67,1762.27,2007.15,4230.93,4924.05,5908.73,6136.30,6752.16,5290.95,5892.47,7841.55,10889.63,12401.45,17249.87,21746.56,24191.94,28370.91,36273.61,31269.69,29828.33,23693.03
95471,95516,95493.5,10345.13,994.50,34.04,1.73,0.00,0.00,0.00,711.25,772.31,347.00,929.34,1716.64,799.92,1243.25,1096.45,1856.83,1960.20,1701.17,2413.72,2746.67,1702.69,2301.77,2218.80,2242.87,2169.20,2016.52,1912.43,2385.72,1209.80,1376.57,3782.00,3413.81,2429.75,6557.82,9838.22,7055.07,5200.41,12858.68,13179.38,10223.56,15086.26,25168.35,22053.33,24515.80,32196.82,29503.34,24167.45,17235.58
95530,95575,95552.5,8439.06,713.71,24.23,1.73,0.00,0.00,398.17,2631.11,431.24,1865.15,1835.10,2115.57,4161.71,1863.98,2235.55,1666.77,2438.31,2834.21,3317.49,3467.22,3535.85,2762.01,3224.03,2907.37,2081.11,2179.05,2591.71,2246.31,2547.97,2503.31,3085.55,3317.01,3635.81,3518.34,4282.42,4020.97,5056.96,7765.67,11033.56,11217.22,14287.36,15013.86,17570.78,18327.73,21385.16,18251.47,15392.34,14708.29
95589,95634,95611.5,7363.89,302.56,9.60,1.73,0.00,0.00,3965.71,5345.69,3483.66,3923.71,7506.73,8232.65,7580.85,7720.07,8527.86,9264.44,8427.81,8448.64,8098.50,8739.18,7166.34,4926.41,4275.03,3093.70,3723.57,2080.96,2072.74,2360.01,2276.26,2191.66,2551.05,2449.87,2431.34,3901.07,3434.81,3767.60,5048.74,6930.97,5153.51,6039.32,7274.03,6649.80,5711.30,7619.16,8135.18,6610.14,5866.82,4662.55
95648,95693,95670.5,8974.82,142.19,4.22,1.73,0.00,0.00,5195.99,17431.83,16438.39,13594.03,13972.65,15546.77,14764.92,16726.28,17589.44,17395.08,14478.36,15257.92,13119.20,12144.78,8130.55,7829.35,5476.52,3457.41,3527.63,2941.91,2503.51,1799.78,2075.74,1812.85,1259.98,1174.02,1551.44,1981.53,1884.78,1864.88,2085.79,2241.59,2399.59,1907.67,2566.48,2324.89,2561.96,3306.64,3376.56,3104.41,2538.19,2535.69
95707,95752,95729.5,11030.76,68.79,1.61,1.73,0.00,0.00,25131.50,24105.98,19548.33,15243.03,20510.52,19823.21,27663.39,21571.45,21736.76,22873.49,22676.92,21061.73,15048.38,13643.94,12120.85,7809.94,4777.81,3913.86,3286.56,2789.46,2343.01,2151.95,1287.60,1381.05,1675.43,1062.82,1018.90,1275.97,825.71,1007.91,1420.77,914.86,888.50,545.10,1130.07,1388.05,1132.36,1140.31,1261.45,1127.70,741.75,905.75
95766,95811,95788.5,10431.46,70.41,1.69,1.73,0.00,0.00,12815.43,18311.66,19322.10,18844.94,17138.14,17505.52,19750.40,21868.20,19131.02,22624.96,25540.54,23278.18,19209.74,16521.55,12555.96,8649.41,4779.46,3486.80,2519.72,2222.65,2103.49,1873.86,1713.77,1405.59,1383.41,1131.67,870.46,1375.94,1182.85,881.41,942.46,1329.81,1436.12,728.51,784.82,997.31,1136.89,1242.98,1148.04,1008.57,990.98,729.51
95825,95870,95847.5,9562.13,180.89,5.50,1.73,0.00,0.00,10329.13,16928.40,20049.89,17542.93,17162.93,14281.38,16656.64,14552.74,15279.30,15206.50,14447.39,13223.16,13454.54,12706.75,7133.86,5970.30,4118.60,3792.74,2439.43,3196.44,3220.74,2480.54,2395.38,2006.06,1684.75,1869.46,1845.13,2693.51,2327.43,2706.10,2676.86,3046.75,1593.73,2460.62,3023.81,3863.92,3439.85,4284.96,4783.92,4369.06,3650.28,3019.24
95884,95929,95906.5,8170.26,167.40,5.44,1.73,0.00,0.00,10014.44,14767.74,12221.98,11708.17,14030.17,12475.42,12851.88,12579.51,12511.96,13759.89,13308.43,13107.03,13397.06,10708.90,7680.16,6641.36,5134.03,2865.92,2947.40,2394.10,1614.96,2187.21,1460.33,1874.86,2340.91,2098.33,1727.46,2910.99,3141.36,2234.02,2197.82,2539.29,921.27,495.32,1274.62,1109.06,1276.80,2630.30,4481.98,4878.11,3970.18,3476.43
95944,95989,95966.5,9742.69,695.58,24.07,1.73,0.00,0.00,9597.58,5098.71,4716.13,5114.15,5756.25,6268.34,6810.88,8159.80,7324.73,6760.18,6764.32,6264.96,5801.69,5525.00,4547.00,4066.33,2826.20,2277.67,1941.28,1318.06,1786.98,2128.25,1793.77,1635.42,3995.69,3448.59,3338.52,5630.15,4761.02,3369.30,3546.83,6268.24,6659.26,7019.72,10916.41,13807.20,14251.21,17307.63,20297.89,18269.00,17942.18,15072.97
96002,96047,96024.5,9820.98,847.68,29.33,1.73,0.00,0.00,398.19,4585.07,1541.52,1783.49,7197.86,3189.11,3610.33,2409.02,2821.16,3501.43,3199.14,3262.28,3532.00,3150.97,3008.48,3069.06,3360.67,2866.26,2160.53,2294.10,1972.35,2309.15,2371.53,1971.81,2325.05,2230.71,3132.17,3641.75,7276.22,8663.89,9444.23,11291.24,11694.13,11927.68,8756.31,13140.46,17032.21,21108.43,22660.77,23270.80,21612.36,19237.28
96062,96107,96084.5,12365.62,1213.64,41.96,1.73,0.00,0.00,3972.68,711.05,430.35,1233.65,705.41,1175.90,2191.96,1828.65,1826.32,2090.63,1725.64,2113.43,2985.84,2111.13,2702.23,3066.38,2355.99,1813.95,2009.47,2208.69,1910.48,1735.38,1790.10,1943.92,5141.03,3577.37,5612.48,6705.31,9006.78,5914.58,8960.76,12329.51,12543.71,13232.30,19776.93,23796.22,26753.66,33814.80,38628.55,32554.82,29162.27,24711.36
