Data/Raw/MOORE,RICHARD/FIREXAQ-LARGE-SMPS_DC8_20190831_R0.ict
88,1001
Richard Moore, Elizabeth Wiggins, Edward Winstead, Claire Robinson, Lee Thornhill, and Kevin Sanchez
NASA Langley Research Center
In-situ Submicron Particle Size Distributions from a SMPS on the NASA DC-8
FIREXAQ
1,1
2019,08,31,2020,03,10
0
Time_start,Secs after midnight,Time of acquisition
50
1,1,1,1,1,1,1,1,1,1,1,1,1,1,1,1,1,1,1,1,1,1,1,1,1,1,1,1,1,1,1,1,1,1,1,1,1,1,1,1,1,1,1,1,1,1,1,1,1,1
-9999,-9999,-9999,-9999,-9999,-9999,-9999,-9999,-9999,-9999,-9999,-9999,-9999,-9999,-9999,-9999,-9999,-9999,-9999,-9999,-9999,-9999,-9999,-9999,-9999,-9999,-9999,-9999,-9999,-9999,-9999,-9999,-9999,-9999,-9999,-9999,-9999,-9999,-9999,-9999,-9999,-9999,-9999,-9999,-9999,-9999,-9999,-9999,-9999,-9999
Time_stop,Secs after midnight,Time of acquisition
Time_mid,Secs after midnight,Time of acquisition
nSMPS_stdPT,#/cm3,AerMP_NumConc_InSitu_RHd_Mobility_NucltoAccu_STP,integrated_number_density
sSMPS_stdPT,um2/cm3,AerMP_SurfAreaConc_InSitu_RHd_Mobility_NucltoAccu_STP,integrated_surface_area
vSMPS_stdPT,um3/cm3,AerMP_VolConc_InSitu_RHd_Mobility_NucltoAccu_STP,integrated_volume
SMPS_stdPT, unitless, None, conversion between ambient PT and standard PT (1013, 273)
SMPS_bin00_stdPT,#/cm3,AerMP_NumSizeDist_InSitu_RHd_Mobility_NucltoAccu_STP,Binned number size distribution (in dNdlogDp) measured by the SMPS
SMPS_bin01_stdPT,#/cm3,AerMP_NumSizeDist_InSitu_RHd_Mobility_NucltoAccu_STP,Binned number size distribution (in dNdlogDp) measured by the SMPS
SMPS_bin02_stdPT,#/cm3,AerMP_NumSizeDist_InSitu_RHd_Mobility_NucltoAccu_STP,Binned number size distribution (in dNdlogDp) measured by the SMPS
SMPS_bin03_stdPT,#/cm3,AerMP_NumSizeDist_InSitu_RHd_Mobility_NucltoAccu_STP,Binned number size distribution (in dNdlogDp) measured by the SMPS
SMPS_bin04_stdPT,#/cm3,AerMP_NumSizeDist_InSitu_RHd_Mobility_NucltoAccu_STP,Binned number size distribution (in dNdlogDp) measured by the SMPS
SMPS_bin05_stdPT,#/cm3,AerMP_NumSizeDist_InSitu_RHd_Mobility_NucltoAccu_STP,Binned number size distribution (in dNdlogDp) measured by the SMPS
SMPS_bin06_stdPT,#/cm3,AerMP_NumSizeDist_InSitu_RHd_Mobility_NucltoAccu_STP,Binned number size distribution (in dNdlogDp) measured by the SMPS
SMPS_bin07_stdPT,#/cm3,AerMP_NumSizeDist_InSitu_RHd_Mobility_NucltoAccu_STP,Binned number size distribution (in dNdlogDp) measured by the SMPS
SMPS_bin08_stdPT,#/cm3,AerMP_NumSizeDist_InSitu_RHd_Mobility_NucltoAccu_STP,Binned number size distribution (in dNdlogDp) measured by the SMPS
SMPS_bin09_stdPT,#/cm3,AerMP_NumSizeDist_InSitu_RHd_Mobility_NucltoAccu_STP,Binned number size distribution (in dNdlogDp) measured by the SMPS
SMPS_bin10_stdPT,#/cm3,AerMP_NumSizeDist_InSitu_RHd_Mobility_NucltoAccu_STP,Binned number size distribution (in dNdlogDp) measured by the SMPS
SMPS_bin11_stdPT,#/cm3,AerMP_NumSizeDist_InSitu_RHd_Mobility_NucltoAccu_STP,Binned number size distribution (in dNdlogDp) measured by the SMPS
SMPS_bin12_stdPT,#/cm3,AerMP_NumSizeDist_InSitu_RHd_Mobility_NucltoAccu_STP,Binned number size distribution (in dNdlogDp) measured by the SMPS
SMPS_bin13_stdPT,#/cm3,AerMP_NumSizeDist_InSitu_RHd_Mobility_NucltoAccu_STP,Binned number size distribution (in dNdlogDp) measured by the SMPS
SMPS_bin14_stdPT,#/cm3,AerMP_NumSizeDist_InSitu_RHd_Mobility_NucltoAccu_STP,Binned number size distribution (in dNdlogDp) measured by the SMPS
[...]
UNCERTAINTY:  20%
ULOD_FLAG: -7777
ULOD_VALUE: N/A
LLOD_FLAG: -8888
LLOD_VALUE: N/A
DM_CONTACT_INFO: Lee Thornhill (Kenneth.L.Thornhill@nasa.gov)
PROJECT_INFO: FIREX-AQ
STIPULATIONS_ON_USE: No stipulations on use. The user is encouraged to contact the PI or DM prior to use.
OTHER_COMMENTS: Midpoint diameters of Bins 00 to 43 are: 0.011,0.012,0.013,0.014,0.015,0.016,0.017,0.018,0.019,0.021,0.022,0.024,0.026,0.028,0.030,0.032,0.035,0.037,0.040,0.043,0.046,0.050,0.053,0.057,0.061,0.066,0.071,0.076,0.082,0.088,0.095,0.102,0.109,0.118,0.126,0.136,0.146,0.157,0.168,0.181,0.194,0.209,0.225,0.241
REVISION: R0
R0: Final Data. Data are corrected for time lags and ammonium sulfate size calibrations.
*******************************************************************************************************************************
Time_start,Time_stop,Time_mid,nSMPS_stdPT,sSMPS_stdPT,vSMPS_stdPT,SMPS_stdPT,SMPS_bin00_stdPT,SMPS_bin01_stdPT,SMPS_bin02_stdPT,SMPS_bin03_stdPT,SMPS_bin04_stdPT,SMPS_bin05_stdPT,SMPS_bin06_stdPT,SMPS_bin07_stdPT,SMPS_bin08_stdPT,SMPS_bin09_stdPT,SMPS_bin10_stdPT,SMPS_bin11_stdPT,SMPS_bin12_stdPT,SMPS_bin13_stdPT,SMPS_bin14_stdPT,SMPS_bin15_stdPT,SMPS_bin16_stdPT,SMPS_bin17_stdPT,SMPS_bin18_stdPT,SMPS_bin19_stdPT,SMPS_bin20_stdPT,SMPS_bin21_stdPT,SMPS_bin22_stdPT,SMPS_bin23_stdPT,SMPS_bin24_stdPT,SMPS_bin25_stdPT,SMPS_bin26_stdPT,SMPS_bin27_stdPT,SMPS_bin28_stdPT,SMPS_bin29_stdPT,SMPS_bin30_stdPT,SMPS_bin31_stdPT,SMPS_bin32_stdPT,SMPS_bin33_stdPT,SMPS_bin34_stdPT,SMPS_bin35_stdPT,SMPS_bin36_stdPT,SMPS_bin37_stdPT,SMPS_bin38_stdPT,SMPS_bin39_stdPT,SMPS_bin40_stdPT,SMPS_bin41_stdPT,SMPS_bin42_stdPT,SMPS_bin43_stdPT
[from data line 134]
70777,70822,70799.5,2343.18,155.94,4.48,1.21,0.00,571.99,0.00,304.03,0.01,0.00,0.03,104.89,123.66,0.00,181.40,102.91,162.29,42.45,221.27,99.51,364.79,539.01,632.32,612.33,376.64,332.25,874.97,1135.83,1830.43,1879.60,1310.13,2292.48,2507.51,1168.90,2010.96,3357.09,3503.03,2624.73,4251.39,5747.88,5858.90,5564.88,5648.02,5857.95,3433.50,3592.81,3118.40,2640.72
70836,70881,70858.5,2214.68,139.10,4.03,1.21,1864.02,2082.43,411.44,0.00,265.02,0.02,0.03,0.03,108.16,76.97,0.00,0.00,85.86,183.96,291.54,265.71,307.45,185.64,674.33,524.39,896.91,965.87,1227.61,950.41,1264.53,1650.69,1481.50,2023.61,1596.50,2284.18,1875.76,2388.72,2483.36,3623.08,3443.68,3127.74,4484.78,5167.68,5272.03,4609.20,3896.76,3733.20,2730.73,2364.28
70895,70940,70917.5,2464.76,142.54,4.01,1.21,2902.15,0.00,0.00,1055.50,265.09,0.01,162.57,0.00,0.00,0.00,72.97,59.15,116.51,235.26,313.91,364.19,355.68,297.81,500.86,843.78,249.50,575.06,1607.66,1863.99,1740.06,1884.50,2840.97,2015.01,2299.31,2203.83,3171.78,2030.27,1122.22,3450.88,4407.42,5775.37,5371.25,5497.32,5719.03,4487.79,3539.53,2920.85,2620.26,2092.93
70954,70999,70976.5,2412.33,138.64,3.93,1.21,858.18,1265.26,965.96,0.00,264.36,0.00,0.01,0.00,0.00,90.76,74.81,61.54,209.21,119.40,259.58,158.68,229.68,292.16,518.97,730.18,794.36,871.39,918.54,1139.63,2094.37,1879.26,1193.34,1442.85,2254.29,2683.58,2376.73,2760.68,3032.69,3264.52,3879.02,4200.68,5312.73,4675.50,5269.78,4797.38,3845.20,3313.25,2052.41,2277.16
71013,71058,71035.5,2113.28,131.30,3.71,1.21,0.00,0.00,0.00,0.00,0.00,0.01,0.03,132.43,0.06,0.00,66.30,63.03,0.00,33.68,44.84,367.39,320.87,375.66,433.08,524.03,731.16,927.72,989.70,1147.69,1961.78,2772.89,1933.70,2499.81,2758.42,2481.10,2090.63,2507.22,2135.26,2934.29,3689.47,4403.59,4798.83,4331.65,4938.30,4321.87,3598.66,2952.51,2183.42,2173.96
71072,71117,71094.5,2025.09,123.65,3.53,1.21,0.00,0.00,895.09,304.46,0.00,182.19,162.97,0.04,0.00,0.32,71.61,0.00,151.35,60.31,0.00,49.15,430.38,513.86,341.42,686.55,722.02,432.69,618.50,1751.69,1520.04,1730.78,1213.36,2034.33,1903.17,1665.54,1936.42,3241.87,3833.82,2736.72,3494.68,3713.30,3578.62,4033.05,4673.31,4032.25,3061.88,2550.86,2381.10,2458.87
71131,71176,71153.5,1888.74,120.57,3.42,1.21,0.00,0.00,492.88,344.63,0.00,182.22,49.01,87.94,0.00,160.35,74.09,61.52,92.72,211.18,110.31,188.36,313.09,396.69,359.61,456.53,555.62,870.10,807.96,727.58,771.93,1257.17,1330.56,1779.95,2289.82,1563.22,2231.99,2419.93,2601.05,2216.65,3589.42,4680.64,4063.35,4625.56,4748.75,4036.55,3231.87,2402.53,2100.70,1955.71
71190,71235,71212.5,1783.94,100.28,2.81,1.21,1684.91,0.00,0.00,0.00,762.39,0.02,481.34,0.00,100.19,0.00,75.60,176.90,112.02,119.01,227.77,325.24,379.10,154.83,511.82,608.74,491.01,625.82,915.68,1267.17,1035.70,1648.69,1558.25,2071.06,1842.98,2627.41,2729.90,2661.53,2029.60,2122.20,3368.22,3635.31,2658.01,3599.87,3321.27,2793.69,2856.29,1864.00,1793.70,1848.88
71249,71294,71271.5,2008.02,115.37,3.30,1.21,2739.68,1383.05,282.49,656.36,530.43,1188.83,407.52,176.26,180.12,185.57,81.37,115.16,89.25,183.06,169.30,291.89,363.64,465.65,358.58,313.76,877.56,981.13,1171.80,739.32,796.03,775.10,1723.66,1381.16,998.07,1343.67,2093.81,2184.99,2035.77,3946.59,3097.70,3493.88,3436.86,4642.63,4269.27,3795.20,3009.27,2837.09,2404.39,1633.92
71308,71353,71330.5,1936.66,110.34,3.10,1.21,0.00,0.00,9.65,993.92,777.26,551.93,294.21,120.05,0.00,91.78,65.35,0.00,102.24,89.02,173.11,476.03,227.42,244.09,153.61,120.14,270.07,0.00,662.16,1217.44,1757.63,2244.70,2066.18,1712.78,2109.10,2501.17,2437.97,1922.46,1660.75,2203.45,3024.35,3707.10,3989.53,4308.32,4399.38,3458.92,2828.07,2632.44,1991.13,1455.62
71367,71412,71389.5,4046.34,256.23,7.25,1.20,1031.73,0.00,2088.24,689.80,265.46,388.24,162.85,120.48,199.55,83.92,140.37,290.74,129.49,265.86,94.20,317.64,142.66,321.87,559.53,445.23,898.82,838.95,726.93,1853.63,1618.81,1465.50,3670.08,3276.54,3179.90,3554.18,6492.71,5891.70,6517.72,7080.61,9283.85,7638.93,8035.98,10232.96,9447.21,7727.22,6523.00,5755.90,5044.00,3700.07
71427,71472,71449.5,3216.76,198.39,5.65,1.17,2559.54,794.20,0.00,344.75,1272.70,408.91,608.59,0.00,299.11,335.72,628.09,512.13,480.53,66.14,926.74,376.95,516.40,780.28,235.86,342.67,1329.15,565.92,1247.55,2257.50,2175.52,836.74,2782.77,3066.43,1271.60,2108.79,4944.66,3036.66,1698.06,4556.77,6330.18,7603.27,6252.01,7731.64,7802.17,7393.69,6145.50,4158.10,3516.51,2635.75
71485,71530,71507.5,2341.11,111.73,2.91,1.15,1703.69,523.71,0.00,304.80,903.34,975.91,789.28,211.37,281.88,224.46,42.97,356.58,538.95,782.34,450.33,680.27,1343.24,750.82,1108.10,866.23,802.86,730.38,1132.17,1304.38,1474.33,1726.44,1420.38,1355.76,1695.53,1685.63,2436.40,2906.18,3078.16,4746.38,5482.33,5523.36,4600.75,5088.93,3959.61,3068.00,2341.26,2261.84,1954.86,0.00
71544,71589,71566.5,2001.81,107.12,2.83,1.14,0.00,0.00,0.00,0.00,232.24,271.14,197.76,0.00,395.90,339.44,270.41,544.28,822.06,654.97,493.58,548.35,1015.92,418.89,549.54,1054.73,1128.32,1005.48,919.11,1255.62,1515.20,1421.97,1361.29,995.41,1379.90,1547.94,1427.21,1959.72,2434.77,4043.60,4960.35,4877.37,4411.67,5290.98,4510.85,3283.80,2647.57,2274.41,1596.06,0.00
71604,71649,71626.5,114798.58,4149.84,94.44,1.14,703.99,0.00,0.00,0.00,232.00,161.36,562.85,108.00,387.35,660.92,439.96,445.79,196.87,8.64,0.00,0.00,0.00,1794.89,9220.78,32018.72,48064.51,79393.85,116809.26,140917.77,169034.06,206889.84,283597.16,312818.56,294986.12,257383.66,292032.97,248261.25,184892.64,201943.78,211813.72,121914.02,35167.44,39866.04,61402.41,79346.35,79882.05,87741.84,71364.94,0.00
71663,71708,71685.5,17186.84,534.73,12.94,1.14,13766.94,12629.05,11919.66,7782.46,1673.83,4617.89,2117.32,3373.10,2678.03,2806.08,6857.98,6495.90,4967.66,5253.68,5352.32,5437.43,5659.27,17878.30,17909.23,14371.02,18258.26,20617.89,20512.71,23186.97,15700.66,17720.75,16765.55,20653.04,17166.13,5338.50,0.00,9227.24,25143.60,31116.46,28171.14,20188.50,16946.52,18690.83,16700.79,13956.36,11469.25,9222.81,7275.21,0.00
71722,71767,71744.5,5312.13,284.00,7.69,1.14,5373.31,4002.60,2843.87,0.00,231.63,689.08,318.10,1272.64,712.16,427.59,134.91,189.62,578.00,878.15,771.39,757.74,1070.73,900.53,257.99,1168.40,1002.99,436.99,1718.10,5850.69,7314.70,5984.97,5059.58,2426.88,2985.60,3436.36,3952.87,1980.51,1655.96,6210.14,11673.43,11098.97,13751.64,16008.39,12848.73,9505.75,7629.85,5847.63,5106.48,0.00
71781,71826,71803.5,4146.52,263.10,7.67,1.14,735.66,973.34,770.85,0.00,858.15,344.61,143.82,900.46,377.57,313.23,274.53,743.85,911.47,309.00,518.48,366.36,765.20,564.57,1122.83,2387.08,3092.91,1790.53,3611.79,2092.37,1962.25,1245.55,2112.25,2293.50,3046.63,4525.02,4944.24,5015.78,3594.27,5636.02,5686.74,4671.99,5240.64,10369.15,10113.23,8412.93,9012.13,9211.95,9573.66,0.00
71840,71885,71862.5,44892.60,1280.38,29.40,1.17,13161.07,10056.03,3063.34,2245.75,2381.94,2418.63,3021.63,3743.99,5527.96,7786.80,9467.49,11449.00,15114.69,19853.26,21097.22,25079.75,29738.00,35915.09,38990.23,44982.46,47444.96,54875.02,59033.99,63972.36,67518.59,62207.79,67296.57,62957.52,66344.57,59843.15,53124.88,51318.74,50143.50,46338.60,42867.67,42719.06,40456.42,36625.10,33081.16,26625.39,20819.70,15868.62,12174.09,9903.21
71899,71944,71921.5,6410.08,217.83,5.29,1.20,847.95,0.00,828.34,378.07,925.31,771.08,644.56,575.13,512.58,1006.60,1728.89,1510.92,2495.87,1309.14,2630.82,3099.50,4112.75,4405.81,5184.98,4872.43,6256.74,7052.34,6946.41,8122.52,8781.40,9535.46,9367.68,8595.23,6920.38,7671.29,10212.73,10515.02,8037.80,7268.00,7252.04,7176.52,6354.10,6775.18,6639.35,4431.55,3369.20,3205.30,2977.60,2173.78
71958,72003,71980.5,18241.90,1546.21,47.83,1.21,0.00,695.44,9.69,649.17,0.00,0.00,293.82,250.27,199.98,78.11,208.20,245.38,378.55,232.28,328.95,652.78,406.28,425.92,151.37,983.84,1236.77,19.86,2076.28,4708.04,4057.74,0.00,5822.65,16071.99,16083.21,11998.08,22145.20,29205.74,16672.30,16036.90,35778.09,39871.55,25156.00,41316.48,57173.18,51359.12,50152.31,48072.55,42205.67,37408.75
72017,72062,72039.5,36688.98,1389.01,33.27,1.20,1872.99,3475.81,705.10,1838.68,1788.57,360.38,770.82,667.07,706.29,2692.36,2742.82,2497.97,5089.98,6969.83,6956.10,10698.26,16123.52,17504.50,18896.85,24323.18,30677.46,25662.45,28920.99,43506.64,43739.59,43166.48,56038.20,75215.94,62560.00,48727.49,52097.74,66985.35,61893.35,52111.46,49966.73,52776.18,46951.45,46599.00,41475.30,39103.70,24737.20,14001.07,11493.90,11257.39
72076,72121,72098.5,3696.60,152.50,4.07,1.16,5066.96,0.00,1784.82,9409.04,1289.20,589.72,193.43,842.93,1030.08,1474.96,1142.61,905.15,428.70,747.87,489.45,846.88,1467.31,1137.94,588.53,1213.66,1229.85,1291.98,939.37,523.97,342.33,1079.56,4317.57,4470.91,3751.10,4567.22,4856.15,2612.93,3379.42,5934.99,4606.37,5469.28,4958.40,7470.60,7335.45,3848.33,2750.63,2013.72,2304.28,1988.77
72135,72180,72157.5,3134.12,173.25,4.73,1.14,869.29,486.65,1126.35,1041.99,682.40,890.32,262.34,105.27,967.81,781.88,603.84,255.70,507.89,690.73,293.75,477.55,272.52,582.99,1074.94,742.25,503.66,1157.96,1378.02,1383.00,1442.33,2523.10,2352.21,2554.20,1059.36,927.55,2014.69,2664.60,2875.83,4833.53,7284.45,7252.67,7034.44,8260.96,7630.28,6031.17,5064.04,3992.29,3130.09,0.00
72194,72239,72216.5,4656.87,236.34,6.28,1.14,1421.73,3291.64,2125.42,1664.68,805.51,634.48,208.34,105.75,596.23,831.97,633.46,832.93,703.43,361.23,294.85,566.55,857.53,997.41,806.42,863.31,1426.70,1748.56,2438.15,2998.60,3471.11,3704.46,4377.60,4810.02,5938.15,4472.27,6137.82,5019.62,5324.60,5968.74,8162.37,8732.03,8965.80,10919.14,9370.40,8150.77,6717.59,5274.32,3954.87,0.00
72253,72298,72275.5,2884.93,140.60,3.76,1.14,2400.18,1553.59,1542.05,837.86,0.00,337.99,923.10,758.21,288.79,727.95,578.61,391.37,249.15,689.56,431.85,582.99,463.68,1058.08,1086.08,1170.55,1308.16,1331.72,1566.32,2107.19,1219.27,1280.41,859.47,2091.54,2333.77,1349.60,2862.46,2614.11,3691.77,2513.63,4794.46,6181.74,6354.69,8064.15,5446.31,4809.17,3918.11,2920.60,2157.03,0.00
72312,72357,72334.5,2575.50,99.72,2.65,1.14,4934.72,3686.54,3203.37,1026.66,962.12,2254.11,862.84,798.66,382.12,570.87,214.59,260.79,579.51,980.46,987.40,711.08,910.99,718.66,988.10,798.79,907.96,639.91,242.68,166.45,1432.74,1629.87,1435.55,2040.94,2488.17,3288.90,2057.01,2437.97,2473.12,2978.96,2123.03,1610.89,3374.26,4911.94,5636.45,4141.54,2873.27,1749.31,1472.29,0.00
72371,72416,72393.5,2440.45,141.70,3.82,1.14,0.00,0.00,355.61,0.00,0.00,0.00,0.00,214.65,283.20,128.19,301.83,189.10,672.13,165.76,209.74,267.53,900.44,1192.52,1085.89,484.05,1249.45,908.65,397.95,346.96,439.16,0.00,317.09,3812.69,5792.15,4097.03,3874.07,3371.49,1432.93,2716.42,4905.09,5275.54,4520.94,6672.86,6351.31,5971.54,3630.05,2941.35,2619.01,0.00
72430,72475,72452.5,31527.27,859.92,19.41,1.13,10771.81,10462.40,7745.20,5488.54,5124.58,4832.67,4800.42,4675.88,5571.37,8945.71,10642.23,16004.93,20136.79,17494.11,19671.40,25017.49,22482.16,24795.37,30510.84,36947.65,33877.75,38761.23,41866.02,56108.32,50235.71,37756.24,10664.13,20161.50,20439.62,9009.91,15327.57,38213.39,68494.86,60386.95,43266.70,30976.11,21028.45,24134.12,23179.96,19980.83,15470.43,11615.77,7640.15,0.00
72489,72534,72511.5,7164.00,308.90,8.16,1.14,13104.91,5420.19,5512.02,1891.17,1320.97,1160.92,875.46,1149.01,1053.73,922.52,1123.23,1325.55,922.88,1023.81,1109.93,1415.72,1726.11,1590.08,1595.36,1845.22,1746.23,2375.74,3241.41,3779.38,4711.67,4804.37,4349.19,4475.28,7036.96,7183.71,8217.08,6966.69,9449.04,10443.57,10710.71,9959.65,13478.16,13565.75,10492.87,9755.88,8116.73,7641.05,5324.87,0.00
72548,72593,72570.5,3459.38,166.60,4.40,1.14,4803.53,2821.46,2225.88,1982.49,410.96,753.86,638.22,332.20,658.04,462.29,400.03,344.28,326.30,348.13,513.73,425.57,404.02,600.78,551.19,1125.15,984.65,1497.45,2079.68,1964.19,478.14,1586.00,1876.19,365.21,0.00,2534.79,6149.76,6271.50,5820.19,5812.33,6886.30,6131.11,6503.56,7056.27,6624.19,5901.81,4326.08,3643.50,2415.44,0.00
72607,72652,72629.5,2563.35,134.59,3.65,1.14,1839.03,808.00,1543.39,838.55,414.86,1030.68,954.80,461.25,381.74,470.33,119.90,237.06,349.96,1152.18,468.19,637.33,750.16,629.72,434.37,488.07,528.57,1078.58,869.67,758.70,1416.06,2176.65,1676.74,948.09,1131.57,1901.42,1694.01,1361.76,2204.33,4937.27,6767.97,6613.88,5075.31,4932.84,5274.59,5118.68,3972.54,2939.26,2477.04,0.00
72666,72711,72688.5,60792.19,2543.10,60.29,1.15,5399.83,3500.23,2253.93,1920.45,2039.72,1376.62,939.30,739.06,773.32,949.36,568.37,478.79,1812.83,2384.53,3981.61,7367.39,12839.85,12649.58,23089.13,33569.04,45670.89,43101.41,52696.09,46008.89,56468.05,58684.88,84048.45,67747.67,56116.95,123111.21,153860.88,148494.77,121247.86,117912.01,123266.95,110713.32,83604.32,76817.12,72080.90,62177.62,46867.29,37853.66,28967.28,0.00
72725,72770,72747.5,9240.88,202.15,4.98,1.20,10458.58,24555.53,16957.51,15396.62,12546.12,9456.60,3147.55,1962.97,1391.59,959.58,1248.44,1114.40,2155.58,2378.65,3359.30,3051.62,2972.99,3939.26,3912.61,4875.59,5929.18,6213.55,6853.16,6888.94,6966.41,7146.25,7709.28,6565.77,7705.46,5651.57,6428.88,6837.16,5873.74,6949.32,6570.98,6425.25,6758.05,6550.65,6605.41,5226.35,4105.25,3337.30,2242.54,1869.06
72784,72829,72806.5,3107.54,140.08,3.72,1.28,1278.35,2515.13,520.05,0.00,595.43,206.94,163.33,146.39,324.53,89.57,145.66,237.45,380.41,741.26,531.13,769.65,1078.07,1262.27,1262.08,2383.72,1756.48,1768.33,2275.94,3086.98,2335.21,3391.62,4206.03,4406.58,4449.38,4846.17,4840.27,4665.62,4265.71,3354.90,3563.21,4712.11,3759.96,3661.35,4873.91,4177.26,3601.05,2753.99,2409.28,1648.62
72843,72888,72865.5,1504.38,81.49,2.46,1.29,0.00,3754.44,481.88,0.00,797.77,467.07,673.59,562.82,341.24,101.11,157.04,132.04,441.77,329.97,220.34,301.05,685.76,510.47,326.87,288.05,525.72,782.17,792.17,1211.86,1386.48,1852.05,1637.02,1649.97,1878.80,1348.45,1192.55,1336.46,1406.93,928.97,256.79,1822.51,1340.16,1485.25,2564.25,2665.58,2761.33,2326.33,2373.79,2041.29
72902,72947,72924.5,998.84,84.35,2.70,1.29,0.00,0.00,0.00,352.71,0.00,0.00,0.02,139.32,0.00,188.51,168.56,0.00,0.00,43.53,129.72,156.69,175.71,87.82,176.19,279.06,56.24,335.70,391.54,306.36,615.73,621.71,1122.05,1638.27,1212.70,989.59,236.15,343.72,77.05,16.51,85.48,1156.92,1664.04,1749.03,3362.73,3043.65,3215.85,2920.69,2452.39,2450.88
72961,73006,72983.5,1139.08,92.71,2.91,1.25,0.00,0.00,0.00,0.00,0.00,0.00,0.01,0.01,0.04,0.03,0.17,0.00,0.00,104.64,101.59,16.94,58.77,77.45,278.99,244.74,323.82,539.08,503.02,571.56,866.84,687.55,782.97,1246.35,1417.29,1469.28,1009.26,1449.84,1010.25,171.34,97.32,800.84,1347.82,2429.06,3385.35,4036.24,3439.96,3214.11,2554.71,2213.37
73020,73065,73042.5,1490.72,90.68,2.62,1.21,0.00,0.00,0.00,0.00,0.01,0.00,0.00,120.20,0.00,0.00,148.02,188.73,169.41,93.09,150.55,136.15,247.33,330.20,429.73,544.27,639.93,1023.11,1108.87,1550.56,1373.61,1456.35,1782.91,1982.97,1816.09,1635.98,1729.96,1670.19,1342.47,1801.15,1685.91,2774.26,2088.93,3164.13,3304.90,2826.95,2592.50,1912.99,2069.79,1810.71
73079,73124,73101.5,1915.33,109.55,3.03,1.18,0.00,0.00,0.00,0.00,0.00,324.66,555.51,208.07,139.33,802.36,678.77,885.81,124.84,128.25,153.24,383.33,787.47,1047.64,1091.11,983.38,899.31,1002.55,1357.80,1157.56,1296.68,1323.37,433.68,0.00,177.53,1775.86,701.81,664.49,4278.83,5532.96,5065.17,3904.65,4294.45,3741.30,3951.64,3043.56,2727.61,2760.59,1704.49,1200.87
73138,73183,73160.5,3172.41,129.68,3.37,1.15,5179.94,579.38,2131.77,3058.57,1151.11,725.25,539.45,1191.38,1781.30,928.01,278.00,744.24,1487.68,1359.89,1172.23,824.25,1100.98,692.19,1073.74,795.82,1101.94,1225.90,751.67,1738.33,1844.13,2325.99,1652.23,3287.10,2919.25,2757.37,3630.85,3358.02,2704.70,4165.11,5354.15,5631.12,4491.81,5762.22,5516.30,4187.37,3004.80,2777.88,1915.22,0.00
73197,73242,73219.5,6567.83,494.83,14.65,1.14,1412.98,1541.20,1189.92,1130.93,436.10,2085.30,965.84,564.93,900.68,1184.69,846.77,1015.90,1237.51,786.51,848.76,1247.54,1472.19,1433.36,962.27,600.16,865.52,871.96,1707.98,3254.36,3651.30,3657.15,2252.74,699.73,0.00,0.00,0.00,0.00,339.01,5437.80,14159.85,13750.26,15987.46,25415.98,24419.90,21149.07,18509.48,16145.22,12886.31,0.00
