Data/Raw/MOORE,RICHARD/FIREXAQ-LARGE-SMPS_DC8_20190725_R0.ict
88,1001
Richard Moore, Elizabeth Wiggins, Edward Winstead, Claire Robinson, Lee Thornhill, and Kevin Sanchez
NASA Langley Research Center
In-situ Submicron Particle Size Distributions from a SMPS on the NASA DC-8
FIREXAQ
1,1
2019,07,25,2020,03,10
0
Time_start,Secs after midnight,Time of acquisition
50
1,1,1,1,1,1,1,1,1,1,1,1,1,1,1,1,1,1,1,1,1,1,1,1,1,1,1,1,1,1,1,1,1,1,1,1,1,1,1,1,1,1,1,1,1,1,1,1,1,1
-9999,-9999,-9999,-9999,-9999,-9999,-9999,-9999,-9999,-9999,-9999,-9999,-9999,-9999,-9999,-9999,-9999,-9999,-9999,-9999,-9999,-9999,-9999,-9999,-9999,-9999,-9999,-9999,-9999,-9999,-9999,-9999,-9999,-9999,-9999,-9999,-9999,-9999,-9999,-9999,-9999,-9999,-9999,-9999,-9999,-9999,-9999,-9999,-9999,-9999
Time_stop,Secs after midnight,Time of acquisition
Time_mid,Secs after midnight,Time of acquisition
nSMPS_stdPT,#/cm3,AerMP_NumConc_InSitu_RHd_Mobility_NucltoAccu_STP,integrated_number_density
sSMPS_stdPT,um2/cm3,AerMP_SurfAreaConc_InSitu_RHd_Mobility_NucltoAccu_STP,integrated_surface_area
vSMPS_stdPT,um3/cm3,AerMP_VolConc_InSitu_RHd_Mobility_NucltoAccu_STP,integrated_volume
SMPS_stdPT, unitless, None, conversion between ambient PT and standard PT (1013, 273)
SMPS_bin00_stdPT,#/cm3,AerMP_NumSizeDist_InSitu_RHd_Mobility_NucltoAccu_STP,Binned number size distribution (in dNdlogDp) measured by the SMPS
SMPS_bin01_stdPT,#/cm3,AerMP_NumSizeDist_InSitu_RHd_Mobility_NucltoAccu_STP,Binned number size distribution (in dNdlogDp) measured by the SMPS
SMPS_bin02_stdPT,#/cm3,AerMP_NumSizeDist_InSitu_RHd_Mobility_NucltoAccu_STP,Binned number size distribution (in dNdlogDp) measured by the SMPS
SMPS_bin03_stdPT,#/cm3,AerMP_NumSizeDist_InSitu_RHd_Mobility_NucltoAccu_STP,Binned number size distribution (in dNdlogDp) measured by the SMPS
SMPS_bin04_stdPT,#/cm3,AerMP_NumSizeDist_InSitu_RHd_Mobility_NucltoAccu_STP,Binned number size distribution (in dNdlogDp) measured by the SMPS
SMPS_bin05_stdPT,#/cm3,AerMP_NumSizeDist_InSitu_RHd_Mobility_NucltoAccu_STP,Binned number size distribution (in dNdlogDp) measured by the SMPS
SMPS_bin06_stdPT,#/cm3,AerMP_NumSizeDist_InSitu_RHd_Mobility_NucltoAccu_STP,Binned number size distribution (in dNdlogDp) measured by the SMPS
SMPS_bin07_stdPT,#/cm3,AerMP_NumSizeDist_InSitu_RHd_Mobility_NucltoAccu_STP,Binned number size distribution (in dNdlogDp) measured by the SMPS
SMPS_bin08_stdPT,#/cm3,AerMP_NumSizeDist_InSitu_RHd_Mobility_NucltoAccu_STP,Binned number size distribution (in dNdlogDp) measured by the SMPS
SMPS_bin09_stdPT,#/cm3,AerMP_NumSizeDist_InSitu_RHd_Mobility_NucltoAccu_STP,Binned number size distribution (in dNdlogDp) measured by the SMPS
SMPS_bin10_stdPT,#/cm3,AerMP_NumSizeDist_InSitu_RHd_Mobility_NucltoAccu_STP,Binned number size distribution (in dNdlogDp) measured by the SMPS
SMPS_bin11_stdPT,#/cm3,AerMP_NumSizeDist_InSitu_RHd_Mobility_NucltoAccu_STP,Binned number size distribution (in dNdlogDp) measured by the SMPS
SMPS_bin12_stdPT,#/cm3,AerMP_NumSizeDist_InSitu_RHd_Mobility_NucltoAccu_STP,Binned number size distribution (in dNdlogDp) measured by the SMPS
SMPS_bin13_stdPT,#/cm3,AerMP_NumSizeDist_InSitu_RHd_Mobility_NucltoAccu_STP,Binned number size distribution (in dNdlogDp) measured by the SMPS
SMPS_bin14_stdPT,#/cm3,AerMP_NumSizeDist_InSitu_RHd_Mobility_NucltoAccu_STP,Binned number size distribution (in dNdlogDp) measured by the SMPS
[...]
UNCERTAINTY:  20%
ULOD_FLAG: -7777
ULOD_VALUE: N/A
LLOD_FLAG: -8888
LLOD_VALUE: N/A
DM_CONTACT_INFO: Lee Thornhill (Kenneth.L.Thornhill@nasa.gov)
PROJECT_INFO: FIREX-AQ
STIPULATIONS_ON_USE: No stipulations on use. The user is encouraged to contact the PI or DM prior to use.
OTHER_COMMENTS: Midpoint diameters of Bins 00 to 43 are: 0.011,0.012,0.013,0.014,0.015,0.016,0.017,0.018,0.019,0.021,0.022,0.024,0.026,0.028,0.030,0.032,0.035,0.037,0.040,0.043,0.046,0.050,0.053,0.057,0.061,0.066,0.071,0.076,0.082,0.088,0.095,0.102,0.109,0.118,0.126,0.136,0.146,0.157,0.168,0.181,0.194,0.209,0.225,0.241
REVISION: R0
R0: Final Data. Data are corrected for time lags and ammonium sulfate size calibrations.
*******************************************************************************************************************************
Time_start,Time_stop,Time_mid,nSMPS_stdPT,sSMPS_stdPT,vSMPS_stdPT,SMPS_stdPT,SMPS_bin00_stdPT,SMPS_bin01_stdPT,SMPS_bin02_stdPT,SMPS_bin03_stdPT,SMPS_bin04_stdPT,SMPS_bin05_stdPT,SMPS_bin06_stdPT,SMPS_bin07_stdPT,SMPS_bin08_stdPT,SMPS_bin09_stdPT,SMPS_bin10_stdPT,SMPS_bin11_stdPT,SMPS_bin12_stdPT,SMPS_bin13_stdPT,SMPS_bin14_stdPT,SMPS_bin15_stdPT,SMPS_bin16_stdPT,SMPS_bin17_stdPT,SMPS_bin18_stdPT,SMPS_bin19_stdPT,SMPS_bin20_stdPT,SMPS_bin21_stdPT,SMPS_bin22_stdPT,SMPS_bin23_stdPT,SMPS_bin24_stdPT,SMPS_bin25_stdPT,SMPS_bin26_stdPT,SMPS_bin27_stdPT,SMPS_bin28_stdPT,SMPS_bin29_stdPT,SMPS_bin30_stdPT,SMPS_bin31_stdPT,SMPS_bin32_stdPT,SMPS_bin33_stdPT,SMPS_bin34_stdPT,SMPS_bin35_stdPT,SMPS_bin36_stdPT,SMPS_bin37_stdPT,SMPS_bin38_stdPT,SMPS_bin39_stdPT,SMPS_bin40_stdPT,SMPS_bin41_stdPT,SMPS_bin42_stdPT,SMPS_bin43_stdPT
[from data line 93]
84879,84924,84901.5,810.16,4.84,0.10,2.45,0.00,0.00,0.00,0.00,0.00,448.06,3732.68,5907.49,2686.76,1473.15,2176.14,1127.97,656.69,582.00,289.91,1018.61,877.03,722.10,347.55,439.81,394.38,317.80,278.69,173.07,303.63,119.42,132.21,219.56,98.43,96.04,151.23,256.17,138.31,150.37,78.15,87.16,37.39,61.92,77.42,34.68,0.00,47.90,36.20,110.84
84938,84983,84960.5,749.40,4.39,0.10,2.45,0.00,0.00,0.00,0.00,0.00,1898.93,4715.70,2966.63,2995.22,1213.11,1368.86,942.60,1040.66,779.75,610.79,1101.48,654.41,582.57,472.73,226.63,284.67,222.23,80.44,75.26,202.30,121.98,43.75,33.44,49.24,130.31,193.61,299.66,63.58,10.12,143.69,52.55,30.52,84.46,34.37,30.66,9.51,71.46,24.01,0.00
84997,85042,85019.5,719.47,5.91,0.12,2.42,0.00,0.00,0.00,0.00,0.00,675.12,5210.77,3111.28,1321.14,1111.03,1178.88,642.33,975.41,899.42,298.52,819.14,476.21,944.69,405.70,614.65,330.92,279.14,301.49,257.14,232.42,229.04,246.75,171.63,177.64,141.38,164.27,218.41,238.25,312.83,240.03,146.68,215.35,121.95,74.97,63.92,39.06,35.12,0.00,0.00
85056,85101,85078.5,815.46,3.51,0.05,2.28,0.00,0.00,0.00,0.00,1436.81,7094.29,1481.31,2740.47,1617.76,2370.18,895.52,1048.62,896.65,678.43,701.86,819.38,308.60,151.26,391.06,414.15,275.13,285.05,295.97,181.82,104.48,325.33,108.45,10.94,139.49,218.31,92.50,146.39,197.97,244.68,136.86,29.10,147.04,87.27,0.00,0.00,0.00,0.00,0.00,21.54
85115,85160,85137.5,1028.65,4.92,0.08,2.13,0.00,0.00,0.00,0.00,1617.60,3174.59,3388.54,3455.21,2732.63,2584.86,1507.72,1969.32,1944.94,1500.45,1025.19,966.52,988.21,697.97,966.79,910.04,264.61,277.66,479.12,287.20,189.39,197.24,221.12,196.09,41.73,142.03,157.07,136.30,196.24,107.71,131.22,119.60,26.49,44.50,56.37,49.85,53.04,0.00,60.01,30.19
85174,85219,85196.5,2855.67,3.79,0.03,1.89,0.00,0.00,0.00,8661.36,21535.30,19312.59,14335.17,10535.30,5973.30,3691.47,1964.38,875.36,920.40,297.97,135.37,364.59,524.47,269.71,484.57,99.48,268.93,117.20,97.27,19.43,53.08,175.45,50.40,67.77,113.00,4.34,100.35,32.72,46.02,19.45,73.05,48.58,24.26,14.72,34.18,0.00,0.00,18.69,21.71,0.00
85233,85278,85255.5,818.92,2.24,0.04,1.77,0.00,0.00,0.00,5494.71,4597.70,3860.37,5005.06,1373.71,1300.76,1313.40,244.43,179.23,64.28,232.19,128.94,204.75,223.44,179.79,159.30,37.46,138.62,87.56,69.74,147.11,80.31,88.65,90.08,150.42,39.93,165.99,108.67,64.16,45.73,102.97,0.00,76.58,45.70,5.01,0.00,23.78,24.29,0.00,25.06,25.57
85292,85337,85314.5,407.00,1.52,0.02,1.76,0.00,0.00,0.00,3366.40,952.94,1109.44,1907.20,1475.16,738.62,597.54,193.41,156.22,78.28,7.28,190.74,237.93,52.34,197.85,45.19,212.78,204.48,105.16,45.77,118.22,94.27,117.16,71.82,107.07,83.34,119.94,2.52,190.28,69.45,29.97,23.98,47.91,47.69,0.00,0.00,0.00,0.00,0.00,25.53,0.00
85351,85396,85373.5,293.79,1.06,0.02,1.76,0.00,0.00,0.00,2019.35,2176.89,1083.33,307.78,877.59,375.28,325.85,113.76,0.00,188.24,166.58,61.15,368.29,245.40,64.96,55.29,119.98,99.54,61.14,3.28,73.22,59.00,56.50,36.00,108.50,67.44,33.08,0.00,18.33,43.35,0.00,0.00,71.94,23.98,72.10,24.25,0.00,0.00,0.00,0.00,0.00
85410,85455,85432.5,1171.81,1.38,0.01,1.76,0.00,0.00,0.00,7425.96,10248.49,7864.27,4569.30,3352.92,1374.98,812.05,504.40,99.99,181.11,0.00,174.18,215.97,110.84,50.34,91.21,37.97,0.00,0.00,69.29,33.92,31.16,61.58,31.72,23.50,0.62,0.00,1.23,37.22,21.59,0.00,0.00,0.00,0.00,24.31,13.69,10.93,0.00,18.69,4.56,0.00
85469,85514,85491.5,1600.70,2.68,0.03,1.76,0.00,0.00,0.00,9183.41,17128.45,9352.59,5748.12,3087.50,2126.21,668.43,313.31,162.97,169.52,0.00,161.80,268.52,149.40,132.85,326.84,234.67,169.88,96.61,193.28,104.54,229.89,210.60,73.27,125.18,134.70,23.76,170.72,170.67,84.60,73.53,73.26,0.00,24.31,14.77,34.37,0.00,0.00,0.00,0.00,0.00
85528,85573,85550.5,1261.19,2.17,0.03,1.76,0.00,0.00,0.00,7412.56,6888.69,11810.52,5527.80,3791.93,2060.25,836.94,483.30,109.52,187.81,0.06,35.86,85.25,55.45,50.30,96.99,61.74,62.06,66.29,31.09,32.18,30.84,2.59,50.59,67.44,13.95,40.16,0.00,128.04,26.93,11.61,0.00,61.79,63.36,48.95,49.53,24.87,25.23,25.63,0.00,0.00
85587,85632,85609.5,6870.12,805.78,28.47,1.76,0.00,0.00,0.00,4452.32,5862.54,3220.37,1773.93,1887.86,545.61,0.00,493.61,117.64,252.06,71.27,207.30,375.63,193.46,313.36,219.23,107.12,16.77,52.94,102.33,180.34,189.80,701.08,1116.97,1267.44,1328.10,0.00,0.00,0.00,0.00,0.00,0.00,3190.90,6902.43,12954.67,19746.70,28676.29,29645.82,26290.06,26148.78,23137.15
85646,85691,85668.5,10993.31,1023.88,33.70,1.76,0.00,0.00,0.00,2163.94,5128.69,1117.04,2395.23,1283.83,0.66,585.90,367.48,219.18,74.43,149.49,123.11,145.83,250.36,374.00,220.05,273.85,489.82,539.18,161.47,158.67,902.50,1855.27,3661.49,5556.67,8076.80,10322.59,10204.00,11940.91,12434.83,14315.63,12629.80,16511.05,20429.26,21683.37,21160.68,29640.46,35110.20,30116.38,26891.07,23461.77
85705,85750,85727.5,6765.09,706.62,24.50,1.76,0.00,0.00,0.00,1257.57,907.25,2125.98,1711.52,789.64,0.01,173.50,256.92,134.82,0.00,3.22,207.04,152.64,196.90,259.55,102.77,0.00,518.93,312.49,339.68,651.09,1437.06,1171.69,1642.34,1268.35,2368.75,1675.05,4036.63,4747.48,6127.29,9282.01,12216.61,10348.98,9885.01,15319.12,14701.35,16957.21,20345.36,19926.99,16364.24,14747.41
85764,85809,85786.5,2851.47,266.74,9.06,1.76,0.00,0.00,0.00,0.00,2270.25,2953.63,0.00,788.76,731.28,371.28,401.57,361.49,0.00,170.46,133.79,273.88,151.72,167.41,136.20,297.94,289.76,221.86,115.93,575.53,67.32,0.00,302.26,522.84,0.00,1863.66,2793.45,2512.34,2793.72,3973.43,3800.98,4602.99,5035.27,6134.02,5779.56,6257.84,7896.95,7948.85,5917.52,5202.56
85823,85868,85845.5,20845.05,3014.38,116.10,1.76,0.00,0.00,0.00,0.00,2022.24,1985.18,856.39,102.61,600.59,348.09,378.86,126.27,103.45,256.91,72.85,255.82,112.06,117.69,175.26,194.98,393.40,476.38,699.96,688.00,0.00,0.00,0.00,0.00,0.00,9454.27,16253.80,15566.28,22726.79,24801.42,6889.34,0.00,0.00,7518.87,9810.04,23188.52,90806.68,96784.83,93685.76,90678.98
85882,85927,85904.5,24036.73,2576.52,89.23,1.76,0.00,0.00,0.00,0.00,6283.91,5634.16,2588.83,3733.51,1289.58,164.68,0.00,351.80,185.96,0.00,223.75,131.48,94.71,142.94,449.81,198.05,84.19,544.74,840.84,155.30,80.15,125.66,0.00,0.00,0.00,2663.99,8745.51,17776.71,35176.39,43011.60,46865.88,46233.80,57469.35,54556.71,48269.16,51931.59,73128.82,63476.90,57326.41,53904.89
85941,85986,85963.5,6076.73,721.20,26.38,1.76,0.00,0.00,0.00,0.00,7226.80,3369.11,3606.91,1867.46,1157.91,211.05,403.68,473.88,206.40,372.46,206.94,69.20,368.63,222.39,107.05,60.56,21.83,0.00,0.00,421.25,637.76,1554.08,2228.12,1824.92,1152.13,761.21,468.40,191.22,0.00,1022.68,1606.04,3510.75,6618.26,11363.81,13211.80,17192.67,24223.76,22206.13,21175.55,16812.41
86000,86045,86022.5,3018.61,231.78,8.34,1.76,0.00,0.00,0.00,0.00,19910.51,4560.00,3919.71,3300.14,2581.75,752.01,553.69,0.00,301.35,378.39,42.92,0.14,62.04,168.44,128.11,164.13,70.53,0.00,0.00,0.88,156.78,257.78,536.67,572.24,223.46,1151.99,1257.49,736.41,778.85,2299.60,1524.98,1022.10,2456.53,2929.82,4258.87,4609.76,7945.01,6755.54,6331.92,5855.68
86059,86104,86081.5,1537.09,53.71,1.95,1.73,0.00,0.00,0.00,0.00,11521.30,10782.36,6354.45,3141.49,1957.37,914.68,142.95,160.67,166.76,0.00,71.78,136.97,102.91,75.18,244.43,47.82,2.16,0.00,39.28,114.96,0.00,94.63,91.55,146.23,23.37,490.03,238.75,102.51,181.27,917.17,346.99,54.00,181.10,549.88,507.37,1080.41,1934.56,1313.27,1339.40,1427.68
86118,86163,86140.5,45242.59,6642.57,254.09,1.73,0.00,0.00,0.00,0.00,7412.20,4938.27,4857.98,2906.62,794.58,551.28,0.00,220.55,181.42,170.82,211.91,399.62,226.91,137.28,383.21,230.55,310.49,10.02,130.11,57.13,0.00,0.00,5336.43,6740.01,4575.54,14830.58,19224.43,2184.47,0.00,11025.58,8787.34,0.00,17544.02,59665.03,62578.17,110666.29,207501.36,202012.97,197091.75,181092.30
86177,86222,86199.5,45332.76,5981.56,220.21,1.73,0.00,0.00,0.00,446.48,3822.78,1524.91,724.58,143.48,0.04,520.22,0.00,74.33,0.00,0.00,67.28,111.02,157.54,179.57,80.72,117.97,249.99,0.00,0.00,0.00,25.96,863.22,9431.01,13577.38,17988.53,22146.00,27461.54,8954.40,12253.73,30118.35,9165.83,11318.70,36462.27,82629.27,79874.84,140486.09,195403.52,196814.00,174911.30,147726.25
86236,86281,86258.5,11543.23,1427.53,51.74,1.73,0.00,0.00,0.00,91.00,1545.93,1526.82,0.00,924.54,712.39,442.46,131.38,136.18,161.67,72.72,139.70,127.72,354.82,212.00,165.54,62.84,0.00,0.00,0.71,62.66,1138.24,263.06,1252.53,2206.30,3848.35,2751.13,4683.36,3690.22,6178.06,9833.98,9451.42,12341.27,16317.93,20899.04,25045.05,34902.98,43423.38,39907.25,36013.95,33988.41
86295,86340,86317.5,6375.19,715.01,24.58,1.73,0.00,0.00,0.00,137.02,1596.60,2280.97,1481.49,718.71,551.24,432.71,522.43,205.88,94.95,162.77,69.01,49.15,75.51,14.69,131.77,98.61,191.01,86.78,217.34,146.54,17.93,496.96,1177.64,1538.07,236.81,1231.93,1372.63,0.00,819.49,5313.15,4630.20,6642.28,14716.29,18029.62,15783.69,20727.68,24824.14,23254.52,20277.63,18058.03
86355,86400,86377.5,2052.03,200.47,7.22,1.75,0.00,0.00,0.00,0.00,1526.88,1163.58,1403.33,831.47,1130.44,1372.89,383.85,1542.18,476.40,775.41,746.07,455.30,400.68,432.84,470.36,353.13,361.86,254.12,281.78,171.20,344.43,459.84,400.56,349.06,455.89,418.34,74.86,4.66,813.34,1172.80,1841.65,1405.72,3009.77,3676.44,3379.29,4162.91,6372.09,5893.41,4973.37,4316.00
86414,86459,86436.5,903.49,59.56,2.08,1.77,0.00,0.00,0.00,0.00,2981.84,1306.93,1914.69,1313.02,772.41,194.42,401.00,239.98,100.81,436.00,284.56,609.77,95.02,231.38,179.22,357.90,155.58,335.18,137.65,196.23,164.15,268.15,212.88,310.14,243.33,89.36,95.46,220.94,378.79,337.19,495.81,738.47,1181.07,1514.93,1289.86,1275.99,1711.69,1613.66,1449.47,1026.65
86473,86518,86495.5,470.62,16.51,0.55,1.79,0.00,0.00,0.00,0.00,1025.70,2275.13,2031.95,512.19,0.00,156.47,275.67,110.72,389.44,278.31,266.53,204.26,439.75,226.01,415.35,154.33,355.78,122.35,426.96,165.66,100.43,304.28,252.66,84.40,261.62,186.73,23.85,240.82,105.61,259.14,105.87,352.49,0.00,249.44,129.75,313.73,486.07,408.24,485.10,354.01
86532,86577,86554.5,413.31,6.05,0.17,1.79,0.00,0.00,0.00,0.00,4053.38,1378.17,1282.73,511.46,214.64,158.56,272.83,160.56,361.58,113.78,202.85,258.28,321.97,305.41,189.14,134.39,305.81,184.79,184.22,97.33,54.29,22.21,255.95,161.68,260.72,98.65,226.84,68.15,86.89,149.68,103.41,46.84,89.18,121.30,95.64,103.37,139.81,161.35,62.06,21.83
86591,86636,86613.5,381.43,3.87,0.09,1.78,0.00,0.00,0.00,0.00,2020.18,704.66,1359.66,738.16,821.38,671.68,266.44,591.64,289.84,168.02,127.10,222.25,344.99,312.26,306.47,319.46,283.12,169.97,290.90,80.51,130.85,190.85,124.56,88.48,193.20,178.70,17.24,277.75,172.74,207.07,47.10,118.32,50.20,37.42,7.76,96.40,0.00,28.45,28.73,58.89
86650,86695,86672.5,36718.95,5440.68,207.21,1.78,0.00,0.00,0.00,0.00,0.00,3564.80,666.04,241.94,605.16,334.00,0.00,43.64,156.26,167.31,146.26,135.34,143.23,209.46,232.10,174.79,55.71,0.00,0.00,533.93,654.31,473.53,5890.87,6068.39,1698.81,3537.36,7072.70,0.00,0.00,8217.00,6733.05,0.00,25844.00,58590.61,59469.09,71969.58,172438.80,180592.77,167179.67,146936.89
86709,86754,86731.5,11880.02,1557.92,57.64,1.78,0.00,0.00,0.00,0.00,1461.53,2474.95,1210.26,585.01,1445.78,217.18,507.10,343.04,289.36,82.73,302.76,0.00,296.06,61.87,246.89,216.09,121.22,184.14,0.00,176.31,86.17,381.78,769.97,2849.27,2342.47,3652.35,4528.01,4404.76,3866.03,7267.52,4788.76,6305.53,12106.85,19636.94,24431.65,26509.88,50960.50,48991.20,45243.83,38946.23
86768,86813,86790.5,5034.09,556.26,20.02,1.81,0.00,0.00,0.00,0.00,7416.80,4138.72,3910.84,3031.20,1381.80,334.20,265.59,118.52,505.45,445.49,125.60,217.18,59.35,251.79,405.06,361.70,223.04,100.51,0.82,0.00,0.00,0.00,0.00,1227.09,2126.73,3149.15,2964.75,2872.20,2259.72,267.91,0.00,0.00,383.82,4917.21,11881.83,16209.69,21431.84,20944.40,17907.58,13973.15
86827,86872,86849.5,1968.56,170.41,6.20,1.84,0.00,0.00,0.00,0.00,5644.41,4401.96,2832.13,2479.68,2666.30,587.12,251.84,31.26,74.71,92.93,376.27,74.94,120.96,156.15,47.87,6.89,58.91,26.30,123.36,6.27,30.68,159.84,459.74,371.31,766.75,957.41,632.89,624.51,960.81,316.71,1523.62,490.29,847.96,2477.95,3074.81,3242.85,5289.53,5160.71,4950.97,4232.93
86886,86931,86908.5,772.08,51.38,1.86,1.84,0.00,0.00,0.00,0.00,1077.50,219.99,3902.36,1443.67,872.23,587.75,583.87,390.78,773.01,190.61,202.32,152.72,224.66,297.48,141.33,70.41,151.02,198.01,120.54,134.34,212.22,180.62,199.53,0.00,160.75,129.59,3.45,84.90,602.26,396.95,89.91,500.12,505.95,496.96,563.60,1191.82,1628.53,1315.21,1248.72,1541.58
86945,86990,86967.5,451.67,13.00,0.45,1.85,0.00,0.00,0.00,0.00,1339.27,4390.90,713.71,1156.11,709.06,278.98,195.45,0.00,126.97,0.00,38.76,13.74,136.96,240.26,289.52,415.63,89.39,230.19,75.74,129.30,173.19,78.96,104.07,228.83,229.62,49.36,70.17,10.58,145.47,119.46,0.00,50.10,211.98,288.67,225.18,366.78,301.06,170.00,179.82,325.16
87004,87049,87026.5,469.20,5.56,0.16,1.83,0.00,0.00,0.00,0.00,2908.16,4330.83,1279.40,1081.03,387.60,342.39,266.09,0.00,0.00,278.00,114.11,123.77,220.86,130.47,521.47,193.56,213.99,152.94,112.19,198.27,189.23,89.26,113.34,167.97,60.73,89.53,69.42,171.78,88.18,53.17,21.65,81.46,105.23,46.87,139.03,112.00,83.38,110.65,158.50,87.70
87063,87108,87085.5,1388.97,136.65,5.71,1.82,0.00,0.00,0.00,0.00,5116.03,4110.69,5847.51,1292.96,582.68,565.67,679.86,359.43,190.31,267.36,229.48,155.89,172.40,117.29,141.55,59.37,106.64,107.40,16.27,58.77,196.84,236.98,62.07,195.14,252.43,256.22,401.06,598.02,324.49,246.67,109.27,0.00,0.00,0.00,0.00,0.00,207.10,1434.77,3310.02,4880.45
87122,87167,87144.5,6395.75,794.48,29.26,1.82,0.00,0.00,0.00,0.00,2681.30,2299.65,2118.95,1370.51,432.51,815.70,227.78,0.00,142.83,164.68,77.57,259.33,362.01,61.15,308.69,293.80,333.41,171.97,25.41,348.21,547.33,0.00,587.91,1408.35,850.64,1178.50,2548.34,3042.87,4212.30,2588.26,5817.61,4791.44,5631.75,7674.55,14212.29,13920.57,24962.49,23362.22,22211.02,21966.34
87181,87226,87203.5,2462.48,265.63,9.67,1.79,0.00,0.00,0.00,0.00,4291.09,931.40,0.00,837.20,584.88,351.60,275.55,455.22,393.58,88.52,226.79,293.36,536.64,499.87,205.95,114.96,59.49,151.15,194.86,426.86,190.91,185.69,371.10,508.24,316.93,780.19,1908.79,1362.83,1494.32,3080.95,2228.78,1993.69,1663.82,3604.74,3251.17,4916.91,7956.41,7333.00,7773.92,6365.99
87240,87285,87262.5,1361.03,44.21,1.54,1.76,0.00,0.00,0.00,0.00,13554.57,6594.96,2329.19,2903.21,2803.90,697.77,514.37,246.75,385.21,94.26,131.77,89.98,235.49,46.17,196.06,263.45,107.58,95.58,99.14,83.13,160.99,142.66,137.21,91.28,150.62,333.08,220.84,219.80,391.58,697.00,271.79,126.04,392.48,884.90,756.12,831.07,1422.37,1325.42,1044.76,1008.70
87299,87344,87321.5,2935.44,404.63,15.81,1.76,0.00,0.00,0.00,0.00,2176.89,1839.95,1677.16,541.45,925.16,39.07,287.59,0.08,499.78,0.61,54.41,202.88,53.27,328.68,62.91,215.24,245.20,161.00,60.93,440.77,288.89,307.84,556.95,638.61,94.77,120.72,0.00,0.00,0.00,671.65,482.09,1998.50,4393.44,5469.81,2673.83,1529.06,10302.23,9345.30,9388.15,11902.13
87358,87403,87380.5,46280.39,6601.86,249.55,1.76,0.00,0.00,0.00,0.00,5487.08,3425.21,2378.75,1259.92,1418.98,1188.13,144.57,568.74,288.92,99.24,216.02,66.84,33.15,296.66,14.33,327.09,254.84,0.00,0.00,386.64,0.00,0.00,6796.61,9234.29,7479.20,20096.05,17945.81,1167.23,129.90,16270.71,11218.64,346.39,26535.21,67256.36,89047.59,103647.43,214563.16,210269.20,200364.03,170957.48
87417,87462,87439.5,14324.52,1967.39,74.90,1.76,0.00,0.00,0.00,0.00,13070.92,6252.81,2600.41,2165.39,1960.30,844.92,815.79,766.16,366.39,208.57,322.48,76.53,180.51,154.26,130.39,291.54,136.67,192.79,279.32,0.00,0.00,53.20,818.90,1169.46,5749.31,6043.47,6770.37,6708.86,4320.97,669.02,0.00,0.00,0.00,10388.92,17903.02,29072.57,64372.23,67947.92,64548.21,56839.13
87476,87521,87498.5,4447.31,448.02,16.44,1.76,0.00,0.00,0.00,0.00,10170.91,12220.91,4500.76,3744.42,989.90,211.77,0.00,110.95,86.07,264.62,221.74,281.97,231.96,235.40,159.27,44.15,76.55,12.28,126.34,0.00,56.72,376.98,324.12,538.54,652.52,1407.43,1250.11,1125.80,678.42,2309.85,2531.54,1597.69,4031.04,7431.36,7955.90,8397.41,14522.01,13491.43,11405.14,10278.00
