Data/Raw/MOORE,RICHARD/FIREXAQ-LARGE-SMPS_DC8_20190725_R0.ict
88,1001
Richard Moore, Elizabeth Wiggins, Edward Winstead, Claire Robinson, Lee Thornhill, and Kevin Sanchez
NASA Langley Research Center
In-situ Submicron Particle Size Distributions from a SMPS on the NASA DC-8
FIREXAQ
1,1
2019,07,25,2020,03,10
0
Time_start,Secs after midnight,Time of acquisition
50
1,1,1,1,1,1,1,1,1,1,1,1,1,1,1,1,1,1,1,1,1,1,1,1,1,1,1,1,1,1,1,1,1,1,1,1,1,1,1,1,1,1,1,1,1,1,1,1,1,1
-9999,-9999,-9999,-9999,-9999,-9999,-9999,-9999,-9999,-9999,-9999,-9999,-9999,-9999,-9999,-9999,-9999,-9999,-9999,-9999,-9999,-9999,-9999,-9999,-9999,-9999,-9999,-9999,-9999,-9999,-9999,-9999,-9999,-9999,-9999,-9999,-9999,-9999,-9999,-9999,-9999,-9999,-9999,-9999,-9999,-9999,-9999,-9999,-9999,-9999
Time_stop,Secs after midnight,Time of acquisition
Time_mid,Secs after midnight,Time of acquisition
nSMPS_stdPT,#/cm3,AerMP_NumConc_InSitu_RHd_Mobility_NucltoAccu_STP,integrated_number_density
sSMPS_stdPT,um2/cm3,AerMP_SurfAreaConc_InSitu_RHd_Mobility_NucltoAccu_STP,integrated_surface_area
vSMPS_stdPT,um3/cm3,AerMP_VolConc_InSitu_RHd_Mobility_NucltoAccu_STP,integrated_volume
SMPS_stdPT, unitless, None, conversion between ambient PT and standard PT (1013, 273)
SMPS_bin00_stdPT,#/cm3,AerMP_NumSizeDist_InSitu_RHd_Mobility_NucltoAccu_STP,Binned number size distribution (in dNdlogDp) measured by the SMPS
SMPS_bin01_stdPT,#/cm3,AerMP_NumSizeDist_InSitu_RHd_Mobility_NucltoAccu_STP,Binned number size distribution (in dNdlogDp) measured by the SMPS
SMPS_bin02_stdPT,#/cm3,AerMP_NumSizeDist_InSitu_RHd_Mobility_NucltoAccu_STP,Binned number size distribution (in dNdlogDp) measured by the SMPS
SMPS_bin03_stdPT,#/cm3,AerMP_NumSizeDist_InSitu_RHd_Mobility_NucltoAccu_STP,Binned number size distribution (in dNdlogDp) measured by the SMPS
SMPS_bin04_stdPT,#/cm3,AerMP_NumSizeDist_InSitu_RHd_Mobility_NucltoAccu_STP,Binned number size distribution (in dNdlogDp) measured by the SMPS
SMPS_bin05_stdPT,#/cm3,AerMP_NumSizeDist_InSitu_RHd_Mobility_NucltoAccu_STP,Binned number size distribution (in dNdlogDp) measured by the SMPS
SMPS_bin06_stdPT,#/cm3,AerMP_NumSizeDist_InSitu_RHd_Mobility_NucltoAccu_STP,Binned number size distribution (in dNdlogDp) measured by the SMPS
SMPS_bin07_stdPT,#/cm3,AerMP_NumSizeDist_InSitu_RHd_Mobility_NucltoAccu_STP,Binned number size distribution (in dNdlogDp) measured by the SMPS
SMPS_bin08_stdPT,#/cm3,AerMP_NumSizeDist_InSitu_RHd_Mobility_NucltoAccu_STP,Binned number size distribution (in dNdlogDp) measured by the SMPS
SMPS_bin09_stdPT,#/cm3,AerMP_NumSizeDist_InSitu_RHd_Mobility_NucltoAccu_STP,Binned number size distribution (in dNdlogDp) measured by the SMPS
SMPS_bin10_stdPT,#/cm3,AerMP_NumSizeDist_InSitu_RHd_Mobility_NucltoAccu_STP,Binned number size distribution (in dNdlogDp) measured by the SMPS
SMPS_bin11_stdPT,#/cm3,AerMP_NumSizeDist_InSitu_RHd_Mobility_NucltoAccu_STP,Binned number size distribution (in dNdlogDp) measured by the SMPS
SMPS_bin12_stdPT,#/cm3,AerMP_NumSizeDist_InSitu_RHd_Mobility_NucltoAccu_STP,Binned number size distribution (in dNdlogDp) measured by the SMPS
SMPS_bin13_stdPT,#/cm3,AerMP_NumSizeDist_InSitu_RHd_Mobility_NucltoAccu_STP,Binned number size distribution (in dNdlogDp) measured by the SMPS
SMPS_bin14_stdPT,#/cm3,AerMP_NumSizeDist_InSitu_RHd_Mobility_NucltoAccu_STP,Binned number size distribution (in dNdlogDp) measured by the SMPS
[...]
UNCERTAINTY:  20%
ULOD_FLAG: -7777
ULOD_VALUE: N/A
LLOD_FLAG: -8888
LLOD_VALUE: N/A
DM_CONTACT_INFO: Lee Thornhill (Kenneth.L.Thornhill@nasa.gov)
PROJECT_INFO: FIREX-AQ
STIPULATIONS_ON_USE: No stipulations on use. The user is encouraged to contact the PI or DM prior to use.
OTHER_COMMENTS: Midpoint diameters of Bins 00 to 43 are: 0.011,0.012,0.013,0.014,0.015,0.016,0.017,0.018,0.019,0.021,0.022,0.024,0.026,0.028,0.030,0.032,0.035,0.037,0.040,0.043,0.046,0.050,0.053,0.057,0.061,0.066,0.071,0.076,0.082,0.088,0.095,0.102,0.109,0.118,0.126,0.136,0.146,0.157,0.168,0.181,0.194,0.209,0.225,0.241
REVISION: R0
R0: Final Data. Data are corrected for time lags and ammonium sulfate size calibrations.
*******************************************************************************************************************************
Time_start,Time_stop,Time_mid,nSMPS_stdPT,sSMPS_stdPT,vSMPS_stdPT,SMPS_stdPT,SMPS_bin00_stdPT,SMPS_bin01_stdPT,SMPS_bin02_stdPT,SMPS_bin03_stdPT,SMPS_bin04_stdPT,SMPS_bin05_stdPT,SMPS_bin06_stdPT,SMPS_bin07_stdPT,SMPS_bin08_stdPT,SMPS_bin09_stdPT,SMPS_bin10_stdPT,SMPS_bin11_stdPT,SMPS_bin12_stdPT,SMPS_bin13_stdPT,SMPS_bin14_stdPT,SMPS_bin15_stdPT,SMPS_bin16_stdPT,SMPS_bin17_stdPT,SMPS_bin18_stdPT,SMPS_bin19_stdPT,SMPS_bin20_stdPT,SMPS_bin21_stdPT,SMPS_bin22_stdPT,SMPS_bin23_stdPT,SMPS_bin24_stdPT,SMPS_bin25_stdPT,SMPS_bin26_stdPT,SMPS_bin27_stdPT,SMPS_bin28_stdPT,SMPS_bin29_stdPT,SMPS_bin30_stdPT,SMPS_bin31_stdPT,SMPS_bin32_stdPT,SMPS_bin33_stdPT,SMPS_bin34_stdPT,SMPS_bin35_stdPT,SMPS_bin36_stdPT,SMPS_bin37_stdPT,SMPS_bin38_stdPT,SMPS_bin39_stdPT,SMPS_bin40_stdPT,SMPS_bin41_stdPT,SMPS_bin42_stdPT,SMPS_bin43_stdPT
[from data line 48]
82223,82268,82245.5,5885.68,512.33,16.77,1.76,0.00,0.00,0.00,3383.08,4092.59,3911.30,3616.16,1231.17,734.71,290.62,202.81,259.31,90.45,152.11,171.81,327.95,578.20,292.58,216.79,185.36,314.24,240.54,164.77,359.18,386.20,910.53,1694.39,2842.70,3846.76,4073.78,5271.10,4932.98,6254.72,7381.64,7411.18,7892.02,9229.17,11725.41,12086.39,14302.89,15953.39,17920.47,14774.30,10747.08
82282,82327,82304.5,3265.27,254.93,8.29,1.71,0.00,0.00,0.00,3676.65,4250.45,1947.91,1274.34,590.15,340.40,282.04,235.08,216.72,755.67,979.21,1432.89,830.62,344.78,471.13,655.25,82.91,164.24,367.28,742.61,1125.05,1857.89,1365.31,1503.49,3443.13,1334.74,0.00,0.00,1326.74,613.77,293.81,4584.39,9590.32,7038.10,6439.18,6089.89,6789.36,8411.53,6990.73,6164.04,5014.10
82341,82386,82363.5,26841.50,3078.54,107.15,1.70,0.00,0.00,0.00,1494.13,3005.53,6864.31,3566.49,1619.63,1801.59,1210.98,1180.40,1519.42,1261.01,1145.38,1018.94,631.64,578.74,719.54,537.60,674.11,1028.14,656.63,456.49,1011.13,875.72,1728.08,2264.89,4095.76,8140.51,11628.26,13922.27,10217.47,16398.18,29628.31,15661.13,14756.61,31687.99,49512.40,58363.79,78487.44,117160.18,118012.87,97444.60,78270.03
82400,82445,82422.5,8992.03,792.22,26.76,1.70,0.00,0.00,0.00,3798.45,5386.05,7943.33,2046.10,1836.58,2305.59,1974.20,3043.46,1260.25,870.62,904.70,1045.96,1461.13,1441.84,768.61,1093.58,827.43,1215.76,1158.35,209.21,2078.92,1414.58,0.00,1051.37,4723.37,1908.25,1211.31,8583.91,10049.33,11303.42,8733.09,16387.80,20909.45,15920.24,8397.11,6917.99,24639.38,20286.37,16410.43,22227.87,23984.30
82459,82504,82481.5,2511.55,157.08,5.12,1.70,0.00,0.00,0.00,1356.70,4922.39,965.15,1363.87,822.97,1277.70,1181.74,1210.01,640.96,1874.22,999.72,1643.81,1202.87,1368.13,1215.28,1600.64,1182.60,1325.44,1023.62,724.70,1112.81,695.65,1074.45,1599.39,1149.68,1840.74,1919.53,1350.15,1230.56,1520.01,1335.57,988.13,644.78,3074.49,3113.05,4433.29,4598.42,5783.04,4916.32,3852.04,3481.84
82518,82563,82540.5,2342.53,114.88,3.85,1.70,0.00,0.00,0.00,3124.19,2971.52,4098.04,922.15,2206.92,1171.99,1862.47,2170.17,2338.69,862.85,1408.76,2019.60,1748.90,2103.78,1077.39,1935.94,1895.75,1039.33,591.20,561.86,364.95,634.47,637.52,1092.42,2164.85,2177.22,2362.61,2173.12,2028.84,2024.57,972.07,131.12,284.98,1074.87,271.58,1258.76,2123.43,3811.94,3287.22,3771.57,3366.91
82577,82622,82599.5,8434.73,1024.77,37.73,1.70,0.00,0.00,0.00,1367.03,3604.38,2236.97,2956.49,1956.42,2491.90,1287.31,1189.48,1396.85,1386.34,1516.20,1356.79,1788.56,1511.42,1367.41,1133.76,1139.43,854.60,499.78,555.85,544.04,124.21,688.54,1367.43,1985.53,5136.76,5511.31,4269.45,1675.06,3371.73,1361.61,0.00,0.00,1190.03,1042.35,5580.82,20920.18,38815.89,39957.47,37335.62,36004.80
82636,82681,82658.5,10459.44,1210.28,42.85,1.70,0.00,0.00,0.00,1352.95,1041.10,823.07,266.70,935.13,725.49,723.83,692.12,1098.76,359.19,638.22,813.06,537.36,896.24,1012.73,1017.71,1033.56,872.95,243.65,512.75,716.47,863.66,175.58,2761.14,1433.72,2954.11,7565.93,9237.22,5369.92,8071.44,4681.34,0.00,3642.14,17086.74,17712.23,19646.19,32668.67,42752.82,33911.99,34973.74,38489.73
82695,82740,82717.5,3941.53,274.74,8.99,1.70,0.00,0.00,0.00,2032.49,4025.82,2768.54,3910.79,2541.05,2342.11,2875.83,1184.73,1532.37,1091.72,816.43,987.59,2115.33,917.86,1278.94,1011.20,1192.81,749.87,878.50,1359.51,1179.18,579.64,962.60,1784.97,892.72,1095.12,3604.60,3765.87,2303.28,2847.29,4301.17,2722.27,2613.70,5264.98,7813.59,7496.43,6686.05,7354.84,7747.09,7998.92,6483.24
82754,82799,82776.5,2533.78,62.53,1.81,1.70,0.00,0.00,0.00,6099.14,5283.37,3904.09,5042.14,5301.48,3077.51,3583.22,4008.35,2257.54,2606.76,2267.37,2489.55,1395.05,1577.34,1087.19,941.42,739.80,828.81,422.04,314.88,540.82,174.25,469.30,636.60,1707.15,1845.09,1929.65,2266.89,2561.93,1599.79,701.18,852.56,837.82,1114.13,1369.37,1450.47,1463.10,1694.79,1320.18,1308.41,1283.10
82813,82858,82835.5,2085.40,21.89,0.55,1.71,0.00,0.00,0.00,2698.24,9596.31,9532.83,6629.73,5566.25,4912.83,2853.48,1569.93,1652.54,1193.42,1330.11,1266.31,1105.90,1725.40,1031.05,862.77,767.35,547.72,373.24,428.68,587.56,298.02,419.02,335.76,308.72,608.23,1057.83,1072.16,775.99,798.93,651.10,497.88,456.46,337.70,634.82,337.97,296.56,244.39,467.97,502.10,140.46
82872,82917,82894.5,3636.34,82.37,2.74,1.75,0.00,0.00,0.00,4792.09,11783.04,10617.10,11570.69,5884.54,3970.86,5807.31,3685.75,5407.83,4585.80,3016.02,2095.50,3154.34,2946.66,2854.82,2061.90,1653.44,1168.51,1125.95,536.84,469.29,560.92,576.72,1113.83,1271.53,1189.26,1159.34,2186.42,2169.39,1154.56,1344.14,1465.64,601.37,0.00,274.34,565.37,615.68,1588.15,2102.28,2178.24,1802.72
82931,82976,82953.5,13222.65,1284.16,45.70,1.75,0.00,0.00,0.00,6802.65,11921.43,13205.11,12354.29,8706.64,7374.97,7447.36,4509.01,4263.04,3958.70,3843.85,3492.15,3040.25,2023.06,2334.46,1833.67,1238.29,865.92,284.10,70.91,179.85,459.98,130.88,2898.20,3982.09,2417.44,6517.12,7749.10,290.65,1854.75,8262.43,1474.64,0.00,12462.44,19451.80,16188.96,26543.95,47722.70,52590.12,41781.90,37101.37
82990,83035,83012.5,8951.75,1168.08,43.99,1.75,0.00,0.00,0.00,2168.38,6350.44,7729.85,5485.17,3922.87,1442.82,1019.21,617.69,525.74,494.73,656.52,504.60,564.41,477.97,580.03,620.09,353.05,261.36,156.97,17.67,0.00,0.00,489.77,793.14,2551.48,4969.70,5718.69,2440.23,531.94,20.61,0.00,0.00,0.00,0.00,0.00,1357.38,17994.63,38553.79,41973.95,48964.62,46838.71
83049,83094,83071.5,3426.70,298.83,10.42,1.75,0.00,0.00,0.00,1637.46,6200.37,6889.88,2930.46,1695.54,1392.50,1578.60,752.34,307.57,441.39,207.22,396.36,562.30,837.26,592.82,574.84,705.86,876.97,714.29,212.78,425.72,506.14,430.87,949.04,488.31,525.72,673.05,827.62,342.15,2579.29,2999.55,917.22,1181.76,5166.59,4133.54,4356.38,7633.78,10684.17,10051.89,9324.61,9305.13
83108,83153,83130.5,1269.19,67.09,2.37,1.75,0.00,0.00,0.00,2168.70,2037.26,2541.13,1788.72,854.38,1132.79,727.81,1141.03,838.97,988.28,1052.02,545.05,658.78,1218.80,834.93,690.41,661.54,829.91,297.74,327.37,199.17,274.26,290.04,736.26,518.31,672.87,1203.98,657.15,265.44,24.08,524.83,316.83,246.61,846.03,1098.87,546.73,1256.77,1835.35,2072.92,1459.99,1509.90
83167,83212,83189.5,1812.03,118.95,4.31,1.75,0.00,0.00,0.00,0.00,3554.48,4829.69,3447.43,2411.17,2617.95,1292.48,1402.67,994.14,833.40,360.47,1030.75,839.98,579.80,821.61,918.28,764.32,496.43,703.28,490.85,361.15,437.00,656.05,621.56,656.20,474.41,464.26,141.04,0.00,0.00,0.00,0.00,0.00,153.22,2226.76,2544.19,3028.53,3937.18,3343.92,3683.11,2289.24
83226,83271,83248.5,16040.59,2384.87,92.95,1.75,0.00,0.00,0.00,1809.88,5760.22,3655.29,4363.72,2792.60,1072.38,1186.13,1011.43,531.69,367.65,781.58,845.03,493.60,443.85,308.83,691.24,231.32,337.11,316.99,240.48,67.55,100.88,546.18,1665.44,2212.61,4665.00,5786.99,4681.94,0.00,347.07,0.00,0.00,0.00,0.00,7682.81,17454.10,42564.12,66234.12,68196.87,70663.94,67488.73
83285,83330,83307.5,9013.58,1173.90,43.36,1.76,0.00,0.00,0.00,450.14,2270.00,971.09,894.32,2093.77,1302.54,1181.49,118.38,334.92,1051.56,618.11,383.29,590.06,296.69,62.97,502.65,187.89,375.36,549.00,338.96,33.23,273.18,406.68,1042.57,2310.76,1864.46,504.51,755.93,0.00,0.00,215.31,1302.76,1111.36,13365.63,24044.63,25002.27,25948.67,35943.96,34756.87,30223.99,27303.15
83344,83389,83366.5,18194.76,2406.59,89.16,1.81,0.00,0.00,0.00,1443.95,0.00,4047.28,2445.29,1367.31,555.20,588.43,505.57,1168.53,1285.98,567.48,309.55,228.67,322.71,562.49,189.22,47.97,342.22,296.53,519.06,1109.81,2547.33,1299.57,2048.89,1953.66,0.00,0.00,0.00,58.00,0.00,1575.44,20750.56,15651.91,19363.09,38365.26,52650.20,56276.57,76381.35,62202.71,55669.64,47363.81
83403,83448,83425.5,5083.25,425.92,15.76,1.83,0.00,0.00,0.00,0.00,3803.63,5718.00,5132.51,2724.59,3376.85,3942.38,3687.63,4434.31,2866.41,3610.30,2888.91,2833.60,2016.00,2517.12,1754.02,1872.36,1425.24,1350.77,998.44,653.37,397.43,870.59,284.09,0.00,213.39,1415.62,2652.29,3334.81,4602.03,5123.45,4422.70,3642.64,1920.93,2463.81,3390.89,6463.85,9969.04,11448.89,10838.54,11307.28
83462,83507,83484.5,2243.42,115.33,4.23,1.87,0.00,0.00,0.00,0.00,6603.98,8196.07,4147.09,1971.90,5049.44,3170.01,2541.70,2129.16,2141.77,953.05,930.13,782.06,1234.74,829.17,774.79,518.37,422.21,477.41,514.82,555.70,308.09,243.60,136.02,337.65,428.15,887.75,875.36,321.28,1153.33,742.55,0.00,146.45,582.06,878.35,554.95,2183.34,3514.88,3341.43,3082.45,2974.98
83521,83566,83543.5,1094.58,39.54,1.45,1.87,0.00,0.00,0.00,0.00,5433.99,3843.93,3757.46,3008.45,2349.73,1693.79,1026.18,580.30,386.19,430.19,356.96,274.05,153.16,339.41,552.05,284.03,240.71,151.60,175.56,93.15,162.45,198.52,245.57,68.47,124.48,476.83,433.83,518.56,66.14,413.74,93.54,54.01,48.14,239.29,91.92,422.60,1092.53,878.05,1445.70,1128.34
83580,83625,83602.5,1421.85,11.07,0.35,1.87,0.00,0.00,0.00,0.00,14281.58,8824.77,4421.99,3820.12,4732.86,2184.23,1058.22,290.86,565.86,368.24,279.67,117.84,286.05,110.71,278.83,73.74,294.55,106.33,212.16,161.88,188.36,127.01,106.07,194.32,80.54,196.48,16.67,0.00,42.31,101.38,19.69,129.27,142.19,93.81,20.79,45.74,393.82,260.96,265.56,210.04
83639,83684,83661.5,965.72,7.53,0.22,1.87,0.00,0.00,0.00,0.00,5299.23,6688.96,3881.94,3458.86,1572.98,1041.52,1515.60,787.41,860.32,859.32,387.31,189.03,0.00,137.13,210.59,471.05,282.46,167.05,312.88,166.18,133.96,239.57,220.41,200.71,154.10,309.97,91.98,105.34,8.51,0.00,70.50,0.00,0.00,18.36,139.73,38.04,138.75,158.47,154.36,229.14
83698,83743,83720.5,966.56,5.00,0.11,1.87,0.00,0.00,0.00,0.00,7124.66,5589.13,5456.39,2702.83,2703.29,1232.26,545.63,483.09,96.09,164.40,228.62,518.21,262.14,157.19,286.40,130.19,194.04,136.66,199.37,185.75,89.72,227.38,110.49,163.09,138.76,204.84,265.42,236.31,126.53,214.22,158.36,85.29,38.71,81.92,79.28,41.97,111.57,13.27,28.36,28.67
83757,83802,83779.5,683.49,3.41,0.07,1.87,0.00,0.00,0.00,0.00,3404.69,3232.65,3329.24,1893.34,1860.09,2110.87,661.58,464.38,200.95,251.13,362.90,378.55,340.70,91.87,489.00,160.79,295.35,211.11,278.59,272.26,241.98,90.38,57.94,115.75,67.25,155.18,131.90,121.08,106.28,57.81,95.56,34.27,35.23,70.02,0.00,19.06,27.42,37.30,56.81,0.00
83816,83861,83838.5,1042.69,4.82,0.09,1.87,0.00,0.00,0.00,0.00,6053.58,5974.69,3319.39,2873.48,2773.97,1590.87,833.83,506.28,444.29,961.86,570.57,450.76,315.51,630.53,664.41,843.95,835.05,577.43,612.29,336.18,342.24,164.48,84.48,136.59,45.36,292.70,138.00,115.47,215.06,127.17,87.50,147.78,73.61,41.78,0.00,0.00,55.49,0.00,0.00,38.89
83875,83920,83897.5,1236.52,9.91,0.28,1.83,0.00,0.00,0.00,0.00,12213.71,4965.15,5705.14,2923.40,2240.34,1306.76,1185.84,985.91,541.43,436.43,400.58,409.72,358.32,245.28,453.43,562.20,342.82,228.79,347.06,191.25,226.22,252.49,341.77,230.65,119.43,87.51,85.71,64.28,74.44,0.00,134.54,172.68,139.94,145.38,278.65,207.36,177.89,184.51,319.89,95.68
83934,83979,83956.5,683.77,4.95,0.12,1.82,0.00,0.00,0.00,0.00,5874.74,1587.22,4169.82,1376.19,649.79,1371.69,1357.93,243.45,392.99,344.25,67.34,393.43,396.49,236.12,227.59,276.69,338.37,254.01,127.68,212.06,63.89,113.89,202.87,92.59,92.82,155.23,189.02,27.41,119.29,33.78,115.33,72.54,25.80,10.74,108.04,148.30,72.61,158.71,63.77,57.30
83993,84038,84015.5,592.45,50.61,1.82,1.84,0.00,0.00,0.00,0.00,0.00,1370.10,705.89,324.41,390.94,334.73,133.43,122.57,103.66,90.31,217.92,64.39,112.29,278.11,303.23,151.42,208.31,176.92,73.80,56.34,301.09,81.11,7.36,53.13,178.44,344.47,464.71,461.19,523.54,613.64,402.65,410.77,301.08,807.11,656.90,916.36,1280.35,908.76,1747.30,1389.69
84052,84097,84074.5,1287.17,10.84,0.34,1.89,0.00,0.00,0.00,0.00,12581.80,7497.67,6065.70,4789.85,2635.61,943.96,519.81,346.78,186.44,99.39,61.86,421.87,276.84,274.40,272.27,292.77,342.44,230.00,111.57,92.11,196.74,146.85,99.91,146.01,159.54,49.76,94.70,235.69,92.86,77.11,103.93,0.00,1.71,42.14,190.82,281.30,76.16,286.08,203.60,293.74
84111,84156,84133.5,1330.59,6.42,0.17,1.98,0.00,0.00,0.00,0.00,10811.81,10875.57,5590.03,6720.55,2185.24,1176.33,1180.94,60.91,577.02,186.83,225.55,20.28,221.09,44.63,64.70,257.39,138.09,137.51,181.66,210.74,140.21,33.24,27.49,21.56,11.56,7.11,22.69,22.45,46.17,32.05,180.06,117.36,86.47,55.91,168.67,112.20,83.52,219.33,135.49,104.42
84170,84215,84192.5,1377.65,4.18,0.08,2.08,0.00,0.00,0.00,0.00,4718.66,13703.23,6493.57,6952.79,3880.28,2623.53,1568.26,764.33,457.65,489.45,162.08,78.44,63.65,56.10,110.33,194.33,85.55,183.40,166.67,27.09,133.58,74.80,0.00,15.51,118.45,89.86,17.10,18.04,30.41,73.54,0.00,103.40,57.93,144.01,58.15,176.29,20.06,80.63,62.26,31.32
84230,84275,84252.5,1356.06,13.15,0.34,2.19,0.00,0.00,0.00,0.00,0.00,3263.49,5782.48,4400.53,4559.41,3505.85,3982.92,2251.53,1846.45,1462.02,1031.60,761.14,1046.60,587.32,537.43,869.75,413.97,309.26,757.49,337.55,402.56,506.33,116.26,291.88,72.49,271.36,228.43,283.37,585.56,410.52,284.22,443.04,603.51,226.91,128.36,50.65,83.06,82.69,32.58,198.13
84289,84334,84311.5,583.77,10.27,0.27,2.30,0.00,0.00,0.00,0.00,0.03,1350.32,562.59,0.00,558.44,247.02,773.22,1611.88,758.50,1068.74,1192.93,1301.97,622.82,674.84,798.14,523.69,255.98,682.25,177.54,399.75,368.54,404.80,201.03,283.09,374.49,261.67,319.45,330.90,591.65,402.31,207.73,186.08,202.46,76.97,19.81,44.05,154.18,223.68,93.51,116.47
84348,84393,84370.5,691.20,6.04,0.12,2.41,0.00,0.00,0.00,0.00,0.00,1353.26,1457.10,0.00,530.12,1962.42,1034.62,2059.60,2019.93,1454.32,1176.12,1492.68,1149.00,553.62,490.35,515.29,582.61,422.24,325.47,196.20,511.86,150.35,158.20,320.79,157.10,365.20,303.00,67.00,86.19,367.24,32.45,31.15,252.95,238.38,55.21,10.04,89.62,33.92,0.00,18.45
84407,84452,84429.5,932.40,7.65,0.18,2.46,0.00,0.00,0.00,0.00,0.00,2441.58,2854.04,4782.60,2440.21,1197.65,1190.76,1969.41,1467.20,1400.02,1722.81,1321.60,1027.95,593.34,952.22,270.30,334.25,67.96,386.90,263.68,114.81,87.98,363.92,293.88,137.96,279.54,239.81,11.47,187.07,110.67,101.28,21.35,279.03,222.02,29.49,174.94,149.84,131.75,36.56,37.27
84466,84511,84488.5,1071.85,5.16,0.11,2.45,0.00,0.00,0.00,0.00,0.00,3890.19,7889.23,4547.57,1793.64,3519.04,1204.16,1177.09,1364.81,1346.68,1000.09,816.87,869.06,369.70,710.14,554.09,200.61,203.05,429.32,246.73,196.05,215.84,80.92,134.83,187.77,145.95,332.43,68.66,80.31,175.25,138.38,19.24,35.27,101.45,33.06,0.00,20.89,8.76,36.63,36.95
84525,84570,84547.5,865.04,4.62,0.09,2.45,0.00,0.00,0.00,0.00,0.00,994.65,4635.23,3754.03,4532.60,2332.88,988.02,986.67,924.77,1058.77,724.06,831.30,1094.18,1008.00,416.20,435.44,356.25,221.84,158.17,128.55,193.71,94.45,46.39,7.73,360.66,137.42,183.82,106.00,204.67,128.56,101.71,96.72,133.76,0.00,18.77,84.75,34.90,30.09,98.85,36.83
84584,84629,84606.5,878.36,4.15,0.07,2.46,0.00,0.00,0.00,0.00,0.00,2077.25,4530.86,2308.19,3230.32,2445.14,1973.15,1142.27,1179.07,1020.39,1370.20,768.79,699.90,842.46,1041.70,706.53,205.56,352.61,263.83,144.72,48.15,255.54,161.14,224.30,253.97,22.44,153.39,0.00,96.27,79.64,69.17,17.90,119.20,79.10,74.25,15.68,35.25,23.95,36.19,0.00
84643,84688,84665.5,1059.17,4.79,0.09,2.45,0.00,0.00,0.00,0.00,0.00,3351.15,7852.39,4581.52,3240.40,1547.42,2115.10,1320.56,1411.19,1238.78,467.17,1325.01,485.17,878.68,947.19,555.88,219.61,184.51,201.55,241.50,0.00,142.85,103.27,39.95,191.76,159.44,94.86,24.22,157.50,158.69,109.35,9.82,156.37,24.52,27.39,160.70,0.00,92.04,0.00,37.45
84702,84747,84724.5,1029.41,5.05,0.09,2.45,0.00,0.00,0.00,0.00,0.00,5263.68,6091.30,1777.66,3281.14,1893.23,1220.87,1462.49,1543.02,1278.61,1164.73,1332.59,1046.53,498.44,553.87,563.56,509.68,505.09,223.50,226.68,280.46,240.21,291.63,223.42,56.31,124.50,102.57,111.65,308.05,132.00,138.35,133.67,21.51,9.27,46.80,124.92,49.14,0.00,73.12,36.97
84761,84806,84783.5,946.99,3.93,0.06,2.45,0.00,0.00,0.00,0.00,0.00,3526.81,6959.25,2600.99,2851.13,2204.66,2996.04,1676.83,962.01,846.63,670.14,953.37,483.90,430.93,336.39,355.09,101.39,102.23,260.15,59.18,34.23,199.29,148.13,70.71,112.71,113.61,208.86,163.68,175.40,255.63,68.32,101.03,34.07,68.39,96.27,14.38,0.00,23.78,0.00,0.00
