Data/Raw/MOORE,RICHARD/FIREXAQ-LARGE-SMPS_DC8_20190813_R0.ict
88,1001
Richard Moore, Elizabeth Wiggins, Edward Winstead, Claire Robinson, Lee Thornhill, and Kevin Sanchez
NASA Langley Research Center
In-situ Submicron Particle Size Distributions from a SMPS on the NASA DC-8
FIREXAQ
1,1
2019,08,13,2020,03,10
0
Time_start,Secs after midnight,Time of acquisition
50
1,1,1,1,1,1,1,1,1,1,1,1,1,1,1,1,1,1,1,1,1,1,1,1,1,1,1,1,1,1,1,1,1,1,1,1,1,1,1,1,1,1,1,1,1,1,1,1,1,1
-9999,-9999,-9999,-9999,-9999,-9999,-9999,-9999,-9999,-9999,-9999,-9999,-9999,-9999,-9999,-9999,-9999,-9999,-9999,-9999,-9999,-9999,-9999,-9999,-9999,-9999,-9999,-9999,-9999,-9999,-9999,-9999,-9999,-9999,-9999,-9999,-9999,-9999,-9999,-9999,-9999,-9999,-9999,-9999,-9999,-9999,-9999,-9999,-9999,-9999
Time_stop,Secs after midnight,Time of acquisition
Time_mid,Secs after midnight,Time of acquisition
nSMPS_stdPT,#/cm3,AerMP_NumConc_InSitu_RHd_Mobility_NucltoAccu_STP,integrated_number_density
sSMPS_stdPT,um2/cm3,AerMP_SurfAreaConc_InSitu_RHd_Mobility_NucltoAccu_STP,integrated_surface_area
vSMPS_stdPT,um3/cm3,AerMP_VolConc_InSitu_RHd_Mobility_NucltoAccu_STP,integrated_volume
SMPS_stdPT, unitless, None, conversion between ambient PT and standard PT (1013, 273)
SMPS_bin00_stdPT,#/cm3,AerMP_NumSizeDist_InSitu_RHd_Mobility_NucltoAccu_STP,Binned number size distribution (in dNdlogDp) measured by the SMPS
SMPS_bin01_stdPT,#/cm3,AerMP_NumSizeDist_InSitu_RHd_Mobility_NucltoAccu_STP,Binned number size distribution (in dNdlogDp) measured by the SMPS
SMPS_bin02_stdPT,#/cm3,AerMP_NumSizeDist_InSitu_RHd_Mobility_NucltoAccu_STP,Binned number size distribution (in dNdlogDp) measured by the SMPS
SMPS_bin03_stdPT,#/cm3,AerMP_NumSizeDist_InSitu_RHd_Mobility_NucltoAccu_STP,Binned number size distribution (in dNdlogDp) measured by the SMPS
SMPS_bin04_stdPT,#/cm3,AerMP_NumSizeDist_InSitu_RHd_Mobility_NucltoAccu_STP,Binned number size distribution (in dNdlogDp) measured by the SMPS
SMPS_bin05_stdPT,#/cm3,AerMP_NumSizeDist_InSitu_RHd_Mobility_NucltoAccu_STP,Binned number size distribution (in dNdlogDp) measured by the SMPS
SMPS_bin06_stdPT,#/cm3,AerMP_NumSizeDist_InSitu_RHd_Mobility_NucltoAccu_STP,Binned number size distribution (in dNdlogDp) measured by the SMPS
SMPS_bin07_stdPT,#/cm3,AerMP_NumSizeDist_InSitu_RHd_Mobility_NucltoAccu_STP,Binned number size distribution (in dNdlogDp) measured by the SMPS
SMPS_bin08_stdPT,#/cm3,AerMP_NumSizeDist_InSitu_RHd_Mobility_NucltoAccu_STP,Binned number size distribution (in dNdlogDp) measured by the SMPS
SMPS_bin09_stdPT,#/cm3,AerMP_NumSizeDist_InSitu_RHd_Mobility_NucltoAccu_STP,Binned number size distribution (in dNdlogDp) measured by the SMPS
SMPS_bin10_stdPT,#/cm3,AerMP_NumSizeDist_InSitu_RHd_Mobility_NucltoAccu_STP,Binned number size distribution (in dNdlogDp) measured by the SMPS
SMPS_bin11_stdPT,#/cm3,AerMP_NumSizeDist_InSitu_RHd_Mobility_NucltoAccu_STP,Binned number size distribution (in dNdlogDp) measured by the SMPS
SMPS_bin12_stdPT,#/cm3,AerMP_NumSizeDist_InSitu_RHd_Mobility_NucltoAccu_STP,Binned number size distribution (in dNdlogDp) measured by the SMPS
SMPS_bin13_stdPT,#/cm3,AerMP_NumSizeDist_InSitu_RHd_Mobility_NucltoAccu_STP,Binned number size distribution (in dNdlogDp) measured by the SMPS
SMPS_bin14_stdPT,#/cm3,AerMP_NumSizeDist_InSitu_RHd_Mobility_NucltoAccu_STP,Binned number size distribution (in dNdlogDp) measured by the SMPS
[...]
UNCERTAINTY:  20%
ULOD_FLAG: -7777
ULOD_VALUE: N/A
LLOD_FLAG: -8888
LLOD_VALUE: N/A
DM_CONTACT_INFO: Lee Thornhill (Kenneth.L.Thornhill@nasa.gov)
PROJECT_INFO: FIREX-AQ
STIPULATIONS_ON_USE: No stipulations on use. The user is encouraged to contact the PI or DM prior to use.
OTHER_COMMENTS: Midpoint diameters of Bins 00 to 43 are: 0.011,0.012,0.013,0.014,0.015,0.016,0.017,0.018,0.019,0.021,0.022,0.024,0.026,0.028,0.030,0.032,0.035,0.037,0.040,0.043,0.046,0.050,0.053,0.057,0.061,0.066,0.071,0.076,0.082,0.088,0.095,0.102,0.109,0.118,0.126,0.136,0.146,0.157,0.168,0.181,0.194,0.209,0.225,0.241
REVISION: R0
R0: Final Data. Data are corrected for time lags and ammonium sulfate size calibrations.
*******************************************************************************************************************************
Time_start,Time_stop,Time_mid,nSMPS_stdPT,sSMPS_stdPT,vSMPS_stdPT,SMPS_stdPT,SMPS_bin00_stdPT,SMPS_bin01_stdPT,SMPS_bin02_stdPT,SMPS_bin03_stdPT,SMPS_bin04_stdPT,SMPS_bin05_stdPT,SMPS_bin06_stdPT,SMPS_bin07_stdPT,SMPS_bin08_stdPT,SMPS_bin09_stdPT,SMPS_bin10_stdPT,SMPS_bin11_stdPT,SMPS_bin12_stdPT,SMPS_bin13_stdPT,SMPS_bin14_stdPT,SMPS_bin15_stdPT,SMPS_bin16_stdPT,SMPS_bin17_stdPT,SMPS_bin18_stdPT,SMPS_bin19_stdPT,SMPS_bin20_stdPT,SMPS_bin21_stdPT,SMPS_bin22_stdPT,SMPS_bin23_stdPT,SMPS_bin24_stdPT,SMPS_bin25_stdPT,SMPS_bin26_stdPT,SMPS_bin27_stdPT,SMPS_bin28_stdPT,SMPS_bin29_stdPT,SMPS_bin30_stdPT,SMPS_bin31_stdPT,SMPS_bin32_stdPT,SMPS_bin33_stdPT,SMPS_bin34_stdPT,SMPS_bin35_stdPT,SMPS_bin36_stdPT,SMPS_bin37_stdPT,SMPS_bin38_stdPT,SMPS_bin39_stdPT,SMPS_bin40_stdPT,SMPS_bin41_stdPT,SMPS_bin42_stdPT,SMPS_bin43_stdPT
75933,75978,75955.5,0.00,0.00,0.00,1.25,0.00,0.00,0.00,0.00,0.00,0.00,0.00,0.00,0.00,0.00,0.00,0.00,0.00,0.00,0.00,0.00,0.00,0.00,0.00,0.00,0.00,0.00,0.00,0.00,0.00,0.00,0.00,0.00,0.00,0.00,0.00,0.00,0.00,0.00,0.00,0.00,0.00,0.00,0.00,0.00,0.00,0.00,0.00,0.00
75992,76037,76014.5,0.00,0.00,0.00,1.29,0.00,0.00,0.00,0.00,0.00,0.00,0.00,0.00,0.00,0.00,0.00,0.00,0.00,0.00,0.00,0.00,0.00,0.00,0.00,0.00,0.00,0.00,0.00,0.00,0.00,0.00,0.00,0.00,0.00,0.00,0.00,0.00,0.00,0.00,0.00,0.00,0.00,0.00,0.00,0.00,0.00,0.00,0.00,0.00
76051,76096,76073.5,0.00,0.00,0.00,1.36,0.00,0.00,0.00,0.00,0.00,0.00,0.00,0.00,0.00,0.00,0.00,0.00,0.00,0.00,0.00,0.00,0.00,0.00,0.00,0.00,0.00,0.00,0.00,0.00,0.00,0.00,0.00,0.00,0.00,0.00,0.00,0.00,0.00,0.00,0.00,0.00,0.00,0.00,0.00,0.00,0.00,0.00,0.00,0.00
76110,76155,76132.5,0.00,0.00,0.00,1.45,0.00,0.00,0.00,0.00,0.00,0.00,0.00,0.00,0.00,0.00,0.00,0.00,0.00,0.00,0.00,0.00,0.00,0.00,0.00,0.00,0.00,0.00,0.00,0.00,0.00,0.00,0.00,0.00,0.00,0.00,0.00,0.00,0.00,0.00,0.00,0.00,0.00,0.00,0.00,0.00,0.00,0.00,0.00,0.00
76169,76214,76191.5,1435.37,60.54,1.64,1.51,0.00,1261.22,0.00,0.00,0.00,850.26,0.00,167.69,745.98,1059.37,771.88,372.50,823.26,286.63,782.48,659.29,1061.31,1535.22,724.69,889.04,890.17,822.91,628.82,1193.06,1057.31,1180.73,844.31,1101.10,1299.17,1527.85,1763.24,1619.92,2071.81,1941.54,2393.16,2532.12,2287.75,1575.00,1351.90,1582.89,1211.20,923.45,804.16,723.15
76228,76273,76250.5,1209.03,54.39,1.51,1.55,0.00,0.00,0.00,0.00,0.00,271.20,875.79,569.71,395.38,453.80,530.40,574.07,387.04,905.69,837.48,723.44,636.83,895.21,945.53,978.96,781.39,689.42,479.11,866.51,653.82,648.97,542.74,1166.98,744.25,1246.08,1102.56,1753.17,2204.90,1886.53,1935.31,2122.66,1787.54,1238.87,1268.41,1551.74,1133.15,752.73,747.24,628.82
76287,76332,76309.5,818.37,27.82,0.75,1.64,0.00,1874.23,0.00,0.00,358.15,533.92,279.19,809.56,227.28,366.55,617.90,541.25,744.86,1154.86,302.08,452.96,564.81,869.76,504.06,467.02,445.71,657.18,453.50,440.96,432.04,429.86,593.33,687.66,497.77,501.51,616.97,279.60,894.26,966.17,820.71,1075.74,1308.36,1385.54,550.83,709.47,491.44,428.24,380.06,147.32
76346,76391,76368.5,750.02,18.42,0.47,1.75,0.00,0.00,0.00,1828.92,484.16,505.90,355.48,594.65,1158.86,633.82,518.75,636.79,1001.34,944.78,512.39,761.87,372.81,741.41,705.04,484.74,448.83,417.37,413.95,475.75,652.63,524.92,453.38,233.66,685.66,662.48,505.03,711.58,341.93,923.56,752.98,752.16,384.92,512.76,339.68,306.88,411.28,151.44,354.52,183.01
76405,76450,76427.5,520.42,10.66,0.26,1.87,0.00,0.00,0.00,684.71,0.00,359.62,273.06,461.11,269.99,370.95,443.90,785.84,252.16,634.31,447.95,339.40,323.84,699.95,836.07,850.72,583.88,417.23,815.20,557.13,426.50,392.24,762.30,352.96,522.78,410.77,346.66,531.78,234.45,157.51,285.60,350.63,55.14,304.04,199.77,309.49,143.79,154.49,94.27,114.91
76464,76509,76486.5,636.44,11.30,0.27,1.96,0.00,0.00,0.00,822.63,0.00,8.19,669.00,1028.34,0.00,504.92,512.23,246.13,380.30,997.32,646.45,558.59,807.41,884.43,756.29,834.78,1293.50,1080.92,820.30,908.48,824.88,511.17,579.52,369.21,516.18,519.19,456.66,283.32,366.03,233.10,329.30,281.33,221.39,235.92,126.04,125.76,105.41,160.17,58.67,58.87
76523,76568,76545.5,761.97,13.64,0.30,2.03,0.00,0.00,0.00,822.10,0.03,0.00,0.03,275.85,0.00,174.68,255.33,271.06,648.18,1088.27,1098.84,1145.43,702.16,1210.50,1162.65,811.45,1407.06,1702.38,1836.92,1086.06,887.28,1115.83,736.85,732.94,642.80,526.90,570.29,599.43,342.73,234.82,362.94,412.83,266.06,219.53,228.86,110.96,193.01,202.50,29.47,120.46
76582,76627,76604.5,1154.00,7.17,0.14,2.09,0.00,0.00,0.00,4964.74,4404.40,1976.67,2884.24,3701.23,3234.24,1787.55,959.16,651.93,1083.71,544.54,705.15,872.33,836.60,712.53,778.37,684.80,445.53,671.55,435.58,571.28,597.89,132.94,355.67,547.48,179.89,218.14,280.53,123.67,254.02,174.89,268.19,232.80,105.99,160.88,79.89,34.27,43.61,57.25,31.33,88.68
76641,76686,76663.5,1075.55,5.86,0.12,2.15,0.00,0.00,0.00,5656.64,680.69,2634.54,2115.30,4751.01,1669.04,2167.41,1514.27,2370.78,1344.93,1075.89,601.83,830.00,560.11,658.27,857.64,223.19,429.85,237.15,237.10,234.46,581.69,547.57,402.06,343.71,380.87,202.90,6.79,133.91,165.51,80.00,65.58,124.17,108.80,106.56,45.49,0.00,53.81,59.54,0.00,28.85
76700,76745,76722.5,1115.23,5.26,0.12,2.24,0.00,0.00,0.00,3655.82,7688.26,4907.39,2108.92,4951.00,1645.14,593.47,1223.40,790.97,919.64,1079.29,627.08,1070.81,253.55,508.97,37.94,94.94,186.51,415.62,68.29,252.57,390.20,160.64,174.61,314.39,194.69,298.42,95.89,141.49,171.69,227.95,22.29,0.00,0.06,0.00,27.49,40.71,41.65,34.93,59.59,43.09
76759,76804,76781.5,1084.02,6.24,0.14,2.37,0.00,0.00,0.00,0.00,8104.31,6859.35,2113.60,3292.42,1774.93,1130.85,972.65,1001.49,749.24,956.82,854.53,478.09,669.44,305.49,365.70,372.22,325.98,544.68,235.36,301.36,259.38,362.47,127.04,418.38,247.51,188.82,134.48,306.34,180.23,207.98,134.84,161.58,84.56,112.17,70.93,4.86,10.02,96.33,0.00,23.69
76818,76863,76840.5,664.91,5.30,0.12,2.45,0.00,0.00,0.00,0.00,2982.86,2209.02,2631.20,1167.54,679.97,1658.91,384.11,493.13,644.45,507.57,405.30,808.60,508.35,453.82,686.75,344.64,582.76,498.86,404.72,206.81,497.98,474.50,180.77,229.58,220.54,135.43,72.63,106.71,125.65,192.00,112.58,216.29,122.47,76.40,20.90,29.72,25.42,0.00,0.00,54.88
76877,76922,76899.5,331.61,3.11,0.05,2.44,0.00,0.00,0.00,0.00,0.00,0.00,491.55,740.85,978.89,884.28,901.98,563.23,214.70,283.00,497.81,585.26,671.12,382.58,393.24,271.15,70.64,77.44,260.06,114.06,68.86,180.92,193.80,214.00,177.60,230.17,260.35,155.37,172.00,121.15,70.96,165.57,44.65,54.83,50.81,33.83,0.00,34.72,0.00,0.00
76936,76981,76958.5,365.01,2.73,0.04,2.44,0.00,0.00,0.00,0.00,0.02,1100.24,1377.91,790.88,894.50,252.95,386.24,484.56,895.21,390.02,673.76,431.52,471.28,385.29,233.36,142.87,91.97,189.92,254.85,192.09,292.09,112.94,90.21,244.01,200.77,70.11,214.53,256.60,208.84,81.63,63.95,32.77,73.03,31.22,33.08,0.00,0.00,0.00,34.97,0.00
76995,77040,77017.5,0.00,0.00,0.00,2.45,0.00,0.00,0.00,0.00,0.00,0.00,0.00,0.00,0.00,0.00,0.00,0.00,0.00,0.00,0.00,0.00,0.00,0.00,0.00,0.00,0.00,0.00,0.00,0.00,0.00,0.00,0.00,0.00,0.00,0.00,0.00,0.00,0.00,0.00,0.00,0.00,0.00,0.00,0.00,0.00,0.00,0.00,0.00,0.00
77054,77099,77076.5,0.00,0.00,0.00,2.45,0.00,0.00,0.00,0.00,0.00,0.00,0.00,0.00,0.00,0.00,0.00,0.00,0.00,0.00,0.00,0.00,0.00,0.00,0.00,0.00,0.00,0.00,0.00,0.00,0.00,0.00,0.00,0.00,0.00,0.00,0.00,0.00,0.00,0.00,0.00,0.00,0.00,0.00,0.00,0.00,0.00,0.00,0.00,0.00
77114,77159,77136.5,0.00,0.00,0.00,2.45,0.00,0.00,0.00,0.00,0.00,0.00,0.00,0.00,0.00,0.00,0.00,0.00,0.00,0.00,0.00,0.00,0.00,0.00,0.00,0.00,0.00,0.00,0.00,0.00,0.00,0.00,0.00,0.00,0.00,0.00,0.00,0.00,0.00,0.00,0.00,0.00,0.00,0.00,0.00,0.00,0.00,0.00,0.00,0.00
77173,77218,77195.5,447.88,2.36,0.05,2.45,0.00,0.00,0.00,0.00,2154.91,2736.71,1919.86,0.00,1087.62,362.64,1311.76,568.96,825.29,510.01,322.80,198.66,227.20,128.65,121.90,80.04,235.35,141.50,121.32,144.72,218.91,72.36,100.04,92.65,65.50,60.88,24.53,39.65,42.02,63.60,17.23,24.54,161.71,55.55,0.00,0.00,7.88,11.63,0.00,35.41
77232,77277,77254.5,421.85,2.07,0.03,2.45,0.00,0.00,0.00,0.00,1638.47,3855.30,227.00,736.16,0.00,1426.98,386.25,963.40,524.98,473.88,308.54,271.36,171.23,233.64,152.60,214.78,156.56,93.21,95.74,136.42,116.63,174.39,155.60,47.93,86.26,135.20,58.43,151.17,121.09,101.64,113.13,65.28,49.14,24.00,32.83,0.00,0.00,0.00,0.00,0.00
77291,77336,77313.5,633.59,2.10,0.03,2.45,0.00,0.00,0.00,0.00,5358.60,2715.08,2487.86,1882.17,2443.87,229.71,374.79,1013.89,805.95,122.17,0.00,304.05,375.81,124.11,129.22,163.49,117.47,192.84,184.79,93.35,82.91,276.69,174.00,116.44,33.56,98.19,35.28,44.81,54.54,25.48,4.53,22.26,27.56,24.12,0.00,33.47,33.77,68.18,0.00,0.00
77350,77395,77372.5,651.00,2.47,0.04,2.45,0.00,0.00,0.00,0.00,7434.51,696.86,1052.96,2213.28,1242.63,1196.68,1192.55,320.60,1248.61,343.59,271.94,372.00,387.80,140.02,216.12,402.46,250.01,240.74,9.54,89.48,207.73,82.97,157.92,61.00,244.56,26.72,139.60,136.90,240.92,51.36,35.13,32.93,0.00,21.96,0.00,0.00,0.00,34.40,0.00,35.43
77409,77454,77431.5,630.04,2.95,0.05,2.45,0.00,0.00,0.00,0.00,5896.23,817.97,2739.65,2292.78,1920.21,915.82,406.74,156.57,481.60,655.63,370.37,204.47,241.79,204.87,206.56,139.31,235.47,136.34,360.84,85.68,149.77,159.39,75.72,165.94,40.86,113.79,113.73,189.14,56.53,93.05,78.17,155.52,99.24,33.19,66.83,101.40,0.00,0.00,0.00,0.00
77468,77513,77490.5,544.93,2.60,0.04,2.45,0.00,0.00,0.00,0.00,986.26,1581.68,2220.06,1898.03,1528.44,969.83,1337.99,716.87,406.51,470.14,729.02,733.38,542.70,64.46,375.72,214.06,160.93,442.81,229.85,288.56,184.28,168.13,25.98,87.11,252.24,138.71,102.08,112.56,179.41,57.45,73.86,40.31,0.00,12.83,20.72,36.37,48.58,0.00,0.00,0.00
77527,77572,77549.5,439.90,2.25,0.03,2.46,0.00,0.00,0.00,0.00,2007.22,818.01,984.32,850.06,593.19,688.10,1109.10,397.57,816.42,607.76,486.11,377.27,518.42,288.14,384.76,393.93,289.57,561.25,138.71,248.05,170.41,152.11,62.82,331.44,117.33,65.45,129.45,149.43,143.98,28.76,100.69,0.00,0.00,33.51,33.63,0.00,0.00,0.00,0.00,0.00
77586,77631,77608.5,437.77,2.75,0.05,2.46,0.00,0.00,0.00,0.00,2009.15,818.25,600.64,635.01,1600.09,973.28,1286.85,586.06,339.19,771.53,404.71,356.90,404.68,430.51,144.87,153.37,236.31,135.25,184.27,221.12,72.87,362.32,141.59,154.30,164.35,160.79,78.31,184.96,35.76,70.55,38.61,78.51,0.00,33.51,32.91,0.00,0.00,34.88,0.00,36.08
77645,77690,77667.5,606.49,3.70,0.07,2.45,0.00,0.00,0.00,0.00,4024.09,1501.00,2238.31,1002.91,976.92,455.40,974.36,1139.32,967.47,608.09,396.23,570.83,423.96,529.76,258.51,350.95,218.86,300.77,273.56,146.51,170.58,137.82,99.65,145.72,253.10,254.61,221.81,86.42,71.27,143.59,120.55,52.69,15.40,46.48,70.34,26.82,0.00,35.26,35.53,0.00
77704,77749,77726.5,878.76,3.14,0.05,2.45,0.00,0.00,0.00,0.00,3197.67,1515.04,3474.45,3870.51,2277.38,3076.41,1271.37,1238.67,1832.91,1140.55,400.09,461.55,308.14,595.91,830.60,565.24,216.19,175.02,91.14,163.59,175.29,198.25,75.30,208.85,102.62,55.74,62.58,98.52,91.76,66.16,0.00,71.24,100.90,25.86,0.00,45.74,0.00,0.00,0.00,0.00
77763,77808,77785.5,529.03,2.99,0.05,2.45,0.00,0.00,0.00,0.00,4405.25,0.00,488.13,676.09,2801.40,1008.63,603.11,1142.63,657.25,623.85,545.39,161.38,226.08,353.90,487.48,157.36,215.21,354.78,127.36,174.50,27.10,135.35,485.62,178.69,73.08,101.32,71.55,88.94,33.67,28.04,110.89,66.20,160.12,33.60,42.34,20.89,0.00,0.00,0.00,36.62
77822,77867,77844.5,1191.03,3.74,0.05,2.45,0.00,0.00,0.00,0.00,5829.98,4889.83,2865.62,2811.69,3837.01,3706.10,2491.97,2092.22,2993.14,1193.47,588.33,242.21,420.14,450.04,514.74,190.25,560.53,461.57,409.97,172.76,83.46,189.43,51.48,53.42,86.46,16.06,126.72,79.48,192.46,92.23,57.03,116.00,54.14,79.91,20.74,22.73,34.54,35.06,0.00,0.00
77881,77926,77903.5,1381.40,4.14,0.06,2.45,0.00,0.00,0.00,0.00,7588.59,7482.13,5974.08,3715.82,3938.30,2654.41,1689.52,2545.96,768.77,1017.87,716.57,913.23,576.63,588.00,316.98,447.77,152.22,432.90,451.08,379.79,183.68,240.39,74.62,118.82,399.00,111.25,58.51,144.38,86.10,138.64,30.46,58.86,17.54,0.00,18.42,33.05,34.50,44.76,61.09,0.00
77940,77985,77962.5,677.64,3.35,0.06,2.45,0.00,0.00,0.00,0.00,6814.29,698.16,2082.14,1897.35,2124.04,634.15,599.59,627.67,572.10,448.87,621.84,264.98,135.50,509.96,239.62,207.51,287.46,542.96,198.13,343.69,225.33,136.27,85.22,195.24,128.26,121.96,180.04,96.65,44.69,152.76,107.05,13.98,4.01,164.01,18.48,56.06,69.43,34.99,0.00,0.00
77999,78044,78021.5,694.58,2.86,0.05,2.46,0.00,0.00,0.00,0.00,3953.01,4493.38,3153.14,739.94,1010.43,860.58,1967.64,669.40,227.73,881.03,463.32,392.63,234.76,136.19,395.11,277.28,237.35,312.31,190.41,98.78,152.35,41.09,185.23,129.66,252.57,108.40,180.74,8.56,104.04,0.00,101.10,31.18,83.23,58.25,33.90,22.69,0.00,0.00,0.00,0.00
78058,78103,78080.5,548.97,3.13,0.06,2.46,0.00,0.00,0.00,0.00,2420.89,2867.07,1744.33,1976.31,630.94,1019.54,819.39,826.79,369.50,392.78,693.24,365.74,118.16,245.73,291.98,189.27,455.26,137.59,134.15,50.68,299.41,14.32,138.31,107.53,138.73,104.08,159.31,293.03,0.00,35.94,160.40,88.02,100.19,0.00,93.35,45.38,0.00,0.00,0.00,0.00
78117,78162,78139.5,466.66,2.22,0.03,2.45,0.00,0.00,0.00,0.00,790.56,4474.55,628.39,1867.67,1166.49,459.57,396.73,784.93,76.57,147.34,295.43,447.23,77.45,345.82,432.83,416.63,112.63,79.68,199.64,210.53,160.32,187.03,213.18,178.78,121.76,61.67,74.27,121.81,62.66,94.09,109.22,55.33,0.00,43.94,14.00,0.00,0.00,0.00,0.00,0.00
78176,78221,78198.5,263.55,2.95,0.05,2.46,0.00,0.00,0.00,0.00,0.00,817.54,0.00,0.00,283.74,478.55,205.97,320.42,260.77,472.78,524.53,509.95,403.22,275.11,671.08,472.19,86.09,147.48,217.13,63.21,209.89,192.86,264.54,125.78,158.30,259.21,333.64,68.29,47.70,121.72,99.80,46.77,44.74,145.60,35.96,0.00,34.30,34.83,0.00,0.00
78235,78280,78257.5,281.94,2.52,0.05,2.46,0.00,0.00,0.00,0.00,1213.38,0.03,490.21,792.66,594.09,226.68,617.43,492.69,133.51,229.12,513.14,550.44,311.53,144.51,352.47,263.51,158.02,141.03,211.94,116.43,159.25,129.95,78.85,210.54,39.32,86.76,110.20,122.70,122.80,113.69,15.95,58.82,40.95,38.74,33.14,33.82,0.00,0.00,34.98,0.00
78294,78339,78316.5,340.78,2.00,0.03,2.46,0.00,0.00,0.00,0.00,967.01,1925.47,1373.30,302.72,664.31,233.22,964.72,511.72,400.72,231.80,101.35,77.67,380.34,238.66,253.19,112.16,392.68,22.63,204.46,184.55,91.32,122.24,6.96,127.04,184.02,81.03,229.21,138.51,150.27,0.00,43.30,22.83,65.90,33.07,66.50,0.00,0.00,0.00,0.00,0.00
78353,78398,78375.5,283.17,1.80,0.02,2.46,0.00,0.00,0.00,0.00,983.01,0.02,488.59,302.00,337.07,226.17,98.69,384.52,583.13,689.22,661.93,754.04,474.92,361.14,278.10,325.39,335.02,126.64,108.62,224.76,116.63,214.90,193.51,124.94,213.25,78.27,104.38,30.84,118.76,33.47,0.00,0.00,33.07,0.00,22.19,0.00,34.17,0.00,0.00,0.00
78412,78457,78434.5,346.68,2.32,0.03,2.45,0.00,0.00,0.00,0.00,0.00,0.00,3102.69,849.56,285.79,734.14,482.62,729.50,82.41,411.39,302.20,622.43,221.40,112.57,220.03,149.88,324.33,305.71,392.72,131.12,59.99,238.61,105.99,46.18,167.62,262.46,152.08,206.25,130.99,39.37,58.21,25.02,7.88,65.87,33.28,33.39,0.00,0.00,0.00,0.00
78471,78516,78493.5,448.20,3.37,0.06,2.45,0.00,0.00,0.00,0.00,1951.58,12.78,1055.46,363.65,644.03,247.18,986.86,1469.41,874.01,510.89,1001.85,298.52,514.88,699.30,490.77,249.53,244.36,305.05,78.65,71.27,180.90,61.67,254.18,336.71,106.95,121.69,179.90,250.61,188.20,102.10,215.68,96.68,51.47,0.00,22.11,33.66,0.00,34.44,33.22,2.01
78530,78575,78552.5,429.57,4.25,0.08,2.45,0.00,0.00,0.00,0.00,0.00,786.38,0.00,723.94,981.15,1868.25,385.95,1141.96,410.06,692.85,553.90,584.77,546.38,406.16,302.25,442.94,209.17,224.44,410.43,292.50,254.57,67.12,285.58,341.53,239.34,220.37,284.21,172.01,360.28,20.82,115.64,110.39,0.00,49.88,31.64,33.47,67.61,68.68,0.00,35.27
78589,78634,78611.5,388.30,3.19,0.05,2.45,0.00,0.00,0.00,0.00,0.00,680.08,1630.74,421.59,1009.09,880.50,698.94,718.73,543.69,360.83,449.45,188.22,521.96,385.90,459.85,314.44,478.52,80.43,146.46,191.27,286.37,153.41,141.55,24.15,293.41,122.97,160.81,190.15,314.75,138.46,100.93,166.19,71.42,0.00,33.12,33.23,16.60,17.38,0.00,0.00
78648,78693,78670.5,449.36,2.84,0.05,2.45,0.00,0.00,0.00,0.00,2176.46,3008.56,1546.04,0.00,281.93,226.34,103.10,1190.54,394.90,485.28,594.75,362.13,266.67,526.29,7.00,285.68,361.26,346.07,146.30,255.79,183.25,83.98,117.90,55.50,197.93,299.81,177.04,111.73,271.34,46.91,81.86,32.68,0.00,18.11,0.00,33.25,0.00,77.94,25.06,0.00
78707,78752,78729.5,516.12,2.71,0.04,2.45,0.00,0.00,0.00,0.00,964.92,2059.97,1061.71,3105.65,1880.12,730.37,371.33,165.25,490.41,308.12,371.95,371.24,356.06,503.24,436.55,320.24,455.01,334.50,187.74,153.53,29.27,182.15,255.51,241.77,137.17,209.90,113.40,150.65,390.46,52.10,32.99,26.83,31.83,0.00,9.82,0.00,0.00,0.00,0.00,0.00
78766,78811,78788.5,374.29,2.13,0.03,2.45,0.00,0.00,0.00,0.00,1966.85,813.37,568.78,1455.36,54.95,253.11,202.87,998.30,750.00,398.65,152.21,377.97,456.06,328.01,68.72,417.01,411.40,360.69,186.93,59.98,200.61,347.83,248.34,62.87,161.41,184.05,109.37,0.00,110.27,58.15,65.53,0.00,97.94,32.34,17.21,0.00,0.00,0.00,0.00,0.00
