Data/Raw/MOORE,RICHARD/FIREXAQ-LARGE-SMPS_DC8_20190815_R0.ict
88,1001
Richard Moore, Elizabeth Wiggins, Edward Winstead, Claire Robinson, Lee Thornhill, and Kevin Sanchez
NASA Langley Research Center
In-situ Submicron Particle Size Distributions from a SMPS on the NASA DC-8
FIREXAQ
1,1
2019,08,15,2020,03,10
0
Time_start,Secs after midnight,Time of acquisition
50
1,1,1,1,1,1,1,1,1,1,1,1,1,1,1,1,1,1,1,1,1,1,1,1,1,1,1,1,1,1,1,1,1,1,1,1,1,1,1,1,1,1,1,1,1,1,1,1,1,1
-9999,-9999,-9999,-9999,-9999,-9999,-9999,-9999,-9999,-9999,-9999,-9999,-9999,-9999,-9999,-9999,-9999,-9999,-9999,-9999,-9999,-9999,-9999,-9999,-9999,-9999,-9999,-9999,-9999,-9999,-9999,-9999,-9999,-9999,-9999,-9999,-9999,-9999,-9999,-9999,-9999,-9999,-9999,-9999,-9999,-9999,-9999,-9999,-9999,-9999
Time_stop,Secs after midnight,Time of acquisition
Time_mid,Secs after midnight,Time of acquisition
nSMPS_stdPT,#/cm3,AerMP_NumConc_InSitu_RHd_Mobility_NucltoAccu_STP,integrated_number_density
sSMPS_stdPT,um2/cm3,AerMP_SurfAreaConc_InSitu_RHd_Mobility_NucltoAccu_STP,integrated_surface_area
vSMPS_stdPT,um3/cm3,AerMP_VolConc_InSitu_RHd_Mobility_NucltoAccu_STP,integrated_volume
SMPS_stdPT, unitless, None, conversion between ambient PT and standard PT (1013, 273)
SMPS_bin00_stdPT,#/cm3,AerMP_NumSizeDist_InSitu_RHd_Mobility_NucltoAccu_STP,Binned number size distribution (in dNdlogDp) measured by the SMPS
SMPS_bin01_stdPT,#/cm3,AerMP_NumSizeDist_InSitu_RHd_Mobility_NucltoAccu_STP,Binned number size distribution (in dNdlogDp) measured by the SMPS
SMPS_bin02_stdPT,#/cm3,AerMP_NumSizeDist_InSitu_RHd_Mobility_NucltoAccu_STP,Binned number size distribution (in dNdlogDp) measured by the SMPS
SMPS_bin03_stdPT,#/cm3,AerMP_NumSizeDist_InSitu_RHd_Mobility_NucltoAccu_STP,Binned number size distribution (in dNdlogDp) measured by the SMPS
SMPS_bin04_stdPT,#/cm3,AerMP_NumSizeDist_InSitu_RHd_Mobility_NucltoAccu_STP,Binned number size distribution (in dNdlogDp) measured by the SMPS
SMPS_bin05_stdPT,#/cm3,AerMP_NumSizeDist_InSitu_RHd_Mobility_NucltoAccu_STP,Binned number size distribution (in dNdlogDp) measured by the SMPS
SMPS_bin06_stdPT,#/cm3,AerMP_NumSizeDist_InSitu_RHd_Mobility_NucltoAccu_STP,Binned number size distribution (in dNdlogDp) measured by the SMPS
SMPS_bin07_stdPT,#/cm3,AerMP_NumSizeDist_InSitu_RHd_Mobility_NucltoAccu_STP,Binned number size distribution (in dNdlogDp) measured by the SMPS
SMPS_bin08_stdPT,#/cm3,AerMP_NumSizeDist_InSitu_RHd_Mobility_NucltoAccu_STP,Binned number size distribution (in dNdlogDp) measured by the SMPS
SMPS_bin09_stdPT,#/cm3,AerMP_NumSizeDist_InSitu_RHd_Mobility_NucltoAccu_STP,Binned number size distribution (in dNdlogDp) measured by the SMPS
SMPS_bin10_stdPT,#/cm3,AerMP_NumSizeDist_InSitu_RHd_Mobility_NucltoAccu_STP,Binned number size distribution (in dNdlogDp) measured by the SMPS
SMPS_bin11_stdPT,#/cm3,AerMP_NumSizeDist_InSitu_RHd_Mobility_NucltoAccu_STP,Binned number size distribution (in dNdlogDp) measured by the SMPS
SMPS_bin12_stdPT,#/cm3,AerMP_NumSizeDist_InSitu_RHd_Mobility_NucltoAccu_STP,Binned number size distribution (in dNdlogDp) measured by the SMPS
SMPS_bin13_stdPT,#/cm3,AerMP_NumSizeDist_InSitu_RHd_Mobility_NucltoAccu_STP,Binned number size distribution (in dNdlogDp) measured by the SMPS
SMPS_bin14_stdPT,#/cm3,AerMP_NumSizeDist_InSitu_RHd_Mobility_NucltoAccu_STP,Binned number size distribution (in dNdlogDp) measured by the SMPS
[...]
UNCERTAINTY:  20%
ULOD_FLAG: -7777
ULOD_VALUE: N/A
LLOD_FLAG: -8888
LLOD_VALUE: N/A
DM_CONTACT_INFO: Lee Thornhill (Kenneth.L.Thornhill@nasa.gov)
PROJECT_INFO: FIREX-AQ
STIPULATIONS_ON_USE: No stipulations on use. The user is encouraged to contact the PI or DM prior to use.
OTHER_COMMENTS: Midpoint diameters of Bins 00 to 43 are: 0.011,0.012,0.013,0.014,0.015,0.016,0.017,0.018,0.019,0.021,0.022,0.024,0.026,0.028,0.030,0.032,0.035,0.037,0.040,0.043,0.046,0.050,0.053,0.057,0.061,0.066,0.071,0.076,0.082,0.088,0.095,0.102,0.109,0.118,0.126,0.136,0.146,0.157,0.168,0.181,0.194,0.209,0.225,0.241
REVISION: R0
R0: Final Data. Data are corrected for time lags and ammonium sulfate size calibrations.
*******************************************************************************************************************************
Time_start,Time_stop,Time_mid,nSMPS_stdPT,sSMPS_stdPT,vSMPS_stdPT,SMPS_stdPT,SMPS_bin00_stdPT,SMPS_bin01_stdPT,SMPS_bin02_stdPT,SMPS_bin03_stdPT,SMPS_bin04_stdPT,SMPS_bin05_stdPT,SMPS_bin06_stdPT,SMPS_bin07_stdPT,SMPS_bin08_stdPT,SMPS_bin09_stdPT,SMPS_bin10_stdPT,SMPS_bin11_stdPT,SMPS_bin12_stdPT,SMPS_bin13_stdPT,SMPS_bin14_stdPT,SMPS_bin15_stdPT,SMPS_bin16_stdPT,SMPS_bin17_stdPT,SMPS_bin18_stdPT,SMPS_bin19_stdPT,SMPS_bin20_stdPT,SMPS_bin21_stdPT,SMPS_bin22_stdPT,SMPS_bin23_stdPT,SMPS_bin24_stdPT,SMPS_bin25_stdPT,SMPS_bin26_stdPT,SMPS_bin27_stdPT,SMPS_bin28_stdPT,SMPS_bin29_stdPT,SMPS_bin30_stdPT,SMPS_bin31_stdPT,SMPS_bin32_stdPT,SMPS_bin33_stdPT,SMPS_bin34_stdPT,SMPS_bin35_stdPT,SMPS_bin36_stdPT,SMPS_bin37_stdPT,SMPS_bin38_stdPT,SMPS_bin39_stdPT,SMPS_bin40_stdPT,SMPS_bin41_stdPT,SMPS_bin42_stdPT,SMPS_bin43_stdPT
[from data line 49]
85931,85976,85953.5,3933.37,8.48,0.12,2.46,0.00,0.00,0.00,32791.46,21653.99,19314.81,12777.46,10634.74,5552.40,3885.81,3354.08,2790.53,2193.57,1269.25,555.49,758.90,423.27,450.22,351.40,541.02,769.25,884.45,721.57,578.69,465.71,247.59,190.87,287.44,350.55,304.24,309.85,255.44,368.66,189.88,190.02,137.79,112.39,18.26,0.00,4.67,29.53,0.00,45.29,0.00
85990,86035,86012.5,2439.66,7.73,0.10,2.46,0.00,0.00,0.00,17705.93,6944.63,9467.91,8850.60,6137.27,5461.22,4355.36,4218.13,1978.15,1488.52,193.99,589.20,495.70,668.80,1039.24,243.86,725.31,461.36,739.70,563.95,664.61,784.91,529.72,509.06,238.07,556.30,495.11,397.86,394.35,326.43,201.55,131.71,31.63,114.41,85.43,159.59,96.98,0.00,0.00,22.49,0.00
86049,86094,86071.5,2354.08,8.31,0.12,2.46,0.00,0.00,0.00,20703.63,12461.00,9707.10,8420.76,2300.93,3777.21,1877.03,1877.32,1653.61,1438.71,497.35,764.24,278.47,229.88,351.26,342.99,610.91,441.89,891.39,388.34,541.80,745.95,669.99,474.99,607.21,455.95,431.23,223.91,436.03,406.81,281.46,170.06,393.25,71.83,109.87,143.92,19.14,78.06,32.93,22.17,0.00
86108,86153,86130.5,2183.42,7.26,0.10,2.46,0.00,0.00,0.00,19914.27,13251.41,8629.08,6212.52,4371.97,2696.76,2261.73,1799.53,401.40,505.45,395.41,503.84,269.31,207.37,121.18,658.47,595.71,431.20,484.99,726.60,374.65,682.01,614.71,427.14,225.31,338.36,595.09,322.60,257.49,360.16,399.06,254.53,231.91,60.24,63.08,95.39,64.14,32.44,33.01,0.00,0.00
86167,86212,86189.5,2346.03,7.89,0.11,2.46,0.00,0.00,0.00,18825.59,11639.81,11094.46,7056.04,3901.89,2562.23,2037.77,2536.64,1716.05,742.78,1335.28,400.48,869.83,500.65,339.82,671.93,484.17,564.89,487.42,598.92,980.23,658.75,602.15,610.51,667.88,378.41,681.43,409.46,466.52,391.60,257.17,248.84,65.57,40.99,63.22,31.73,63.86,15.95,49.67,22.42,0.00
86226,86271,86248.5,2472.60,7.79,0.12,2.46,0.00,0.00,0.00,22236.92,12264.27,9902.96,5230.27,4924.98,3600.78,5040.90,2556.22,963.66,1244.41,970.68,351.20,290.32,435.99,701.15,496.19,827.82,701.35,242.49,556.33,714.96,311.42,857.87,446.04,425.44,445.11,491.86,316.56,280.05,240.18,281.68,234.01,113.78,120.99,31.58,50.50,141.10,0.00,0.00,44.69,0.00
86285,86330,86307.5,2417.36,8.15,0.12,2.46,0.00,0.00,0.00,18186.24,13553.66,10323.87,6359.20,5201.47,3618.40,2729.81,2692.73,1343.21,979.11,820.02,691.89,602.96,429.79,415.97,561.16,1268.36,651.88,768.29,441.82,626.34,323.35,586.89,533.06,386.65,500.01,351.91,528.09,445.27,270.15,322.42,296.59,207.54,77.32,70.47,0.00,40.69,32.55,32.80,39.04,9.12
86344,86389,86366.5,2518.81,7.44,0.11,2.46,0.00,0.00,0.00,27119.22,11622.56,11345.52,7702.44,5733.15,1952.53,1177.84,899.52,873.27,861.18,729.25,942.52,742.73,438.39,535.81,80.51,821.25,301.97,483.43,720.31,577.70,628.95,659.21,567.50,549.53,370.29,154.67,340.25,461.79,243.66,98.16,294.08,130.60,191.56,0.00,82.62,45.38,48.71,16.77,22.69,34.43
86403,86448,86425.5,3241.36,8.81,0.13,2.46,0.00,0.00,0.00,25363.37,17932.65,18636.47,11521.31,7600.02,4868.39,3616.18,1456.82,1158.42,1188.44,687.17,205.49,301.76,413.25,241.79,512.13,395.86,547.34,592.32,507.49,515.18,455.12,464.80,780.99,507.12,361.41,517.60,508.88,174.45,558.42,289.02,237.14,174.41,112.94,56.16,41.97,96.40,0.00,32.85,22.64,42.23
86462,86507,86484.5,3005.32,8.02,0.11,2.47,0.00,0.00,0.00,22166.13,15486.86,19466.90,13453.56,7700.53,3540.66,3009.93,698.52,549.07,301.43,286.78,206.60,210.06,436.76,556.22,449.31,368.39,753.15,491.71,294.65,672.66,620.18,129.24,458.93,339.87,590.12,517.62,483.21,377.98,432.36,350.17,282.45,209.40,95.29,0.00,31.81,83.29,13.18,32.84,22.44,0.00
86521,86566,86543.5,3077.66,7.67,0.11,2.46,0.00,0.00,0.00,22951.83,19877.02,17381.34,11348.28,5898.82,6402.48,2036.94,1319.66,1101.84,627.75,414.65,619.48,330.33,281.78,436.74,307.32,678.49,481.51,575.04,354.73,623.10,214.97,263.79,706.44,172.44,666.93,501.81,472.87,363.34,320.06,225.27,200.13,35.85,79.72,0.00,0.00,0.00,32.48,65.86,45.07,69.08
86581,86626,86603.5,3684.49,8.01,0.10,2.46,0.00,0.00,0.00,35934.93,19851.32,24066.01,10711.58,9237.68,2988.51,1993.54,1655.39,571.27,647.57,499.22,416.87,318.55,534.42,400.12,668.75,313.46,673.87,200.72,620.83,305.08,666.15,452.69,390.58,462.22,594.38,775.83,509.61,399.36,398.60,49.08,162.11,75.39,221.66,46.52,18.80,13.16,32.59,9.07,16.12,0.00
86640,86685,86662.5,2797.82,8.15,0.12,2.47,0.00,0.00,0.00,24017.78,15415.93,9450.71,12851.65,4434.21,5043.81,3339.68,1412.46,1888.04,613.03,967.21,474.97,458.11,722.69,438.32,178.33,546.85,462.89,666.55,173.84,657.68,589.29,682.25,644.29,279.91,425.26,450.55,379.75,444.51,191.68,291.60,202.76,309.58,30.36,218.45,31.95,32.16,32.65,33.23,45.16,0.00
86699,86744,86721.5,2547.78,7.99,0.13,2.47,0.00,0.00,0.00,16706.40,16629.65,14007.84,6382.69,6844.89,4329.82,2535.89,1159.78,1441.86,1229.72,752.48,379.87,462.21,281.72,464.04,723.86,356.47,529.80,203.34,500.11,666.89,343.85,599.69,480.56,330.29,586.42,422.85,314.58,473.75,272.86,443.61,174.59,118.36,51.32,62.60,17.69,32.35,32.64,66.36,45.25,0.00
86758,86803,86780.5,2072.03,7.96,0.12,2.47,0.00,0.00,0.00,21628.97,9522.91,4589.54,6259.62,5627.57,2770.52,1796.93,2237.13,664.98,1175.23,816.63,84.48,387.40,409.08,458.09,512.58,231.31,410.78,547.22,290.34,429.67,440.55,370.72,310.35,473.57,704.92,448.99,383.99,646.47,345.78,397.99,186.52,222.75,118.88,86.95,82.73,142.01,32.61,42.05,16.18,0.00
86817,86862,86839.5,2291.46,7.43,0.10,2.47,0.00,0.00,0.00,20112.47,9669.90,8358.84,8622.27,2971.69,3889.88,3556.58,2543.77,1305.81,1483.04,94.13,1077.20,491.95,531.94,657.30,580.22,401.54,780.90,377.15,383.61,172.74,418.32,675.63,567.19,723.06,287.17,527.38,295.71,493.76,373.31,285.59,216.04,66.07,66.28,8.23,95.85,96.67,0.00,32.94,0.00,34.45
86876,86921,86898.5,2263.55,8.61,0.13,2.47,0.00,0.00,0.00,11398.59,13228.18,13470.70,7587.50,4686.56,2769.57,1870.13,2122.43,1607.77,561.26,355.30,1165.05,406.18,593.73,577.03,971.35,347.56,1032.59,748.56,519.65,413.82,382.16,513.58,681.21,613.39,639.07,800.66,763.00,450.64,258.54,127.70,191.26,30.72,105.74,95.38,93.37,32.38,146.78,16.80,22.30,0.00
86935,86980,86957.5,2538.80,7.82,0.12,2.47,0.00,0.00,0.00,15895.84,10807.46,10493.26,12243.56,6614.41,5017.61,1858.09,3218.58,2025.01,609.32,1170.83,523.42,559.06,914.10,234.07,573.76,883.75,847.42,927.36,797.04,298.91,680.99,680.43,337.13,515.92,261.83,591.47,259.16,244.89,264.98,157.66,254.51,148.98,98.16,31.81,31.92,59.60,13.67,0.00,22.55,0.00
86994,87039,87016.5,2658.40,7.92,0.12,2.47,0.00,0.00,0.00,0.00,16014.26,15914.62,10263.85,8545.98,7930.94,4925.42,4050.97,3798.12,2314.91,1019.51,909.24,900.78,516.07,571.85,382.12,589.58,593.44,345.67,757.27,441.78,935.41,581.72,310.50,339.96,250.73,425.22,215.50,241.06,110.91,132.35,152.86,81.49,115.01,56.48,101.79,40.57,23.06,94.08,0.00,0.00
87053,87098,87075.5,2202.09,7.08,0.10,2.47,0.00,0.00,0.00,0.00,12263.40,12396.87,11603.84,6856.41,4522.41,4453.40,3355.23,2358.29,1204.21,1557.84,975.24,361.87,523.15,630.54,466.19,223.01,553.44,1047.88,485.27,498.43,510.81,416.50,466.91,670.01,393.78,315.64,304.25,102.70,100.46,138.99,185.16,88.26,136.79,24.56,160.19,0.00,11.52,33.05,33.53,0.00
87112,87157,87134.5,3364.29,8.32,0.11,2.47,0.00,0.00,0.00,0.00,16352.75,17249.57,13540.77,14054.70,10891.68,8066.15,7300.68,4466.27,2930.70,2033.12,1273.54,984.17,363.59,395.53,595.52,1207.16,844.90,458.61,521.41,500.75,369.76,801.82,284.93,414.70,354.90,222.69,103.56,315.74,105.02,121.17,96.55,96.99,33.25,14.98,56.59,4.77,32.73,33.31,67.51,23.21
87171,87216,87193.5,4834.52,10.38,0.15,2.47,0.00,0.00,0.00,32587.56,25636.94,22641.83,18484.43,11306.11,10769.42,6509.14,6079.57,3520.39,4091.65,1641.27,1257.38,640.04,577.92,943.69,500.46,649.54,560.28,624.60,707.73,651.35,505.36,670.84,326.65,381.14,691.08,366.78,135.24,169.50,194.80,65.37,92.55,155.27,59.82,137.34,101.75,5.93,7.72,77.53,0.00,34.46
87230,87275,87252.5,3284.56,7.73,0.09,2.47,0.00,0.00,0.00,0.00,20494.71,16427.82,16788.16,10437.69,10626.79,5980.68,6392.71,3402.63,2547.40,919.04,724.71,723.19,724.39,806.53,605.07,770.22,537.12,767.66,696.13,887.55,666.13,625.59,337.78,435.70,397.42,245.42,314.13,228.40,70.53,127.54,79.78,18.53,48.48,110.53,36.30,0.00,32.69,0.00,0.00,0.00
87289,87334,87311.5,3713.47,8.71,0.11,2.47,0.00,0.00,0.00,0.00,25659.57,23466.27,15392.49,11873.74,8456.08,8615.15,4714.44,2574.98,2295.22,2206.14,1599.60,813.25,1043.91,871.93,554.58,973.73,1167.18,666.34,891.93,859.61,496.56,787.44,564.47,536.62,534.28,329.10,144.21,215.03,99.76,0.00,110.09,12.31,28.93,47.67,0.00,64.76,44.42,44.78,0.00,0.00
87348,87393,87370.5,3217.43,7.59,0.09,2.48,0.00,0.00,0.00,0.00,22489.00,19423.30,13106.38,7655.97,8073.22,7501.39,5363.17,4029.76,2416.10,1676.22,1451.87,1084.05,503.55,624.25,800.92,667.98,760.15,682.02,480.75,471.00,758.57,502.63,406.35,574.21,340.46,191.71,72.97,137.83,98.95,33.32,39.17,149.47,97.42,62.24,32.11,0.00,98.26,0.00,101.00,0.00
87407,87452,87429.5,4774.16,8.76,0.10,2.48,0.00,0.00,0.00,43656.56,22382.39,22063.29,20072.12,11985.97,5059.87,5949.38,3399.12,2876.01,2608.61,1372.64,1152.92,898.68,774.47,860.96,703.60,550.07,201.60,1072.29,340.78,767.02,790.78,693.61,493.12,413.03,240.53,127.10,421.58,151.36,106.09,174.26,42.77,2.76,123.98,8.61,0.00,32.04,62.15,9.08,61.02,34.60
87466,87511,87488.5,4492.99,7.53,0.08,2.48,0.00,0.00,0.00,45111.93,27263.97,16954.63,14934.38,8262.63,7532.47,3554.61,3538.34,4066.64,1155.71,1445.42,683.77,658.52,893.99,671.35,374.17,594.82,964.70,357.45,739.45,749.48,772.22,571.04,444.80,282.96,107.34,77.68,222.32,152.72,31.06,181.26,117.95,79.20,31.70,31.67,30.58,32.33,65.20,0.00,0.00,0.00
87525,87570,87547.5,4346.17,7.93,0.10,2.48,0.00,0.00,0.00,43929.37,26605.64,15602.34,15233.79,6710.77,6270.45,5035.89,3228.33,2659.60,1191.15,1446.61,836.90,824.90,509.38,773.43,984.88,1230.36,929.88,671.97,560.37,574.70,642.33,543.59,346.75,398.33,284.42,234.69,59.58,213.79,122.84,16.78,59.97,0.00,56.45,77.88,31.86,27.04,10.51,0.00,67.02,0.00
87584,87629,87606.5,4076.30,8.50,0.13,2.48,0.00,0.00,0.00,39290.63,22553.93,13763.49,14249.35,9156.31,7006.17,5653.08,2316.27,2111.52,1946.20,813.50,1439.88,505.50,1050.97,794.70,434.41,942.98,743.69,858.37,573.17,768.65,666.47,327.22,294.80,638.22,283.84,120.22,184.43,148.80,108.96,34.78,182.74,123.65,59.01,14.20,54.84,0.00,26.79,0.00,22.59,34.50
87643,87688,87665.5,4861.62,8.03,0.07,2.48,0.00,0.00,0.00,38370.22,28987.59,24142.01,13950.10,10681.84,10832.47,6595.69,4578.93,2618.04,2506.06,1342.94,1253.36,670.66,639.44,614.03,1180.77,601.31,855.87,603.13,424.57,878.42,540.83,417.38,621.36,326.02,244.48,146.77,277.42,118.22,27.91,179.70,48.60,42.11,36.95,69.78,16.56,32.15,32.49,65.70,0.00,0.00
87702,87747,87724.5,4266.10,8.69,0.11,2.48,0.00,0.00,0.00,33309.99,22376.60,26474.21,13769.78,11022.44,5069.18,4063.71,4007.48,2677.52,989.07,935.48,971.07,712.96,772.51,715.95,936.97,762.75,925.06,927.41,1186.56,534.94,424.49,258.48,642.66,207.45,266.83,410.00,273.38,7.19,68.81,163.22,75.07,68.87,120.13,62.96,0.00,109.03,0.00,107.32,38.19,7.85
87761,87806,87783.5,5337.62,10.64,0.16,2.48,0.00,0.00,0.00,44516.88,26127.44,24345.95,21282.64,13952.41,10674.90,10097.94,3272.80,3487.29,1613.61,822.44,866.38,520.79,860.50,487.09,424.19,586.68,651.98,830.70,494.81,736.97,543.82,354.86,453.53,409.65,222.64,314.64,555.34,142.46,146.55,156.98,171.15,114.29,154.99,20.73,43.48,27.05,0.00,125.70,38.96,9.10
87820,87865,87842.5,4753.65,9.74,0.14,2.48,0.00,0.00,0.00,37141.53,24763.05,18075.86,21876.76,12253.57,8793.91,8502.95,3717.74,3658.71,1875.73,866.60,945.32,413.50,570.94,554.54,620.54,715.30,570.94,616.72,601.03,538.30,468.72,866.96,616.15,329.44,253.77,537.64,28.24,195.92,195.45,261.35,128.72,166.03,33.66,26.74,0.00,101.59,18.11,62.75,44.98,34.47
87879,87924,87901.5,5192.90,9.12,0.10,2.48,0.00,0.00,0.00,43157.20,32038.25,18188.04,15556.81,18321.12,8809.94,6955.40,5891.90,2584.03,2607.69,1258.90,1105.99,506.88,739.13,785.98,503.29,741.48,345.76,405.79,865.82,776.96,546.10,396.92,672.51,435.59,681.83,244.38,191.67,215.21,147.49,154.20,99.07,14.70,0.00,0.00,11.03,0.00,32.48,74.96,38.20,7.85
87938,87983,87960.5,5320.63,10.10,0.12,2.48,0.00,0.00,0.00,31526.49,42342.24,23981.71,22707.15,13930.25,8517.67,3795.47,4468.98,3452.44,1603.37,1293.94,1000.41,240.52,778.84,532.11,1116.75,1016.71,1246.81,627.03,946.03,767.53,485.87,370.82,620.15,563.39,542.86,333.62,351.17,255.05,274.65,57.92,66.71,130.87,0.00,0.00,61.32,59.50,32.65,32.90,22.26,34.41
87997,88042,88019.5,4809.61,9.52,0.10,2.48,0.00,0.00,0.00,39406.83,30895.91,12084.11,18415.35,14851.12,9179.10,6551.45,3977.33,3014.79,697.87,1320.31,974.67,1234.84,744.57,696.18,993.39,546.78,971.63,481.84,667.14,1142.13,772.07,775.06,503.11,799.15,546.94,355.20,275.07,225.88,190.42,48.50,161.81,115.91,0.00,83.23,63.82,32.26,0.00,32.85,44.44,34.47
88056,88101,88078.5,4028.51,9.57,0.11,2.48,0.00,0.00,0.00,21946.26,32360.84,15045.42,14503.21,10353.69,7213.46,3719.81,2934.40,2360.50,1785.70,1781.17,1594.93,760.26,1158.52,616.68,913.03,991.85,718.09,1083.11,504.23,832.87,1198.25,706.37,633.12,475.03,691.16,311.90,282.26,377.60,135.30,253.37,151.69,124.57,94.55,63.10,39.67,64.27,81.00,16.71,0.00,34.52
88115,88160,88137.5,4021.96,10.58,0.14,2.49,0.00,0.00,0.00,28365.57,22362.66,18035.99,11264.34,7186.23,6424.56,6943.97,3759.31,3125.66,1606.22,1399.74,1719.09,1563.17,1756.48,1053.62,749.48,1230.06,1096.96,1167.04,1281.55,1032.68,913.83,479.27,683.83,668.83,636.12,505.91,366.58,237.13,243.78,201.03,93.71,35.84,71.29,18.33,59.35,128.71,32.52,65.76,67.55,68.87
88174,88219,88196.5,2573.54,12.67,0.22,2.49,0.00,0.00,0.00,12176.34,9488.61,10994.66,6294.18,4151.31,5252.15,3047.44,2826.10,1559.56,2034.70,1479.47,1470.93,2153.63,1612.69,1411.59,1565.78,1491.11,1066.36,1670.16,1294.82,1204.02,1456.02,1136.53,907.30,1063.50,781.76,400.19,358.28,308.46,245.71,93.56,321.93,109.88,84.29,172.41,219.61,13.80,101.29,65.86,90.14,34.54
88233,88278,88255.5,2154.15,10.93,0.19,2.49,0.00,0.00,0.00,7585.58,2567.29,12619.95,4692.68,4625.42,2231.97,2526.45,3712.51,2657.82,2657.85,1506.38,1957.73,2366.82,1516.43,2115.48,1392.09,1621.60,1093.23,998.55,1457.67,1109.39,1317.94,755.26,508.26,553.32,397.54,287.64,138.57,290.46,254.01,167.18,206.95,185.40,114.59,118.52,56.14,115.24,123.75,131.36,83.11,43.63
88292,88337,88314.5,1727.21,8.97,0.17,2.49,0.00,0.00,0.00,0.00,10985.87,7597.37,5781.79,2635.81,4208.89,3228.49,1918.03,1751.09,2247.98,1233.16,1608.52,933.10,1060.77,553.28,864.53,685.74,819.86,678.07,578.35,716.41,614.84,559.60,809.78,191.21,317.20,408.02,453.05,351.91,386.59,93.74,164.66,184.40,117.75,69.71,177.07,2.16,8.42,33.64,34.25,23.10
88351,88396,88373.5,951.06,8.33,0.16,2.49,0.00,0.00,0.00,0.00,4676.89,4193.03,3195.10,907.51,1783.47,820.17,1053.87,786.58,560.53,352.36,561.81,460.66,216.02,406.22,1176.20,435.78,582.33,693.16,470.59,1054.79,955.11,331.74,137.09,174.96,746.68,619.09,646.96,646.80,381.75,413.41,402.79,128.13,162.77,92.41,0.00,48.27,0.00,0.00,75.84,0.00
88410,88455,88432.5,860.17,9.28,0.15,2.48,0.00,0.00,0.00,0.00,0.00,3833.20,271.54,1467.96,601.20,1278.19,714.69,745.35,607.01,979.45,612.25,708.22,780.90,445.30,1051.49,1412.94,844.96,1103.40,846.72,1236.44,772.13,1113.47,786.84,628.04,780.32,846.05,586.72,551.65,634.49,286.64,315.42,298.29,110.52,37.15,115.27,80.06,0.00,0.00,0.00,0.00
88469,88514,88491.5,1493.16,10.41,0.18,2.48,0.00,0.00,0.00,0.00,5942.14,10725.71,3002.30,4851.81,3089.56,1424.49,645.73,521.20,1200.57,406.73,861.90,340.19,270.17,652.21,433.25,1067.50,1312.46,1083.52,314.62,982.78,1289.11,865.27,1032.87,778.49,1029.94,620.99,499.49,510.73,593.07,209.41,283.08,176.33,84.35,269.09,220.06,83.39,0.00,25.51,4.84,34.82
88528,88573,88550.5,2111.38,11.51,0.19,2.48,0.00,0.00,0.00,0.00,13519.61,12444.00,7062.76,3615.71,4955.25,1913.80,1875.78,1449.00,1202.68,402.15,694.85,1189.42,680.20,1329.29,1435.46,1160.25,1255.65,1016.20,936.90,643.16,1107.14,1381.29,917.36,995.04,863.45,739.44,537.81,365.05,409.61,203.33,323.81,314.29,72.71,210.69,80.42,15.04,36.86,0.00,75.84,0.00
