Data/Raw/MOORE,RICHARD/FIREXAQ-LARGE-SMPS_DC8_20190802_R0.ict
88,1001
Richard Moore, Elizabeth Wiggins, Edward Winstead, Claire Robinson, Lee Thornhill, and Kevin Sanchez
NASA Langley Research Center
In-situ Submicron Particle Size Distributions from a SMPS on the NASA DC-8
FIREXAQ
1,1
2019,08,02,2020,03,10
0
Time_start,Secs after midnight,Time of acquisition
50
1,1,1,1,1,1,1,1,1,1,1,1,1,1,1,1,1,1,1,1,1,1,1,1,1,1,1,1,1,1,1,1,1,1,1,1,1,1,1,1,1,1,1,1,1,1,1,1,1,1
-9999,-9999,-9999,-9999,-9999,-9999,-9999,-9999,-9999,-9999,-9999,-9999,-9999,-9999,-9999,-9999,-9999,-9999,-9999,-9999,-9999,-9999,-9999,-9999,-9999,-9999,-9999,-9999,-9999,-9999,-9999,-9999,-9999,-9999,-9999,-9999,-9999,-9999,-9999,-9999,-9999,-9999,-9999,-9999,-9999,-9999,-9999,-9999,-9999,-9999
Time_stop,Secs after midnight,Time of acquisition
Time_mid,Secs after midnight,Time of acquisition
nSMPS_stdPT,#/cm3,AerMP_NumConc_InSitu_RHd_Mobility_NucltoAccu_STP,integrated_number_density
sSMPS_stdPT,um2/cm3,AerMP_SurfAreaConc_InSitu_RHd_Mobility_NucltoAccu_STP,integrated_surface_area
vSMPS_stdPT,um3/cm3,AerMP_VolConc_InSitu_RHd_Mobility_NucltoAccu_STP,integrated_volume
SMPS_stdPT, unitless, None, conversion between ambient PT and standard PT (1013, 273)
SMPS_bin00_stdPT,#/cm3,AerMP_NumSizeDist_InSitu_RHd_Mobility_NucltoAccu_STP,Binned number size distribution (in dNdlogDp) measured by the SMPS
SMPS_bin01_stdPT,#/cm3,AerMP_NumSizeDist_InSitu_RHd_Mobility_NucltoAccu_STP,Binned number size distribution (in dNdlogDp) measured by the SMPS
SMPS_bin02_stdPT,#/cm3,AerMP_NumSizeDist_InSitu_RHd_Mobility_NucltoAccu_STP,Binned number size distribution (in dNdlogDp) measured by the SMPS
SMPS_bin03_stdPT,#/cm3,AerMP_NumSizeDist_InSitu_RHd_Mobility_NucltoAccu_STP,Binned number size distribution (in dNdlogDp) measured by the SMPS
SMPS_bin04_stdPT,#/cm3,AerMP_NumSizeDist_InSitu_RHd_Mobility_NucltoAccu_STP,Binned number size distribution (in dNdlogDp) measured by the SMPS
SMPS_bin05_stdPT,#/cm3,AerMP_NumSizeDist_InSitu_RHd_Mobility_NucltoAccu_STP,Binned number size distribution (in dNdlogDp) measured by the SMPS
SMPS_bin06_stdPT,#/cm3,AerMP_NumSizeDist_InSitu_RHd_Mobility_NucltoAccu_STP,Binned number size distribution (in dNdlogDp) measured by the SMPS
SMPS_bin07_stdPT,#/cm3,AerMP_NumSizeDist_InSitu_RHd_Mobility_NucltoAccu_STP,Binned number size distribution (in dNdlogDp) measured by the SMPS
SMPS_bin08_stdPT,#/cm3,AerMP_NumSizeDist_InSitu_RHd_Mobility_NucltoAccu_STP,Binned number size distribution (in dNdlogDp) measured by the SMPS
SMPS_bin09_stdPT,#/cm3,AerMP_NumSizeDist_InSitu_RHd_Mobility_NucltoAccu_STP,Binned number size distribution (in dNdlogDp) measured by the SMPS
SMPS_bin10_stdPT,#/cm3,AerMP_NumSizeDist_InSitu_RHd_Mobility_NucltoAccu_STP,Binned number size distribution (in dNdlogDp) measured by the SMPS
SMPS_bin11_stdPT,#/cm3,AerMP_NumSizeDist_InSitu_RHd_Mobility_NucltoAccu_STP,Binned number size distribution (in dNdlogDp) measured by the SMPS
SMPS_bin12_stdPT,#/cm3,AerMP_NumSizeDist_InSitu_RHd_Mobility_NucltoAccu_STP,Binned number size distribution (in dNdlogDp) measured by the SMPS
SMPS_bin13_stdPT,#/cm3,AerMP_NumSizeDist_InSitu_RHd_Mobility_NucltoAccu_STP,Binned number size distribution (in dNdlogDp) measured by the SMPS
SMPS_bin14_stdPT,#/cm3,AerMP_NumSizeDist_InSitu_RHd_Mobility_NucltoAccu_STP,Binned number size distribution (in dNdlogDp) measured by the SMPS
[...]
UNCERTAINTY:  20%
ULOD_FLAG: -7777
ULOD_VALUE: N/A
LLOD_FLAG: -8888
LLOD_VALUE: N/A
DM_CONTACT_INFO: Lee Thornhill (Kenneth.L.Thornhill@nasa.gov)
PROJECT_INFO: FIREX-AQ
STIPULATIONS_ON_USE: No stipulations on use. The user is encouraged to contact the PI or DM prior to use.
OTHER_COMMENTS: Midpoint diameters of Bins 00 to 43 are: 0.011,0.012,0.013,0.014,0.015,0.016,0.017,0.018,0.019,0.021,0.022,0.024,0.026,0.028,0.030,0.032,0.035,0.037,0.040,0.043,0.046,0.050,0.053,0.057,0.061,0.066,0.071,0.076,0.082,0.088,0.095,0.102,0.109,0.118,0.126,0.136,0.146,0.157,0.168,0.181,0.194,0.209,0.225,0.241
REVISION: R0
R0: Final Data. Data are corrected for time lags and ammonium sulfate size calibrations.
*******************************************************************************************************************************
Time_start,Time_stop,Time_mid,nSMPS_stdPT,sSMPS_stdPT,vSMPS_stdPT,SMPS_stdPT,SMPS_bin00_stdPT,SMPS_bin01_stdPT,SMPS_bin02_stdPT,SMPS_bin03_stdPT,SMPS_bin04_stdPT,SMPS_bin05_stdPT,SMPS_bin06_stdPT,SMPS_bin07_stdPT,SMPS_bin08_stdPT,SMPS_bin09_stdPT,SMPS_bin10_stdPT,SMPS_bin11_stdPT,SMPS_bin12_stdPT,SMPS_bin13_stdPT,SMPS_bin14_stdPT,SMPS_bin15_stdPT,SMPS_bin16_stdPT,SMPS_bin17_stdPT,SMPS_bin18_stdPT,SMPS_bin19_stdPT,SMPS_bin20_stdPT,SMPS_bin21_stdPT,SMPS_bin22_stdPT,SMPS_bin23_stdPT,SMPS_bin24_stdPT,SMPS_bin25_stdPT,SMPS_bin26_stdPT,SMPS_bin27_stdPT,SMPS_bin28_stdPT,SMPS_bin29_stdPT,SMPS_bin30_stdPT,SMPS_bin31_stdPT,SMPS_bin32_stdPT,SMPS_bin33_stdPT,SMPS_bin34_stdPT,SMPS_bin35_stdPT,SMPS_bin36_stdPT,SMPS_bin37_stdPT,SMPS_bin38_stdPT,SMPS_bin39_stdPT,SMPS_bin40_stdPT,SMPS_bin41_stdPT,SMPS_bin42_stdPT,SMPS_bin43_stdPT
[from data line 138]
84295,84340,84317.5,1323.22,81.22,2.59,1.87,0.00,0.00,0.00,0.00,0.00,948.15,817.51,891.69,0.00,170.47,158.05,423.23,202.62,904.94,583.24,332.69,276.39,491.46,447.76,552.30,643.64,739.75,870.63,631.61,1075.12,909.75,1137.67,581.00,1331.27,1406.26,2184.38,2066.11,2028.16,1732.25,1730.86,921.66,960.80,1865.63,1762.06,1498.86,1925.88,1841.01,1486.79,1634.88
84354,84399,84376.5,1077.49,47.40,1.45,1.87,0.00,0.00,0.00,1191.06,2235.65,472.96,707.89,1275.40,792.30,0.17,293.87,266.02,467.26,559.50,469.54,796.38,476.77,307.15,502.05,937.40,321.05,525.26,576.57,1111.90,382.75,732.00,703.83,975.00,799.45,1336.09,1112.74,1254.60,1136.52,1000.42,1315.08,1260.23,978.30,938.91,688.17,652.68,1258.18,845.23,827.60,881.25
84413,84458,84435.5,529.27,26.14,0.80,1.91,0.00,0.00,0.00,0.00,0.00,472.22,0.01,308.25,654.13,191.82,288.64,371.22,217.34,194.37,328.33,201.66,57.71,149.36,228.93,278.86,515.48,372.56,521.21,418.52,410.31,319.50,448.95,227.62,252.42,434.36,728.61,863.08,909.99,1197.50,688.90,329.38,348.17,619.59,434.71,312.74,525.69,504.81,508.44,360.76
84472,84517,84494.5,543.10,13.10,0.33,2.04,0.00,0.00,0.00,0.00,632.53,365.98,1174.21,1327.93,47.70,567.46,515.99,260.89,121.15,285.41,229.08,289.88,418.87,526.51,584.17,1012.13,490.18,625.21,408.87,197.03,442.66,418.24,258.15,250.61,625.46,108.40,610.68,526.80,431.74,599.04,510.46,618.30,444.90,273.90,259.81,301.35,132.00,142.98,31.52,136.49
84531,84576,84553.5,635.82,15.32,0.40,2.16,0.00,0.00,0.00,0.00,0.00,1566.77,1073.29,0.00,511.79,514.55,558.38,307.32,730.40,156.90,464.21,241.35,615.74,1416.48,413.46,807.17,618.69,801.10,585.12,801.26,795.14,330.68,763.34,398.35,400.75,666.77,601.49,155.45,671.16,206.15,386.41,353.92,523.36,142.84,412.52,261.10,219.94,329.74,100.42,261.73
84591,84636,84613.5,835.26,11.40,0.27,2.22,0.00,0.00,0.00,0.00,1185.43,663.84,987.45,3090.31,1366.89,1060.94,727.27,615.10,591.36,337.90,64.04,434.62,1413.10,1617.07,1115.89,1148.36,1075.56,1060.93,1095.33,674.60,619.29,582.96,532.41,650.38,493.14,494.51,280.49,401.18,362.69,263.06,131.54,140.20,344.12,91.99,227.08,253.44,118.38,64.71,92.04,56.98
84650,84695,84672.5,1043.34,9.94,0.19,2.29,0.00,0.00,0.00,0.00,1959.01,1334.20,2678.63,2874.11,908.29,1693.12,769.12,1225.13,869.56,736.28,1513.20,1195.63,1283.06,1738.86,1188.33,1633.71,1014.56,1099.13,1078.61,634.56,784.60,641.77,537.54,308.45,263.29,533.49,362.86,362.02,358.37,385.69,247.36,255.90,189.33,55.96,139.27,154.07,97.36,98.43,105.81,43.33
84709,84754,84731.5,852.51,6.93,0.13,2.40,0.00,0.00,0.00,0.00,942.35,2682.54,474.88,1426.37,52.50,1589.20,1042.18,1812.84,1566.92,1248.61,1804.24,1082.05,1492.89,1618.30,978.36,532.08,1000.97,823.90,561.23,772.16,778.21,312.24,343.39,147.51,272.40,194.42,134.33,231.56,186.85,160.77,123.15,142.41,76.44,205.51,140.15,154.04,31.56,34.36,70.18,0.00
84768,84813,84790.5,790.08,8.97,0.19,2.57,0.00,0.00,0.00,0.00,0.00,1321.50,0.00,1561.63,730.27,1930.33,1108.66,1007.29,1024.87,767.85,1145.91,1338.62,1487.53,1722.67,1000.98,854.74,1183.37,899.89,445.58,422.41,866.88,450.61,587.64,388.80,419.13,133.30,356.07,160.44,454.92,228.84,213.28,226.22,71.29,69.19,284.23,44.24,82.95,38.11,52.29,0.00
84827,84872,84849.5,1005.39,9.54,0.19,2.69,0.00,0.00,0.00,0.00,0.00,0.00,3745.29,1962.31,1092.91,1387.44,1096.54,1227.77,1884.74,1445.71,1451.59,2852.43,628.51,1682.94,1330.92,1147.85,808.53,1245.19,670.75,1225.20,452.37,422.76,553.75,452.38,484.94,386.81,339.79,384.78,397.63,300.30,343.31,85.52,69.28,39.04,104.31,0.00,100.09,180.02,0.00,0.00
84886,84931,84908.5,1278.08,15.12,0.30,2.78,0.00,0.00,0.00,0.00,0.00,1964.80,3069.86,1382.56,985.87,1356.82,1353.10,1225.60,1748.78,1257.72,1056.25,1722.49,1534.17,1482.06,1605.20,1886.61,1986.70,1146.41,1296.43,1600.86,2254.82,1182.71,1898.15,1117.75,814.99,426.01,454.62,455.24,115.33,484.05,190.13,420.99,146.16,320.04,176.55,220.25,191.50,42.43,85.42,144.29
84945,84990,84967.5,1130.55,14.65,0.32,2.85,0.00,0.00,0.00,0.00,0.00,2574.89,1618.55,2574.47,917.04,361.87,1121.69,763.32,885.38,1026.60,552.74,1794.79,793.42,1463.28,1929.61,1487.42,1611.86,1874.58,907.50,2095.12,1420.05,1600.78,1309.95,650.83,865.45,186.25,554.97,568.12,342.45,441.01,320.55,405.63,210.73,111.23,174.94,71.72,60.23,85.97,17.28,114.80
85004,85049,85026.5,1326.66,14.25,0.28,2.90,0.00,0.00,0.00,0.00,0.00,1186.32,2587.26,3620.50,916.62,978.85,895.52,1262.88,936.16,958.83,2207.20,1968.31,1289.81,1813.13,1741.78,2147.51,2464.04,2095.82,2058.76,2150.15,1618.39,980.66,1139.12,1159.26,523.52,574.19,445.35,474.74,290.93,330.57,313.26,82.53,146.37,367.75,277.19,12.58,86.26,26.55,36.32,43.81
85063,85108,85085.5,1628.14,12.10,0.22,2.92,0.00,0.00,0.00,0.00,0.00,2560.87,3245.08,2270.00,3199.85,1931.38,4219.10,2090.34,2004.05,3329.75,3400.02,2361.36,2745.44,1730.85,1845.78,1791.55,1875.00,1855.54,1102.71,1381.04,1509.07,1136.21,816.20,559.90,386.20,300.25,365.65,589.05,214.49,47.00,256.00,130.05,10.16,126.59,104.48,168.32,49.59,143.46,84.45,43.28
85122,85167,85144.5,1415.84,12.82,0.29,2.93,0.00,0.00,0.00,0.00,0.00,2363.82,2680.48,1939.20,2122.66,2033.39,3003.59,3279.13,1248.75,3402.10,2250.13,2626.68,1915.30,1868.75,2455.06,992.96,1180.82,2061.26,1633.92,1112.72,816.74,452.71,326.24,268.51,138.26,470.03,204.77,259.71,251.51,55.06,277.79,168.43,236.65,173.88,160.92,148.16,175.19,29.96,122.61,124.68
85181,85226,85203.5,1442.19,13.95,0.29,2.93,0.00,0.00,0.00,0.00,0.00,1184.75,3309.43,1589.60,3243.65,662.17,2475.99,2542.44,1384.89,2485.81,2736.65,2246.60,2120.71,2515.29,2972.22,2192.15,1746.31,1727.66,1086.83,1153.49,851.57,830.94,660.40,555.58,186.81,406.67,109.16,421.38,86.73,344.45,456.42,417.93,64.24,351.93,263.01,196.12,144.73,226.65,2.44,0.00
85240,85285,85262.5,1645.24,13.24,0.27,2.93,0.00,0.00,0.00,0.00,0.00,1958.96,3540.99,5242.10,3293.42,3700.40,2295.49,3542.50,2037.41,1638.36,2100.94,3095.73,2242.52,2990.11,1332.65,1743.89,1129.87,1138.19,1940.39,990.11,1046.92,478.31,822.03,663.83,479.04,125.62,56.85,390.74,206.72,410.78,301.42,495.98,394.82,123.99,100.59,210.29,10.08,7.53,136.21,0.00
85299,85344,85321.5,1264.08,13.76,0.30,2.92,0.00,0.00,0.00,0.00,0.00,0.00,3238.40,3659.42,1421.16,2191.38,1881.63,1053.50,1529.25,2826.82,1486.02,1846.06,1381.81,2131.26,2008.01,2047.64,1347.58,1278.19,982.98,1016.87,656.29,929.12,340.78,441.43,406.09,726.58,507.45,286.02,163.43,472.16,204.72,181.26,561.51,383.99,219.47,100.80,117.71,53.56,44.02,94.74
85358,85403,85380.5,1159.54,14.63,0.35,2.93,0.00,0.00,0.00,0.00,0.00,1189.52,1769.04,0.00,1791.90,1710.80,1130.78,2236.03,1854.44,1332.60,2473.11,2373.93,1609.17,1687.14,2085.74,1422.36,1423.17,1378.78,1242.76,819.62,715.43,1142.87,655.77,688.49,498.59,282.61,442.03,240.68,433.64,182.66,94.89,455.13,427.65,52.21,383.24,203.21,64.76,27.18,104.95,135.83
85417,85462,85439.5,1360.15,15.33,0.32,2.92,0.00,0.00,0.00,0.00,0.00,0.00,3964.11,2731.33,670.12,2863.93,1700.49,2210.22,1436.50,1993.25,2056.25,2099.34,1612.18,1927.88,2041.46,2033.58,1910.10,1259.23,991.15,1165.06,1243.73,651.75,1011.65,960.14,572.24,534.05,311.68,647.49,252.40,483.39,306.62,218.87,113.52,192.53,132.66,307.41,266.75,394.78,129.43,46.26
85476,85521,85498.5,1429.80,15.72,0.39,2.92,0.00,0.00,0.00,0.00,0.00,0.00,2904.91,3922.05,4316.80,4673.07,1264.91,2996.76,3210.94,953.39,1095.90,1845.00,2443.56,1551.97,1762.32,1822.56,1399.54,966.80,873.81,956.39,626.88,231.42,436.54,478.18,138.34,353.40,801.16,418.53,409.13,352.04,401.53,149.47,563.09,168.04,144.59,140.64,303.26,55.79,103.35,213.73
85535,85580,85557.5,1184.05,15.52,0.34,2.93,0.00,0.00,0.00,0.00,0.00,0.00,0.00,1481.90,1560.04,1549.19,1881.00,1488.11,2404.89,2025.95,2603.68,1853.98,1489.03,1366.11,1358.42,1255.18,1813.64,1768.30,1664.15,904.74,1055.26,1356.40,803.34,774.70,839.77,900.42,403.63,519.00,483.54,211.29,440.89,152.26,144.11,119.14,50.44,105.57,300.85,280.24,99.79,192.84
85594,85639,85616.5,1297.44,15.83,0.36,2.91,0.00,0.00,0.00,0.00,0.00,0.00,996.90,2995.83,3725.63,1668.14,1966.59,2903.94,822.78,2284.17,1772.24,2203.30,1664.17,1717.01,1622.33,1889.17,1251.96,1769.06,679.15,930.36,1241.35,719.08,666.14,576.88,670.75,711.97,259.22,153.33,628.34,338.15,429.26,416.76,332.06,117.75,376.95,195.82,162.88,109.74,198.54,207.56
85653,85698,85675.5,1372.63,16.10,0.38,2.91,0.00,0.00,0.00,0.00,0.00,0.00,2396.56,2180.64,2147.58,5079.58,2593.02,1160.11,2408.81,1320.91,2312.31,2221.56,1780.65,2058.98,1970.23,1577.76,1378.56,1453.27,1124.47,1191.50,598.69,675.04,749.21,616.03,245.83,379.61,738.59,455.63,165.72,338.83,412.62,90.51,153.19,311.31,358.74,260.86,235.72,288.90,153.68,92.32
85712,85757,85734.5,1350.97,11.37,0.22,2.92,0.00,0.00,0.00,0.00,0.00,3558.07,2738.61,1924.25,2332.68,2544.70,1622.24,2294.24,2088.97,2388.08,2440.76,1854.45,1661.61,1601.50,1971.37,1205.40,1816.60,1330.63,708.35,790.82,767.47,1050.19,760.42,463.50,261.09,619.14,261.85,196.57,219.30,156.55,156.32,317.52,132.38,228.75,130.54,193.44,32.11,78.63,209.21,44.79
85771,85816,85793.5,1652.95,11.41,0.22,2.92,0.00,0.00,0.00,0.00,0.00,2736.19,3053.80,4570.83,1766.55,2394.18,962.83,3247.74,4024.46,3525.44,2681.68,3364.55,2796.28,3237.76,2657.16,1948.54,1429.93,1213.44,798.66,682.99,917.51,1363.95,482.84,416.51,341.51,471.31,171.78,93.38,156.55,148.71,140.71,140.99,200.26,157.57,184.26,40.31,0.00,58.53,61.43,57.88
85830,85875,85852.5,1594.27,9.71,0.17,2.97,0.00,0.00,0.00,0.00,0.00,3333.41,5150.91,4054.74,1885.30,2892.56,2604.49,2952.22,3871.67,3516.83,2643.24,2167.53,2194.12,2008.94,2071.25,1623.11,1785.91,1079.03,807.40,435.36,394.29,321.41,441.25,200.41,195.42,125.13,364.28,129.68,59.99,210.13,66.38,303.77,446.81,198.05,131.16,121.77,41.24,0.00,97.49,0.00
85889,85934,85911.5,1868.10,9.42,0.15,3.03,0.00,0.00,0.00,0.00,0.00,6112.36,5632.60,5153.73,3961.36,2446.82,3644.71,3421.95,3691.58,1560.17,2566.49,3712.43,2482.35,2109.99,1888.57,1540.49,1868.76,1175.58,781.05,1062.25,982.96,735.68,683.12,552.95,205.22,270.90,199.96,211.67,160.17,154.92,269.14,46.02,120.08,116.99,70.64,0.00,23.94,0.00,0.00,57.83
85948,85993,85970.5,1351.48,6.95,0.10,3.08,0.00,0.00,0.00,0.00,0.00,1174.18,4332.76,1373.29,3150.65,4982.87,3485.94,2790.08,2629.21,1542.02,3628.91,2353.08,1843.50,1686.07,799.77,779.23,915.42,1147.92,629.21,806.58,469.62,276.05,347.32,333.09,85.01,302.47,176.49,216.42,26.40,111.58,280.32,76.14,203.81,77.30,56.65,24.30,0.00,46.48,42.73,0.00
86007,86052,86029.5,1231.81,6.79,0.10,3.18,0.00,0.00,0.00,0.00,0.00,2371.88,3715.02,3069.62,3217.80,2882.89,994.76,1442.02,3043.70,886.82,1709.99,1824.22,2334.83,1034.19,1113.98,1103.14,1109.83,1306.87,1588.92,723.36,898.99,498.92,689.55,73.37,390.82,258.74,202.00,88.06,128.69,123.06,169.59,53.12,182.98,60.69,0.00,62.37,14.83,0.00,0.00,0.00
86066,86111,86088.5,1322.56,6.49,0.08,3.33,0.00,0.00,0.00,0.00,0.00,0.00,5281.51,5041.42,4258.95,3281.87,2471.88,3612.31,1772.41,1673.68,1147.55,1596.94,1446.50,942.27,1059.42,1066.94,865.21,979.75,1054.50,673.14,546.19,666.38,363.81,574.07,250.90,407.12,184.20,300.64,160.73,180.34,176.83,0.00,0.00,133.91,44.74,60.15,45.71,0.00,0.00,0.00
86125,86170,86147.5,1395.80,7.09,0.10,3.38,0.00,0.00,0.00,0.00,0.00,0.00,196.52,5702.08,8451.81,5461.83,2217.98,1068.08,2114.49,1715.97,2108.83,2321.80,2460.51,887.10,974.30,1074.22,971.11,1152.60,541.42,898.04,576.55,1049.77,387.60,651.15,530.27,96.25,86.08,132.98,153.89,45.40,173.58,35.18,10.44,80.66,108.42,104.82,75.44,0.00,48.46,0.00
86184,86229,86206.5,1200.78,6.61,0.09,3.38,0.00,0.00,0.00,0.00,0.00,0.00,1182.12,1432.86,468.55,3703.61,5513.05,3163.61,4235.22,1822.05,1756.07,2417.07,702.50,1513.18,1444.70,1153.56,989.82,1288.12,818.13,678.65,784.07,791.93,470.87,441.18,260.94,322.01,161.06,168.74,110.91,136.33,155.77,79.04,52.77,91.60,0.00,46.39,46.84,0.00,0.00,0.00
86243,86288,86265.5,1423.83,6.52,0.09,3.38,0.00,0.00,0.00,0.00,0.00,0.00,5172.35,3838.23,4874.01,4787.84,2721.77,2910.05,2807.51,2119.31,2126.73,1586.45,803.25,1396.63,1799.09,1177.93,1049.88,916.18,1235.54,846.62,830.39,443.84,423.62,303.03,342.15,92.48,202.44,162.06,86.08,21.44,60.98,98.85,0.66,80.53,136.83,0.00,46.86,39.26,0.00,0.00
86302,86347,86324.5,1366.59,6.37,0.09,3.38,0.00,0.00,0.00,0.00,0.00,0.00,3162.42,3749.70,2542.88,6446.12,4296.53,1779.40,3128.11,2856.65,2118.46,1863.07,1851.78,940.63,1305.03,1548.79,820.98,684.83,427.79,999.25,613.95,615.94,253.73,285.95,266.34,286.29,103.54,181.72,103.44,44.52,0.56,119.25,6.27,0.00,59.76,138.86,46.63,31.96,0.00,49.61
86361,86406,86383.5,1399.24,6.65,0.09,3.38,0.00,0.00,0.00,0.00,0.00,0.00,1185.39,4360.15,2074.22,5641.77,5033.49,4065.94,3781.64,3119.22,2209.73,1372.88,1752.03,1491.46,1097.55,820.60,1245.11,778.87,743.09,603.48,541.44,721.00,528.05,308.37,41.03,57.34,46.46,188.55,218.93,149.92,244.52,124.83,56.04,0.00,88.00,0.00,0.00,0.00,0.00,49.72
86420,86465,86442.5,1383.91,7.90,0.13,3.39,0.00,0.00,0.00,0.00,0.00,0.00,2768.76,9432.84,3806.01,2877.12,2998.31,2713.87,1633.38,1610.63,2399.12,2094.71,1622.08,1651.02,594.65,819.52,652.28,506.47,771.53,765.34,570.04,566.84,389.21,622.32,459.92,370.20,455.38,57.60,84.53,137.10,16.55,129.29,125.54,50.27,198.67,161.49,27.60,62.83,48.32,0.00
86479,86524,86501.5,1621.68,10.91,0.20,3.38,0.00,0.00,0.00,0.00,0.00,0.00,7933.38,2924.41,4072.80,5611.75,4700.67,1892.68,2869.21,3036.53,1993.98,1691.64,1919.73,1607.17,1644.83,1157.86,977.97,1072.64,774.99,887.04,492.96,195.31,298.40,539.08,277.83,276.29,257.75,619.10,138.28,163.26,240.03,471.58,119.83,256.35,222.52,244.71,110.88,113.41,38.13,48.88
86538,86583,86560.5,1970.40,12.68,0.25,3.37,0.00,0.00,0.00,0.00,0.00,0.00,14672.31,5356.09,4370.61,5671.13,3408.69,3196.00,2416.82,2806.27,2992.76,1693.39,2535.14,1701.01,1967.19,710.96,1441.78,808.78,352.67,969.13,751.24,676.28,516.30,390.34,351.67,376.29,160.80,186.11,354.13,286.05,257.80,334.88,95.31,220.23,249.60,159.52,200.45,165.81,113.59,48.93
86597,86642,86619.5,1381.66,9.81,0.17,3.36,0.00,0.00,0.00,0.00,0.00,0.00,7136.00,3837.36,2850.71,762.56,3370.91,1837.44,2982.38,2037.13,2214.06,2439.80,1321.21,1565.52,1542.34,1056.40,652.27,730.75,1204.10,1017.71,652.84,557.32,378.49,623.92,338.41,783.75,378.42,261.69,515.27,223.39,32.06,145.72,70.80,50.62,92.85,115.93,240.12,45.68,48.28,49.33
86656,86701,86678.5,1165.32,17.80,0.52,3.35,0.00,0.00,0.00,0.00,0.00,0.00,3163.92,3494.04,1418.74,4335.18,1541.34,905.27,1639.44,1531.88,1137.88,1500.85,1492.47,1662.16,917.28,1048.38,1287.57,316.53,938.77,865.05,1315.33,801.80,689.70,911.68,303.90,285.94,214.38,231.79,155.91,283.54,293.11,314.64,293.92,263.79,86.88,417.61,11.45,135.02,63.50,343.41
86716,86761,86738.5,1137.12,16.75,0.49,3.35,0.00,0.00,0.00,0.00,0.00,0.00,3161.44,1952.23,1404.49,1654.62,2857.84,1954.76,1286.31,1132.78,2776.80,2129.22,1095.21,1965.11,1362.13,1590.74,1374.12,798.16,1281.81,603.85,881.56,344.40,363.40,62.63,398.15,422.73,26.17,76.00,144.20,575.07,470.98,362.29,132.91,6.55,90.93,33.03,90.42,127.94,487.24,446.69
86775,86820,86797.5,1065.07,19.75,0.57,3.34,0.00,0.00,0.00,0.00,0.00,0.00,1184.78,1640.94,1153.07,1311.60,1506.13,2744.35,2102.87,876.92,1364.72,1629.53,1463.39,1516.10,2128.55,933.04,816.04,716.65,990.84,696.16,917.59,1333.57,740.02,449.13,354.84,582.60,532.93,290.29,34.94,772.09,490.24,348.89,423.26,149.56,199.01,133.57,139.16,293.45,145.28,310.19
86834,86879,86856.5,815.01,16.49,0.44,3.35,0.00,0.00,0.00,0.00,0.00,0.00,2380.12,542.61,1153.64,1237.22,635.68,509.18,829.99,1610.72,1693.42,1683.56,568.79,989.56,891.35,582.67,1416.82,450.11,784.34,677.50,244.44,434.24,610.83,476.95,504.02,260.50,338.73,197.33,111.44,659.26,594.58,281.15,532.60,607.23,229.06,174.38,185.14,153.36,159.37,487.40
