Data/Raw/MOORE,RICHARD/FIREXAQ-LARGE-SMPS_DC8_20190730_R0.ict
88,1001
Richard Moore, Elizabeth Wiggins, Edward Winstead, Claire Robinson, Lee Thornhill, and Kevin Sanchez
NASA Langley Research Center
In-situ Submicron Particle Size Distributions from a SMPS on the NASA DC-8
FIREXAQ
1,1
2019,07,30,2020,03,10
0
Time_start,Secs after midnight,Time of acquisition
50
1,1,1,1,1,1,1,1,1,1,1,1,1,1,1,1,1,1,1,1,1,1,1,1,1,1,1,1,1,1,1,1,1,1,1,1,1,1,1,1,1,1,1,1,1,1,1,1,1,1
-9999,-9999,-9999,-9999,-9999,-9999,-9999,-9999,-9999,-9999,-9999,-9999,-9999,-9999,-9999,-9999,-9999,-9999,-9999,-9999,-9999,-9999,-9999,-9999,-9999,-9999,-9999,-9999,-9999,-9999,-9999,-9999,-9999,-9999,-9999,-9999,-9999,-9999,-9999,-9999,-9999,-9999,-9999,-9999,-9999,-9999,-9999,-9999,-9999,-9999
Time_stop,Secs after midnight,Time of acquisition
Time_mid,Secs after midnight,Time of acquisition
nSMPS_stdPT,#/cm3,AerMP_NumConc_InSitu_RHd_Mobility_NucltoAccu_STP,integrated_number_density
sSMPS_stdPT,um2/cm3,AerMP_SurfAreaConc_InSitu_RHd_Mobility_NucltoAccu_STP,integrated_surface_area
vSMPS_stdPT,um3/cm3,AerMP_VolConc_InSitu_RHd_Mobility_NucltoAccu_STP,integrated_volume
SMPS_stdPT, unitless, None, conversion between ambient PT and standard PT (1013, 273)
SMPS_bin00_stdPT,#/cm3,AerMP_NumSizeDist_InSitu_RHd_Mobility_NucltoAccu_STP,Binned number size distribution (in dNdlogDp) measured by the SMPS
SMPS_bin01_stdPT,#/cm3,AerMP_NumSizeDist_InSitu_RHd_Mobility_NucltoAccu_STP,Binned number size distribution (in dNdlogDp) measured by the SMPS
SMPS_bin02_stdPT,#/cm3,AerMP_NumSizeDist_InSitu_RHd_Mobility_NucltoAccu_STP,Binned number size distribution (in dNdlogDp) measured by the SMPS
SMPS_bin03_stdPT,#/cm3,AerMP_NumSizeDist_InSitu_RHd_Mobility_NucltoAccu_STP,Binned number size distribution (in dNdlogDp) measured by the SMPS
SMPS_bin04_stdPT,#/cm3,AerMP_NumSizeDist_InSitu_RHd_Mobility_NucltoAccu_STP,Binned number size distribution (in dNdlogDp) measured by the SMPS
SMPS_bin05_stdPT,#/cm3,AerMP_NumSizeDist_InSitu_RHd_Mobility_NucltoAccu_STP,Binned number size distribution (in dNdlogDp) measured by the SMPS
SMPS_bin06_stdPT,#/cm3,AerMP_NumSizeDist_InSitu_RHd_Mobility_NucltoAccu_STP,Binned number size distribution (in dNdlogDp) measured by the SMPS
SMPS_bin07_stdPT,#/cm3,AerMP_NumSizeDist_InSitu_RHd_Mobility_NucltoAccu_STP,Binned number size distribution (in dNdlogDp) measured by the SMPS
SMPS_bin08_stdPT,#/cm3,AerMP_NumSizeDist_InSitu_RHd_Mobility_NucltoAccu_STP,Binned number size distribution (in dNdlogDp) measured by the SMPS
SMPS_bin09_stdPT,#/cm3,AerMP_NumSizeDist_InSitu_RHd_Mobility_NucltoAccu_STP,Binned number size distribution (in dNdlogDp) measured by the SMPS
SMPS_bin10_stdPT,#/cm3,AerMP_NumSizeDist_InSitu_RHd_Mobility_NucltoAccu_STP,Binned number size distribution (in dNdlogDp) measured by the SMPS
SMPS_bin11_stdPT,#/cm3,AerMP_NumSizeDist_InSitu_RHd_Mobility_NucltoAccu_STP,Binned number size distribution (in dNdlogDp) measured by the SMPS
SMPS_bin12_stdPT,#/cm3,AerMP_NumSizeDist_InSitu_RHd_Mobility_NucltoAccu_STP,Binned number size distribution (in dNdlogDp) measured by the SMPS
SMPS_bin13_stdPT,#/cm3,AerMP_NumSizeDist_InSitu_RHd_Mobility_NucltoAccu_STP,Binned number size distribution (in dNdlogDp) measured by the SMPS
SMPS_bin14_stdPT,#/cm3,AerMP_NumSizeDist_InSitu_RHd_Mobility_NucltoAccu_STP,Binned number size distribution (in dNdlogDp) measured by the SMPS
[...]
UNCERTAINTY:  20%
ULOD_FLAG: -7777
ULOD_VALUE: N/A
LLOD_FLAG: -8888
LLOD_VALUE: N/A
DM_CONTACT_INFO: Lee Thornhill (Kenneth.L.Thornhill@nasa.gov)
PROJECT_INFO: FIREX-AQ
STIPULATIONS_ON_USE: No stipulations on use. The user is encouraged to contact the PI or DM prior to use.
OTHER_COMMENTS: Midpoint diameters of Bins 00 to 43 are: 0.011,0.012,0.013,0.014,0.015,0.016,0.017,0.018,0.019,0.021,0.022,0.024,0.026,0.028,0.030,0.032,0.035,0.037,0.040,0.043,0.046,0.050,0.053,0.057,0.061,0.066,0.071,0.076,0.082,0.088,0.095,0.102,0.109,0.118,0.126,0.136,0.146,0.157,0.168,0.181,0.194,0.209,0.225,0.241
REVISION: R0
R0: Final Data. Data are corrected for time lags and ammonium sulfate size calibrations.
*******************************************************************************************************************************
Time_start,Time_stop,Time_mid,nSMPS_stdPT,sSMPS_stdPT,vSMPS_stdPT,SMPS_stdPT,SMPS_bin00_stdPT,SMPS_bin01_stdPT,SMPS_bin02_stdPT,SMPS_bin03_stdPT,SMPS_bin04_stdPT,SMPS_bin05_stdPT,SMPS_bin06_stdPT,SMPS_bin07_stdPT,SMPS_bin08_stdPT,SMPS_bin09_stdPT,SMPS_bin10_stdPT,SMPS_bin11_stdPT,SMPS_bin12_stdPT,SMPS_bin13_stdPT,SMPS_bin14_stdPT,SMPS_bin15_stdPT,SMPS_bin16_stdPT,SMPS_bin17_stdPT,SMPS_bin18_stdPT,SMPS_bin19_stdPT,SMPS_bin20_stdPT,SMPS_bin21_stdPT,SMPS_bin22_stdPT,SMPS_bin23_stdPT,SMPS_bin24_stdPT,SMPS_bin25_stdPT,SMPS_bin26_stdPT,SMPS_bin27_stdPT,SMPS_bin28_stdPT,SMPS_bin29_stdPT,SMPS_bin30_stdPT,SMPS_bin31_stdPT,SMPS_bin32_stdPT,SMPS_bin33_stdPT,SMPS_bin34_stdPT,SMPS_bin35_stdPT,SMPS_bin36_stdPT,SMPS_bin37_stdPT,SMPS_bin38_stdPT,SMPS_bin39_stdPT,SMPS_bin40_stdPT,SMPS_bin41_stdPT,SMPS_bin42_stdPT,SMPS_bin43_stdPT
[from data line 327]
95009,95054,95031.5,3950.46,93.40,2.42,1.32,0.00,1807.60,2810.12,2832.24,1602.40,1945.95,3889.62,3057.68,3820.94,5067.11,3555.21,4901.91,4534.73,4636.73,5334.85,5820.51,3795.29,4867.77,4530.92,3798.08,3687.04,2902.32,2275.34,2048.53,1528.75,1620.24,1885.01,958.79,1932.28,2207.34,1925.47,2257.79,2654.97,2779.94,2370.36,2508.57,2948.93,2676.45,2887.70,2936.85,2324.08,2068.24,1355.64,1064.60
95068,95113,95090.5,5796.71,119.33,3.03,1.32,1447.19,4512.72,3345.81,4931.44,2923.63,3455.62,5084.44,5745.89,5975.64,6454.45,6954.14,5601.78,7530.05,7293.21,7495.60,8839.49,7976.49,8196.16,6494.16,4668.90,4757.81,3976.24,3670.86,3028.27,2129.21,1848.94,2059.66,2121.75,2349.52,2804.26,2504.86,3566.36,3048.38,3866.07,3610.67,3598.61,3234.90,3131.70,3742.58,3053.87,2694.67,2389.01,1837.43,1542.41
95127,95172,95149.5,5618.28,119.25,3.05,1.32,0.00,3395.65,2790.67,3457.93,4530.35,3375.51,4517.14,5443.56,5721.92,5679.57,5631.63,7756.75,6299.43,7977.06,7728.50,8621.91,7273.17,6606.59,5822.10,5872.46,5133.43,3986.09,2370.69,2591.66,2146.73,2088.16,2675.35,3092.71,3094.90,2822.17,3708.20,3454.72,3658.59,2668.50,3570.77,3102.66,3146.65,2774.85,2929.58,3195.48,2803.99,2544.52,1995.46,1727.20
95186,95231,95208.5,4348.98,123.13,3.44,1.32,2285.58,1087.41,1825.82,3659.47,1672.60,3706.19,1317.48,3016.64,3057.43,4268.62,3436.51,4505.87,5011.96,5090.32,5524.62,5887.29,6533.55,5702.06,5587.83,5049.19,3474.53,3167.10,2884.84,2103.24,2046.80,1404.18,1450.84,1626.19,1652.45,1878.47,1835.52,2428.68,2211.60,2153.37,2197.51,2720.81,3196.69,2786.47,3990.06,4026.79,3764.11,2969.55,2796.80,2174.43
95245,95290,95267.5,4921.25,204.72,6.10,1.32,411.55,1530.00,3728.89,1498.37,1856.22,2487.92,2915.63,2611.64,2318.58,3704.51,3543.32,4200.85,3910.02,4225.46,5359.31,5162.68,5738.01,5272.82,5090.21,5321.39,4416.76,3967.29,3299.00,2805.19,1831.41,1549.88,1402.45,1495.69,1074.61,1551.88,1648.21,2799.17,2747.61,1432.88,3660.42,3556.77,4644.06,5349.50,7379.59,7943.47,6566.83,6051.60,5186.54,4231.94
95304,95349,95326.5,4667.38,241.68,7.29,1.32,0.00,1171.98,440.55,413.78,2033.60,1338.44,2446.16,2425.14,3096.61,2010.43,3695.59,2803.16,2462.58,2728.49,3433.89,3867.91,3991.39,4236.59,4002.16,4211.35,4597.03,3158.24,2559.31,2191.88,1961.56,1629.56,1748.77,1489.23,1397.51,1603.32,1589.69,2197.98,2524.20,3735.09,4523.41,5528.33,6082.24,6382.61,8636.74,8484.05,7763.55,7344.43,6194.21,5223.27
95363,95408,95385.5,4953.25,143.81,4.15,1.32,0.00,3097.04,6861.89,3795.95,3885.33,4175.48,4942.54,4549.12,5482.25,3352.30,5844.16,5505.21,4944.72,5282.86,4731.99,4480.11,5460.36,5323.37,4947.08,4927.70,4608.98,3793.36,3092.03,2075.04,2138.83,1956.74,1166.14,1927.87,2025.00,785.52,1455.76,1961.34,1711.31,1080.20,1796.62,3618.07,3132.42,3310.51,5669.85,5138.12,4484.41,3648.96,3318.55,3018.72
95422,95467,95444.5,5214.72,119.93,3.40,1.32,808.31,7235.79,5150.86,4037.39,5867.97,4338.58,5753.23,5049.10,6917.66,6075.88,7205.18,6475.07,5336.87,6392.21,6470.61,5965.45,5195.02,4531.28,5394.51,4248.08,5161.20,4180.43,3626.60,2246.23,2273.32,1418.16,1146.62,1025.13,534.96,978.26,825.20,1108.21,1720.66,2067.84,2005.24,2555.32,2832.37,2919.13,4079.63,3559.24,3646.27,3158.48,3071.47,2282.07
95481,95526,95503.5,5513.44,72.82,1.75,1.32,0.00,4373.65,5845.15,7690.13,7781.02,4915.82,5538.73,6837.11,7186.56,7313.96,8102.06,7630.99,8507.34,8307.91,7356.88,7522.01,6927.98,5935.33,6338.15,6094.65,5025.47,4529.68,3590.77,2601.86,1296.24,1127.34,1232.83,896.43,1013.26,1589.90,1704.23,1850.65,1989.44,1857.47,1614.03,1813.10,1978.26,1626.33,1893.26,1930.62,1702.22,1448.10,1084.10,829.10
95540,95585,95562.5,4846.51,61.00,1.40,1.32,3936.09,2114.22,8743.78,4865.98,4396.92,5689.27,5872.68,4994.05,4467.04,4929.48,5101.06,5922.86,6365.47,7299.73,6098.63,5965.02,7081.35,6020.33,6541.63,4872.47,5148.23,4219.76,3608.50,2661.11,2059.41,1126.51,1017.43,1063.48,1377.66,1522.20,1957.98,2097.33,1841.73,1762.95,1298.72,1586.81,1471.12,1322.39,1507.78,1334.02,1325.27,1070.97,792.03,636.91
95599,95644,95621.5,4373.45,59.05,1.32,1.32,0.00,3447.73,2397.26,5626.25,3728.73,4245.85,3185.44,2503.23,4435.46,3833.35,4795.79,4523.86,6192.93,6592.56,6350.78,6208.42,7032.87,7542.04,6508.20,5545.35,5046.93,4223.57,4075.40,2859.20,2012.99,1538.77,1700.40,863.91,1602.24,1427.96,2487.04,2160.88,1399.61,2114.61,1546.98,1624.77,1224.12,1534.65,1436.71,1070.39,1131.79,996.73,570.58,604.19
95658,95703,95680.5,4593.01,68.94,1.68,1.32,0.00,2624.48,2140.67,3843.61,2745.12,3015.35,2481.35,2468.66,3927.84,4549.39,5047.43,6612.82,7114.31,7828.71,7367.11,9295.68,7746.83,6965.98,7723.10,6648.21,5693.69,4570.12,4434.11,2927.49,2318.78,1870.24,1490.22,1165.15,1064.43,1338.59,1524.51,1530.75,1514.82,1612.12,1172.63,994.31,1306.53,1348.11,1753.01,1782.50,1722.48,1628.40,1167.81,898.71
95717,95762,95739.5,4777.38,172.80,5.16,1.32,1447.71,3807.72,2886.52,5290.61,3027.71,3891.98,3104.20,3381.10,3755.13,5158.59,3473.63,4975.28,5448.59,4447.00,4445.35,4546.00,4406.89,4864.56,4405.57,3921.76,3487.79,3211.48,2496.78,2187.30,2094.95,876.30,668.63,1449.65,1579.12,1161.71,2389.48,2716.68,1206.81,1941.50,2254.28,3403.26,3176.51,4183.73,6712.51,5888.41,5548.93,5069.52,4707.81,3777.19
95776,95821,95798.5,5113.95,218.62,6.57,1.32,205.80,4622.53,3514.92,4245.05,4071.59,3312.28,3601.52,4705.31,2896.49,3491.23,2809.62,3846.68,3808.67,4740.18,3601.68,3527.91,4121.02,5246.19,3613.04,4579.51,4392.48,2937.60,3080.65,2791.18,1516.11,789.28,1484.13,1067.08,1996.08,1032.63,1825.55,2307.13,2513.15,1971.13,3389.21,4362.57,5784.13,5287.04,8623.19,8109.10,7104.55,6733.05,5488.13,4500.16
95835,95880,95857.5,4974.93,249.45,7.57,1.32,0.00,1811.74,2327.63,3262.82,1990.65,1668.21,2217.06,2377.24,1897.91,1896.28,2517.09,3533.27,3671.68,3822.05,3914.27,4458.49,4342.04,4971.68,4688.01,4397.13,4056.85,3219.51,3411.29,2271.12,1846.30,1200.00,1543.53,1577.08,2040.72,1310.13,2597.01,2086.93,2427.44,1971.06,3319.62,5769.81,6045.56,5731.66,9484.75,9886.13,8200.79,7176.44,7027.86,5230.77
95894,95939,95916.5,4282.27,205.14,6.13,1.32,0.00,0.00,1234.56,945.33,1633.27,1004.28,2228.37,1798.71,2601.75,2226.62,3022.94,2385.90,2594.02,3526.72,4113.14,3400.65,4026.02,4104.19,4486.09,4018.12,3840.16,4022.69,2931.99,2808.47,1867.21,1560.89,1391.18,1194.75,1079.59,1672.29,2415.50,2289.38,3250.55,2947.20,3405.24,4072.44,4405.34,5280.43,8002.25,6966.90,6708.29,6215.13,5140.52,4213.57
95953,95998,95975.5,4115.03,188.17,5.60,1.32,2484.92,0.00,558.54,2725.28,3504.43,561.43,2252.58,2054.50,1260.38,1955.96,2481.80,2154.99,2915.83,2690.08,3851.71,4014.32,4300.99,3775.84,4023.03,3640.08,3719.45,3621.19,3062.95,2183.50,1338.62,847.22,1260.77,1526.46,1540.46,1468.45,2860.42,2405.66,1852.38,2569.96,2965.40,3847.26,4268.48,4718.82,7301.44,6967.36,6137.94,5735.74,4640.42,3633.87
96012,96057,96034.5,3920.83,136.63,3.94,1.32,1241.18,1815.62,2589.77,3042.43,2156.77,1662.03,2071.88,2928.81,2364.76,3420.01,2742.24,3516.19,3382.92,4642.65,4267.31,3903.47,4838.62,4864.36,4000.09,3091.84,3918.33,3157.36,2432.23,1886.99,1472.50,997.05,1014.38,1390.54,1477.61,1274.37,2050.85,1429.59,1869.83,2196.06,2889.39,3019.63,3111.33,4357.59,4586.00,4917.89,4270.44,3615.52,3176.97,2411.12
96072,96117,96094.5,3396.58,104.60,2.93,1.32,0.00,2088.49,1121.20,887.09,1352.37,3285.09,3386.60,1445.38,2633.41,2782.90,3017.06,3326.23,3998.11,4311.84,4955.57,4592.45,3958.08,4405.69,3906.98,2613.71,3342.92,2807.58,1670.43,1039.70,1240.61,1051.70,1005.17,951.98,1300.81,1460.55,1237.27,1536.68,2247.01,2435.44,2402.10,2728.99,2748.07,3148.48,3450.13,3259.24,2961.55,2503.87,2376.17,1715.92
96131,96176,96153.5,4421.19,105.07,2.79,1.32,2494.32,802.01,5382.54,3422.34,3567.27,2611.42,3542.69,3739.92,3568.44,5237.34,4175.53,4614.27,6072.52,4571.59,4996.45,6398.22,5536.55,4410.27,4953.21,4085.27,4306.70,2741.43,1670.54,2321.51,1113.52,820.49,1293.24,1475.30,1958.41,2853.16,2901.46,2595.21,3245.99,2648.76,2287.89,2913.43,2981.68,2572.19,3162.60,2789.59,3009.85,2152.93,1729.42,1750.61
96190,96235,96212.5,4708.47,104.62,2.67,1.32,2494.78,2175.06,2703.36,2364.63,3959.02,2690.76,6369.22,4586.64,4488.87,5242.32,4871.90,4565.96,4436.11,6438.60,5775.09,5896.35,6170.54,6230.68,4424.17,4331.96,3924.00,3174.96,1656.32,1703.35,1470.74,2077.51,1753.76,2063.59,2404.28,2631.18,2481.26,2717.66,3118.62,3232.18,3027.74,3237.19,3309.52,2931.99,3358.12,3103.88,2685.23,1698.97,1333.22,1359.73
96249,96294,96271.5,3813.62,95.18,2.46,1.32,1243.40,2891.69,1121.59,922.42,2298.23,3820.33,3552.06,2760.84,2715.29,4483.88,4912.38,4074.47,4313.28,4386.44,4204.15,4817.50,3814.46,4541.45,3691.20,3040.22,2699.12,1597.25,1771.72,1541.51,1269.03,1718.17,2239.02,2157.05,2665.80,2621.63,2772.85,2845.13,2340.89,2707.26,2652.52,2702.56,3048.33,2800.01,2649.68,2578.21,2308.00,2170.72,1397.12,1177.08
96308,96353,96330.5,4004.77,104.31,2.71,1.32,0.00,818.64,3176.65,2510.23,0.00,3046.61,4690.89,2677.38,2664.89,4538.85,4434.01,3893.10,4692.56,4083.30,5417.78,6511.53,3993.68,4428.35,4240.72,2897.67,2372.78,2411.25,1594.16,918.52,1420.80,1666.69,1808.32,2488.81,4068.50,3546.17,2961.92,3062.47,3050.58,3051.28,2375.76,2931.86,3460.24,2752.76,2974.66,2710.39,2482.60,2257.42,1748.35,1319.55
96367,96412,96389.5,4088.03,99.83,2.72,1.32,1453.07,2549.21,2708.95,3769.42,3276.27,3580.39,6003.48,4319.31,4670.56,3455.48,4428.91,4423.59,4723.85,5708.48,5556.61,4772.30,4698.55,4138.87,3617.29,3475.91,2467.56,1935.18,1383.78,1217.32,847.78,776.73,1639.29,2079.66,1908.63,1873.01,2160.01,1881.23,2092.19,2131.12,2070.01,2971.48,2513.34,2648.83,3364.19,2941.88,2540.69,2196.05,2301.52,1544.83
96426,96471,96448.5,3306.09,80.98,2.27,1.32,2700.05,3488.00,907.16,2890.69,3505.84,3889.22,2816.58,3710.53,3194.23,4942.15,4799.32,3153.89,3831.25,3983.39,3883.16,3550.30,4950.89,3047.48,3472.23,2221.42,1559.35,1440.36,953.39,819.18,737.07,737.82,1173.05,1205.92,1271.05,1284.81,1453.38,1311.00,1348.48,1211.23,1328.29,1436.04,2074.49,2244.28,2751.12,2826.84,2495.79,2140.91,1634.84,1418.27
96485,96530,96507.5,4090.60,164.99,4.88,1.32,0.00,2456.16,1914.73,2513.22,3361.08,4451.38,3530.40,2619.64,3488.86,2997.18,3916.19,2760.06,3423.04,3622.92,3070.02,4149.48,3208.55,3062.77,3711.74,3489.44,3098.16,2697.46,2418.03,1602.22,1086.55,794.03,665.51,863.31,1767.51,1217.43,1611.65,2082.32,1669.42,2656.93,2412.36,4779.15,4150.71,4474.89,5930.98,5650.77,5772.18,4671.36,3911.48,3167.90
96544,96589,96566.5,4046.36,189.66,5.67,1.32,0.00,1814.99,0.00,415.06,1165.93,1101.33,2812.54,2033.47,3144.89,3182.15,3594.83,4133.07,4040.96,3507.00,4026.35,2986.61,3605.69,3597.70,3887.27,3236.21,3058.19,2462.29,1810.76,1150.45,1277.36,1014.85,1078.51,1302.38,1782.91,1577.40,1899.74,3000.52,2478.33,1491.97,3162.11,4784.93,4534.59,4958.00,7034.75,7224.44,6212.30,5482.34,4395.84,4022.54
96603,96648,96625.5,4286.25,201.89,6.08,1.32,2482.60,0.00,791.34,2121.42,2518.97,1197.10,2223.73,1636.05,2257.30,2586.10,3074.32,2728.38,3033.52,3070.85,3822.64,4817.25,3540.27,4124.43,3858.03,4200.08,3865.73,2963.90,2836.69,2043.27,1456.53,1536.14,811.04,1340.52,1272.93,2031.51,1953.72,2604.38,2118.16,2087.09,3371.35,4082.54,4938.25,4653.25,7550.32,7399.32,6465.89,6277.45,4716.44,4699.36
96662,96707,96684.5,4620.26,243.62,7.43,1.32,0.00,995.44,560.56,1296.95,2491.94,1796.98,2004.35,2183.26,1635.05,2103.44,2406.06,3026.83,3942.29,4477.91,4047.59,3903.11,3899.36,4373.41,3890.41,3147.29,3583.98,3263.08,2471.41,1953.29,2194.25,1617.19,1587.59,1278.34,1755.62,2198.79,1388.44,2083.83,2197.67,2281.26,2831.59,4506.74,5720.20,6218.45,9257.19,9193.55,8775.44,7821.87,6518.63,4967.68
96721,96766,96743.5,4768.41,245.39,7.41,1.32,0.00,1638.67,1798.07,1350.79,1128.18,2358.71,1572.42,2486.19,2060.32,2476.46,2811.56,2988.93,3024.20,3999.48,3618.62,4489.67,4122.53,4483.51,4122.38,4517.49,3721.85,2799.89,2223.70,2399.62,862.97,1471.50,982.47,1039.39,1387.93,1974.12,1586.50,3697.15,3095.75,3663.60,4316.42,5566.40,6485.78,4847.24,9794.09,9371.40,7543.16,7037.96,5997.20,5674.82
96780,96825,96802.5,4256.55,101.34,2.88,1.32,6630.36,1664.93,2754.08,6416.72,3694.92,5171.95,4112.34,3845.70,4961.77,5380.38,4403.90,4183.96,5464.79,4736.80,4708.50,4076.15,4359.22,4748.43,4407.66,3755.29,3504.65,2425.00,1912.84,1571.41,878.40,1024.11,951.05,1114.66,1089.08,883.32,1054.28,1481.76,1684.63,1620.11,1698.49,2408.32,2929.85,1945.40,3196.40,3244.79,3034.87,2728.89,1964.01,2385.58
96839,96884,96861.5,4402.30,53.72,1.24,1.32,7899.02,6127.72,3777.09,2620.30,4090.84,5128.43,5348.15,4580.21,5411.87,4493.09,5296.53,3489.48,6464.85,6857.07,7260.34,5423.34,5841.23,6442.04,5206.26,4036.69,3638.63,3002.79,2319.18,1515.20,1254.73,892.35,616.31,1017.24,1629.36,1516.34,1399.37,1516.78,1515.99,1448.28,1138.98,1709.45,1887.53,1232.94,1451.74,1229.41,1274.49,619.23,769.86,483.06
96898,96943,96920.5,4733.30,59.50,1.35,1.32,3743.18,3820.43,6186.92,5045.21,5460.40,2847.28,5496.88,5768.83,4570.50,5952.75,4343.08,4744.31,4825.27,7155.59,6517.64,8380.01,7016.01,7033.04,6718.12,5699.77,4481.29,3354.04,2736.45,1006.81,1069.45,1195.78,1252.45,1214.84,2235.73,2061.46,2012.91,1917.31,1932.59,1214.35,1600.37,1635.98,1395.70,1637.86,1444.07,1389.90,1089.80,931.09,720.79,609.44
96957,97002,96979.5,5306.24,55.20,1.23,1.32,3733.93,5642.58,8555.94,8732.49,6585.09,4259.53,7375.98,8401.97,6758.96,6092.65,7791.41,5288.94,5780.92,5511.61,7662.26,7768.52,7313.67,7182.00,6143.78,5438.16,4760.01,3246.29,2023.44,1536.28,1330.41,1111.19,1408.15,1692.88,1678.55,1519.48,2173.59,1413.39,1562.26,1384.03,1294.30,1531.36,1473.08,1205.87,1112.49,1043.62,1055.82,957.48,587.08,678.13
97016,97061,97038.5,3926.13,41.98,0.91,1.32,2911.14,5254.61,4303.48,6735.66,5904.21,4321.31,6670.78,5486.69,3619.95,6113.44,3756.91,5078.47,5384.76,4792.47,3942.87,4383.54,4974.65,4612.43,4228.30,3469.98,3021.44,1973.44,1441.69,714.75,894.93,1299.10,1131.87,1110.26,1786.15,2108.77,1630.89,1548.87,1218.27,1519.33,1166.73,1038.47,1094.10,1006.72,971.71,1020.18,835.81,462.71,458.41,235.83
97075,97120,97097.5,3306.86,32.70,0.71,1.32,0.00,3636.51,5307.75,6301.30,4322.08,4548.23,8316.59,7144.57,5556.21,5012.29,4696.22,4338.28,3779.32,2312.48,2940.07,3118.61,3413.73,3150.94,2917.98,2409.22,2176.11,1473.74,1273.22,830.34,840.78,698.61,959.75,939.10,1042.94,1044.06,1236.08,1188.30,889.67,1403.42,985.89,878.83,832.44,865.82,761.13,695.99,474.13,530.69,335.99,240.07
97134,97179,97156.5,3386.11,32.97,0.73,1.32,1248.48,3657.50,7709.81,7655.50,7746.75,4910.97,6913.76,5473.56,6185.64,4332.85,2535.85,4405.84,3253.92,3318.97,2550.19,4035.69,3069.06,3045.81,2537.60,2368.41,1417.30,1333.18,1039.87,728.80,459.31,825.98,891.01,882.79,1246.32,1007.70,1378.48,1284.16,1210.91,843.50,942.38,1091.20,791.18,776.44,684.81,824.10,608.25,546.55,336.25,248.98
97193,97238,97215.5,4324.72,64.53,1.45,1.32,5540.45,2483.60,3443.09,3246.21,1963.92,1741.40,3354.43,2870.06,4013.89,3116.57,5527.60,3135.62,5061.43,5177.56,5684.99,6524.73,5997.49,7349.04,6713.53,5577.43,5825.68,4441.23,3809.99,2893.78,2028.46,1804.23,1690.54,1611.20,1530.32,2493.43,2196.48,1751.95,2058.43,2254.56,1866.18,1946.41,1614.33,1557.02,1727.98,1405.98,1160.54,885.53,662.86,651.04
97252,97297,97274.5,3084.42,42.25,0.99,1.32,1246.99,1529.05,3373.97,4401.46,3293.84,3323.45,6612.65,3886.57,3029.61,3998.31,3787.81,2349.48,3405.07,3330.17,3136.66,3737.00,3604.41,4003.81,3523.18,3428.12,2753.43,2429.50,1920.23,1566.40,1186.00,1242.19,752.66,1167.01,1531.26,1379.17,1155.29,1330.09,1279.51,1160.37,1067.03,1296.61,1074.51,592.81,1142.36,1100.94,745.56,764.44,646.10,416.28
97311,97356,97333.5,3280.77,40.19,0.94,1.32,2058.02,4304.89,2990.84,4223.92,4605.75,3956.86,4177.79,6429.01,4734.12,4721.95,5451.01,4323.59,3868.88,3456.78,3898.43,3080.88,3092.24,2853.44,2357.72,2635.51,3045.04,2178.62,1880.60,1051.43,1243.61,889.57,726.33,1102.16,930.29,1306.21,1421.98,1195.30,1230.44,893.19,951.28,911.84,1259.75,1069.11,1138.23,852.46,975.25,680.23,415.37,414.61
