Data/Raw/MOORE,RICHARD/FIREXAQ-LARGE-SMPS_DC8_20190807_R0.ict
88,1001
Richard Moore, Elizabeth Wiggins, Edward Winstead, Claire Robinson, Lee Thornhill, and Kevin Sanchez
NASA Langley Research Center
In-situ Submicron Particle Size Distributions from a SMPS on the NASA DC-8
FIREXAQ
1,1
2019,08,07,2020,03,10
0
Time_start,Secs after midnight,Time of acquisition
50
1,1,1,1,1,1,1,1,1,1,1,1,1,1,1,1,1,1,1,1,1,1,1,1,1,1,1,1,1,1,1,1,1,1,1,1,1,1,1,1,1,1,1,1,1,1,1,1,1,1
-9999,-9999,-9999,-9999,-9999,-9999,-9999,-9999,-9999,-9999,-9999,-9999,-9999,-9999,-9999,-9999,-9999,-9999,-9999,-9999,-9999,-9999,-9999,-9999,-9999,-9999,-9999,-9999,-9999,-9999,-9999,-9999,-9999,-9999,-9999,-9999,-9999,-9999,-9999,-9999,-9999,-9999,-9999,-9999,-9999,-9999,-9999,-9999,-9999,-9999
Time_stop,Secs after midnight,Time of acquisition
Time_mid,Secs after midnight,Time of acquisition
nSMPS_stdPT,#/cm3,AerMP_NumConc_InSitu_RHd_Mobility_NucltoAccu_STP,integrated_number_density
sSMPS_stdPT,um2/cm3,AerMP_SurfAreaConc_InSitu_RHd_Mobility_NucltoAccu_STP,integrated_surface_area
vSMPS_stdPT,um3/cm3,AerMP_VolConc_InSitu_RHd_Mobility_NucltoAccu_STP,integrated_volume
SMPS_stdPT, unitless, None, conversion between ambient PT and standard PT (1013, 273)
SMPS_bin00_stdPT,#/cm3,AerMP_NumSizeDist_InSitu_RHd_Mobility_NucltoAccu_STP,Binned number size distribution (in dNdlogDp) measured by the SMPS
SMPS_bin01_stdPT,#/cm3,AerMP_NumSizeDist_InSitu_RHd_Mobility_NucltoAccu_STP,Binned number size distribution (in dNdlogDp) measured by the SMPS
SMPS_bin02_stdPT,#/cm3,AerMP_NumSizeDist_InSitu_RHd_Mobility_NucltoAccu_STP,Binned number size distribution (in dNdlogDp) measured by the SMPS
SMPS_bin03_stdPT,#/cm3,AerMP_NumSizeDist_InSitu_RHd_Mobility_NucltoAccu_STP,Binned number size distribution (in dNdlogDp) measured by the SMPS
SMPS_bin04_stdPT,#/cm3,AerMP_NumSizeDist_InSitu_RHd_Mobility_NucltoAccu_STP,Binned number size distribution (in dNdlogDp) measured by the SMPS
SMPS_bin05_stdPT,#/cm3,AerMP_NumSizeDist_InSitu_RHd_Mobility_NucltoAccu_STP,Binned number size distribution (in dNdlogDp) measured by the SMPS
SMPS_bin06_stdPT,#/cm3,AerMP_NumSizeDist_InSitu_RHd_Mobility_NucltoAccu_STP,Binned number size distribution (in dNdlogDp) measured by the SMPS
SMPS_bin07_stdPT,#/cm3,AerMP_NumSizeDist_InSitu_RHd_Mobility_NucltoAccu_STP,Binned number size distribution (in dNdlogDp) measured by the SMPS
SMPS_bin08_stdPT,#/cm3,AerMP_NumSizeDist_InSitu_RHd_Mobility_NucltoAccu_STP,Binned number size distribution (in dNdlogDp) measured by the SMPS
SMPS_bin09_stdPT,#/cm3,AerMP_NumSizeDist_InSitu_RHd_Mobility_NucltoAccu_STP,Binned number size distribution (in dNdlogDp) measured by the SMPS
SMPS_bin10_stdPT,#/cm3,AerMP_NumSizeDist_InSitu_RHd_Mobility_NucltoAccu_STP,Binned number size distribution (in dNdlogDp) measured by the SMPS
SMPS_bin11_stdPT,#/cm3,AerMP_NumSizeDist_InSitu_RHd_Mobility_NucltoAccu_STP,Binned number size distribution (in dNdlogDp) measured by the SMPS
SMPS_bin12_stdPT,#/cm3,AerMP_NumSizeDist_InSitu_RHd_Mobility_NucltoAccu_STP,Binned number size distribution (in dNdlogDp) measured by the SMPS
SMPS_bin13_stdPT,#/cm3,AerMP_NumSizeDist_InSitu_RHd_Mobility_NucltoAccu_STP,Binned number size distribution (in dNdlogDp) measured by the SMPS
SMPS_bin14_stdPT,#/cm3,AerMP_NumSizeDist_InSitu_RHd_Mobility_NucltoAccu_STP,Binned number size distribution (in dNdlogDp) measured by the SMPS
[...]
UNCERTAINTY:  20%
ULOD_FLAG: -7777
ULOD_VALUE: N/A
LLOD_FLAG: -8888
LLOD_VALUE: N/A
DM_CONTACT_INFO: Lee Thornhill (Kenneth.L.Thornhill@nasa.gov)
PROJECT_INFO: FIREX-AQ
STIPULATIONS_ON_USE: No stipulations on use. The user is encouraged to contact the PI or DM prior to use.
OTHER_COMMENTS: Midpoint diameters of Bins 00 to 43 are: 0.011,0.012,0.013,0.014,0.015,0.016,0.017,0.018,0.019,0.021,0.022,0.024,0.026,0.028,0.030,0.032,0.035,0.037,0.040,0.043,0.046,0.050,0.053,0.057,0.061,0.066,0.071,0.076,0.082,0.088,0.095,0.102,0.109,0.118,0.126,0.136,0.146,0.157,0.168,0.181,0.194,0.209,0.225,0.241
REVISION: R0
R0: Final Data. Data are corrected for time lags and ammonium sulfate size calibrations.
*******************************************************************************************************************************
Time_start,Time_stop,Time_mid,nSMPS_stdPT,sSMPS_stdPT,vSMPS_stdPT,SMPS_stdPT,SMPS_bin00_stdPT,SMPS_bin01_stdPT,SMPS_bin02_stdPT,SMPS_bin03_stdPT,SMPS_bin04_stdPT,SMPS_bin05_stdPT,SMPS_bin06_stdPT,SMPS_bin07_stdPT,SMPS_bin08_stdPT,SMPS_bin09_stdPT,SMPS_bin10_stdPT,SMPS_bin11_stdPT,SMPS_bin12_stdPT,SMPS_bin13_stdPT,SMPS_bin14_stdPT,SMPS_bin15_stdPT,SMPS_bin16_stdPT,SMPS_bin17_stdPT,SMPS_bin18_stdPT,SMPS_bin19_stdPT,SMPS_bin20_stdPT,SMPS_bin21_stdPT,SMPS_bin22_stdPT,SMPS_bin23_stdPT,SMPS_bin24_stdPT,SMPS_bin25_stdPT,SMPS_bin26_stdPT,SMPS_bin27_stdPT,SMPS_bin28_stdPT,SMPS_bin29_stdPT,SMPS_bin30_stdPT,SMPS_bin31_stdPT,SMPS_bin32_stdPT,SMPS_bin33_stdPT,SMPS_bin34_stdPT,SMPS_bin35_stdPT,SMPS_bin36_stdPT,SMPS_bin37_stdPT,SMPS_bin38_stdPT,SMPS_bin39_stdPT,SMPS_bin40_stdPT,SMPS_bin41_stdPT,SMPS_bin42_stdPT,SMPS_bin43_stdPT
[from data line 48]
78453,78498,78475.5,870.07,10.44,0.23,2.37,0.00,0.00,0.00,0.00,0.00,812.92,1251.30,3235.81,969.72,807.83,590.98,992.33,508.03,1601.10,673.27,775.85,874.00,1328.66,1362.95,1721.46,1145.31,403.93,842.37,1312.64,701.01,1024.99,657.18,799.19,485.66,435.32,341.54,211.04,292.66,290.35,273.18,246.75,35.81,124.04,141.80,154.50,0.00,73.26,74.76,89.25
78512,78557,78534.5,930.91,9.25,0.18,2.36,0.00,0.00,0.00,0.00,194.85,1795.03,3077.23,1273.57,1059.07,1542.74,1229.63,1338.37,849.17,846.05,711.04,1362.99,964.74,1329.15,1555.13,799.26,1021.37,1154.51,1039.98,942.42,583.59,1168.72,499.53,450.89,285.99,339.01,210.74,307.30,254.52,204.33,264.93,218.74,277.55,168.37,65.21,0.00,158.31,27.69,112.00,25.29
78571,78616,78593.5,792.12,11.98,0.28,2.36,0.00,0.00,0.00,0.00,0.00,1191.10,464.64,1997.86,971.41,1060.65,888.34,1089.93,388.63,708.90,814.13,818.25,1168.03,445.58,865.24,931.47,1170.10,1189.50,1237.14,832.33,1074.32,768.81,600.08,529.59,723.63,403.64,345.25,474.12,37.53,355.04,161.72,131.67,88.91,295.93,129.53,85.51,227.04,251.94,287.41,24.97
78630,78675,78652.5,1022.27,10.35,0.23,2.37,0.00,0.00,0.00,0.00,197.35,4203.63,3179.34,1334.17,1747.22,960.50,2373.74,1168.51,546.02,1195.27,1187.93,1478.77,1362.65,510.92,553.13,1048.69,1065.58,861.91,804.70,924.17,715.04,710.79,670.16,758.07,266.92,268.19,126.11,281.08,340.59,158.45,247.55,401.24,180.33,123.72,148.22,124.74,98.72,80.56,111.81,77.76
78689,78734,78711.5,1335.36,11.72,0.24,2.36,0.00,0.00,0.00,0.00,8930.53,3508.05,3369.72,2291.34,686.05,907.26,1550.24,1145.20,1391.10,990.67,969.32,691.49,570.91,972.42,1817.15,1212.73,1506.21,942.67,1109.02,790.95,749.90,822.92,1052.96,554.37,883.27,328.67,430.38,337.23,306.25,158.92,327.38,247.82,55.21,117.83,227.91,218.30,193.16,214.60,0.00,74.31
78748,78793,78770.5,1202.94,9.95,0.21,2.37,0.00,0.00,0.00,0.00,5591.76,2004.02,1197.36,3754.87,2454.98,2069.82,952.60,1005.42,1170.14,1251.49,1867.96,1292.72,602.00,1088.74,1265.00,946.25,1433.45,727.29,1350.25,874.90,792.35,564.42,529.12,612.96,375.41,289.62,354.38,299.84,251.36,166.11,236.80,221.28,153.57,110.50,173.73,86.49,0.00,71.71,70.88,76.94
78807,78852,78829.5,1284.76,11.77,0.27,2.36,0.00,0.00,0.00,0.00,5594.72,5957.38,1540.54,2626.51,1186.93,1658.20,854.23,1359.26,1312.62,1834.93,756.49,1041.18,879.33,1278.95,1402.83,1185.80,1506.99,945.81,1072.23,806.22,1153.22,575.64,474.43,325.15,650.90,347.50,344.78,329.29,177.23,247.77,132.93,50.03,257.12,288.03,122.69,173.30,139.53,130.10,136.31,0.00
78866,78911,78888.5,1163.51,10.18,0.20,2.37,0.00,0.00,0.00,0.00,2601.82,3919.16,2665.01,2829.14,1321.65,716.57,1231.99,1150.87,1539.29,1210.86,681.59,1149.21,1970.60,1382.91,696.87,1056.38,1389.45,1085.91,1293.23,1066.75,1055.03,508.11,644.26,668.24,357.61,461.99,271.05,339.80,370.41,257.98,173.94,222.50,157.37,296.95,127.32,38.81,64.35,82.91,38.74,0.00
78925,78970,78947.5,1167.56,9.82,0.18,2.37,0.00,0.00,0.00,0.00,4994.78,5447.90,0.00,2311.91,1849.00,878.17,805.91,1400.51,386.88,1556.85,1040.99,1248.87,1543.44,1400.03,928.84,955.06,1129.24,1060.44,901.45,948.01,707.13,738.62,551.85,371.88,644.64,817.60,613.57,211.95,501.50,299.06,154.27,152.57,246.03,77.80,103.37,108.32,73.37,35.75,48.86,0.00
78984,79029,79006.5,900.25,9.97,0.21,2.37,0.00,0.00,0.00,0.00,3595.74,1189.10,1141.38,2102.14,643.14,806.16,819.46,481.89,2028.04,817.70,1331.41,980.07,569.55,1156.32,1086.62,464.21,946.68,575.95,1064.25,1173.15,517.64,459.98,536.08,438.63,132.37,784.32,527.85,370.97,406.05,225.41,190.45,182.38,110.15,119.93,212.60,99.56,254.60,62.71,87.33,37.39
79043,79088,79065.5,1271.86,11.13,0.22,2.36,0.00,0.00,0.00,0.00,2597.76,5096.21,3391.76,2851.55,2479.21,1698.25,1134.82,2221.63,630.78,1848.67,882.17,656.11,933.96,1105.60,627.44,1319.48,1133.90,923.28,1085.67,878.41,688.81,772.10,689.41,654.36,620.06,313.90,673.20,399.06,468.56,495.32,294.75,124.99,376.25,87.58,127.67,49.41,138.74,11.12,24.32,55.87
79102,79147,79124.5,949.01,10.12,0.19,2.36,0.00,0.00,0.00,0.00,1979.93,2053.00,1602.88,1636.95,1238.61,598.34,383.44,1198.01,1035.81,1185.07,1310.64,1290.51,1407.64,780.63,907.37,1133.94,551.09,1028.34,521.35,768.33,1072.27,1001.11,756.59,599.22,781.05,796.13,321.67,346.83,532.06,218.59,203.76,221.25,172.33,129.96,144.52,76.24,161.73,144.70,0.00,37.47
79161,79206,79183.5,888.98,10.09,0.21,2.36,0.00,0.00,0.00,0.00,3593.26,1615.22,706.26,1334.39,712.71,905.25,880.90,651.32,1618.78,956.24,700.06,1048.92,1136.20,1185.69,953.42,758.80,1054.25,806.62,747.04,737.12,450.49,584.09,647.01,426.82,626.14,369.52,560.04,330.75,413.94,477.38,133.57,389.30,291.06,63.93,52.85,130.13,0.00,108.62,78.27,172.15
79220,79265,79242.5,780.95,10.16,0.22,2.36,0.00,0.00,0.00,0.00,2397.89,0.02,1241.98,1331.20,638.02,846.36,868.30,1456.99,529.70,1633.47,463.90,756.76,914.07,579.92,692.92,336.78,854.97,1028.81,939.06,818.82,741.13,360.26,712.87,694.76,550.13,665.10,640.40,266.01,316.77,313.05,390.40,137.14,149.45,64.67,0.00,23.47,142.82,201.17,63.36,72.11
79279,79324,79301.5,946.62,9.10,0.17,2.36,0.00,0.00,0.00,0.00,0.00,642.69,5656.82,1333.92,684.79,2334.91,643.90,931.48,539.64,856.30,1971.46,1534.62,1094.47,667.27,580.39,1086.35,756.59,838.20,841.88,1069.79,626.94,611.85,990.93,518.48,304.59,480.12,402.74,500.35,217.04,443.24,237.34,55.86,239.83,166.50,96.90,84.19,56.26,52.52,0.00,101.14
79339,79384,79361.5,854.25,10.11,0.20,2.36,0.00,0.00,0.00,0.00,2594.25,1618.83,0.00,1823.33,1009.45,1619.18,835.04,733.70,276.69,736.87,861.72,1081.22,1227.38,1144.82,832.31,1092.29,536.41,587.29,950.41,594.46,472.47,1024.74,997.32,616.99,196.83,616.91,740.57,242.91,457.86,239.78,408.72,232.19,306.33,61.55,133.20,83.03,70.99,36.32,111.25,50.46
79398,79443,79420.5,785.15,10.65,0.25,2.36,0.00,0.00,0.00,0.00,1195.35,807.50,674.21,2244.80,684.53,306.65,765.46,996.66,948.92,895.88,428.31,1162.34,1250.35,1695.54,736.40,701.62,754.22,918.72,405.56,798.14,581.37,689.66,952.39,427.03,681.70,358.56,286.11,534.54,423.78,100.92,512.56,199.59,230.18,34.36,222.99,75.34,52.59,36.79,79.06,72.56
79457,79502,79479.5,1234.25,13.72,0.30,2.36,0.00,0.00,0.00,0.00,2391.28,1776.48,3865.36,2657.18,1917.52,1214.47,2191.89,1874.63,1853.19,1052.05,1828.64,1131.76,855.88,506.30,804.72,1468.57,1286.97,760.09,1372.96,660.26,642.19,691.07,629.09,507.08,940.96,590.41,549.31,471.60,418.79,208.92,415.54,261.13,302.63,175.54,443.01,95.14,141.91,218.92,115.02,110.14
79516,79561,79538.5,1103.05,9.71,0.19,2.36,0.00,0.00,0.00,0.00,2388.72,1768.50,2218.72,3397.68,2251.77,1148.86,2630.55,1277.95,1181.04,915.96,1067.07,1166.60,958.51,1219.81,983.87,1162.54,955.66,990.94,1255.11,608.58,644.81,480.13,325.26,334.30,739.42,647.12,555.51,312.18,367.77,37.51,135.24,225.99,157.14,80.41,187.04,102.92,151.34,36.49,115.41,72.65
79575,79620,79597.5,1651.16,59.07,2.07,2.24,0.00,0.00,0.00,0.00,2942.03,4413.53,1609.03,1187.46,2401.88,1871.06,1542.03,1761.53,2281.92,2185.20,1637.74,1348.43,1458.19,1364.48,1299.45,1111.14,1320.62,1062.95,1080.55,926.71,715.33,642.88,572.05,614.35,834.77,850.91,818.52,935.69,570.49,880.72,750.85,564.23,0.00,618.27,352.56,810.08,633.16,1658.09,1556.56,1100.64
79634,79679,79656.5,835.58,42.72,1.35,2.08,0.00,0.00,0.00,0.00,649.01,958.14,296.32,630.50,462.74,176.56,309.25,135.96,330.80,496.51,318.76,243.70,571.48,202.38,841.68,814.12,693.14,490.72,767.43,425.57,596.46,837.09,1121.84,671.41,795.65,718.69,892.16,438.84,559.46,316.59,868.90,541.84,862.45,1051.39,1118.40,876.01,759.92,1148.62,955.66,928.85
79693,79738,79715.5,735.50,18.52,0.53,1.99,0.00,0.00,0.00,955.14,13.27,479.14,1129.77,860.68,212.76,1124.96,156.02,504.26,1026.79,1321.15,401.17,953.97,553.37,670.36,567.93,703.57,780.52,776.47,784.32,932.19,827.31,555.93,703.50,693.13,581.88,464.25,499.22,297.66,235.04,329.28,215.77,168.08,319.06,66.01,351.04,351.90,569.87,545.12,116.44,421.03
79752,79797,79774.5,3587.24,47.34,1.31,1.87,0.00,0.00,2195.33,10191.41,5724.88,8515.00,5136.39,5197.24,3990.90,4727.69,4346.28,5303.72,4269.35,3568.42,3437.25,3865.55,2358.92,3311.87,3522.08,3151.60,2956.45,2495.27,2320.26,2536.17,2114.42,2210.67,2020.27,1640.72,1406.72,1480.30,1340.16,939.77,615.32,758.32,475.52,735.46,487.71,392.22,109.79,356.04,813.20,852.99,806.62,619.73
79811,79856,79833.5,2099.28,150.62,5.47,1.71,0.00,4244.89,2449.01,2609.26,2307.72,3124.88,970.75,1728.81,598.70,1616.04,625.15,705.89,982.07,306.54,495.22,673.89,920.44,886.75,1048.43,851.77,528.17,807.46,817.00,756.28,660.59,714.16,722.96,909.49,1106.30,952.51,552.59,692.83,346.79,0.00,0.00,14.58,0.00,0.00,1380.15,4673.88,4266.20,3515.83,5883.98,6389.45
79870,79915,79892.5,2221.60,252.64,9.29,1.63,0.00,0.00,982.39,0.00,1305.62,342.31,504.03,1236.69,568.15,660.78,255.70,158.48,402.01,124.03,149.21,256.92,281.24,464.80,410.45,677.90,351.13,344.21,474.67,450.05,594.31,692.63,913.01,1091.97,1596.44,1590.61,1097.96,586.50,906.60,0.00,0.00,0.00,0.00,0.00,399.69,7752.75,8973.17,8490.51,9003.49,8306.92
79929,79974,79951.5,1817.60,200.99,7.40,1.59,0.00,1225.78,986.88,674.01,2105.69,1007.91,0.00,755.20,36.50,377.59,341.72,289.64,0.00,271.20,0.00,64.85,43.37,333.44,145.31,292.34,668.15,239.14,393.99,531.11,461.14,267.62,727.03,707.14,1087.86,1287.37,825.96,477.77,0.00,173.61,0.00,0.00,0.00,408.40,412.19,5241.03,7102.70,7555.52,7230.07,6899.73
79988,80033,80010.5,1446.32,165.62,6.13,1.59,0.00,0.00,646.30,767.06,422.58,351.74,249.04,753.46,257.35,217.95,104.19,88.73,162.91,73.93,247.37,643.46,160.53,77.23,198.70,382.49,441.59,503.16,228.30,355.93,368.53,552.35,703.97,994.26,1175.14,1105.48,145.83,99.89,277.80,0.00,0.00,0.00,12.90,0.00,0.00,4288.71,5642.79,5563.23,6316.27,6427.14
80047,80092,80069.5,1488.71,172.71,6.28,1.59,0.00,0.00,0.00,0.00,0.00,0.01,315.24,352.49,314.09,138.70,0.00,96.75,410.70,103.56,57.55,152.68,168.61,35.76,292.38,375.28,210.68,472.20,480.71,667.57,382.96,1165.97,1056.50,173.72,473.43,1153.77,364.85,0.00,514.06,1207.53,0.00,0.00,724.59,2159.69,290.64,4419.94,6212.72,6755.65,4924.96,4391.49
80106,80151,80128.5,1445.76,138.73,4.94,1.59,0.00,202.69,1807.38,0.00,407.71,303.74,708.17,567.70,851.45,254.53,406.22,304.07,79.45,59.40,96.83,356.27,261.75,451.37,531.99,508.16,654.44,493.38,345.38,671.62,795.78,348.31,1056.04,824.85,314.48,439.19,246.59,0.00,179.34,452.46,0.00,623.78,2620.57,2184.18,125.96,2900.17,5423.44,4877.11,4342.53,3905.25
80165,80210,80187.5,1242.40,135.12,4.90,1.59,0.00,0.00,811.40,0.00,0.00,351.61,0.01,188.17,305.71,125.72,214.45,91.51,255.44,195.64,230.23,152.29,500.82,248.25,183.97,503.75,282.79,306.10,248.20,538.33,440.84,820.05,709.67,836.65,863.00,799.86,592.33,170.80,7.92,0.00,0.00,0.00,592.44,866.97,807.05,4075.28,4971.70,4554.38,4108.20,4456.84
80224,80269,80246.5,1193.54,123.61,4.45,1.59,0.00,0.00,0.00,0.00,0.01,189.69,349.80,420.34,161.31,0.07,0.00,182.46,301.93,143.65,161.19,352.66,147.47,630.99,161.16,587.80,480.21,310.69,612.54,785.28,682.31,1018.91,685.26,1196.11,644.23,910.34,865.81,75.25,0.00,0.00,0.00,0.00,189.48,814.29,1530.89,3731.90,3999.18,4152.86,3792.62,3805.91
80283,80328,80305.5,1388.29,143.07,5.08,1.59,0.00,0.00,985.77,0.00,0.00,0.00,0.02,607.03,0.00,138.84,218.37,79.08,154.84,262.63,110.37,343.38,569.32,166.82,287.95,515.13,335.69,832.33,838.65,514.02,701.82,842.99,744.50,749.38,994.03,328.40,0.00,608.31,504.71,0.00,0.00,114.70,1530.25,1445.93,1241.26,5368.78,5595.70,4494.96,3553.39,4292.65
80342,80387,80364.5,1378.28,140.08,5.02,1.59,0.00,0.00,2960.79,0.00,408.10,0.02,48.44,377.69,0.00,0.00,0.00,0.00,149.39,184.47,227.08,287.90,367.26,302.09,569.14,502.39,723.17,514.24,630.36,483.55,824.55,559.76,445.95,832.96,783.27,610.25,54.02,446.78,275.36,12.33,0.00,0.00,954.57,890.40,944.69,4457.70,5466.86,4989.08,4746.58,4031.93
80401,80446,80423.5,1421.58,151.25,5.42,1.59,0.00,0.00,0.00,0.00,0.01,0.00,267.30,210.03,168.16,0.00,108.07,182.94,257.29,312.25,239.00,0.00,308.38,504.96,365.18,333.08,674.31,656.17,675.22,782.30,761.53,672.38,884.16,1185.42,1059.42,1357.07,199.41,106.73,882.97,0.00,0.00,0.00,733.27,1191.76,1342.36,4749.91,4973.22,5008.99,5127.92,4596.88
80460,80505,80482.5,1320.56,140.95,5.09,1.59,0.00,0.00,0.00,560.01,473.47,0.00,0.00,0.00,169.13,247.65,336.67,172.51,31.41,38.74,243.93,112.71,390.86,182.17,269.83,421.86,586.95,288.91,603.69,298.08,562.56,1152.18,1331.82,937.67,833.02,539.87,650.62,485.51,870.29,0.00,219.48,0.00,404.70,680.84,1366.12,3668.17,4086.67,4791.13,5345.72,4640.59
80519,80564,80541.5,1425.13,139.90,4.88,1.59,0.00,0.00,0.00,0.00,0.00,0.00,266.93,630.97,0.00,134.62,369.29,159.02,78.43,191.59,411.24,352.31,171.58,309.26,451.35,748.45,483.97,509.37,179.11,439.16,740.64,920.91,1391.92,915.18,784.04,845.29,509.27,48.70,643.76,221.25,713.85,1336.36,2712.93,1449.43,1482.56,3873.26,4610.83,4365.69,4393.29,4057.80
80578,80623,80600.5,1817.17,185.45,6.61,1.59,0.00,0.00,0.00,674.26,1899.25,0.00,0.03,0.00,0.22,0.00,114.10,172.29,325.22,0.00,367.50,179.78,366.31,519.54,818.22,504.48,733.98,472.35,787.46,719.61,585.12,1163.71,1412.58,382.77,800.50,802.25,496.88,921.85,1886.34,1999.09,313.90,0.00,1941.40,1009.56,1865.88,3930.86,5463.42,7077.39,6190.51,5828.81
80637,80682,80659.5,2499.82,251.37,8.79,1.59,0.00,203.36,824.38,0.00,421.46,1044.04,235.31,583.61,354.70,337.92,130.73,89.66,74.29,186.10,278.82,74.07,198.33,180.91,546.18,626.03,521.04,1076.93,713.72,472.68,985.54,1259.47,918.75,2006.84,2416.04,1864.51,1645.18,1142.81,1194.44,628.13,484.96,1091.86,2156.88,3894.39,3112.63,8632.22,7840.86,7529.84,8391.48,6829.74
80696,80741,80718.5,2191.82,230.95,8.23,1.59,0.00,0.00,1622.95,673.99,813.88,341.68,266.73,0.00,305.97,415.08,111.33,0.00,166.51,140.05,95.30,100.01,209.90,56.40,473.01,454.28,174.82,431.51,481.16,966.76,674.34,977.93,1655.16,2079.54,1911.53,1612.26,1454.99,967.45,303.80,0.00,0.00,106.08,1126.61,1827.91,2298.21,8126.95,8571.45,7544.81,6543.10,7411.85
80755,80800,80777.5,1830.62,204.97,7.35,1.59,0.00,797.80,0.00,0.00,0.00,0.00,248.53,333.21,37.05,137.17,221.24,98.01,0.00,249.21,140.48,142.01,173.31,387.43,256.89,426.93,392.17,362.98,217.71,499.30,986.62,702.14,1062.54,1785.38,1092.52,1464.18,1078.48,320.21,316.00,0.00,0.00,0.00,0.00,2349.93,3179.81,7126.31,6365.53,6454.49,6980.01,5849.40
80814,80859,80836.5,2140.57,223.74,7.76,1.59,0.00,1223.05,981.76,0.00,948.75,0.00,0.03,0.00,169.18,0.05,221.22,0.25,149.48,58.50,114.56,190.17,225.61,401.58,331.70,410.68,560.97,569.68,342.40,659.42,397.93,971.58,926.79,1261.63,1658.32,1487.27,1448.61,234.71,0.00,0.00,0.00,0.00,1067.67,3379.37,4475.03,9887.93,9074.71,6945.08,7585.82,5847.77
80873,80918,80895.5,1812.31,210.76,7.57,1.59,0.00,0.00,0.00,0.00,9.13,342.18,0.00,0.00,0.00,126.48,0.00,186.89,234.21,196.65,67.99,64.76,152.49,314.78,355.58,287.03,426.43,233.21,268.90,353.36,480.68,481.02,1629.07,1487.45,1525.63,1087.33,983.31,170.91,0.00,0.00,0.00,251.09,872.69,2521.41,2664.04,6077.55,8977.78,6385.25,5945.81,5508.32
80932,80977,80954.5,1856.19,219.68,7.86,1.59,0.00,0.00,0.00,0.00,473.09,304.79,48.49,375.51,0.00,138.76,0.00,0.00,162.08,205.95,0.00,241.02,241.35,73.96,160.27,273.21,296.03,369.86,609.30,343.23,297.90,645.20,550.07,830.75,728.42,2080.19,822.33,619.40,0.00,0.00,0.00,0.00,0.00,2094.21,2642.18,7059.94,8677.39,8119.49,8231.38,6199.61
80991,81036,81013.5,2463.11,310.59,11.26,1.59,0.00,0.00,0.00,0.00,0.01,958.54,235.62,0.00,0.01,0.00,0.00,98.01,163.16,47.78,191.87,88.38,145.04,12.80,255.50,170.01,89.69,205.15,468.34,383.56,97.33,1115.28,1130.80,1492.18,2050.47,1767.88,477.94,19.18,0.00,0.00,0.00,0.00,0.00,686.42,2299.80,10443.58,12024.42,12551.61,11652.00,9295.22
81050,81095,81072.5,1878.23,222.04,7.97,1.59,0.00,0.00,0.00,559.69,0.00,0.02,235.37,209.85,0.05,0.04,116.40,86.92,77.84,0.00,113.14,249.23,327.28,49.72,172.24,268.71,307.42,547.32,158.88,492.80,345.88,441.34,1051.23,1514.37,1060.97,1126.87,1719.49,70.74,0.00,0.00,0.00,0.00,614.69,1429.26,3145.88,7691.26,8161.61,6919.71,7772.52,7115.54
81109,81154,81131.5,2045.01,245.75,8.93,1.59,0.00,0.00,811.74,0.00,473.05,304.81,235.19,187.97,50.47,90.63,0.00,182.60,170.80,278.85,336.18,132.15,323.31,125.38,96.12,199.76,241.61,439.03,255.87,276.59,464.64,766.28,1053.91,1021.42,1583.92,1573.27,961.75,494.94,6.38,0.00,0.00,0.00,0.00,77.59,2659.84,7835.00,8377.47,9180.58,9291.41,8442.09
