Data/Raw/MOORE,RICHARD/FIREXAQ-LARGE-SMPS_DC8_20190829_R0.ict
88,1001
Richard Moore, Elizabeth Wiggins, Edward Winstead, Claire Robinson, Lee Thornhill, and Kevin Sanchez
NASA Langley Research Center
In-situ Submicron Particle Size Distributions from a SMPS on the NASA DC-8
FIREXAQ
1,1
2019,08,29,2020,03,10
0
Time_start,Secs after midnight,Time of acquisition
50
1,1,1,1,1,1,1,1,1,1,1,1,1,1,1,1,1,1,1,1,1,1,1,1,1,1,1,1,1,1,1,1,1,1,1,1,1,1,1,1,1,1,1,1,1,1,1,1,1,1
-9999,-9999,-9999,-9999,-9999,-9999,-9999,-9999,-9999,-9999,-9999,-9999,-9999,-9999,-9999,-9999,-9999,-9999,-9999,-9999,-9999,-9999,-9999,-9999,-9999,-9999,-9999,-9999,-9999,-9999,-9999,-9999,-9999,-9999,-9999,-9999,-9999,-9999,-9999,-9999,-9999,-9999,-9999,-9999,-9999,-9999,-9999,-9999,-9999,-9999
Time_stop,Secs after midnight,Time of acquisition
Time_mid,Secs after midnight,Time of acquisition
nSMPS_stdPT,#/cm3,AerMP_NumConc_InSitu_RHd_Mobility_NucltoAccu_STP,integrated_number_density
sSMPS_stdPT,um2/cm3,AerMP_SurfAreaConc_InSitu_RHd_Mobility_NucltoAccu_STP,integrated_surface_area
vSMPS_stdPT,um3/cm3,AerMP_VolConc_InSitu_RHd_Mobility_NucltoAccu_STP,integrated_volume
SMPS_stdPT, unitless, None, conversion between ambient PT and standard PT (1013, 273)
SMPS_bin00_stdPT,#/cm3,AerMP_NumSizeDist_InSitu_RHd_Mobility_NucltoAccu_STP,Binned number size distribution (in dNdlogDp) measured by the SMPS
SMPS_bin01_stdPT,#/cm3,AerMP_NumSizeDist_InSitu_RHd_Mobility_NucltoAccu_STP,Binned number size distribution (in dNdlogDp) measured by the SMPS
SMPS_bin02_stdPT,#/cm3,AerMP_NumSizeDist_InSitu_RHd_Mobility_NucltoAccu_STP,Binned number size distribution (in dNdlogDp) measured by the SMPS
SMPS_bin03_stdPT,#/cm3,AerMP_NumSizeDist_InSitu_RHd_Mobility_NucltoAccu_STP,Binned number size distribution (in dNdlogDp) measured by the SMPS
SMPS_bin04_stdPT,#/cm3,AerMP_NumSizeDist_InSitu_RHd_Mobility_NucltoAccu_STP,Binned number size distribution (in dNdlogDp) measured by the SMPS
SMPS_bin05_stdPT,#/cm3,AerMP_NumSizeDist_InSitu_RHd_Mobility_NucltoAccu_STP,Binned number size distribution (in dNdlogDp) measured by the SMPS
SMPS_bin06_stdPT,#/cm3,AerMP_NumSizeDist_InSitu_RHd_Mobility_NucltoAccu_STP,Binned number size distribution (in dNdlogDp) measured by the SMPS
SMPS_bin07_stdPT,#/cm3,AerMP_NumSizeDist_InSitu_RHd_Mobility_NucltoAccu_STP,Binned number size distribution (in dNdlogDp) measured by the SMPS
SMPS_bin08_stdPT,#/cm3,AerMP_NumSizeDist_InSitu_RHd_Mobility_NucltoAccu_STP,Binned number size distribution (in dNdlogDp) measured by the SMPS
SMPS_bin09_stdPT,#/cm3,AerMP_NumSizeDist_InSitu_RHd_Mobility_NucltoAccu_STP,Binned number size distribution (in dNdlogDp) measured by the SMPS
SMPS_bin10_stdPT,#/cm3,AerMP_NumSizeDist_InSitu_RHd_Mobility_NucltoAccu_STP,Binned number size distribution (in dNdlogDp) measured by the SMPS
SMPS_bin11_stdPT,#/cm3,AerMP_NumSizeDist_InSitu_RHd_Mobility_NucltoAccu_STP,Binned number size distribution (in dNdlogDp) measured by the SMPS
SMPS_bin12_stdPT,#/cm3,AerMP_NumSizeDist_InSitu_RHd_Mobility_NucltoAccu_STP,Binned number size distribution (in dNdlogDp) measured by the SMPS
SMPS_bin13_stdPT,#/cm3,AerMP_NumSizeDist_InSitu_RHd_Mobility_NucltoAccu_STP,Binned number size distribution (in dNdlogDp) measured by the SMPS
SMPS_bin14_stdPT,#/cm3,AerMP_NumSizeDist_InSitu_RHd_Mobility_NucltoAccu_STP,Binned number size distribution (in dNdlogDp) measured by the SMPS
[...]
UNCERTAINTY:  20%
ULOD_FLAG: -7777
ULOD_VALUE: N/A
LLOD_FLAG: -8888
LLOD_VALUE: N/A
DM_CONTACT_INFO: Lee Thornhill (Kenneth.L.Thornhill@nasa.gov)
PROJECT_INFO: FIREX-AQ
STIPULATIONS_ON_USE: No stipulations on use. The user is encouraged to contact the PI or DM prior to use.
OTHER_COMMENTS: Midpoint diameters of Bins 00 to 43 are: 0.011,0.012,0.013,0.014,0.015,0.016,0.017,0.018,0.019,0.021,0.022,0.024,0.026,0.028,0.030,0.032,0.035,0.037,0.040,0.043,0.046,0.050,0.053,0.057,0.061,0.066,0.071,0.076,0.082,0.088,0.095,0.102,0.109,0.118,0.126,0.136,0.146,0.157,0.168,0.181,0.194,0.209,0.225,0.241
REVISION: R0
R0: Final Data. Data are corrected for time lags and ammonium sulfate size calibrations.
*******************************************************************************************************************************
Time_start,Time_stop,Time_mid,nSMPS_stdPT,sSMPS_stdPT,vSMPS_stdPT,SMPS_stdPT,SMPS_bin00_stdPT,SMPS_bin01_stdPT,SMPS_bin02_stdPT,SMPS_bin03_stdPT,SMPS_bin04_stdPT,SMPS_bin05_stdPT,SMPS_bin06_stdPT,SMPS_bin07_stdPT,SMPS_bin08_stdPT,SMPS_bin09_stdPT,SMPS_bin10_stdPT,SMPS_bin11_stdPT,SMPS_bin12_stdPT,SMPS_bin13_stdPT,SMPS_bin14_stdPT,SMPS_bin15_stdPT,SMPS_bin16_stdPT,SMPS_bin17_stdPT,SMPS_bin18_stdPT,SMPS_bin19_stdPT,SMPS_bin20_stdPT,SMPS_bin21_stdPT,SMPS_bin22_stdPT,SMPS_bin23_stdPT,SMPS_bin24_stdPT,SMPS_bin25_stdPT,SMPS_bin26_stdPT,SMPS_bin27_stdPT,SMPS_bin28_stdPT,SMPS_bin29_stdPT,SMPS_bin30_stdPT,SMPS_bin31_stdPT,SMPS_bin32_stdPT,SMPS_bin33_stdPT,SMPS_bin34_stdPT,SMPS_bin35_stdPT,SMPS_bin36_stdPT,SMPS_bin37_stdPT,SMPS_bin38_stdPT,SMPS_bin39_stdPT,SMPS_bin40_stdPT,SMPS_bin41_stdPT,SMPS_bin42_stdPT,SMPS_bin43_stdPT
[from data line 261]
76364,76409,76386.5,2505.56,50.92,1.17,1.67,0.00,739.04,0.00,681.02,856.43,1045.07,1071.87,301.24,447.91,534.40,1100.39,1744.39,2048.65,2066.51,2839.99,3109.33,3064.34,4469.23,5262.27,3776.61,3689.34,3275.79,3011.09,2654.53,2663.14,2809.78,2885.67,2962.75,2492.86,2445.14,2531.88,1598.23,1719.07,1503.80,1188.36,1108.45,933.36,727.29,935.23,893.50,975.41,450.37,640.56,625.59
76423,76468,76445.5,2229.87,28.24,0.63,1.69,0.00,2805.89,2461.91,2401.05,1804.01,1746.74,2295.46,1288.84,2858.50,2529.06,2277.20,2334.13,3137.32,2818.58,2683.09,2914.41,3693.03,2665.23,1764.41,2724.71,2427.05,1969.77,2088.34,1685.14,1487.13,1656.22,1562.58,1173.34,1298.75,979.37,915.55,665.48,694.00,420.77,637.30,565.66,742.24,430.87,377.86,783.37,528.17,345.78,322.28,166.44
76482,76527,76504.5,2752.31,24.07,0.48,1.69,0.00,5609.40,5289.11,5216.32,5327.56,3101.00,3291.03,2730.14,3028.14,2640.87,2248.97,2778.09,3075.13,2873.83,2828.21,3537.18,3251.44,2937.03,2357.72,2735.04,2450.70,2245.49,1820.65,1949.39,1732.39,1623.55,1473.54,1337.98,1068.97,988.33,627.16,818.87,909.24,890.94,345.46,442.28,466.10,303.76,328.76,191.21,467.41,237.36,191.86,179.90
76541,76586,76563.5,1452.55,13.46,0.26,1.69,0.00,7471.64,832.06,1481.25,1110.61,957.31,1789.48,1346.28,1543.47,1258.92,1348.95,1311.58,1238.48,2061.05,1766.75,1651.08,1327.05,1851.06,1858.23,1647.71,1143.45,660.35,992.28,947.60,868.38,1244.49,963.91,931.47,624.44,753.75,351.44,299.70,260.81,390.30,461.93,239.56,212.69,225.22,309.22,290.31,155.47,82.26,71.83,122.72
76600,76645,76622.5,806.99,9.86,0.20,1.69,0.00,0.00,0.00,0.00,409.70,352.94,772.86,754.01,868.00,1114.49,868.70,1024.98,1177.80,1174.58,1150.35,1564.05,1736.62,1312.67,1062.53,1062.98,878.30,934.13,823.54,751.24,528.21,861.02,637.05,323.60,521.31,502.04,324.83,252.37,226.64,361.24,244.11,256.13,171.75,172.92,56.07,105.98,156.10,47.12,121.81,83.43
76659,76704,76681.5,876.38,9.69,0.19,1.69,0.00,0.00,0.00,871.83,691.21,707.50,1006.01,774.40,535.23,991.17,1214.28,997.40,1180.74,1284.55,1640.16,1670.69,1376.06,1099.74,1292.66,1200.20,843.45,835.34,917.77,896.35,802.23,461.66,421.57,410.69,511.99,450.37,559.05,198.03,395.46,364.04,129.87,288.02,173.29,231.63,179.79,167.35,132.38,0.00,24.07,65.78
76718,76763,76740.5,962.90,8.53,0.16,1.69,0.00,3545.86,996.50,1246.27,478.80,305.95,532.53,1113.01,1047.26,716.52,811.72,1370.17,1069.44,1191.34,1327.95,1290.09,1212.87,1059.75,1118.76,1107.62,977.81,970.19,962.91,901.91,729.83,715.08,626.48,420.88,428.17,436.19,216.61,243.35,301.74,280.75,126.33,113.20,144.10,163.22,91.30,67.73,154.35,61.85,35.99,49.28
76777,76822,76799.5,832.16,8.52,0.16,1.69,0.00,0.00,0.00,0.00,0.00,306.73,537.01,558.84,1326.18,1039.10,992.31,1599.15,1871.31,1554.13,1672.84,1226.29,1459.72,1304.49,1442.56,1108.60,1028.00,730.35,1038.96,507.88,590.88,437.76,355.62,429.97,870.60,472.59,343.35,154.73,165.54,413.66,189.22,108.96,220.37,114.97,26.37,103.71,116.87,106.49,36.03,16.63
76836,76881,76858.5,871.05,7.99,0.14,1.69,0.00,205.04,831.49,1361.28,0.00,343.50,1045.85,856.76,373.85,895.98,877.13,922.47,1834.41,1251.69,2078.00,1898.73,853.71,1355.48,1359.83,1192.00,1095.26,824.39,747.70,679.06,603.25,655.55,397.00,426.44,557.28,393.45,169.43,222.23,366.47,44.69,180.83,196.80,217.28,93.43,81.53,144.39,85.72,84.17,12.08,32.75
76895,76940,76917.5,747.66,8.23,0.15,1.69,0.00,0.00,0.00,0.00,410.90,307.54,740.67,187.05,508.57,745.80,791.30,1470.36,678.97,939.48,1162.34,1317.68,1789.59,937.44,1489.20,1438.32,891.85,911.97,576.44,933.68,498.96,728.00,678.90,583.12,247.36,346.22,503.68,622.16,254.62,151.59,262.41,251.36,185.95,88.68,31.45,64.38,16.89,47.25,24.23,79.91
76955,77000,76977.5,856.67,10.33,0.20,1.68,0.00,0.00,821.14,635.45,487.51,345.28,268.65,774.46,711.26,616.35,770.32,723.05,1074.27,829.05,1389.28,1872.50,1524.92,1160.59,1574.63,1401.95,1211.13,1074.39,1092.32,493.73,723.54,566.67,791.59,628.37,282.59,383.40,333.67,404.57,498.89,386.54,290.33,156.48,355.96,91.23,178.07,141.99,132.35,48.83,23.99,112.95
77014,77059,77036.5,1207.34,17.05,0.41,1.68,0.00,5288.75,2295.16,1951.83,1369.31,1150.92,908.48,500.39,193.86,619.19,953.55,993.34,800.86,829.83,931.66,1574.66,1705.96,1407.75,1161.38,1157.13,1089.55,973.62,972.67,662.20,542.24,722.04,504.70,579.05,665.70,607.61,605.92,592.01,398.35,754.39,528.73,268.81,409.35,368.27,169.67,291.00,271.80,322.75,154.82,229.22
77073,77118,77095.5,920.35,17.29,0.43,1.68,0.00,0.00,1819.89,680.69,479.45,659.99,0.00,355.07,691.21,919.97,870.08,1101.29,701.11,798.00,1432.25,1109.90,1439.59,1444.99,1582.62,857.49,588.61,908.15,780.98,1166.20,473.30,493.13,315.38,375.29,596.62,1161.45,936.80,531.05,712.66,535.19,258.04,322.98,251.95,299.74,310.46,199.49,333.47,264.71,290.18,197.72
77132,77177,77154.5,986.03,17.77,0.44,1.68,0.00,739.84,0.00,636.09,1672.48,1000.74,237.63,605.02,941.18,1330.73,555.72,539.54,1395.98,1280.99,862.33,1301.83,1672.50,1476.76,1000.07,1215.05,907.57,1024.11,873.20,754.78,532.07,547.64,678.54,616.51,586.23,1039.46,648.04,844.29,454.85,380.11,384.20,324.86,383.76,236.99,252.23,357.60,249.46,308.82,261.25,265.23
77191,77236,77213.5,1068.62,20.31,0.54,1.68,0.00,1238.60,1820.44,2121.66,760.45,1063.27,506.94,949.28,206.11,247.70,480.04,386.16,525.09,897.54,1599.08,996.56,1492.83,1700.68,1374.69,1633.88,1065.10,1012.74,947.72,1197.77,722.03,1017.69,623.70,622.35,570.62,595.49,632.55,524.84,361.59,503.39,379.46,303.97,443.35,357.15,220.63,439.14,403.81,238.76,382.84,241.99
77250,77295,77272.5,1042.83,13.24,0.30,1.68,0.00,4042.08,0.00,567.14,1730.45,344.51,267.82,1005.60,734.78,937.64,502.20,1153.51,1678.62,1322.41,1065.64,865.83,1346.92,1366.16,1289.16,1513.59,1125.62,1181.60,1112.46,870.17,694.83,463.26,699.14,570.54,569.86,516.83,585.22,446.94,243.07,533.79,187.76,234.29,357.49,152.07,58.20,161.20,301.31,167.30,94.04,132.72
77309,77354,77331.5,926.43,10.45,0.22,1.68,0.00,2477.28,997.16,1134.25,906.58,1314.25,0.00,772.37,338.29,237.58,1111.08,649.31,1436.19,1271.97,1224.60,1197.79,1221.07,1330.08,1280.14,846.32,1244.54,944.61,727.65,967.60,669.21,409.23,487.41,559.62,466.25,285.69,346.54,326.57,450.97,372.41,294.76,168.23,183.91,199.98,94.98,248.05,108.81,142.80,47.75,46.80
77368,77413,77390.5,1753.91,34.85,0.94,1.61,0.00,2056.11,1237.84,791.69,0.00,612.54,887.91,701.05,839.92,1383.20,2284.01,1903.13,2313.15,1517.59,2153.77,2526.31,2572.45,2364.81,2328.67,3001.14,2598.21,2060.74,1960.82,1931.97,1488.42,1223.64,1566.24,1259.85,1077.52,1205.24,860.08,530.96,440.42,578.85,310.73,110.81,246.82,494.78,267.95,951.76,987.41,793.90,489.50,609.97
77427,77472,77449.5,1528.57,44.14,1.17,1.55,0.00,1251.26,1242.40,223.50,0.00,269.17,711.19,165.36,589.93,669.92,337.07,292.51,771.21,837.33,1160.68,893.20,1647.02,1442.62,1912.65,2228.86,2538.15,2232.68,2418.29,1929.59,1776.92,2050.22,1494.16,1165.29,1213.45,1659.58,953.25,1342.22,1850.31,929.58,773.46,1157.55,950.33,262.23,629.20,1181.83,1046.15,890.03,688.97,556.63
77486,77531,77508.5,1493.93,57.52,1.69,1.53,0.00,0.00,0.00,0.01,354.76,0.06,211.79,0.00,145.40,106.07,19.59,548.90,586.98,1256.21,1387.49,1549.25,1630.95,2443.62,1574.70,2070.25,2383.90,2560.74,2045.40,1983.33,1532.14,1605.49,1684.73,1286.05,1110.52,1660.47,1201.04,989.75,1183.31,841.27,570.42,569.14,998.87,985.13,857.13,1857.75,1516.95,1315.98,1157.65,1049.99
77545,77590,77567.5,1834.73,64.16,1.76,1.45,0.00,0.00,0.00,0.01,0.05,0.00,392.37,332.92,128.86,219.52,897.76,931.90,708.37,1716.15,1841.22,1656.49,1494.07,2175.99,2878.94,2497.71,2584.95,2742.82,2523.22,2390.26,2190.50,2560.89,2150.93,1686.86,1372.41,1241.78,883.15,975.04,1533.75,1311.43,1171.42,1208.58,1926.45,1010.76,1579.10,1767.39,1568.59,1771.59,1307.15,1380.17
77604,77649,77626.5,1229.73,38.51,1.03,1.38,0.00,0.00,0.00,414.24,0.00,0.00,0.00,211.64,480.91,536.00,877.65,793.79,748.49,754.39,1007.64,1572.60,1483.79,1588.19,1553.29,1665.02,1280.56,1436.72,1655.11,1204.77,1738.22,1729.91,1663.08,1253.06,866.65,1016.49,1046.77,1135.97,669.29,638.67,1001.42,675.03,685.59,625.64,859.99,916.57,732.60,1124.57,983.94,723.19
77663,77708,77685.5,1291.08,67.27,2.00,1.32,0.00,0.00,0.00,414.19,291.48,234.98,0.00,0.00,0.10,212.50,393.97,524.31,496.75,390.64,616.79,1063.73,748.58,842.03,978.81,916.95,1407.07,1293.76,1582.90,1270.15,1380.88,1408.63,1187.29,1185.10,1069.25,1008.45,645.70,1074.54,1460.27,591.16,673.21,1516.23,1411.02,1050.51,2224.46,2333.64,2153.36,1967.56,1649.35,1644.13
77722,77767,77744.5,1815.36,110.25,3.30,1.27,0.00,0.00,0.00,0.00,290.66,0.00,0.00,0.03,427.28,537.29,698.02,513.24,274.74,1095.37,687.58,625.02,564.05,400.70,857.03,1209.59,1287.75,885.99,1702.08,1604.65,1375.14,2161.30,1883.96,1957.88,1607.37,1832.15,1262.07,954.71,990.01,684.52,1445.50,2537.88,2383.96,3498.83,3922.51,4187.39,3655.77,3217.16,2618.66,2253.60
77781,77826,77803.5,2739.86,143.39,4.10,1.22,870.09,1284.34,1820.40,347.54,1050.53,573.81,146.64,251.39,356.08,460.39,668.82,430.92,389.40,627.48,339.75,574.38,402.58,605.20,942.80,941.55,1343.86,1533.19,1803.15,2281.36,2572.03,3043.60,2768.37,3284.83,3446.53,2084.38,2952.85,3193.15,3565.63,3452.00,4419.62,4094.76,3486.86,3244.88,4396.64,4421.94,3197.95,3239.80,3207.27,3340.71
77840,77885,77862.5,2434.62,133.81,3.88,1.19,1141.74,0.00,0.00,356.28,234.07,142.15,199.28,117.18,427.36,248.69,422.06,381.23,599.99,322.39,381.81,660.38,595.75,956.40,794.38,1403.26,750.13,809.36,1597.18,2247.07,2247.47,3086.25,3654.60,3509.45,2997.72,2479.70,3211.76,1711.54,1723.02,2080.80,2979.38,3265.27,2362.55,3874.06,4331.67,4675.21,4039.97,3317.70,3584.32,2323.97
77899,77944,77921.5,2479.90,115.62,3.15,1.18,698.13,0.00,711.26,739.29,786.04,366.30,426.50,218.21,103.66,249.54,256.45,276.97,274.54,353.62,297.62,407.01,460.46,789.62,933.94,902.66,1317.01,1662.59,1544.74,1861.17,2907.50,3043.24,3447.26,2986.25,2862.61,3158.05,2702.71,2424.78,2032.94,1804.60,3087.00,2341.07,2293.75,4828.97,4422.07,4433.54,3717.37,3140.24,2843.21,0.00
77958,78003,77980.5,8061.18,684.92,21.23,1.18,696.56,0.00,417.22,614.11,985.10,207.37,492.38,428.53,275.41,228.65,142.99,233.18,600.99,301.78,243.52,269.16,633.31,666.17,1172.14,1062.98,1516.98,1602.67,3123.17,604.95,309.98,75.42,212.24,1225.05,4898.88,6194.69,7807.81,8419.16,7029.48,6997.84,10286.28,18237.18,19533.99,20624.16,22030.41,23727.09,27027.39,20795.34,17200.19,15479.91
78017,78062,78039.5,18888.31,772.57,19.42,1.18,571.46,1164.99,994.16,0.00,1264.00,2491.91,1310.39,755.56,1225.20,994.49,756.62,1091.65,633.14,2345.87,2903.44,3316.33,5110.94,7494.89,8327.57,10844.27,14838.40,16858.77,14968.82,17803.44,27689.29,30216.25,27833.01,31007.87,35230.32,29889.70,28744.98,29557.59,31786.51,27602.17,24266.59,21764.16,21295.64,25733.64,21652.20,19009.99,15617.95,12262.48,10273.32,9085.55
78076,78121,78098.5,7805.96,428.94,11.50,1.18,1043.21,0.00,0.00,0.00,609.95,0.00,465.77,902.19,463.58,522.36,352.80,672.01,534.85,365.95,586.42,580.45,1220.66,1654.75,1773.68,1587.88,4010.70,3430.30,4535.01,4346.48,6180.14,8883.03,8932.65,8553.49,10554.37,10023.93,10166.05,13128.49,13940.78,10375.34,12181.37,15983.13,13707.56,16080.27,14132.82,14073.77,13434.91,10857.23,8942.49,0.00
78135,78180,78157.5,6222.04,324.65,8.65,1.18,571.70,0.00,605.18,615.63,436.45,0.00,0.00,131.47,182.85,151.28,475.88,304.52,191.20,289.47,292.75,462.01,574.21,615.51,898.97,1792.62,2179.67,3070.72,3839.78,3846.88,4634.97,5759.78,7497.04,8912.33,8570.49,10609.00,13997.42,10662.38,8659.02,9444.37,10035.58,8441.79,6858.05,11723.85,11289.59,10927.70,9698.60,8355.31,7170.40,0.00
78194,78239,78216.5,4415.48,224.26,6.07,1.18,855.81,706.04,488.69,0.00,0.01,597.81,163.83,118.60,208.49,79.43,127.47,51.44,572.71,228.06,435.65,598.91,680.54,1046.49,1300.94,2240.71,2941.20,2660.08,2034.83,2471.11,176.54,0.00,2132.38,8872.32,9552.67,6572.83,6206.26,8694.86,9319.47,7964.64,4128.56,4451.01,7789.41,8285.76,8626.62,6303.32,4432.05,3416.08,3568.67,4057.36
78253,78298,78275.5,2331.37,142.43,4.18,1.18,0.00,0.00,278.93,0.00,0.00,735.20,0.00,0.00,219.43,259.26,297.91,365.24,238.54,118.14,116.92,271.10,495.79,460.36,602.20,946.55,1290.53,1439.20,1650.19,2362.96,2362.00,2602.53,3066.51,3193.05,1367.87,1313.06,2034.53,2068.07,1454.19,1970.93,3104.58,3324.15,3598.20,5237.32,5359.15,4850.61,4428.92,3490.27,3221.07,2742.93
78312,78357,78334.5,11700.42,709.38,20.24,1.18,699.16,0.00,239.07,0.00,356.09,364.15,145.63,599.92,225.10,264.62,413.45,369.03,167.01,512.61,359.39,442.57,1239.90,1637.48,2289.02,3756.15,3325.47,3187.72,5073.02,6532.05,12699.01,15257.20,17449.03,18872.33,20831.25,13130.32,16297.17,16530.98,12624.29,13042.54,11158.40,14692.08,14338.66,25814.48,28825.42,24915.38,21268.75,17628.59,13442.50,11730.93
78371,78416,78393.5,9567.12,573.80,16.10,1.18,0.00,1407.67,0.00,307.62,0.00,0.00,0.01,397.57,97.30,530.02,445.68,148.56,359.89,595.23,178.80,315.37,526.78,1315.29,887.11,1918.48,3683.34,4467.67,4519.45,4806.02,8127.75,9217.70,8881.10,11147.55,15714.74,12627.63,10417.20,16376.15,17909.71,15371.61,12826.79,16222.38,16325.57,18312.86,18206.18,17817.71,18221.81,14164.89,10842.70,7897.73
78430,78475,78452.5,6606.36,378.76,10.62,1.18,3137.65,704.57,489.85,307.08,0.01,326.08,183.65,0.04,99.18,159.64,136.24,165.47,211.99,174.20,566.40,430.39,591.05,388.65,774.97,790.05,1361.99,2365.79,3044.65,4318.82,4766.15,5833.45,8384.57,9282.53,8848.61,9696.22,10331.58,9782.70,6684.20,8646.26,11764.06,11295.64,11386.62,11409.45,13166.12,11426.97,10081.42,8729.60,7565.37,5886.90
78489,78534,78511.5,7375.82,458.89,13.03,1.18,0.00,2451.31,443.41,695.55,0.00,391.47,197.08,87.70,356.33,397.17,27.80,154.56,423.68,439.37,244.89,199.67,378.62,511.14,470.71,892.47,1737.96,1558.07,3159.63,3926.63,4773.39,4701.31,8134.15,7912.81,10815.33,11214.88,13434.87,13483.04,8024.96,10380.46,10558.36,12292.22,12560.97,14117.29,18657.31,14710.42,12372.17,11273.87,8410.43,7743.24
78548,78593,78570.5,7107.59,442.34,12.51,1.18,0.00,0.00,0.00,0.00,502.13,0.00,163.77,0.04,99.28,167.70,116.26,244.06,102.64,176.61,179.17,560.18,473.75,398.15,162.28,1155.39,1573.50,271.14,2060.31,5137.08,4573.47,5640.47,9900.52,11590.64,10108.69,9217.68,10227.35,12875.40,10999.34,15251.28,10516.49,11285.45,10361.71,12734.53,15476.40,14258.22,12618.34,9907.07,8748.05,7608.21
78607,78652,78629.5,4591.64,252.95,7.01,1.18,2758.75,0.00,977.25,190.99,1150.03,0.00,147.47,240.91,38.53,479.89,208.61,104.18,266.82,149.53,153.68,520.48,408.64,498.89,562.54,968.03,1519.52,1514.40,2003.35,3017.39,3885.35,4761.01,4775.70,6613.97,7940.07,6997.20,6993.86,6140.01,5976.32,5053.28,8213.27,8823.37,8189.57,7633.62,8408.01,6725.23,6079.72,5158.97,5154.01,4221.16
78666,78711,78688.5,2199.26,128.06,3.70,1.18,0.00,0.00,433.37,347.69,0.00,0.00,0.00,226.10,319.86,260.46,212.29,217.23,119.67,211.91,126.46,465.90,575.35,170.59,721.93,662.91,978.12,1185.19,1657.06,1317.39,2158.69,1785.04,2549.53,2709.18,3521.75,3207.64,2691.48,2324.75,2024.47,2478.25,3260.63,3352.30,2972.25,3206.68,4169.01,3869.52,3687.47,3321.71,3030.15,2538.90
78725,78770,78747.5,1625.73,80.03,2.23,1.20,0.00,241.37,776.90,0.00,500.83,183.37,0.00,367.01,122.03,331.98,250.25,454.40,686.63,564.80,300.04,467.21,545.97,968.96,657.06,906.47,837.07,1066.88,1040.39,1183.19,2195.69,2205.31,1766.90,1935.36,2072.84,1948.73,2294.12,1767.15,1539.24,1473.27,1529.91,1552.94,1694.47,3064.01,3197.21,2461.83,2196.26,1765.87,1703.83,1205.71
78784,78829,78806.5,1453.53,71.67,2.10,1.31,4697.64,0.00,1057.56,1125.43,533.81,416.78,349.54,0.00,111.47,516.90,389.89,236.63,532.01,265.86,234.09,469.56,99.78,315.39,280.32,455.67,260.43,368.58,528.94,714.55,1266.51,1271.57,2033.33,2176.62,1736.07,1873.91,1293.66,1047.36,659.14,495.74,1613.76,1225.46,1653.01,1978.09,2374.01,2511.19,2109.82,2008.28,1756.75,1467.97
