Data/Raw/MOORE,RICHARD/FIREXAQ-LARGE-SMPS_DC8_20190826_R0.ict
88,1001
Richard Moore, Elizabeth Wiggins, Edward Winstead, Claire Robinson, Lee Thornhill, and Kevin Sanchez
NASA Langley Research Center
In-situ Submicron Particle Size Distributions from a SMPS on the NASA DC-8
FIREXAQ
1,1
2019,08,26,2020,03,10
0
Time_start,Secs after midnight,Time of acquisition
50
1,1,1,1,1,1,1,1,1,1,1,1,1,1,1,1,1,1,1,1,1,1,1,1,1,1,1,1,1,1,1,1,1,1,1,1,1,1,1,1,1,1,1,1,1,1,1,1,1,1
-9999,-9999,-9999,-9999,-9999,-9999,-9999,-9999,-9999,-9999,-9999,-9999,-9999,-9999,-9999,-9999,-9999,-9999,-9999,-9999,-9999,-9999,-9999,-9999,-9999,-9999,-9999,-9999,-9999,-9999,-9999,-9999,-9999,-9999,-9999,-9999,-9999,-9999,-9999,-9999,-9999,-9999,-9999,-9999,-9999,-9999,-9999,-9999,-9999,-9999
Time_stop,Secs after midnight,Time of acquisition
Time_mid,Secs after midnight,Time of acquisition
nSMPS_stdPT,#/cm3,AerMP_NumConc_InSitu_RHd_Mobility_NucltoAccu_STP,integrated_number_density
sSMPS_stdPT,um2/cm3,AerMP_SurfAreaConc_InSitu_RHd_Mobility_NucltoAccu_STP,integrated_surface_area
vSMPS_stdPT,um3/cm3,AerMP_VolConc_InSitu_RHd_Mobility_NucltoAccu_STP,integrated_volume
SMPS_stdPT, unitless, None, conversion between ambient PT and standard PT (1013, 273)
SMPS_bin00_stdPT,#/cm3,AerMP_NumSizeDist_InSitu_RHd_Mobility_NucltoAccu_STP,Binned number size distribution (in dNdlogDp) measured by the SMPS
SMPS_bin01_stdPT,#/cm3,AerMP_NumSizeDist_InSitu_RHd_Mobility_NucltoAccu_STP,Binned number size distribution (in dNdlogDp) measured by the SMPS
SMPS_bin02_stdPT,#/cm3,AerMP_NumSizeDist_InSitu_RHd_Mobility_NucltoAccu_STP,Binned number size distribution (in dNdlogDp) measured by the SMPS
SMPS_bin03_stdPT,#/cm3,AerMP_NumSizeDist_InSitu_RHd_Mobility_NucltoAccu_STP,Binned number size distribution (in dNdlogDp) measured by the SMPS
SMPS_bin04_stdPT,#/cm3,AerMP_NumSizeDist_InSitu_RHd_Mobility_NucltoAccu_STP,Binned number size distribution (in dNdlogDp) measured by the SMPS
SMPS_bin05_stdPT,#/cm3,AerMP_NumSizeDist_InSitu_RHd_Mobility_NucltoAccu_STP,Binned number size distribution (in dNdlogDp) measured by the SMPS
SMPS_bin06_stdPT,#/cm3,AerMP_NumSizeDist_InSitu_RHd_Mobility_NucltoAccu_STP,Binned number size distribution (in dNdlogDp) measured by the SMPS
SMPS_bin07_stdPT,#/cm3,AerMP_NumSizeDist_InSitu_RHd_Mobility_NucltoAccu_STP,Binned number size distribution (in dNdlogDp) measured by the SMPS
SMPS_bin08_stdPT,#/cm3,AerMP_NumSizeDist_InSitu_RHd_Mobility_NucltoAccu_STP,Binned number size distribution (in dNdlogDp) measured by the SMPS
SMPS_bin09_stdPT,#/cm3,AerMP_NumSizeDist_InSitu_RHd_Mobility_NucltoAccu_STP,Binned number size distribution (in dNdlogDp) measured by the SMPS
SMPS_bin10_stdPT,#/cm3,AerMP_NumSizeDist_InSitu_RHd_Mobility_NucltoAccu_STP,Binned number size distribution (in dNdlogDp) measured by the SMPS
SMPS_bin11_stdPT,#/cm3,AerMP_NumSizeDist_InSitu_RHd_Mobility_NucltoAccu_STP,Binned number size distribution (in dNdlogDp) measured by the SMPS
SMPS_bin12_stdPT,#/cm3,AerMP_NumSizeDist_InSitu_RHd_Mobility_NucltoAccu_STP,Binned number size distribution (in dNdlogDp) measured by the SMPS
SMPS_bin13_stdPT,#/cm3,AerMP_NumSizeDist_InSitu_RHd_Mobility_NucltoAccu_STP,Binned number size distribution (in dNdlogDp) measured by the SMPS
SMPS_bin14_stdPT,#/cm3,AerMP_NumSizeDist_InSitu_RHd_Mobility_NucltoAccu_STP,Binned number size distribution (in dNdlogDp) measured by the SMPS
[...]
UNCERTAINTY:  20%
ULOD_FLAG: -7777
ULOD_VALUE: N/A
LLOD_FLAG: -8888
LLOD_VALUE: N/A
DM_CONTACT_INFO: Lee Thornhill (Kenneth.L.Thornhill@nasa.gov)
PROJECT_INFO: FIREX-AQ
STIPULATIONS_ON_USE: No stipulations on use. The user is encouraged to contact the PI or DM prior to use.
OTHER_COMMENTS: Midpoint diameters of Bins 00 to 43 are: 0.011,0.012,0.013,0.014,0.015,0.016,0.017,0.018,0.019,0.021,0.022,0.024,0.026,0.028,0.030,0.032,0.035,0.037,0.040,0.043,0.046,0.050,0.053,0.057,0.061,0.066,0.071,0.076,0.082,0.088,0.095,0.102,0.109,0.118,0.126,0.136,0.146,0.157,0.168,0.181,0.194,0.209,0.225,0.241
REVISION: R0
R0: Final Data. Data are corrected for time lags and ammonium sulfate size calibrations.
*******************************************************************************************************************************
Time_start,Time_stop,Time_mid,nSMPS_stdPT,sSMPS_stdPT,vSMPS_stdPT,SMPS_stdPT,SMPS_bin00_stdPT,SMPS_bin01_stdPT,SMPS_bin02_stdPT,SMPS_bin03_stdPT,SMPS_bin04_stdPT,SMPS_bin05_stdPT,SMPS_bin06_stdPT,SMPS_bin07_stdPT,SMPS_bin08_stdPT,SMPS_bin09_stdPT,SMPS_bin10_stdPT,SMPS_bin11_stdPT,SMPS_bin12_stdPT,SMPS_bin13_stdPT,SMPS_bin14_stdPT,SMPS_bin15_stdPT,SMPS_bin16_stdPT,SMPS_bin17_stdPT,SMPS_bin18_stdPT,SMPS_bin19_stdPT,SMPS_bin20_stdPT,SMPS_bin21_stdPT,SMPS_bin22_stdPT,SMPS_bin23_stdPT,SMPS_bin24_stdPT,SMPS_bin25_stdPT,SMPS_bin26_stdPT,SMPS_bin27_stdPT,SMPS_bin28_stdPT,SMPS_bin29_stdPT,SMPS_bin30_stdPT,SMPS_bin31_stdPT,SMPS_bin32_stdPT,SMPS_bin33_stdPT,SMPS_bin34_stdPT,SMPS_bin35_stdPT,SMPS_bin36_stdPT,SMPS_bin37_stdPT,SMPS_bin38_stdPT,SMPS_bin39_stdPT,SMPS_bin40_stdPT,SMPS_bin41_stdPT,SMPS_bin42_stdPT,SMPS_bin43_stdPT
[from data line 390]
83859,83904,83881.5,2691.97,72.21,1.88,1.75,0.00,0.00,0.00,0.00,0.00,0.00,203.64,409.35,404.28,885.52,1072.41,1279.74,2447.59,2759.44,4156.95,4266.30,5528.86,5747.89,5134.26,4152.95,4318.44,2838.28,3370.83,2426.41,2482.53,2058.40,2166.77,1399.04,2219.72,1602.19,1359.44,1896.03,1602.92,1773.29,1178.28,1773.59,1878.02,2327.45,1822.68,2156.80,1642.80,977.83,819.01,831.50
83918,83963,83940.5,2244.40,63.66,1.66,1.76,0.00,0.00,0.00,1494.69,512.55,353.29,0.00,208.22,0.00,716.71,944.11,1033.35,1730.39,1880.29,2507.59,3184.75,3235.33,4439.49,4009.10,4095.30,3871.79,2862.65,2215.78,2167.80,1870.43,1765.61,1657.94,1450.34,1326.99,1479.83,1427.00,710.20,1365.75,1662.75,2258.46,1893.48,1832.12,1949.42,1531.28,1440.53,1373.25,1309.10,838.27,773.48
83977,84022,83999.5,2708.71,75.42,1.93,1.76,0.00,0.00,0.00,814.41,0.00,0.00,305.89,658.30,504.12,693.87,1369.59,1719.31,2448.68,3730.31,3518.28,4262.02,4122.47,4290.03,5018.55,3438.78,3526.10,2985.79,2821.88,2430.72,2199.85,2692.82,2375.73,1660.18,1978.18,1947.46,1174.80,1902.83,2234.12,1978.02,1695.31,1951.70,2714.50,2394.48,1798.72,2071.30,1818.74,1299.58,1061.91,690.00
84036,84081,84058.5,2624.05,74.32,1.96,1.76,0.00,0.00,0.00,0.02,0.08,0.00,0.00,210.01,179.35,449.20,727.30,1331.58,1435.07,2664.72,3866.71,3346.00,4020.87,4659.45,5370.10,4606.93,4695.89,3482.28,3258.06,2551.80,2994.78,1820.62,2558.42,2076.58,2200.77,2228.20,1802.85,1752.44,1500.21,1866.59,2073.28,1516.42,2202.21,1762.65,1965.06,1294.10,1701.03,842.75,1063.55,958.31
84095,84140,84117.5,2521.49,75.44,2.05,1.76,0.00,0.00,0.00,0.00,0.00,0.09,0.00,0.00,132.91,327.26,353.43,1142.42,1874.80,3168.08,2823.97,3537.15,4289.77,5110.59,5455.83,4298.69,4205.80,3225.77,3067.73,3277.38,2324.68,1564.60,1882.44,2364.92,1565.16,1150.46,1668.74,1306.96,1555.67,1924.57,2235.18,1921.73,1637.94,1809.51,1688.50,1480.59,1760.95,1646.99,1023.03,782.94
84154,84199,84176.5,2627.04,73.96,1.97,1.75,0.00,0.00,0.00,981.24,0.12,0.00,0.00,42.63,342.21,0.00,716.91,1222.18,1948.64,2637.06,3690.12,4071.04,4137.77,5468.71,5751.04,4955.49,4060.48,3354.12,3243.09,3153.00,2230.56,2387.59,2008.02,1539.53,1333.85,1527.42,1775.23,1439.90,1335.97,2117.64,1133.96,2045.54,1717.94,2507.73,2112.06,1732.42,1568.96,1211.57,822.53,666.56
84213,84258,84235.5,2535.68,76.93,2.09,1.75,0.00,0.00,0.00,0.00,0.05,0.00,0.00,0.00,203.21,197.34,714.81,1780.66,1532.74,3229.36,2819.97,4004.47,5113.96,5278.02,4769.23,3935.87,3888.50,3312.85,2534.24,2398.36,2493.14,1876.31,2061.25,1516.45,1291.76,1450.99,1914.74,1656.77,1561.05,1822.45,1934.42,2321.25,2025.07,1752.67,2028.15,1548.22,1736.13,1402.93,1077.97,993.10
84272,84317,84294.5,2746.33,79.96,2.11,1.76,0.00,0.00,0.00,0.00,0.00,0.00,0.00,269.38,775.11,1206.01,745.28,1792.99,1993.52,2826.87,3756.20,4369.78,4192.42,5852.12,4247.42,4657.41,3233.93,3951.61,2872.15,2594.21,2526.54,2296.41,1829.97,1425.93,1970.06,1859.70,1274.31,2285.61,1876.15,2519.42,2048.17,2799.27,1947.79,2487.00,2002.56,1633.61,1662.81,1298.83,1239.94,669.09
84331,84376,84353.5,2748.40,81.35,2.17,1.76,0.00,0.00,0.00,0.00,0.00,0.00,0.00,0.00,0.00,1090.60,1331.96,2440.06,2817.03,3125.97,4589.86,3602.90,5625.31,4205.81,4568.90,3828.69,3483.55,3346.37,2726.24,1807.49,2031.13,2205.95,2200.50,2356.39,2018.47,2082.26,1143.73,2168.47,1953.62,2509.42,1966.54,2486.39,2077.20,2564.92,1996.82,1536.12,1508.79,1565.64,1274.22,655.56
84390,84435,84412.5,4220.42,105.39,2.69,1.70,0.00,0.00,0.00,1628.84,0.00,0.00,1101.05,1377.38,1234.44,1974.94,2723.17,5003.87,4354.57,6240.09,6582.77,7774.05,7567.17,6269.31,5745.60,6655.09,5076.82,4858.62,3209.80,3233.57,3303.74,2887.90,3252.07,2729.94,3157.77,2332.72,2111.56,2820.30,3182.15,2218.77,2707.39,3117.74,3118.91,2761.51,2607.90,2646.48,2584.13,1727.43,1371.65,971.12
84449,84494,84471.5,2781.25,58.58,1.46,1.57,0.00,0.00,1239.17,223.49,1114.14,564.94,1066.65,685.98,569.91,2836.36,2846.06,4135.33,3911.17,4232.23,5226.86,5596.64,4745.45,4435.33,3691.44,3901.52,3469.21,2003.93,1956.32,1720.84,1657.00,1401.31,1672.87,1400.06,1421.08,1863.97,1548.13,1547.27,1333.11,1643.47,1783.55,1421.38,1719.92,1783.82,1419.68,1563.35,1041.49,933.97,644.56,460.92
84508,84553,84530.5,2066.80,90.97,2.54,1.47,1260.05,0.00,0.00,413.17,0.00,501.60,183.31,467.22,242.40,316.59,583.65,852.52,417.03,863.38,998.68,1132.49,708.15,1399.61,1244.82,1472.13,1527.50,1929.42,2377.01,2551.56,2270.86,2997.71,2189.07,3177.60,2309.50,2537.09,2479.83,1799.19,1646.69,1530.50,1917.90,1655.62,1776.62,2172.51,2574.84,2936.59,2461.19,2819.67,1880.85,1561.38
84568,84613,84590.5,2225.94,108.70,3.05,1.43,0.00,831.77,688.94,0.00,0.00,266.29,0.00,166.21,257.76,423.20,547.09,220.76,165.20,379.56,143.39,434.18,709.05,922.79,1024.19,1549.58,1861.77,2254.71,2555.89,3299.74,2716.27,2443.33,2425.48,2769.19,2642.91,3029.28,2740.62,2316.59,3176.94,2309.07,1406.31,2120.53,2758.53,2877.26,3244.23,3249.94,3489.58,2698.62,2113.69,1999.67
84627,84672,84649.5,2663.64,110.66,3.10,1.37,2546.24,1117.90,0.00,275.32,0.00,781.67,367.43,1147.90,2941.57,3431.67,2962.09,1359.38,852.24,704.92,207.26,388.40,508.95,664.55,1121.53,1147.16,1689.80,1756.73,2644.46,2755.06,3323.03,2733.73,2556.71,2844.05,2882.73,3137.17,2397.37,2079.28,2877.65,2113.57,1369.03,2692.85,3041.23,2578.40,3695.76,3603.56,3015.50,2494.27,2278.95,2149.45
84686,84731,84708.5,2176.81,92.27,2.64,1.32,3317.84,711.07,574.68,1537.81,1532.42,1669.54,1465.57,531.31,868.31,949.40,1182.58,1300.61,1266.87,803.29,1357.67,611.63,577.77,997.80,1208.47,617.07,1268.00,1605.94,1327.29,1177.44,1567.26,1784.18,2130.21,2154.36,1510.46,1839.29,1321.16,1111.82,1724.97,1645.12,2100.83,2337.55,2652.85,2627.64,2972.80,2728.06,2862.47,2395.12,2108.70,1622.72
84745,84790,84767.5,1920.72,91.12,2.62,1.30,3051.76,1550.96,679.49,1090.77,571.27,627.23,864.16,414.38,362.91,799.52,634.10,553.93,611.13,369.05,933.21,574.54,966.33,934.52,691.45,318.41,1020.64,1307.60,1646.02,1164.41,1235.83,1131.16,802.85,1749.06,1157.47,1706.42,1946.58,2669.19,2361.50,1788.53,1713.53,2225.01,2219.23,2074.27,2895.16,2937.65,2945.14,2401.41,2263.09,1502.02
84804,84849,84826.5,2058.12,103.09,2.96,1.29,834.21,1807.54,1232.63,413.64,267.06,469.93,712.33,593.80,556.66,292.00,391.36,580.42,464.91,831.12,240.94,622.53,443.29,683.82,989.82,1694.69,650.79,1301.66,1724.36,1835.19,1666.09,2412.71,1865.20,2284.93,1906.96,2080.59,1789.61,1614.48,1665.32,2089.38,2037.97,2207.52,2724.85,2630.45,3980.64,3446.89,2897.91,2837.34,2342.28,1744.17
84863,84908,84885.5,1631.10,76.00,2.25,1.24,0.00,2164.49,1116.27,700.62,1269.61,1886.57,1094.27,1474.18,471.38,675.74,468.58,818.96,1225.10,705.64,625.06,633.83,456.49,614.55,968.92,786.94,1057.58,1037.11,773.60,822.64,1144.88,1166.42,784.40,742.51,1097.49,672.32,856.48,2014.27,1289.71,381.02,703.71,1579.19,2311.94,2336.32,2744.12,2600.37,2584.26,2169.77,1544.76,1623.12
84922,84967,84944.5,1829.36,82.56,2.42,1.20,1901.37,2695.58,1896.80,0.00,980.98,413.04,1093.22,358.71,309.23,623.34,989.48,1114.68,643.72,802.69,378.27,647.27,1215.50,426.14,1016.59,595.43,967.83,831.68,1156.45,1165.08,1218.08,979.25,1314.42,1330.62,1400.83,1439.96,1317.64,1829.02,1115.53,1458.01,1571.29,1778.85,1645.26,2268.16,2758.58,2808.58,2281.74,2398.48,2032.59,1706.58
84981,85026,85003.5,1427.88,70.40,2.10,1.18,2579.03,1962.38,905.35,970.09,94.72,511.48,766.47,355.85,264.06,891.02,438.65,697.66,398.94,274.63,241.33,229.58,423.24,521.22,655.86,787.48,1013.89,748.28,403.20,619.08,675.74,1099.62,1490.88,1951.00,1434.60,1031.81,726.82,597.17,592.68,1261.83,785.47,819.40,1871.74,2118.70,2264.50,1970.52,2576.68,2754.43,1784.32,1130.86
85040,85085,85062.5,1568.64,70.37,2.06,1.18,469.36,2320.33,1338.82,0.00,529.00,944.59,642.32,383.01,708.04,618.04,321.23,712.92,484.01,782.39,531.98,583.60,577.23,651.47,71.82,1071.36,811.39,665.13,1074.56,927.07,1437.98,1170.50,1406.65,1468.48,1445.52,982.77,726.32,1202.14,815.41,609.97,1404.36,1452.14,1650.45,2059.97,2369.70,2469.94,2621.70,1748.57,1575.35,1383.69
85099,85144,85121.5,4612.75,261.30,8.29,1.18,3243.59,4356.77,8114.51,4603.12,2512.49,3795.67,4565.85,3218.07,2161.65,1991.32,1141.74,1334.21,1659.25,1569.39,1643.18,1516.54,1263.14,1002.20,1637.25,1024.05,571.96,708.57,885.28,1483.73,1748.15,2124.72,1794.55,1694.60,2146.14,738.77,0.00,643.89,920.37,0.00,1727.61,5940.43,6738.08,6719.50,7813.10,9704.98,10742.93,10087.42,7512.37,5927.23
85158,85203,85180.5,13303.21,271.01,6.71,1.19,11856.60,14436.54,13852.57,13896.45,14119.13,8361.22,20244.74,20278.21,15896.41,13255.33,13112.67,11316.80,7624.21,7503.19,5836.13,6522.83,5480.67,9058.60,9097.53,9724.85,8777.37,7046.94,9199.93,7302.16,7230.13,8594.38,9044.63,7718.18,9369.78,9029.98,11101.04,10777.58,10221.63,9070.62,8100.90,7923.94,6499.41,6281.91,7593.13,6396.65,5462.86,4338.57,3777.26,3823.32
85217,85262,85239.5,3023.00,83.38,2.30,1.19,5100.44,4454.56,3871.06,2948.38,2211.31,3866.79,3820.00,4069.45,2996.14,2022.76,2133.29,1728.66,2012.81,1434.71,1087.78,1188.78,785.55,1034.13,1394.78,1390.63,1089.90,1660.63,974.22,1396.86,1219.68,1786.61,1702.87,1957.29,1208.35,1809.30,1729.33,1467.41,550.92,1455.99,2088.74,1608.63,1347.06,3213.22,4006.71,2755.27,2530.83,2155.94,2713.99,0.00
85276,85321,85298.5,2274.27,130.99,3.88,1.20,1041.24,940.93,783.36,1200.11,334.00,183.11,302.16,1036.64,1102.50,674.69,470.71,521.42,746.02,518.21,796.97,559.69,880.94,676.95,673.39,540.91,613.08,1064.77,1538.03,1401.22,1043.76,971.27,977.96,645.01,930.74,1534.16,2066.69,3859.26,3494.82,4805.48,4763.37,3462.18,3217.01,3444.78,3466.27,2106.79,2195.01,3577.87,4019.62,3593.51
85335,85380,85357.5,2615.84,100.80,2.86,1.20,2580.25,4880.49,1462.84,0.00,1182.62,815.59,2483.62,1574.34,983.03,1113.01,995.68,1264.71,1097.75,947.64,67.60,905.25,1575.93,1163.35,1278.12,1616.61,1794.59,1764.29,2069.75,1606.25,1749.79,1473.18,2006.13,1783.78,2752.54,2307.81,2261.03,2884.73,3045.87,2350.73,1156.38,2538.78,3044.29,3398.96,2379.38,1519.75,1873.62,3363.45,2639.46,2076.90
85394,85439,85416.5,3195.80,155.47,4.54,1.20,2074.60,1930.10,832.85,2766.86,531.48,961.18,2328.23,1965.36,1275.59,1164.15,1079.57,696.45,1240.05,866.85,1194.18,927.98,840.50,1467.90,998.46,1075.36,1034.68,961.13,2271.26,1924.34,2289.88,3468.12,4082.21,3819.87,3595.78,3359.75,2770.76,2251.23,1635.43,2475.74,2617.42,4652.58,3914.83,3483.14,4044.57,4924.81,5312.29,4146.51,3797.07,3214.61
85453,85498,85475.5,3966.06,113.54,3.33,1.20,12770.20,10860.19,6578.80,2909.92,1285.58,1726.27,602.07,1783.70,764.49,1647.26,962.07,864.87,753.35,943.66,693.91,849.69,1087.65,695.11,1050.38,1108.85,1477.35,1130.83,1348.97,851.95,1523.77,920.27,1857.44,1936.00,1644.89,1390.28,1655.01,1394.83,1286.52,1250.81,2350.47,2395.45,2691.87,3849.15,4735.05,3393.09,3275.43,3164.97,2959.52,2065.33
85512,85557,85534.5,10426.51,77.95,2.16,1.19,25347.51,29067.47,28102.64,28338.16,26139.17,23534.38,23890.99,21919.50,15375.33,14230.75,11645.02,7181.76,6765.93,4938.19,4299.51,3422.78,3220.74,2795.78,2422.74,1629.07,1315.35,1081.72,1035.52,857.27,1647.12,938.34,568.61,1301.70,1139.03,174.48,0.00,553.77,970.35,1184.84,386.01,1087.92,1430.25,1539.09,1967.27,2172.74,2590.16,2450.75,1898.78,1731.28
85571,85616,85593.5,10155.67,71.02,1.91,1.19,30297.87,40127.68,26569.34,21436.46,39309.77,24594.75,17926.52,15639.02,10801.72,8620.67,5510.69,3427.90,2451.64,2524.83,2868.22,3382.80,2690.39,2584.74,1533.64,1732.45,523.55,1064.27,1898.02,1449.52,1268.94,1301.35,1194.55,1096.34,1451.97,1097.80,968.70,1331.46,1182.05,206.33,903.93,1619.29,1277.40,998.69,1032.49,2640.65,2286.96,2147.78,1495.23,1407.17
85630,85675,85652.5,7459.77,101.48,2.71,1.19,25260.93,18797.09,16413.92,11040.75,15483.33,9880.05,10205.23,7296.83,7033.47,6446.65,3010.69,2330.41,1424.88,2954.15,4435.60,2546.13,1878.67,2627.34,1581.18,1646.10,2009.12,2224.64,2712.73,2342.13,2738.05,3069.88,1935.78,1566.59,1997.15,1854.63,1811.87,2154.65,1625.40,2237.95,2304.11,2376.18,4103.37,3873.87,3250.23,2164.95,1921.66,1877.55,1959.73,1989.03
85689,85734,85711.5,1683.13,67.87,2.00,1.19,2090.43,2114.94,417.43,805.14,680.04,2352.08,757.22,1469.66,636.82,1121.18,1054.33,704.86,1284.05,749.02,420.45,324.09,611.14,581.76,627.89,907.87,806.58,778.85,950.92,628.41,952.10,1502.06,1671.37,1598.26,1478.81,1183.33,368.41,384.82,283.11,254.68,402.99,1335.72,1948.54,2537.04,2653.16,2862.50,1967.34,1719.99,1520.75,1396.12
85748,85793,85770.5,4212.63,107.49,2.95,1.19,8457.83,4781.97,2615.72,7269.05,2829.94,3859.51,3080.55,1903.75,3456.31,1818.88,2270.69,1977.09,1553.74,2465.17,2068.43,1832.29,2701.84,2253.72,2101.06,2008.06,3322.34,2502.90,2043.29,4053.52,3324.74,2676.74,2647.11,3283.72,2157.88,1961.63,3587.02,3254.57,1149.84,1536.59,2377.65,2029.52,1935.96,2353.00,4066.25,3491.46,2646.94,2609.39,2206.87,1960.75
85807,85852,85829.5,8202.82,145.49,3.85,1.19,9469.21,20135.16,18470.54,20194.92,14741.50,11972.82,12123.80,16317.44,11560.11,4260.77,2757.16,2743.35,3619.49,4387.05,2831.56,3260.87,2841.17,2169.02,2325.36,1964.53,1327.76,1865.39,2054.31,2530.92,2553.02,2650.68,3108.05,3737.00,3676.94,3026.61,4023.80,4683.63,3245.50,3759.16,4146.01,4906.57,3738.43,4419.94,4622.42,4183.80,3410.34,2434.45,2728.97,2253.00
85866,85911,85888.5,3675.03,110.42,2.77,1.18,1045.05,704.90,844.60,1010.27,746.68,920.61,943.63,1268.15,626.21,649.39,963.23,2169.55,1399.60,1615.54,2632.69,3040.28,2798.68,4105.52,3476.83,4048.13,3075.42,3601.62,3567.46,1779.25,1602.41,2660.32,1748.29,2322.69,6562.66,7077.97,6086.75,5236.95,4648.06,3594.95,3028.89,2911.80,1989.93,1928.93,2625.00,2703.83,2235.65,1290.92,2049.24,1842.39
85925,85970,85947.5,7565.25,88.42,2.43,1.18,14992.74,19872.87,18420.03,17376.25,10872.73,8523.52,8900.44,7013.95,3111.61,6761.76,5902.46,8749.69,13241.84,13232.30,8790.09,7296.88,5654.60,4798.51,3707.86,1785.63,1767.43,1299.75,1138.27,1029.64,746.15,922.13,1424.26,1766.24,1953.85,1845.95,1984.17,2529.91,226.30,0.00,1099.38,1328.87,1090.69,2068.25,3152.14,2661.37,2406.89,2160.17,1961.02,2079.10
85984,86029,86006.5,1937.82,98.00,3.23,1.18,2185.05,1160.11,3567.82,1822.17,2102.31,1083.69,1578.86,128.91,755.74,978.36,1187.94,1017.55,999.38,646.27,588.62,570.83,852.16,856.19,816.44,850.57,781.43,562.61,429.27,701.24,713.63,1323.79,1824.54,1402.38,2012.20,1720.69,1351.23,501.76,0.00,0.00,7.78,0.00,0.00,1442.62,3669.53,3133.21,2398.00,3076.57,3850.03,4262.50
86043,86088,86065.5,8614.31,182.52,4.19,1.19,12583.20,11777.81,12797.29,6535.33,7709.80,4960.27,7573.68,5141.26,3760.75,4122.01,3731.73,3978.62,3465.58,3906.68,4205.18,4010.35,5105.00,5314.28,5774.44,4863.63,5306.86,6662.48,7490.78,8266.85,8943.42,7943.09,8700.38,8359.51,7884.91,8278.98,8845.81,8207.54,6982.21,7299.74,6352.47,5611.54,3822.89,5249.67,4577.75,3850.32,3628.04,3049.23,2960.53,0.00
86102,86147,86124.5,7294.20,100.67,2.80,1.20,12508.47,23984.77,12061.53,9123.39,13797.93,13629.43,15301.83,12499.81,10536.83,10433.06,7172.69,6656.41,4252.48,3386.33,4000.42,2937.19,2764.71,2401.27,2619.23,1966.66,1902.86,1535.86,1496.96,1417.91,1701.29,1349.35,1882.76,1407.02,1562.59,654.57,916.08,1081.70,713.62,737.56,1055.19,2099.11,3120.10,3504.45,4121.85,3549.76,3034.07,2590.77,1662.94,1802.01
86161,86206,86183.5,9394.68,98.12,2.72,1.20,19460.85,19694.40,13938.56,14673.60,29382.21,20217.02,14631.65,20710.17,22841.68,15321.09,11581.34,7426.30,5787.94,4676.06,3848.87,4296.39,3823.56,3074.82,2312.31,1756.47,1332.06,1122.09,1458.99,1623.28,1027.76,1593.08,1457.57,1604.66,961.63,1083.31,1513.76,1586.47,1264.09,1425.93,1389.31,1558.89,1246.25,2277.14,3301.55,3140.04,2563.82,2955.84,2181.00,2072.76
86220,86265,86242.5,5912.31,106.77,2.82,1.19,6167.56,7730.45,14423.91,9340.07,10263.42,12241.34,12436.63,10463.01,5496.59,3542.91,2743.06,2008.67,1694.77,1489.33,1422.66,2540.67,1923.82,2448.81,2765.71,1673.30,2468.72,3449.18,3408.06,3392.81,3511.62,3473.47,3753.91,2969.92,2850.49,2624.22,2942.19,2063.30,2383.91,2517.63,2755.12,1936.91,2252.02,3031.37,2982.53,2685.47,2738.10,2479.62,2264.07,1595.74
