Data/Raw/MOORE,RICHARD/FIREXAQ-LARGE-SMPS_DC8_20190729_R0.ict
88,1001
Richard Moore, Elizabeth Wiggins, Edward Winstead, Claire Robinson, Lee Thornhill, and Kevin Sanchez
NASA Langley Research Center
In-situ Submicron Particle Size Distributions from a SMPS on the NASA DC-8
FIREXAQ
1,1
2019,07,29,2020,03,10
0
Time_start,Secs after midnight,Time of acquisition
50
1,1,1,1,1,1,1,1,1,1,1,1,1,1,1,1,1,1,1,1,1,1,1,1,1,1,1,1,1,1,1,1,1,1,1,1,1,1,1,1,1,1,1,1,1,1,1,1,1,1
-9999,-9999,-9999,-9999,-9999,-9999,-9999,-9999,-9999,-9999,-9999,-9999,-9999,-9999,-9999,-9999,-9999,-9999,-9999,-9999,-9999,-9999,-9999,-9999,-9999,-9999,-9999,-9999,-9999,-9999,-9999,-9999,-9999,-9999,-9999,-9999,-9999,-9999,-9999,-9999,-9999,-9999,-9999,-9999,-9999,-9999,-9999,-9999,-9999,-9999
Time_stop,Secs after midnight,Time of acquisition
Time_mid,Secs after midnight,Time of acquisition
nSMPS_stdPT,#/cm3,AerMP_NumConc_InSitu_RHd_Mobility_NucltoAccu_STP,integrated_number_density
sSMPS_stdPT,um2/cm3,AerMP_SurfAreaConc_InSitu_RHd_Mobility_NucltoAccu_STP,integrated_surface_area
vSMPS_stdPT,um3/cm3,AerMP_VolConc_InSitu_RHd_Mobility_NucltoAccu_STP,integrated_volume
SMPS_stdPT, unitless, None, conversion between ambient PT and standard PT (1013, 273)
SMPS_bin00_stdPT,#/cm3,AerMP_NumSizeDist_InSitu_RHd_Mobility_NucltoAccu_STP,Binned number size distribution (in dNdlogDp) measured by the SMPS
SMPS_bin01_stdPT,#/cm3,AerMP_NumSizeDist_InSitu_RHd_Mobility_NucltoAccu_STP,Binned number size distribution (in dNdlogDp) measured by the SMPS
SMPS_bin02_stdPT,#/cm3,AerMP_NumSizeDist_InSitu_RHd_Mobility_NucltoAccu_STP,Binned number size distribution (in dNdlogDp) measured by the SMPS
SMPS_bin03_stdPT,#/cm3,AerMP_NumSizeDist_InSitu_RHd_Mobility_NucltoAccu_STP,Binned number size distribution (in dNdlogDp) measured by the SMPS
SMPS_bin04_stdPT,#/cm3,AerMP_NumSizeDist_InSitu_RHd_Mobility_NucltoAccu_STP,Binned number size distribution (in dNdlogDp) measured by the SMPS
SMPS_bin05_stdPT,#/cm3,AerMP_NumSizeDist_InSitu_RHd_Mobility_NucltoAccu_STP,Binned number size distribution (in dNdlogDp) measured by the SMPS
SMPS_bin06_stdPT,#/cm3,AerMP_NumSizeDist_InSitu_RHd_Mobility_NucltoAccu_STP,Binned number size distribution (in dNdlogDp) measured by the SMPS
SMPS_bin07_stdPT,#/cm3,AerMP_NumSizeDist_InSitu_RHd_Mobility_NucltoAccu_STP,Binned number size distribution (in dNdlogDp) measured by the SMPS
SMPS_bin08_stdPT,#/cm3,AerMP_NumSizeDist_InSitu_RHd_Mobility_NucltoAccu_STP,Binned number size distribution (in dNdlogDp) measured by the SMPS
SMPS_bin09_stdPT,#/cm3,AerMP_NumSizeDist_InSitu_RHd_Mobility_NucltoAccu_STP,Binned number size distribution (in dNdlogDp) measured by the SMPS
SMPS_bin10_stdPT,#/cm3,AerMP_NumSizeDist_InSitu_RHd_Mobility_NucltoAccu_STP,Binned number size distribution (in dNdlogDp) measured by the SMPS
SMPS_bin11_stdPT,#/cm3,AerMP_NumSizeDist_InSitu_RHd_Mobility_NucltoAccu_STP,Binned number size distribution (in dNdlogDp) measured by the SMPS
SMPS_bin12_stdPT,#/cm3,AerMP_NumSizeDist_InSitu_RHd_Mobility_NucltoAccu_STP,Binned number size distribution (in dNdlogDp) measured by the SMPS
SMPS_bin13_stdPT,#/cm3,AerMP_NumSizeDist_InSitu_RHd_Mobility_NucltoAccu_STP,Binned number size distribution (in dNdlogDp) measured by the SMPS
SMPS_bin14_stdPT,#/cm3,AerMP_NumSizeDist_InSitu_RHd_Mobility_NucltoAccu_STP,Binned number size distribution (in dNdlogDp) measured by the SMPS
[...]
UNCERTAINTY:  20%
ULOD_FLAG: -7777
ULOD_VALUE: N/A
LLOD_FLAG: -8888
LLOD_VALUE: N/A
DM_CONTACT_INFO: Lee Thornhill (Kenneth.L.Thornhill@nasa.gov)
PROJECT_INFO: FIREX-AQ
STIPULATIONS_ON_USE: No stipulations on use. The user is encouraged to contact the PI or DM prior to use.
OTHER_COMMENTS: Midpoint diameters of Bins 00 to 43 are: 0.011,0.012,0.013,0.014,0.015,0.016,0.017,0.018,0.019,0.021,0.022,0.024,0.026,0.028,0.030,0.032,0.035,0.037,0.040,0.043,0.046,0.050,0.053,0.057,0.061,0.066,0.071,0.076,0.082,0.088,0.095,0.102,0.109,0.118,0.126,0.136,0.146,0.157,0.168,0.181,0.194,0.209,0.225,0.241
REVISION: R0
R0: Final Data. Data are corrected for time lags and ammonium sulfate size calibrations.
*******************************************************************************************************************************
Time_start,Time_stop,Time_mid,nSMPS_stdPT,sSMPS_stdPT,vSMPS_stdPT,SMPS_stdPT,SMPS_bin00_stdPT,SMPS_bin01_stdPT,SMPS_bin02_stdPT,SMPS_bin03_stdPT,SMPS_bin04_stdPT,SMPS_bin05_stdPT,SMPS_bin06_stdPT,SMPS_bin07_stdPT,SMPS_bin08_stdPT,SMPS_bin09_stdPT,SMPS_bin10_stdPT,SMPS_bin11_stdPT,SMPS_bin12_stdPT,SMPS_bin13_stdPT,SMPS_bin14_stdPT,SMPS_bin15_stdPT,SMPS_bin16_stdPT,SMPS_bin17_stdPT,SMPS_bin18_stdPT,SMPS_bin19_stdPT,SMPS_bin20_stdPT,SMPS_bin21_stdPT,SMPS_bin22_stdPT,SMPS_bin23_stdPT,SMPS_bin24_stdPT,SMPS_bin25_stdPT,SMPS_bin26_stdPT,SMPS_bin27_stdPT,SMPS_bin28_stdPT,SMPS_bin29_stdPT,SMPS_bin30_stdPT,SMPS_bin31_stdPT,SMPS_bin32_stdPT,SMPS_bin33_stdPT,SMPS_bin34_stdPT,SMPS_bin35_stdPT,SMPS_bin36_stdPT,SMPS_bin37_stdPT,SMPS_bin38_stdPT,SMPS_bin39_stdPT,SMPS_bin40_stdPT,SMPS_bin41_stdPT,SMPS_bin42_stdPT,SMPS_bin43_stdPT
[from data line 54]
82579,82624,82601.5,1323.83,10.34,0.19,2.44,0.00,0.00,0.00,0.00,0.00,1628.46,3672.23,1902.80,3074.79,1111.23,3697.48,2219.02,1374.57,2014.77,2136.17,2222.93,2378.12,1260.36,1642.52,1550.05,2207.48,1335.15,578.54,1043.91,481.98,645.71,164.95,521.58,353.11,517.56,452.02,500.18,187.23,316.53,88.62,130.23,124.15,82.70,120.60,155.70,196.63,92.05,140.46,40.03
82638,82683,82660.5,1425.60,15.76,0.36,2.43,0.00,0.00,0.00,0.00,0.00,4240.06,1731.39,2295.49,3143.59,1527.64,2003.88,1407.47,2640.43,2097.98,2265.78,2220.54,1491.72,1829.46,2221.91,940.72,1469.24,1660.94,1033.24,1191.02,975.17,1000.18,504.99,512.68,568.30,652.36,585.06,394.25,430.01,273.04,365.48,195.69,145.90,164.78,304.39,239.23,177.33,180.73,141.20,79.81
82697,82742,82719.5,859.81,11.83,0.27,2.43,0.00,0.00,0.00,0.00,0.03,2775.44,1155.41,866.96,364.94,297.93,1040.66,1494.21,867.99,1746.66,2134.37,1147.64,826.03,1476.49,758.37,1002.81,1278.59,550.52,1029.30,737.46,492.90,590.45,238.75,284.35,274.54,497.89,374.67,183.46,290.58,198.97,361.38,325.63,360.05,307.56,349.82,302.53,189.56,163.62,39.24,40.38
82756,82801,82778.5,863.49,11.62,0.27,2.43,0.00,0.00,0.00,0.00,0.00,982.33,0.00,1451.14,2992.28,1491.06,477.33,1121.34,1043.94,1131.87,1146.87,1141.56,1492.80,1091.84,737.27,1174.03,661.18,883.61,1059.57,1027.22,564.72,906.79,616.11,485.22,390.20,378.83,443.11,532.29,205.54,306.54,197.12,305.56,143.68,99.96,106.46,174.42,170.04,0.00,163.86,70.74
82815,82860,82837.5,1244.38,14.05,0.30,2.44,0.00,0.00,0.00,0.00,0.00,2506.93,2728.49,1286.48,2294.21,1827.56,2197.69,2455.02,1141.98,1328.51,1539.66,797.11,1646.44,2166.39,1224.38,1569.19,1229.87,1728.65,1249.67,1070.43,958.08,720.64,701.84,596.17,715.75,536.68,428.76,288.75,360.69,415.67,234.81,149.13,202.35,352.63,22.41,348.72,386.60,115.77,63.18,150.76
82874,82919,82896.5,1519.21,13.03,0.28,2.44,0.00,0.00,0.00,0.00,0.00,4735.03,2982.74,4687.65,2534.56,2154.73,2950.93,3256.49,2029.20,1889.93,1960.26,1222.76,1820.68,1977.86,1759.22,1352.38,1597.08,1461.11,1022.44,781.07,526.20,607.56,604.37,436.60,228.14,530.66,543.90,224.21,462.96,392.24,380.87,146.87,222.40,192.16,293.74,102.96,68.66,149.37,77.37,0.00
82933,82978,82955.5,1411.37,12.85,0.26,2.44,0.00,0.00,0.00,0.00,0.00,4229.89,3034.82,1402.82,1239.92,3523.36,3219.57,2460.68,2941.72,2678.81,2273.66,1511.30,1891.86,908.51,1576.70,923.39,718.51,1008.89,927.95,1200.85,836.04,758.90,726.63,679.31,249.84,678.57,476.53,472.40,533.05,357.90,187.77,251.84,151.70,81.01,308.37,127.36,214.63,89.88,142.23,72.76
82992,83037,83014.5,1448.99,13.52,0.31,2.44,0.00,0.00,0.00,0.00,0.00,2923.16,1812.72,3675.49,2381.43,3219.56,3168.58,3526.11,2003.74,2035.46,2738.09,2290.94,2011.16,1717.97,1508.40,1053.54,1464.53,750.80,787.27,737.71,727.93,816.72,499.46,384.10,333.11,261.63,466.48,174.98,200.27,624.47,341.45,196.85,242.26,384.10,94.27,93.80,109.79,131.77,42.23,214.68
83051,83096,83073.5,1171.79,12.49,0.28,2.44,0.00,0.00,0.00,0.00,0.00,972.94,1354.57,901.76,3008.09,2651.36,2568.63,2179.00,2219.29,1812.15,2214.58,1404.00,1728.57,1357.99,1865.35,1168.87,1430.87,947.77,991.49,859.98,676.80,279.98,425.11,410.74,115.13,270.61,545.96,699.80,512.41,232.70,127.60,264.10,109.65,10.00,267.22,119.93,165.33,241.95,73.99,151.63
83110,83155,83132.5,1631.91,12.66,0.27,2.44,0.00,0.00,0.00,0.00,0.00,5196.02,3764.43,2615.33,3157.09,3112.75,4544.22,3254.52,3523.47,2767.73,2794.44,1729.59,2113.94,1618.92,1084.71,1478.57,1297.97,679.81,373.70,959.92,434.29,543.23,545.06,545.41,310.56,366.44,597.92,382.69,397.87,396.35,374.85,126.28,161.64,182.30,0.00,114.27,10.43,253.13,95.75,138.79
83169,83214,83191.5,1598.42,15.11,0.31,2.44,0.00,0.00,0.00,0.00,0.00,1845.18,2471.29,2359.06,2721.38,4366.34,3136.58,3394.42,2720.17,3245.46,2383.06,1711.14,2606.16,2521.06,1613.51,1888.14,1346.79,1585.64,1369.61,838.22,517.13,567.69,441.61,386.58,537.96,525.74,334.51,388.51,406.76,231.44,221.98,629.70,194.10,341.75,403.31,207.50,235.33,178.01,145.39,37.06
83228,83273,83250.5,1346.61,13.73,0.33,2.45,0.00,0.00,0.00,0.00,0.00,5366.39,1356.73,2279.40,3643.88,3100.33,2071.84,2784.01,1920.61,1916.53,849.91,2126.06,1951.89,1548.97,1071.69,1144.10,1221.86,580.96,909.77,737.99,784.85,393.24,364.20,431.90,388.00,376.00,560.18,517.26,440.12,165.90,94.79,314.63,228.28,139.18,345.28,275.78,25.18,160.84,96.74,126.61
83287,83332,83309.5,1225.58,15.35,0.42,2.44,0.00,0.00,0.00,0.00,0.00,2598.12,6205.93,1843.02,2080.84,2966.89,1742.06,1326.45,1578.95,1682.98,1336.34,1918.42,788.10,1360.43,947.76,1264.51,795.24,476.41,574.87,1001.99,611.74,531.21,347.52,466.18,419.90,134.64,456.93,486.18,386.75,294.19,422.01,298.79,229.76,143.24,296.68,75.36,205.32,124.84,171.01,165.10
83346,83391,83368.5,1017.23,16.77,0.48,2.44,0.00,0.00,0.00,0.00,0.00,960.42,1897.00,3009.80,3789.76,3334.25,1662.09,907.76,896.00,1161.70,1171.79,732.32,459.73,895.83,872.45,962.65,713.18,549.99,619.41,700.32,373.93,765.50,529.91,701.44,451.69,517.69,518.35,191.51,193.06,293.97,150.74,0.00,239.08,49.00,35.81,429.69,486.93,442.82,185.05,235.38
83405,83450,83427.5,786.07,17.00,0.48,2.44,0.00,0.00,0.00,0.00,0.00,541.63,0.00,287.86,2708.19,1102.23,593.64,1382.60,1134.38,363.54,1127.99,1002.09,549.26,1289.17,1164.12,625.90,813.59,983.03,816.47,753.97,725.19,222.72,672.72,493.86,319.94,509.56,535.86,641.96,332.81,479.14,286.73,326.90,335.56,236.83,273.47,272.19,76.11,151.18,362.69,175.62
83464,83509,83486.5,832.09,21.49,0.69,2.43,0.00,0.00,0.00,0.00,0.00,811.67,1360.73,2203.56,1063.79,804.96,1320.73,1817.22,129.62,827.49,1288.76,697.61,852.26,822.93,665.53,1024.19,327.23,575.17,1125.80,594.93,730.62,512.26,381.26,471.74,294.25,459.63,240.26,426.05,781.39,386.45,308.24,297.62,214.69,69.53,336.98,83.48,287.75,496.29,382.18,345.55
83523,83568,83545.5,1526.81,14.17,0.28,2.21,0.00,0.00,0.00,0.00,1616.76,2978.33,3157.06,1488.81,2903.21,1753.72,1737.62,1787.42,2139.38,2561.84,1765.63,2453.97,1936.36,2674.89,1353.14,1639.76,1679.17,2073.84,1250.76,1229.57,1202.77,583.05,689.50,1000.75,746.33,710.76,814.64,509.66,510.18,342.98,345.85,186.12,168.47,93.18,161.33,65.47,144.36,78.95,68.29,69.95
83582,83627,83604.5,1673.93,57.93,1.87,1.95,0.00,0.00,0.00,1623.84,1298.27,1321.70,2202.88,1935.35,1835.45,2083.63,1392.67,2013.63,1918.67,2242.28,1468.73,1395.89,1754.88,1418.10,1223.89,1660.22,1305.45,1379.14,1186.78,1199.71,725.55,804.59,874.61,772.74,660.87,1069.46,538.70,784.77,666.53,823.15,378.62,491.74,468.90,1237.17,1294.22,974.78,1927.43,1319.73,1224.41,931.70
83642,83687,83664.5,1284.84,72.17,2.21,1.78,0.00,0.00,0.00,0.00,0.01,0.00,505.95,395.69,501.18,123.47,677.68,540.89,869.63,468.42,811.82,635.59,863.97,781.06,1059.84,778.04,1170.45,768.13,1326.57,1091.82,1008.30,591.88,871.87,1102.90,1269.76,1059.71,855.49,1245.32,923.65,1074.27,795.10,1259.81,1202.18,2141.88,2194.91,2400.93,1834.23,1944.51,1842.97,1189.39
83701,83746,83723.5,1469.07,94.56,2.87,1.67,0.00,0.00,0.00,0.00,0.00,0.01,157.69,0.00,0.00,487.95,127.66,269.72,140.48,329.99,379.47,612.15,721.33,670.24,434.52,367.02,403.02,692.82,685.17,1137.81,1422.14,1915.57,2144.45,2238.33,1603.47,970.30,671.83,288.12,772.36,1552.89,1894.06,2983.98,2963.22,3037.78,2642.42,2790.33,2762.37,2167.86,1606.91,1568.87
83760,83805,83782.5,1146.71,83.59,2.62,1.62,0.00,0.00,0.00,0.00,0.01,0.00,0.00,0.00,169.78,136.99,222.49,369.82,245.73,0.00,356.85,119.73,255.72,348.07,665.25,475.58,328.96,424.18,533.69,661.31,846.47,971.81,1288.42,1157.69,1247.87,614.02,1278.94,899.81,191.98,831.81,1647.82,1254.29,1711.82,2839.08,2453.55,2670.12,2492.97,2462.35,1928.80,1320.04
83819,83864,83841.5,1205.69,70.67,2.12,1.60,0.00,0.00,0.00,0.00,1307.45,650.15,0.00,376.28,0.00,247.02,234.62,292.57,268.71,317.45,416.02,390.82,40.52,165.10,412.17,69.69,367.66,846.15,531.72,891.91,1177.75,758.50,1456.64,1368.92,1806.10,1162.59,1399.96,1435.53,1137.40,1241.12,1716.65,1476.68,1815.29,1978.09,1659.55,2122.40,2052.57,1365.43,1253.54,1253.74
83878,83923,83900.5,1334.66,80.57,2.45,1.60,0.00,0.00,0.00,0.00,1296.23,542.96,607.45,211.26,0.10,139.73,0.00,280.82,171.40,113.48,234.40,756.07,318.35,652.38,473.06,628.10,789.43,340.03,691.83,729.33,744.20,924.64,1697.13,1486.14,2129.82,1914.09,1489.71,1130.09,1029.40,1293.99,1161.17,1079.82,1961.04,2509.09,2358.60,2524.99,1933.97,2071.26,1742.22,1573.32
83937,83982,83959.5,1408.22,86.35,2.64,1.60,0.00,0.00,0.00,676.79,901.78,612.71,0.00,400.80,320.98,0.06,106.46,90.13,81.22,401.00,103.29,156.94,176.02,187.93,447.77,560.33,914.22,1027.78,989.20,726.46,1066.91,1339.41,2159.62,1855.57,2142.08,2464.31,1094.02,738.94,505.60,928.61,800.27,2211.03,2422.71,2721.16,1801.43,2911.43,2550.25,1884.85,1636.14,1420.59
83996,84041,84018.5,1522.69,96.38,2.96,1.60,0.00,0.00,823.87,0.00,419.86,344.12,744.69,399.19,0.00,0.00,113.92,196.81,275.66,304.32,560.36,50.35,420.01,79.99,686.79,342.82,387.55,569.03,1210.59,764.35,1621.13,1963.00,2064.43,1852.66,2653.87,1656.76,1156.51,510.01,307.31,1145.48,1415.79,2415.29,2708.90,2584.88,2550.09,3249.52,2220.41,2776.10,2224.64,1683.42
84055,84100,84077.5,1859.76,124.37,3.95,1.60,0.00,0.00,0.00,1799.70,1226.80,352.79,237.98,609.60,473.22,383.08,405.60,319.96,473.86,606.85,187.01,945.75,244.84,664.71,1090.73,1126.40,1013.31,764.16,807.84,1026.63,1793.83,1771.07,1677.25,1116.16,864.26,1083.16,1221.08,459.07,287.82,1020.63,2921.31,2994.28,3279.86,2915.12,2757.68,3739.12,4030.59,3424.67,2720.54,2824.13
84114,84159,84136.5,3278.27,133.96,3.66,1.60,0.00,0.00,4098.63,2936.54,1996.55,1318.68,500.44,1364.98,797.86,249.88,479.49,1091.40,1122.75,736.14,961.62,1045.45,1334.49,1171.80,1566.31,1759.07,2146.33,1425.51,1929.83,2813.80,3256.34,3998.78,5641.22,4129.20,4572.86,5343.25,3565.54,2085.19,2848.40,2741.51,4226.98,3830.11,5026.29,3381.36,3471.63,3021.29,3684.58,2577.58,1746.79,1659.53
84173,84218,84195.5,1546.06,89.17,2.72,1.60,0.00,0.00,988.02,674.38,476.01,658.18,284.96,503.71,342.55,0.00,263.36,418.71,243.66,586.23,674.81,415.79,325.74,471.71,222.14,779.15,904.19,795.79,1141.07,1567.00,1127.83,1451.44,1813.78,1227.59,2225.62,724.75,1468.05,1057.39,1590.68,2224.75,1228.53,1345.34,2783.65,3066.41,1957.81,2305.16,2297.64,1949.91,1657.03,1542.64
84232,84277,84254.5,1478.44,101.30,3.10,1.60,0.00,0.00,0.00,0.00,0.00,0.00,536.44,211.77,0.00,263.79,260.59,351.89,187.69,301.06,412.30,585.70,102.68,289.13,458.32,377.43,418.14,603.75,801.04,808.35,1310.09,1029.49,993.85,1398.84,1628.18,1763.96,1564.23,1501.03,1478.02,1365.20,1289.06,1825.04,2992.59,2561.90,3403.58,3632.07,3341.97,2368.51,1875.75,1790.66
84291,84336,84313.5,4649.30,319.39,9.82,1.60,0.00,0.00,0.00,561.08,817.80,955.78,522.91,733.54,319.65,1055.35,616.25,537.06,386.84,544.55,781.35,465.01,70.60,641.57,781.08,1251.44,443.23,2052.46,1693.68,1630.82,3676.66,3826.60,3992.63,5528.07,6473.01,4758.14,6202.91,5673.50,7753.06,5639.25,3798.68,6361.60,9899.89,6569.96,6818.06,9899.64,9988.82,8277.51,6415.13,5114.04
84350,84395,84372.5,2767.54,146.73,4.30,1.61,0.00,0.00,0.00,0.00,1307.94,1315.14,723.38,586.38,976.77,1025.57,469.89,552.41,470.39,651.21,546.06,756.25,866.94,741.01,1030.73,1046.35,856.48,1276.91,1974.88,1901.60,2173.54,2699.23,3411.28,4048.10,3876.25,3253.57,4564.10,3747.03,3885.59,2815.85,3668.62,2936.69,4602.11,2889.10,3314.35,3873.06,3117.96,3071.81,2688.97,2801.29
84409,84454,84431.5,2225.33,111.37,3.28,1.66,0.00,0.00,1930.97,839.72,1278.57,1281.00,2027.43,1583.21,981.59,801.13,1044.60,681.27,833.03,880.81,584.71,995.42,369.91,1151.92,628.37,1002.98,895.94,1167.77,1349.36,766.39,804.02,1604.50,2080.28,1918.34,2170.32,3477.22,1984.08,1686.83,2195.72,1864.42,1599.08,2519.82,3258.08,3006.51,3593.47,3521.83,3557.41,2472.34,1905.64,1712.47
84468,84513,84490.5,1545.48,89.51,2.73,1.69,0.00,0.00,0.00,0.00,1035.98,0.00,380.50,809.24,736.38,25.87,590.43,427.78,325.16,504.59,417.37,754.49,321.08,553.69,1101.52,1347.38,929.51,727.82,727.10,911.35,1709.55,1522.27,1524.16,1412.16,1818.97,1197.69,1516.35,1492.20,688.00,730.46,1461.60,1853.28,3388.07,2658.19,2124.22,2120.58,2502.80,2387.74,1837.90,1481.21
84527,84572,84549.5,1494.77,90.38,2.80,1.70,0.00,0.00,0.00,0.00,0.00,289.49,630.63,212.86,528.72,725.16,478.81,410.87,422.09,772.54,82.03,682.68,559.24,1067.45,728.48,1008.35,822.03,1072.26,808.09,912.92,692.62,1495.90,1544.59,1248.13,1505.77,1066.83,1925.18,1967.99,1670.06,1022.24,1157.56,1269.80,1602.97,1284.87,2428.06,3199.18,3549.41,2540.07,1459.48,1352.64
84586,84631,84608.5,1755.12,89.05,2.57,1.69,0.00,0.00,0.00,0.00,0.00,409.93,1109.12,1188.42,361.02,1035.97,245.72,441.35,531.14,349.04,346.85,309.11,445.87,503.60,534.77,966.51,1181.70,577.41,1214.08,2225.43,1436.86,1836.48,2578.57,2389.10,2592.68,2547.79,2402.71,1566.86,1532.15,1276.46,1546.66,1837.66,2398.96,2829.95,2975.15,2206.86,2309.29,1809.40,1926.92,1323.91
84645,84690,84667.5,1197.25,75.49,2.28,1.70,0.00,0.00,0.00,0.00,0.01,0.00,270.34,426.34,553.76,311.68,377.21,140.55,428.17,228.63,349.01,228.39,106.83,195.24,217.69,21.27,278.62,877.36,602.66,466.39,1312.81,1212.49,1130.97,1204.90,1328.08,1692.04,956.97,1928.84,1547.14,1518.28,1040.65,1231.07,1640.22,2254.37,2051.73,2165.08,1994.73,2236.10,1618.64,1299.34
84704,84749,84726.5,1157.53,70.46,2.17,1.69,0.00,0.00,0.00,0.00,103.78,316.89,270.23,0.00,535.49,600.22,1307.03,350.26,258.47,141.74,274.27,477.40,620.90,513.94,531.16,100.25,384.56,740.13,610.19,571.75,1106.01,999.74,1143.91,864.52,998.56,1171.43,1010.63,558.54,1446.57,1405.00,841.07,2216.93,1490.17,2035.67,1490.51,1596.27,2121.37,1635.75,1990.95,1248.86
84763,84808,84785.5,1191.79,78.64,2.41,1.69,0.00,0.00,0.00,0.00,0.01,0.00,0.02,213.43,362.63,0.00,246.09,198.46,259.59,159.70,366.36,175.22,579.18,511.16,177.25,462.29,533.47,514.64,421.28,556.01,1123.65,1196.50,1428.93,1428.02,1584.71,1028.69,939.02,760.60,1335.17,956.26,1253.03,1649.50,2733.45,2578.97,2413.12,2134.20,2197.73,1343.58,1540.73,1483.37
84822,84867,84844.5,1820.28,110.66,3.31,1.69,0.00,0.00,0.00,0.00,1035.68,410.27,689.21,573.95,550.39,311.34,118.81,295.67,595.88,513.40,360.11,241.76,928.81,544.13,552.09,788.32,1070.98,652.93,327.43,697.74,525.56,1094.37,1853.10,2861.56,2480.19,3079.66,1854.27,1648.43,519.05,611.36,2634.75,2387.97,3555.46,4892.65,3700.38,3066.54,2829.81,2043.43,2042.88,1912.68
84881,84926,84903.5,2885.96,161.70,4.76,1.69,0.00,0.00,981.54,1455.00,662.47,670.35,1866.23,347.91,362.35,750.33,924.93,1103.78,570.65,313.25,326.64,748.85,555.18,653.40,631.78,983.74,1421.54,1356.27,1392.84,1953.51,3115.12,2624.44,2659.49,3037.92,3590.69,3296.03,2979.71,2715.74,3399.76,3514.74,3385.28,4083.31,4241.61,4584.34,5076.31,4874.83,4566.23,3037.85,2952.92,2721.65
84940,84985,84962.5,1958.36,114.49,3.45,1.69,0.00,0.00,1941.27,1635.34,952.22,1636.75,885.76,0.17,471.46,363.78,363.46,0.00,0.00,281.85,382.07,406.10,323.04,889.25,879.21,677.70,542.49,791.91,882.08,1000.83,1390.74,1126.64,2000.14,2600.94,2512.73,1662.95,1978.23,1488.17,695.82,722.10,1994.77,3003.83,3284.46,3747.40,3736.38,3941.67,3965.32,2414.61,2194.42,1280.01
84999,85044,85021.5,2081.98,106.35,3.22,1.63,0.00,0.00,3434.61,2003.65,1306.97,2237.69,333.05,709.34,550.34,472.50,498.76,812.44,1010.73,632.32,341.52,274.48,698.19,371.36,433.62,972.94,1062.34,952.58,1266.73,1352.53,1224.04,2094.42,1939.87,2643.39,2488.97,2657.20,1958.58,1421.06,638.97,1330.56,1253.67,2142.11,2354.74,3387.30,2672.04,3738.05,3132.99,2342.62,2246.32,1624.83
85058,85103,85080.5,1795.32,93.91,2.78,1.60,0.00,0.00,0.00,561.44,0.00,1258.18,266.77,333.74,405.38,1009.40,709.31,796.72,661.49,803.58,472.18,699.14,816.05,554.42,919.78,1256.14,1229.23,707.88,1190.00,1442.25,1447.20,1215.13,1621.60,1923.90,2706.83,1731.34,1399.55,2166.88,2157.14,1550.89,1260.41,3045.94,2886.50,2612.90,2265.61,2602.63,1921.72,1935.56,2026.01,1529.89
