Data/Raw/MOORE,RICHARD/FIREXAQ-LARGE-SMPS_DC8_20190724_R0.ict
88,1001
Richard Moore, Elizabeth Wiggins, Edward Winstead, Claire Robinson, Lee Thornhill, and Kevin Sanchez
NASA Langley Research Center
In-situ Submicron Particle Size Distributions from a SMPS on the NASA DC-8
FIREXAQ
1,1
2019,07,24,2020,03,10
0
Time_start,Secs after midnight,Time of acquisition
50
1,1,1,1,1,1,1,1,1,1,1,1,1,1,1,1,1,1,1,1,1,1,1,1,1,1,1,1,1,1,1,1,1,1,1,1,1,1,1,1,1,1,1,1,1,1,1,1,1,1
-9999,-9999,-9999,-9999,-9999,-9999,-9999,-9999,-9999,-9999,-9999,-9999,-9999,-9999,-9999,-9999,-9999,-9999,-9999,-9999,-9999,-9999,-9999,-9999,-9999,-9999,-9999,-9999,-9999,-9999,-9999,-9999,-9999,-9999,-9999,-9999,-9999,-9999,-9999,-9999,-9999,-9999,-9999,-9999,-9999,-9999,-9999,-9999,-9999,-9999
Time_stop,Secs after midnight,Time of acquisition
Time_mid,Secs after midnight,Time of acquisition
nSMPS_stdPT,#/cm3,AerMP_NumConc_InSitu_RHd_Mobility_NucltoAccu_STP,integrated_number_density
sSMPS_stdPT,um2/cm3,AerMP_SurfAreaConc_InSitu_RHd_Mobility_NucltoAccu_STP,integrated_surface_area
vSMPS_stdPT,um3/cm3,AerMP_VolConc_InSitu_RHd_Mobility_NucltoAccu_STP,integrated_volume
SMPS_stdPT, unitless, None, conversion between ambient PT and standard PT (1013, 273)
SMPS_bin00_stdPT,#/cm3,AerMP_NumSizeDist_InSitu_RHd_Mobility_NucltoAccu_STP,Binned number size distribution (in dNdlogDp) measured by the SMPS
SMPS_bin01_stdPT,#/cm3,AerMP_NumSizeDist_InSitu_RHd_Mobility_NucltoAccu_STP,Binned number size distribution (in dNdlogDp) measured by the SMPS
SMPS_bin02_stdPT,#/cm3,AerMP_NumSizeDist_InSitu_RHd_Mobility_NucltoAccu_STP,Binned number size distribution (in dNdlogDp) measured by the SMPS
SMPS_bin03_stdPT,#/cm3,AerMP_NumSizeDist_InSitu_RHd_Mobility_NucltoAccu_STP,Binned number size distribution (in dNdlogDp) measured by the SMPS
SMPS_bin04_stdPT,#/cm3,AerMP_NumSizeDist_InSitu_RHd_Mobility_NucltoAccu_STP,Binned number size distribution (in dNdlogDp) measured by the SMPS
SMPS_bin05_stdPT,#/cm3,AerMP_NumSizeDist_InSitu_RHd_Mobility_NucltoAccu_STP,Binned number size distribution (in dNdlogDp) measured by the SMPS
SMPS_bin06_stdPT,#/cm3,AerMP_NumSizeDist_InSitu_RHd_Mobility_NucltoAccu_STP,Binned number size distribution (in dNdlogDp) measured by the SMPS
SMPS_bin07_stdPT,#/cm3,AerMP_NumSizeDist_InSitu_RHd_Mobility_NucltoAccu_STP,Binned number size distribution (in dNdlogDp) measured by the SMPS
SMPS_bin08_stdPT,#/cm3,AerMP_NumSizeDist_InSitu_RHd_Mobility_NucltoAccu_STP,Binned number size distribution (in dNdlogDp) measured by the SMPS
SMPS_bin09_stdPT,#/cm3,AerMP_NumSizeDist_InSitu_RHd_Mobility_NucltoAccu_STP,Binned number size distribution (in dNdlogDp) measured by the SMPS
SMPS_bin10_stdPT,#/cm3,AerMP_NumSizeDist_InSitu_RHd_Mobility_NucltoAccu_STP,Binned number size distribution (in dNdlogDp) measured by the SMPS
SMPS_bin11_stdPT,#/cm3,AerMP_NumSizeDist_InSitu_RHd_Mobility_NucltoAccu_STP,Binned number size distribution (in dNdlogDp) measured by the SMPS
SMPS_bin12_stdPT,#/cm3,AerMP_NumSizeDist_InSitu_RHd_Mobility_NucltoAccu_STP,Binned number size distribution (in dNdlogDp) measured by the SMPS
SMPS_bin13_stdPT,#/cm3,AerMP_NumSizeDist_InSitu_RHd_Mobility_NucltoAccu_STP,Binned number size distribution (in dNdlogDp) measured by the SMPS
SMPS_bin14_stdPT,#/cm3,AerMP_NumSizeDist_InSitu_RHd_Mobility_NucltoAccu_STP,Binned number size distribution (in dNdlogDp) measured by the SMPS
[...]
UNCERTAINTY:  20%
ULOD_FLAG: -7777
ULOD_VALUE: N/A
LLOD_FLAG: -8888
LLOD_VALUE: N/A
DM_CONTACT_INFO: Lee Thornhill (Kenneth.L.Thornhill@nasa.gov)
PROJECT_INFO: FIREX-AQ
STIPULATIONS_ON_USE: No stipulations on use. The user is encouraged to contact the PI or DM prior to use.
OTHER_COMMENTS: Midpoint diameters of Bins 00 to 43 are: 0.011,0.012,0.013,0.014,0.015,0.016,0.017,0.018,0.019,0.021,0.022,0.024,0.026,0.028,0.030,0.032,0.035,0.037,0.040,0.043,0.046,0.050,0.053,0.057,0.061,0.066,0.071,0.076,0.082,0.088,0.095,0.102,0.109,0.118,0.126,0.136,0.146,0.157,0.168,0.181,0.194,0.209,0.225,0.241
REVISION: R0
R0: Final Data. Data are corrected for time lags and ammonium sulfate size calibrations.
*******************************************************************************************************************************
Time_start,Time_stop,Time_mid,nSMPS_stdPT,sSMPS_stdPT,vSMPS_stdPT,SMPS_stdPT,SMPS_bin00_stdPT,SMPS_bin01_stdPT,SMPS_bin02_stdPT,SMPS_bin03_stdPT,SMPS_bin04_stdPT,SMPS_bin05_stdPT,SMPS_bin06_stdPT,SMPS_bin07_stdPT,SMPS_bin08_stdPT,SMPS_bin09_stdPT,SMPS_bin10_stdPT,SMPS_bin11_stdPT,SMPS_bin12_stdPT,SMPS_bin13_stdPT,SMPS_bin14_stdPT,SMPS_bin15_stdPT,SMPS_bin16_stdPT,SMPS_bin17_stdPT,SMPS_bin18_stdPT,SMPS_bin19_stdPT,SMPS_bin20_stdPT,SMPS_bin21_stdPT,SMPS_bin22_stdPT,SMPS_bin23_stdPT,SMPS_bin24_stdPT,SMPS_bin25_stdPT,SMPS_bin26_stdPT,SMPS_bin27_stdPT,SMPS_bin28_stdPT,SMPS_bin29_stdPT,SMPS_bin30_stdPT,SMPS_bin31_stdPT,SMPS_bin32_stdPT,SMPS_bin33_stdPT,SMPS_bin34_stdPT,SMPS_bin35_stdPT,SMPS_bin36_stdPT,SMPS_bin37_stdPT,SMPS_bin38_stdPT,SMPS_bin39_stdPT,SMPS_bin40_stdPT,SMPS_bin41_stdPT,SMPS_bin42_stdPT,SMPS_bin43_stdPT
[from data line 50]
79389,79434,79411.5,2152.46,45.20,1.17,1.54,0.00,0.00,3295.61,4464.88,1413.63,1889.80,2246.21,2046.04,2391.10,1955.08,2290.68,1384.80,916.17,1549.04,1672.39,1758.96,1852.13,1645.91,2564.72,1326.65,1392.31,1954.42,1880.37,1781.90,2240.90,2501.83,1842.78,1378.08,1879.71,1204.35,1395.61,1355.80,1315.32,769.76,859.03,1236.16,1071.01,832.09,921.30,1199.61,659.63,694.63,787.41,537.76
79448,79493,79470.5,3290.95,72.50,1.89,1.51,0.00,0.00,1941.45,6938.67,3525.62,4871.94,2470.27,3407.70,4568.85,4114.41,3252.53,1649.40,3334.01,3436.88,2350.78,2408.91,3126.41,4076.95,3220.40,2134.64,1687.27,1961.20,2033.75,1830.58,2553.76,1622.69,1796.64,2039.66,1569.54,2756.74,1235.55,1719.01,2826.43,2457.41,1960.63,2189.78,2298.98,1744.93,1415.33,1330.90,1629.91,1168.43,1058.68,836.84
79507,79552,79529.5,2454.99,57.18,1.46,1.51,0.00,0.00,2889.48,2584.66,4596.51,3834.75,2979.40,2083.21,1230.97,1028.98,1660.42,548.69,790.86,949.43,1867.56,2226.45,1941.83,2307.62,2711.42,2788.67,1806.61,2103.50,2388.13,1754.04,1984.05,1462.40,1456.90,1659.29,2388.14,1871.42,2796.35,2672.50,1997.16,1050.54,1974.70,1568.01,1413.94,929.31,985.07,1124.37,1016.57,1060.37,883.38,643.05
79566,79611,79588.5,1601.52,29.80,0.72,1.51,0.00,0.00,1369.06,3105.52,1143.85,2120.73,2408.52,1257.20,1812.13,1842.64,1210.35,938.92,1322.20,1026.98,1643.05,1204.87,1792.96,1105.80,1520.79,1532.98,1529.02,1509.38,1385.33,1681.52,1392.55,1776.59,929.57,958.95,1226.45,1167.52,946.28,842.98,512.79,549.62,600.96,944.81,801.23,692.15,751.91,916.98,559.12,460.51,273.47,304.78
79625,79670,79647.5,3272.32,66.68,1.80,1.51,0.00,0.00,4536.31,9021.18,7990.94,5171.82,3430.82,2478.32,1548.93,1391.36,3212.56,3487.23,3204.77,4625.46,4436.38,2845.35,2641.86,2059.42,1205.13,1447.69,1747.36,2278.85,1145.47,1520.47,2056.45,2298.25,1058.20,1536.39,1524.16,1990.65,2308.86,2443.18,3782.08,1706.77,906.64,699.22,970.18,995.66,1447.77,1989.75,1396.28,1144.59,1312.36,1030.42
79684,79729,79706.5,2407.04,58.17,1.49,1.51,0.00,0.00,3846.13,1754.13,3538.32,3131.49,2053.52,2971.66,1827.20,1803.02,1746.20,1563.85,1129.59,1408.70,2146.83,1433.77,1611.82,1930.23,2041.85,1343.75,2095.30,1841.93,2721.02,1898.34,2041.53,1440.50,1938.78,730.32,1665.45,1866.58,1789.21,1217.36,2897.18,2918.15,2107.98,1593.03,1705.52,1058.61,867.23,1047.01,1435.17,1146.12,624.14,460.89
79743,79788,79765.5,3450.60,83.07,2.00,1.51,0.00,0.00,731.82,4956.08,2439.49,2241.08,1217.13,2141.86,2778.50,1402.88,1977.95,2432.15,1002.44,1763.53,2328.20,2336.15,3119.21,3621.66,3307.64,3301.43,3693.48,4107.89,4601.22,3757.36,3661.63,3971.00,4269.17,3283.79,2412.02,5073.97,4275.70,2184.43,2691.64,2566.90,2909.04,1075.41,1155.27,1895.64,2726.38,2677.35,1410.08,903.99,643.99,760.28
79802,79847,79824.5,2923.44,75.99,1.92,1.51,0.00,0.00,2466.17,3320.06,3011.56,2139.67,3030.24,2183.24,2691.50,2194.93,1094.64,476.85,2237.80,1758.46,2264.51,2157.65,3452.22,2981.81,3267.21,4069.81,2610.88,2427.90,1729.52,2964.20,1375.30,933.96,1844.41,1580.81,567.05,1600.63,4117.79,3877.19,3013.35,2489.67,2671.45,2146.05,2416.19,1806.09,2073.91,1705.20,1337.31,1371.82,980.75,587.51
79861,79906,79883.5,3137.08,87.65,2.37,1.51,0.00,0.00,2882.68,2062.18,5569.96,3495.67,3419.45,1641.79,2743.41,3054.35,3175.76,2808.24,2372.81,1681.83,2488.14,2352.49,1943.60,2228.99,3042.67,3521.11,2454.59,2191.57,1942.88,1722.02,1856.56,2258.90,1414.28,1116.49,963.78,2296.42,2331.03,2005.63,2327.88,3694.34,2966.53,2884.69,2393.57,2116.52,2102.87,2085.71,1906.80,1540.01,1348.23,1135.58
79920,79965,79942.5,4548.53,106.42,2.53,1.51,0.00,0.00,3719.32,6579.19,3004.35,1570.12,3041.83,2478.82,3357.42,1513.65,2110.53,1542.19,3367.20,3359.50,3904.31,3690.80,4009.63,4100.59,5097.14,5470.29,4933.62,5259.41,4623.75,4330.78,3137.57,4178.08,3719.47,4914.64,4374.36,5807.50,3970.32,3349.42,4033.72,4082.01,3449.84,3726.14,3201.47,2712.24,2374.46,1906.91,1605.11,1387.42,982.30,849.12
79979,80024,80001.5,3511.72,102.73,2.58,1.51,0.00,0.00,1373.34,1620.69,1055.79,1893.40,2084.63,2839.31,1667.28,1437.85,1596.26,1564.49,1640.17,2208.71,2052.66,2275.88,3055.61,3143.79,3362.98,3792.16,4818.89,4009.42,3530.48,3345.43,4309.06,2515.65,1886.36,3327.91,4429.25,3775.55,3861.51,4167.64,4081.79,2577.81,2762.13,2340.75,3122.08,3151.03,2913.65,2596.38,2033.82,1395.47,1081.69,975.93
80038,80083,80060.5,3655.41,57.88,1.37,1.51,0.00,0.00,2473.98,6081.13,4764.51,4669.16,4450.36,6031.00,3133.54,4065.31,4590.48,4752.36,2990.66,4813.99,5047.32,3534.39,3650.18,3175.41,3179.02,2835.92,3223.59,3051.30,2375.82,2597.87,2205.23,1698.15,1462.18,2522.01,3082.43,2290.41,1275.95,2081.06,1692.31,652.82,1301.80,1798.14,1689.04,1365.94,1555.97,1396.26,1100.99,863.75,734.81,468.56
80098,80143,80120.5,2797.92,57.76,1.46,1.51,0.00,0.00,1368.57,4865.31,4987.95,1710.45,3730.89,2864.80,2084.16,3336.90,2747.97,1649.62,2559.11,2058.74,2710.55,1896.14,2740.12,1934.89,2702.77,2679.71,3227.53,3115.18,2368.31,1541.50,1758.55,1692.95,1875.15,2050.09,2107.23,2659.28,2210.28,1608.85,800.62,1105.28,1184.08,1516.42,2107.41,1491.63,1189.40,1263.46,1160.05,950.70,896.17,488.20
80157,80202,80179.5,15195.79,979.25,28.16,1.51,0.00,0.00,1100.97,2355.46,1884.66,2991.58,1935.02,1893.94,1938.66,1943.73,2337.50,1785.44,1527.36,2717.85,2064.60,1950.97,2192.00,2667.00,2836.49,2172.19,2050.49,3457.50,3975.06,8553.05,9371.05,9390.70,11599.90,12119.83,13798.77,8195.98,6852.03,15920.32,28352.32,32780.71,25930.53,39947.36,42712.82,38316.48,25619.59,24597.63,25283.56,23196.88,17431.18,12061.16
80216,80261,80238.5,4495.11,162.01,4.03,1.51,0.00,0.00,2055.16,2203.71,1555.19,3492.64,2160.59,1866.14,1233.96,2870.79,1770.25,1783.62,1387.90,1270.04,2142.45,2508.39,3182.31,1923.16,2276.56,2522.19,2258.88,2476.66,2762.09,1779.40,957.40,3224.86,4221.68,3333.34,4443.56,11515.46,11049.28,8069.32,4776.17,6068.81,5490.56,5433.16,4839.49,4603.41,5080.80,4516.25,3394.49,2154.58,1655.83,889.31
80275,80320,80297.5,6502.18,337.22,9.49,1.51,0.00,0.00,1368.00,2579.88,1349.01,3856.46,5409.93,3902.61,1204.45,1172.45,2653.35,2156.27,2326.19,2370.97,2103.39,2183.87,1686.23,1354.36,1821.84,3182.98,3221.13,3775.01,3791.73,3469.47,4175.66,4575.30,3474.17,3236.96,5019.79,5111.16,6760.99,6077.67,9414.85,7782.06,9513.01,9362.88,12823.63,14571.63,12191.39,11423.55,7587.20,7288.17,5587.06,3178.14
80334,80379,80356.5,3172.05,100.84,2.66,1.51,0.00,0.00,2466.46,3563.49,3971.89,2255.85,2568.56,2029.17,2620.86,2442.13,1594.95,1403.00,1287.15,791.01,1457.48,1660.67,1427.21,1773.16,2647.85,2459.09,2236.01,3359.46,2428.73,2188.15,2374.98,2740.63,2450.56,2333.33,3169.50,3031.67,2692.45,2442.22,4003.48,3298.85,3158.08,2902.87,2852.90,2927.28,2471.80,2974.36,2002.38,2078.02,1114.20,1164.71
80393,80438,80415.5,4168.04,101.72,2.51,1.51,0.00,0.00,826.07,4948.70,3795.40,3156.78,2862.13,2701.53,2510.20,2620.63,2529.68,4130.96,4677.21,3268.81,3389.20,3156.73,2917.70,3754.26,3377.27,4603.37,3987.49,3089.51,3909.50,3662.95,3761.02,3220.56,4096.81,4037.68,4176.71,3359.40,4190.70,4317.03,2541.05,3115.22,3456.91,3226.32,3214.91,2404.77,1927.17,2175.28,2034.71,1458.87,1029.94,937.74
80452,80497,80474.5,3557.77,58.11,1.43,1.52,0.00,0.00,5907.82,5645.92,5730.61,4200.50,4416.92,3379.51,3947.85,3352.36,3612.53,3503.30,3697.28,3464.73,3837.78,3564.45,2858.49,3198.73,4326.21,4212.95,3678.61,2593.37,2733.64,1863.24,2411.08,2384.54,2191.40,2417.17,2254.72,1536.15,866.90,625.42,1270.24,840.33,1676.24,1417.34,1779.25,1664.43,1572.90,1530.76,1135.31,823.74,707.13,697.81
80511,80556,80533.5,4162.03,57.08,1.38,1.51,0.00,0.00,2199.76,10190.77,8929.07,5797.59,4560.58,3990.41,4713.62,5417.56,4426.90,4210.70,6494.27,6808.53,6382.77,4846.50,5561.76,4516.10,4803.91,4076.73,2906.61,1725.66,2474.25,1522.63,257.29,674.09,1821.04,594.30,1014.73,2819.58,2928.77,2256.36,1364.83,1398.31,974.42,1690.13,1083.61,1237.79,1271.24,1434.95,1036.01,1134.89,869.08,468.27
80570,80615,80592.5,4126.67,76.24,1.89,1.51,0.00,0.00,4537.83,5415.01,6795.41,4491.28,4249.43,4141.02,4811.25,5388.26,6560.32,6683.42,4654.83,4068.35,4984.89,3532.75,3270.43,2070.49,2463.29,2715.64,2575.04,1792.18,2129.14,1411.51,1679.29,1955.50,3741.02,4057.64,4259.60,3123.14,1976.65,2084.77,2575.68,1775.66,979.39,2028.90,2402.61,1884.96,2103.93,1823.95,1503.74,1116.82,947.47,791.79
80629,80674,80651.5,4018.39,73.89,1.84,1.51,0.00,0.00,6056.30,3863.44,5004.69,4320.47,5450.96,4828.82,4860.01,4003.84,3168.46,3550.42,3422.80,4031.30,3562.96,3779.16,4190.04,3692.58,3639.28,3660.50,3599.05,2821.45,2752.71,2080.60,2813.84,3253.98,2962.68,3418.83,2631.39,3305.37,2502.36,2626.62,2634.34,2213.33,1066.49,1578.77,1697.80,1818.27,1528.99,1156.24,1247.23,988.75,1180.93,847.27
80688,80733,80710.5,5007.89,260.52,7.69,1.51,0.00,0.00,1786.73,1361.64,352.93,2712.59,2554.87,2750.29,2195.39,2985.37,2611.85,2839.98,2615.43,2437.24,1515.39,1231.33,1220.88,1820.49,2764.34,3370.78,3303.28,3521.94,2380.30,2786.54,2161.25,2702.71,3458.23,3491.22,3295.07,3576.84,6676.63,8538.05,5277.12,2812.58,5374.99,5880.74,7012.23,7501.10,8193.06,8354.75,7037.36,5748.43,5129.66,4249.58
80747,80792,80769.5,4741.05,188.01,5.39,1.51,0.00,0.00,4270.53,1500.86,3762.23,3789.72,3555.61,3300.07,2726.97,3093.34,3090.12,2545.91,2740.27,2433.52,2641.84,2634.93,3250.92,1983.74,2627.01,3961.57,3572.16,3799.14,2191.53,2164.68,2692.44,3194.99,2089.05,3172.41,4647.86,5306.08,4767.92,5646.93,6475.25,5065.00,3769.18,3812.56,4256.04,3988.84,4449.04,4797.94,4859.58,4526.46,3526.74,2897.47
80806,80851,80828.5,3328.03,78.02,2.10,1.51,0.00,0.00,281.90,4832.42,4689.17,3707.15,5278.54,5390.79,3840.05,3995.82,4453.91,2719.04,4040.67,3707.96,2523.67,2595.10,2502.18,1830.94,2161.75,2498.37,2215.18,1705.55,1626.10,2336.29,1593.49,1181.14,1174.25,2143.32,1949.29,2396.42,1833.34,3054.39,2763.18,2120.88,2175.44,1903.22,1721.95,1566.89,2033.68,2027.51,1236.98,1500.71,1241.84,1114.61
80865,80910,80887.5,2896.07,62.67,1.67,1.51,0.00,0.00,3577.15,1656.13,3237.09,5805.82,5819.04,2988.65,3379.11,3130.44,2701.31,3959.62,2848.33,3347.86,2666.98,1603.51,2139.83,1264.04,1240.99,1793.82,1896.28,1813.64,2262.47,1849.84,1837.00,2096.56,2295.30,1939.12,1494.27,1826.56,1981.61,1440.23,1301.80,1416.50,1595.60,1784.89,1134.09,1544.01,1364.80,1528.72,1466.03,1032.72,1356.44,677.75
80924,80969,80946.5,2765.36,63.25,1.67,1.51,0.00,0.00,2204.41,4311.58,2783.36,3218.75,2263.62,3583.22,2432.32,3649.06,2274.29,3090.70,3157.73,2652.35,2257.11,2499.44,1938.79,1987.28,2244.10,1502.80,2356.60,2008.77,2296.44,2269.67,2187.26,1606.07,2022.51,1899.82,1650.75,1451.43,1676.07,1367.04,1862.46,1453.98,1232.30,1569.11,2159.40,1501.37,1127.69,1815.87,1464.72,1125.75,1033.50,781.51
80983,81028,81005.5,3022.50,74.93,1.99,1.51,0.00,0.00,3844.39,3752.84,1823.96,2682.44,3066.99,2864.51,3661.35,4057.25,2728.82,2724.82,2918.26,3532.46,2542.86,2425.56,1652.45,2416.52,1671.39,2145.68,2054.22,2793.60,2465.64,2572.92,1949.43,2581.21,1432.21,1408.80,746.99,1998.76,1251.88,1910.86,3013.80,2182.73,2524.16,1855.17,2377.07,1869.49,1442.61,2419.30,1479.43,1279.62,1014.87,810.61
81042,81087,81064.5,3328.76,78.43,2.08,1.51,0.00,0.00,2053.36,5418.71,3355.46,4023.72,2916.16,2921.45,3597.81,4132.01,3525.34,3994.32,3810.67,2280.73,2151.05,2351.12,2135.71,1594.85,2309.95,2657.28,3608.72,3513.77,2606.32,2048.11,2567.21,2500.54,1596.50,1592.51,2259.74,1866.34,1543.34,3181.84,3257.49,2008.42,2359.46,2263.81,2087.81,1322.39,1220.41,1631.23,1562.82,1343.74,1524.95,901.17
81101,81146,81123.5,3591.56,93.75,2.43,1.51,0.00,0.00,1370.39,5772.46,1941.88,4063.44,2695.20,4732.67,2537.25,3290.97,3005.04,2815.51,1955.88,2686.76,1775.18,2381.27,1757.40,1788.76,2471.57,3531.46,3328.70,4107.26,3803.61,3415.74,3585.78,3057.73,2144.24,2262.80,3965.71,3102.26,2633.81,3216.80,3147.53,1968.72,1975.37,1972.36,2312.64,2140.21,2611.25,2406.13,2340.78,1959.97,1345.10,1028.55
81160,81205,81182.5,3447.03,86.97,2.26,1.51,0.00,0.00,0.00,3192.90,2845.81,3961.34,3578.51,3604.95,3172.57,3473.53,3430.75,3175.06,3255.87,4054.72,3447.06,3140.81,2462.87,2399.34,2985.14,2624.02,2884.37,2117.40,1903.20,2078.81,2895.71,2017.56,2869.54,3404.09,2495.72,2354.78,3345.75,2684.54,2246.36,2626.16,2343.90,1714.70,2330.89,3018.71,2169.49,1658.44,1620.88,1675.41,1474.59,951.42
81219,81264,81241.5,3321.23,64.67,1.65,1.52,0.00,0.00,2200.54,6870.64,4126.72,3827.13,3897.78,3471.83,3167.36,3570.21,4474.76,3832.62,5198.03,3826.98,3844.92,3413.00,3175.70,2488.59,2413.74,2139.70,1641.31,2164.93,1145.50,1739.66,1022.96,2392.06,1972.74,2039.25,1791.18,1402.02,1569.36,2659.14,2780.76,1964.37,1527.36,2039.61,1875.71,1719.44,1264.02,1094.71,1169.64,1065.65,937.60,732.53
81278,81323,81300.5,3737.99,69.17,1.81,1.51,0.00,0.00,3575.82,6039.41,6589.26,6995.04,4415.09,4452.27,4492.72,4648.19,4813.56,5544.03,5581.44,4856.52,4393.78,3221.12,3432.54,2371.70,1937.69,2291.43,1466.25,1087.94,2006.50,2057.07,1775.93,1373.58,1819.86,2157.05,2211.34,1355.71,2043.45,1828.92,1355.43,1517.57,1601.69,1705.89,1631.64,1813.48,1702.29,2152.41,1748.79,1320.37,987.69,710.30
81337,81382,81359.5,3854.08,87.88,2.31,1.51,0.00,0.00,3715.02,6522.53,5131.69,5180.86,4512.78,4556.20,3333.35,4982.96,3070.46,3319.90,4627.55,3617.32,3340.08,3372.95,2562.27,2879.70,2382.69,1965.88,2928.39,2755.03,2125.40,1577.76,2161.17,2112.39,2179.97,2294.12,2739.50,3064.39,2013.53,3085.83,2911.56,1940.73,2162.00,2972.56,2300.74,2205.64,2316.27,2309.19,1563.60,1533.62,976.43,1163.25
81396,81441,81418.5,3004.64,79.79,2.04,1.51,0.00,0.00,2058.96,4883.03,4341.83,3501.74,1589.23,1340.55,2076.95,2351.50,1846.26,1293.33,1576.22,1853.68,2204.82,1510.27,2073.53,2315.25,2421.83,2319.79,2517.79,2231.29,2523.32,2751.05,2677.32,3007.66,3477.35,2634.93,2619.92,2381.57,1726.06,2726.91,2418.69,1922.54,3319.20,2499.45,2045.21,1363.49,2272.10,2091.01,1449.89,1505.18,1126.43,733.48
81455,81500,81477.5,2929.71,56.70,1.39,1.53,0.00,0.00,2886.14,6707.44,4725.32,4370.35,5378.52,3144.15,3481.32,2148.46,1402.26,2483.95,2588.60,1419.47,2364.58,1978.40,1683.18,1419.90,1650.07,3175.01,2545.16,2305.13,2319.58,2673.68,1899.38,2048.81,2486.86,1344.97,1185.08,1468.69,1586.35,1868.53,2264.84,1811.25,2172.29,1579.15,1525.93,1415.19,1401.86,1347.17,1095.25,974.93,697.49,365.08
81514,81559,81536.5,1955.32,49.00,1.26,1.65,0.00,0.00,0.00,3861.28,3175.51,1563.38,1679.49,2506.44,1527.34,1069.15,1722.12,1364.06,1840.98,1886.79,1814.00,1975.89,1238.75,918.90,816.94,1778.46,1409.88,1443.53,1505.09,1494.43,1645.28,1595.53,1245.40,1441.45,1528.29,1088.05,1294.19,1324.20,1527.82,1453.74,1504.25,1792.69,1404.75,1401.18,1097.74,1546.60,785.55,750.73,602.75,660.02
81573,81618,81595.5,1033.92,28.77,0.77,1.78,0.00,0.00,0.00,0.00,234.09,1954.35,815.50,634.27,2190.04,890.10,1147.99,928.75,1075.48,664.83,1069.97,832.13,606.19,1206.69,525.95,926.96,792.69,636.38,1097.13,692.08,467.90,796.58,714.56,636.55,943.84,978.25,401.36,854.82,923.83,626.57,981.58,662.62,786.24,907.90,656.26,550.83,699.24,568.43,267.62,462.00
81632,81677,81654.5,1062.14,31.70,0.89,1.88,0.00,0.00,0.00,0.00,1766.82,2234.06,415.40,1133.57,1024.20,1489.43,315.79,454.14,472.19,1215.98,899.06,621.34,410.17,684.14,589.57,808.93,816.08,572.10,830.60,833.25,1161.16,869.44,810.89,1231.81,737.84,1151.12,1190.86,1321.75,648.81,990.84,630.31,578.35,659.18,567.32,442.77,680.32,646.78,646.73,417.80,329.09
81691,81736,81713.5,700.09,16.72,0.45,1.95,0.00,0.00,0.00,0.00,818.02,1247.73,1427.48,554.26,0.00,767.86,474.19,256.60,666.66,577.14,606.73,477.17,249.61,722.60,569.71,1003.37,723.90,1166.03,599.61,564.13,401.98,602.55,937.73,599.30,515.40,790.64,622.63,461.46,372.98,644.78,323.72,323.56,442.45,134.48,179.15,232.17,266.25,198.89,302.36,243.21
81750,81795,81772.5,439.82,10.99,0.31,1.95,0.00,0.00,0.00,0.00,1244.59,964.50,719.86,0.00,194.44,50.34,517.95,122.51,200.60,465.41,469.10,578.79,307.78,233.72,480.08,472.87,317.54,376.04,183.44,459.44,364.93,323.45,681.11,747.06,379.22,293.20,320.83,186.01,173.05,200.50,221.14,231.93,111.19,133.16,96.66,119.08,316.57,168.80,261.61,129.69
