Data/Raw/MOORE,RICHARD/FIREXAQ-LARGE-SMPS_DC8_20190815_R0.ict
88,1001
Richard Moore, Elizabeth Wiggins, Edward Winstead, Claire Robinson, Lee Thornhill, and Kevin Sanchez
NASA Langley Research Center
In-situ Submicron Particle Size Distributions from a SMPS on the NASA DC-8
FIREXAQ
1,1
2019,08,15,2020,03,10
0
Time_start,Secs after midnight,Time of acquisition
50
1,1,1,1,1,1,1,1,1,1,1,1,1,1,1,1,1,1,1,1,1,1,1,1,1,1,1,1,1,1,1,1,1,1,1,1,1,1,1,1,1,1,1,1,1,1,1,1,1,1
-9999,-9999,-9999,-9999,-9999,-9999,-9999,-9999,-9999,-9999,-9999,-9999,-9999,-9999,-9999,-9999,-9999,-9999,-9999,-9999,-9999,-9999,-9999,-9999,-9999,-9999,-9999,-9999,-9999,-9999,-9999,-9999,-9999,-9999,-9999,-9999,-9999,-9999,-9999,-9999,-9999,-9999,-9999,-9999,-9999,-9999,-9999,-9999,-9999,-9999
Time_stop,Secs after midnight,Time of acquisition
Time_mid,Secs after midnight,Time of acquisition
nSMPS_stdPT,#/cm3,AerMP_NumConc_InSitu_RHd_Mobility_NucltoAccu_STP,integrated_number_density
sSMPS_stdPT,um2/cm3,AerMP_SurfAreaConc_InSitu_RHd_Mobility_NucltoAccu_STP,integrated_surface_area
vSMPS_stdPT,um3/cm3,AerMP_VolConc_InSitu_RHd_Mobility_NucltoAccu_STP,integrated_volume
SMPS_stdPT, unitless, None, conversion between ambient PT and standard PT (1013, 273)
SMPS_bin00_stdPT,#/cm3,AerMP_NumSizeDist_InSitu_RHd_Mobility_NucltoAccu_STP,Binned number size distribution (in dNdlogDp) measured by the SMPS
SMPS_bin01_stdPT,#/cm3,AerMP_NumSizeDist_InSitu_RHd_Mobility_NucltoAccu_STP,Binned number size distribution (in dNdlogDp) measured by the SMPS
SMPS_bin02_stdPT,#/cm3,AerMP_NumSizeDist_InSitu_RHd_Mobility_NucltoAccu_STP,Binned number size distribution (in dNdlogDp) measured by the SMPS
SMPS_bin03_stdPT,#/cm3,AerMP_NumSizeDist_InSitu_RHd_Mobility_NucltoAccu_STP,Binned number size distribution (in dNdlogDp) measured by the SMPS
SMPS_bin04_stdPT,#/cm3,AerMP_NumSizeDist_InSitu_RHd_Mobility_NucltoAccu_STP,Binned number size distribution (in dNdlogDp) measured by the SMPS
SMPS_bin05_stdPT,#/cm3,AerMP_NumSizeDist_InSitu_RHd_Mobility_NucltoAccu_STP,Binned number size distribution (in dNdlogDp) measured by the SMPS
SMPS_bin06_stdPT,#/cm3,AerMP_NumSizeDist_InSitu_RHd_Mobility_NucltoAccu_STP,Binned number size distribution (in dNdlogDp) measured by the SMPS
SMPS_bin07_stdPT,#/cm3,AerMP_NumSizeDist_InSitu_RHd_Mobility_NucltoAccu_STP,Binned number size distribution (in dNdlogDp) measured by the SMPS
SMPS_bin08_stdPT,#/cm3,AerMP_NumSizeDist_InSitu_RHd_Mobility_NucltoAccu_STP,Binned number size distribution (in dNdlogDp) measured by the SMPS
SMPS_bin09_stdPT,#/cm3,AerMP_NumSizeDist_InSitu_RHd_Mobility_NucltoAccu_STP,Binned number size distribution (in dNdlogDp) measured by the SMPS
SMPS_bin10_stdPT,#/cm3,AerMP_NumSizeDist_InSitu_RHd_Mobility_NucltoAccu_STP,Binned number size distribution (in dNdlogDp) measured by the SMPS
SMPS_bin11_stdPT,#/cm3,AerMP_NumSizeDist_InSitu_RHd_Mobility_NucltoAccu_STP,Binned number size distribution (in dNdlogDp) measured by the SMPS
SMPS_bin12_stdPT,#/cm3,AerMP_NumSizeDist_InSitu_RHd_Mobility_NucltoAccu_STP,Binned number size distribution (in dNdlogDp) measured by the SMPS
SMPS_bin13_stdPT,#/cm3,AerMP_NumSizeDist_InSitu_RHd_Mobility_NucltoAccu_STP,Binned number size distribution (in dNdlogDp) measured by the SMPS
SMPS_bin14_stdPT,#/cm3,AerMP_NumSizeDist_InSitu_RHd_Mobility_NucltoAccu_STP,Binned number size distribution (in dNdlogDp) measured by the SMPS
[...]
UNCERTAINTY:  20%
ULOD_FLAG: -7777
ULOD_VALUE: N/A
LLOD_FLAG: -8888
LLOD_VALUE: N/A
DM_CONTACT_INFO: Lee Thornhill (Kenneth.L.Thornhill@nasa.gov)
PROJECT_INFO: FIREX-AQ
STIPULATIONS_ON_USE: No stipulations on use. The user is encouraged to contact the PI or DM prior to use.
OTHER_COMMENTS: Midpoint diameters of Bins 00 to 43 are: 0.011,0.012,0.013,0.014,0.015,0.016,0.017,0.018,0.019,0.021,0.022,0.024,0.026,0.028,0.030,0.032,0.035,0.037,0.040,0.043,0.046,0.050,0.053,0.057,0.061,0.066,0.071,0.076,0.082,0.088,0.095,0.102,0.109,0.118,0.126,0.136,0.146,0.157,0.168,0.181,0.194,0.209,0.225,0.241
REVISION: R0
R0: Final Data. Data are corrected for time lags and ammonium sulfate size calibrations.
*******************************************************************************************************************************
Time_start,Time_stop,Time_mid,nSMPS_stdPT,sSMPS_stdPT,vSMPS_stdPT,SMPS_stdPT,SMPS_bin00_stdPT,SMPS_bin01_stdPT,SMPS_bin02_stdPT,SMPS_bin03_stdPT,SMPS_bin04_stdPT,SMPS_bin05_stdPT,SMPS_bin06_stdPT,SMPS_bin07_stdPT,SMPS_bin08_stdPT,SMPS_bin09_stdPT,SMPS_bin10_stdPT,SMPS_bin11_stdPT,SMPS_bin12_stdPT,SMPS_bin13_stdPT,SMPS_bin14_stdPT,SMPS_bin15_stdPT,SMPS_bin16_stdPT,SMPS_bin17_stdPT,SMPS_bin18_stdPT,SMPS_bin19_stdPT,SMPS_bin20_stdPT,SMPS_bin21_stdPT,SMPS_bin22_stdPT,SMPS_bin23_stdPT,SMPS_bin24_stdPT,SMPS_bin25_stdPT,SMPS_bin26_stdPT,SMPS_bin27_stdPT,SMPS_bin28_stdPT,SMPS_bin29_stdPT,SMPS_bin30_stdPT,SMPS_bin31_stdPT,SMPS_bin32_stdPT,SMPS_bin33_stdPT,SMPS_bin34_stdPT,SMPS_bin35_stdPT,SMPS_bin36_stdPT,SMPS_bin37_stdPT,SMPS_bin38_stdPT,SMPS_bin39_stdPT,SMPS_bin40_stdPT,SMPS_bin41_stdPT,SMPS_bin42_stdPT,SMPS_bin43_stdPT
[from data line 302]
100865,100910,100888,11361.16,151.20,3.86,1.83,0.00,0.00,10476.62,12415.85,14942.84,14066.90,19654.04,14825.81,20489.94,20132.77,18617.13,17631.27,18048.57,15779.24,13547.52,14746.19,12725.51,11258.73,9330.21,6725.07,7891.60,7228.13,6506.44,5655.46,5715.71,4983.13,4172.30,4170.24,5084.11,4208.72,3329.71,3402.49,3605.13,2429.01,3589.23,3648.97,3066.04,2713.85,3026.05,2696.33,2769.77,2059.98,1927.88,1788.66
100924,100969,100946,10858.60,111.74,2.55,1.83,0.00,0.00,16482.70,17385.83,12207.90,8641.79,12750.32,17045.35,13558.65,15553.02,20264.24,18679.67,15992.78,15979.10,16139.58,16652.06,15019.60,13988.73,11360.54,10043.82,8121.22,7380.70,6504.61,3974.31,3792.78,4073.68,2387.92,4050.97,3638.95,3807.75,3426.76,2905.85,2629.82,3458.88,3070.32,1972.97,3062.57,2279.62,1280.64,994.19,1817.25,1570.93,959.65,1073.62
100983,101028,101006,8373.95,95.22,2.27,1.83,0.00,0.00,11281.31,9675.39,13296.21,12337.80,13812.19,11654.91,10087.91,14260.88,12378.67,11116.79,12937.70,12836.43,11156.02,9772.02,10809.03,8839.32,7271.82,7677.15,6761.65,5371.17,4103.27,2952.30,3497.47,2699.87,2886.37,3230.39,3339.16,3702.35,3069.62,2619.21,3496.43,2580.96,2472.28,2020.06,1490.43,1594.41,1351.87,1473.10,1319.58,1282.14,1148.18,911.26
101042,101087,101064,6966.81,80.48,1.89,1.86,0.00,0.00,8241.78,7575.36,13495.50,10079.10,9324.31,11503.59,9625.59,9382.76,11883.36,12125.93,9929.14,10074.56,7350.86,8323.98,7552.41,5609.48,5625.29,5539.53,5171.57,4977.88,3030.32,4885.83,3581.42,2341.10,2889.73,2860.26,1888.19,2560.44,3525.65,2876.46,2782.98,2430.83,2548.44,1517.14,1316.89,968.97,1488.60,981.72,1406.23,1089.32,791.23,613.54
101101,101146,101124,8333.82,90.62,2.01,1.87,0.00,0.00,9341.62,7208.43,6216.62,8535.99,9295.49,14949.75,12003.98,9477.92,11576.80,15425.68,15386.00,13321.19,13507.74,10362.96,11321.88,10661.30,8279.80,8821.47,7494.48,6062.72,4482.32,3747.39,4229.32,3494.71,4317.64,4228.07,2970.05,3335.31,3451.72,2432.84,2484.03,2922.22,2381.73,2351.43,1577.73,1937.68,1539.03,909.35,1119.62,867.68,868.41,748.80
101160,101205,101182,8556.23,94.36,2.08,1.87,0.00,0.00,5411.21,4810.88,9356.27,6648.07,12090.06,10626.38,11163.55,12997.17,12443.38,12957.08,14392.20,14000.86,14075.38,13990.76,14135.27,11984.95,9697.67,8060.51,7601.53,8262.24,6577.02,5617.53,3086.74,3441.54,2620.36,3093.99,3606.16,3313.02,3195.13,2973.32,2980.95,2287.52,2656.02,1924.15,2006.81,2086.14,1664.18,1005.60,1184.97,1162.04,908.64,779.53
101219,101264,101242,7189.84,83.03,1.92,1.87,0.00,0.00,4429.20,8208.80,10489.27,9102.72,10586.25,8061.49,8752.79,9816.93,11789.07,14317.73,12860.13,12035.11,9746.27,9703.39,8175.68,7217.02,6690.35,5494.33,4833.27,5170.48,5177.44,3457.34,3606.29,3312.80,3367.43,2466.36,3169.10,3465.88,2849.62,2801.30,2830.26,2221.16,2270.72,1248.45,1463.00,1250.47,1404.58,982.82,1081.65,1505.76,942.28,810.31
101278,101323,101300,5081.14,87.13,2.20,1.87,0.00,0.00,7138.68,8054.62,4404.33,2042.52,6581.22,4192.11,5215.37,7712.28,5800.59,5207.47,6878.86,6474.00,5340.01,5255.69,4885.02,3933.89,4578.87,5098.07,5416.74,5164.12,3511.31,2968.84,3615.50,2733.59,3073.31,2926.24,3418.89,3529.54,3267.03,2591.88,2461.96,2969.76,2038.50,2150.20,1546.08,1767.72,1483.45,1101.54,1563.08,960.87,1207.40,1072.25
101338,101383,101360,5379.45,81.29,1.98,1.87,0.00,0.00,9663.97,5452.42,5520.79,7074.42,4222.60,8501.37,7353.15,6143.30,7050.76,7852.33,6826.32,5869.62,4853.64,4567.34,4638.95,4220.55,4868.21,5051.96,4851.31,4202.86,3744.98,3920.61,2894.14,3921.83,3207.61,3890.71,2715.98,2967.84,3390.65,2603.32,3179.89,2527.68,2271.99,1651.79,1543.72,1171.54,1061.08,1471.10,1326.05,1011.12,1032.84,807.67
101397,101442,101420,7083.13,84.79,1.86,1.87,0.00,0.00,3423.07,5148.56,10328.97,7982.55,6674.39,9028.65,7984.10,11486.60,9346.78,11391.65,12305.82,10801.58,11337.70,9870.55,8171.33,7723.82,8247.03,7920.90,6206.86,6410.90,4041.30,3590.77,3203.16,3195.67,3085.87,4131.42,3611.50,3534.12,3213.93,3466.09,2621.75,2185.86,2409.28,2365.00,1582.43,1341.33,1781.37,1229.60,1177.24,983.72,821.49,569.35
101456,101501,101478,7920.64,82.99,1.82,1.87,0.00,0.00,16793.89,6768.16,10446.47,8679.25,6678.29,7426.73,10457.56,14436.97,12360.07,11888.57,13132.04,14179.90,11241.42,10326.80,7898.29,8944.89,7789.81,8095.90,6897.19,6023.12,4798.43,3988.86,3211.65,2954.24,3670.76,3460.83,2989.64,3211.54,3194.77,2708.94,2440.78,2503.89,2038.06,1787.25,1562.48,1659.94,1398.10,1027.92,1221.77,890.55,889.04,605.48
101515,101560,101538,8919.96,95.35,2.07,1.87,0.00,0.00,6843.93,4983.03,9245.64,8187.31,11047.56,12225.09,11256.42,16369.58,11220.68,16222.25,13820.32,14859.79,15884.65,12890.28,12050.03,13807.09,9271.64,9277.78,7526.28,7588.81,6307.36,5116.70,4109.87,3299.82,2508.69,3903.73,3400.89,3484.69,3539.35,4396.59,2980.42,3152.47,1959.00,1364.53,1442.45,1265.85,2083.77,1374.05,1402.98,1583.80,831.54,544.11
101574,101619,101596,7214.99,91.59,2.18,1.87,0.00,0.00,8967.43,3680.53,10008.93,5336.34,5700.59,9769.34,13982.61,9927.68,12992.77,11524.07,10869.08,11842.45,9662.19,8530.80,8456.79,8482.67,6860.79,6220.03,5273.62,6271.86,5776.01,3598.79,3182.30,3209.70,3826.90,3235.79,2969.20,3091.81,3895.20,2979.02,2537.37,2222.99,2278.62,1534.12,1620.59,1880.21,1544.34,1215.48,1340.15,1613.60,1049.94,680.46
101633,101678,101656,5256.12,86.35,2.13,1.87,0.00,0.00,4941.02,3219.17,7976.97,3198.36,5351.66,6833.97,6153.59,7377.59,4921.93,8054.28,6902.15,6645.27,6743.58,7331.50,6142.89,4101.84,4006.17,4350.39,5234.26,4816.05,4097.46,4046.03,3063.77,2972.37,2819.69,3001.19,3693.65,3018.69,2976.22,2363.84,2845.16,2322.65,2473.34,1927.83,1442.80,2184.00,1374.03,1561.85,1590.33,1155.21,1152.57,681.04
101692,101737,101714,6894.95,429.07,14.93,1.87,0.00,0.00,5456.64,3857.05,6410.63,3457.83,4102.12,4263.00,5322.25,3668.46,5373.44,5855.30,4870.44,5368.53,4447.83,4379.55,3876.50,3999.46,3279.17,3903.14,3530.96,2720.59,3146.18,2729.54,2435.15,2646.63,2203.18,2173.16,3500.74,4288.67,3303.81,3287.80,4582.81,4648.54,4452.56,4804.72,6052.23,6117.41,5865.83,7914.31,11509.80,11790.11,9287.28,9634.04
101751,101796,101774,6292.54,514.34,17.50,1.87,0.00,0.00,1199.95,4187.18,134.86,1352.87,1038.20,1514.32,781.46,1371.50,1562.48,1429.11,1079.16,1407.78,1196.21,1374.65,1019.25,974.05,1514.03,1962.20,1926.26,2453.57,1389.46,985.16,2666.90,2751.11,2858.39,5538.39,5729.08,4752.48,6050.36,7513.23,5087.42,7474.21,8224.81,8048.84,8977.14,11230.07,9335.48,8054.63,13206.39,13014.51,10957.92,10458.43
101810,101855,101832,4333.65,370.07,12.52,1.89,0.00,0.00,1199.91,1768.18,1333.20,0.00,660.58,544.72,192.51,222.21,501.11,651.33,326.77,515.85,487.61,268.14,586.03,674.30,704.35,669.99,1242.12,1182.24,1273.01,1065.35,1610.32,1556.04,1713.85,1834.17,3779.39,4131.53,6167.45,5435.40,6809.60,5668.10,4186.67,5740.82,5495.70,6490.90,7103.62,8259.85,10017.44,9423.63,8112.24,7608.04
101869,101914,101892,5085.49,457.47,15.70,1.94,0.00,0.00,0.00,2384.50,1447.80,219.38,765.26,274.93,242.59,568.28,461.35,652.90,118.69,259.65,382.29,208.75,466.45,385.15,1024.53,832.47,969.39,1218.89,1535.94,2098.67,2126.38,2391.38,3611.14,4644.59,3329.05,5138.21,4728.54,5010.91,4662.09,6320.71,5696.87,5897.12,7221.32,6496.91,8177.64,10698.47,11695.99,12806.69,11570.63,9609.54
101928,101973,101950,3887.21,316.06,10.63,1.95,0.00,0.00,0.00,0.00,800.31,0.00,355.39,549.72,243.39,352.59,623.35,459.74,384.15,714.77,460.85,198.08,447.67,646.02,839.10,884.42,1052.93,819.38,1522.96,2299.58,2344.44,1863.80,2325.13,3039.28,3301.47,4017.98,4726.52,5302.20,6098.20,7564.27,6967.86,5547.25,4114.80,4697.24,5078.16,5132.44,6314.49,7689.43,6908.93,7292.19
101987,102032,102010,3544.82,248.64,8.03,1.95,0.00,0.00,0.00,1193.80,1203.81,220.29,649.31,636.04,707.50,367.51,303.52,360.37,669.15,402.18,521.52,772.94,566.19,437.83,775.42,480.19,929.11,1290.27,1358.51,1682.83,2627.78,3095.25,3348.99,3175.01,4176.37,3799.79,4448.48,5067.02,5962.64,4864.91,6472.40,4443.76,4119.39,5138.24,5181.02,4888.90,4981.15,5519.03,4887.42,4368.44
102046,102091,102068,2840.77,147.76,4.40,1.95,0.00,0.00,0.00,0.00,666.13,0.00,1405.75,879.61,1911.82,1504.34,1548.54,770.65,938.38,632.35,311.72,694.80,967.88,1532.81,714.12,923.80,1586.29,1556.81,2322.84,2045.48,2249.80,1594.71,3064.69,3241.78,3707.61,4522.62,3836.61,3977.80,4438.41,4050.67,3408.26,2220.12,3198.47,4098.20,3578.07,2592.93,3442.69,3308.34,2584.83,1886.98
102105,102150,102128,2930.14,107.65,3.11,1.95,0.00,0.00,0.00,780.06,4935.66,2781.48,1488.00,2392.02,3377.88,1944.70,1607.83,1862.56,1982.96,2763.56,2528.55,1588.94,1560.06,695.44,1126.46,1105.80,1094.88,1831.49,1716.16,1511.51,1314.68,1490.60,2145.11,2829.62,2908.14,4198.66,4228.46,3911.71,3768.45,3671.00,3179.84,2784.46,2309.17,1774.04,1679.51,1451.05,1999.99,1738.93,1738.46,1506.89
102164,102209,102186,2668.98,103.12,2.89,1.95,0.00,0.00,0.00,0.00,2003.51,1893.99,1408.32,3175.39,2109.71,1906.30,1887.73,1594.79,1925.51,2407.28,1105.62,1425.20,1469.45,1815.80,1343.69,547.77,750.26,1208.83,683.45,538.56,1009.18,1869.03,2290.88,3640.65,4079.31,4475.82,4073.75,3175.86,3158.92,3165.69,2889.38,2418.41,2415.47,3011.86,2797.77,1982.48,1843.07,1599.22,1324.85,1087.51
102223,102268,102246,3302.26,123.23,3.45,1.95,0.00,0.00,0.00,1005.64,1461.22,4079.02,2276.19,1542.82,2528.58,2785.59,2290.61,2965.82,1608.78,2045.88,1509.59,2047.13,1721.04,1291.19,1560.60,1735.10,1369.30,1245.07,1964.06,2186.94,2044.73,2533.38,3042.34,4637.36,3247.64,3906.75,5343.44,5010.41,4069.96,3775.75,3368.59,3088.39,2809.35,2802.38,2536.41,2273.88,2332.50,2392.63,1867.64,1054.70
102282,102327,102304,2905.09,114.29,3.12,1.95,0.00,0.00,0.00,970.05,0.00,1417.65,1164.55,844.52,2012.67,1696.06,3042.37,1955.45,1801.30,2070.33,1639.11,1829.00,1476.52,1492.68,1375.32,1189.55,868.20,844.49,1577.57,2085.33,2506.30,3261.92,3351.11,3539.35,3245.64,4168.83,3016.92,3839.48,4040.79,3984.40,3230.56,3279.53,3698.52,2887.13,2551.96,2448.62,2356.53,1788.03,1604.39,1292.91
102341,102386,102364,2858.35,123.18,3.47,1.95,0.00,0.00,0.00,2146.50,12.86,1897.23,0.00,493.80,1887.76,1757.62,1088.78,1677.66,1265.91,1411.87,1365.85,1037.51,1962.59,1618.21,1235.12,1388.53,1544.09,1132.41,1609.95,1956.46,1826.19,2309.77,3086.61,2823.82,3548.61,3719.90,4960.84,4755.05,3418.35,4229.50,4342.46,3718.09,2673.92,2885.12,2014.11,2386.33,2462.95,2311.97,1890.12,1680.82
102400,102445,102422,3157.81,131.63,3.75,1.95,0.00,0.00,0.00,532.50,1325.25,2172.70,1280.33,1182.10,2464.92,2889.11,3048.48,2193.16,2218.68,2069.47,1544.66,1657.75,1886.53,1521.51,1428.90,1115.89,995.36,1023.37,1938.65,1875.05,1885.24,2102.78,2975.49,3814.68,3346.65,4226.83,3852.19,3799.69,4170.47,3631.81,3693.89,3353.23,3282.11,3683.41,2712.22,3107.07,2922.63,2362.26,2109.59,1679.75
102459,102504,102482,3062.19,89.22,2.08,1.95,0.00,0.00,716.65,801.99,1450.85,2468.47,1144.58,2481.05,2350.89,2004.53,2398.10,1390.60,2601.80,2596.96,3530.67,2021.62,1536.46,2185.00,2334.98,1842.01,1784.13,1516.60,1418.87,280.58,585.18,2038.56,3300.41,3578.87,4630.71,5021.82,4811.66,3683.22,4549.21,3205.06,3113.56,3690.97,3953.38,2403.05,2272.74,3068.22,1299.04,957.84,596.92,112.80
102518,102563,102540,2394.47,58.14,1.47,2.06,0.00,0.00,0.00,3918.55,2537.05,1243.33,747.27,2474.59,1223.28,2000.65,2565.46,3233.48,2671.70,3034.26,2069.95,2545.23,1901.58,1715.42,2025.96,1432.09,900.15,1105.80,1145.53,1421.09,1363.22,1853.14,1489.53,1891.84,2908.21,2827.26,2630.42,2829.13,2547.89,2730.43,2128.08,2036.59,1520.72,1152.20,697.26,521.98,865.71,709.83,517.96,553.50
102577,102622,102600,2108.12,24.50,0.55,2.20,0.00,0.00,0.00,7282.42,5798.07,2226.45,3517.41,3543.93,2709.32,3837.53,3795.61,4010.05,2049.77,1770.74,2557.41,2333.60,1157.33,1310.99,1196.32,656.32,758.45,782.65,625.91,1305.17,579.42,930.70,935.27,1092.88,1059.18,1207.34,1003.62,974.51,692.78,859.75,832.86,802.04,596.44,585.06,459.57,274.40,337.08,427.13,337.60,136.70
102636,102681,102658,2570.33,11.21,0.19,2.32,0.00,0.00,0.00,14922.99,11541.18,8336.88,8180.05,8152.24,3980.58,4503.19,2204.11,2234.85,1765.07,2258.78,1311.99,969.27,616.53,939.32,593.60,509.17,529.56,294.97,699.66,592.35,899.46,669.30,974.52,379.73,276.18,226.02,562.47,351.62,499.82,680.37,578.58,108.25,140.26,228.30,178.22,141.95,31.96,86.45,66.21,0.00
102695,102740,102718,2725.57,9.08,0.16,2.43,0.00,0.00,0.00,0.00,19415.32,10959.27,13860.79,9812.04,8149.65,5763.07,3769.33,1788.11,2288.16,797.38,645.63,671.22,1136.01,658.06,421.74,789.64,285.90,362.20,360.00,371.64,465.06,343.75,449.96,672.02,289.90,423.34,369.20,469.97,269.90,299.60,122.53,304.47,29.41,30.84,88.03,69.78,0.00,18.68,49.80,0.00
102754,102799,102776,1922.34,7.17,0.13,2.55,0.00,0.00,0.00,0.00,17105.98,10601.12,8247.94,5658.30,1384.15,4558.87,2037.27,1686.83,829.63,683.01,434.48,1061.29,627.57,471.21,276.12,280.90,616.72,334.88,472.83,477.81,327.26,200.03,313.80,314.47,134.07,639.59,193.87,319.88,264.26,114.37,224.69,225.55,69.40,16.67,0.00,108.03,0.00,0.00,48.44,36.89
102813,102858,102836,1935.09,6.27,0.11,2.68,0.00,0.00,0.00,0.00,12960.87,7734.26,9585.12,9748.70,4121.34,4261.75,1809.46,1664.11,1206.96,578.27,1090.44,608.39,531.22,394.74,344.26,353.11,625.52,632.64,301.81,206.40,548.99,347.44,321.56,205.42,211.62,249.18,278.60,189.88,176.65,78.05,186.97,70.96,46.73,0.00,0.00,0.00,0.00,75.28,0.00,0.00
102872,102917,102894,4077.22,8.31,0.09,2.78,0.00,0.00,0.00,0.00,0.00,35471.20,16757.22,18263.26,10721.81,13046.87,13545.98,5546.76,4359.93,2254.62,1875.18,1980.90,771.10,443.66,327.04,533.07,192.74,514.70,520.35,279.11,349.70,954.29,395.14,295.68,133.88,126.11,32.77,95.22,102.92,73.52,130.95,155.93,50.50,0.00,34.14,0.00,0.00,0.00,52.27,40.28
102931,102976,102954,2111.09,5.79,0.06,2.88,0.00,0.00,0.00,0.00,0.00,19615.41,8752.55,10257.11,4559.49,4201.28,4943.11,2237.96,692.15,1376.14,1416.16,689.32,974.99,752.50,904.94,838.59,450.01,626.51,411.10,522.55,166.43,791.71,465.03,473.17,398.16,291.51,181.54,62.88,167.24,105.61,36.34,0.00,61.60,0.00,0.00,51.90,39.42,19.70,20.63,0.00
102990,103035,103012,2918.79,7.96,0.11,2.93,0.00,0.00,0.00,0.00,0.00,17620.10,21611.37,12188.40,9469.65,7163.22,4971.86,3542.74,2647.80,2606.58,1703.21,1351.86,900.17,458.96,670.58,744.02,477.48,615.14,647.17,477.17,464.00,445.21,516.00,270.84,0.00,276.85,333.70,286.67,296.51,104.13,141.82,0.00,157.08,0.00,38.59,0.00,108.18,8.07,0.00,41.77
103049,103094,103072,2648.51,8.36,0.14,2.93,0.00,0.00,0.00,0.00,0.00,19975.06,18764.39,10633.08,8434.68,6659.85,4340.59,1642.81,2552.05,1265.40,747.79,611.17,623.02,443.52,379.77,1006.78,739.53,930.74,446.41,469.70,711.39,533.26,203.73,415.48,342.70,229.09,188.62,124.76,399.33,138.11,221.71,37.89,160.80,96.90,103.78,0.00,10.02,39.30,0.00,0.00
103108,103153,103130,2004.67,6.56,0.10,2.93,0.00,0.00,0.00,0.00,0.00,10630.32,13921.11,8213.52,7025.62,4899.32,5674.07,2268.29,841.32,814.76,868.82,570.01,690.23,452.37,516.75,833.07,782.32,483.73,721.77,436.58,433.16,360.47,396.58,449.28,423.75,279.57,292.47,207.54,143.39,118.64,51.15,0.73,115.44,80.68,0.00,47.61,0.00,17.97,0.00,0.00
103167,103212,103190,1870.73,7.31,0.12,2.92,0.00,0.00,0.00,0.00,0.00,18692.38,10252.75,7671.55,5245.55,2527.52,2865.70,1418.01,1166.17,218.99,656.94,418.24,561.76,627.03,619.56,551.74,377.92,759.88,656.11,227.76,205.77,710.80,429.92,606.99,268.16,252.40,344.89,307.29,344.07,72.50,354.03,71.45,16.96,80.00,13.40,0.00,39.19,39.71,80.29,80.08
103226,103271,103248,1920.28,7.24,0.11,2.92,0.00,0.00,0.00,0.00,0.00,17234.68,8801.36,9649.14,5293.67,2151.37,1709.07,2066.01,1625.58,826.19,1214.44,659.53,544.31,1135.71,933.89,804.50,428.88,509.19,387.58,553.98,872.74,544.81,931.00,557.47,203.39,177.33,451.68,340.84,135.25,11.54,156.17,44.74,160.81,69.76,76.30,0.00,77.88,19.49,60.47,0.00
103285,103330,103308,0.00,0.00,0.00,2.93,0.00,0.00,0.00,0.00,0.00,0.00,0.00,0.00,0.00,0.00,0.00,0.00,0.00,0.00,0.00,0.00,0.00,0.00,0.00,0.00,0.00,0.00,0.00,0.00,0.00,0.00,0.00,0.00,0.00,0.00,0.00,0.00,0.00,0.00,0.00,0.00,0.00,0.00,0.00,0.00,0.00,0.00,0.00,0.00
