Data/Raw/MOORE,RICHARD/FIREXAQ-LARGE-SMPS_DC8_20190821_R0.ict
88,1001
Richard Moore, Elizabeth Wiggins, Edward Winstead, Claire Robinson, Lee Thornhill, and Kevin Sanchez
NASA Langley Research Center
In-situ Submicron Particle Size Distributions from a SMPS on the NASA DC-8
FIREXAQ
1,1
2019,08,21,2020,03,10
0
Time_start,Secs after midnight,Time of acquisition
50
1,1,1,1,1,1,1,1,1,1,1,1,1,1,1,1,1,1,1,1,1,1,1,1,1,1,1,1,1,1,1,1,1,1,1,1,1,1,1,1,1,1,1,1,1,1,1,1,1,1
-9999,-9999,-9999,-9999,-9999,-9999,-9999,-9999,-9999,-9999,-9999,-9999,-9999,-9999,-9999,-9999,-9999,-9999,-9999,-9999,-9999,-9999,-9999,-9999,-9999,-9999,-9999,-9999,-9999,-9999,-9999,-9999,-9999,-9999,-9999,-9999,-9999,-9999,-9999,-9999,-9999,-9999,-9999,-9999,-9999,-9999,-9999,-9999,-9999,-9999
Time_stop,Secs after midnight,Time of acquisition
Time_mid,Secs after midnight,Time of acquisition
nSMPS_stdPT,#/cm3,AerMP_NumConc_InSitu_RHd_Mobility_NucltoAccu_STP,integrated_number_density
sSMPS_stdPT,um2/cm3,AerMP_SurfAreaConc_InSitu_RHd_Mobility_NucltoAccu_STP,integrated_surface_area
vSMPS_stdPT,um3/cm3,AerMP_VolConc_InSitu_RHd_Mobility_NucltoAccu_STP,integrated_volume
SMPS_stdPT, unitless, None, conversion between ambient PT and standard PT (1013, 273)
SMPS_bin00_stdPT,#/cm3,AerMP_NumSizeDist_InSitu_RHd_Mobility_NucltoAccu_STP,Binned number size distribution (in dNdlogDp) measured by the SMPS
SMPS_bin01_stdPT,#/cm3,AerMP_NumSizeDist_InSitu_RHd_Mobility_NucltoAccu_STP,Binned number size distribution (in dNdlogDp) measured by the SMPS
SMPS_bin02_stdPT,#/cm3,AerMP_NumSizeDist_InSitu_RHd_Mobility_NucltoAccu_STP,Binned number size distribution (in dNdlogDp) measured by the SMPS
SMPS_bin03_stdPT,#/cm3,AerMP_NumSizeDist_InSitu_RHd_Mobility_NucltoAccu_STP,Binned number size distribution (in dNdlogDp) measured by the SMPS
SMPS_bin04_stdPT,#/cm3,AerMP_NumSizeDist_InSitu_RHd_Mobility_NucltoAccu_STP,Binned number size distribution (in dNdlogDp) measured by the SMPS
SMPS_bin05_stdPT,#/cm3,AerMP_NumSizeDist_InSitu_RHd_Mobility_NucltoAccu_STP,Binned number size distribution (in dNdlogDp) measured by the SMPS
SMPS_bin06_stdPT,#/cm3,AerMP_NumSizeDist_InSitu_RHd_Mobility_NucltoAccu_STP,Binned number size distribution (in dNdlogDp) measured by the SMPS
SMPS_bin07_stdPT,#/cm3,AerMP_NumSizeDist_InSitu_RHd_Mobility_NucltoAccu_STP,Binned number size distribution (in dNdlogDp) measured by the SMPS
SMPS_bin08_stdPT,#/cm3,AerMP_NumSizeDist_InSitu_RHd_Mobility_NucltoAccu_STP,Binned number size distribution (in dNdlogDp) measured by the SMPS
SMPS_bin09_stdPT,#/cm3,AerMP_NumSizeDist_InSitu_RHd_Mobility_NucltoAccu_STP,Binned number size distribution (in dNdlogDp) measured by the SMPS
SMPS_bin10_stdPT,#/cm3,AerMP_NumSizeDist_InSitu_RHd_Mobility_NucltoAccu_STP,Binned number size distribution (in dNdlogDp) measured by the SMPS
SMPS_bin11_stdPT,#/cm3,AerMP_NumSizeDist_InSitu_RHd_Mobility_NucltoAccu_STP,Binned number size distribution (in dNdlogDp) measured by the SMPS
SMPS_bin12_stdPT,#/cm3,AerMP_NumSizeDist_InSitu_RHd_Mobility_NucltoAccu_STP,Binned number size distribution (in dNdlogDp) measured by the SMPS
SMPS_bin13_stdPT,#/cm3,AerMP_NumSizeDist_InSitu_RHd_Mobility_NucltoAccu_STP,Binned number size distribution (in dNdlogDp) measured by the SMPS
SMPS_bin14_stdPT,#/cm3,AerMP_NumSizeDist_InSitu_RHd_Mobility_NucltoAccu_STP,Binned number size distribution (in dNdlogDp) measured by the SMPS
[...]
UNCERTAINTY:  20%
ULOD_FLAG: -7777
ULOD_VALUE: N/A
LLOD_FLAG: -8888
LLOD_VALUE: N/A
DM_CONTACT_INFO: Lee Thornhill (Kenneth.L.Thornhill@nasa.gov)
PROJECT_INFO: FIREX-AQ
STIPULATIONS_ON_USE: No stipulations on use. The user is encouraged to contact the PI or DM prior to use.
OTHER_COMMENTS: Midpoint diameters of Bins 00 to 43 are: 0.011,0.012,0.013,0.014,0.015,0.016,0.017,0.018,0.019,0.021,0.022,0.024,0.026,0.028,0.030,0.032,0.035,0.037,0.040,0.043,0.046,0.050,0.053,0.057,0.061,0.066,0.071,0.076,0.082,0.088,0.095,0.102,0.109,0.118,0.126,0.136,0.146,0.157,0.168,0.181,0.194,0.209,0.225,0.241
REVISION: R0
R0: Final Data. Data are corrected for time lags and ammonium sulfate size calibrations.
*******************************************************************************************************************************
Time_start,Time_stop,Time_mid,nSMPS_stdPT,sSMPS_stdPT,vSMPS_stdPT,SMPS_stdPT,SMPS_bin00_stdPT,SMPS_bin01_stdPT,SMPS_bin02_stdPT,SMPS_bin03_stdPT,SMPS_bin04_stdPT,SMPS_bin05_stdPT,SMPS_bin06_stdPT,SMPS_bin07_stdPT,SMPS_bin08_stdPT,SMPS_bin09_stdPT,SMPS_bin10_stdPT,SMPS_bin11_stdPT,SMPS_bin12_stdPT,SMPS_bin13_stdPT,SMPS_bin14_stdPT,SMPS_bin15_stdPT,SMPS_bin16_stdPT,SMPS_bin17_stdPT,SMPS_bin18_stdPT,SMPS_bin19_stdPT,SMPS_bin20_stdPT,SMPS_bin21_stdPT,SMPS_bin22_stdPT,SMPS_bin23_stdPT,SMPS_bin24_stdPT,SMPS_bin25_stdPT,SMPS_bin26_stdPT,SMPS_bin27_stdPT,SMPS_bin28_stdPT,SMPS_bin29_stdPT,SMPS_bin30_stdPT,SMPS_bin31_stdPT,SMPS_bin32_stdPT,SMPS_bin33_stdPT,SMPS_bin34_stdPT,SMPS_bin35_stdPT,SMPS_bin36_stdPT,SMPS_bin37_stdPT,SMPS_bin38_stdPT,SMPS_bin39_stdPT,SMPS_bin40_stdPT,SMPS_bin41_stdPT,SMPS_bin42_stdPT,SMPS_bin43_stdPT
[from data line 133]
62188,62233,62210.5,1111.57,47.71,1.38,1.41,0.00,0.00,0.00,833.77,684.30,0.00,184.42,0.00,484.34,530.07,353.29,640.90,208.50,972.31,489.19,733.28,956.39,853.80,1165.68,1091.37,1392.54,1175.09,1096.56,904.82,1019.08,1375.11,874.97,1016.44,1187.02,838.03,738.95,632.86,1028.12,587.89,682.21,490.89,1314.42,1176.16,1286.34,1451.86,1500.39,1480.27,1338.48,800.12
62247,62292,62269.5,1135.63,48.07,1.38,1.40,0.00,0.00,0.00,0.00,646.25,0.00,184.25,148.57,404.25,546.73,335.31,376.57,485.09,854.30,786.16,839.51,709.08,1215.95,977.16,1028.13,1394.24,1303.61,1206.09,1587.19,1968.53,1252.29,944.64,1294.09,732.83,662.62,754.81,682.15,550.13,627.12,685.59,1150.95,966.43,1119.94,1191.46,1625.44,1658.76,1364.36,1226.62,852.92
62306,62351,62328.5,1071.44,47.74,1.37,1.40,0.00,0.00,0.00,0.00,0.00,233.01,184.15,0.00,132.54,209.42,346.37,648.74,207.56,814.41,583.96,621.52,647.53,536.33,729.50,1346.88,1451.06,1295.28,1909.15,1727.40,1268.08,1066.01,1376.46,920.64,649.94,751.21,643.46,642.47,803.15,723.55,711.98,1291.09,954.57,1266.53,1420.86,1318.93,1438.78,1092.44,1300.04,1020.97
62365,62410,62387.5,1205.08,53.34,1.55,1.40,0.00,0.00,0.00,0.00,0.02,0.00,389.16,48.22,88.27,106.90,247.81,666.48,406.28,581.76,889.43,1110.46,1188.25,1330.81,1486.24,1355.09,1513.44,1428.24,1620.21,1674.59,1083.85,1023.08,1029.36,1117.59,1117.25,837.09,983.08,1354.92,1077.09,506.04,69.13,974.71,804.10,1279.31,1895.16,1632.45,1621.10,1377.54,1591.12,1057.01
62424,62469,62446.5,1419.61,51.36,1.45,1.40,207.49,1844.98,565.57,425.48,304.79,532.08,599.51,467.06,244.94,107.57,437.69,356.69,1028.52,485.15,1033.22,725.37,1003.75,1490.93,1469.15,2307.03,2192.04,1584.35,1041.22,1695.12,1601.96,1721.91,1178.17,1227.90,1216.75,726.48,1257.77,1092.92,760.25,277.57,1347.73,585.17,558.05,1118.47,1715.20,1591.75,1559.94,1497.69,1447.28,794.97
62483,62528,62505.5,1574.49,58.28,1.62,1.41,1254.94,0.00,0.00,0.00,303.97,0.00,181.49,445.69,372.02,767.05,775.83,791.92,823.15,1198.27,1850.15,1711.96,1703.20,2092.59,1815.39,1645.30,1809.63,1889.49,2011.28,1234.74,1325.06,951.32,1136.99,688.02,1150.21,965.64,1467.31,1224.47,1530.26,1372.24,1270.38,990.61,1283.32,1456.20,1653.87,1550.68,1743.03,1791.94,1035.48,1118.68
62542,62587,62564.5,1640.12,59.12,1.64,1.41,1251.41,827.62,1203.39,1306.31,1606.76,0.00,575.16,800.75,254.61,575.72,210.53,771.92,1021.96,509.87,1210.71,1286.70,1514.53,2103.51,1462.82,1771.14,1318.27,1279.04,1372.75,1700.47,1195.07,1567.67,1125.56,960.99,1249.93,1395.32,522.45,1198.25,1241.31,980.36,1248.37,1578.14,1398.76,1880.84,1577.37,1803.87,2017.48,1378.09,1493.58,734.63
62601,62646,62623.5,1308.26,60.45,1.71,1.40,0.00,0.00,0.00,410.23,0.01,0.00,185.05,212.91,479.24,112.28,261.75,268.88,460.61,840.20,380.27,892.71,1454.06,1444.42,892.18,1572.92,949.98,1467.58,1378.59,1716.48,1154.25,1117.17,1348.56,1020.80,440.37,966.29,1224.66,1230.06,936.67,1457.40,1534.55,1586.50,1258.50,1607.35,2061.67,2081.35,1579.34,1324.33,1374.11,1179.94
62660,62705,62682.5,1343.24,54.97,1.52,1.40,1583.37,0.00,0.00,0.00,350.98,266.38,390.59,324.12,376.94,357.03,47.72,504.26,157.65,718.32,487.10,1275.09,1161.84,1068.87,1398.57,1408.85,1509.28,1700.17,1544.48,1310.05,818.07,1063.17,1005.66,635.36,962.30,1117.27,1252.55,1626.80,1542.17,1545.45,1833.62,1253.91,1165.60,993.44,1432.50,1672.51,1563.54,1536.93,990.50,1030.73
62719,62764,62741.5,1312.02,53.45,1.49,1.41,0.00,1653.43,681.93,1442.33,883.18,395.77,557.83,47.77,193.39,125.03,255.79,303.93,375.19,576.26,550.27,645.12,1223.84,945.43,1097.95,1422.45,1377.04,1132.02,1099.79,1041.12,1099.54,971.06,1441.88,1113.03,346.94,972.10,683.60,440.25,1136.74,1440.00,1149.60,1601.20,1738.65,1644.79,1467.96,1739.01,2099.72,1262.42,823.26,786.16
62778,62823,62800.5,1834.93,57.55,1.52,1.40,2617.12,3008.73,683.74,957.38,0.00,234.27,348.62,760.30,572.38,622.59,280.34,731.77,728.70,455.51,862.48,918.93,1181.21,1338.71,1398.96,1904.91,2568.78,1868.08,1972.85,1668.58,2331.50,1588.28,1273.06,1484.28,2326.01,2423.30,2111.97,2051.22,2509.23,1627.04,231.66,1093.08,1262.24,788.61,880.09,1700.78,2046.06,1262.44,1140.98,900.92
62837,62882,62859.5,2281.38,64.78,1.69,1.40,4210.21,1830.71,2613.36,487.43,2611.14,778.38,1280.19,817.13,243.22,858.65,1147.83,363.35,750.18,712.65,820.90,1008.71,1142.76,1610.22,1522.72,2626.28,3102.78,3347.27,3119.40,2647.57,2282.91,2040.94,1859.90,1519.03,1643.56,2426.34,1900.83,1539.37,2020.25,1395.23,1531.31,1352.45,1437.73,1629.14,1818.96,1818.12,1531.63,1531.76,1097.08,974.74
62896,62941,62918.5,1709.20,60.37,1.59,1.41,2505.72,0.00,234.52,280.39,837.19,333.54,414.29,767.70,120.02,140.69,397.17,602.61,923.63,597.05,1067.09,1225.31,907.47,1795.85,1810.36,1962.20,2405.80,1505.37,1923.08,1317.71,1025.85,1120.93,1330.68,1407.84,1401.20,2118.23,1649.29,2148.09,1917.80,2163.67,1704.53,1562.30,1432.87,1582.39,1772.63,1735.19,1303.13,1305.46,1226.95,710.63
62955,63000,62977.5,1574.78,55.28,1.45,1.41,0.00,0.00,1320.69,409.56,352.02,282.28,305.25,201.38,368.55,0.00,445.72,702.50,759.71,580.61,656.95,1145.99,1015.59,1839.53,2181.94,2394.84,2296.03,2552.21,2192.22,1600.91,1107.51,900.14,1017.62,685.39,978.81,1327.76,1465.49,1987.62,2333.22,2069.46,1207.98,1872.71,1262.63,1160.76,1817.72,1406.95,1390.44,959.59,989.37,847.33
63014,63059,63036.5,2535.43,73.20,1.95,1.41,0.00,1007.78,1249.81,1812.96,2930.49,1460.21,2203.70,1828.75,1896.80,907.19,1492.07,1874.04,1442.13,1904.05,1792.01,1634.39,1881.22,2911.73,3118.83,3167.98,2682.74,2626.61,3000.42,1807.07,1589.35,1863.16,1141.51,1377.34,1282.93,1760.97,2151.20,2370.86,2124.00,1344.55,1946.67,2280.94,1551.41,1308.04,2246.98,2279.96,1622.27,1489.80,1508.64,1260.14
63073,63118,63095.5,1693.49,60.51,1.64,1.41,0.00,1007.83,1249.86,0.00,0.00,282.20,345.95,305.15,114.00,736.20,274.50,782.27,502.15,1080.38,1485.85,1895.01,2285.63,2772.91,2290.36,2464.16,2736.62,2255.20,1555.38,1438.59,866.81,697.45,520.71,631.61,755.93,1149.80,1318.34,1947.28,1736.34,1761.12,1453.43,1370.47,1461.24,1681.08,2122.68,1789.59,1525.36,1625.05,1072.98,844.19
63132,63177,63154.5,1465.09,51.31,1.43,1.40,0.00,1005.12,0.00,409.49,530.80,99.44,206.58,150.84,752.79,451.98,637.07,665.08,1044.90,1248.18,1959.13,2106.76,1642.00,2073.45,2386.28,1836.37,2143.95,2006.91,1118.58,1236.15,793.81,695.13,636.82,825.88,692.84,770.97,1009.27,792.20,871.99,874.67,1064.19,1295.48,1526.90,1240.49,1971.72,1740.88,1110.71,1214.47,1076.02,966.62
63191,63236,63213.5,1403.03,54.50,1.53,1.40,0.00,0.00,0.00,0.00,0.00,0.00,0.00,196.16,844.56,740.27,702.82,976.09,899.37,1058.27,1584.24,1293.82,1699.47,2455.24,2089.76,1972.73,1979.29,1756.87,1348.90,1228.32,865.76,888.41,727.55,626.90,754.74,464.84,618.23,913.20,822.56,1103.39,1096.59,1410.88,1328.42,1539.03,1972.63,1939.49,1621.42,1552.94,889.31,934.44
63250,63295,63272.5,1168.65,44.51,1.23,1.42,0.00,0.00,0.00,0.00,0.00,47.36,164.59,486.61,263.83,358.15,786.89,339.38,502.38,1180.38,1551.34,976.52,1447.85,1794.43,1903.11,1411.09,1509.78,1517.44,1322.24,756.93,743.03,546.93,871.03,487.66,833.15,764.94,613.51,871.56,934.37,709.14,1247.40,907.04,1452.60,1077.62,1616.24,1228.55,1851.50,915.84,712.95,691.27
63309,63354,63331.5,942.10,42.20,1.25,1.49,0.00,0.00,0.00,0.00,352.95,2422.06,233.70,184.57,0.00,111.46,93.68,419.08,867.10,284.78,491.07,703.43,397.97,674.58,862.97,1556.45,746.00,757.85,745.57,616.17,701.83,839.89,801.80,741.89,704.43,795.69,648.50,395.42,695.01,764.38,543.09,1314.68,1099.59,1315.30,825.98,1178.37,1268.54,865.92,924.32,503.54
63368,63413,63390.5,1336.59,47.10,1.38,1.54,0.00,995.10,411.02,1913.98,1345.92,888.64,0.00,724.35,988.51,611.40,976.06,1305.80,565.64,564.17,1186.99,1122.16,1204.66,1446.82,1442.16,1339.68,1418.02,1404.82,1152.21,1020.79,1043.74,974.87,1165.41,565.26,712.54,203.24,392.28,451.99,975.91,807.74,763.63,580.61,1234.97,1159.74,1378.38,1656.50,1225.65,1305.47,797.79,831.73
63427,63472,63449.5,2416.56,39.01,1.11,1.55,0.00,5026.48,6549.41,4186.33,5811.07,3098.72,5663.88,3411.55,4386.05,2823.22,3336.57,2120.98,2055.66,1458.40,1536.50,1524.13,1570.16,1766.89,1289.47,1093.62,1050.89,762.16,722.71,832.13,651.15,832.59,782.48,376.46,908.70,615.00,493.59,630.34,724.99,212.61,596.86,716.06,958.16,672.16,868.60,1396.89,856.88,1093.21,837.07,623.23
63486,63531,63508.5,1859.99,38.07,1.08,1.55,0.00,1039.24,2179.54,2272.30,3008.29,2217.79,2919.52,4224.02,4358.23,2253.93,2084.71,1989.45,1219.97,1337.17,1114.76,1162.29,1462.46,2000.56,1141.68,1626.09,1488.54,1126.12,1324.40,1164.14,719.48,1265.75,699.63,524.09,307.68,416.85,194.80,174.13,629.45,549.93,693.25,977.93,1463.58,633.25,935.26,1079.15,1032.24,788.08,491.61,608.47
63545,63590,63567.5,3798.08,43.98,1.25,1.55,0.00,0.00,2184.46,4358.31,7758.61,9404.71,14582.76,16902.46,12126.59,10266.86,6488.89,3885.68,2608.36,2210.43,1304.99,1574.16,1275.23,1455.96,1412.73,1477.33,1234.29,1234.95,1421.76,1047.06,707.45,1134.92,1008.95,608.26,861.81,668.52,464.76,315.36,260.45,62.48,144.08,217.66,441.38,904.62,1227.05,1575.65,1404.25,1112.70,966.43,634.67
63604,63649,63626.5,1425.11,47.93,1.45,1.55,0.00,998.09,679.94,1075.97,289.22,623.67,885.68,959.69,956.65,546.97,748.75,1050.85,3435.73,925.63,1234.10,893.23,1339.73,1820.31,1562.30,1898.54,1268.65,1547.38,1399.11,1155.43,834.72,867.06,985.25,1130.16,1036.20,727.04,779.77,559.19,501.16,456.50,360.04,384.36,702.96,837.35,1438.54,1237.44,1409.43,1301.60,1122.31,727.48
63663,63708,63685.5,1190.65,50.41,1.56,1.54,0.00,0.00,679.90,562.99,350.00,665.92,788.76,443.24,348.96,573.76,781.11,656.43,804.41,817.51,949.87,1587.98,1324.81,1069.97,1430.08,1128.53,726.88,836.87,1286.33,664.49,995.75,1186.81,958.99,1048.21,1149.07,763.43,900.39,751.21,804.10,189.33,192.68,261.41,484.76,797.35,1101.22,1761.27,1550.49,1774.99,1455.49,815.06
63722,63767,63744.5,1379.49,35.91,1.07,1.59,0.00,5487.90,1494.78,1143.38,1656.81,676.86,2313.55,707.38,1311.93,884.36,1073.11,460.45,620.41,696.71,641.79,719.55,974.46,1494.99,1521.63,1069.24,994.54,1424.27,1295.99,801.08,1173.83,1172.00,709.36,931.31,957.88,381.99,324.35,112.11,359.74,331.94,583.96,865.26,501.12,829.43,579.97,925.80,1011.05,838.98,703.56,859.17
63781,63826,63803.5,867.48,16.80,0.47,1.65,0.00,0.00,0.00,1911.47,474.11,540.78,1109.36,686.83,2082.59,647.10,516.71,535.74,908.41,1108.77,691.45,1001.30,1356.48,1315.55,1781.75,1081.12,877.49,679.93,486.76,556.54,770.00,660.25,432.84,352.22,560.03,548.08,274.51,189.72,156.28,156.59,153.64,99.06,460.62,308.62,419.86,312.93,296.66,321.68,298.73,353.59
63840,63885,63862.5,1223.84,21.16,0.58,1.71,0.00,0.00,1628.33,1092.41,2530.54,1286.22,1225.87,659.89,1246.22,644.45,676.90,1093.62,1094.99,1770.41,1885.02,1845.58,1575.48,1859.12,1796.34,1787.53,1614.83,1159.46,1522.90,869.27,442.50,796.09,325.77,329.44,658.73,598.80,320.72,476.14,158.83,289.36,157.89,272.47,279.18,385.01,353.00,371.34,433.66,362.95,589.83,350.06
63899,63944,63921.5,6080.54,27.17,0.59,1.76,0.00,0.00,22025.92,17956.52,16862.23,22196.18,24512.39,17378.46,12354.30,11400.49,4760.51,3901.57,2784.42,2455.80,3201.27,3040.88,3441.15,2811.42,2875.52,3562.79,2884.80,2146.28,899.64,1332.28,996.38,684.13,725.99,627.89,926.50,382.56,384.00,218.39,382.48,323.92,190.15,272.92,340.61,476.12,331.66,787.51,434.36,371.70,343.18,361.45
63959,64004,63981.5,1883.86,20.10,0.46,1.76,0.00,0.00,1082.12,0.00,2739.10,1974.22,3030.27,3497.33,1883.23,1732.34,1369.60,1753.16,3071.73,2590.83,2558.48,3296.21,4152.44,4131.44,3129.98,2965.04,2591.50,2192.35,1160.15,1104.72,892.17,655.89,511.46,745.43,662.98,486.73,472.79,359.54,107.17,153.73,41.47,241.53,178.45,288.68,606.44,461.68,444.62,313.54,264.16,156.66
64018,64063,64040.5,3197.75,19.65,0.40,1.76,0.00,0.00,7724.76,11892.61,11204.46,7374.73,4745.84,4561.56,3123.22,4012.13,2870.56,2709.53,3126.80,2683.98,2496.89,3422.53,4167.83,3061.17,3452.44,3243.88,2385.08,2855.21,1906.29,1052.22,1079.83,827.73,646.92,411.20,796.76,551.84,445.68,337.36,95.26,373.11,185.71,80.99,256.25,321.03,227.29,362.86,427.69,300.73,253.30,128.95
64077,64122,64099.5,3100.72,14.93,0.27,1.76,0.00,0.00,13327.95,9450.84,7731.76,9112.03,7099.69,3882.90,3403.57,2571.64,2079.77,2609.67,2218.32,2021.39,3295.28,3920.32,3395.19,4013.49,3760.32,2704.37,2695.29,1610.23,1183.09,1191.92,866.97,555.89,438.13,454.24,237.61,284.08,170.88,402.56,391.73,272.20,149.67,282.16,211.95,117.36,181.07,254.36,188.78,214.08,139.50,84.48
64136,64181,64158.5,2240.36,13.99,0.26,1.76,0.00,0.00,7441.75,7133.74,5265.02,5039.91,1584.22,1689.16,1766.29,1411.69,1938.70,1222.41,2135.87,2378.85,2741.48,3153.35,3769.96,4284.29,3602.51,3726.16,2485.87,1264.55,901.05,510.39,650.80,419.61,503.46,608.57,445.82,572.67,318.21,297.05,290.14,344.75,178.73,199.47,194.91,177.25,288.38,190.78,101.79,201.52,126.21,54.05
64195,64240,64217.5,1949.41,14.12,0.27,1.76,0.00,0.00,5199.97,3751.17,2642.30,3415.39,891.62,1972.77,1726.37,931.22,1497.73,1829.10,1915.63,2419.01,2690.19,3518.36,4068.95,4440.45,3504.69,3597.50,2886.16,1727.03,1196.27,1048.68,526.39,660.74,249.72,477.93,436.44,258.63,327.51,215.62,92.10,74.67,311.87,197.06,250.04,336.86,145.58,345.50,192.01,126.02,152.41,80.32
64254,64299,64276.5,4996.07,17.40,0.30,1.76,0.00,0.00,31096.84,35169.79,17622.89,9051.15,7679.33,5838.14,4588.11,2882.28,1778.58,1663.80,2109.73,2324.85,3491.94,3454.96,4369.56,4670.18,4025.51,3507.04,3474.11,2326.76,1379.16,785.59,949.80,770.01,501.94,485.84,424.54,480.55,417.34,229.33,209.30,0.00,169.17,192.50,168.35,315.11,218.13,336.27,174.11,190.92,192.15,84.95
64313,64358,64335.5,2159.71,15.00,0.29,1.76,0.00,0.00,8942.50,2597.09,3186.33,1109.99,3269.39,2407.93,1265.58,3756.20,1779.21,2293.55,2452.13,2815.95,2735.21,3172.61,3871.21,4381.58,3094.32,3130.19,2349.95,1968.11,1489.26,904.14,732.45,635.14,302.12,544.73,539.11,272.96,296.72,415.42,164.69,137.76,324.37,235.57,171.94,183.47,296.36,89.26,125.05,241.70,167.22,144.44
64372,64417,64394.5,1938.11,16.34,0.35,1.76,0.00,0.00,6823.68,1207.11,3431.12,4245.82,2130.67,2438.04,921.02,1620.21,1947.02,1436.89,1514.19,1517.04,1955.00,2447.22,3540.88,3789.35,2789.63,3488.37,2836.10,2668.45,1663.69,961.47,899.63,548.68,644.69,511.61,379.86,449.26,469.07,285.85,197.43,97.83,150.89,28.19,126.32,110.61,148.16,370.52,399.05,230.01,325.50,193.07
64431,64476,64453.5,2105.47,17.49,0.37,1.76,0.00,0.00,6953.83,3934.64,1812.16,2396.72,2521.85,1317.88,2404.07,2154.23,2014.57,1560.41,2037.29,2206.36,2659.90,2694.43,3615.10,4025.97,3674.34,3464.78,3525.90,2648.71,1774.30,861.07,880.54,754.98,484.54,666.66,531.19,417.18,322.62,93.14,280.59,151.27,200.37,435.98,140.77,217.86,126.35,342.77,295.52,158.37,217.19,119.94
64490,64535,64512.5,1927.47,14.94,0.28,1.76,0.00,0.00,4390.69,3807.07,3129.09,1430.84,804.98,2184.25,2347.22,555.44,1448.23,2248.28,2184.47,2092.25,3736.38,3831.76,3629.32,3397.27,4015.79,2740.88,2495.92,1977.76,1630.76,1065.15,1007.48,587.44,508.42,369.39,321.33,437.96,230.93,354.75,186.36,243.18,308.21,348.71,314.69,131.04,326.85,184.58,257.07,103.02,152.74,87.02
64549,64594,64571.5,1751.58,15.50,0.32,1.76,0.00,0.00,2783.99,2286.22,1119.92,2638.79,263.39,645.70,1159.44,1217.67,1140.32,1847.68,2596.16,4289.83,3848.82,3714.40,4042.89,3568.02,3531.76,2815.17,2482.30,1593.22,1222.09,996.96,540.03,553.76,433.51,395.02,548.65,378.96,405.24,219.29,191.10,291.60,268.00,275.97,151.26,327.08,63.21,232.25,315.27,199.86,178.11,198.84
64608,64653,64630.5,1480.46,14.41,0.30,1.76,0.00,0.00,2010.47,809.88,0.00,705.26,302.56,859.98,1156.60,1240.07,1087.25,1411.59,2656.16,3120.41,3428.51,3644.76,3634.17,2102.09,3464.14,2652.22,2442.50,2100.89,1606.34,944.93,735.11,517.29,500.81,579.00,415.89,365.56,331.78,222.38,124.13,225.65,56.30,312.27,123.64,283.47,166.03,231.36,204.36,47.94,224.31,148.92
