Data/Raw/MOORE,RICHARD/FIREXAQ-LARGE-SMPS_DC8_20190821_R0.ict
88,1001
Richard Moore, Elizabeth Wiggins, Edward Winstead, Claire Robinson, Lee Thornhill, and Kevin Sanchez
NASA Langley Research Center
In-situ Submicron Particle Size Distributions from a SMPS on the NASA DC-8
FIREXAQ
1,1
2019,08,21,2020,03,10
0
Time_start,Secs after midnight,Time of acquisition
50
1,1,1,1,1,1,1,1,1,1,1,1,1,1,1,1,1,1,1,1,1,1,1,1,1,1,1,1,1,1,1,1,1,1,1,1,1,1,1,1,1,1,1,1,1,1,1,1,1,1
-9999,-9999,-9999,-9999,-9999,-9999,-9999,-9999,-9999,-9999,-9999,-9999,-9999,-9999,-9999,-9999,-9999,-9999,-9999,-9999,-9999,-9999,-9999,-9999,-9999,-9999,-9999,-9999,-9999,-9999,-9999,-9999,-9999,-9999,-9999,-9999,-9999,-9999,-9999,-9999,-9999,-9999,-9999,-9999,-9999,-9999,-9999,-9999,-9999,-9999
Time_stop,Secs after midnight,Time of acquisition
Time_mid,Secs after midnight,Time of acquisition
nSMPS_stdPT,#/cm3,AerMP_NumConc_InSitu_RHd_Mobility_NucltoAccu_STP,integrated_number_density
sSMPS_stdPT,um2/cm3,AerMP_SurfAreaConc_InSitu_RHd_Mobility_NucltoAccu_STP,integrated_surface_area
vSMPS_stdPT,um3/cm3,AerMP_VolConc_InSitu_RHd_Mobility_NucltoAccu_STP,integrated_volume
SMPS_stdPT, unitless, None, conversion between ambient PT and standard PT (1013, 273)
SMPS_bin00_stdPT,#/cm3,AerMP_NumSizeDist_InSitu_RHd_Mobility_NucltoAccu_STP,Binned number size distribution (in dNdlogDp) measured by the SMPS
SMPS_bin01_stdPT,#/cm3,AerMP_NumSizeDist_InSitu_RHd_Mobility_NucltoAccu_STP,Binned number size distribution (in dNdlogDp) measured by the SMPS
SMPS_bin02_stdPT,#/cm3,AerMP_NumSizeDist_InSitu_RHd_Mobility_NucltoAccu_STP,Binned number size distribution (in dNdlogDp) measured by the SMPS
SMPS_bin03_stdPT,#/cm3,AerMP_NumSizeDist_InSitu_RHd_Mobility_NucltoAccu_STP,Binned number size distribution (in dNdlogDp) measured by the SMPS
SMPS_bin04_stdPT,#/cm3,AerMP_NumSizeDist_InSitu_RHd_Mobility_NucltoAccu_STP,Binned number size distribution (in dNdlogDp) measured by the SMPS
SMPS_bin05_stdPT,#/cm3,AerMP_NumSizeDist_InSitu_RHd_Mobility_NucltoAccu_STP,Binned number size distribution (in dNdlogDp) measured by the SMPS
SMPS_bin06_stdPT,#/cm3,AerMP_NumSizeDist_InSitu_RHd_Mobility_NucltoAccu_STP,Binned number size distribution (in dNdlogDp) measured by the SMPS
SMPS_bin07_stdPT,#/cm3,AerMP_NumSizeDist_InSitu_RHd_Mobility_NucltoAccu_STP,Binned number size distribution (in dNdlogDp) measured by the SMPS
SMPS_bin08_stdPT,#/cm3,AerMP_NumSizeDist_InSitu_RHd_Mobility_NucltoAccu_STP,Binned number size distribution (in dNdlogDp) measured by the SMPS
SMPS_bin09_stdPT,#/cm3,AerMP_NumSizeDist_InSitu_RHd_Mobility_NucltoAccu_STP,Binned number size distribution (in dNdlogDp) measured by the SMPS
SMPS_bin10_stdPT,#/cm3,AerMP_NumSizeDist_InSitu_RHd_Mobility_NucltoAccu_STP,Binned number size distribution (in dNdlogDp) measured by the SMPS
SMPS_bin11_stdPT,#/cm3,AerMP_NumSizeDist_InSitu_RHd_Mobility_NucltoAccu_STP,Binned number size distribution (in dNdlogDp) measured by the SMPS
SMPS_bin12_stdPT,#/cm3,AerMP_NumSizeDist_InSitu_RHd_Mobility_NucltoAccu_STP,Binned number size distribution (in dNdlogDp) measured by the SMPS
SMPS_bin13_stdPT,#/cm3,AerMP_NumSizeDist_InSitu_RHd_Mobility_NucltoAccu_STP,Binned number size distribution (in dNdlogDp) measured by the SMPS
SMPS_bin14_stdPT,#/cm3,AerMP_NumSizeDist_InSitu_RHd_Mobility_NucltoAccu_STP,Binned number size distribution (in dNdlogDp) measured by the SMPS
[...]
UNCERTAINTY:  20%
ULOD_FLAG: -7777
ULOD_VALUE: N/A
LLOD_FLAG: -8888
LLOD_VALUE: N/A
DM_CONTACT_INFO: Lee Thornhill (Kenneth.L.Thornhill@nasa.gov)
PROJECT_INFO: FIREX-AQ
STIPULATIONS_ON_USE: No stipulations on use. The user is encouraged to contact the PI or DM prior to use.
OTHER_COMMENTS: Midpoint diameters of Bins 00 to 43 are: 0.011,0.012,0.013,0.014,0.015,0.016,0.017,0.018,0.019,0.021,0.022,0.024,0.026,0.028,0.030,0.032,0.035,0.037,0.040,0.043,0.046,0.050,0.053,0.057,0.061,0.066,0.071,0.076,0.082,0.088,0.095,0.102,0.109,0.118,0.126,0.136,0.146,0.157,0.168,0.181,0.194,0.209,0.225,0.241
REVISION: R0
R0: Final Data. Data are corrected for time lags and ammonium sulfate size calibrations.
*******************************************************************************************************************************
Time_start,Time_stop,Time_mid,nSMPS_stdPT,sSMPS_stdPT,vSMPS_stdPT,SMPS_stdPT,SMPS_bin00_stdPT,SMPS_bin01_stdPT,SMPS_bin02_stdPT,SMPS_bin03_stdPT,SMPS_bin04_stdPT,SMPS_bin05_stdPT,SMPS_bin06_stdPT,SMPS_bin07_stdPT,SMPS_bin08_stdPT,SMPS_bin09_stdPT,SMPS_bin10_stdPT,SMPS_bin11_stdPT,SMPS_bin12_stdPT,SMPS_bin13_stdPT,SMPS_bin14_stdPT,SMPS_bin15_stdPT,SMPS_bin16_stdPT,SMPS_bin17_stdPT,SMPS_bin18_stdPT,SMPS_bin19_stdPT,SMPS_bin20_stdPT,SMPS_bin21_stdPT,SMPS_bin22_stdPT,SMPS_bin23_stdPT,SMPS_bin24_stdPT,SMPS_bin25_stdPT,SMPS_bin26_stdPT,SMPS_bin27_stdPT,SMPS_bin28_stdPT,SMPS_bin29_stdPT,SMPS_bin30_stdPT,SMPS_bin31_stdPT,SMPS_bin32_stdPT,SMPS_bin33_stdPT,SMPS_bin34_stdPT,SMPS_bin35_stdPT,SMPS_bin36_stdPT,SMPS_bin37_stdPT,SMPS_bin38_stdPT,SMPS_bin39_stdPT,SMPS_bin40_stdPT,SMPS_bin41_stdPT,SMPS_bin42_stdPT,SMPS_bin43_stdPT
[from data line 348]
74879,74924,74901.5,0.00,0.00,0.00,2.41,0.00,0.00,0.00,0.00,0.00,0.00,0.00,0.00,0.00,0.00,0.00,0.00,0.00,0.00,0.00,0.00,0.00,0.00,0.00,0.00,0.00,0.00,0.00,0.00,0.00,0.00,0.00,0.00,0.00,0.00,0.00,0.00,0.00,0.00,0.00,0.00,0.00,0.00,0.00,0.00,0.00,0.00,0.00,0.00
74938,74983,74960.5,1722.90,9.49,0.13,2.41,0.00,0.00,0.00,0.00,2668.43,2174.99,6716.33,8604.78,1855.45,3770.28,1970.50,1643.52,1704.32,1305.37,1598.45,2212.22,2362.27,1208.97,1363.47,1378.89,1649.64,1933.85,1316.66,1345.10,1132.02,847.89,832.36,767.85,623.33,479.63,291.08,316.52,384.56,136.94,71.62,41.40,27.56,22.14,73.02,117.56,29.64,50.62,68.13,0.00
74997,75042,75019.5,8247.15,15.91,0.14,2.41,0.00,0.00,0.00,0.00,62166.78,54833.49,33964.05,21737.91,18442.43,15190.29,10409.34,8913.61,6837.74,3947.94,5309.10,3391.72,1858.83,1879.09,1378.21,1057.74,1770.90,1047.95,1300.11,1199.99,1192.16,1162.35,1050.03,1025.69,732.53,273.74,496.07,462.38,252.72,86.34,137.20,95.85,12.78,55.55,68.07,97.52,13.34,0.00,22.48,34.76
75056,75101,75078.5,2923.91,10.45,0.15,2.41,0.00,0.00,0.00,17589.51,10529.03,10563.37,8676.35,5052.34,2750.82,5022.16,4588.43,2560.18,3099.82,2820.43,1569.12,1199.82,1513.76,1589.77,1508.12,1390.58,1342.99,695.49,1348.47,1418.41,1453.52,1077.64,717.10,996.66,413.86,440.92,400.01,176.18,167.36,214.62,60.15,57.43,121.98,137.34,0.00,59.82,98.89,9.18,62.09,34.74
75115,75160,75137.5,1709.04,9.33,0.13,2.41,0.00,0.00,0.00,1203.46,3566.55,4874.75,4492.20,2083.54,3569.49,3140.42,2268.96,3346.02,2071.53,2121.73,1904.55,1262.57,2555.99,911.80,1190.58,1027.09,1886.59,1266.98,1320.17,1726.83,1439.50,1239.00,862.21,803.17,422.02,393.85,449.26,332.54,128.02,282.06,144.26,85.82,29.48,63.51,32.22,64.90,0.00,33.17,22.66,69.84
75174,75219,75196.5,1744.61,8.84,0.13,2.41,0.00,0.00,0.00,6530.75,3237.32,4879.00,4267.44,1534.84,3105.93,4500.17,1601.62,1871.27,3124.55,1489.12,1722.71,1116.45,1744.01,1179.39,569.05,1226.05,1671.53,1703.26,1670.53,1606.85,864.28,783.30,590.62,701.69,618.99,518.91,205.63,300.52,207.78,1.38,162.12,65.47,87.95,63.83,94.02,55.49,48.46,33.18,0.00,0.00
75233,75278,75255.5,1381.34,8.24,0.11,2.41,0.00,0.00,0.00,0.00,4377.13,2171.05,2439.05,2506.61,3051.32,1957.15,1411.63,1994.37,2211.02,2276.06,1432.64,1789.39,1950.07,1401.51,1227.18,1435.05,1321.23,907.28,859.89,1168.60,1076.70,707.67,1053.31,932.43,386.65,491.96,357.32,299.25,220.04,232.67,81.65,89.15,93.18,96.33,97.01,32.48,0.00,66.89,0.00,0.00
75292,75337,75314.5,1446.16,8.93,0.13,2.41,0.00,0.00,0.00,0.00,4660.23,2700.52,1697.15,2179.22,2029.98,1333.26,1981.54,2544.36,2337.48,1855.91,2471.29,2345.78,1605.36,1903.67,1388.69,1126.03,1543.72,1654.12,1474.85,1140.10,1195.45,708.30,1013.36,756.94,675.62,462.95,423.13,119.15,136.10,325.86,0.00,160.69,76.02,32.02,5.68,41.02,32.99,33.44,33.78,0.00
75351,75396,75373.5,1547.26,8.62,0.11,2.41,0.00,0.00,0.00,4925.50,2266.26,2973.32,3389.55,2437.87,2273.44,1735.97,2394.27,1960.61,2331.07,1624.77,1702.66,1232.46,1923.18,1472.91,1522.80,1770.63,1218.09,940.24,1366.85,1460.02,893.96,1198.04,1162.27,945.85,273.12,434.30,411.80,180.30,290.25,381.90,104.14,89.32,18.75,31.91,48.91,65.02,0.00,9.16,16.29,34.69
75410,75455,75432.5,1875.44,11.09,0.16,2.41,0.00,0.00,0.00,8947.88,3401.40,4876.74,3185.18,2827.74,2596.09,1494.39,2939.25,2643.76,1688.12,1626.64,1493.36,1626.92,1974.30,1903.73,1788.95,1440.60,1199.35,1236.12,1531.30,1420.05,1266.22,1163.56,874.08,1133.12,671.12,570.06,686.50,330.64,154.67,277.85,107.64,164.65,148.95,285.56,50.96,116.73,91.41,33.67,44.93,0.00
75469,75514,75491.5,1732.83,13.86,0.26,2.41,0.00,0.00,0.00,3020.38,4694.96,4880.37,3495.43,4318.50,1377.13,770.74,3430.95,1630.32,2058.68,1634.00,1386.85,1839.52,1143.48,2032.18,1209.23,982.29,1660.99,1276.40,1438.42,1404.09,1323.27,1081.59,1173.48,1182.57,968.13,785.44,625.51,414.44,279.11,413.55,149.10,175.40,233.61,261.20,133.34,170.03,51.87,98.99,66.80,34.42
75528,75573,75550.5,1585.94,12.12,0.22,2.41,0.00,0.00,0.00,1201.86,6330.57,3837.79,2860.08,2788.02,3231.49,1439.88,1519.62,1410.73,1137.11,1600.85,1931.36,1950.29,1737.06,1828.04,1213.27,1544.62,1229.02,1410.79,983.37,1314.48,794.41,829.33,1238.62,882.46,735.19,779.79,592.31,528.47,341.73,215.91,334.44,140.39,40.98,257.68,117.72,44.75,109.80,65.96,22.52,34.41
75587,75632,75609.5,1298.62,10.08,0.17,2.41,0.00,0.00,0.00,1509.89,972.91,2040.23,2087.32,1592.20,1916.46,1891.58,2335.94,1242.78,2291.90,2478.92,1840.61,1223.97,1819.72,1642.36,1370.96,1198.52,1597.02,1231.95,1174.93,924.04,1027.01,818.46,924.01,914.91,558.96,639.24,439.87,321.34,170.15,270.18,293.34,91.59,298.09,47.96,80.34,0.00,105.32,77.08,22.23,34.36
75646,75691,75668.5,1401.49,10.32,0.18,2.40,0.00,0.00,0.00,2421.40,5840.52,2515.21,420.68,1392.38,2202.70,1534.24,1385.54,2015.04,1389.70,1502.18,1472.84,1878.53,2194.02,1303.46,1163.42,1373.29,1206.97,1482.69,1541.96,1034.52,1097.85,1524.95,1160.67,619.01,681.27,625.71,206.49,439.68,211.41,126.24,16.80,211.64,41.07,160.89,50.63,190.45,18.58,16.74,67.39,0.00
75705,75750,75727.5,1468.33,9.61,0.15,2.41,0.00,0.00,0.00,5320.25,640.15,2450.35,1903.13,1786.89,3354.75,1849.34,1138.60,1632.66,3037.45,1766.46,1888.21,1962.64,1552.68,1779.24,1938.10,1226.15,854.61,1661.64,890.62,967.42,1435.45,902.11,950.42,931.21,637.71,664.93,538.96,438.43,150.60,158.81,136.04,86.70,24.66,46.81,0.00,9.12,65.48,66.31,0.00,42.70
75764,75809,75786.5,1527.25,12.19,0.24,2.41,0.00,0.00,0.00,0.00,5190.48,2159.19,2588.90,584.25,2313.65,1778.90,2719.93,2457.28,2785.15,2447.42,1962.94,1994.32,1850.04,1809.19,1494.81,2270.57,1128.68,1042.50,1271.46,876.16,1050.87,1504.90,1189.83,869.56,662.59,677.28,503.38,303.31,140.37,158.59,21.43,177.47,74.19,102.07,110.91,76.33,79.78,66.67,102.34,92.57
75823,75868,75845.5,1569.40,13.74,0.23,2.41,0.00,0.00,0.00,0.00,4939.53,4056.74,2937.12,0.00,905.21,1164.08,2006.13,1356.90,1602.72,2098.95,2194.13,2130.95,2059.29,1559.79,1285.07,1602.10,1888.50,1501.69,1920.34,2015.19,1904.87,1584.95,1351.06,1351.09,820.14,698.25,776.93,722.92,404.23,263.23,217.29,153.67,142.93,79.09,106.30,168.06,0.00,16.97,68.00,92.87
75882,75927,75904.5,1529.71,14.48,0.25,2.41,0.00,0.00,0.00,0.00,2137.86,2165.63,805.73,2163.97,1648.33,2767.36,2382.48,2548.66,1748.71,2069.67,1748.04,2331.12,1755.44,1892.14,1445.78,1680.03,1596.36,1541.85,1257.93,1682.39,1613.99,972.36,1593.62,1303.22,1299.75,1156.98,1036.70,562.01,598.79,404.43,137.54,141.86,142.86,159.29,53.52,87.16,18.38,13.95,68.38,70.11
75941,75986,75963.5,1475.80,15.18,0.23,2.41,0.00,0.00,0.00,0.00,539.07,2688.84,0.00,309.26,1332.44,1204.24,2637.54,1334.19,2564.97,1844.76,2771.79,1836.57,1759.82,1178.02,1807.14,1682.16,1396.67,1493.88,2285.68,2403.99,2094.98,2100.05,1680.56,1790.10,1653.46,1127.05,1560.75,692.47,328.45,193.25,203.71,113.43,47.09,89.65,96.60,51.90,78.92,75.59,106.91,69.68
76000,76045,76022.5,1593.37,14.50,0.21,2.40,0.00,0.00,0.00,1507.57,807.61,1628.37,2617.44,701.58,2503.88,799.51,1478.26,2243.33,2406.01,2315.12,1678.01,2002.26,1703.80,1312.42,1640.64,1811.06,1941.89,1952.04,2161.85,1865.61,2370.30,2116.24,1807.28,1824.43,1507.97,1150.07,947.76,575.13,610.09,146.44,231.36,226.26,47.34,45.39,64.13,32.25,36.63,66.17,67.41,0.00
76059,76104,76081.5,1384.12,14.87,0.26,2.40,0.00,0.00,0.00,0.00,537.27,0.00,3169.65,718.37,1742.81,916.14,1691.53,1448.97,2606.99,1658.16,1837.01,1685.61,1548.40,2188.79,1381.64,1432.31,1449.76,1494.74,1429.46,1791.36,1624.22,2051.47,2000.24,2517.39,1327.61,1009.00,803.86,594.67,296.15,278.96,151.77,116.29,125.51,146.69,45.96,97.94,100.40,27.81,34.14,74.86
76118,76163,76140.5,1258.82,14.33,0.24,2.40,0.00,0.00,0.00,0.00,2405.00,772.37,1633.76,1341.37,1071.83,599.16,2396.68,2436.81,1098.75,883.84,959.10,1678.30,1339.42,702.71,1472.05,1573.39,1448.16,1336.31,1425.12,1372.99,1237.09,1696.73,1384.11,966.53,1453.82,989.75,1086.99,835.02,723.07,494.19,232.45,422.10,199.17,246.30,11.64,131.12,33.30,33.70,68.50,34.29
76177,76222,76199.5,888.38,13.04,0.29,2.40,0.00,0.00,0.00,0.00,1200.01,0.00,1640.16,1051.52,2050.96,450.97,299.92,1523.61,1043.80,694.36,365.10,483.77,766.10,1160.99,1140.44,943.83,1017.74,1135.93,1016.94,1410.45,977.05,963.20,1284.58,989.35,717.14,773.81,445.25,399.08,425.36,376.24,280.38,206.31,220.07,143.83,9.40,183.33,65.89,62.11,203.52,119.83
76236,76281,76258.5,668.46,13.46,0.32,2.40,0.00,0.00,0.00,0.00,0.00,1483.78,484.56,364.91,281.62,469.59,683.26,551.85,257.53,486.28,653.66,964.36,828.52,730.79,966.83,800.41,889.08,899.33,953.12,985.42,904.60,201.05,764.38,451.66,369.67,103.25,454.87,613.07,683.91,468.19,372.97,594.33,384.77,256.11,267.57,167.88,76.39,111.10,129.03,17.59
76295,76340,76317.5,2325.58,24.33,0.58,2.40,0.00,0.00,0.00,0.00,9961.16,5040.83,6954.39,2661.22,4432.40,2054.96,3205.65,3202.06,2607.74,3106.78,2883.89,2253.15,2710.61,1478.05,1211.73,2094.83,1920.83,1279.42,1321.42,1380.44,1478.36,1033.93,1036.58,858.72,466.10,631.49,864.37,1065.64,766.93,530.67,448.29,600.18,392.22,188.11,558.23,320.41,193.99,364.92,162.09,302.34
76354,76399,76376.5,930.57,18.39,0.45,2.34,0.00,0.00,0.00,0.00,1506.71,549.85,286.90,664.32,1089.91,511.45,1099.54,575.22,1347.09,868.75,833.87,1293.17,1320.43,847.33,1087.24,1204.12,1072.36,1194.38,1281.26,998.68,897.38,906.93,417.82,798.55,551.41,567.41,653.26,902.48,696.36,424.08,422.28,276.58,493.71,281.82,358.91,174.91,320.10,283.57,287.70,287.28
76413,76458,76435.5,848.56,19.22,0.48,2.27,0.00,0.00,0.00,0.00,0.01,1235.68,0.00,0.00,278.05,392.91,1006.75,1136.90,860.36,496.31,1205.00,924.42,728.56,908.73,1086.78,982.58,1324.50,959.22,1421.62,1300.87,1267.71,1022.27,1012.05,413.84,637.62,499.30,538.91,798.33,503.24,655.46,366.65,461.20,331.28,290.15,425.99,357.53,352.00,374.13,131.45,267.25
76472,76517,76494.5,731.68,19.64,0.51,2.19,0.00,0.00,0.00,1204.88,0.01,0.00,416.06,348.99,146.74,0.00,674.06,278.42,518.29,575.08,1027.43,522.66,522.15,609.58,211.56,602.36,726.66,1697.27,1193.31,1405.75,847.78,723.35,667.13,901.86,572.51,617.70,599.85,1058.32,527.77,717.63,305.20,127.15,378.12,498.55,338.03,459.52,330.10,321.37,249.19,236.22
76531,76576,76553.5,886.51,35.93,1.10,2.07,0.00,0.00,0.00,975.86,0.02,0.02,0.00,0.00,0.00,0.36,585.19,387.47,760.41,434.06,390.59,818.08,462.94,1241.95,987.46,1683.29,993.10,975.01,1090.51,1459.05,1090.02,949.06,1152.80,987.34,633.00,649.49,610.40,238.36,729.93,689.87,716.83,332.18,701.05,235.24,606.15,736.11,1051.08,950.68,446.93,812.39
76591,76636,76613.5,4242.15,67.91,1.88,1.94,0.00,0.00,9420.46,9721.10,7439.67,7525.91,7711.23,6496.66,3455.61,5110.37,4724.03,4882.05,2937.15,3521.62,3762.88,3584.14,4338.76,3737.70,3039.69,3061.51,2707.42,2739.59,2539.13,1800.28,2991.45,1722.46,2420.23,1615.58,1276.98,1823.97,1717.66,2090.43,1954.99,1545.21,1402.11,944.86,848.30,1091.05,713.51,961.08,1460.89,1348.31,1107.23,976.01
76650,76695,76672.5,4542.12,83.00,2.36,1.82,0.00,0.00,21037.64,9703.48,9239.34,7920.89,4950.50,4566.22,3589.85,4085.12,3783.07,2739.36,2629.40,3207.76,3172.88,2559.29,2548.12,3370.30,2627.82,3194.53,4314.96,2892.19,3115.72,2673.78,2691.82,2908.03,2117.57,2119.94,2640.20,1933.90,1584.87,1163.93,1794.16,1402.65,1808.64,1247.78,1902.43,1344.42,1667.81,1757.21,1854.25,1259.02,1219.50,1085.04
76709,76754,76731.5,10090.55,79.30,1.94,1.71,0.00,0.00,34308.81,46171.38,25024.92,17793.50,16994.25,16986.19,12896.09,12664.15,14181.34,13352.76,10287.54,12191.68,9609.45,6568.35,7289.48,6163.49,5870.66,5664.03,3997.28,3993.81,3450.55,3016.92,3695.43,2454.24,2248.34,2323.90,1787.81,1759.49,1830.43,945.41,1436.52,2224.99,1162.16,1249.92,1548.40,1223.88,739.36,1095.43,1630.80,1588.72,1254.35,1416.89
76768,76813,76790.5,2812.44,70.97,2.06,1.61,0.00,1231.58,4784.63,6306.13,2604.12,4268.44,2979.95,3328.84,4395.44,3987.44,2108.63,2024.64,2914.14,2162.97,2579.11,2187.90,2161.68,2175.59,1409.24,1364.40,1799.05,1388.57,1142.78,1381.62,1570.50,1613.34,1450.75,1546.31,908.84,1345.53,771.49,916.15,1011.09,1054.27,1217.70,1387.44,1815.38,1645.57,1986.24,1921.50,2219.40,1609.47,1133.64,1379.79
76827,76872,76849.5,1843.16,63.40,1.86,1.53,0.00,998.01,3199.39,2261.27,758.99,1740.77,827.26,1241.15,970.33,1444.46,1199.30,1320.79,1034.28,1352.40,1636.63,1730.06,1789.79,1257.23,1322.52,1463.22,1328.17,1146.46,962.75,837.41,1150.94,1122.90,1206.70,1564.82,1488.52,1309.60,1252.22,1368.41,920.30,853.41,845.71,1088.25,1525.06,1829.23,1674.64,1671.52,1745.60,1327.02,1215.06,1012.56
76886,76931,76908.5,1905.99,74.30,2.25,1.49,0.00,2242.96,679.92,1606.56,1873.51,1638.31,2130.39,1706.52,1721.37,1851.15,824.30,1322.62,1348.83,1296.58,1311.64,963.92,1169.96,1473.22,1171.64,1094.57,1073.93,1000.41,1139.39,1062.23,732.32,780.58,1017.25,1058.47,1344.73,1491.23,1304.98,1541.89,1347.39,1176.82,1401.82,1508.40,1167.13,1396.81,1563.78,2315.62,1941.23,1751.55,2024.52,1512.86
76945,76990,76967.5,1596.89,70.96,2.06,1.44,206.89,838.79,1248.69,956.09,991.56,733.96,414.88,161.91,741.29,390.18,599.10,697.82,1574.08,1430.69,386.51,999.60,1019.85,988.04,1025.58,923.50,986.10,857.16,592.46,804.34,1299.03,1078.19,1525.66,1362.37,2030.05,1531.71,1511.12,1346.98,1332.72,1250.34,1264.98,1117.79,1444.02,1863.36,1688.42,2059.90,2483.52,2318.37,1610.50,1412.44
77004,77049,77026.5,1461.71,68.69,1.85,1.39,0.00,0.00,0.00,0.00,0.00,0.02,183.76,164.72,240.43,224.68,249.26,299.55,235.74,335.31,484.72,620.68,502.16,811.01,953.66,954.43,953.77,1365.30,1072.71,567.26,1172.63,1418.96,1440.06,1822.85,2438.14,2596.53,2942.52,2440.01,1761.91,2254.00,1694.04,1375.27,1738.45,1675.71,2111.69,2261.45,1659.14,1533.56,1266.56,952.07
77063,77108,77085.5,2484.31,71.89,1.90,1.35,4395.36,1106.49,224.39,350.36,3040.85,3509.36,1772.26,1621.38,1699.20,1143.10,1900.29,2062.76,1289.35,1835.91,1267.25,1513.46,1626.61,1464.18,1322.88,1213.14,1957.63,1197.92,1787.75,2140.89,1806.37,1692.69,1814.69,2166.21,2219.90,2497.92,2412.49,2694.84,2478.72,2138.87,1434.06,2160.42,1561.61,1629.06,1826.42,1742.02,1743.77,1407.36,1393.19,1234.39
77122,77167,77144.5,1624.97,68.90,1.87,1.30,0.00,0.00,1443.58,411.54,264.62,853.85,1003.80,596.50,225.29,373.86,407.15,299.79,563.80,783.97,754.15,785.77,1075.45,564.48,985.50,965.82,860.35,1169.32,1285.50,1551.48,1396.90,1222.60,1242.53,1514.01,1875.33,1765.43,1989.67,2788.00,2364.99,1575.91,1470.86,2294.99,2016.21,1500.69,2348.32,2051.08,1546.82,1403.71,1155.32,1250.11
77181,77226,77203.5,1311.09,61.49,1.71,1.26,0.00,0.00,0.00,305.06,265.03,0.04,0.00,103.67,9.45,164.57,0.00,287.55,648.74,726.00,680.15,525.55,563.12,985.23,840.84,1211.94,1169.01,1480.28,1153.39,1380.50,1133.67,681.92,1602.43,1410.53,1649.82,1752.05,1674.03,1731.49,1471.86,1590.33,1112.36,1242.58,1416.20,1540.38,1981.60,1889.03,1730.91,1553.47,1239.87,1050.08
77240,77285,77262.5,1944.56,63.08,1.69,1.24,0.00,1951.04,1707.68,2585.65,3436.50,1384.69,1696.49,1745.14,662.11,657.18,1079.67,431.68,958.77,1002.23,1040.30,1350.32,1156.88,841.15,1109.91,1178.68,958.92,1013.81,1620.44,1044.35,1183.88,1402.29,1630.65,1933.06,1765.95,1325.13,1704.18,1497.51,906.78,1409.67,2302.41,2244.05,1697.29,1688.31,2166.90,2164.71,1384.58,1040.29,1251.23,913.47
77299,77344,77321.5,3340.84,80.78,2.09,1.25,7243.54,6353.45,3633.52,5290.17,4093.02,2515.48,2005.23,2564.53,2895.85,2720.03,2761.03,2283.38,1698.68,1019.71,1275.24,1566.36,1518.01,1450.57,1760.70,1651.14,2178.61,2157.06,2294.69,1433.91,1794.55,1463.34,2618.26,2331.43,2416.60,2732.93,2261.34,2308.97,2419.33,2393.79,2678.41,2113.81,2127.20,1993.06,2875.68,2170.12,2128.84,1578.00,1248.05,889.40
77358,77403,77380.5,1812.30,63.25,1.69,1.25,3364.47,4394.63,1000.42,412.65,1325.60,783.25,595.06,905.54,806.75,577.42,195.34,485.83,515.39,984.74,619.79,687.97,1084.26,924.14,829.75,905.18,1115.89,1505.59,1357.26,1212.99,1567.57,1160.31,1071.89,1675.31,1244.85,1434.95,1683.12,1798.79,1347.70,1631.72,1932.97,1908.15,1717.98,2224.60,2299.82,1983.10,1452.04,1658.88,909.97,700.15
