Data/Raw/MOORE,RICHARD/FIREXAQ-LARGE-SMPS_DC8_20190831_R0.ict
88,1001
Richard Moore, Elizabeth Wiggins, Edward Winstead, Claire Robinson, Lee Thornhill, and Kevin Sanchez
NASA Langley Research Center
In-situ Submicron Particle Size Distributions from a SMPS on the NASA DC-8
FIREXAQ
1,1
2019,08,31,2020,03,10
0
Time_start,Secs after midnight,Time of acquisition
50
1,1,1,1,1,1,1,1,1,1,1,1,1,1,1,1,1,1,1,1,1,1,1,1,1,1,1,1,1,1,1,1,1,1,1,1,1,1,1,1,1,1,1,1,1,1,1,1,1,1
-9999,-9999,-9999,-9999,-9999,-9999,-9999,-9999,-9999,-9999,-9999,-9999,-9999,-9999,-9999,-9999,-9999,-9999,-9999,-9999,-9999,-9999,-9999,-9999,-9999,-9999,-9999,-9999,-9999,-9999,-9999,-9999,-9999,-9999,-9999,-9999,-9999,-9999,-9999,-9999,-9999,-9999,-9999,-9999,-9999,-9999,-9999,-9999,-9999,-9999
Time_stop,Secs after midnight,Time of acquisition
Time_mid,Secs after midnight,Time of acquisition
nSMPS_stdPT,#/cm3,AerMP_NumConc_InSitu_RHd_Mobility_NucltoAccu_STP,integrated_number_density
sSMPS_stdPT,um2/cm3,AerMP_SurfAreaConc_InSitu_RHd_Mobility_NucltoAccu_STP,integrated_surface_area
vSMPS_stdPT,um3/cm3,AerMP_VolConc_InSitu_RHd_Mobility_NucltoAccu_STP,integrated_volume
SMPS_stdPT, unitless, None, conversion between ambient PT and standard PT (1013, 273)
SMPS_bin00_stdPT,#/cm3,AerMP_NumSizeDist_InSitu_RHd_Mobility_NucltoAccu_STP,Binned number size distribution (in dNdlogDp) measured by the SMPS
SMPS_bin01_stdPT,#/cm3,AerMP_NumSizeDist_InSitu_RHd_Mobility_NucltoAccu_STP,Binned number size distribution (in dNdlogDp) measured by the SMPS
SMPS_bin02_stdPT,#/cm3,AerMP_NumSizeDist_InSitu_RHd_Mobility_NucltoAccu_STP,Binned number size distribution (in dNdlogDp) measured by the SMPS
SMPS_bin03_stdPT,#/cm3,AerMP_NumSizeDist_InSitu_RHd_Mobility_NucltoAccu_STP,Binned number size distribution (in dNdlogDp) measured by the SMPS
SMPS_bin04_stdPT,#/cm3,AerMP_NumSizeDist_InSitu_RHd_Mobility_NucltoAccu_STP,Binned number size distribution (in dNdlogDp) measured by the SMPS
SMPS_bin05_stdPT,#/cm3,AerMP_NumSizeDist_InSitu_RHd_Mobility_NucltoAccu_STP,Binned number size distribution (in dNdlogDp) measured by the SMPS
SMPS_bin06_stdPT,#/cm3,AerMP_NumSizeDist_InSitu_RHd_Mobility_NucltoAccu_STP,Binned number size distribution (in dNdlogDp) measured by the SMPS
SMPS_bin07_stdPT,#/cm3,AerMP_NumSizeDist_InSitu_RHd_Mobility_NucltoAccu_STP,Binned number size distribution (in dNdlogDp) measured by the SMPS
SMPS_bin08_stdPT,#/cm3,AerMP_NumSizeDist_InSitu_RHd_Mobility_NucltoAccu_STP,Binned number size distribution (in dNdlogDp) measured by the SMPS
SMPS_bin09_stdPT,#/cm3,AerMP_NumSizeDist_InSitu_RHd_Mobility_NucltoAccu_STP,Binned number size distribution (in dNdlogDp) measured by the SMPS
SMPS_bin10_stdPT,#/cm3,AerMP_NumSizeDist_InSitu_RHd_Mobility_NucltoAccu_STP,Binned number size distribution (in dNdlogDp) measured by the SMPS
SMPS_bin11_stdPT,#/cm3,AerMP_NumSizeDist_InSitu_RHd_Mobility_NucltoAccu_STP,Binned number size distribution (in dNdlogDp) measured by the SMPS
SMPS_bin12_stdPT,#/cm3,AerMP_NumSizeDist_InSitu_RHd_Mobility_NucltoAccu_STP,Binned number size distribution (in dNdlogDp) measured by the SMPS
SMPS_bin13_stdPT,#/cm3,AerMP_NumSizeDist_InSitu_RHd_Mobility_NucltoAccu_STP,Binned number size distribution (in dNdlogDp) measured by the SMPS
SMPS_bin14_stdPT,#/cm3,AerMP_NumSizeDist_InSitu_RHd_Mobility_NucltoAccu_STP,Binned number size distribution (in dNdlogDp) measured by the SMPS
[...]
UNCERTAINTY:  20%
ULOD_FLAG: -7777
ULOD_VALUE: N/A
LLOD_FLAG: -8888
LLOD_VALUE: N/A
DM_CONTACT_INFO: Lee Thornhill (Kenneth.L.Thornhill@nasa.gov)
PROJECT_INFO: FIREX-AQ
STIPULATIONS_ON_USE: No stipulations on use. The user is encouraged to contact the PI or DM prior to use.
OTHER_COMMENTS: Midpoint diameters of Bins 00 to 43 are: 0.011,0.012,0.013,0.014,0.015,0.016,0.017,0.018,0.019,0.021,0.022,0.024,0.026,0.028,0.030,0.032,0.035,0.037,0.040,0.043,0.046,0.050,0.053,0.057,0.061,0.066,0.071,0.076,0.082,0.088,0.095,0.102,0.109,0.118,0.126,0.136,0.146,0.157,0.168,0.181,0.194,0.209,0.225,0.241
REVISION: R0
R0: Final Data. Data are corrected for time lags and ammonium sulfate size calibrations.
*******************************************************************************************************************************
Time_start,Time_stop,Time_mid,nSMPS_stdPT,sSMPS_stdPT,vSMPS_stdPT,SMPS_stdPT,SMPS_bin00_stdPT,SMPS_bin01_stdPT,SMPS_bin02_stdPT,SMPS_bin03_stdPT,SMPS_bin04_stdPT,SMPS_bin05_stdPT,SMPS_bin06_stdPT,SMPS_bin07_stdPT,SMPS_bin08_stdPT,SMPS_bin09_stdPT,SMPS_bin10_stdPT,SMPS_bin11_stdPT,SMPS_bin12_stdPT,SMPS_bin13_stdPT,SMPS_bin14_stdPT,SMPS_bin15_stdPT,SMPS_bin16_stdPT,SMPS_bin17_stdPT,SMPS_bin18_stdPT,SMPS_bin19_stdPT,SMPS_bin20_stdPT,SMPS_bin21_stdPT,SMPS_bin22_stdPT,SMPS_bin23_stdPT,SMPS_bin24_stdPT,SMPS_bin25_stdPT,SMPS_bin26_stdPT,SMPS_bin27_stdPT,SMPS_bin28_stdPT,SMPS_bin29_stdPT,SMPS_bin30_stdPT,SMPS_bin31_stdPT,SMPS_bin32_stdPT,SMPS_bin33_stdPT,SMPS_bin34_stdPT,SMPS_bin35_stdPT,SMPS_bin36_stdPT,SMPS_bin37_stdPT,SMPS_bin38_stdPT,SMPS_bin39_stdPT,SMPS_bin40_stdPT,SMPS_bin41_stdPT,SMPS_bin42_stdPT,SMPS_bin43_stdPT
[from data line 221]
75913,75958,75935.5,798.21,37.46,1.05,1.27,0.00,0.00,0.00,0.00,0.00,0.01,92.05,65.86,0.00,93.85,75.66,0.00,147.35,170.54,87.88,379.54,347.41,785.43,853.94,792.33,1150.29,1177.10,903.88,909.24,828.40,837.54,965.72,399.32,669.59,869.20,1282.71,1123.63,639.24,883.03,880.27,1021.30,863.39,618.36,1062.92,913.98,898.54,1047.91,1050.15,655.21
75972,76017,75994.5,2173.11,109.35,3.13,1.21,0.00,579.56,425.64,3038.74,233.03,551.38,975.58,566.31,837.45,869.04,289.32,434.70,564.12,177.12,724.04,385.95,451.23,485.28,692.91,766.17,744.57,732.41,1002.27,1254.22,1325.87,1367.66,1163.15,1925.60,1479.34,1442.14,851.63,1912.16,1389.09,1987.69,2767.17,3788.15,4103.68,3540.11,4655.85,3790.25,2848.45,2803.91,1963.63,1736.75
76031,76076,76053.5,1937.34,97.79,2.87,1.19,1891.31,818.23,711.47,654.84,1000.02,414.72,196.36,581.63,916.93,635.66,577.81,653.29,403.97,812.03,547.39,151.64,439.90,509.43,460.49,659.69,425.00,703.97,788.52,623.56,1094.93,1443.10,1296.06,1492.53,1824.56,920.17,1236.46,998.10,2081.76,1591.97,1656.45,2621.95,2841.45,3640.93,3643.72,3186.34,3072.41,2218.95,2114.16,1996.53
76090,76135,76112.5,1908.55,108.43,3.10,1.16,1041.32,0.00,905.28,497.13,1306.15,715.50,715.27,326.90,530.51,260.35,484.40,285.81,684.46,514.80,625.31,237.26,35.76,360.33,726.13,209.08,407.14,1208.50,1452.57,610.80,424.81,780.79,44.35,1214.57,816.84,2470.53,1822.68,1870.09,1815.82,1422.27,3554.38,3831.03,3775.81,4228.96,5074.12,4018.59,2655.93,2023.02,1744.54,1910.00
76149,76194,76171.5,2012.20,104.89,2.84,1.16,1415.33,0.00,836.73,0.00,440.44,712.39,576.76,853.67,593.87,437.30,353.13,251.94,254.89,141.85,592.10,357.58,471.14,462.89,920.07,687.16,622.98,814.96,1111.75,1132.58,1269.53,1629.60,1274.24,931.32,922.46,1248.44,1898.47,2135.31,2011.13,4145.32,4705.73,4113.35,3584.08,4741.38,3854.54,3231.98,2664.40,2533.46,2404.17,0.00
76208,76253,76230.5,2072.62,105.78,2.90,1.14,861.48,2637.66,0.00,1002.02,369.67,1475.74,194.69,509.97,606.59,921.96,504.80,433.94,710.94,356.96,344.09,397.41,344.61,861.83,500.99,652.17,521.60,819.20,904.32,1623.57,1925.02,1618.78,1566.33,2091.63,1198.35,985.81,1292.39,1659.19,1447.52,2453.39,3749.45,3652.54,3652.88,4899.89,4732.73,4018.28,3115.41,2542.62,2165.42,0.00
76267,76312,76289.5,2286.83,125.36,3.48,1.14,707.91,491.28,419.00,307.79,443.16,549.93,436.35,1019.59,883.71,1245.50,575.82,659.53,570.73,421.99,420.43,386.78,213.14,581.81,583.42,649.26,928.29,793.91,503.81,928.22,1819.17,2286.00,3089.37,3156.62,2804.41,1874.45,2279.56,757.32,793.91,1151.39,3454.19,3776.75,4522.52,6347.90,5497.09,5164.92,3608.07,3084.88,2988.69,0.00
76326,76371,76348.5,9916.17,359.15,8.85,1.14,15.87,490.61,417.63,879.93,0.00,365.17,0.00,1747.06,2554.45,1354.84,712.91,1344.61,1495.07,2063.65,5603.54,6283.50,4529.47,4169.99,3435.56,5528.32,315.67,0.00,7071.31,22667.76,29664.95,29550.00,20986.89,13492.30,12685.50,11023.70,6827.01,8580.36,6079.92,16764.48,17108.62,10866.57,2612.45,5956.39,12003.59,12980.20,10099.92,7880.30,5980.99,0.00
76385,76430,76407.5,3253.96,141.77,3.67,1.15,875.79,1563.58,1488.92,1164.27,445.51,181.90,131.19,753.24,426.97,554.74,386.61,302.75,439.25,319.67,784.81,1091.29,584.54,918.00,1131.78,1267.22,2011.82,1837.71,1979.09,2857.74,2969.18,4164.79,4000.76,3401.35,4050.90,4614.37,3714.81,2714.96,3883.14,4395.36,4632.42,5041.61,4856.54,6325.08,4935.28,4417.43,3929.17,3111.57,2264.43,0.00
76444,76489,76466.5,2972.34,169.94,4.71,1.14,1568.86,1072.32,358.76,614.27,468.97,850.94,562.76,177.24,516.65,153.10,125.95,216.83,352.13,215.45,254.16,355.10,426.00,326.74,193.48,317.86,724.08,718.08,1027.81,1471.39,1747.37,2508.50,1996.77,2600.75,3773.32,3225.53,2313.23,3411.32,3439.95,3776.95,4040.81,5718.94,5975.43,6285.20,6125.70,7202.05,6476.92,4771.82,3149.33,0.00
76503,76548,76525.5,2887.93,171.18,4.65,1.14,1413.63,0.00,0.00,558.81,206.72,182.57,703.75,467.99,619.20,508.02,302.66,373.34,167.47,295.49,363.08,294.36,386.39,266.98,461.84,528.54,128.23,345.12,1493.20,443.06,965.78,3177.25,4516.94,1481.65,1297.15,6271.60,3647.78,0.00,604.54,4276.56,3948.78,4738.62,9774.49,10891.73,8900.04,6071.27,4612.41,3040.12,2827.52,0.00
76562,76607,76584.5,2278.30,125.99,3.56,1.18,1897.92,0.00,416.80,306.76,533.52,0.00,916.06,1002.39,426.60,490.68,532.68,433.52,518.53,376.22,495.49,727.87,745.74,601.63,741.31,567.10,520.32,734.95,994.43,1419.81,2181.43,2305.35,2346.62,1978.08,2802.68,1875.83,1758.12,1942.72,2007.94,1805.07,2478.72,3797.31,4836.94,5100.91,5563.51,4613.81,3629.16,2681.10,2127.59,1672.26
76621,76666,76643.5,2442.02,150.94,4.28,1.22,0.00,653.42,0.00,306.43,0.00,182.81,358.52,971.13,534.28,515.63,448.42,618.48,292.45,442.29,413.90,275.01,426.27,438.54,319.26,852.34,682.25,487.46,819.73,926.15,1484.00,2045.47,2074.04,1875.02,2521.10,2185.38,2217.98,2461.62,2631.55,2881.55,3989.47,5051.55,5089.03,6614.50,6828.85,5494.96,4343.86,2820.90,2214.70,2354.40
76680,76725,76702.5,6144.21,287.69,7.84,1.22,7933.10,3597.96,3825.98,3400.72,1687.76,947.81,1265.69,614.61,433.79,347.95,358.08,277.53,358.77,402.43,492.26,759.71,841.52,1541.66,1499.34,1455.82,2228.42,3636.45,3381.44,4673.15,5892.85,6152.07,6175.06,6160.18,5976.66,8428.53,7690.72,8967.73,8709.83,8910.21,8580.53,9001.83,7809.51,9124.84,9528.58,7897.33,6875.77,6447.99,5463.54,3913.16
76739,76784,76761.5,2898.64,141.61,3.85,1.22,0.00,1403.72,903.31,1158.41,617.91,164.12,0.00,507.54,37.67,386.44,521.40,162.73,306.37,314.53,620.97,711.49,830.58,920.29,823.83,927.82,854.85,1616.96,1678.71,2653.28,2601.10,2811.23,3498.63,3798.91,3402.41,3294.65,3185.46,4160.08,2731.41,3491.05,4264.65,4602.58,4731.98,5162.27,4970.97,4547.71,3621.95,2746.18,2283.96,1882.99
76798,76843,76820.5,2369.01,123.60,3.55,1.22,1033.59,0.00,0.00,0.00,1453.42,634.56,420.41,732.11,413.36,425.29,471.85,474.64,706.26,562.53,559.17,588.67,414.88,487.61,606.39,775.61,786.53,665.88,961.98,1575.44,1890.95,1787.26,2252.50,2247.79,2286.32,1922.21,1725.44,2609.22,2041.79,1882.27,3014.19,3975.66,3682.92,4234.56,4335.85,4267.74,3386.04,2826.14,2456.42,2330.09
76857,76902,76879.5,2489.28,146.50,4.20,1.19,1043.40,0.00,2247.61,972.15,155.95,1385.08,572.46,696.74,776.40,657.52,817.43,795.69,561.76,774.58,910.86,637.18,561.95,886.89,221.98,595.15,766.51,602.73,1081.19,1456.84,1064.81,2287.83,1737.52,326.00,1065.87,1329.43,1244.19,1274.42,1900.27,3868.97,3931.96,5239.27,4936.10,6138.81,6229.97,5189.28,4988.79,3394.67,2633.59,1697.29
76916,76961,76938.5,2600.79,146.63,3.99,1.16,285.28,1209.88,356.42,291.78,1088.14,765.11,591.28,0.00,199.24,371.95,274.74,861.77,588.22,204.23,662.82,545.16,290.02,455.67,461.18,867.77,778.66,1299.46,1506.06,1256.20,1780.43,1714.80,2166.75,2134.65,2675.74,2411.52,2263.13,2019.40,1600.67,2440.69,4536.06,5980.19,6331.35,8043.68,6528.26,5251.66,4405.22,3244.73,2485.17,0.00
76975,77020,76997.5,2439.67,112.16,2.78,1.15,1994.29,229.77,713.07,588.11,414.64,528.42,306.05,574.00,302.02,298.08,574.48,431.36,374.30,170.18,67.73,386.76,597.62,859.87,847.64,493.82,329.98,1473.19,1810.53,1330.64,901.51,754.99,208.39,0.00,1985.98,2316.13,5647.82,5831.76,5752.48,6022.64,5398.56,4360.63,4274.39,5175.13,4956.60,2342.52,2561.22,1226.42,1342.89,0.00
77034,77079,77056.5,24675.26,1321.72,33.32,1.15,1539.86,0.00,356.94,267.86,1089.52,509.22,279.46,0.00,90.69,363.96,234.20,54.95,269.19,134.45,401.35,417.49,208.82,0.00,20.15,0.00,0.00,663.01,1802.53,1184.62,10569.15,19445.72,25287.52,28826.32,49250.71,54431.79,53010.45,59724.81,56925.79,58838.63,57240.20,50666.24,51711.06,51588.66,43517.04,33911.89,28760.76,24344.45,19476.94,0.00
77093,77138,77115.5,9393.24,355.67,8.69,1.15,2447.03,2841.56,1103.66,1710.73,1349.11,941.73,1160.57,1000.37,924.92,1242.84,1310.95,1472.18,1374.05,1284.12,1498.15,1605.90,2245.53,2112.35,1935.10,6958.48,7787.51,5846.16,7442.37,9145.90,9086.43,9820.44,16430.44,16887.89,15077.51,16433.84,16654.76,12663.38,12159.39,13480.19,11790.87,10253.96,8259.77,11166.87,13083.71,11234.49,8272.09,6231.48,5134.56,0.00
77152,77197,77174.5,2773.62,132.33,3.61,1.15,4829.56,1727.54,2139.74,1663.50,582.27,436.95,775.19,1413.50,539.53,687.87,368.63,250.32,168.99,876.37,713.30,92.06,511.63,1070.45,851.10,490.40,993.17,976.99,1302.80,1723.12,2401.56,3040.62,2843.65,3001.77,1684.42,2606.20,2164.43,1516.23,0.00,2339.19,3071.11,3657.80,5592.92,7497.00,7148.80,5036.59,3690.02,2721.34,2507.63,0.00
77211,77256,77233.5,2241.61,111.40,2.95,1.14,726.48,1021.87,418.65,308.17,631.46,179.01,586.03,671.68,382.09,229.90,330.94,278.77,506.11,402.25,519.54,374.71,302.80,473.05,396.92,576.83,1252.22,1346.19,1290.14,1619.11,1224.90,1380.26,1826.08,1549.71,2298.90,2546.39,3622.84,2980.19,3323.72,3363.65,2930.59,3971.04,4438.00,5034.64,4306.13,3330.48,3532.10,2159.40,2051.90,0.00
77270,77315,77292.5,4315.56,157.42,3.92,1.14,1141.34,229.86,1131.46,1246.37,1355.17,1201.49,865.36,437.85,860.78,800.17,870.46,1172.24,1063.50,1395.58,1235.57,1758.48,2360.72,1977.76,3014.47,2389.31,3117.71,3322.06,4766.75,4104.56,5460.11,4994.50,5733.56,5608.25,5235.50,5895.84,6125.73,5457.04,4130.98,3544.86,4937.94,4017.86,5236.38,6661.57,5929.24,4567.47,3873.35,2979.66,2417.03,0.00
77329,77374,77351.5,2350.10,125.02,3.40,1.14,3444.89,2244.09,777.14,292.87,212.21,162.74,416.23,188.05,327.35,204.66,149.54,214.05,211.85,323.09,255.59,485.86,471.11,838.60,681.53,946.69,317.76,1420.73,933.57,1194.83,1558.59,2060.19,1249.28,1988.47,2193.03,2014.54,2093.85,2373.12,1949.45,2482.56,3665.87,4447.24,5109.63,6078.23,5551.36,5047.59,3524.49,2958.39,2142.15,0.00
77388,77433,77410.5,35587.24,1134.71,25.08,1.14,3387.34,1112.16,418.30,0.00,1070.61,1447.20,2150.52,1670.17,325.07,6188.52,9908.78,5073.19,4137.53,7022.07,12517.08,18637.91,9419.30,20826.49,46312.73,54958.27,37796.94,31659.58,31571.37,24215.90,2392.89,10416.88,48060.46,67731.64,97266.05,103408.46,83413.69,57468.23,53536.54,50229.48,40614.04,36080.08,31032.31,31432.94,26363.60,21268.51,18604.91,15156.55,11629.17,0.00
77447,77492,77469.5,3185.80,126.63,3.30,1.14,2622.59,1676.69,1399.02,362.55,1084.58,1095.90,1361.66,1161.92,402.76,1203.47,601.13,1065.92,806.66,1005.81,606.06,708.48,1119.39,1028.76,1198.33,1884.50,1337.96,1424.73,1281.30,2182.21,1828.01,2439.12,3052.24,2944.92,2418.93,3358.64,3092.15,2363.84,3741.82,4140.51,4574.69,4223.63,5451.18,5137.86,4716.18,3935.45,3372.04,2778.36,2115.93,0.00
77506,77551,77528.5,2563.42,144.03,3.96,1.14,1691.22,490.64,589.35,416.08,0.00,508.33,570.50,767.90,286.32,306.32,407.08,493.18,317.78,491.31,432.02,293.69,306.71,396.73,225.92,780.27,1019.70,969.97,1606.71,1082.63,628.63,729.64,371.29,193.47,788.85,4454.18,4932.97,3647.62,2454.21,1915.90,3085.48,5291.53,5871.97,7972.09,6432.37,5217.02,3675.12,3358.99,3093.99,0.00
77565,77610,77587.5,29245.07,1176.06,27.50,1.14,709.80,2094.86,419.33,307.48,1067.42,1035.46,263.83,621.04,407.19,107.94,399.35,553.74,564.75,1197.00,1593.17,4095.44,4479.83,7113.58,10978.50,13141.09,15677.87,19881.98,21814.01,29938.60,34290.60,37759.63,44844.90,58812.38,56090.80,55928.13,61773.14,55509.93,50691.19,47600.54,52638.04,48622.00,40838.19,40170.17,33195.01,27812.39,22776.06,16391.48,11634.29,0.00
77624,77669,77646.5,4574.89,174.67,4.26,1.14,3939.55,3625.78,1846.63,907.61,1297.40,730.63,523.62,116.25,767.44,148.95,480.27,769.85,966.74,641.10,439.59,225.07,1029.11,2971.80,2679.55,309.75,501.66,4340.03,5910.10,5221.36,3135.44,3608.20,5430.09,5461.11,5041.14,6187.94,7499.51,6690.26,6191.18,7510.78,7293.77,6582.62,6561.88,7536.56,6005.05,4349.42,3145.19,2650.22,2494.84,0.00
77683,77728,77705.5,30549.08,1009.10,23.02,1.15,1417.31,1075.56,777.47,1177.53,646.01,407.07,1049.64,2446.52,1604.46,1096.06,3427.43,6536.65,5839.66,8926.60,14232.90,12426.41,11774.93,8698.16,16361.57,33474.48,37079.04,23681.96,30378.95,44969.54,36946.95,22219.45,62144.04,72630.01,64725.88,64701.14,50878.59,36438.22,37018.23,37874.51,32041.05,27099.19,25460.97,32545.03,33338.18,28493.78,19109.32,13167.25,10180.81,0.00
77742,77787,77764.5,4395.11,150.07,3.92,1.14,7342.29,5282.33,0.00,883.10,1694.14,831.35,716.32,438.73,289.69,315.31,915.31,666.52,695.91,27.45,1085.42,1929.50,1266.33,1954.11,805.69,801.44,3028.36,4791.50,3906.67,4874.41,5138.59,2332.75,3381.22,5867.88,2558.62,0.00,5743.55,8489.97,6982.10,5939.20,5855.11,3079.86,152.06,2521.17,4895.93,4862.20,4787.61,4182.78,3721.82,0.00
77801,77846,77823.5,2021.61,117.02,3.21,1.14,0.00,0.00,359.41,293.02,469.41,509.64,445.48,444.02,189.27,82.41,201.16,165.90,138.83,207.91,76.43,131.47,275.14,283.24,224.45,386.54,604.44,290.62,677.00,1122.39,1119.24,371.35,1791.36,1741.43,1908.48,27.55,3090.08,3907.35,2647.68,2353.30,2898.25,4363.43,4662.30,5364.69,4951.85,4308.33,3166.23,2985.71,2409.97,0.00
77860,77905,77882.5,26070.06,793.70,17.83,1.14,0.00,1075.88,0.00,576.40,701.67,767.58,1017.58,2735.21,3208.27,2692.85,4235.41,6094.64,5808.26,8202.11,9613.01,14508.37,16823.75,21059.52,25531.65,32069.21,30886.50,24693.20,26669.93,40048.20,35981.64,22507.75,44728.68,55877.60,47930.45,42640.71,41935.46,33630.50,26063.94,27766.98,28675.71,25685.54,22278.35,24798.06,21722.84,19048.08,14659.23,11626.96,7664.19,0.00
77920,77965,77942.5,82445.73,4108.51,102.35,1.14,3972.58,1765.38,980.42,962.17,888.43,326.17,294.46,666.60,201.29,551.63,451.92,374.75,75.46,467.09,367.41,0.00,1864.94,11003.89,4537.30,0.00,26260.70,46890.92,20214.16,32939.55,136958.78,159633.19,56757.83,56034.30,139833.78,168626.55,71920.12,155878.59,194840.09,185220.52,176450.50,182917.64,174013.67,181131.38,144698.59,86579.90,70797.00,74887.35,60437.48,0.00
77979,78024,78001.5,7657.69,263.08,6.48,1.14,8285.84,5488.78,1944.01,893.38,2416.67,1220.61,1517.23,1252.60,1517.89,1235.81,1787.85,1568.14,1447.87,2426.91,1508.64,3394.03,4141.92,3938.15,4614.42,4526.16,4381.55,6472.86,5427.94,6219.36,6280.70,7766.62,9644.97,10925.34,9377.18,9934.38,11229.94,9692.52,7412.13,8320.97,9809.06,7733.42,7316.11,9844.76,9607.76,7914.28,6394.00,4667.95,3752.91,0.00
78038,78083,78060.5,2425.42,117.95,3.16,1.14,2004.00,1397.95,1070.66,655.76,872.24,896.11,689.15,445.93,396.60,577.07,570.36,506.52,308.69,384.63,672.17,336.71,442.81,407.73,492.14,393.99,829.98,1008.86,780.97,1210.40,1638.37,1306.65,1428.73,3481.67,3410.76,3612.71,3989.56,3127.55,2603.46,3100.83,3299.98,4046.69,3711.96,4564.92,3756.15,3825.34,3938.31,2958.28,2460.23,0.00
78097,78142,78119.5,3599.05,124.47,3.02,1.14,1726.28,491.79,0.00,842.89,1355.85,713.53,131.49,227.15,481.71,265.32,544.96,362.37,307.02,809.35,1341.73,945.34,1014.66,1922.09,2315.46,2955.41,1630.15,26.27,4333.00,3918.88,646.97,5366.42,9793.97,9068.27,7147.73,5133.01,3418.19,2570.21,1575.22,784.00,5792.31,8150.42,5251.07,3412.53,1424.47,2806.54,3974.76,2772.49,1513.71,0.00
78156,78201,78178.5,1946.21,97.67,2.76,1.14,3978.08,1092.02,1879.53,1443.14,212.15,621.60,1505.93,740.93,520.33,369.32,144.94,392.34,174.83,0.56,201.11,744.37,512.61,753.47,576.24,471.51,818.98,800.69,176.24,1378.98,787.19,905.24,2532.22,2559.27,1688.54,180.42,585.69,477.81,1655.68,2300.82,3799.68,2807.39,1590.34,4380.88,4087.53,3783.68,3312.70,2640.20,2693.59,0.00
78215,78260,78237.5,2245.32,115.41,3.03,1.14,709.29,984.58,419.88,0.00,419.26,341.39,131.18,348.10,188.46,395.88,330.81,331.11,242.10,310.97,254.52,458.76,564.95,313.60,477.52,541.69,540.68,1049.62,1110.63,1305.62,2164.30,1819.69,1169.11,2586.80,2635.00,1378.02,1795.16,3642.86,3482.15,3151.43,2908.41,5593.79,5810.44,5124.61,4590.29,3611.38,3518.31,2366.12,1410.07,0.00
78274,78319,78296.5,8117.65,182.22,4.35,1.17,23083.94,13398.27,9208.19,3442.17,3876.08,1927.76,1260.33,1163.81,632.25,567.87,1198.08,1330.90,503.85,1200.37,1651.52,2332.08,3113.62,3325.58,3784.61,4293.91,4012.26,6263.85,7568.40,6345.21,6018.91,9412.38,8422.12,7532.62,7730.67,6748.41,6254.36,3902.32,3834.19,5179.62,6832.83,6356.68,6740.83,7396.66,7169.81,3925.24,3998.40,2820.05,2420.57,0.00
