Data/Raw/MOORE,RICHARD/FIREXAQ-LARGE-SMPS_DC8_20190823_R0.ict
88,1001
Richard Moore, Elizabeth Wiggins, Edward Winstead, Claire Robinson, Lee Thornhill, and Kevin Sanchez
NASA Langley Research Center
In-situ Submicron Particle Size Distributions from a SMPS on the NASA DC-8
FIREXAQ
1,1
2019,08,23,2020,03,10
0
Time_start,Secs after midnight,Time of acquisition
50
1,1,1,1,1,1,1,1,1,1,1,1,1,1,1,1,1,1,1,1,1,1,1,1,1,1,1,1,1,1,1,1,1,1,1,1,1,1,1,1,1,1,1,1,1,1,1,1,1,1
-9999,-9999,-9999,-9999,-9999,-9999,-9999,-9999,-9999,-9999,-9999,-9999,-9999,-9999,-9999,-9999,-9999,-9999,-9999,-9999,-9999,-9999,-9999,-9999,-9999,-9999,-9999,-9999,-9999,-9999,-9999,-9999,-9999,-9999,-9999,-9999,-9999,-9999,-9999,-9999,-9999,-9999,-9999,-9999,-9999,-9999,-9999,-9999,-9999,-9999
Time_stop,Secs after midnight,Time of acquisition
Time_mid,Secs after midnight,Time of acquisition
nSMPS_stdPT,#/cm3,AerMP_NumConc_InSitu_RHd_Mobility_NucltoAccu_STP,integrated_number_density
sSMPS_stdPT,um2/cm3,AerMP_SurfAreaConc_InSitu_RHd_Mobility_NucltoAccu_STP,integrated_surface_area
vSMPS_stdPT,um3/cm3,AerMP_VolConc_InSitu_RHd_Mobility_NucltoAccu_STP,integrated_volume
SMPS_stdPT, unitless, None, conversion between ambient PT and standard PT (1013, 273)
SMPS_bin00_stdPT,#/cm3,AerMP_NumSizeDist_InSitu_RHd_Mobility_NucltoAccu_STP,Binned number size distribution (in dNdlogDp) measured by the SMPS
SMPS_bin01_stdPT,#/cm3,AerMP_NumSizeDist_InSitu_RHd_Mobility_NucltoAccu_STP,Binned number size distribution (in dNdlogDp) measured by the SMPS
SMPS_bin02_stdPT,#/cm3,AerMP_NumSizeDist_InSitu_RHd_Mobility_NucltoAccu_STP,Binned number size distribution (in dNdlogDp) measured by the SMPS
SMPS_bin03_stdPT,#/cm3,AerMP_NumSizeDist_InSitu_RHd_Mobility_NucltoAccu_STP,Binned number size distribution (in dNdlogDp) measured by the SMPS
SMPS_bin04_stdPT,#/cm3,AerMP_NumSizeDist_InSitu_RHd_Mobility_NucltoAccu_STP,Binned number size distribution (in dNdlogDp) measured by the SMPS
SMPS_bin05_stdPT,#/cm3,AerMP_NumSizeDist_InSitu_RHd_Mobility_NucltoAccu_STP,Binned number size distribution (in dNdlogDp) measured by the SMPS
SMPS_bin06_stdPT,#/cm3,AerMP_NumSizeDist_InSitu_RHd_Mobility_NucltoAccu_STP,Binned number size distribution (in dNdlogDp) measured by the SMPS
SMPS_bin07_stdPT,#/cm3,AerMP_NumSizeDist_InSitu_RHd_Mobility_NucltoAccu_STP,Binned number size distribution (in dNdlogDp) measured by the SMPS
SMPS_bin08_stdPT,#/cm3,AerMP_NumSizeDist_InSitu_RHd_Mobility_NucltoAccu_STP,Binned number size distribution (in dNdlogDp) measured by the SMPS
SMPS_bin09_stdPT,#/cm3,AerMP_NumSizeDist_InSitu_RHd_Mobility_NucltoAccu_STP,Binned number size distribution (in dNdlogDp) measured by the SMPS
SMPS_bin10_stdPT,#/cm3,AerMP_NumSizeDist_InSitu_RHd_Mobility_NucltoAccu_STP,Binned number size distribution (in dNdlogDp) measured by the SMPS
SMPS_bin11_stdPT,#/cm3,AerMP_NumSizeDist_InSitu_RHd_Mobility_NucltoAccu_STP,Binned number size distribution (in dNdlogDp) measured by the SMPS
SMPS_bin12_stdPT,#/cm3,AerMP_NumSizeDist_InSitu_RHd_Mobility_NucltoAccu_STP,Binned number size distribution (in dNdlogDp) measured by the SMPS
SMPS_bin13_stdPT,#/cm3,AerMP_NumSizeDist_InSitu_RHd_Mobility_NucltoAccu_STP,Binned number size distribution (in dNdlogDp) measured by the SMPS
SMPS_bin14_stdPT,#/cm3,AerMP_NumSizeDist_InSitu_RHd_Mobility_NucltoAccu_STP,Binned number size distribution (in dNdlogDp) measured by the SMPS
[...]
UNCERTAINTY:  20%
ULOD_FLAG: -7777
ULOD_VALUE: N/A
LLOD_FLAG: -8888
LLOD_VALUE: N/A
DM_CONTACT_INFO: Lee Thornhill (Kenneth.L.Thornhill@nasa.gov)
PROJECT_INFO: FIREX-AQ
STIPULATIONS_ON_USE: No stipulations on use. The user is encouraged to contact the PI or DM prior to use.
OTHER_COMMENTS: Midpoint diameters of Bins 00 to 43 are: 0.011,0.012,0.013,0.014,0.015,0.016,0.017,0.018,0.019,0.021,0.022,0.024,0.026,0.028,0.030,0.032,0.035,0.037,0.040,0.043,0.046,0.050,0.053,0.057,0.061,0.066,0.071,0.076,0.082,0.088,0.095,0.102,0.109,0.118,0.126,0.136,0.146,0.157,0.168,0.181,0.194,0.209,0.225,0.241
REVISION: R0
R0: Final Data. Data are corrected for time lags and ammonium sulfate size calibrations.
*******************************************************************************************************************************
Time_start,Time_stop,Time_mid,nSMPS_stdPT,sSMPS_stdPT,vSMPS_stdPT,SMPS_stdPT,SMPS_bin00_stdPT,SMPS_bin01_stdPT,SMPS_bin02_stdPT,SMPS_bin03_stdPT,SMPS_bin04_stdPT,SMPS_bin05_stdPT,SMPS_bin06_stdPT,SMPS_bin07_stdPT,SMPS_bin08_stdPT,SMPS_bin09_stdPT,SMPS_bin10_stdPT,SMPS_bin11_stdPT,SMPS_bin12_stdPT,SMPS_bin13_stdPT,SMPS_bin14_stdPT,SMPS_bin15_stdPT,SMPS_bin16_stdPT,SMPS_bin17_stdPT,SMPS_bin18_stdPT,SMPS_bin19_stdPT,SMPS_bin20_stdPT,SMPS_bin21_stdPT,SMPS_bin22_stdPT,SMPS_bin23_stdPT,SMPS_bin24_stdPT,SMPS_bin25_stdPT,SMPS_bin26_stdPT,SMPS_bin27_stdPT,SMPS_bin28_stdPT,SMPS_bin29_stdPT,SMPS_bin30_stdPT,SMPS_bin31_stdPT,SMPS_bin32_stdPT,SMPS_bin33_stdPT,SMPS_bin34_stdPT,SMPS_bin35_stdPT,SMPS_bin36_stdPT,SMPS_bin37_stdPT,SMPS_bin38_stdPT,SMPS_bin39_stdPT,SMPS_bin40_stdPT,SMPS_bin41_stdPT,SMPS_bin42_stdPT,SMPS_bin43_stdPT
[from data line 259]
76604,76649,76626.5,2253.77,9.37,0.15,1.81,0.00,0.00,11101.80,6828.87,4344.31,2141.71,3875.22,5011.19,3639.31,2553.37,2914.74,3479.65,3152.44,3054.04,2681.10,4010.79,2440.48,1875.42,1334.90,1144.26,482.39,383.35,622.00,679.42,595.19,469.81,365.83,226.37,324.42,273.39,241.98,227.37,200.45,422.45,206.55,27.45,72.69,285.65,122.83,69.06,27.43,93.27,28.44,0.00
76663,76708,76685.5,2340.01,10.45,0.17,1.81,0.00,0.00,5730.10,3586.31,4470.35,3491.00,3934.85,4899.26,3544.39,2890.46,5055.33,4716.59,4960.28,3724.91,3809.98,3504.98,3439.68,2416.92,2527.69,811.48,696.38,840.31,522.91,589.09,386.31,368.82,442.25,523.72,261.30,567.48,293.29,308.38,224.82,238.04,102.92,258.45,145.79,137.55,106.47,50.43,136.29,18.64,28.43,28.75
76722,76767,76744.5,2084.47,9.52,0.15,1.80,0.00,0.00,9994.70,6030.77,6056.29,1032.34,3697.28,3610.43,2575.77,2975.65,4141.87,3469.02,3119.20,2821.13,2006.59,1252.53,2227.41,1652.32,990.89,1035.47,632.16,626.57,830.70,573.66,473.42,569.44,847.36,314.68,384.03,329.53,363.75,209.08,392.60,253.08,253.10,208.65,244.10,177.76,56.67,82.55,54.51,18.59,28.36,28.97
76781,76826,76803.5,2028.98,11.27,0.24,1.80,0.00,0.00,3965.58,4563.80,4400.73,4160.11,5276.67,4282.43,4225.70,3161.75,3189.66,3375.30,3523.76,2600.55,3174.33,2341.46,1942.41,1299.81,1271.87,1119.86,502.79,987.35,538.81,504.11,537.26,330.80,355.53,328.51,332.68,116.31,82.86,51.55,364.46,255.32,296.82,198.51,215.31,229.10,145.21,29.46,206.35,91.74,113.25,57.41
76840,76885,76862.5,4109.79,11.18,0.19,1.80,0.00,0.00,32144.99,19232.73,13376.01,13764.63,9916.71,6534.17,3672.07,3570.41,2901.14,3334.47,2810.17,3083.24,3122.10,1539.13,1991.13,1869.31,904.90,1060.64,544.05,652.37,557.46,352.25,527.00,209.63,493.64,407.48,275.91,238.19,457.12,198.78,283.47,322.61,126.06,107.27,67.69,201.49,105.68,119.61,126.04,128.11,35.67,0.00
76899,76944,76921.5,2050.72,9.52,0.17,1.80,0.00,0.00,6303.21,2275.80,6132.41,4453.86,3937.82,1835.79,2733.99,3169.23,4090.61,3183.32,4140.66,4189.36,3035.89,3562.83,2733.69,1268.43,1067.70,841.83,563.66,666.61,385.41,489.92,666.89,333.59,311.60,668.49,332.48,192.90,248.25,308.90,197.07,296.74,105.93,209.00,90.76,33.26,75.67,104.56,102.06,24.26,56.43,161.39
76958,77003,76980.5,1659.25,8.93,0.17,1.80,0.00,0.00,2422.50,3582.74,1747.02,2645.10,3322.54,2700.24,3295.94,3479.94,2921.22,3831.23,2927.42,3852.22,1816.18,2628.93,2578.82,1449.86,1234.48,1126.79,381.78,456.99,220.19,442.04,440.32,409.48,356.82,98.93,291.35,213.40,193.69,318.32,262.99,151.75,314.60,221.56,53.78,90.57,135.65,148.91,93.91,57.15,57.56,58.76
77019,77064,77041.5,1992.83,10.21,0.18,1.80,0.00,0.00,2531.82,2599.04,896.44,6944.93,4271.54,3748.29,4045.41,4461.29,2764.36,4459.39,4333.60,2764.72,2977.90,2844.51,2360.77,1445.68,2463.06,1225.22,914.17,573.90,346.28,371.94,415.17,228.80,439.89,534.74,236.79,300.55,332.24,197.34,238.91,75.82,332.58,165.72,62.80,156.56,199.19,39.25,139.85,114.01,115.35,39.64
77077,77122,77099.5,1967.25,10.44,0.20,1.80,0.00,0.00,6517.21,2268.25,5046.24,4105.06,2132.55,2944.65,4552.34,3250.85,3161.36,2982.34,3865.89,3129.26,3324.42,2495.36,2305.98,1641.02,1293.38,1137.92,718.72,504.04,414.37,383.41,258.50,97.75,472.91,563.56,463.81,481.19,382.74,509.59,90.97,183.75,168.47,150.54,61.08,246.57,81.17,171.51,39.49,28.37,114.80,58.90
77135,77180,77157.5,2074.96,10.26,0.19,1.80,0.00,0.00,2650.75,8952.31,3673.77,2900.70,4586.75,4171.57,3926.89,4020.78,2108.73,2351.22,3553.01,3496.35,3639.85,2817.61,2053.60,1484.78,1825.80,851.96,952.04,550.31,359.59,684.55,702.11,587.73,238.80,284.31,191.14,96.64,476.72,369.23,238.26,207.73,177.26,324.28,184.31,29.51,210.11,93.22,134.73,55.20,30.21,50.92
77194,77239,77216.5,2187.87,11.30,0.24,1.80,0.00,0.00,5469.43,4869.73,5497.66,4135.42,6369.92,3910.92,2569.66,3626.06,3103.36,3447.88,3350.75,3795.18,3119.50,3509.46,2114.29,1816.47,777.23,1248.94,1017.02,811.83,434.65,668.97,457.50,304.49,429.81,176.68,286.88,207.67,316.54,216.26,413.69,204.01,254.91,97.33,57.98,72.59,135.83,51.91,118.81,160.89,57.34,70.24
77253,77298,77275.5,2254.26,7.97,0.13,1.81,0.00,0.00,8549.24,5197.82,4116.63,7024.72,3323.51,4481.80,3319.37,5009.84,3143.76,4095.81,2081.78,3928.25,3596.43,2769.88,3020.88,1164.29,1582.01,830.33,731.21,389.37,328.12,337.91,271.58,345.95,265.71,162.10,420.68,145.39,159.19,251.73,144.56,164.00,197.91,72.77,27.75,73.17,80.84,79.48,40.99,92.22,6.46,22.14
77312,77357,77334.5,1856.53,7.99,0.11,1.81,0.00,0.00,5262.46,1955.30,1334.27,2073.06,4331.82,3188.36,2385.02,3212.74,3969.50,3641.50,3934.78,3761.85,2965.81,3626.86,2342.79,1690.83,1600.00,1474.54,688.42,925.36,712.62,833.54,384.84,423.71,362.87,260.39,181.40,251.59,226.63,262.07,172.78,275.95,82.76,114.23,190.08,124.46,0.00,0.00,56.63,57.46,29.07,0.00
77371,77416,77393.5,2312.79,11.13,0.20,1.80,0.00,0.00,7515.23,3408.56,2022.49,4018.93,2901.53,3448.78,3928.86,3357.45,4043.53,6361.59,4329.60,5341.09,4059.16,4077.35,2557.70,1986.52,1804.68,1437.89,995.24,804.61,415.22,654.64,434.75,353.91,254.59,196.23,423.39,406.72,385.96,304.42,320.33,163.77,169.14,201.02,182.28,183.59,136.76,22.28,91.21,57.28,58.04,39.31
77430,77475,77452.5,2406.44,10.68,0.19,1.80,0.00,0.00,4581.21,7312.89,5605.52,5370.69,7763.68,5493.61,3828.33,4014.05,2795.93,4108.40,3848.65,3141.98,2293.52,2297.60,2039.03,2120.64,1453.68,1087.69,736.75,855.15,583.56,520.81,607.97,710.49,284.71,499.91,438.68,371.85,235.66,201.58,413.81,77.60,177.37,187.87,166.13,128.29,112.16,209.53,50.06,18.34,113.27,57.55
77489,77534,77511.5,1958.62,10.75,0.20,1.80,0.00,0.00,3062.36,3750.70,3212.23,4735.93,1775.01,3729.44,4088.90,4342.27,2436.09,2912.87,3119.62,3662.67,3457.50,2518.96,2624.39,2629.84,1781.86,1449.12,768.85,561.97,485.01,728.78,576.17,220.08,460.40,389.93,311.95,386.66,403.21,218.14,264.26,269.29,266.80,97.05,109.05,108.10,128.51,134.92,134.66,164.09,83.42,56.36
77548,77593,77570.5,2207.64,9.34,0.15,1.80,0.00,0.00,11402.49,5566.25,3157.91,3819.26,2781.22,3939.64,3120.39,2714.98,3524.02,4331.52,4695.86,4274.12,3703.72,2234.49,1598.48,1194.90,1048.53,1025.84,493.95,748.41,331.88,386.63,127.92,403.52,442.13,340.55,314.46,651.90,409.62,437.10,314.40,112.14,158.51,197.01,104.93,50.34,133.57,102.71,29.85,50.49,33.77,77.37
77607,77652,77629.5,1451.30,9.15,0.18,1.80,0.00,0.00,2749.37,2832.26,459.65,3029.43,2793.59,2315.20,3699.47,3438.31,3689.86,1395.49,1635.54,2922.85,2626.35,1835.16,1505.99,1123.74,767.40,666.34,863.06,523.62,678.85,484.90,409.43,392.92,232.59,326.50,440.00,289.08,270.89,255.10,255.91,252.27,32.63,175.03,215.45,99.25,86.90,204.97,164.71,162.09,33.69,105.67
77666,77711,77688.5,1517.91,7.90,0.14,1.80,0.00,0.00,1212.05,2266.70,2037.85,4783.00,3293.96,2039.23,2661.87,3157.24,3403.46,3328.85,3397.32,2203.90,2357.58,1627.76,1630.70,1003.74,1160.32,850.49,798.89,473.71,588.57,544.25,359.04,378.29,367.17,288.76,268.16,164.68,174.97,243.56,343.06,284.97,20.59,194.63,209.35,26.32,86.44,36.68,132.42,27.70,28.17,57.26
77725,77770,77747.5,2908.95,15.11,0.29,1.65,0.00,10415.98,4923.05,2430.12,4624.48,3914.87,5061.46,5904.29,5412.98,3667.03,4892.60,4434.68,5069.12,4921.35,3781.11,2858.15,2690.69,3263.75,2402.16,1694.95,1686.29,1091.96,844.49,778.81,613.51,585.58,472.38,452.79,478.56,423.71,340.17,154.30,405.24,228.39,358.00,251.85,270.93,118.50,274.68,177.00,135.94,193.94,97.98,200.05
77784,77829,77806.5,1177.80,20.23,0.51,1.53,0.00,811.01,822.19,514.35,351.13,375.26,1477.16,184.14,707.95,1149.48,1137.96,1042.65,935.89,1570.95,1196.95,1406.73,2079.53,1340.62,1743.17,1473.13,1445.98,1960.55,1856.20,1553.13,1556.92,1437.80,900.15,428.65,993.91,413.72,311.79,367.11,230.67,379.75,495.71,288.17,271.52,115.90,349.56,394.69,262.05,466.44,287.42,314.41
77843,77888,77865.5,1472.84,32.61,0.88,1.48,0.00,0.00,825.14,565.00,820.85,304.12,890.98,0.00,401.97,810.41,1221.23,1919.25,1654.40,1978.43,1974.04,1473.03,1577.08,2268.11,2585.87,1958.84,2585.02,2362.25,1695.34,1871.48,1667.05,1477.00,1428.93,1204.50,890.95,773.65,449.01,241.46,365.89,367.53,321.12,763.82,596.00,585.24,615.88,697.41,793.88,496.81,686.23,489.92
77903,77948,77925.5,1302.79,46.26,1.29,1.42,0.00,0.00,0.00,478.91,0.00,233.73,0.00,0.00,402.57,537.64,505.99,593.02,613.77,968.47,870.19,1423.47,1632.01,1499.90,1751.51,1532.04,2092.34,1663.37,2230.64,2246.91,1688.71,1299.67,1069.33,1315.27,1283.19,801.70,469.97,475.72,598.28,598.12,801.98,699.70,859.66,985.07,1322.21,1359.37,1391.00,1448.30,1155.10,790.41
77962,78007,77984.5,1291.55,69.58,2.11,1.34,0.00,0.00,0.00,0.01,0.01,0.02,0.00,0.00,0.00,88.73,202.01,272.70,278.32,677.29,812.38,632.89,1193.88,1209.16,1242.76,1378.47,1819.64,1873.09,1714.37,1150.74,1741.79,1537.97,1696.04,1597.65,1371.80,585.40,297.81,0.00,0.00,0.00,277.92,926.73,1784.21,1475.91,2656.88,2866.14,2417.43,2216.36,1676.49,1656.50
78021,78066,78043.5,1697.74,79.70,2.33,1.31,3124.62,1675.23,0.00,1056.94,835.34,0.03,0.00,134.23,71.36,242.09,0.00,129.64,49.72,40.39,299.26,412.78,563.25,277.74,513.19,904.32,1281.90,1225.48,1996.83,1774.31,2559.78,2545.44,2452.71,2141.97,2415.21,1868.07,1722.36,1640.09,1358.04,940.54,490.16,1616.56,1276.19,1186.57,2337.90,2239.92,2501.83,2330.84,2206.31,1888.59
78080,78125,78102.5,1064.88,56.09,1.63,1.25,0.00,0.00,0.00,0.00,265.27,205.21,155.82,208.66,0.00,89.69,166.31,79.30,223.73,332.97,525.68,451.46,600.35,284.47,852.13,817.29,836.23,932.87,1032.82,1002.52,642.56,1117.65,1157.59,1020.05,1509.11,1403.20,1794.73,1219.43,1196.59,652.91,803.18,829.66,961.91,1207.71,1685.01,1918.11,1748.78,1633.00,1197.34,1314.82
78139,78184,78161.5,1274.70,48.54,1.33,1.26,1066.60,691.58,963.39,1472.79,0.00,0.00,0.00,130.09,109.02,187.05,141.53,338.31,580.80,371.30,641.26,778.21,297.86,784.14,1011.00,860.32,1272.51,1528.74,1596.07,1355.58,1735.73,1571.37,1747.67,1479.80,1541.23,1510.73,1343.08,809.71,846.99,547.99,453.48,916.98,1176.17,1324.70,1699.37,1558.68,1411.71,1221.55,933.07,782.34
78198,78243,78220.5,937.95,31.47,0.83,1.26,0.00,0.00,0.00,411.87,0.00,0.00,183.14,283.71,290.97,254.03,538.98,197.93,433.51,334.99,506.60,637.38,688.97,1237.99,734.06,1069.96,835.90,1505.12,1113.75,1486.18,1075.32,1209.09,1801.99,1847.60,1263.52,1039.53,908.24,355.01,435.89,316.71,372.62,431.64,894.77,677.73,978.47,1036.78,861.61,728.21,526.39,508.16
78257,78302,78279.5,950.20,33.09,0.88,1.26,0.00,689.41,0.00,0.00,304.20,207.14,164.15,136.42,0.00,487.47,219.87,384.63,320.69,466.36,179.50,147.67,325.62,562.91,956.05,842.93,1210.82,927.72,1373.96,1489.83,1702.17,1409.56,1550.94,1552.27,1295.56,1863.08,1126.78,890.56,529.20,368.67,427.40,140.27,550.28,829.30,984.26,827.89,755.58,931.33,751.67,522.28
78316,78361,78338.5,1006.45,34.43,0.91,1.26,0.00,0.00,1088.31,0.00,0.00,0.00,0.00,0.12,219.54,690.01,157.17,205.39,214.79,367.06,577.58,263.40,387.62,1119.31,1132.96,731.63,1214.51,1076.91,1568.66,1542.50,1725.10,1341.88,1534.08,1479.57,2109.57,1499.80,1041.56,872.86,725.12,322.13,392.75,345.37,354.84,744.71,1063.24,1162.28,773.83,805.71,917.94,436.63
78375,78420,78397.5,1260.28,48.00,1.31,1.26,0.00,1111.37,1225.72,0.00,0.00,0.03,181.46,132.07,119.74,90.98,0.00,481.35,318.00,383.65,466.80,447.82,947.26,934.14,889.39,1233.31,1348.87,1448.29,1663.05,1794.40,1873.28,2076.73,1641.56,1849.71,1359.17,1197.49,1251.47,1264.94,1031.09,806.53,1064.26,704.70,735.62,1330.75,1248.31,1309.85,1057.65,1188.60,1237.58,881.84
78434,78479,78456.5,1214.48,44.97,1.22,1.26,710.75,0.00,6.43,1396.03,265.29,464.45,108.90,0.00,119.26,299.49,706.32,300.82,428.70,1144.25,633.55,534.68,249.90,408.24,842.74,1265.54,1216.44,1318.93,1346.96,1652.64,1694.09,1511.17,1647.34,1494.77,1384.62,1230.61,1206.45,1278.70,817.36,811.06,885.38,909.28,803.95,1046.28,1296.74,1392.42,1235.97,1162.49,974.01,660.21
78493,78538,78515.5,3000.99,208.39,6.49,1.26,1065.79,838.03,570.75,1940.44,795.51,902.38,272.34,63.80,347.87,507.23,853.27,513.79,568.15,511.58,558.34,518.17,406.00,604.98,987.47,648.01,1388.39,1586.57,1098.91,1811.28,1985.97,1177.79,1616.64,2564.19,2347.22,2224.88,2853.73,3409.75,2958.60,2147.21,3000.32,3298.71,3179.73,4886.26,7268.59,6955.23,6295.82,6314.75,6352.40,5834.82
78552,78597,78574.5,14319.44,1165.40,35.77,1.26,0.00,0.00,480.44,642.98,583.76,233.39,181.33,398.41,352.13,576.61,146.61,272.16,134.21,209.45,314.98,619.55,685.57,895.51,1087.13,227.84,604.43,1728.30,2028.62,1508.70,4615.57,7777.54,10826.53,13729.41,17454.55,16446.35,16351.28,16131.48,12736.17,10665.09,15382.57,25558.73,25766.50,29109.01,45121.60,45719.26,40718.04,34444.00,30928.71,24827.46
78611,78656,78633.5,3704.86,231.48,6.65,1.26,1019.19,0.00,570.04,354.09,1249.77,347.13,727.15,427.67,573.06,91.89,534.57,489.61,401.62,381.11,330.95,549.46,754.00,715.13,931.14,930.73,1549.87,1278.34,1358.68,1792.99,2186.78,1740.67,2863.50,3378.31,3772.23,3385.63,4381.07,4940.14,4305.54,4977.02,6401.72,6565.13,7011.69,7699.33,9199.71,7956.22,6547.93,5651.12,4503.41,3730.26
78670,78715,78692.5,1403.56,50.96,1.38,1.25,0.00,693.00,0.00,704.39,0.00,669.03,0.00,574.24,659.11,698.11,1271.94,586.01,959.17,270.69,920.57,676.06,646.56,995.69,1216.22,877.59,1299.50,1446.99,1905.11,2122.37,1458.98,1784.67,1638.38,1496.91,1093.93,1714.45,1600.29,1392.51,769.80,811.00,417.67,928.41,1676.49,1275.91,1872.95,1476.66,1608.35,1056.69,646.54,1001.08
78729,78774,78751.5,1118.96,31.76,0.81,1.25,0.00,0.00,482.42,764.46,303.88,0.00,0.00,276.30,354.88,281.89,321.78,244.17,720.27,647.33,497.88,508.95,892.39,1154.13,1392.13,2091.44,2123.87,1798.46,2147.37,1356.49,1286.82,1367.47,1418.55,1320.16,1449.15,1079.62,837.27,901.97,673.76,532.03,589.51,668.51,542.85,566.27,997.53,674.10,788.97,608.23,528.00,615.43
78788,78833,78810.5,1437.83,41.68,1.12,1.22,0.00,1266.00,483.46,657.88,1535.50,757.01,470.38,609.80,656.60,703.28,604.73,1062.50,704.86,944.64,596.69,822.52,1162.36,875.53,1021.74,887.03,961.25,1568.91,1344.07,1347.88,1374.84,1759.30,1317.53,1349.84,1252.68,1401.90,1132.85,805.72,981.82,831.31,752.24,880.13,902.23,1023.19,1155.86,1206.18,1067.43,1019.33,778.67,714.63
78847,78892,78869.5,1598.54,51.03,1.40,1.22,0.00,2769.91,1620.01,704.55,1347.67,651.35,227.85,116.55,210.45,913.81,1164.41,1098.04,958.21,1015.27,856.64,709.91,1011.74,666.28,821.74,1938.11,1402.71,1301.35,1554.17,1649.68,1959.57,2327.58,1630.40,1587.02,1529.22,1961.85,1156.03,1029.03,969.40,1100.09,715.69,909.44,625.52,1380.14,1594.40,1267.88,1372.36,1096.44,1185.75,1045.22
78906,78951,78928.5,1499.64,65.01,1.79,1.22,0.00,0.00,0.00,0.00,0.00,205.34,0.00,0.00,108.54,165.53,293.22,290.84,382.22,363.70,557.32,507.27,404.03,763.78,685.93,1006.40,1266.55,1397.16,1634.29,1674.63,1824.71,1998.80,1990.20,2117.21,2546.58,2162.12,2175.27,2618.38,1771.62,1356.01,1101.71,1135.80,902.49,1357.28,1893.50,1890.59,1702.60,1242.37,1454.22,1412.72
78965,79010,78987.5,1379.36,62.68,1.78,1.22,0.00,0.00,0.00,0.00,0.01,0.00,0.03,224.97,11.25,88.85,130.43,105.57,330.78,377.45,543.78,623.48,542.74,721.28,835.26,969.22,884.81,1830.62,1625.27,1968.91,1883.51,2410.33,2486.80,2495.37,2462.47,1910.75,1896.97,1782.62,1099.08,521.10,977.17,473.52,639.01,1273.61,1723.15,1771.83,1600.37,1830.72,1759.67,1326.79
79024,79069,79046.5,1250.26,57.28,1.64,1.22,0.00,0.00,0.00,0.00,0.00,0.00,0.00,0.00,38.28,134.50,210.95,97.94,255.51,331.23,308.19,397.57,718.75,479.47,1127.58,1174.01,1601.25,2217.54,2322.23,2192.87,1732.54,1223.94,2011.42,1437.48,1643.37,1159.97,1220.47,1274.76,845.19,920.99,760.71,1111.65,496.64,1320.96,1737.62,1461.47,1732.07,1443.71,1482.57,1382.97
79083,79128,79105.5,1376.97,63.88,1.82,1.20,0.00,575.72,0.00,0.00,0.01,205.82,0.00,0.00,424.42,162.46,152.38,344.67,644.44,462.65,447.61,746.16,854.18,711.51,726.15,1056.90,1176.62,1435.05,1489.29,1833.90,1502.30,2097.93,1749.73,2183.20,1427.88,1498.70,1565.69,1424.16,1209.03,670.67,1484.21,1059.15,1162.79,1434.29,1711.10,1964.47,1953.44,1686.03,1472.25,1356.08
