Data/Raw/MOORE,RICHARD/FIREXAQ-LARGE-SMPS_DC8_20190823_R0.ict
88,1001
Richard Moore, Elizabeth Wiggins, Edward Winstead, Claire Robinson, Lee Thornhill, and Kevin Sanchez
NASA Langley Research Center
In-situ Submicron Particle Size Distributions from a SMPS on the NASA DC-8
FIREXAQ
1,1
2019,08,23,2020,03,10
0
Time_start,Secs after midnight,Time of acquisition
50
1,1,1,1,1,1,1,1,1,1,1,1,1,1,1,1,1,1,1,1,1,1,1,1,1,1,1,1,1,1,1,1,1,1,1,1,1,1,1,1,1,1,1,1,1,1,1,1,1,1
-9999,-9999,-9999,-9999,-9999,-9999,-9999,-9999,-9999,-9999,-9999,-9999,-9999,-9999,-9999,-9999,-9999,-9999,-9999,-9999,-9999,-9999,-9999,-9999,-9999,-9999,-9999,-9999,-9999,-9999,-9999,-9999,-9999,-9999,-9999,-9999,-9999,-9999,-9999,-9999,-9999,-9999,-9999,-9999,-9999,-9999,-9999,-9999,-9999,-9999
Time_stop,Secs after midnight,Time of acquisition
Time_mid,Secs after midnight,Time of acquisition
nSMPS_stdPT,#/cm3,AerMP_NumConc_InSitu_RHd_Mobility_NucltoAccu_STP,integrated_number_density
sSMPS_stdPT,um2/cm3,AerMP_SurfAreaConc_InSitu_RHd_Mobility_NucltoAccu_STP,integrated_surface_area
vSMPS_stdPT,um3/cm3,AerMP_VolConc_InSitu_RHd_Mobility_NucltoAccu_STP,integrated_volume
SMPS_stdPT, unitless, None, conversion between ambient PT and standard PT (1013, 273)
SMPS_bin00_stdPT,#/cm3,AerMP_NumSizeDist_InSitu_RHd_Mobility_NucltoAccu_STP,Binned number size distribution (in dNdlogDp) measured by the SMPS
SMPS_bin01_stdPT,#/cm3,AerMP_NumSizeDist_InSitu_RHd_Mobility_NucltoAccu_STP,Binned number size distribution (in dNdlogDp) measured by the SMPS
SMPS_bin02_stdPT,#/cm3,AerMP_NumSizeDist_InSitu_RHd_Mobility_NucltoAccu_STP,Binned number size distribution (in dNdlogDp) measured by the SMPS
SMPS_bin03_stdPT,#/cm3,AerMP_NumSizeDist_InSitu_RHd_Mobility_NucltoAccu_STP,Binned number size distribution (in dNdlogDp) measured by the SMPS
SMPS_bin04_stdPT,#/cm3,AerMP_NumSizeDist_InSitu_RHd_Mobility_NucltoAccu_STP,Binned number size distribution (in dNdlogDp) measured by the SMPS
SMPS_bin05_stdPT,#/cm3,AerMP_NumSizeDist_InSitu_RHd_Mobility_NucltoAccu_STP,Binned number size distribution (in dNdlogDp) measured by the SMPS
SMPS_bin06_stdPT,#/cm3,AerMP_NumSizeDist_InSitu_RHd_Mobility_NucltoAccu_STP,Binned number size distribution (in dNdlogDp) measured by the SMPS
SMPS_bin07_stdPT,#/cm3,AerMP_NumSizeDist_InSitu_RHd_Mobility_NucltoAccu_STP,Binned number size distribution (in dNdlogDp) measured by the SMPS
SMPS_bin08_stdPT,#/cm3,AerMP_NumSizeDist_InSitu_RHd_Mobility_NucltoAccu_STP,Binned number size distribution (in dNdlogDp) measured by the SMPS
SMPS_bin09_stdPT,#/cm3,AerMP_NumSizeDist_InSitu_RHd_Mobility_NucltoAccu_STP,Binned number size distribution (in dNdlogDp) measured by the SMPS
SMPS_bin10_stdPT,#/cm3,AerMP_NumSizeDist_InSitu_RHd_Mobility_NucltoAccu_STP,Binned number size distribution (in dNdlogDp) measured by the SMPS
SMPS_bin11_stdPT,#/cm3,AerMP_NumSizeDist_InSitu_RHd_Mobility_NucltoAccu_STP,Binned number size distribution (in dNdlogDp) measured by the SMPS
SMPS_bin12_stdPT,#/cm3,AerMP_NumSizeDist_InSitu_RHd_Mobility_NucltoAccu_STP,Binned number size distribution (in dNdlogDp) measured by the SMPS
SMPS_bin13_stdPT,#/cm3,AerMP_NumSizeDist_InSitu_RHd_Mobility_NucltoAccu_STP,Binned number size distribution (in dNdlogDp) measured by the SMPS
SMPS_bin14_stdPT,#/cm3,AerMP_NumSizeDist_InSitu_RHd_Mobility_NucltoAccu_STP,Binned number size distribution (in dNdlogDp) measured by the SMPS
[...]
UNCERTAINTY:  20%
ULOD_FLAG: -7777
ULOD_VALUE: N/A
LLOD_FLAG: -8888
LLOD_VALUE: N/A
DM_CONTACT_INFO: Lee Thornhill (Kenneth.L.Thornhill@nasa.gov)
PROJECT_INFO: FIREX-AQ
STIPULATIONS_ON_USE: No stipulations on use. The user is encouraged to contact the PI or DM prior to use.
OTHER_COMMENTS: Midpoint diameters of Bins 00 to 43 are: 0.011,0.012,0.013,0.014,0.015,0.016,0.017,0.018,0.019,0.021,0.022,0.024,0.026,0.028,0.030,0.032,0.035,0.037,0.040,0.043,0.046,0.050,0.053,0.057,0.061,0.066,0.071,0.076,0.082,0.088,0.095,0.102,0.109,0.118,0.126,0.136,0.146,0.157,0.168,0.181,0.194,0.209,0.225,0.241
REVISION: R0
R0: Final Data. Data are corrected for time lags and ammonium sulfate size calibrations.
*******************************************************************************************************************************
Time_start,Time_stop,Time_mid,nSMPS_stdPT,sSMPS_stdPT,vSMPS_stdPT,SMPS_stdPT,SMPS_bin00_stdPT,SMPS_bin01_stdPT,SMPS_bin02_stdPT,SMPS_bin03_stdPT,SMPS_bin04_stdPT,SMPS_bin05_stdPT,SMPS_bin06_stdPT,SMPS_bin07_stdPT,SMPS_bin08_stdPT,SMPS_bin09_stdPT,SMPS_bin10_stdPT,SMPS_bin11_stdPT,SMPS_bin12_stdPT,SMPS_bin13_stdPT,SMPS_bin14_stdPT,SMPS_bin15_stdPT,SMPS_bin16_stdPT,SMPS_bin17_stdPT,SMPS_bin18_stdPT,SMPS_bin19_stdPT,SMPS_bin20_stdPT,SMPS_bin21_stdPT,SMPS_bin22_stdPT,SMPS_bin23_stdPT,SMPS_bin24_stdPT,SMPS_bin25_stdPT,SMPS_bin26_stdPT,SMPS_bin27_stdPT,SMPS_bin28_stdPT,SMPS_bin29_stdPT,SMPS_bin30_stdPT,SMPS_bin31_stdPT,SMPS_bin32_stdPT,SMPS_bin33_stdPT,SMPS_bin34_stdPT,SMPS_bin35_stdPT,SMPS_bin36_stdPT,SMPS_bin37_stdPT,SMPS_bin38_stdPT,SMPS_bin39_stdPT,SMPS_bin40_stdPT,SMPS_bin41_stdPT,SMPS_bin42_stdPT,SMPS_bin43_stdPT
[from data line 303]
79201,79246,79223.5,1817.40,65.67,1.66,1.15,852.16,485.89,1001.14,1330.44,368.96,526.69,841.16,102.83,476.87,139.65,52.29,241.94,795.99,912.14,315.02,1001.90,660.86,536.69,834.41,582.39,901.05,961.33,1529.95,1410.22,1756.63,2767.43,3964.24,2944.89,2178.44,2316.28,2774.79,2006.02,1543.83,1223.06,2274.46,1695.91,1764.75,2099.71,1913.16,2416.59,1783.38,1307.52,1261.54,0.00
79260,79305,79282.5,1631.26,56.31,1.46,1.15,1015.09,577.05,0.00,304.77,204.82,648.44,426.22,320.79,104.34,372.93,179.50,428.02,457.98,875.72,526.62,692.90,418.96,737.56,558.41,985.27,1100.43,1340.53,1076.28,1636.35,3146.16,2696.66,2521.06,2121.14,1601.15,1448.80,983.52,806.48,667.41,1014.74,1246.31,1628.37,1680.29,2183.54,2238.00,1942.54,1684.89,1303.19,1081.79,0.00
79319,79364,79341.5,16873.19,644.88,15.25,1.15,692.73,107.26,1859.10,0.00,436.74,341.42,0.00,211.31,458.42,394.00,635.71,753.38,1563.13,1426.32,1723.00,2159.42,4454.06,4948.39,8604.26,10282.75,10309.48,15307.69,18440.73,16608.03,20195.96,30287.14,27359.85,28821.72,34135.16,23369.80,28204.33,39391.21,34166.18,28076.32,24875.28,21652.69,19297.40,16869.15,14419.95,11977.98,10761.46,13118.07,11244.88,0.00
79378,79423,79400.5,2093.79,70.80,1.81,1.15,1788.32,486.58,998.56,2668.41,1836.67,721.40,421.39,413.39,524.53,1061.40,570.43,557.38,279.47,924.73,649.93,420.51,1061.52,1638.07,1562.56,1242.41,1647.44,1558.06,2202.90,1578.35,1063.67,815.97,1110.43,2071.53,2130.38,3298.97,3705.54,2635.52,3055.82,2007.45,1934.40,1889.31,1504.46,2138.07,1880.17,1861.82,2113.41,1494.67,1774.26,0.00
79437,79482,79459.5,1853.65,62.67,1.64,1.15,2258.15,2615.66,584.07,1008.39,231.79,343.23,686.58,662.32,589.08,741.90,282.36,944.10,118.96,541.26,437.10,501.92,865.40,1277.04,856.76,1725.47,1943.54,2268.26,2197.33,2074.22,2235.93,2553.61,1740.51,1518.89,854.42,1247.83,1414.29,1082.34,1510.23,1811.23,1725.10,1579.14,1713.60,2156.92,2265.49,2006.92,2050.71,1453.02,1339.20,0.00
79496,79541,79518.5,1745.03,52.44,1.36,1.15,2565.67,0.00,0.00,2038.78,1052.56,941.09,920.54,1122.84,837.36,737.66,399.96,561.87,980.48,1092.81,782.67,849.48,960.53,1184.38,967.45,1496.57,1452.11,1979.64,1837.15,2210.03,2101.59,1467.49,2095.05,1583.13,1505.33,1294.44,1206.32,1504.49,1432.70,763.35,1277.03,1084.10,1335.55,1877.20,1573.72,1551.01,1584.09,1276.69,1314.47,0.00
79555,79600,79577.5,1360.01,44.97,1.18,1.15,0.00,1279.02,647.28,610.67,626.77,1092.12,469.33,248.86,193.10,253.85,660.32,244.19,525.11,240.97,514.66,636.15,526.41,1363.91,1170.92,1151.74,1491.56,1293.26,1422.40,1527.66,973.46,1180.99,1021.59,779.70,1811.58,1992.97,530.59,383.34,1427.71,1945.36,1230.40,125.84,778.91,2022.39,1797.08,1188.88,1029.86,1456.49,1053.60,0.00
79614,79659,79636.5,7011.77,243.54,5.72,1.15,973.27,227.73,0.00,0.00,617.47,681.25,553.12,442.65,777.21,252.55,609.22,251.37,346.93,501.65,1192.25,1141.85,1718.47,3253.50,3450.11,3732.21,4589.37,5161.77,8425.31,11886.43,9309.87,12532.11,12113.03,12819.57,15221.86,14410.04,11753.09,10884.43,9239.31,8601.65,8071.06,6160.74,5495.37,6987.38,6995.03,5810.75,4384.62,4343.72,4160.29,0.00
79673,79718,79695.5,1317.81,57.36,1.64,1.15,0.00,0.00,1385.90,609.21,232.87,527.44,179.85,368.42,0.00,88.11,520.29,547.14,450.64,166.56,529.08,594.00,586.18,218.34,429.08,775.11,770.40,1361.52,2222.30,2592.32,1472.87,1878.98,2070.70,2189.02,1285.85,1639.20,1038.76,154.73,859.85,856.15,475.26,863.01,1305.21,1790.10,1565.38,1775.50,1765.64,1483.48,1310.26,1235.21
79732,79777,79754.5,1468.04,65.10,1.85,1.17,0.00,696.97,1257.64,698.83,529.83,0.00,306.68,118.47,106.71,160.76,383.22,561.07,393.10,759.33,375.65,312.71,646.43,600.61,1276.64,1266.89,1132.12,939.49,1884.73,1731.75,1801.40,1915.34,1888.28,2778.14,1805.98,974.03,1443.51,1127.46,645.40,510.38,875.73,1013.32,923.91,1684.78,2651.52,2117.18,2419.95,2016.34,1259.29,985.84
79791,79836,79813.5,1651.92,75.37,2.14,1.17,566.06,1154.46,899.60,610.49,245.36,364.40,145.91,0.00,308.35,233.60,69.49,222.10,277.51,687.12,937.99,382.19,769.85,357.29,662.75,713.63,1314.41,1012.05,1719.30,1982.24,2032.99,2505.32,2526.88,2902.08,2110.43,1728.14,1739.26,1120.06,906.75,1755.47,1411.03,1383.41,1537.79,1753.74,2418.77,1971.46,1907.31,1977.24,1942.94,1594.07
79850,79895,79872.5,1749.24,80.10,2.26,1.17,848.87,574.87,414.22,963.24,232.09,182.13,472.47,606.73,107.75,231.76,284.00,0.00,423.51,616.22,1153.02,925.36,893.53,863.53,841.63,1112.94,1227.03,1107.08,1296.95,1598.20,1472.38,1495.94,2701.43,3057.51,1637.96,1686.15,2567.46,1848.72,805.69,2043.46,2401.26,1062.86,1150.95,2832.80,3153.19,2036.23,1523.71,1823.81,2051.64,1645.45
79909,79954,79931.5,1667.75,78.65,2.24,1.17,0.00,574.64,484.99,305.07,0.00,0.00,546.57,549.23,314.30,242.57,402.33,266.62,133.88,478.75,935.50,1107.72,1105.55,973.64,819.67,1099.33,1260.26,1639.94,1651.80,1917.62,2357.83,1658.81,390.21,1380.16,2734.59,2090.30,1526.64,2497.36,2377.06,1315.92,1034.56,1241.13,1749.77,1768.37,2035.89,2615.34,2088.59,2210.10,1892.32,1592.94
79969,80014,79991.5,1484.61,78.81,2.34,1.17,0.00,577.29,0.00,305.28,0.01,363.56,244.00,544.96,413.86,0.00,232.39,407.60,586.77,735.40,302.68,848.67,607.29,786.90,542.94,1146.69,1181.77,1254.75,1310.30,1707.08,1423.62,1190.13,1402.18,1517.71,1236.16,472.70,807.59,1003.16,969.47,2.92,1676.07,2483.75,1875.46,2119.05,2726.01,2745.38,2341.08,1933.03,1996.86,1836.04
80028,80073,80050.5,8775.42,108.22,2.80,1.17,31873.56,24737.62,29688.93,22147.66,18445.70,14333.31,9916.16,7290.30,3972.80,3305.82,1109.71,618.66,652.36,603.70,644.18,773.73,624.51,1191.50,1690.42,1674.97,2007.24,2248.20,2515.02,2572.74,3620.54,3458.14,3243.40,2961.50,3937.25,3803.77,3268.84,3384.86,2219.29,2297.16,2712.35,2985.87,2885.33,2406.92,2999.14,2962.65,2501.95,2435.48,1997.61,1486.01
80087,80132,80109.5,1853.04,69.48,1.95,1.17,846.29,696.88,1340.44,2402.26,1294.07,918.92,873.52,1081.11,632.72,506.13,316.20,766.81,260.80,129.19,487.68,598.97,962.93,636.69,919.60,993.29,959.94,823.90,1548.02,1702.53,1954.76,1903.11,1466.89,1402.10,1643.49,1818.37,2209.04,2352.66,1799.63,1807.03,1657.24,1613.29,879.89,1152.08,1983.63,1987.86,2001.37,1749.22,1373.63,1560.15
80146,80191,80168.5,1841.59,58.88,1.69,1.17,3399.10,3066.76,1892.89,1794.04,696.77,940.59,556.71,1016.34,1334.80,741.19,583.31,674.54,233.76,505.79,298.37,578.04,998.51,571.84,629.95,515.73,1074.52,1062.15,1748.18,1415.01,1711.34,1941.34,2295.43,2021.01,1980.08,1356.73,1268.25,1296.98,401.29,181.49,215.47,1065.54,1100.01,1143.86,2026.07,1722.16,1866.83,1689.30,1416.40,1326.29
80205,80250,80227.5,1539.56,71.10,2.06,1.17,566.27,0.00,915.38,305.35,592.32,872.06,812.22,188.11,326.24,330.29,513.11,418.86,648.57,623.57,517.81,509.78,662.67,290.38,711.60,867.43,863.72,908.76,1013.40,1827.07,1555.71,1636.22,1868.98,1645.12,1460.77,1293.91,2010.65,1579.84,647.18,762.57,1486.88,1453.71,1341.39,1642.48,2649.79,2320.01,1884.31,1712.74,1817.65,1561.69
80264,80309,80286.5,1424.95,61.71,1.77,1.17,849.07,813.42,283.45,0.00,232.57,364.38,324.80,384.22,460.10,147.58,125.04,290.51,82.79,162.42,139.08,906.77,765.81,827.81,1108.09,1247.99,1698.59,1575.79,1387.14,1447.38,1319.27,1516.89,1290.56,2166.56,1605.81,1681.72,1785.51,2267.34,1790.55,1026.70,563.14,127.61,582.17,1037.51,1738.12,1937.49,2080.46,1939.44,1336.99,1400.37
80323,80368,80345.5,8257.08,424.06,11.18,1.17,2071.45,575.88,2143.98,2729.97,1393.33,409.97,341.77,559.95,264.25,295.76,625.48,400.12,619.45,803.84,617.83,536.47,687.84,508.88,606.32,638.19,758.57,1784.78,1919.94,2230.80,4498.60,7554.84,9706.84,10663.10,14105.16,15707.68,16247.74,16653.93,17715.29,15477.84,14727.58,14748.98,12667.67,14221.29,12767.14,11403.63,9190.84,7498.08,6964.61,4877.12
80382,80427,80404.5,2659.04,74.43,2.06,1.17,4834.90,2893.07,3757.56,4041.85,2336.54,733.14,1611.25,1328.29,1480.62,1151.25,229.36,398.18,599.79,533.67,592.76,672.74,741.82,430.22,823.51,1034.24,1467.45,1660.10,2033.82,2307.42,2384.94,1689.63,1959.98,1379.11,2338.46,1451.95,1782.62,1966.16,1489.28,1451.59,1782.90,2170.55,1721.62,1232.20,2037.37,2392.44,2289.53,1710.91,1556.08,1335.88
80441,80486,80463.5,1447.78,61.29,1.72,1.17,1033.87,0.00,0.00,353.28,0.00,0.00,480.46,262.91,879.98,562.78,594.28,155.83,506.90,456.55,598.46,487.47,550.47,814.08,780.92,809.34,918.94,277.55,198.63,1855.32,1722.83,1554.32,1997.02,2266.16,1537.41,1557.61,2364.64,1411.07,1336.68,1127.91,1280.96,1413.20,986.12,953.46,1465.46,1992.19,1998.85,1701.39,1517.06,974.18
80500,80545,80522.5,1567.80,65.42,1.84,1.17,0.00,1227.79,484.49,344.88,710.85,386.79,495.94,338.68,360.89,219.89,405.76,551.96,453.67,372.56,276.89,613.05,777.57,699.38,872.77,993.04,1526.75,1694.12,1844.17,1622.91,1782.84,2410.32,2394.91,1937.87,1265.84,1182.27,1137.11,1166.66,568.04,1047.36,1482.06,1921.09,1166.30,1853.05,2671.30,2026.82,1310.24,1438.02,1357.94,1478.02
80559,80604,80581.5,1346.37,57.20,1.55,1.15,0.00,0.00,0.00,0.00,827.83,645.75,35.06,620.40,258.63,309.26,488.33,210.94,436.33,227.74,281.80,97.11,517.79,633.80,887.72,1931.57,1597.51,1947.80,2273.98,2047.78,1551.50,1625.90,1864.68,1493.75,1605.19,309.75,0.00,969.56,706.89,806.03,1136.36,1410.47,1681.28,3074.85,2224.99,1612.81,1521.01,1732.28,1479.41,0.00
80618,80663,80640.5,1827.79,62.37,1.66,1.15,0.00,938.96,770.96,963.37,464.79,1186.95,145.83,739.35,863.20,248.66,256.47,687.71,411.91,493.14,556.31,1065.16,1910.54,1262.30,1788.82,1703.69,2183.34,1544.68,1737.49,2075.61,2487.14,2258.56,2398.74,1995.01,2356.76,1920.02,1907.41,2143.55,2072.75,1471.32,1743.23,1372.35,1115.29,879.89,1424.54,1492.51,1421.12,1518.67,1438.24,1072.86
80677,80722,80699.5,2262.53,73.88,2.01,1.16,1702.79,0.00,1455.38,3315.58,2158.77,1922.84,1363.63,679.17,1182.73,724.52,941.50,639.74,72.58,528.14,629.73,957.10,771.79,1144.48,1588.99,1322.49,1709.28,1852.17,2359.74,1896.65,2467.64,1758.16,2727.55,2812.91,2763.23,2843.63,3330.51,2716.23,1422.43,1270.76,1860.31,1238.42,387.31,1169.23,2132.89,2304.84,1762.09,1714.84,1631.10,1513.74
80736,80781,80758.5,2418.74,63.72,1.70,1.15,2987.02,3941.63,3090.76,3543.86,1916.54,3126.68,1633.64,1712.26,1388.15,1195.86,596.32,474.29,563.82,507.90,674.97,486.10,1547.34,1421.72,983.44,1423.22,1493.04,1820.84,2293.04,3054.77,2109.37,2227.20,1965.83,1852.96,1776.97,1580.79,2214.19,1487.26,1351.99,1517.65,1586.13,1065.18,914.21,1929.71,1988.01,2000.35,1635.23,1482.98,1160.25,947.94
80795,80840,80817.5,2886.24,100.75,2.54,1.15,2081.20,0.00,560.43,611.39,704.63,730.07,797.92,868.80,257.68,356.34,323.45,178.10,379.85,714.98,826.07,308.04,1060.84,1632.68,1616.76,1758.40,2545.19,2431.08,2575.46,3614.36,3580.98,2077.31,3210.10,4451.85,2774.00,2697.25,5618.78,4758.08,2478.38,2404.91,4014.79,1554.03,2313.23,4086.56,3304.50,2224.12,2019.95,2939.94,2017.36,0.00
80854,80899,80876.5,2472.44,62.55,1.52,1.15,703.26,577.93,1124.86,570.01,407.32,546.06,261.79,403.12,959.24,1385.56,1555.59,418.76,491.53,2549.21,2765.65,2072.42,2288.56,1470.63,2439.39,2749.34,2758.04,2785.98,3841.77,3811.14,4269.67,3828.92,3457.72,2668.41,1988.08,1797.49,2116.76,1587.41,1089.21,1988.96,1750.52,865.86,636.80,2292.22,1838.54,1360.44,1416.27,1550.56,1518.85,0.00
80913,80958,80935.5,1651.95,64.84,1.85,1.15,694.24,1154.36,415.51,354.71,633.98,281.82,36.21,753.17,436.50,380.81,306.26,327.11,559.54,825.65,956.93,485.19,583.09,736.30,1201.62,1875.18,1326.06,2314.06,2432.87,2503.66,2511.34,2442.29,1961.82,1969.33,1393.62,923.15,731.90,892.48,1.91,774.30,1517.70,1621.11,1237.71,1956.16,2307.35,1605.02,1342.60,1471.34,1756.30,1566.94
80972,81017,80994.5,1357.97,55.54,1.50,1.15,1262.58,0.00,878.26,0.00,611.36,364.12,779.87,370.13,107.86,234.42,412.96,269.63,122.78,465.43,778.22,741.94,581.13,1023.74,809.76,1268.38,811.25,1349.95,1944.71,1852.16,1865.30,1376.55,1531.36,1720.38,948.46,613.42,953.38,1095.83,444.79,274.28,854.87,1389.04,1541.18,2519.70,2664.32,2348.50,1838.49,1395.54,1038.99,0.00
81031,81076,81053.5,1629.32,72.15,2.05,1.15,1137.77,1633.23,699.12,305.13,319.65,0.00,0.00,233.94,358.80,236.07,85.54,237.14,656.13,347.73,276.59,580.28,1121.93,670.82,491.12,1040.82,1464.23,1470.86,1375.34,2012.97,1812.47,886.29,1171.14,1553.34,1407.04,1130.76,1952.57,2398.92,1879.69,1266.91,1380.59,1260.11,1364.93,2694.16,1728.53,1945.21,1974.09,2045.53,1707.92,1380.76
81090,81135,81112.5,1778.96,62.94,1.66,1.15,2265.81,1297.39,2580.39,1295.12,553.40,181.20,408.92,215.90,370.92,154.63,477.54,146.69,210.21,174.16,208.41,570.32,521.64,795.42,1267.93,1532.22,1921.87,2059.38,2986.96,1999.79,2307.66,2038.14,2389.47,1984.51,1715.86,1208.65,1173.31,1810.66,1243.45,958.81,1289.34,1361.72,1314.65,2585.00,2128.53,2165.16,1967.33,1562.62,1525.58,0.00
81149,81194,81171.5,1766.94,67.30,1.76,1.16,1281.62,821.48,1093.88,109.91,786.63,636.43,1342.73,291.85,216.55,187.42,215.07,387.34,549.58,228.37,826.83,624.10,473.20,441.31,917.05,672.50,1387.33,2459.80,1875.96,1514.51,1656.81,2770.45,2999.90,3058.93,2470.80,1863.71,1949.26,1733.37,141.45,62.61,2035.06,2657.77,1493.17,2269.57,2735.10,2546.06,1718.95,1424.60,1613.03,0.00
81208,81253,81230.5,1725.37,64.40,1.77,1.16,1703.71,2093.39,2015.31,685.08,1196.97,1101.90,362.26,263.70,307.43,436.87,70.37,214.29,257.60,173.99,678.36,417.41,458.50,671.88,1085.89,968.54,1042.20,2257.72,2340.73,1989.40,1714.43,2076.71,2130.42,1655.21,1034.64,1143.85,580.56,745.96,1243.39,1171.19,1854.42,2046.66,1824.71,1946.41,2217.61,2019.62,1672.61,1392.28,1249.77,1043.79
81267,81312,81289.5,1461.08,60.78,1.70,1.18,0.00,1272.07,0.00,305.46,743.64,140.43,181.03,130.35,198.02,429.74,527.90,476.29,392.83,515.02,392.06,941.70,565.48,857.41,971.15,1265.68,2236.93,1841.40,2311.45,1833.94,2252.64,2053.81,1640.03,1398.34,1240.90,589.46,672.90,1099.54,664.09,1010.96,1341.51,1742.70,1312.09,1622.41,2237.75,1635.49,1707.15,1577.11,1385.34,1040.40
81326,81371,81348.5,1502.60,65.10,1.87,1.22,1698.06,1534.02,967.87,304.20,265.08,206.31,553.49,694.22,551.57,313.63,234.49,671.64,416.24,380.10,313.11,609.17,400.34,783.12,912.88,967.59,998.56,1473.92,1179.65,1693.04,1861.13,1657.99,1856.46,1284.95,1275.46,1312.02,1280.26,1177.75,1534.43,941.77,1245.03,659.27,1364.37,1896.02,1941.83,2074.08,1901.30,2023.42,1420.23,1253.07
81385,81430,81407.5,1390.39,53.00,1.52,1.25,0.00,1867.91,2640.14,345.43,1039.34,1125.68,489.53,504.43,142.98,143.62,367.16,496.21,473.57,740.97,772.37,377.03,765.06,754.77,688.84,1119.99,1352.99,1276.19,1480.20,1588.73,1302.71,1369.57,916.53,887.78,911.01,533.36,549.06,970.57,587.76,889.09,1363.89,1201.03,1236.73,1189.99,1617.74,1817.04,1660.66,1425.64,1228.68,997.15
81444,81489,81466.5,975.09,39.00,1.11,1.26,2059.14,238.49,283.71,494.98,333.62,0.00,162.72,132.21,109.35,64.30,364.69,395.44,549.03,200.62,705.70,570.46,930.37,641.79,803.74,1025.89,1254.84,887.65,1102.24,1132.48,1470.27,776.95,809.41,591.25,463.49,231.85,591.81,505.65,433.96,482.00,921.25,1248.03,810.77,952.88,1641.74,1216.98,1021.94,927.41,872.88,788.87
81503,81548,81525.5,661.52,32.62,0.99,1.30,0.00,0.00,482.24,412.50,0.00,0.00,459.12,197.67,110.27,102.65,232.98,200.38,350.06,103.24,557.65,242.77,690.26,479.38,274.16,665.01,966.79,407.96,848.84,962.55,514.87,698.84,816.63,292.87,474.68,348.54,432.59,127.13,593.01,266.03,359.40,305.88,784.45,512.30,1001.27,961.39,1060.03,1078.12,775.83,1018.34
81562,81607,81584.5,864.49,39.31,1.16,1.35,0.00,0.00,0.00,0.00,0.00,0.00,0.00,149.12,169.65,490.16,307.59,201.83,226.59,345.18,567.33,880.71,460.65,1161.87,1181.11,909.64,1173.17,1331.91,1104.48,1227.41,1170.65,1014.03,1119.88,583.87,542.23,344.34,199.67,248.90,236.66,326.21,354.99,934.76,781.55,765.14,1511.34,1438.75,1355.13,918.79,1081.64,846.84
81621,81666,81643.5,526.72,18.78,0.52,1.43,1257.40,0.00,0.00,0.00,189.06,100.92,0.01,165.72,0.00,435.47,93.34,65.75,99.14,157.11,415.15,499.87,418.73,837.32,461.61,711.23,558.61,859.63,516.31,842.25,601.71,371.45,506.27,331.04,468.53,366.66,23.62,0.00,86.69,200.28,556.47,460.79,611.57,539.91,710.24,721.31,569.86,527.76,257.38,258.95
