Data/Raw/MOORE,RICHARD/FIREXAQ-LARGE-SMPS_DC8_20190830_R0.ict
88,1001
Richard Moore, Elizabeth Wiggins, Edward Winstead, Claire Robinson, Lee Thornhill, and Kevin Sanchez
NASA Langley Research Center
In-situ Submicron Particle Size Distributions from a SMPS on the NASA DC-8
FIREXAQ
1,1
2019,08,30,2020,03,10
0
Time_start,Secs after midnight,Time of acquisition
50
1,1,1,1,1,1,1,1,1,1,1,1,1,1,1,1,1,1,1,1,1,1,1,1,1,1,1,1,1,1,1,1,1,1,1,1,1,1,1,1,1,1,1,1,1,1,1,1,1,1
-9999,-9999,-9999,-9999,-9999,-9999,-9999,-9999,-9999,-9999,-9999,-9999,-9999,-9999,-9999,-9999,-9999,-9999,-9999,-9999,-9999,-9999,-9999,-9999,-9999,-9999,-9999,-9999,-9999,-9999,-9999,-9999,-9999,-9999,-9999,-9999,-9999,-9999,-9999,-9999,-9999,-9999,-9999,-9999,-9999,-9999,-9999,-9999,-9999,-9999
Time_stop,Secs after midnight,Time of acquisition
Time_mid,Secs after midnight,Time of acquisition
nSMPS_stdPT,#/cm3,AerMP_NumConc_InSitu_RHd_Mobility_NucltoAccu_STP,integrated_number_density
sSMPS_stdPT,um2/cm3,AerMP_SurfAreaConc_InSitu_RHd_Mobility_NucltoAccu_STP,integrated_surface_area
vSMPS_stdPT,um3/cm3,AerMP_VolConc_InSitu_RHd_Mobility_NucltoAccu_STP,integrated_volume
SMPS_stdPT, unitless, None, conversion between ambient PT and standard PT (1013, 273)
SMPS_bin00_stdPT,#/cm3,AerMP_NumSizeDist_InSitu_RHd_Mobility_NucltoAccu_STP,Binned number size distribution (in dNdlogDp) measured by the SMPS
SMPS_bin01_stdPT,#/cm3,AerMP_NumSizeDist_InSitu_RHd_Mobility_NucltoAccu_STP,Binned number size distribution (in dNdlogDp) measured by the SMPS
SMPS_bin02_stdPT,#/cm3,AerMP_NumSizeDist_InSitu_RHd_Mobility_NucltoAccu_STP,Binned number size distribution (in dNdlogDp) measured by the SMPS
SMPS_bin03_stdPT,#/cm3,AerMP_NumSizeDist_InSitu_RHd_Mobility_NucltoAccu_STP,Binned number size distribution (in dNdlogDp) measured by the SMPS
SMPS_bin04_stdPT,#/cm3,AerMP_NumSizeDist_InSitu_RHd_Mobility_NucltoAccu_STP,Binned number size distribution (in dNdlogDp) measured by the SMPS
SMPS_bin05_stdPT,#/cm3,AerMP_NumSizeDist_InSitu_RHd_Mobility_NucltoAccu_STP,Binned number size distribution (in dNdlogDp) measured by the SMPS
SMPS_bin06_stdPT,#/cm3,AerMP_NumSizeDist_InSitu_RHd_Mobility_NucltoAccu_STP,Binned number size distribution (in dNdlogDp) measured by the SMPS
SMPS_bin07_stdPT,#/cm3,AerMP_NumSizeDist_InSitu_RHd_Mobility_NucltoAccu_STP,Binned number size distribution (in dNdlogDp) measured by the SMPS
SMPS_bin08_stdPT,#/cm3,AerMP_NumSizeDist_InSitu_RHd_Mobility_NucltoAccu_STP,Binned number size distribution (in dNdlogDp) measured by the SMPS
SMPS_bin09_stdPT,#/cm3,AerMP_NumSizeDist_InSitu_RHd_Mobility_NucltoAccu_STP,Binned number size distribution (in dNdlogDp) measured by the SMPS
SMPS_bin10_stdPT,#/cm3,AerMP_NumSizeDist_InSitu_RHd_Mobility_NucltoAccu_STP,Binned number size distribution (in dNdlogDp) measured by the SMPS
SMPS_bin11_stdPT,#/cm3,AerMP_NumSizeDist_InSitu_RHd_Mobility_NucltoAccu_STP,Binned number size distribution (in dNdlogDp) measured by the SMPS
SMPS_bin12_stdPT,#/cm3,AerMP_NumSizeDist_InSitu_RHd_Mobility_NucltoAccu_STP,Binned number size distribution (in dNdlogDp) measured by the SMPS
SMPS_bin13_stdPT,#/cm3,AerMP_NumSizeDist_InSitu_RHd_Mobility_NucltoAccu_STP,Binned number size distribution (in dNdlogDp) measured by the SMPS
SMPS_bin14_stdPT,#/cm3,AerMP_NumSizeDist_InSitu_RHd_Mobility_NucltoAccu_STP,Binned number size distribution (in dNdlogDp) measured by the SMPS
[...]
UNCERTAINTY:  20%
ULOD_FLAG: -7777
ULOD_VALUE: N/A
LLOD_FLAG: -8888
LLOD_VALUE: N/A
DM_CONTACT_INFO: Lee Thornhill (Kenneth.L.Thornhill@nasa.gov)
PROJECT_INFO: FIREX-AQ
STIPULATIONS_ON_USE: No stipulations on use. The user is encouraged to contact the PI or DM prior to use.
OTHER_COMMENTS: Midpoint diameters of Bins 00 to 43 are: 0.011,0.012,0.013,0.014,0.015,0.016,0.017,0.018,0.019,0.021,0.022,0.024,0.026,0.028,0.030,0.032,0.035,0.037,0.040,0.043,0.046,0.050,0.053,0.057,0.061,0.066,0.071,0.076,0.082,0.088,0.095,0.102,0.109,0.118,0.126,0.136,0.146,0.157,0.168,0.181,0.194,0.209,0.225,0.241
REVISION: R0
R0: Final Data. Data are corrected for time lags and ammonium sulfate size calibrations.
*******************************************************************************************************************************
Time_start,Time_stop,Time_mid,nSMPS_stdPT,sSMPS_stdPT,vSMPS_stdPT,SMPS_stdPT,SMPS_bin00_stdPT,SMPS_bin01_stdPT,SMPS_bin02_stdPT,SMPS_bin03_stdPT,SMPS_bin04_stdPT,SMPS_bin05_stdPT,SMPS_bin06_stdPT,SMPS_bin07_stdPT,SMPS_bin08_stdPT,SMPS_bin09_stdPT,SMPS_bin10_stdPT,SMPS_bin11_stdPT,SMPS_bin12_stdPT,SMPS_bin13_stdPT,SMPS_bin14_stdPT,SMPS_bin15_stdPT,SMPS_bin16_stdPT,SMPS_bin17_stdPT,SMPS_bin18_stdPT,SMPS_bin19_stdPT,SMPS_bin20_stdPT,SMPS_bin21_stdPT,SMPS_bin22_stdPT,SMPS_bin23_stdPT,SMPS_bin24_stdPT,SMPS_bin25_stdPT,SMPS_bin26_stdPT,SMPS_bin27_stdPT,SMPS_bin28_stdPT,SMPS_bin29_stdPT,SMPS_bin30_stdPT,SMPS_bin31_stdPT,SMPS_bin32_stdPT,SMPS_bin33_stdPT,SMPS_bin34_stdPT,SMPS_bin35_stdPT,SMPS_bin36_stdPT,SMPS_bin37_stdPT,SMPS_bin38_stdPT,SMPS_bin39_stdPT,SMPS_bin40_stdPT,SMPS_bin41_stdPT,SMPS_bin42_stdPT,SMPS_bin43_stdPT
[from data line 223]
65712,65757,65734.5,5981.42,306.28,8.66,1.23,4264.56,5854.18,4291.02,2811.15,1795.76,738.06,423.14,376.75,207.72,1206.71,1174.65,933.14,1503.00,1174.06,1292.49,2053.88,1906.01,923.92,1428.34,1639.21,851.26,1539.87,2126.36,557.05,726.95,5551.73,4682.61,2122.04,5450.90,5775.25,5794.46,8069.26,9088.17,8033.58,7446.59,9592.82,9148.14,10504.69,11580.12,9653.20,9124.16,6202.83,6178.74,4582.45
65771,65816,65793.5,2628.30,126.85,3.50,1.25,5871.73,1405.68,2689.81,412.90,861.80,422.99,269.76,479.65,682.90,476.45,784.79,225.03,327.08,451.51,633.67,437.55,565.38,785.12,640.53,1277.00,1064.77,787.74,768.24,1617.16,1221.76,1427.19,1717.45,2479.65,2088.77,2620.33,3345.87,2694.93,3155.72,4220.96,4526.22,3613.23,3925.44,4586.65,4806.33,3817.34,3474.49,2608.00,2073.51,1762.65
65830,65875,65852.5,1390.30,47.42,1.26,1.27,3287.57,4609.68,1054.87,354.62,610.24,881.67,420.27,351.50,0.00,93.33,150.77,355.09,246.17,204.79,241.52,502.42,604.79,678.25,666.07,768.11,617.53,1140.05,1100.94,1199.60,1362.42,1582.30,745.23,1312.85,1207.68,802.36,1054.27,1114.39,1315.25,1088.08,1504.46,1372.57,1852.62,1373.55,1764.44,1717.12,969.41,988.96,597.37,624.50
65889,65934,65911.5,839.93,35.77,1.01,1.28,2009.68,31.05,0.00,0.00,0.01,0.02,0.00,0.00,0.00,100.28,70.82,113.73,85.44,247.82,488.75,580.89,681.13,788.90,446.63,491.75,902.69,671.79,749.58,1124.58,1209.35,1294.07,788.94,753.99,1202.68,955.22,596.64,556.14,797.90,390.43,665.67,669.37,904.58,793.93,1066.78,1283.31,951.10,1090.12,617.18,704.92
65948,65993,65970.5,800.27,35.26,0.98,1.27,0.00,0.00,0.00,0.00,0.01,0.00,0.00,148.53,110.15,0.00,209.96,215.27,88.06,151.50,159.19,307.60,606.63,723.84,1123.62,1028.76,1037.14,1456.22,1069.80,952.15,1101.32,849.00,999.51,973.95,927.53,426.72,477.14,265.39,467.55,460.33,747.68,859.10,1366.54,757.57,1212.60,1194.86,1012.00,855.21,570.78,695.32
66007,66052,66029.5,824.90,33.19,0.90,1.27,0.00,0.00,0.00,0.00,0.01,234.46,0.06,148.60,0.00,183.23,0.00,64.23,144.61,335.02,721.95,645.15,719.67,809.76,877.77,648.50,948.86,1073.28,1625.59,1087.29,1336.20,1260.86,1088.17,516.27,734.74,708.35,577.95,551.81,305.89,598.63,454.72,596.66,1194.38,1096.74,1486.15,899.80,808.97,861.72,648.68,402.07
66066,66111,66088.5,856.02,31.97,0.85,1.27,0.00,0.00,0.00,0.00,265.97,233.85,348.97,0.00,230.78,89.98,230.61,0.00,108.96,294.03,428.98,703.76,965.18,1007.24,1045.64,941.12,1054.94,1298.98,1096.75,1022.60,952.26,1197.70,1011.18,779.31,1017.97,563.97,518.89,724.93,92.17,755.33,699.80,1008.76,1019.25,872.87,1652.80,953.26,758.21,515.27,472.80,457.48
66125,66170,66147.5,876.45,30.59,0.82,1.27,0.00,0.00,1148.25,0.00,305.17,234.34,90.95,198.80,108.91,389.22,0.00,338.40,174.16,299.48,712.53,945.05,810.10,836.78,864.66,756.53,931.15,1259.66,961.38,1543.62,1204.83,1078.76,604.46,949.20,723.34,569.34,696.50,647.15,534.71,540.30,804.53,638.41,851.44,1022.74,1030.70,761.77,759.73,653.70,526.22,539.31
66184,66229,66206.5,756.87,23.50,0.60,1.28,0.00,0.00,675.89,690.55,305.07,440.16,0.00,147.81,0.00,97.65,224.14,331.12,234.70,474.53,565.80,713.89,612.89,972.68,686.78,772.86,703.88,995.99,948.72,1045.20,1030.59,1051.90,701.46,648.12,636.04,824.56,561.18,384.86,370.64,556.79,526.23,733.79,622.65,842.38,838.29,597.79,529.45,491.72,369.15,261.81
66243,66288,66265.5,844.81,20.21,0.49,1.28,1025.86,694.36,1074.13,321.84,682.08,136.94,0.00,569.01,238.99,191.19,72.99,321.48,189.65,378.63,412.16,610.51,764.84,1117.24,1048.38,1418.59,861.31,915.71,1152.25,1149.98,1010.10,898.15,1204.58,752.39,585.03,574.85,555.39,577.02,254.08,573.87,584.24,461.24,719.40,637.81,632.38,382.89,449.61,425.30,221.02,186.64
66302,66347,66324.5,866.55,27.00,0.71,1.28,0.00,839.76,0.00,413.31,265.78,0.00,623.48,344.03,0.00,184.10,232.72,395.10,733.47,632.37,672.12,677.20,985.18,943.28,1031.52,1255.26,1119.30,1018.67,1300.15,1173.11,992.31,1177.63,1156.80,382.53,741.78,102.12,83.75,0.00,101.30,253.30,832.28,1193.10,1005.40,1195.19,940.67,906.64,634.01,515.86,442.28,232.79
66361,66406,66383.5,1912.76,156.75,5.22,1.27,0.00,691.91,573.03,412.65,0.00,440.05,184.15,281.32,304.50,414.94,262.18,635.44,304.51,120.22,624.64,1394.29,1248.08,1290.08,1541.72,1101.70,1261.06,1190.43,1314.87,994.77,1008.82,1299.83,926.26,1346.13,1242.31,222.43,0.00,0.00,0.00,0.00,0.00,24.72,440.17,1724.74,6005.45,6895.69,6738.12,6418.13,5655.50,4673.55
66420,66465,66442.5,2257.62,84.86,2.18,1.27,3059.70,855.79,1057.69,709.73,875.90,207.41,367.79,266.59,228.82,576.51,368.73,280.26,310.95,502.73,393.73,719.48,792.19,1356.84,1647.04,1656.26,1685.68,1954.28,2195.78,2020.73,2577.53,3024.55,2766.60,2181.50,3013.04,2585.66,2493.48,3000.54,2455.45,2415.22,2705.09,2848.81,2701.34,2646.22,3119.93,2370.68,1639.23,1539.56,1123.94,944.77
66479,66524,66501.5,6282.43,578.54,18.51,1.27,837.74,0.00,574.37,0.00,305.93,0.00,327.76,281.95,307.16,123.62,308.26,325.49,143.83,527.90,581.29,618.96,806.38,1013.40,1086.96,768.01,874.73,710.66,1254.93,1205.98,2524.96,2523.71,3835.76,4381.75,6040.16,3904.79,2130.79,1538.48,819.35,0.00,2095.21,8723.32,10534.44,19030.30,24311.71,23231.10,22400.07,18647.40,16805.77,14573.47
66539,66584,66561.5,20091.10,1836.40,57.69,1.27,0.00,0.00,0.00,0.00,0.00,0.00,179.90,0.03,110.59,92.27,75.79,0.00,56.72,89.36,144.84,339.00,240.46,280.67,259.68,0.00,29.36,270.20,2311.60,2723.53,6642.79,10809.33,11904.02,10724.96,15100.12,16118.40,8461.67,7747.81,16708.78,21024.76,21466.66,34199.20,41421.86,45812.59,75761.09,74648.36,66588.70,58401.99,49344.07,42824.17
66598,66643,66620.5,13254.71,942.31,27.04,1.27,2049.81,841.28,1094.24,353.42,305.39,0.00,345.07,446.39,110.12,92.82,159.32,81.73,224.85,176.83,126.15,131.38,306.56,225.30,745.37,1174.86,1511.96,2799.77,2118.55,719.37,0.00,0.00,0.00,0.00,2949.62,26751.22,37316.13,32561.08,25176.89,23488.93,24748.58,28966.69,30844.89,27412.68,33044.93,30135.12,27191.48,24244.18,19199.48,13978.08
66657,66702,66679.5,5566.13,369.27,10.74,1.29,5462.11,2350.38,1649.14,1504.44,1144.47,207.79,368.34,563.88,450.25,106.12,283.38,279.22,246.32,659.34,655.62,496.76,672.52,732.58,520.04,534.21,544.24,707.83,342.17,950.71,1563.39,2308.89,3387.26,4787.27,4596.79,6090.52,7222.96,7148.87,6424.27,7130.97,9235.11,10474.36,12445.44,12259.03,15246.06,12866.79,11170.04,9395.83,6635.42,6295.18
66716,66761,66738.5,1482.90,70.77,2.06,1.37,1266.61,1010.26,2969.80,481.81,1012.58,816.38,492.90,382.27,213.68,322.52,348.63,536.45,716.70,47.47,584.85,520.89,681.06,695.24,661.33,473.25,1001.98,823.59,817.86,894.47,933.11,806.30,1006.28,1340.61,812.88,1130.49,1222.24,1269.90,969.06,1022.67,1445.59,1855.93,1770.38,2222.67,2704.78,2226.54,1960.47,1868.73,2047.65,1063.95
66775,66820,66797.5,1143.79,47.56,1.42,1.48,0.00,1003.42,1621.97,2110.74,2204.81,290.12,706.37,929.31,292.49,113.70,400.43,590.85,520.70,300.81,542.70,994.99,1120.82,392.49,655.37,887.53,679.18,791.44,604.05,557.03,381.44,399.94,579.70,810.30,779.77,431.10,356.13,459.19,820.22,627.93,952.96,1244.83,1343.57,1389.93,1057.09,1801.32,1417.91,1408.62,786.77,617.10
66834,66879,66856.5,908.30,25.89,0.73,1.57,0.00,1562.35,990.39,564.10,1327.65,307.15,268.83,0.00,214.85,615.08,326.19,352.32,535.24,753.49,1182.74,842.04,1330.63,1153.64,954.93,1373.70,937.22,959.21,812.18,724.76,544.20,411.25,230.87,18.81,398.20,987.42,619.11,480.59,927.05,625.47,626.03,577.99,533.31,641.76,258.77,656.77,551.62,571.40,619.17,358.58
66893,66938,66915.5,726.44,15.40,0.40,1.67,0.00,0.00,0.00,814.66,583.77,319.80,541.74,423.65,914.78,280.68,601.38,218.05,1201.41,397.49,947.72,1142.85,694.20,827.58,840.16,1223.76,1198.91,813.58,822.24,687.15,571.47,684.86,518.88,559.55,710.83,333.27,500.56,306.51,297.29,232.17,266.30,243.42,324.55,351.12,389.24,214.69,257.69,254.45,332.02,246.60
66952,66997,66974.5,8703.10,15.66,0.25,1.76,0.00,0.00,75799.00,60530.20,47608.87,30103.79,16315.31,15604.52,6404.64,5487.26,3090.73,1310.71,918.43,1392.02,792.66,937.93,898.03,963.50,1033.76,972.79,1303.13,613.46,527.82,752.02,462.62,559.06,311.95,295.27,184.48,210.03,265.09,299.07,242.32,366.10,288.63,347.18,38.75,316.88,133.15,137.30,119.47,203.83,221.73,108.75
67011,67056,67033.5,1332.45,6.07,0.12,1.76,0.00,0.00,10897.66,8534.41,2210.88,4774.27,2532.01,1511.41,1272.20,791.34,437.71,908.67,506.51,572.96,405.32,662.24,527.53,390.39,508.84,407.97,639.40,629.02,350.32,265.39,345.34,93.82,142.53,66.50,210.41,210.96,114.93,358.60,104.89,227.19,152.61,172.97,90.93,115.48,59.16,153.85,146.20,53.05,26.96,27.60
67070,67115,67092.5,1010.29,6.03,0.13,1.76,0.00,0.00,3964.19,7024.22,2709.51,1780.09,2282.20,1149.41,1010.35,876.20,1210.36,1321.98,645.28,710.55,487.00,557.41,402.57,429.00,668.28,559.81,446.10,327.15,550.90,138.60,189.82,280.34,186.47,203.25,402.61,303.22,122.24,96.29,253.41,77.83,114.97,37.44,118.74,150.92,148.89,108.70,59.06,40.09,97.79,56.40
67129,67174,67151.5,1024.45,6.97,0.13,1.76,0.00,0.00,1531.41,1969.81,2148.71,2957.80,974.96,2393.57,1197.25,1092.95,994.11,971.95,1448.39,1472.38,1310.00,1009.09,1493.61,1141.26,1076.27,931.34,811.82,663.18,718.81,437.62,578.91,336.59,421.79,328.65,225.70,284.91,314.34,313.25,156.57,239.51,262.24,95.97,43.91,101.58,25.50,13.15,100.00,51.22,55.57,0.00
67188,67233,67210.5,744.81,5.18,0.10,1.76,0.00,0.00,4080.11,1627.33,2364.67,835.17,664.10,318.82,963.09,375.62,1282.45,716.55,676.86,936.43,994.88,949.37,587.27,889.64,621.41,591.68,393.98,463.67,359.91,217.54,442.80,143.91,308.68,227.48,257.23,229.64,163.90,201.85,125.91,42.41,162.38,54.68,56.77,108.72,17.47,89.76,46.21,159.95,55.28,28.31
67247,67292,67269.5,1059.63,5.08,0.09,1.76,0.00,0.00,5620.10,4019.79,2698.26,3645.70,1925.72,1433.57,1544.34,1190.95,905.36,1299.40,880.29,642.97,1038.96,602.57,522.90,359.83,459.31,582.42,509.97,295.07,304.13,397.85,248.80,364.87,174.31,400.62,200.96,248.69,156.84,139.01,239.58,333.52,103.70,101.20,59.76,64.60,0.00,26.29,26.45,53.80,0.00,28.08
67306,67351,67328.5,838.54,5.62,0.12,1.76,0.00,0.00,0.00,5040.81,2584.15,2210.56,891.08,2780.24,732.22,1653.96,1102.34,463.64,348.82,451.85,348.83,571.94,863.99,488.74,831.61,819.02,652.19,334.14,534.47,256.43,310.02,218.70,140.60,67.51,414.00,264.28,263.09,119.33,278.00,173.86,95.39,105.21,18.84,90.90,5.22,2.46,79.08,0.00,6.22,77.09
67365,67410,67387.5,1028.60,5.12,0.10,1.76,0.00,0.00,4875.04,3739.72,2037.76,3487.97,1586.24,2378.66,1810.65,1569.63,929.28,1318.49,818.04,721.36,339.36,855.40,742.63,249.73,517.17,399.91,569.23,435.86,446.04,346.44,377.23,388.28,313.11,141.00,217.61,105.07,160.91,177.40,124.32,95.30,76.83,108.46,51.98,91.32,26.43,75.00,42.03,26.81,27.10,0.00
67424,67469,67446.5,1219.51,3.98,0.06,1.77,0.00,0.00,7325.66,5898.80,3628.88,7429.50,1715.76,1904.46,2233.03,959.92,561.49,655.99,435.02,631.62,115.55,647.33,74.59,593.55,318.63,640.72,154.71,616.58,234.10,276.91,64.64,142.37,102.25,177.00,93.90,300.96,117.93,124.41,140.30,141.13,66.69,108.27,204.46,111.58,46.69,0.00,0.00,0.00,0.00,0.00
67483,67528,67505.5,2426.05,5.14,0.07,1.77,0.00,0.00,19796.98,14623.10,9702.19,9393.19,4022.29,3668.63,3491.26,2230.78,1610.14,1488.81,682.75,540.99,736.71,254.37,417.82,634.00,357.45,450.30,430.36,194.39,198.55,149.00,333.69,388.07,227.00,307.02,106.87,171.62,119.80,76.43,119.11,126.65,102.23,109.29,78.13,77.75,68.54,48.15,15.96,27.05,0.00,56.16
67542,67587,67564.5,1879.55,4.91,0.07,1.77,0.00,0.00,11052.68,8399.18,12453.53,6484.48,3824.77,2189.70,2391.30,1767.46,1376.85,1329.77,1080.73,805.33,945.85,396.91,568.74,672.46,526.21,446.85,320.35,194.49,147.21,246.17,150.54,271.48,199.52,165.69,291.68,99.95,194.60,307.39,244.70,93.86,68.00,128.89,75.87,77.54,52.00,45.82,0.00,0.00,27.63,0.00
67601,67646,67623.5,1542.39,4.31,0.07,1.77,0.00,0.00,12332.03,7509.57,5313.29,3815.83,3935.03,3256.79,2651.21,1179.92,1035.58,508.90,541.09,456.83,556.10,975.57,816.02,609.00,447.16,350.82,321.32,278.79,184.15,249.61,266.34,106.14,286.94,184.27,13.83,78.02,173.50,134.06,126.97,102.97,132.48,92.20,23.75,30.59,73.52,70.38,26.81,109.22,0.00,0.00
67660,67705,67682.5,1868.81,4.31,0.07,1.77,0.00,0.00,14621.13,13878.48,7153.97,6258.15,4299.18,2588.56,1787.32,1247.25,1214.67,624.28,760.88,731.73,170.34,214.88,560.07,7.14,262.11,557.51,307.08,335.45,13.53,138.14,221.66,79.69,153.07,162.78,154.46,182.99,133.49,196.71,63.47,238.45,58.35,48.85,63.45,104.42,46.91,73.79,32.14,27.24,0.00,28.29
67719,67764,67741.5,1929.52,5.22,0.07,1.76,0.00,0.00,12465.90,7084.84,9844.27,7148.89,4523.50,4581.09,2377.01,1919.24,1004.36,638.12,813.10,938.63,621.03,844.90,611.88,738.64,538.57,374.70,585.87,694.82,290.06,167.11,386.58,225.24,124.79,398.44,517.17,265.20,257.04,141.12,132.37,49.71,21.06,101.99,16.07,71.79,49.99,25.17,53.76,48.28,52.48,0.00
67778,67823,67800.5,2736.94,4.68,0.07,1.76,0.00,28498.76,11671.28,15031.28,9836.32,4327.04,4657.84,2951.84,1564.66,750.64,676.64,741.87,512.20,332.51,272.83,581.74,373.44,607.85,589.39,402.13,336.70,332.18,386.70,182.68,78.95,178.44,313.02,141.33,148.91,221.77,138.37,138.03,88.67,119.91,74.40,88.55,12.83,57.72,11.75,0.00,48.41,24.59,0.00,25.49
67837,67882,67859.5,2321.30,4.73,0.07,1.77,0.00,12958.61,12345.02,10965.71,8877.56,5655.63,4982.13,3469.76,3737.95,1554.72,1011.45,566.35,903.19,694.70,580.29,645.27,681.78,712.62,562.22,299.68,276.80,223.42,208.84,271.19,257.32,229.79,382.66,137.19,179.74,105.12,96.70,44.44,64.53,186.65,65.86,45.06,66.24,30.34,7.97,30.17,17.27,36.51,35.45,52.09
67896,67941,67918.5,2057.76,4.08,0.06,1.77,0.00,14666.82,8531.13,8339.43,9228.05,5971.76,4587.06,1848.31,2512.96,2066.34,1213.85,344.02,372.77,344.96,711.45,641.79,315.74,672.96,563.24,274.16,221.45,137.13,199.37,226.15,177.64,285.97,42.88,166.66,101.36,166.36,155.80,155.54,84.58,118.16,89.56,82.68,23.42,91.57,26.94,12.17,24.15,0.00,0.00,0.00
67955,68000,67977.5,1925.33,4.71,0.08,1.76,0.00,13165.65,13710.77,7051.28,5935.20,3532.59,2713.82,2786.55,2226.40,1339.44,815.63,1090.56,409.81,331.22,400.20,527.01,577.75,465.66,534.18,408.88,590.97,284.01,310.89,164.69,124.08,188.76,261.28,227.79,171.53,268.66,73.87,192.87,167.85,10.58,116.01,58.27,49.52,71.51,42.29,67.21,40.96,26.26,0.00,51.65
68014,68059,68036.5,1320.97,4.39,0.07,1.76,0.00,0.00,4302.86,8125.06,4216.81,4760.28,3836.19,2619.26,1461.79,1882.04,1636.08,1020.92,919.14,928.93,341.06,631.54,377.73,625.63,272.07,512.09,381.41,341.71,293.29,301.18,258.54,415.83,157.70,343.44,263.57,183.53,76.07,110.01,85.48,101.85,77.59,53.90,88.70,23.91,80.86,43.00,42.48,25.08,25.66,0.00
68073,68118,68095.5,915.65,4.33,0.07,1.76,0.00,0.00,3431.20,4617.87,3899.37,0.00,2105.72,1496.26,2235.61,1189.49,2032.08,590.23,516.70,748.34,545.53,549.56,349.37,320.91,296.34,240.11,258.35,459.54,336.42,331.34,351.24,211.66,223.45,79.15,272.20,325.69,135.05,109.31,252.76,192.63,64.82,236.39,97.51,50.88,0.00,97.34,24.58,0.00,0.00,25.89
68132,68177,68154.5,833.75,5.08,0.10,1.76,0.00,0.00,545.14,2714.51,1533.41,4671.78,2213.01,1471.42,1190.54,1676.22,499.38,794.87,1001.18,865.27,625.69,667.36,576.47,621.60,569.89,570.75,388.47,199.84,162.19,308.17,203.96,199.98,154.91,453.89,126.17,250.40,190.73,133.38,160.27,158.84,134.30,154.32,97.82,138.76,50.56,24.37,24.51,37.44,12.75,25.82
68191,68236,68213.5,1262.48,6.41,0.13,1.77,0.00,0.00,6524.87,6771.38,3246.29,1987.23,4561.24,2185.89,1600.31,1164.50,705.75,1357.38,1374.24,1003.99,541.76,705.01,549.57,733.57,414.41,249.71,417.56,318.72,297.52,293.13,317.39,233.69,323.50,202.86,242.79,283.47,98.41,299.88,223.49,259.68,203.10,137.00,66.68,49.77,101.45,26.42,42.66,49.99,101.87,64.67
68250,68295,68272.5,1622.07,5.99,0.10,1.77,0.00,0.00,9121.46,9532.04,4181.61,2689.07,3343.26,2187.55,3326.30,1919.68,2189.91,1598.02,638.73,1111.93,991.60,975.89,992.13,828.48,756.25,599.20,536.61,466.01,362.40,482.78,177.94,179.12,316.51,99.27,382.18,205.44,282.44,273.76,407.49,109.04,149.28,60.52,89.49,35.74,107.07,24.36,73.74,49.84,25.54,0.00
68309,68354,68331.5,2027.59,6.66,0.11,1.77,0.00,22252.22,5934.48,4628.16,2847.49,3999.06,2699.23,2606.66,1786.13,1359.67,1392.76,1127.59,1115.02,1167.14,1415.48,573.35,1030.34,1398.59,684.94,1067.98,648.99,419.87,446.91,684.04,351.38,384.89,313.78,394.51,144.60,324.74,415.37,127.30,265.93,82.90,222.22,100.90,48.43,109.82,56.54,73.12,42.37,49.63,50.66,25.98
