Data/Raw/WAGNER,NICK/firexaq-AOP-optical_DC8_20190725_R1.ict
51, 1001
Wagner, Nicholas L.
NOAA Earth System Research Laboratory
NOAA AOP instrument
FIREX-AQ
1, 1
2019, 07, 25, 2020, 04, 27
1
Time_start, seconds_past_midnight, seconds from midnight
18
1, 1, 1, 1, 1, 1, 1, 1, 1, 1, 1, 1, 1, 1, 1, 1, 1, 1
-9999, -9999, -9999, -9999, -9999, -9999, -9999, -9999, -9999, -9999, -9999, -9999, -9999, -9999, -9999, -9999, -9999, -9999
ext_dry_664, Mm-1, AerOpt_Extinction_InSitu_RHd_red_Total_PM2.5_STP
ext_dry_532, Mm-1, AerOpt_Extinction_InSitu_RHd_green_Total_PM2.5_STP
ext_dry_405, Mm-1, AerOpt_Extinction_InSitu_RHd_blue_Total_PM2.5_STP
abs_dry_664, Mm-1, AerOpt_Absorption_InSitu_RHd_red_Total_PM2.5_STP
abs_dry_532, Mm-1, AerOpt_Absorption_InSitu_RHd_green_Total_PM2.5_STP
abs_dry_405, Mm-1, AerOpt_Absorption_InSitu_RHd_blue_Total_PM2.5_STP
AOP_RH_dry, pct, Relative_humidity_of_dry_RH_channels
ext_medRH_664, Mm-1, AerOpt_Extinction_InSitu_RH80_red_Total_PM2.5_STP
AOP_RH_med, pct, Relative_humidity_of_medium_RH_channel
ext_highRH_664, Mm-1, AerOpt_Extinction_InSitu_RH85_red_Total_PM2.5_STP
AOP_RH_high, pct, Relative_humidity_of_high_RH_channel
ext_TD_664, Mm-1, AerOpt_ExtinctionTD_InSitu_RHd_blue_Total_PM2.5_STP
ext_TD_405, Mm-1, AerOpt_ExtinctionTD_InSitu_RHd_red_Total_PM2.5_STP
abs_TD_664, Mm-1, AerOpt_Absorption_InSitu_RHd_red_Total_PM2.5_STP
abs_TD_405, Mm-1, AerOpt_Absorption_InSitu_RHd_blue_Total_PM2.5_STP
AOP_TD_bypass_flag, pct, Flag_for_TD_Bypass_valve
AOP_filter_flag, pct, Flag_for_Filter_Valve
AOP_Dilution_ratio, pct, Applied_Dilution_Ratio_for_ext_channels
1
N/A
18
PI_CONTACT_INFO: Address: NOAA ESRL Chemical Sciences Division, R/CSD2, 325 Broadway, Boulder, CO 80305. Email: nick.wagner@noaa.gov.
PLATFORM: NASA DC8
LOCATION: See the DC8 MetNav file, Based in Boise (BOI) and Salina, KS
ASSOCIATED_DATA: N/A
[...]
DATA_INFO: Mm-1:
UNCERTAINTY: The precision of the extinction measurements varies with aerosol loading and is +/-20% at 10 Mm-1 and +/-5% at 100 Mm-1. The accuracy of the dry measurement is +/-2% and depends on RH for the humidified measurements, +/-5% at 85% RH and +/-15% at 90% RH. For more details, see Langridge et al., Aerosol Science and Technology 45:1305-1318, 2011. Analysis of comparable measurements suggest incomplete mixing in the dilution system. Effective dilution for individual instruments can vary by +/- 30% compared to the reported flow-based dilution estimate. The absorption measurements have a high signal accuracy of 20%. The low signal precision varies with altitude and flight to flight, and is typically less than 10 Mm-1 for 1 second measurements.
ULOD_FLAG: -7777
ULOD_VALUE: N/A
LLOD_FLAG: -8888
LLOD_VALUE: N/A
DM_CONTACT_INFO: Gao Chen
PROJECT_INFO: FIREX-AQ
STIPULATIONS_ON_USE: NASA Data Policy. Contact with PI is encouraged.
OTHER_COMMENTS: N/A
REVISION: R1
R1: Absorption measurements have been corrected for pressure dependent microphone sensitivity. In-cloud data has been removed. R0: Final Data.
Time_start, ext_dry_664, ext_dry_532, ext_dry_405, abs_dry_664, abs_dry_532, abs_dry_405, AOP_RH_dry, ext_medRH_664, AOP_RH_med, ext_highRH_664, AOP_RH_high, ext_TD_664, ext_TD_405, abs_TD_664, abs_TD_405, AOP_TD_bypass_flag, AOP_filter_flag, AOP_Dilution_ratio
[from data line 3733]
83128,2.5936,4.7941,17.7919,-3.1072,-0.5886,-1.6685,4.6623,5.2514,81.1216,10.7513,85.9706,-9999.0000,-9999.0000,-9999.0000,3.1816,0,0,10.7300
83129,5.6696,6.5076,15.9406,0.2501,-0.5228,-2.0179,4.6582,8.0381,81.1160,2.6301,86.0061,-9999.0000,-9999.0000,-9999.0000,0.1730,0,0,10.7300
83130,2.2270,4.5721,11.3241,1.0791,2.2891,2.7971,4.6521,8.8303,81.1177,13.6062,86.0258,-9999.0000,-9999.0000,-9999.0000,-5.4605,0,0,10.7300
83131,4.0964,5.9388,13.4240,-0.6280,-3.2307,-0.7730,4.6512,8.4739,81.1183,3.3148,86.0370,-9999.0000,-9999.0000,-9999.0000,-2.2338,0,0,10.7300
83132,3.2058,15.1335,10.0545,-0.8695,-0.4930,-2.0364,4.6502,3.4314,81.1207,2.5460,86.0450,-9999.0000,-9999.0000,-9999.0000,-1.8864,0,0,10.7300
83133,0.2645,9.0761,13.4972,0.0811,-0.1222,-0.6385,4.6471,2.7480,81.1253,3.3566,86.0441,-9999.0000,-9999.0000,-9999.0000,0.5068,0,0,10.7300
83134,1.2662,9.5627,22.1196,-3.8832,2.6173,-1.2173,4.6469,2.2125,81.1343,6.1107,86.0483,-9999.0000,-9999.0000,-9999.0000,3.4463,0,0,10.7300
83135,-0.2899,8.1033,10.9609,-0.1013,-5.4261,-0.6774,4.6423,3.6818,81.1604,24.6641,86.0458,-9999.0000,-9999.0000,-9999.0000,10.8296,0,0,10.7300
83136,0.4974,15.7512,17.5270,-1.4924,2.7902,-1.7137,4.6421,6.1405,81.2051,11.1215,86.0436,-9999.0000,-9999.0000,-9999.0000,-2.7703,0,0,10.7300
83137,2.3616,10.3034,11.0326,-2.8549,-1.1353,-2.6964,4.6456,2.3072,81.2578,10.5515,86.0313,-9999.0000,-9999.0000,-9999.0000,1.9514,0,0,10.7300
83138,-0.9775,10.4726,12.5822,-2.6793,0.8487,-2.0517,4.6449,6.8037,81.3402,3.8933,86.0144,-9999.0000,-9999.0000,-9999.0000,-1.7812,0,0,10.7300
83139,-2.0386,5.0179,8.5248,-1.2299,-0.2838,-2.0631,4.6346,5.6724,81.4147,0.9288,85.9945,-9999.0000,-9999.0000,-9999.0000,6.8130,0,0,10.7300
83140,-1.8525,5.7615,10.3481,-4.1707,-0.2520,-1.4764,4.6292,5.6447,81.4931,3.2966,85.9744,-9999.0000,-9999.0000,-9999.0000,-2.0835,0,0,10.7300
83141,-2.0714,7.5207,9.8859,-0.9540,-1.8618,-1.9598,4.6105,12.5983,81.5498,2.0214,85.9330,-9999.0000,-9999.0000,-9999.0000,1.6676,0,0,10.7300
83142,-2.8260,12.3303,12.7602,-0.9042,-2.0305,-1.6517,4.6065,4.9836,81.6006,1.0290,85.9044,-9999.0000,-9999.0000,-9999.0000,-1.1733,0,0,10.7300
83143,-1.2031,4.5084,8.3027,-2.9481,-1.6608,-2.0605,4.6061,11.2632,81.6583,4.0767,85.8730,-9999.0000,-9999.0000,-9999.0000,-1.2109,0,0,10.7300
83144,-2.0410,4.3907,29.2333,0.8822,-2.5553,-2.6818,4.6097,21.5335,81.7227,4.0375,85.8387,-9999.0000,-9999.0000,-9999.0000,-7.4809,0,0,10.7300
83145,-1.1299,3.4629,14.5922,-1.0364,-0.3349,-1.8997,4.6098,4.6580,81.7879,1.1909,85.8041,-9999.0000,-9999.0000,-9999.0000,-1.3241,0,0,10.7300
83146,-0.2049,5.7090,5.7290,-0.7793,-1.4926,-1.9192,4.6102,2.8645,81.8546,0.0727,85.7640,0.9882,1.0938,-9999.0000,4.2116,0,0,10.7300
83147,14.5906,6.0695,6.5977,-3.9217,1.5384,-1.8464,4.6102,3.4150,81.9205,0.3714,85.7259,1.4480,1.1682,-9999.0000,1.6159,0,0,10.7300
83148,-3.0101,4.0540,6.5333,-2.0669,1.0991,-2.4015,4.6076,4.2566,81.9936,0.9256,85.6812,11.0077,1.1963,-9999.0000,0.8660,0,0,10.7300
83149,-2.0532,4.0983,6.9328,-1.7210,-1.2840,-1.5867,4.6050,6.0491,82.0619,7.1759,85.6454,13.5941,1.2144,-9999.0000,6.2308,0,0,10.7300
83150,-2.5611,5.6589,6.2611,-2.0056,0.3114,-2.3860,4.6016,4.0933,82.1325,16.4708,85.6237,2.0605,1.8044,-9999.0000,-3.6344,0,0,10.7300
83151,-2.1606,4.0048,11.4021,-0.3234,-2.1705,-1.9683,4.5996,3.6691,82.1931,0.7019,85.5967,2.1019,1.1480,-9999.0000,1.9880,0,0,10.7300
83152,-2.8306,3.6096,5.4035,-0.7782,-0.8588,-1.5506,4.5966,2.6456,82.2521,-0.4681,85.5762,3.0452,1.2632,-9999.0000,-0.8458,0,0,10.7300
83153,-1.6809,2.5149,5.6206,-1.4460,0.7227,-1.0525,4.5912,3.4327,82.3388,-1.4166,85.5589,9.6414,1.1234,-9999.0000,-1.4269,0,0,10.7300
83154,-2.3167,3.4002,5.3000,-3.3719,-1.2357,-1.0374,4.5872,2.0361,82.4294,-2.7296,85.5503,18.2704,1.5822,-9999.0000,4.0937,0,0,10.7300
83155,-3.7397,4.5278,5.3060,-2.1028,-1.9497,-1.7451,4.5822,1.4327,82.5127,-2.8524,85.5410,9.4151,1.9313,-9999.0000,-1.0767,0,0,10.7300
83156,-1.1920,5.5797,5.8580,-0.7510,-3.2351,-2.5050,4.5782,2.1726,82.5815,-2.0649,85.5331,5.3454,1.3473,-9999.0000,-0.4307,0,0,10.7300
83157,0.5599,8.4977,12.5537,-2.9512,-0.8710,-1.6820,4.5770,2.3895,82.6621,0.0116,85.5251,6.0817,0.9711,-9999.0000,2.4195,0,0,10.7300
83158,-2.9475,3.8299,4.3695,-0.4282,-0.2477,-1.9336,4.5737,3.4712,82.7312,1.9188,85.5196,1.6904,-0.0290,-9999.0000,0.3752,0,0,10.7300
83159,4.0536,3.6306,11.3663,-2.1837,-1.1924,-2.0289,4.5481,3.6214,82.7848,1.0039,85.5107,-0.1760,0.2187,-9999.0000,0.8239,0,0,10.7300
83160,-2.5380,2.8411,5.5934,-1.8563,-0.6524,-1.3910,4.5343,3.1238,82.8393,1.5510,85.5004,-0.2907,0.4677,-9999.0000,0.6393,0,0,10.7300
83161,-0.9829,2.9393,5.7972,-2.5686,-0.5895,-2.0882,4.5323,3.7636,82.9057,2.3760,85.4903,-0.3689,0.2757,-9999.0000,3.0848,0,0,10.7300
83162,-1.6606,1.6480,7.5491,-3.0019,-1.4262,-2.7014,4.5305,6.3340,82.9829,2.4902,85.4902,-0.2250,0.1472,-9999.0000,-3.1525,0,0,10.7300
83163,-1.4234,2.8915,6.1886,-1.0318,0.4354,-2.3382,4.5214,5.4708,83.0432,2.4111,85.4890,-0.6163,0.7107,-9999.0000,2.0138,0,0,10.7300
83164,-1.2584,4.6060,5.7188,-1.5562,-3.0670,-2.0841,4.5180,4.5942,83.1044,2.2634,85.4848,-0.2134,0.6324,-9999.0000,32.3273,0,0,10.7300
83165,-0.8583,3.6654,7.7727,-3.0403,-0.4653,-1.7199,4.5139,5.9041,83.1538,2.3314,85.4793,1.3064,1.3567,-9999.0000,3.3768,0,0,10.7300
83166,-0.3684,7.1384,7.0947,-1.8083,-0.6415,-2.4856,4.5133,7.4293,83.2002,2.9426,85.4801,-0.5956,1.1185,-9999.0000,-4.2418,0,0,10.7300
83167,0.5545,7.9686,9.8052,-1.8588,-0.1052,-1.6594,4.5124,4.9683,83.2359,-0.1588,85.4778,-0.6931,1.2625,-9999.0000,3.3051,0,0,10.7300
83168,0.5504,5.2779,7.9607,-2.5614,-0.9442,-1.9177,4.5136,5.4716,83.2582,3.0053,85.4752,3.0518,1.4804,-9999.0000,-2.3643,0,0,10.7300
83169,-0.6595,6.0118,10.5876,-1.8142,-0.5851,-1.3686,4.5144,12.5194,83.2709,3.8887,85.4764,6.2054,1.5596,-9999.0000,-3.2701,0,0,10.7300
83170,-0.6880,7.0954,10.4762,-0.8159,3.2417,-2.2868,4.5217,9.9678,83.2703,1.4268,85.4774,4.0033,1.4803,-9999.0000,-4.1238,0,0,10.7300
83171,0.7757,6.0059,8.0295,-3.3257,1.6370,-1.4916,4.5222,8.0884,83.2705,2.8337,85.4870,-0.1140,1.1394,-9999.0000,6.9589,0,0,10.7300
83172,-0.9311,6.9393,7.2529,0.5814,0.1824,0.2853,4.5216,7.5592,83.2640,3.7371,85.4977,-0.3958,1.1533,-9999.0000,-1.7868,0,0,10.7300
83173,-2.3877,5.6540,12.3176,-1.5230,-1.2174,-1.4067,4.5170,5.8764,83.2323,22.7900,85.5148,-0.2435,0.8181,-9999.0000,1.8847,0,0,10.7300
83174,3.6206,6.3852,9.4023,-2.0888,1.4217,-1.7398,4.5090,5.8937,83.1570,0.8780,85.5434,0.2640,3.9063,-9999.0000,2.8158,0,0,10.7300
83175,-0.1121,9.3384,9.1288,-1.5877,-0.8835,-2.0505,4.5056,5.9624,83.0573,0.3014,85.5761,0.0732,7.8864,-9999.0000,-0.9405,0,0,10.7300
83176,-0.6502,8.9904,7.1467,-1.8262,0.8448,-1.6360,4.5052,5.8195,82.9413,-1.0239,85.6189,-0.0963,2.2870,-9999.0000,-2.0020,0,0,10.7300
83177,10.1438,8.1715,6.9691,-1.8445,1.8472,-2.1482,4.5047,4.9122,82.7981,-0.0041,85.6612,0.3513,0.7780,-9999.0000,2.9924,0,0,10.7300
83178,-0.3866,10.6537,8.3702,-1.7589,1.6970,-1.9895,4.5043,4.3367,82.6409,-0.0867,85.6973,-0.2102,0.9514,-9999.0000,-1.7556,0,0,10.7300
83179,-0.5912,8.0274,8.9911,-1.9596,-0.3089,-2.3460,4.5018,5.3751,82.4803,-0.6395,85.7391,-0.6056,0.7937,-9999.0000,-7.7331,0,0,10.7300
83180,-0.1183,9.6189,10.7287,-1.8051,-1.5014,-1.6227,4.5018,12.0008,82.3300,0.7908,85.7826,-0.7771,1.3094,-9999.0000,1.4369,0,0,10.7300
83181,-0.7837,19.8189,10.4755,-3.3259,-0.4291,-1.3832,4.4990,8.0066,82.1707,2.8522,85.8444,-0.5701,1.0909,-9999.0000,6.0445,0,0,10.7300
83182,-0.6993,8.4680,7.8578,-1.0923,0.1155,-1.5261,4.4942,7.6611,82.0289,2.6684,85.8963,-0.8174,1.1869,-9999.0000,-4.7310,0,0,10.7300
83183,1.0220,7.7331,10.8547,-9999.0000,-2.4929,-0.4743,4.4935,8.7521,81.8881,3.4409,85.9631,-0.6702,0.9633,-9999.0000,2.9513,0,0,10.7300
83184,0.8868,8.1618,11.6154,-9999.0000,-9999.0000,-1.8516,4.4908,7.6850,81.7579,4.9961,86.0228,-0.4018,1.7428,-9999.0000,5.8719,0,0,10.7300
83185,3.8897,15.1482,16.1163,-9999.0000,-9999.0000,-0.9568,4.4645,9.0203,81.6304,3.7231,86.0906,-0.5627,2.3674,-9999.0000,5.8361,0,0,10.7300
83186,4.0671,21.3041,21.1147,-9999.0000,-9999.0000,-1.1030,4.4417,9.4969,81.5195,4.5539,86.1585,0.1806,2.3789,-9999.0000,3.2534,0,0,10.7300
83187,6.6740,17.7812,33.3649,-9999.0000,-9999.0000,0.4324,4.4401,12.5692,81.4235,7.8064,86.2240,0.9395,4.4310,-9999.0000,0.9465,0,0,10.7300
83188,10.1477,17.0644,43.1636,-9999.0000,-9999.0000,0.5637,4.4384,23.1143,81.3413,12.5621,86.2785,2.8234,10.6040,-9999.0000,7.2698,0,0,10.7300
83189,23.8316,46.2268,78.7085,-9999.0000,-9999.0000,2.7263,4.4367,59.2440,81.2903,17.9270,86.3350,7.7044,25.3123,-9999.0000,5.9228,0,0,10.7300
83190,38.4492,103.4109,131.6436,-9999.0000,-9999.0000,9.2451,4.4323,63.2472,81.2339,50.7048,86.3902,19.5479,41.4697,-9999.0000,13.3738,0,0,10.7300
83191,89.5468,225.9106,322.3775,-9999.0000,-9999.0000,18.0563,4.4288,146.6827,81.1895,78.9904,86.4457,28.3315,74.0756,-9999.0000,16.6988,0,0,10.7300
83192,165.3341,351.9853,489.7966,-9999.0000,-9999.0000,26.6846,4.4244,168.9219,81.1461,125.2288,86.4874,28.9291,94.5670,-9999.0000,20.6204,0,0,10.7300
83193,177.8876,319.1218,565.4066,-9999.0000,-9999.0000,29.9788,4.4198,152.8472,81.1198,114.9687,86.5190,23.8653,99.4171,-9999.0000,30.6182,0,0,10.7300
83194,129.3673,238.8854,452.2087,-9999.0000,-9999.0000,27.9991,4.4185,145.3438,81.0973,92.8125,86.5373,18.3104,89.4795,-9999.0000,29.4030,0,0,10.7300
83195,97.1796,153.4095,317.7550,-9999.0000,-9999.0000,20.6633,4.4192,106.3246,81.0832,88.4523,86.5515,13.0863,70.6179,-9999.0000,26.0079,0,0,10.7300
83196,50.6952,91.3596,237.4024,-9999.0000,-9999.0000,16.4460,4.4151,72.7407,81.0734,79.9775,86.5645,7.4344,58.0644,-9999.0000,20.5638,0,0,10.7300
83197,29.1819,58.9727,137.6989,-9999.0000,-9999.0000,10.6819,4.4111,42.5649,81.0713,58.4434,86.5694,4.5396,41.3204,-9999.0000,11.9727,0,0,10.7300
83198,18.0107,48.3405,94.7176,-9999.0000,-9999.0000,6.6864,4.4148,44.9931,81.0718,58.8419,86.5729,4.9019,31.9977,-9999.0000,8.6395,0,0,10.7300
83199,12.3961,27.2794,55.1726,-9999.0000,-9999.0000,4.6115,4.4141,28.3161,81.0771,54.4412,86.5729,5.8774,21.3073,-9999.0000,8.1140,0,0,10.7300
83200,6.6062,17.6158,47.0717,-9999.0000,-9999.0000,1.7488,4.4083,23.0327,81.1020,45.9215,86.5798,4.9772,16.1871,-9999.0000,3.9069,0,0,10.7300
83201,6.6991,14.4128,30.2753,-9999.0000,-9999.0000,1.1439,4.4135,23.3528,81.1477,41.0549,86.5781,3.5439,14.1955,-9999.0000,-1.0501,0,0,10.7300
83202,6.0492,18.9351,33.5457,-9999.0000,-9999.0000,1.2599,4.4122,20.9261,81.2061,35.1806,86.5740,2.1362,8.7721,-9999.0000,2.0769,0,0,10.7300
83203,5.3949,15.9516,39.4631,-9999.0000,-9999.0000,0.0836,4.4142,10.3312,81.2684,45.9521,86.5696,2.0226,9.7229,-9999.0000,1.3777,0,0,10.7300
83204,11.9237,34.9231,36.2599,-9999.0000,-9999.0000,-1.0661,4.4137,9.6630,81.3369,29.7262,86.5702,0.7533,8.9521,-9999.0000,4.4735,0,0,10.7300
83205,3.4458,14.5525,18.8083,-9999.0000,-9999.0000,0.4742,4.4098,9.6787,81.4088,16.0389,86.5607,0.3528,6.7306,-9999.0000,-1.0808,0,0,10.7300
83206,3.7917,14.5714,19.1654,-9999.0000,-9999.0000,-0.3640,4.4066,12.0292,81.4791,5.1810,86.5598,0.1807,4.7585,-9999.0000,3.9927,0,0,10.7300
83207,4.5254,11.5323,17.8647,-9999.0000,-9999.0000,-0.3507,4.4065,48.6840,81.5664,6.9128,86.5514,0.2320,4.6269,-9999.0000,2.1599,0,0,10.7300
83208,11.3148,12.8377,16.3624,-9999.0000,-9999.0000,-0.9184,4.4053,19.3951,81.6683,5.7730,86.5498,0.6449,4.4568,-9999.0000,2.5309,0,0,10.7300
83209,1.8691,10.7389,15.9271,-9999.0000,-9999.0000,-0.8369,4.4023,11.1360,81.7690,9.1279,86.5519,0.4236,4.1600,-9999.0000,2.7769,0,0,10.7300
83210,1.3187,6.9992,14.0050,-9999.0000,-9999.0000,-0.7073,4.4009,13.6302,81.8684,14.6390,86.5517,0.1737,4.2380,-9999.0000,-3.6130,0,0,10.7300
83211,1.3051,6.0661,10.6560,-9999.0000,-9999.0000,-0.1653,4.3955,12.8050,81.9697,4.8804,86.5514,0.1305,5.7126,-9999.0000,0.7074,0,0,10.7300
83212,1.6071,10.2674,14.6112,-9999.0000,-9999.0000,-1.2216,4.3904,11.3325,82.0699,3.4852,86.5516,1.2229,7.1136,-9999.0000,-1.2496,0,0,10.7300
83213,2.9887,9.6330,23.7497,-9999.0000,-9999.0000,-0.0180,4.3916,8.6250,82.1717,14.1519,86.5601,1.1065,12.9666,-9999.0000,0.1568,0,0,10.7300
83214,12.0696,24.7153,31.3177,-9999.0000,-9999.0000,1.3224,4.3946,16.0314,82.2556,10.1614,86.5703,5.0195,15.2063,-9999.0000,5.9652,0,0,10.7300
83215,23.6702,59.0571,86.1735,-9999.0000,-9999.0000,3.3711,4.3941,33.2159,82.3440,19.9370,86.5900,5.1781,15.9013,-9999.0000,8.4677,0,0,10.7300
83216,40.9832,71.3396,115.5799,-9999.0000,-9999.0000,4.7944,4.3961,41.7655,82.4283,17.2768,86.6073,5.1200,17.4718,-9999.0000,4.8229,0,0,10.7300
83217,30.4869,47.0213,93.7025,-9999.0000,-9999.0000,3.4464,4.3985,44.1761,82.5191,17.7332,86.6240,2.3479,17.1579,-9999.0000,4.9018,0,0,10.7300
83218,14.2035,35.8930,74.9189,-9999.0000,-9999.0000,3.9163,4.4004,17.2510,82.5938,15.8254,86.6447,2.0384,17.5848,-9999.0000,5.6570,0,0,10.7300
83219,17.0770,38.9637,83.4059,-9999.0000,-9999.0000,4.4804,4.3996,26.2507,82.6796,19.3499,86.6679,2.9475,17.9029,-9999.0000,3.4162,0,0,10.7300
83220,21.1729,46.8012,80.5504,-9999.0000,-9999.0000,4.5530,4.3979,23.0523,82.7613,18.4622,86.6898,3.6533,19.6418,-9999.0000,13.7485,0,0,10.7300
83221,25.9136,46.5573,80.7673,-9999.0000,-9999.0000,4.9469,4.4009,28.6311,82.8399,25.1538,86.7035,3.9140,17.6380,-9999.0000,9.1919,0,0,10.7300
83222,22.6132,42.4403,88.3611,-9999.0000,-9999.0000,5.3963,4.4021,18.6336,82.9156,23.7817,86.7237,6.2492,20.9242,-9999.0000,9.9884,0,0,10.7300
83223,17.6876,38.0869,83.7679,-9999.0000,-9999.0000,4.3848,4.4016,21.7631,82.9548,23.9584,86.7273,7.1457,23.8516,-9999.0000,14.0778,0,0,10.7300
83224,17.6066,42.1686,77.2039,-9999.0000,-9999.0000,3.6007,4.3974,25.8784,82.9922,26.4999,86.7384,5.6844,26.2054,-9999.0000,4.6962,0,0,10.7300
83225,23.4505,52.0074,101.0740,-9999.0000,-9999.0000,6.6368,4.3931,37.2296,83.0212,36.2282,86.7480,8.1415,29.9058,-9999.0000,7.3619,0,0,10.7300
83226,45.2356,87.1997,150.8133,-9999.0000,-9999.0000,11.8141,4.3931,37.5966,83.0462,44.4619,86.7684,17.4012,50.2950,-9999.0000,15.0946,0,0,10.7300
83227,70.9628,161.7185,256.7627,-9999.0000,-9999.0000,17.0639,4.3934,84.0706,83.0548,51.2833,86.7841,31.8284,82.8290,-9999.0000,23.0730,0,0,10.7300
83228,135.2476,304.9257,439.1640,-9999.0000,-9999.0000,33.2668,4.3889,138.3799,83.0499,114.6106,86.7946,34.5248,129.4069,-9999.0000,45.2408,0,0,10.7300
83229,226.5575,450.8123,732.2444,-9999.0000,-9999.0000,51.2015,4.3844,282.8178,83.0481,196.2392,86.8013,42.1830,186.6516,-9999.0000,66.6443,0,0,10.7300
83230,355.6639,687.5351,1153.8505,19.6794,-9999.0000,73.7143,4.3766,371.1886,83.0278,283.7259,86.7983,124.7096,275.4591,-9999.0000,86.4021,0,0,10.7300
83231,456.7376,891.3710,1508.6865,24.1085,44.8081,96.7954,4.3762,405.4749,82.9664,371.3721,86.8060,189.8981,377.3178,-9999.0000,100.6427,0,0,10.7300
83232,567.4814,1048.8290,1826.3743,28.3755,54.4703,114.3091,4.3768,581.0220,82.8499,422.9757,86.8065,135.2157,441.7148,-9999.0000,131.8117,0,0,10.7300
83233,610.9632,1170.1311,2050.1626,28.8971,60.7077,137.3214,4.3802,612.7635,82.7118,499.4040,86.8071,113.2111,477.3742,-9999.0000,161.5755,0,0,10.7300
83234,649.1377,1252.0333,2192.1067,29.8185,70.8145,144.3988,4.3789,673.5338,82.5711,521.2655,86.8214,125.6693,528.1092,-9999.0000,182.7234,0,0,10.7300
83235,751.1693,1344.6151,2475.9668,38.7272,77.1711,162.8500,4.3714,701.1812,82.4037,659.6041,86.8251,141.4954,583.1821,-9999.0000,195.7655,0,0,10.7300
83236,782.9944,1510.2325,2726.2039,38.9383,83.2235,182.7807,4.3704,926.2785,82.2071,860.6516,86.8281,149.7833,662.0911,-9999.0000,215.8780,0,0,10.7300
83237,916.0352,1639.5371,2862.3491,44.7674,87.4184,192.9630,4.3721,914.9808,82.0170,885.8326,86.8220,172.6227,704.9440,-9999.0000,239.5355,0,0,10.7300
83238,942.5170,1709.7859,3144.7505,46.2291,107.1352,215.2663,4.3663,957.0031,81.8123,893.9952,86.8247,181.5168,732.9956,-9999.0000,239.5972,0,0,10.7300
83239,1032.1895,1810.6382,3188.5928,49.3360,101.8100,231.1381,4.3611,915.7471,81.6098,917.5687,86.8234,180.9480,758.5138,-9999.0000,-9999.0000,0,0,10.7300
