Data/Raw/WAGNER,NICK/firexaq-AOP-optical_DC8_20190722_R1.ict
51, 1001
Wagner, Nicholas L.
NOAA Earth System Research Laboratory
NOAA AOP instrument
FIREX-AQ
1, 1
2019, 07, 22, 2020, 04, 27
1
Time_start, seconds_past_midnight, seconds from midnight
18
1, 1, 1, 1, 1, 1, 1, 1, 1, 1, 1, 1, 1, 1, 1, 1, 1, 1
-9999, -9999, -9999, -9999, -9999, -9999, -9999, -9999, -9999, -9999, -9999, -9999, -9999, -9999, -9999, -9999, -9999, -9999
ext_dry_664, Mm-1, AerOpt_Extinction_InSitu_RHd_red_Total_PM2.5_STP
ext_dry_532, Mm-1, AerOpt_Extinction_InSitu_RHd_green_Total_PM2.5_STP
ext_dry_405, Mm-1, AerOpt_Extinction_InSitu_RHd_blue_Total_PM2.5_STP
abs_dry_664, Mm-1, AerOpt_Absorption_InSitu_RHd_red_Total_PM2.5_STP
abs_dry_532, Mm-1, AerOpt_Absorption_InSitu_RHd_green_Total_PM2.5_STP
abs_dry_405, Mm-1, AerOpt_Absorption_InSitu_RHd_blue_Total_PM2.5_STP
AOP_RH_dry, pct, Relative_humidity_of_dry_RH_channels
ext_medRH_664, Mm-1, AerOpt_Extinction_InSitu_RH80_red_Total_PM2.5_STP
AOP_RH_med, pct, Relative_humidity_of_medium_RH_channel
ext_highRH_664, Mm-1, AerOpt_Extinction_InSitu_RH85_red_Total_PM2.5_STP
AOP_RH_high, pct, Relative_humidity_of_high_RH_channel
ext_TD_664, Mm-1, AerOpt_ExtinctionTD_InSitu_RHd_blue_Total_PM2.5_STP
ext_TD_405, Mm-1, AerOpt_ExtinctionTD_InSitu_RHd_red_Total_PM2.5_STP
abs_TD_664, Mm-1, AerOpt_Absorption_InSitu_RHd_red_Total_PM2.5_STP
abs_TD_405, Mm-1, AerOpt_Absorption_InSitu_RHd_blue_Total_PM2.5_STP
AOP_TD_bypass_flag, pct, Flag_for_TD_Bypass_valve
AOP_filter_flag, pct, Flag_for_Filter_Valve
AOP_Dilution_ratio, pct, Applied_Dilution_Ratio_for_ext_channels
1
N/A
18
PI_CONTACT_INFO: Address: NOAA ESRL Chemical Sciences Division, R/CSD2, 325 Broadway, Boulder, CO 80305. Email: nick.wagner@noaa.gov.
PLATFORM: NASA DC8
LOCATION: See the DC8 MetNav file, Based in Boise (BOI) and Salina, KS
ASSOCIATED_DATA: N/A
[...]
DATA_INFO: Mm-1:
UNCERTAINTY: The precision of the extinction measurements varies with aerosol loading and is +/-20% at 10 Mm-1 and +/-5% at 100 Mm-1. The accuracy of the dry measurement is +/-2% and depends on RH for the humidified measurements, +/-5% at 85% RH and +/-15% at 90% RH. For more details, see Langridge et al., Aerosol Science and Technology 45:1305-1318, 2011. Analysis of comparable measurements suggest incomplete mixing in the dilution system. Effective dilution for individual instruments can vary by +/- 30% compared to the reported flow-based dilution estimate. The absorption measurements have a high signal accuracy of 20%. The low signal precision varies with altitude and flight to flight, and is typically less than 10 Mm-1 for 1 second measurements.
ULOD_FLAG: -7777
ULOD_VALUE: N/A
LLOD_FLAG: -8888
LLOD_VALUE: N/A
DM_CONTACT_INFO: Gao Chen
PROJECT_INFO: FIREX-AQ
STIPULATIONS_ON_USE: NASA Data Policy. Contact with PI is encouraged.
OTHER_COMMENTS: N/A
REVISION: R1
R1: Absorption measurements have been corrected for pressure dependent microphone sensitivity. In-cloud data has been removed. R0: Final Data. 
Time_start, ext_dry_664, ext_dry_532, ext_dry_405, abs_dry_664, abs_dry_532, abs_dry_405, AOP_RH_dry, ext_medRH_664, AOP_RH_med, ext_highRH_664, AOP_RH_high, ext_TD_664, ext_TD_405, abs_TD_664, abs_TD_405, AOP_TD_bypass_flag, AOP_filter_flag, AOP_Dilution_ratio
[from data line 17042]
82832,-9999,-9999,-9999,-9999,-9999,-9999,25.7156,-9999,80.3980,-9999,86.3750,-9999,-9999,-9999,-9999,0,0,1.0000
82833,-9999,-9999,-9999,-9999,-9999,-9999,25.7159,-9999,80.5458,-9999,86.3814,-9999,-9999,-9999,-9999,0,0,1.0000
82834,-9999,-9999,-9999,-9999,-9999,-9999,25.7128,-9999,80.7047,-9999,86.3875,-9999,-9999,-9999,-9999,0,0,1.0000
82835,-9999,-9999,-9999,-9999,-9999,-9999,25.7116,-9999,80.8901,-9999,86.3923,-9999,-9999,-9999,-9999,0,0,1.0000
82836,-9999,-9999,-9999,-9999,-9999,-9999,25.7090,-9999,81.0719,-9999,86.3899,-9999,-9999,-9999,-9999,0,0,1.0000
82837,-9999,-9999,-9999,-9999,-9999,-9999,25.7184,-9999,81.2821,-9999,86.3941,-9999,-9999,-9999,-9999,0,0,1.0000
82838,-9999,-9999,-9999,-9999,-9999,-9999,25.7207,-9999,81.4560,-9999,86.3786,-9999,-9999,-9999,-9999,0,0,1.0000
82839,-9999,-9999,-9999,-9999,-9999,-9999,25.7167,-9999,81.6247,-9999,86.3300,-9999,-9999,-9999,-9999,0,0,1.0000
82840,-9999,-9999,-9999,-9999,-9999,-9999,25.7124,-9999,81.7667,-9999,86.2593,-9999,-9999,-9999,-9999,0,0,1.0000
82841,-9999,-9999,-9999,-9999,-9999,-9999,25.7223,-9999,81.9046,-9999,86.1893,-9999,-9999,-9999,-9999,0,0,1.0000
82842,-9999,-9999,-9999,-9999,-9999,-9999,25.7211,-9999,82.0233,-9999,86.1164,-9999,-9999,-9999,-9999,0,0,1.0000
82843,19.2794,34.9869,61.3076,-9999,-9999,-9999,25.7202,37.2952,82.1353,38.8761,86.0271,-9999,-9999,-9999,-9999,0,0,1.0000
82844,18.9156,33.7787,58.0622,-9999,-9999,-9999,25.7187,40.8719,82.2530,39.2289,85.9624,-9999,-9999,-9999,-9999,0,0,1.0000
82845,20.7545,37.5068,58.7411,-9999,-9999,11.5582,25.7259,36.5279,82.3866,38.4171,85.9216,-9999,-9999,-9999,-9999,0,0,1.0000
82846,23.0179,32.7673,66.2671,-9999,1.4818,18.0070,25.7305,39.0785,82.5192,42.8975,85.8878,-9999,-9999,-9999,8.7472,0,0,1.0000
82847,21.5095,36.5604,63.6426,-9999,0.1837,8.5182,25.7359,32.0108,82.6171,56.1530,85.8404,-9999,-9999,-9999,3.1909,0,0,1.0000
82848,21.1297,33.3096,64.1857,-9999,-0.9479,5.3746,25.7302,30.3518,82.6968,57.1833,85.8003,-9999,-9999,-9999,3.8561,0,0,1.0000
82849,20.5652,35.8855,62.6829,-9999,-1.5697,3.8395,25.7363,47.2835,82.7578,55.6179,85.7731,-9999,-9999,-9999,1.0358,0,0,1.0000
82850,23.9866,35.7465,67.5970,-9999,-1.0231,4.0582,25.7354,34.8924,82.7991,51.4317,85.7406,-9999,-9999,-9999,4.2878,0,0,1.0000
82851,25.4096,38.0774,70.0945,-9999,-2.3679,3.0624,25.7384,33.0707,82.8249,47.7898,85.7284,-9999,-9999,-9999,5.1913,0,0,1.0000
82852,31.5278,39.4653,75.3893,-9999,-1.2188,5.6103,25.7398,39.6849,82.8394,41.4381,85.7194,-9999,-9999,-9999,-1.3410,0,0,1.0000
82853,23.4120,34.4173,62.1630,-9999,-0.6932,5.2041,25.7359,38.4386,82.8531,48.0242,85.7172,-9999,-9999,-9999,2.2122,0,0,1.0000
82854,22.1766,31.7883,64.4780,-9999,-3.3545,2.7561,25.7337,33.0697,82.8592,43.4383,85.7233,-9999,-9999,-9999,3.9268,0,0,1.0000
82855,23.9598,32.8228,58.8663,-9999,-0.4967,5.9834,25.7344,31.6701,82.8372,40.1114,85.7265,-9999,-9999,-9999,-2.4208,0,0,1.0000
82856,19.0565,32.7999,58.6122,-9999,-1.1588,12.5653,25.7340,38.5198,82.7777,42.1002,85.7427,-9999,-9999,-9999,1.0702,0,0,1.0000
82857,22.2897,33.5606,60.4820,-9999,1.1627,9.6141,25.7307,30.5790,82.6860,47.5121,85.7809,-9999,-9999,-9999,5.1316,0,0,1.0000
82858,19.3841,38.7263,60.3772,-9999,-2.1252,15.3889,25.7361,29.8281,82.5546,37.1941,85.8202,-9999,-9999,-9999,2.6814,0,0,1.0000
82859,16.6806,32.4449,54.7669,-9999,5.6201,9.4256,25.7527,32.2778,82.3962,40.0137,85.8640,-9999,-9999,-9999,7.4855,0,0,1.0000
82860,17.1611,31.0420,53.6616,-9999,-1.8871,5.9986,25.7618,28.6171,82.2070,34.0755,85.8945,-9999,-9999,-9999,10.8422,0,0,1.0000
82861,17.4195,27.4014,54.8499,-9999,-1.7033,12.1337,25.7522,24.4341,81.9887,36.6862,85.9107,-9999,-9999,-9999,0.5727,0,0,1.0000
82862,18.2574,32.6310,54.7517,-9999,0.8419,6.1341,25.7509,28.1552,81.7322,37.8478,85.9313,-9999,-9999,-9999,1.0491,0,0,1.0000
82863,20.8957,30.8514,54.6118,-9999,2.1331,5.0244,25.7461,30.3069,81.4479,34.9220,85.9424,-9999,-9999,-9999,0.0012,0,0,1.0000
82864,17.9411,28.2914,55.1897,-9999,-1.9532,2.2849,25.7415,31.5278,81.1550,39.0284,85.9522,-9999,-9999,-9999,0.7026,0,0,1.0000
82865,18.3169,28.7366,53.8504,-9999,-1.5786,6.6267,25.7424,27.9945,80.8707,38.4187,85.9680,-9999,-9999,-9999,7.3395,0,0,1.0000
82866,18.0844,36.4581,54.2458,-9999,-2.1967,5.6303,25.7419,27.6118,80.6046,41.9900,85.9692,-9999,-9999,-9999,4.0242,0,0,1.0000
82867,20.4179,30.3831,52.5177,-9999,-2.1751,5.1643,25.7347,26.5403,80.3187,39.3357,85.9602,-9999,-9999,-9999,8.0372,0,0,1.0000
82868,18.2449,30.3690,54.1255,-9999,-0.9245,8.6569,25.7313,27.8556,80.0709,38.0229,85.9597,-9999,-9999,-9999,10.4611,0,0,1.0000
82869,19.9508,31.0953,57.5914,-9999,-1.5336,2.8424,25.7299,30.1929,79.7901,47.8920,85.9434,-9999,-9999,-9999,0.1827,0,0,1.0000
82870,25.1262,31.0508,56.9528,-9999,-0.4860,7.3864,25.7299,41.5281,79.5867,48.6886,85.9236,-9999,-9999,-9999,2.2359,0,0,1.0000
82871,20.4142,33.5590,58.3110,-9999,2.0793,12.9565,25.7245,33.9385,79.3312,42.5907,85.8695,-9999,-9999,-9999,4.7167,0,0,1.0000
82872,18.4829,30.4816,58.3415,-9999,2.1706,16.5565,25.7240,31.3802,79.1608,35.9810,85.8222,-9999,-9999,-9999,4.1078,0,0,1.0000
82873,20.8204,32.4054,67.1564,-9999,0.4617,7.3874,25.7235,29.7209,78.9817,33.2900,85.7685,-9999,-9999,-9999,3.0134,0,0,1.0000
82874,19.4620,35.5239,62.3655,-9999,-0.9020,10.1108,25.7259,35.5013,78.8382,40.8434,85.7019,-9999,-9999,-9999,4.8571,0,0,1.0000
82875,23.4260,34.1508,63.2043,-9999,-1.5161,5.9479,25.7239,28.5825,78.6858,37.6288,85.6345,-9999,-9999,-9999,5.1098,0,0,1.0000
82876,21.7935,39.4692,62.8432,-9999,-1.7822,8.5081,25.7230,30.6262,78.5472,32.8357,85.5715,4.2623,6.2741,-9999,6.2278,0,0,1.0000
82877,24.0646,31.9644,65.8510,-9999,1.4861,3.0601,25.7295,28.1874,78.4147,36.3035,85.5199,2.4894,16.6367,-9999,2.3667,0,0,1.0000
82878,27.0677,31.9239,62.3216,-9999,-4.1526,2.3892,25.7391,34.4696,78.3191,37.7604,85.4677,1.6428,14.7348,-9999,0.4867,0,0,1.0000
82879,20.7384,33.9555,59.3936,-9999,-0.8276,2.7200,25.7334,30.3678,78.2307,38.6917,85.4160,5.6584,3.1796,-9999,0.0137,0,0,1.0000
82880,19.0146,31.6897,62.4954,-9999,-0.3386,3.3566,25.7354,30.6246,78.1571,39.8824,85.3799,9.9291,5.0388,-9999,0.4490,0,0,1.0000
82881,21.3845,35.4965,58.8576,-9999,-1.5040,6.2737,25.7377,38.6056,78.0808,41.9951,85.3411,6.9335,5.0695,-9999,2.9677,0,0,1.0000
82882,22.1574,31.9476,60.8489,-9999,-2.2125,4.2240,25.7314,31.7601,78.0193,38.0766,85.2928,11.4295,5.8214,-9999,2.1945,0,0,1.0000
82883,19.8550,32.2075,60.5550,-9999,0.5989,4.6124,25.7333,34.7717,77.9739,40.3384,85.2744,15.1442,9.0757,-9999,-1.6684,0,0,1.0000
82884,22.7798,32.9340,62.9430,-9999,-1.5133,3.7048,25.7329,34.9762,77.9450,40.7348,85.2607,7.2995,8.0592,-9999,0.2724,0,0,1.0000
82885,20.9509,35.6696,69.0631,-9999,-1.1868,5.8351,25.7330,32.7928,77.9378,40.2859,85.2617,8.8303,8.3601,-9999,3.1228,0,0,1.0000
82886,20.9759,36.4594,66.4716,-9999,-0.5960,9.1635,25.7284,33.1911,77.9355,47.8452,85.2539,8.8718,4.9524,-9999,0.6664,0,0,1.0000
82887,20.4428,33.9920,66.2687,-9999,-0.7665,9.7147,25.7224,30.7947,77.9727,41.2576,85.2611,10.0187,4.5131,-9999,4.9381,0,0,1.0000
82888,23.7514,31.2537,62.4866,-9999,1.9573,2.8512,25.7218,39.6434,78.0545,34.2895,85.2946,6.6621,4.6951,-9999,-1.9194,0,0,1.0000
82889,21.4560,33.1293,62.9188,-9999,-3.6211,4.2849,25.7233,38.3877,78.1572,39.1321,85.3317,20.3588,4.5087,-9999,2.9985,0,0,1.0000
82890,21.4436,34.0345,64.1169,-9999,-1.9585,8.4238,25.7224,44.6693,78.2820,49.1043,85.3733,41.4160,5.5588,-9999,-0.7222,0,0,1.0000
82891,19.3010,36.0462,62.6618,-9999,-0.6888,15.6505,25.7198,33.8915,78.4192,48.1444,85.4294,15.0692,5.6526,-9999,2.0157,0,0,1.0000
82892,21.9125,37.5723,59.9314,-9999,1.0585,15.3369,25.7151,39.6858,78.5596,37.4151,85.4948,9.5395,11.7390,-9999,0.1732,0,0,1.0000
82893,23.0602,37.3879,60.8809,-9999,-1.5079,8.9454,25.7192,35.1961,78.7223,40.5630,85.5437,12.8080,10.7783,-9999,6.1798,0,0,1.0000
82894,24.2758,36.7111,62.3004,-9999,0.6703,10.3364,25.7196,31.7387,78.8922,50.3689,85.5774,16.1223,10.5188,-9999,0.8032,0,0,1.0000
82895,21.6201,33.0969,60.8742,-9999,-2.6523,3.3453,25.7220,31.8092,79.0425,48.1819,85.5906,13.6134,9.3151,-9999,-0.6160,0,0,1.0000
82896,19.9030,39.0286,61.7316,-9999,-1.3559,4.5256,25.7170,32.5190,79.2032,51.3273,85.6037,7.0065,3.8854,-9999,-0.1276,0,0,1.0000
82897,21.0406,35.4542,67.1412,-9999,-2.9759,2.9525,25.7084,31.2543,79.3729,37.4556,85.6024,5.0879,7.0517,-9999,2.9802,0,0,1.0000
82898,25.4598,36.9313,64.7089,-9999,-1.5155,3.0628,25.7084,31.9958,79.5490,36.0675,85.6074,5.4826,11.9904,-9999,2.2236,0,0,1.0000
82899,23.7397,38.8991,63.8758,-9999,-2.7681,4.0183,25.7053,30.8399,79.7208,37.7642,85.6039,6.0211,7.6458,-9999,1.7416,0,0,1.0000
82900,21.7052,32.7018,63.4488,-9999,-0.6997,3.3513,25.7033,41.7689,79.8852,39.6143,85.5963,5.2355,3.5491,-9999,0.1525,0,0,1.0000
82901,23.6022,37.9782,68.4379,-9999,-1.2775,3.5542,25.6944,39.2212,80.0585,49.1811,85.5485,4.2479,3.1359,-9999,4.6591,0,0,1.0000
82902,26.5033,37.0980,71.2131,-9999,-0.2969,7.5044,25.6902,31.1137,80.2180,39.5682,85.4823,4.9664,3.7356,-9999,-1.3068,0,0,1.0000
82903,29.6311,39.5351,64.6418,-9999,-2.1779,4.2519,25.6903,38.1648,80.3688,41.7191,85.3791,14.7441,4.8128,-9999,1.6933,0,0,1.0000
82904,29.8821,41.8853,66.2501,-9999,-1.3819,3.7696,25.6929,38.2950,80.5092,53.0813,85.3004,10.6157,5.4750,-9999,0.7226,0,0,1.0000
82905,22.6094,38.4396,64.4225,-9999,-3.1255,2.9550,25.6988,53.4277,80.6740,41.5487,85.2421,6.7178,15.6335,-9999,0.7476,0,0,1.0000
82906,25.4164,44.1791,65.3372,-9999,-0.5825,6.4953,25.6984,40.7948,80.8410,39.4307,85.1858,8.9737,16.5174,-9999,-2.2355,0,0,1.0000
82907,21.6429,36.9012,63.0156,-9999,-0.0197,3.4848,25.6955,35.2668,81.0078,40.2576,85.1466,4.9785,10.0852,-9999,1.6680,0,0,1.0000
82908,23.3846,35.6967,68.0936,-9999,-1.8813,3.7149,25.6933,34.7150,81.1583,40.1967,85.1124,7.1185,6.3609,-9999,-1.3757,0,0,1.0000
82909,24.0946,33.1515,63.2837,-9999,-0.3827,2.4148,25.6811,34.4841,81.3124,38.3848,85.0756,9.2109,5.8460,-9999,3.8734,0,0,1.0000
82910,19.9791,39.3373,66.0826,-9999,-2.2745,3.0655,25.6717,31.4879,81.4642,58.7723,85.0430,6.9112,4.3378,-9999,7.3154,0,0,1.0000
82911,26.4789,37.9240,65.9366,-9999,-1.8375,2.1814,25.6701,34.3963,81.5925,39.4518,85.0279,5.3380,12.1040,-9999,3.3813,0,0,1.0000
82912,23.9896,33.8275,61.7631,-9999,-1.5622,3.3566,25.6644,33.0130,81.7243,47.8637,85.0152,6.8914,6.4126,-9999,-1.0433,0,0,1.0000
82913,23.5911,33.8522,62.2967,-9999,-1.8245,5.4971,25.6593,35.2059,81.8300,43.1428,85.0125,6.3655,5.8452,-9999,-1.4588,0,0,1.0000
82914,24.9390,36.0535,66.2895,-9999,-3.2028,4.6431,25.6652,33.0756,81.9364,47.0580,85.0082,5.8199,4.6636,-9999,-1.1233,0,0,1.0000
82915,22.4627,31.8653,63.2269,-9999,-2.0202,2.9574,25.6650,43.6858,82.0171,42.5985,85.0126,7.2902,6.8325,-9999,6.3934,0,0,1.0000
82916,20.1419,31.7912,64.9241,-9999,-1.9455,3.5972,25.6558,34.4652,82.0833,40.2055,85.0315,6.7430,7.1528,-9999,4.4822,0,0,1.0000
82917,22.3628,36.2246,67.0230,-9999,-0.4392,2.5788,25.6408,38.4058,82.1427,37.6872,85.0799,6.6396,8.9392,-9999,5.0521,0,0,1.0000
82918,28.9548,36.0069,62.8600,-9999,7.3455,2.4544,25.6397,35.4048,82.1881,41.0399,85.1348,8.4978,7.1308,-9999,3.9081,0,0,1.0000
82919,27.3919,37.8608,63.3431,-9999,9.9099,2.1125,25.6351,34.9831,82.2187,50.4004,85.1942,4.8877,7.0621,-9999,0.9903,0,0,1.0000
82920,24.9629,33.8634,66.0533,-9999,-1.1018,4.4148,25.6242,39.8942,82.2319,42.5043,85.2417,3.3202,9.3493,-9999,1.5367,0,0,1.0000
82921,22.5348,33.8639,61.2626,-9999,-0.1678,6.5222,25.6232,36.5784,82.2339,45.6591,85.2817,3.2453,10.7733,-9999,1.7498,0,0,1.0000
82922,18.9281,40.1794,64.4426,-9999,2.7526,6.0121,25.6337,29.2319,82.2297,37.3104,85.3436,4.7142,7.1386,-9999,0.6558,0,0,1.0000
82923,22.6415,33.1287,63.9567,-9999,0.9206,1.6211,25.6162,34.5733,82.2021,40.1346,85.3989,16.8661,6.9447,-9999,-0.5009,0,0,1.0000
82924,25.2666,38.6751,67.0368,-9999,-1.3582,1.3338,25.6147,35.4722,82.1308,47.0927,85.4497,37.3473,8.5911,-9999,-0.4991,0,0,1.0000
82925,21.8931,33.8838,65.0539,-9999,-0.9684,2.8682,25.6180,26.3855,82.0156,58.6565,85.4823,16.8969,10.1135,-9999,1.0374,0,0,1.0000
82926,28.9308,38.6045,67.4142,-9999,-1.7694,4.6326,25.6154,26.6533,81.8870,38.6862,85.5139,5.4997,9.0310,-9999,-1.0177,0,0,1.0000
82927,21.7301,35.5238,67.9555,-9999,-1.8465,2.1617,25.6075,33.8013,81.7006,42.4536,85.5275,8.5303,7.1410,-9999,-5.0881,0,0,1.0000
82928,20.6793,41.6143,64.1376,-9999,-1.8618,2.3365,25.6117,30.8535,81.5195,35.9777,85.5309,21.3695,22.3478,-9999,5.0221,0,0,1.0000
82929,23.1609,38.5226,67.7636,-9999,-3.3826,4.7062,25.6053,40.2690,81.3016,35.1317,85.5295,27.4788,24.9365,-9999,-1.6827,0,0,1.0000
82930,21.7003,34.0393,64.6154,-9999,-1.3431,3.5956,25.6106,32.2859,81.0975,39.5895,85.5232,28.9881,7.5842,-9999,3.1279,0,0,1.0000
82931,29.4768,33.5699,62.0542,-9999,-2.0114,2.4218,25.6081,33.9200,80.8526,55.5785,85.4950,18.9534,6.3361,-9999,1.6501,0,0,1.0000
82932,28.2644,38.2413,67.8047,-9999,-2.8761,6.9063,25.6026,46.6937,80.6270,45.2191,85.4593,8.6398,29.7571,-9999,0.7770,0,0,1.0000
82933,23.4345,36.6596,66.3333,-9999,-1.5608,5.0071,25.6025,49.9567,80.4051,42.3080,85.4058,4.5170,28.2393,-9999,6.1229,0,0,1.0000
82934,21.5567,37.4126,68.8081,-9999,-2.3690,3.0372,25.6002,40.3784,80.2004,51.5420,85.3425,3.2894,11.4585,-9999,-2.0453,0,0,1.0000
82935,23.5897,38.2059,65.6918,-9999,-1.6282,4.2107,25.5871,37.6943,79.9804,43.0129,85.2770,3.9219,9.5172,-9999,0.0069,0,0,1.0000
82936,23.1105,40.7548,64.4856,-9999,-1.0949,3.2669,25.5752,32.5774,79.8055,53.8871,85.2259,2.7601,7.8565,-9999,2.1780,0,0,1.0000
82937,24.0736,43.7046,74.0491,-9999,-1.2949,2.5075,25.5777,30.7942,79.6599,48.0966,85.1763,7.8333,15.1400,-9999,6.9943,0,0,1.0000
82938,22.4723,39.8044,69.2733,-9999,-1.8634,2.5558,25.5814,34.4452,79.5376,45.0725,85.1343,21.5771,12.6653,-9999,4.6725,0,0,1.0000
82939,25.1525,40.3787,69.5437,-9999,2.5520,2.9782,25.5792,33.3859,79.4096,51.5294,85.1041,13.8724,23.6661,-9999,2.1906,0,0,1.0000
82940,27.6891,37.1265,63.6155,-9999,-2.2182,3.2147,25.5776,33.2582,79.2791,48.1398,85.0700,6.1162,20.5512,-9999,-0.8630,0,0,1.0000
82941,25.6517,39.0572,67.4854,-9999,-1.9810,2.6907,25.5828,35.2306,79.1806,58.6616,85.0458,5.6180,16.1322,-9999,-2.2543,0,0,1.0000
82942,27.0350,40.2201,70.0745,-9999,0.0916,2.9502,25.5631,35.7970,79.1115,40.4095,85.0187,4.6328,5.3303,-9999,2.9767,0,0,1.0000
82943,28.1903,39.3771,67.5819,-9999,-1.2261,1.8744,25.5468,35.7295,79.0610,46.2546,85.0088,8.1612,4.6201,-9999,6.0074,0,0,1.0000
82944,23.0032,39.7957,72.0308,-9999,-0.3050,3.2619,25.5415,41.2290,79.0306,45.8963,85.0022,6.6074,5.3864,-9999,-1.7926,0,0,1.0000
82945,21.6076,34.4399,74.3669,-9999,-1.9325,3.8671,25.5386,41.8365,79.0060,47.4889,85.0007,8.5204,11.7384,-9999,2.5253,0,0,1.0000
82946,21.2508,38.3114,65.0902,-9999,-1.4992,7.3641,25.5400,34.9682,78.9905,65.9258,85.0118,9.1288,11.6030,-9999,-3.9690,0,0,1.0000
82947,29.3810,42.2418,69.3665,-9999,-3.0010,3.5178,25.5357,36.6548,78.9866,51.0421,85.0240,14.2075,8.0280,-9999,5.7704,0,0,1.0000
82948,26.2136,37.6488,69.8915,-9999,0.0972,4.5753,25.5316,39.2006,78.9864,48.9431,85.0496,11.2609,6.0072,-9999,-0.7291,0,0,1.0000
82949,30.5906,36.0056,70.8822,-9999,-0.3594,1.9515,25.5308,35.5926,78.9940,51.6176,85.0988,12.4674,6.6814,-9999,-0.9168,0,0,1.0000
82950,23.9941,38.8475,70.1519,-9999,-0.1125,3.2114,25.5323,36.1264,79.0100,48.0531,85.1680,9.7268,5.0962,-9999,4.5306,0,0,1.0000
82951,24.2312,37.7453,71.3496,-9999,-1.4017,2.2098,25.5230,31.7133,79.0834,46.2496,85.2275,9.5926,11.3903,-9999,1.4510,0,0,1.0000
82952,24.3065,45.3063,71.1421,-9999,-3.4985,2.6264,25.5135,40.9503,79.1758,54.8863,85.2616,39.1629,14.6469,-9999,4.9977,0,0,1.0000
82953,25.9471,41.4908,74.8380,-9999,-0.3974,2.1424,25.4932,39.3697,79.2652,56.4318,85.2808,38.6503,7.0213,-9999,1.2774,0,0,1.0000
82954,29.6284,46.2214,77.4937,-9999,-1.8267,2.2162,25.4937,51.0792,79.3392,50.4964,85.3147,9.2216,6.0026,-9999,0.6798,0,0,1.0000
82955,29.3425,46.6359,80.3013,-9999,-1.9416,3.1165,25.4921,48.9971,79.4297,49.5613,85.3536,5.5980,6.7899,-9999,5.7906,0,0,1.0000
82956,30.5470,44.1472,91.5406,-9999,0.0956,7.2642,25.4843,38.2310,79.5241,42.3705,85.3889,6.0776,9.8647,-9999,11.9464,0,0,1.0000
