Data/Raw/WAGNER,NICK/firexaq-AOP-optical_DC8_20190715_R1.ict
51, 1001
Wagner, Nicholas L.
NOAA Earth System Research Laboratory
NOAA AOP instrument
FIREX-AQ
1, 1
2019, 07, 15, 2020, 04, 27
1
Time_start, seconds_past_midnight, seconds from midnight
18
1, 1, 1, 1, 1, 1, 1, 1, 1, 1, 1, 1, 1, 1, 1, 1, 1, 1
-9999, -9999, -9999, -9999, -9999, -9999, -9999, -9999, -9999, -9999, -9999, -9999, -9999, -9999, -9999, -9999, -9999, -9999
ext_dry_664, Mm-1, AerOpt_Extinction_InSitu_RHd_red_Total_PM2.5_STP
ext_dry_532, Mm-1, AerOpt_Extinction_InSitu_RHd_green_Total_PM2.5_STP
ext_dry_405, Mm-1, AerOpt_Extinction_InSitu_RHd_blue_Total_PM2.5_STP
abs_dry_664, Mm-1, AerOpt_Absorption_InSitu_RHd_red_Total_PM2.5_STP
abs_dry_532, Mm-1, AerOpt_Absorption_InSitu_RHd_green_Total_PM2.5_STP
abs_dry_405, Mm-1, AerOpt_Absorption_InSitu_RHd_blue_Total_PM2.5_STP
AOP_RH_dry, pct, Relative_humidity_of_dry_RH_channels
ext_medRH_664, Mm-1, AerOpt_Extinction_InSitu_RH80_red_Total_PM2.5_STP
AOP_RH_med, pct, Relative_humidity_of_medium_RH_channel
ext_highRH_664, Mm-1, AerOpt_Extinction_InSitu_RH85_red_Total_PM2.5_STP
AOP_RH_high, pct, Relative_humidity_of_high_RH_channel
ext_TD_664, Mm-1, AerOpt_ExtinctionTD_InSitu_RHd_blue_Total_PM2.5_STP
ext_TD_405, Mm-1, AerOpt_ExtinctionTD_InSitu_RHd_red_Total_PM2.5_STP
abs_TD_664, Mm-1, AerOpt_Absorption_InSitu_RHd_red_Total_PM2.5_STP
abs_TD_405, Mm-1, AerOpt_Absorption_InSitu_RHd_blue_Total_PM2.5_STP
AOP_TD_bypass_flag, pct, Flag_for_TD_Bypass_valve
AOP_filter_flag, pct, Flag_for_Filter_Valve
AOP_Dilution_ratio, pct, Applied_Dilution_Ratio_for_ext_channels
1
SPECIAL COMMENTS: In-cloud data has not been removed.
18
PI_CONTACT_INFO: Address: NOAA ESRL Chemical Sciences Division, R/CSD2, 325 Broadway, Boulder, CO 80305. Email: nick.wagner@noaa.gov.
PLATFORM: NASA DC8
LOCATION: See the DC8 MetNav file, Based in Boise (BOI) and Salina, KS
ASSOCIATED_DATA: N/A
[...]
DATA_INFO: Mm-1:
UNCERTAINTY: The precision of the extinction measurements varies with aerosol loading and is +/-20% at 10 Mm-1 and +/-5% at 100 Mm-1. The accuracy of the dry measurement is +/-2% and depends on RH for the humidified measurements, +/-5% at 85% RH and +/-15% at 90% RH. For more details, see Langridge et al., Aerosol Science and Technology 45:1305-1318, 2011. Analysis of comparable measurements suggest incomplete mixing in the dilution system. Effective dilution for individual instruments can vary by +/- 30% compared to the reported flow-based dilution estimate. The absorption measurements have a high signal accuracy of 20%. The low signal precision varies with altitude and flight to flight, and is typically less than 10 Mm-1 for 1 second measurements.
ULOD_FLAG: -7777
ULOD_VALUE: N/A
LLOD_FLAG: -8888
LLOD_VALUE: N/A
DM_CONTACT_INFO: Gao Chen
PROJECT_INFO: FIREX-AQ
STIPULATIONS_ON_USE: NASA Data Policy. Contact with PI is encouraged.
OTHER_COMMENTS: N/A
REVISION: R1
R1: Absorption measurements have been corrected for pressure dependent microphone sensitivity. R0: Final Data.
Time_start, ext_dry_664, ext_dry_532, ext_dry_405, abs_dry_664, abs_dry_532, abs_dry_405, AOP_RH_dry, ext_medRH_664, AOP_RH_med, ext_highRH_664, AOP_RH_high, ext_TD_664, ext_TD_405, abs_TD_664, abs_TD_405, AOP_TD_bypass_flag, AOP_filter_flag, AOP_Dilution_ratio
[from data line 6210]
83127,1.3097,0.3044,-9999.0000,-9999.0000,-2.1541,-9999.0000,12.6880,2.2642,95.2794,2.5436,96.0023,-9999.0000,-0.8845,-9999.0000,2.1330,0,0,1.0000
83128,1.5056,0.0844,-9999.0000,-9999.0000,0.1618,-9999.0000,12.6904,2.9099,95.2788,1.4496,95.9978,-9999.0000,-0.7818,-9999.0000,-8.3916,0,0,1.0000
83129,1.4701,-0.0070,-9999.0000,-9999.0000,0.4716,-9999.0000,12.6929,2.0119,95.2817,1.6441,95.9949,-9999.0000,-0.2421,-9999.0000,0.6090,0,0,1.0000
83130,3.0056,0.0291,-9999.0000,-9999.0000,0.4433,-9999.0000,12.7003,3.4011,95.2842,1.3864,95.9970,-9999.0000,-0.3422,-9999.0000,7.6149,0,0,1.0000
83131,1.6078,0.1612,-9999.0000,-9999.0000,1.4413,-9999.0000,12.7052,0.4270,95.2795,1.7983,95.9943,-9999.0000,-0.8039,-9999.0000,-3.3603,0,0,1.0000
83132,2.7033,0.1437,-9999.0000,-9999.0000,-1.8075,-9999.0000,12.7203,3.8436,95.2739,2.9299,95.9929,-9999.0000,-0.6922,-9999.0000,8.4586,0,0,1.0000
83133,2.4270,0.9775,-9999.0000,-9999.0000,0.4857,-9999.0000,12.7275,2.9074,95.2657,4.0676,95.9934,-9999.0000,-0.4443,-9999.0000,8.8969,0,0,1.0000
83134,1.4523,0.0388,-9999.0000,-9999.0000,0.4079,-9999.0000,12.7176,0.5159,95.2673,2.8857,95.9997,-9999.0000,-0.4051,-9999.0000,2.0631,0,0,1.0000
83135,1.3607,-0.0653,-9999.0000,-9999.0000,-1.9884,-9999.0000,12.7205,-0.0983,95.2690,1.3399,95.9987,-9999.0000,-0.7328,-9999.0000,-0.2782,0,0,1.0000
83136,2.0171,-0.0798,-9999.0000,-9999.0000,-2.0096,-9999.0000,12.7248,0.0329,95.2737,3.9711,96.0024,-9999.0000,-0.8137,-9999.0000,2.9474,0,0,1.0000
83137,1.5948,-0.0376,-9999.0000,-9999.0000,-0.4852,-9999.0000,12.7288,-0.0885,95.2719,0.9107,96.0003,-9999.0000,-0.7530,-9999.0000,-4.2961,0,0,1.0000
83138,1.5919,0.0576,-9999.0000,-9999.0000,0.4131,-9999.0000,12.7298,-0.3813,95.2705,1.1809,95.9930,-9999.0000,-0.0253,-9999.0000,-1.0803,0,0,1.0000
83139,1.4527,-0.1287,-9999.0000,-9999.0000,1.6815,-9999.0000,12.7322,-0.2660,95.2585,1.3765,95.9860,-9999.0000,-0.5332,-9999.0000,-0.5806,0,0,1.0000
83140,1.4472,0.2909,-9999.0000,-9999.0000,2.5559,-9999.0000,12.7418,0.3387,95.2526,1.0811,95.9867,-9999.0000,-0.7401,-9999.0000,1.4751,0,0,1.0000
83141,1.4368,-0.1028,-9999.0000,-9999.0000,0.5394,-9999.0000,12.7455,0.3533,95.2556,2.3121,95.9866,-9999.0000,-0.7816,-9999.0000,-2.6833,0,0,1.0000
83142,1.7610,0.0200,-9999.0000,-9999.0000,1.6646,-9999.0000,12.7528,0.0200,95.2530,0.5519,95.9884,-9999.0000,-0.7000,-9999.0000,-2.8381,0,0,1.0000
83143,2.9697,0.0576,-9999.0000,-9999.0000,-0.5744,-9999.0000,12.7560,0.6250,95.2441,2.5918,95.9871,-9999.0000,-0.3383,-9999.0000,-10.6247,0,0,1.0000
83144,1.7022,0.0059,-9999.0000,-9999.0000,0.0483,-9999.0000,12.7585,2.6427,95.2405,1.7265,95.9861,-9999.0000,-0.3954,-9999.0000,-2.8907,0,0,1.0000
83145,1.6675,0.2849,-9999.0000,-9999.0000,0.0588,-9999.0000,12.7656,-0.1298,95.2355,1.5020,95.9787,-9999.0000,-0.6248,-9999.0000,-2.1050,0,0,1.0000
83146,1.7001,-0.0167,-9999.0000,-9999.0000,-9999.0000,-9999.0000,12.7720,-0.1494,95.2286,2.0743,95.9729,-9999.0000,-0.7490,-9999.0000,-7.1734,0,0,1.0000
83147,1.6157,-0.1277,-9999.0000,-9999.0000,-9999.0000,-9999.0000,12.7698,-0.2035,95.2170,1.5054,95.9610,-9999.0000,-0.4929,-9999.0000,2.1440,0,0,1.0000
83148,1.7876,0.4220,-9999.0000,-9999.0000,-9999.0000,-9999.0000,12.7730,0.0253,95.2142,1.4885,95.9532,-9999.0000,-0.4156,-9999.0000,3.3142,0,0,1.0000
83149,1.9787,0.2878,-9999.0000,-9999.0000,-9999.0000,-9999.0000,12.7785,0.7334,95.2137,2.1959,95.9554,-9999.0000,-0.2332,-9999.0000,-2.4622,0,0,1.0000
83150,1.9375,-0.0551,-9999.0000,-9999.0000,-9999.0000,-9999.0000,12.7811,3.4399,95.2094,1.5601,95.9494,-9999.0000,-0.8012,-9999.0000,-2.8822,0,0,1.0000
83151,2.9503,0.1781,-9999.0000,-9999.0000,-9999.0000,-9999.0000,12.7815,2.4313,95.2001,4.1335,95.9370,-9999.0000,-0.7817,-9999.0000,-3.7234,0,0,1.0000
83152,1.9129,0.1464,-9999.0000,-9999.0000,-9999.0000,-9999.0000,12.7805,0.9299,95.1900,5.1441,95.9318,-9999.0000,-0.5117,-9999.0000,-1.4683,0,0,1.0000
83153,2.1580,0.1592,-9999.0000,-9999.0000,-9999.0000,-9999.0000,12.7790,0.5892,95.1806,1.2690,95.9232,-9999.0000,-0.7059,-9999.0000,-6.6718,0,0,1.0000
83154,2.0528,0.3017,-9999.0000,-9999.0000,-9999.0000,-9999.0000,12.7861,1.3283,95.1752,1.8158,95.9140,-9999.0000,-0.6600,-9999.0000,-2.4623,0,0,1.0000
83155,2.2057,0.7774,-9999.0000,-9999.0000,-9999.0000,-9999.0000,12.8059,1.7626,95.1660,2.7099,95.9075,-9999.0000,-0.7486,-9999.0000,-2.2244,0,0,1.0000
83156,2.6665,0.6445,-9999.0000,-9999.0000,-9999.0000,-9999.0000,12.8177,2.0046,95.1610,3.1897,95.9094,-9999.0000,-0.7518,-9999.0000,1.9745,0,0,1.0000
83157,2.2613,0.8578,-9999.0000,-9999.0000,-9999.0000,-9999.0000,12.8183,2.3486,95.1480,7.4036,95.9027,-9999.0000,-0.8250,-9999.0000,-9999.0000,0,0,1.0000
83158,2.3025,0.6477,-9999.0000,-9999.0000,-9999.0000,-9999.0000,12.8159,1.2145,95.1435,3.2500,95.8912,-9999.0000,-0.8003,-9999.0000,-11.2140,0,0,1.0000
83159,2.6626,0.4313,-9999.0000,-9999.0000,-1.4625,-9999.0000,12.8139,0.4686,95.1430,2.0631,95.8891,-9999.0000,-0.5441,-9999.0000,-11.2105,0,0,1.0000
83160,2.6386,0.2612,-9999.0000,-9999.0000,-0.0074,-9999.0000,12.8190,5.2513,95.1378,2.2529,95.8848,-9999.0000,-0.4663,-9999.0000,-9999.0000,0,0,1.0000
83161,2.4255,0.2924,-9999.0000,-9999.0000,0.1840,-9999.0000,12.8257,3.5515,95.1403,2.7614,95.8882,-9999.0000,-0.4950,-9999.0000,-9999.0000,0,0,1.0000
83162,2.9886,0.7674,-9999.0000,-9999.0000,0.1569,-9999.0000,12.8274,1.7751,95.1399,1.9968,95.8930,-9999.0000,-0.5531,-9999.0000,-9999.0000,0,0,1.0000
83163,2.4244,0.9171,-9999.0000,-9999.0000,-0.2749,-9999.0000,12.8280,2.8809,95.1339,4.0770,95.8869,-9999.0000,-0.6991,-9999.0000,-9999.0000,0,0,1.0000
83164,2.7759,0.6766,-9999.0000,-9999.0000,0.0842,-9999.0000,12.8356,4.9983,95.1350,3.1805,95.8716,-9999.0000,-0.5034,-9999.0000,-9999.0000,0,0,1.0000
83165,2.7294,0.8887,-9999.0000,-9999.0000,1.7347,-9999.0000,12.8392,1.1394,95.1357,3.4289,95.8556,-9999.0000,-0.5492,-9999.0000,-9999.0000,0,0,1.0000
83166,2.8324,1.9777,-9999.0000,-9999.0000,-1.4030,-9999.0000,12.8388,2.9392,95.1269,8.6231,95.8426,-9999.0000,-0.8366,-9999.0000,-9999.0000,0,0,1.0000
83167,3.0099,0.9600,-9999.0000,-9999.0000,0.1803,-9999.0000,12.8399,4.6195,95.1252,3.6963,95.8393,-9999.0000,-0.4220,-9999.0000,-9999.0000,0,0,1.0000
83168,2.8354,1.1924,-9999.0000,-9999.0000,-2.2541,-9999.0000,12.8489,4.2706,95.1147,6.9214,95.8268,-9999.0000,-0.3557,-9999.0000,-9999.0000,0,0,1.0000
83169,2.7450,0.6204,-9999.0000,-9999.0000,0.1605,-9999.0000,12.8565,5.2082,95.1116,7.8333,95.8256,-9999.0000,-0.3065,-9999.0000,-9999.0000,0,0,1.0000
83170,2.9863,0.4502,-9999.0000,-9999.0000,0.4444,-9999.0000,12.8612,5.0475,95.1056,5.0528,95.8277,-9999.0000,-0.6299,-9999.0000,-9999.0000,0,0,1.0000
83171,2.9427,0.7398,-9999.0000,-9999.0000,-0.7769,-9999.0000,12.8676,8.2720,95.1000,2.8806,95.8249,-9999.0000,-0.7061,-9999.0000,-9999.0000,0,0,1.0000
83172,3.0344,1.1529,-9999.0000,-9999.0000,-0.8201,-9999.0000,12.8668,8.1987,95.0945,3.9385,95.8241,-9999.0000,-0.7331,-9999.0000,-9999.0000,0,0,1.0000
83173,2.9073,1.3640,-9999.0000,-9999.0000,-0.1145,-9999.0000,12.8682,5.8225,95.0950,5.8756,95.8251,-9999.0000,-0.6353,-9999.0000,-3.7566,0,0,1.0000
83174,3.2859,0.8962,-9999.0000,-9999.0000,2.0738,-9999.0000,12.8611,3.5151,95.0965,3.1493,95.8247,-9999.0000,-0.5563,-9999.0000,-4.2998,0,0,1.0000
83175,3.2637,0.6530,-9999.0000,-9999.0000,-1.6632,-9999.0000,12.8590,3.5832,95.0899,6.2734,95.8219,-9999.0000,-0.5468,-9999.0000,3.5712,0,0,1.0000
83176,3.6059,0.9917,-9999.0000,-9999.0000,-1.1645,-9999.0000,12.8603,5.4648,95.0828,7.8601,95.8231,-9999.0000,-0.5928,-9999.0000,1.0679,0,0,1.0000
83177,3.8738,1.0613,-9999.0000,-9999.0000,0.9228,-9999.0000,12.8599,4.6133,95.0810,7.8244,95.8155,-9999.0000,-0.5556,-9999.0000,-4.4151,0,0,1.0000
83178,3.6370,1.4120,-9999.0000,-9999.0000,0.8925,-9999.0000,12.8660,9.3042,95.0799,6.3507,95.8105,-9999.0000,0.0645,-9999.0000,-4.2654,0,0,1.0000
83179,3.5832,1.4840,-9999.0000,-9999.0000,-3.7579,-9999.0000,12.8749,8.2215,95.0755,8.3235,95.8029,-9999.0000,0.1588,-9999.0000,2.3324,0,0,1.0000
83180,3.8345,1.2167,-9999.0000,-9999.0000,-1.0203,-9999.0000,12.8738,9.5764,95.0778,8.3236,95.8103,-9999.0000,-0.8333,-9999.0000,12.9028,0,0,1.0000
83181,4.8346,2.0721,-9999.0000,-9999.0000,-0.7727,-9999.0000,12.8732,10.3000,95.0778,7.0138,95.8105,-9999.0000,-0.7242,-9999.0000,2.5008,0,0,1.0000
83182,4.0093,1.3904,-9999.0000,-9999.0000,0.8225,-9999.0000,12.8714,6.1111,95.0693,8.2036,95.8043,-9999.0000,-0.7961,-9999.0000,-4.5364,0,0,1.0000
83183,4.9986,1.3728,-9999.0000,-9999.0000,0.2113,-9999.0000,12.8692,9.5783,95.0666,10.2183,95.8014,-9999.0000,-0.8572,-9999.0000,-0.1133,0,0,1.0000
83184,4.5680,2.4468,-9999.0000,-9999.0000,-2.9298,-9999.0000,12.8792,7.0722,95.0651,10.1566,95.7971,-9999.0000,-0.6087,-9999.0000,6.9059,0,0,1.0000
83185,4.4667,2.3964,-9999.0000,-9999.0000,-1.0223,-9999.0000,12.8851,9.1567,95.0681,12.7531,95.7889,-9999.0000,-0.8545,-9999.0000,7.8719,0,0,1.0000
83186,4.9081,2.0113,-9999.0000,-9999.0000,-0.0393,-9999.0000,12.8888,10.7677,95.0699,6.7240,95.7961,-9999.0000,-0.5131,-9999.0000,0.6916,0,0,1.0000
83187,3.9791,2.6373,-9999.0000,-9999.0000,5.5179,-9999.0000,12.8907,9.6352,95.0651,8.2579,95.7919,-9999.0000,-0.5237,-9999.0000,2.4756,0,0,1.0000
83188,4.8895,3.4957,-9999.0000,-9999.0000,0.2532,-9999.0000,12.8935,9.3106,95.0628,13.2644,95.7955,-9999.0000,-0.5687,-9999.0000,-3.6190,0,0,1.0000
83189,5.1108,3.1306,-9999.0000,-9999.0000,-0.3747,-9999.0000,12.8991,5.5869,95.0555,12.9420,95.7976,-9999.0000,-0.5539,-9999.0000,-4.3031,0,0,1.0000
83190,4.3418,2.0105,-9999.0000,-9999.0000,-1.7946,-9999.0000,12.9012,5.5921,95.0549,10.5877,95.7932,-9999.0000,-0.3871,-9999.0000,-5.6220,0,0,1.0000
83191,4.4077,2.7832,-9999.0000,-9999.0000,-1.7349,-9999.0000,12.9014,10.8463,95.0569,8.6455,95.7897,-9999.0000,0.0544,-9999.0000,-3.2159,0,0,1.0000
83192,4.1990,1.9058,-9999.0000,-9999.0000,-2.2318,-9999.0000,12.8998,7.7952,95.0546,8.6956,95.7842,-9999.0000,0.8855,-9999.0000,0.7547,0,0,1.0000
83193,3.9404,1.9027,-9999.0000,-9999.0000,3.5650,-9999.0000,12.8997,6.1706,95.0528,7.9494,95.7832,-9999.0000,0.2743,-9999.0000,-1.5315,0,0,1.0000
83194,4.3467,1.9861,-9999.0000,-9999.0000,3.8209,-9999.0000,12.9030,7.8976,95.0512,6.1112,95.7793,-9999.0000,-0.2038,-9999.0000,4.3776,0,0,1.0000
83195,5.5638,1.8727,-9999.0000,-9999.0000,0.8129,-9999.0000,12.9034,6.6737,95.0492,10.4706,95.7717,-9999.0000,-0.3188,-9999.0000,2.7782,0,0,1.0000
83196,4.1285,1.7250,-9999.0000,-9999.0000,2.6608,-9999.0000,12.9036,10.0745,95.0449,5.5835,95.7642,-9999.0000,-0.5118,-9999.0000,5.3139,0,0,1.0000
83197,4.2943,1.3741,-9999.0000,-9999.0000,1.3003,-9999.0000,12.9081,4.8449,95.0508,5.5172,95.7657,-9999.0000,-0.6013,-9999.0000,1.8225,0,0,1.0000
83198,3.9281,1.8246,-9999.0000,-9999.0000,-0.2797,-9999.0000,12.9145,5.9686,95.0458,7.2793,95.7643,-9999.0000,-0.6584,-9999.0000,-1.3433,0,0,1.0000
83199,3.9749,1.0940,-9999.0000,-9999.0000,1.3902,-9999.0000,12.9292,8.4306,95.0490,6.9549,95.7631,-9999.0000,-0.3075,-9999.0000,-2.0772,0,0,1.0000
83200,4.3357,1.0910,-9999.0000,-9999.0000,-0.7238,-9999.0000,12.9420,7.4791,95.0531,4.8943,95.7751,-9999.0000,-0.3123,-9999.0000,2.8110,0,0,1.0000
83201,5.2034,0.8190,-9999.0000,-9999.0000,-2.0677,-9999.0000,12.9483,7.2064,95.0463,4.9635,95.7743,-9999.0000,-0.2630,-9999.0000,-5.8424,0,0,1.0000
83202,4.1945,0.7095,-9999.0000,-9999.0000,-3.0021,-9999.0000,12.9470,5.6456,95.0336,2.9340,95.7603,-9999.0000,0.6975,-9999.0000,-3.7689,0,0,1.0000
83203,3.9075,1.1585,-9999.0000,-9999.0000,0.7619,-9999.0000,12.9485,4.1493,95.0292,6.4643,95.7651,-9999.0000,0.6675,-9999.0000,-1.6110,0,0,1.0000
83204,3.8960,0.6448,-9999.0000,-9999.0000,-1.4847,-9999.0000,12.9423,2.8828,95.0272,4.2285,95.7610,-9999.0000,2.8201,-9999.0000,3.8743,0,0,1.0000
83205,3.3162,0.5013,-9999.0000,-9999.0000,-0.5602,-9999.0000,12.9421,1.5712,95.0293,3.2034,95.7616,-9999.0000,0.6967,-9999.0000,7.4016,0,0,1.0000
83206,3.4495,0.9361,-9999.0000,-9999.0000,-0.9754,-9999.0000,12.9352,3.2603,95.0198,1.9284,95.7597,-9999.0000,0.0572,-9999.0000,-3.6940,0,0,1.0000
83207,3.2423,0.2932,-9999.0000,-9999.0000,2.9352,-9999.0000,12.9289,3.1596,95.0187,1.9509,95.7596,-9999.0000,-0.4490,-9999.0000,-1.8913,0,0,1.0000
83208,3.4416,0.7355,-9999.0000,-9999.0000,-1.0608,-9999.0000,12.9295,1.9214,95.0133,1.4589,95.7518,-9999.0000,-0.0916,-9999.0000,-1.6607,0,0,1.0000
83209,3.2169,-0.0047,-9999.0000,-9999.0000,0.5854,-9999.0000,12.9269,0.8976,95.0144,1.6518,95.7495,-9999.0000,-0.2684,-9999.0000,1.2733,0,0,1.0000
83210,2.9548,-0.2516,-9999.0000,-9999.0000,0.0134,-9999.0000,12.9289,1.4126,95.0116,1.1567,95.7478,-9999.0000,-0.2553,-9999.0000,-6.8900,0,0,1.0000
83211,3.2191,0.0834,-9999.0000,-9999.0000,-0.8275,-9999.0000,12.9358,1.7060,95.0150,0.9314,95.7437,-9999.0000,-0.4267,-9999.0000,-3.7801,0,0,1.0000
83212,3.1344,-0.0875,-9999.0000,-9999.0000,0.0181,-9999.0000,12.9385,2.8444,95.0101,1.0971,95.7453,-9999.0000,-0.4672,-9999.0000,1.7775,0,0,1.0000
83213,3.0362,-0.1244,-9999.0000,-9999.0000,0.4378,-9999.0000,12.9322,1.1238,95.0100,0.6465,95.7484,-9999.0000,0.0460,-9999.0000,9.5160,0,0,1.0000
83214,3.1413,-0.1406,-9999.0000,-9999.0000,-1.7585,-9999.0000,12.9271,0.9959,95.0097,1.0696,95.7494,-9999.0000,0.4631,-9999.0000,-6.9389,0,0,1.0000
83215,3.2117,-0.2711,-9999.0000,-9999.0000,-0.4050,-9999.0000,12.9291,0.6366,95.0090,0.4447,95.7484,-9999.0000,-0.5187,-9999.0000,-13.0968,0,0,1.0000
83216,2.9548,-0.0129,-9999.0000,-9999.0000,1.4039,-9999.0000,12.9330,0.8444,95.0169,1.0273,95.7464,-9999.0000,-0.7303,-9999.0000,-7.6310,0,0,1.0000
83217,3.1364,0.1954,-9999.0000,-9999.0000,-1.2421,-9999.0000,12.9354,1.6077,95.0131,0.7552,95.7441,-9999.0000,-0.7161,-9999.0000,-7.2058,0,0,1.0000
83218,3.1035,0.0883,-9999.0000,-9999.0000,-1.9702,-9999.0000,12.9279,0.5103,95.0094,1.6454,95.7407,-9999.0000,-0.4666,-9999.0000,5.6544,0,0,1.0000
83219,3.2146,0.0491,-9999.0000,-9999.0000,-4.2795,-9999.0000,12.9359,0.7900,95.0135,0.8612,95.7456,-9999.0000,-0.1129,-9999.0000,15.1857,0,0,1.0000
83220,3.0216,0.1050,-9999.0000,-9999.0000,-2.7816,-9999.0000,12.9376,1.4938,95.0043,0.8984,95.7428,-9999.0000,-0.1636,-9999.0000,7.3793,0,0,1.0000
83221,3.0059,0.1491,-9999.0000,-9999.0000,-1.8493,-9999.0000,12.9334,2.5081,95.0067,1.0664,95.7364,-9999.0000,-0.3698,-9999.0000,8.6653,0,0,1.0000
83222,3.0275,-0.1705,-9999.0000,-9999.0000,0.4872,-9999.0000,12.9334,0.1685,95.0060,1.8793,95.7376,-9999.0000,-0.4603,-9999.0000,-4.5696,0,0,1.0000
83223,3.0552,0.0740,-9999.0000,-9999.0000,0.4139,-9999.0000,12.9342,1.4869,95.0036,2.1912,95.7343,-9999.0000,-0.2277,-9999.0000,6.9703,0,0,1.0000
83224,4.7227,-0.0346,-9999.0000,-9999.0000,0.5265,-9999.0000,12.9299,1.0412,95.0030,1.7241,95.7342,-9999.0000,1.4372,-9999.0000,7.2550,0,0,1.0000
83225,3.2600,0.3382,-9999.0000,-9999.0000,3.4390,-9999.0000,12.9304,2.1537,94.9992,0.9020,95.7355,-9999.0000,1.1290,-9999.0000,1.7019,0,0,1.0000
83226,3.1179,0.6745,-9999.0000,-9999.0000,-2.5559,-9999.0000,12.9390,1.3419,94.9997,0.8007,95.7346,-9999.0000,-0.3498,-9999.0000,2.1203,0,0,1.0000
83227,3.0772,-0.0797,-9999.0000,-9999.0000,0.7643,-9999.0000,12.9443,2.3432,94.9984,1.1457,95.7356,-9999.0000,-0.6853,-9999.0000,1.4325,0,0,1.0000
83228,2.7346,0.2475,-9999.0000,-9999.0000,0.4841,-9999.0000,12.9507,0.6221,95.0021,3.2105,95.7376,-9999.0000,-0.7656,-9999.0000,3.0538,0,0,1.0000
83229,2.8448,-0.1752,-9999.0000,-9999.0000,0.6957,-9999.0000,12.9514,4.2308,94.9978,1.6404,95.7350,-9999.0000,-0.8600,-9999.0000,-5.9426,0,0,1.0000
83230,3.1267,0.3726,-9999.0000,-9999.0000,-0.2905,-9999.0000,12.9520,1.1497,94.9926,1.9643,95.7377,-9999.0000,-0.6716,-9999.0000,-0.9302,0,0,1.0000
83231,2.7644,-0.0533,-9999.0000,-9999.0000,-0.1289,-9999.0000,12.9524,0.8773,94.9936,3.0272,95.7353,-9999.0000,-0.3774,-9999.0000,-1.9601,0,0,1.0000
83232,3.0628,-0.0061,-9999.0000,-9999.0000,0.8547,-9999.0000,12.9494,1.2003,94.9892,1.3351,95.7364,-9999.0000,-0.4887,-9999.0000,8.8324,0,0,1.0000
83233,2.8624,0.1681,-9999.0000,-9999.0000,-0.1474,-9999.0000,12.9500,0.4705,94.9841,1.2668,95.7347,-9999.0000,-0.6897,-9999.0000,0.1445,0,0,1.0000
