Data/Raw/WAGNER,NICK/firexaq-AOP-optical_DC8_20190819_R1.ict
51, 1001
Wagner, Nicholas L.
NOAA Earth System Research Laboratory
NOAA AOP instrument
FIREX-AQ
1, 1
2019, 08, 19, 2020, 04, 27
1
Time_start, seconds_past_midnight, seconds from midnight
18
1, 1, 1, 1, 1, 1, 1, 1, 1, 1, 1, 1, 1, 1, 1, 1, 1, 1
-9999, -9999, -9999, -9999, -9999, -9999, -9999, -9999, -9999, -9999, -9999, -9999, -9999, -9999, -9999, -9999, -9999, -9999
ext_dry_664, Mm-1, AerOpt_Extinction_InSitu_RHd_red_Total_PM2.5_STP
ext_dry_532, Mm-1, AerOpt_Extinction_InSitu_RHd_green_Total_PM2.5_STP
ext_dry_405, Mm-1, AerOpt_Extinction_InSitu_RHd_blue_Total_PM2.5_STP
abs_dry_664, Mm-1, AerOpt_Absorption_InSitu_RHd_red_Total_PM2.5_STP
abs_dry_532, Mm-1, AerOpt_Absorption_InSitu_RHd_green_Total_PM2.5_STP
abs_dry_405, Mm-1, AerOpt_Absorption_InSitu_RHd_blue_Total_PM2.5_STP
AOP_RH_dry, pct, Relative_humidity_of_dry_RH_channels
ext_medRH_664, Mm-1, AerOpt_Extinction_InSitu_RH80_red_Total_PM2.5_STP
AOP_RH_med, pct, Relative_humidity_of_medium_RH_channel
ext_highRH_664, Mm-1, AerOpt_Extinction_InSitu_RH85_red_Total_PM2.5_STP
AOP_RH_high, pct, Relative_humidity_of_high_RH_channel
ext_TD_664, Mm-1, AerOpt_ExtinctionTD_InSitu_RHd_blue_Total_PM2.5_STP
ext_TD_405, Mm-1, AerOpt_ExtinctionTD_InSitu_RHd_red_Total_PM2.5_STP
abs_TD_664, Mm-1, AerOpt_Absorption_InSitu_RHd_red_Total_PM2.5_STP
abs_TD_405, Mm-1, AerOpt_Absorption_InSitu_RHd_blue_Total_PM2.5_STP
AOP_TD_bypass_flag, pct, Flag_for_TD_Bypass_valve
AOP_filter_flag, pct, Flag_for_Filter_Valve
AOP_Dilution_ratio, pct, Applied_Dilution_Ratio_for_ext_channels
1
N/A
18
PI_CONTACT_INFO: Address: NOAA ESRL Chemical Sciences Division, R/CSD2, 325 Broadway, Boulder, CO 80305. Email: nick.wagner@noaa.gov.
PLATFORM: NASA DC8
LOCATION: See the DC8 MetNav file, Based in Boise (BOI) and Salina, KS
ASSOCIATED_DATA: N/A
[...]
DATA_INFO: Mm-1:
UNCERTAINTY: The precision of the extinction measurements varies with aerosol loading and is +/-20% at 10 Mm-1 and +/-5% at 100 Mm-1. The accuracy of the dry measurement is +/-2% and depends on RH for the humidified measurements, +/-5% at 85% RH and +/-15% at 90% RH. For more details, see Langridge et al., Aerosol Science and Technology 45:1305-1318, 2011. Analysis of comparable measurements suggest incomplete mixing in the dilution system. Effective dilution for individual instruments can vary by +/- 30% compared to the reported flow-based dilution estimate. The absorption measurements have a high signal accuracy of 20%. The low signal precision varies with altitude and flight to flight, and is typically less than 10 Mm-1 for 1 second measurements.
ULOD_FLAG: -7777
ULOD_VALUE: N/A
LLOD_FLAG: -8888
LLOD_VALUE: N/A
DM_CONTACT_INFO: Gao Chen
PROJECT_INFO: FIREX-AQ
STIPULATIONS_ON_USE: NASA Data Policy. Contact with PI is encouraged.
OTHER_COMMENTS: N/A
REVISION: R1
R1: Absorption measurements have been corrected for pressure dependent microphone sensitivity. In-cloud data has been removed. R0: Final Data. 
Time_start, ext_dry_664, ext_dry_532, ext_dry_405, abs_dry_664, abs_dry_532, abs_dry_405, AOP_RH_dry, ext_medRH_664, AOP_RH_med, ext_highRH_664, AOP_RH_high, ext_TD_664, ext_TD_405, abs_TD_664, abs_TD_405, AOP_TD_bypass_flag, AOP_filter_flag, AOP_Dilution_ratio
[from data line 5845]
70194,-9999.0000,-9999.0000,-9999.0000,-9999.0000,-9999.0000,-0.3267,2.1084,-9999.0000,83.1499,-9999.0000,88.5039,-9999.0000,-9999.0000,-9999.0000,-9999.0000,0,0,1.0000
70195,-9999.0000,-9999.0000,-9999.0000,-9999.0000,-9999.0000,0.3731,2.1120,-9999.0000,83.1513,-9999.0000,88.5198,-9999.0000,-9999.0000,-9999.0000,-9999.0000,0,0,1.0000
70196,-9999.0000,-9999.0000,-9999.0000,-9999.0000,-9999.0000,0.2097,2.1168,-9999.0000,83.1486,-9999.0000,88.5379,-9999.0000,-9999.0000,-9999.0000,-9999.0000,0,0,1.0000
70197,-9999.0000,-9999.0000,-9999.0000,-9999.0000,-9999.0000,0.3285,2.1137,-9999.0000,83.1471,-9999.0000,88.5556,-9999.0000,-9999.0000,-9999.0000,-9999.0000,0,0,1.0000
70198,-9999.0000,-9999.0000,-9999.0000,-9999.0000,-9999.0000,-0.1208,2.1123,-9999.0000,83.1374,-9999.0000,88.5740,-9999.0000,-9999.0000,-9999.0000,-9999.0000,0,0,1.0000
70199,-9999.0000,-9999.0000,-9999.0000,-9999.0000,-9999.0000,-0.6136,2.1131,-9999.0000,83.1271,-9999.0000,88.6027,-9999.0000,-9999.0000,-9999.0000,-9999.0000,0,0,1.0000
70200,-9999.0000,-9999.0000,-9999.0000,-9999.0000,-9999.0000,-0.2774,2.1148,-9999.0000,83.0872,-9999.0000,88.6200,-9999.0000,-9999.0000,-9999.0000,-9999.0000,0,0,1.0000
70201,-9999.0000,-9999.0000,-9999.0000,-9999.0000,-9999.0000,-0.3642,2.1165,-9999.0000,83.0363,-9999.0000,88.6383,-9999.0000,-9999.0000,-9999.0000,-9999.0000,0,0,1.0000
70202,-9999.0000,-9999.0000,-9999.0000,-9999.0000,-9999.0000,0.3809,2.1138,-9999.0000,82.9851,-9999.0000,88.6374,-9999.0000,-9999.0000,-9999.0000,-9999.0000,0,0,1.0000
70203,-9999.0000,-9999.0000,-9999.0000,-9999.0000,-9999.0000,-0.3275,2.1130,-9999.0000,82.9269,-9999.0000,88.6491,-9999.0000,-9999.0000,-9999.0000,-9999.0000,0,0,1.0000
70204,-9999.0000,-9999.0000,-9999.0000,-9999.0000,-9999.0000,-0.2309,2.1156,-9999.0000,82.8605,-9999.0000,88.6561,-9999.0000,-9999.0000,-9999.0000,-9999.0000,0,0,1.0000
70205,-9999.0000,-9999.0000,-9999.0000,-9999.0000,-9999.0000,0.1532,2.1171,-9999.0000,82.7898,-9999.0000,88.6581,-9999.0000,-9999.0000,-9999.0000,-9999.0000,0,0,1.0000
70206,-9999.0000,-9999.0000,-9999.0000,-9999.0000,-9999.0000,-0.1856,2.1299,-9999.0000,82.7277,-9999.0000,88.6662,-9999.0000,-9999.0000,-9999.0000,-9999.0000,0,0,1.0000
70207,-9999.0000,-9999.0000,-9999.0000,-9999.0000,-9999.0000,-0.4290,2.1298,-9999.0000,82.6549,-9999.0000,88.6687,-9999.0000,-9999.0000,-9999.0000,-9999.0000,0,0,1.0000
70208,-9999.0000,-9999.0000,-9999.0000,-9999.0000,-9999.0000,-0.4563,2.1261,-9999.0000,82.5931,-9999.0000,88.6704,-9999.0000,-9999.0000,-9999.0000,-9999.0000,0,0,1.0000
70209,-9999.0000,-9999.0000,-9999.0000,-9999.0000,-9999.0000,0.1726,2.1219,-9999.0000,82.5132,-9999.0000,88.6698,-9999.0000,-9999.0000,-9999.0000,-9999.0000,0,0,1.0000
70210,-9999.0000,-9999.0000,-9999.0000,-9999.0000,-9999.0000,-0.8249,2.1205,-9999.0000,82.4357,-9999.0000,88.6683,-9999.0000,-9999.0000,-9999.0000,-9999.0000,0,0,1.0000
70211,-9999.0000,-9999.0000,-9999.0000,-9999.0000,-9999.0000,-1.0544,2.1205,-9999.0000,82.3448,-9999.0000,88.6695,-9999.0000,-9999.0000,-9999.0000,-9999.0000,0,0,1.0000
70212,-9999.0000,-9999.0000,-9999.0000,-9999.0000,-9999.0000,-0.9930,2.1201,-9999.0000,82.2705,-9999.0000,88.6678,-9999.0000,-9999.0000,-9999.0000,-9999.0000,0,0,1.0000
70213,-9999.0000,-9999.0000,-9999.0000,-9999.0000,-9999.0000,-1.1001,2.1210,-9999.0000,82.1867,-9999.0000,88.6637,-9999.0000,-9999.0000,-9999.0000,-9999.0000,0,0,1.0000
70214,-9999.0000,-9999.0000,-9999.0000,-9999.0000,-9999.0000,-0.6875,2.1243,-9999.0000,82.1220,-9999.0000,88.6638,-9999.0000,-9999.0000,-9999.0000,-9999.0000,0,0,1.0000
70215,-9999.0000,-9999.0000,-9999.0000,-9999.0000,-9999.0000,-0.5673,2.1289,-9999.0000,82.0526,-9999.0000,88.6661,-9999.0000,-9999.0000,-9999.0000,-9999.0000,0,0,1.0000
70216,-9999.0000,-9999.0000,-9999.0000,-9999.0000,-9999.0000,-0.4309,2.1290,-9999.0000,81.9866,-9999.0000,88.6678,-9999.0000,-9999.0000,-9999.0000,-9999.0000,0,0,1.0000
70217,-9999.0000,-9999.0000,-9999.0000,-9999.0000,-9999.0000,-0.7978,2.1328,-9999.0000,81.9276,-9999.0000,88.6740,-9999.0000,-9999.0000,-9999.0000,-9999.0000,0,0,1.0000
70218,-9999.0000,-9999.0000,-9999.0000,-9999.0000,-9999.0000,-0.4302,2.1321,-9999.0000,81.8744,-9999.0000,88.6733,-9999.0000,-9999.0000,-9999.0000,-9999.0000,0,0,1.0000
70219,-9999.0000,-9999.0000,-9999.0000,-9999.0000,-9999.0000,0.6913,2.1287,-9999.0000,81.8191,-9999.0000,88.6725,-9999.0000,-9999.0000,-9999.0000,-9999.0000,0,0,1.0000
70220,-9999.0000,-9999.0000,-9999.0000,-9999.0000,-9999.0000,-0.0579,2.1250,-9999.0000,81.7746,-9999.0000,88.6730,-9999.0000,-9999.0000,-9999.0000,-9999.0000,0,0,1.0000
70221,-9999.0000,-9999.0000,-9999.0000,-9999.0000,-9999.0000,0.1092,2.1241,-9999.0000,81.7377,-9999.0000,88.6790,-9999.0000,-9999.0000,-9999.0000,-9999.0000,0,0,1.0000
70222,-9999.0000,-9999.0000,-9999.0000,-9999.0000,-9999.0000,-0.9185,2.1206,-9999.0000,81.7082,-9999.0000,88.6776,-9999.0000,-9999.0000,-9999.0000,-9999.0000,0,0,1.0000
70223,-9999.0000,-9999.0000,-9999.0000,-9999.0000,-9999.0000,0.0711,2.1143,-9999.0000,81.6788,-9999.0000,88.6715,-9999.0000,-9999.0000,-9999.0000,-9999.0000,0,0,1.0000
70224,-9999.0000,-9999.0000,-9999.0000,-9999.0000,-9999.0000,-0.5356,2.1141,-9999.0000,81.6580,-9999.0000,88.6797,-9999.0000,-9999.0000,-9999.0000,-9999.0000,0,0,1.0000
70225,-9999.0000,-9999.0000,-9999.0000,-9999.0000,-9999.0000,0.0257,2.1105,-9999.0000,81.6441,-9999.0000,88.6786,-9999.0000,-9999.0000,-9999.0000,-9999.0000,0,0,1.0000
70226,-9999.0000,-9999.0000,-9999.0000,-9999.0000,-9999.0000,-0.1960,2.1125,-9999.0000,81.6321,-9999.0000,88.6815,-9999.0000,-1.1735,-9999.0000,-9999.0000,0,0,1.0000
70227,-9999.0000,-9999.0000,-9999.0000,-9999.0000,-9999.0000,-0.6458,2.1206,-9999.0000,81.6182,-9999.0000,88.6861,-9999.0000,-1.6201,-9999.0000,-9999.0000,0,0,1.0000
70228,-9999.0000,-9999.0000,-9999.0000,-9999.0000,-9999.0000,-0.1922,2.1297,-9999.0000,81.6147,-9999.0000,88.6882,-9999.0000,-0.3276,-9999.0000,-9999.0000,0,0,1.0000
70229,0.9655,6.3091,-4.6086,-9999.0000,-9999.0000,-0.5959,2.1297,1.9096,81.6099,-9999.0000,88.6881,-9999.0000,-1.2622,-9999.0000,-9999.0000,0,0,1.0000
70230,0.3757,6.2956,-4.5800,-9999.0000,-9999.0000,-1.7380,2.1320,1.8632,81.6085,2.8932,88.6875,-9999.0000,-0.1968,-9999.0000,-9999.0000,0,0,1.0000
70231,0.4450,1.6003,-3.2335,-9999.0000,-9999.0000,-0.5307,2.1335,3.8208,81.6128,1.7681,88.6897,-9999.0000,-0.6450,-9999.0000,-9999.0000,0,0,1.0000
70232,0.7104,1.2222,-4.2080,-9999.0000,-9999.0000,0.7684,2.1361,2.6590,81.6226,4.5873,88.6988,-9999.0000,-0.6482,-9999.0000,-9999.0000,0,0,1.0000
70233,0.2110,2.3280,-5.6410,-9999.0000,-9999.0000,0.0911,2.1381,2.1676,81.6377,2.9384,88.7027,-9999.0000,-1.2491,-9999.0000,-9999.0000,0,0,1.0000
70234,0.8954,1.9077,-5.1833,-9999.0000,-9999.0000,-1.3374,2.1375,1.9471,81.6517,3.7482,88.7045,-9999.0000,-1.0952,-9999.0000,-9999.0000,0,0,1.0000
70235,0.4862,1.9058,-4.8053,-9999.0000,-9999.0000,-1.3917,2.1323,2.5504,81.6739,10.5581,88.6967,-9999.0000,-0.0018,-9999.0000,-9999.0000,0,0,1.0000
70236,0.7275,1.2585,-5.7900,-9999.0000,-9999.0000,-0.7857,2.1254,1.3551,81.7055,6.2927,88.6940,-9999.0000,-0.6693,-9999.0000,-9999.0000,0,0,1.0000
70237,0.7835,1.3586,-4.2704,-9999.0000,-9999.0000,0.6411,2.1283,1.7173,81.7430,2.1673,88.6931,-9999.0000,-0.9710,-9999.0000,-9999.0000,0,0,1.0000
70238,0.2640,2.3105,-4.7198,-9999.0000,-9999.0000,0.2792,2.1323,1.9507,81.7816,10.0740,88.6941,-9999.0000,-1.3823,-9999.0000,-9999.0000,0,0,1.0000
70239,0.2009,1.2048,-2.8338,-9999.0000,-9999.0000,-0.1770,2.1295,2.8516,81.8214,6.3790,88.6927,-9999.0000,1.3809,-9999.0000,-9999.0000,0,0,1.0000
70240,0.2286,1.4304,-5.4115,-9999.0000,-9999.0000,-0.5407,2.1291,3.2784,81.8689,8.4555,88.6977,-9999.0000,4.9946,-9999.0000,-9999.0000,0,0,1.0000
70241,0.2948,1.4401,-4.9295,-9999.0000,-9999.0000,0.1972,2.1284,2.8771,81.9249,2.6064,88.6990,-9999.0000,0.8129,-9999.0000,-9999.0000,0,0,1.0000
70242,0.8001,2.1421,-4.8266,-9999.0000,-9999.0000,0.1063,2.1281,4.5545,81.9854,2.2361,88.7010,-9999.0000,-2.6711,-9999.0000,-9999.0000,0,0,1.0000
70243,0.7296,2.1060,-4.7139,-9999.0000,-9999.0000,-0.6716,2.1279,2.5904,82.0491,2.4307,88.7031,-9999.0000,-1.1840,-9999.0000,-9999.0000,0,0,1.0000
70244,1.0796,4.0694,-3.3491,-9999.0000,-9999.0000,-0.5575,2.1279,1.9977,82.1007,2.4081,88.7041,-9999.0000,-0.9968,-9999.0000,-9999.0000,0,0,1.0000
70245,1.4313,2.1570,-2.0179,-9999.0000,-9999.0000,-0.3114,2.1297,1.1403,82.1654,2.2234,88.7079,-9999.0000,-0.9356,-9999.0000,-9999.0000,0,0,1.0000
70246,1.4181,1.9071,-4.9131,-9999.0000,-9999.0000,0.0613,2.1310,2.1635,82.2160,3.3686,88.7151,-9999.0000,-2.4959,-9999.0000,-9999.0000,0,0,1.0000
70247,1.3734,3.4866,-5.0763,-9999.0000,-9999.0000,-0.4853,2.1281,4.9511,82.2637,1.9142,88.7249,-9999.0000,-2.4912,-9999.0000,-9999.0000,0,0,1.0000
70248,3.3688,3.1142,-4.4236,-9999.0000,-9999.0000,-1.5985,2.1278,4.5118,82.3042,5.4747,88.7264,-9999.0000,-0.0818,-9999.0000,-9999.0000,0,0,1.0000
70249,1.3381,3.5788,-3.3811,-9999.0000,-9999.0000,-0.2419,2.1282,2.5366,82.3468,4.4689,88.7371,-9999.0000,3.4220,-9999.0000,-9999.0000,0,0,1.0000
70250,1.3780,3.4225,-2.3299,-9999.0000,-9999.0000,-0.4258,2.1283,4.5339,82.3912,4.4058,88.7438,-9999.0000,1.5767,-9999.0000,-9999.0000,0,0,1.0000
70251,1.9730,2.8666,-1.5068,-9999.0000,-9999.0000,-1.5264,2.1284,2.7114,82.4207,2.0126,88.7494,-9999.0000,5.0647,-9999.0000,-9999.0000,0,0,1.0000
70252,2.8432,3.7396,-0.6248,-9999.0000,-9999.0000,-0.0465,2.1268,2.4081,82.4528,6.6267,88.7560,-9999.0000,-1.0750,-9999.0000,-9999.0000,0,0,1.0000
70253,4.0450,4.0481,-0.8274,-9999.0000,-9999.0000,-0.2346,2.1241,8.0523,82.4920,13.5589,88.7724,-9999.0000,-0.0328,-9999.0000,-9999.0000,0,0,1.0000
70254,1.4026,3.2301,-0.9474,-9999.0000,-9999.0000,-0.6481,2.1230,3.0098,82.5133,8.2208,88.7763,-9999.0000,-0.3373,-9999.0000,-9999.0000,0,0,1.0000
70255,1.1054,3.0420,-2.1715,-9999.0000,-9999.0000,-0.9349,2.1228,3.5635,82.5484,4.0661,88.7776,-9999.0000,-0.7603,-9999.0000,-9999.0000,0,0,1.0000
70256,1.8048,2.8397,-3.5991,-9999.0000,-9999.0000,-0.5371,2.1266,3.2086,82.5744,1.6519,88.7839,-9999.0000,-1.1536,-9999.0000,-9999.0000,0,0,1.0000
70257,2.1541,3.5408,-2.6225,-9999.0000,-9999.0000,0.0492,2.1268,1.7124,82.5919,1.8972,88.7861,-9999.0000,-1.9245,-9999.0000,-9999.0000,0,0,1.0000
70258,3.2148,2.6837,-3.1553,-9999.0000,-9999.0000,0.0695,2.1243,2.3395,82.6089,2.0728,88.7906,-9999.0000,-1.3289,-9999.0000,-9999.0000,0,0,1.0000
70259,1.5581,3.5471,-4.4637,-9999.0000,-9999.0000,-0.8639,2.1272,3.6307,82.6189,2.7935,88.7979,-9999.0000,-2.3708,-9999.0000,-9999.0000,0,0,1.0000
70260,2.3016,3.4648,-2.1194,-9999.0000,-9999.0000,-0.3168,2.1292,2.8425,82.6260,3.0949,88.7957,-9999.0000,-1.2880,-9999.0000,-9999.0000,0,0,1.0000
70261,1.8596,2.9108,-0.9329,-9999.0000,-9999.0000,-1.2230,2.1293,2.5309,82.6335,3.1485,88.8028,-9999.0000,-2.5354,-9999.0000,-9999.0000,0,0,1.0000
70262,6.9886,4.8201,-0.6816,-9999.0000,-9999.0000,-0.8386,2.1292,4.1008,82.6357,6.9971,88.8056,-9999.0000,3.1264,-9999.0000,-9999.0000,0,0,1.0000
70263,2.9173,2.7106,-2.1994,-9999.0000,-9999.0000,0.1508,2.1256,3.2340,82.6410,5.8882,88.8145,-9999.0000,12.7462,-9999.0000,-9999.0000,0,0,1.0000
70264,2.4611,2.7839,-1.0837,-9999.0000,-9999.0000,-0.9279,2.1241,2.5929,82.6376,3.3917,88.8096,-9999.0000,2.6367,-9999.0000,-9999.0000,0,0,1.0000
70265,1.4814,4.0756,0.1337,-9999.0000,-9999.0000,-1.1030,2.1251,4.7139,82.6446,13.0915,88.8202,-9999.0000,-2.0500,-9999.0000,-9999.0000,0,0,1.0000
70266,1.4708,8.2044,1.9388,-9999.0000,-9999.0000,-0.2823,2.1219,3.3348,82.6395,13.1749,88.8242,-9999.0000,-1.3954,-9999.0000,-9999.0000,0,0,1.0000
70267,1.3727,5.8718,0.7714,-9999.0000,-9999.0000,0.0603,2.1206,2.8718,82.6350,4.8413,88.8307,-9999.0000,2.7942,-9999.0000,-9999.0000,0,0,1.0000
70268,1.7176,3.4462,2.3965,-9999.0000,-9999.0000,-1.0064,2.1340,4.2459,82.6257,4.5966,88.8433,-9999.0000,10.1224,-9999.0000,-9999.0000,0,0,1.0000
70269,1.8809,3.0014,0.2280,-9999.0000,-9999.0000,0.4147,2.1334,3.5253,82.6113,4.0851,88.8504,-9999.0000,2.9885,-9999.0000,-9999.0000,0,0,1.0000
70270,4.4532,3.7086,1.4815,-9999.0000,-9999.0000,-0.9952,2.1319,2.2912,82.5797,6.6570,88.8554,-9999.0000,0.2398,-9999.0000,-9999.0000,0,0,1.0000
70271,1.5451,3.4678,0.7881,-9999.0000,-9999.0000,-1.3210,2.1323,5.0431,82.5423,4.5274,88.8578,-9999.0000,-0.1014,-9999.0000,-9999.0000,0,0,1.0000
70272,1.1844,3.1367,0.7309,-9999.0000,-9999.0000,0.6126,2.1328,3.6964,82.5013,9.8705,88.8568,-9999.0000,-1.1330,-9999.0000,-9999.0000,0,0,1.0000
70273,5.3211,2.9718,-0.5768,-9999.0000,-9999.0000,-0.5129,2.1322,2.3564,82.4731,4.1176,88.8584,-9999.0000,-2.1323,-9999.0000,-9999.0000,0,0,1.0000
70274,4.3474,5.9383,-1.0807,-9999.0000,-9999.0000,-0.8053,2.1311,3.0800,82.4282,3.8612,88.8578,-9999.0000,-2.0818,-9999.0000,-9999.0000,0,0,1.0000
70275,2.1443,4.9129,1.4148,-9999.0000,-9999.0000,0.5185,2.1237,3.6942,82.3745,9.4186,88.8628,-9999.0000,-1.5674,-9999.0000,-9999.0000,0,0,1.0000
70276,1.7378,6.7308,-0.9025,-9999.0000,-9999.0000,-2.1742,2.1201,3.0573,82.3107,9.4141,88.8594,-9999.0000,9.8044,-9999.0000,-9999.0000,0,0,1.0000
70277,1.2312,4.7787,0.3996,-9999.0000,-9999.0000,-0.0640,2.1222,2.2303,82.2470,8.1237,88.8614,-9999.0000,11.5853,-9999.0000,-9999.0000,0,0,1.0000
70278,2.9075,6.3340,-0.4012,-9999.0000,-9999.0000,-0.7801,2.1317,3.3174,82.1843,1.6557,88.8675,-9999.0000,4.5212,-9999.0000,-9999.0000,0,0,1.0000
70279,4.3132,3.9276,0.9272,-9999.0000,-9999.0000,-2.2469,2.1325,2.6375,82.1201,2.2452,88.8701,-9999.0000,-0.4300,-9999.0000,-9999.0000,0,0,1.0000
70280,2.2012,3.7910,2.2085,-9999.0000,-9999.0000,-0.0571,2.1315,5.8691,82.0603,4.6049,88.8694,-9999.0000,2.2940,-9999.0000,-9999.0000,0,0,1.0000
70281,2.2908,4.7463,2.4588,-9999.0000,-9999.0000,-1.0892,2.1271,2.4799,81.9943,3.8927,88.8723,-9999.0000,-0.6028,-9999.0000,-9999.0000,0,0,1.0000
70282,4.3913,3.9003,1.1303,-9999.0000,-9999.0000,-1.1782,2.1275,5.7238,81.9425,13.0973,88.8736,-9999.0000,-2.7542,-9999.0000,-9999.0000,0,0,1.0000
70283,2.1255,4.2592,1.3949,-9999.0000,-9999.0000,0.1761,2.1309,3.2609,81.8814,8.7421,88.8765,-9999.0000,-2.0907,-9999.0000,-9999.0000,0,0,1.0000
70284,3.7127,3.5559,1.2184,-9999.0000,-9999.0000,-1.7079,2.1270,3.3377,81.8191,4.2044,88.8757,-9999.0000,-1.0771,-9999.0000,-9999.0000,0,0,1.0000
70285,3.1968,4.5895,1.4699,-9999.0000,-9999.0000,-0.7581,2.1241,3.5587,81.7431,5.5880,88.8802,-9999.0000,3.7538,-9999.0000,-9999.0000,0,0,1.0000
70286,2.7511,4.9608,0.4179,-9999.0000,-9999.0000,-0.8590,2.1239,5.3968,81.6877,3.3645,88.8852,-9999.0000,14.0127,-9999.0000,-9999.0000,0,0,1.0000
70287,1.9131,5.2615,2.7475,-9999.0000,-9999.0000,-0.3182,2.1221,5.4942,81.6417,2.7179,88.8888,-9999.0000,2.6781,-9999.0000,-9999.0000,0,0,1.0000
70288,2.8748,4.5886,3.4649,-9999.0000,-9999.0000,-0.3375,2.1201,3.3033,81.5858,9.2729,88.8921,-9999.0000,-1.1046,-9999.0000,-9999.0000,0,0,1.0000
70289,2.8779,6.3039,3.2998,-9999.0000,-9999.0000,-1.7274,2.1224,2.2004,81.5183,6.4783,88.8904,-9999.0000,-1.0395,-9999.0000,-9999.0000,0,0,1.0000
70290,3.7119,4.3651,5.9486,-9999.0000,-9999.0000,0.1501,2.1246,2.9376,81.4673,4.4836,88.8944,-9999.0000,0.0087,-9999.0000,-9999.0000,0,0,1.0000
70291,4.2478,6.8422,6.0801,-9999.0000,-9999.0000,-1.9132,2.1245,10.8754,81.4126,2.7397,88.8945,-9999.0000,-0.4991,-9999.0000,-9999.0000,0,0,1.0000
70292,3.8158,12.9197,7.3430,-9999.0000,-9999.0000,-0.9543,2.1215,7.9555,81.3651,6.1071,88.8926,-9999.0000,3.8123,-9999.0000,-9999.0000,0,0,1.0000
70293,4.5275,10.4780,11.7980,-9999.0000,-9999.0000,-1.8948,2.1177,7.2061,81.3160,9.5392,88.8954,-9999.0000,7.2679,-9999.0000,-9999.0000,0,0,1.0000
70294,6.2255,14.1576,14.6084,-9999.0000,-9999.0000,-1.6992,2.1167,6.9556,81.2817,11.7587,88.8960,-9999.0000,5.6757,-9999.0000,-9999.0000,0,0,1.0000
70295,5.5215,12.9128,15.1485,-9999.0000,-9999.0000,-0.5598,2.0999,9.8508,81.2605,11.7886,88.8974,-9999.0000,2.6263,-9999.0000,-9999.0000,0,0,1.0000
