Data/Raw/WAGNER,NICK/firexaq-AOP-optical_DC8_20190803_R1.ict
51, 1001
Wagner, Nicholas L.
NOAA Earth System Research Laboratory
NOAA AOP instrument
FIREX-AQ
1, 1
2019, 08, 03, 2020, 04, 28
1
Time_start, seconds_past_midnight, seconds from midnight
18
1, 1, 1, 1, 1, 1, 1, 1, 1, 1, 1, 1, 1, 1, 1, 1, 1, 1
-9999, -9999, -9999, -9999, -9999, -9999, -9999, -9999, -9999, -9999, -9999, -9999, -9999, -9999, -9999, -9999, -9999, -9999
ext_dry_664, Mm-1, AerOpt_Extinction_InSitu_RHd_red_Total_PM2.5_STP
ext_dry_532, Mm-1, AerOpt_Extinction_InSitu_RHd_green_Total_PM2.5_STP
ext_dry_405, Mm-1, AerOpt_Extinction_InSitu_RHd_blue_Total_PM2.5_STP
abs_dry_664, Mm-1, AerOpt_Absorption_InSitu_RHd_red_Total_PM2.5_STP
abs_dry_532, Mm-1, AerOpt_Absorption_InSitu_RHd_green_Total_PM2.5_STP
abs_dry_405, Mm-1, AerOpt_Absorption_InSitu_RHd_blue_Total_PM2.5_STP
AOP_RH_dry, pct, Relative_humidity_of_dry_RH_channels
ext_medRH_664, Mm-1, AerOpt_Extinction_InSitu_RH80_red_Total_PM2.5_STP
AOP_RH_med, pct, Relative_humidity_of_medium_RH_channel
ext_highRH_664, Mm-1, AerOpt_Extinction_InSitu_RH85_red_Total_PM2.5_STP
AOP_RH_high, pct, Relative_humidity_of_high_RH_channel
ext_TD_664, Mm-1, AerOpt_ExtinctionTD_InSitu_RHd_blue_Total_PM2.5_STP
ext_TD_405, Mm-1, AerOpt_ExtinctionTD_InSitu_RHd_red_Total_PM2.5_STP
abs_TD_664, Mm-1, AerOpt_Absorption_InSitu_RHd_red_Total_PM2.5_STP
abs_TD_405, Mm-1, AerOpt_Absorption_InSitu_RHd_blue_Total_PM2.5_STP
AOP_TD_bypass_flag, pct, Flag_for_TD_Bypass_valve
AOP_filter_flag, pct, Flag_for_Filter_Valve
AOP_Dilution_ratio, pct, Applied_Dilution_Ratio_for_ext_channels
1
A leak compromised the data on the abs_dry_664 channel for the flight. This leak was related to the leak on the previous flight, which had been fixed incompletely. These data were removed.
18
PI_CONTACT_INFO: Address: NOAA ESRL Chemical Sciences Division, R/CSD2, 325 Broadway, Boulder, CO 80305. Email: nick.wagner@noaa.gov.
PLATFORM: NASA DC8
LOCATION: See the DC8 MetNav file, Based in Boise (BOI) and Salina, KS
ASSOCIATED_DATA: N/A
[...]
DATA_INFO: Mm-1:
UNCERTAINTY: The precision of the extinction measurements varies with aerosol loading and is +/-20% at 10 Mm-1 and +/-5% at 100 Mm-1. The accuracy of the dry measurement is +/-2% and depends on RH for the humidified measurements, +/-5% at 85% RH and +/-15% at 90% RH. For more details, see Langridge et al., Aerosol Science and Technology 45:1305-1318, 2011. Analysis of comparable measurements suggest incomplete mixing in the dilution system. Effective dilution for individual instruments can vary by +/- 30% compared to the reported flow-based dilution estimate. The absorption measurements have a high signal accuracy of 20%. The low signal precision varies with altitude and flight to flight, and is typically less than 10 Mm-1 for 1 second measurements.
ULOD_FLAG: -7777
ULOD_VALUE: N/A
LLOD_FLAG: -8888
LLOD_VALUE: N/A
DM_CONTACT_INFO: Gao Chen
PROJECT_INFO: FIREX-AQ
STIPULATIONS_ON_USE: NASA Data Policy. Contact with PI is encouraged.
OTHER_COMMENTS: N/A
REVISION: R1
R1: Absorption measurements have been corrected for pressure dependent microphone sensitivity. In-cloud data has been removed. R0: Final Data. 
Time_start, ext_dry_664, ext_dry_532, ext_dry_405, abs_dry_664, abs_dry_532, abs_dry_405, AOP_RH_dry, ext_medRH_664, AOP_RH_med, ext_highRH_664, AOP_RH_high, ext_TD_664, ext_TD_405, abs_TD_664, abs_TD_405, AOP_TD_bypass_flag, AOP_filter_flag, AOP_Dilution_ratio
[from data line 5254]
80682,-9999.0000,-9999.0000,-9999.0000,-9999.0000,-9999.0000,-9999.0000,5.2007,-9999.0000,79.8102,-9999.0000,94.3609,-9999.0000,-9999.0000,-9999.0000,-9999.0000,1,1,7.8100
80683,-9999.0000,-9999.0000,-9999.0000,-9999.0000,-9999.0000,-9999.0000,5.1903,-9999.0000,79.8841,-9999.0000,94.3633,-9999.0000,-9999.0000,-9999.0000,-9999.0000,1,1,7.8100
80684,-9999.0000,-9999.0000,-9999.0000,-9999.0000,-9999.0000,-9999.0000,5.1906,-9999.0000,79.9519,-9999.0000,94.3589,-9999.0000,-9999.0000,-9999.0000,-9999.0000,1,1,7.8100
80685,-9999.0000,-9999.0000,-9999.0000,-9999.0000,-9999.0000,-9999.0000,5.1917,-9999.0000,80.0377,-9999.0000,94.3600,-9999.0000,-9999.0000,-9999.0000,-9999.0000,1,1,7.8100
80686,-9999.0000,-9999.0000,-9999.0000,-9999.0000,-9999.0000,-9999.0000,5.1855,-9999.0000,80.1221,-9999.0000,94.3513,-9999.0000,-9999.0000,-9999.0000,-9999.0000,1,1,7.8100
80687,-9999.0000,-9999.0000,-9999.0000,-9999.0000,-9999.0000,-9999.0000,5.1789,-9999.0000,80.2228,-9999.0000,94.3513,-9999.0000,-9999.0000,-9999.0000,-9999.0000,1,1,7.8100
80688,-9999.0000,-9999.0000,-9999.0000,-9999.0000,-9999.0000,-9999.0000,5.1650,-9999.0000,80.3256,-9999.0000,94.3527,-9999.0000,-9999.0000,-9999.0000,-9999.0000,1,1,7.8100
80689,-9999.0000,-9999.0000,-9999.0000,-9999.0000,-9999.0000,-9999.0000,5.1541,-9999.0000,80.4419,-9999.0000,94.3506,-9999.0000,-9999.0000,-9999.0000,-9999.0000,1,1,7.8100
80690,-9999.0000,-9999.0000,-9999.0000,-9999.0000,-9999.0000,-9999.0000,5.1622,-9999.0000,80.5554,-9999.0000,94.3442,-9999.0000,-9999.0000,-9999.0000,-9999.0000,1,1,7.8100
80691,-9999.0000,-9999.0000,-9999.0000,-9999.0000,-9999.0000,-9999.0000,5.1660,-9999.0000,80.6794,-9999.0000,94.3425,-9999.0000,-9999.0000,-9999.0000,-9999.0000,1,1,7.8100
80692,-9999.0000,-9999.0000,-9999.0000,-9999.0000,-9999.0000,-9999.0000,5.1642,-9999.0000,80.8043,-9999.0000,94.3426,-9999.0000,-9999.0000,-9999.0000,-9999.0000,1,1,7.8100
80693,-9999.0000,-9999.0000,-9999.0000,-9999.0000,-9999.0000,-9999.0000,5.1806,-9999.0000,80.9237,-9999.0000,94.3493,-9999.0000,-9999.0000,-9999.0000,-9999.0000,1,1,7.8100
80694,-9999.0000,-9999.0000,-9999.0000,-9999.0000,-9999.0000,-9999.0000,5.1718,-9999.0000,81.0483,-9999.0000,94.3483,-9999.0000,-9999.0000,-9999.0000,-9999.0000,1,1,7.8100
80695,-9999.0000,-9999.0000,-9999.0000,-9999.0000,-9999.0000,-9999.0000,5.1544,-9999.0000,81.1750,-9999.0000,94.3401,-9999.0000,-9999.0000,-9999.0000,-9999.0000,1,1,7.8100
80696,-9999.0000,-9999.0000,-9999.0000,-9999.0000,-9999.0000,-9999.0000,5.1549,-9999.0000,81.3116,-9999.0000,94.3387,-9999.0000,-9999.0000,-9999.0000,-9999.0000,1,1,7.8100
80697,-9999.0000,-9999.0000,-9999.0000,-9999.0000,-9999.0000,-9999.0000,5.1540,-9999.0000,81.4432,-9999.0000,94.3398,-9999.0000,-9999.0000,-9999.0000,-9999.0000,1,1,7.8100
80698,-9999.0000,-9999.0000,-9999.0000,-9999.0000,-9999.0000,-9999.0000,5.1489,-9999.0000,81.5762,-9999.0000,94.3404,-9999.0000,-9999.0000,-9999.0000,-9999.0000,1,1,7.8100
80699,-9999.0000,-9999.0000,-9999.0000,-9999.0000,-9999.0000,-9999.0000,5.1449,-9999.0000,81.7001,-9999.0000,94.3382,-9999.0000,-9999.0000,-9999.0000,-9999.0000,1,1,7.8100
80700,-9999.0000,-9999.0000,-9999.0000,-9999.0000,-9999.0000,-9999.0000,5.1465,-9999.0000,81.8265,-9999.0000,94.3412,-9999.0000,-9999.0000,-9999.0000,-9999.0000,1,1,7.8100
80701,-9999.0000,-9999.0000,-9999.0000,-9999.0000,-9999.0000,-9999.0000,5.1455,-9999.0000,81.9438,-9999.0000,94.3372,-9999.0000,-9999.0000,-9999.0000,-9999.0000,1,1,7.8100
80702,-9999.0000,-9999.0000,-9999.0000,-9999.0000,-9999.0000,-9999.0000,5.1400,-9999.0000,82.0631,-9999.0000,94.3373,-9999.0000,-9999.0000,-9999.0000,-9999.0000,1,1,7.8100
80703,-9999.0000,-9999.0000,-9999.0000,-9999.0000,-9999.0000,-9999.0000,5.1410,-9999.0000,82.1657,-9999.0000,94.3368,-9999.0000,-9999.0000,-9999.0000,-9999.0000,1,1,7.8100
80704,-9999.0000,-9999.0000,-9999.0000,-9999.0000,-9999.0000,-9999.0000,5.1328,-9999.0000,82.2803,-9999.0000,94.3369,-9999.0000,-9999.0000,-9999.0000,-9999.0000,1,1,7.8100
80705,-9999.0000,-9999.0000,-9999.0000,-9999.0000,-9999.0000,-9999.0000,5.1294,-9999.0000,82.3935,-9999.0000,94.3335,-9999.0000,-9999.0000,-9999.0000,-9999.0000,1,1,7.8100
80706,-9999.0000,-9999.0000,-9999.0000,-9999.0000,-9999.0000,-9999.0000,5.1265,-9999.0000,82.4859,-9999.0000,94.3344,-9999.0000,-9999.0000,-9999.0000,-9999.0000,1,1,7.8100
80707,-9999.0000,-9999.0000,-9999.0000,-9999.0000,-9999.0000,-9999.0000,5.1173,-9999.0000,82.5860,-9999.0000,94.3361,-9999.0000,-9999.0000,-9999.0000,-9999.0000,1,1,7.8100
80708,-9999.0000,-9999.0000,-9999.0000,-9999.0000,-9999.0000,-9999.0000,5.1149,-9999.0000,82.6755,-9999.0000,94.3332,-9999.0000,-9999.0000,-9999.0000,-9999.0000,1,1,7.8100
80709,-9999.0000,-9999.0000,-9999.0000,-9999.0000,-9999.0000,-9999.0000,5.1164,-9999.0000,82.7627,-9999.0000,94.3331,-9999.0000,-9999.0000,-1.6921,-9999.0000,1,1,7.8100
80710,-9999.0000,-9999.0000,-9999.0000,-9999.0000,-9999.0000,-9999.0000,5.1152,-9999.0000,82.8371,-9999.0000,94.3321,-9999.0000,-9999.0000,-0.3445,-9999.0000,1,1,7.8100
80711,-9999.0000,-9999.0000,-9999.0000,-9999.0000,-9999.0000,-9999.0000,5.1177,-9999.0000,82.8949,-9999.0000,94.3332,-9999.0000,-9999.0000,-0.1277,-9999.0000,1,1,7.8100
80712,-9999.0000,-9999.0000,-9999.0000,-9999.0000,-9999.0000,-9999.0000,5.1176,-9999.0000,82.9466,-9999.0000,94.3371,-9999.0000,-9999.0000,-1.6841,-9999.0000,1,1,7.8100
80713,-9999.0000,-9999.0000,-9999.0000,-9999.0000,-9999.0000,-9999.0000,5.1152,-9999.0000,82.9824,-9999.0000,94.3385,-9999.0000,-9999.0000,1.9255,-9999.0000,1,1,7.8100
80714,-9999.0000,-9999.0000,-9999.0000,-9999.0000,-9999.0000,-9999.0000,5.1044,-9999.0000,83.0163,-9999.0000,94.3430,-9999.0000,-9999.0000,-0.0315,-9999.0000,1,1,7.8100
80715,-9999.0000,-9999.0000,-9999.0000,-9999.0000,-9999.0000,-9999.0000,5.1024,-9999.0000,83.0415,-9999.0000,94.3437,-9999.0000,-9999.0000,4.4955,-9999.0000,1,1,7.8100
80716,-9999.0000,-9999.0000,-9999.0000,-9999.0000,-9999.0000,-9999.0000,5.1047,-9999.0000,83.0548,-9999.0000,94.3482,-9999.0000,-9999.0000,1.5607,-9999.0000,1,1,7.8100
80717,-9999.0000,-9999.0000,-9999.0000,-9999.0000,-9999.0000,-9999.0000,5.1032,-9999.0000,83.0655,-9999.0000,94.3553,-9999.0000,-9999.0000,0.7794,-9999.0000,1,1,7.8100
80718,-9999.0000,-9999.0000,-9999.0000,-9999.0000,-9999.0000,-9999.0000,5.0988,-9999.0000,83.0657,-9999.0000,94.3537,-9999.0000,-9999.0000,0.3276,-9999.0000,1,1,7.8100
80719,-9999.0000,-9999.0000,-9999.0000,-9999.0000,-9999.0000,-9999.0000,5.0931,-9999.0000,83.0585,-9999.0000,94.3491,-9999.0000,-9999.0000,-2.0456,-9999.0000,1,0,7.8100
80720,-9999.0000,-9999.0000,-9999.0000,-9999.0000,-9999.0000,-9999.0000,5.0847,-9999.0000,83.0435,-9999.0000,94.3490,-9999.0000,-9999.0000,-1.5321,-9999.0000,1,0,7.8100
80721,-9999.0000,-9999.0000,-9999.0000,-9999.0000,-9999.0000,-9999.0000,5.0744,-9999.0000,82.9835,-9999.0000,94.3544,-9999.0000,-9999.0000,-1.4504,-2.3155,1,0,7.8100
80722,-9999.0000,-9999.0000,-9999.0000,-9999.0000,-9999.0000,-9999.0000,5.0718,-9999.0000,82.8900,-9999.0000,94.3593,-9999.0000,-9999.0000,-0.8507,-1.4513,1,0,7.8100
80723,-9999.0000,-9999.0000,-9999.0000,-9999.0000,-9999.0000,-9999.0000,5.0625,-9999.0000,82.7837,-9999.0000,94.3678,-9999.0000,-9999.0000,-1.6192,1.4860,1,0,7.8100
80724,-9999.0000,-9999.0000,-9999.0000,-9999.0000,-9999.0000,-9999.0000,5.0626,-9999.0000,82.6476,-9999.0000,94.3747,-9999.0000,-9999.0000,0.2608,0.2701,1,0,7.8100
80725,11.9968,19.7348,26.0924,-9999.0000,-9999.0000,-9999.0000,5.0684,9.0734,82.4844,18.4858,94.3712,-9999.0000,-9999.0000,-3.4469,1.4745,1,0,7.8100
80726,15.4935,22.6893,29.5205,-9999.0000,0.9703,0.7448,5.0716,20.6678,82.3149,21.9389,94.3750,-9999.0000,-9999.0000,3.8156,-2.6371,1,0,7.8100
80727,15.2470,23.2483,25.3235,-9999.0000,-2.2748,0.2411,5.0575,17.0518,82.1321,35.3672,94.3746,-9999.0000,-9999.0000,-0.9908,-1.6323,1,0,7.8100
80728,9.5859,27.7875,21.4849,-9999.0000,-0.6109,4.0952,5.0646,15.8039,81.9318,36.6269,94.3740,-9999.0000,-9999.0000,1.3698,-2.5838,1,0,7.8100
80729,8.1659,21.1558,19.8604,-9999.0000,-0.6250,0.5142,5.0590,11.8154,81.7233,18.2987,94.3753,-9999.0000,-9999.0000,-2.4163,0.6045,1,0,7.8100
80730,10.4123,19.6383,29.5314,-9999.0000,0.2642,0.1762,5.0501,21.6275,81.5349,22.5268,94.3700,-9999.0000,-9999.0000,2.5409,1.3398,1,0,7.8100
80731,14.6042,15.8087,33.1856,-9999.0000,3.9539,0.0274,5.0462,17.5513,81.3650,30.5224,94.3725,-9999.0000,-9999.0000,0.9663,-1.0309,1,0,7.8100
80732,13.5261,20.8031,23.7834,-9999.0000,0.9959,1.0778,5.0404,18.4888,81.1882,20.6376,94.3719,-9999.0000,-9999.0000,-0.3554,0.7123,1,0,7.8100
80733,17.6843,17.7450,22.4260,-9999.0000,3.1033,0.8119,5.0472,35.5500,81.0175,20.8513,94.3726,-9999.0000,-9999.0000,-2.1495,-1.1781,1,0,7.8100
80734,13.0237,16.8784,40.1280,-9999.0000,0.3015,0.9469,5.0397,19.7116,80.8451,26.9690,94.3723,-9999.0000,-9999.0000,0.4128,-0.5553,1,0,7.8100
80735,21.6884,18.4081,24.5440,-9999.0000,-0.7382,0.8966,5.0409,29.4471,80.6825,52.3567,94.3704,-9999.0000,-9999.0000,1.2455,-3.8503,1,0,7.8100
80736,18.8242,20.6800,41.0846,-9999.0000,2.4957,0.9905,5.0481,19.6487,80.5483,37.3618,94.3776,-9999.0000,-9999.0000,-1.4813,-1.7823,1,0,7.8100
80737,11.2465,16.4712,39.0289,-9999.0000,0.7355,0.8966,5.0467,19.9784,80.4445,31.4705,94.3746,-9999.0000,-9999.0000,1.9661,0.6537,1,0,7.8100
80738,14.8364,21.5824,26.4739,-9999.0000,-0.8690,1.5290,5.0431,22.9227,80.3424,40.8833,94.3761,-9999.0000,-9999.0000,2.2228,1.3141,1,0,7.8100
80739,12.0353,23.3034,32.6571,-9999.0000,-0.6733,1.1259,5.0365,22.6896,80.2433,39.6814,94.3810,-9999.0000,-9999.0000,3.2925,0.6318,1,0,7.8100
80740,22.2186,24.3026,38.0207,-9999.0000,1.0852,1.5929,5.0329,13.8688,80.1598,64.2129,94.3802,-9999.0000,-9999.0000,-3.1067,1.1507,1,0,7.8100
80741,31.9417,35.8144,44.5733,-9999.0000,-1.3560,1.1459,5.0326,34.1175,80.0957,30.1223,94.3826,-9999.0000,-9999.0000,-2.7907,3.4196,1,0,7.8100
80742,22.0063,41.4821,33.8236,-9999.0000,-0.0497,1.0946,5.0270,46.8473,80.0432,47.5408,94.3731,-9999.0000,-9999.0000,1.8450,0.5242,1,0,7.8100
80743,23.5001,31.8978,46.9932,-9999.0000,-0.8145,0.4230,5.0241,32.8233,80.0025,34.3818,94.3686,-9999.0000,-9999.0000,0.3712,0.3252,1,0,7.8100
80744,19.9649,37.6669,41.1497,-9999.0000,-2.0581,0.2306,5.0223,19.6981,79.9810,22.6973,94.3684,-9999.0000,-9999.0000,1.5776,4.2649,1,0,7.8100
80745,14.1897,22.9216,47.7794,-9999.0000,-0.8229,1.1246,5.0194,27.8415,79.9644,33.6458,94.3650,-9999.0000,-9999.0000,0.9466,0.8985,1,0,7.8100
80746,19.7611,27.5166,36.6004,-9999.0000,-2.3347,0.6023,5.0180,29.2943,79.9670,46.9384,94.3716,-9999.0000,-9999.0000,-1.0662,0.3092,1,0,7.8100
80747,13.8023,32.8479,30.7414,-9999.0000,-0.6032,0.6000,5.0172,39.2788,79.9663,35.7447,94.3624,-9999.0000,-9999.0000,1.0839,0.1273,1,0,7.8100
80748,15.2239,29.6865,38.0609,-9999.0000,-3.3998,0.6220,5.0196,33.8042,79.9802,32.0728,94.3633,-9999.0000,-9999.0000,3.1537,1.2013,1,0,7.8100
80749,13.6379,25.0688,37.7936,-9999.0000,-1.8133,1.6635,5.0153,14.6681,80.0201,35.3171,94.3583,-9999.0000,-9999.0000,-1.9007,-1.0815,1,0,7.8100
80750,23.7570,23.4395,43.2542,-9999.0000,-1.3829,1.4652,5.0175,30.3843,80.0767,34.8606,94.3523,-9999.0000,-9999.0000,0.2677,2.6648,1,0,7.8100
80751,17.5259,33.9563,56.8868,-9999.0000,-0.6099,0.7529,5.0135,18.8208,80.1336,50.4115,94.3534,-9999.0000,-9999.0000,2.6304,2.9513,1,0,7.8100
80752,16.3871,23.7146,47.1346,-9999.0000,1.2505,0.8095,5.0113,15.1821,80.1999,17.2809,94.3472,-9999.0000,-9999.0000,2.5588,-1.4579,1,0,7.8100
80753,16.0631,21.0559,49.2402,-9999.0000,1.1311,0.7215,5.0088,12.4270,80.2846,31.2491,94.3451,-9999.0000,-9999.0000,-0.3223,-0.7639,1,0,7.8100
80754,17.7835,28.8725,47.7125,-9999.0000,0.3124,0.8962,5.0110,20.5717,80.3743,56.2758,94.3406,-9999.0000,-9999.0000,-2.2553,3.7496,1,0,7.8100
80755,26.3672,30.4153,32.5673,-9999.0000,-2.5721,0.4484,5.0121,36.1310,80.4791,37.8900,94.3342,-9999.0000,-9999.0000,1.6435,0.1569,1,0,7.8100
80756,16.6719,26.6519,40.8354,-9999.0000,-0.5227,0.6844,5.0080,43.9266,80.5869,25.3125,94.3260,-9999.0000,-9999.0000,-1.0782,0.5413,1,0,7.8100
80757,18.6099,32.0597,36.9283,-9999.0000,-0.5521,1.4443,5.0061,12.3350,80.6905,29.3624,94.3160,-9999.0000,-9999.0000,2.3754,0.5337,1,0,7.8100
80758,17.7128,24.3944,46.2954,-9999.0000,2.1643,0.3752,5.0018,19.8290,80.7935,50.8877,94.3092,24.3319,33.6408,-0.9989,1.8596,1,0,7.8100
80759,22.0383,26.5044,49.9952,-9999.0000,0.7868,0.9139,5.0037,27.1839,80.9024,41.2244,94.3012,24.9289,32.9108,-0.6583,4.4760,1,0,7.8100
80760,32.0766,28.3116,44.5889,-9999.0000,0.2967,1.0079,5.0046,26.5439,81.0332,39.5145,94.2923,27.9683,36.8233,4.0232,1.9094,1,0,7.8100
80761,24.8184,43.1934,56.6898,-9999.0000,-2.7937,1.6344,4.9977,26.1122,81.1684,31.5288,94.2821,30.7650,37.1117,-1.1833,3.1370,1,0,7.8100
80762,32.0768,56.7558,70.7204,-9999.0000,1.5717,1.6834,5.0064,22.6041,81.3071,61.3459,94.2681,37.0364,52.0339,-1.9707,6.5479,1,0,7.8100
80763,31.8702,42.9828,85.3086,-9999.0000,-0.1478,2.0320,5.0108,28.8818,81.4421,43.7812,94.2604,43.7383,61.5720,1.4006,4.0023,1,0,7.8100
80764,34.4236,63.8314,85.1969,-9999.0000,-1.9706,2.3474,5.0060,42.4808,81.5601,48.6021,94.2524,54.0348,57.9807,-2.6922,-0.3522,1,0,7.8100
80765,33.3080,46.3606,88.7095,-9999.0000,1.9115,2.6154,5.0064,35.9055,81.6985,69.6098,94.2502,44.8023,56.7222,-1.6671,1.5756,1,0,7.8100
80766,32.5783,58.1051,75.5999,-9999.0000,-0.6301,1.9646,5.0029,22.1381,81.8104,67.6385,94.2448,36.3325,54.2753,0.3585,0.5189,1,0,7.8100
80767,28.7084,59.8290,53.5215,-9999.0000,-2.3153,1.8389,4.9960,27.0556,81.9387,68.0981,94.2409,37.8772,56.2974,-1.2679,0.0041,1,0,7.8100
80768,29.8768,40.3152,66.0217,-9999.0000,-0.6964,1.1621,4.9824,37.2887,82.0412,49.5522,94.2367,36.5367,53.5111,3.1001,2.0956,1,0,7.8100
80769,23.0469,36.5905,56.5527,-9999.0000,1.3389,0.6688,4.9723,28.0079,82.1438,47.0569,94.2270,34.2655,46.3234,-1.0221,-1.6570,1,0,7.8100
80770,25.0043,42.1247,45.9901,-9999.0000,-1.8313,1.0755,4.9675,28.0166,82.2473,58.3051,94.2146,29.6605,52.9384,0.5299,2.1807,1,0,7.8100
80771,27.5305,23.9950,38.3892,-9999.0000,-0.8063,0.9032,4.9712,42.5695,82.3480,46.4032,94.2057,32.8283,50.3299,-3.5062,0.6352,1,0,7.8100
80772,13.3693,26.3638,46.0252,-9999.0000,0.7309,0.6991,4.9823,34.5087,82.4489,40.7622,94.1928,32.7577,49.7301,2.4595,0.0710,1,0,7.8100
80773,15.6734,32.0120,55.2306,-9999.0000,2.0827,1.5284,4.9882,15.9451,82.5208,30.4582,94.1847,29.6519,44.5383,0.6676,3.0764,1,0,7.8100
80774,19.1498,33.5713,46.2892,-9999.0000,0.4026,0.8222,4.9945,31.2834,82.6001,34.3307,94.1748,29.9787,41.5188,-0.4855,0.4586,1,0,7.8100
80775,20.6143,29.2453,58.1735,-9999.0000,-0.7023,1.8322,4.9919,22.1715,82.6910,58.5453,94.1675,26.0599,43.4218,1.0390,0.4954,1,0,7.8100
80776,20.0194,39.8433,58.3923,-9999.0000,-1.6887,0.7538,4.9918,35.1190,82.7862,29.1498,94.1511,28.4688,43.7791,-0.1499,1.0487,1,0,7.8100
80777,27.5425,35.9711,56.5830,-9999.0000,2.2513,1.8381,4.9935,28.4393,82.8569,30.1464,94.1439,24.2185,36.8946,-1.0838,1.6677,1,0,7.8100
80778,29.2125,32.4489,58.8861,-9999.0000,0.7146,1.5215,4.9896,35.7722,82.9068,39.4914,94.1374,32.5188,40.8002,-2.3982,4.2338,1,0,7.8100
80779,28.6490,38.5064,61.0762,-9999.0000,1.1645,1.4207,4.9892,25.5900,82.9460,30.0562,94.1335,36.3089,39.8577,-3.5823,0.0759,1,0,7.8100
80780,30.5919,51.2430,65.6834,-9999.0000,0.3200,1.3825,4.9856,27.7016,82.9885,56.2873,94.1293,46.4362,41.7834,1.9298,0.5915,1,0,7.8100
80781,25.4683,34.9084,48.0973,-9999.0000,-0.9523,1.1927,4.9780,29.0971,83.0183,32.3155,94.1239,47.0705,52.4331,-3.0929,0.9498,1,0,7.8100
80782,32.0815,42.7773,56.4316,-9999.0000,-0.4401,2.7626,4.9745,65.5248,83.0346,35.5395,94.1195,35.2204,65.0147,-2.2641,0.9219,1,0,7.8100
80783,28.2633,51.2960,52.9031,-9999.0000,-1.3222,2.4788,4.9706,30.9849,83.0400,45.7250,94.1146,34.5954,60.3455,-3.6678,-0.5120,1,0,7.8100
80784,38.9715,47.0292,75.3200,-9999.0000,2.4619,3.9060,4.9718,38.9007,83.0396,35.0868,94.1063,40.2507,57.7596,-1.9971,1.2660,1,0,7.8100
80785,33.4003,52.7936,77.7152,-9999.0000,-0.5257,4.7436,4.9659,44.5250,83.0343,35.7190,94.1027,39.3411,60.3377,-4.0530,-0.1120,1,0,7.8100
