Data/Raw/WAGNER,NICK/firexaq-AOP-optical_DC8_20190812_R1.ict
51, 1001
Wagner, Nicholas L.
NOAA Earth System Research Laboratory
NOAA AOP instrument
FIREX-AQ
1, 1
2019, 08, 12, 2020, 04, 27
1
Time_start, seconds_past_midnight, seconds from midnight
18
1, 1, 1, 1, 1, 1, 1, 1, 1, 1, 1, 1, 1, 1, 1, 1, 1, 1
-9999, -9999, -9999, -9999, -9999, -9999, -9999, -9999, -9999, -9999, -9999, -9999, -9999, -9999, -9999, -9999, -9999, -9999
ext_dry_664, Mm-1, AerOpt_Extinction_InSitu_RHd_red_Total_PM2.5_STP
ext_dry_532, Mm-1, AerOpt_Extinction_InSitu_RHd_green_Total_PM2.5_STP
ext_dry_405, Mm-1, AerOpt_Extinction_InSitu_RHd_blue_Total_PM2.5_STP
abs_dry_664, Mm-1, AerOpt_Absorption_InSitu_RHd_red_Total_PM2.5_STP
abs_dry_532, Mm-1, AerOpt_Absorption_InSitu_RHd_green_Total_PM2.5_STP
abs_dry_405, Mm-1, AerOpt_Absorption_InSitu_RHd_blue_Total_PM2.5_STP
AOP_RH_dry, pct, Relative_humidity_of_dry_RH_channels
ext_medRH_664, Mm-1, AerOpt_Extinction_InSitu_RH80_red_Total_PM2.5_STP
AOP_RH_med, pct, Relative_humidity_of_medium_RH_channel
ext_highRH_664, Mm-1, AerOpt_Extinction_InSitu_RH85_red_Total_PM2.5_STP
AOP_RH_high, pct, Relative_humidity_of_high_RH_channel
ext_TD_664, Mm-1, AerOpt_ExtinctionTD_InSitu_RHd_blue_Total_PM2.5_STP
ext_TD_405, Mm-1, AerOpt_ExtinctionTD_InSitu_RHd_red_Total_PM2.5_STP
abs_TD_664, Mm-1, AerOpt_Absorption_InSitu_RHd_red_Total_PM2.5_STP
abs_TD_405, Mm-1, AerOpt_Absorption_InSitu_RHd_blue_Total_PM2.5_STP
AOP_TD_bypass_flag, pct, Flag_for_TD_Bypass_valve
AOP_filter_flag, pct, Flag_for_Filter_Valve
AOP_Dilution_ratio, pct, Applied_Dilution_Ratio_for_ext_channels
1
N/A
18
PI_CONTACT_INFO: Address: NOAA ESRL Chemical Sciences Division, R/CSD2, 325 Broadway, Boulder, CO 80305. Email: nick.wagner@noaa.gov.
PLATFORM: NASA DC8
LOCATION: See the DC8 MetNav file, Based in Boise (BOI) and Salina, KS
ASSOCIATED_DATA: N/A
[...]
DATA_INFO: Mm-1:
UNCERTAINTY: The precision of the extinction measurements varies with aerosol loading and is +/-20% at 10 Mm-1 and +/-5% at 100 Mm-1. The accuracy of the dry measurement is +/-2% and depends on RH for the humidified measurements, +/-5% at 85% RH and +/-15% at 90% RH. For more details, see Langridge et al., Aerosol Science and Technology 45:1305-1318, 2011. Analysis of comparable measurements suggest incomplete mixing in the dilution system. Effective dilution for individual instruments can vary by +/- 30% compared to the reported flow-based dilution estimate. The absorption measurements have a high signal accuracy of 20%. The low signal precision varies with altitude and flight to flight, and is typically less than 10 Mm-1 for 1 second measurements.
ULOD_FLAG: -7777
ULOD_VALUE: N/A
LLOD_FLAG: -8888
LLOD_VALUE: N/A
DM_CONTACT_INFO: Gao Chen
PROJECT_INFO: FIREX-AQ
STIPULATIONS_ON_USE: NASA Data Policy. Contact with PI is encouraged.
OTHER_COMMENTS: N/A
REVISION: R1
R1: Absorption measurements have been corrected for pressure dependent microphone sensitivity. In-cloud data has been removed. R0: Final Data. 
Time_start, ext_dry_664, ext_dry_532, ext_dry_405, abs_dry_664, abs_dry_532, abs_dry_405, AOP_RH_dry, ext_medRH_664, AOP_RH_med, ext_highRH_664, AOP_RH_high, ext_TD_664, ext_TD_405, abs_TD_664, abs_TD_405, AOP_TD_bypass_flag, AOP_filter_flag, AOP_Dilution_ratio
[from data line 14770]
90682,-9999.0000,-9999.0000,-9999.0000,-9999.0000,-9999.0000,-9999.0000,14.3363,-9999.0000,79.7886,-9999.0000,84.4058,-9999.0000,-9999.0000,-9999.0000,-9999.0000,0,1,1.0000
90683,-9999.0000,-9999.0000,-9999.0000,-9999.0000,-9999.0000,-9999.0000,14.3387,-9999.0000,79.6548,-9999.0000,84.4110,-9999.0000,-9999.0000,-9999.0000,-9999.0000,0,1,1.0000
90684,-9999.0000,-9999.0000,-9999.0000,-9999.0000,-9999.0000,-9999.0000,14.3333,-9999.0000,79.4862,-9999.0000,84.4096,-9999.0000,-9999.0000,-9999.0000,-9999.0000,0,1,1.0000
90685,-9999.0000,-9999.0000,-9999.0000,-9999.0000,-9999.0000,-9999.0000,14.3333,-9999.0000,79.3508,-9999.0000,84.4135,-9999.0000,-9999.0000,-9999.0000,-9999.0000,0,1,1.0000
90686,-9999.0000,-9999.0000,-9999.0000,-9999.0000,-9999.0000,-9999.0000,14.3354,-9999.0000,79.1799,-9999.0000,84.4168,-9999.0000,-9999.0000,-9999.0000,-9999.0000,0,1,1.0000
90687,-9999.0000,-9999.0000,-9999.0000,-9999.0000,-9999.0000,-9999.0000,14.3412,-9999.0000,79.0175,-9999.0000,84.4252,-9999.0000,-9999.0000,-9999.0000,-9999.0000,0,1,1.0000
90688,-9999.0000,-9999.0000,-9999.0000,-9999.0000,-9999.0000,-9999.0000,14.3380,-9999.0000,78.8763,-9999.0000,84.4401,-9999.0000,-9999.0000,-9999.0000,-9999.0000,0,1,1.0000
90689,-9999.0000,-9999.0000,-9999.0000,-9999.0000,-9999.0000,-9999.0000,14.3438,-9999.0000,78.7574,-9999.0000,84.4530,-9999.0000,-9999.0000,-9999.0000,-9999.0000,0,1,1.0000
90690,-9999.0000,-9999.0000,-9999.0000,-9999.0000,-9999.0000,-9999.0000,14.3430,-9999.0000,78.6330,-9999.0000,84.4620,-9999.0000,-9999.0000,-9999.0000,-9999.0000,0,1,1.0000
90691,-9999.0000,-9999.0000,-9999.0000,-9999.0000,-9999.0000,-9999.0000,14.3426,-9999.0000,78.5133,-9999.0000,84.4656,-9999.0000,-9999.0000,-9999.0000,-9999.0000,0,1,1.0000
90692,-9999.0000,-9999.0000,-9999.0000,-9999.0000,-9999.0000,-9999.0000,14.3425,-9999.0000,78.4184,-9999.0000,84.4707,-9999.0000,-9999.0000,-9999.0000,-9999.0000,0,1,1.0000
90693,-9999.0000,-9999.0000,-9999.0000,-9999.0000,-9999.0000,-9999.0000,14.3414,-9999.0000,78.3389,-9999.0000,84.4732,-9999.0000,-9999.0000,-9999.0000,-9999.0000,0,1,1.0000
90694,-9999.0000,-9999.0000,-9999.0000,-9999.0000,-9999.0000,-9999.0000,14.3408,-9999.0000,78.2554,-9999.0000,84.4706,-9999.0000,-9999.0000,-9999.0000,-9999.0000,0,1,1.0000
90695,-9999.0000,-9999.0000,-9999.0000,-9999.0000,-9999.0000,-9999.0000,14.3373,-9999.0000,78.1907,-9999.0000,84.4727,-9999.0000,-9999.0000,-9999.0000,-9999.0000,0,1,1.0000
90696,-9999.0000,-9999.0000,-9999.0000,-9999.0000,-9999.0000,-9999.0000,14.3407,-9999.0000,78.1491,-9999.0000,84.4714,-9999.0000,-9999.0000,-9999.0000,-9999.0000,0,1,1.0000
90697,-9999.0000,-9999.0000,-9999.0000,-9999.0000,-9999.0000,-9999.0000,14.3461,-9999.0000,78.1213,-9999.0000,84.4653,-9999.0000,-9999.0000,-9999.0000,-9999.0000,0,0,1.0000
90698,-9999.0000,-9999.0000,-9999.0000,-9999.0000,-9999.0000,-9999.0000,14.3462,-9999.0000,78.1150,-9999.0000,84.4689,-9999.0000,-9999.0000,-9999.0000,-9999.0000,0,0,1.0000
90699,-9999.0000,-9999.0000,-9999.0000,-9999.0000,-9999.0000,-9999.0000,14.3493,-9999.0000,78.1152,-9999.0000,84.4681,-9999.0000,-9999.0000,-9999.0000,-9999.0000,0,0,1.0000
90700,-9999.0000,-9999.0000,-9999.0000,-9999.0000,-9999.0000,-9999.0000,14.3515,-9999.0000,78.1218,-9999.0000,84.4614,-9999.0000,-9999.0000,-9999.0000,-9999.0000,0,0,1.0000
90701,-9999.0000,-9999.0000,-9999.0000,-9999.0000,-9999.0000,-9999.0000,14.3489,-9999.0000,78.1323,-9999.0000,84.4527,-9999.0000,-9999.0000,-9999.0000,-9999.0000,0,0,1.0000
90702,-9999.0000,-9999.0000,-9999.0000,-9999.0000,-9999.0000,-9999.0000,14.3568,-9999.0000,78.1628,-9999.0000,84.4302,-9999.0000,-9999.0000,-9999.0000,-6.2107,0,0,1.0000
90703,-9999.0000,-9999.0000,-9999.0000,-9999.0000,-9999.0000,-9999.0000,14.3537,-9999.0000,78.2178,-9999.0000,84.3970,-9999.0000,-9999.0000,-9999.0000,1.4999,0,0,1.0000
90704,-9999.0000,-9999.0000,-9999.0000,-9999.0000,-9999.0000,-9999.0000,14.3521,-9999.0000,78.3039,-9999.0000,84.3632,-9999.0000,-9999.0000,-9999.0000,1.6910,0,0,1.0000
90705,-9999.0000,-9999.0000,-9999.0000,-9999.0000,-9999.0000,-9999.0000,14.3523,-9999.0000,78.4032,-9999.0000,84.3476,-9999.0000,-9999.0000,-9999.0000,3.9818,0,0,1.0000
90706,-9999.0000,-9999.0000,-9999.0000,-9999.0000,-9999.0000,-9999.0000,14.3505,-9999.0000,78.4863,-9999.0000,84.3273,-9999.0000,-9999.0000,-9999.0000,3.0459,0,0,1.0000
90707,-9999.0000,-9999.0000,-9999.0000,-9999.0000,-9999.0000,-9999.0000,14.3429,-9999.0000,78.5630,-9999.0000,84.3003,-9999.0000,-9999.0000,-9999.0000,-1.7799,0,0,1.0000
90708,-9999.0000,-9999.0000,-9999.0000,-9999.0000,-9999.0000,-9999.0000,14.3360,-9999.0000,78.6331,-9999.0000,84.2737,-9999.0000,-9999.0000,-9999.0000,7.0503,0,0,1.0000
90709,-9999.0000,-9999.0000,-9999.0000,-9999.0000,-9999.0000,-9999.0000,14.3428,-9999.0000,78.7253,-9999.0000,84.2552,-9999.0000,-9999.0000,-9999.0000,2.6085,0,0,1.0000
90710,3.5973,6.6554,12.5464,-9999.0000,-9999.0000,-9999.0000,14.3555,7.5772,78.8336,-9999.0000,84.2399,-9999.0000,-9999.0000,-9999.0000,-5.4945,0,0,1.0000
90711,2.2716,5.2824,12.9153,-0.3932,-9999.0000,-9999.0000,14.3532,6.4796,78.9436,7.4544,84.2309,-9999.0000,-9999.0000,-9999.0000,4.1344,0,0,1.0000
90712,2.4368,5.8296,12.3288,1.2267,-2.7760,0.8035,14.3540,6.9671,79.0813,9.0947,84.2321,-9999.0000,-9999.0000,-9999.0000,-0.2398,0,0,1.0000
90713,3.1659,6.3849,11.5054,-1.6841,-0.7190,0.1746,14.3501,7.6964,79.2401,7.6080,84.2304,-9999.0000,-9999.0000,-9999.0000,-2.2539,0,0,1.0000
90714,3.7192,6.9405,10.6854,-1.1876,-1.9979,0.3433,14.3537,10.1243,79.3942,8.1336,84.2343,-9999.0000,-9999.0000,-9999.0000,-1.3643,0,0,1.0000
90715,4.5110,9.2776,12.0560,-1.1963,0.5509,0.9814,14.3523,9.9832,79.5320,7.4473,84.2401,-9999.0000,-9999.0000,-9999.0000,-2.3398,0,0,1.0000
90716,5.3092,6.5541,10.3963,1.5291,-1.4097,0.2578,14.3573,7.8496,79.6600,12.8692,84.2595,-9999.0000,-9999.0000,-9999.0000,-4.8890,0,0,1.0000
90717,2.8921,4.8601,10.5110,-2.0559,0.8864,0.9457,14.3582,6.9046,79.7792,8.9789,84.2733,-9999.0000,-9999.0000,-9999.0000,-2.9340,0,0,1.0000
90718,-9999.0000,-9999.0000,-9999.0000,-9999.0000,-9999.0000,-9999.0000,14.3478,-9999.0000,79.9014,-9999.0000,84.2893,-9999.0000,-9999.0000,-9999.0000,-9999.0000,0,0,1.0000
90719,-9999.0000,-9999.0000,-9999.0000,-9999.0000,-9999.0000,-9999.0000,14.3480,-9999.0000,80.0007,-9999.0000,84.3068,-9999.0000,-9999.0000,-9999.0000,-9999.0000,0,0,1.0000
90720,-9999.0000,-9999.0000,-9999.0000,-9999.0000,-9999.0000,-9999.0000,14.3459,-9999.0000,80.1372,-9999.0000,84.3425,-9999.0000,-9999.0000,-9999.0000,-9999.0000,0,0,1.0000
90721,-9999.0000,-9999.0000,-9999.0000,-9999.0000,-9999.0000,-9999.0000,14.3516,-9999.0000,80.2464,-9999.0000,84.3707,-9999.0000,-9999.0000,-9999.0000,-9999.0000,0,0,1.0000
90722,-9999.0000,-9999.0000,-9999.0000,-9999.0000,-9999.0000,-9999.0000,14.3437,-9999.0000,80.3672,-9999.0000,84.3869,-9999.0000,-9999.0000,-9999.0000,-9999.0000,0,0,1.0000
90723,-9999.0000,-9999.0000,-9999.0000,-9999.0000,-9999.0000,-9999.0000,14.3434,-9999.0000,80.4569,-9999.0000,84.4077,-9999.0000,-9999.0000,-9999.0000,-9999.0000,0,0,1.0000
90724,-9999.0000,-9999.0000,-9999.0000,-9999.0000,-9999.0000,-9999.0000,14.3463,-9999.0000,80.5594,-9999.0000,84.4293,-9999.0000,-9999.0000,-9999.0000,-9999.0000,0,0,1.0000
90725,-9999.0000,-9999.0000,-9999.0000,-9999.0000,-9999.0000,-9999.0000,14.3409,-9999.0000,80.6492,-9999.0000,84.4434,-9999.0000,-9999.0000,-9999.0000,-9999.0000,0,0,1.0000
90726,-9999.0000,-9999.0000,-9999.0000,-9999.0000,-9999.0000,-9999.0000,14.3413,-9999.0000,80.7388,-9999.0000,84.4613,-9999.0000,-9999.0000,-9999.0000,-9999.0000,0,0,1.0000
90727,-9999.0000,-9999.0000,-9999.0000,-9999.0000,-9999.0000,-9999.0000,14.3438,-9999.0000,80.8302,-9999.0000,84.4655,-9999.0000,-9999.0000,-9999.0000,-9999.0000,0,0,1.0000
90728,-9999.0000,-9999.0000,-9999.0000,-9999.0000,-9999.0000,-9999.0000,14.3465,-9999.0000,80.9197,-9999.0000,84.4688,-9999.0000,-9999.0000,-9999.0000,-9999.0000,0,0,1.0000
90729,-9999.0000,-9999.0000,-9999.0000,-9999.0000,-9999.0000,-9999.0000,14.3505,-9999.0000,81.0060,-9999.0000,84.4676,-9999.0000,-9999.0000,-9999.0000,-9999.0000,0,0,1.0000
90730,4.3651,12.4721,16.0568,8.3369,0.9850,1.3848,14.3615,10.4002,81.0724,11.3052,84.4694,-9999.0000,-9999.0000,-9999.0000,0.7499,0,0,1.0000
90731,3.2998,7.5421,17.4281,1.9381,-0.4093,0.4745,14.3702,10.1165,81.1193,12.1079,84.4699,-9999.0000,-9999.0000,-9999.0000,-0.0839,0,0,1.0000
90732,3.1714,7.1375,14.7068,-0.7415,-0.5925,1.2533,14.3692,7.3820,81.1585,15.1530,84.4719,-9999.0000,-9999.0000,-9999.0000,4.5014,0,0,1.0000
90733,2.8039,6.4878,13.5325,6.6813,-2.7828,0.0887,14.3726,7.5529,81.1950,13.6376,84.4729,-9999.0000,-9999.0000,-9999.0000,1.4906,0,0,1.0000
90734,4.0553,8.1251,13.9669,-1.3219,0.1120,0.8625,14.3747,6.4843,81.2193,10.7857,84.4712,-9999.0000,-9999.0000,-9999.0000,5.8981,0,0,1.0000
90735,4.5612,8.7581,12.8552,5.8413,4.7854,0.7283,14.3771,7.8881,81.2298,8.6082,84.4545,-9999.0000,-9999.0000,-9999.0000,0.4512,0,0,1.0000
90736,5.1213,7.1633,13.2437,2.2013,0.6836,0.1529,14.3861,10.7312,81.2337,9.6134,84.4418,-9999.0000,-9999.0000,-9999.0000,-0.8127,0,0,1.0000
90737,3.6383,6.8114,11.7271,-9999.0000,2.5978,2.9297,14.3922,9.6478,81.2398,8.9277,84.4401,-9999.0000,-9999.0000,-9999.0000,-2.0616,0,0,1.0000
90738,5.1962,6.3122,12.9355,-9999.0000,-0.3129,0.8598,14.3834,11.6925,81.2396,9.4785,84.4433,-9999.0000,-9999.0000,-9999.0000,4.9807,0,0,1.0000
90739,5.1534,8.1221,12.0226,-9999.0000,-0.3162,0.0067,14.3796,12.7540,81.2065,12.4709,84.4427,-9999.0000,-9999.0000,-9999.0000,-1.2840,0,0,1.0000
90740,3.8318,5.8277,11.6826,-1.6847,3.8798,0.8534,14.3712,6.7956,81.1592,9.1993,84.4388,-9999.0000,1.7465,-9999.0000,-3.7232,0,0,1.0000
90741,3.0904,6.2200,12.9225,7.1560,6.0304,0.5580,14.3829,8.6505,81.1034,6.1387,84.4444,-9999.0000,1.9338,-9999.0000,-1.0137,0,0,1.0000
90742,4.1607,6.7511,13.5312,1.1690,-1.3997,0.2426,14.3759,7.7126,81.0251,6.7656,84.4612,3.0251,2.3937,-9999.0000,4.9175,0,0,1.0000
90743,3.2804,7.1596,18.5483,-1.9506,-0.3652,-0.0308,14.3699,5.6892,80.9279,10.4147,84.4888,1.7278,2.5380,-9999.0000,-1.3795,0,0,1.0000
90744,2.5854,8.9559,13.0656,2.6987,2.9256,0.9963,14.3650,5.8870,80.8158,9.3729,84.5296,1.4616,3.9072,-9999.0000,-0.4160,0,0,1.0000
90745,3.4558,7.6662,13.6389,-2.1549,3.3739,1.2973,14.3608,6.4900,80.6989,9.5479,84.5741,1.7017,3.4272,-9999.0000,4.0027,0,0,1.0000
90746,4.3385,9.0616,13.5089,0.7784,-3.0353,0.4727,14.3629,5.4079,80.5892,12.1685,84.6077,1.3344,3.4020,-9999.0000,1.5246,0,0,1.0000
90747,4.1980,10.0520,13.4805,-3.0482,3.9285,0.9219,14.3619,6.3999,80.4809,11.9139,84.6458,1.8774,3.1581,-9999.0000,-8.0350,0,0,1.0000
90748,2.6451,6.8118,13.3245,-0.2735,0.4816,-0.3075,14.3650,6.8447,80.3496,10.7461,84.6985,1.6151,4.8781,-9999.0000,-2.1592,0,0,1.0000
90749,5.0520,6.4321,14.4987,-1.8681,-0.8055,1.3073,14.3666,10.0001,80.2134,10.3594,84.7504,2.4475,5.3994,-9999.0000,1.5246,0,0,1.0000
90750,4.6152,7.5186,14.9647,1.4809,-2.9326,1.0156,14.3704,8.8756,80.0882,10.9793,84.7995,6.2743,3.2707,-9999.0000,1.3132,0,0,1.0000
90751,3.9524,6.3237,14.0327,3.8294,-1.8707,0.4925,14.3686,7.1994,79.9721,7.5899,84.8488,5.2641,4.2442,-9999.0000,-3.2805,0,0,1.0000
90752,5.1846,8.3128,13.9371,-4.7234,3.1650,0.5505,14.3706,10.2882,79.8667,9.1869,84.9001,1.6420,4.6955,-9999.0000,-5.0240,0,0,1.0000
90753,4.7508,7.4422,14.6343,-9999.0000,-1.0011,-0.1064,14.3736,7.9284,79.7768,10.4216,84.9610,0.9214,2.7396,-9999.0000,-1.8001,0,0,1.0000
90754,5.2075,7.1021,13.8851,-9999.0000,-9999.0000,-0.1820,14.3725,7.9527,79.6947,9.8600,85.0393,1.1287,2.4539,-9999.0000,-1.3300,0,0,1.0000
90755,4.0388,6.0514,13.0116,-9999.0000,-9999.0000,-0.1325,14.3722,10.5254,79.6395,10.4206,85.1113,0.8710,4.0974,-9999.0000,0.8669,0,0,1.0000
90756,4.5964,6.5292,12.4564,-9999.0000,-9999.0000,1.0956,14.3702,6.7892,79.5847,7.9417,85.1646,0.2752,4.6864,-9999.0000,0.4257,0,0,1.0000
90757,5.8113,8.6592,13.9798,-9999.0000,-9999.0000,0.6559,14.3641,6.3328,79.5362,10.1643,85.2113,0.2353,2.4362,-9999.0000,-1.5536,0,0,1.0000
90758,4.4496,7.5689,13.7724,-9999.0000,-9999.0000,1.1721,14.3646,9.0142,79.5002,11.7633,85.2568,0.2933,2.5060,-9999.0000,-0.1475,0,0,1.0000
90759,3.8804,6.5031,14.4560,-9999.0000,-9999.0000,0.1092,14.3640,6.2212,79.4751,9.1752,85.3058,1.0488,2.6841,-9999.0000,-1.7171,0,0,1.0000
90760,4.3528,6.3301,12.0239,-9999.0000,-9999.0000,0.0835,14.3705,6.5495,79.4683,7.5907,85.3708,0.3382,1.9989,-9999.0000,-0.8146,0,0,1.0000
90761,2.5850,5.1450,12.1664,-9999.0000,-9999.0000,0.1001,14.3760,8.4145,79.4609,9.0833,85.4255,0.4693,3.5813,-9999.0000,-2.2230,0,0,1.0000
90762,3.5557,7.1405,12.8485,-9999.0000,-9999.0000,1.4875,14.3777,10.1503,79.4688,9.1470,85.4934,0.3699,4.9284,-9999.0000,3.1506,0,0,1.0000
90763,3.7541,7.8721,14.1259,-9999.0000,-9999.0000,0.8201,14.3700,8.4739,79.4726,10.5844,85.5363,1.6578,4.6816,-9999.0000,1.4185,0,0,1.0000
90764,5.7289,11.8968,20.5828,-9999.0000,-9999.0000,0.7855,14.3719,8.4313,79.4961,17.4977,85.5835,3.4790,5.2412,-9999.0000,-0.3630,0,0,1.0000
90765,7.8627,14.6414,21.4880,-9999.0000,-9999.0000,1.5779,14.3782,11.8164,79.5452,14.6089,85.6337,4.2447,5.2719,-9999.0000,0.6040,0,0,1.0000
90766,9.3708,17.4329,31.2735,-9999.0000,-9999.0000,1.1724,14.3775,17.1997,79.6184,12.5190,85.6966,3.0145,6.8449,-9999.0000,2.1018,0,0,1.0000
90767,12.6601,20.1218,34.3888,-9999.0000,-9999.0000,1.5091,14.3720,17.4773,79.7043,21.0155,85.7624,3.3403,8.0284,-9999.0000,0.2450,0,0,1.0000
90768,13.0648,25.7239,46.7139,-9999.0000,-9999.0000,2.3306,14.3710,17.6602,79.8056,23.3279,85.8475,3.8377,7.9678,-9999.0000,2.2054,0,0,1.0000
90769,19.0186,32.1825,53.6141,-9999.0000,-9999.0000,1.9067,14.3724,23.0158,79.8913,26.0677,85.9076,3.2836,11.0414,-9999.0000,-0.2851,0,0,1.0000
90770,18.6032,26.9646,52.0140,-9999.0000,-9999.0000,1.6850,14.3727,22.9445,79.9864,24.3170,85.9636,4.0577,13.4754,-9999.0000,-2.1873,0,0,1.0000
90771,18.4440,27.2805,53.9026,-9999.0000,-9999.0000,2.7123,14.3753,24.6958,80.0757,20.6911,86.0234,5.2282,16.8915,-9999.0000,-1.1775,0,0,1.0000
90772,25.9995,44.3714,77.9982,-9999.0000,-9999.0000,4.1362,14.3761,33.9276,80.1961,29.6822,86.0866,8.6822,19.9266,-9999.0000,3.8051,0,0,1.0000
90773,30.1554,56.9853,90.1222,-9999.0000,-9999.0000,4.5810,14.3783,35.2441,80.3207,38.5273,86.1408,11.5129,28.5321,-9999.0000,1.1772,0,0,1.0000
90774,35.1556,55.4077,101.9297,-9999.0000,-9999.0000,5.4125,14.3866,40.9095,80.4556,38.3629,86.1987,13.6873,37.1014,-9999.0000,9.7524,0,0,1.0000
90775,39.6593,65.9453,117.1516,-9999.0000,-9999.0000,5.3578,14.3833,43.1997,80.5636,49.9158,86.2663,16.1448,37.8337,-9999.0000,12.8946,0,0,1.0000
90776,-9999.0000,-9999.0000,-9999.0000,-9999.0000,-9999.0000,-9999.0000,14.3896,-9999.0000,80.6889,-9999.0000,86.3178,-9999.0000,-9999.0000,-9999.0000,-9999.0000,0,0,1.0000
90777,-9999.0000,-9999.0000,-9999.0000,-9999.0000,-9999.0000,-9999.0000,14.4092,-9999.0000,80.8156,-9999.0000,86.3665,-9999.0000,-9999.0000,-9999.0000,-9999.0000,0,0,1.0000
90778,-9999.0000,-9999.0000,-9999.0000,-9999.0000,-9999.0000,-9999.0000,14.4079,-9999.0000,80.9515,-9999.0000,86.4077,-9999.0000,-9999.0000,-9999.0000,-9999.0000,0,0,1.0000
90779,-9999.0000,-9999.0000,-9999.0000,-9999.0000,-9999.0000,-9999.0000,14.4104,-9999.0000,81.0704,-9999.0000,86.4541,-9999.0000,-9999.0000,-9999.0000,-9999.0000,0,0,1.0000
90780,-9999.0000,-9999.0000,-9999.0000,-9999.0000,-9999.0000,-9999.0000,14.4090,-9999.0000,81.1985,-9999.0000,86.4915,-9999.0000,-9999.0000,-9999.0000,-9999.0000,0,0,1.0000
90781,-9999.0000,-9999.0000,-9999.0000,-9999.0000,-9999.0000,-9999.0000,14.4137,-9999.0000,81.3283,-9999.0000,86.5292,-9999.0000,-9999.0000,-9999.0000,-9999.0000,0,0,1.0000
90782,-9999.0000,-9999.0000,-9999.0000,-9999.0000,-9999.0000,-9999.0000,14.4069,-9999.0000,81.4597,-9999.0000,86.5602,-9999.0000,-9999.0000,-9999.0000,-9999.0000,0,0,1.0000
90783,-9999.0000,-9999.0000,-9999.0000,-9999.0000,-9999.0000,-9999.0000,14.4006,-9999.0000,81.5722,-9999.0000,86.5793,-9999.0000,-9999.0000,-9999.0000,-9999.0000,0,0,1.0000
