Data/Raw/WAGNER,NICK/firexaq-AOP-optical_DC8_20190812_R1.ict
51, 1001
Wagner, Nicholas L.
NOAA Earth System Research Laboratory
NOAA AOP instrument
FIREX-AQ
1, 1
2019, 08, 12, 2020, 04, 27
1
Time_start, seconds_past_midnight, seconds from midnight
18
1, 1, 1, 1, 1, 1, 1, 1, 1, 1, 1, 1, 1, 1, 1, 1, 1, 1
-9999, -9999, -9999, -9999, -9999, -9999, -9999, -9999, -9999, -9999, -9999, -9999, -9999, -9999, -9999, -9999, -9999, -9999
ext_dry_664, Mm-1, AerOpt_Extinction_InSitu_RHd_red_Total_PM2.5_STP
ext_dry_532, Mm-1, AerOpt_Extinction_InSitu_RHd_green_Total_PM2.5_STP
ext_dry_405, Mm-1, AerOpt_Extinction_InSitu_RHd_blue_Total_PM2.5_STP
abs_dry_664, Mm-1, AerOpt_Absorption_InSitu_RHd_red_Total_PM2.5_STP
abs_dry_532, Mm-1, AerOpt_Absorption_InSitu_RHd_green_Total_PM2.5_STP
abs_dry_405, Mm-1, AerOpt_Absorption_InSitu_RHd_blue_Total_PM2.5_STP
AOP_RH_dry, pct, Relative_humidity_of_dry_RH_channels
ext_medRH_664, Mm-1, AerOpt_Extinction_InSitu_RH80_red_Total_PM2.5_STP
AOP_RH_med, pct, Relative_humidity_of_medium_RH_channel
ext_highRH_664, Mm-1, AerOpt_Extinction_InSitu_RH85_red_Total_PM2.5_STP
AOP_RH_high, pct, Relative_humidity_of_high_RH_channel
ext_TD_664, Mm-1, AerOpt_ExtinctionTD_InSitu_RHd_blue_Total_PM2.5_STP
ext_TD_405, Mm-1, AerOpt_ExtinctionTD_InSitu_RHd_red_Total_PM2.5_STP
abs_TD_664, Mm-1, AerOpt_Absorption_InSitu_RHd_red_Total_PM2.5_STP
abs_TD_405, Mm-1, AerOpt_Absorption_InSitu_RHd_blue_Total_PM2.5_STP
AOP_TD_bypass_flag, pct, Flag_for_TD_Bypass_valve
AOP_filter_flag, pct, Flag_for_Filter_Valve
AOP_Dilution_ratio, pct, Applied_Dilution_Ratio_for_ext_channels
1
N/A
18
PI_CONTACT_INFO: Address: NOAA ESRL Chemical Sciences Division, R/CSD2, 325 Broadway, Boulder, CO 80305. Email: nick.wagner@noaa.gov.
PLATFORM: NASA DC8
LOCATION: See the DC8 MetNav file, Based in Boise (BOI) and Salina, KS
ASSOCIATED_DATA: N/A
[...]
DATA_INFO: Mm-1:
UNCERTAINTY: The precision of the extinction measurements varies with aerosol loading and is +/-20% at 10 Mm-1 and +/-5% at 100 Mm-1. The accuracy of the dry measurement is +/-2% and depends on RH for the humidified measurements, +/-5% at 85% RH and +/-15% at 90% RH. For more details, see Langridge et al., Aerosol Science and Technology 45:1305-1318, 2011. Analysis of comparable measurements suggest incomplete mixing in the dilution system. Effective dilution for individual instruments can vary by +/- 30% compared to the reported flow-based dilution estimate. The absorption measurements have a high signal accuracy of 20%. The low signal precision varies with altitude and flight to flight, and is typically less than 10 Mm-1 for 1 second measurements.
ULOD_FLAG: -7777
ULOD_VALUE: N/A
LLOD_FLAG: -8888
LLOD_VALUE: N/A
DM_CONTACT_INFO: Gao Chen
PROJECT_INFO: FIREX-AQ
STIPULATIONS_ON_USE: NASA Data Policy. Contact with PI is encouraged.
OTHER_COMMENTS: N/A
REVISION: R1
R1: Absorption measurements have been corrected for pressure dependent microphone sensitivity. In-cloud data has been removed. R0: Final Data. 
Time_start, ext_dry_664, ext_dry_532, ext_dry_405, abs_dry_664, abs_dry_532, abs_dry_405, AOP_RH_dry, ext_medRH_664, AOP_RH_med, ext_highRH_664, AOP_RH_high, ext_TD_664, ext_TD_405, abs_TD_664, abs_TD_405, AOP_TD_bypass_flag, AOP_filter_flag, AOP_Dilution_ratio
[from data line 3095]
79007,0.2063,1.6928,3.2004,-1.0737,-3.2725,0.2066,10.4607,1.8791,81.4025,3.8264,86.7206,-9999.0000,-9999.0000,-9999.0000,-9999.0000,0,0,1.0000
79008,0.7554,1.0923,3.2118,2.2796,-1.5660,-0.0783,10.4471,1.1447,81.4127,2.7890,86.7267,-9999.0000,-9999.0000,-9999.0000,-9999.0000,0,0,1.0000
79009,0.7295,1.7571,2.8317,-0.8405,-1.5793,-0.0458,10.4360,1.7662,81.4229,3.1902,86.7405,-9999.0000,-9999.0000,-9999.0000,-9999.0000,0,0,1.0000
79010,0.6018,1.8306,1.5587,-2.0662,-2.6614,0.3499,10.3923,2.0429,81.4314,2.4803,86.7477,-9999.0000,-9999.0000,-9999.0000,-9999.0000,0,0,1.0000
79011,0.6464,1.4571,2.6752,-0.3207,-0.5412,0.1624,10.3826,1.9000,81.4324,4.2981,86.7544,-9999.0000,-9999.0000,-9999.0000,-9999.0000,0,0,1.0000
79012,1.1051,2.6232,2.5406,1.3341,-2.9235,1.2794,10.3759,2.5713,81.4218,4.3412,86.7603,-9999.0000,-9999.0000,-9999.0000,-9999.0000,0,0,1.0000
79013,1.3048,1.4614,3.1423,0.7840,-1.5761,-0.1542,10.3716,2.9198,81.4148,1.7970,86.7779,-9999.0000,-9999.0000,-9999.0000,-9999.0000,0,0,1.0000
79014,0.3993,1.3849,2.0779,-2.0466,-1.0094,0.6948,10.3644,1.3271,81.3814,2.8824,86.7976,-9999.0000,-9999.0000,-9999.0000,-9999.0000,0,0,1.0000
79015,1.9620,1.2194,2.0403,3.5324,-1.1264,-0.0689,10.3634,0.9089,81.3294,3.9234,86.8211,-9999.0000,-9999.0000,-9999.0000,-9999.0000,0,0,1.0000
79016,1.2821,1.8949,1.9807,1.3435,-2.6166,-0.3363,10.3647,0.6981,81.2609,5.2002,86.8463,-9999.0000,-9999.0000,-9999.0000,-9999.0000,0,0,1.0000
79017,1.5650,1.0080,3.1134,1.6525,0.1773,-0.3312,10.3673,1.4239,81.1773,2.8137,86.8604,-9999.0000,-9999.0000,-9999.0000,-9999.0000,0,0,1.0000
79018,0.7785,1.9313,1.6844,-0.8904,-2.5452,0.5409,10.3540,1.3202,81.0905,1.9932,86.8582,-9999.0000,-9999.0000,-9999.0000,-9999.0000,0,0,1.0000
79019,0.4041,0.8528,2.7266,-0.0581,-2.5224,-0.5536,10.3420,0.9705,81.0073,0.9992,86.8601,-9999.0000,-9999.0000,-9999.0000,-9999.0000,0,0,1.0000
79020,0.2473,2.2936,1.5731,-1.8024,-0.5697,0.5157,10.3422,1.7652,80.9134,0.8455,86.8543,-9999.0000,-9999.0000,-9999.0000,-9999.0000,0,0,1.0000
79021,0.6649,1.3535,1.5554,2.4966,-2.2081,-0.5210,10.3403,0.7510,80.8050,1.2903,86.8539,-9999.0000,-9999.0000,-9999.0000,-9999.0000,0,0,1.0000
79022,0.4323,0.8548,2.6429,-3.3685,-4.5349,-0.2846,10.3415,0.9636,80.6959,1.2823,86.8521,-9999.0000,-9999.0000,-9999.0000,-9999.0000,0,0,1.0000
79023,0.3631,1.4905,1.7564,3.9803,1.3206,0.8385,10.3410,0.9851,80.5841,1.1406,86.8611,-9999.0000,-9999.0000,-9999.0000,-9999.0000,0,0,1.0000
79024,1.9270,1.3329,2.2444,-0.5722,-5.3341,-0.1641,10.3343,1.0612,80.4655,1.1276,86.8558,-9999.0000,-9999.0000,-9999.0000,-9999.0000,0,0,1.0000
79025,0.6054,0.8320,2.0600,6.7456,-1.6102,0.7177,10.3304,0.7628,80.3522,2.2072,86.8468,-9999.0000,-9999.0000,-9999.0000,-9999.0000,0,0,1.0000
79026,0.2143,1.2158,1.4251,1.3778,-4.4085,-0.4076,10.3275,0.3999,80.2507,5.3953,86.8320,-9999.0000,-9999.0000,-9999.0000,-9999.0000,0,0,1.0000
79027,0.7052,1.1868,1.6934,1.5629,-1.4747,-0.4294,10.3216,0.2162,80.1532,1.5672,86.8194,-9999.0000,-9999.0000,-9999.0000,-9999.0000,0,0,1.0000
79028,0.5122,1.5964,1.0489,1.0122,-0.4709,-0.1586,10.3139,1.0123,80.0607,1.0146,86.8121,-9999.0000,-9999.0000,-9999.0000,-9999.0000,0,0,1.0000
79029,0.6963,1.4133,2.1162,-0.4358,-0.9094,0.1654,10.3267,0.8409,79.9711,4.5578,86.8011,-9999.0000,-9999.0000,-9999.0000,-9999.0000,0,0,1.0000
79030,0.8616,0.8911,2.1859,5.5324,-1.3872,-0.3982,10.3348,1.5165,79.8831,3.6759,86.7895,-9999.0000,-9999.0000,-9999.0000,-9999.0000,0,0,1.0000
79031,0.9265,1.1566,1.8896,-3.2952,-2.3702,-0.1277,10.3383,0.7435,79.8044,1.5485,86.7796,-9999.0000,-9999.0000,-9999.0000,-9999.0000,0,0,1.0000
79032,0.7374,0.8259,2.3218,1.5298,-2.3552,-0.3303,10.3335,1.2037,79.7401,1.3098,86.7719,-9999.0000,-9999.0000,-9999.0000,-9999.0000,0,0,1.0000
79033,0.7588,1.0485,1.8432,0.7208,-3.3544,0.2518,10.3336,0.8989,79.6806,0.8154,86.7696,-9999.0000,-9999.0000,-9999.0000,-9999.0000,0,0,1.0000
79034,0.1361,0.7259,1.5487,-1.6272,-3.1932,-0.2853,10.3307,1.3514,79.6342,1.8432,86.7698,-9999.0000,-9999.0000,-9999.0000,-9999.0000,0,0,1.0000
79035,2.3191,1.4308,3.1518,-4.2245,-1.8265,-0.0179,10.2840,1.0115,79.6000,2.3089,86.7690,-9999.0000,-9999.0000,-9999.0000,-9999.0000,0,0,1.0000
79036,1.0872,0.8989,1.4775,1.7373,-2.9423,-0.2327,10.2765,2.1881,79.5690,1.8145,86.7744,-9999.0000,-9999.0000,-9999.0000,-9999.0000,0,0,1.0000
79037,0.7834,2.5469,1.8245,-1.5181,1.0637,-0.0355,10.2703,1.6215,79.5474,1.4779,86.7872,-9999.0000,-9999.0000,-9999.0000,-9999.0000,0,0,1.0000
79038,0.4388,1.9421,7.6395,1.1892,-0.7928,0.9568,10.2733,0.8553,79.5333,1.0544,86.7937,-9999.0000,-9999.0000,-9999.0000,-9999.0000,0,0,1.0000
79039,0.3405,1.8812,3.1013,-1.9100,-4.4279,-0.4664,10.2755,2.5239,79.5322,0.8020,86.8044,-9999.0000,-9999.0000,-9999.0000,-9999.0000,0,0,1.0000
79040,0.5619,1.3094,2.0300,-2.4598,-4.8647,-0.7067,10.2698,3.2176,79.5338,1.1386,86.8204,-9999.0000,-9999.0000,-9999.0000,-9999.0000,0,0,1.0000
79041,0.5821,0.9978,2.2408,5.4488,-3.8312,-0.1644,10.2678,2.0796,79.5407,1.7716,86.8419,-9999.0000,-9999.0000,-9999.0000,-9999.0000,0,0,1.0000
79042,1.1464,1.4670,2.4008,-1.0912,0.1792,0.0008,10.2651,2.6843,79.5636,2.3717,86.8758,-9999.0000,-9999.0000,-9999.0000,-9999.0000,0,0,1.0000
79043,1.4357,1.4541,2.9865,0.4053,-1.5413,0.0538,10.2647,2.9669,79.6100,1.9694,86.9177,-9999.0000,-9999.0000,-9999.0000,-9999.0000,0,0,1.0000
79044,0.6846,1.5501,2.6620,-0.2730,-1.0783,-0.0204,10.2655,2.0396,79.6757,4.1370,86.9472,-9999.0000,-9999.0000,-9999.0000,-9999.0000,0,0,1.0000
79045,0.8220,0.6370,1.8386,1.7303,-0.5004,0.4214,10.2602,5.2605,79.7572,3.8143,86.9686,-9999.0000,-9999.0000,-9999.0000,-9999.0000,0,0,1.0000
79046,0.7726,2.5092,2.1914,5.2428,0.6535,0.0038,10.2549,5.6807,79.8338,2.5499,86.9754,-9999.0000,-9999.0000,-9999.0000,-9999.0000,0,0,1.0000
79047,0.9463,1.4394,4.9389,0.4338,-0.3517,-0.1791,10.2465,1.3094,79.9256,2.0150,86.9860,-9999.0000,-9999.0000,-9999.0000,-9999.0000,0,0,1.0000
79048,3.2903,1.6510,1.7451,0.4231,-0.2822,-0.2619,10.2498,1.9194,80.0333,1.0286,86.9915,-9999.0000,-9999.0000,-9999.0000,-9999.0000,0,0,1.0000
79049,1.0821,1.7465,2.1702,-9999.0000,-0.2840,-0.2623,10.2469,2.2841,80.1390,2.5965,86.9989,-9999.0000,-9999.0000,-9999.0000,-9999.0000,0,0,1.0000
79050,1.4361,3.6529,1.4599,-9999.0000,-9999.0000,-9999.0000,10.2379,1.6908,80.2438,3.2763,87.0018,-9999.0000,-9999.0000,-9999.0000,-9999.0000,0,0,1.0000
79051,0.5243,1.8356,2.2080,-9999.0000,-9999.0000,-9999.0000,10.2333,1.6294,80.3588,3.1816,87.0034,-9999.0000,-9999.0000,-9999.0000,-9999.0000,0,0,1.0000
79052,1.0658,0.8885,2.5939,-9999.0000,-9999.0000,-9999.0000,10.2342,3.0185,80.4866,2.7058,87.0050,-9999.0000,-9999.0000,-9999.0000,-9999.0000,0,0,1.0000
79053,0.9953,1.9199,1.8968,-9999.0000,-9999.0000,-9999.0000,10.2290,3.7361,80.6000,2.0751,87.0019,-9999.0000,-9999.0000,-9999.0000,-9999.0000,0,0,1.0000
79054,0.9061,2.6708,2.6037,-9999.0000,-9999.0000,-9999.0000,10.2269,3.4874,80.7261,1.3335,86.9967,-9999.0000,-9999.0000,-9999.0000,-9999.0000,0,0,1.0000
79055,0.3686,1.1842,1.9428,-9999.0000,-9999.0000,-9999.0000,10.2276,2.6216,80.8478,5.1813,86.9771,-9999.0000,-9999.0000,-9999.0000,-9999.0000,0,0,1.0000
79056,0.5566,1.9684,2.3649,-9999.0000,-9999.0000,-9999.0000,10.2267,1.9109,80.9884,3.7618,86.9555,-9999.0000,-9999.0000,-9999.0000,-9999.0000,0,0,1.0000
79057,0.7691,1.6971,1.5569,-9999.0000,-9999.0000,-9999.0000,10.2258,2.2928,81.1019,1.5031,86.9432,-9999.0000,-9999.0000,-9999.0000,-9999.0000,0,0,1.0000
79058,2.6281,1.1757,5.3042,-9999.0000,-9999.0000,-9999.0000,10.2207,1.3918,81.2141,1.7165,86.9204,-9999.0000,-9999.0000,-9999.0000,-9999.0000,0,0,1.0000
79059,0.3007,1.3781,2.1624,-9999.0000,-9999.0000,-9999.0000,10.2233,1.8958,81.3142,10.2640,86.9051,-9999.0000,-9999.0000,-9999.0000,-9999.0000,0,0,1.0000
79060,1.9547,1.2431,2.2496,-9999.0000,-9999.0000,-9999.0000,10.2248,2.1964,81.4244,6.4532,86.8838,-9999.0000,-9999.0000,-9999.0000,-9999.0000,0,0,1.0000
79061,0.9516,1.0408,2.3532,-9999.0000,-9999.0000,-9999.0000,10.2253,2.3625,81.5310,2.5735,86.8668,-9999.0000,-9999.0000,-9999.0000,-9999.0000,0,0,1.0000
79062,0.8808,1.9222,2.5666,0.8711,-9999.0000,-9999.0000,10.1890,3.6929,81.6311,1.3739,86.8531,-9999.0000,-9999.0000,-9999.0000,-9999.0000,0,0,1.0000
79063,0.6965,2.4316,2.3480,-3.8691,-2.6111,0.7395,10.1754,1.7640,81.7165,2.0422,86.8511,-9999.0000,-9999.0000,-9999.0000,-9999.0000,0,0,1.0000
79064,0.4139,1.4008,2.4101,1.8888,-2.7507,-0.5653,10.1713,2.9776,81.7961,3.2705,86.8462,-9999.0000,-9999.0000,-9999.0000,-9999.0000,0,0,1.0000
79065,0.6640,1.8844,2.4518,-6.5873,-3.6344,0.4703,10.1702,1.9300,81.8699,2.6213,86.8469,-9999.0000,-9999.0000,-9999.0000,-9999.0000,0,0,1.0000
79066,0.3883,2.8493,2.3290,-1.8943,-1.2883,0.2982,10.1680,3.0993,81.9352,3.8740,86.8496,-9999.0000,-9999.0000,-9999.0000,-9999.0000,0,0,1.0000
79067,1.1173,1.6243,2.5568,1.2239,0.2896,0.5108,10.1760,2.6333,81.9938,2.5065,86.8533,-9999.0000,-9999.0000,-9999.0000,-9999.0000,0,0,1.0000
79068,2.0415,2.5883,2.3437,-0.6291,-0.3993,0.3959,10.1779,2.9458,82.0533,1.8911,86.8561,-9999.0000,-9999.0000,-9999.0000,-9999.0000,0,0,1.0000
79069,1.3643,3.0188,2.6518,2.0685,-3.1869,-0.1122,10.1791,1.8833,82.1065,2.3684,86.8640,-9999.0000,-9999.0000,-9999.0000,-9999.0000,0,0,1.0000
79070,2.6630,2.0502,2.4786,-1.6031,-0.3453,-0.0340,10.1768,7.8404,82.1448,1.7934,86.8704,-9999.0000,-9999.0000,-9999.0000,-9999.0000,0,0,1.0000
79071,1.1658,2.6379,3.3519,-1.1401,-2.0751,0.7113,10.1770,1.1150,82.1674,4.2208,86.8787,-9999.0000,-9999.0000,-9999.0000,-9999.0000,0,0,1.0000
79072,1.4555,2.1762,1.9026,2.5829,0.1919,0.3630,10.1733,1.9233,82.1835,1.9062,86.8939,-9999.0000,-9999.0000,-9999.0000,-9999.0000,0,0,1.0000
79073,0.5659,1.3758,2.5170,3.6316,-4.4038,-0.1002,10.1652,5.6006,82.1855,2.8924,86.9070,-9999.0000,-9999.0000,-9999.0000,-9999.0000,0,0,1.0000
79074,0.7916,1.8005,2.9832,0.3538,-1.6446,-0.6901,10.1624,3.1064,82.1887,2.4035,86.9214,-9999.0000,-9999.0000,-9999.0000,-9999.0000,0,0,1.0000
79075,1.2145,1.8072,1.4667,1.7076,-0.4586,-0.2430,10.1544,3.2108,82.1884,2.2195,86.9315,-9999.0000,-9999.0000,-9999.0000,-9999.0000,0,0,1.0000
79076,1.0713,1.3502,2.1354,2.3963,-0.2205,1.0307,10.1440,2.1753,82.1778,1.6628,86.9368,-9999.0000,-9999.0000,-9999.0000,-9999.0000,0,0,1.0000
79077,0.5091,1.0521,1.8202,-0.0426,-0.8237,-0.0762,10.1423,3.7434,82.1411,2.3881,86.9371,-9999.0000,-9999.0000,-9999.0000,-9999.0000,0,0,1.0000
79078,1.5285,1.8323,2.9237,3.0834,1.0485,-0.3916,10.1386,1.1342,82.0760,3.5568,86.9378,-9999.0000,-9999.0000,-9999.0000,-9999.0000,0,0,1.0000
79079,0.7082,3.4341,1.8653,-1.9645,-5.0013,-0.7996,10.1364,1.1962,81.9988,2.8956,86.9378,-9999.0000,-9999.0000,-9999.0000,-9999.0000,0,0,1.0000
79080,1.8601,2.2649,1.8462,1.7998,0.9709,-0.3912,10.1345,1.0007,81.9127,3.7224,86.9367,-9999.0000,-9999.0000,-9999.0000,-9999.0000,0,0,1.0000
79081,0.9498,1.5208,3.0238,3.4213,-0.0375,0.2747,10.1363,0.8063,81.8210,2.3778,86.9337,-9999.0000,-9999.0000,-9999.0000,-9999.0000,0,0,1.0000
79082,2.1117,1.2575,2.4275,1.8244,2.3060,-0.3742,10.1409,0.4699,81.7028,3.1565,86.9208,-9999.0000,-9999.0000,-9999.0000,-9999.0000,0,0,1.0000
79083,1.6224,1.7006,2.6692,1.9711,2.2014,-0.5745,10.1426,1.6254,81.5737,2.8499,86.9040,-9999.0000,-9999.0000,-9999.0000,-9999.0000,0,0,1.0000
79084,0.8432,2.8814,3.0895,6.2228,-0.2484,-0.1230,10.1423,3.0112,81.4237,1.2273,86.8832,-9999.0000,-9999.0000,-9999.0000,-9999.0000,0,0,1.0000
79085,1.8296,3.0301,2.6627,6.5394,-3.0544,0.0533,10.1416,2.2222,81.2509,1.7142,86.8563,-9999.0000,-9999.0000,-9999.0000,-9999.0000,0,0,1.0000
79086,1.3127,1.5084,2.7344,0.7088,3.2155,-0.0133,10.1435,2.5682,81.0841,3.3482,86.8282,-9999.0000,-9999.0000,-9999.0000,-9999.0000,0,0,1.0000
79087,1.4567,1.2814,1.7015,2.6656,3.4759,0.0669,10.1298,4.8823,80.9151,6.2990,86.8074,-9999.0000,-9999.0000,-9999.0000,-9999.0000,0,0,1.0000
79088,0.8703,1.8844,2.5266,-3.9446,-1.7032,0.1842,10.1143,7.6120,80.7508,2.8340,86.7900,-9999.0000,-9999.0000,-9999.0000,-9999.0000,0,0,1.0000
79089,0.8154,2.2541,3.9652,1.5328,-1.1194,-0.2815,10.0931,3.3161,80.5573,2.6047,86.7724,-9999.0000,-9999.0000,-9999.0000,-9999.0000,0,0,1.0000
79090,0.5530,2.0011,2.0549,-0.5012,-2.7933,0.3841,10.0788,3.5477,80.3602,2.2867,86.7559,-9999.0000,-9999.0000,-9999.0000,-9999.0000,0,0,1.0000
79091,0.7380,1.3713,1.5862,-1.7300,-0.9690,-0.1138,10.0754,1.7976,80.1681,3.8982,86.7411,-9999.0000,-9999.0000,-9999.0000,-9999.0000,0,0,1.0000
79092,0.7451,1.1538,2.9193,2.8495,-2.4064,0.4371,10.0702,1.6987,79.9813,3.8004,86.7346,-9999.0000,-9999.0000,-9999.0000,-9999.0000,0,0,1.0000
79093,1.0939,2.0702,3.9874,0.3394,0.7821,0.0863,10.0671,2.0179,79.8141,5.7680,86.7299,-9999.0000,-9999.0000,-9999.0000,-9999.0000,0,0,1.0000
79094,1.2746,1.5006,3.9939,-1.9288,-4.8614,0.4938,10.0620,1.5338,79.6301,2.0581,86.7247,-9999.0000,-9999.0000,-9999.0000,-9999.0000,0,0,1.0000
79095,0.5714,2.0048,3.1761,6.7344,-3.0696,0.4352,10.0708,1.0141,79.4907,3.0331,86.7297,-9999.0000,-9999.0000,-9999.0000,-9999.0000,0,0,1.0000
79096,0.7251,3.8212,3.2434,5.2061,-4.6456,-0.3038,10.0657,3.8540,79.3427,2.4012,86.7288,-9999.0000,-9999.0000,-9999.0000,-9999.0000,0,0,1.0000
79097,1.7407,2.1961,2.6547,2.0348,-3.7223,-0.1569,10.0564,1.6099,79.2164,6.1212,86.7289,-9999.0000,-9999.0000,-9999.0000,-9999.0000,0,0,1.0000
79098,0.5272,1.7136,1.5970,0.2671,-1.5672,0.0349,10.0530,6.1207,79.0958,2.5853,86.7371,-9999.0000,-9999.0000,-9999.0000,-9999.0000,0,0,1.0000
79099,0.6244,0.9506,3.6146,1.1298,-1.5684,0.0638,10.0466,2.6148,78.9795,3.5552,86.7430,-9999.0000,-9999.0000,-9999.0000,-9999.0000,0,0,1.0000
79100,0.6320,1.2530,2.8853,5.0425,-1.3148,0.1839,10.0466,1.5443,78.8720,7.2205,86.7634,-9999.0000,-9999.0000,-9999.0000,-9999.0000,0,0,1.0000
79101,2.3469,1.3778,3.3406,-1.7751,-1.3756,0.2564,10.0414,1.7607,78.7815,3.4933,86.7802,-9999.0000,-9999.0000,-9999.0000,-9999.0000,0,0,1.0000
79102,1.4167,1.8143,3.0954,0.0537,-2.7507,0.3248,10.0313,4.6893,78.7187,2.4055,86.8040,-9999.0000,-9999.0000,-9999.0000,-9999.0000,0,0,1.0000
79103,1.9032,2.6733,2.6872,0.2043,-3.7895,-0.6866,10.0277,2.3572,78.6679,6.3313,86.8155,-9999.0000,-9999.0000,-9999.0000,-9999.0000,0,0,1.0000
79104,1.5302,3.0028,2.3792,1.4879,-3.3149,0.2894,10.0254,2.9597,78.6416,9.2630,86.8269,-9999.0000,-9999.0000,-9999.0000,-9999.0000,0,0,1.0000
79105,0.6673,3.8801,3.5868,0.4807,-0.1756,-0.0360,10.0091,3.6654,78.6224,4.8602,86.8358,-9999.0000,-9999.0000,-9999.0000,-9999.0000,0,0,1.0000
79106,0.9035,2.4600,3.4804,-2.9081,-0.1558,-0.2204,9.9887,4.1851,78.6110,5.7363,86.8431,-9999.0000,-9999.0000,-9999.0000,-9999.0000,0,0,1.0000
79107,1.3119,2.6713,3.4263,-2.3292,-2.2642,-0.2759,9.9905,5.5388,78.6125,3.0511,86.8566,-9999.0000,-9999.0000,-9999.0000,-9999.0000,0,0,1.0000
79108,2.5865,2.4065,3.1533,2.9327,-4.0242,0.1671,9.9899,2.3115,78.6103,2.3337,86.8601,-9999.0000,-9999.0000,-9999.0000,-9999.0000,0,0,1.0000
79109,0.7955,1.9025,3.1657,1.3658,-3.1198,-0.4429,9.9855,2.8018,78.6193,2.7049,86.8616,-9999.0000,-9999.0000,-9999.0000,-9999.0000,0,0,1.0000
79110,3.2386,3.4000,2.1522,0.8733,-2.5213,-0.7104,9.9726,3.8601,78.6378,3.6164,86.8547,-9999.0000,-9999.0000,-9999.0000,-9999.0000,0,0,1.0000
79111,1.3109,3.3692,2.2711,3.4424,-2.0666,-0.0634,9.9650,3.7760,78.6874,3.1542,86.8281,-9999.0000,-9999.0000,-9999.0000,-9999.0000,0,0,1.0000
79112,0.5836,3.3446,4.0823,7.4372,-0.0864,-0.3187,9.9547,1.7675,78.7807,1.2166,86.8024,-9999.0000,-9999.0000,-9999.0000,-9999.0000,0,0,1.0000
79113,0.4553,1.1760,2.6216,-1.0091,0.3691,0.2479,9.9443,2.1662,78.8684,2.7394,86.7717,-9999.0000,-9999.0000,-9999.0000,-9999.0000,0,0,1.0000
79114,1.2512,1.1217,2.7683,-1.6157,1.5309,-0.3000,9.9494,1.2882,78.9733,1.8080,86.7469,-9999.0000,-9999.0000,-9999.0000,-9999.0000,0,0,1.0000
79115,1.3781,2.1443,2.5336,-2.1143,-0.8801,0.4074,9.9381,3.5330,79.0752,2.5353,86.7139,-9999.0000,-9999.0000,-9999.0000,-9999.0000,0,0,1.0000
79116,2.0493,2.0665,1.9363,3.1915,-0.4684,-0.8192,9.9396,2.3495,79.1841,2.8713,86.6775,-9999.0000,-9999.0000,-9999.0000,-9999.0000,0,0,1.0000
