Data/Raw/WAGNER,NICK/firexaq-AOP-optical_DC8_20190730_R1.ict
51, 1001
Wagner, Nicholas L.
NOAA Earth System Research Laboratory
NOAA AOP instrument
FIREX-AQ
1, 1
2019, 07, 30, 2020, 04, 27
1
Time_start, seconds_past_midnight, seconds from midnight
18
1, 1, 1, 1, 1, 1, 1, 1, 1, 1, 1, 1, 1, 1, 1, 1, 1, 1
-9999, -9999, -9999, -9999, -9999, -9999, -9999, -9999, -9999, -9999, -9999, -9999, -9999, -9999, -9999, -9999, -9999, -9999
ext_dry_664, Mm-1, AerOpt_Extinction_InSitu_RHd_red_Total_PM2.5_STP
ext_dry_532, Mm-1, AerOpt_Extinction_InSitu_RHd_green_Total_PM2.5_STP
ext_dry_405, Mm-1, AerOpt_Extinction_InSitu_RHd_blue_Total_PM2.5_STP
abs_dry_664, Mm-1, AerOpt_Absorption_InSitu_RHd_red_Total_PM2.5_STP
abs_dry_532, Mm-1, AerOpt_Absorption_InSitu_RHd_green_Total_PM2.5_STP
abs_dry_405, Mm-1, AerOpt_Absorption_InSitu_RHd_blue_Total_PM2.5_STP
AOP_RH_dry, pct, Relative_humidity_of_dry_RH_channels
ext_medRH_664, Mm-1, AerOpt_Extinction_InSitu_RH80_red_Total_PM2.5_STP
AOP_RH_med, pct, Relative_humidity_of_medium_RH_channel
ext_highRH_664, Mm-1, AerOpt_Extinction_InSitu_RH85_red_Total_PM2.5_STP
AOP_RH_high, pct, Relative_humidity_of_high_RH_channel
ext_TD_664, Mm-1, AerOpt_ExtinctionTD_InSitu_RHd_blue_Total_PM2.5_STP
ext_TD_405, Mm-1, AerOpt_ExtinctionTD_InSitu_RHd_red_Total_PM2.5_STP
abs_TD_664, Mm-1, AerOpt_Absorption_InSitu_RHd_red_Total_PM2.5_STP
abs_TD_405, Mm-1, AerOpt_Absorption_InSitu_RHd_blue_Total_PM2.5_STP
AOP_TD_bypass_flag, pct, Flag_for_TD_Bypass_valve
AOP_filter_flag, pct, Flag_for_Filter_Valve
AOP_Dilution_ratio, pct, Applied_Dilution_Ratio_for_ext_channels
1
N/A
18
PI_CONTACT_INFO: Address: NOAA ESRL Chemical Sciences Division, R/CSD2, 325 Broadway, Boulder, CO 80305. Email: nick.wagner@noaa.gov.
PLATFORM: NASA DC8
LOCATION: See the DC8 MetNav file, Based in Boise (BOI) and Salina, KS
ASSOCIATED_DATA: N/A
[...]
DATA_INFO: Mm-1:
UNCERTAINTY: The precision of the extinction measurements varies with aerosol loading and is +/-20% at 10 Mm-1 and +/-5% at 100 Mm-1. The accuracy of the dry measurement is +/-2% and depends on RH for the humidified measurements, +/-5% at 85% RH and +/-15% at 90% RH. For more details, see Langridge et al., Aerosol Science and Technology 45:1305-1318, 2011. Analysis of comparable measurements suggest incomplete mixing in the dilution system. Effective dilution for individual instruments can vary by +/- 30% compared to the reported flow-based dilution estimate. The absorption measurements have a high signal accuracy of 20%. The low signal precision varies with altitude and flight to flight, and is typically less than 10 Mm-1 for 1 second measurements.
ULOD_FLAG: -7777
ULOD_VALUE: N/A
LLOD_FLAG: -8888
LLOD_VALUE: N/A
DM_CONTACT_INFO: Gao Chen
PROJECT_INFO: FIREX-AQ
STIPULATIONS_ON_USE: NASA Data Policy. Contact with PI is encouraged.
OTHER_COMMENTS: N/A
REVISION: R1
R1: Absorption measurements have been corrected for pressure dependent microphone sensitivity. In-cloud data has been removed. R0: Final Data. 
Time_start, ext_dry_664, ext_dry_532, ext_dry_405, abs_dry_664, abs_dry_532, abs_dry_405, AOP_RH_dry, ext_medRH_664, AOP_RH_med, ext_highRH_664, AOP_RH_high, ext_TD_664, ext_TD_405, abs_TD_664, abs_TD_405, AOP_TD_bypass_flag, AOP_filter_flag, AOP_Dilution_ratio
[from data line 2722]
78382,-9999.0000,-9999.0000,-9999.0000,-9999.0000,-9999.0000,-9999.0000,11.6186,-9999.0000,83.3379,-9999.0000,86.0202,-9999.0000,-9999.0000,-9999.0000,-9999.0000,0,1,1.0000
78383,-9999.0000,-9999.0000,-9999.0000,-9999.0000,-9999.0000,-9999.0000,11.6167,-9999.0000,83.4376,-9999.0000,86.0150,-9999.0000,-9999.0000,-9999.0000,-9999.0000,0,1,1.0000
78384,-9999.0000,-9999.0000,-9999.0000,-9999.0000,-9999.0000,-9999.0000,11.6184,-9999.0000,83.5211,-9999.0000,86.0204,-9999.0000,-9999.0000,-9999.0000,-9999.0000,0,1,1.0000
78385,-9999.0000,-9999.0000,-9999.0000,-9999.0000,-9999.0000,-9999.0000,11.6156,-9999.0000,83.6058,-9999.0000,86.0315,-9999.0000,-9999.0000,-9999.0000,-9999.0000,0,1,1.0000
78386,-9999.0000,-9999.0000,-9999.0000,-9999.0000,-9999.0000,-9999.0000,11.6123,-9999.0000,83.6976,-9999.0000,86.0435,-9999.0000,-9999.0000,-9999.0000,-9999.0000,0,1,1.0000
78387,-9999.0000,-9999.0000,-9999.0000,-9999.0000,-9999.0000,-9999.0000,11.6147,-9999.0000,83.8190,-9999.0000,86.0657,-9999.0000,-9999.0000,-9999.0000,-9999.0000,0,1,1.0000
78388,-9999.0000,-9999.0000,-9999.0000,-9999.0000,-9999.0000,-9999.0000,11.6154,-9999.0000,83.8975,-9999.0000,86.0795,-9999.0000,-9999.0000,-9999.0000,-9999.0000,0,1,1.0000
78389,-9999.0000,-9999.0000,-9999.0000,-9999.0000,-9999.0000,-9999.0000,11.6176,-9999.0000,83.9589,-9999.0000,86.0894,-9999.0000,-9999.0000,-9999.0000,-9999.0000,0,1,1.0000
78390,-9999.0000,-9999.0000,-9999.0000,-9999.0000,-9999.0000,-9999.0000,11.6087,-9999.0000,84.0294,-9999.0000,86.0961,-9999.0000,-9999.0000,-9999.0000,-9999.0000,0,1,1.0000
78391,-9999.0000,-9999.0000,-9999.0000,-9999.0000,-9999.0000,-9999.0000,11.5951,-9999.0000,84.1163,-9999.0000,86.1129,-9999.0000,-9999.0000,-9999.0000,-9999.0000,0,1,1.0000
78392,-9999.0000,-9999.0000,-9999.0000,-9999.0000,-9999.0000,-9999.0000,11.5975,-9999.0000,84.2092,-9999.0000,86.1245,-9999.0000,-9999.0000,-9999.0000,-9999.0000,0,1,1.0000
78393,-9999.0000,-9999.0000,-9999.0000,-9999.0000,-9999.0000,-9999.0000,11.5962,-9999.0000,84.2636,-9999.0000,86.1206,-9999.0000,-9999.0000,-9999.0000,-4.1924,0,1,1.0000
78394,-9999.0000,-9999.0000,-9999.0000,-9999.0000,-9999.0000,-9999.0000,11.5912,-9999.0000,84.3301,-9999.0000,86.1346,-9999.0000,-9999.0000,-9999.0000,-6.4621,0,1,1.0000
78395,-9999.0000,-9999.0000,-9999.0000,-9999.0000,-9999.0000,-9999.0000,11.5918,-9999.0000,84.3844,-9999.0000,86.1517,-9999.0000,-9999.0000,-9999.0000,7.0305,0,1,1.0000
78396,-9999.0000,-9999.0000,-9999.0000,-9999.0000,-9999.0000,-9999.0000,11.5869,-9999.0000,84.4367,-9999.0000,86.1671,-9999.0000,-9999.0000,-9999.0000,1.5525,0,1,1.0000
78397,-9999.0000,-9999.0000,-9999.0000,-9999.0000,-9999.0000,-9999.0000,11.5752,-9999.0000,84.4988,-9999.0000,86.1721,-9999.0000,-9999.0000,-9999.0000,4.6670,0,0,1.0000
78398,-9999.0000,-9999.0000,-9999.0000,-9999.0000,-9999.0000,-9999.0000,11.5798,-9999.0000,84.5597,-9999.0000,86.1782,-9999.0000,-9999.0000,-9999.0000,-11.1249,0,0,1.0000
78399,-9999.0000,-9999.0000,-9999.0000,-9999.0000,-9999.0000,-9999.0000,11.5857,-9999.0000,84.6109,-9999.0000,86.1865,-9999.0000,-9999.0000,-9999.0000,-0.7660,0,0,1.0000
78400,-9999.0000,-9999.0000,-9999.0000,-9999.0000,-9999.0000,-9999.0000,11.5849,-9999.0000,84.6278,-9999.0000,86.1931,-9999.0000,-9999.0000,-9999.0000,-2.2425,0,0,1.0000
78401,-9999.0000,-9999.0000,-9999.0000,-9999.0000,-9999.0000,-9999.0000,11.5759,-9999.0000,84.6515,-9999.0000,86.2085,-9999.0000,-9999.0000,-9999.0000,-2.3610,0,0,1.0000
78402,-9999.0000,-9999.0000,-9999.0000,-9999.0000,-9999.0000,-9999.0000,11.5667,-9999.0000,84.6618,-9999.0000,86.2200,-9999.0000,-9999.0000,-9999.0000,-4.5124,0,0,1.0000
78403,-9999.0000,-9999.0000,-9999.0000,-9999.0000,-9999.0000,0.1608,11.5615,-9999.0000,84.6629,-9999.0000,86.2309,-9999.0000,-9999.0000,-9999.0000,-1.0680,0,0,1.0000
78404,-9999.0000,-9999.0000,-9999.0000,-9999.0000,-9999.0000,-1.2483,11.5467,-9999.0000,84.6613,-9999.0000,86.2417,-9999.0000,-9999.0000,-9999.0000,8.4212,0,0,1.0000
78405,0.4535,0.9195,0.7991,-9999.0000,-9999.0000,0.9069,11.5428,0.6027,84.6415,-9999.0000,86.2535,-9999.0000,-9999.0000,-9999.0000,-5.2819,0,0,1.0000
78406,0.9127,1.8806,1.0167,-9999.0000,-9999.0000,0.3637,11.5440,1.5380,84.5615,-9999.0000,86.2671,-9999.0000,-9999.0000,-9999.0000,3.3587,0,0,1.0000
78407,0.6021,1.1852,1.1563,-9999.0000,-9999.0000,-0.0737,11.5354,0.5049,84.4187,-9999.0000,86.2798,-9999.0000,-9999.0000,-9999.0000,6.0867,0,0,1.0000
78408,0.6780,0.6408,1.5470,-9999.0000,-9999.0000,-0.0435,11.5257,-0.4455,84.2290,-9999.0000,86.3019,-9999.0000,-9999.0000,-9999.0000,-7.2706,0,0,1.0000
78409,0.5629,1.2250,1.2188,-9999.0000,-9999.0000,1.0785,11.5125,-0.3819,84.0010,-9999.0000,86.3019,-9999.0000,-9999.0000,-9999.0000,2.3205,0,0,1.0000
78410,0.7412,1.0928,1.9792,-9999.0000,-9999.0000,0.5733,11.4922,-0.0248,83.7332,-9999.0000,86.3010,-9999.0000,-9999.0000,-9999.0000,4.5699,0,0,1.0000
78411,0.6589,1.2031,3.1786,-9999.0000,-9999.0000,-0.2150,11.4885,0.2525,83.4887,-9999.0000,86.3008,-9999.0000,-9999.0000,-9999.0000,5.5380,0,0,1.0000
78412,1.0494,1.0115,1.1211,-9999.0000,-9999.0000,-0.2012,11.4737,2.5260,83.2257,-9999.0000,86.3060,-9999.0000,-9999.0000,-9999.0000,4.4961,0,0,1.0000
78413,0.4203,2.3724,0.8652,-9999.0000,-9999.0000,1.0758,11.4705,0.8486,82.9864,-9999.0000,86.3110,-9999.0000,-9999.0000,-9999.0000,-2.3741,0,0,1.0000
78414,0.6907,0.8104,1.1295,-9999.0000,-9999.0000,0.8542,11.4685,0.2391,82.7405,-9999.0000,86.3048,-9999.0000,-9999.0000,-9999.0000,2.4479,0,0,1.0000
78415,0.7546,0.6306,1.9539,-9999.0000,-9999.0000,0.1074,11.4645,-0.3171,82.5337,-9999.0000,86.3058,-9999.0000,-9999.0000,-9999.0000,-15.2060,0,0,1.0000
78416,0.5893,0.8703,1.0905,-9999.0000,-9999.0000,0.5909,11.4594,-0.0176,82.3145,-9999.0000,86.2989,-9999.0000,-9999.0000,-9999.0000,7.5842,0,0,1.0000
78417,1.0095,0.7587,1.0539,-9999.0000,-9999.0000,-0.0135,11.4591,-0.1809,82.1029,-9999.0000,86.3072,-9999.0000,-9999.0000,-9999.0000,-1.3090,0,0,1.0000
78418,0.5059,0.7433,1.5818,-9999.0000,-9999.0000,-0.4935,11.4599,-0.2550,81.9122,-9999.0000,86.3007,-9999.0000,-9999.0000,-9999.0000,-3.6052,0,0,1.0000
78419,0.8439,0.6297,0.8062,-9999.0000,-9999.0000,0.4202,11.4573,0.2189,81.7412,-9999.0000,86.2955,-9999.0000,-9999.0000,-9999.0000,-5.7668,0,0,1.0000
78420,2.4083,0.6539,1.7016,-9999.0000,-9999.0000,0.1820,11.4560,1.3144,81.6095,-9999.0000,86.2934,-9999.0000,-9999.0000,-9999.0000,1.9559,0,0,1.0000
78421,0.4743,1.1187,1.4620,-9999.0000,-9999.0000,-0.0800,11.4533,0.5700,81.4938,-9999.0000,86.2859,-9999.0000,-9999.0000,-9999.0000,0.7146,0,0,1.0000
78422,0.6803,0.8225,1.0100,-9999.0000,-9999.0000,1.7318,11.4518,-0.1119,81.4106,-9999.0000,86.2756,-9999.0000,-9999.0000,-9999.0000,-3.1856,0,0,1.0000
78423,0.9061,0.7499,1.6962,-9999.0000,-9999.0000,-0.5081,11.4496,-0.1421,81.3496,-9999.0000,86.2685,-9999.0000,-9999.0000,-9999.0000,4.9022,0,0,1.0000
78424,0.5927,1.0901,1.0973,-9999.0000,-9999.0000,0.2874,11.4560,-0.2826,81.2844,-9999.0000,86.2651,-9999.0000,-9999.0000,-9999.0000,-7.5487,0,0,1.0000
78425,0.4345,0.8114,1.2057,-9999.0000,-9999.0000,0.1585,11.4587,-0.4167,81.2223,-9999.0000,86.2551,-9999.0000,-9999.0000,-9999.0000,2.9871,0,0,1.0000
78426,0.4281,0.6429,1.0002,-9999.0000,-9999.0000,1.0616,11.4543,0.3678,81.1699,-9999.0000,86.2490,-9999.0000,-9999.0000,-9999.0000,-3.7460,0,0,1.0000
78427,0.2451,2.7473,0.6812,-9999.0000,-9999.0000,-0.1748,11.4479,4.4662,81.1575,-9999.0000,86.2441,-9999.0000,-9999.0000,-9999.0000,-4.1300,0,0,1.0000
78428,0.3987,0.7914,1.2012,-9999.0000,-9999.0000,0.5539,11.4378,0.3674,81.1467,-9999.0000,86.2361,-9999.0000,-9999.0000,-9999.0000,-4.8125,0,0,1.0000
78429,1.2719,0.8769,0.6384,-9999.0000,-9999.0000,0.8519,11.4309,-0.4826,81.1440,-9999.0000,86.2307,-9999.0000,-9999.0000,-9999.0000,0.0509,0,0,1.0000
78430,0.4073,0.9656,1.6190,-9999.0000,-9999.0000,-0.1603,11.4292,-0.2902,81.1447,-9999.0000,86.2199,-9999.0000,-9999.0000,-9999.0000,7.2534,0,0,1.0000
78431,0.5106,1.2573,1.2396,-9999.0000,-9999.0000,1.1572,11.4293,0.8268,81.1458,-9999.0000,86.2062,-9999.0000,-9999.0000,-9999.0000,1.2325,0,0,1.0000
78432,1.3592,0.9089,0.6584,-9999.0000,-9999.0000,-1.3114,11.4293,0.0328,81.1712,-9999.0000,86.1964,-9999.0000,-9999.0000,-9999.0000,-5.3043,0,0,1.0000
78433,0.3875,0.7693,0.9166,-9999.0000,-9999.0000,-0.9824,11.4388,-0.3918,81.2085,-9999.0000,86.1831,-9999.0000,-9999.0000,-9999.0000,-6.4023,0,0,1.0000
78434,0.6871,1.6451,1.1681,-9999.0000,-9999.0000,0.0199,11.4415,0.0271,81.2622,-9999.0000,86.1712,-9999.0000,-9999.0000,-9999.0000,1.5488,0,0,1.0000
78435,0.3656,1.5167,1.0721,-9999.0000,-9999.0000,0.0531,11.4308,-0.1813,81.3202,-9999.0000,86.1616,-9999.0000,-9999.0000,-9999.0000,-3.3322,0,0,1.0000
78436,0.8918,1.2428,0.5183,-9999.0000,-9999.0000,-0.0220,11.4236,1.2234,81.3948,-9999.0000,86.1660,-9999.0000,-9999.0000,-9999.0000,0.5218,0,0,1.0000
78437,0.8058,1.4868,1.1123,-9999.0000,-9999.0000,0.7120,11.4230,0.5661,81.4701,-9999.0000,86.1586,-9999.0000,-9999.0000,-9999.0000,2.8582,0,0,1.0000
78438,0.7025,1.1114,1.4495,-9999.0000,-9999.0000,0.3216,11.4197,0.9734,81.5497,-9999.0000,86.1466,-9999.0000,-2.0020,-9999.0000,3.6604,0,0,1.0000
78439,0.5244,1.0630,0.8794,-9999.0000,-9999.0000,0.0072,11.4178,-0.1538,81.6471,-9999.0000,86.1279,-9999.0000,-1.7544,-9999.0000,-2.3756,0,0,1.0000
78440,0.6296,1.0404,0.6441,-9999.0000,-9999.0000,-0.2296,11.4084,-0.5118,81.7363,-9999.0000,86.1065,-9999.0000,-1.7495,-9999.0000,-6.0007,0,0,1.0000
78441,0.5815,0.9065,0.6372,-9999.0000,-9999.0000,1.1080,11.4099,0.2087,81.8244,-9999.0000,86.1029,-9999.0000,-1.9612,-9999.0000,0.4151,0,0,1.0000
78442,0.4940,0.9360,0.4739,-9999.0000,-9999.0000,0.5930,11.4072,0.1092,81.9188,-9999.0000,86.0970,-9999.0000,-1.8739,-9999.0000,-4.3301,0,0,1.0000
78443,1.8500,1.1811,0.6477,-9999.0000,-9999.0000,2.6719,11.4064,1.0669,82.0222,-9999.0000,86.0966,-9999.0000,-2.6117,-9999.0000,-6.1743,0,0,1.0000
78444,0.8694,0.7359,0.3857,-9999.0000,-9999.0000,-1.2900,11.4036,1.3634,82.1206,-9999.0000,86.0948,-9999.0000,-2.3998,-9999.0000,-2.7388,0,0,1.0000
78445,0.5191,1.4699,0.4754,-9999.0000,-9999.0000,-0.2970,11.4071,1.7745,82.2115,-9999.0000,86.0956,-9999.0000,-3.0810,-9999.0000,5.1080,0,0,1.0000
78446,0.8087,1.1150,0.9441,-9999.0000,-9999.0000,0.4756,11.4056,1.0870,82.3192,-9999.0000,86.0910,-9999.0000,-2.9125,-9999.0000,-11.2158,0,0,1.0000
78447,0.5107,1.3444,0.4129,-9999.0000,-9999.0000,0.2146,11.3999,1.9356,82.4186,-9999.0000,86.0913,-9999.0000,-2.7174,-9999.0000,8.4888,0,0,1.0000
78448,0.6087,1.8283,0.6696,-9999.0000,-9999.0000,0.0484,11.3944,1.2397,82.5253,-9999.0000,86.0941,-9999.0000,-2.1944,-9999.0000,-4.6560,0,0,1.0000
78449,0.4719,2.0889,0.3075,-9999.0000,-9999.0000,-1.1688,11.3926,1.1744,82.6108,-9999.0000,86.0907,-9999.0000,-2.4527,-9999.0000,5.7756,0,0,1.0000
78450,0.7239,2.3003,0.7884,-9999.0000,-9999.0000,-0.9463,11.3887,1.9938,82.7089,-9999.0000,86.0896,-9999.0000,-2.2207,-9999.0000,-3.2425,0,0,1.0000
78451,0.4939,1.4015,1.2759,-9999.0000,-9999.0000,-0.0794,11.3826,1.1294,82.8111,-9999.0000,86.0904,-9999.0000,-2.0433,-9999.0000,-0.0723,0,0,1.0000
78452,0.9479,1.7143,1.8431,-9999.0000,-9999.0000,-0.0955,11.3741,1.0319,82.8819,-9999.0000,86.0914,-9999.0000,-1.4638,-9999.0000,-6.1910,0,0,1.0000
78453,0.8778,2.2785,3.9455,-9999.0000,-9999.0000,0.8715,11.3701,1.3478,82.9430,-9999.0000,86.0958,-9999.0000,-1.2354,-9999.0000,4.7441,0,0,1.0000
78454,0.8305,2.2011,2.1029,-9999.0000,-9999.0000,-1.0136,11.3700,1.5456,83.0029,-9999.0000,86.0990,-9999.0000,-1.0989,-9999.0000,-2.5653,0,0,1.0000
78455,0.8475,2.5832,1.3141,-9999.0000,-9999.0000,-0.0203,11.3607,2.5519,83.0750,-9999.0000,86.1116,-9999.0000,-0.8530,-9999.0000,9.7307,0,0,1.0000
78456,1.7102,2.8234,1.2271,-9999.0000,-9999.0000,-0.0857,11.3517,3.0866,83.1227,-9999.0000,86.1196,-9999.0000,-0.6375,-9999.0000,0.6947,0,0,1.0000
78457,0.8500,3.3988,0.5981,-9999.0000,-9999.0000,0.9700,11.3533,2.2898,83.1567,-9999.0000,86.1198,-9999.0000,-0.9745,-9999.0000,5.2402,0,0,1.0000
78458,1.3892,2.7292,1.7471,-9999.0000,-9999.0000,-0.6407,11.3539,1.5039,83.1763,-9999.0000,86.1225,-9999.0000,-0.4779,-9999.0000,-0.7226,0,0,1.0000
78459,1.4139,2.8880,1.7436,-9999.0000,-9999.0000,0.5380,11.3503,2.6627,83.1892,-9999.0000,86.1228,-9999.0000,2.2731,-9999.0000,17.7063,0,0,1.0000
78460,1.1498,4.2055,0.6346,-9999.0000,-9999.0000,-0.5048,11.3463,1.1191,83.1961,-9999.0000,86.1261,-9999.0000,0.9719,-9999.0000,5.1776,0,0,1.0000
78461,1.3428,3.2196,2.8911,-9999.0000,-9999.0000,0.3911,11.3395,2.0103,83.1907,-9999.0000,86.1148,-9999.0000,-0.3617,-9999.0000,2.4849,0,0,1.0000
78462,1.1937,3.7189,0.8390,-9999.0000,-9999.0000,0.9792,11.3375,0.7242,83.1915,-9999.0000,86.1245,-9999.0000,-0.3108,-9999.0000,-7.3323,0,0,1.0000
78463,1.0122,2.6424,2.3275,-9999.0000,-9999.0000,0.2397,11.3267,1.2640,83.1578,-9999.0000,86.1213,-9999.0000,0.0241,-9999.0000,-5.5804,0,0,1.0000
78464,1.1216,2.4353,0.6362,-9999.0000,-9999.0000,0.3777,11.3248,1.3777,83.1037,-9999.0000,86.1214,-9999.0000,0.7749,-9999.0000,4.0822,0,0,1.0000
78465,2.0902,2.1506,1.2194,-9999.0000,-9999.0000,-0.0654,11.3204,-9999.0000,82.9952,-9999.0000,86.1193,-9999.0000,1.1602,-9999.0000,5.7520,0,0,1.0000
78466,1.0687,1.8583,0.4533,-9999.0000,-9999.0000,-0.2838,11.3202,-9999.0000,82.8781,-9999.0000,86.1192,-9999.0000,0.6037,-9999.0000,-0.4010,0,0,1.0000
78467,0.8549,4.2793,1.9481,-9999.0000,-9999.0000,0.3937,11.3194,-9999.0000,82.7428,-9999.0000,86.1171,-9999.0000,0.0644,-9999.0000,-0.5963,0,0,1.0000
78468,1.5319,2.2059,-0.2225,-9999.0000,-9999.0000,-0.0599,11.3179,-9999.0000,82.6003,-9999.0000,86.1152,-9999.0000,0.0661,-9999.0000,0.2768,0,0,1.0000
78469,1.0773,2.8396,0.3502,-9999.0000,-9999.0000,0.0916,11.3102,-9999.0000,82.4419,-9999.0000,86.1270,-9999.0000,0.5419,-9999.0000,4.0152,0,0,1.0000
78470,2.0076,3.3555,0.3562,-9999.0000,-9999.0000,1.1448,11.3057,-9999.0000,82.2825,-9999.0000,86.1398,-9999.0000,-0.0710,-9999.0000,-2.0864,0,0,1.0000
78471,1.2971,2.5735,2.1918,-9999.0000,-9999.0000,-0.0431,11.2820,-9999.0000,82.1308,-9999.0000,86.1712,-9999.0000,0.1105,-9999.0000,6.9612,0,0,1.0000
78472,1.0258,2.7905,1.0642,-9999.0000,-9999.0000,0.3498,11.2746,-9999.0000,81.9826,-9999.0000,86.1987,-9999.0000,-0.2449,-9999.0000,-4.1204,0,0,1.0000
78473,1.4662,2.8658,1.2362,-9999.0000,-9999.0000,-0.2092,11.2674,-9999.0000,81.8477,-9999.0000,86.2158,-9999.0000,0.1188,-9999.0000,2.3508,0,0,1.0000
78474,0.9818,2.5406,0.3791,-9999.0000,-9999.0000,-1.1351,11.2670,-9999.0000,81.7360,-9999.0000,86.2450,-9999.0000,1.0024,-9999.0000,-0.1117,0,0,1.0000
78475,0.8773,1.9908,-0.1020,-9999.0000,-9999.0000,0.7333,11.2667,-9999.0000,81.6356,-9999.0000,86.2848,-9999.0000,0.3405,-9999.0000,-2.9644,0,0,1.0000
78476,0.6235,2.1046,-0.2536,-9999.0000,-9999.0000,0.5206,11.2671,-9999.0000,81.5456,-9999.0000,86.3317,-9999.0000,0.4891,-9999.0000,-7.1977,0,0,1.0000
78477,1.2772,1.6485,0.8245,-9999.0000,-9999.0000,0.0191,11.2681,-9999.0000,81.4723,-9999.0000,86.3828,-9999.0000,-0.4283,-9999.0000,-1.5233,0,0,1.0000
78478,1.5168,1.8398,0.4923,-9999.0000,-9999.0000,0.4885,11.2669,-9999.0000,81.4059,-9999.0000,86.4169,-9999.0000,-0.8160,-9999.0000,8.6039,0,0,1.0000
78479,1.5358,2.2965,-0.4162,-9999.0000,-9999.0000,0.8396,11.2577,-9999.0000,81.3506,-9999.0000,86.4532,-9999.0000,-0.6068,-9999.0000,2.1734,0,0,1.0000
78480,1.5934,1.9120,0.8395,-9999.0000,-9999.0000,-0.0528,11.2519,-9999.0000,81.3115,-9999.0000,86.4896,-9999.0000,-0.7125,-9999.0000,0.9765,0,0,1.0000
78481,1.6222,1.7670,1.7563,-9999.0000,-9999.0000,0.3272,11.2507,-9999.0000,81.2970,-9999.0000,86.5370,-9999.0000,-1.2176,-9999.0000,1.3030,0,0,1.0000
78482,2.1192,2.8749,0.3888,-9999.0000,-9999.0000,0.6807,11.2472,-9999.0000,81.2927,-9999.0000,86.5672,-9999.0000,-1.2813,-9999.0000,-5.5446,0,0,1.0000
78483,2.4546,2.6486,3.2243,-9999.0000,-9999.0000,0.0824,11.2436,-9999.0000,81.2929,-9999.0000,86.6077,-9999.0000,-0.9657,-9999.0000,4.4848,0,0,1.0000
78484,5.1894,1.9213,0.6824,-9999.0000,-9999.0000,-0.8946,11.2384,-9999.0000,81.2912,-9999.0000,86.6464,-9999.0000,-1.0598,-9999.0000,-2.0499,0,0,1.0000
