Data/Raw/WAGNER,NICK/firexaq-AOP-optical_DC8_20190831_R1.ict
51, 1001
Wagner, Nicholas L.
NOAA Earth System Research Laboratory
NOAA AOP instrument
FIREX-AQ
1, 1
2019, 08, 31, 2020, 04, 27
1
Time_start, seconds_past_midnight, seconds from midnight
18
1, 1, 1, 1, 1, 1, 1, 1, 1, 1, 1, 1, 1, 1, 1, 1, 1, 1
-9999, -9999, -9999, -9999, -9999, -9999, -9999, -9999, -9999, -9999, -9999, -9999, -9999, -9999, -9999, -9999, -9999, -9999
ext_dry_664, Mm-1, AerOpt_Extinction_InSitu_RHd_red_Total_PM2.5_STP
ext_dry_532, Mm-1, AerOpt_Extinction_InSitu_RHd_green_Total_PM2.5_STP
ext_dry_405, Mm-1, AerOpt_Extinction_InSitu_RHd_blue_Total_PM2.5_STP
abs_dry_664, Mm-1, AerOpt_Absorption_InSitu_RHd_red_Total_PM2.5_STP
abs_dry_532, Mm-1, AerOpt_Absorption_InSitu_RHd_green_Total_PM2.5_STP
abs_dry_405, Mm-1, AerOpt_Absorption_InSitu_RHd_blue_Total_PM2.5_STP
AOP_RH_dry, pct, Relative_humidity_of_dry_RH_channels
ext_medRH_664, Mm-1, AerOpt_Extinction_InSitu_RH80_red_Total_PM2.5_STP
AOP_RH_med, pct, Relative_humidity_of_medium_RH_channel
ext_highRH_664, Mm-1, AerOpt_Extinction_InSitu_RH85_red_Total_PM2.5_STP
AOP_RH_high, pct, Relative_humidity_of_high_RH_channel
ext_TD_664, Mm-1, AerOpt_ExtinctionTD_InSitu_RHd_blue_Total_PM2.5_STP
ext_TD_405, Mm-1, AerOpt_ExtinctionTD_InSitu_RHd_red_Total_PM2.5_STP
abs_TD_664, Mm-1, AerOpt_Absorption_InSitu_RHd_red_Total_PM2.5_STP
abs_TD_405, Mm-1, AerOpt_Absorption_InSitu_RHd_blue_Total_PM2.5_STP
AOP_TD_bypass_flag, pct, Flag_for_TD_Bypass_valve
AOP_filter_flag, pct, Flag_for_Filter_Valve
AOP_Dilution_ratio, pct, Applied_Dilution_Ratio_for_ext_channels
1
N/A
18
PI_CONTACT_INFO: Address: NOAA ESRL Chemical Sciences Division, R/CSD2, 325 Broadway, Boulder, CO 80305. Email: nick.wagner@noaa.gov.
PLATFORM: NASA DC8
LOCATION: See the DC8 MetNav file, Based in Boise (BOI) and Salina, KS
ASSOCIATED_DATA: N/A
[...]
DATA_INFO: Mm-1:
UNCERTAINTY: The precision of the extinction measurements varies with aerosol loading and is +/-20% at 10 Mm-1 and +/-5% at 100 Mm-1. The accuracy of the dry measurement is +/-2% and depends on RH for the humidified measurements, +/-5% at 85% RH and +/-15% at 90% RH. For more details, see Langridge et al., Aerosol Science and Technology 45:1305-1318, 2011. Analysis of comparable measurements suggest incomplete mixing in the dilution system. Effective dilution for individual instruments can vary by +/- 30% compared to the reported flow-based dilution estimate. The absorption measurements have a high signal accuracy of 20%. The low signal precision varies with altitude and flight to flight, and is typically less than 10 Mm-1 for 1 second measurements.
ULOD_FLAG: -7777
ULOD_VALUE: N/A
LLOD_FLAG: -8888
LLOD_VALUE: N/A
DM_CONTACT_INFO: Gao Chen
PROJECT_INFO: FIREX-AQ
STIPULATIONS_ON_USE: NASA Data Policy. Contact with PI is encouraged.
OTHER_COMMENTS: N/A
REVISION: R1
R1: Absorption measurements have been corrected for pressure dependent microphone sensitivity. In-cloud data has been removed. R0: Final Data. 
Time_start, ext_dry_664, ext_dry_532, ext_dry_405, abs_dry_664, abs_dry_532, abs_dry_405, AOP_RH_dry, ext_medRH_664, AOP_RH_med, ext_highRH_664, AOP_RH_high, ext_TD_664, ext_TD_405, abs_TD_664, abs_TD_405, AOP_TD_bypass_flag, AOP_filter_flag, AOP_Dilution_ratio
[from data line 11898]
74721,-9999.0000,-9999.0000,-9999.0000,-9999.0000,-9999.0000,-9999.0000,31.3082,-9999.0000,81.6289,-9999.0000,85.4778,-9999.0000,-9999.0000,-9999.0000,-9999.0000,0,1,6.5700
74722,-9999.0000,-9999.0000,-9999.0000,-9999.0000,-9999.0000,-9999.0000,31.3188,-9999.0000,81.7203,-9999.0000,85.5365,-9999.0000,-9999.0000,-9999.0000,-9999.0000,0,1,6.5700
74723,-9999.0000,-9999.0000,-9999.0000,-9999.0000,-9999.0000,-9999.0000,31.3101,-9999.0000,81.7810,-9999.0000,85.5818,-9999.0000,-9999.0000,-9999.0000,-9999.0000,0,1,6.5700
74724,-9999.0000,-9999.0000,-9999.0000,-9999.0000,-9999.0000,-9999.0000,31.3033,-9999.0000,81.8360,-9999.0000,85.6252,-9999.0000,-9999.0000,-9999.0000,-9999.0000,0,1,6.5700
74725,-9999.0000,-9999.0000,-9999.0000,-9999.0000,-9999.0000,-9999.0000,31.2923,-9999.0000,81.8955,-9999.0000,85.6737,-9999.0000,-9999.0000,-9999.0000,-9999.0000,0,1,6.5700
74726,-9999.0000,-9999.0000,-9999.0000,-9999.0000,-9999.0000,-9999.0000,31.2904,-9999.0000,81.9216,-9999.0000,85.7115,-9999.0000,-9999.0000,-9999.0000,-9999.0000,0,1,6.5700
74727,-9999.0000,-9999.0000,-9999.0000,-9999.0000,-9999.0000,-9999.0000,31.2904,-9999.0000,81.9333,-9999.0000,85.7234,-9999.0000,-9999.0000,-9999.0000,-9999.0000,0,1,6.5700
74728,-9999.0000,-9999.0000,-9999.0000,-9999.0000,-9999.0000,-9999.0000,31.3214,-9999.0000,81.9362,-9999.0000,85.7421,-9999.0000,-9999.0000,-9999.0000,-9999.0000,0,1,6.5700
74729,-9999.0000,-9999.0000,-9999.0000,-9999.0000,-9999.0000,-9999.0000,31.3588,-9999.0000,81.9374,-9999.0000,85.7638,-9999.0000,-9999.0000,-9999.0000,-9999.0000,0,1,6.5700
74730,-9999.0000,-9999.0000,-9999.0000,-9999.0000,-9999.0000,-9999.0000,31.3669,-9999.0000,81.9383,-9999.0000,85.7898,-9999.0000,-9999.0000,-9999.0000,-9999.0000,0,1,6.5700
74731,-9999.0000,-9999.0000,-9999.0000,-9999.0000,-9999.0000,-9999.0000,31.3557,-9999.0000,81.9279,-9999.0000,85.8125,-9999.0000,-9999.0000,-9999.0000,-9999.0000,0,1,6.5700
74732,-9999.0000,-9999.0000,-9999.0000,-9999.0000,-9999.0000,-9999.0000,31.3398,-9999.0000,81.8979,-9999.0000,85.8227,-9999.0000,-9999.0000,-9999.0000,-9999.0000,0,1,6.5700
74733,-9999.0000,-9999.0000,-9999.0000,-9999.0000,-9999.0000,-9999.0000,31.3360,-9999.0000,81.8374,-9999.0000,85.8293,-9999.0000,-9999.0000,-9999.0000,-9999.0000,0,1,6.5700
74734,-9999.0000,-9999.0000,-9999.0000,-9999.0000,-9999.0000,-9999.0000,31.3393,-9999.0000,81.7410,-9999.0000,85.8246,-9999.0000,-9999.0000,-9999.0000,-9999.0000,0,1,6.5700
74735,-9999.0000,-9999.0000,-9999.0000,-9999.0000,-9999.0000,-9999.0000,31.3424,-9999.0000,81.6461,-9999.0000,85.8225,-9999.0000,-9999.0000,-9999.0000,-9999.0000,0,1,6.5700
74736,-9999.0000,-9999.0000,-9999.0000,-9999.0000,-9999.0000,-9999.0000,31.3335,-9999.0000,81.5279,-9999.0000,85.8043,-9999.0000,-9999.0000,-9999.0000,-9999.0000,0,1,6.5700
74737,-9999.0000,-9999.0000,-9999.0000,-9999.0000,-9999.0000,-9999.0000,31.3147,-9999.0000,81.4159,-9999.0000,85.7680,-9999.0000,-9999.0000,-9999.0000,-9999.0000,0,1,6.5700
74738,-9999.0000,-9999.0000,-9999.0000,-9999.0000,-9999.0000,-9999.0000,31.3054,-9999.0000,81.2864,-9999.0000,85.7298,-9999.0000,-9999.0000,-1.3653,-9999.0000,0,1,6.5700
74739,-9999.0000,-9999.0000,-9999.0000,-9999.0000,-9999.0000,-9999.0000,31.3080,-9999.0000,81.1333,-9999.0000,85.6829,-9999.0000,-9999.0000,-1.5759,-9999.0000,0,1,6.5700
74740,-9999.0000,-9999.0000,-9999.0000,-9999.0000,-9999.0000,-9999.0000,31.3014,-9999.0000,80.9875,-9999.0000,85.6380,-9999.0000,-9999.0000,1.4516,-9999.0000,0,1,6.5700
74741,-9999.0000,-9999.0000,-9999.0000,-9999.0000,-9999.0000,-9999.0000,31.2991,-9999.0000,80.8243,-9999.0000,85.6085,-9999.0000,-9999.0000,4.0997,-9999.0000,0,1,6.5700
74742,-9999.0000,-9999.0000,-9999.0000,-9999.0000,-9999.0000,-9999.0000,31.2906,-9999.0000,80.6868,-9999.0000,85.5719,-9999.0000,-9999.0000,-1.9083,-9999.0000,0,1,6.5700
74743,-9999.0000,-9999.0000,-9999.0000,-9999.0000,-9999.0000,-9999.0000,31.2800,-9999.0000,80.5315,-9999.0000,85.5399,-9999.0000,-9999.0000,-0.8195,-9999.0000,0,1,6.5700
74744,-9999.0000,-9999.0000,-9999.0000,-9999.0000,-9999.0000,-9999.0000,31.2687,-9999.0000,80.3807,-9999.0000,85.5010,-9999.0000,-9999.0000,-0.2281,-9999.0000,0,1,6.5700
74745,-9999.0000,-9999.0000,-9999.0000,-9999.0000,-9999.0000,-9999.0000,31.2715,-9999.0000,80.2468,-9999.0000,85.4977,-9999.0000,-9999.0000,-7.1586,-9999.0000,0,1,6.5700
74746,-9999.0000,-9999.0000,-9999.0000,-9999.0000,-9999.0000,-9999.0000,31.2669,-9999.0000,80.1146,-9999.0000,85.4859,-9999.0000,-9999.0000,-0.8017,-9999.0000,0,1,6.5700
74747,-9999.0000,-9999.0000,-9999.0000,-9999.0000,-9999.0000,-9999.0000,31.2621,-9999.0000,79.9967,-9999.0000,85.4795,-9999.0000,-9999.0000,5.4359,-9999.0000,0,1,6.5700
74748,-9999.0000,-9999.0000,-9999.0000,-9999.0000,-9999.0000,-9999.0000,31.2623,-9999.0000,79.8940,-9999.0000,85.4746,-9999.0000,-9999.0000,6.2732,-9999.0000,0,0,6.5700
74749,-9999.0000,-9999.0000,-9999.0000,-9999.0000,-9999.0000,-9999.0000,31.2524,-9999.0000,79.7871,-9999.0000,85.4739,-9999.0000,-9999.0000,-4.5841,-9999.0000,0,0,6.5700
74750,-9999.0000,-9999.0000,-9999.0000,-9999.0000,-9999.0000,-9999.0000,31.2505,-9999.0000,79.6846,-9999.0000,85.4706,-9999.0000,-9999.0000,5.8260,-9999.0000,0,0,6.5700
74751,-9999.0000,-9999.0000,-9999.0000,-9999.0000,-9999.0000,-9999.0000,31.2393,-9999.0000,79.5973,-9999.0000,85.4719,-9999.0000,-9999.0000,-2.4038,-9999.0000,0,0,6.5700
74752,-9999.0000,-9999.0000,-9999.0000,-9999.0000,-9999.0000,-9999.0000,31.2295,-9999.0000,79.5154,-9999.0000,85.4829,-9999.0000,-9999.0000,2.6517,-2.6364,0,0,6.5700
74753,-9999.0000,-9999.0000,-9999.0000,-9999.0000,-9999.0000,-9999.0000,31.2098,-9999.0000,79.4529,-9999.0000,85.5085,-9999.0000,-9999.0000,9.9136,-2.1313,0,0,6.5700
74754,-9999.0000,-9999.0000,-9999.0000,-9999.0000,-9999.0000,-9999.0000,31.1991,-9999.0000,79.4020,-9999.0000,85.5403,-9999.0000,-9999.0000,11.1251,-0.5419,0,0,6.5700
74755,-9999.0000,-9999.0000,-9999.0000,-9999.0000,-9999.0000,-9999.0000,31.1823,-9999.0000,79.3506,-9999.0000,85.5633,-9999.0000,-9999.0000,5.6794,-1.6121,0,0,6.5700
74756,-9999.0000,-9999.0000,-9999.0000,-9999.0000,-9999.0000,-9999.0000,31.1861,-9999.0000,79.3112,-9999.0000,85.5943,-9999.0000,-9999.0000,6.3940,-0.0890,0,0,6.5700
74757,-9999.0000,-9999.0000,-9999.0000,-9999.0000,-9999.0000,-9999.0000,31.1804,-9999.0000,79.2750,-9999.0000,85.6260,-9999.0000,-9999.0000,4.7466,-1.2944,0,0,6.5700
74758,-9999.0000,-9999.0000,-9999.0000,-9999.0000,-9999.0000,-9999.0000,31.1799,-9999.0000,79.2596,-9999.0000,85.6649,-9999.0000,-9999.0000,0.6994,1.8462,0,0,6.5700
74759,-9999.0000,-9999.0000,-9999.0000,-9999.0000,-9999.0000,-9999.0000,31.1778,-9999.0000,79.2428,-9999.0000,85.7033,-9999.0000,-9999.0000,6.1576,-0.5020,0,0,6.5700
74760,-9999.0000,-9999.0000,-9999.0000,-9999.0000,-9999.0000,-9999.0000,31.1757,-9999.0000,79.2379,-9999.0000,85.7330,-9999.0000,-9999.0000,-1.6553,-3.2305,0,0,6.5700
74761,13.2268,22.9502,46.8235,-9999.0000,-9999.0000,-9999.0000,31.1781,16.1785,79.2322,-9999.0000,85.7619,-9999.0000,-9999.0000,-6.5111,-5.1179,0,0,6.5700
74762,14.8055,21.0206,44.9456,-1.8541,2.5629,1.5137,31.1699,19.6581,79.2336,17.4555,85.7771,-9999.0000,-9999.0000,-2.1201,-0.1483,0,0,6.5700
74763,11.2744,20.9360,48.4227,1.6252,-1.2431,0.9223,31.1632,15.9144,79.2315,14.1822,85.7889,-9999.0000,-9999.0000,-4.4981,-2.7925,0,0,6.5700
74764,17.4353,23.2817,48.4094,1.0118,1.4380,1.5732,31.1581,29.1446,79.2505,14.3138,85.7970,-9999.0000,-9999.0000,2.6876,1.6146,0,0,6.5700
74765,14.5109,21.1334,47.6722,-6.0075,4.1505,1.5937,31.1569,16.2738,79.2796,19.1981,85.8067,-9999.0000,-9999.0000,2.0769,-1.4448,0,0,6.5700
74766,14.6458,26.6213,45.5845,2.2902,0.3825,1.8428,31.1545,24.4169,79.3222,14.2003,85.8182,-9999.0000,-9999.0000,0.2854,-1.7172,0,0,6.5700
74767,12.7168,27.6127,50.1317,2.5948,-0.3882,1.4573,31.1485,18.8615,79.3958,20.4505,85.8165,-9999.0000,-9999.0000,-6.2851,0.8955,0,0,6.5700
74768,12.1907,20.0171,42.9476,0.7851,1.9571,1.3611,31.1534,18.3729,79.4652,18.4309,85.8207,-9999.0000,-9999.0000,-4.6367,1.0230,0,0,6.5700
74769,10.7497,17.7774,48.0368,-2.9482,1.0328,1.4569,31.1551,27.4543,79.5390,18.6708,85.8200,-9999.0000,-9999.0000,-2.4049,-2.0043,0,0,6.5700
74770,10.2751,22.5856,42.6126,-1.5486,-3.6767,1.2518,31.1481,24.3284,79.6096,17.6195,85.8111,-9999.0000,-9999.0000,-2.0902,-0.5682,0,0,6.5700
74771,11.2943,22.5726,46.5151,-0.2710,-0.9603,1.2454,31.1561,15.9473,79.6930,34.3340,85.7891,-9999.0000,-9999.0000,2.7284,-2.8296,0,0,6.5700
74772,12.2339,26.2056,42.4516,-2.4754,0.9452,1.5290,31.1606,22.5741,79.7981,21.7584,85.7588,-9999.0000,-9999.0000,2.3079,0.2725,0,0,6.5700
74773,10.7502,28.5774,44.4604,-0.7048,2.1471,2.2766,31.1695,23.2170,79.9102,18.1390,85.7271,-9999.0000,-9999.0000,-5.0844,-2.9410,0,0,6.5700
74774,9.8104,19.3873,48.4663,0.9072,0.6435,2.1079,31.1780,17.8868,80.0374,17.5018,85.6906,-9999.0000,-9999.0000,-1.4984,4.2732,0,0,6.5700
74775,16.7030,21.0470,51.6618,3.2523,0.0302,1.3952,31.1741,17.8125,80.1653,20.0089,85.6493,-9999.0000,-9999.0000,-4.2676,-1.6279,0,0,6.5700
74776,17.4738,23.0546,44.1858,-0.0180,1.5432,1.6977,31.1633,17.5752,80.2776,29.9862,85.5900,-9999.0000,-9999.0000,4.6533,-1.4625,0,0,6.5700
74777,14.1405,23.4427,53.1537,0.8230,-3.3021,1.0202,31.1565,15.5697,80.3890,33.7020,85.5523,-9999.0000,-9999.0000,0.6006,-0.0015,0,0,6.5700
74778,18.1408,20.9102,76.2874,1.1266,-0.7517,1.5936,31.1579,27.4482,80.4950,21.8490,85.5186,-9999.0000,-9999.0000,4.5612,2.5110,0,0,6.5700
74779,12.2304,20.9221,39.8208,3.6240,-1.2269,1.6010,31.1658,16.6188,80.6187,21.9923,85.4959,-9999.0000,-9999.0000,-5.5032,2.0929,0,0,6.5700
74780,11.6762,20.8171,43.3309,1.8061,4.6851,2.0210,31.1686,31.4142,80.7379,25.9788,85.4759,-9999.0000,-9999.0000,-5.1207,-3.3693,0,0,6.5700
74781,10.7731,21.2539,43.5412,-6.1558,1.0223,1.7536,31.1661,21.5473,80.8469,17.4672,85.4585,-9999.0000,-9999.0000,-2.2487,-2.9958,0,0,6.5700
74782,16.6925,21.5965,43.6619,5.7442,-0.7996,1.1809,31.1688,25.2165,80.9595,22.4447,85.4539,-9999.0000,-9999.0000,5.2413,-2.7298,0,0,6.5700
74783,15.8063,20.1535,39.2589,-3.3641,1.4008,1.0490,31.1590,17.4192,81.0598,21.7453,85.4420,-9999.0000,-9999.0000,3.4795,-1.8445,0,0,6.5700
74784,16.2200,25.7836,40.6029,-6.3342,-0.0446,1.9779,31.1506,15.0842,81.1530,15.0439,85.4346,-9999.0000,-9999.0000,-8.9163,5.8467,0,0,6.5700
74785,11.5661,24.7064,43.8572,3.9890,-2.2812,11.0057,31.1541,17.6104,81.2276,18.9716,85.4193,-9999.0000,-9999.0000,-3.4457,0.3336,0,0,6.5700
74786,25.0997,52.1236,93.8496,-2.1910,0.8720,20.6296,31.1535,37.2488,81.2839,47.3768,85.4122,-9999.0000,-9999.0000,8.4847,1.9520,0,0,6.5700
74787,102.0506,192.0431,271.1911,-4.2555,1.6156,20.6147,31.1514,73.6526,81.3250,89.1857,85.4077,-9999.0000,-9999.0000,-3.9457,4.4975,0,0,6.5700
74788,99.5605,184.4817,321.0506,8.0433,3.8865,20.3334,31.1416,79.2920,81.3760,97.0526,85.4037,-9999.0000,-9999.0000,0.6506,3.2807,0,0,6.5700
74789,62.4220,103.6699,230.3015,3.4876,1.6251,15.5744,31.1438,66.8294,81.4032,91.7695,85.4033,-9999.0000,-9999.0000,-2.5781,2.1852,0,0,6.5700
74790,39.2573,67.0273,146.5086,0.0182,-2.2710,11.9192,31.1406,66.3499,81.4245,87.7243,85.3987,-9999.0000,-9999.0000,3.5035,1.5511,0,0,6.5700
74791,29.9972,45.7995,104.8257,2.7534,0.3516,8.3341,31.1372,49.7328,81.4311,58.1363,85.3998,-9999.0000,8.9111,-3.2743,0.8881,0,0,6.5700
74792,20.1324,36.0426,82.4253,-0.8868,2.4069,6.4834,31.1336,63.5878,81.4368,52.0105,85.3977,-9999.0000,6.5091,1.4873,2.3795,0,0,6.5700
74793,15.8495,32.3008,70.0364,-0.9728,-2.7264,5.3338,31.1287,39.7376,81.4370,40.3196,85.4010,4.2537,5.0032,-0.8187,0.1430,0,0,6.5700
74794,13.7737,24.2958,53.8348,-2.1911,2.8636,4.2364,31.1297,25.8978,81.4209,34.4932,85.4015,3.2827,5.5226,1.9928,4.1545,0,0,6.5700
74795,12.1643,20.2988,47.9791,1.6301,0.3497,2.9472,31.1305,27.5152,81.4038,35.1003,85.4134,4.3209,4.8150,2.3052,-0.6985,0,0,6.5700
74796,11.9841,19.9239,46.0371,5.0126,-4.5582,2.8549,31.1318,36.1002,81.3494,36.4234,85.4143,2.5478,5.7818,0.0046,30.5562,0,0,6.5700
74797,12.7269,24.9455,45.9277,3.6906,-3.6500,3.6269,31.1283,20.2694,81.2936,19.2196,85.4181,1.5016,5.3197,-2.5125,-1.5486,0,0,6.5700
74798,10.6157,22.4006,41.5145,2.6623,-0.0605,1.8592,31.1251,25.1447,81.2137,26.9440,85.4160,1.9245,6.1617,-0.7639,3.2057,0,0,6.5700
74799,13.3091,24.7898,51.4638,-0.2691,-4.2313,2.8800,31.1135,24.1035,81.1192,21.3923,85.4116,3.3903,7.0195,4.4531,1.9510,0,0,6.5700
74800,13.6598,21.7013,45.7195,3.9724,-1.9576,2.5745,31.0938,13.7954,80.9980,30.7706,85.4097,2.1024,6.2394,3.4432,-2.4769,0,0,6.5700
74801,11.2116,25.7643,46.3223,5.1594,2.6058,1.4897,31.0915,13.7110,80.8901,21.4531,85.4018,2.2740,2.7179,1.6032,3.6715,0,0,6.5700
74802,11.9775,19.3907,45.7134,-1.5211,4.9019,1.4022,31.0824,12.5545,80.7585,24.7516,85.3976,1.4399,2.6056,7.6564,2.5128,0,0,6.5700
74803,11.1770,22.1813,41.7701,1.7112,-0.3595,2.4701,31.0810,18.8455,80.6332,24.1836,85.3721,2.1619,4.1119,-10.3602,2.7568,0,0,6.5700
74804,14.3468,21.6018,49.7964,2.8546,0.9923,0.6609,31.0831,18.8723,80.4931,19.9640,85.3622,3.6737,3.5433,8.8836,-1.1171,0,0,6.5700
74805,14.0961,23.0297,45.1781,-2.2965,-1.5720,1.6689,31.0781,14.9829,80.3645,29.9427,85.3440,3.9966,7.8223,4.7281,2.2727,0,0,6.5700
74806,12.3715,18.5493,42.1284,8.4791,4.2332,1.5511,31.0721,16.3339,80.1989,28.2594,85.3178,7.8055,13.1439,10.0484,0.4491,0,0,6.5700
74807,11.1122,20.9736,36.8674,5.1037,1.4289,1.2261,31.0742,17.4225,80.0207,29.5621,85.2592,6.4265,6.5520,2.2632,0.5901,0,0,6.5700
74808,19.0861,19.4700,43.3750,2.6893,2.8330,0.7838,31.0760,14.2387,79.8332,24.7931,85.2133,5.0853,4.3051,-9999.0000,-0.3226,0,0,6.5700
74809,11.3881,19.7357,44.2435,3.8467,-2.9554,2.0858,31.0711,11.9936,79.6703,30.2257,85.1573,1.8772,6.9925,-9999.0000,1.5078,0,0,6.5700
74810,17.0952,20.1813,43.4586,3.0108,0.3762,1.9422,31.0725,17.4121,79.4996,24.9256,85.1177,2.0400,5.2806,-9999.0000,1.1513,0,0,6.5700
74811,15.7978,21.5194,39.9150,3.1204,1.1634,3.5190,31.0890,27.1670,79.3488,23.0312,85.0714,3.5212,2.9458,-9999.0000,-4.6462,0,0,6.5700
74812,12.6893,24.0511,33.8358,3.9572,0.7569,1.9166,31.0863,15.1717,79.1800,21.9464,85.0329,2.4529,2.7402,-9999.0000,0.0144,0,0,6.5700
74813,10.6293,21.1840,38.5141,1.7117,-1.1144,1.3741,31.0902,16.1965,79.0432,20.5206,85.0094,2.1817,3.4230,-9999.0000,0.3282,0,0,6.5700
74814,14.2670,22.3101,38.6867,-2.2276,-0.1737,1.3915,31.0728,19.3083,78.9239,23.1305,84.9912,2.5612,3.1282,-9999.0000,1.9346,0,0,6.5700
74815,10.6770,26.2621,41.7727,-1.6846,-3.5818,2.4526,31.0605,23.9340,78.8206,21.8693,84.9816,2.6584,3.8649,-9999.0000,1.2511,0,0,6.5700
74816,12.4643,17.7346,42.7358,-2.9143,6.5623,2.2486,31.0575,14.1685,78.7524,21.1547,84.9779,2.2076,3.5994,-9999.0000,1.5109,0,0,6.5700
74817,19.5748,15.5061,37.7316,0.9787,-0.3405,0.8293,31.0522,18.2165,78.6889,34.7713,84.9974,2.6240,6.1145,-9999.0000,1.8811,0,0,6.5700
74818,12.6293,15.7440,43.3318,0.6551,1.8191,1.5978,31.0412,20.1890,78.6710,28.2339,85.0822,1.4236,8.6799,-9999.0000,1.5377,0,0,6.5700
74819,14.4536,17.7482,40.9864,5.0236,2.0740,2.0284,31.0193,13.9644,78.6807,33.0810,85.2313,2.7422,7.7052,-9999.0000,-2.1079,0,0,6.5700
74820,14.2877,13.4861,40.8039,4.0708,0.6251,1.1858,31.0059,15.8028,78.8172,19.9205,85.3721,2.8360,4.1795,-9999.0000,0.1066,0,0,6.5700
74821,21.3409,15.6394,47.7053,-5.4562,-0.0868,2.0321,31.0075,19.7561,78.9817,19.0919,85.5343,1.5282,3.6736,-9999.0000,-1.5040,0,0,6.5700
74822,24.0275,18.3653,43.9968,4.3770,1.4358,1.7686,30.9953,19.6633,79.1439,27.6944,85.6546,2.6371,3.4495,-9999.0000,-9999.0000,0,0,6.5700
74823,13.9960,20.1406,43.1813,6.7746,-0.1424,1.6377,30.9874,16.2760,79.2911,19.4125,85.7928,3.6819,3.6333,-9999.0000,-9999.0000,0,0,6.5700
74824,19.4284,31.4279,54.3827,5.7794,0.3442,2.5547,31.0013,26.5102,79.4609,27.4574,85.9227,1.5074,2.6080,-9999.0000,-9999.0000,0,0,6.5700
74825,29.6423,62.1544,110.2467,5.2103,0.7288,0.7624,31.0009,40.6316,79.6003,59.9705,86.0479,4.5764,2.6321,-9999.0000,-9999.0000,0,0,6.5700
