Data/Raw/WAGNER,NICK/firexaq-AOP-optical_DC8_20190905_R1.ict
51, 1001
Wagner, Nicholas L.
NOAA Earth System Research Laboratory
NOAA AOP instrument
FIREX-AQ
1, 1
2019, 09, 05, 2020, 04, 27
1
Time_start, seconds_past_midnight, seconds from midnight
18
1, 1, 1, 1, 1, 1, 1, 1, 1, 1, 1, 1, 1, 1, 1, 1, 1, 1
-9999, -9999, -9999, -9999, -9999, -9999, -9999, -9999, -9999, -9999, -9999, -9999, -9999, -9999, -9999, -9999, -9999, -9999
ext_dry_664, Mm-1, AerOpt_Extinction_InSitu_RHd_red_Total_PM2.5_STP
ext_dry_532, Mm-1, AerOpt_Extinction_InSitu_RHd_green_Total_PM2.5_STP
ext_dry_405, Mm-1, AerOpt_Extinction_InSitu_RHd_blue_Total_PM2.5_STP
abs_dry_664, Mm-1, AerOpt_Absorption_InSitu_RHd_red_Total_PM2.5_STP
abs_dry_532, Mm-1, AerOpt_Absorption_InSitu_RHd_green_Total_PM2.5_STP
abs_dry_405, Mm-1, AerOpt_Absorption_InSitu_RHd_blue_Total_PM2.5_STP
AOP_RH_dry, pct, Relative_humidity_of_dry_RH_channels
ext_medRH_664, Mm-1, AerOpt_Extinction_InSitu_RH80_red_Total_PM2.5_STP
AOP_RH_med, pct, Relative_humidity_of_medium_RH_channel
ext_highRH_664, Mm-1, AerOpt_Extinction_InSitu_RH85_red_Total_PM2.5_STP
AOP_RH_high, pct, Relative_humidity_of_high_RH_channel
ext_TD_664, Mm-1, AerOpt_ExtinctionTD_InSitu_RHd_blue_Total_PM2.5_STP
ext_TD_405, Mm-1, AerOpt_ExtinctionTD_InSitu_RHd_red_Total_PM2.5_STP
abs_TD_664, Mm-1, AerOpt_Absorption_InSitu_RHd_red_Total_PM2.5_STP
abs_TD_405, Mm-1, AerOpt_Absorption_InSitu_RHd_blue_Total_PM2.5_STP
AOP_TD_bypass_flag, pct, Flag_for_TD_Bypass_valve
AOP_filter_flag, pct, Flag_for_Filter_Valve
AOP_Dilution_ratio, pct, Applied_Dilution_Ratio_for_ext_channels
1
N/A
18
PI_CONTACT_INFO: Address: NOAA ESRL Chemical Sciences Division, R/CSD2, 325 Broadway, Boulder, CO 80305. Email: nick.wagner@noaa.gov.
PLATFORM: NASA DC8
LOCATION: See the DC8 MetNav file, Based in Boise (BOI) and Salina, KS
ASSOCIATED_DATA: N/A
[...]
DATA_INFO: Mm-1:
UNCERTAINTY: The precision of the extinction measurements varies with aerosol loading and is +/-20% at 10 Mm-1 and +/-5% at 100 Mm-1. The accuracy of the dry measurement is +/-2% and depends on RH for the humidified measurements, +/-5% at 85% RH and +/-15% at 90% RH. For more details, see Langridge et al., Aerosol Science and Technology 45:1305-1318, 2011. Analysis of comparable measurements suggest incomplete mixing in the dilution system. Effective dilution for individual instruments can vary by +/- 30% compared to the reported flow-based dilution estimate. The absorption measurements have a high signal accuracy of 20%. The low signal precision varies with altitude and flight to flight, and is typically less than 10 Mm-1 for 1 second measurements.
ULOD_FLAG: -7777
ULOD_VALUE: N/A
LLOD_FLAG: -8888
LLOD_VALUE: N/A
DM_CONTACT_INFO: Gao Chen
PROJECT_INFO: FIREX-AQ
STIPULATIONS_ON_USE: NASA Data Policy. Contact with PI is encouraged.
OTHER_COMMENTS: N/A
REVISION: R1
R1: Absorption measurements have been corrected for pressure dependent microphone sensitivity. In-cloud data has been removed. R0: Final Data. 
Time_start, ext_dry_664, ext_dry_532, ext_dry_405, abs_dry_664, abs_dry_532, abs_dry_405, AOP_RH_dry, ext_medRH_664, AOP_RH_med, ext_highRH_664, AOP_RH_high, ext_TD_664, ext_TD_405, abs_TD_664, abs_TD_405, AOP_TD_bypass_flag, AOP_filter_flag, AOP_Dilution_ratio
[from data line 19060]
82435,-9999.0000,-9999.0000,-9999.0000,-9999.0000,-9999.0000,-9999.0000,31.9232,-9999.0000,80.3931,-9999.0000,85.6467,-9999.0000,-9999.0000,-9999.0000,-9999.0000,0,1,1.0000
82436,-9999.0000,-9999.0000,-9999.0000,-9999.0000,-9999.0000,-9999.0000,31.9314,-9999.0000,80.5071,-9999.0000,85.6111,-9999.0000,-9999.0000,-9999.0000,-9999.0000,0,1,1.0000
82437,-9999.0000,-9999.0000,-9999.0000,-9999.0000,-9999.0000,-9999.0000,31.9347,-9999.0000,80.6045,-9999.0000,85.5405,-9999.0000,-9999.0000,-9999.0000,-9999.0000,0,1,1.0000
82438,-9999.0000,-9999.0000,-9999.0000,-9999.0000,-9999.0000,-9999.0000,31.9263,-9999.0000,80.6956,-9999.0000,85.4966,-9999.0000,-9999.0000,-9999.0000,-9999.0000,0,1,1.0000
82439,-9999.0000,-9999.0000,-9999.0000,-9999.0000,-9999.0000,-9999.0000,31.9462,-9999.0000,80.7445,-9999.0000,85.4520,-9999.0000,-9999.0000,-9999.0000,-9999.0000,0,1,1.0000
82440,-9999.0000,-9999.0000,-9999.0000,-9999.0000,-9999.0000,-9999.0000,31.9477,-9999.0000,80.8361,-9999.0000,85.3994,-9999.0000,-9999.0000,-9999.0000,-9999.0000,0,1,1.0000
82441,-9999.0000,-9999.0000,-9999.0000,-9999.0000,-9999.0000,-9999.0000,31.9429,-9999.0000,80.8942,-9999.0000,85.3454,-9999.0000,-9999.0000,-9999.0000,-9999.0000,0,1,1.0000
82442,-9999.0000,-9999.0000,-9999.0000,-9999.0000,-9999.0000,-9999.0000,31.9484,-9999.0000,80.9589,-9999.0000,85.3168,-9999.0000,-9999.0000,-9999.0000,-9999.0000,0,1,1.0000
82443,-9999.0000,-9999.0000,-9999.0000,-9999.0000,-9999.0000,-9999.0000,31.9617,-9999.0000,81.0133,-9999.0000,85.2908,-9999.0000,-9999.0000,-9999.0000,-9999.0000,0,1,1.0000
82444,-9999.0000,-9999.0000,-9999.0000,-9999.0000,-9999.0000,-9999.0000,31.9755,-9999.0000,81.0606,-9999.0000,85.2433,-9999.0000,-9999.0000,-9999.0000,-9999.0000,0,1,1.0000
82445,-9999.0000,-9999.0000,-9999.0000,-9999.0000,-9999.0000,-9999.0000,31.9685,-9999.0000,81.0988,-9999.0000,85.2363,-9999.0000,-9999.0000,-9999.0000,-9999.0000,0,1,1.0000
82446,-9999.0000,-9999.0000,-9999.0000,-9999.0000,-9999.0000,-9999.0000,31.9702,-9999.0000,81.0956,-9999.0000,85.2247,-9999.0000,-9999.0000,-9999.0000,-9999.0000,0,1,1.0000
82447,-9999.0000,-9999.0000,-9999.0000,-9999.0000,-9999.0000,-9999.0000,31.9767,-9999.0000,81.1182,-9999.0000,85.2051,-9999.0000,-9999.0000,-9999.0000,-9999.0000,0,1,1.0000
82448,-9999.0000,-9999.0000,-9999.0000,-9999.0000,-9999.0000,-9999.0000,31.9769,-9999.0000,81.1359,-9999.0000,85.2179,-9999.0000,-9999.0000,-9999.0000,-9999.0000,0,1,1.0000
82449,-9999.0000,-9999.0000,-9999.0000,-9999.0000,-9999.0000,-9999.0000,31.9843,-9999.0000,81.1309,-9999.0000,85.2198,-9999.0000,-9999.0000,-9999.0000,-9999.0000,0,1,1.0000
82450,-9999.0000,-9999.0000,-9999.0000,-9999.0000,-9999.0000,-9999.0000,31.9781,-9999.0000,81.1450,-9999.0000,85.2073,-9999.0000,-9999.0000,-9999.0000,-9999.0000,0,1,1.0000
82451,-9999.0000,-9999.0000,-9999.0000,-9999.0000,-9999.0000,-9999.0000,31.9793,-9999.0000,81.1341,-9999.0000,85.2112,-9999.0000,-9999.0000,-9999.0000,-9999.0000,0,1,1.0000
82452,-9999.0000,-9999.0000,-9999.0000,-9999.0000,-9999.0000,-9999.0000,31.9734,-9999.0000,81.1199,-9999.0000,85.2336,-9999.0000,-9999.0000,-9999.0000,-9999.0000,0,1,1.0000
82453,-9999.0000,-9999.0000,-9999.0000,-9999.0000,-9999.0000,-9999.0000,31.9747,-9999.0000,81.0725,-9999.0000,85.2553,-9999.0000,-9999.0000,-9999.0000,-9999.0000,0,1,1.0000
82454,-9999.0000,-9999.0000,-9999.0000,-9999.0000,-9999.0000,-9999.0000,31.9831,-9999.0000,80.9922,-9999.0000,85.2977,-9999.0000,-9999.0000,-9999.0000,-9999.0000,0,1,1.0000
82455,-9999.0000,-9999.0000,-9999.0000,-9999.0000,-9999.0000,-9999.0000,31.9952,-9999.0000,80.9110,-9999.0000,85.3389,-9999.0000,-9999.0000,-9999.0000,-9999.0000,0,1,1.0000
82456,-9999.0000,-9999.0000,-9999.0000,-9999.0000,-9999.0000,-9999.0000,31.9935,-9999.0000,80.8098,-9999.0000,85.3818,-9999.0000,-9999.0000,-9999.0000,-9999.0000,0,1,1.0000
82457,-9999.0000,-9999.0000,-9999.0000,-9999.0000,-9999.0000,-9999.0000,31.9901,-9999.0000,80.6643,-9999.0000,85.4280,-9999.0000,-9999.0000,-9999.0000,-9999.0000,0,1,1.0000
82458,-9999.0000,-9999.0000,-9999.0000,-9999.0000,-9999.0000,-9999.0000,31.9829,-9999.0000,80.5607,-9999.0000,85.4511,-9999.0000,-9999.0000,-9999.0000,-9999.0000,0,1,1.0000
82459,-9999.0000,-9999.0000,-9999.0000,-9999.0000,-9999.0000,-9999.0000,31.9833,-9999.0000,80.4371,-9999.0000,85.4827,-9999.0000,-9999.0000,-9999.0000,-9999.0000,0,1,1.0000
82460,-9999.0000,-9999.0000,-9999.0000,-9999.0000,-9999.0000,-9999.0000,31.9806,-9999.0000,80.3015,-9999.0000,85.5048,-9999.0000,-9999.0000,-9999.0000,-9999.0000,0,1,1.0000
82461,-9999.0000,-9999.0000,-9999.0000,-9999.0000,-9999.0000,-9999.0000,31.9901,-9999.0000,80.1576,-9999.0000,85.5093,-9999.0000,-9999.0000,-9999.0000,-9999.0000,0,1,1.0000
82462,-9999.0000,-9999.0000,-9999.0000,-9999.0000,-9999.0000,-9999.0000,32.0026,-9999.0000,79.9728,-9999.0000,85.5286,-9999.0000,-9999.0000,-9999.0000,-9999.0000,0,1,1.0000
82463,-9999.0000,-9999.0000,-9999.0000,-9999.0000,-9999.0000,-9999.0000,31.9869,-9999.0000,79.8295,-9999.0000,85.5255,-9999.0000,-9999.0000,-9999.0000,-9999.0000,0,1,1.0000
82464,-9999.0000,-9999.0000,-9999.0000,-9999.0000,-9999.0000,-9999.0000,31.9849,-9999.0000,79.6748,-9999.0000,85.5329,-9999.0000,-9999.0000,-9999.0000,-9999.0000,0,1,1.0000
82465,-9999.0000,-9999.0000,-9999.0000,-9999.0000,-9999.0000,-9999.0000,31.9990,-9999.0000,79.5157,-9999.0000,85.5320,-9999.0000,-9999.0000,-9999.0000,-9999.0000,0,1,1.0000
82466,-9999.0000,-9999.0000,-9999.0000,-9999.0000,-9999.0000,-9999.0000,31.9933,-9999.0000,79.3641,-9999.0000,85.5190,-9999.0000,-9999.0000,-9999.0000,-9999.0000,0,1,1.0000
82467,-9999.0000,-9999.0000,-9999.0000,-9999.0000,-9999.0000,-9999.0000,31.9958,-9999.0000,79.2097,-9999.0000,85.5186,-9999.0000,-9999.0000,-9999.0000,-9999.0000,0,1,1.0000
82468,-9999.0000,-9999.0000,-9999.0000,-9999.0000,-9999.0000,-9999.0000,32.0053,-9999.0000,79.0736,-9999.0000,85.5066,-9999.0000,-9999.0000,-9999.0000,-9999.0000,0,1,1.0000
82469,-9999.0000,-9999.0000,-9999.0000,-9999.0000,-9999.0000,-9999.0000,32.0103,-9999.0000,78.9635,-9999.0000,85.4746,-9999.0000,-9999.0000,-9999.0000,-9999.0000,0,1,1.0000
82470,-9999.0000,-9999.0000,-9999.0000,-9999.0000,-9999.0000,-9999.0000,32.0103,-9999.0000,78.8480,-9999.0000,85.4565,-9999.0000,-9999.0000,-9999.0000,-9999.0000,0,1,1.0000
82471,-9999.0000,-9999.0000,-9999.0000,-9999.0000,-9999.0000,-9999.0000,32.0082,-9999.0000,78.7860,-9999.0000,85.4172,-9999.0000,-9999.0000,-9999.0000,-9999.0000,0,1,1.0000
82472,-9999.0000,-9999.0000,-9999.0000,-9999.0000,-9999.0000,-9999.0000,32.0170,-9999.0000,78.7163,-9999.0000,85.3912,-9999.0000,-9999.0000,-9999.0000,-9999.0000,0,1,1.0000
82473,-9999.0000,-9999.0000,-9999.0000,-9999.0000,-9999.0000,-9999.0000,32.0183,-9999.0000,78.6386,-9999.0000,85.3752,-9999.0000,-9999.0000,-9999.0000,-9999.0000,0,1,1.0000
82474,-9999.0000,-9999.0000,-9999.0000,-9999.0000,-9999.0000,-9999.0000,32.0188,-9999.0000,78.6144,-9999.0000,85.3373,-9999.0000,-9999.0000,-9999.0000,-9999.0000,0,1,1.0000
82475,-9999.0000,-9999.0000,-9999.0000,-9999.0000,-9999.0000,-9999.0000,32.0146,-9999.0000,78.5854,-9999.0000,85.3312,-9999.0000,-9999.0000,-9999.0000,-9999.0000,0,1,1.0000
82476,-9999.0000,-9999.0000,-9999.0000,-9999.0000,-9999.0000,-9999.0000,32.0097,-9999.0000,78.5483,-9999.0000,85.3164,-9999.0000,-9999.0000,-9999.0000,-9999.0000,0,1,1.0000
82477,-9999.0000,-9999.0000,-9999.0000,-9999.0000,-9999.0000,-9999.0000,32.0120,-9999.0000,78.5293,-9999.0000,85.2957,-9999.0000,-9999.0000,-9999.0000,-9999.0000,0,1,1.0000
82478,-9999.0000,-9999.0000,-9999.0000,-9999.0000,-9999.0000,-9999.0000,32.0158,-9999.0000,78.5186,-9999.0000,85.2949,-9999.0000,-9999.0000,-9999.0000,-9999.0000,0,1,1.0000
82479,-9999.0000,-9999.0000,-9999.0000,-9999.0000,-9999.0000,-9999.0000,32.0033,-9999.0000,78.5051,-9999.0000,85.2910,-9999.0000,-9999.0000,-9999.0000,3.4183,0,1,1.0000
82480,-9999.0000,-9999.0000,-9999.0000,-9999.0000,-9999.0000,-9999.0000,32.0081,-9999.0000,78.5176,-9999.0000,85.2970,-9999.0000,-9999.0000,-9999.0000,3.6996,0,1,1.0000
82481,-9999.0000,-9999.0000,-9999.0000,-9999.0000,-9999.0000,-9999.0000,32.0115,-9999.0000,78.5308,-9999.0000,85.3110,-9999.0000,-9999.0000,-9999.0000,1.5330,0,0,1.0000
82482,-9999.0000,-9999.0000,-9999.0000,-9999.0000,-9999.0000,-9999.0000,31.9995,-9999.0000,78.5923,-9999.0000,85.3113,-9999.0000,-9999.0000,-9999.0000,-0.7833,0,0,1.0000
82483,-9999.0000,-9999.0000,-9999.0000,-9999.0000,-9999.0000,-9999.0000,32.0080,-9999.0000,78.6687,-9999.0000,85.3553,-9999.0000,-9999.0000,-9999.0000,2.2321,0,0,1.0000
82484,-9999.0000,-9999.0000,-9999.0000,-9999.0000,-9999.0000,-9999.0000,31.9967,-9999.0000,78.7511,-9999.0000,85.3896,-9999.0000,-9999.0000,-9999.0000,5.3958,0,0,1.0000
82485,-9999.0000,-9999.0000,-9999.0000,-9999.0000,-9999.0000,-9999.0000,32.0005,-9999.0000,78.8449,-9999.0000,85.4217,-9999.0000,-9999.0000,-9999.0000,3.4446,0,0,1.0000
82486,-9999.0000,-9999.0000,-9999.0000,-9999.0000,-9999.0000,-9999.0000,31.9980,-9999.0000,78.9387,-9999.0000,85.4746,-9999.0000,-9999.0000,-9999.0000,6.2871,0,0,1.0000
82487,-9999.0000,-9999.0000,-9999.0000,-9999.0000,-9999.0000,-9999.0000,31.9978,-9999.0000,79.0449,-9999.0000,85.5087,-9999.0000,-9999.0000,-9999.0000,2.2939,0,0,1.0000
82488,-9999.0000,-9999.0000,-9999.0000,-9999.0000,-9999.0000,-9999.0000,32.0082,-9999.0000,79.1614,-9999.0000,85.5456,-9999.0000,-9999.0000,-9999.0000,9.2792,0,0,1.0000
82489,-9999.0000,-9999.0000,-9999.0000,-9999.0000,-9999.0000,-9999.0000,32.0014,-9999.0000,79.2379,-9999.0000,85.5793,-9999.0000,-9999.0000,-9999.0000,6.5076,0,0,1.0000
82490,-9999.0000,-9999.0000,-9999.0000,2.2369,4.2173,7.6173,32.0062,-9999.0000,79.3580,-9999.0000,85.6248,-9999.0000,-9999.0000,-9999.0000,5.7927,0,0,1.0000
82491,-9999.0000,-9999.0000,-9999.0000,0.2054,3.1529,7.3427,32.0191,-9999.0000,79.4807,-9999.0000,85.6713,-9999.0000,-9999.0000,-9999.0000,8.5468,0,0,1.0000
82492,-9999.0000,-9999.0000,-9999.0000,6.2938,3.8124,7.6846,32.0090,-9999.0000,79.6168,-9999.0000,85.6847,-9999.0000,-9999.0000,-9999.0000,6.0934,0,0,1.0000
82493,-9999.0000,-9999.0000,-9999.0000,3.3338,3.6339,6.6682,32.0141,-9999.0000,79.7329,-9999.0000,85.7093,-9999.0000,-9999.0000,-9999.0000,1.4711,0,0,1.0000
82494,26.1315,45.8467,71.5297,4.7660,5.6438,6.2670,32.0176,39.1127,79.8543,-9999.0000,85.7261,-9999.0000,-9999.0000,-9999.0000,4.9634,0,0,1.0000
82495,32.5595,46.7841,68.7077,7.0863,7.5111,9.7011,32.0018,46.6727,79.9734,69.4002,85.7136,-9999.0000,-9999.0000,-9999.0000,6.8187,0,0,1.0000
82496,27.3242,42.9615,65.1576,0.6440,3.5610,11.3273,32.0123,42.7728,80.1245,49.4158,85.7345,-9999.0000,-9999.0000,-9999.0000,7.5225,0,0,1.0000
82497,24.7236,44.4211,71.7200,3.6988,4.2108,7.9125,32.0073,47.8160,80.2344,68.2871,85.7395,-9999.0000,-9999.0000,-9999.0000,5.6609,0,0,1.0000
82498,28.7442,42.0808,68.7143,0.5791,4.2578,6.8719,32.0228,34.9048,80.3611,50.5839,85.7246,-9999.0000,-9999.0000,-9999.0000,2.6452,0,0,1.0000
82499,28.6123,39.7711,69.8258,-1.1858,3.4654,6.5945,32.0271,55.2543,80.4738,56.7737,85.7237,-9999.0000,-9999.0000,-9999.0000,3.9351,0,0,1.0000
82500,25.5985,43.5562,71.1559,5.5436,6.1536,7.1126,32.0321,39.6293,80.5882,52.1988,85.7030,-9999.0000,-9999.0000,-9999.0000,3.1856,0,0,1.0000
82501,29.4250,46.2690,66.3566,0.1764,3.5282,6.4131,32.0406,27.9094,80.7049,48.9254,85.6803,-9999.0000,-9999.0000,-9999.0000,4.2497,0,0,1.0000
82502,26.5385,41.3841,64.7267,6.0882,3.4904,9.9505,32.0530,33.8503,80.7939,52.0033,85.6622,-9999.0000,-9999.0000,-9999.0000,3.2443,0,0,1.0000
82503,31.7121,44.4653,64.7143,-0.0595,4.1883,10.0368,32.0619,43.2979,80.9050,34.7616,85.6068,-9999.0000,-9999.0000,-9999.0000,6.8056,0,0,1.0000
82504,28.7062,37.5299,60.8167,9.1435,7.1222,8.5071,32.0735,47.0180,80.9900,34.9125,85.5539,-9999.0000,-9999.0000,-9999.0000,2.5251,0,0,1.0000
82505,31.9088,40.3155,64.4741,5.2008,4.2531,8.8674,32.0792,56.3796,81.0633,56.9714,85.5035,-9999.0000,-9999.0000,-9999.0000,2.4526,0,0,1.0000
82506,27.3393,39.0706,59.0192,1.6805,5.0217,6.7554,32.0802,48.7108,81.1395,54.3360,85.4605,-9999.0000,-9999.0000,-9999.0000,6.8764,0,0,1.0000
82507,25.8857,35.6564,59.5344,-0.0157,1.3014,7.0356,32.0825,37.1193,81.1849,40.5113,85.4174,-9999.0000,-9999.0000,-9999.0000,3.8563,0,0,1.0000
82508,29.0560,38.6134,60.8464,-0.7467,2.1176,6.5500,32.0878,33.5793,81.2314,54.0690,85.3640,-9999.0000,-9999.0000,-9999.0000,4.6737,0,0,1.0000
82509,22.7753,38.9590,59.3645,5.0492,2.8476,8.0791,32.1185,34.0676,81.2439,43.8052,85.3493,-9999.0000,-9999.0000,-9999.0000,4.6977,0,0,1.0000
82510,29.0971,41.7865,64.0601,-0.9255,5.9992,7.2221,32.1127,41.0702,81.2644,44.7719,85.3177,-9999.0000,-9999.0000,-9999.0000,6.5929,0,0,1.0000
82511,23.3050,37.4184,58.9326,0.8785,4.3249,7.8737,32.1170,36.1777,81.2824,56.2425,85.3157,-9999.0000,-9999.0000,-9999.0000,5.9565,0,0,1.0000
82512,22.0993,35.0130,57.8301,3.5725,3.9187,8.1759,32.1117,42.8257,81.2815,54.6495,85.3067,-9999.0000,-9999.0000,-9999.0000,6.7917,0,0,1.0000
82513,29.6943,42.3787,58.9033,-0.6661,2.9560,6.7172,32.1183,42.8219,81.2985,42.8952,85.2915,-9999.0000,-9999.0000,-9999.0000,4.2344,0,0,1.0000
82514,29.5223,35.3791,57.5866,0.6821,2.8578,10.5521,32.1282,43.2467,81.2924,55.7334,85.3004,-9999.0000,-9999.0000,-9999.0000,4.7846,0,0,1.0000
82515,22.6882,35.7613,61.1182,-0.1948,4.1424,7.2076,32.1283,37.7787,81.3031,47.4465,85.3054,-9999.0000,-9999.0000,-9999.0000,-0.0941,0,0,1.0000
82516,25.6509,37.8062,58.4001,2.8982,4.7923,7.0608,32.1418,29.1522,81.2766,45.0831,85.3109,-9999.0000,-9999.0000,-9999.0000,2.5740,0,0,1.0000
82517,25.0632,36.3620,58.4551,3.5918,0.8832,6.3900,32.1667,30.3205,81.2345,46.7418,85.3193,-9999.0000,-9999.0000,-9999.0000,1.1286,0,0,1.0000
82518,21.2058,40.4296,60.5138,-2.9402,3.7132,5.9154,32.1711,37.3075,81.1604,52.9933,85.3467,-9999.0000,-9999.0000,-9999.0000,3.0096,0,0,1.0000
82519,23.5338,40.2871,61.1046,1.2382,5.2999,6.0784,32.1814,37.7366,81.0551,48.6352,85.3786,-9999.0000,-9999.0000,-9999.0000,5.3313,0,0,1.0000
82520,24.3760,34.8163,58.3803,0.3000,4.3468,5.2381,32.1760,34.6425,80.9514,41.3074,85.3971,-9999.0000,-9999.0000,-9999.0000,4.6900,0,0,1.0000
82521,23.5605,36.3071,60.3575,1.3152,4.0620,5.0019,32.1823,37.5414,80.8189,51.4953,85.4313,-9999.0000,-9999.0000,-9999.0000,3.9467,0,0,1.0000
82522,25.5300,37.2242,60.8756,0.5654,3.8218,6.3489,32.1792,28.5282,80.7189,46.3389,85.4575,-9999.0000,-9999.0000,-9999.0000,4.8351,0,0,1.0000
82523,21.5494,34.7292,59.8830,3.9682,4.1933,5.7839,32.1947,31.4495,80.5762,44.1861,85.5029,-9999.0000,-9999.0000,-9999.0000,1.6827,0,0,1.0000
82524,23.1676,38.1563,61.9084,3.8382,2.1700,5.6930,32.2031,25.3873,80.4603,43.1641,85.5331,-9999.0000,12.4748,-9999.0000,4.4522,0,0,1.0000
82525,21.4356,37.7911,55.7694,2.2781,3.5665,5.6888,32.2102,37.7909,80.3311,34.5330,85.5662,-9999.0000,9.5783,-9999.0000,0.1190,0,0,1.0000
82526,21.8040,33.5968,57.3437,1.9566,6.0536,6.8961,32.2127,46.4412,80.1866,40.6141,85.5798,6.3993,11.3903,-9999.0000,7.4669,0,0,1.0000
82527,21.9148,36.5156,60.2741,2.1641,5.0903,5.3033,32.2437,30.4469,80.0392,44.1472,85.6028,6.7617,14.5242,-9999.0000,2.9939,0,0,1.0000
82528,28.3916,34.7191,64.9947,9.4361,4.8736,5.5387,32.2564,29.4925,79.8462,44.7343,85.6149,7.8272,21.5050,-9999.0000,-0.8309,0,0,1.0000
82529,32.7052,38.8165,60.0508,6.6148,5.4788,5.5451,32.2603,36.7573,79.6695,43.5254,85.6029,4.9593,22.4006,-9999.0000,2.6149,0,0,1.0000
82530,25.0086,35.7150,53.7973,6.0474,4.0761,5.2061,32.2772,32.3357,79.4938,37.4803,85.6200,5.8943,23.2426,-9999.0000,8.1368,0,0,1.0000
82531,26.1353,38.3369,55.2600,-0.3964,4.1285,5.4570,32.2820,37.5843,79.3417,33.4203,85.6040,7.5726,13.8894,-9999.0000,6.8859,0,0,1.0000
82532,25.0096,38.0632,57.9597,3.8947,4.1006,6.2399,32.2907,31.2398,79.1975,52.7568,85.5917,10.2121,12.8034,-9999.0000,4.5393,0,0,1.0000
82533,33.0695,41.8109,66.3595,2.5961,2.9227,8.1127,32.2827,37.9300,79.0335,31.8400,85.5555,11.3265,15.6576,-9999.0000,1.9863,0,0,1.0000
