Data/Raw/WAGNER,NICK/firexaq-AOP-optical_DC8_20190819_R1.ict
51, 1001
Wagner, Nicholas L.
NOAA Earth System Research Laboratory
NOAA AOP instrument
FIREX-AQ
1, 1
2019, 08, 19, 2020, 04, 27
1
Time_start, seconds_past_midnight, seconds from midnight
18
1, 1, 1, 1, 1, 1, 1, 1, 1, 1, 1, 1, 1, 1, 1, 1, 1, 1
-9999, -9999, -9999, -9999, -9999, -9999, -9999, -9999, -9999, -9999, -9999, -9999, -9999, -9999, -9999, -9999, -9999, -9999
ext_dry_664, Mm-1, AerOpt_Extinction_InSitu_RHd_red_Total_PM2.5_STP
ext_dry_532, Mm-1, AerOpt_Extinction_InSitu_RHd_green_Total_PM2.5_STP
ext_dry_405, Mm-1, AerOpt_Extinction_InSitu_RHd_blue_Total_PM2.5_STP
abs_dry_664, Mm-1, AerOpt_Absorption_InSitu_RHd_red_Total_PM2.5_STP
abs_dry_532, Mm-1, AerOpt_Absorption_InSitu_RHd_green_Total_PM2.5_STP
abs_dry_405, Mm-1, AerOpt_Absorption_InSitu_RHd_blue_Total_PM2.5_STP
AOP_RH_dry, pct, Relative_humidity_of_dry_RH_channels
ext_medRH_664, Mm-1, AerOpt_Extinction_InSitu_RH80_red_Total_PM2.5_STP
AOP_RH_med, pct, Relative_humidity_of_medium_RH_channel
ext_highRH_664, Mm-1, AerOpt_Extinction_InSitu_RH85_red_Total_PM2.5_STP
AOP_RH_high, pct, Relative_humidity_of_high_RH_channel
ext_TD_664, Mm-1, AerOpt_ExtinctionTD_InSitu_RHd_blue_Total_PM2.5_STP
ext_TD_405, Mm-1, AerOpt_ExtinctionTD_InSitu_RHd_red_Total_PM2.5_STP
abs_TD_664, Mm-1, AerOpt_Absorption_InSitu_RHd_red_Total_PM2.5_STP
abs_TD_405, Mm-1, AerOpt_Absorption_InSitu_RHd_blue_Total_PM2.5_STP
AOP_TD_bypass_flag, pct, Flag_for_TD_Bypass_valve
AOP_filter_flag, pct, Flag_for_Filter_Valve
AOP_Dilution_ratio, pct, Applied_Dilution_Ratio_for_ext_channels
1
N/A
18
PI_CONTACT_INFO: Address: NOAA ESRL Chemical Sciences Division, R/CSD2, 325 Broadway, Boulder, CO 80305. Email: nick.wagner@noaa.gov.
PLATFORM: NASA DC8
LOCATION: See the DC8 MetNav file, Based in Boise (BOI) and Salina, KS
ASSOCIATED_DATA: N/A
[...]
DATA_INFO: Mm-1:
UNCERTAINTY: The precision of the extinction measurements varies with aerosol loading and is +/-20% at 10 Mm-1 and +/-5% at 100 Mm-1. The accuracy of the dry measurement is +/-2% and depends on RH for the humidified measurements, +/-5% at 85% RH and +/-15% at 90% RH. For more details, see Langridge et al., Aerosol Science and Technology 45:1305-1318, 2011. Analysis of comparable measurements suggest incomplete mixing in the dilution system. Effective dilution for individual instruments can vary by +/- 30% compared to the reported flow-based dilution estimate. The absorption measurements have a high signal accuracy of 20%. The low signal precision varies with altitude and flight to flight, and is typically less than 10 Mm-1 for 1 second measurements.
ULOD_FLAG: -7777
ULOD_VALUE: N/A
LLOD_FLAG: -8888
LLOD_VALUE: N/A
DM_CONTACT_INFO: Gao Chen
PROJECT_INFO: FIREX-AQ
STIPULATIONS_ON_USE: NASA Data Policy. Contact with PI is encouraged.
OTHER_COMMENTS: N/A
REVISION: R1
R1: Absorption measurements have been corrected for pressure dependent microphone sensitivity. In-cloud data has been removed. R0: Final Data. 
Time_start, ext_dry_664, ext_dry_532, ext_dry_405, abs_dry_664, abs_dry_532, abs_dry_405, AOP_RH_dry, ext_medRH_664, AOP_RH_med, ext_highRH_664, AOP_RH_high, ext_TD_664, ext_TD_405, abs_TD_664, abs_TD_405, AOP_TD_bypass_flag, AOP_filter_flag, AOP_Dilution_ratio
[from data line 6490]
70839,-9999.0000,-9999.0000,-9999.0000,-9999.0000,-9999.0000,-9999.0000,1.8509,-9999.0000,81.4706,-9999.0000,81.3738,-9999.0000,-9999.0000,2.7432,-9999.0000,0,1,1.0000
70840,-9999.0000,-9999.0000,-9999.0000,-9999.0000,-9999.0000,-9999.0000,1.8515,-9999.0000,81.4694,-9999.0000,81.3734,-9999.0000,-9999.0000,-1.5205,-9999.0000,0,1,1.0000
70841,-9999.0000,-9999.0000,-9999.0000,-9999.0000,-9999.0000,-9999.0000,1.8508,-9999.0000,81.4600,-9999.0000,81.3732,-9999.0000,-9999.0000,-2.8621,-9999.0000,0,1,1.0000
70842,-9999.0000,-9999.0000,-9999.0000,-9999.0000,-9999.0000,-9999.0000,1.8516,-9999.0000,81.4441,-9999.0000,81.3753,-9999.0000,-9999.0000,-3.5328,-9999.0000,0,1,1.0000
70843,-9999.0000,-9999.0000,-9999.0000,-9999.0000,-9999.0000,-9999.0000,1.8517,-9999.0000,81.4082,-9999.0000,81.3761,-9999.0000,-9999.0000,-0.7925,-9999.0000,0,1,1.0000
70844,-9999.0000,-9999.0000,-9999.0000,-9999.0000,-9999.0000,-9999.0000,1.8518,-9999.0000,81.3717,-9999.0000,81.3779,-9999.0000,-9999.0000,5.7908,-9999.0000,0,1,1.0000
70845,-9999.0000,-9999.0000,-9999.0000,-9999.0000,-9999.0000,-9999.0000,1.8468,-9999.0000,81.3368,-9999.0000,81.3791,-9999.0000,-9999.0000,5.4883,-9999.0000,0,1,1.0000
70846,-9999.0000,-9999.0000,-9999.0000,-9999.0000,-9999.0000,-9999.0000,1.8358,-9999.0000,81.2977,-9999.0000,81.3884,-9999.0000,-9999.0000,2.2036,-9999.0000,0,0,1.0000
70847,-9999.0000,-9999.0000,-9999.0000,-9999.0000,-9999.0000,-9999.0000,1.8308,-9999.0000,81.2496,-9999.0000,81.4053,-9999.0000,-9999.0000,8.9174,-9999.0000,0,0,1.0000
70848,-9999.0000,-9999.0000,-9999.0000,-9999.0000,-9999.0000,-9999.0000,1.8340,-9999.0000,81.1941,-9999.0000,81.4236,-9999.0000,-9999.0000,0.0434,5.6126,0,0,1.0000
70849,-9999.0000,-9999.0000,-9999.0000,-9999.0000,-9999.0000,-9999.0000,1.8289,-9999.0000,81.1389,-9999.0000,81.4380,-9999.0000,-9999.0000,-2.5071,6.3667,0,0,1.0000
70850,-9999.0000,-9999.0000,-9999.0000,-9999.0000,-9999.0000,-9999.0000,1.8238,-9999.0000,81.0701,-9999.0000,81.4566,-9999.0000,-9999.0000,-0.3588,2.6360,0,0,1.0000
70851,-9999.0000,-9999.0000,-9999.0000,-9999.0000,-9999.0000,-9999.0000,1.8205,-9999.0000,80.9980,-9999.0000,81.4709,-9999.0000,-9999.0000,-1.0973,8.7201,0,0,1.0000
70852,-9999.0000,-9999.0000,-9999.0000,-9999.0000,-9999.0000,-9999.0000,1.8160,-9999.0000,80.9254,-9999.0000,81.4950,-9999.0000,-9999.0000,9.4960,-1.0787,0,0,1.0000
70853,-9999.0000,-9999.0000,-9999.0000,-9999.0000,-9999.0000,-9999.0000,1.8151,-9999.0000,80.8671,-9999.0000,81.5231,-9999.0000,-9999.0000,2.8479,-2.2466,0,0,1.0000
70854,-9999.0000,-9999.0000,-9999.0000,-9999.0000,-9999.0000,-9999.0000,1.8143,-9999.0000,80.8095,-9999.0000,81.5550,-9999.0000,-9999.0000,4.9805,-2.1956,0,0,1.0000
70855,-9999.0000,-9999.0000,-9999.0000,-9999.0000,-9999.0000,-9999.0000,1.8059,-9999.0000,80.7493,-9999.0000,81.5885,-9999.0000,-9999.0000,14.4799,1.6655,0,0,1.0000
70856,-9999.0000,-9999.0000,-9999.0000,-9999.0000,-9999.0000,-9999.0000,1.7960,-9999.0000,80.6919,-9999.0000,81.6165,-9999.0000,-9999.0000,0.1742,0.5481,0,0,1.0000
70857,-9999.0000,-9999.0000,-9999.0000,-9999.0000,-9999.0000,-9999.0000,1.7901,-9999.0000,80.6243,-9999.0000,81.6470,-9999.0000,-9999.0000,1.6176,3.1327,0,0,1.0000
70858,-9999.0000,-9999.0000,-9999.0000,0.8393,0.6964,-9999.0000,1.7901,-9999.0000,80.5673,-9999.0000,81.6692,-9999.0000,-9999.0000,-1.3026,5.2149,0,0,1.0000
70859,11.1354,18.8613,40.5634,7.5895,-4.0305,1.1222,1.7897,17.1291,80.5005,-9999.0000,81.6957,-9999.0000,-9999.0000,7.3062,-3.2774,0,0,1.0000
70860,13.7336,19.9302,35.1023,-0.4755,-2.4066,1.5070,1.7788,14.6967,80.4329,13.8789,81.7246,-9999.0000,-9999.0000,0.0635,-0.2750,0,0,1.0000
70861,11.1393,19.1322,35.5927,-0.8349,-0.4679,-0.2867,1.7845,13.5605,80.3635,14.1414,81.7592,-9999.0000,-9999.0000,-0.3241,-1.6381,0,0,1.0000
70862,12.2595,16.8756,36.6810,3.5599,-0.2335,0.7524,1.7854,16.4016,80.3077,15.6501,81.7894,-9999.0000,-9999.0000,2.4886,-3.8326,0,0,1.0000
70863,12.7183,17.0717,36.6731,6.0536,2.3003,0.1806,1.7856,13.8205,80.2585,13.5686,81.8110,-9999.0000,-9999.0000,8.6197,1.1511,0,0,1.0000
70864,12.6253,19.6522,36.4374,-3.5656,1.7264,0.2341,1.7852,14.9853,80.1935,20.0312,81.8212,-9999.0000,-9999.0000,0.2343,0.2221,0,0,1.0000
70865,10.6721,18.0054,33.3107,7.0537,3.2904,0.6903,1.7867,20.8263,80.1277,19.8437,81.8355,-9999.0000,-9999.0000,-1.9211,3.4146,0,0,1.0000
70866,10.7038,18.6429,35.1633,6.9756,0.1427,2.2044,1.7903,17.9119,80.0725,13.2546,81.8396,-9999.0000,-9999.0000,3.5747,3.9675,0,0,1.0000
70867,11.4719,15.5742,34.1860,1.8141,0.5469,1.5625,1.7904,15.9395,80.0365,9.8248,81.8546,-9999.0000,-9999.0000,7.2624,-0.2403,0,0,1.0000
70868,10.3965,19.9752,38.5571,-0.4885,-2.5415,1.8615,1.7930,13.1168,79.9997,12.0623,81.8603,-9999.0000,-9999.0000,-0.2831,-5.1539,0,0,1.0000
70869,10.6731,19.8916,37.8192,0.4762,-1.3190,1.5884,1.7894,17.7297,79.9618,15.5379,81.8639,-9999.0000,-9999.0000,3.1862,0.4124,0,0,1.0000
70870,12.7851,17.8668,37.3267,10.2430,-2.6348,0.6666,1.8010,17.4747,79.9350,12.4799,81.8695,-9999.0000,-9999.0000,9.1269,0.2292,0,0,1.0000
70871,19.7930,17.8824,35.0634,0.8851,-0.2718,0.7892,1.7985,14.3140,79.9124,10.8912,81.8748,-9999.0000,-9999.0000,-1.7109,-2.4863,0,0,1.0000
70872,13.5816,17.6323,36.4014,8.4166,-3.2172,0.5595,1.8002,17.7185,79.8853,12.5666,81.8754,-9999.0000,-9999.0000,8.9316,0.0835,0,0,1.0000
70873,10.4345,16.5616,37.6881,-0.1514,-3.0716,1.0184,1.7937,16.5997,79.8650,13.1412,81.8764,-9999.0000,-9999.0000,-4.2906,1.9731,0,0,1.0000
70874,9.1733,18.2957,39.7749,3.3301,-1.9923,0.6838,1.7842,17.6634,79.8640,9.8465,81.8849,-9999.0000,-9999.0000,5.0761,2.4911,0,0,1.0000
70875,10.0285,18.9389,36.6758,6.5424,-2.0186,0.5341,1.7800,22.9734,79.8643,13.2406,81.8875,-9999.0000,-9999.0000,6.8315,1.6315,0,0,1.0000
70876,11.3904,17.8245,38.3158,4.9373,-1.5325,0.6309,1.7765,16.7265,79.8567,16.4075,81.8836,-9999.0000,-9999.0000,10.8336,1.6100,0,0,1.0000
70877,11.8883,17.4140,38.3507,1.9029,-0.4778,1.7798,1.7762,20.9050,79.8611,10.4677,81.8877,-9999.0000,-9999.0000,-0.4651,-1.6261,0,0,1.0000
70878,12.0989,21.9308,41.9138,13.4457,0.9863,1.4132,1.7780,16.6703,79.8782,10.4564,81.8995,-9999.0000,-9999.0000,4.6854,-2.4499,0,0,1.0000
70879,13.2230,18.3912,36.0719,-0.1818,-0.4849,0.6989,1.7783,20.9320,79.9085,10.6107,81.9116,-9999.0000,-9999.0000,6.6969,-3.6478,0,0,1.0000
70880,12.4367,15.6821,39.0748,0.0071,-2.8398,0.3487,1.7751,19.0156,79.9459,12.6515,81.9176,-9999.0000,-9999.0000,3.3881,2.0234,0,0,1.0000
70881,13.4719,17.4125,36.6051,-4.8430,1.7303,0.3160,1.7740,13.8507,79.9983,13.1659,81.9328,-9999.0000,-9999.0000,-2.8545,3.3487,0,0,1.0000
70882,9.6059,18.3788,36.9783,0.0899,-3.5309,0.3943,1.7737,16.9111,80.0537,12.2510,81.9606,-9999.0000,-9999.0000,-3.4808,1.2322,0,0,1.0000
70883,19.6042,19.4466,35.6626,1.0089,0.1302,1.0332,1.7705,18.3864,80.1172,12.8048,81.9973,-9999.0000,-9999.0000,0.4958,-2.0902,0,0,1.0000
70884,10.5562,15.7671,35.3907,7.4254,-1.5909,0.7781,1.7699,20.8673,80.2003,14.7807,82.0283,-9999.0000,-9999.0000,-3.9739,2.6109,0,0,1.0000
70885,11.7556,17.5287,36.8019,0.1960,-0.1779,0.6142,1.7683,15.7972,80.2926,14.4787,82.0648,-9999.0000,-9999.0000,-5.7037,2.1977,0,0,1.0000
70886,12.6925,18.0551,33.5423,6.3643,1.5429,1.5873,1.7699,14.6768,80.3710,16.1844,82.1011,-9999.0000,-9999.0000,1.9397,0.9547,0,0,1.0000
70887,8.9185,20.7573,36.8226,3.3719,-0.6830,1.3384,1.7526,20.9121,80.4513,19.9868,82.1498,-9999.0000,-9999.0000,2.9586,-2.4632,0,0,1.0000
70888,7.3151,23.1234,36.6137,6.7711,1.6223,0.9237,1.7387,20.4008,80.5386,15.5166,82.2038,-9999.0000,-9999.0000,-5.1455,1.6153,0,0,1.0000
70889,11.5643,18.6697,38.7745,8.0379,-0.3466,5.3070,1.7368,19.7405,80.6324,15.0976,82.2618,-9999.0000,13.0057,1.9826,5.7302,0,0,1.0000
70890,14.2970,18.5554,38.5202,3.9942,-2.3220,14.2130,1.7363,15.6061,80.7236,14.1720,82.3135,-9999.0000,11.8061,-2.9681,6.1416,0,0,1.0000
70891,11.2217,20.7927,38.2628,-1.7698,1.1635,0.8041,1.7364,15.7571,80.7953,14.8174,82.3574,-9999.0000,13.7364,3.5123,1.4913,0,0,1.0000
70892,9.0143,18.7588,39.4575,0.5515,-0.1811,0.4441,1.7369,16.3336,80.8651,21.9606,82.3995,-9999.0000,17.4599,2.5587,1.4655,0,0,1.0000
70893,10.4312,19.0454,39.1866,-0.9272,1.5284,0.9200,1.7355,17.7810,80.9401,21.4382,82.4259,-9999.0000,18.7697,3.5976,-6.6417,0,0,1.0000
70894,12.3690,17.7625,39.7891,3.0435,-3.3010,0.8158,1.7290,17.3051,81.0016,17.0794,82.4562,-9999.0000,20.7424,-0.2218,-2.6594,0,0,1.0000
70895,9.5271,18.5657,35.9583,0.3740,-1.4298,0.5825,1.7284,16.2293,81.0654,20.5517,82.4806,-9999.0000,19.1145,-1.5268,2.9966,0,0,1.0000
70896,10.4600,17.9184,40.9161,-1.9411,0.5683,0.9837,1.7307,16.3229,81.1262,20.5051,82.5109,-9999.0000,15.6587,-8.9034,8.0559,0,0,1.0000
70897,9.7900,21.5405,41.7200,5.6037,-0.7298,0.3149,1.7285,19.0641,81.1887,15.2053,82.5341,-9999.0000,15.3352,4.3217,-0.0588,0,0,1.0000
70898,10.7087,19.4209,39.3408,3.8263,-0.9640,1.0191,1.7318,23.5793,81.2309,13.1426,82.5461,-9999.0000,17.7858,2.5737,1.0038,0,0,1.0000
70899,12.9495,16.8929,39.7145,2.0550,-0.1425,0.8836,1.7320,16.5873,81.2740,12.5117,82.5640,-9999.0000,15.6037,-0.4063,-3.6474,0,0,1.0000
70900,9.3734,16.9872,39.7575,0.0276,0.3965,-0.0615,1.7382,16.8994,81.3173,23.1730,82.5764,-9999.0000,13.2461,9.7642,6.8484,0,0,1.0000
70901,9.7735,19.2025,40.9010,-1.8635,-2.4327,1.6929,1.7440,17.7815,81.3701,18.2486,82.5860,-9999.0000,11.6183,-1.6615,2.0318,0,0,1.0000
70902,12.3260,19.2528,40.4146,-3.5816,-0.4170,1.3572,1.7281,19.9596,81.4144,15.4946,82.5932,-9999.0000,16.9156,3.4276,-2.8183,0,0,1.0000
70903,8.7926,19.0939,40.7696,8.2948,1.5413,0.8601,1.7283,19.2478,81.4385,14.2184,82.5986,-9999.0000,19.0254,8.6012,-0.7714,0,0,1.0000
70904,10.5456,21.4206,38.8458,-1.3257,0.1330,0.7637,1.7286,16.7958,81.4523,15.5522,82.6057,-9999.0000,17.3509,7.8896,1.0799,0,0,1.0000
70905,10.8681,20.9798,44.6806,5.6296,-0.7741,0.6287,1.7289,23.4580,81.4714,15.9304,82.6014,-9999.0000,15.0476,-7.8753,-7.9849,0,0,1.0000
70906,13.5061,20.7330,44.7056,-1.7908,2.4773,0.8303,1.7323,22.1086,81.4887,14.8933,82.6012,-9999.0000,10.9048,-0.7889,-2.7508,0,0,1.0000
70907,12.1011,21.2258,40.6863,4.2786,-1.4180,0.5186,1.7387,18.6782,81.5004,15.0383,82.6014,-9999.0000,12.9232,9.2414,1.7096,0,0,1.0000
70908,9.4364,19.3472,40.8623,4.4425,-0.1981,-0.5093,1.7389,19.8700,81.5103,18.2206,82.6070,-9999.0000,16.2501,0.4912,-0.3758,0,0,1.0000
70909,18.1441,18.1534,40.6497,4.9096,-2.4119,0.3267,1.7300,17.4387,81.5140,13.4436,82.6070,-9999.0000,14.7634,8.1670,-3.6308,0,0,1.0000
70910,9.7625,18.8268,40.4868,-2.4472,-1.0132,1.0745,1.7250,15.1606,81.5150,15.2541,82.6116,-9999.0000,17.3596,7.0221,4.0143,0,0,1.0000
70911,9.2983,18.1298,41.4399,-2.3308,0.1450,1.0024,1.7243,14.8524,81.5128,13.6731,82.6128,-9999.0000,20.3404,3.8172,0.4220,0,0,1.0000
70912,11.2497,18.2056,41.6623,0.5331,0.8027,0.7248,1.7229,15.7488,81.5209,14.9237,82.6243,-9999.0000,25.6318,1.7962,1.3675,0,0,1.0000
70913,12.4150,20.0644,42.6355,1.9626,-0.4969,0.5422,1.7177,17.4198,81.5217,15.8594,82.6303,-9999.0000,31.0665,-0.6878,-3.7672,0,0,1.0000
70914,11.3986,20.7535,44.2391,-2.4030,-1.1691,0.6689,1.7196,17.6740,81.5091,17.5633,82.6411,-9999.0000,47.5708,6.3296,0.8674,0,0,1.0000
70915,11.4133,22.7014,44.7350,6.7845,-1.2051,0.8444,1.7206,15.0678,81.4901,16.1181,82.6453,-9999.0000,23.7184,6.6626,-0.3327,0,0,1.0000
70916,10.2679,19.8742,40.7458,1.5084,3.0943,1.0110,1.7204,15.7594,81.4544,19.7589,82.6672,-9999.0000,17.9457,1.6977,-1.3727,0,0,1.0000
70917,9.7159,18.0947,40.6467,5.6258,-0.1497,0.5499,1.7200,17.4144,81.4057,28.4013,82.6886,-9999.0000,15.8765,5.8522,-1.1760,0,0,1.0000
70918,8.5706,19.0558,43.1105,8.0335,-4.3403,0.0602,1.7237,15.9254,81.3502,20.3674,82.7027,-9999.0000,16.7527,7.7654,1.6538,0,0,1.0000
70919,10.7526,20.1507,41.3827,2.3708,1.2317,0.7557,1.7207,15.1383,81.2971,18.8474,82.7176,-9999.0000,17.2229,8.8266,-0.8129,0,0,1.0000
70920,13.0627,18.6990,43.8432,5.6566,1.4011,0.9067,1.7156,14.3484,81.2503,11.9341,82.7321,-9999.0000,17.7342,7.1762,2.7686,0,0,1.0000
70921,16.2943,20.3043,42.3627,0.7074,3.0696,-0.1904,1.7160,20.5251,81.1940,17.8668,82.7419,-9999.0000,17.8920,6.5768,2.3093,0,0,1.0000
70922,12.5733,19.0767,39.9870,6.8170,-1.1934,1.2507,1.7089,16.6940,81.1432,12.2759,82.7555,-9999.0000,18.8687,1.8418,0.6460,0,0,1.0000
70923,10.6083,24.3925,43.2416,0.8426,-2.2255,0.6898,1.7072,18.0676,81.0908,12.9814,82.7651,-9999.0000,15.3844,1.1700,1.6384,0,0,1.0000
70924,13.5810,22.6386,44.2400,4.7931,0.9020,0.0696,1.7071,17.3845,81.0304,12.7979,82.7757,-9999.0000,16.5736,1.3639,-5.6495,0,0,1.0000
70925,9.7494,21.2180,41.0908,1.0094,-1.9604,0.3561,1.7041,15.1353,80.9707,15.1649,82.7850,-9999.0000,15.8284,4.6780,-3.4088,0,0,1.0000
70926,10.0090,18.8011,42.5516,-1.4860,-0.4879,0.0132,1.7040,16.8925,80.9042,17.9206,82.8013,-9999.0000,23.2520,0.5216,5.3025,0,0,1.0000
70927,11.2837,18.7105,45.0428,11.4455,-1.0464,0.7422,1.7036,22.6326,80.8358,13.9908,82.8221,-9999.0000,16.8716,2.8900,0.0038,0,0,1.0000
70928,10.1255,19.2423,43.8899,0.6135,-1.2053,0.1820,1.7036,16.0735,80.7545,14.2541,82.8350,-9999.0000,12.3888,5.9058,-1.5756,0,0,1.0000
70929,11.4936,18.7842,50.6380,-2.3121,0.7307,0.9617,1.7028,20.9974,80.6827,14.3928,82.8392,-9999.0000,16.1228,6.2290,0.9326,0,0,1.0000
70930,9.8444,16.6801,45.2187,-0.1706,-5.0510,1.1688,1.6991,15.0659,80.6053,13.9402,82.8512,-9999.0000,19.9411,3.6661,5.9825,0,0,1.0000
70931,10.3609,17.4693,44.4062,5.4444,-1.0516,0.5302,1.7018,19.3102,80.5440,17.8655,82.8617,-9999.0000,12.6437,3.2030,1.2281,0,0,1.0000
70932,11.7182,20.1011,44.2031,5.7007,4.9442,0.8044,1.7010,18.2795,80.4590,19.4721,82.8678,-9999.0000,11.6032,7.5290,0.1887,0,0,1.0000
70933,12.1112,16.3640,45.0883,3.7308,-2.3934,0.9340,1.6941,16.2750,80.3774,16.6762,82.8621,-9999.0000,14.1560,1.5708,-3.6915,0,0,1.0000
70934,10.1077,17.1651,44.2846,2.1146,-1.6888,0.6644,1.6918,16.1576,80.2947,15.8353,82.8634,-9999.0000,20.8064,8.0479,0.4300,0,0,1.0000
70935,9.9499,19.0224,44.3246,1.0724,-0.7932,0.5098,1.6915,16.7884,80.2191,11.3881,82.8660,-9999.0000,22.6145,4.4671,0.3790,0,0,1.0000
70936,12.6113,19.8435,42.6451,-1.7385,0.5795,0.3729,1.6918,16.6601,80.1460,11.3848,82.8681,-9999.0000,16.1926,8.8838,2.7982,0,0,1.0000
70937,12.4227,20.4487,40.9449,6.1281,0.3414,0.8927,1.6920,18.9245,80.0859,14.7534,82.8659,-9999.0000,14.9181,7.9665,-6.0882,0,0,1.0000
70938,11.9394,22.8654,42.9079,1.0663,3.4415,1.9926,1.6919,17.8950,80.0405,15.3547,82.8662,-9999.0000,17.4587,4.1473,-1.3290,0,0,1.0000
70939,11.4002,19.2079,49.4362,0.9789,-0.6678,0.8060,1.6919,19.3298,79.9963,15.3031,82.8600,-9999.0000,21.1424,6.7319,-2.4753,0,0,1.0000
70940,11.7028,21.4387,39.8658,3.3200,2.4722,0.7403,1.6916,18.6766,79.9508,12.2101,82.8617,-9999.0000,21.0814,9.2352,7.1844,0,0,1.0000
70941,10.8106,19.2345,42.7379,4.4804,0.3874,0.3619,1.6918,19.5717,79.9143,11.6518,82.8613,-9999.0000,18.0382,7.8977,6.5909,0,0,1.0000
70942,10.3978,21.0755,46.7505,2.2956,0.4957,0.8163,1.6885,16.8146,79.8904,16.2928,82.8583,-9999.0000,14.1985,2.9141,-5.4913,0,0,1.0000
70943,9.4255,18.9953,44.0275,-1.5594,0.0407,0.7273,1.6871,17.8505,79.8817,18.3773,82.8540,-9999.0000,21.3546,-4.5279,-4.1679,0,0,1.0000
70944,12.2064,19.5018,41.9113,6.1746,-2.4600,0.3898,1.6847,20.3977,79.8728,14.1948,82.8599,-9999.0000,17.8461,11.4155,-1.8122,0,0,1.0000
70945,12.0106,20.7869,46.3657,6.4802,0.4930,0.9231,1.6833,21.3638,79.8751,15.4991,82.8770,-9999.0000,17.4268,1.8035,-3.3695,0,0,1.0000
70946,10.1014,19.0200,43.0518,7.4712,0.1494,1.5227,1.6837,24.7869,79.8710,17.8204,82.8807,-9999.0000,16.1312,-2.0778,0.0584,0,0,1.0000
70947,9.8199,21.3297,43.5529,5.0138,-3.3870,1.0372,1.6824,24.3992,79.8688,17.7580,82.8948,-9999.0000,19.1837,6.4344,-5.1559,0,0,1.0000
70948,10.9372,20.8339,46.5284,-2.0567,-1.1988,1.0573,1.6797,23.0431,79.8783,27.0438,82.9141,-9999.0000,19.9599,1.6221,4.2555,0,0,1.0000
70949,11.1571,26.3748,41.8844,-2.1900,0.5307,0.2685,1.6786,20.9076,79.9069,23.0302,82.9419,-9999.0000,18.1911,-2.4657,-1.1470,0,0,1.0000
70950,11.8715,23.7565,46.9548,2.8594,-1.2982,0.8591,1.6832,20.7856,79.9408,18.3229,82.9717,-9999.0000,19.2515,10.3499,1.0519,0,0,1.0000
