Data/Raw/WAGNER,NICK/firexaq-AOP-optical_DC8_20190803_R1.ict
51, 1001
Wagner, Nicholas L.
NOAA Earth System Research Laboratory
NOAA AOP instrument
FIREX-AQ
1, 1
2019, 08, 03, 2020, 04, 28
1
Time_start, seconds_past_midnight, seconds from midnight
18
1, 1, 1, 1, 1, 1, 1, 1, 1, 1, 1, 1, 1, 1, 1, 1, 1, 1
-9999, -9999, -9999, -9999, -9999, -9999, -9999, -9999, -9999, -9999, -9999, -9999, -9999, -9999, -9999, -9999, -9999, -9999
ext_dry_664, Mm-1, AerOpt_Extinction_InSitu_RHd_red_Total_PM2.5_STP
ext_dry_532, Mm-1, AerOpt_Extinction_InSitu_RHd_green_Total_PM2.5_STP
ext_dry_405, Mm-1, AerOpt_Extinction_InSitu_RHd_blue_Total_PM2.5_STP
abs_dry_664, Mm-1, AerOpt_Absorption_InSitu_RHd_red_Total_PM2.5_STP
abs_dry_532, Mm-1, AerOpt_Absorption_InSitu_RHd_green_Total_PM2.5_STP
abs_dry_405, Mm-1, AerOpt_Absorption_InSitu_RHd_blue_Total_PM2.5_STP
AOP_RH_dry, pct, Relative_humidity_of_dry_RH_channels
ext_medRH_664, Mm-1, AerOpt_Extinction_InSitu_RH80_red_Total_PM2.5_STP
AOP_RH_med, pct, Relative_humidity_of_medium_RH_channel
ext_highRH_664, Mm-1, AerOpt_Extinction_InSitu_RH85_red_Total_PM2.5_STP
AOP_RH_high, pct, Relative_humidity_of_high_RH_channel
ext_TD_664, Mm-1, AerOpt_ExtinctionTD_InSitu_RHd_blue_Total_PM2.5_STP
ext_TD_405, Mm-1, AerOpt_ExtinctionTD_InSitu_RHd_red_Total_PM2.5_STP
abs_TD_664, Mm-1, AerOpt_Absorption_InSitu_RHd_red_Total_PM2.5_STP
abs_TD_405, Mm-1, AerOpt_Absorption_InSitu_RHd_blue_Total_PM2.5_STP
AOP_TD_bypass_flag, pct, Flag_for_TD_Bypass_valve
AOP_filter_flag, pct, Flag_for_Filter_Valve
AOP_Dilution_ratio, pct, Applied_Dilution_Ratio_for_ext_channels
1
A leak compromised the data on the abs_dry_664 channel for the flight. This leak was related to the leak on the previous flight, which had been fixed incompletely. These data were removed.
18
PI_CONTACT_INFO: Address: NOAA ESRL Chemical Sciences Division, R/CSD2, 325 Broadway, Boulder, CO 80305. Email: nick.wagner@noaa.gov.
PLATFORM: NASA DC8
LOCATION: See the DC8 MetNav file, Based in Boise (BOI) and Salina, KS
ASSOCIATED_DATA: N/A
[...]
DATA_INFO: Mm-1:
UNCERTAINTY: The precision of the extinction measurements varies with aerosol loading and is +/-20% at 10 Mm-1 and +/-5% at 100 Mm-1. The accuracy of the dry measurement is +/-2% and depends on RH for the humidified measurements, +/-5% at 85% RH and +/-15% at 90% RH. For more details, see Langridge et al., Aerosol Science and Technology 45:1305-1318, 2011. Analysis of comparable measurements suggest incomplete mixing in the dilution system. Effective dilution for individual instruments can vary by +/- 30% compared to the reported flow-based dilution estimate. The absorption measurements have a high signal accuracy of 20%. The low signal precision varies with altitude and flight to flight, and is typically less than 10 Mm-1 for 1 second measurements.
ULOD_FLAG: -7777
ULOD_VALUE: N/A
LLOD_FLAG: -8888
LLOD_VALUE: N/A
DM_CONTACT_INFO: Gao Chen
PROJECT_INFO: FIREX-AQ
STIPULATIONS_ON_USE: NASA Data Policy. Contact with PI is encouraged.
OTHER_COMMENTS: N/A
REVISION: R1
R1: Absorption measurements have been corrected for pressure dependent microphone sensitivity. In-cloud data has been removed. R0: Final Data. 
Time_start, ext_dry_664, ext_dry_532, ext_dry_405, abs_dry_664, abs_dry_532, abs_dry_405, AOP_RH_dry, ext_medRH_664, AOP_RH_med, ext_highRH_664, AOP_RH_high, ext_TD_664, ext_TD_405, abs_TD_664, abs_TD_405, AOP_TD_bypass_flag, AOP_filter_flag, AOP_Dilution_ratio
[from data line 15677]
91105,142.7551,193.7767,294.5057,-9999.0000,-9999.0000,13.9445,6.0602,146.8331,78.7289,145.8183,85.1118,165.9613,259.7599,-9999.0000,15.6319,1,0,16.4200
91106,146.3185,190.1529,276.1815,-9999.0000,-9999.0000,14.9942,6.0608,217.3641,78.7394,111.7629,85.1160,167.3126,252.2146,-9999.0000,11.2678,1,0,16.4200
91107,98.4116,176.0880,289.4389,-9999.0000,-9999.0000,19.4305,6.0661,154.4335,78.7764,147.1281,85.1144,143.8248,263.9564,-9999.0000,14.3568,1,0,16.4200
91108,103.1210,230.5046,310.6243,-9999.0000,-9999.0000,18.8555,6.0617,145.2130,78.8257,167.6597,85.1155,158.6673,279.7356,-9999.0000,17.1036,1,0,16.4200
91109,149.4040,225.1383,470.6512,-9999.0000,-9999.0000,18.3215,6.0621,177.1996,78.8959,194.0160,85.1072,163.4285,275.3940,-9999.0000,12.6715,1,0,16.4200
91110,114.1095,203.0261,339.0288,-9999.0000,-9999.0000,15.6288,6.0623,122.5367,78.9911,117.6681,85.1023,169.1321,271.6886,-9999.0000,17.9826,1,0,16.4200
91111,101.0578,229.8644,351.8526,-9999.0000,-9999.0000,13.8295,6.0574,123.1606,79.0851,116.1210,85.0857,158.4786,247.5655,-9999.0000,14.4631,1,0,16.4200
91112,113.1928,202.4636,273.4959,-9999.0000,-9999.0000,13.6250,6.0611,137.2622,79.2073,111.7848,85.0689,157.3183,244.0745,-9999.0000,15.1786,1,0,16.4200
91113,92.0517,146.8089,226.2177,-9999.0000,-9999.0000,15.1795,6.0588,183.8354,79.3384,145.9151,85.0611,131.4543,230.9509,-9999.0000,23.7960,1,0,16.4200
91114,80.5624,158.4522,208.0987,-9999.0000,-9999.0000,19.3025,6.0630,129.2994,79.4702,137.0333,85.0383,111.9828,229.4273,9.0828,14.3342,1,0,16.4200
91115,93.7713,136.3145,243.8188,-9999.0000,-9999.0000,26.0742,6.0739,127.3630,79.5894,169.4070,85.0098,114.4507,275.0302,11.5287,21.5854,1,0,16.4200
91116,137.8261,245.3170,378.2768,-9999.0000,-9999.0000,27.9773,6.0855,186.6317,79.7212,165.7055,84.9800,131.6719,343.0465,15.9609,26.6723,1,0,16.4200
91117,195.9377,364.2340,477.4967,-9999.0000,-9999.0000,30.2910,6.0911,213.3747,79.8747,142.6586,84.9609,166.9065,402.4774,21.9148,27.8885,1,0,16.4200
91118,184.4548,378.3058,508.0896,-9999.0000,-9999.0000,32.8684,6.0846,227.3344,80.0118,200.7821,84.9521,210.7075,400.8698,17.2237,29.2904,1,0,16.4200
91119,180.3907,292.7031,490.0845,-9999.0000,-9999.0000,30.6811,6.0853,254.0493,80.1206,181.9245,84.9406,210.0166,378.4021,22.4926,31.1997,1,0,16.4200
91120,169.4047,309.0163,482.9389,-9999.0000,22.2052,35.9052,6.0869,184.8727,80.2245,198.1185,84.9334,204.9221,388.7982,10.8894,37.9635,1,0,16.4200
91121,182.3828,283.9741,567.9406,-9999.0000,33.9618,45.1315,6.0805,262.2370,80.3518,242.6458,84.9267,218.6840,429.0547,20.7962,45.6589,1,0,16.4200
91122,228.6120,331.2508,606.0053,-9999.0000,36.0036,47.8078,6.0811,371.4253,80.4841,240.7986,84.9219,226.5903,496.7822,23.1686,44.8977,1,0,16.4200
91123,264.2289,421.7133,724.2886,-9999.0000,31.3530,58.8477,6.0853,354.2101,80.6002,301.6923,84.9250,252.4192,588.5145,24.2933,57.4735,1,0,16.4200
91124,334.0342,540.4997,884.3370,-9999.0000,31.5190,58.7284,6.0917,399.4282,80.7151,422.6374,84.9209,328.0890,700.5573,30.8440,59.8961,1,0,16.4200
91125,396.8782,659.0969,1058.1111,-9999.0000,32.1345,61.0824,6.1010,408.6717,80.8275,498.5895,84.9248,381.4814,763.5492,18.1237,54.4062,1,0,16.4200
91126,374.2044,640.8202,1016.2439,-9999.0000,38.5567,60.5364,6.1041,374.8082,80.9325,381.4541,84.9292,407.1993,751.7496,14.0397,61.6438,1,0,16.4200
91127,326.9170,592.1464,1017.1696,-9999.0000,44.0023,59.5112,6.1085,379.3842,81.0275,393.8860,84.9396,408.5042,734.1416,22.3652,58.7057,1,0,16.4200
91128,370.0245,607.4626,1034.0415,-9999.0000,38.2726,65.5718,6.1095,372.2393,81.1135,360.4783,84.9530,382.0154,747.7809,23.9881,69.9814,1,0,16.4200
91129,364.2219,663.7405,1037.8177,-9999.0000,36.1497,65.3686,6.1288,376.8069,81.2032,419.1866,84.9715,427.3525,816.4146,25.5874,77.0318,1,0,16.4200
91130,381.6216,701.5652,1074.7267,-9999.0000,38.6681,63.9664,6.1308,474.8022,81.2997,469.0118,84.9978,451.3494,816.4559,32.0631,74.2924,1,0,16.4200
91131,372.2012,620.8584,1014.6706,-9999.0000,42.2967,73.3205,6.1306,550.5800,81.3893,405.0675,85.0149,446.1037,818.2471,34.4605,89.2955,1,0,16.4200
91132,390.3849,646.4520,1076.0215,-9999.0000,51.7699,84.5231,6.1469,440.1455,81.4860,503.1031,85.0273,446.1480,914.4930,34.4714,88.2836,1,0,16.4200
91133,494.4060,755.1393,1290.2814,-9999.0000,51.9620,88.4878,6.1460,529.4433,81.5361,604.5912,85.0344,459.0936,1014.2009,-9999.0000,91.5343,1,0,16.4200
91134,580.1068,877.3370,1520.3766,-9999.0000,52.3500,89.6353,6.1525,587.8301,81.6019,519.6040,85.0436,507.8698,1129.8677,-9999.0000,92.6312,1,0,16.4200
91135,628.0084,930.9832,1575.3694,-9999.0000,58.2763,92.5992,6.1509,553.7861,81.6438,571.6100,85.0518,553.8768,1164.2250,-9999.0000,91.7405,1,0,16.4200
91136,563.1559,1077.2526,1565.7640,-9999.0000,60.9611,92.3748,6.1520,866.5170,81.6876,669.1664,85.0490,574.8795,1145.7856,-9999.0000,102.4268,1,0,16.4200
91137,555.3057,960.5745,1648.6202,-9999.0000,57.7450,87.2545,6.1576,770.7628,81.7081,672.4854,85.0485,615.7867,1166.8619,-9999.0000,97.5539,1,0,16.4200
91138,616.2552,920.2156,1563.3221,-9999.0000,57.7009,93.1619,6.1561,723.2534,81.7255,655.9415,85.0482,628.4157,1159.9423,-9999.0000,99.5600,1,0,16.4200
91139,546.8783,926.3871,1567.7678,-9999.0000,53.5807,95.1363,6.1578,696.8293,81.7320,564.9269,85.0493,599.1725,1164.1396,-9999.0000,98.0842,1,0,16.4200
91140,528.7289,943.1245,1447.5072,-9999.0000,52.7267,91.8316,6.1543,565.4601,81.7311,595.0085,85.0432,584.4969,1155.8623,-9999.0000,83.3959,1,0,16.4200
91141,519.5078,816.9260,1413.9763,-9999.0000,50.2759,86.1335,6.1641,624.3157,81.7200,570.7181,85.0280,551.1519,1133.8199,-9999.0000,91.1605,1,0,16.4200
91142,485.2733,858.3398,1373.6154,-9999.0000,54.0192,87.8062,6.1679,682.0408,81.7019,665.3068,84.9936,543.6941,1152.4420,-9999.0000,91.7299,1,0,16.4200
91143,538.2629,915.8869,1505.5510,-9999.0000,47.4111,87.4665,6.1682,628.4985,81.6481,550.8831,84.9467,527.7682,1169.7341,-9999.0000,89.2795,1,0,16.4200
91144,537.9369,889.3217,1485.2021,-9999.0000,51.0681,86.1747,6.1648,539.8552,81.5495,514.8962,84.9172,570.6293,1202.1886,-9999.0000,89.3312,1,0,16.4200
91145,542.1257,835.1376,1444.3473,-9999.0000,56.5341,84.0131,6.1569,583.1000,81.4204,520.9828,84.8925,573.5722,1236.8524,-9999.0000,-9999.0000,1,0,16.4200
91146,501.0072,875.3787,1370.2098,-9999.0000,51.0068,87.5023,6.1679,640.6521,81.3190,522.0428,84.8755,546.6679,1183.0400,39.8651,-9999.0000,1,0,16.4200
91147,460.6170,877.3284,1322.3334,-9999.0000,54.6482,87.4923,6.1691,563.5276,81.1889,569.6270,84.8625,554.0096,1142.6793,28.8405,-9999.0000,1,0,16.4200
91148,502.8575,871.5656,1370.9645,-9999.0000,55.4030,96.2647,6.1745,547.7679,81.0378,543.8947,84.8444,542.3760,1189.7875,40.2528,-9999.0000,1,0,16.4200
91149,525.6307,883.7728,1505.2286,-9999.0000,55.4307,96.3411,6.1809,623.9796,80.8626,581.2950,84.8338,559.4915,1251.3301,37.7336,-9999.0000,1,0,16.4200
91150,596.7362,973.3251,1635.0535,-9999.0000,-9999.0000,-9999.0000,6.1832,564.7339,80.6944,622.8265,84.8295,545.2415,1381.1383,50.0924,-9999.0000,1,0,16.4200
91151,692.5564,1072.4183,1776.4843,-9999.0000,-9999.0000,-9999.0000,6.2046,626.6371,80.4906,740.6189,84.8291,617.4616,1468.9094,48.3820,-9999.0000,1,0,16.4200
91152,716.7202,1208.4210,1894.5159,-9999.0000,-9999.0000,-9999.0000,6.2039,657.2822,80.3084,733.7236,84.8313,687.4430,1466.5673,43.4168,-9999.0000,1,0,16.4200
91153,682.3467,1140.4517,1894.5981,-9999.0000,-9999.0000,-9999.0000,6.2191,882.7176,80.1047,835.7647,84.8300,722.0571,1474.7258,63.6540,-9999.0000,1,0,16.4200
91154,757.7507,1222.7826,1954.7583,-9999.0000,-9999.0000,-9999.0000,6.2191,919.6884,79.9479,852.3407,84.8353,713.0181,1544.7021,56.0424,-9999.0000,1,0,16.4200
91155,736.2734,1225.6677,2035.1792,-9999.0000,-9999.0000,-9999.0000,6.2163,1038.9027,79.7596,732.0980,84.8477,774.5346,1618.8142,66.8985,-9999.0000,1,0,16.4200
91156,809.4626,1322.5422,2122.0518,-9999.0000,-9999.0000,-9999.0000,6.2210,862.5322,79.5955,805.7489,84.8719,788.2426,1709.0488,64.5218,-9999.0000,1,0,16.4200
91157,818.3358,1351.9215,2242.5193,-9999.0000,-9999.0000,-9999.0000,6.2183,851.2107,79.4055,868.8199,84.9068,815.2496,1793.7306,72.6618,-9999.0000,1,0,16.4200
91158,803.6376,1335.9537,2201.9443,-9999.0000,-9999.0000,-9999.0000,6.2168,872.0433,79.2319,795.0803,84.9264,844.3181,1788.1887,75.5280,159.8823,1,0,16.4200
91159,828.6815,1396.5658,2273.7073,-9999.0000,-9999.0000,-9999.0000,6.2063,999.4767,79.0716,881.4875,84.9480,845.4140,1815.3043,83.7728,164.1410,1,0,16.4200
91160,875.1757,1499.3893,2444.4236,-9999.0000,-9999.0000,-9999.0000,6.1988,1139.7255,78.9358,977.1588,84.9657,866.0929,1970.2076,91.8912,189.2885,1,0,16.4200
91161,1012.5974,1647.2821,2722.6270,-9999.0000,-9999.0000,-9999.0000,6.2048,1150.5002,78.8054,1075.9712,84.9888,925.0174,2230.9358,114.2914,227.8203,1,0,16.4200
91162,1155.3529,1911.5774,3286.3574,-9999.0000,-9999.0000,-9999.0000,6.2055,1269.1807,78.6807,1187.6439,85.0131,-9999.0000,2571.8779,103.8331,248.3627,1,0,16.4200
91163,1428.7931,2457.2742,3816.0144,-9999.0000,159.1726,278.6618,6.2090,1341.4418,78.5788,1363.5195,85.0300,-9999.0000,-9999.0000,121.8178,300.2189,1,0,16.4200
91164,1659.0609,2629.6709,4358.9912,-9999.0000,182.2004,316.5173,6.2073,1487.2565,78.5030,1637.1166,85.0570,-9999.0000,-9999.0000,171.3228,346.4909,1,0,16.4200
91165,1749.2472,2839.9460,4498.4902,-9999.0000,216.8799,377.4622,6.2101,1843.1620,78.4313,1768.8159,85.0636,-9999.0000,-9999.0000,146.0399,391.6254,1,0,16.4200
91166,2032.1317,3259.2644,5273.0039,-9999.0000,260.6398,438.8307,6.2150,2142.4736,78.3754,2005.7036,85.0660,-9999.0000,-9999.0000,171.8071,422.0383,1,0,16.4200
91167,2458.2734,4015.1697,6475.4561,-9999.0000,279.2366,473.0706,6.2114,2442.8870,78.3285,2315.3618,85.0688,-9999.0000,-9999.0000,191.8670,473.8581,1,0,16.4200
91168,2848.8569,4554.7217,7373.8306,-9999.0000,302.8222,522.7916,6.2177,2721.4204,78.3063,2417.7761,85.0663,-9999.0000,-9999.0000,198.3263,494.1273,1,0,16.4200
91169,3007.3594,5078.6694,8159.1582,-9999.0000,308.6271,539.2119,6.2169,3141.5161,78.2922,2868.7568,85.0662,-9999.0000,-9999.0000,216.3803,510.8689,1,0,16.4200
91170,3140.9736,5149.7202,8144.5088,-9999.0000,329.1045,576.5511,6.2171,3158.1250,78.2823,3365.9871,85.0553,-9999.0000,-9999.0000,234.0657,544.1431,1,0,16.4200
91171,3115.5173,5239.7295,8499.4492,-9999.0000,335.5407,561.9875,6.2161,3240.8572,78.2816,3366.8708,85.0337,-9999.0000,-9999.0000,224.1598,543.3531,1,0,16.4200
91172,3144.1912,5320.7041,8580.3135,-9999.0000,326.4754,548.0429,6.2133,3287.9539,78.2814,3265.8032,85.0041,-9999.0000,-9999.0000,221.7395,537.5722,1,0,16.4200
91173,3009.0813,5142.9424,8446.9111,-9999.0000,315.8496,510.2361,6.2131,3217.8872,78.2976,3309.1372,84.9651,-9999.0000,-9999.0000,219.7424,534.6848,1,0,16.4200
91174,2728.9939,4651.6743,7557.5693,-9999.0000,297.9740,486.4033,6.2095,3232.5874,78.3503,3129.1082,84.9338,-9999.0000,-9999.0000,216.8902,517.2241,1,0,16.4200
91175,2690.4043,4184.8438,7274.6934,-9999.0000,286.1292,477.0385,6.2067,3075.1663,78.4306,3100.0569,84.9086,-9999.0000,-9999.0000,215.3754,518.6362,1,0,16.4200
91176,2411.4238,4173.8799,6769.7080,-9999.0000,271.3022,462.6532,6.2122,2775.4854,78.5206,2814.1721,84.8860,-9999.0000,-9999.0000,219.4964,505.4135,1,0,16.4200
91177,2227.1440,3786.3286,6293.9297,-9999.0000,289.9118,470.3847,6.2095,2719.9988,78.6135,2666.7144,84.8719,-9999.0000,-9999.0000,240.6797,524.3743,1,0,16.4200
91178,2375.5015,3877.8562,6339.6929,-9999.0000,315.8559,524.6170,6.2163,2837.2700,78.7217,2592.5330,84.8570,-9999.0000,-9999.0000,244.3642,546.9355,1,0,16.4200
91179,2556.1204,4247.8662,7135.0103,-9999.0000,-9999.0000,579.4615,6.2136,2762.9363,78.8396,2753.8298,84.8549,-9999.0000,-9999.0000,260.7299,569.4973,1,0,16.4200
91180,2903.3340,4993.6836,8101.6431,-9999.0000,-9999.0000,619.2208,6.2165,3250.7849,78.9807,3102.9070,84.8480,-9999.0000,-9999.0000,256.9728,600.6213,1,0,16.4200
91181,3309.5657,5574.5254,8985.6914,-9999.0000,-9999.0000,642.6514,6.2162,3585.1548,79.1287,3246.5325,84.8508,-9999.0000,-9999.0000,259.2302,648.1208,1,0,16.4200
91182,3582.8589,5951.1685,9376.8467,-9999.0000,-9999.0000,647.1754,6.2204,3691.7200,79.2751,3601.3433,84.8529,-9999.0000,-9999.0000,278.9412,661.2890,1,0,16.4200
91183,3632.8840,6076.8633,9650.0762,-9999.0000,-9999.0000,635.8989,6.2229,3711.9958,79.4183,3425.3970,84.8619,-9999.0000,-9999.0000,276.0413,652.2001,1,0,16.4200
91184,3643.0032,6115.4272,9629.2803,-9999.0000,355.7637,621.5883,6.2194,4037.3726,79.5579,3624.6423,84.8899,-9999.0000,-9999.0000,260.3224,638.7133,1,0,16.4200
91185,3716.1287,5863.0381,9515.4434,-9999.0000,361.9151,615.1920,6.2127,3900.1326,79.6845,3784.5745,84.9288,-9999.0000,-9999.0000,266.0035,633.5579,1,0,16.4200
91186,3474.1929,5638.2427,9028.2510,-9999.0000,354.5859,592.2189,6.2163,3697.8875,79.8344,3798.4451,84.9713,-9999.0000,-9999.0000,249.0831,624.9327,1,0,16.4200
91187,3377.7639,5410.8252,8958.6367,-9999.0000,340.3486,574.5977,6.2264,3746.4565,79.9658,3641.3335,85.0061,-9999.0000,-9999.0000,250.2035,596.4171,1,0,16.4200
91188,3243.9907,5326.0273,8400.1328,-9999.0000,336.5281,538.3223,6.2396,3410.7607,80.1204,3615.3298,85.0292,-9999.0000,-9999.0000,224.9410,571.1882,1,0,16.4200
91189,2955.0977,4777.7891,7800.1099,-9999.0000,299.6699,487.1861,6.2515,3372.8645,80.2476,3289.2314,85.0484,-9999.0000,-9999.0000,225.4558,536.4670,1,0,16.4200
91190,2636.7449,4257.2432,7007.2202,-9999.0000,275.4615,464.3147,6.2593,3215.6218,80.3952,2927.8926,85.0541,-9999.0000,-9999.0000,215.6600,516.7917,1,0,16.4200
91191,2464.9292,4031.5967,6803.0537,-9999.0000,266.8095,471.9994,6.2686,3010.8010,80.5164,2968.0559,85.0640,-9999.0000,-9999.0000,227.0113,511.7086,1,0,16.4200
91192,2478.4678,3944.1855,6794.9321,-9999.0000,272.5096,466.7226,6.2863,2961.5435,80.6386,2827.1021,85.0673,-9999.0000,-9999.0000,228.1399,515.6161,1,0,16.4200
91193,2529.8066,4192.4927,6594.1240,-9999.0000,276.3192,464.0655,6.2837,2745.5942,80.7461,2971.6206,85.0730,-9999.0000,-9999.0000,225.6276,511.1858,1,0,16.4200
91194,2601.4065,4353.1611,6633.8643,-9999.0000,280.2551,465.2394,6.2757,2948.1294,80.8362,2954.3315,85.0769,-9999.0000,-9999.0000,229.0775,518.3318,1,0,16.4200
91195,2630.3384,4259.7354,6953.6089,-9999.0000,281.2521,484.3908,6.2817,3102.2937,80.9156,2842.3794,85.0760,-9999.0000,-9999.0000,214.6505,529.5367,1,0,16.4200
91196,2738.6262,4285.5649,7212.5703,-9999.0000,287.2860,501.6027,6.2859,3014.5989,81.0094,2758.5854,85.0742,-9999.0000,-9999.0000,218.6227,514.7462,1,0,16.4200
91197,2723.3186,4635.9722,7592.9287,-9999.0000,297.1047,520.3293,6.2798,3054.0042,81.1154,3105.6963,85.0682,-9999.0000,-9999.0000,232.0836,543.3598,1,0,16.4200
91198,2916.1279,4575.9072,7549.6196,-9999.0000,312.3188,542.4798,6.2692,3410.8152,81.2102,3234.4058,85.0501,-9999.0000,-9999.0000,245.3910,559.1674,1,0,16.4200
91199,2968.6667,5053.2744,7859.7148,-9999.0000,320.6746,563.7374,6.2616,3409.1418,81.2806,3155.9958,85.0313,-9999.0000,-9999.0000,256.9229,578.5105,1,0,16.4200
91200,3162.2966,5301.0859,8276.8652,-9999.0000,335.8961,577.9268,6.2675,3712.5452,81.3446,3473.3721,85.0005,-9999.0000,-9999.0000,254.1626,601.3370,1,0,16.4200
91201,3351.1709,5226.3735,8548.8799,-9999.0000,344.8121,593.2097,6.2620,3433.1995,81.4037,3231.1038,84.9744,-9999.0000,-9999.0000,268.6545,607.9431,1,0,16.4200
91202,3232.2190,5199.5752,8652.9961,-9999.0000,358.6261,610.2275,6.2597,3372.0891,81.4522,3194.2339,84.9381,-9999.0000,-9999.0000,276.3255,628.6002,1,0,16.4200
91203,3361.2905,5345.0347,8846.2402,-9999.0000,349.4059,614.2101,6.2636,3451.0354,81.5032,3276.5576,84.9022,-9999.0000,-9999.0000,267.2846,643.7816,1,0,16.4200
91204,3335.0562,5391.0547,8622.3311,-9999.0000,351.0000,618.7520,6.2632,3499.7678,81.5481,3385.0774,84.8699,-9999.0000,-9999.0000,264.2950,638.7473,1,0,16.4200
91205,3207.7012,5440.1792,8417.6133,-9999.0000,362.7417,636.3666,6.2679,3435.9219,81.5811,3408.6733,84.8359,-9999.0000,-9999.0000,273.0651,650.4221,1,0,16.4200
