Data/Raw/WAGNER,NICK/firexaq-AOP-optical_DC8_20190821_R1.ict
51, 1001
Wagner, Nicholas L.
NOAA Earth System Research Laboratory
NOAA AOP instrument
FIREX-AQ
1, 1
2019, 08, 21, 2020, 04, 27
1
Time_start, seconds_past_midnight, seconds from midnight
18
1, 1, 1, 1, 1, 1, 1, 1, 1, 1, 1, 1, 1, 1, 1, 1, 1, 1
-9999, -9999, -9999, -9999, -9999, -9999, -9999, -9999, -9999, -9999, -9999, -9999, -9999, -9999, -9999, -9999, -9999, -9999
ext_dry_664, Mm-1, AerOpt_Extinction_InSitu_RHd_red_Total_PM2.5_STP
ext_dry_532, Mm-1, AerOpt_Extinction_InSitu_RHd_green_Total_PM2.5_STP
ext_dry_405, Mm-1, AerOpt_Extinction_InSitu_RHd_blue_Total_PM2.5_STP
abs_dry_664, Mm-1, AerOpt_Absorption_InSitu_RHd_red_Total_PM2.5_STP
abs_dry_532, Mm-1, AerOpt_Absorption_InSitu_RHd_green_Total_PM2.5_STP
abs_dry_405, Mm-1, AerOpt_Absorption_InSitu_RHd_blue_Total_PM2.5_STP
AOP_RH_dry, pct, Relative_humidity_of_dry_RH_channels
ext_medRH_664, Mm-1, AerOpt_Extinction_InSitu_RH80_red_Total_PM2.5_STP
AOP_RH_med, pct, Relative_humidity_of_medium_RH_channel
ext_highRH_664, Mm-1, AerOpt_Extinction_InSitu_RH85_red_Total_PM2.5_STP
AOP_RH_high, pct, Relative_humidity_of_high_RH_channel
ext_TD_664, Mm-1, AerOpt_ExtinctionTD_InSitu_RHd_blue_Total_PM2.5_STP
ext_TD_405, Mm-1, AerOpt_ExtinctionTD_InSitu_RHd_red_Total_PM2.5_STP
abs_TD_664, Mm-1, AerOpt_Absorption_InSitu_RHd_red_Total_PM2.5_STP
abs_TD_405, Mm-1, AerOpt_Absorption_InSitu_RHd_blue_Total_PM2.5_STP
AOP_TD_bypass_flag, pct, Flag_for_TD_Bypass_valve
AOP_filter_flag, pct, Flag_for_Filter_Valve
AOP_Dilution_ratio, pct, Applied_Dilution_Ratio_for_ext_channels
1
N/A
18
PI_CONTACT_INFO: Address: NOAA ESRL Chemical Sciences Division, R/CSD2, 325 Broadway, Boulder, CO 80305. Email: nick.wagner@noaa.gov.
PLATFORM: NASA DC8
LOCATION: See the DC8 MetNav file, Based in Boise (BOI) and Salina, KS
ASSOCIATED_DATA: N/A
[...]
DATA_INFO: Mm-1:
UNCERTAINTY: The precision of the extinction measurements varies with aerosol loading and is +/-20% at 10 Mm-1 and +/-5% at 100 Mm-1. The accuracy of the dry measurement is +/-2% and depends on RH for the humidified measurements, +/-5% at 85% RH and +/-15% at 90% RH. For more details, see Langridge et al., Aerosol Science and Technology 45:1305-1318, 2011. Analysis of comparable measurements suggest incomplete mixing in the dilution system. Effective dilution for individual instruments can vary by +/- 30% compared to the reported flow-based dilution estimate. The absorption measurements have a high signal accuracy of 20%. The low signal precision varies with altitude and flight to flight, and is typically less than 10 Mm-1 for 1 second measurements.
ULOD_FLAG: -7777
ULOD_VALUE: N/A
LLOD_FLAG: -8888
LLOD_VALUE: N/A
DM_CONTACT_INFO: Gao Chen
PROJECT_INFO: FIREX-AQ
STIPULATIONS_ON_USE: NASA Data Policy. Contact with PI is encouraged.
OTHER_COMMENTS: N/A
REVISION: R1
R1: Absorption measurements have been corrected for pressure dependent microphone sensitivity. In-cloud data has been removed. R0: Final Data. 
Time_start, ext_dry_664, ext_dry_532, ext_dry_405, abs_dry_664, abs_dry_532, abs_dry_405, AOP_RH_dry, ext_medRH_664, AOP_RH_med, ext_highRH_664, AOP_RH_high, ext_TD_664, ext_TD_405, abs_TD_664, abs_TD_405, AOP_TD_bypass_flag, AOP_filter_flag, AOP_Dilution_ratio
[from data line 6259]
60547,4.4283,3.6222,5.2157,-3.5053,-1.6290,-0.4445,32.4795,2.2570,82.7360,3.0086,85.4582,-9999.0000,-9999.0000,-7.4332,-2.2657,0,0,1.0000
60548,1.4727,2.9693,5.4629,-0.4819,-1.2450,0.1941,32.4823,3.2607,82.7074,4.2325,85.4434,-9999.0000,-9999.0000,-3.4516,-3.2246,0,0,1.0000
60549,1.9766,3.6777,5.7561,-4.3993,1.6445,-0.0685,32.4813,7.8738,82.6730,3.3275,85.4207,-9999.0000,-9999.0000,-4.0049,1.4693,0,0,1.0000
60550,1.4948,3.3682,6.3865,5.3771,1.0131,-0.1876,32.4806,4.5736,82.6233,5.0449,85.3845,-9999.0000,-9999.0000,-8.0428,-1.2405,0,0,1.0000
60551,4.4476,3.6329,7.5855,-5.5907,-1.7859,-0.1086,32.4868,3.3638,82.5540,11.6218,85.3340,-9999.0000,-9999.0000,-5.5494,0.0217,0,0,1.0000
60552,3.2130,3.5259,5.5817,-0.7835,-1.2573,0.2215,32.4902,4.2599,82.4791,5.8032,85.3020,-9999.0000,-9999.0000,-6.3362,-3.6027,0,0,1.0000
60553,1.8046,3.7000,4.6003,3.1168,-0.1847,0.1678,32.4790,3.7230,82.3954,4.5754,85.2692,-9999.0000,-9999.0000,-4.7812,-0.9055,0,0,1.0000
60554,1.6472,2.7666,5.5440,-2.4388,-1.7530,0.0848,32.4774,2.9649,82.3147,5.0272,85.2489,-9999.0000,-9999.0000,-2.6326,1.1040,0,0,1.0000
60555,1.6908,3.7345,5.6160,-6.9160,-1.6539,0.3746,32.4801,4.2383,82.2453,3.9969,85.2274,-9999.0000,-9999.0000,-3.1367,0.5612,0,0,1.0000
60556,1.6603,3.0839,5.5382,-1.3739,1.9491,-0.8270,32.4784,3.2574,82.1582,5.1219,85.2106,-9999.0000,-9999.0000,-1.3410,2.6712,0,0,1.0000
60557,2.2696,4.2789,5.8044,-1.3361,3.3673,0.1175,32.4769,3.1348,82.0461,3.6639,85.1982,-9999.0000,-9999.0000,-2.3318,-3.1548,0,0,1.0000
60558,2.5317,2.8640,6.7728,-6.1908,-2.7033,-0.2749,32.4704,2.9999,81.9111,8.3809,85.1898,-9999.0000,-9999.0000,3.4222,-0.4620,0,0,1.0000
60559,2.0934,2.9712,7.1085,1.2090,1.8499,-0.0055,32.4665,3.9138,81.8119,4.3200,85.1793,-9999.0000,-9999.0000,-0.8355,-1.7216,0,0,1.0000
60560,2.0609,4.2074,5.6317,-5.4985,-1.3247,-0.0914,32.4568,7.7190,81.6983,3.1248,85.1830,-9999.0000,-9999.0000,-2.7454,-1.7009,0,0,1.0000
60561,2.5012,3.4720,4.7261,0.0482,-1.2135,-0.3413,32.4514,2.7577,81.5857,6.7262,85.1796,-9999.0000,-9999.0000,-5.0446,3.6526,0,0,1.0000
60562,2.0746,3.0432,4.4982,1.3258,-2.8559,0.2533,32.4530,3.2537,81.4593,3.9086,85.1802,-9999.0000,-9999.0000,-1.6414,-2.5856,0,0,1.0000
60563,1.9601,3.5060,5.3800,-0.7346,-0.8110,-0.1811,32.4520,3.6228,81.3460,6.9592,85.1855,-9999.0000,0.3559,-1.9886,-3.1806,0,0,1.0000
60564,1.8560,4.3400,5.8788,-0.8784,1.0111,-0.0764,32.4540,4.2347,81.2039,6.9890,85.1937,-9999.0000,-0.1062,-5.4945,-2.8584,0,0,1.0000
60565,3.4570,2.7741,5.5191,-0.5784,-2.2079,0.5852,32.4532,3.6040,81.0841,4.0781,85.2152,0.2375,0.2103,-1.2653,-2.3482,0,0,1.0000
60566,1.6321,2.7050,4.5722,-0.0939,-1.1134,-0.4059,32.4528,3.6703,80.9651,4.1461,85.2283,0.3593,0.2833,-1.9230,-2.6446,0,0,1.0000
60567,1.7908,3.0753,4.9098,-1.9785,-0.5807,-0.1506,32.4510,4.5169,80.8609,5.9340,85.2397,0.2032,0.1062,-2.5849,-2.0808,0,0,1.0000
60568,1.6990,3.3427,5.7013,-4.5574,-1.0312,-0.1321,32.4610,4.5931,80.7587,4.2507,85.2586,0.1611,-0.1417,0.1163,-4.0421,0,0,1.0000
60569,1.6384,3.5617,5.7204,0.0330,-0.7345,-0.3210,32.4644,4.5977,80.6700,4.6037,85.2739,0.9409,0.6224,-6.3701,2.7471,0,0,1.0000
60570,1.7237,3.0369,5.5482,-2.2358,-0.1623,0.1493,32.4656,3.7510,80.5791,4.3611,85.2996,0.2991,0.4311,-3.9469,-3.1400,0,0,1.0000
60571,1.4922,3.4177,5.6013,-1.6435,-0.3865,-0.1810,32.4653,6.0008,80.5069,3.1765,85.3186,0.2949,0.6999,-3.6362,1.6708,0,0,1.0000
60572,1.9095,3.2864,6.1551,3.2071,-1.4618,0.1739,32.4692,5.1247,80.4558,4.3938,85.3334,3.0904,0.3568,-7.0272,0.8894,0,0,1.0000
60573,2.4612,4.0543,5.5508,-3.2560,0.9526,-0.4136,32.4675,3.1545,80.4177,4.1001,85.3458,0.9778,0.4597,7.2220,0.0666,0,0,1.0000
60574,1.4715,2.9348,4.8490,-1.0193,-2.5883,-0.0125,32.4669,2.4540,80.3818,3.7546,85.3490,0.2374,0.0973,-5.9872,-2.9398,0,0,1.0000
60575,2.3178,3.4883,4.7268,-1.6857,3.0461,0.3533,32.4658,2.5129,80.3416,4.8602,85.3526,0.1625,0.1040,2.9717,-0.4197,0,0,1.0000
60576,2.8559,3.6726,7.5789,-2.6720,-2.9000,-0.9252,32.4672,4.4958,80.3200,3.0392,85.3559,0.1576,0.3249,0.5047,1.0184,0,0,1.0000
60577,3.2889,3.8806,10.6906,2.4334,-1.2633,0.4337,32.4667,5.5671,80.3063,4.6657,85.3483,3.0665,-0.0703,6.2793,-0.9998,0,0,1.0000
60578,2.1159,3.6874,5.9108,2.9409,-2.5892,0.1014,32.4728,5.1438,80.3011,5.2988,85.3429,2.5883,1.0916,2.8175,0.2148,0,0,1.0000
60579,2.4331,3.6270,5.0050,-3.1871,-0.5618,-0.6139,32.4731,3.7479,80.3033,5.9731,85.3226,0.7327,4.1210,0.6843,3.9953,0,0,1.0000
60580,1.8893,3.9050,5.1201,-1.5226,0.3613,-0.4732,32.4638,6.9442,80.3001,5.4050,85.2963,0.6814,2.3908,-2.5902,-0.1181,0,0,1.0000
60581,4.0090,3.3050,6.0549,2.1355,-2.9929,0.1527,32.4632,5.3267,80.3169,4.3384,85.2672,0.2909,3.7563,-0.4236,-4.6360,0,0,1.0000
60582,2.0048,2.9938,6.2486,-3.8787,-1.2229,0.6201,32.4671,10.1938,80.3569,5.1115,85.2423,1.3709,0.2025,-4.8680,-1.2482,0,0,1.0000
60583,1.9231,3.2582,7.2220,0.3716,0.0389,0.0339,32.4723,4.9322,80.4058,6.1842,85.2107,0.6901,0.0304,-2.6617,-1.3536,0,0,1.0000
60584,2.2298,3.5049,5.9373,0.3268,-1.2189,-0.3341,32.4817,4.3961,80.4784,4.4489,85.1819,0.1066,0.3455,1.5379,2.8168,0,0,1.0000
60585,3.7888,4.2605,5.7459,-1.4469,-0.4740,-0.1824,32.4898,4.4700,80.5427,6.2284,85.1499,5.5545,0.2925,0.5899,2.9057,0,0,1.0000
60586,2.0204,3.8687,8.1900,-3.4584,4.8004,0.0306,32.4923,3.3746,80.6307,5.2920,85.1286,2.3878,0.4917,0.4440,2.2604,0,0,1.0000
60587,1.5376,4.3182,6.4303,-0.3349,0.6119,-0.3493,32.4901,2.5415,80.7292,8.9723,85.1231,0.7541,0.1215,-2.4821,0.2891,0,0,1.0000
60588,1.9076,3.8617,6.9706,2.2840,-1.0579,0.4243,32.4807,3.6463,80.8288,6.4822,85.1161,0.3595,-0.0533,-2.7256,-2.5158,0,0,1.0000
60589,1.6073,2.8795,5.6472,-2.4741,1.4494,0.1005,32.4796,4.3726,80.9312,3.8204,85.1149,0.2634,-0.2003,-1.7768,0.5021,0,0,1.0000
60590,2.1757,4.9181,4.8009,-5.7459,0.5955,0.4055,32.4793,4.9412,81.0391,3.4742,85.1151,0.5862,0.0076,-2.5594,-2.8724,0,0,1.0000
60591,2.7258,4.2793,6.2906,-5.5607,-1.0325,-0.5076,32.4765,3.9179,81.1471,3.3436,85.1184,0.3118,-0.1278,-3.8549,2.5764,0,0,1.0000
60592,2.1967,3.5239,6.1609,0.1871,-4.0070,0.5480,32.4806,2.5241,81.2611,4.5079,85.1344,0.3749,-0.0367,0.5469,0.0957,0,0,1.0000
60593,4.3534,3.5784,5.9902,-5.0094,-5.6857,0.1138,32.4770,2.9247,81.3711,6.5755,85.1523,0.5742,3.3308,-2.9711,-0.8902,0,0,1.0000
60594,2.1438,4.1965,5.4984,-4.6170,-0.2478,0.3765,32.4834,2.4123,81.4774,5.5987,85.1749,0.5230,1.7168,-7.3092,-2.8368,0,0,1.0000
60595,2.2137,3.6187,5.2451,1.8762,0.8893,0.0384,32.4741,2.7009,81.5995,4.1474,85.1989,1.4589,1.5384,-2.1990,-2.1859,0,0,1.0000
60596,2.4029,3.2747,6.9943,4.3431,0.4806,0.0083,32.4630,2.7249,81.6975,10.6653,85.2206,0.2773,1.0562,-2.6270,-0.0784,0,0,1.0000
60597,3.0088,3.7502,5.8907,-4.1340,-0.5699,0.1540,32.4480,5.1433,81.8139,6.9752,85.2520,0.4286,1.5419,-3.6509,-1.7670,0,0,1.0000
60598,1.9323,3.5226,7.3048,0.8341,-3.2198,0.5255,32.4489,5.8397,81.9336,4.2607,85.2720,3.5351,0.7311,-5.4227,-1.6635,0,0,1.0000
60599,2.6444,3.9762,6.9190,-1.9634,2.3984,0.5260,32.4510,4.8170,82.0485,5.1296,85.2957,0.5437,0.3852,6.6725,-2.2295,0,0,1.0000
60600,4.3289,4.9536,6.5514,-3.2120,-0.4523,-0.4537,32.4573,3.2306,82.1402,4.7809,85.3090,0.5806,-0.0013,-3.3149,0.8001,0,0,1.0000
60601,2.4042,5.5349,5.6689,-2.1842,-2.1616,-0.2733,32.4613,4.1133,82.2207,10.3199,85.3201,0.2657,0.1692,-0.9124,-1.0435,0,0,1.0000
60602,1.6223,3.4196,5.5197,-1.9400,-0.0152,-0.6045,32.4615,5.0761,82.2892,3.8220,85.3293,0.5461,0.6505,5.1450,2.1640,0,0,1.0000
60603,4.9851,3.7660,6.6496,2.7018,0.9521,0.0776,32.4560,4.2629,82.3568,7.9419,85.3317,0.4286,0.3636,0.1389,-1.1976,0,0,1.0000
60604,2.0794,4.0580,4.8125,1.4697,-1.6216,0.0089,32.4474,4.4586,82.4226,6.0731,85.3309,0.3105,0.1773,-0.7513,-0.0411,0,0,1.0000
60605,2.5742,3.9061,5.6518,-1.2408,-1.0075,-0.4346,32.4511,3.4938,82.4715,9.5194,85.3263,0.2209,-0.2185,-6.5102,-0.5275,0,0,1.0000
60606,2.4094,5.2381,6.6856,2.4749,1.3434,-0.3457,32.4413,3.4423,82.5127,5.5216,85.3092,0.1952,-0.1110,-1.7295,2.4837,0,0,1.0000
60607,2.3051,4.0126,6.4379,2.1253,-2.4460,-0.0438,32.4361,3.1614,82.5374,3.9866,85.2854,1.9049,0.2058,-4.0772,-2.2093,0,0,1.0000
60608,2.2932,4.3615,7.3833,-1.4208,-1.6436,-0.2352,32.4350,3.0546,82.5636,4.7222,85.2620,0.5047,0.9974,0.9020,-1.0886,0,0,1.0000
60609,1.8423,3.4535,5.0627,1.4686,1.5466,-0.3769,32.4362,3.4795,82.5805,4.1826,85.2286,0.3577,1.4485,5.4241,-0.9699,0,0,1.0000
60610,2.7352,3.0026,7.2960,-0.7137,0.6353,0.0168,32.4443,4.5631,82.5910,6.0798,85.2034,0.2654,0.8462,3.7767,-0.1109,0,0,1.0000
60611,3.0132,4.6465,5.6705,0.6134,-0.8897,-0.1756,32.4507,3.8112,82.6039,6.4378,85.1630,0.4726,4.3072,-0.2317,3.8401,0,0,1.0000
60612,2.3382,4.1017,7.4588,1.5177,0.6733,0.7721,32.4515,3.9267,82.6083,15.6162,85.1327,1.1321,1.2145,2.9714,1.2540,0,0,1.0000
60613,4.3591,5.6449,5.1684,1.8700,-0.3284,0.8660,32.4470,3.6688,82.6105,9.4930,85.1172,13.0041,0.2662,4.8189,-1.1683,0,0,1.0000
60614,2.4186,5.5769,5.7392,-2.6550,1.1856,-0.2527,32.4473,5.0465,82.6086,4.9112,85.1110,9.5407,1.0314,4.0885,-1.4092,0,0,1.0000
60615,1.9605,3.9197,6.8065,-2.6915,-1.2839,0.4360,32.4494,3.3103,82.5967,6.3025,85.1051,0.8049,0.1789,-3.4019,-0.8785,0,0,1.0000
60616,1.7371,5.1014,5.3291,0.5071,-0.7241,-0.3291,32.4466,3.5307,82.5704,4.8035,85.1083,0.4107,0.0722,-5.5711,-0.7677,0,0,1.0000
60617,3.0432,3.9096,4.8177,1.5683,-2.3105,-0.0521,32.4377,4.1026,82.5286,3.7151,85.1054,0.2840,1.1980,0.1825,-0.5265,0,0,1.0000
60618,1.9788,4.1399,4.2708,2.6014,3.5861,0.1956,32.4371,4.9709,82.4800,5.0416,85.1059,0.3195,0.2499,-3.2429,3.2846,0,0,1.0000
60619,2.2168,3.0763,6.6364,-2.5595,2.3271,-0.2970,32.4366,6.5354,82.4183,7.9660,85.1069,0.5602,0.3596,-0.8896,-0.5363,0,0,1.0000
60620,2.7767,3.2095,6.5628,-1.7280,-2.2902,0.5350,32.4347,7.2326,82.3180,3.4841,85.1111,0.3105,1.0706,1.8677,0.7267,0,0,1.0000
60621,2.0263,3.4512,4.9561,-3.4901,-1.0162,0.3512,32.4381,5.8610,82.2340,3.9328,85.1237,0.4199,1.9939,-3.9423,3.3893,0,0,1.0000
60622,1.5106,3.5043,6.8172,2.1394,0.4609,0.2654,32.4372,1.8992,82.1388,4.6676,85.1589,0.4016,0.3257,-6.2238,0.9573,0,0,1.0000
60623,1.5550,4.5853,5.9255,2.9298,3.4539,-0.1463,32.4396,4.0991,82.0380,8.6289,85.1958,0.2444,-0.0421,-0.0609,-0.3812,0,0,1.0000
60624,1.8731,5.3502,6.1413,-4.3726,-4.2573,0.0315,32.4412,3.1522,81.9314,5.3960,85.2293,0.2060,-0.1229,4.0285,-0.7619,0,0,1.0000
60625,2.5068,4.6323,6.2866,-0.2391,1.1752,0.1239,32.4429,3.5946,81.8202,2.9519,85.2518,0.2204,-0.0538,1.5528,0.7825,0,0,1.0000
60626,3.6022,5.0266,4.9399,-0.8034,0.7281,0.1221,32.4446,2.5078,81.6840,4.2478,85.2886,0.3420,0.2421,-1.4727,-0.9200,0,0,1.0000
60627,1.6187,3.3730,6.1913,1.8961,-0.4934,-0.1560,32.4461,3.3663,81.5473,5.0386,85.3238,0.3888,0.2774,-2.7515,-0.1939,0,0,1.0000
60628,1.7347,3.2097,5.8728,-4.8128,-1.6733,0.5715,32.4573,4.6886,81.4264,3.5497,85.3488,0.4081,-0.0081,2.7293,1.9612,0,0,1.0000
60629,2.0147,2.8328,6.0048,0.4233,3.7020,0.1440,32.4677,2.3239,81.3180,3.6371,85.3645,2.0310,4.3693,-5.3922,-2.5244,0,0,1.0000
60630,2.5068,3.6381,8.3558,1.1329,-0.2302,-0.0035,32.4643,3.2082,81.2009,3.8073,85.3678,2.7067,12.5881,0.8520,-0.2284,0,0,1.0000
60631,2.3895,2.5590,4.0665,-2.0784,5.1068,-0.2972,32.4624,6.3738,81.0756,3.3092,85.3661,1.4807,3.3628,-2.4477,4.7526,0,0,1.0000
60632,1.1255,3.3471,4.2001,-4.3886,0.0534,-0.3299,32.4626,8.0576,80.9684,4.3966,85.3679,6.0315,0.2098,-9.3754,1.0438,0,0,1.0000
60633,1.3869,3.7277,4.6360,-1.9656,1.0216,0.0553,32.4608,4.0630,80.8669,5.3566,85.3676,2.2901,0.0999,-2.4588,1.0085,0,0,1.0000
60634,1.6413,3.1552,6.0323,3.2868,3.2291,0.2084,32.4626,3.7864,80.7640,7.3472,85.3662,0.4309,0.0165,-0.5260,0.3797,0,0,1.0000
60635,2.3371,3.6571,5.8466,-0.5823,-1.4931,0.3588,32.4603,5.4499,80.6759,4.6922,85.3666,0.2346,0.0303,-1.0526,4.5403,0,0,1.0000
60636,1.6218,3.0730,3.6250,-1.4977,2.1868,0.2815,32.4574,8.0442,80.5876,5.3931,85.3514,0.1680,-0.3069,6.3791,1.0979,0,0,1.0000
60637,3.0730,3.7241,4.9119,-0.7663,2.4153,0.3434,32.4644,6.1156,80.5229,5.2143,85.3309,0.3765,-0.1234,-3.9217,1.7825,0,0,1.0000
60638,1.5247,3.9296,3.5790,-1.9550,-0.9426,-0.2589,32.4677,3.6612,80.4787,3.9143,85.3021,0.4508,-0.0159,-4.5958,3.1505,0,0,1.0000
60639,1.4458,3.9187,4.3755,-0.7261,-2.8125,-0.0262,32.4678,4.7060,80.4242,3.9645,85.2629,0.6172,-0.3544,-2.5932,-0.5745,0,0,1.0000
60640,3.3185,2.4535,4.5251,0.7860,0.7882,-0.0289,32.4687,7.0223,80.3744,2.7124,85.2313,0.2683,-0.0092,2.9058,-2.3451,0,0,1.0000
60641,3.0648,3.2704,5.5184,-2.4248,1.2257,0.5913,32.4566,6.4539,80.3337,4.7790,85.2074,0.3840,0.6553,-1.8094,-0.2473,0,0,1.0000
60642,1.4192,4.7186,5.8144,-3.2257,-3.7196,1.0983,32.4501,3.5197,80.3132,7.8328,85.1917,0.2227,0.2410,2.5979,-3.0129,0,0,1.0000
60643,1.3904,2.8035,4.6573,-6.2239,0.7898,1.9308,32.4474,7.8677,80.3048,3.7366,85.1819,0.3789,-0.3236,2.9827,-3.2322,0,0,1.0000
60644,1.3010,3.1743,4.2025,4.5961,-2.0382,0.1776,32.4463,4.3412,80.3034,3.2520,85.1694,0.5288,-0.3467,-4.7267,-1.6816,0,0,1.0000
60645,1.5486,3.2892,3.5585,-1.2840,-1.9384,-0.6843,32.4356,2.8609,80.3019,6.2770,85.1617,0.3435,-0.2445,1.0307,1.0437,0,0,1.0000
60646,1.4363,3.1765,4.6573,-1.6285,0.3506,0.0051,32.4292,5.6179,80.3109,3.8496,85.1543,0.8241,0.1227,1.8664,-0.1007,0,0,1.0000
60647,3.4007,2.3678,4.5892,0.6582,-4.2527,-0.1764,32.4305,3.3092,80.3274,3.7853,85.1549,0.3863,0.3086,1.8668,-0.0002,0,0,1.0000
60648,1.6766,2.4192,6.6016,-1.7177,1.5014,0.3624,32.4353,3.3231,80.3686,3.0494,85.1577,0.2756,1.2752,-9999.0000,-0.3213,0,0,1.0000
60649,4.7036,3.3860,5.3221,-4.6222,0.3872,0.2688,32.4472,3.1478,80.4307,3.1927,85.1629,0.2892,2.0373,-9999.0000,-0.5346,0,0,1.0000
60650,1.5952,3.2876,5.5509,-2.0288,2.0257,0.2785,32.4398,2.9101,80.4954,7.3658,85.1683,0.4676,0.3948,-9999.0000,5.4056,0,0,1.0000
60651,1.7321,3.0920,4.7021,1.0875,-0.7066,0.2397,32.4284,2.8937,80.5753,7.8590,85.1819,0.3131,-0.1233,-9999.0000,-1.3673,0,0,1.0000
60652,1.8274,4.0269,4.3361,-1.2607,4.6665,0.0362,32.4232,5.2900,80.6612,3.5715,85.2073,0.3012,0.0563,-9999.0000,-0.3273,0,0,1.0000
60653,1.7786,5.0848,5.4972,1.4683,0.4264,-0.0062,32.4274,5.6492,80.7443,5.7934,85.2404,0.3642,0.1840,-9999.0000,1.0110,0,0,1.0000
60654,1.2800,4.1376,4.9539,-4.5913,1.1690,-0.0156,32.4184,4.3226,80.8259,6.2054,85.2669,8.8324,0.4260,-9999.0000,-0.6469,0,0,1.0000
60655,1.6226,3.7616,5.2673,-3.4778,0.2829,0.1910,32.4216,3.7278,80.9083,8.0105,85.2767,11.6857,-0.0364,-9999.0000,2.4679,0,0,1.0000
60656,1.6473,2.9094,4.7127,1.4972,-0.2991,0.0063,32.4341,5.2811,81.0084,6.5855,85.2968,6.7556,-0.2500,-9999.0000,0.8579,0,0,1.0000
60657,3.0977,3.5709,4.2889,-1.2660,-0.8371,0.0876,32.4371,4.2064,81.1225,5.0170,85.3088,0.6312,0.0866,-9999.0000,-0.1163,0,0,1.0000
60658,1.2676,4.4674,4.0973,-0.8333,1.6938,0.1267,32.4421,4.0948,81.2362,7.0540,85.3186,0.4152,1.0306,-9999.0000,-0.9127,0,0,1.0000
60659,1.1079,3.6338,4.3045,3.5338,1.6770,0.3209,32.4300,2.8299,81.3410,3.7601,85.3252,0.4751,-0.1335,-9999.0000,-0.9106,0,0,1.0000
60660,1.0505,4.3902,5.1674,-1.7183,2.1637,0.1551,32.4227,5.3106,81.4475,3.6831,85.3280,0.8777,-0.2986,-9999.0000,-9999.0000,0,0,1.0000
60661,2.0580,2.9706,4.5068,-2.1752,-6.2638,-0.4500,32.4194,4.8316,81.5585,3.8086,85.3309,0.2474,-0.0131,2.7379,-9999.0000,0,0,1.0000
60662,1.5347,3.7410,5.1470,-1.8782,1.3460,-0.4109,32.4226,4.7257,81.6694,4.0303,85.3212,0.5818,0.0115,-4.7850,-9999.0000,0,0,1.0000
60663,1.0844,3.5290,4.6122,-1.4447,-0.2750,1.3512,32.4285,5.7930,81.7549,3.9050,85.3051,0.7167,0.1194,-0.2090,-9999.0000,0,0,1.0000
60664,1.8079,2.7181,6.6272,0.0092,3.6940,0.2372,32.4297,4.1928,81.8362,3.5579,85.2889,0.6723,0.3315,-3.7064,-9999.0000,0,0,1.0000
60665,1.9876,3.9993,5.6431,5.4608,-2.4803,0.1439,32.4247,4.9351,81.9202,4.4833,85.2599,0.5455,-0.0258,-1.3663,-9999.0000,0,0,1.0000
60666,1.4823,4.0768,5.7390,-5.4218,2.3913,0.5445,32.4277,4.3548,82.0043,3.8500,85.2359,0.4111,-0.0235,-4.5281,-9999.0000,0,0,1.0000
60667,2.0527,4.0636,5.4280,1.9989,2.4144,0.0258,32.4198,3.0925,82.0935,4.0151,85.1971,0.2642,1.9443,-0.5570,-9999.0000,0,0,1.0000
60668,2.0757,4.7753,6.2277,-2.9627,4.5578,-0.0246,32.4209,4.3514,82.1733,8.3846,85.1662,0.2301,2.5147,-4.8254,-9999.0000,0,0,1.0000
