Data/Raw/WAGNER,NICK/firexaq-AOP-optical_DC8_20190802_R1.ict
51, 1001
Wagner, Nicholas L.
NOAA Earth System Research Laboratory
NOAA AOP instrument
FIREX-AQ
1, 1
2019, 08, 02, 2020, 04, 27
1
Time_start, seconds_past_midnight, seconds from midnight
18
1, 1, 1, 1, 1, 1, 1, 1, 1, 1, 1, 1, 1, 1, 1, 1, 1, 1
-9999, -9999, -9999, -9999, -9999, -9999, -9999, -9999, -9999, -9999, -9999, -9999, -9999, -9999, -9999, -9999, -9999, -9999
ext_dry_664, Mm-1, AerOpt_Extinction_InSitu_RHd_red_Total_PM2.5_STP
ext_dry_532, Mm-1, AerOpt_Extinction_InSitu_RHd_green_Total_PM2.5_STP
ext_dry_405, Mm-1, AerOpt_Extinction_InSitu_RHd_blue_Total_PM2.5_STP
abs_dry_664, Mm-1, AerOpt_Absorption_InSitu_RHd_red_Total_PM2.5_STP
abs_dry_532, Mm-1, AerOpt_Absorption_InSitu_RHd_green_Total_PM2.5_STP
abs_dry_405, Mm-1, AerOpt_Absorption_InSitu_RHd_blue_Total_PM2.5_STP
AOP_RH_dry, pct, Relative_humidity_of_dry_RH_channels
ext_medRH_664, Mm-1, AerOpt_Extinction_InSitu_RH80_red_Total_PM2.5_STP
AOP_RH_med, pct, Relative_humidity_of_medium_RH_channel
ext_highRH_664, Mm-1, AerOpt_Extinction_InSitu_RH85_red_Total_PM2.5_STP
AOP_RH_high, pct, Relative_humidity_of_high_RH_channel
ext_TD_664, Mm-1, AerOpt_ExtinctionTD_InSitu_RHd_blue_Total_PM2.5_STP
ext_TD_405, Mm-1, AerOpt_ExtinctionTD_InSitu_RHd_red_Total_PM2.5_STP
abs_TD_664, Mm-1, AerOpt_Absorption_InSitu_RHd_red_Total_PM2.5_STP
abs_TD_405, Mm-1, AerOpt_Absorption_InSitu_RHd_blue_Total_PM2.5_STP
AOP_TD_bypass_flag, pct, Flag_for_TD_Bypass_valve
AOP_filter_flag, pct, Flag_for_Filter_Valve
AOP_Dilution_ratio, pct, Applied_Dilution_Ratio_for_ext_channels
1
A leak compromised the data on the abs_dry_664 channel for the flight and on abs_TD_664, abs_TD_405, and abs_dry_532 at high altitude. These data were removed.
18
PI_CONTACT_INFO: Address: NOAA ESRL Chemical Sciences Division, R/CSD2, 325 Broadway, Boulder, CO 80305. Email: nick.wagner@noaa.gov.
PLATFORM: NASA DC8
LOCATION: See the DC8 MetNav file, Based in Boise (BOI) and Salina, KS
ASSOCIATED_DATA: N/A
[...]
DATA_INFO: Mm-1:
UNCERTAINTY: The precision of the extinction measurements varies with aerosol loading and is +/-20% at 10 Mm-1 and +/-5% at 100 Mm-1. The accuracy of the dry measurement is +/-2% and depends on RH for the humidified measurements, +/-5% at 85% RH and +/-15% at 90% RH. For more details, see Langridge et al., Aerosol Science and Technology 45:1305-1318, 2011. Analysis of comparable measurements suggest incomplete mixing in the dilution system. Effective dilution for individual instruments can vary by +/- 30% compared to the reported flow-based dilution estimate. The absorption measurements have a high signal accuracy of 20%. The low signal precision varies with altitude and flight to flight, and is typically less than 10 Mm-1 for 1 second measurements.
ULOD_FLAG: -7777
ULOD_VALUE: N/A
LLOD_FLAG: -8888
LLOD_VALUE: N/A
DM_CONTACT_INFO: Gao Chen
PROJECT_INFO: FIREX-AQ
STIPULATIONS_ON_USE: NASA Data Policy. Contact with PI is encouraged.
OTHER_COMMENTS: N/A
REVISION: R1
R1: Absorption measurements have been corrected for pressure dependent microphone sensitivity. In-cloud data has been removed. R0: Final Data.
Time_start, ext_dry_664, ext_dry_532, ext_dry_405, abs_dry_664, abs_dry_532, abs_dry_405, AOP_RH_dry, ext_medRH_664, AOP_RH_med, ext_highRH_664, AOP_RH_high, ext_TD_664, ext_TD_405, abs_TD_664, abs_TD_405, AOP_TD_bypass_flag, AOP_filter_flag, AOP_Dilution_ratio
[from data line 18253]
94374,0.1221,0.8910,0.9039,-9999,-9999,-9999,15.9600,1.8219,78.5446,5.6467,83.0866,-9999,-9999,-9999,-9999,0,0,1.0000
94375,0.7602,1.5993,1.1892,-9999,-9999,-9999,15.9579,2.7283,78.6400,4.4830,83.1203,-9999,-9999,-9999,-9999,0,0,1.0000
94376,0.2645,0.8781,1.4180,-9999,-9999,-9999,15.9585,0.0648,78.7525,5.5873,83.1507,-9999,-9999,-9999,-9999,0,0,1.0000
94377,0.2619,0.3085,0.9823,-9999,-9999,-9999,15.9539,0.0338,78.8539,4.4232,83.1700,-9999,-9999,-9999,-9999,0,0,1.0000
94378,0.1559,1.5109,1.5691,-9999,-9999,-9999,15.9522,2.3575,78.9339,3.4413,83.1920,-9999,-9999,-9999,-9999,0,0,1.0000
94379,0.1550,0.9687,2.0504,-9999,-9999,-9999,15.9483,-0.4209,78.9902,2.7785,83.2130,-9999,-9999,-9999,-9999,0,0,1.0000
94380,0.9064,1.9229,2.6174,-9999,-9999,-9999,15.9352,0.3854,79.0530,4.2756,83.2560,-9999,-9999,-9999,-9999,0,0,1.0000
94381,0.6776,1.9658,2.7506,-9999,-9999,-9999,15.9265,-0.1214,79.1165,2.9018,83.3141,-9999,-9999,-9999,-9999,0,0,1.0000
94382,1.4668,4.3221,3.0866,-9999,-9999,-9999,15.9179,1.4019,79.1832,3.2030,83.3652,-9999,-9999,-9999,-9999,0,0,1.0000
94383,2.2050,5.1953,5.6334,-9999,-9999,-9999,15.9111,1.6338,79.2282,3.4902,83.4090,-9999,-9999,-9999,-9999,0,0,1.0000
94384,1.3400,3.8415,9.1464,-9999,-9999,-9999,15.9063,2.9472,79.2462,5.5404,83.4616,-9999,-9999,-9999,-9999,0,0,1.0000
94385,1.5600,2.9070,6.3351,-9999,-9999,-9999,15.9024,4.0667,79.2658,5.3245,83.5136,-9999,-9999,-9999,-9999,0,0,1.0000
94386,2.4930,3.6641,5.5772,-9999,-9999,-9999,15.8971,5.3178,79.2758,5.5285,83.5565,-9999,-9999,-9999,-9999,0,0,1.0000
94387,1.8658,4.2467,5.8048,-9999,-9999,-9999,15.8916,4.0335,79.2885,6.8894,83.6157,-9999,-9999,-9999,-9999,0,0,1.0000
94388,1.3670,3.4492,8.4611,-9999,-9999,-9999,15.8769,3.2475,79.2970,11.1736,83.6811,-9999,-9999,-9999,-9999,0,0,1.0000
94389,5.2311,2.9913,7.4774,-9999,-9999,-9999,15.8631,3.5908,79.2991,12.2078,83.7737,-9999,-9999,-9999,-9999,0,0,1.0000
94390,2.2101,3.5014,6.1046,-9999,-9999,-9999,15.8425,3.8308,79.2955,9.0602,83.8582,-9999,-9999,-9999,-9999,0,0,1.0000
94391,2.7402,4.1880,8.0420,-9999,-9999,-9999,15.8298,3.0594,79.2827,7.1639,83.9460,-9999,-9999,-9999,-9999,0,0,1.0000
94392,4.2356,6.8684,8.8459,-9999,-9999,-9999,15.8173,3.2644,79.2648,6.2486,84.0395,-9999,-9999,-9999,-9999,0,0,1.0000
94393,3.7589,6.3587,7.2833,-9999,-9999,-9999,15.7892,4.0030,79.2488,7.1919,84.1243,-9999,-9999,-9999,-9999,0,0,1.0000
94394,3.2419,4.8266,7.8770,-9999,-9999,-9999,15.7777,5.0887,79.2226,9.0604,84.2151,-9999,-9999,-9999,-9999,0,0,1.0000
94395,3.7967,3.9999,8.8148,-9999,-9999,-9999,15.7779,3.8428,79.1855,12.6043,84.3080,-9999,-9999,-9999,-9999,0,0,1.0000
94396,4.8359,8.2802,9.1936,-9999,-9999,-9999,15.7699,4.1114,79.1523,14.1474,84.4037,-9999,-9999,-9999,-9999,0,0,1.0000
94397,2.6457,6.9193,9.3411,-9999,-9999,-9999,15.7661,4.5126,79.1195,12.1064,84.5018,-9999,-9999,-9999,-9999,0,0,1.0000
94398,1.6991,5.8934,9.5897,-9999,-9999,-9999,15.7690,10.6883,79.0965,5.4179,84.5956,-9999,-9999,-9999,-9999,0,0,1.0000
94399,3.2477,5.3666,9.2382,-9999,-9999,-9999,15.7661,6.4261,79.0787,9.0352,84.6980,-9999,-9999,-9999,-9999,0,0,1.0000
94400,1.8923,5.7062,9.0799,-9999,-9999,-9999,15.7565,5.4415,79.0748,10.1191,84.7980,-9999,-9999,-9999,-9999,0,0,1.0000
94401,2.4773,4.4223,9.0916,-9999,-9999,-9999,15.7456,7.2199,79.0654,14.3446,84.8826,-9999,-9999,-9999,-9999,0,0,1.0000
94402,2.9344,5.6452,9.1094,-9999,-9999,-9999,15.7428,9.9094,79.0645,7.1025,84.9643,-9999,-9999,-9999,-9999,0,0,1.0000
94403,3.2253,5.2882,9.8775,-9999,-9999,-9999,15.7426,5.5192,79.0684,16.0274,85.0393,-9999,-9999,-9999,-9999,0,0,1.0000
94404,1.9463,4.7998,10.1026,-9999,-9999,-9999,15.7477,3.4265,79.0671,14.5463,85.1209,-9999,-9999,-9999,-9999,0,0,1.0000
94405,4.7527,5.8331,9.1873,-9999,-9999,-9999,15.7463,3.9431,79.0882,10.3939,85.1952,-9999,-9999,-9999,-9999,0,0,1.0000
94406,4.5102,5.9123,9.5678,-9999,-9999,-9999,15.7385,4.7314,79.1301,8.4823,85.2724,-9999,-9999,-9999,-9999,0,0,1.0000
94407,2.2646,6.5998,8.7807,-9999,-9999,-9999,15.7292,6.3139,79.1851,9.9466,85.3409,-9999,-9999,-9999,-9999,0,0,1.0000
94408,3.6903,5.2350,8.8637,-9999,-9999,-9999,15.7232,5.4736,79.2517,9.6231,85.4001,-9999,-9999,-9999,-9999,0,0,1.0000
94409,2.1078,6.5867,8.6575,-9999,-9999,-9999,15.7157,7.1518,79.3375,8.8876,85.4541,-9999,-9999,-9999,-9999,0,0,1.0000
94410,4.5666,6.7715,6.1847,-9999,-9999,-9999,15.7217,5.0009,79.4386,6.7537,85.5166,-9999,-9999,-9999,-9999,0,0,1.0000
94411,2.5606,3.5201,7.3072,-9999,-9999,-9999,15.7156,6.1806,79.5441,7.2522,85.5714,-9999,-9999,-9999,-9999,0,0,1.0000
94412,1.8151,3.0070,7.4383,-9999,-9999,-9999,15.7072,5.9214,79.6476,6.4790,85.6278,-9999,-9999,-9999,-9999,0,0,1.0000
94413,2.0740,4.5289,7.2527,-9999,-9999,-9999,15.7033,4.0935,79.7671,12.7963,85.6691,-9999,-9999,-9999,-9999,0,0,1.0000
94414,2.1026,4.2773,6.7891,-9999,-9999,-9999,15.7047,4.1989,79.8765,7.9144,85.7223,-9999,-9999,-9999,-9999,0,0,1.0000
94415,3.1767,5.0394,8.2332,-9999,-9999,-9999,15.7049,3.4104,80.0097,7.1218,85.7811,-9999,-9999,-9999,-9999,0,0,1.0000
94416,3.7590,3.7840,12.7941,-9999,-9999,-9999,15.7072,6.4307,80.1244,13.9428,85.8367,-9999,-9999,-9999,-9999,0,0,1.0000
94417,2.3182,8.1421,8.2819,-9999,-9999,-9999,15.7101,6.9446,80.2628,11.6757,85.8861,-9999,-9999,-9999,-9999,0,0,1.0000
94418,4.0197,5.5292,8.5214,-9999,-9999,-9999,15.7116,10.4906,80.3932,10.2203,85.9254,-9999,-9999,-9999,-9999,0,0,1.0000
94419,3.8580,6.8560,11.3448,-9999,-9999,-9999,15.7021,11.2695,80.5458,9.0694,85.9710,-9999,-9999,-9999,-9999,0,0,1.0000
94420,4.2809,6.8008,12.2313,-9999,-9999,-9999,15.6902,7.5218,80.7012,11.1790,86.0280,-9999,-9999,-9999,-9999,0,0,1.0000
94421,3.4023,8.2623,12.2312,-9999,-9999,-9999,15.6871,9.8575,80.8511,10.9653,86.0850,-9999,-9999,-9999,-9999,0,0,1.0000
94422,3.4522,7.7781,14.0755,-9999,-9999,-9999,15.6767,11.7074,80.9945,16.8284,86.1497,-9999,-9999,-9999,-9999,0,0,1.0000
94423,4.2172,8.4580,14.3353,-9999,-9999,-9999,15.6759,14.6346,81.1614,17.4450,86.2020,-9999,-9999,-9999,-9999,0,0,1.0000
94424,4.8074,9.9174,19.4660,-9999,-9999,-9999,15.6738,12.5183,81.3088,17.4965,86.2682,-9999,-9999,-9999,-9999,0,0,1.0000
94425,5.1085,10.6783,18.4782,-9999,-9999,-9999,15.6689,13.4002,81.4387,21.3356,86.3235,-9999,-9999,-9999,-9999,0,0,1.0000
94426,9.1267,13.1381,23.0654,-9999,-9999,-9999,15.6639,12.9508,81.5765,21.4067,86.3824,-9999,-9999,-9999,-9999,0,0,1.0000
94427,9.4904,16.6287,23.2526,-9999,-9999,-9999,15.6657,13.2992,81.7042,18.5086,86.4379,-9999,-9999,-9999,-9999,0,0,1.0000
94428,7.8854,13.9359,24.3886,-9999,-9999,-9999,15.6644,16.3991,81.8344,17.5246,86.4929,-9999,-9999,-9999,-9999,0,0,1.0000
94429,6.8722,14.3438,22.4020,-9999,-9999,-9999,15.6643,13.2453,81.9522,24.2216,86.5613,-9999,-9999,-9999,-9999,0,0,1.0000
94430,5.2021,14.6154,23.0760,-9999,-9999,-9999,15.6570,16.4510,82.0641,21.0958,86.6187,-9999,-9999,-9999,-9999,0,0,1.0000
94431,6.9614,15.3809,24.1736,-9999,-9999,-9999,15.6587,23.5859,82.1501,22.1912,86.6613,-9999,-9999,-9999,-9999,0,0,1.0000
94432,8.0879,12.8249,21.9347,-9999,-9999,-9999,15.6570,17.8321,82.2370,20.3126,86.7069,-9999,-9999,-9999,-9999,0,0,1.0000
94433,8.0211,13.1037,23.1443,-9999,-9999,-9999,15.6611,17.0548,82.3386,18.1077,86.7541,-9999,-9999,-9999,-9999,0,0,1.0000
94434,9.8139,10.5948,18.9847,-9999,-9999,-9999,15.6639,14.4668,82.4392,16.2192,86.8032,-9999,-9999,-9999,-9999,0,0,1.0000
94435,7.1867,9.2472,19.4980,-9999,-9999,-9999,15.6600,13.6557,82.5280,19.8947,86.8462,-9999,-9999,-9999,-9999,0,0,1.0000
94436,7.7183,10.3540,20.3036,-9999,-9999,-9999,15.6518,19.9592,82.5999,21.2074,86.8773,-9999,-9999,-9999,-9999,0,0,1.0000
94437,9.0862,9.2193,19.1039,-9999,-9999,-9999,15.6462,13.2057,82.6884,21.1894,86.9187,-9999,-9999,-9999,-9999,0,0,1.0000
94438,5.5610,10.2150,16.8989,-9999,-9999,-9999,15.6416,25.4538,82.7629,19.9527,86.9553,-9999,-9999,-9999,-9999,0,0,1.0000
94439,6.1051,10.1976,19.2331,-9999,-9999,-9999,15.6405,13.2486,82.8322,19.7725,86.9934,-9999,-9999,-9999,-9999,0,0,1.0000
94440,7.2892,13.5708,21.3157,-9999,-9999,-9999,15.6408,20.8826,82.8924,18.0089,87.0369,-9999,-9999,-9999,-9999,0,0,1.0000
94441,8.3869,13.5507,20.8495,-9999,-9999,-9999,15.6397,18.3325,82.9403,18.8894,87.0712,-9999,-9999,-9999,-9999,0,0,1.0000
94442,5.8241,10.6562,19.3581,-9999,-9999,-9999,15.6445,16.8178,82.9920,18.1632,87.1125,-9999,-9999,-9999,-9999,0,0,1.0000
94443,5.2837,9.8889,19.1268,-9999,-9999,-9999,15.6455,13.7044,83.0393,21.7132,87.1420,-9999,-9999,-9999,-9999,0,0,1.0000
94444,6.1733,10.1090,18.2712,-9999,-9999,-9999,15.6475,17.9556,83.0897,20.1039,87.1661,-9999,-9999,-9999,-9999,0,0,1.0000
94445,5.4953,10.6318,18.2983,-9999,-9999,-9999,15.6481,12.2880,83.1268,19.5545,87.1879,-9999,-9999,-9999,-9999,0,0,1.0000
94446,6.6242,11.7352,19.2884,-9999,-9999,-9999,15.6479,20.0336,83.1462,19.9868,87.2004,-9999,-9999,-9999,-9999,0,0,1.0000
94447,5.7736,10.6433,18.6694,-9999,-9999,-9999,15.6440,17.5792,83.1620,32.1348,87.2095,-9999,-9999,-9999,-9999,0,0,1.0000
94448,6.6743,11.0098,19.5229,-9999,-9999,-9999,15.6432,12.3692,83.1598,21.1041,87.2098,-9999,-9999,-9999,-9999,0,0,1.0000
94449,8.5037,11.0785,20.5027,-9999,-9999,-9999,15.6471,12.0680,83.1631,21.3485,87.2223,-9999,-9999,-9999,-9999,0,0,1.0000
94450,8.0081,12.9062,19.6705,-9999,-9999,-9999,15.6486,9.5902,83.1588,27.2724,87.2266,-9999,-9999,-9999,-9999,0,0,1.0000
94451,5.9863,11.1396,21.0776,-9999,-9999,-9999,15.6477,10.3626,83.1415,17.8220,87.2372,-9999,-9999,-9999,-9999,0,0,1.0000
94452,6.4994,12.2866,20.2983,-9999,-9999,-9999,15.6518,13.9142,83.1055,25.8333,87.2449,-9999,-9999,-9999,-9999,0,0,1.0000
94453,9.1183,12.1731,24.6880,-9999,-9999,-9999,15.6558,12.4696,83.0263,29.3197,87.2539,-9999,-9999,-9999,-9999,0,0,1.0000
94454,7.0975,10.7662,20.4763,-9999,-9999,-9999,15.6608,22.1068,82.9250,21.5530,87.2719,-9999,-9999,-9999,-9999,0,0,1.0000
94455,5.3943,10.9353,20.6329,-9999,-9999,-9999,15.6634,16.7276,82.8031,22.3435,87.2850,-9999,-9999,-9999,-9999,0,0,1.0000
94456,6.0693,10.8268,19.7082,-9999,-9999,-9999,15.6607,17.4588,82.6772,23.1912,87.3030,-9999,-9999,-9999,-9999,0,0,1.0000
94457,6.3420,10.3683,21.6627,-9999,-9999,-9999,15.6577,20.4070,82.5351,27.2937,87.3170,-9999,-9999,-9999,-9999,0,0,1.0000
94458,7.0246,10.4097,21.5564,-9999,-9999,-9999,15.6520,12.3869,82.3930,24.8412,87.3361,-9999,-9999,-9999,-9999,0,0,1.0000
94459,6.0166,10.3250,19.8971,-9999,-9999,-9999,15.6599,11.1464,82.2296,18.8087,87.3739,-9999,-9999,-9999,-9999,0,0,1.0000
94460,5.1260,12.0562,18.3453,-9999,-9999,-9999,15.6612,14.9362,82.0868,23.5972,87.4080,-9999,-9999,-9999,-9999,0,0,1.0000
94461,7.5331,13.5255,23.6435,-9999,-9999,-9999,15.6570,8.2520,81.9171,24.1103,87.4427,-9999,-9999,-9999,-9999,0,0,1.0000
94462,7.3810,10.5649,21.6873,-9999,-9999,-9999,15.6501,14.3528,81.7609,27.0021,87.4722,-9999,-9999,-9999,-9999,0,0,1.0000
94463,6.0865,9.2897,18.5732,-9999,-9999,-9999,15.6532,11.5049,81.5799,28.6845,87.4969,-9999,-9999,-9999,-9999,0,0,1.0000
94464,7.2576,12.0134,19.2490,-9999,-9999,-9999,15.6528,10.8686,81.4177,29.8424,87.5190,-9999,-9999,-9999,-9999,0,0,1.0000
94465,6.1221,11.6464,21.9814,-9999,-9999,-9999,15.6536,10.6539,81.2593,22.0528,87.5437,-9999,-9999,-9999,-9999,0,0,1.0000
94466,5.2738,11.1134,20.9485,-9999,-9999,-9999,15.6572,12.8727,81.0922,19.7538,87.5801,-9999,-9999,-9999,-9999,0,0,1.0000
94467,7.0895,9.3607,20.7312,-9999,-9999,-9999,15.6593,11.0239,80.9520,26.4657,87.6182,-9999,-9999,-9999,-9999,0,0,1.0000
94468,7.0664,12.7401,21.9024,-9999,-9999,-9999,15.6554,10.3225,80.8249,18.3343,87.6507,-9999,-9999,-9999,-9999,0,0,1.0000
94469,8.6329,12.4285,22.3579,-9999,-9999,-9999,15.6487,13.9497,80.7239,23.2549,87.6836,-9999,-9999,-9999,-9999,0,0,1.0000
94470,6.6002,11.3839,23.3135,-9999,-9999,-9999,15.6473,12.9907,80.6185,23.7577,87.7137,-9999,-9999,-9999,-9999,0,0,1.0000
94471,7.9724,12.5613,21.8875,-9999,-9999,-9999,15.6471,13.3671,80.5177,22.4363,87.7340,-9999,-9999,-9999,-9999,0,0,1.0000
94472,8.0068,12.1690,21.6253,-9999,-9999,-9999,15.6517,15.8878,80.4327,21.0462,87.7600,-9999,-9999,-9999,-9999,0,0,1.0000
94473,6.5304,13.5807,24.6544,-9999,-9999,-9999,15.6472,14.5596,80.3561,18.8332,87.7798,-9999,-9999,-9999,-9999,0,0,1.0000
94474,8.1669,12.7255,25.1283,-9999,-9999,-9999,15.6466,11.2339,80.3077,22.1377,87.8054,-9999,-9999,-9999,-9999,0,0,1.0000
94475,7.8452,11.9959,20.5073,-9999,-9999,-9999,15.6469,16.5636,80.2632,28.6627,87.8221,-9999,-9999,-9999,-9999,0,0,1.0000
94476,5.3814,10.5056,24.3719,-9999,-9999,-9999,15.6516,16.8995,80.2250,27.2841,87.8356,-9999,-9999,-9999,-9999,0,0,1.0000
94477,6.9450,12.1557,22.6178,-9999,-9999,-9999,15.6581,16.4080,80.2089,19.5094,87.8423,-9999,-9999,-9999,-9999,0,0,1.0000
94478,6.1059,11.3750,20.9006,-9999,-9999,-9999,15.6638,26.2557,80.1974,25.6976,87.8495,-9999,-9999,-9999,-9999,0,0,1.0000
94479,9.2253,13.5103,22.2296,-9999,-9999,-9999,15.6679,28.6436,80.1948,19.8610,87.8595,-9999,-9999,-9999,-9999,0,0,1.0000
94480,7.7625,13.6966,21.8496,-9999,-9999,-9999,15.6647,17.2135,80.1888,22.6570,87.8696,-9999,-9999,-9999,-9999,0,0,1.0000
94481,7.5177,11.5243,22.4933,-9999,-9999,-9999,15.6646,14.8681,80.1897,24.3146,87.8812,-9999,-9999,-9999,-9999,0,0,1.0000
94482,6.7736,11.8778,22.9123,-9999,-9999,-9999,15.6679,18.0317,80.1950,18.9407,87.8873,-9999,-9999,-9999,-9999,0,0,1.0000
94483,6.9276,11.2350,22.8883,-9999,-9999,-9999,15.6651,19.5296,80.2154,22.2169,87.8860,-9999,-9999,-9999,-9999,0,0,1.0000
94484,7.4627,10.4856,23.4697,-9999,-9999,-9999,15.6752,17.1852,80.2673,20.6074,87.8911,-9999,-9999,-9999,-9999,0,0,1.0000
94485,7.9214,10.7256,19.5530,-9999,-9999,-9999,15.6987,13.1052,80.3168,23.0959,87.8907,-9999,-9999,-9999,-9999,0,0,1.0000
94486,7.6065,12.8275,25.3533,-9999,-9999,-9999,15.6934,17.8689,80.3905,19.7619,87.8849,-9999,-9999,-9999,-9999,0,0,1.0000
94487,8.5127,11.7491,22.7732,-9999,-9999,-9999,15.6984,17.0127,80.4803,24.1323,87.8860,-9999,-9999,-9999,-9999,0,0,1.0000
94488,8.3866,11.2094,19.1757,-9999,-9999,-9999,15.7243,11.7561,80.5743,17.1718,87.8859,-9999,-9999,-9999,-9999,0,0,1.0000
94489,7.4106,10.4843,20.8512,-9999,-9999,-9999,15.7374,18.3443,80.6566,21.7180,87.8873,-9999,-9999,-9999,-9999,0,0,1.0000
94490,7.3814,11.8598,21.3137,-9999,-9999,-9999,15.7380,15.0639,80.7483,16.1336,87.8813,-9999,-9999,-9999,-9999,0,0,1.0000
94491,8.1679,13.9897,24.4470,-9999,-9999,-9999,15.7406,14.0071,80.8268,19.4249,87.8810,-9999,-9999,-9999,-9999,0,0,1.0000
94492,7.0847,11.5217,17.2561,-9999,-9999,-9999,15.7427,15.6311,80.9210,17.5345,87.8791,-9999,-9999,-9999,-9999,0,0,1.0000
94493,7.9789,14.7688,19.1054,-9999,-9999,-9999,15.7404,11.5323,81.0282,15.8082,87.8634,-9999,-9999,-9999,-9999,0,0,1.0000
94494,6.2414,11.5924,20.7237,-9999,-9999,-9999,15.7385,10.5408,81.1285,19.7520,87.8466,-9999,-9999,-9999,-9999,0,0,1.0000
94495,7.7154,12.7170,19.8250,-9999,-9999,-9999,15.7459,13.9270,81.2223,13.5561,87.8213,-9999,-9999,-9999,-9999,0,0,1.0000
94496,8.5469,11.6176,19.8429,-9999,-9999,-9999,15.7531,11.4599,81.3180,15.7674,87.8023,-9999,-9999,-9999,-9999,0,0,1.0000
94497,8.1269,9.8525,17.0405,-9999,-9999,-9999,15.7516,18.0242,81.4163,16.5432,87.7830,-9999,-9999,-9999,-9999,0,0,1.0000
94498,8.0220,13.2897,19.2510,-9999,-9999,-9999,15.7640,22.4736,81.5110,25.1525,87.7510,-9999,-9999,-9999,-9999,0,0,1.0000
94499,7.5467,12.8178,20.4012,-9999,-9999,-9999,15.7737,15.6568,81.6155,16.2561,87.7210,-9999,-9999,-9999,-9999,0,0,1.0000
94500,5.3153,10.3788,19.9881,-9999,-9999,-9999,15.7752,9.7733,81.7198,21.9335,87.6873,-9999,-9999,-9999,-9999,0,0,1.0000
94501,7.1029,11.8002,18.7361,-9999,-9999,-9999,15.7769,11.5576,81.8073,19.6070,87.6516,-9999,-9999,-9999,-9999,0,0,1.0000
94502,8.5967,11.0355,21.4604,-9999,-9999,-9999,15.7762,15.3366,81.8737,14.6402,87.6072,-9999,-9999,-9999,-9999,0,0,1.0000
94503,5.3551,11.5447,19.9667,-9999,-9999,-9999,15.7740,10.2749,81.9470,17.8128,87.5729,-9999,-9999,-9999,-9999,0,0,1.0000
94504,8.1669,10.8177,19.8195,-9999,-9999,-9999,15.7715,12.0090,82.0262,16.9225,87.5305,-9999,-9999,-9999,-9999,0,0,1.0000
