Data/Raw/WAGNER,NICK/firexaq-AOP-optical_DC8_20190716_R1.ict
51, 1001
Wagner, Nicholas L.
NOAA Earth System Research Laboratory
NOAA AOP instrument
FIREX-AQ
1, 1
2019, 07, 16, 2020, 04, 27
1
Time_start, seconds_past_midnight, seconds from midnight
18
1, 1, 1, 1, 1, 1, 1, 1, 1, 1, 1, 1, 1, 1, 1, 1, 1, 1
-9999, -9999, -9999, -9999, -9999, -9999, -9999, -9999, -9999, -9999, -9999, -9999, -9999, -9999, -9999, -9999, -9999, -9999
ext_dry_664, Mm-1, AerOpt_Extinction_InSitu_RHd_red_Total_PM2.5_STP
ext_dry_532, Mm-1, AerOpt_Extinction_InSitu_RHd_green_Total_PM2.5_STP
ext_dry_405, Mm-1, AerOpt_Extinction_InSitu_RHd_blue_Total_PM2.5_STP
abs_dry_664, Mm-1, AerOpt_Absorption_InSitu_RHd_red_Total_PM2.5_STP
abs_dry_532, Mm-1, AerOpt_Absorption_InSitu_RHd_green_Total_PM2.5_STP
abs_dry_405, Mm-1, AerOpt_Absorption_InSitu_RHd_blue_Total_PM2.5_STP
AOP_RH_dry, pct, Relative_humidity_of_dry_RH_channels
ext_medRH_664, Mm-1, AerOpt_Extinction_InSitu_RH80_red_Total_PM2.5_STP
AOP_RH_med, pct, Relative_humidity_of_medium_RH_channel
ext_highRH_664, Mm-1, AerOpt_Extinction_InSitu_RH85_red_Total_PM2.5_STP
AOP_RH_high, pct, Relative_humidity_of_high_RH_channel
ext_TD_664, Mm-1, AerOpt_ExtinctionTD_InSitu_RHd_blue_Total_PM2.5_STP
ext_TD_405, Mm-1, AerOpt_ExtinctionTD_InSitu_RHd_red_Total_PM2.5_STP
abs_TD_664, Mm-1, AerOpt_Absorption_InSitu_RHd_red_Total_PM2.5_STP
abs_TD_405, Mm-1, AerOpt_Absorption_InSitu_RHd_blue_Total_PM2.5_STP
AOP_TD_bypass_flag, pct, Flag_for_TD_Bypass_valve
AOP_filter_flag, pct, Flag_for_Filter_Valve
AOP_Dilution_ratio, pct, Applied_Dilution_Ratio_for_ext_channels
1
SPECIAL COMMENTS: In-cloud data has not been removed.
18
PI_CONTACT_INFO: Address: NOAA ESRL Chemical Sciences Division, R/CSD2, 325 Broadway, Boulder, CO 80305. Email: nick.wagner@noaa.gov.
PLATFORM: NASA DC8
LOCATION: See the DC8 MetNav file, Based in Boise (BOI) and Salina, KS
ASSOCIATED_DATA: N/A
[...]
DATA_INFO: Mm-1:
UNCERTAINTY: The precision of the extinction measurements varies with aerosol loading and is +/-20% at 10 Mm-1 and +/-5% at 100 Mm-1. The accuracy of the dry measurement is +/-2% and depends on RH for the humidified measurements, +/-5% at 85% RH and +/-15% at 90% RH. For more details, see Langridge et al., Aerosol Science and Technology 45:1305-1318, 2011. Analysis of comparable measurements suggest incomplete mixing in the dilution system. Effective dilution for individual instruments can vary by +/- 30% compared to the reported flow-based dilution estimate. The absorption measurements have a high signal accuracy of 20%. The low signal precision varies with altitude and flight to flight, and is typically less than 10 Mm-1 for 1 second measurements.
ULOD_FLAG: -7777
ULOD_VALUE: N/A
LLOD_FLAG: -8888
LLOD_VALUE: N/A
DM_CONTACT_INFO: Gao Chen
PROJECT_INFO: FIREX-AQ
STIPULATIONS_ON_USE: NASA Data Policy. Contact with PI is encouraged.
OTHER_COMMENTS: N/A
REVISION: R1
R1: Absorption measurements have been corrected for pressure dependent microphone sensitivity. R0: Final Data. 
Time_start, ext_dry_664, ext_dry_532, ext_dry_405, abs_dry_664, abs_dry_532, abs_dry_405, AOP_RH_dry, ext_medRH_664, AOP_RH_med, ext_highRH_664, AOP_RH_high, ext_TD_664, ext_TD_405, abs_TD_664, abs_TD_405, AOP_TD_bypass_flag, AOP_filter_flag, AOP_Dilution_ratio
[from data line 6302]
75207,4.7385,8.8146,13.6036,-9999.0000,-9999.0000,-9999.0000,3.8888,13.2772,66.1292,4.4898,66.7063,-9999.0000,3.7998,-9999.0000,-9999.0000,0,0,1.0000
75208,5.8387,9.5216,15.1013,-9999.0000,-9999.0000,-9999.0000,3.8872,9.4176,66.1087,4.9267,66.6919,-9999.0000,3.5193,-9999.0000,-9999.0000,0,0,1.0000
75209,5.2962,10.3584,13.2426,-9999.0000,-9999.0000,-9999.0000,3.8966,12.2333,66.0891,8.9168,66.6785,-9999.0000,1.5359,-9999.0000,-9999.0000,0,0,1.0000
75210,6.3082,9.5319,17.5072,-9999.0000,-9999.0000,-9999.0000,3.9084,8.9528,66.0583,6.7686,66.6600,-9999.0000,1.7624,-9999.0000,-9999.0000,0,0,1.0000
75211,6.5706,10.6515,17.9752,-9999.0000,-9999.0000,-9999.0000,3.9198,12.5377,66.0441,6.9752,66.6453,-9999.0000,1.3188,-9999.0000,-9999.0000,0,0,1.0000
75212,8.1588,9.9707,16.7296,-9999.0000,-9999.0000,-9999.0000,3.9428,7.4242,66.0303,4.9491,66.6396,-9999.0000,1.3463,-9999.0000,-9999.0000,0,0,1.0000
75213,5.6471,9.8913,18.3193,-9999.0000,-9999.0000,-9999.0000,3.9443,5.9359,66.0168,10.3098,66.6309,-9999.0000,1.7788,-9999.0000,-9999.0000,0,0,1.0000
75214,8.9190,9.6068,15.8013,-9999.0000,-9999.0000,-9999.0000,3.9447,7.4338,66.0075,6.6814,66.6270,-9999.0000,2.4974,-9999.0000,-9999.0000,0,0,1.0000
75215,8.6932,8.2657,15.9651,-9999.0000,-9999.0000,-9999.0000,3.9472,10.8720,65.9973,4.6811,66.6205,-9999.0000,2.2451,-9999.0000,-9999.0000,0,0,1.0000
75216,8.1948,7.7439,17.9433,-9999.0000,-9999.0000,-9999.0000,3.9470,9.2800,65.9855,7.7004,66.6195,-9999.0000,2.8005,-9999.0000,-9999.0000,0,0,1.0000
75217,4.9276,8.5984,15.4193,-9999.0000,-9999.0000,-9999.0000,3.9528,5.1026,65.9774,5.7639,66.6168,-9999.0000,4.8816,-9999.0000,-9999.0000,0,0,1.0000
75218,8.5540,8.2816,15.7191,-9999.0000,-9999.0000,-9999.0000,3.9533,6.2042,65.9787,6.9197,66.6157,-9999.0000,2.9833,-9999.0000,-9999.0000,0,0,1.0000
75219,4.6900,8.3250,16.8615,-9999.0000,-9999.0000,-9999.0000,3.9585,6.0481,65.9789,7.3337,66.6187,-9999.0000,2.4217,-9999.0000,-9999.0000,0,0,1.0000
75220,6.5868,8.9460,15.4020,-9999.0000,-9999.0000,-9999.0000,3.9639,5.2832,65.9773,6.6391,66.6199,-9999.0000,4.2495,-9999.0000,-9999.0000,0,0,1.0000
75221,5.8878,9.2854,15.0046,-9999.0000,-9999.0000,-9999.0000,3.9673,5.5496,65.9737,10.2328,66.6257,-9999.0000,6.1052,-9999.0000,-9999.0000,0,0,1.0000
75222,6.6227,10.8687,17.0434,-9999.0000,-9999.0000,-9999.0000,3.9808,6.8138,65.9710,11.4656,66.6413,-9999.0000,2.7180,-9999.0000,-9999.0000,0,0,1.0000
75223,6.2694,9.5789,15.6328,-9999.0000,-9999.0000,-9999.0000,3.9791,5.8346,65.9764,7.3539,66.6561,-9999.0000,2.3133,-9999.0000,-9999.0000,0,0,1.0000
75224,5.3816,6.5358,17.4470,-9999.0000,-9999.0000,-9999.0000,3.9714,5.9427,65.9795,6.1301,66.6712,-9999.0000,2.6922,-9999.0000,-9999.0000,0,0,1.0000
75225,4.5944,11.5528,14.3014,-9999.0000,-9999.0000,-9999.0000,3.9730,8.5175,65.9930,5.4409,66.6916,-9999.0000,2.2288,-9999.0000,-9999.0000,0,0,1.0000
75226,5.9376,7.3337,13.5760,-9999.0000,-9999.0000,-9999.0000,3.9729,7.8131,66.0096,8.7450,66.7245,-9999.0000,1.6372,-9999.0000,-9999.0000,0,0,1.0000
75227,5.7893,10.3955,17.0387,-9999.0000,-9999.0000,-9999.0000,3.9760,6.0725,66.0393,8.5944,66.7752,-9999.0000,2.0923,-9999.0000,-9999.0000,0,0,1.0000
75228,5.5159,7.5149,13.2823,-9999.0000,-9999.0000,-9999.0000,3.9796,5.6542,66.0845,5.1422,66.8426,-9999.0000,2.3133,-9999.0000,-9999.0000,0,0,1.0000
75229,5.2358,6.5998,14.4610,-9999.0000,-9999.0000,-9999.0000,3.9853,4.6130,66.1342,5.0389,66.8936,-9999.0000,2.2281,-9999.0000,-9999.0000,0,0,1.0000
75230,6.2981,8.7336,16.1987,-9999.0000,-9999.0000,-9999.0000,3.9914,9.6633,66.1949,5.3779,66.9508,-9999.0000,1.7781,-9999.0000,-9999.0000,0,0,1.0000
75231,8.4409,10.1700,16.7225,-9999.0000,-9999.0000,-9999.0000,3.9928,8.9216,66.2422,4.0713,66.9986,-9999.0000,3.9707,-9999.0000,-9999.0000,0,0,1.0000
75232,5.3294,9.3668,15.1075,-9999.0000,-9999.0000,-9999.0000,4.0134,4.3254,66.2813,7.0569,67.0250,-9999.0000,4.1198,-9999.0000,-9999.0000,0,0,1.0000
75233,5.4624,12.1810,17.1975,-9999.0000,-9999.0000,-9999.0000,4.0182,4.8296,66.3113,6.8898,67.0560,-9999.0000,2.4025,-9999.0000,-9999.0000,0,0,1.0000
75234,4.0314,7.9654,15.8585,-9999.0000,-9999.0000,-9999.0000,4.0215,6.2092,66.3267,4.4164,67.0741,-9999.0000,5.5111,-9999.0000,-9999.0000,0,0,1.0000
75235,4.4462,7.7018,15.7562,-9999.0000,-9999.0000,-9999.0000,4.0237,11.3841,66.3447,3.4997,67.1001,-9999.0000,3.1909,-9999.0000,-9999.0000,0,0,1.0000
75236,7.3542,11.9770,19.5999,-9999.0000,-9999.0000,-9999.0000,4.0350,6.3794,66.3771,4.7524,67.1217,-9999.0000,1.6065,-9999.0000,-9999.0000,0,0,1.0000
75237,5.0866,6.2914,13.4353,-9999.0000,-9999.0000,-9999.0000,4.0516,6.0286,66.4125,6.8718,67.1385,-9999.0000,2.5780,-9999.0000,-9999.0000,0,0,1.0000
75238,6.0372,9.1582,15.2226,-9999.0000,-9999.0000,-9999.0000,4.0738,7.1510,66.4396,5.0369,67.1488,-9999.0000,1.5646,-9999.0000,-9999.0000,0,0,1.0000
75239,4.3984,9.3933,13.8110,-9999.0000,-9999.0000,-9999.0000,4.0737,5.5929,66.4549,6.8198,67.1539,-9999.0000,1.4548,-9999.0000,-9999.0000,0,0,1.0000
75240,5.2314,9.7237,13.0731,-9999.0000,-9999.0000,-9999.0000,4.0779,4.5098,66.4771,11.7618,67.1607,-9999.0000,1.6347,-9999.0000,-9999.0000,0,0,1.0000
75241,6.4754,7.7050,13.3746,-9999.0000,-9999.0000,-9999.0000,4.0930,10.3134,66.4826,8.6658,67.1632,-9999.0000,1.5731,-9999.0000,-9999.0000,0,0,1.0000
75242,5.0501,7.4563,14.7899,-9999.0000,-9999.0000,-9999.0000,4.1262,5.9176,66.4817,13.9231,67.1614,-9999.0000,1.4597,-9999.0000,-9999.0000,0,0,1.0000
75243,7.6913,7.7007,19.6285,-9999.0000,-9999.0000,-9999.0000,4.1339,6.0967,66.4918,4.4808,67.1636,-9999.0000,2.8212,-9999.0000,-9999.0000,0,0,1.0000
75244,4.3963,6.6324,16.7351,-9999.0000,-9999.0000,-9999.0000,4.1358,3.9397,66.4893,9.7751,67.1653,-9999.0000,5.4136,-9999.0000,-9999.0000,0,0,1.0000
75245,6.0936,8.8533,13.1292,-9999.0000,-9999.0000,-9999.0000,4.1444,5.7076,66.4925,5.3314,67.1595,-9999.0000,2.4200,-9999.0000,-9999.0000,0,0,1.0000
75246,4.7678,8.7018,13.7693,-9999.0000,-9999.0000,-9999.0000,4.1484,5.3965,66.4977,4.8549,67.1562,-9999.0000,1.7425,-9999.0000,-9999.0000,0,0,1.0000
75247,3.9634,7.6378,13.6641,-9999.0000,-9999.0000,-9999.0000,4.1552,9.9282,66.4888,4.4801,67.1461,-9999.0000,1.7917,-9999.0000,-9999.0000,0,0,1.0000
75248,4.6045,7.8601,17.5241,-9999.0000,-9999.0000,-9999.0000,4.1641,7.0198,66.4962,10.7063,67.1339,-9999.0000,1.2890,-9999.0000,-9999.0000,0,0,1.0000
75249,5.3331,10.7894,16.9780,-9999.0000,-9999.0000,-9999.0000,4.1639,7.3702,66.4995,6.6183,67.1246,-9999.0000,0.9332,-9999.0000,-9999.0000,0,0,1.0000
75250,4.2245,11.9620,19.9970,-9999.0000,-9999.0000,-9999.0000,4.1696,7.9756,66.4991,5.4588,67.1126,-9999.0000,1.9675,-9999.0000,-9999.0000,0,0,1.0000
75251,4.8084,8.6984,14.4636,-9999.0000,-9999.0000,-9999.0000,4.1691,13.7429,66.4975,7.0551,67.1058,-9999.0000,2.6259,-9999.0000,-9999.0000,0,0,1.0000
75252,5.4822,7.2477,13.0168,-9999.0000,-9999.0000,-9999.0000,4.1687,5.3494,66.4967,5.9190,67.0992,-9999.0000,2.1152,-9999.0000,-9999.0000,0,0,1.0000
75253,3.6303,9.6596,14.7973,-9999.0000,-9999.0000,-9999.0000,4.1710,4.3802,66.4965,5.8772,67.0905,-9999.0000,0.7699,-9999.0000,-9999.0000,0,0,1.0000
75254,6.4529,9.5433,13.2843,-9999.0000,-9999.0000,-9999.0000,4.1714,3.7664,66.4950,6.9081,67.0757,-9999.0000,1.0870,-9999.0000,-9999.0000,0,0,1.0000
75255,4.4757,9.5535,12.7798,-9999.0000,-9999.0000,-9999.0000,4.1659,5.9227,66.4946,7.0099,67.0596,-9999.0000,1.5790,-9999.0000,-9999.0000,0,0,1.0000
75256,5.3480,8.2670,15.6968,-9999.0000,-9999.0000,-9999.0000,4.1686,6.4326,66.4970,4.6424,67.0574,-9999.0000,2.5337,-9999.0000,-9999.0000,0,0,1.0000
75257,3.9717,8.7856,15.9215,-9999.0000,-9999.0000,-9999.0000,4.1741,7.0361,66.4946,5.3131,67.0478,-9999.0000,2.4434,-9999.0000,-9999.0000,0,0,1.0000
75258,6.2717,6.2896,14.8945,-9999.0000,-9999.0000,-9999.0000,4.1694,6.1621,66.4945,5.7175,67.0490,-9999.0000,1.5232,-9999.0000,-9999.0000,0,0,1.0000
75259,6.0692,12.3783,16.3854,-9999.0000,-9999.0000,-9999.0000,4.1699,13.5272,66.4955,6.2244,67.0482,-9999.0000,1.7127,-9999.0000,-9999.0000,0,0,1.0000
75260,7.4637,7.8460,18.4640,-9999.0000,-9999.0000,-9999.0000,4.1741,9.3042,66.4880,6.4339,67.0412,-9999.0000,5.3661,-9999.0000,-9999.0000,0,0,1.0000
75261,4.0959,8.5404,15.1675,-9999.0000,-9999.0000,-9999.0000,4.1735,6.8021,66.4872,6.2723,67.0457,-9999.0000,3.0695,-9999.0000,-9999.0000,0,0,1.0000
75262,5.7612,7.9968,15.9894,-9999.0000,-9999.0000,-9999.0000,4.1789,7.8735,66.4984,6.0770,67.0635,-9999.0000,1.4437,-9999.0000,-9999.0000,0,0,1.0000
75263,4.7960,11.4186,16.3336,-9999.0000,-9999.0000,-9999.0000,4.1862,18.4346,66.5019,4.2076,67.0689,-9999.0000,1.3602,-9999.0000,-9999.0000,0,0,1.0000
75264,6.3230,8.0326,15.8946,-9999.0000,-9999.0000,-9999.0000,4.1833,6.3065,66.5005,11.1454,67.0680,-9999.0000,1.8000,-9999.0000,-9999.0000,0,0,1.0000
75265,8.5618,8.1229,15.4840,-9999.0000,-9999.0000,-9999.0000,4.1878,6.4527,66.5029,6.5874,67.0714,-9999.0000,1.4709,-9999.0000,-9999.0000,0,0,1.0000
75266,4.0541,7.1721,14.1250,-9999.0000,-9999.0000,-9999.0000,4.1972,5.2888,66.5153,5.2477,67.0810,-9999.0000,1.5619,-9999.0000,-9999.0000,0,0,1.0000
75267,5.3860,9.2465,14.9913,-9999.0000,-9999.0000,-9999.0000,4.2046,5.5950,66.5141,8.2888,67.0830,-9999.0000,1.4939,-9999.0000,-9999.0000,0,0,1.0000
75268,6.2012,7.7487,13.7014,-9999.0000,-9999.0000,-9999.0000,4.2103,9.5742,66.5083,8.4545,67.0778,-9999.0000,1.3736,-9999.0000,-9999.0000,0,0,1.0000
75269,4.0278,8.7386,15.6416,-9999.0000,-9999.0000,-9999.0000,4.2294,7.4748,66.5178,4.6344,67.0875,-9999.0000,0.6181,-9999.0000,-9999.0000,0,0,1.0000
75270,4.5263,9.0986,16.3523,-9999.0000,-9999.0000,-9999.0000,4.2327,7.3539,66.5158,6.1095,67.0858,-9999.0000,1.0658,-9999.0000,-9999.0000,0,0,1.0000
75271,8.3342,10.3480,15.4892,-9999.0000,-9999.0000,-9999.0000,4.2398,7.1920,66.5167,6.8410,67.0858,-9999.0000,0.9641,-9999.0000,-9999.0000,0,0,1.0000
75272,7.1819,9.7441,15.4463,-9999.0000,-9999.0000,-9999.0000,4.2465,6.9083,66.5156,7.9065,67.0805,-9999.0000,0.6165,-9999.0000,-9999.0000,0,0,1.0000
75273,7.1450,9.1540,14.2694,-9999.0000,-9999.0000,-9999.0000,4.2531,4.2268,66.5227,5.2210,67.0815,-9999.0000,1.2855,-9999.0000,-9999.0000,0,0,1.0000
75274,5.0112,9.4551,16.6091,-9999.0000,-9999.0000,-9999.0000,4.2478,6.2157,66.5211,3.4867,67.0788,-9999.0000,1.9492,-9999.0000,-9999.0000,0,0,1.0000
75275,5.6842,10.3076,16.3840,-9999.0000,-9999.0000,-9999.0000,4.2506,7.3747,66.5266,3.6856,67.0838,-9999.0000,1.9249,-9999.0000,-9999.0000,0,0,1.0000
75276,7.1585,11.3187,14.9781,-9999.0000,-9999.0000,-9999.0000,4.2682,6.2362,66.5236,5.1694,67.0782,-9999.0000,0.8309,-9999.0000,-9999.0000,0,0,1.0000
75277,5.8554,7.5682,13.4511,-9999.0000,-9999.0000,-9999.0000,4.2894,6.0882,66.5306,5.2756,67.0911,-9999.0000,1.9434,-9999.0000,-9999.0000,0,0,1.0000
75278,4.5585,10.3752,15.5991,-9999.0000,-9999.0000,-9999.0000,4.3103,5.7347,66.5154,4.9594,67.0834,-9999.0000,2.2957,-9999.0000,-9999.0000,0,0,1.0000
75279,9.4288,8.9877,12.8416,-9999.0000,-9999.0000,-9999.0000,4.3146,5.5113,66.5106,6.4976,67.0827,-9999.0000,1.9178,-9999.0000,-9999.0000,0,0,1.0000
75280,5.5644,9.9689,12.5530,-9999.0000,-9999.0000,-9999.0000,4.3192,3.6946,66.5054,5.4104,67.0796,-9999.0000,9.0425,-9999.0000,-9999.0000,0,0,1.0000
75281,6.8452,7.9931,18.0571,-9999.0000,-9999.0000,-9999.0000,4.3311,5.5550,66.5096,8.2055,67.0773,-9999.0000,3.3586,-9999.0000,-9999.0000,0,0,1.0000
75282,4.6674,9.8537,16.6748,-9999.0000,-9999.0000,-9999.0000,4.3371,3.9381,66.5061,9.1932,67.0842,-9999.0000,1.3368,-9999.0000,-9999.0000,0,0,1.0000
75283,6.4041,7.3382,14.7978,-9999.0000,-9999.0000,-9999.0000,4.3360,6.6501,66.5095,5.7261,67.0853,-9999.0000,5.9342,-9999.0000,-9999.0000,0,0,1.0000
75284,6.4096,7.7685,14.7837,-9999.0000,-9999.0000,-9999.0000,4.3418,5.7566,66.5038,9.7505,67.0852,-9999.0000,13.9166,-9999.0000,-9999.0000,0,0,1.0000
75285,7.9412,7.5232,16.1237,-9999.0000,-9999.0000,-9999.0000,4.3448,4.6099,66.4980,12.0740,67.0848,-9999.0000,11.8752,-9999.0000,-9999.0000,0,0,1.0000
75286,7.0684,7.6053,13.3066,-9999.0000,-9999.0000,-9999.0000,4.3469,8.9378,66.5004,7.3201,67.0835,-9999.0000,0.5645,-9999.0000,-9999.0000,0,0,1.0000
75287,7.4345,6.8997,12.6004,-9999.0000,-9999.0000,-9999.0000,4.3509,5.3855,66.4894,5.7929,67.0848,-9999.0000,0.8524,-9999.0000,-9999.0000,0,0,1.0000
75288,6.3408,10.0426,14.3968,-9999.0000,-9999.0000,-9999.0000,4.3571,5.4990,66.4833,3.5842,67.0832,-9999.0000,1.6768,-9999.0000,-9999.0000,0,0,1.0000
75289,6.3902,9.5949,12.1384,-9999.0000,-9999.0000,-9999.0000,4.3673,8.7373,66.4757,3.5549,67.0819,-9999.0000,1.2432,-9999.0000,-9999.0000,0,0,1.0000
75290,5.0685,6.1856,14.4082,-9999.0000,-9999.0000,-9999.0000,4.3755,7.2015,66.4610,4.0689,67.0813,-9999.0000,2.9090,-9999.0000,-9999.0000,0,0,1.0000
75291,9.6072,8.1705,13.9660,-9999.0000,-9999.0000,-9999.0000,4.3787,4.4648,66.4493,7.7161,67.0591,-9999.0000,1.9415,-9999.0000,-9999.0000,0,0,1.0000
75292,4.9985,8.2301,11.4025,-9999.0000,-9999.0000,-9999.0000,4.3805,8.9228,66.4290,4.4563,67.0412,-9999.0000,0.8153,-9999.0000,-9999.0000,0,0,1.0000
75293,5.0919,7.9925,11.1381,-9999.0000,-9999.0000,-9999.0000,4.3782,4.1692,66.4016,9.0867,67.0155,-9999.0000,3.5968,-9999.0000,-9999.0000,0,0,1.0000
75294,6.6162,6.8320,12.6981,-9999.0000,-9999.0000,-9999.0000,4.3861,3.2334,66.3748,3.7209,66.9935,-9999.0000,7.7561,-9999.0000,-9999.0000,0,0,1.0000
75295,5.0112,7.5192,14.8198,-9999.0000,-9999.0000,-9999.0000,4.3945,6.5309,66.3528,4.0235,66.9852,-9999.0000,0.4646,-9999.0000,-9999.0000,0,0,1.0000
75296,3.8548,8.4601,14.2982,-9999.0000,-9999.0000,-9999.0000,4.4050,4.9674,66.3352,6.1441,66.9662,-9999.0000,0.9210,-9999.0000,-9999.0000,0,0,1.0000
75297,6.7247,8.1489,17.5195,-9999.0000,-9999.0000,-9999.0000,4.4048,4.2348,66.3020,11.2030,66.9308,-9999.0000,1.8376,-9999.0000,-9999.0000,0,0,1.0000
75298,6.9481,9.0983,15.8576,-9999.0000,-9999.0000,-9999.0000,4.3997,4.4701,66.2819,5.3931,66.8880,-9999.0000,7.0216,-9999.0000,-9999.0000,0,0,1.0000
75299,5.5156,11.3790,17.4144,-9999.0000,-9999.0000,-9999.0000,4.3983,4.5243,66.2617,4.4058,66.8569,-9999.0000,6.5407,-9999.0000,-9999.0000,0,0,1.0000
75300,5.9216,8.3654,16.7278,-9999.0000,-9999.0000,-9999.0000,4.4025,4.5465,66.2311,5.1760,66.8234,-9999.0000,10.9033,-9999.0000,-9999.0000,0,0,1.0000
75301,5.8784,10.2921,17.5205,-9999.0000,-9999.0000,-9999.0000,4.4064,10.8762,66.2067,7.1265,66.8006,-9999.0000,4.1743,-9999.0000,-9999.0000,0,0,1.0000
75302,8.4293,11.5634,20.5518,-9999.0000,-9999.0000,-9999.0000,4.4060,7.4037,66.1817,11.4863,66.7915,-9999.0000,3.6369,-9999.0000,-9999.0000,0,0,1.0000
75303,8.8905,10.2057,18.5072,-9999.0000,-9999.0000,-9999.0000,4.4187,5.5594,66.1557,6.6521,66.7712,-9999.0000,1.8985,-9999.0000,-9999.0000,0,0,1.0000
75304,13.8423,9.5059,16.6371,-9999.0000,-9999.0000,-9999.0000,4.4516,8.6223,66.1476,12.5035,66.7629,-9999.0000,6.7557,-9999.0000,-9999.0000,0,0,1.0000
75305,8.6710,8.8198,21.0291,-9999.0000,-9999.0000,-9999.0000,4.5029,9.0799,66.1174,4.8190,66.7404,-9999.0000,14.4620,-9999.0000,-9999.0000,0,0,1.0000
75306,4.8755,7.6019,20.4418,-9999.0000,-9999.0000,-9999.0000,4.5333,6.6490,66.0851,11.2600,66.7131,-9999.0000,4.2711,-9999.0000,-9999.0000,0,0,1.0000
75307,8.8141,7.3288,14.8299,-9999.0000,-9999.0000,-9999.0000,4.5637,4.5308,66.0644,5.5418,66.6828,-9999.0000,1.0574,-9999.0000,-9999.0000,0,0,1.0000
75308,6.5324,7.6423,14.6293,-9999.0000,-9999.0000,-9999.0000,4.5791,4.5676,66.0387,10.0595,66.6580,-9999.0000,0.3097,-9999.0000,-9999.0000,0,0,1.0000
75309,6.8590,7.2110,14.2209,-9999.0000,-9999.0000,-9999.0000,4.5848,6.4742,66.0199,10.5431,66.6336,-9999.0000,0.7311,-9999.0000,-9999.0000,0,0,1.0000
75310,6.6403,8.4704,13.1297,-9999.0000,-9999.0000,-9999.0000,4.5855,9.1365,66.0021,5.1772,66.6017,-9999.0000,1.2278,-9999.0000,-9999.0000,0,0,1.0000
75311,6.1195,8.8070,12.6228,-9999.0000,-9999.0000,-9999.0000,4.5844,4.2184,65.9813,3.6092,66.5738,-9999.0000,1.4935,-9999.0000,-9999.0000,0,0,1.0000
75312,3.7473,8.2921,12.4718,-9999.0000,-9999.0000,-9999.0000,4.5855,4.7660,65.9526,4.2796,66.5502,-9999.0000,3.9709,-9999.0000,-9999.0000,0,0,1.0000
75313,6.8515,7.6319,14.6949,-9999.0000,-9999.0000,-9999.0000,4.5875,4.5760,65.9240,5.4826,66.5145,-9999.0000,8.4992,-9999.0000,-9999.0000,0,0,1.0000
