Data/Raw/WAGNER,NICK/firexaq-AOP-optical_DC8_20190905_R1.ict
51, 1001
Wagner, Nicholas L.
NOAA Earth System Research Laboratory
NOAA AOP instrument
FIREX-AQ
1, 1
2019, 09, 05, 2020, 04, 27
1
Time_start, seconds_past_midnight, seconds from midnight
18
1, 1, 1, 1, 1, 1, 1, 1, 1, 1, 1, 1, 1, 1, 1, 1, 1, 1
-9999, -9999, -9999, -9999, -9999, -9999, -9999, -9999, -9999, -9999, -9999, -9999, -9999, -9999, -9999, -9999, -9999, -9999
ext_dry_664, Mm-1, AerOpt_Extinction_InSitu_RHd_red_Total_PM2.5_STP
ext_dry_532, Mm-1, AerOpt_Extinction_InSitu_RHd_green_Total_PM2.5_STP
ext_dry_405, Mm-1, AerOpt_Extinction_InSitu_RHd_blue_Total_PM2.5_STP
abs_dry_664, Mm-1, AerOpt_Absorption_InSitu_RHd_red_Total_PM2.5_STP
abs_dry_532, Mm-1, AerOpt_Absorption_InSitu_RHd_green_Total_PM2.5_STP
abs_dry_405, Mm-1, AerOpt_Absorption_InSitu_RHd_blue_Total_PM2.5_STP
AOP_RH_dry, pct, Relative_humidity_of_dry_RH_channels
ext_medRH_664, Mm-1, AerOpt_Extinction_InSitu_RH80_red_Total_PM2.5_STP
AOP_RH_med, pct, Relative_humidity_of_medium_RH_channel
ext_highRH_664, Mm-1, AerOpt_Extinction_InSitu_RH85_red_Total_PM2.5_STP
AOP_RH_high, pct, Relative_humidity_of_high_RH_channel
ext_TD_664, Mm-1, AerOpt_ExtinctionTD_InSitu_RHd_blue_Total_PM2.5_STP
ext_TD_405, Mm-1, AerOpt_ExtinctionTD_InSitu_RHd_red_Total_PM2.5_STP
abs_TD_664, Mm-1, AerOpt_Absorption_InSitu_RHd_red_Total_PM2.5_STP
abs_TD_405, Mm-1, AerOpt_Absorption_InSitu_RHd_blue_Total_PM2.5_STP
AOP_TD_bypass_flag, pct, Flag_for_TD_Bypass_valve
AOP_filter_flag, pct, Flag_for_Filter_Valve
AOP_Dilution_ratio, pct, Applied_Dilution_Ratio_for_ext_channels
1
N/A
18
PI_CONTACT_INFO: Address: NOAA ESRL Chemical Sciences Division, R/CSD2, 325 Broadway, Boulder, CO 80305. Email: nick.wagner@noaa.gov.
PLATFORM: NASA DC8
LOCATION: See the DC8 MetNav file, Based in Boise (BOI) and Salina, KS
ASSOCIATED_DATA: N/A
[...]
DATA_INFO: Mm-1:
UNCERTAINTY: The precision of the extinction measurements varies with aerosol loading and is +/-20% at 10 Mm-1 and +/-5% at 100 Mm-1. The accuracy of the dry measurement is +/-2% and depends on RH for the humidified measurements, +/-5% at 85% RH and +/-15% at 90% RH. For more details, see Langridge et al., Aerosol Science and Technology 45:1305-1318, 2011. Analysis of comparable measurements suggest incomplete mixing in the dilution system. Effective dilution for individual instruments can vary by +/- 30% compared to the reported flow-based dilution estimate. The absorption measurements have a high signal accuracy of 20%. The low signal precision varies with altitude and flight to flight, and is typically less than 10 Mm-1 for 1 second measurements.
ULOD_FLAG: -7777
ULOD_VALUE: N/A
LLOD_FLAG: -8888
LLOD_VALUE: N/A
DM_CONTACT_INFO: Gao Chen
PROJECT_INFO: FIREX-AQ
STIPULATIONS_ON_USE: NASA Data Policy. Contact with PI is encouraged.
OTHER_COMMENTS: N/A
REVISION: R1
R1: Absorption measurements have been corrected for pressure dependent microphone sensitivity. In-cloud data has been removed. R0: Final Data. 
Time_start, ext_dry_664, ext_dry_532, ext_dry_405, abs_dry_664, abs_dry_532, abs_dry_405, AOP_RH_dry, ext_medRH_664, AOP_RH_med, ext_highRH_664, AOP_RH_high, ext_TD_664, ext_TD_405, abs_TD_664, abs_TD_405, AOP_TD_bypass_flag, AOP_filter_flag, AOP_Dilution_ratio
[from data line 15834]
79209,24.0778,45.6178,64.3320,-3.4186,-9999.0000,6.8834,30.4684,34.9043,77.9317,36.0192,85.0925,10.1523,18.0399,-9999.0000,8.3447,0,0,1.0000
79210,25.0991,39.8060,63.4245,7.3469,-9999.0000,6.2607,30.4679,37.8997,78.0044,45.1516,85.1025,9.3554,12.7079,-9999.0000,6.2189,0,0,1.0000
79211,25.9555,42.1348,64.7113,-0.1695,-9999.0000,5.6266,30.4685,40.8987,78.0989,56.9722,85.1053,7.4357,10.8478,-9999.0000,3.9738,0,0,1.0000
79212,27.8777,42.7074,63.6975,4.4512,-9999.0000,6.2820,30.4701,45.3655,78.1914,34.4917,85.1018,7.8403,14.7682,-9999.0000,0.6898,0,0,1.0000
79213,32.9053,39.0999,64.3623,0.6947,-9999.0000,7.3113,30.4723,45.2091,78.2747,30.9004,85.0951,16.6025,16.9995,-9999.0000,8.0165,0,0,1.0000
79214,26.1641,40.4334,61.0506,2.9428,-9999.0000,8.0016,30.4725,35.0394,78.3441,38.3049,85.0667,15.0521,16.2927,-9999.0000,5.1151,0,0,1.0000
79215,21.2393,36.9668,62.3042,10.0219,-9999.0000,4.8632,30.4781,34.2223,78.4301,34.1938,85.0340,10.2772,18.6043,-9999.0000,4.4469,0,0,1.0000
79216,28.0264,35.5503,55.7293,7.2577,-9999.0000,6.3355,30.4786,44.2827,78.5634,37.6571,84.9957,8.9664,21.5905,-9999.0000,2.1950,0,0,1.0000
79217,21.6509,33.3482,52.0538,0.0267,-9999.0000,5.8516,30.4741,38.1174,78.6998,33.0058,84.9471,10.1670,12.8872,-9999.0000,15.3647,0,0,1.0000
79218,23.2975,34.0720,57.4772,0.0540,-9999.0000,6.8718,30.4716,35.8484,78.8383,41.1592,84.9074,6.0387,12.2255,-9999.0000,4.0373,0,0,1.0000
79219,21.2155,38.2582,64.1393,5.1670,-9999.0000,6.4614,30.4798,37.0145,78.9695,42.6613,84.8711,7.1163,23.1454,-9999.0000,6.3240,0,0,1.0000
79220,27.3501,39.8692,65.4201,-0.0572,-9999.0000,6.0069,30.4901,39.6630,79.0935,58.9920,84.8255,5.8683,20.9222,-9999.0000,6.3082,0,0,1.0000
79221,24.9005,39.4815,63.2569,6.9118,-9999.0000,7.4994,30.4788,44.3515,79.2252,48.7504,84.7725,7.0697,15.2610,-9999.0000,4.0534,0,0,1.0000
79222,32.8354,45.0009,66.4057,-1.8408,-9999.0000,6.8102,30.4782,47.0100,79.3567,50.9871,84.7278,13.6666,11.6417,-9999.0000,4.1869,0,0,1.0000
79223,30.0844,49.1250,74.2160,-3.5733,-9999.0000,5.6707,30.4817,46.4786,79.4869,54.3830,84.6943,10.5000,7.9778,-9999.0000,2.8763,0,0,1.0000
79224,29.2618,43.2942,72.0049,-1.0557,-9999.0000,6.1753,30.4773,41.3642,79.6063,53.1310,84.6686,5.3410,10.2005,-9999.0000,4.0730,0,0,1.0000
79225,32.1530,40.4166,73.7759,2.3030,-9999.0000,6.5449,30.4759,46.0959,79.7198,52.5063,84.6534,6.4933,10.5600,-9999.0000,6.3291,0,0,1.0000
79226,25.8607,45.1942,77.2523,4.2327,-9999.0000,6.9478,30.4743,46.4140,79.8227,54.3096,84.6435,5.3595,11.0976,-9999.0000,3.3464,0,0,1.0000
79227,30.7541,43.0755,75.9761,4.0337,-9999.0000,5.7553,30.4661,38.8130,79.9251,49.8726,84.6294,5.7816,10.7226,-9999.0000,4.6334,0,0,1.0000
79228,26.1957,46.5886,70.1892,0.8111,-9999.0000,6.3545,30.4518,44.6589,80.0021,75.0577,84.6198,4.7463,13.1348,-9999.0000,3.1127,0,0,1.0000
79229,32.3040,42.9872,72.6343,1.4256,-9999.0000,10.3295,30.4476,48.5330,80.0701,45.2338,84.6103,6.6224,13.4246,-9999.0000,6.7899,0,0,1.0000
79230,28.3638,42.3736,70.7122,0.0363,-9999.0000,9.1402,30.4474,43.1330,80.1126,60.5446,84.6100,9.6435,12.7717,-9999.0000,7.2572,0,0,1.0000
79231,28.3080,41.9488,70.2496,3.7290,-9999.0000,9.8528,30.4478,43.3197,80.1384,52.1578,84.6055,9.9396,14.2258,-9999.0000,3.2029,0,0,1.0000
79232,32.7786,40.4607,69.1267,-0.1319,-9999.0000,11.2316,30.4519,43.7803,80.1598,43.0919,84.6019,11.1379,13.8407,-9999.0000,8.1379,0,0,1.0000
79233,28.3497,42.5196,73.4850,-3.7975,-9999.0000,7.8151,30.4572,46.7009,80.1761,40.6421,84.6030,14.0941,17.1391,-9999.0000,7.5654,0,0,1.0000
79234,28.6414,43.9939,71.0381,-0.9849,-9999.0000,5.9388,30.4558,45.1879,80.1968,51.9207,84.6037,14.2201,21.1181,-9999.0000,14.4479,0,0,1.0000
79235,30.5954,47.9972,76.1360,-1.3115,-9999.0000,6.4672,30.4531,44.7129,80.2109,48.9378,84.6105,12.7702,17.4691,-9999.0000,5.8010,0,0,1.0000
79236,29.7670,42.7356,72.3152,-3.4685,-9999.0000,6.4139,30.4504,40.9983,80.2266,56.3688,84.6193,7.6915,9.9891,-9999.0000,10.0360,0,0,1.0000
79237,31.8357,47.3880,68.2394,3.3978,-9999.0000,6.7716,30.4457,41.0893,80.2266,51.1200,84.6317,6.4229,11.4310,-9999.0000,3.2453,0,0,1.0000
79238,30.2974,44.7472,75.9094,1.1430,-9999.0000,6.3249,30.4462,47.1647,80.2183,44.8757,84.6466,10.0817,22.4557,-9999.0000,2.7272,0,0,1.0000
79239,29.0078,45.8663,69.7253,5.9319,-9999.0000,6.9429,30.4382,44.8329,80.1932,46.8191,84.6613,12.7849,21.5841,-9999.0000,3.0197,0,0,1.0000
79240,30.1044,45.0206,76.7109,2.7173,-9999.0000,6.4773,30.4379,40.5625,80.1590,51.6806,84.6807,9.8518,13.8756,-9999.0000,8.1452,0,0,1.0000
79241,33.3107,49.6169,76.2362,4.4056,-9999.0000,6.7009,30.4400,47.6016,80.1030,61.9816,84.6995,18.2648,12.7042,-9999.0000,1.5178,0,0,1.0000
79242,30.3312,47.1897,76.2059,4.9926,-9999.0000,6.2384,30.4416,37.3551,80.0242,45.3562,84.7061,26.1747,13.7088,-9999.0000,4.8680,0,0,1.0000
79243,27.9248,42.1078,75.4225,-2.8041,-9999.0000,6.7636,30.4385,47.0258,79.9464,67.3942,84.7133,9.8379,12.7626,-9999.0000,4.0443,0,0,1.0000
79244,31.4527,46.4096,73.9927,0.1681,-9999.0000,7.4742,30.4368,48.9414,79.8747,49.8091,84.7153,13.8326,19.7070,-9999.0000,3.5397,0,0,1.0000
79245,28.9718,45.2869,70.0170,7.8508,-9999.0000,7.6659,30.4354,39.3633,79.7969,52.4748,84.7120,10.9491,26.5367,-9999.0000,3.6445,0,0,1.0000
79246,27.9590,44.6023,69.9807,1.1064,-9999.0000,5.3736,30.4372,40.0989,79.7063,63.7159,84.7122,5.5137,20.2254,-9999.0000,5.2787,0,0,1.0000
79247,28.4273,44.9066,74.0177,2.0229,-9999.0000,5.7347,30.4306,33.4230,79.6014,50.7878,84.7062,7.1946,15.5762,-9999.0000,6.5874,0,0,1.0000
79248,26.7093,46.8216,75.1098,0.7421,-9999.0000,6.4793,30.4368,41.7249,79.5023,53.9634,84.6923,9.3941,15.0569,-9999.0000,3.4590,0,0,1.0000
79249,28.3583,44.7194,70.4233,6.3615,-9999.0000,5.6172,30.4325,39.4521,79.3899,55.7539,84.6698,6.0729,14.5627,-9999.0000,-0.0814,0,0,1.0000
79250,31.4327,48.0378,74.5514,10.1915,-9999.0000,6.6933,30.4273,39.1877,79.2883,49.5124,84.6521,8.5873,10.7882,-9999.0000,3.9163,0,0,1.0000
79251,31.5240,47.9588,69.5576,3.4912,-9999.0000,6.9015,30.4321,43.0219,79.1796,45.8545,84.6355,8.4324,12.0031,-9999.0000,0.1230,0,0,1.0000
79252,31.4395,46.0379,71.5481,6.7716,-9999.0000,6.2954,30.4155,43.0531,79.0728,45.9219,84.6052,7.1105,14.3685,-9999.0000,1.3688,0,0,1.0000
79253,32.8763,46.6390,69.2401,10.0934,-9999.0000,7.9121,30.4179,53.8815,78.9682,62.7621,84.5806,5.6249,11.6785,-9999.0000,6.1808,0,0,1.0000
79254,32.8662,47.6758,72.9168,3.9604,-9999.0000,8.7211,30.4246,40.8983,78.8504,57.8950,84.5634,6.1766,7.9428,-9999.0000,4.2151,0,0,1.0000
79255,31.1431,47.6450,75.3190,3.0913,-9999.0000,8.9412,30.4229,42.8933,78.7537,59.7557,84.5417,5.1369,9.7737,-9999.0000,1.7890,0,0,1.0000
79256,27.0623,44.6844,68.8457,1.5058,-9999.0000,8.9982,30.4198,50.9983,78.6524,45.8118,84.5134,5.9467,11.6740,-9999.0000,6.7777,0,0,1.0000
79257,26.1774,42.2303,71.6289,5.4792,-9999.0000,6.2952,30.4249,51.2906,78.5573,50.5676,84.4919,8.6653,12.8622,-9999.0000,9.0273,0,0,1.0000
79258,32.7058,44.7033,76.5787,-4.6465,-9999.0000,6.4972,30.4389,42.2497,78.4636,51.9762,84.4770,8.2366,12.2395,-9999.0000,11.9051,0,0,1.0000
79259,32.3178,40.1682,68.1780,4.1935,-9999.0000,6.9205,30.4382,46.7812,78.3734,54.7915,84.4599,8.0382,17.0284,-9999.0000,1.8612,0,0,1.0000
79260,32.1229,42.8797,72.8979,3.0269,-9999.0000,7.1774,30.4462,41.8327,78.3033,48.9968,84.4551,14.5054,16.5083,-9999.0000,4.8436,0,0,1.0000
79261,32.4508,44.4635,77.0012,2.7717,-9999.0000,7.6589,30.4377,38.6507,78.2335,45.5471,84.4441,14.2031,10.7110,-9999.0000,7.0464,0,0,1.0000
79262,26.9334,40.6827,67.5155,4.2055,-9999.0000,6.3622,30.4336,43.3744,78.1894,44.1761,84.4485,8.9931,9.6515,-9999.0000,3.1798,0,0,1.0000
79263,22.8880,43.7178,66.5546,3.3632,-9999.0000,5.8772,30.4293,37.1369,78.1632,48.0576,84.4446,9.2258,9.1109,-9999.0000,1.1010,0,0,1.0000
79264,27.6960,40.5127,68.4093,0.8157,-9999.0000,7.9025,30.4331,40.6626,78.1422,50.7123,84.4574,9.4682,11.7734,-9999.0000,7.6471,0,0,1.0000
79265,29.3924,40.7353,70.7442,1.2609,-9999.0000,7.1924,30.4483,40.5042,78.1382,49.4081,84.4908,8.4993,10.1771,-9999.0000,5.5185,0,0,1.0000
79266,30.1255,41.0276,67.3862,-3.4290,-9999.0000,6.5976,30.4483,45.6155,78.1348,39.3709,84.5184,9.1451,13.8457,-9999.0000,1.8630,0,0,1.0000
79267,28.3930,45.2487,71.7239,4.7802,-9999.0000,6.6829,30.4625,45.8822,78.1440,55.1530,84.5448,14.9812,13.5557,-9999.0000,5.2779,0,0,1.0000
79268,28.1148,47.2946,72.1734,4.7971,-9999.0000,7.9575,30.4676,41.5871,78.1568,49.8355,84.5665,11.4859,14.3911,-9999.0000,1.9085,0,0,1.0000
79269,27.6445,48.2822,71.5734,10.5691,-9999.0000,9.6289,30.4735,37.0032,78.1648,61.9045,84.5799,9.3783,19.3011,-9999.0000,0.3764,0,0,1.0000
79270,27.4099,45.5226,69.4642,-1.3481,-9999.0000,8.5402,30.4725,41.4492,78.1824,50.6487,84.5815,11.8006,17.8530,-9999.0000,9.9223,0,0,1.0000
79271,31.6434,47.5446,70.5381,1.6237,-9999.0000,7.9823,30.4735,38.7002,78.2112,47.0484,84.5892,14.3367,12.6756,-9999.0000,1.9303,0,0,1.0000
79272,33.3488,40.8216,68.3106,1.7051,-9999.0000,8.8996,30.4862,46.5119,78.2678,46.8234,84.5883,14.2885,11.5154,-9999.0000,2.8778,0,0,1.0000
79273,29.0332,47.9332,72.3742,1.2501,-9999.0000,6.9809,30.4888,58.1635,78.3355,43.7203,84.5893,12.6947,22.0135,-9999.0000,6.0571,0,0,1.0000
79274,29.5056,42.1414,70.7595,3.8806,-9999.0000,5.7708,30.4901,43.9429,78.4194,44.2498,84.5897,13.1571,13.6573,-9999.0000,4.1644,0,0,1.0000
79275,28.8952,42.9456,70.2806,-0.5090,-9999.0000,5.9688,30.4869,41.4198,78.5032,48.4308,84.5954,12.0213,13.5228,-9999.0000,8.9596,0,0,1.0000
79276,26.5543,43.5029,72.8359,8.0192,-9999.0000,6.4881,30.4844,41.7483,78.6125,45.6049,84.5908,6.2675,15.9878,-9999.0000,7.5521,0,0,1.0000
79277,30.1422,43.3162,66.1791,2.1617,-9999.0000,6.4918,30.4854,39.8283,78.7254,46.3490,84.5921,8.2289,15.3464,-9999.0000,6.5204,0,0,1.0000
79278,33.4468,43.6410,71.4046,-1.2450,-9999.0000,6.3844,30.4844,49.6354,78.8673,38.4822,84.5911,6.0748,10.6687,-9999.0000,5.4506,0,0,1.0000
79279,26.6157,40.6137,70.7185,-3.7776,-9999.0000,6.8874,30.4788,47.2005,78.9973,36.8578,84.5799,5.8815,8.8985,-9999.0000,3.9424,0,0,1.0000
79280,25.8577,39.2036,67.8091,3.4575,-9999.0000,7.6516,30.4851,40.0151,79.1489,46.4211,84.5747,9.5029,14.0411,-9999.0000,5.3320,0,0,1.0000
79281,26.0557,42.7263,67.0670,2.3143,-9999.0000,8.7465,30.4872,40.0520,79.2824,54.2717,84.5489,13.7316,15.2628,-9999.0000,1.9970,0,0,1.0000
79282,27.4633,43.0261,70.4146,-2.6808,-9999.0000,6.5729,30.4872,39.6333,79.4107,68.4567,84.5230,7.9689,16.6423,-9999.0000,6.1954,0,0,1.0000
79283,26.8986,42.5311,72.3047,-2.0781,-9999.0000,6.7637,30.4835,38.7897,79.5199,48.4693,84.4862,5.9022,13.5604,-9999.0000,6.2591,0,0,1.0000
79284,26.8898,44.6067,66.9979,1.2561,-9999.0000,7.6614,30.4857,32.9746,79.6281,46.1699,84.4500,7.9787,17.3758,-9999.0000,0.5120,0,0,1.0000
79285,25.4185,40.9847,68.3451,3.8517,-9999.0000,6.8915,30.4962,34.8219,79.7435,44.7318,84.4190,11.0909,17.1653,-9999.0000,5.4186,0,0,1.0000
79286,25.9892,40.7457,69.3821,2.3993,-9999.0000,7.2066,30.4936,33.3288,79.8570,41.8686,84.3945,13.2454,16.9774,-9999.0000,0.5648,0,0,1.0000
79287,24.5684,39.6791,69.8365,1.1347,-9999.0000,7.6680,30.4909,42.0752,79.9834,47.2039,84.3747,10.4539,15.0886,-9999.0000,4.2100,0,0,1.0000
79288,30.0562,40.6059,63.8220,9.6963,-9999.0000,6.8919,30.4861,41.3022,80.0930,40.2305,84.3534,13.0182,21.3039,-9999.0000,2.3625,0,0,1.0000
79289,33.5697,44.9506,68.5627,5.5284,-9999.0000,6.9083,30.4906,46.0835,80.1909,48.4310,84.3447,7.8293,17.4999,-9999.0000,6.3415,0,0,1.0000
79290,28.6023,42.0676,66.1741,5.4556,-9999.0000,7.5580,30.4966,39.1823,80.2834,58.3558,84.3433,9.1529,10.6207,-9999.0000,3.6505,0,0,1.0000
79291,24.3758,38.9479,64.1679,3.7844,-9999.0000,8.4078,30.4907,34.3477,80.3714,55.3320,84.3397,7.8408,10.9459,-9999.0000,7.3604,0,0,1.0000
79292,26.3572,38.1105,62.9965,5.4968,-9999.0000,7.3832,30.4857,32.7917,80.4503,68.0393,84.3403,6.1969,10.6023,-9999.0000,3.6274,0,0,1.0000
79293,24.3881,40.1964,63.5426,-0.9978,-9999.0000,5.8196,30.4837,38.8266,80.5352,48.7703,84.3533,7.6071,10.2925,-9999.0000,-9999.0000,0,0,1.0000
79294,26.7694,42.5349,67.0534,3.5460,-9999.0000,6.4935,30.4791,36.2396,80.6022,57.7652,84.3765,16.6004,8.7674,-9999.0000,-9999.0000,0,0,1.0000
79295,26.5150,39.6280,64.0648,-0.8272,-9999.0000,7.9562,30.4769,36.0377,80.6591,53.0313,84.4094,10.7126,7.6988,-9999.0000,-9999.0000,0,0,1.0000
79296,32.7138,43.0923,62.7253,4.7909,-9999.0000,7.2460,30.4808,37.2103,80.6883,57.0045,84.4399,6.5701,10.1287,-9999.0000,-9999.0000,0,0,1.0000
79297,28.5815,40.3976,65.3528,5.6449,-9999.0000,7.4737,30.4854,34.4480,80.7064,44.3861,84.4762,6.5979,10.7245,-9999.0000,-9999.0000,0,0,1.0000
79298,35.0586,40.0853,67.4080,4.8534,-9999.0000,7.0885,30.4882,37.7068,80.7212,45.5410,84.5384,7.5796,11.9509,-9999.0000,-9999.0000,0,0,1.0000
79299,26.4502,38.3465,66.1705,1.4213,-9999.0000,7.6750,30.4811,30.3359,80.7215,45.4399,84.5896,6.8006,11.9963,-9999.0000,-9999.0000,0,0,1.0000
79300,25.7939,39.0153,64.9461,1.4880,-9999.0000,8.5776,30.4864,39.2128,80.7155,45.7384,84.6297,6.3272,11.5762,-9999.0000,-9999.0000,0,0,1.0000
79301,25.8755,39.4970,60.6821,6.0351,-9999.0000,7.5146,30.4916,39.6038,80.6991,42.5377,84.6676,9.0965,9.5994,-9999.0000,-9999.0000,0,0,1.0000
79302,22.4861,37.0817,63.3355,4.5317,-9999.0000,7.1293,30.4949,36.3069,80.6470,54.1038,84.7176,16.1831,9.1130,-9999.0000,-9999.0000,0,0,1.0000
79303,27.3044,38.7413,61.1912,0.8975,-9999.0000,7.2509,30.4885,35.7295,80.5715,47.7171,84.7573,12.9154,10.4325,-9999.0000,-9999.0000,0,0,1.0000
79304,26.8904,41.8781,62.9617,-9999.0000,-9999.0000,-9999.0000,30.4790,37.8386,80.4767,51.1894,84.7938,7.1884,12.1227,-9999.0000,-9999.0000,0,0,1.0000
79305,20.4376,39.1365,-9999.0000,-9999.0000,-9999.0000,-9999.0000,30.4893,42.3116,80.3725,45.8995,84.8354,8.4458,17.3552,-9999.0000,-9999.0000,0,0,1.0000
79306,24.3853,39.1604,-9999.0000,-9999.0000,-9999.0000,-9999.0000,30.4978,29.4448,80.2641,46.9755,84.8905,11.1050,-9999.0000,-9999.0000,-9999.0000,0,0,1.0000
79307,27.2745,-9999.0000,-9999.0000,-9999.0000,-9999.0000,-9999.0000,30.4889,32.0918,80.1334,45.1380,84.9234,9.8797,-9999.0000,-9999.0000,-9999.0000,0,0,1.0000
79308,-9999.0000,-9999.0000,-9999.0000,-9999.0000,-9999.0000,-9999.0000,30.4905,34.2172,79.9797,34.2670,84.9425,-9999.0000,-9999.0000,-9999.0000,-9999.0000,0,0,1.0000
79309,-9999.0000,-9999.0000,-9999.0000,-9999.0000,-9999.0000,-9999.0000,30.4840,-9999.0000,79.7957,24.4181,84.9438,-9999.0000,-9999.0000,-9999.0000,-9999.0000,0,0,1.0000
79310,-9999.0000,-9999.0000,-9999.0000,-9999.0000,-9999.0000,-9999.0000,30.4923,-9999.0000,79.6088,-9999.0000,84.9423,-9999.0000,-9999.0000,-9999.0000,-9999.0000,0,0,1.0000
79311,-9999.0000,-9999.0000,-9999.0000,-9999.0000,-9999.0000,-9999.0000,30.5096,-9999.0000,79.4159,-9999.0000,84.9440,-9999.0000,-9999.0000,-9999.0000,-9999.0000,0,0,1.0000
79312,-9999.0000,-9999.0000,-9999.0000,-9999.0000,-9999.0000,-9999.0000,30.5069,-9999.0000,79.2268,-9999.0000,84.9356,-9999.0000,-9999.0000,-9999.0000,-9999.0000,0,1,1.0000
79313,-9999.0000,-9999.0000,-9999.0000,-9999.0000,-9999.0000,-9999.0000,30.5204,-9999.0000,79.0324,-9999.0000,84.9210,-9999.0000,-9999.0000,-9999.0000,-9999.0000,0,1,1.0000
79314,-9999.0000,-9999.0000,-9999.0000,-9999.0000,-9999.0000,-9999.0000,30.5123,-9999.0000,78.8295,-9999.0000,84.8732,-9999.0000,-9999.0000,-9999.0000,-9999.0000,0,1,1.0000
79315,-9999.0000,-9999.0000,-9999.0000,-9999.0000,-9999.0000,-9999.0000,30.5062,-9999.0000,78.6546,-9999.0000,84.8206,-9999.0000,-9999.0000,-9999.0000,-9999.0000,0,1,1.0000
79316,-9999.0000,-9999.0000,-9999.0000,-9999.0000,-9999.0000,-9999.0000,30.5051,-9999.0000,78.4972,-9999.0000,84.7798,-9999.0000,-9999.0000,-9999.0000,-9999.0000,0,1,1.0000
79317,-9999.0000,-9999.0000,-9999.0000,-9999.0000,-9999.0000,-9999.0000,30.4987,-9999.0000,78.3583,-9999.0000,84.7432,-9999.0000,-9999.0000,-9999.0000,-9999.0000,0,1,1.0000
79318,-9999.0000,-9999.0000,-9999.0000,-9999.0000,-9999.0000,-9999.0000,30.4999,-9999.0000,78.2174,-9999.0000,84.6972,-9999.0000,-9999.0000,-9999.0000,-9999.0000,0,1,1.0000
