Data/Raw/WAGNER,NICK/firexaq-AOP-optical_DC8_20190807_R1.ict
51, 1001
Wagner, Nicholas L.
NOAA Earth System Research Laboratory
NOAA AOP instrument
FIREX-AQ
1, 1
2019, 08, 07, 2020, 04, 28
1
Time_start, seconds_past_midnight, seconds from midnight
18
1, 1, 1, 1, 1, 1, 1, 1, 1, 1, 1, 1, 1, 1, 1, 1, 1, 1
-9999, -9999, -9999, -9999, -9999, -9999, -9999, -9999, -9999, -9999, -9999, -9999, -9999, -9999, -9999, -9999, -9999, -9999
ext_dry_664, Mm-1, AerOpt_Extinction_InSitu_RHd_red_Total_PM2.5_STP
ext_dry_532, Mm-1, AerOpt_Extinction_InSitu_RHd_green_Total_PM2.5_STP
ext_dry_405, Mm-1, AerOpt_Extinction_InSitu_RHd_blue_Total_PM2.5_STP
abs_dry_664, Mm-1, AerOpt_Absorption_InSitu_RHd_red_Total_PM2.5_STP
abs_dry_532, Mm-1, AerOpt_Absorption_InSitu_RHd_green_Total_PM2.5_STP
abs_dry_405, Mm-1, AerOpt_Absorption_InSitu_RHd_blue_Total_PM2.5_STP
AOP_RH_dry, pct, Relative_humidity_of_dry_RH_channels
ext_medRH_664, Mm-1, AerOpt_Extinction_InSitu_RH80_red_Total_PM2.5_STP
AOP_RH_med, pct, Relative_humidity_of_medium_RH_channel
ext_highRH_664, Mm-1, AerOpt_Extinction_InSitu_RH85_red_Total_PM2.5_STP
AOP_RH_high, pct, Relative_humidity_of_high_RH_channel
ext_TD_664, Mm-1, AerOpt_ExtinctionTD_InSitu_RHd_blue_Total_PM2.5_STP
ext_TD_405, Mm-1, AerOpt_ExtinctionTD_InSitu_RHd_red_Total_PM2.5_STP
abs_TD_664, Mm-1, AerOpt_Absorption_InSitu_RHd_red_Total_PM2.5_STP
abs_TD_405, Mm-1, AerOpt_Absorption_InSitu_RHd_blue_Total_PM2.5_STP
AOP_TD_bypass_flag, pct, Flag_for_TD_Bypass_valve
AOP_filter_flag, pct, Flag_for_Filter_Valve
AOP_Dilution_ratio, pct, Applied_Dilution_Ratio_for_ext_channels
1
N/A
18
PI_CONTACT_INFO: Address: NOAA ESRL Chemical Sciences Division, R/CSD2, 325 Broadway, Boulder, CO 80305. Email: nick.wagner@noaa.gov.
PLATFORM: NASA DC8
LOCATION: See the DC8 MetNav file, Based in Boise (BOI) and Salina, KS
ASSOCIATED_DATA: N/A
[...]
DATA_INFO: Mm-1:
UNCERTAINTY: The precision of the extinction measurements varies with aerosol loading and is +/-20% at 10 Mm-1 and +/-5% at 100 Mm-1. The accuracy of the dry measurement is +/-2% and depends on RH for the humidified measurements, +/-5% at 85% RH and +/-15% at 90% RH. For more details, see Langridge et al., Aerosol Science and Technology 45:1305-1318, 2011. Analysis of comparable measurements suggest incomplete mixing in the dilution system. Effective dilution for individual instruments can vary by +/- 30% compared to the reported flow-based dilution estimate. The absorption measurements have a high signal accuracy of 20%. The low signal precision varies with altitude and flight to flight, and is typically less than 10 Mm-1 for 1 second measurements.
ULOD_FLAG: -7777
ULOD_VALUE: N/A
LLOD_FLAG: -8888
LLOD_VALUE: N/A
DM_CONTACT_INFO: Gao Chen
PROJECT_INFO: FIREX-AQ
STIPULATIONS_ON_USE: NASA Data Policy. Contact with PI is encouraged.
OTHER_COMMENTS: N/A
REVISION: R1
R1: Absorption measurements have been corrected for pressure dependent microphone sensitivity. In-cloud data has been removed. R0: Final Data. 
Time_start, ext_dry_664, ext_dry_532, ext_dry_405, abs_dry_664, abs_dry_532, abs_dry_405, AOP_RH_dry, ext_medRH_664, AOP_RH_med, ext_highRH_664, AOP_RH_high, ext_TD_664, ext_TD_405, abs_TD_664, abs_TD_405, AOP_TD_bypass_flag, AOP_filter_flag, AOP_Dilution_ratio
[from data line 7801]
83398,2.3756,1.7931,3.0335,8.0049,-5.8813,0.0422,10.6687,1.5377,82.2012,-9999.0000,96.8820,-9999.0000,-0.5390,1.3738,2.0901,0,0,1.0000
83399,0.8482,1.0926,3.6280,7.9261,-4.2089,-0.2140,10.6684,0.7981,82.1809,-9999.0000,96.8777,-9999.0000,-0.5828,4.7432,-2.2577,0,0,1.0000
83400,1.0461,0.8366,2.6692,-0.6484,-1.9120,-0.4254,10.6733,1.4504,82.1619,-9999.0000,96.8802,-9999.0000,-0.2326,-5.9688,-4.1506,0,0,1.0000
83401,0.4423,1.2294,2.6357,-1.8951,-1.3084,-0.4508,10.6830,1.0597,82.1421,-9999.0000,96.8815,-9999.0000,-0.1414,4.9241,5.5465,0,0,1.0000
83402,2.3638,0.8956,2.2301,1.0670,-1.5623,0.0641,10.6772,2.9052,82.1218,-9999.0000,96.8802,-9999.0000,-0.2213,3.3262,-0.4690,0,0,1.0000
83403,2.5548,1.6578,1.7979,5.3935,-4.8507,0.6350,10.6813,1.4297,82.1084,-9999.0000,96.8776,-9999.0000,-0.2835,-5.0602,2.1863,0,0,1.0000
83404,1.1646,1.4037,4.2051,0.5473,-0.3306,1.0057,10.7005,0.8608,82.1097,-9999.0000,96.8770,-9999.0000,-0.0307,8.7494,10.1227,0,0,1.0000
83405,0.5180,0.7738,1.4330,5.2547,1.4483,0.0842,10.6952,1.1114,82.1100,-9999.0000,96.8772,-9999.0000,-0.2650,0.3065,2.8990,0,0,1.0000
83406,0.4561,2.3777,1.1410,-3.1108,-2.6798,-0.1714,10.7069,4.1699,82.1113,-9999.0000,96.8746,-9999.0000,0.1892,-3.0523,2.4701,0,0,1.0000
83407,1.8614,1.0372,3.1550,-2.6710,-4.6344,0.0745,10.7298,2.9445,82.1148,-9999.0000,96.8722,-9999.0000,-0.4557,-0.5739,9.3616,0,0,1.0000
83408,1.8082,0.8962,2.1704,1.0287,-0.9850,0.5181,10.7328,2.0182,82.1262,-9999.0000,96.8759,-9999.0000,-0.2533,-2.7524,-7.7188,0,0,1.0000
83409,0.4937,3.9265,1.7047,-2.0344,-1.7749,1.3011,10.7343,3.6837,82.1435,-9999.0000,96.8746,-9999.0000,0.2047,-3.8702,-4.5284,0,0,1.0000
83410,3.3557,1.6341,2.2522,-4.3014,0.8266,0.1280,10.7361,1.8949,82.1768,-9999.0000,96.8728,-9999.0000,1.0378,-1.9391,1.4771,0,0,1.0000
83411,1.4025,0.9684,1.4798,-1.4177,2.4612,0.3441,10.7401,6.5153,82.2178,-9999.0000,96.8681,-9999.0000,0.5888,-4.9330,4.0873,0,0,1.0000
83412,0.6644,1.5433,3.9351,14.3483,-2.8088,0.3736,10.7455,3.3741,82.2607,-9999.0000,96.8652,-9999.0000,0.4560,-1.9153,-1.7902,0,0,1.0000
83413,1.4076,0.6637,2.5367,1.7733,-4.5802,-1.1649,10.7485,3.7712,82.3130,-9999.0000,96.8637,-9999.0000,-0.1607,1.4639,0.0633,0,0,1.0000
83414,1.6105,1.3870,1.4878,-0.9378,-1.3175,0.5779,10.7513,2.7826,82.3618,-9999.0000,96.8607,-9999.0000,-0.1586,0.0226,-5.1444,0,0,1.0000
83415,1.4504,0.9284,3.0964,-2.3968,0.6764,0.1982,10.7587,2.7495,82.4141,-9999.0000,96.8601,-9999.0000,-0.1996,1.9920,2.5609,0,0,1.0000
83416,1.3404,1.1605,3.1929,2.8896,4.7002,-0.0824,10.7638,2.2645,82.4651,-9999.0000,96.8568,-9999.0000,0.0415,-4.1871,-0.9741,0,0,1.0000
83417,1.3154,1.6685,1.9955,5.0977,-2.0619,0.2589,10.7629,2.7027,82.5175,-9999.0000,96.8539,-9999.0000,1.5733,8.0630,3.6948,0,0,1.0000
83418,0.8281,0.9099,1.9420,-1.6497,-0.0543,0.7339,10.7859,2.5962,82.5802,-9999.0000,96.8494,-9999.0000,0.3825,-1.7205,9.2836,0,0,1.0000
83419,2.2613,1.0688,4.0425,0.7008,-1.7474,0.3722,10.7868,5.1282,82.6557,-9999.0000,96.8503,-9999.0000,-0.0856,7.7990,-2.7884,0,0,1.0000
83420,0.6469,1.2676,2.1734,-2.6026,-2.9860,0.4050,10.7942,5.9107,82.7270,-9999.0000,96.8510,-9999.0000,0.0112,-0.9524,-0.9465,0,0,1.0000
83421,1.2672,2.4560,1.9271,12.4851,-2.5193,0.1047,10.7997,2.0421,82.7886,-9999.0000,96.8469,-9999.0000,0.1314,3.7802,-5.0947,0,0,1.0000
83422,2.1310,1.0358,3.7758,-2.4626,-2.7337,1.0012,10.8372,1.1680,82.8379,-9999.0000,96.8525,-9999.0000,-0.0168,-5.6625,-6.0366,0,0,1.0000
83423,0.9690,2.1898,1.5476,-2.7470,3.6674,-0.0302,10.8429,5.5124,82.8917,-9999.0000,96.8490,-9999.0000,0.1395,3.9399,-3.7005,0,0,1.0000
83424,0.6657,1.1218,2.7273,2.7313,-1.5777,1.1336,10.8432,4.6930,82.9432,-9999.0000,96.8487,-9999.0000,0.1406,-1.4535,0.7960,0,0,1.0000
83425,1.3631,1.8046,2.3083,3.9002,0.9086,1.1223,10.8425,2.3999,83.0116,-9999.0000,96.8473,-9999.0000,0.7117,-3.0424,-0.7754,0,0,1.0000
83426,1.0769,0.8818,0.9187,-4.7446,-0.8974,0.1651,10.8382,0.8528,83.0824,-9999.0000,96.8433,-9999.0000,0.0770,-3.1168,1.2383,0,0,1.0000
83427,0.5893,0.5957,2.9992,15.2364,2.9353,-0.0679,10.8453,1.4757,83.1421,-9999.0000,96.8471,-9999.0000,-0.6285,4.7480,3.6476,0,0,1.0000
83428,2.2027,2.3393,1.9989,1.9875,-1.4970,0.0747,10.8427,0.4147,83.1871,-9999.0000,96.8419,-9999.0000,-0.4827,-5.7345,-0.8150,0,0,1.0000
83429,0.5462,0.7012,1.4621,-1.1179,-4.9903,0.2399,10.8440,0.2502,83.2291,-9999.0000,96.8401,-9999.0000,-0.1837,3.5296,6.9094,0,0,1.0000
83430,1.1768,0.9398,2.0215,-4.0466,-2.4461,-0.6495,10.8446,0.6775,83.2680,-9999.0000,96.8367,-9999.0000,-0.2572,-0.8400,3.0027,0,0,1.0000
83431,0.5326,1.4974,0.7240,-1.9125,-0.0622,0.2821,10.8462,3.5388,83.3033,-9999.0000,96.8370,-9999.0000,-0.1642,2.8060,1.2092,0,0,1.0000
83432,1.7274,0.5255,1.6555,-2.8333,2.9376,1.0964,10.8632,3.0766,83.3303,-9999.0000,96.8360,-9999.0000,-0.3090,-1.5322,-2.8148,0,0,1.0000
83433,2.0392,0.6031,1.7117,0.0089,4.2874,0.1948,10.8870,3.4761,83.3510,-9999.0000,96.8282,-9999.0000,-0.3956,6.5295,-1.0502,0,0,1.0000
83434,1.5155,1.3424,2.7292,3.9472,1.4063,0.6274,10.8906,2.9890,83.3697,-9999.0000,96.8267,-9999.0000,-0.4586,-5.4325,-2.5268,0,0,1.0000
83435,1.7438,2.5282,2.0693,1.4550,4.1183,-0.7579,10.8957,1.6923,83.3916,-9999.0000,96.8341,-9999.0000,-0.2530,2.7903,-4.0987,0,0,1.0000
83436,0.7267,2.0833,1.6222,17.5722,-7.5134,0.0880,10.8991,0.9771,83.4056,-9999.0000,96.8294,-9999.0000,-0.4043,-0.2983,3.8882,0,0,1.0000
83437,1.6247,0.4892,4.3124,2.4082,-0.1561,0.1121,10.9037,1.7003,83.4217,-9999.0000,96.8204,-9999.0000,-0.0615,7.6831,4.2843,0,0,1.0000
83438,1.3451,0.4033,1.9375,-8.6155,-1.5238,-0.3922,10.9037,3.0359,83.4241,-9999.0000,96.8191,-9999.0000,-0.0216,-1.0747,8.5619,0,0,1.0000
83439,1.0437,0.2237,1.9757,1.9525,-1.0323,-0.1699,10.9211,5.9839,83.4271,-9999.0000,96.8207,-9999.0000,0.0439,3.0756,10.7631,0,0,1.0000
83440,2.3854,1.2307,3.0949,-5.7508,1.0820,0.4346,10.9401,1.7016,83.4215,-9999.0000,96.8120,-9999.0000,-0.2460,7.0436,-1.5160,0,0,1.0000
83441,1.2828,0.8866,3.5717,2.5797,0.2991,-0.0490,10.9308,1.8131,83.4194,-9999.0000,96.8071,-9999.0000,-0.0453,-2.4761,-0.1279,0,0,1.0000
83442,1.1956,2.6023,3.0873,3.0172,-1.5168,-0.0087,10.9340,0.5683,83.4101,-9999.0000,96.8101,-9999.0000,-0.0042,5.9507,0.3507,0,0,1.0000
83443,0.8382,1.0165,3.2025,3.2898,6.8032,1.2075,10.9381,1.3583,83.3913,-9999.0000,96.8065,-9999.0000,-0.0150,-4.1138,-0.2402,0,0,1.0000
83444,0.4838,2.6333,3.1406,2.2665,-0.6822,1.8252,10.9380,3.1625,83.3700,-9999.0000,96.8084,-9999.0000,-0.0712,-0.9714,-1.5999,0,0,1.0000
83445,1.5251,1.3655,3.6322,3.6685,-6.7223,-0.0117,10.9383,3.3305,83.3409,-9999.0000,96.8063,-9999.0000,-0.1194,7.1483,3.7179,0,0,1.0000
83446,0.8229,0.9481,3.1687,0.0642,1.7430,-0.5303,10.9355,0.2931,83.3068,-9999.0000,96.8085,-9999.0000,-0.2281,0.1808,-2.5361,0,0,1.0000
83447,1.2900,0.5413,2.0763,1.7178,2.7833,0.8103,10.9471,0.9830,83.2486,-9999.0000,96.8031,-9999.0000,0.2295,3.2327,-2.6052,0,0,1.0000
83448,0.7522,1.1544,1.9103,9.0836,3.9583,-0.3187,10.9462,1.3212,83.1724,-9999.0000,96.8036,-9999.0000,-0.1142,4.2983,1.4736,0,0,1.0000
83449,0.6421,0.7989,1.9652,8.6769,0.7245,0.7062,10.9599,-0.0086,83.1127,-9999.0000,96.8083,-9999.0000,0.1707,-3.1418,1.7058,0,0,1.0000
83450,0.9037,0.5832,1.0536,-2.2234,-1.6789,-1.1548,10.9556,-0.2953,83.0471,-9999.0000,96.8030,-9999.0000,1.4128,5.4210,-4.1845,0,0,1.0000
83451,1.1495,0.4725,2.8416,-3.4679,-2.3689,0.4997,10.9631,1.2269,82.9754,-9999.0000,96.8038,-9999.0000,0.9912,10.9383,-4.6827,0,0,1.0000
83452,1.1742,0.1676,2.9777,-3.7591,1.3761,1.5887,10.9591,5.5610,82.8986,-9999.0000,96.8050,-9999.0000,0.4984,9.6636,3.8172,0,0,1.0000
83453,0.7158,1.5243,2.1974,-2.1051,1.9783,0.8384,10.9646,0.0572,82.8325,-9999.0000,96.8002,-9999.0000,-0.1411,-2.4024,-1.2773,0,0,1.0000
83454,1.0120,0.1243,2.8839,-1.2080,-3.0320,0.0832,10.9833,1.0535,82.7787,-9999.0000,96.7989,-9999.0000,-0.0936,2.9010,1.2600,0,0,1.0000
83455,0.8633,0.7920,2.1391,15.2428,-0.5155,1.2306,10.9816,1.6713,82.7145,-9999.0000,96.7918,-9999.0000,0.0243,6.4724,-3.2066,0,0,1.0000
83456,0.7312,0.6913,3.8624,-6.5288,1.0735,-0.1202,10.9800,0.9251,82.6501,-9999.0000,96.7893,-9999.0000,0.2491,2.0378,2.0221,0,0,1.0000
83457,0.4853,0.6813,2.2548,1.8780,0.1258,0.9128,10.9779,0.7660,82.5988,-9999.0000,96.7869,-9999.0000,0.8457,-5.0827,1.3050,0,0,1.0000
83458,1.0402,0.5088,1.5943,2.6484,-3.3739,1.0543,10.9777,0.4957,82.5501,-9999.0000,96.7853,-9999.0000,3.8405,-0.7163,2.2978,0,0,1.0000
83459,1.2658,0.5764,3.3997,4.9207,0.8611,-0.1901,10.9810,0.5268,82.5141,-9999.0000,96.7886,-9999.0000,-0.1666,10.5567,3.7250,0,0,1.0000
83460,1.1101,0.7776,2.2581,4.6471,-0.2303,0.3452,10.9877,1.6231,82.4685,-9999.0000,96.7856,-9999.0000,0.4612,6.7778,-0.3292,0,0,1.0000
83461,1.6702,0.6689,1.7524,-1.0476,-4.8458,0.1253,10.9953,0.7757,82.4452,-9999.0000,96.7869,-9999.0000,2.2705,5.1108,6.0376,0,0,1.0000
83462,1.1898,2.0313,1.8460,3.8054,-6.2271,0.0272,10.9928,0.2852,82.4229,-9999.0000,96.7824,-9999.0000,3.9569,7.2646,1.8062,0,0,1.0000
83463,1.7963,0.5635,1.6888,5.3226,1.4665,0.4296,10.9951,2.9824,82.3937,-9999.0000,96.7833,-9999.0000,1.3887,-1.7068,9.5422,0,0,1.0000
83464,2.3837,0.8692,5.2763,-1.1675,4.0513,0.1901,10.9960,2.7107,82.3706,-9999.0000,96.7817,-9999.0000,0.0450,0.6236,-2.2136,0,0,1.0000
83465,0.4687,1.0391,1.6514,-5.4958,-3.3073,0.3410,10.9871,4.5052,82.3543,-9999.0000,96.7806,-9999.0000,-0.1928,-0.8084,5.8376,0,0,1.0000
83466,2.2135,2.8503,1.5171,-4.1698,-0.9711,0.0249,10.9898,4.9276,82.3446,-9999.0000,96.7779,-9999.0000,-0.3055,1.3203,2.9770,0,0,1.0000
83467,0.6895,1.1743,2.2808,4.0160,0.4911,-0.1671,10.9932,1.3374,82.3394,-9999.0000,96.7761,-9999.0000,-0.0869,-3.2342,-3.6918,0,0,1.0000
83468,1.1554,0.9953,1.6971,0.9112,4.6545,0.4490,10.9911,2.9148,82.3311,-9999.0000,96.7688,-9999.0000,-0.5248,-2.1434,-6.5659,0,0,1.0000
83469,1.8555,1.9268,1.4023,0.5942,-4.8901,-0.9193,11.0039,2.7612,82.3268,-9999.0000,96.7672,-9999.0000,0.1886,3.4335,-4.9378,0,0,1.0000
83470,1.4425,0.0852,2.2937,5.0488,-5.9810,-0.3749,11.0202,1.2222,82.3347,-9999.0000,96.7706,-9999.0000,0.3344,-8.2239,2.1097,0,0,1.0000
83471,0.5910,0.4365,3.3939,-1.3655,7.0412,0.2928,11.0207,0.2991,82.3394,-9999.0000,96.7717,-9999.0000,0.3689,-1.2715,-6.9288,0,0,1.0000
83472,0.8563,2.0640,2.6271,5.2661,0.7843,0.0967,11.0168,1.2218,82.3382,-9999.0000,96.7718,-9999.0000,0.2853,-0.5279,-2.0229,0,0,1.0000
83473,0.8382,1.1607,2.6551,-4.1940,-0.5322,0.1325,11.0226,0.2060,82.3527,-9999.0000,96.7734,-9999.0000,0.0662,1.9444,5.1994,0,0,1.0000
83474,0.8609,1.3047,1.3728,4.0331,-1.3825,0.3664,11.0300,1.2047,82.3834,-9999.0000,96.7746,-9999.0000,-0.2318,2.5976,5.2066,0,0,1.0000
83475,0.7732,1.4364,2.8239,0.2750,0.4698,0.4417,11.0322,2.9066,82.4122,-9999.0000,96.7718,-9999.0000,-0.1224,-1.6465,3.2805,0,0,1.0000
83476,0.6924,2.4577,3.7892,-5.0898,3.1186,0.9468,11.0309,-0.2210,82.4512,-9999.0000,96.7713,-9999.0000,-0.2574,-1.9298,1.9008,0,0,1.0000
83477,1.6724,2.3129,3.6483,4.5625,3.6386,1.5484,11.0324,-0.1076,82.4947,-9999.0000,96.7662,-9999.0000,-0.2011,-1.9302,-4.2661,0,0,1.0000
83478,1.1769,0.9228,3.1956,7.2303,6.6376,0.1458,11.0432,1.8492,82.5405,-9999.0000,96.7669,-9999.0000,-0.1167,-9999.0000,0.1675,0,0,1.0000
83479,1.0183,0.0671,2.0504,1.8533,3.7937,0.1351,11.0397,1.0522,82.5842,-9999.0000,96.7616,-9999.0000,0.4719,-9999.0000,14.0963,0,0,1.0000
83480,1.6477,0.1767,0.8834,5.1875,-0.3587,0.0097,11.0341,6.2799,82.6289,-9999.0000,96.7548,-9999.0000,1.2943,-9999.0000,4.1755,0,0,1.0000
83481,0.7385,0.3293,1.6028,-0.1450,-0.0672,-0.1137,11.0278,1.1117,82.6744,-9999.0000,96.7534,-9999.0000,2.7144,-9999.0000,-1.6315,0,0,1.0000
83482,0.7432,1.8089,0.8790,4.1047,-1.1625,-0.8110,11.0222,0.1310,82.7305,-9999.0000,96.7596,-9999.0000,0.6548,-9999.0000,10.2081,0,0,1.0000
83483,0.5937,2.1350,0.9948,0.2411,-2.6064,0.1198,11.0342,0.5483,82.7840,-9999.0000,96.7585,-9999.0000,0.5857,-9999.0000,-2.0167,0,0,1.0000
83484,0.6637,0.5952,2.2556,2.7382,3.4675,0.6497,11.0214,3.5318,82.8363,-9999.0000,96.7598,-9999.0000,2.4726,-9999.0000,-1.7027,0,0,1.0000
83485,1.5256,2.8759,2.1295,2.9880,0.7050,-0.6351,11.0271,3.2894,82.8893,-9999.0000,96.7572,-9999.0000,0.6757,-9999.0000,1.0611,0,0,1.0000
83486,0.6353,0.3526,3.2266,2.2385,6.1405,0.2883,11.0312,2.8044,82.9456,-9999.0000,96.7540,-9999.0000,0.4887,-9999.0000,1.8141,0,0,1.0000
83487,1.0101,0.9291,1.5086,-3.8081,6.4419,0.1622,11.0351,1.1278,82.9923,-9999.0000,96.7507,-9999.0000,0.3304,-9999.0000,5.8829,0,0,1.0000
83488,0.7784,0.1458,1.5426,-1.4849,0.6748,-0.2851,11.0339,0.9234,83.0412,-9999.0000,96.7462,-9999.0000,1.0243,-9999.0000,5.8879,0,0,1.0000
83489,0.8440,0.5209,0.8826,-1.1683,5.9741,0.1317,11.0325,0.4290,83.0957,-9999.0000,96.7434,-9999.0000,1.1347,-9999.0000,-9999.0000,0,0,1.0000
83490,1.8538,1.9295,1.4421,-2.4516,-9.3877,-0.2290,11.0366,1.7150,83.1636,-9999.0000,96.7442,-9999.0000,-0.3043,-9999.0000,-9999.0000,0,0,1.0000
83491,1.1548,0.1961,1.7782,5.1894,-2.5109,0.2698,11.0413,5.9349,83.2174,-9999.0000,96.7441,-9999.0000,0.4404,-1.0118,-9999.0000,0,0,1.0000
83492,0.9816,0.3196,3.5477,1.8499,-2.6369,1.3813,11.0381,1.5221,83.2724,-9999.0000,96.7402,-9999.0000,0.6100,-4.1805,-9999.0000,0,0,1.0000
83493,1.4997,1.3771,1.9825,-5.3147,7.1162,0.5461,11.0385,0.7076,83.3093,-9999.0000,96.7386,-9999.0000,0.3105,1.7399,-9999.0000,0,0,1.0000
83494,0.9438,-0.0446,0.7572,3.8006,5.2940,1.6945,11.0322,0.4612,83.3415,-9999.0000,96.7411,-9999.0000,-0.3176,4.2810,-9999.0000,0,0,1.0000
83495,0.6003,0.2675,0.6010,-3.3181,-3.0258,0.1469,11.0392,0.7294,83.3694,-9999.0000,96.7334,-9999.0000,-0.0603,0.3714,-9999.0000,0,0,1.0000
83496,0.5617,0.5628,0.9764,-4.5539,-1.5502,-0.4542,11.0360,1.0112,83.3985,-9999.0000,96.7240,-9999.0000,-0.9180,-2.6002,-9999.0000,0,0,1.0000
83497,2.8041,0.9825,1.0483,-3.4548,-6.8053,0.6882,11.0356,3.2854,83.4298,-9999.0000,96.7225,-9999.0000,-1.0813,2.2713,-9999.0000,0,0,1.0000
83498,2.2229,1.5915,4.6604,-3.4553,0.2421,0.4346,11.0347,7.6214,83.4511,-9999.0000,96.7184,-9999.0000,0.2641,-1.4498,-9999.0000,0,0,1.0000
83499,1.4605,1.8790,1.6158,-9999.0000,0.2532,0.4358,11.0379,4.9205,83.4768,-9999.0000,96.7218,-9999.0000,-0.9779,-1.6405,-9999.0000,0,0,1.0000
83500,0.7326,1.0814,2.3935,-9999.0000,-9999.0000,-9999.0000,11.0484,4.1374,83.4921,-9999.0000,96.7206,-9999.0000,-1.0672,-1.3375,-9999.0000,0,0,1.0000
83501,1.3313,0.8021,1.6544,-9999.0000,-9999.0000,-9999.0000,11.0545,2.1519,83.5105,-9999.0000,96.7160,-9999.0000,-0.8570,2.6703,-9999.0000,0,0,1.0000
83502,0.4963,1.1749,0.6315,-9999.0000,-9999.0000,-9999.0000,11.0591,2.2423,83.5253,-9999.0000,96.7103,-9999.0000,-0.8959,4.0150,9.4301,0,0,1.0000
83503,1.1790,2.0216,1.9978,-9999.0000,-9999.0000,-9999.0000,11.0617,1.9469,83.5339,-9999.0000,96.7071,-9999.0000,-0.8564,2.6061,3.2589,0,0,1.0000
83504,1.7060,1.1708,1.5080,-9999.0000,-9999.0000,-9999.0000,11.0614,3.6513,83.5327,-9999.0000,96.7052,-9999.0000,-9999.0000,7.5485,1.3194,0,0,1.0000
83505,1.1573,0.1148,1.6617,-9999.0000,-9999.0000,-9999.0000,11.0559,1.0011,83.5374,-9999.0000,96.7033,-9999.0000,1.8219,1.1763,5.9971,0,0,1.0000
83506,0.6063,0.4326,1.4195,-9999.0000,-9999.0000,-9999.0000,11.0555,-0.1128,83.5323,-9999.0000,96.7004,-9999.0000,2.0398,-6.0688,-1.0919,0,0,1.0000
83507,0.5040,0.9092,0.2481,-9999.0000,-9999.0000,-9999.0000,11.0533,4.3800,83.5118,-9999.0000,96.6939,-9999.0000,0.4992,-2.4982,1.3142,0,0,1.0000
83508,1.4928,1.1857,1.1359,-9999.0000,-9999.0000,-9999.0000,11.0509,1.9069,83.4752,-9999.0000,96.6904,-9999.0000,-0.2355,4.2485,7.3661,0,0,1.0000
83509,4.2607,1.7115,2.0823,-9999.0000,-9999.0000,-9999.0000,11.0603,2.1421,83.4314,-9999.0000,96.6885,-9999.0000,-0.3542,4.7823,-3.0210,0,0,1.0000
83510,0.5257,0.9678,1.2446,-9999.0000,-9999.0000,-9999.0000,11.0618,2.7385,83.3697,-9999.0000,96.6783,-9999.0000,-0.2923,-2.0690,-2.0400,0,0,1.0000
83511,2.3708,1.0083,1.6813,-9999.0000,-9999.0000,-9999.0000,11.0649,5.2135,83.3059,-9999.0000,96.6736,-9999.0000,-0.3138,-3.7966,2.9011,0,0,1.0000
83512,3.3345,0.2792,1.5210,1.3261,-9999.0000,-9999.0000,11.0818,1.9217,83.2364,-9999.0000,96.6788,-9999.0000,-0.3694,0.9775,2.1785,0,0,1.0000
