Data/Raw/WAGNER,NICK/firexaq-AOP-optical_DC8_20190729_R1.ict
51, 1001
Wagner, Nicholas L.
NOAA Earth System Research Laboratory
NOAA AOP instrument
FIREX-AQ
1, 1
2019, 07, 29, 2020, 04, 27
1
Time_start, seconds_past_midnight, seconds from midnight
18
1, 1, 1, 1, 1, 1, 1, 1, 1, 1, 1, 1, 1, 1, 1, 1, 1, 1
-9999, -9999, -9999, -9999, -9999, -9999, -9999, -9999, -9999, -9999, -9999, -9999, -9999, -9999, -9999, -9999, -9999, -9999
ext_dry_664, Mm-1, AerOpt_Extinction_InSitu_RHd_red_Total_PM2.5_STP
ext_dry_532, Mm-1, AerOpt_Extinction_InSitu_RHd_green_Total_PM2.5_STP
ext_dry_405, Mm-1, AerOpt_Extinction_InSitu_RHd_blue_Total_PM2.5_STP
abs_dry_664, Mm-1, AerOpt_Absorption_InSitu_RHd_red_Total_PM2.5_STP
abs_dry_532, Mm-1, AerOpt_Absorption_InSitu_RHd_green_Total_PM2.5_STP
abs_dry_405, Mm-1, AerOpt_Absorption_InSitu_RHd_blue_Total_PM2.5_STP
AOP_RH_dry, pct, Relative_humidity_of_dry_RH_channels
ext_medRH_664, Mm-1, AerOpt_Extinction_InSitu_RH80_red_Total_PM2.5_STP
AOP_RH_med, pct, Relative_humidity_of_medium_RH_channel
ext_highRH_664, Mm-1, AerOpt_Extinction_InSitu_RH85_red_Total_PM2.5_STP
AOP_RH_high, pct, Relative_humidity_of_high_RH_channel
ext_TD_664, Mm-1, AerOpt_ExtinctionTD_InSitu_RHd_blue_Total_PM2.5_STP
ext_TD_405, Mm-1, AerOpt_ExtinctionTD_InSitu_RHd_red_Total_PM2.5_STP
abs_TD_664, Mm-1, AerOpt_Absorption_InSitu_RHd_red_Total_PM2.5_STP
abs_TD_405, Mm-1, AerOpt_Absorption_InSitu_RHd_blue_Total_PM2.5_STP
AOP_TD_bypass_flag, pct, Flag_for_TD_Bypass_valve
AOP_filter_flag, pct, Flag_for_Filter_Valve
AOP_Dilution_ratio, pct, Applied_Dilution_Ratio_for_ext_channels
1
N/A
18
PI_CONTACT_INFO: Address: NOAA ESRL Chemical Sciences Division, R/CSD2, 325 Broadway, Boulder, CO 80305. Email: nick.wagner@noaa.gov.
PLATFORM: NASA DC8
LOCATION: See the DC8 MetNav file, Based in Boise (BOI) and Salina, KS
ASSOCIATED_DATA: N/A
[...]
DATA_INFO: Mm-1:
UNCERTAINTY: The precision of the extinction measurements varies with aerosol loading and is +/-20% at 10 Mm-1 and +/-5% at 100 Mm-1. The accuracy of the dry measurement is +/-2% and depends on RH for the humidified measurements, +/-5% at 85% RH and +/-15% at 90% RH. For more details, see Langridge et al., Aerosol Science and Technology 45:1305-1318, 2011. Analysis of comparable measurements suggest incomplete mixing in the dilution system. Effective dilution for individual instruments can vary by +/- 30% compared to the reported flow-based dilution estimate. The absorption measurements have a high signal accuracy of 20%. The low signal precision varies with altitude and flight to flight, and is typically less than 10 Mm-1 for 1 second measurements.
ULOD_FLAG: -7777
ULOD_VALUE: N/A
LLOD_FLAG: -8888
LLOD_VALUE: N/A
DM_CONTACT_INFO: Gao Chen
PROJECT_INFO: FIREX-AQ
STIPULATIONS_ON_USE: NASA Data Policy. Contact with PI is encouraged.
OTHER_COMMENTS: N/A
REVISION: R1
R1: Absorption measurements have been corrected for pressure dependent microphone sensitivity. In-cloud data has been removed. R0: Final Data.
Time_start, ext_dry_664, ext_dry_532, ext_dry_405, abs_dry_664, abs_dry_532, abs_dry_405, AOP_RH_dry, ext_medRH_664, AOP_RH_med, ext_highRH_664, AOP_RH_high, ext_TD_664, ext_TD_405, abs_TD_664, abs_TD_405, AOP_TD_bypass_flag, AOP_filter_flag, AOP_Dilution_ratio
[from data line 17220]
96607,20.7124,29.6368,55.0842,-0.7246,-1.9008,1.7997,3.6935,17.2874,77.8167,-9999.0000,85.1035,-9999.0000,-9999.0000,-9999.0000,2.7773,0,0,6.4200
96608,17.2179,29.4361,50.0401,4.6828,-0.4879,1.1842,3.6990,13.8370,77.8405,-9999.0000,85.0521,-9999.0000,-9999.0000,-9999.0000,-1.5973,0,0,6.4300
96609,16.8274,27.9449,45.9775,7.0627,-0.3683,1.7200,3.7016,21.9284,77.8782,-9999.0000,84.9950,-9999.0000,-9999.0000,-9999.0000,5.0108,0,0,6.4500
96610,21.5944,30.0081,43.8873,-1.5529,1.3432,1.5814,3.6948,15.7838,77.9373,-9999.0000,84.9314,-9999.0000,-9999.0000,-9999.0000,1.2738,0,0,6.4600
96611,16.4662,20.3274,34.6540,-0.2638,0.1236,1.4486,3.6955,17.8015,78.0056,-9999.0000,84.8928,-9999.0000,-9999.0000,-9999.0000,0.3751,0,0,6.4700
96612,14.0110,20.5840,35.5395,-7.3079,1.5541,1.5761,3.6901,10.5950,78.0738,-9999.0000,84.8578,-9999.0000,-9999.0000,-9999.0000,-1.1765,0,0,6.4800
96613,15.2924,26.3025,39.7048,2.6644,-0.3307,0.7219,3.6853,24.0038,78.1676,-9999.0000,84.8434,-9999.0000,-9999.0000,-9999.0000,9.5389,0,0,6.4900
96614,16.0458,24.0208,31.7773,2.0813,-1.0416,1.2262,3.6836,13.1511,78.2591,-9999.0000,84.8243,-9999.0000,-9999.0000,-9999.0000,8.0042,0,0,6.5000
96615,19.7297,23.1460,42.7801,-1.1823,-1.6376,1.3012,3.6795,12.3353,78.3424,-9999.0000,84.7939,-9999.0000,12.3427,-9999.0000,4.7178,0,0,6.5200
96616,15.7683,26.2913,43.3822,-3.3380,-5.2960,1.5355,3.6816,17.7766,78.4271,-9999.0000,84.7819,-9999.0000,12.2661,-9999.0000,-3.9391,0,0,6.5300
96617,16.6953,29.6969,44.2171,2.5387,-2.0343,1.9716,3.6825,24.2875,78.5198,-9999.0000,84.7658,-9999.0000,12.7127,-9999.0000,2.3623,0,0,6.5400
96618,20.6505,25.2240,47.5200,-4.6038,-2.5794,0.8343,3.6832,18.3333,78.6276,-9999.0000,84.7478,-9999.0000,14.6486,-9999.0000,0.8609,0,0,6.5500
96619,16.0635,23.5505,49.2659,-6.1277,-1.3724,0.9186,3.6868,12.8019,78.7333,-9999.0000,84.7357,-9999.0000,13.6853,-9999.0000,0.2989,0,0,6.5600
96620,13.9458,27.2153,45.4447,-1.8367,0.4309,1.2171,3.6722,12.4700,78.8473,-9999.0000,84.7225,-9999.0000,11.6399,-9999.0000,-0.2609,0,0,6.5700
96621,20.0984,27.8019,45.6023,-0.6802,-0.9575,2.7094,3.6705,27.7828,78.9533,-9999.0000,84.7157,-9999.0000,11.8086,-9999.0000,-2.5889,0,0,6.5900
96622,15.0841,32.5201,57.2638,2.1668,-0.0401,0.7861,3.6703,11.8562,79.0597,-9999.0000,84.7125,-9999.0000,15.6691,-9999.0000,-2.7676,0,0,6.6000
96623,16.7975,30.7086,58.5443,-4.2364,0.8085,0.7406,3.6653,27.1273,79.1530,-9999.0000,84.7035,-9999.0000,15.2093,-9999.0000,3.5483,0,0,6.6100
96624,17.3848,33.1599,58.0841,-5.8172,-0.0729,1.6222,3.6506,20.4884,79.2527,-9999.0000,84.7004,-9999.0000,13.9683,-9999.0000,-2.8086,0,0,6.6200
96625,12.0629,30.7153,54.1783,-5.5086,-2.3109,1.0159,3.6465,19.7574,79.3458,-9999.0000,84.6933,-9999.0000,13.0390,-9999.0000,-1.6266,0,0,6.6300
96626,16.0539,33.5032,62.3260,-4.4659,0.6978,1.1368,3.6498,15.7984,79.4585,-9999.0000,84.6871,-9999.0000,14.3885,-9999.0000,-7.6155,0,0,6.6400
96627,10.6706,32.2899,54.4372,-6.2078,-1.5092,1.2482,3.6469,36.3812,79.5465,-9999.0000,84.6828,-9999.0000,14.2925,-9999.0000,4.0154,0,0,6.6600
96628,15.6944,29.6558,55.4361,-4.2428,-0.1283,0.7241,3.6482,18.2795,79.6421,-9999.0000,84.6737,-9999.0000,16.8023,-9999.0000,-3.7438,0,0,6.6700
96629,6.1074,26.5856,43.6441,-6.1052,-2.9884,0.9290,3.6543,13.5043,79.7179,-9999.0000,84.6635,-9999.0000,15.9666,-9999.0000,-9.4448,0,0,6.6800
96630,10.7258,27.0845,46.0442,-7.5139,-1.9297,0.8410,3.6463,4.6652,79.7952,-9999.0000,84.6449,-9999.0000,9.6286,-9999.0000,-1.5350,0,0,6.6900
96631,8.3349,19.5724,43.3818,-2.2202,-0.4827,1.0780,3.6344,7.8113,79.8633,-9999.0000,84.6213,-9999.0000,9.8567,-9999.0000,1.7248,0,0,6.7000
96632,7.9348,19.0188,40.4244,2.5893,-0.8572,0.7810,3.6337,6.7776,79.9063,-9999.0000,84.5980,-9999.0000,7.0612,-9999.0000,-4.7210,0,0,6.7100
96633,11.9624,18.9361,34.0507,0.8187,0.4542,0.4304,3.6333,28.6516,79.9550,-9999.0000,84.5644,-9999.0000,5.7314,-9999.0000,-5.2985,0,0,6.7300
96634,9.1979,18.5791,36.2533,-3.3803,-2.0539,0.1449,3.6269,4.4857,79.9910,-9999.0000,84.5299,-9999.0000,4.8448,-9999.0000,5.9766,0,0,6.7400
96635,4.3892,19.9307,39.7867,-5.5607,1.8214,1.3709,3.6235,9.4823,80.0208,-9999.0000,84.4853,-9999.0000,2.6574,-9999.0000,0.0938,0,0,6.7500
96636,7.2256,18.7426,36.9078,1.1700,-2.8096,0.8346,3.6227,8.6940,80.0407,-9999.0000,84.4358,-9999.0000,1.4951,-9999.0000,4.6065,0,0,6.7600
96637,6.9874,12.0588,39.4739,4.0812,-0.7372,0.5749,3.6174,2.6565,80.0567,-9999.0000,84.3759,-9999.0000,3.8226,-9999.0000,-0.9980,0,0,6.7700
96638,4.2076,14.1661,38.9645,1.5266,2.6394,0.5806,3.6202,5.0621,80.0687,-9999.0000,84.3380,-9999.0000,4.4526,-9999.0000,-2.5787,0,0,6.7800
96639,4.7141,18.0735,40.1005,-6.2829,-1.7776,1.0751,3.6218,8.1194,80.0643,-9999.0000,84.2940,-9999.0000,2.0965,-9999.0000,-1.9036,0,0,6.8000
96640,2.0694,20.0533,45.0359,1.1749,1.3909,0.0642,3.6215,1.4981,80.0712,-9999.0000,84.2500,-9999.0000,2.5485,-9999.0000,3.4101,0,0,6.8100
96641,5.3423,22.2180,41.5505,-2.4043,-1.6613,0.2151,3.6221,1.4519,80.0644,-9999.0000,84.2026,-9999.0000,2.8625,-9999.0000,-4.3954,0,0,6.8200
96642,6.6489,17.2166,31.4569,-6.3289,-1.5028,-0.1328,3.6219,11.7238,80.0455,-9999.0000,84.1619,-9999.0000,4.3364,-9999.0000,3.1026,0,0,6.8300
96643,9.0977,24.8423,43.8911,-1.5982,-2.1746,0.9427,3.6230,6.0984,80.0080,-9999.0000,84.1204,-9999.0000,3.3855,-9999.0000,-1.7206,0,0,6.8400
96644,7.1336,23.7097,41.5006,-3.4304,-0.5038,0.3344,3.6257,15.6756,79.9385,-9999.0000,84.0704,-9999.0000,2.1222,-9999.0000,1.0405,0,0,6.8500
96645,5.3343,20.0503,40.1647,-4.5814,-1.3711,0.4241,3.6231,9.1911,79.8274,-9999.0000,84.0164,-9999.0000,2.0573,-9999.0000,-1.5371,0,0,6.8600
96646,5.5565,14.7298,44.4273,-0.9588,-0.4090,0.9512,3.6223,15.1735,79.7155,-9999.0000,83.9842,-9999.0000,0.9217,-9999.0000,-5.3939,0,0,6.8800
96647,4.1293,21.1253,34.6345,-2.8109,-1.0900,0.7737,3.6221,4.5611,79.5984,-9999.0000,83.9526,-9999.0000,0.9306,-9999.0000,-1.8407,0,0,6.8900
96648,6.8148,18.1549,31.1227,2.7468,-0.8618,-0.6444,3.6224,4.2927,79.4818,-9999.0000,83.9156,-9999.0000,1.9100,-9999.0000,0.7042,0,0,6.9000
96649,11.4562,22.3445,36.2275,0.5574,-1.1685,1.3273,3.6146,5.5813,79.3504,-9999.0000,83.8820,-9999.0000,3.7984,-9999.0000,-1.8759,0,0,6.9100
96650,15.0580,14.1283,44.9702,-0.7419,1.1959,0.7052,3.6137,7.5480,79.2209,-9999.0000,83.8724,-9999.0000,5.2540,-9999.0000,-1.2820,0,0,6.9200
96651,6.6231,19.7035,36.4400,-3.7042,-0.1036,0.3775,3.6176,5.2455,79.0734,-9999.0000,83.8618,-9999.0000,4.0521,-9999.0000,5.7482,0,0,6.9300
96652,6.8078,17.8081,42.9974,2.5509,-0.5701,0.3740,3.6068,6.3306,78.9094,-9999.0000,83.8307,-9999.0000,2.9398,-9999.0000,7.8247,0,0,6.9500
96653,10.0798,14.2811,37.8060,-5.8197,-0.6669,1.2646,3.5982,6.6950,78.7359,-9999.0000,83.8034,-9999.0000,3.6432,-9999.0000,-4.3033,0,0,6.9600
96654,7.9253,15.9059,43.6620,0.4827,-0.8840,0.3137,3.5970,9.9128,78.5694,-9999.0000,83.7862,-9999.0000,2.6799,-9999.0000,1.5388,0,0,6.9700
96655,9.0784,17.3791,40.7952,-0.3752,0.9844,1.7691,3.5926,5.2685,78.4155,-9999.0000,83.7695,-9999.0000,4.1467,-9999.0000,4.1056,0,0,6.9800
96656,7.1569,18.9331,35.7817,2.1152,-1.4676,1.7223,3.5925,5.8997,78.2308,-9999.0000,83.7385,-9999.0000,5.0883,-9999.0000,-5.4102,0,0,6.9900
96657,7.5369,13.6808,35.2084,-3.4999,1.9874,1.0796,3.5870,7.1816,78.0504,-9999.0000,83.7020,-9999.0000,3.3741,-9999.0000,-5.7853,0,0,7.0000
96658,4.3256,9.3122,28.1849,-5.1206,-0.2717,-0.0968,3.5771,7.5790,77.8730,-9999.0000,83.6728,-9999.0000,2.1169,-9999.0000,-3.1665,0,0,7.0200
96659,7.5218,13.1899,17.8735,-2.3744,-0.8237,-0.5262,3.5734,4.2611,77.7116,-9999.0000,83.6318,-9999.0000,3.1335,-9999.0000,-2.7712,0,0,7.0300
96660,4.0969,7.9161,20.8538,-6.9682,0.0061,-0.4941,3.5756,0.9439,77.5548,-9999.0000,83.6013,-9999.0000,3.1987,-9999.0000,-7.5740,0,0,7.0400
96661,1.1560,6.2933,9.8477,-1.9402,-1.3910,-0.3846,3.5728,4.4990,77.4226,-9999.0000,83.5770,-9999.0000,0.8077,-9999.0000,-4.1743,0,0,7.0500
96662,-4.9104,4.0909,14.9858,-7.1954,-1.3785,-0.4601,3.5715,13.3940,77.3055,-9999.0000,83.5603,-9999.0000,-0.8071,-9999.0000,11.6691,0,0,7.0600
96663,-0.6442,4.5276,10.8938,0.8538,-0.8982,0.6886,3.5691,16.0980,77.2103,-9999.0000,83.5414,-9999.0000,-1.2395,-9999.0000,-7.2716,0,0,7.0700
96664,-0.0513,3.9882,9.5257,-4.7583,-1.1957,0.1925,3.5700,8.3473,77.1065,-9999.0000,83.4979,-9999.0000,-1.1308,-9999.0000,-7.6026,0,0,7.0900
96665,-0.9114,2.4476,9.5139,-1.8663,-1.2669,-0.7305,3.5735,6.4201,77.0145,-9999.0000,83.4622,-9999.0000,-1.1959,-9999.0000,-5.4298,0,0,7.1000
96666,-1.8331,2.9322,12.5504,-2.2441,-0.0630,-0.0564,3.5712,4.7046,76.9363,-9999.0000,83.4415,-9999.0000,-0.5300,-9999.0000,-6.0967,0,0,7.1100
96667,-0.3629,4.2404,14.2600,-2.8957,-1.8844,0.7399,3.5690,4.4418,76.8699,-9999.0000,83.4216,-9999.0000,-1.1306,-9999.0000,-1.7139,0,0,7.1200
96668,2.4993,5.3395,9.6060,-6.5165,0.4443,-0.3766,3.5712,4.2985,76.8017,-9999.0000,83.3936,-9999.0000,-1.5842,-9999.0000,-4.3153,0,0,7.1300
96669,0.7485,4.7028,9.4261,5.6299,0.6154,-0.6662,3.5696,9.7795,76.7394,-9999.0000,83.3591,-9999.0000,-0.6018,-9999.0000,4.5307,0,0,7.1400
96670,2.0578,5.2968,10.0572,-1.1971,-0.0890,-0.0143,3.5658,7.7412,76.6952,-9999.0000,83.3234,-9999.0000,-0.6677,-9999.0000,-0.1260,0,0,7.1600
96671,1.2267,4.7983,13.4589,-5.6906,0.5017,-0.1438,3.5606,8.6863,76.6703,-9999.0000,83.3010,-9999.0000,-0.6724,-9999.0000,-1.3087,0,0,7.1700
96672,1.1111,7.4940,13.8982,-4.9940,-1.9263,-0.2788,3.5509,9.6037,76.6636,-9999.0000,83.2797,-9999.0000,-1.2176,-9999.0000,-4.9725,0,0,7.1800
96673,2.9840,6.6859,15.8557,0.4773,1.0510,0.3957,3.5464,7.5897,76.6539,-9999.0000,83.2636,-9999.0000,-0.8509,-9999.0000,-4.1901,0,0,7.1900
96674,3.9970,6.3658,25.8036,1.1681,2.0126,-0.6481,3.5447,3.6415,76.6375,-9999.0000,83.2382,-9999.0000,-0.2143,-9999.0000,-0.1709,0,0,7.2000
96675,5.0890,6.4969,17.2103,-3.3726,-0.2865,-0.3762,3.5454,8.9794,76.6368,-9999.0000,83.2216,-9999.0000,-0.2071,-9999.0000,1.9771,0,0,7.2100
96676,3.9462,5.1848,19.6514,-8.1208,-0.1844,-0.5934,3.5445,7.0388,76.6345,-9999.0000,83.1985,-9999.0000,-0.2744,-9999.0000,-5.4918,0,0,7.2300
96677,11.1474,7.8522,23.8210,-5.1527,-2.1776,-0.8145,3.5455,7.2015,76.6477,-9999.0000,83.1937,-9999.0000,-0.4663,-9999.0000,-5.7690,0,0,7.2400
96678,7.0533,11.0143,22.2626,2.5966,0.3653,-0.4603,3.5412,25.6108,76.6727,-9999.0000,83.1844,-9999.0000,0.2871,-9999.0000,0.6640,0,0,7.2500
96679,5.7045,6.3259,17.8733,1.8679,5.0107,0.3818,3.5401,13.0789,76.7334,-9999.0000,83.1843,-9999.0000,0.2833,-9999.0000,2.3793,0,0,7.2600
96680,5.9836,8.6208,21.5917,3.7766,-2.1279,0.3350,3.5335,9.5556,76.8157,-9999.0000,83.1862,-9999.0000,-0.3568,-9999.0000,-2.9040,0,0,7.2700
96681,4.7127,4.2622,18.7977,2.3816,-0.9376,0.0859,3.5279,10.7268,76.9073,-9999.0000,83.1882,-9999.0000,-0.6550,-9999.0000,0.7401,0,0,7.2800
96682,6.7250,5.1044,19.4739,-2.3670,-0.8130,-0.0941,3.5233,11.5965,76.9895,-9999.0000,83.2059,-9999.0000,-0.2490,-9999.0000,-3.4322,0,0,7.3000
96683,9.0541,4.8742,24.7284,-3.1112,-0.5483,-0.1199,3.5157,8.7478,77.0862,-9999.0000,83.2315,-9999.0000,-1.0362,-9999.0000,-0.9425,0,0,7.3100
96684,4.1947,3.5784,17.4111,3.0756,0.3406,-0.1754,3.5110,5.0274,77.2096,-9999.0000,83.2670,-9999.0000,-1.1138,-9999.0000,-12.5727,0,0,7.3200
96685,11.4299,3.6413,18.2759,-5.3375,-1.9717,-0.4626,3.5104,6.5867,77.3513,-9999.0000,83.3173,-9999.0000,-0.7523,-9999.0000,4.1945,0,0,7.3300
96686,4.4105,2.9877,17.9699,-4.7173,1.1007,0.4646,3.5064,6.6105,77.4828,-9999.0000,83.3756,-9999.0000,-1.0331,-9999.0000,-6.6837,0,0,7.3400
96687,5.7969,3.9602,18.6889,-4.5445,0.5102,0.3263,3.5102,4.9938,77.6194,-9999.0000,83.4385,-9999.0000,-1.0243,-9999.0000,-0.1654,0,0,7.3500
96688,3.5122,3.9823,23.0626,1.0797,-0.4805,-1.0894,3.5104,5.2145,77.7682,-9999.0000,83.5181,-9999.0000,-0.6214,-9999.0000,7.0129,0,0,7.3700
96689,6.7364,4.4814,20.0213,-4.2560,-1.0974,-0.4796,3.5054,8.0082,77.9364,-9999.0000,83.5990,-9999.0000,-0.1914,-9999.0000,-6.5189,0,0,7.3800
96690,3.8382,3.9486,16.8450,-1.4175,-0.7035,0.8626,3.4909,10.6275,78.0892,-9999.0000,83.6807,-9999.0000,-0.1626,-9999.0000,4.7092,0,0,7.3900
96691,5.1922,3.8603,22.1729,-5.3292,-0.1176,0.5722,3.4898,7.7685,78.2505,-9999.0000,83.7621,-9999.0000,0.6390,-9999.0000,-4.7090,0,0,7.4000
96692,4.5717,3.2809,17.2711,-0.2814,-0.9215,0.0775,3.4904,-15.4706,78.4068,-9999.0000,83.8366,-9999.0000,-0.0096,-9999.0000,-3.4378,0,0,7.4100
96693,3.6437,3.0332,18.2972,-4.0881,-0.2311,0.1231,3.4879,5.0112,78.5777,-9999.0000,83.9228,-9999.0000,-0.6117,-9999.0000,-3.4368,0,0,7.4200
96694,5.6151,8.0912,15.9469,2.5340,-2.0907,0.1303,3.4848,2.1506,78.7403,-9999.0000,84.0074,-9999.0000,-0.1254,-9999.0000,-9999.0000,0,0,7.4400
96695,7.5915,6.6099,16.7910,-5.2274,1.2628,-0.4212,3.4826,5.0263,78.8954,-9999.0000,84.0966,-9999.0000,-0.1124,-9999.0000,-9999.0000,0,0,7.4500
96696,4.8818,3.6684,18.6219,2.6425,-1.4323,-0.1789,3.4838,7.0062,79.0651,-9999.0000,84.1766,-9999.0000,0.0162,-9999.0000,-9999.0000,0,0,7.4600
96697,3.7685,4.0597,17.1295,-1.0402,-2.3403,-0.3452,3.4859,6.2555,79.2241,-9999.0000,84.2657,-9999.0000,-0.5034,-9999.0000,-9999.0000,0,0,7.4700
96698,3.3244,4.1408,16.0302,-2.6358,-0.1663,-0.5124,3.4870,10.9924,79.3859,-9999.0000,84.3520,-9999.0000,-0.3626,-9999.0000,-9999.0000,0,0,7.4800
96699,4.1758,8.2308,15.5558,-0.4126,2.7324,0.0709,3.4822,9.0590,79.5371,-9999.0000,84.4480,-9999.0000,-0.5323,-9999.0000,-9999.0000,0,0,7.4900
96700,7.8406,6.0163,21.2494,-4.8771,1.3913,0.2142,3.4756,5.6680,79.6844,-9999.0000,84.5526,-9999.0000,-0.3138,-9999.0000,-9999.0000,0,0,7.5100
96701,4.5155,6.0538,21.0675,-4.8797,2.0282,0.0624,3.4659,5.7805,79.8185,-9999.0000,84.6421,-9999.0000,-0.2356,-9999.0000,-9999.0000,0,0,7.5200
96702,14.5117,11.9130,17.0352,-9999.0000,2.0253,0.0614,3.4617,4.8787,79.9540,-9999.0000,84.7148,-9999.0000,-0.7727,-9999.0000,-9999.0000,0,0,7.5300
96703,9.1000,20.2758,18.0010,-9999.0000,-9999.0000,-9999.0000,3.4555,6.0452,80.0820,-9999.0000,84.7847,-9999.0000,-1.0173,-9999.0000,-9999.0000,0,0,7.5400
96704,5.1605,3.1886,12.5526,-9999.0000,-9999.0000,-9999.0000,3.4530,0.7937,80.2078,-9999.0000,84.8731,-9999.0000,2.2768,-9999.0000,-9999.0000,0,0,7.5500
96705,2.4559,3.1211,13.4570,-9999.0000,-9999.0000,-9999.0000,3.4473,11.0844,80.3293,-9999.0000,84.9712,-9999.0000,6.8557,-9999.0000,-9999.0000,0,0,7.5600
96706,3.0358,2.9450,13.1914,-9999.0000,-9999.0000,-9999.0000,3.4419,52.5762,80.4198,-9999.0000,85.0663,-9999.0000,-0.3523,-9999.0000,-3.2608,0,0,7.5800
96707,3.8714,2.2121,12.8986,-9999.0000,-9999.0000,-9999.0000,3.4419,2.1793,80.5035,-9999.0000,85.1523,-9999.0000,-0.9335,-9999.0000,-0.4695,0,0,7.5900
96708,4.1651,1.6747,13.1277,-9999.0000,-9999.0000,-9999.0000,3.4406,2.2456,80.5688,-9999.0000,85.2530,-9999.0000,-0.8825,-9999.0000,1.5768,0,0,7.6000
96709,3.1106,1.7018,13.7384,-9999.0000,-9999.0000,-9999.0000,3.4417,4.6260,80.6535,-9999.0000,85.3543,-9999.0000,-0.9699,-9999.0000,-1.6633,0,0,7.6100
96710,3.6520,4.0018,12.2812,-9999.0000,-9999.0000,-9999.0000,3.4372,1.1734,80.7046,-9999.0000,85.4653,-9999.0000,-0.8525,-9999.0000,-4.1436,0,0,7.6200
96711,4.3086,5.0473,13.1603,-9999.0000,-9999.0000,-9999.0000,3.4336,1.7340,80.7499,-9999.0000,85.5456,-9999.0000,-0.4888,-9999.0000,5.2291,0,0,7.6300
96712,8.3569,3.7262,14.5679,-9999.0000,-9999.0000,-9999.0000,3.4336,1.6282,80.7735,-9999.0000,85.6242,-9999.0000,-0.2210,-9999.0000,0.3935,0,0,7.6500
96713,4.0212,2.8038,12.5136,-9999.0000,-9999.0000,-9999.0000,3.4359,1.0177,80.7842,-9999.0000,85.6898,-9999.0000,-0.4370,-9999.0000,1.0039,0,0,7.6600
96714,3.2592,3.0590,15.1224,5.7025,-9999.0000,-9999.0000,3.4335,2.3456,80.7942,-9999.0000,85.7627,-9999.0000,-0.3785,-9999.0000,-5.9841,0,0,7.6700
96715,3.6681,4.3283,14.5917,2.3322,-0.8846,-0.0844,3.4324,2.9805,80.7904,-9999.0000,85.8322,-9999.0000,-0.4939,-9999.0000,3.2106,0,0,7.6800
96716,6.6274,3.5431,14.0474,2.8482,-1.3854,-0.1290,3.4285,10.0361,80.7914,-9999.0000,85.9005,-9999.0000,-0.8045,-9999.0000,2.1210,0,0,7.6900
96717,4.2033,2.7319,13.3840,-1.3181,-0.2673,-1.1480,3.4292,2.9336,80.7925,-9999.0000,85.9809,-9999.0000,-0.6686,-9999.0000,-4.8721,0,0,7.7000
