Data/Raw/WAGNER,NICK/firexaq-AOP-optical_DC8_20190821_R1.ict
51, 1001
Wagner, Nicholas L.
NOAA Earth System Research Laboratory
NOAA AOP instrument
FIREX-AQ
1, 1
2019, 08, 21, 2020, 04, 27
1
Time_start, seconds_past_midnight, seconds from midnight
18
1, 1, 1, 1, 1, 1, 1, 1, 1, 1, 1, 1, 1, 1, 1, 1, 1, 1
-9999, -9999, -9999, -9999, -9999, -9999, -9999, -9999, -9999, -9999, -9999, -9999, -9999, -9999, -9999, -9999, -9999, -9999
ext_dry_664, Mm-1, AerOpt_Extinction_InSitu_RHd_red_Total_PM2.5_STP
ext_dry_532, Mm-1, AerOpt_Extinction_InSitu_RHd_green_Total_PM2.5_STP
ext_dry_405, Mm-1, AerOpt_Extinction_InSitu_RHd_blue_Total_PM2.5_STP
abs_dry_664, Mm-1, AerOpt_Absorption_InSitu_RHd_red_Total_PM2.5_STP
abs_dry_532, Mm-1, AerOpt_Absorption_InSitu_RHd_green_Total_PM2.5_STP
abs_dry_405, Mm-1, AerOpt_Absorption_InSitu_RHd_blue_Total_PM2.5_STP
AOP_RH_dry, pct, Relative_humidity_of_dry_RH_channels
ext_medRH_664, Mm-1, AerOpt_Extinction_InSitu_RH80_red_Total_PM2.5_STP
AOP_RH_med, pct, Relative_humidity_of_medium_RH_channel
ext_highRH_664, Mm-1, AerOpt_Extinction_InSitu_RH85_red_Total_PM2.5_STP
AOP_RH_high, pct, Relative_humidity_of_high_RH_channel
ext_TD_664, Mm-1, AerOpt_ExtinctionTD_InSitu_RHd_blue_Total_PM2.5_STP
ext_TD_405, Mm-1, AerOpt_ExtinctionTD_InSitu_RHd_red_Total_PM2.5_STP
abs_TD_664, Mm-1, AerOpt_Absorption_InSitu_RHd_red_Total_PM2.5_STP
abs_TD_405, Mm-1, AerOpt_Absorption_InSitu_RHd_blue_Total_PM2.5_STP
AOP_TD_bypass_flag, pct, Flag_for_TD_Bypass_valve
AOP_filter_flag, pct, Flag_for_Filter_Valve
AOP_Dilution_ratio, pct, Applied_Dilution_Ratio_for_ext_channels
1
N/A
18
PI_CONTACT_INFO: Address: NOAA ESRL Chemical Sciences Division, R/CSD2, 325 Broadway, Boulder, CO 80305. Email: nick.wagner@noaa.gov.
PLATFORM: NASA DC8
LOCATION: See the DC8 MetNav file, Based in Boise (BOI) and Salina, KS
ASSOCIATED_DATA: N/A
[...]
DATA_INFO: Mm-1:
UNCERTAINTY: The precision of the extinction measurements varies with aerosol loading and is +/-20% at 10 Mm-1 and +/-5% at 100 Mm-1. The accuracy of the dry measurement is +/-2% and depends on RH for the humidified measurements, +/-5% at 85% RH and +/-15% at 90% RH. For more details, see Langridge et al., Aerosol Science and Technology 45:1305-1318, 2011. Analysis of comparable measurements suggest incomplete mixing in the dilution system. Effective dilution for individual instruments can vary by +/- 30% compared to the reported flow-based dilution estimate. The absorption measurements have a high signal accuracy of 20%. The low signal precision varies with altitude and flight to flight, and is typically less than 10 Mm-1 for 1 second measurements.
ULOD_FLAG: -7777
ULOD_VALUE: N/A
LLOD_FLAG: -8888
LLOD_VALUE: N/A
DM_CONTACT_INFO: Gao Chen
PROJECT_INFO: FIREX-AQ
STIPULATIONS_ON_USE: NASA Data Policy. Contact with PI is encouraged.
OTHER_COMMENTS: N/A
REVISION: R1
R1: Absorption measurements have been corrected for pressure dependent microphone sensitivity. In-cloud data has been removed. R0: Final Data. 
Time_start, ext_dry_664, ext_dry_532, ext_dry_405, abs_dry_664, abs_dry_532, abs_dry_405, AOP_RH_dry, ext_medRH_664, AOP_RH_med, ext_highRH_664, AOP_RH_high, ext_TD_664, ext_TD_405, abs_TD_664, abs_TD_405, AOP_TD_bypass_flag, AOP_filter_flag, AOP_Dilution_ratio
[from data line 22051]
76339,0.4244,1.7087,16.0494,-9999.0000,1.1532,0.3823,30.9695,2.4270,83.3157,14.5961,86.5180,-1.0104,0.4142,-9999.0000,-9999.0000,0,0,1.0000
76340,1.3705,1.4567,15.1563,-9999.0000,4.3152,0.4283,30.9622,1.8767,83.3495,13.7277,86.5042,-0.7574,-0.1406,-9999.0000,-9999.0000,0,0,1.0000
76341,-9999.0000,-9999.0000,-9999.0000,-9999.0000,-9999.0000,-9999.0000,30.9580,-9999.0000,83.3927,-9999.0000,86.4976,-9999.0000,-9999.0000,-9999.0000,-9999.0000,0,0,1.0000
76342,-9999.0000,-9999.0000,-9999.0000,-9999.0000,-9999.0000,-9999.0000,30.9617,-9999.0000,83.4427,-9999.0000,86.4946,-9999.0000,-9999.0000,-9999.0000,-9999.0000,0,0,1.0000
76343,-9999.0000,-9999.0000,-9999.0000,-9999.0000,-9999.0000,-9999.0000,30.9547,-9999.0000,83.4688,-9999.0000,86.4873,-9999.0000,-9999.0000,-9999.0000,-9999.0000,0,0,1.0000
76344,-9999.0000,-9999.0000,-9999.0000,-9999.0000,-9999.0000,-9999.0000,30.9529,-9999.0000,83.5008,-9999.0000,86.4883,-9999.0000,-9999.0000,-9999.0000,-9999.0000,0,0,1.0000
76345,-9999.0000,-9999.0000,-9999.0000,-9999.0000,-9999.0000,-9999.0000,30.9637,-9999.0000,83.5330,-9999.0000,86.5122,-9999.0000,-9999.0000,-9999.0000,-9999.0000,0,0,1.0000
76346,-9999.0000,-9999.0000,-9999.0000,-9999.0000,-9999.0000,-9999.0000,30.9637,-9999.0000,83.5735,-9999.0000,86.5428,-9999.0000,-9999.0000,-9999.0000,-9999.0000,0,0,1.0000
76347,-9999.0000,-9999.0000,-9999.0000,-9999.0000,-9999.0000,-9999.0000,30.9706,-9999.0000,83.6221,-9999.0000,86.5925,-9999.0000,-9999.0000,-9999.0000,-9999.0000,0,0,1.0000
76348,-9999.0000,-9999.0000,-9999.0000,-9999.0000,-9999.0000,-9999.0000,30.9709,-9999.0000,83.6477,-9999.0000,86.6412,-9999.0000,-9999.0000,-9999.0000,-9999.0000,0,0,1.0000
76349,-9999.0000,-9999.0000,-9999.0000,-9999.0000,-9999.0000,-9999.0000,30.9723,-9999.0000,83.6662,-9999.0000,86.7012,-9999.0000,-9999.0000,-9999.0000,-9999.0000,0,0,1.0000
76350,-9999.0000,-9999.0000,-9999.0000,-9999.0000,-9999.0000,-9999.0000,30.9502,-9999.0000,83.6792,-9999.0000,86.7655,-9999.0000,-9999.0000,-9999.0000,-9999.0000,0,0,1.0000
76351,-9999.0000,-9999.0000,-9999.0000,-9999.0000,-9999.0000,-9999.0000,30.9515,-9999.0000,83.6907,-9999.0000,86.8228,-9999.0000,-9999.0000,-9999.0000,-9999.0000,0,0,1.0000
76352,-9999.0000,-9999.0000,-9999.0000,-9999.0000,-9999.0000,-9999.0000,30.9424,-9999.0000,83.6917,-9999.0000,86.8763,-9999.0000,-9999.0000,-9999.0000,-9999.0000,0,0,1.0000
76353,-9999.0000,-9999.0000,-9999.0000,-9999.0000,-9999.0000,-9999.0000,30.9390,-9999.0000,83.6883,-9999.0000,86.9307,-9999.0000,-9999.0000,-9999.0000,-9999.0000,0,0,1.0000
76354,-9999.0000,-9999.0000,-9999.0000,-9999.0000,-9999.0000,-9999.0000,30.9391,-9999.0000,83.6895,-9999.0000,86.9911,-9999.0000,-9999.0000,-9999.0000,-9999.0000,0,0,1.0000
76355,-9999.0000,-9999.0000,-9999.0000,-9999.0000,-9999.0000,-9999.0000,30.9404,-9999.0000,83.6850,-9999.0000,87.0539,-9999.0000,-9999.0000,-9999.0000,-9999.0000,0,0,1.0000
76356,-9999.0000,-9999.0000,-9999.0000,-9999.0000,-9999.0000,-9999.0000,30.9388,-9999.0000,83.6766,-9999.0000,87.1016,-9999.0000,-9999.0000,-9999.0000,-9999.0000,0,0,1.0000
76357,-9999.0000,-9999.0000,-9999.0000,-9999.0000,-9999.0000,-9999.0000,30.9467,-9999.0000,83.6409,-9999.0000,87.1374,-9999.0000,-9999.0000,-9999.0000,-9999.0000,0,0,1.0000
76358,-9999.0000,-9999.0000,-9999.0000,-9999.0000,-9999.0000,-9999.0000,30.9498,-9999.0000,83.5801,-9999.0000,87.1854,-9999.0000,-9999.0000,-9999.0000,-9999.0000,0,0,1.0000
76359,-9999.0000,-9999.0000,-9999.0000,-9999.0000,-9999.0000,-9999.0000,30.9510,-9999.0000,83.5047,-9999.0000,87.2320,-9999.0000,-9999.0000,-9999.0000,-9999.0000,0,0,1.0000
76360,-9999.0000,-9999.0000,-9999.0000,-9999.0000,-9999.0000,-9999.0000,30.9566,-9999.0000,83.4015,-9999.0000,87.2634,-9999.0000,-9999.0000,-9999.0000,-9999.0000,0,0,1.0000
76361,-9999.0000,-9999.0000,-9999.0000,-9999.0000,-9999.0000,-9999.0000,30.9473,-9999.0000,83.3075,-9999.0000,87.3039,-9999.0000,-9999.0000,-9999.0000,-9999.0000,0,0,1.0000
76362,-9999.0000,-9999.0000,-9999.0000,-9999.0000,-9999.0000,-9999.0000,30.9406,-9999.0000,83.1631,-9999.0000,87.3428,-9999.0000,-9999.0000,-9999.0000,-9999.0000,0,0,1.0000
76363,-9999.0000,-9999.0000,-9999.0000,-9999.0000,-9999.0000,-9999.0000,30.9495,-9999.0000,83.0208,-9999.0000,87.3859,-9999.0000,-9999.0000,-9999.0000,-9999.0000,0,0,1.0000
76364,-9999.0000,-9999.0000,-9999.0000,-9999.0000,-9999.0000,-9999.0000,30.9510,-9999.0000,82.8655,-9999.0000,87.4062,-9999.0000,-9999.0000,-9999.0000,-9999.0000,0,0,1.0000
76365,-9999.0000,-9999.0000,-9999.0000,-9999.0000,-9999.0000,-9999.0000,30.9532,-9999.0000,82.7449,-9999.0000,87.4246,-9999.0000,-9999.0000,-9999.0000,-9999.0000,0,0,1.0000
76366,-9999.0000,-9999.0000,-9999.0000,-9999.0000,-9999.0000,-9999.0000,30.9521,-9999.0000,82.6140,-9999.0000,87.4423,-9999.0000,-9999.0000,-9999.0000,-9999.0000,0,0,1.0000
76367,-9999.0000,-9999.0000,-9999.0000,-9999.0000,-9999.0000,-9999.0000,30.9510,-9999.0000,82.4667,-9999.0000,87.4518,-9999.0000,-9999.0000,-9999.0000,-9999.0000,0,0,1.0000
76368,-9999.0000,-9999.0000,-9999.0000,-9999.0000,-9999.0000,-9999.0000,30.9528,-9999.0000,82.3197,-9999.0000,87.4577,-9999.0000,-9999.0000,-9999.0000,-9999.0000,0,0,1.0000
76369,-9999.0000,-9999.0000,-9999.0000,-9999.0000,-9999.0000,-9999.0000,30.9535,-9999.0000,82.2015,-9999.0000,87.4648,-9999.0000,-9999.0000,-9999.0000,-9999.0000,0,0,1.0000
76370,-9999.0000,-9999.0000,-9999.0000,-9999.0000,-9999.0000,-9999.0000,30.9613,-9999.0000,82.0823,-9999.0000,87.4712,-9999.0000,-9999.0000,-9999.0000,-9999.0000,0,0,1.0000
76371,-9999.0000,-9999.0000,-9999.0000,-9999.0000,-9999.0000,-9999.0000,30.9740,-9999.0000,81.9758,-9999.0000,87.4784,-9999.0000,-9999.0000,-9999.0000,-9999.0000,0,0,1.0000
76372,-9999.0000,-9999.0000,-9999.0000,-9999.0000,-9999.0000,-9999.0000,30.9798,-9999.0000,81.8831,-9999.0000,87.4847,-9999.0000,-9999.0000,-9999.0000,-9999.0000,0,0,1.0000
76373,-9999.0000,-9999.0000,-9999.0000,-9999.0000,-9999.0000,-9999.0000,30.9948,-9999.0000,81.7890,-9999.0000,87.4924,-9999.0000,-9999.0000,-9999.0000,-9999.0000,0,0,1.0000
76374,0.6274,1.9737,8.3771,-9999.0000,-3.6287,-0.2392,31.0005,2.4559,81.6890,10.4124,87.5021,1.0981,0.1545,-9999.0000,-9999.0000,0,0,1.0000
76375,0.9509,1.6378,7.4093,-9999.0000,0.5969,1.4701,31.0036,3.4560,81.5840,9.6829,87.5054,0.0078,-0.1509,-9999.0000,-9999.0000,0,0,1.0000
76376,1.0480,2.6549,7.6499,-9999.0000,-1.3336,0.0082,31.0040,2.1664,81.4979,8.3200,87.5127,-0.1897,0.1209,-9999.0000,-9999.0000,0,0,1.0000
76377,0.5665,1.4117,7.2857,-9999.0000,5.1377,0.2350,31.0107,1.5863,81.4318,9.5083,87.5197,-0.4384,0.1034,-9999.0000,-9999.0000,0,0,1.0000
76378,1.0815,1.3932,8.2848,-9999.0000,4.3412,-0.5140,31.0234,1.8847,81.3775,12.3447,87.5367,-0.1501,0.2564,-9999.0000,-9999.0000,0,0,1.0000
76379,1.5674,1.6284,7.0300,-9999.0000,0.6383,0.2189,31.0211,2.1324,81.3400,10.0205,87.5479,-0.3350,0.2563,-9999.0000,-9999.0000,0,0,1.0000
76380,3.3482,1.8869,8.0618,-9999.0000,-3.4317,0.1426,31.0206,1.9598,81.3067,9.6747,87.5547,1.3520,0.1203,-9999.0000,-9999.0000,0,0,1.0000
76381,3.1616,2.2292,8.2095,-9999.0000,1.0445,-0.3568,31.0209,1.9147,81.2881,8.3652,87.5559,1.5696,0.5880,-9999.0000,-9999.0000,0,0,1.0000
76382,1.2493,2.2530,8.4739,-9999.0000,1.0562,0.1429,31.0222,2.3210,81.2729,9.0540,87.5602,4.2881,0.3736,-9999.0000,-9999.0000,0,0,1.0000
76383,1.5374,2.5789,7.3282,-9999.0000,-1.0294,0.2888,31.0282,2.1972,81.2608,8.1934,87.5635,0.2909,0.2723,-9999.0000,-9999.0000,0,0,1.0000
76384,1.4168,1.6108,7.7349,-9999.0000,3.5519,0.2300,31.0256,3.2533,81.2560,7.9364,87.5654,-0.1916,0.1069,-9999.0000,-9999.0000,0,0,1.0000
76385,2.1102,2.0122,7.5029,-9999.0000,-0.3303,0.0006,31.0183,3.9075,81.2473,9.1785,87.5558,-0.2963,-0.1401,-9999.0000,-9999.0000,0,0,1.0000
76386,0.8629,1.8424,8.1995,-9999.0000,2.6186,0.5159,31.0231,1.9959,81.2544,10.6289,87.5567,-0.2262,0.4125,-9999.0000,-9999.0000,0,0,1.0000
76387,1.3725,2.0661,7.3028,-9999.0000,3.1240,-0.0798,31.0231,6.0404,81.2771,10.4948,87.5491,-0.5669,0.1835,-9999.0000,-9999.0000,0,0,1.0000
76388,0.9360,1.5873,6.5238,-9999.0000,4.1748,0.2603,31.0160,2.1027,81.3172,12.8060,87.5421,-0.1251,0.3815,-9999.0000,-9999.0000,0,0,1.0000
76389,1.0610,1.8632,5.7903,-9999.0000,-2.2080,0.4119,31.0156,3.2797,81.3787,7.9286,87.5291,-0.1406,0.5120,-9999.0000,-9999.0000,0,0,1.0000
76390,0.9118,1.6417,7.4555,-9999.0000,-0.1677,0.0949,31.0160,2.7134,81.4421,7.5015,87.5067,-0.1418,-0.2665,-9999.0000,-9999.0000,0,0,1.0000
76391,1.7504,1.8065,10.0248,-9999.0000,-0.6836,0.8012,31.0175,2.3071,81.5011,7.9155,87.4734,-0.4133,0.3517,-9999.0000,-9999.0000,0,0,1.0000
76392,1.7710,1.6974,7.5147,-9999.0000,3.7794,-0.1677,31.0217,2.0161,81.5728,8.9657,87.4444,-0.4868,-0.0364,-9999.0000,-9999.0000,0,0,1.0000
76393,1.5860,1.7808,7.4687,-9999.0000,1.9795,1.3527,31.0190,2.3514,81.6327,9.0303,87.4106,-0.1573,0.4384,-9999.0000,-9999.0000,0,0,1.0000
76394,0.9142,1.5717,7.6884,-9999.0000,1.7287,0.3259,31.0181,3.2588,81.7102,11.4417,87.3814,-0.2788,0.2842,-9999.0000,-9999.0000,0,0,1.0000
76395,1.2541,2.1507,8.2958,-9999.0000,5.0719,-0.6843,31.0243,2.2751,81.7949,7.9286,87.3421,-0.2903,-0.0325,-9999.0000,-9999.0000,0,0,1.0000
76396,1.2430,2.0066,7.5700,-9999.0000,-0.1025,-0.5988,31.0224,2.2792,81.8699,7.8305,87.2860,0.1173,0.3027,-9999.0000,-9999.0000,0,0,1.0000
76397,0.7162,1.8086,6.5396,-9999.0000,1.8640,0.6888,31.0313,2.7988,81.9277,14.5283,87.2480,0.7792,-0.1542,-9999.0000,-9999.0000,0,0,1.0000
76398,2.0733,2.0454,7.0673,-9999.0000,2.1764,0.1578,31.0300,2.4602,81.9757,16.9210,87.2131,0.3002,-0.4000,-9999.0000,-9999.0000,0,0,1.0000
76399,0.7093,5.0114,8.0155,-9999.0000,0.2370,-0.1131,31.0286,3.8247,82.0351,13.8115,87.1804,-0.2774,0.2135,-9999.0000,-9999.0000,0,0,1.0000
76400,1.0125,2.4239,8.3857,-9999.0000,-0.6926,0.7191,31.0394,4.5167,82.0895,10.3892,87.1481,0.6453,0.0289,-9999.0000,-9999.0000,0,0,1.0000
76401,1.2269,2.9276,8.0027,-9999.0000,4.1601,0.1978,31.0446,5.2743,82.1224,9.2607,87.1104,3.8126,0.4052,-9999.0000,-9999.0000,0,0,1.0000
76402,1.1927,3.1977,9.1619,-9999.0000,-3.7506,0.3177,31.0476,3.6174,82.1504,8.0592,87.0850,0.4216,-0.0079,-9999.0000,-9999.0000,0,0,1.0000
76403,1.0703,2.3009,9.4764,-9999.0000,-5.8257,0.0724,31.0494,5.3636,82.1799,9.3416,87.0543,-0.2806,0.2768,-9999.0000,-9999.0000,0,0,1.0000
76404,1.1340,2.6198,8.7955,-9999.0000,5.5154,0.4381,31.0547,4.1547,82.2180,8.3961,87.0329,0.0414,0.0153,-9999.0000,-9999.0000,0,0,1.0000
76405,0.6776,2.2817,7.3241,-9999.0000,-2.0081,0.3001,31.0556,4.3771,82.2511,10.4241,87.0153,-0.3280,-0.3555,-9999.0000,-9999.0000,0,0,1.0000
76406,0.8609,2.1902,7.2387,-9999.0000,0.7647,0.6545,31.0591,3.7718,82.2800,10.3196,87.0123,0.1131,-0.5067,-9999.0000,-9999.0000,0,0,1.0000
76407,1.6149,2.6212,7.6198,-9999.0000,6.3207,-1.6549,31.0541,9.1175,82.2929,7.4726,87.0106,-0.0426,0.1537,-9999.0000,-9999.0000,0,0,1.0000
76408,1.2964,2.8140,7.2684,-9999.0000,2.1220,0.3138,31.0572,4.8118,82.2995,8.2145,86.9987,0.0728,-0.4069,-9999.0000,-9999.0000,0,0,1.0000
76409,1.3720,2.8133,10.2098,-9999.0000,1.3097,0.6880,31.0536,3.9755,82.3035,7.9990,86.9941,-0.2171,0.0461,-9999.0000,-9999.0000,0,0,1.0000
76410,1.4013,2.3403,7.7338,-9999.0000,2.6575,0.7113,31.0483,3.2811,82.3065,10.4703,86.9852,3.6003,0.2313,-9999.0000,-9999.0000,0,0,1.0000
76411,1.2831,2.4709,6.3349,-9999.0000,3.6817,0.8278,31.0501,3.2087,82.3007,8.5381,86.9825,0.4762,-0.0281,-9999.0000,-9999.0000,0,0,1.0000
76412,0.9803,1.6590,6.4895,-9999.0000,-2.6412,1.5187,31.0515,2.2860,82.3037,7.3299,86.9908,-0.1580,0.5915,-9999.0000,-9999.0000,0,0,1.0000
76413,1.1935,2.2803,8.1456,-9999.0000,1.5253,0.0728,31.0422,2.1080,82.2910,9.4661,86.9870,-0.3702,0.0078,-9999.0000,-9999.0000,0,0,1.0000
76414,1.0265,3.7642,7.2141,-9999.0000,-0.4640,1.0601,31.0326,3.2944,82.2668,9.4864,86.9853,-0.2823,0.0015,-9999.0000,-9999.0000,0,0,1.0000
76415,1.1470,3.0094,7.1332,-9999.0000,-1.4379,-0.1571,31.0353,4.7854,82.2293,8.2199,86.9781,-0.2346,0.6497,-9999.0000,-9999.0000,0,0,1.0000
76416,1.5109,2.9233,6.8162,-9999.0000,3.0823,0.2047,31.0352,7.6080,82.1729,13.5633,86.9667,-0.1443,0.3046,-9999.0000,-9999.0000,0,0,1.0000
76417,1.1738,2.5081,7.9737,-9999.0000,2.2466,0.4491,31.0349,2.5944,82.1131,10.5937,86.9598,-0.4138,-0.4319,-9999.0000,-9999.0000,0,0,1.0000
76418,1.3601,2.6173,6.6611,-9999.0000,1.0283,1.3272,31.0291,2.5900,82.0453,10.0335,86.9398,-0.0319,-0.4222,-9999.0000,-9999.0000,0,0,1.0000
76419,3.8438,3.9885,7.1625,-9999.0000,-3.1258,-0.5703,31.0295,2.7551,81.9928,9.0859,86.9165,-0.3672,0.3742,-9999.0000,-9999.0000,0,0,1.0000
76420,1.9234,4.0955,7.4411,-9999.0000,-1.7538,0.5825,31.0300,2.1630,81.9357,10.7113,86.8877,-0.0206,-0.1662,-9999.0000,-9999.0000,0,0,1.0000
76421,1.1420,2.7089,6.0928,-9999.0000,3.5169,0.9584,31.0243,3.9802,81.8622,15.5933,86.8537,-0.1475,-0.2123,-9999.0000,-9999.0000,0,0,1.0000
76422,1.7404,3.4600,6.3065,-9999.0000,2.0837,-0.3321,31.0190,2.2511,81.7844,11.7498,86.8154,-0.1843,-0.2956,-9999.0000,-9999.0000,0,0,1.0000
76423,2.1625,2.1518,6.7482,-9999.0000,1.0065,0.3956,31.0159,3.7224,81.7168,8.3981,86.7599,-0.5614,-0.4030,-9999.0000,-9999.0000,0,0,1.0000
76424,1.9328,2.5297,7.6621,-9999.0000,-1.0140,0.8951,31.0146,2.2328,81.6454,8.8470,86.6991,-0.6302,0.0981,-9999.0000,-9999.0000,0,0,1.0000
76425,1.1492,3.1532,8.3815,-9999.0000,-4.4453,-0.5349,31.0154,2.5335,81.5697,8.8168,86.6486,1.5022,-0.3918,-9999.0000,-9999.0000,0,0,1.0000
76426,1.6044,2.7088,7.6521,-9999.0000,-2.1792,-0.0313,31.0235,1.9624,81.4926,7.7588,86.5919,0.1563,3.6178,-9999.0000,-9999.0000,0,0,1.0000
76427,1.6608,2.8203,6.9431,-9999.0000,-0.0911,1.2447,31.0234,3.3556,81.4057,8.9834,86.5348,-0.0413,1.7616,-9999.0000,-9999.0000,0,0,1.0000
76428,1.9928,2.4593,7.3559,-9999.0000,7.2568,0.7084,31.0208,3.2671,81.3184,6.1440,86.4761,0.0146,0.3178,-9999.0000,-9999.0000,0,0,1.0000
76429,1.6059,2.3694,7.2425,-9999.0000,-2.5954,0.1438,31.0274,2.5908,81.2431,10.4137,86.4132,-0.1761,0.0913,-9999.0000,-9999.0000,0,0,1.0000
76430,1.9430,3.4108,6.5407,-9999.0000,3.1959,0.6397,31.0266,2.0075,81.1744,8.3940,86.3531,-0.0908,-0.0777,-9999.0000,-9999.0000,0,0,1.0000
76431,1.3532,2.1338,5.8379,-9999.0000,-1.1271,0.0672,31.0286,1.8947,81.0975,8.2869,86.3008,0.3238,0.9710,-9999.0000,-9999.0000,0,0,1.0000
76432,1.5317,2.3534,5.2987,-9999.0000,2.9636,0.5752,31.0327,2.8840,81.0097,7.0710,86.2660,1.1748,1.0526,-9999.0000,-9999.0000,0,0,1.0000
76433,1.1251,1.9912,6.3706,-9999.0000,1.3358,-0.1236,31.0427,2.8806,80.9296,6.6927,86.2323,0.1288,-0.0678,-9999.0000,-9999.0000,0,0,1.0000
76434,1.2400,2.7524,7.0044,-9999.0000,-0.7185,0.0252,31.0489,3.7738,80.8743,7.3810,86.2080,-0.5773,-0.3818,-9999.0000,-9999.0000,0,0,1.0000
76435,4.0373,3.0108,7.2281,-9999.0000,6.2296,0.1944,31.0524,2.6231,80.8260,5.9835,86.1852,0.0847,-0.1826,-9999.0000,-9999.0000,0,0,1.0000
76436,3.1324,2.3305,7.0918,-9999.0000,2.8965,0.7834,31.0623,2.5647,80.7894,7.1537,86.1702,-0.1944,-0.3648,-9999.0000,-9999.0000,0,0,1.0000
76437,1.0033,2.1727,8.1166,-9999.0000,-1.1743,0.6749,31.0633,2.4729,80.7525,8.2161,86.1554,-0.2047,0.8781,-9999.0000,-9999.0000,0,0,1.0000
76438,0.7632,1.9399,6.6677,-9999.0000,3.4380,0.7362,31.0668,2.0400,80.7250,9.0077,86.1485,-0.2095,0.1726,-9999.0000,-9999.0000,0,0,1.0000
76439,1.1560,2.1279,6.8449,-9999.0000,-2.0482,-0.2413,31.0700,5.5422,80.6925,7.1554,86.1379,0.0379,0.4270,-9999.0000,-9999.0000,0,0,1.0000
76440,2.3565,1.5767,6.3701,-9999.0000,1.9826,0.6567,31.0666,3.7257,80.6774,9.8667,86.1281,-0.3969,0.2463,-9999.0000,-9999.0000,0,0,1.0000
76441,1.1554,2.7272,4.7055,-9999.0000,3.9568,0.7346,31.0688,2.5817,80.6810,7.3017,86.1292,-0.2794,-0.5100,-9999.0000,-9999.0000,0,0,1.0000
76442,1.3727,2.5590,5.9947,-9999.0000,1.4563,0.0472,31.0712,4.2252,80.6775,8.1329,86.1216,-0.1277,-0.2449,-9999.0000,-9999.0000,0,0,1.0000
76443,1.0345,1.9752,6.0827,-9999.0000,5.3961,-0.3093,31.0693,3.0447,80.6799,7.5408,86.1181,-0.4364,-0.6330,-9999.0000,-9999.0000,0,0,1.0000
76444,1.5797,2.1122,6.2959,-9999.0000,-3.8537,0.8410,31.0660,2.1581,80.6795,7.9022,86.1120,-0.1521,-0.9810,-9999.0000,-9999.0000,0,0,1.0000
