Data/Raw/WAGNER,NICK/firexaq-AOP-optical_DC8_20190823_R1.ict
51, 1001
Wagner, Nicholas L.
NOAA Earth System Research Laboratory
NOAA AOP instrument
FIREX-AQ
1, 1
2019, 08, 23, 2020, 04, 27
1
Time_start, seconds_past_midnight, seconds from midnight
18
1, 1, 1, 1, 1, 1, 1, 1, 1, 1, 1, 1, 1, 1, 1, 1, 1, 1
-9999, -9999, -9999, -9999, -9999, -9999, -9999, -9999, -9999, -9999, -9999, -9999, -9999, -9999, -9999, -9999, -9999, -9999
ext_dry_664, Mm-1, AerOpt_Extinction_InSitu_RHd_red_Total_PM2.5_STP
ext_dry_532, Mm-1, AerOpt_Extinction_InSitu_RHd_green_Total_PM2.5_STP
ext_dry_405, Mm-1, AerOpt_Extinction_InSitu_RHd_blue_Total_PM2.5_STP
abs_dry_664, Mm-1, AerOpt_Absorption_InSitu_RHd_red_Total_PM2.5_STP
abs_dry_532, Mm-1, AerOpt_Absorption_InSitu_RHd_green_Total_PM2.5_STP
abs_dry_405, Mm-1, AerOpt_Absorption_InSitu_RHd_blue_Total_PM2.5_STP
AOP_RH_dry, pct, Relative_humidity_of_dry_RH_channels
ext_medRH_664, Mm-1, AerOpt_Extinction_InSitu_RH80_red_Total_PM2.5_STP
AOP_RH_med, pct, Relative_humidity_of_medium_RH_channel
ext_highRH_664, Mm-1, AerOpt_Extinction_InSitu_RH85_red_Total_PM2.5_STP
AOP_RH_high, pct, Relative_humidity_of_high_RH_channel
ext_TD_664, Mm-1, AerOpt_ExtinctionTD_InSitu_RHd_blue_Total_PM2.5_STP
ext_TD_405, Mm-1, AerOpt_ExtinctionTD_InSitu_RHd_red_Total_PM2.5_STP
abs_TD_664, Mm-1, AerOpt_Absorption_InSitu_RHd_red_Total_PM2.5_STP
abs_TD_405, Mm-1, AerOpt_Absorption_InSitu_RHd_blue_Total_PM2.5_STP
AOP_TD_bypass_flag, pct, Flag_for_TD_Bypass_valve
AOP_filter_flag, pct, Flag_for_Filter_Valve
AOP_Dilution_ratio, pct, Applied_Dilution_Ratio_for_ext_channels
1
N/A
18
PI_CONTACT_INFO: Address: NOAA ESRL Chemical Sciences Division, R/CSD2, 325 Broadway, Boulder, CO 80305. Email: nick.wagner@noaa.gov.
PLATFORM: NASA DC8
LOCATION: See the DC8 MetNav file, Based in Boise (BOI) and Salina, KS
ASSOCIATED_DATA: N/A
[...]
DATA_INFO: Mm-1:
UNCERTAINTY: The precision of the extinction measurements varies with aerosol loading and is +/-20% at 10 Mm-1 and +/-5% at 100 Mm-1. The accuracy of the dry measurement is +/-2% and depends on RH for the humidified measurements, +/-5% at 85% RH and +/-15% at 90% RH. For more details, see Langridge et al., Aerosol Science and Technology 45:1305-1318, 2011. Analysis of comparable measurements suggest incomplete mixing in the dilution system. Effective dilution for individual instruments can vary by +/- 30% compared to the reported flow-based dilution estimate. The absorption measurements have a high signal accuracy of 20%. The low signal precision varies with altitude and flight to flight, and is typically less than 10 Mm-1 for 1 second measurements.
ULOD_FLAG: -7777
ULOD_VALUE: N/A
LLOD_FLAG: -8888
LLOD_VALUE: N/A
DM_CONTACT_INFO: Gao Chen
PROJECT_INFO: FIREX-AQ
STIPULATIONS_ON_USE: NASA Data Policy. Contact with PI is encouraged.
OTHER_COMMENTS: N/A
REVISION: R1
R1: Absorption measurements have been corrected for pressure dependent microphone sensitivity. In-cloud data has been removed. R0: Final Data. 
Time_start, ext_dry_664, ext_dry_532, ext_dry_405, abs_dry_664, abs_dry_532, abs_dry_405, AOP_RH_dry, ext_medRH_664, AOP_RH_med, ext_highRH_664, AOP_RH_high, ext_TD_664, ext_TD_405, abs_TD_664, abs_TD_405, AOP_TD_bypass_flag, AOP_filter_flag, AOP_Dilution_ratio
[from data line 20668]
81965,0.3516,2.7718,0.8457,-9999.0000,-9999.0000,-9999.0000,39.0309,0.0611,82.6899,-0.6971,86.7600,0.1233,0.6679,-9999.0000,-9999.0000,1,0,1.0000
81966,0.4012,0.2823,0.8997,-9999.0000,-9999.0000,-9999.0000,39.0423,0.0217,82.7383,-0.7371,86.7825,0.1614,0.3765,-9999.0000,-9999.0000,1,0,1.0000
81967,0.4582,0.2505,0.5775,-9999.0000,-9999.0000,-9999.0000,39.0383,0.1432,82.7811,-0.8577,86.7467,0.2307,0.2435,-9999.0000,-9999.0000,1,0,1.0000
81968,0.3869,0.1891,0.5924,-9999.0000,-9999.0000,-9999.0000,39.0375,0.3411,82.8185,-0.9448,86.7606,0.3500,0.2060,-9999.0000,-9999.0000,1,0,1.0000
81969,0.4234,0.3380,0.9102,-9999.0000,-9999.0000,-9999.0000,39.0361,0.6708,82.8594,-0.5913,86.7594,0.4116,0.1104,-9999.0000,-9999.0000,1,0,1.0000
81970,0.4571,0.5150,0.3978,-9999.0000,-9999.0000,-9999.0000,39.0334,0.2027,82.8774,-0.9542,86.6754,0.1901,-0.0288,-9999.0000,-9999.0000,1,0,1.0000
81971,1.2420,1.2998,0.6750,-9999.0000,-9999.0000,-9999.0000,39.0358,0.9133,82.8964,-0.7488,86.6711,0.1782,0.0839,-9999.0000,-9999.0000,1,0,1.0000
81972,0.5105,1.6049,0.7079,-9999.0000,-9999.0000,-9999.0000,39.0345,0.0988,82.9060,-0.8439,86.7064,0.2066,0.4623,-9999.0000,-9999.0000,1,0,1.0000
81973,2.3818,1.0518,0.9438,-9999.0000,-9999.0000,-9999.0000,39.0267,0.5936,82.9120,-0.6417,86.6884,0.1724,1.8010,-9999.0000,-9999.0000,1,0,1.0000
81974,0.8921,0.5288,1.6669,-9999.0000,-9999.0000,-9999.0000,39.0130,0.3202,82.9141,-0.5870,86.7234,0.1023,0.4965,-9999.0000,-9999.0000,1,0,1.0000
81975,0.9214,0.8372,0.9928,-9999.0000,-9999.0000,-9999.0000,38.9982,0.4508,82.9124,-0.3997,86.7397,0.2654,0.3304,-9999.0000,-9999.0000,1,0,1.0000
81976,1.2853,0.2642,0.5257,-9999.0000,-9999.0000,-9999.0000,38.9891,0.0644,82.9043,-0.8387,86.7955,0.3470,0.4386,-9999.0000,-9999.0000,1,0,1.0000
81977,0.5105,0.2334,0.8815,-9999.0000,-9999.0000,-9999.0000,38.9924,0.1022,82.9034,0.0607,86.7933,0.1337,0.7722,-9999.0000,-9999.0000,1,0,1.0000
81978,0.5831,0.2936,1.7261,-9999.0000,-9999.0000,-9999.0000,38.9912,1.3449,82.8914,-0.3784,86.7874,0.1877,0.7922,-9999.0000,-9999.0000,1,0,1.0000
81979,0.4820,0.3651,0.9518,-9999.0000,-9999.0000,-9999.0000,38.9943,1.2561,82.8480,-0.5537,86.7707,0.1024,0.8266,-9999.0000,-9999.0000,1,0,1.0000
81980,0.5188,0.6331,0.7904,-9999.0000,-9999.0000,-9999.0000,38.9905,0.0828,82.8057,1.0910,86.7945,0.3754,0.8199,-9999.0000,-9999.0000,1,0,1.0000
81981,1.0746,1.0628,1.4915,-9999.0000,-9999.0000,-9999.0000,38.9843,0.6728,82.7459,0.5963,86.8058,0.0107,0.3506,-9999.0000,-9999.0000,1,0,1.0000
81982,2.2121,1.4902,1.2152,-9999.0000,-9999.0000,-9999.0000,38.9833,2.4940,82.6752,-0.6218,86.8125,0.1335,0.2802,-9999.0000,-9999.0000,1,0,1.0000
81983,0.6377,1.0017,0.9685,-9999.0000,-9999.0000,-9999.0000,38.9796,0.8768,82.5942,0.2738,86.7528,0.2544,0.4183,-9999.0000,-9999.0000,1,0,1.0000
81984,0.6349,1.2107,1.2949,-9999.0000,-9999.0000,-9999.0000,38.9765,0.1909,82.4955,-0.2146,86.7636,0.2505,2.0218,-9999.0000,-9999.0000,1,0,1.0000
81985,2.0310,0.4904,1.2715,-9999.0000,-9999.0000,-9999.0000,38.9710,0.7400,82.4156,-0.3914,86.7982,0.1998,3.5630,-9999.0000,-9999.0000,1,0,1.0000
81986,1.0544,1.2448,1.6453,-9999.0000,-9999.0000,-9999.0000,38.9643,0.2995,82.3256,-0.4285,86.8105,0.5784,1.7277,-9999.0000,-9999.0000,1,0,1.0000
81987,0.5841,0.7160,1.1151,-9999.0000,-9999.0000,-9999.0000,38.9632,0.1557,82.2484,0.2084,86.7883,3.0974,0.6116,-9999.0000,-9999.0000,1,0,1.0000
81988,0.7626,0.7614,1.2531,-9999.0000,-9999.0000,-9999.0000,38.9498,0.6584,82.1771,1.4545,86.7421,0.8685,0.4306,-9999.0000,-9999.0000,1,0,1.0000
81989,0.5883,0.3734,0.9381,-9999.0000,-9999.0000,-9999.0000,38.9459,0.6129,82.0898,2.1488,86.7442,0.4414,0.5467,-9999.0000,-9999.0000,1,0,1.0000
81990,0.4537,0.7669,1.0158,-9999.0000,-9999.0000,-9999.0000,38.9378,2.0152,82.0024,1.1515,86.7532,0.5876,0.2102,-9999.0000,-9999.0000,1,0,1.0000
81991,2.1014,0.7734,1.7746,-9999.0000,-9999.0000,-9999.0000,38.9247,0.0983,81.9210,4.9136,86.7816,0.6831,1.4383,-9999.0000,-9999.0000,1,0,1.0000
81992,1.1516,0.6424,0.9160,-9999.0000,-9999.0000,-9999.0000,38.9241,1.5770,81.8311,-0.5140,86.8221,0.2314,1.7950,-9999.0000,-9999.0000,1,0,1.0000
81993,1.7120,0.5052,2.2697,-9999.0000,-9999.0000,-9999.0000,38.9233,0.5398,81.7440,0.8942,86.8272,0.2461,0.3117,-9999.0000,-9999.0000,1,0,1.0000
81994,0.8544,0.4052,1.2003,-9999.0000,-9999.0000,-9999.0000,38.9198,2.1122,81.6672,-0.4517,86.8461,-0.0245,0.3316,-9999.0000,-9999.0000,1,0,1.0000
81995,0.5960,1.6250,1.9720,-9999.0000,-9999.0000,-9999.0000,38.9183,0.4995,81.5859,-0.3742,86.8200,1.0058,0.1753,-9999.0000,-9999.0000,1,0,1.0000
81996,1.1270,0.7187,1.1586,-9999.0000,-9999.0000,-9999.0000,38.8992,0.4484,81.5175,-0.3637,86.8536,0.1843,-0.0387,-9999.0000,-9999.0000,1,0,1.0000
81997,0.6668,0.9207,1.3472,-9999.0000,-9999.0000,-9999.0000,38.8985,-0.0888,81.4530,-0.8490,86.8482,0.1821,0.6883,-9999.0000,-9999.0000,1,0,1.0000
81998,0.7238,0.3789,1.4837,-9999.0000,-9999.0000,-9999.0000,38.9039,0.7252,81.3982,-0.7829,86.9411,0.4136,0.8426,-9999.0000,-9999.0000,1,0,1.0000
81999,0.8459,0.6480,1.8027,-9999.0000,-9999.0000,-9999.0000,38.9004,0.8951,81.3381,-0.8041,86.9736,0.3827,0.5073,-9999.0000,-9999.0000,1,0,1.0000
82000,0.6254,0.7054,1.1012,-9999.0000,-9999.0000,-9999.0000,38.9007,0.2534,81.2787,-1.0208,86.9557,0.6836,0.8212,-9999.0000,-9999.0000,1,0,1.0000
82001,0.7601,0.5868,1.7943,-9999.0000,-9999.0000,-9999.0000,38.8937,0.1436,81.2433,-0.2977,86.8909,0.2350,1.2891,-9999.0000,-9999.0000,1,0,1.0000
82002,0.3854,2.1361,1.6013,-9999.0000,-9999.0000,-9999.0000,38.8927,0.4051,81.2207,-0.2615,86.9288,1.8998,0.9972,-9999.0000,-9999.0000,1,0,1.0000
82003,0.6672,0.9136,2.0132,-9999.0000,-9999.0000,-9999.0000,38.8899,0.7413,81.1987,-0.5897,86.9435,0.3660,0.5190,-9999.0000,-9999.0000,1,0,1.0000
82004,1.0700,0.5712,2.3566,-9999.0000,-9999.0000,-9999.0000,38.8928,0.2644,81.1831,2.9864,86.9681,0.2858,1.4505,-9999.0000,-9999.0000,1,0,1.0000
82005,0.7951,0.5401,2.1025,-9999.0000,-9999.0000,-9999.0000,38.8921,0.2192,81.1703,1.7370,87.0915,0.7562,0.5497,-9999.0000,-9999.0000,1,0,1.0000
82006,0.6719,1.0670,1.9203,-9999.0000,-9999.0000,-9999.0000,38.8922,1.1207,81.1653,0.3028,87.0836,2.2187,4.4484,-9999.0000,-9999.0000,1,0,1.0000
82007,0.5984,0.7331,1.7022,-9999.0000,-9999.0000,-9999.0000,38.8850,1.0958,81.1671,-0.3661,87.0412,0.8391,3.1671,-9999.0000,-9999.0000,1,0,1.0000
82008,1.2054,1.7011,2.3068,-9999.0000,-9999.0000,-9999.0000,38.8868,0.1368,81.1773,-0.5018,87.0367,0.2432,0.8710,-9999.0000,-9999.0000,1,0,1.0000
82009,0.6846,0.5481,2.3225,-9999.0000,-9999.0000,-9999.0000,38.8857,0.5364,81.1999,-0.7722,87.0192,0.3247,0.9665,-9999.0000,-9999.0000,1,0,1.0000
82010,0.7805,0.7382,2.0261,-9999.0000,-9999.0000,-9999.0000,38.8784,0.5336,81.2408,-0.7987,87.0587,0.4506,0.7509,-9999.0000,-9999.0000,1,0,1.0000
82011,0.9074,0.6825,1.7399,-9999.0000,-9999.0000,-9999.0000,38.8803,0.2434,81.2941,0.2530,87.0052,0.1749,0.3573,-9999.0000,-9999.0000,1,0,1.0000
82012,0.7373,0.5990,2.1882,-9999.0000,-9999.0000,-9999.0000,38.8791,0.4183,81.3663,0.5484,87.0540,0.4502,-0.0068,-9999.0000,-9999.0000,1,0,1.0000
82013,0.7318,0.3301,2.2246,-9999.0000,-9999.0000,-9999.0000,38.8700,2.0673,81.4410,-0.1855,87.0345,0.2978,1.3556,-9999.0000,-9999.0000,1,0,1.0000
82014,1.0401,0.6934,1.7222,-9999.0000,-9999.0000,-9999.0000,38.8741,0.2920,81.5167,-1.0112,87.0533,0.6070,3.0633,-9999.0000,-9999.0000,1,0,1.0000
82015,0.5557,2.6255,1.1253,-9999.0000,-9999.0000,-9999.0000,38.8627,1.5467,81.5828,7.6909,87.0530,0.9163,0.3278,-9999.0000,-9999.0000,1,0,1.0000
82016,0.7502,0.6215,2.2177,-9999.0000,-9999.0000,-9999.0000,38.8647,0.3891,81.6608,0.7068,87.0801,1.3481,0.2114,-9999.0000,-9999.0000,1,0,1.0000
82017,0.6939,0.5551,3.0405,-9999.0000,-9999.0000,-9999.0000,38.8612,0.6444,81.7437,2.1220,87.1306,0.3630,1.7886,-9999.0000,-9999.0000,1,0,1.0000
82018,0.7627,0.3470,1.4350,-9999.0000,-9999.0000,-9999.0000,38.8403,1.0267,81.8466,0.2488,87.0994,0.2256,0.4413,-9999.0000,-9999.0000,1,0,1.0000
82019,0.9644,1.0954,1.7395,-9999.0000,-9999.0000,-9999.0000,38.8402,0.2457,81.9349,0.6266,87.0462,2.1419,0.3092,-9999.0000,-9999.0000,1,0,1.0000
82020,0.9256,0.9448,2.0420,-9999.0000,-9999.0000,-9999.0000,38.8435,0.8695,82.0200,-0.2165,87.0402,0.5431,0.3397,-9999.0000,-9999.0000,1,0,1.0000
82021,0.5275,0.5227,1.8565,-9999.0000,-9999.0000,-9999.0000,38.8362,0.9760,82.0952,0.1648,86.9758,0.4949,0.3136,-9999.0000,-9999.0000,1,0,1.0000
82022,0.4741,0.6209,1.2808,-9999.0000,-9999.0000,-9999.0000,38.8355,1.2905,82.1799,-0.3480,87.0569,0.2629,0.5646,-9999.0000,-9999.0000,1,0,1.0000
82023,0.9706,0.5105,3.3238,-9999.0000,-9999.0000,-9999.0000,38.8337,1.1940,82.2711,9.4453,87.0453,0.1761,1.9069,-9999.0000,-9999.0000,1,0,1.0000
82024,1.0492,1.0942,2.4528,-9999.0000,-9999.0000,-9999.0000,38.8375,1.3380,82.3485,0.6123,87.0016,0.2760,0.2694,-9999.0000,-9999.0000,1,0,1.0000
82025,0.8548,0.8864,1.7210,-9999.0000,-9999.0000,-9999.0000,38.8359,0.4464,82.4289,1.4777,87.0143,0.3310,0.9374,-9999.0000,-9999.0000,1,0,1.0000
82026,0.8058,0.3798,1.9615,-9999.0000,-9999.0000,-9999.0000,38.8358,0.4833,82.4956,-0.0525,87.0051,1.1378,0.9044,-9999.0000,-9999.0000,1,0,1.0000
82027,1.5733,0.7165,2.8159,-9999.0000,-9999.0000,-9999.0000,38.8353,1.0728,82.5821,0.5454,87.0272,0.4593,0.6114,-9999.0000,-9999.0000,1,0,1.0000
82028,1.0741,1.3875,1.6703,-9999.0000,-9999.0000,-9999.0000,38.8356,0.1709,82.6705,-0.3228,87.0454,0.2041,1.2599,-9999.0000,-9999.0000,1,0,1.0000
82029,1.7045,0.8250,1.5484,-9999.0000,-9999.0000,-9999.0000,38.8351,0.2741,82.7431,-0.6265,87.0163,0.3783,0.7259,-9999.0000,-9999.0000,1,0,1.0000
82030,0.7431,1.4189,1.6566,-9999.0000,-9999.0000,-9999.0000,38.8325,0.2552,82.8046,-0.6096,87.0129,0.3133,0.6386,-9999.0000,-9999.0000,1,0,1.0000
82031,1.2256,0.6625,1.9223,-9999.0000,-9999.0000,-9999.0000,38.8281,0.5028,82.8749,1.7824,87.0053,0.3169,0.4853,-9999.0000,-9999.0000,1,0,1.0000
82032,1.8760,0.9309,1.7987,-9999.0000,-9999.0000,-9999.0000,38.8293,0.7030,82.9383,-0.2888,87.0127,0.2002,0.6564,-9999.0000,-9999.0000,1,0,1.0000
82033,1.5270,0.5192,1.8488,-9999.0000,-9999.0000,-9999.0000,38.8263,0.8375,83.0022,-0.3088,87.0287,0.3781,0.5772,-9999.0000,-9999.0000,1,0,1.0000
82034,0.8626,1.4328,1.6945,-9999.0000,-9999.0000,-9999.0000,38.8234,0.0151,83.0591,-0.8489,87.0566,0.2949,0.2875,-9999.0000,-9999.0000,1,0,1.0000
82035,0.5850,0.6282,2.0920,-9999.0000,-9999.0000,-9999.0000,38.8273,0.0119,83.0984,-0.7861,87.0538,0.1954,0.4111,-9999.0000,-9999.0000,1,0,1.0000
82036,0.7737,1.1682,1.6319,-9999.0000,-9999.0000,-9999.0000,38.8205,0.5206,83.1485,-0.3758,87.0572,1.1675,0.3674,-9999.0000,-9999.0000,1,0,1.0000
82037,0.6830,1.3809,2.1373,-9999.0000,-9999.0000,-9999.0000,38.8172,3.7006,83.1816,3.4611,87.0520,1.4600,0.5827,-9999.0000,-9999.0000,1,0,1.0000
82038,0.6256,2.7050,3.6867,-9999.0000,-9999.0000,-9999.0000,38.8196,0.1641,83.1936,2.5395,87.0667,0.2396,0.3840,-9999.0000,-9999.0000,1,0,1.0000
82039,0.7074,1.3751,3.0410,-9999.0000,-9999.0000,-9999.0000,38.8249,0.1761,83.2007,-0.8845,87.0319,0.0936,0.5116,-9999.0000,-9999.0000,1,0,1.0000
82040,0.6540,0.4654,3.8096,-9999.0000,-9999.0000,-9999.0000,38.8213,1.1744,83.2070,-0.6846,87.0700,0.1327,0.5842,-9999.0000,-9999.0000,1,0,1.0000
82041,0.7760,2.3919,2.2729,-9999.0000,-9999.0000,-9999.0000,38.8121,0.3904,83.2173,-0.6803,87.0685,-0.1109,0.8000,-9999.0000,-9999.0000,1,0,1.0000
82042,0.7587,1.1115,2.5010,-9999.0000,-9999.0000,-9999.0000,38.8008,0.3694,83.2173,-0.2312,86.9899,-0.1581,1.3784,-9999.0000,-9999.0000,1,0,1.0000
82043,1.7069,0.7989,2.4822,-9999.0000,-9999.0000,-9999.0000,38.7924,0.3481,83.2183,7.8576,86.9867,0.3579,0.1331,-9999.0000,-9999.0000,1,0,1.0000
82044,1.3452,0.9186,2.0499,-9999.0000,-9999.0000,-9999.0000,38.7859,0.3975,83.2120,0.8600,86.9870,0.2094,0.6205,-9999.0000,-9999.0000,1,0,1.0000
82045,1.6914,0.8055,2.3266,-9999.0000,-9999.0000,-9999.0000,38.7768,0.3335,83.1966,-0.2708,86.9837,0.0851,0.7532,-9999.0000,-9999.0000,1,0,1.0000
82046,0.4013,0.7135,2.7736,-9999.0000,-9999.0000,-9999.0000,38.7709,0.7566,83.1685,0.4994,86.9684,0.0042,0.1461,-9999.0000,-9999.0000,1,0,1.0000
82047,0.5674,0.4381,2.4262,-9999.0000,-9999.0000,-9999.0000,38.7535,0.6396,83.1157,0.1051,87.0211,0.1244,0.3812,-9999.0000,-9999.0000,1,0,1.0000
82048,0.5855,0.4252,2.3985,-9999.0000,-9999.0000,-9999.0000,38.7516,0.4583,83.0466,-0.3820,87.0388,0.1064,0.4369,-9999.0000,-9999.0000,1,0,1.0000
82049,1.7514,0.3765,1.7144,-9999.0000,-9999.0000,-9999.0000,38.7477,0.0572,82.9766,0.5023,87.0600,0.1545,0.2843,-9999.0000,-9999.0000,1,0,1.0000
82050,1.0228,0.9193,2.5491,-9999.0000,-9999.0000,-9999.0000,38.7417,1.4444,82.9146,-0.0516,87.0120,0.4436,2.1474,-9999.0000,-9999.0000,1,0,1.0000
82051,0.8526,0.8337,2.7096,-9999.0000,-9999.0000,-9999.0000,38.7588,1.7359,82.8411,1.2368,87.0268,0.3468,1.4132,-9999.0000,-9999.0000,1,0,1.0000
82052,0.8867,0.7672,1.6961,-9999.0000,-9999.0000,-9999.0000,38.7626,0.2110,82.7645,1.7479,87.0433,0.1858,1.3526,-9999.0000,-9999.0000,1,0,1.0000
82053,0.4703,0.5865,1.9486,-9999.0000,-9999.0000,-9999.0000,38.7623,0.3572,82.6844,2.1292,87.0633,0.4523,0.9284,-9999.0000,-9999.0000,1,0,1.0000
82054,0.9596,0.4604,1.9981,-9999.0000,-9999.0000,-9999.0000,38.7648,0.1123,82.6097,-0.0672,87.0148,0.1633,2.2079,-9999.0000,-9999.0000,1,0,1.0000
82055,0.5261,0.5575,1.8874,-9999.0000,-9999.0000,-9999.0000,38.7588,0.1433,82.5277,-0.5811,87.0198,0.0845,2.7159,-9999.0000,-9999.0000,1,0,1.0000
82056,0.2936,0.5592,1.5076,-9999.0000,-9999.0000,-9999.0000,38.7663,-0.1542,82.4415,-0.6541,87.0414,0.2935,0.4627,-9999.0000,-9999.0000,1,0,1.0000
82057,0.7194,0.3639,2.7544,-9999.0000,-9999.0000,-9999.0000,38.7625,0.6888,82.3446,-0.2056,86.9856,0.1973,0.0744,-9999.0000,-9999.0000,1,0,1.0000
82058,0.6106,0.6195,1.4929,-9999.0000,-9999.0000,-9999.0000,38.7580,0.4672,82.2684,-0.0228,87.0580,0.1152,0.1677,-9999.0000,-9999.0000,1,0,1.0000
82059,0.4845,0.7378,2.1399,-9999.0000,-9999.0000,-9999.0000,38.7634,0.6064,82.1978,1.1831,87.0594,0.0660,0.8646,-9999.0000,-9999.0000,1,0,1.0000
82060,0.4215,0.8133,1.6355,-9999.0000,-9999.0000,-9999.0000,38.7400,0.9017,82.1261,2.5566,87.0455,-0.0035,1.1255,-9999.0000,-9999.0000,1,0,1.0000
82061,0.4299,0.6227,2.6902,-9999.0000,-9999.0000,-9999.0000,38.7338,0.0339,82.0434,0.2899,87.0329,0.2509,4.9214,-9999.0000,-9999.0000,1,0,1.0000
82062,0.6573,1.2172,2.7742,-9999.0000,-9999.0000,-9999.0000,38.7363,0.9753,81.9937,0.0075,87.0462,-0.0315,3.5846,-9999.0000,-9999.0000,1,0,1.0000
82063,0.7396,1.1609,2.0453,-9999.0000,-9999.0000,-9999.0000,38.7222,0.2898,81.9329,0.4721,87.0221,0.2179,0.3640,-9999.0000,-9999.0000,1,0,1.0000
82064,0.5612,1.2693,2.0464,-9999.0000,-9999.0000,-9999.0000,38.7282,0.2768,81.8988,-0.0620,87.0250,0.1122,0.5163,-9999.0000,-9999.0000,1,0,1.0000
82065,0.7651,0.6280,2.3029,-9999.0000,-9999.0000,-9999.0000,38.7288,0.7065,81.8764,1.3522,87.0189,0.3323,1.3001,-9999.0000,-9999.0000,1,0,1.0000
82066,0.4430,0.7585,1.9330,-9999.0000,-9999.0000,-9999.0000,38.7194,0.3825,81.8546,-0.4427,87.0361,0.0469,1.5395,-9999.0000,-9999.0000,1,0,1.0000
82067,1.1264,0.4800,2.4637,-9999.0000,-9999.0000,-9999.0000,38.7253,0.4476,81.8387,-0.2930,87.0344,-0.0055,2.1404,-9999.0000,-9999.0000,1,0,1.0000
82068,0.5178,0.5221,2.4297,-9999.0000,-9999.0000,-9999.0000,38.7141,0.6583,81.8234,-0.2503,87.0533,0.2014,0.5682,-9999.0000,-9999.0000,1,0,1.0000
82069,0.6739,0.4169,2.1071,-9999.0000,-9999.0000,-9999.0000,38.7150,0.5926,81.8251,-0.3299,86.9617,-0.0022,1.0581,-9999.0000,-9999.0000,1,0,1.0000
82070,0.3565,0.2928,1.9542,-9999.0000,-9999.0000,-9999.0000,38.7047,0.4914,81.8163,-0.4926,87.0080,0.2418,4.6399,-9999.0000,-9999.0000,1,0,1.0000
82071,0.5488,0.6927,1.8172,-9999.0000,-9999.0000,-9999.0000,38.6993,0.1065,81.8145,-0.2384,87.0270,0.7519,1.4339,-9999.0000,-9999.0000,1,0,1.0000
82072,0.9140,0.7139,1.5826,-9999.0000,-9999.0000,-9999.0000,38.7027,0.0273,81.8180,0.5258,87.0153,0.5689,0.2840,-9999.0000,-9999.0000,1,0,1.0000
82073,0.6875,0.4512,2.7433,-9999.0000,-9999.0000,-9999.0000,38.7012,0.1400,81.8267,-0.4266,87.0184,0.3256,0.5740,-9999.0000,-9999.0000,1,0,1.0000
