Data/Raw/WAGNER,NICK/firexaq-AOP-optical_DC8_20190905_R1.ict
51, 1001
Wagner, Nicholas L.
NOAA Earth System Research Laboratory
NOAA AOP instrument
FIREX-AQ
1, 1
2019, 09, 05, 2020, 04, 27
1
Time_start, seconds_past_midnight, seconds from midnight
18
1, 1, 1, 1, 1, 1, 1, 1, 1, 1, 1, 1, 1, 1, 1, 1, 1, 1
-9999, -9999, -9999, -9999, -9999, -9999, -9999, -9999, -9999, -9999, -9999, -9999, -9999, -9999, -9999, -9999, -9999, -9999
ext_dry_664, Mm-1, AerOpt_Extinction_InSitu_RHd_red_Total_PM2.5_STP
ext_dry_532, Mm-1, AerOpt_Extinction_InSitu_RHd_green_Total_PM2.5_STP
ext_dry_405, Mm-1, AerOpt_Extinction_InSitu_RHd_blue_Total_PM2.5_STP
abs_dry_664, Mm-1, AerOpt_Absorption_InSitu_RHd_red_Total_PM2.5_STP
abs_dry_532, Mm-1, AerOpt_Absorption_InSitu_RHd_green_Total_PM2.5_STP
abs_dry_405, Mm-1, AerOpt_Absorption_InSitu_RHd_blue_Total_PM2.5_STP
AOP_RH_dry, pct, Relative_humidity_of_dry_RH_channels
ext_medRH_664, Mm-1, AerOpt_Extinction_InSitu_RH80_red_Total_PM2.5_STP
AOP_RH_med, pct, Relative_humidity_of_medium_RH_channel
ext_highRH_664, Mm-1, AerOpt_Extinction_InSitu_RH85_red_Total_PM2.5_STP
AOP_RH_high, pct, Relative_humidity_of_high_RH_channel
ext_TD_664, Mm-1, AerOpt_ExtinctionTD_InSitu_RHd_blue_Total_PM2.5_STP
ext_TD_405, Mm-1, AerOpt_ExtinctionTD_InSitu_RHd_red_Total_PM2.5_STP
abs_TD_664, Mm-1, AerOpt_Absorption_InSitu_RHd_red_Total_PM2.5_STP
abs_TD_405, Mm-1, AerOpt_Absorption_InSitu_RHd_blue_Total_PM2.5_STP
AOP_TD_bypass_flag, pct, Flag_for_TD_Bypass_valve
AOP_filter_flag, pct, Flag_for_Filter_Valve
AOP_Dilution_ratio, pct, Applied_Dilution_Ratio_for_ext_channels
1
N/A
18
PI_CONTACT_INFO: Address: NOAA ESRL Chemical Sciences Division, R/CSD2, 325 Broadway, Boulder, CO 80305. Email: nick.wagner@noaa.gov.
PLATFORM: NASA DC8
LOCATION: See the DC8 MetNav file, Based in Boise (BOI) and Salina, KS
ASSOCIATED_DATA: N/A
[...]
DATA_INFO: Mm-1:
UNCERTAINTY: The precision of the extinction measurements varies with aerosol loading and is +/-20% at 10 Mm-1 and +/-5% at 100 Mm-1. The accuracy of the dry measurement is +/-2% and depends on RH for the humidified measurements, +/-5% at 85% RH and +/-15% at 90% RH. For more details, see Langridge et al., Aerosol Science and Technology 45:1305-1318, 2011. Analysis of comparable measurements suggest incomplete mixing in the dilution system. Effective dilution for individual instruments can vary by +/- 30% compared to the reported flow-based dilution estimate. The absorption measurements have a high signal accuracy of 20%. The low signal precision varies with altitude and flight to flight, and is typically less than 10 Mm-1 for 1 second measurements.
ULOD_FLAG: -7777
ULOD_VALUE: N/A
LLOD_FLAG: -8888
LLOD_VALUE: N/A
DM_CONTACT_INFO: Gao Chen
PROJECT_INFO: FIREX-AQ
STIPULATIONS_ON_USE: NASA Data Policy. Contact with PI is encouraged.
OTHER_COMMENTS: N/A
REVISION: R1
R1: Absorption measurements have been corrected for pressure dependent microphone sensitivity. In-cloud data has been removed. R0: Final Data. 
Time_start, ext_dry_664, ext_dry_532, ext_dry_405, abs_dry_664, abs_dry_532, abs_dry_405, AOP_RH_dry, ext_medRH_664, AOP_RH_med, ext_highRH_664, AOP_RH_high, ext_TD_664, ext_TD_405, abs_TD_664, abs_TD_405, AOP_TD_bypass_flag, AOP_filter_flag, AOP_Dilution_ratio
[from data line 14081]
77456,15.2989,14.3907,18.2995,1.3882,1.4364,0.6789,26.8998,17.0493,80.4307,20.1047,85.2332,3.4093,10.0241,-9999.0000,1.4509,0,0,1.0000
77457,7.7970,13.3985,16.1118,-2.6583,2.7742,0.7025,26.9074,21.1183,80.4837,27.0730,85.2674,5.5752,12.2425,-9999.0000,1.2063,0,0,1.0000
77458,9.7522,13.1120,16.0917,6.1013,-1.2921,0.4410,26.9090,12.2282,80.5418,20.2941,85.2851,13.4983,0.9853,-9999.0000,3.0004,0,0,1.0000
77459,7.9834,10.9833,16.6497,2.9256,1.7460,0.3291,26.9206,16.3484,80.5879,32.3034,85.2994,9.1134,1.2266,-9999.0000,4.3782,0,0,1.0000
77460,9.2290,12.4488,17.9140,-0.3761,-2.2625,0.6457,26.9254,16.9175,80.6291,32.8335,85.3064,7.4123,4.1303,-9999.0000,4.2364,0,0,1.0000
77461,14.3551,19.1486,22.0832,5.1489,-2.4669,0.3853,26.9272,22.1296,80.6374,19.2896,85.3027,3.4604,6.7159,-9999.0000,1.0911,0,0,1.0000
77462,14.2965,16.9083,24.3769,0.5341,-1.6666,0.1326,26.9295,22.1896,80.6380,34.4622,85.3013,5.9201,5.0191,-9999.0000,0.1104,0,0,1.0000
77463,13.2424,18.8271,27.6648,0.6166,1.1553,0.4051,26.9228,24.2033,80.6320,37.1041,85.2866,8.0558,5.9804,-9999.0000,0.0543,0,0,1.0000
77464,16.4079,18.7906,24.3887,2.4454,-0.2530,0.9578,26.9249,27.2994,80.6174,44.7579,85.2761,5.9885,4.8962,-9999.0000,1.8559,0,0,1.0000
77465,15.3196,18.9383,21.4744,11.1792,1.6313,0.4419,26.9362,29.9321,80.5933,43.6507,85.2739,5.5958,3.1254,-9999.0000,0.8563,0,0,1.0000
77466,17.6024,17.8800,24.3461,1.9456,-2.0762,0.4470,26.9321,52.6548,80.5499,42.9083,85.2588,4.7371,3.4312,-9999.0000,-1.4840,0,0,1.0000
77467,12.7848,16.6000,23.3432,5.4950,0.4422,0.4346,26.9398,26.8747,80.5050,35.5684,85.2334,7.4671,8.8220,-9999.0000,1.8870,0,0,1.0000
77468,13.3063,16.7622,23.4101,5.5925,-0.6554,0.7339,26.9436,34.3239,80.4562,46.7266,85.2000,11.9563,13.0441,-9999.0000,1.7213,0,0,1.0000
77469,13.3555,18.0363,21.3103,5.0301,2.5578,1.5709,26.9422,33.4828,80.3886,53.7513,85.1621,7.8289,7.8444,-9999.0000,-0.4552,0,0,1.0000
77470,13.1140,17.6510,22.4669,3.8367,1.7519,0.6992,26.9459,25.7591,80.2853,33.7148,85.1319,11.4098,10.0800,-9999.0000,-2.7845,0,0,1.0000
77471,12.9244,18.9512,22.8711,2.0349,-0.9637,0.6563,26.9527,31.3146,80.1854,50.2233,85.1167,10.8583,8.4956,-9999.0000,3.2717,0,0,1.0000
77472,11.8215,18.4450,23.5969,5.6539,-0.2624,0.5572,26.9675,29.0442,80.0774,48.1313,85.0998,7.6940,7.2343,-9999.0000,1.5657,0,0,1.0000
77473,11.7938,15.4652,22.2299,-1.7996,1.8235,-0.3159,26.9748,25.1745,79.9756,47.3677,85.0797,8.5229,7.1824,-9999.0000,1.9410,0,0,1.0000
77474,12.1779,16.5315,22.9295,4.1366,0.7507,1.0472,26.9803,22.8439,79.8697,45.0568,85.0626,8.2163,4.3341,-9999.0000,-2.1677,0,0,1.0000
77475,12.5040,17.3897,22.9953,6.2949,-1.8959,0.5529,26.9841,16.8651,79.7374,42.7011,85.0479,6.8368,4.3053,-9999.0000,-0.3167,0,0,1.0000
77476,12.0134,15.8467,22.0154,7.3335,0.7401,0.2779,26.9839,17.8131,79.5961,41.6852,85.0374,11.0698,10.4471,-9999.0000,-1.3725,0,0,1.0000
77477,16.6330,17.5900,21.4261,-2.3916,2.2114,0.3696,26.9962,22.0832,79.4548,38.1067,85.0369,12.1171,10.5518,-9999.0000,0.0094,0,0,1.0000
77478,13.2156,17.3104,21.6744,-2.0374,5.0346,0.5711,27.0008,28.3287,79.3288,34.6456,85.0374,3.0971,4.9123,-9999.0000,2.2763,0,0,1.0000
77479,14.1545,16.1676,26.4799,7.9477,1.6594,0.2424,26.9950,26.0561,79.2066,42.1520,85.0362,5.4593,9.5226,-9999.0000,0.2902,0,0,1.0000
77480,12.9301,13.0707,21.9795,-1.0043,-1.1240,0.5411,27.0033,22.8187,79.0801,32.3798,85.0380,8.3157,9.2800,-9999.0000,0.4841,0,0,1.0000
77481,12.7915,18.0764,21.5047,1.0874,-1.0171,0.3124,27.0035,24.3039,78.9655,42.2860,85.0402,6.9048,8.6132,-9999.0000,2.8680,0,0,1.0000
77482,14.2455,18.0156,21.1004,3.1353,0.7428,0.7664,26.9985,40.3214,78.8602,41.0432,85.0500,8.6688,6.9905,-9999.0000,-3.4328,0,0,1.0000
77483,14.0084,18.3222,23.5349,0.0622,0.7168,0.0718,27.0074,27.3269,78.7783,26.9279,85.0755,6.7529,5.8601,-9999.0000,2.2708,0,0,1.0000
77484,16.8429,15.8189,21.0287,1.7310,-0.1445,0.6872,27.0103,32.1938,78.7126,28.9585,85.1115,7.1112,6.3226,-9999.0000,1.1075,0,0,1.0000
77485,12.9638,19.0678,22.6750,2.1128,3.6144,0.6037,27.0238,29.1857,78.6364,30.1449,85.1560,5.7509,4.4030,-9999.0000,1.5867,0,0,1.0000
77486,11.9652,19.2982,25.2162,3.1506,-0.7121,0.3192,27.0401,26.0931,78.5849,31.4528,85.1875,6.4960,6.1216,-9999.0000,-0.6413,0,0,1.0000
77487,19.0256,14.1355,22.3960,-1.8013,-0.1514,0.0841,27.0474,34.2525,78.5308,31.4470,85.2102,6.9964,5.0907,-9999.0000,0.8410,0,0,1.0000
77488,16.2296,16.5033,23.9390,-1.2975,0.9141,0.0563,27.0467,42.6471,78.4850,34.5728,85.2359,8.2416,4.8866,-9999.0000,-0.0161,0,0,1.0000
77489,11.6347,18.5610,23.6359,7.1173,0.7128,0.0452,27.0455,27.6600,78.4504,46.0071,85.2538,18.0694,7.3311,-9999.0000,-2.7149,0,0,1.0000
77490,10.8153,16.2050,24.1967,-1.8511,-0.7595,0.2570,27.0490,32.6078,78.4364,51.5244,85.2661,13.3108,5.6965,-9999.0000,2.5388,0,0,1.0000
77491,12.3375,17.0124,21.7853,3.4321,1.0016,0.5072,27.0693,37.6077,78.4435,37.5548,85.2889,5.7905,5.2629,-9999.0000,1.8622,0,0,1.0000
77492,15.9890,16.0349,25.7895,-1.8697,-0.0883,0.2406,27.0775,32.8875,78.4403,30.7879,85.2953,2.0658,4.8943,-9999.0000,-1.3790,0,0,1.0000
77493,13.9311,18.8050,23.3147,2.0804,-0.4331,0.2354,27.0821,37.1448,78.4503,43.7510,85.3122,7.4102,5.1759,-9999.0000,-0.5843,0,0,1.0000
77494,14.1307,18.8593,24.2080,8.3710,-0.1359,0.6923,27.0857,34.3383,78.4859,37.0496,85.3187,16.1375,4.7644,-9999.0000,0.0324,0,0,1.0000
77495,16.2058,17.9346,23.1657,1.9283,0.4823,0.5952,27.0807,34.5071,78.5277,25.1609,85.3168,7.8380,8.8645,-9999.0000,1.2852,0,0,1.0000
77496,16.3393,19.0996,25.4296,3.0186,3.0419,-0.0988,27.0909,29.9639,78.5816,35.6133,85.3163,5.9115,8.9383,-9999.0000,1.6515,0,0,1.0000
77497,14.3240,17.7527,22.2796,1.5057,-0.3689,0.3236,27.1062,36.2812,78.6507,46.1774,85.3048,5.5071,7.1958,-9999.0000,-0.8950,0,0,1.0000
77498,13.6665,17.1947,23.1489,1.5583,0.5099,0.3047,27.1171,36.0919,78.7422,38.9220,85.2916,6.9808,3.2196,-9999.0000,-2.3965,0,0,1.0000
77499,12.1092,16.9134,21.9368,1.8712,0.4993,0.8072,27.1224,48.1077,78.8411,49.3716,85.2734,8.0720,4.6664,-9999.0000,0.2637,0,0,1.0000
77500,17.1823,17.6255,22.4711,3.9357,0.4231,0.9043,27.1254,37.0626,78.9485,34.5083,85.2564,9.0360,12.7506,-9999.0000,-1.2301,0,0,1.0000
77501,15.2967,17.7691,22.2367,5.4435,2.7113,0.2419,27.1302,35.4418,79.0524,47.5077,85.2263,8.2274,15.0729,-9999.0000,-2.1157,0,0,1.0000
77502,13.9312,14.7249,19.1978,0.4319,-0.9557,-0.0976,27.1288,34.2311,79.1855,37.5002,85.2014,4.2843,5.3685,-9999.0000,0.7521,0,0,1.0000
77503,14.3220,19.1088,21.4740,5.3289,-0.1981,0.1789,27.1562,20.5905,79.3033,37.6342,85.1789,2.6716,2.3320,-9999.0000,-0.9928,0,0,1.0000
77504,14.9580,20.6213,26.8476,2.4639,1.4884,0.6523,27.1888,39.7667,79.4364,46.4232,85.1644,11.1656,4.1874,-9999.0000,0.2914,0,0,1.0000
77505,10.7918,20.9314,25.8033,-2.4346,2.2904,0.4459,27.2085,44.9549,79.5408,34.2274,85.1553,14.3224,6.2735,-9999.0000,1.7719,0,0,1.0000
77506,15.4360,19.0161,23.6302,4.0058,-0.6858,0.6895,27.2163,34.4818,79.6583,38.0767,85.1475,7.6181,8.9100,-9999.0000,1.5245,0,0,1.0000
77507,14.2040,16.8599,22.3530,5.1902,1.3636,0.7139,27.2123,39.8394,79.7909,40.3154,85.1332,8.1879,8.8868,-9999.0000,-0.1685,0,0,1.0000
77508,13.8764,21.3262,23.8469,5.6931,-0.2095,0.6410,27.2241,36.4204,79.9376,38.7414,85.1269,10.9899,8.5821,-9999.0000,0.4212,0,0,1.0000
77509,18.6515,17.3592,26.2235,-4.8716,-0.3344,0.4353,27.2451,24.7546,80.0605,38.6279,85.1278,14.8301,8.8126,-9999.0000,-1.4602,0,0,1.0000
77510,17.1483,19.1284,28.4048,1.8920,-1.2489,-0.2369,27.2664,33.8352,80.1644,34.4590,85.1262,15.6985,5.6567,-9999.0000,1.7144,0,0,1.0000
77511,17.2944,20.4551,27.6603,-0.5263,-0.5979,0.4864,27.2911,35.1649,80.2528,35.1191,85.1281,14.4337,5.9438,-9999.0000,4.8814,0,0,1.0000
77512,13.6135,20.5946,27.3748,5.5812,3.2638,0.5099,27.2919,28.1434,80.3416,58.9289,85.1209,7.3331,6.0159,-9999.0000,0.6697,0,0,1.0000
77513,15.1134,16.6720,26.9117,2.8982,0.9939,0.6104,27.2958,34.7093,80.4227,50.2911,85.1240,5.9959,5.7422,-9999.0000,4.8212,0,0,1.0000
77514,17.6566,18.0898,26.2636,4.2772,-2.4345,-0.1904,27.3270,38.9164,80.5205,48.1534,85.1413,9.2326,6.4272,-9999.0000,1.7844,0,0,1.0000
77515,14.6150,18.7091,25.2898,4.7723,-1.2945,0.5818,27.3626,46.3115,80.6137,61.9715,85.1557,8.2402,2.9519,-9999.0000,2.0557,0,0,1.0000
77516,14.6996,18.2451,23.4012,3.3481,-0.1154,-0.0490,27.3759,39.1401,80.6821,56.1026,85.1901,5.5173,11.2198,-9999.0000,-0.0631,0,0,1.0000
77517,13.5988,17.2728,24.5257,6.0536,-0.7764,0.1459,27.3766,21.8253,80.7241,50.2956,85.2176,10.2007,18.1499,-9999.0000,0.2018,0,0,1.0000
77518,11.3633,19.1294,22.7322,-0.2741,-0.3538,1.0548,27.3795,28.5860,80.7496,47.2060,85.2364,8.7246,9.2962,-9999.0000,-0.4533,0,0,1.0000
77519,16.6944,15.5499,24.5169,2.6152,-2.0632,0.3017,27.4054,29.0171,80.7896,40.2359,85.2537,8.2042,12.3957,-9999.0000,1.4624,0,0,1.0000
77520,12.2955,15.0749,24.0859,4.7692,0.4233,1.0123,27.4117,32.5180,80.8286,34.2641,85.2695,12.7353,6.3127,-9999.0000,4.2205,0,0,1.0000
77521,14.0031,18.8362,23.4455,1.5895,-0.5081,0.2493,27.4256,37.2302,80.8524,43.4263,85.2963,17.3221,6.0474,-9999.0000,1.7627,0,0,1.0000
77522,11.4296,20.4035,26.1433,3.3742,2.1495,0.1838,27.4281,39.6787,80.8627,49.6448,85.3091,13.8451,5.4234,-9999.0000,1.3252,0,0,1.0000
77523,16.5100,20.6007,27.0301,0.2889,2.0882,0.9702,27.4267,26.5247,80.8616,31.7228,85.3121,7.8410,3.6764,-9999.0000,4.6966,0,0,1.0000
77524,15.1163,18.9406,24.7411,3.9112,0.3467,0.7645,27.4346,22.0310,80.8604,33.4516,85.3163,3.1813,4.2604,-9999.0000,1.9795,0,0,1.0000
77525,16.8881,18.4795,25.6770,-1.1497,1.0434,0.1566,27.4439,22.5992,80.8316,26.0638,85.3101,9.0877,4.9026,-9999.0000,-1.4992,0,0,1.0000
77526,11.9609,18.3578,23.4282,5.0923,2.3088,0.4714,27.4598,30.6519,80.7810,29.5527,85.3044,7.9137,13.0409,-9999.0000,-0.0046,0,0,1.0000
77527,15.4538,20.9369,22.4337,5.5190,0.1145,0.4221,27.4750,34.5302,80.7192,39.4410,85.2922,4.9317,9.2943,-9999.0000,4.1221,0,0,1.0000
77528,12.9360,19.7645,28.1701,3.6650,-1.4487,0.5696,27.4869,30.4804,80.6415,39.8142,85.2694,8.7126,3.6730,-9999.0000,0.5703,0,0,1.0000
77529,13.7126,19.5526,29.2634,-1.6080,-0.0426,0.6310,27.4921,36.1293,80.5514,49.7260,85.2314,12.7857,4.7122,-9999.0000,1.9217,0,0,1.0000
77530,12.0739,20.3233,25.4299,7.6986,2.2921,0.8730,27.5149,25.5018,80.4484,49.6147,85.1798,9.4498,9.8135,-9999.0000,3.2309,0,0,1.0000
77531,17.4719,19.8316,26.2896,1.0809,-2.2125,0.8184,27.5151,25.0940,80.3400,31.0653,85.1263,21.2401,9.7519,-9999.0000,1.0601,0,0,1.0000
77532,15.2475,16.8812,25.8246,1.0462,4.8418,0.9703,27.5203,32.7267,80.2301,45.0071,85.0900,17.2683,9.4943,-9999.0000,1.3816,0,0,1.0000
77533,17.6366,21.2247,24.5431,-1.6671,0.1457,0.8774,27.5192,32.1053,80.1333,44.6997,85.0610,6.0021,7.9906,-9999.0000,1.4180,0,0,1.0000
77534,17.0383,19.0916,30.0607,0.5966,1.4228,0.7807,27.5230,22.6818,80.0080,59.9293,85.0377,5.3108,7.7080,-9999.0000,2.4681,0,0,1.0000
77535,13.9481,19.7400,26.0221,4.8137,0.7707,0.8568,27.5222,40.7514,79.8824,49.7209,85.0155,4.6976,7.5432,-9999.0000,4.5371,0,0,1.0000
77536,16.9348,19.4427,27.2125,3.2629,1.5912,0.3267,27.5314,27.7011,79.7465,52.2505,84.9946,5.5947,4.1583,-9999.0000,3.0140,0,0,1.0000
77537,15.4367,18.0752,22.5909,0.7491,0.9201,0.5419,27.5378,36.8163,79.6085,30.4591,84.9594,3.7582,3.6447,-9999.0000,2.7451,0,0,1.0000
77538,13.3936,15.9673,24.6976,2.9690,-0.1186,0.4609,27.5479,38.4218,79.4735,37.8272,84.9380,5.4933,0.8522,-9999.0000,3.1640,0,0,1.0000
77539,22.1301,21.1965,27.9931,4.5347,-0.9126,0.9800,27.5547,29.3072,79.3376,35.9213,84.9103,5.5076,4.2905,-9999.0000,0.8189,0,0,1.0000
77540,13.5776,21.2204,26.1863,5.2140,3.1411,0.2392,27.5582,29.8417,79.2120,31.4734,84.9036,9.8943,6.2044,-9999.0000,-1.8180,0,0,1.0000
77541,15.1929,17.0477,25.8376,-2.0513,-0.6902,0.4016,27.5627,29.5475,79.0700,49.5254,84.8964,9.6516,6.2795,-9999.0000,2.5521,0,0,1.0000
77542,14.0174,19.5536,23.0107,4.7334,-1.1734,0.4978,27.5720,28.5564,78.9332,31.8163,84.8960,9.8463,9.3544,-9999.0000,4.6461,0,0,1.0000
77543,18.8656,21.0507,25.9932,-2.3604,0.0981,0.0982,27.5733,39.4807,78.8146,48.6145,84.8920,11.6534,6.2919,-9999.0000,0.9171,0,0,1.0000
77544,20.8936,20.0237,26.7544,2.1496,-1.2071,0.7525,27.5829,27.7109,78.6954,33.6944,84.8953,14.6683,8.2313,-9999.0000,4.1177,0,0,1.0000
77545,15.2022,19.7745,24.9134,0.0830,-1.7346,0.3213,27.6024,28.5037,78.5658,32.0490,84.9057,9.6613,12.6839,-9999.0000,2.6706,0,0,1.0000
77546,20.0485,21.9165,22.9717,4.5591,2.1118,0.3475,27.6156,23.9914,78.4506,37.0287,84.9227,11.6103,12.7253,-9999.0000,3.0893,0,0,1.0000
77547,12.8208,16.7459,25.1715,-0.9849,1.9498,-0.0342,27.6251,29.7104,78.3637,60.8427,84.9503,13.3322,12.6702,-9999.0000,-0.3307,0,0,1.0000
77548,12.2787,18.6021,21.2780,0.5451,-2.3968,0.7750,27.6233,37.0030,78.2730,46.4925,84.9696,5.5172,7.7453,-9999.0000,1.4912,0,0,1.0000
77549,13.8625,17.1803,25.0014,-1.1378,-2.0795,0.4268,27.6478,30.5924,78.1869,46.8014,85.0012,6.1665,5.2090,-9999.0000,1.8314,0,0,1.0000
77550,15.2542,21.9878,28.0278,-0.8809,-0.0240,0.3574,27.6670,38.7733,78.1136,55.0186,85.0462,8.8063,6.9983,-9999.0000,0.6184,0,0,1.0000
77551,13.2452,19.2923,24.7380,-1.1404,-0.7099,0.5122,27.6630,37.1040,78.0703,42.5826,85.0849,6.6905,8.3379,-9999.0000,4.6385,0,0,1.0000
77552,10.8844,19.2207,26.3613,1.6885,-1.5295,0.1420,27.6888,31.7511,78.0417,41.5251,85.1179,7.6540,10.5971,-9999.0000,0.3673,0,0,1.0000
77553,12.9248,18.6033,23.9657,-0.8731,0.6792,0.4299,27.6889,27.3560,78.0228,35.3510,85.1403,3.4875,13.3258,-9999.0000,1.7623,0,0,1.0000
77554,16.1241,19.0585,25.2274,7.7022,1.9814,0.2540,27.6971,36.2654,78.0058,28.4967,85.1514,8.0876,5.1397,-9999.0000,0.8767,0,0,1.0000
77555,18.9280,17.6316,25.1192,2.1650,-0.1470,0.7319,27.7442,25.5543,78.0006,29.9358,85.1643,5.4275,6.0983,-9999.0000,3.3668,0,0,1.0000
77556,15.0851,18.7834,23.5864,0.7050,-1.6986,0.6436,27.7676,27.3953,77.9953,51.9954,85.1680,4.8105,10.6870,-9999.0000,0.7444,0,0,1.0000
77557,11.2519,20.8674,24.5028,0.9245,-1.1971,0.1453,27.7758,45.8010,77.9961,46.7741,85.1685,5.4318,8.6666,-9999.0000,1.6701,0,0,1.0000
77558,12.6334,20.3628,25.2066,7.3003,2.2711,-0.1526,27.7753,47.8488,78.0045,43.0140,85.1726,4.8164,5.0899,-9999.0000,-9999.0000,0,0,1.0000
77559,12.2669,16.5234,25.4767,3.0659,0.3527,0.0933,27.7829,42.7764,78.0445,44.3357,85.1680,9.2287,6.8274,-9999.0000,-9999.0000,0,0,1.0000
77560,14.7853,18.6018,24.8886,-1.1503,-0.6320,0.2470,27.7955,33.5666,78.1237,35.6133,85.1707,13.8501,3.6123,-9999.0000,-9999.0000,0,0,1.0000
77561,12.5012,15.9737,21.6400,-1.9310,0.1380,0.2911,27.7991,30.5099,78.2212,34.3588,85.1699,14.2442,5.0975,-9999.0000,-9999.0000,0,0,1.0000
77562,13.3264,17.8453,22.6028,0.6687,0.1942,0.4242,27.8094,32.1822,78.3109,32.3699,85.1640,8.9923,4.7680,-9999.0000,-9999.0000,0,0,1.0000
77563,15.2973,16.9282,24.8048,-4.9854,-0.0570,0.3122,27.8144,25.6008,78.4214,49.7663,85.1537,7.4862,5.1665,-9999.0000,-9999.0000,0,0,1.0000
77564,14.9956,17.5628,22.0038,6.8681,-1.3481,0.2271,27.8315,31.8813,78.5450,34.5560,85.1437,8.8864,10.6857,-9999.0000,-9999.0000,0,0,1.0000
77565,14.7593,21.1535,20.9605,3.7156,0.6326,0.3156,27.8372,48.4217,78.6885,42.1268,85.1271,9.5317,8.7834,-9999.0000,-9999.0000,0,0,1.0000
77566,15.3049,18.5398,26.1505,0.4605,-0.5676,0.4363,27.8319,31.1579,78.8158,45.7888,85.1079,11.2694,6.0273,-9999.0000,-9999.0000,0,0,1.0000
77567,12.5616,14.0243,22.2170,4.4118,3.4023,0.6365,27.8477,38.3304,78.9483,48.1878,85.0902,10.2631,10.8505,-9999.0000,-9999.0000,0,0,1.0000
77568,14.9646,16.8344,23.7657,5.0190,0.4880,-0.0318,27.8710,35.8826,79.0796,36.7161,85.0699,6.4980,5.6972,-9999.0000,-9999.0000,0,0,1.0000
77569,18.6156,23.1075,26.6846,-9999.0000,-9999.0000,-9999.0000,27.8764,30.2618,79.2059,39.4194,85.0525,4.9843,4.0675,-9999.0000,-9999.0000,0,0,1.0000
77570,13.4955,20.0703,-9999.0000,-9999.0000,-9999.0000,-9999.0000,27.8869,26.5166,79.3374,43.5225,85.0375,3.1658,3.7388,-9999.0000,-9999.0000,0,0,1.0000
77571,16.2183,19.8563,-9999.0000,-9999.0000,-9999.0000,-9999.0000,27.8941,27.8209,79.4629,43.4028,85.0246,8.2184,-9999.0000,-9999.0000,-9999.0000,0,0,1.0000
