Data/Raw/WAGNER,NICK/firexaq-AOP-optical_DC8_20190802_R1.ict
51, 1001
Wagner, Nicholas L.
NOAA Earth System Research Laboratory
NOAA AOP instrument
FIREX-AQ
1, 1
2019, 08, 02, 2020, 04, 27
1
Time_start, seconds_past_midnight, seconds from midnight
18
1, 1, 1, 1, 1, 1, 1, 1, 1, 1, 1, 1, 1, 1, 1, 1, 1, 1
-9999, -9999, -9999, -9999, -9999, -9999, -9999, -9999, -9999, -9999, -9999, -9999, -9999, -9999, -9999, -9999, -9999, -9999
ext_dry_664, Mm-1, AerOpt_Extinction_InSitu_RHd_red_Total_PM2.5_STP
ext_dry_532, Mm-1, AerOpt_Extinction_InSitu_RHd_green_Total_PM2.5_STP
ext_dry_405, Mm-1, AerOpt_Extinction_InSitu_RHd_blue_Total_PM2.5_STP
abs_dry_664, Mm-1, AerOpt_Absorption_InSitu_RHd_red_Total_PM2.5_STP
abs_dry_532, Mm-1, AerOpt_Absorption_InSitu_RHd_green_Total_PM2.5_STP
abs_dry_405, Mm-1, AerOpt_Absorption_InSitu_RHd_blue_Total_PM2.5_STP
AOP_RH_dry, pct, Relative_humidity_of_dry_RH_channels
ext_medRH_664, Mm-1, AerOpt_Extinction_InSitu_RH80_red_Total_PM2.5_STP
AOP_RH_med, pct, Relative_humidity_of_medium_RH_channel
ext_highRH_664, Mm-1, AerOpt_Extinction_InSitu_RH85_red_Total_PM2.5_STP
AOP_RH_high, pct, Relative_humidity_of_high_RH_channel
ext_TD_664, Mm-1, AerOpt_ExtinctionTD_InSitu_RHd_blue_Total_PM2.5_STP
ext_TD_405, Mm-1, AerOpt_ExtinctionTD_InSitu_RHd_red_Total_PM2.5_STP
abs_TD_664, Mm-1, AerOpt_Absorption_InSitu_RHd_red_Total_PM2.5_STP
abs_TD_405, Mm-1, AerOpt_Absorption_InSitu_RHd_blue_Total_PM2.5_STP
AOP_TD_bypass_flag, pct, Flag_for_TD_Bypass_valve
AOP_filter_flag, pct, Flag_for_Filter_Valve
AOP_Dilution_ratio, pct, Applied_Dilution_Ratio_for_ext_channels
1
A leak compromised the data on the abs_dry_664 channel for the flight and on abs_TD_664, abs_TD_405, and abs_dry_532 at high altitude. These data were removed.
18
PI_CONTACT_INFO: Address: NOAA ESRL Chemical Sciences Division, R/CSD2, 325 Broadway, Boulder, CO 80305. Email: nick.wagner@noaa.gov.
PLATFORM: NASA DC8
LOCATION: See the DC8 MetNav file, Based in Boise (BOI) and Salina, KS
ASSOCIATED_DATA: N/A
[...]
DATA_INFO: Mm-1:
UNCERTAINTY: The precision of the extinction measurements varies with aerosol loading and is +/-20% at 10 Mm-1 and +/-5% at 100 Mm-1. The accuracy of the dry measurement is +/-2% and depends on RH for the humidified measurements, +/-5% at 85% RH and +/-15% at 90% RH. For more details, see Langridge et al., Aerosol Science and Technology 45:1305-1318, 2011. Analysis of comparable measurements suggest incomplete mixing in the dilution system. Effective dilution for individual instruments can vary by +/- 30% compared to the reported flow-based dilution estimate. The absorption measurements have a high signal accuracy of 20%. The low signal precision varies with altitude and flight to flight, and is typically less than 10 Mm-1 for 1 second measurements.
ULOD_FLAG: -7777
ULOD_VALUE: N/A
LLOD_FLAG: -8888
LLOD_VALUE: N/A
DM_CONTACT_INFO: Gao Chen
PROJECT_INFO: FIREX-AQ
STIPULATIONS_ON_USE: NASA Data Policy. Contact with PI is encouraged.
OTHER_COMMENTS: N/A
REVISION: R1
R1: Absorption measurements have been corrected for pressure dependent microphone sensitivity. In-cloud data has been removed. R0: Final Data.
Time_start, ext_dry_664, ext_dry_532, ext_dry_405, abs_dry_664, abs_dry_532, abs_dry_405, AOP_RH_dry, ext_medRH_664, AOP_RH_med, ext_highRH_664, AOP_RH_high, ext_TD_664, ext_TD_405, abs_TD_664, abs_TD_405, AOP_TD_bypass_flag, AOP_filter_flag, AOP_Dilution_ratio
[from data line 7056]
83177,4.6506,11.8648,22.0086,-9999,-0.6833,0.2604,3.5643,-0.5832,78.5188,14.2931,72.2946,-9999,-9999,-9999,7.5945,0,0,7.7600
83178,4.1525,10.4214,13.2693,-9999,0.3122,-0.0317,3.5630,3.5838,78.6071,10.2626,72.3292,-9999,-9999,-9999,8.2291,0,0,7.7400
83179,3.6770,13.3139,18.2431,-9999,0.5724,-0.0161,3.5623,-0.5967,78.6855,7.7958,72.3640,-9999,-9999,-9999,-9999,0,0,7.7300
83180,2.3466,9.9526,9.9054,-9999,0.5678,0.6677,3.5641,-4.9529,78.7718,6.1632,72.4042,-9999,-9999,-9999,-9999,0,0,7.7100
83181,2.3966,9.4533,10.8286,-9999,-1.9349,1.0950,3.5678,-4.4127,78.8713,6.0240,72.4408,-9999,-9999,-9999,-9999,0,0,7.7000
83182,4.1847,8.5050,12.4438,-9999,5.1900,0.7191,3.5678,-2.8306,78.9917,10.7425,72.4887,-9999,-9999,-9999,-9999,0,0,7.6900
83183,4.4339,10.3323,13.1197,-9999,0.9400,0.4633,3.5719,1.7377,79.1028,7.9577,72.5307,-9999,-9999,-9999,-9999,0,0,7.6700
83184,7.5934,10.3741,16.0838,-9999,2.1189,1.0201,3.5794,42.6242,79.2186,5.8665,72.5678,-9999,-9999,-9999,-9999,0,0,7.6600
83185,7.5707,9.2726,15.1894,-9999,-0.7650,0.2145,3.5900,0.3999,79.3339,7.2035,72.6048,-9999,-9999,-9999,-9999,0,0,7.6400
83186,5.4492,10.8440,14.6960,-9999,1.4417,-0.4612,3.5892,-6.5034,79.4643,6.1771,72.6383,-9999,-9999,-9999,-9999,0,0,7.6300
83187,4.9293,8.0391,20.0771,-9999,0.6868,0.1957,3.5851,-3.6540,79.5823,7.4484,72.6792,-9999,-9999,-9999,-9999,0,0,7.6200
83188,5.3404,7.7603,8.4885,-9999,2.3322,0.3134,3.5868,4.4569,79.7038,5.7805,72.7223,-9999,-9999,-9999,-9999,0,0,7.6000
83189,5.0597,9.2688,16.6861,-9999,1.3451,0.9711,3.6002,-3.8716,79.8201,8.5787,72.7693,-9999,-9999,-9999,-9999,0,0,7.5900
83190,4.7771,15.4404,15.3745,-9999,-1.2582,0.1989,3.6058,9.2605,79.9447,8.1693,72.8031,-9999,-9999,-9999,-9999,0,0,7.5800
83191,5.2023,11.0474,18.9660,-9999,-1.3131,-0.2086,3.6074,0.7172,80.0765,14.1736,72.8427,-9999,-9999,-9999,-9999,0,0,7.5600
83192,6.4969,8.9347,11.5119,-9999,1.0059,0.3689,3.6090,12.0773,80.2095,11.1314,72.9010,-9999,-9999,-9999,-9999,0,0,7.5500
83193,13.5844,12.4076,20.9392,-9999,-0.9915,0.3447,3.6109,3.2489,80.3306,13.2915,72.9609,-9999,-9999,-9999,-9999,0,0,7.5400
83194,7.5491,14.6260,19.2947,-9999,-0.3631,0.6763,3.6117,-4.5366,80.4530,11.0408,73.0255,-9999,-9999,-9999,-9999,0,0,7.5200
83195,5.5828,16.7548,20.3395,-9999,2.6224,0.3319,3.6185,-1.7858,80.5786,8.3641,73.0835,-9999,-9999,-9999,-9999,0,0,7.5100
83196,3.5244,11.8679,22.1013,-9999,2.9338,1.0591,3.6248,-1.4988,80.6794,8.1251,73.1340,-9999,-9999,-9999,-9999,0,0,7.5000
83197,5.9457,12.3780,15.0811,-9999,1.1390,0.6599,3.6234,-2.9367,80.7813,7.4721,73.2044,-9999,-9999,-9999,-9999,0,0,7.4800
83198,5.5593,8.4367,19.4818,-9999,-0.7034,0.2083,3.6274,1.0048,80.8769,8.4610,73.2841,-9999,-9999,-9999,-9999,0,0,7.4700
83199,4.5164,10.6369,19.2657,-9999,0.1103,-0.0490,3.6212,-3.8985,80.9649,5.9729,73.3576,-9999,-9999,-9999,-9999,0,0,7.4600
83200,6.1419,13.1394,24.5281,-9999,0.7937,0.2260,3.6232,-1.6076,81.0563,6.4337,73.4324,-9999,-9999,-9999,-9999,0,0,7.4400
83201,7.0411,12.3475,19.9300,-9999,4.1432,-0.0023,3.6252,0.4866,81.1415,9.8238,73.5132,-9999,-9999,-9999,-9999,0,0,7.4300
83202,7.1315,12.6438,19.3845,-9999,1.6763,1.6441,3.6217,-0.3169,81.2058,8.7734,73.5885,-9999,-9999,-9999,-9999,0,0,7.4200
83203,5.1375,12.6332,18.0816,-9999,-0.7599,1.3414,3.6310,-2.3539,81.2573,8.4363,73.6491,-9999,-9999,-9999,-9999,0,0,7.4000
83204,5.6835,13.0086,16.2199,-9999,-1.7369,0.7801,3.6318,8.6714,81.2876,9.0708,73.7006,-9999,-9999,-9999,-9999,0,0,7.3900
83205,6.1572,16.9876,21.0569,-9999,-1.1467,-0.1543,3.6364,4.8730,81.3216,11.4698,73.7624,-9999,-9999,-9999,-9999,0,0,7.3800
83206,4.9287,10.3170,21.4646,-9999,-0.2162,-0.2906,3.6360,21.1524,81.3529,11.2068,73.8196,-9999,-9999,-9999,-9999,0,0,7.3700
83207,7.9313,16.7415,21.4271,-9999,-0.0570,-0.1947,3.6408,1.0338,81.3758,16.0815,73.8754,-9999,-9999,-9999,-9999,0,0,7.3500
83208,9.0513,15.2015,17.5681,-9999,-0.0533,-0.1942,3.6484,1.9798,81.3828,17.5285,73.9246,-9999,-9999,-9999,-9999,0,0,7.3400
83209,3.6737,11.2271,23.6914,-9999,-9999,-9999,3.6468,12.5064,81.3843,21.2267,73.9778,-9999,-9999,-9999,-9999,0,0,7.3300
83210,6.0080,10.3670,19.6904,-9999,-9999,-9999,3.6670,14.4896,81.3802,17.7075,74.0354,-9999,-9999,-9999,-9999,0,0,7.3100
83211,4.3105,9.2128,21.9903,-9999,-9999,-9999,3.6730,19.1764,81.3668,19.0269,74.0859,-9999,-9999,-9999,-9999,0,0,7.3000
83212,4.6149,10.5335,19.6960,-9999,-9999,-9999,3.6782,43.1867,81.3178,22.1158,74.1260,-9999,-9999,-9999,-9999,0,0,7.2900
83213,7.2287,9.9857,15.6840,-9999,-9999,-9999,3.6791,24.8481,81.2321,25.9100,74.1622,-9999,-9999,-9999,-9999,0,0,7.2800
83214,2.1696,13.5202,13.9561,-9999,-9999,-9999,3.6758,15.1264,81.0965,26.3207,74.1880,-9999,-9999,-9999,-9999,0,0,7.2600
83215,2.8604,12.6643,17.6211,-9999,-9999,-9999,3.6735,13.8033,80.9661,17.1485,74.2163,-9999,-9999,-9999,-9999,0,0,7.2500
83216,3.4346,14.9645,11.8007,-9999,-9999,-9999,3.6676,7.4499,80.8340,13.0659,74.2379,-9999,-9999,-9999,-9999,0,0,7.2400
83217,2.6437,14.5012,20.5107,-9999,-9999,-9999,3.6695,1.0301,80.6928,8.6064,74.2663,-9999,-9999,-9999,-9999,0,0,7.2300
83218,1.2481,14.9654,21.6590,-9999,-9999,-9999,3.6662,4.9474,80.5483,9.4451,74.3055,-9999,-9999,-9999,-9999,0,0,7.2200
83219,1.8600,13.7916,15.0239,-9999,-9999,-9999,3.6711,-2.8101,80.3726,8.7863,74.3495,-9999,-9999,-9999,-9999,0,0,7.2000
83220,1.8995,19.4902,20.6450,-9999,-9999,-9999,3.6812,-3.6312,80.2088,13.8456,74.3956,-9999,-9999,-9999,-9999,0,0,7.1900
83221,4.3934,13.5961,21.2350,-9999,-0.1650,0.3183,3.6812,-5.8168,80.0288,7.1453,74.4406,-9999,-9999,-9999,-9999,0,0,7.1800
83222,4.4345,12.4685,14.6281,-9999,-0.2590,-0.3129,3.6879,-3.8078,79.8625,5.6988,74.4786,-9999,-9999,-9999,-9999,0,0,7.1700
83223,4.7007,15.3592,17.6940,-9999,-0.8066,1.0545,3.6865,-1.5719,79.7078,17.7537,74.5229,-9999,-9999,-9999,-9999,0,0,7.1500
83224,5.8420,12.9865,15.5190,-9999,1.0668,1.0094,3.6835,-0.5229,79.5569,12.4818,74.5669,-9999,-9999,-9999,-9999,0,0,7.1400
83225,7.3805,18.9313,13.5176,-9999,4.8901,0.5359,3.6925,-4.2575,79.4226,18.7626,74.6152,-9999,-9999,-9999,-9999,0,0,7.1300
83226,5.9811,11.7870,20.2188,-9999,0.6410,0.6896,3.6928,-6.9521,79.2875,7.6230,74.6652,-9999,-9999,-9999,-9999,0,0,7.1200
83227,5.5158,12.1116,12.4336,-9999,-0.0183,0.2094,3.6958,-6.7894,79.1577,8.2288,74.7171,-9999,-9999,-9999,-9999,0,0,7.1200
83228,6.3767,12.7399,18.1867,-9999,1.0671,-0.5377,3.6941,-2.7825,79.0548,8.5297,74.7649,-9999,-9999,-9999,-9999,0,0,7.1200
83229,6.2198,17.8470,20.4073,-9999,0.5748,0.9192,3.6909,11.9015,78.9607,7.2277,74.8140,-9999,-9999,-9999,-9999,0,0,7.1200
83230,4.5304,10.0897,17.7390,-9999,-2.1913,0.4013,3.6978,2.4906,78.8914,26.8335,74.8803,-9999,-9999,-9999,-9999,0,0,7.1200
83231,10.1864,10.7033,13.9792,-9999,0.9980,-0.0923,3.6909,16.9866,78.8175,6.8270,74.9571,-9999,-9999,-9999,-9999,0,0,7.1200
83232,5.3032,15.2272,17.8165,-9999,1.3965,0.9086,3.7043,48.2018,78.7627,6.4318,75.0428,-9999,-9999,-9999,-9999,0,0,7.1200
83233,4.8403,7.5110,19.0238,-9999,-0.7226,0.3208,3.7141,-2.4026,78.7104,12.0461,75.1192,-9999,-9999,-9999,-9999,0,0,7.1200
83234,4.3772,8.5478,21.7429,-9999,1.7282,0.3503,3.7156,-3.3145,78.6852,14.8015,75.1964,-9999,-9999,-9999,-9999,0,0,7.1200
83235,4.9370,9.6557,22.5050,-9999,3.5258,-0.3495,3.7194,-1.9233,78.6637,13.1430,75.2797,-9999,-9999,-9999,-9999,0,0,7.1200
83236,8.1639,20.9966,22.1319,-9999,-1.4503,0.6289,3.7158,-1.6780,78.6589,6.1896,75.3640,-9999,-9999,-9999,-9999,0,0,7.1200
83237,6.5188,10.3274,25.1229,-9999,1.6718,0.3519,3.7211,-3.9023,78.6659,6.3414,75.4599,-9999,-9999,-9999,-9999,0,0,7.1200
83238,4.0498,7.1949,15.3626,-9999,-1.0778,0.7555,3.7244,-4.1749,78.6660,7.8184,75.5335,-9999,-9999,-9999,-9999,0,0,7.1200
83239,3.7417,9.3285,17.9714,-9999,3.6425,0.2829,3.7214,-5.3381,78.6629,11.7267,75.6052,-9999,-9999,-9999,-9999,0,0,7.1200
83240,4.8089,8.4331,18.7223,-9999,-1.4686,1.0464,3.7228,-3.8326,78.6906,7.1545,75.6789,-9999,-9999,-9999,-9999,0,0,7.1200
83241,3.1607,6.2200,16.9181,-9999,-2.3494,-0.4326,3.7203,-7.3621,78.7462,6.8605,75.7533,-9999,-9999,-9999,-9999,0,0,7.1200
83242,5.0342,8.7997,21.0809,-9999,3.4083,0.5763,3.7232,-5.8639,78.8155,6.9009,75.8187,-9999,-9999,-9999,-9999,0,0,7.1200
83243,5.3094,11.3428,22.0517,-9999,3.3994,0.4595,3.7248,-2.6292,78.9032,5.0163,75.8816,-9999,-9999,-9999,-9999,0,0,7.1200
83244,4.4242,10.3179,19.0695,-9999,0.5972,0.0097,3.7402,-1.6551,78.9986,5.4954,75.9490,-9999,-9999,-9999,-9999,0,0,7.1200
83245,8.5664,6.7200,20.4393,-9999,0.4315,0.7559,3.7543,-0.2819,79.0848,10.7105,75.9943,-9999,-9999,-9999,-9999,0,0,7.1200
83246,5.6047,7.7429,16.1102,-9999,3.1865,1.0016,3.7592,-4.9992,79.1644,7.2100,76.0275,-9999,-9999,-9999,-9999,0,0,7.1200
83247,3.1546,4.1055,16.0009,-9999,1.8749,0.2390,3.7628,-2.4701,79.2580,5.8719,76.0572,-9999,-9999,-9999,-9999,0,0,7.1200
83248,2.9962,3.9654,15.4701,-9999,7.3288,-0.2044,3.7616,-5.3758,79.3694,9.3986,76.0923,-9999,-9999,-9999,-9999,0,0,7.1200
83249,2.8256,7.6287,21.4615,-9999,-1.6531,0.3574,3.7629,0.8364,79.4813,7.5563,76.1218,-9999,-9999,-9999,-9999,0,0,7.1200
83250,5.2980,9.2495,18.7795,-9999,1.0935,1.0840,3.7639,-3.7741,79.5786,6.7366,76.1402,-9999,-9999,-9999,-9999,0,0,7.1200
83251,3.9984,10.6723,26.6197,-9999,3.2929,1.3227,3.7740,-0.3737,79.6847,8.7456,76.1557,-9999,-9999,-9999,-9999,0,0,7.1200
83252,2.8029,8.9761,21.8883,-9999,-3.7383,0.6289,3.7765,-6.1511,79.7810,6.0552,76.1607,-9999,-9999,-9999,-9999,0,0,7.1200
83253,3.6613,11.4583,19.1651,-9999,5.4938,0.0296,3.7766,-4.1738,79.8911,7.2002,76.1757,-9999,-9999,-9999,-9999,0,0,7.1200
83254,2.9030,10.7152,21.6156,-9999,-0.2107,0.0477,3.7797,-3.9085,79.9934,12.2216,76.1794,-9999,-9999,-9999,-9999,0,0,7.1200
83255,5.7071,14.4162,25.0044,-9999,-2.0893,-0.0460,3.7818,-5.6199,80.0971,15.7908,76.1855,-9999,-9999,-9999,-9999,0,0,7.1200
83256,5.0921,9.3135,30.6672,-9999,-0.1772,0.3617,3.7861,-3.0426,80.2138,14.8259,76.1859,-9999,-9999,-9999,-9999,0,0,7.1200
83257,5.9632,11.8547,27.7363,-9999,-2.3869,0.8283,3.7925,1.6317,80.2980,25.3667,76.1942,-9999,-9999,-9999,-9999,0,0,7.1200
83258,7.3336,11.8453,23.4356,-9999,2.0131,0.4081,3.7884,3.5642,80.3772,17.3387,76.1954,-9999,-9999,-9999,-9999,0,0,7.1200
83259,4.4224,9.9115,22.9956,-9999,0.4976,0.2560,3.7963,2.6571,80.4613,16.9906,76.1960,-9999,-9999,-9999,-9999,0,0,7.1200
83260,4.6569,9.5957,20.9349,-9999,-0.8271,-0.0836,3.7992,-2.5861,80.5597,15.0882,76.2004,-9999,-9999,-9999,-9999,0,0,7.1200
83261,5.2824,8.4791,16.4851,-9999,-1.0635,0.4383,3.7999,0.6358,80.6656,13.4147,76.2013,-9999,-9999,-9999,-9999,0,0,7.1200
83262,5.5289,11.0795,18.3697,-9999,4.1746,1.0418,3.8034,-1.7814,80.7536,8.3580,76.2110,-9999,-9999,-9999,-9999,0,0,7.1200
83263,5.3204,12.3615,27.0381,-9999,-0.0861,0.9799,3.8070,-5.1925,80.8109,8.7722,76.2210,-9999,-9999,-9999,-9999,0,0,7.1200
83264,4.5303,12.6706,26.5975,-9999,-4.5021,0.7077,3.8194,-2.4654,80.8627,8.5438,76.2319,-9999,-9999,-9999,-9999,0,0,7.1200
83265,5.0212,12.9894,22.5354,-9999,-0.5504,-0.2242,3.8213,-4.7103,80.9170,10.9662,76.2533,-9999,-9999,-9999,-9999,0,0,7.1200
83266,4.7865,10.6524,26.5581,-9999,0.9380,-0.1934,3.8172,-3.8056,80.9666,10.9378,76.2809,-9999,-9999,-9999,-9999,0,0,7.1200
83267,8.6469,10.9194,26.0407,-9999,1.2450,-0.2206,3.8173,-1.1154,81.0087,10.6677,76.3166,-9999,-9999,-9999,-9999,0,0,7.1200
83268,4.5311,8.3459,27.6756,-9999,0.0812,0.6545,3.8237,18.9482,81.0426,10.0177,76.3532,-9999,-9999,-9999,-9999,0,0,7.1200
83269,3.6834,7.1538,21.2936,-9999,0.5218,0.7625,3.8405,-0.5036,81.0897,12.6928,76.4031,-9999,-9999,-9999,-9999,0,0,7.1200
83270,5.1324,9.1927,20.5514,-9999,-0.3439,0.7477,3.8556,-1.8851,81.1234,10.6471,76.4517,-9999,-9999,-9999,-9999,0,0,7.1200
83271,5.2579,17.7533,24.7065,-9999,-2.6199,-0.0197,3.8564,-2.4017,81.1454,11.1156,76.4983,-9999,-9999,-9999,-9999,0,0,7.1200
83272,5.1868,10.0360,26.7222,-9999,2.4082,0.6135,3.8723,-5.8661,81.1563,9.7116,76.5473,-9999,-9999,-9999,-9999,0,0,7.1200
83273,5.6194,10.8721,20.6541,-9999,1.2593,0.5762,3.8754,-2.4821,81.1602,9.6190,76.5974,-9999,-9999,-9999,-9999,0,0,7.1200
83274,5.4288,11.9214,18.1910,-9999,2.4584,1.5470,3.8795,-5.4721,81.1694,18.5529,76.6522,-9999,-9999,-9999,-9999,0,0,7.1200
83275,10.3527,12.4647,18.3019,-9999,-1.0680,0.3501,3.8762,-0.0994,81.1699,17.0388,76.7072,-9999,-9999,-9999,-9999,0,0,7.1200
83276,5.8275,12.0966,26.5305,-9999,-3.2408,0.1038,3.8678,4.8808,81.1633,11.5453,76.7647,-9999,-9999,-9999,-9999,0,0,7.1200
83277,3.2952,12.7286,18.3577,-9999,1.2641,-0.0948,3.8690,8.5651,81.1256,14.1108,76.8190,-9999,-9999,-9999,-9999,0,0,7.1200
83278,4.0067,11.7980,16.9807,-9999,0.7127,-0.0453,3.8650,-1.8465,81.0504,17.8880,76.8665,-9999,-9999,-9999,-9999,0,0,7.1200
83279,8.0771,11.6915,21.7928,-9999,1.4785,0.6671,3.8677,-3.0228,80.9696,11.9269,76.9276,-9999,-9999,-9999,-9999,0,0,7.1200
83280,1.7894,7.5278,20.0760,-9999,-1.1977,0.9495,3.8675,-3.5155,80.8675,8.9479,76.9831,-9999,-9999,-9999,-9999,0,0,7.1200
83281,3.1305,7.0490,20.2027,-9999,-2.5399,-0.4683,3.8691,-2.5954,80.7515,12.8321,77.0308,-9999,-9999,-9999,-9999,0,0,7.1200
83282,2.4057,13.5713,20.9348,-9999,1.7326,-0.5101,3.8831,1.2716,80.6140,7.8721,77.0823,-9999,-9999,-9999,-9999,0,0,7.1200
83283,6.0270,9.5776,20.9274,-9999,-1.3557,-0.3003,3.8891,0.8431,80.4677,8.6539,77.1409,-9999,-9999,-9999,-9999,0,0,7.1200
83284,3.2443,9.5781,15.0659,-9999,4.4827,0.3106,3.8948,2.8465,80.3255,30.5834,77.2167,-9999,-9999,-9999,-9999,0,0,7.1200
83285,4.2603,7.9487,14.6356,-9999,-2.7904,0.8824,3.8905,6.2230,80.1841,11.2292,77.2843,-9999,-9999,-9999,-9999,0,0,7.1200
83286,4.3815,7.5245,11.7701,-9999,-1.6600,0.3548,3.8961,6.2462,80.0320,9.5660,77.3552,-9999,-9999,-9999,-9999,0,0,7.1200
83287,2.5504,9.5737,9.7895,-9999,2.4262,0.7518,3.9078,13.7932,79.8623,14.5332,77.4180,-9999,-9999,-9999,-9999,0,0,7.1200
83288,6.5848,9.8947,17.5744,-9999,5.7754,0.6252,3.9155,35.2963,79.7109,11.4718,77.4725,-9999,-9999,-9999,-9999,0,0,7.1200
83289,7.3736,11.6058,20.0022,-9999,0.7260,0.7543,3.9209,17.9657,79.5344,9.0569,77.5232,-9999,-9999,-9999,-9999,0,0,7.1200
83290,5.0132,12.3364,19.2689,-9999,4.8791,0.7777,3.9171,4.2158,79.4134,9.1412,77.6071,-9999,-9999,-9999,-9999,0,0,7.1200
83291,3.7147,8.5813,13.7915,-9999,0.3918,0.2035,3.9154,1.4118,79.2737,8.5133,77.7014,-9999,-9999,-9999,-9999,0,0,7.1200
83292,3.5152,11.9689,15.9267,-9999,-0.5752,-0.3678,3.9217,8.3599,79.1617,9.5245,77.8037,-9999,-9999,-9999,-9999,0,0,7.1200
83293,4.2926,14.2640,30.7197,-9999,0.6750,0.4022,3.9185,6.8297,79.0410,17.3817,77.9012,-9999,-9999,-9999,-9999,0,0,7.1200
83294,4.3568,13.2840,24.1748,-9999,3.8301,0.2513,3.9285,9.1682,78.9651,9.7983,78.0105,-9999,-9999,-9999,-9999,0,0,7.1200
83295,6.5148,13.6412,19.7535,-9999,0.3536,0.4983,3.9322,38.9509,78.8962,12.1421,78.1179,-9999,-9999,-9999,-9999,0,0,7.1200
83296,10.9199,14.4743,33.6012,-9999,0.4275,-0.4805,3.9317,8.5047,78.8442,15.8327,78.2248,-9999,-9999,-9999,-9999,0,0,7.1200
83297,6.4460,13.0070,30.3824,-9999,3.6251,-0.1202,3.9383,7.9413,78.7886,14.0592,78.3480,-9999,-9999,-9999,-9999,0,0,7.1200
83298,5.6825,13.2885,19.6114,-9999,-0.7159,-0.7598,3.9323,11.7603,78.7461,11.2138,78.4606,-9999,-9999,-9999,-9999,0,0,7.1200
83299,4.8668,10.0094,29.9328,-9999,-0.7392,0.4200,3.9365,8.2898,78.7181,11.4748,78.5753,-9999,-9999,-9999,-9999,0,0,7.1200
83300,4.5758,9.2723,24.2055,-9999,0.8073,-0.0253,3.9427,5.8182,78.7039,9.8196,78.6731,-9999,-9999,-9999,-9999,0,0,7.1200
83301,4.9631,13.7472,22.6842,-9999,-0.7410,-0.0064,3.9480,8.0576,78.6923,12.1031,78.7688,-9999,-9999,-9999,-9999,0,0,7.1200
83302,6.1883,15.7777,20.4766,-9999,-0.8825,-0.0892,3.9565,12.9714,78.6918,10.3095,78.8527,-9999,-9999,-9999,-9999,0,0,7.1200
83303,8.0809,10.0993,15.0681,-9999,0.4868,0.6532,3.9500,8.9528,78.6901,8.4686,78.9145,-9999,-9999,-9999,-9999,0,0,7.1200
83304,3.3800,12.1252,14.3769,-9999,-0.7027,0.5435,3.9541,7.8673,78.6976,13.3259,78.9732,-9999,-9999,-9999,-9999,0,0,7.1200
83305,1.1489,10.2503,19.9522,-9999,1.9316,0.6833,3.9609,6.5513,78.6977,9.8598,79.0280,-9999,-9999,-9999,-9999,0,0,7.1200
83306,8.0066,11.6847,21.6762,-9999,4.5214,-0.9027,3.9802,3.9023,78.7050,12.0701,79.0897,-9999,-9999,-9999,-9999,0,0,7.1200
