Data/Raw/WAGNER,NICK/firexaq-AOP-optical_DC8_20190813_R1.ict
51, 1001
Wagner, Nicholas L.
NOAA Earth System Research Laboratory
NOAA AOP instrument
FIREX-AQ
1, 1
2019, 08, 13, 2020, 04, 27
1
Time_start, seconds_past_midnight, seconds from midnight
18
1, 1, 1, 1, 1, 1, 1, 1, 1, 1, 1, 1, 1, 1, 1, 1, 1, 1
-9999, -9999, -9999, -9999, -9999, -9999, -9999, -9999, -9999, -9999, -9999, -9999, -9999, -9999, -9999, -9999, -9999, -9999
ext_dry_664, Mm-1, AerOpt_Extinction_InSitu_RHd_red_Total_PM2.5_STP
ext_dry_532, Mm-1, AerOpt_Extinction_InSitu_RHd_green_Total_PM2.5_STP
ext_dry_405, Mm-1, AerOpt_Extinction_InSitu_RHd_blue_Total_PM2.5_STP
abs_dry_664, Mm-1, AerOpt_Absorption_InSitu_RHd_red_Total_PM2.5_STP
abs_dry_532, Mm-1, AerOpt_Absorption_InSitu_RHd_green_Total_PM2.5_STP
abs_dry_405, Mm-1, AerOpt_Absorption_InSitu_RHd_blue_Total_PM2.5_STP
AOP_RH_dry, pct, Relative_humidity_of_dry_RH_channels
ext_medRH_664, Mm-1, AerOpt_Extinction_InSitu_RH80_red_Total_PM2.5_STP
AOP_RH_med, pct, Relative_humidity_of_medium_RH_channel
ext_highRH_664, Mm-1, AerOpt_Extinction_InSitu_RH85_red_Total_PM2.5_STP
AOP_RH_high, pct, Relative_humidity_of_high_RH_channel
ext_TD_664, Mm-1, AerOpt_ExtinctionTD_InSitu_RHd_blue_Total_PM2.5_STP
ext_TD_405, Mm-1, AerOpt_ExtinctionTD_InSitu_RHd_red_Total_PM2.5_STP
abs_TD_664, Mm-1, AerOpt_Absorption_InSitu_RHd_red_Total_PM2.5_STP
abs_TD_405, Mm-1, AerOpt_Absorption_InSitu_RHd_blue_Total_PM2.5_STP
AOP_TD_bypass_flag, pct, Flag_for_TD_Bypass_valve
AOP_filter_flag, pct, Flag_for_Filter_Valve
AOP_Dilution_ratio, pct, Applied_Dilution_Ratio_for_ext_channels
1
N/A
18
PI_CONTACT_INFO: Address: NOAA ESRL Chemical Sciences Division, R/CSD2, 325 Broadway, Boulder, CO 80305. Email: nick.wagner@noaa.gov.
PLATFORM: NASA DC8
LOCATION: See the DC8 MetNav file, Based in Boise (BOI) and Salina, KS
ASSOCIATED_DATA: N/A
[...]
DATA_INFO: Mm-1:
UNCERTAINTY: The precision of the extinction measurements varies with aerosol loading and is +/-20% at 10 Mm-1 and +/-5% at 100 Mm-1. The accuracy of the dry measurement is +/-2% and depends on RH for the humidified measurements, +/-5% at 85% RH and +/-15% at 90% RH. For more details, see Langridge et al., Aerosol Science and Technology 45:1305-1318, 2011. Analysis of comparable measurements suggest incomplete mixing in the dilution system. Effective dilution for individual instruments can vary by +/- 30% compared to the reported flow-based dilution estimate. The absorption measurements have a high signal accuracy of 20%. The low signal precision varies with altitude and flight to flight, and is typically less than 10 Mm-1 for 1 second measurements.
ULOD_FLAG: -7777
ULOD_VALUE: N/A
LLOD_FLAG: -8888
LLOD_VALUE: N/A
DM_CONTACT_INFO: Gao Chen
PROJECT_INFO: FIREX-AQ
STIPULATIONS_ON_USE: NASA Data Policy. Contact with PI is encouraged.
OTHER_COMMENTS: N/A
REVISION: R1
R1: Absorption measurements have been corrected for pressure dependent microphone sensitivity. In-cloud data has been removed. R0: Final Data. 
Time_start, ext_dry_664, ext_dry_532, ext_dry_405, abs_dry_664, abs_dry_532, abs_dry_405, AOP_RH_dry, ext_medRH_664, AOP_RH_med, ext_highRH_664, AOP_RH_high, ext_TD_664, ext_TD_405, abs_TD_664, abs_TD_405, AOP_TD_bypass_flag, AOP_filter_flag, AOP_Dilution_ratio
[from data line 3973]
79878,0.5051,0.0259,0.4292,-9999.0000,-9999.0000,-9999.0000,4.8496,0.4343,83.0979,0.2129,87.0513,-0.8412,-1.9056,-9999.0000,-3.3106,0,0,1.0000
79879,0.1447,1.6955,0.9329,-9999.0000,-9999.0000,-9999.0000,4.8536,3.5655,83.0130,0.1209,87.0589,-0.5667,-1.7326,-9999.0000,4.2615,0,0,1.0000
79880,-0.0133,0.2204,1.2491,-9999.0000,-9999.0000,-9999.0000,4.8642,0.7173,82.9324,0.4984,87.0716,0.4722,-2.4125,-9999.0000,0.3370,0,0,1.0000
79881,0.1154,0.6949,0.9877,-9999.0000,-9999.0000,0.2001,4.8580,0.5173,82.8497,0.1721,87.0824,0.2707,-1.9398,-9999.0000,1.1261,0,0,1.0000
79882,0.1819,0.0262,0.9423,-9999.0000,-9999.0000,-1.0428,4.8562,0.3343,82.7675,0.0287,87.0866,0.3409,-2.0432,-9999.0000,-7.6324,0,0,1.0000
79883,1.4975,-0.0565,2.0838,-9999.0000,-9999.0000,0.1441,4.8530,0.4401,82.6920,0.9601,87.0903,1.0150,-2.3220,-9999.0000,-1.2315,0,0,1.0000
79884,0.4454,0.4750,1.2874,-9999.0000,-9999.0000,-0.1652,4.8482,0.6060,82.6067,1.4548,87.0913,-0.1361,-2.3706,-9999.0000,-1.3789,0,0,1.0000
79885,0.0158,0.0043,1.1101,-9999.0000,-9999.0000,-0.5022,4.8446,0.8007,82.5281,1.5828,87.0949,3.2012,-3.7520,-9999.0000,-6.6506,0,0,1.0000
79886,-0.0450,0.0161,1.1951,-9999.0000,-9999.0000,0.5190,4.8443,1.0374,82.4552,0.3918,87.0941,2.7995,-2.5721,-9999.0000,-1.6378,0,0,1.0000
79887,0.0023,0.1773,0.6949,-9999.0000,-9999.0000,-0.8890,4.8427,0.4975,82.3818,0.3619,87.0901,1.8673,-2.1022,-9999.0000,0.1578,0,0,1.0000
79888,0.0525,0.8730,0.5286,-9999.0000,-9999.0000,-0.3016,4.8436,3.5935,82.3209,-0.1682,87.0903,1.4283,-2.5939,-9999.0000,2.3344,0,0,1.0000
79889,0.1267,0.2076,2.1421,-9999.0000,-9999.0000,-0.5031,4.8485,1.2131,82.2521,-0.1225,87.0859,-0.8744,-2.0708,-9999.0000,-5.3280,0,0,1.0000
79890,0.3914,0.0197,0.9537,-9999.0000,-9999.0000,-0.4718,4.8469,1.1688,82.2046,0.1290,87.0776,0.5792,-2.2901,-9999.0000,-4.4231,0,0,1.0000
79891,0.7623,-0.0687,0.7197,-9999.0000,-9999.0000,-0.8098,4.8446,0.8849,82.1671,0.1635,87.0772,-0.1947,-0.7529,-9999.0000,0.7878,0,0,1.0000
79892,0.2082,0.4887,0.3256,-9999.0000,-9999.0000,0.8404,4.8392,0.8525,82.1452,0.2272,87.0763,1.5425,-2.0247,-9999.0000,-7.0379,0,0,1.0000
79893,0.4109,0.0345,0.3236,-9999.0000,-9999.0000,-0.9655,4.8268,0.6009,82.1184,0.8954,87.0714,-0.0722,-1.3108,-9999.0000,10.7163,0,0,1.0000
79894,0.1810,0.7026,1.4009,-9999.0000,-9999.0000,0.2641,4.8216,0.6665,82.1009,4.3104,87.0699,-1.0402,-1.4354,-9999.0000,4.0986,0,0,1.0000
79895,0.4901,-0.0986,0.9462,-9999.0000,-9999.0000,-0.3879,4.8184,1.1955,82.0854,1.8842,87.0658,0.1209,-2.3631,-9999.0000,0.0561,0,0,1.0000
79896,0.4398,1.2883,0.6959,-9999.0000,-9999.0000,0.5050,4.8192,1.4943,82.0748,0.1465,87.0604,-0.6126,-2.8433,-9999.0000,-3.1970,0,0,1.0000
79897,0.2006,0.1381,0.3740,-9999.0000,-9999.0000,0.2958,4.8216,0.2696,82.0667,2.1758,87.0582,-2.3461,-2.1235,-9999.0000,5.3591,0,0,1.0000
79898,-0.0122,0.0479,0.8103,-9999.0000,-9999.0000,-0.5674,4.8176,0.2058,82.0659,1.6096,87.0523,-1.8731,-2.6268,-9999.0000,-3.9935,0,0,1.0000
79899,0.1278,0.3087,0.9029,-9999.0000,-9999.0000,-0.5780,4.8170,0.6200,82.0690,3.0679,87.0545,0.1369,-2.4404,-9999.0000,6.0294,0,0,1.0000
79900,0.0466,-0.0030,1.1861,-9999.0000,-9999.0000,-1.0061,4.8166,0.2588,82.0805,0.4322,87.0517,-3.4426,-1.7405,-9999.0000,-8.3680,0,0,1.0000
79901,0.4875,0.4356,0.3246,-9999.0000,-9999.0000,0.3713,4.8154,0.7120,82.1120,0.2511,87.0611,0.5064,-1.7314,-9999.0000,6.3393,0,0,1.0000
79902,1.1624,0.5304,0.6723,-9999.0000,-9999.0000,1.1151,4.8106,3.8274,82.1540,0.1149,87.0636,-0.4873,-2.8665,-9999.0000,4.3985,0,0,1.0000
79903,0.2037,0.4312,0.1913,-9999.0000,-9999.0000,-0.4894,4.8081,2.1185,82.2058,1.3731,87.0732,1.4202,-1.2068,-9999.0000,-5.4991,0,0,1.0000
79904,0.1513,0.3063,-0.0606,-9999.0000,-9999.0000,0.5723,4.8042,2.4366,82.2614,5.6338,87.0814,-0.1013,-1.4660,-9999.0000,1.8204,0,0,1.0000
79905,0.0522,0.1052,0.5881,-9999.0000,-9999.0000,-0.8350,4.7998,0.6698,82.3182,2.3210,87.0909,1.2866,-1.3723,-9999.0000,0.8642,0,0,1.0000
79906,0.1691,0.0062,0.1444,-9999.0000,-9999.0000,0.2699,4.7959,0.7251,82.3727,1.7305,87.1001,-0.1627,-3.0765,-9999.0000,4.7976,0,0,1.0000
79907,-0.0029,0.3521,0.2744,-9999.0000,-9999.0000,0.4397,4.7846,0.6470,82.4389,4.6628,87.1043,1.0338,-2.3301,-9999.0000,9.5109,0,0,1.0000
79908,0.1051,0.1449,1.2048,-9999.0000,-9999.0000,-0.1023,4.7807,0.4450,82.5209,4.7847,87.1164,0.2576,-1.7859,-9999.0000,-1.2394,0,0,1.0000
79909,-0.0509,0.0394,0.2466,-9999.0000,-9999.0000,0.0190,4.7799,0.6916,82.5944,0.6674,87.1163,0.8252,-2.1130,-9999.0000,-4.1137,0,0,1.0000
79910,0.5302,0.0211,0.6671,-9999.0000,-9999.0000,-0.5111,4.7777,0.9230,82.6515,0.5187,87.1232,0.8945,-2.4150,-9999.0000,0.8159,0,0,1.0000
79911,0.5152,0.7400,0.9453,-9999.0000,-9999.0000,-0.6746,4.7742,0.7664,82.6996,0.1248,87.1286,1.4028,-1.5197,-9999.0000,-0.2323,0,0,1.0000
79912,0.4334,0.4385,0.4829,-9999.0000,-9999.0000,0.7266,4.7686,1.9160,82.7569,1.4324,87.1337,0.5441,-0.1981,-9999.0000,-0.6456,0,0,1.0000
79913,0.4093,-0.0213,0.5135,-9999.0000,-9999.0000,0.0763,4.7578,0.9109,82.8154,1.1414,87.1363,-0.4275,0.5977,-9999.0000,-3.7907,0,0,1.0000
79914,0.5212,0.5787,0.4511,-9999.0000,-9999.0000,0.2961,4.7584,0.7744,82.8756,1.4092,87.1396,1.2511,-1.4701,-9999.0000,-6.3677,0,0,1.0000
79915,0.2469,0.3236,0.8436,-9999.0000,-9999.0000,0.6348,4.7586,1.2732,82.9292,1.4469,87.1377,-0.1831,-2.1442,-9999.0000,-1.3914,0,0,1.0000
79916,0.2049,0.0319,0.7412,-9999.0000,-9999.0000,-0.8868,4.7600,0.8427,82.9927,0.8069,87.1382,-0.9576,-1.4295,-9999.0000,-2.5824,0,0,1.0000
79917,-0.0057,0.1795,0.3519,-9999.0000,-9999.0000,-0.0769,4.7564,1.0577,83.0454,1.1588,87.1361,2.1348,-1.4659,-9999.0000,4.4903,0,0,1.0000
79918,0.2631,0.5594,0.8624,-9999.0000,-9999.0000,-0.3387,4.7416,0.7749,83.0953,3.0786,87.1284,0.5426,-2.6929,-9999.0000,-0.1919,0,0,1.0000
79919,0.4333,0.1911,0.3491,-9999.0000,-9999.0000,-0.2336,4.7350,0.5495,83.1406,8.9012,87.1192,2.5714,0.5853,-9999.0000,-7.1000,0,0,1.0000
79920,0.1467,-0.0313,1.0213,-9999.0000,-9999.0000,-1.3162,4.7310,0.5408,83.1780,0.9803,87.1072,0.9882,-0.4167,-9999.0000,-4.1167,0,0,1.0000
79921,0.6091,0.2572,1.4089,-9999.0000,-9999.0000,-0.6400,4.7336,0.5647,83.2021,0.8615,87.0905,1.7575,-0.2173,-9999.0000,3.9661,0,0,1.0000
79922,0.2327,0.1031,0.6683,-9999.0000,-9999.0000,0.8942,4.7321,1.1996,83.2073,0.0183,87.0796,-0.3353,-1.7033,-9999.0000,4.2771,0,0,1.0000
79923,0.2377,0.4430,2.0245,-9999.0000,-9999.0000,-0.4926,4.7303,1.8488,83.2211,0.2407,87.0710,-0.9322,-1.1253,-9999.0000,-8.3855,0,0,1.0000
79924,0.2513,0.1238,1.1476,-9999.0000,-9999.0000,0.5745,4.7258,3.8993,83.2375,0.7114,87.0642,0.0912,-0.9650,-9999.0000,0.2415,0,0,1.0000
79925,0.7504,0.0718,0.8568,-9999.0000,-9999.0000,0.3476,4.7308,1.8667,83.2469,1.6757,87.0614,-0.8844,-1.7709,-9999.0000,1.8778,0,0,1.0000
79926,0.4686,0.0292,1.0018,-9999.0000,-9999.0000,-0.4634,4.7288,1.9501,83.2506,1.8614,87.0532,-1.5006,-1.2658,-9999.0000,-10.3121,0,0,1.0000
79927,0.3958,0.2556,0.4996,-9999.0000,-9999.0000,-0.9156,4.7211,1.1147,83.2484,1.5472,87.0508,-0.1714,-1.7517,-9999.0000,-1.7428,0,0,1.0000
79928,0.4141,1.6928,0.6697,-9999.0000,-9999.0000,0.3813,4.7158,1.0269,83.2541,1.2091,87.0438,-0.5023,-2.8258,-9999.0000,2.7646,0,0,1.0000
79929,0.1696,3.6825,0.8805,-9999.0000,-9999.0000,-1.3370,4.7159,0.7354,83.2428,0.5204,87.0381,-1.2031,-2.0023,-9999.0000,1.6242,0,0,1.0000
79930,0.5113,1.2113,0.7653,-9999.0000,-9999.0000,-0.7585,4.7173,0.3617,83.2325,0.9952,87.0346,0.3735,-0.9117,-9999.0000,2.2796,0,0,1.0000
79931,0.1359,1.3503,2.0059,-9999.0000,-9999.0000,0.2784,4.7231,0.4455,83.2101,1.0206,87.0297,0.8761,-2.3436,-9999.0000,-3.4944,0,0,1.0000
79932,0.2830,0.0458,0.8840,-9999.0000,-9999.0000,0.3957,4.7224,0.6129,83.1816,4.3480,87.0309,0.8578,-2.0056,-9999.0000,-6.1488,0,0,1.0000
79933,0.1479,0.3828,0.5754,-9999.0000,-9999.0000,0.4623,4.7220,1.2191,83.1502,1.3559,87.0279,-0.8308,-1.3766,-9999.0000,2.1391,0,0,1.0000
79934,0.3222,0.0844,0.8966,-9999.0000,-9999.0000,0.8128,4.7125,0.8870,83.1058,1.8441,87.0245,-1.0761,-3.4269,-9999.0000,6.1757,0,0,1.0000
79935,1.1210,0.0069,0.4034,-9999.0000,-9999.0000,0.0316,4.7089,1.3869,83.0637,2.8532,87.0223,0.1528,-0.1679,-9999.0000,-2.6189,0,0,1.0000
79936,0.2148,-0.3779,1.4422,-9999.0000,-9999.0000,0.1898,4.7126,1.7921,83.0149,2.5988,87.0244,0.1450,-0.8435,-9999.0000,-6.7024,0,0,1.0000
79937,0.3472,0.0795,0.6549,-9999.0000,-9999.0000,-0.3657,4.7105,0.4917,82.9664,0.7008,87.0270,1.2443,-1.0384,-9999.0000,-0.4349,0,0,1.0000
79938,0.6950,-0.0084,3.4739,-9999.0000,-9999.0000,-0.3267,4.7092,1.3185,82.8980,0.7860,87.0207,1.6946,-0.3401,-9999.0000,-3.4355,0,0,1.0000
79939,0.6019,-0.1130,1.2106,-9999.0000,-9999.0000,0.4503,4.7089,1.8574,82.8245,2.7021,87.0182,-1.6533,-1.8168,-9999.0000,5.8404,0,0,1.0000
79940,0.3973,0.0133,1.8728,-9999.0000,-9999.0000,-1.2107,4.7065,0.8898,82.7458,1.5874,87.0152,1.2212,-0.7034,-9999.0000,10.2393,0,0,1.0000
79941,0.3680,0.3211,0.9585,-9999.0000,-9999.0000,-0.1439,4.7096,1.1820,82.6696,0.8081,87.0091,0.0381,-0.4290,-9999.0000,8.1638,0,0,1.0000
79942,0.2227,0.2096,0.8764,-9999.0000,-9999.0000,-0.2055,4.7091,0.8757,82.5913,0.5776,86.9992,0.6137,-1.1480,-9999.0000,-0.0503,0,0,1.0000
79943,1.0901,0.6546,0.8488,-9999.0000,-9999.0000,-0.1851,4.7029,2.3144,82.5046,2.8711,86.9849,-1.6530,-1.5954,-9999.0000,1.0243,0,0,1.0000
79944,1.1868,-0.0223,0.8308,-9999.0000,-9999.0000,0.8131,4.6927,2.9221,82.4165,2.6700,86.9764,-0.5205,-0.9846,-9999.0000,3.1996,0,0,1.0000
79945,0.4587,-0.0733,0.2882,-9999.0000,-9999.0000,-0.2434,4.6925,2.8507,82.3443,0.5046,86.9687,1.0379,-1.2508,-9999.0000,-1.6906,0,0,1.0000
79946,0.3113,-0.0625,0.2717,-9999.0000,-9999.0000,0.0852,4.6852,1.7617,82.2729,0.5169,86.9610,-0.8158,-1.9187,-9999.0000,3.4924,0,0,1.0000
79947,0.5043,0.4318,0.8205,-9999.0000,-9999.0000,-0.1734,4.6682,0.7564,82.1943,0.5116,86.9489,0.8226,-1.1917,-9999.0000,0.4536,0,0,1.0000
79948,0.1376,-0.2900,0.3386,-9999.0000,-9999.0000,-1.2214,4.6690,0.7482,82.0959,3.4795,86.9396,-1.0290,-1.2524,-9999.0000,-11.8855,0,0,1.0000
79949,5.3023,0.0790,0.3960,-9999.0000,-9999.0000,0.7828,4.6742,0.6549,82.0225,2.4316,86.9286,0.5127,-2.5990,-9999.0000,-7.9339,0,0,1.0000
79950,0.5114,0.3076,1.4549,-9999.0000,-9999.0000,0.1180,4.6768,0.7098,81.9557,0.5598,86.9155,0.9633,-1.0115,-9999.0000,-5.1879,0,0,1.0000
79951,0.1521,3.1683,1.4336,-9999.0000,-9999.0000,0.5255,4.6759,3.3883,81.8888,3.6854,86.9017,0.1971,-1.3731,-9999.0000,-2.8899,0,0,1.0000
79952,0.1468,0.3718,0.9310,-9999.0000,-9999.0000,-0.4683,4.6763,0.5161,81.8201,0.7690,86.8949,-1.4853,-1.6800,-9999.0000,-1.6202,0,0,1.0000
79953,0.9487,0.4003,0.7047,-9999.0000,-9999.0000,0.0960,4.6752,0.3347,81.7446,0.6873,86.8879,0.1025,0.0880,-9999.0000,-4.2538,0,0,1.0000
79954,0.4462,2.0175,1.3300,-9999.0000,-9999.0000,-1.2229,4.6725,2.0536,81.6951,2.2808,86.8832,-0.0824,-0.8333,-9999.0000,7.6656,0,0,1.0000
79955,0.0908,0.2510,1.2917,-9999.0000,-9999.0000,0.2025,4.6682,0.7196,81.6560,0.9077,86.8831,1.1934,-2.1410,-9999.0000,-2.7014,0,0,1.0000
79956,0.1951,-0.1245,0.9895,-9999.0000,-9999.0000,-0.1306,4.6689,0.5084,81.6257,1.0806,86.8820,1.0495,-0.9912,-9999.0000,-2.0256,0,0,1.0000
79957,1.3166,0.1110,0.5838,-9999.0000,-9999.0000,0.7294,4.6653,0.2961,81.5977,1.1811,86.8791,-0.3130,-0.2602,-9999.0000,-3.3802,0,0,1.0000
79958,0.3865,0.4443,0.5976,-9999.0000,-9999.0000,0.8667,4.6644,0.0746,81.5833,0.4781,86.8832,0.7599,-0.9854,-9999.0000,-2.8125,0,0,1.0000
79959,0.5119,-0.1405,0.6599,-9999.0000,-9999.0000,0.0678,4.6643,1.5740,81.5702,3.3485,86.8790,-2.1063,-1.9214,-9999.0000,4.5840,0,0,1.0000
79960,1.6667,0.0199,0.4905,-9999.0000,-9999.0000,1.0473,4.6540,0.5694,81.5627,0.8982,86.8859,-0.3049,-1.7911,-9999.0000,-5.0011,0,0,1.0000
79961,0.9014,-0.2513,0.7443,-9999.0000,-9999.0000,-0.1580,4.6519,0.5183,81.5631,0.2295,86.8901,-1.3792,-1.3027,-9999.0000,-0.5832,0,0,1.0000
79962,0.6587,-0.2661,1.0288,-9999.0000,-9999.0000,0.5165,4.6515,0.5280,81.5581,0.5535,86.8963,0.8608,-2.8708,-9999.0000,3.9475,0,0,1.0000
79963,0.2323,0.1619,0.3931,-9999.0000,-9999.0000,0.2609,4.6545,1.2018,81.5645,0.6721,86.9074,-0.3840,-2.5536,-9999.0000,5.4566,0,0,1.0000
79964,0.6814,-0.0865,0.5768,-9999.0000,-9999.0000,-0.5222,4.6554,0.7026,81.5864,0.4267,86.9207,-0.7432,-2.3183,-9999.0000,4.3040,0,0,1.0000
79965,0.2670,-0.1371,0.3317,-9999.0000,-9999.0000,-0.6242,4.6520,0.6752,81.6146,0.0652,86.9337,1.1726,-1.6359,-9999.0000,-3.5602,0,0,1.0000
79966,0.0389,-0.3007,0.3202,-9999.0000,-9999.0000,0.2473,4.6513,0.9450,81.6767,1.0621,86.9417,2.0311,0.2826,-9999.0000,0.5862,0,0,1.0000
79967,0.1694,-0.1111,0.5554,-9999.0000,-9999.0000,-0.9481,4.6403,0.8053,81.7234,0.2942,86.9542,1.7698,-0.9322,-9999.0000,2.3183,0,0,1.0000
79968,0.3373,-0.1025,0.7867,-9999.0000,-9999.0000,-1.2785,4.6383,0.8160,81.7887,0.3171,86.9633,0.0034,-2.1176,-9999.0000,-0.5886,0,0,1.0000
79969,0.6985,0.3045,1.4204,-9999.0000,-9999.0000,-0.3525,4.6379,4.4940,81.8516,0.0021,86.9629,-1.5236,-1.9370,-9999.0000,-1.1443,0,0,1.0000
79970,0.5713,-0.0057,0.7209,-9999.0000,-9999.0000,-0.5575,4.6390,3.2141,81.9266,1.5770,86.9632,1.3270,-0.9380,-9999.0000,12.2055,0,0,1.0000
79971,0.1047,0.0365,0.8972,-9999.0000,-9999.0000,-1.2155,4.6333,0.4893,82.0100,2.0945,86.9627,0.3245,-1.1218,-9999.0000,8.0215,0,0,1.0000
79972,0.7296,-0.0309,0.8539,-9999.0000,-9999.0000,-0.3008,4.6272,2.0206,82.1019,0.7529,86.9607,-0.5758,-2.7360,-9999.0000,4.8569,0,0,1.0000
79973,0.1435,-0.1707,0.8853,-9999.0000,-9999.0000,-0.4296,4.6296,1.1771,82.2038,0.4048,86.9656,-0.0926,-1.6946,-9999.0000,6.9624,0,0,1.0000
79974,0.1700,-0.2745,0.6196,-9999.0000,-9999.0000,0.9100,4.6267,0.6392,82.2844,0.2200,86.9646,-1.5563,-1.0090,-9999.0000,2.4630,0,0,1.0000
79975,0.7829,-0.2166,0.9345,-9999.0000,-9999.0000,0.3005,4.6254,0.4593,82.3774,0.3606,86.9638,0.3465,-0.4206,-9999.0000,2.2641,0,0,1.0000
79976,0.3901,-0.3771,2.0151,-9999.0000,-9999.0000,0.7148,4.6222,4.6082,82.4626,0.4273,86.9634,-2.4965,-2.3180,-9999.0000,2.6639,0,0,1.0000
79977,0.1767,-0.5002,1.3634,-9999.0000,-9999.0000,-0.9032,4.6245,3.7977,82.5417,3.0287,86.9563,0.3491,-1.2669,-9999.0000,1.4925,0,0,1.0000
79978,0.0870,-0.0535,0.6847,-9999.0000,-9999.0000,-0.7161,4.6256,1.0704,82.6200,2.3855,86.9406,-1.5602,-1.8310,-9999.0000,5.7891,0,0,1.0000
79979,0.7190,-0.1620,0.9441,-9999.0000,-9999.0000,0.3430,4.6232,1.7330,82.7107,1.6827,86.9379,0.7329,-2.3488,-9999.0000,1.4024,0,0,1.0000
79980,0.2729,-0.2792,0.5095,-9999.0000,-9999.0000,-0.6064,4.6195,2.2173,82.7987,0.6972,86.9279,1.5883,-2.6530,-9999.0000,-4.0902,0,0,1.0000
79981,0.0250,-0.3207,0.4997,-9999.0000,-9999.0000,0.6863,4.6138,1.2648,82.8778,1.1148,86.9169,-0.2552,-2.1493,-9999.0000,2.4808,0,0,1.0000
79982,0.1452,-0.2571,2.5629,-9999.0000,-9999.0000,-0.2113,4.6147,3.3689,82.9571,1.0543,86.9073,0.9276,-2.6042,-9999.0000,4.4794,0,0,1.0000
79983,0.0923,0.0272,1.0605,-9999.0000,-9999.0000,0.1175,4.6142,3.0841,83.0216,1.2956,86.8961,3.0872,-2.5255,-9999.0000,1.1184,0,0,1.0000
79984,0.7007,-0.1860,0.6486,-9999.0000,-9999.0000,-0.1817,4.6141,1.7596,83.0878,1.9733,86.8912,2.5829,-3.3004,-9999.0000,12.2583,0,0,1.0000
79985,0.1727,-0.1957,0.3472,-9999.0000,-9999.0000,-0.2568,4.6136,1.5401,83.1483,0.4282,86.8871,3.8017,-3.1072,-9999.0000,-5.4421,0,0,1.0000
79986,0.0603,0.5023,1.2321,-9999.0000,-9999.0000,-0.7542,4.6117,2.3836,83.2098,0.4156,86.8893,4.4827,-2.1029,-9999.0000,0.2605,0,0,1.0000
79987,0.6389,-0.0283,0.8271,-9999.0000,-9999.0000,0.6744,4.6104,1.4910,83.2730,1.3573,86.8872,3.6690,-2.7896,-9999.0000,-7.7201,0,0,1.0000
79988,0.3460,1.0973,0.5397,-9999.0000,-9999.0000,-0.0135,4.6101,0.7156,83.3345,-0.2888,86.8873,4.5169,-3.3433,-9999.0000,0.8449,0,0,1.0000
79989,0.3574,-0.1547,0.7206,-9999.0000,-9999.0000,0.4699,4.6069,1.4271,83.3935,1.3208,86.8917,3.1479,-3.6404,-9999.0000,1.0787,0,0,1.0000
79990,0.3201,-0.3495,0.9587,-9999.0000,-9999.0000,0.1446,4.6056,2.2349,83.4405,1.4916,86.9000,4.5834,-2.2775,-9999.0000,1.6393,0,0,1.0000
79991,0.3286,-0.3345,0.7983,-9999.0000,-9999.0000,-0.2980,4.6056,0.9002,83.4769,0.9024,86.9057,4.4931,-1.9421,-9999.0000,-2.0759,0,0,1.0000
79992,0.2937,-0.2509,0.1363,-9999.0000,-9999.0000,1.4086,4.6090,0.4929,83.5072,0.7365,86.9170,1.4613,-2.1033,-9999.0000,-1.9123,0,0,1.0000
