Data/Raw/WAGNER,NICK/firexaq-AOP-optical_DC8_20190803_R1.ict
51, 1001
Wagner, Nicholas L.
NOAA Earth System Research Laboratory
NOAA AOP instrument
FIREX-AQ
1, 1
2019, 08, 03, 2020, 04, 28
1
Time_start, seconds_past_midnight, seconds from midnight
18
1, 1, 1, 1, 1, 1, 1, 1, 1, 1, 1, 1, 1, 1, 1, 1, 1, 1
-9999, -9999, -9999, -9999, -9999, -9999, -9999, -9999, -9999, -9999, -9999, -9999, -9999, -9999, -9999, -9999, -9999, -9999
ext_dry_664, Mm-1, AerOpt_Extinction_InSitu_RHd_red_Total_PM2.5_STP
ext_dry_532, Mm-1, AerOpt_Extinction_InSitu_RHd_green_Total_PM2.5_STP
ext_dry_405, Mm-1, AerOpt_Extinction_InSitu_RHd_blue_Total_PM2.5_STP
abs_dry_664, Mm-1, AerOpt_Absorption_InSitu_RHd_red_Total_PM2.5_STP
abs_dry_532, Mm-1, AerOpt_Absorption_InSitu_RHd_green_Total_PM2.5_STP
abs_dry_405, Mm-1, AerOpt_Absorption_InSitu_RHd_blue_Total_PM2.5_STP
AOP_RH_dry, pct, Relative_humidity_of_dry_RH_channels
ext_medRH_664, Mm-1, AerOpt_Extinction_InSitu_RH80_red_Total_PM2.5_STP
AOP_RH_med, pct, Relative_humidity_of_medium_RH_channel
ext_highRH_664, Mm-1, AerOpt_Extinction_InSitu_RH85_red_Total_PM2.5_STP
AOP_RH_high, pct, Relative_humidity_of_high_RH_channel
ext_TD_664, Mm-1, AerOpt_ExtinctionTD_InSitu_RHd_blue_Total_PM2.5_STP
ext_TD_405, Mm-1, AerOpt_ExtinctionTD_InSitu_RHd_red_Total_PM2.5_STP
abs_TD_664, Mm-1, AerOpt_Absorption_InSitu_RHd_red_Total_PM2.5_STP
abs_TD_405, Mm-1, AerOpt_Absorption_InSitu_RHd_blue_Total_PM2.5_STP
AOP_TD_bypass_flag, pct, Flag_for_TD_Bypass_valve
AOP_filter_flag, pct, Flag_for_Filter_Valve
AOP_Dilution_ratio, pct, Applied_Dilution_Ratio_for_ext_channels
1
A leak compromised the data on the abs_dry_664 channel for the flight. This leak was related to the leak on the previous flight, which had been fixed incompletely. These data were removed.
18
PI_CONTACT_INFO: Address: NOAA ESRL Chemical Sciences Division, R/CSD2, 325 Broadway, Boulder, CO 80305. Email: nick.wagner@noaa.gov.
PLATFORM: NASA DC8
LOCATION: See the DC8 MetNav file, Based in Boise (BOI) and Salina, KS
ASSOCIATED_DATA: N/A
[...]
DATA_INFO: Mm-1:
UNCERTAINTY: The precision of the extinction measurements varies with aerosol loading and is +/-20% at 10 Mm-1 and +/-5% at 100 Mm-1. The accuracy of the dry measurement is +/-2% and depends on RH for the humidified measurements, +/-5% at 85% RH and +/-15% at 90% RH. For more details, see Langridge et al., Aerosol Science and Technology 45:1305-1318, 2011. Analysis of comparable measurements suggest incomplete mixing in the dilution system. Effective dilution for individual instruments can vary by +/- 30% compared to the reported flow-based dilution estimate. The absorption measurements have a high signal accuracy of 20%. The low signal precision varies with altitude and flight to flight, and is typically less than 10 Mm-1 for 1 second measurements.
ULOD_FLAG: -7777
ULOD_VALUE: N/A
LLOD_FLAG: -8888
LLOD_VALUE: N/A
DM_CONTACT_INFO: Gao Chen
PROJECT_INFO: FIREX-AQ
STIPULATIONS_ON_USE: NASA Data Policy. Contact with PI is encouraged.
OTHER_COMMENTS: N/A
REVISION: R1
R1: Absorption measurements have been corrected for pressure dependent microphone sensitivity. In-cloud data has been removed. R0: Final Data. 
Time_start, ext_dry_664, ext_dry_532, ext_dry_405, abs_dry_664, abs_dry_532, abs_dry_405, AOP_RH_dry, ext_medRH_664, AOP_RH_med, ext_highRH_664, AOP_RH_high, ext_TD_664, ext_TD_405, abs_TD_664, abs_TD_405, AOP_TD_bypass_flag, AOP_filter_flag, AOP_Dilution_ratio
[from data line 4940]
80368,20.6603,30.4389,27.7182,-9999.0000,0.3174,0.2658,5.9945,36.2577,82.7970,64.1544,93.9814,22.6699,28.7319,-3.2636,2.6077,1,0,7.8100
80369,14.1818,28.8261,34.0311,-9999.0000,-0.5855,0.2094,5.9896,24.6871,82.8865,25.4202,93.9855,24.0222,24.6373,-0.2204,-2.6134,1,0,7.8100
80370,11.6294,22.0963,18.9050,-9999.0000,-0.5858,0.7029,5.9908,23.9755,82.9728,21.6156,93.9919,25.0710,28.8165,0.3996,-1.7025,1,0,7.8100
80371,9.6097,20.7227,34.5663,-9999.0000,-0.9575,0.1655,5.9905,7.4522,83.0480,26.8451,93.9958,27.6884,30.4531,-0.5244,-1.4420,1,0,7.8100
80372,15.7947,28.0660,41.7880,-9999.0000,-0.5098,1.1707,5.9876,7.7683,83.0926,33.7627,94.0024,26.6845,27.9359,0.0124,-0.2253,1,0,7.8100
80373,13.4209,24.6327,28.2388,-9999.0000,-0.9002,-0.2101,5.9894,22.8711,83.1292,44.6271,94.0044,26.0427,28.4150,0.0833,-1.5063,1,0,7.8100
80374,11.8740,15.1134,35.9067,-9999.0000,-4.2984,0.8296,5.9850,22.4755,83.1599,64.0189,94.0097,29.9229,26.2743,-1.5613,-1.2593,1,0,7.8100
80375,22.6554,19.6350,31.2611,-9999.0000,0.0337,0.2866,5.9891,9.2265,83.1826,20.2276,94.0094,24.6247,24.8388,-0.2698,0.4724,1,0,7.8100
80376,15.9836,17.6761,34.6403,-9999.0000,-2.2611,1.4233,5.9881,13.6628,83.1955,32.9353,94.0117,19.5852,20.7150,1.2249,-2.0216,1,0,7.8100
80377,19.7629,18.5953,34.5163,-9999.0000,1.9851,0.7519,5.9831,22.1508,83.1963,26.0468,94.0173,14.3101,24.4267,-2.6430,1.0923,1,0,7.8100
80378,13.0491,23.5412,25.3220,-9999.0000,-0.9288,0.3487,5.9810,31.2949,83.1939,26.7414,94.0174,14.0034,24.3669,-1.0099,1.3222,1,0,7.8100
80379,16.4628,18.4441,33.2730,-9999.0000,-0.6251,0.2804,5.9645,20.1912,83.1927,43.4861,94.0212,19.5735,25.7064,2.0508,-4.5105,1,0,7.8100
80380,12.8359,19.6511,36.5234,-9999.0000,-0.9527,0.8909,5.9597,33.8000,83.1654,32.5748,94.0195,27.0311,23.7030,3.6916,1.2568,1,0,7.8100
80381,9.2891,24.2198,24.1940,-9999.0000,1.6427,0.2072,5.9539,11.9505,83.0930,46.0467,94.0261,18.0575,25.1298,2.0148,1.2779,1,0,7.8100
80382,9.1533,18.8217,26.0082,-9999.0000,-0.1715,0.7219,5.9524,7.5568,83.0005,19.6686,94.0278,16.7885,27.0260,-2.9692,-2.0520,1,0,7.8100
80383,15.1967,29.2488,27.2486,-9999.0000,-2.9653,1.2774,5.9545,20.4506,82.9121,24.0429,94.0252,20.0507,29.5160,-0.0270,-1.6561,1,0,7.8100
80384,18.0561,20.2059,30.7636,-9999.0000,0.0141,0.3266,5.9517,11.3764,82.7919,32.3557,94.0278,24.1293,28.4675,2.1878,-1.7955,1,0,7.8100
80385,13.7105,27.0833,31.6142,-9999.0000,0.5611,0.4920,5.9548,6.7406,82.6426,47.8527,94.0270,33.3282,28.7495,1.3746,0.2212,1,0,7.8100
80386,13.5178,25.6515,35.7785,-9999.0000,-0.8706,0.4751,5.9568,19.1141,82.4851,35.1559,94.0268,35.0531,31.4885,-2.2301,0.3498,1,0,7.8100
80387,14.4450,22.0525,47.5300,-9999.0000,-1.1631,0.5989,5.9503,40.2081,82.3155,15.4863,94.0257,28.0910,31.4072,0.4560,-1.8415,1,0,7.8100
80388,17.7102,23.9833,26.8351,-9999.0000,1.6094,0.5520,5.9400,17.6252,82.1672,26.5853,94.0255,27.6754,30.7648,-2.4037,-3.2301,1,0,7.8100
80389,23.2276,22.9805,35.3582,-9999.0000,-3.2347,1.5393,5.9345,7.4929,81.9889,34.9104,94.0276,28.0937,29.9791,0.9945,-1.0829,1,0,7.8100
80390,22.3556,16.7262,42.6699,-9999.0000,1.4135,0.7536,5.9418,8.1588,81.8175,20.4719,94.0213,26.7004,25.7011,2.5845,-4.2969,1,0,7.8100
80391,19.1837,17.7276,39.8623,-9999.0000,-1.3620,0.2022,5.9368,11.6950,81.6176,38.7812,94.0256,24.0327,26.4474,0.5976,-0.4210,1,0,7.8100
80392,15.4393,16.5019,48.7593,-9999.0000,-2.0076,-0.4089,5.9339,7.6266,81.4150,20.9329,94.0214,23.3988,33.2722,-0.1031,0.5805,1,0,7.8100
80393,17.8374,16.8454,37.0106,-9999.0000,0.5597,0.4701,5.9240,16.7758,81.2237,23.5583,94.0231,28.9037,27.8343,0.1359,-0.9518,1,0,7.8100
80394,13.2106,13.1569,39.1766,-9999.0000,-2.0691,0.4587,5.9203,25.6873,81.0358,32.4955,94.0217,21.0423,27.9890,-1.6107,0.1232,1,0,7.8100
80395,8.1172,10.6075,19.0933,-9999.0000,-0.9880,0.3491,5.9023,9.3377,80.8740,33.3117,94.0175,18.0646,29.0029,0.9578,-2.6658,1,0,7.8100
80396,7.5078,11.4192,13.2705,-9999.0000,-1.9854,-0.0002,5.8902,12.6157,80.7179,23.5926,94.0179,12.7918,24.5806,3.7421,-1.7128,1,0,7.8100
80397,5.9418,19.3721,17.0198,-9999.0000,0.2548,-0.1932,5.8912,13.2267,80.5655,18.2483,94.0148,13.0905,21.4152,-2.1320,-1.1900,1,0,7.8100
80398,9.1489,19.2281,22.4897,-9999.0000,1.2357,0.0889,5.8873,26.9851,80.4245,56.9121,94.0183,19.5313,25.2252,3.5941,2.8391,1,0,7.8100
80399,16.2088,17.6396,17.4731,-9999.0000,-0.2731,0.4876,5.8860,35.1711,80.2716,43.7412,94.0163,16.5930,21.9653,-0.1744,-1.4305,1,0,7.8100
80400,24.5560,11.6371,21.9529,-9999.0000,8.9126,-0.0374,5.8907,12.1132,80.1743,27.3240,94.0148,12.3666,21.4169,-0.1919,-0.6024,1,0,7.8100
80401,18.9981,11.5849,23.2752,-9999.0000,1.4465,0.4086,5.8877,11.9789,80.0908,30.6094,94.0176,19.7199,19.5728,0.9404,-0.7638,1,0,7.8100
80402,6.6630,16.2976,17.9830,-9999.0000,2.9850,-0.0051,5.8760,5.5164,80.0269,10.1805,94.0099,13.1455,17.8226,-0.0234,-0.4185,1,0,7.8100
80403,6.9853,6.8480,19.9176,-9999.0000,2.7328,0.5948,5.8661,12.1492,79.9708,20.8312,94.0143,13.0485,18.9066,-1.7499,-0.2962,1,0,7.8100
80404,6.0634,12.9238,19.8323,-9999.0000,-2.8500,-0.0496,5.8649,22.8998,79.9217,11.2680,94.0125,10.6335,20.4301,0.3739,-1.1501,1,0,7.8100
80405,10.4628,12.9633,13.6380,-9999.0000,1.3787,0.3367,5.8560,21.8545,79.9050,30.4733,94.0134,10.7284,14.4772,-2.8441,0.6137,1,0,7.8100
80406,6.9246,11.1674,19.6732,-9999.0000,1.4792,0.4241,5.8459,12.7677,79.8931,12.0340,94.0117,12.7132,15.8785,1.0866,-1.3144,1,0,7.8100
80407,14.0273,12.9755,26.1642,-9999.0000,4.5738,0.5865,5.8525,9.9614,79.8890,7.5045,94.0088,13.3556,15.4574,-4.4695,-2.4705,1,0,7.8100
80408,10.7107,14.0952,27.8424,-9999.0000,3.0254,-0.1633,5.8486,8.4319,79.8872,31.7838,94.0026,7.8125,17.4746,5.9168,-0.3148,1,0,7.8100
80409,6.3630,9.9956,19.5546,-9999.0000,1.3822,-0.4379,5.8501,8.9930,79.9000,25.7215,93.9978,6.3325,17.4977,0.4000,2.1689,1,0,7.8100
80410,12.1440,11.3553,20.5979,-9999.0000,0.3344,0.5178,5.8668,9.9310,79.9358,43.9268,93.9958,14.2053,19.8924,-1.4727,-0.1443,1,0,7.8100
80411,4.3652,10.2915,18.8266,-9999.0000,-0.7858,-0.2439,5.8565,6.0947,79.9997,33.3504,94.0073,16.6590,19.9562,-2.0611,-4.3593,1,0,7.8100
80412,12.1536,10.3232,23.7380,-9999.0000,2.5769,0.2534,5.8571,6.3762,80.0896,9.1250,94.0049,11.1665,23.9712,0.9979,2.1786,1,0,7.8100
80413,9.6559,12.0072,16.7881,-9999.0000,-0.8688,-0.2402,5.8544,11.3530,80.1783,65.3479,93.9932,8.1091,26.0857,-0.2801,-0.7285,1,0,7.8100
80414,3.1147,11.6120,20.3849,-9999.0000,-0.9008,0.0663,5.8502,4.9776,80.2850,24.0594,93.9955,9.2755,19.7544,4.4867,-2.2178,1,0,7.8100
80415,10.7711,11.3222,16.3252,-9999.0000,-0.1621,0.1815,5.8562,12.3864,80.4036,9.5384,94.0069,9.2185,14.3105,0.7773,0.1053,1,0,7.8100
80416,5.9007,11.8192,21.3126,-9999.0000,1.1168,0.7106,5.8547,4.4916,80.5107,17.3492,94.0101,13.3622,17.9773,-2.0058,-5.4887,1,0,7.8100
80417,9.1577,7.4276,11.9901,-9999.0000,0.2402,0.9218,5.8566,5.6785,80.6501,4.8856,94.0181,10.1287,17.0728,-0.1147,-0.2390,1,0,7.8100
80418,11.0444,9.7988,21.0337,-9999.0000,1.3131,-0.0067,5.8569,4.9625,80.7574,15.7165,94.0202,8.7709,14.7904,2.0026,-2.0199,1,0,7.8100
80419,10.9600,9.2994,24.6472,-9999.0000,-1.9553,0.6135,5.8489,13.0549,80.8923,81.3841,94.0174,18.3877,12.6398,-3.2496,-0.9954,1,0,7.8100
80420,9.9222,13.3339,21.4815,-9999.0000,0.4963,-0.2053,5.8487,32.6957,81.0281,12.4768,94.0230,13.4319,13.1885,2.7807,-3.4544,1,0,7.8100
80421,8.6389,21.1224,39.4976,-9999.0000,-1.8027,0.0763,5.8481,8.6750,81.1682,10.1384,94.0305,11.4717,17.4795,-1.7120,-1.0075,1,0,7.8100
80422,10.6901,17.5869,25.0903,-9999.0000,-1.3490,-0.7772,5.8483,23.7576,81.2959,10.7566,94.0350,12.5452,19.2381,1.5934,-2.0960,1,0,7.8100
80423,10.8455,13.6242,21.7784,-9999.0000,-2.0972,0.0186,5.8439,23.0375,81.4089,16.2019,94.0419,16.6447,19.7077,0.6905,1.6854,1,0,7.8100
80424,8.4817,25.5208,19.6210,-9999.0000,0.7125,0.1207,5.8337,8.0518,81.5420,25.2804,94.0467,11.8266,22.4026,1.2371,-5.1684,1,0,7.8100
80425,15.1312,23.9232,19.3012,-9999.0000,0.9286,0.3540,5.8368,16.6710,81.6809,31.0541,94.0542,13.3475,23.8314,2.9617,1.9283,1,0,7.8100
80426,8.2254,12.0312,25.6214,-9999.0000,0.9491,0.4106,5.8371,14.1647,81.8088,43.5513,94.0591,12.6900,25.4785,-9999.0000,-0.7122,1,0,7.8100
80427,15.9829,12.7392,32.9685,-9999.0000,1.4919,0.1777,5.8362,9.9316,81.9150,47.5541,94.0555,15.5563,26.3509,-9999.0000,-2.9163,1,0,7.8100
80428,12.6509,24.8067,24.0761,-9999.0000,7.4710,0.1640,5.8183,16.6161,82.0221,13.4793,94.0628,15.2402,21.7362,-9999.0000,-5.2814,1,0,7.8100
80429,15.9207,21.4498,22.2898,-9999.0000,1.8988,0.3884,5.8190,6.0400,82.1434,50.6997,94.0635,21.0025,22.8739,-9999.0000,0.9610,1,0,7.8100
80430,9.3083,24.8243,23.8505,-9999.0000,-1.8032,0.4507,5.8188,16.8732,82.2693,50.2555,94.0635,16.1290,21.5540,-9999.0000,-3.7266,1,0,7.8100
80431,10.7236,17.1762,29.1348,-9999.0000,-2.0626,1.0467,5.8094,12.6140,82.3821,24.3985,94.0646,17.0387,20.8123,-9999.0000,-0.8987,1,0,7.8100
80432,13.0475,20.0530,33.8164,-9999.0000,3.5457,0.9524,5.8028,17.8814,82.4938,12.6174,94.0682,21.1067,20.0884,-9999.0000,-0.5645,1,0,7.8100
80433,16.7505,12.6540,24.6565,-9999.0000,0.3370,0.2949,5.7948,18.5677,82.5982,10.7966,94.0748,14.3486,22.3198,-9999.0000,0.7197,1,0,7.8100
80434,10.8482,16.4443,19.9224,-9999.0000,-1.6745,0.8771,5.8027,16.9487,82.7064,43.0238,94.0833,13.8242,24.8728,-9999.0000,2.2100,1,0,7.8100
80435,9.2274,23.8463,28.0978,-9999.0000,2.0903,-0.0938,5.7900,29.7778,82.8022,15.6976,94.0878,13.9530,30.6293,-9999.0000,0.6156,1,0,7.8100
80436,11.9183,21.1700,28.9638,-9999.0000,1.1042,0.5352,5.8016,23.2636,82.8760,11.7839,94.0913,17.6936,26.9450,-9999.0000,-1.8568,1,0,7.8100
80437,18.1242,20.6853,34.4115,-9999.0000,2.2509,0.4497,5.8067,14.5627,82.9380,26.8793,94.0965,17.6300,24.6097,-9999.0000,3.0128,1,0,7.8100
80438,10.0740,25.9098,23.3419,-9999.0000,2.7125,0.4502,5.7991,49.5333,83.0052,14.2203,94.1039,18.9402,20.0638,-9999.0000,-9999.0000,1,0,7.8100
80439,7.0654,19.2423,-9999.0000,-9999.0000,-1.9425,0.7338,5.7954,13.0164,83.0891,24.5982,94.1154,16.5587,21.5516,-9999.0000,-9999.0000,1,0,7.8100
80440,7.7690,14.0614,-9999.0000,-9999.0000,1.2057,0.3208,5.7870,10.8603,83.1522,12.7993,94.1351,14.4634,18.4944,-9999.0000,-9999.0000,1,0,7.8100
80441,6.5264,-9999.0000,-9999.0000,-9999.0000,-0.0662,0.5906,5.7878,17.7194,83.1907,24.1292,94.1401,14.5506,19.5099,-9999.0000,-9999.0000,1,0,7.8100
80442,-9999.0000,-9999.0000,-9999.0000,-9999.0000,-0.3886,0.1088,5.7882,9.6168,83.2195,22.0538,94.1395,7.4819,25.1253,-9999.0000,-9999.0000,1,0,7.8100
80443,-9999.0000,-9999.0000,-9999.0000,-9999.0000,-9999.0000,-9999.0000,5.7875,-9999.0000,83.2583,-9999.0000,94.1538,-9999.0000,-9999.0000,-9999.0000,-9999.0000,1,0,7.8100
80444,-9999.0000,-9999.0000,-9999.0000,-9999.0000,-9999.0000,-9999.0000,5.7822,-9999.0000,83.2835,-9999.0000,94.1520,-9999.0000,-9999.0000,-9999.0000,-9999.0000,1,0,7.8100
80445,-9999.0000,-9999.0000,-9999.0000,-9999.0000,-9999.0000,-9999.0000,5.7733,-9999.0000,83.2897,-9999.0000,94.1567,-9999.0000,-9999.0000,-9999.0000,-9999.0000,1,0,7.8100
80446,-9999.0000,-9999.0000,-9999.0000,-9999.0000,-9999.0000,-9999.0000,5.7718,-9999.0000,83.2836,-9999.0000,94.1473,-9999.0000,-9999.0000,-9999.0000,-9999.0000,1,0,7.8100
80447,-9999.0000,-9999.0000,-9999.0000,-9999.0000,-9999.0000,-9999.0000,5.7734,-9999.0000,83.2881,-9999.0000,94.1612,-9999.0000,-9999.0000,-9999.0000,-9999.0000,1,0,7.8100
80448,-9999.0000,-9999.0000,-9999.0000,-9999.0000,-9999.0000,-9999.0000,5.7785,-9999.0000,83.2778,-9999.0000,94.1678,-9999.0000,-9999.0000,-9999.0000,-9999.0000,1,0,7.8100
80449,-9999.0000,-9999.0000,-9999.0000,-9999.0000,-9999.0000,-9999.0000,5.7815,-9999.0000,83.2525,-9999.0000,94.1654,-9999.0000,-9999.0000,-9999.0000,-9999.0000,1,0,7.8100
80450,-9999.0000,-9999.0000,-9999.0000,-9999.0000,-9999.0000,-9999.0000,5.7845,-9999.0000,83.1881,-9999.0000,94.1716,-9999.0000,-9999.0000,-9999.0000,-9999.0000,1,0,7.8100
80451,-9999.0000,-9999.0000,-9999.0000,-9999.0000,-9999.0000,-9999.0000,5.7849,-9999.0000,83.0786,-9999.0000,94.1626,-9999.0000,-9999.0000,-9999.0000,-9999.0000,1,0,7.8100
80452,-9999.0000,-9999.0000,-9999.0000,-9999.0000,-9999.0000,-9999.0000,5.7807,-9999.0000,82.9483,-9999.0000,94.1662,-9999.0000,-9999.0000,-9999.0000,-9999.0000,1,0,7.8100
80453,-9999.0000,-9999.0000,-9999.0000,-9999.0000,-9999.0000,-9999.0000,5.7778,-9999.0000,82.8119,-9999.0000,94.1751,-9999.0000,-9999.0000,-9999.0000,-9999.0000,1,1,7.8100
80454,-9999.0000,-9999.0000,-9999.0000,-9999.0000,-9999.0000,-9999.0000,5.7767,-9999.0000,82.6504,-9999.0000,94.1746,-9999.0000,-9999.0000,-9999.0000,-9999.0000,1,1,7.8100
80455,-9999.0000,-9999.0000,-9999.0000,-9999.0000,-9999.0000,-9999.0000,5.7689,-9999.0000,82.4725,-9999.0000,94.1648,-9999.0000,-9999.0000,-9999.0000,-9999.0000,1,1,7.8100
80456,-9999.0000,-9999.0000,-9999.0000,-9999.0000,-9999.0000,-9999.0000,5.7681,-9999.0000,82.2947,-9999.0000,94.1638,-9999.0000,-9999.0000,-9999.0000,-9999.0000,1,1,7.8100
80457,-9999.0000,-9999.0000,-9999.0000,-9999.0000,-9999.0000,-9999.0000,5.7582,-9999.0000,82.1223,-9999.0000,94.1690,-9999.0000,-9999.0000,-9999.0000,-9999.0000,1,1,7.8100
80458,-9999.0000,-9999.0000,-9999.0000,-9999.0000,-9999.0000,-9999.0000,5.7787,-9999.0000,81.9292,-9999.0000,94.1662,-9999.0000,-9999.0000,-9999.0000,-9999.0000,1,1,7.8100
80459,-9999.0000,-9999.0000,-9999.0000,-9999.0000,-9999.0000,-9999.0000,5.7701,-9999.0000,81.7495,-9999.0000,94.1701,-9999.0000,-9999.0000,-9999.0000,-9999.0000,1,1,7.8100
80460,-9999.0000,-9999.0000,-9999.0000,-9999.0000,-9999.0000,-9999.0000,5.7729,-9999.0000,81.5740,-9999.0000,94.1798,-9999.0000,-9999.0000,-9999.0000,-9999.0000,1,1,7.8100
80461,-9999.0000,-9999.0000,-9999.0000,-9999.0000,-9999.0000,-9999.0000,5.7716,-9999.0000,81.4137,-9999.0000,94.1858,-9999.0000,-9999.0000,-9999.0000,-9999.0000,1,1,7.8100
80462,-9999.0000,-9999.0000,-9999.0000,-9999.0000,-9999.0000,-9999.0000,5.7738,-9999.0000,81.2197,-9999.0000,94.1872,-9999.0000,-9999.0000,-9999.0000,-9999.0000,1,1,7.8100
80463,-9999.0000,-9999.0000,-9999.0000,-9999.0000,-9999.0000,-9999.0000,5.7683,-9999.0000,81.0438,-9999.0000,94.1941,-9999.0000,-9999.0000,-9999.0000,-9999.0000,1,1,7.8100
80464,-9999.0000,-9999.0000,-9999.0000,-9999.0000,-9999.0000,-9999.0000,5.7537,-9999.0000,80.8742,-9999.0000,94.1945,-9999.0000,-9999.0000,-9999.0000,-9999.0000,1,1,7.8100
80465,-9999.0000,-9999.0000,-9999.0000,-9999.0000,-9999.0000,-9999.0000,5.7519,-9999.0000,80.7370,-9999.0000,94.2049,-9999.0000,-9999.0000,-9999.0000,-9999.0000,1,1,7.8100
80466,-9999.0000,-9999.0000,-9999.0000,-9999.0000,-9999.0000,-9999.0000,5.7494,-9999.0000,80.6215,-9999.0000,94.2076,-9999.0000,-9999.0000,-9999.0000,-9999.0000,1,1,7.8100
80467,-9999.0000,-9999.0000,-9999.0000,-9999.0000,-9999.0000,-9999.0000,5.7527,-9999.0000,80.5273,-9999.0000,94.2056,-9999.0000,-9999.0000,-9999.0000,-9999.0000,1,1,7.8100
80468,-9999.0000,-9999.0000,-9999.0000,-9999.0000,-9999.0000,-9999.0000,5.7539,-9999.0000,80.4392,-9999.0000,94.2046,-9999.0000,-9999.0000,-9999.0000,-9999.0000,1,1,7.8100
80469,-9999.0000,-9999.0000,-9999.0000,-9999.0000,-9999.0000,-9999.0000,5.7476,-9999.0000,80.3581,-9999.0000,94.1951,-9999.0000,-9999.0000,-9999.0000,-9999.0000,1,1,7.8100
80470,-9999.0000,-9999.0000,-9999.0000,-9999.0000,-9999.0000,-9999.0000,5.7415,-9999.0000,80.2868,-9999.0000,94.1932,-9999.0000,-9999.0000,-9999.0000,-9999.0000,1,1,7.8100
80471,-9999.0000,-9999.0000,-9999.0000,-9999.0000,-9999.0000,-9999.0000,5.7396,-9999.0000,80.2394,-9999.0000,94.1946,-9999.0000,-9999.0000,-9999.0000,-9999.0000,1,1,7.8100
80472,-9999.0000,-9999.0000,-9999.0000,-9999.0000,-9999.0000,-9999.0000,5.7401,-9999.0000,80.2016,-9999.0000,94.1958,-9999.0000,-9999.0000,-9999.0000,-9999.0000,1,1,7.8100
80473,-9999.0000,-9999.0000,-9999.0000,-9999.0000,-9999.0000,-9999.0000,5.7551,-9999.0000,80.1737,-9999.0000,94.1974,-9999.0000,-9999.0000,-9999.0000,-9999.0000,1,1,7.8100
80474,-9999.0000,-9999.0000,-9999.0000,-9999.0000,-9999.0000,-9999.0000,5.7548,-9999.0000,80.1580,-9999.0000,94.1986,-9999.0000,-9999.0000,-9999.0000,-9999.0000,1,1,7.8100
