Data/Raw/WAGNER,NICK/firexaq-AOP-optical_DC8_20190716_R1.ict
51, 1001
Wagner, Nicholas L.
NOAA Earth System Research Laboratory
NOAA AOP instrument
FIREX-AQ
1, 1
2019, 07, 16, 2020, 04, 27
1
Time_start, seconds_past_midnight, seconds from midnight
18
1, 1, 1, 1, 1, 1, 1, 1, 1, 1, 1, 1, 1, 1, 1, 1, 1, 1
-9999, -9999, -9999, -9999, -9999, -9999, -9999, -9999, -9999, -9999, -9999, -9999, -9999, -9999, -9999, -9999, -9999, -9999
ext_dry_664, Mm-1, AerOpt_Extinction_InSitu_RHd_red_Total_PM2.5_STP
ext_dry_532, Mm-1, AerOpt_Extinction_InSitu_RHd_green_Total_PM2.5_STP
ext_dry_405, Mm-1, AerOpt_Extinction_InSitu_RHd_blue_Total_PM2.5_STP
abs_dry_664, Mm-1, AerOpt_Absorption_InSitu_RHd_red_Total_PM2.5_STP
abs_dry_532, Mm-1, AerOpt_Absorption_InSitu_RHd_green_Total_PM2.5_STP
abs_dry_405, Mm-1, AerOpt_Absorption_InSitu_RHd_blue_Total_PM2.5_STP
AOP_RH_dry, pct, Relative_humidity_of_dry_RH_channels
ext_medRH_664, Mm-1, AerOpt_Extinction_InSitu_RH80_red_Total_PM2.5_STP
AOP_RH_med, pct, Relative_humidity_of_medium_RH_channel
ext_highRH_664, Mm-1, AerOpt_Extinction_InSitu_RH85_red_Total_PM2.5_STP
AOP_RH_high, pct, Relative_humidity_of_high_RH_channel
ext_TD_664, Mm-1, AerOpt_ExtinctionTD_InSitu_RHd_blue_Total_PM2.5_STP
ext_TD_405, Mm-1, AerOpt_ExtinctionTD_InSitu_RHd_red_Total_PM2.5_STP
abs_TD_664, Mm-1, AerOpt_Absorption_InSitu_RHd_red_Total_PM2.5_STP
abs_TD_405, Mm-1, AerOpt_Absorption_InSitu_RHd_blue_Total_PM2.5_STP
AOP_TD_bypass_flag, pct, Flag_for_TD_Bypass_valve
AOP_filter_flag, pct, Flag_for_Filter_Valve
AOP_Dilution_ratio, pct, Applied_Dilution_Ratio_for_ext_channels
1
SPECIAL COMMENTS: In-cloud data has not been removed.
18
PI_CONTACT_INFO: Address: NOAA ESRL Chemical Sciences Division, R/CSD2, 325 Broadway, Boulder, CO 80305. Email: nick.wagner@noaa.gov.
PLATFORM: NASA DC8
LOCATION: See the DC8 MetNav file, Based in Boise (BOI) and Salina, KS
ASSOCIATED_DATA: N/A
[...]
DATA_INFO: Mm-1:
UNCERTAINTY: The precision of the extinction measurements varies with aerosol loading and is +/-20% at 10 Mm-1 and +/-5% at 100 Mm-1. The accuracy of the dry measurement is +/-2% and depends on RH for the humidified measurements, +/-5% at 85% RH and +/-15% at 90% RH. For more details, see Langridge et al., Aerosol Science and Technology 45:1305-1318, 2011. Analysis of comparable measurements suggest incomplete mixing in the dilution system. Effective dilution for individual instruments can vary by +/- 30% compared to the reported flow-based dilution estimate. The absorption measurements have a high signal accuracy of 20%. The low signal precision varies with altitude and flight to flight, and is typically less than 10 Mm-1 for 1 second measurements.
ULOD_FLAG: -7777
ULOD_VALUE: N/A
LLOD_FLAG: -8888
LLOD_VALUE: N/A
DM_CONTACT_INFO: Gao Chen
PROJECT_INFO: FIREX-AQ
STIPULATIONS_ON_USE: NASA Data Policy. Contact with PI is encouraged.
OTHER_COMMENTS: N/A
REVISION: R1
R1: Absorption measurements have been corrected for pressure dependent microphone sensitivity. R0: Final Data. 
Time_start, ext_dry_664, ext_dry_532, ext_dry_405, abs_dry_664, abs_dry_532, abs_dry_405, AOP_RH_dry, ext_medRH_664, AOP_RH_med, ext_highRH_664, AOP_RH_high, ext_TD_664, ext_TD_405, abs_TD_664, abs_TD_405, AOP_TD_bypass_flag, AOP_filter_flag, AOP_Dilution_ratio
[from data line 9087]
77992,6.2108,6.1554,12.4337,-9999.0000,-9999.0000,-9999.0000,22.5665,2.3491,60.5283,2.8254,59.5743,-9999.0000,1.9633,-9999.0000,-9999.0000,0,0,1.0000
77993,5.8246,8.5531,8.4554,-9999.0000,-9999.0000,-9999.0000,22.5620,4.1183,60.5353,7.5742,59.5735,-9999.0000,3.9322,-9999.0000,-9999.0000,0,0,1.0000
77994,5.7084,8.5022,13.0503,-9999.0000,-9999.0000,-9999.0000,22.5636,4.0182,60.5336,10.5284,59.5751,-9999.0000,3.4771,-9999.0000,-9999.0000,0,0,1.0000
77995,4.0849,6.9212,12.8121,-9999.0000,-9999.0000,-9999.0000,22.5683,4.5490,60.5347,11.3617,59.5749,-9999.0000,7.6204,-9999.0000,-9999.0000,0,0,1.0000
77996,7.3613,6.6129,8.9371,-9999.0000,-9999.0000,-9999.0000,22.5831,3.5512,60.5341,3.7006,59.5726,-9999.0000,3.8117,-9999.0000,-9999.0000,0,0,1.0000
77997,5.4386,6.6348,14.4718,-9999.0000,-9999.0000,-9999.0000,22.6099,3.3885,60.5406,3.4870,59.5833,-9999.0000,2.1909,-9999.0000,-9999.0000,0,0,1.0000
77998,5.2067,7.6333,12.9255,-9999.0000,-9999.0000,-9999.0000,22.6146,2.5449,60.5429,6.0811,59.5826,-9999.0000,2.9269,-9999.0000,-9999.0000,0,0,1.0000
77999,3.3981,6.5385,11.6036,-9999.0000,-9999.0000,-9999.0000,22.6131,5.0656,60.5388,6.2991,59.5759,-9999.0000,2.0566,-9999.0000,-9999.0000,0,0,1.0000
78000,4.8514,7.3466,20.9031,-9999.0000,-9999.0000,-9999.0000,22.6150,4.5473,60.5369,3.0478,59.5814,-9999.0000,1.8288,-9999.0000,-9999.0000,0,0,1.0000
78001,3.6046,5.5409,9.6242,-9999.0000,-9999.0000,-9999.0000,22.6182,6.9910,60.5287,3.9316,59.5760,-9999.0000,1.1228,-9999.0000,-9999.0000,0,0,1.0000
78002,4.9167,5.3980,10.8399,-9999.0000,-9999.0000,-9999.0000,22.6203,2.5644,60.5236,4.8154,59.5691,-9999.0000,2.1141,-9999.0000,-9999.0000,0,0,1.0000
78003,5.3922,5.6937,10.5969,-9999.0000,-9999.0000,-9999.0000,22.6276,2.4939,60.5167,3.7447,59.5612,-9999.0000,1.9803,-9999.0000,-9999.0000,0,0,1.0000
78004,5.5110,4.4928,10.8966,-9999.0000,-9999.0000,-9999.0000,22.6277,3.1568,60.4975,4.7201,59.5428,-9999.0000,5.8572,-9999.0000,-9999.0000,0,0,1.0000
78005,6.2489,5.3111,9.8425,-9999.0000,-9999.0000,-9999.0000,22.6320,8.8818,60.4736,8.8818,59.5231,-9999.0000,2.8957,-9999.0000,-9999.0000,0,0,1.0000
78006,5.9705,5.2688,8.3582,-9999.0000,-9999.0000,-9999.0000,22.6322,5.8351,60.4573,5.9541,59.5099,-9999.0000,2.2835,-9999.0000,-9999.0000,0,0,1.0000
78007,4.0782,4.1771,10.6371,-9999.0000,-9999.0000,-9999.0000,22.6341,6.4219,60.4405,3.7967,59.4876,-9999.0000,2.2795,-9999.0000,-9999.0000,0,0,1.0000
78008,4.9084,4.8648,10.4601,-9999.0000,-9999.0000,-9999.0000,22.6352,6.2257,60.4107,4.0940,59.4771,-9999.0000,1.6959,-9999.0000,-9999.0000,0,0,1.0000
78009,5.3248,4.9350,10.2569,-9999.0000,-9999.0000,-9999.0000,22.6394,5.4315,60.3888,9.4342,59.4622,-9999.0000,2.7242,-9999.0000,-9999.0000,0,0,1.0000
78010,4.9135,5.6943,15.9431,-9999.0000,-9999.0000,-9999.0000,22.6500,3.5104,60.3733,5.1179,59.4578,-9999.0000,6.0175,-9999.0000,-9999.0000,0,0,1.0000
78011,5.7054,5.0691,7.9061,-9999.0000,-9999.0000,-9999.0000,22.6555,8.5591,60.3669,4.6872,59.4455,-9999.0000,5.9525,-9999.0000,-9999.0000,0,0,1.0000
78012,4.8784,5.5644,11.8956,-9999.0000,-9999.0000,-9999.0000,22.6605,2.5459,60.3518,3.3419,59.4267,-9999.0000,2.2043,-9999.0000,-9999.0000,0,0,1.0000
78013,6.6721,5.7094,10.6274,-9999.0000,-9999.0000,-9999.0000,22.6851,2.1496,60.3392,5.1831,59.4046,-9999.0000,4.5831,-9999.0000,-9999.0000,0,0,1.0000
78014,7.3442,6.4103,9.2120,-9999.0000,-9999.0000,-9999.0000,22.6949,3.0772,60.3077,5.3074,59.3665,-9999.0000,3.7885,-9999.0000,-9999.0000,0,0,1.0000
78015,4.8404,5.9240,11.2835,-9999.0000,-9999.0000,-9999.0000,22.6937,3.1966,60.2780,3.9517,59.3267,-9999.0000,3.3844,-9999.0000,-9999.0000,0,0,1.0000
78016,6.0139,6.3515,10.1402,-9999.0000,-9999.0000,-9999.0000,22.7186,3.8615,60.2568,4.8200,59.3049,-9999.0000,5.6218,-9999.0000,-9999.0000,0,0,1.0000
78017,6.1135,7.2735,11.8644,-9999.0000,-9999.0000,-9999.0000,22.7200,4.6446,60.2255,2.3716,59.2913,-9999.0000,3.7987,-9999.0000,-9999.0000,0,0,1.0000
78018,4.7894,6.7598,10.5644,-9999.0000,-9999.0000,-9999.0000,22.7066,2.3856,60.2047,3.5316,59.2887,-9999.0000,4.4983,-9999.0000,-9999.0000,0,0,1.0000
78019,4.6988,5.8002,12.4957,-9999.0000,-9999.0000,-9999.0000,22.7096,4.1042,60.1905,3.8218,59.2773,-9999.0000,3.8661,-9999.0000,-9999.0000,0,0,1.0000
78020,3.7521,9.2084,9.4860,-9999.0000,-9999.0000,-9999.0000,22.7149,6.4636,60.1880,2.9228,59.2769,-9999.0000,2.9563,-9999.0000,-9999.0000,0,0,1.0000
78021,4.0831,12.1635,9.9583,-9999.0000,-9999.0000,-9999.0000,22.7229,4.2285,60.1874,5.0191,59.2753,-9999.0000,1.9987,-9999.0000,-9999.0000,0,0,1.0000
78022,5.5469,6.5383,15.3774,-9999.0000,-9999.0000,-9999.0000,22.7260,8.3332,60.1847,7.8839,59.2625,-9999.0000,1.0172,-9999.0000,-9999.0000,0,0,1.0000
78023,3.4409,6.2427,7.0810,-9999.0000,-9999.0000,-9999.0000,22.7326,2.2439,60.1896,8.1952,59.2630,-9999.0000,2.1212,-9999.0000,-9999.0000,0,0,1.0000
78024,3.5660,4.3492,11.0221,-9999.0000,-9999.0000,-9999.0000,22.7411,1.6388,60.1837,5.1818,59.2591,-9999.0000,3.5750,-9999.0000,-9999.0000,0,0,1.0000
78025,5.0756,5.6645,9.2274,-9999.0000,-9999.0000,-9999.0000,22.7461,3.3196,60.1759,12.6559,59.2569,-9999.0000,10.2646,-9999.0000,-9999.0000,0,0,1.0000
78026,4.1920,5.9531,7.3566,-9999.0000,-9999.0000,-9999.0000,22.7469,5.4831,60.1773,4.4459,59.2609,-9999.0000,3.4077,-9999.0000,-9999.0000,0,0,1.0000
78027,6.9826,5.0734,8.6685,-9999.0000,-9999.0000,-9999.0000,22.7543,10.4394,60.1799,3.4207,59.2576,-9999.0000,4.2880,-9999.0000,-9999.0000,0,0,1.0000
78028,4.5176,4.7174,10.3204,-9999.0000,-9999.0000,-9999.0000,22.7615,2.4109,60.1850,4.5533,59.2520,-9999.0000,19.2202,-9999.0000,-9999.0000,0,0,1.0000
78029,7.3686,6.3248,9.6577,-9999.0000,-9999.0000,-9999.0000,22.7757,4.0311,60.1905,3.0444,59.2516,-9999.0000,12.9182,-9999.0000,-9999.0000,0,0,1.0000
78030,2.5622,5.7286,8.6195,-9999.0000,-9999.0000,-9999.0000,22.7977,4.0476,60.1916,6.4717,59.2464,-9999.0000,6.7606,-9999.0000,-9999.0000,0,0,1.0000
78031,4.8232,3.3836,6.4976,-9999.0000,-9999.0000,-9999.0000,22.8070,3.7538,60.1958,7.7963,59.2540,-9999.0000,5.0575,-9999.0000,-9999.0000,0,0,1.0000
78032,4.7098,5.8297,6.7146,-9999.0000,-9999.0000,-9999.0000,22.7996,3.4374,60.1934,4.1939,59.2512,-9999.0000,4.2900,-9999.0000,-9999.0000,0,0,1.0000
78033,4.3821,8.1301,9.1769,-9999.0000,-9999.0000,-9999.0000,22.8080,2.2676,60.2094,3.0452,59.2599,-9999.0000,4.8767,-9999.0000,-9999.0000,0,0,1.0000
78034,6.9655,5.9621,8.4980,-9999.0000,-9999.0000,-9999.0000,22.8152,2.2276,60.2244,3.1434,59.2694,-9999.0000,3.5213,-9999.0000,-9999.0000,0,0,1.0000
78035,5.9645,6.3709,8.5063,-9999.0000,-9999.0000,-9999.0000,22.8148,4.2568,60.2334,7.2626,59.2750,-9999.0000,3.3106,-9999.0000,-9999.0000,0,0,1.0000
78036,3.0690,7.0256,9.6899,-9999.0000,-9999.0000,-9999.0000,22.8205,4.1658,60.2505,5.7989,59.2901,-9999.0000,1.4470,-9999.0000,-9999.0000,0,0,1.0000
78037,3.5183,5.7821,8.0006,-9999.0000,-9999.0000,-9999.0000,22.8373,1.7096,60.2721,2.9814,59.3045,-9999.0000,1.6035,-9999.0000,-9999.0000,0,0,1.0000
78038,2.9458,3.8629,12.4993,-9999.0000,-9999.0000,-9999.0000,22.8413,2.2493,60.2845,2.2932,59.3105,-9999.0000,1.9199,-9999.0000,-9999.0000,0,0,1.0000
78039,4.9655,5.0942,8.1530,-9999.0000,-9999.0000,-9999.0000,22.8657,1.8011,60.3027,4.1074,59.3243,-9999.0000,2.8412,-9999.0000,-9999.0000,0,0,1.0000
78040,6.4938,6.4619,9.9008,-9999.0000,-9999.0000,-9999.0000,22.8769,2.4137,60.3120,7.9401,59.3443,-9999.0000,2.4442,-9999.0000,-9999.0000,0,0,1.0000
78041,5.4918,4.1109,8.4347,-9999.0000,-9999.0000,-9999.0000,22.8706,7.6605,60.3415,3.1242,59.3574,-9999.0000,2.6376,-9999.0000,-9999.0000,0,0,1.0000
78042,3.5011,6.6556,8.6596,-9999.0000,-9999.0000,-9999.0000,22.8771,6.4967,60.3761,3.2916,59.3859,-9999.0000,3.1305,-9999.0000,-9999.0000,0,0,1.0000
78043,2.5985,5.1788,7.4080,-9999.0000,-9999.0000,-9999.0000,22.8751,5.7922,60.4098,3.2889,59.4004,-9999.0000,3.1522,-9999.0000,-9999.0000,0,0,1.0000
78044,2.7383,4.2163,10.1258,-9999.0000,-9999.0000,-9999.0000,22.8769,1.6844,60.4322,3.8207,59.4146,-9999.0000,25.5228,-9999.0000,-9999.0000,0,0,1.0000
78045,3.0306,5.4443,8.2906,-9999.0000,-9999.0000,-9999.0000,22.8819,2.0066,60.4477,3.3743,59.4449,-9999.0000,19.9234,-9999.0000,-9999.0000,0,0,1.0000
78046,3.3711,7.7827,8.1057,-9999.0000,-9999.0000,-9999.0000,22.8816,2.0415,60.4725,3.6837,59.4785,-9999.0000,9.3377,-9999.0000,-9999.0000,0,0,1.0000
78047,4.0671,4.5904,7.1756,-9999.0000,-9999.0000,-9999.0000,22.8843,1.8820,60.4976,6.5049,59.5216,-9999.0000,9.5501,-9999.0000,-9999.0000,0,0,1.0000
78048,4.4778,6.0374,8.6184,-9999.0000,-9999.0000,-9999.0000,22.8840,2.5462,60.5269,4.3860,59.5525,-9999.0000,7.7441,-9999.0000,-9999.0000,0,0,1.0000
78049,4.7130,6.6219,9.9039,-9999.0000,-9999.0000,-9999.0000,22.8840,5.9763,60.5586,3.0788,59.5784,-9999.0000,5.5566,-9999.0000,-9999.0000,0,0,1.0000
78050,6.0826,5.3198,9.0692,-9999.0000,-9999.0000,-9999.0000,22.8863,4.7328,60.5806,3.8753,59.5858,-9999.0000,11.7693,-9999.0000,-9999.0000,0,0,1.0000
78051,5.7795,8.0973,13.0512,-9999.0000,-9999.0000,-9999.0000,22.8902,2.3526,60.5942,6.9726,59.5919,-9999.0000,13.9714,-9999.0000,-9999.0000,0,0,1.0000
78052,5.2830,6.9366,12.5752,-9999.0000,-9999.0000,-9999.0000,22.8920,4.3027,60.6021,10.6512,59.5971,-9999.0000,2.7129,-9999.0000,-9999.0000,0,0,1.0000
78053,5.5682,6.7239,14.0208,-9999.0000,-9999.0000,-9999.0000,22.8965,5.3482,60.5982,2.9712,59.5991,-9999.0000,2.7183,-9999.0000,-9999.0000,0,0,1.0000
78054,4.9955,9.6636,13.3740,-9999.0000,-9999.0000,-9999.0000,22.9046,5.1538,60.6025,3.9538,59.5952,-9999.0000,3.2968,-9999.0000,-9999.0000,0,0,1.0000
78055,5.1300,8.0814,8.2360,-9999.0000,-9999.0000,-9999.0000,22.9168,2.4861,60.6039,4.8312,59.5936,-9999.0000,3.2381,-9999.0000,-9999.0000,0,0,1.0000
78056,5.6336,10.2753,9.4006,-9999.0000,-9999.0000,-9999.0000,22.9214,2.6689,60.6046,4.2010,59.5866,-9999.0000,3.3631,-9999.0000,-9999.0000,0,0,1.0000
78057,8.4247,7.7478,12.6630,-9999.0000,-9999.0000,-9999.0000,22.9222,3.1874,60.6057,4.3918,59.5748,-9999.0000,3.3665,-9999.0000,-9999.0000,0,0,1.0000
78058,4.7229,6.2239,11.0788,-9999.0000,-9999.0000,-9999.0000,22.9424,2.1040,60.6099,3.4019,59.5665,-9999.0000,3.8238,-9999.0000,-9999.0000,0,0,1.0000
78059,7.0076,5.3192,8.1413,-9999.0000,-9999.0000,-9999.0000,22.9542,3.2044,60.6007,4.9193,59.5601,-9999.0000,4.0875,-9999.0000,-9999.0000,0,0,1.0000
78060,8.1565,5.4808,11.3732,-9999.0000,-9999.0000,-9999.0000,22.9579,1.5742,60.5979,3.6462,59.5601,-9999.0000,4.8095,-9999.0000,-9999.0000,0,0,1.0000
78061,7.6025,5.7300,9.7713,-9999.0000,-9999.0000,-9999.0000,22.9610,4.3576,60.5875,2.6625,59.5478,-9999.0000,5.0465,-9999.0000,-9999.0000,0,0,1.0000
78062,4.6351,9.5525,12.7753,-9999.0000,-9999.0000,-9999.0000,22.9614,3.4202,60.5778,6.7039,59.5264,-9999.0000,2.8264,-9999.0000,-9999.0000,0,0,1.0000
78063,5.5650,6.6560,10.4816,-9999.0000,-9999.0000,-9999.0000,22.9641,5.3439,60.5486,4.4535,59.4914,-9999.0000,2.6976,-9999.0000,-9999.0000,0,0,1.0000
78064,5.1183,8.2313,8.2498,-9999.0000,-9999.0000,-9999.0000,22.9756,5.0244,60.5103,3.2350,59.4526,-9999.0000,3.8881,-9999.0000,-9999.0000,0,0,1.0000
78065,2.8720,4.7885,10.4312,-9999.0000,-9999.0000,-9999.0000,22.9944,8.4422,60.4678,3.5405,59.4179,-9999.0000,6.7123,-9999.0000,-9999.0000,0,0,1.0000
78066,3.3514,10.2255,11.8688,-9999.0000,-9999.0000,-9999.0000,23.0015,3.0111,60.4304,5.0792,59.3826,-9999.0000,4.6953,-9999.0000,-9999.0000,0,0,1.0000
78067,6.7253,6.4461,9.2975,-9999.0000,-9999.0000,-9999.0000,23.0052,2.5828,60.3953,8.2971,59.3428,-9999.0000,3.4941,-9999.0000,-9999.0000,0,0,1.0000
78068,6.4255,5.0713,9.1291,-9999.0000,-9999.0000,-9999.0000,23.0056,3.1230,60.3715,6.0420,59.3152,-9999.0000,17.8038,-9999.0000,-9999.0000,0,0,1.0000
78069,3.5811,5.8900,8.7757,-9999.0000,-9999.0000,-9999.0000,23.0046,3.9820,60.3237,2.6105,59.2732,-9999.0000,16.5755,-9999.0000,-9999.0000,0,0,1.0000
78070,4.1450,7.6776,9.4015,-9999.0000,-9999.0000,-9999.0000,23.0062,3.4094,60.2774,2.3974,59.2298,-9999.0000,9.6080,-9999.0000,-9999.0000,0,0,1.0000
78071,8.7679,7.8483,9.3974,-9999.0000,-9999.0000,-9999.0000,23.0090,1.8018,60.2115,4.1760,59.1749,-9999.0000,5.6814,-9999.0000,-9999.0000,0,0,1.0000
78072,7.8096,7.5635,10.5997,-9999.0000,-9999.0000,-9999.0000,23.0085,2.2857,60.1482,5.7463,59.1185,-9999.0000,2.1638,-9999.0000,-9999.0000,0,0,1.0000
78073,5.1473,8.7354,9.0836,-9999.0000,-9999.0000,-9999.0000,23.0092,3.2111,60.0806,3.0758,59.0618,-9999.0000,12.9545,-9999.0000,-9999.0000,0,0,1.0000
78074,7.7414,10.4458,9.6602,-9999.0000,-9999.0000,-9999.0000,23.0073,3.9737,60.0205,2.9382,59.0036,-9999.0000,7.1472,-9999.0000,-9999.0000,0,0,1.0000
78075,5.4908,5.2424,9.7692,-9999.0000,-9999.0000,-9999.0000,23.0168,4.7817,59.9657,2.5764,58.9640,-9999.0000,2.2154,-9999.0000,-9999.0000,0,0,1.0000
78076,3.4889,6.0592,13.5845,-9999.0000,-9999.0000,-9999.0000,23.0701,2.7454,59.9251,2.5168,58.9248,-9999.0000,5.2722,-9999.0000,-9999.0000,0,0,1.0000
78077,5.2946,8.7055,10.0814,-9999.0000,-9999.0000,-9999.0000,23.0749,2.4696,59.8963,7.0628,58.9008,-9999.0000,4.5328,-9999.0000,-9999.0000,0,0,1.0000
78078,6.4029,5.8849,9.7722,-9999.0000,-9999.0000,-9999.0000,23.0813,5.9537,59.8749,7.0014,58.8593,-9999.0000,3.0109,-9999.0000,-9999.0000,0,0,1.0000
78079,5.0701,5.8037,11.8167,-9999.0000,-9999.0000,-9999.0000,23.0870,3.7598,59.8391,3.7907,58.8257,-9999.0000,2.8120,-9999.0000,-9999.0000,0,0,1.0000
78080,6.8160,8.1296,12.9845,-9999.0000,-9999.0000,-9999.0000,23.0884,5.3035,59.7935,3.1458,58.7958,-9999.0000,4.4793,-9999.0000,-9999.0000,0,0,1.0000
78081,3.3932,5.8249,12.9260,-9999.0000,-9999.0000,-9999.0000,23.0963,3.4874,59.7528,2.9843,58.7799,-9999.0000,3.8344,-9999.0000,-9999.0000,0,0,1.0000
78082,4.1247,5.8413,10.4568,-9999.0000,-9999.0000,-9999.0000,23.1060,3.6362,59.7182,4.7116,58.7621,-9999.0000,3.8373,-9999.0000,-9999.0000,0,0,1.0000
78083,5.4832,6.7093,10.9894,-9999.0000,-9999.0000,-9999.0000,23.1079,7.7522,59.7053,5.0823,58.7621,-9999.0000,2.1147,-9999.0000,-9999.0000,0,0,1.0000
78084,5.2394,5.4639,9.7884,-9999.0000,-9999.0000,-9999.0000,23.1090,2.2291,59.6915,6.7797,58.7561,-9999.0000,2.2423,-9999.0000,-9999.0000,0,0,1.0000
78085,3.6835,5.5085,8.9383,-9999.0000,-9999.0000,-9999.0000,23.1069,2.2099,59.6830,6.4021,58.7528,-9999.0000,2.9002,-9999.0000,-9999.0000,0,0,1.0000
78086,2.6044,4.1560,7.7874,-9999.0000,-9999.0000,-9999.0000,23.1086,2.2410,59.6721,8.1043,58.7556,-9999.0000,6.7093,-9999.0000,-9999.0000,0,0,1.0000
78087,4.5686,6.7784,14.7391,-9999.0000,-9999.0000,-9999.0000,23.1092,7.6083,59.6613,8.6614,58.7545,-9999.0000,4.0466,-9999.0000,-9999.0000,0,0,1.0000
78088,5.7244,4.9359,8.1926,-9999.0000,-9999.0000,-9999.0000,23.1065,3.8111,59.6529,5.7153,58.7538,-9999.0000,3.1417,-9999.0000,-9999.0000,0,0,1.0000
78089,5.0358,6.6760,8.6785,-9999.0000,-9999.0000,-9999.0000,23.1116,4.1780,59.6566,6.4310,58.7655,-9999.0000,1.9368,-9999.0000,-9999.0000,0,0,1.0000
78090,2.4208,5.2221,8.0563,-9999.0000,-9999.0000,-9999.0000,23.1071,2.6526,59.6611,9.2037,58.7884,-9999.0000,2.2185,-9999.0000,-9999.0000,0,0,1.0000
78091,5.3011,8.2337,10.6976,-9999.0000,-9999.0000,-9999.0000,23.1089,4.0272,59.6690,6.8726,58.8222,-9999.0000,1.7699,-9999.0000,-9999.0000,0,0,1.0000
78092,2.9344,10.6133,15.6718,-9999.0000,-9999.0000,-9999.0000,23.1251,2.6791,59.6765,9.3618,58.8446,-9999.0000,1.5816,-9999.0000,-9999.0000,0,0,1.0000
78093,6.5534,6.9296,11.9211,-9999.0000,-9999.0000,-9999.0000,23.1309,2.3472,59.6803,9.0973,58.8525,-9999.0000,1.6016,-9999.0000,-9999.0000,0,0,1.0000
78094,3.6058,4.8654,8.5049,-9999.0000,-9999.0000,-9999.0000,23.1228,2.1739,59.6937,3.5368,58.8664,-9999.0000,1.4687,-9999.0000,-9999.0000,0,0,1.0000
78095,3.2856,4.9933,9.5474,-9999.0000,-9999.0000,-9999.0000,23.1243,6.1476,59.7035,6.3179,58.8717,-9999.0000,1.3380,-9999.0000,-9999.0000,0,0,1.0000
78096,2.7335,4.0144,11.0989,-9999.0000,-9999.0000,-9999.0000,23.1305,3.5785,59.7145,3.2508,58.8855,-9999.0000,11.6549,-9999.0000,-9999.0000,0,0,1.0000
78097,5.6058,8.4493,9.3896,-9999.0000,-9999.0000,-9999.0000,23.1320,4.0262,59.7257,3.7830,58.8872,-9999.0000,5.1015,-9999.0000,-9999.0000,0,0,1.0000
