Data/Raw/WAGNER,NICK/firexaq-AOP-optical_DC8_20190717_R1_L2.ict
51, 1001
Wagner, Nicholas L.
NOAA Earth System Research Laboratory
NOAA AOP instrument
FIREX-AQ
1, 1
2019, 07, 17, 2020, 04, 27
1
Time_start, seconds_past_midnight, seconds from midnight
18
1, 1, 1, 1, 1, 1, 1, 1, 1, 1, 1, 1, 1, 1, 1, 1, 1, 1
-9999, -9999, -9999, -9999, -9999, -9999, -9999, -9999, -9999, -9999, -9999, -9999, -9999, -9999, -9999, -9999, -9999, -9999
ext_dry_664, Mm-1, AerOpt_Extinction_InSitu_RHd_red_Total_PM2.5_STP
ext_dry_532, Mm-1, AerOpt_Extinction_InSitu_RHd_green_Total_PM2.5_STP
ext_dry_405, Mm-1, AerOpt_Extinction_InSitu_RHd_blue_Total_PM2.5_STP
abs_dry_664, Mm-1, AerOpt_Absorption_InSitu_RHd_red_Total_PM2.5_STP
abs_dry_532, Mm-1, AerOpt_Absorption_InSitu_RHd_green_Total_PM2.5_STP
abs_dry_405, Mm-1, AerOpt_Absorption_InSitu_RHd_blue_Total_PM2.5_STP
AOP_RH_dry, pct, Relative_humidity_of_dry_RH_channels
ext_medRH_664, Mm-1, AerOpt_Extinction_InSitu_RH80_red_Total_PM2.5_STP
AOP_RH_med, pct, Relative_humidity_of_medium_RH_channel
ext_highRH_664, Mm-1, AerOpt_Extinction_InSitu_RH85_red_Total_PM2.5_STP
AOP_RH_high, pct, Relative_humidity_of_high_RH_channel
ext_TD_664, Mm-1, AerOpt_ExtinctionTD_InSitu_RHd_blue_Total_PM2.5_STP
ext_TD_405, Mm-1, AerOpt_ExtinctionTD_InSitu_RHd_red_Total_PM2.5_STP
abs_TD_664, Mm-1, AerOpt_Absorption_InSitu_RHd_red_Total_PM2.5_STP
abs_TD_405, Mm-1, AerOpt_Absorption_InSitu_RHd_blue_Total_PM2.5_STP
AOP_TD_bypass_flag, pct, Flag_for_TD_Bypass_valve
AOP_filter_flag, pct, Flag_for_Filter_Valve
AOP_Dilution_ratio, pct, Applied_Dilution_Ratio_for_ext_channels
1
SPECIAL COMMENTS: In-cloud data has not been removed.
18
PI_CONTACT_INFO: Address: NOAA ESRL Chemical Sciences Division, R/CSD2, 325 Broadway, Boulder, CO 80305. Email: nick.wagner@noaa.gov.
PLATFORM: NASA DC8
LOCATION: See the DC8 MetNav file, Based in Boise (BOI) and Salina, KS
ASSOCIATED_DATA: N/A
[...]
DATA_INFO: Mm-1:
UNCERTAINTY: The precision of the extinction measurements varies with aerosol loading and is +/-20% at 10 Mm-1 and +/-5% at 100 Mm-1. The accuracy of the dry measurement is +/-2% and depends on RH for the humidified measurements, +/-5% at 85% RH and +/-15% at 90% RH. For more details, see Langridge et al., Aerosol Science and Technology 45:1305-1318, 2011. Analysis of comparable measurements suggest incomplete mixing in the dilution system. Effective dilution for individual instruments can vary by +/- 30% compared to the reported flow-based dilution estimate. The absorption measurements have a high signal accuracy of 20%. The low signal precision varies with altitude and flight to flight, and is typically less than 10 Mm-1 for 1 second measurements.
ULOD_FLAG: -7777
ULOD_VALUE: N/A
LLOD_FLAG: -8888
LLOD_VALUE: N/A
DM_CONTACT_INFO: Gao Chen
PROJECT_INFO: FIREX-AQ
STIPULATIONS_ON_USE: NASA Data Policy. Contact with PI is encouraged.
OTHER_COMMENTS: N/A
REVISION: R1
R1: Absorption measurements have been corrected for pressure dependent microphone sensitivity. R0: Final Data.
Time_start, ext_dry_664, ext_dry_532, ext_dry_405, abs_dry_664, abs_dry_532, abs_dry_405, AOP_RH_dry, ext_medRH_664, AOP_RH_med, ext_highRH_664, AOP_RH_high, ext_TD_664, ext_TD_405, abs_TD_664, abs_TD_405, AOP_TD_bypass_flag, AOP_filter_flag, AOP_Dilution_ratio
[from data line 10004]
84429,-9999.0000,-9999.0000,-9999.0000,-9999.0000,-9999.0000,-9999.0000,25.0425,-9999.0000,81.2975,-9999.0000,85.3572,-9999.0000,-9999.0000,-9999.0000,-9999.0000,0,0,1.0000
84430,40.8036,55.5241,90.7501,-9999.0000,-9999.0000,-9999.0000,25.0447,57.8337,81.4281,55.6067,85.3459,-9999.0000,-9999.0000,-9999.0000,-9999.0000,0,0,1.0000
84431,38.8288,58.8507,86.1380,-9999.0000,-9999.0000,-9999.0000,25.0597,48.6434,81.5591,63.2917,85.3481,-9999.0000,-9999.0000,-9999.0000,-9999.0000,0,0,1.0000
84432,41.2834,57.3664,97.1062,-9999.0000,-9999.0000,-9999.0000,25.0754,62.9713,81.6675,67.6381,85.3478,-9999.0000,-9999.0000,-9999.0000,-9999.0000,0,0,1.0000
84433,36.6866,53.2454,88.8214,-9999.0000,-1.5896,-9999.0000,25.0964,54.2896,81.7803,74.9320,85.3497,-9999.0000,-9999.0000,-9999.0000,-9999.0000,0,0,1.0000
84434,38.2350,57.6782,87.9329,-9999.0000,-6.1834,-9999.0000,25.0778,53.9780,81.8732,74.3215,85.3433,-9999.0000,-9999.0000,-9999.0000,-9999.0000,0,0,1.0000
84435,32.8718,62.1071,87.3388,-9999.0000,-0.5235,-9999.0000,25.0837,49.4182,81.9554,66.8475,85.3767,-9999.0000,-9999.0000,-9999.0000,-9999.0000,0,0,1.0000
84436,41.9924,64.3187,88.0186,-9999.0000,-2.5103,-9999.0000,25.0803,57.6488,82.0239,101.3053,85.4097,-9999.0000,-9999.0000,-9999.0000,-9999.0000,0,0,1.0000
84437,39.9362,58.4341,85.1169,-9999.0000,-3.4105,-9999.0000,25.0735,68.2886,82.0735,54.3803,85.4492,-9999.0000,-9999.0000,-9999.0000,-9999.0000,0,0,1.0000
84438,41.9692,58.0040,96.3643,-9999.0000,-5.8135,-9999.0000,25.0737,72.5754,82.1250,69.0627,85.4931,-9999.0000,-9999.0000,-9999.0000,-9999.0000,0,0,1.0000
84439,43.0072,56.6592,89.1362,-9999.0000,-3.7210,-9999.0000,25.0799,63.6795,82.1517,70.5833,85.5185,-9999.0000,-9999.0000,-9999.0000,-9999.0000,0,0,1.0000
84440,40.7034,64.2144,94.5402,-9999.0000,-5.3783,-9999.0000,25.0833,55.0729,82.1597,71.8088,85.5338,-9999.0000,-9999.0000,-9999.0000,-9999.0000,0,0,1.0000
84441,42.0808,58.4726,88.2170,-9999.0000,-7.2230,-9999.0000,25.0890,66.4274,82.1621,56.1513,85.5591,-9999.0000,-9999.0000,-9999.0000,-9999.0000,0,0,1.0000
84442,46.0740,59.6879,98.3042,-9999.0000,-1.3533,-9999.0000,25.0949,64.8001,82.1206,78.8427,85.5737,-9999.0000,-9999.0000,-9999.0000,-9999.0000,0,0,1.0000
84443,43.1786,63.6378,97.1610,-9999.0000,-1.6735,-9999.0000,25.0972,61.9357,82.0332,80.5381,85.5786,-9999.0000,-9999.0000,-9999.0000,-9999.0000,0,0,1.0000
84444,41.4259,58.7668,87.9875,-9999.0000,-1.2536,-9999.0000,25.1048,59.4097,81.9041,80.1551,85.5810,-9999.0000,-9999.0000,-9999.0000,-9999.0000,0,0,1.0000
84445,44.0064,60.6573,94.2990,-9999.0000,-1.7063,-9999.0000,25.1117,83.0340,81.7639,78.5012,85.5832,-9999.0000,-9999.0000,-9999.0000,-9999.0000,0,0,1.0000
84446,38.0362,62.2994,88.6556,-9999.0000,-3.5990,-9999.0000,25.1147,59.4978,81.5990,70.5496,85.5779,-9999.0000,-9999.0000,-9999.0000,-9999.0000,0,0,1.0000
84447,45.9854,59.3992,90.4023,-9999.0000,-1.6222,-9999.0000,25.1134,52.2776,81.4327,69.7909,85.5765,-9999.0000,-9999.0000,-9999.0000,-9999.0000,0,0,1.0000
84448,41.4875,56.7862,90.4327,-9999.0000,-2.1702,-9999.0000,25.1067,47.9997,81.2427,66.4414,85.5720,-9999.0000,-9999.0000,-9999.0000,-9999.0000,0,0,1.0000
84449,39.4850,63.4501,104.7470,-9999.0000,-4.3587,-9999.0000,25.1039,75.9078,81.0198,73.2301,85.5500,-9999.0000,-9999.0000,-9999.0000,-9999.0000,0,0,1.0000
84450,45.1136,61.8824,89.6266,-9999.0000,-3.0225,-9999.0000,25.1112,67.9355,80.8001,79.5159,85.5080,-9999.0000,-9999.0000,-9999.0000,-9999.0000,0,0,1.0000
84451,43.1859,61.4254,89.3111,-9999.0000,-0.1349,-9999.0000,25.1103,75.5603,80.5531,74.1823,85.4543,-9999.0000,-9999.0000,-9999.0000,-9999.0000,0,0,1.0000
84452,50.1935,66.0662,95.4771,-9999.0000,-3.3133,-9999.0000,25.1180,72.7214,80.3566,58.3936,85.3897,-9999.0000,-9999.0000,-9999.0000,-9999.0000,0,0,1.0000
84453,44.0112,61.3367,92.9322,-9999.0000,-4.4176,-9999.0000,25.1189,60.5697,80.0925,66.8792,85.3120,-9999.0000,-9999.0000,-9999.0000,-9999.0000,0,0,1.0000
84454,38.6295,55.9404,86.6579,-9999.0000,-4.2853,-9999.0000,25.1138,58.2438,79.8305,66.7757,85.2205,-9999.0000,-9999.0000,-9999.0000,-9999.0000,0,0,1.0000
84455,39.9920,54.8396,80.0380,-9999.0000,-5.4924,-9999.0000,25.1109,79.0599,79.5197,76.6018,85.1379,-9999.0000,-9999.0000,-9999.0000,-9999.0000,0,0,1.0000
84456,35.4876,52.0519,78.7368,-9999.0000,-7.3620,-9999.0000,25.1140,68.9210,79.2286,55.7404,85.0439,-9999.0000,-9999.0000,-9999.0000,-9999.0000,0,0,1.0000
84457,37.7468,51.5571,76.1546,-9999.0000,-1.1332,-9999.0000,25.1211,41.1702,78.9841,67.0108,84.9654,-9999.0000,-9999.0000,-9999.0000,-9999.0000,0,0,1.0000
84458,32.4630,51.5778,74.3049,-9999.0000,-0.4643,-9999.0000,25.1111,46.6835,78.7636,68.9707,84.9097,-9999.0000,-9999.0000,-9999.0000,-9999.0000,0,0,1.0000
84459,33.5508,52.2380,73.8725,-9999.0000,-5.5758,-9999.0000,25.1059,68.2532,78.5848,67.6702,84.8736,-9999.0000,-9999.0000,-9999.0000,-9999.0000,0,0,1.0000
84460,36.5883,50.0190,80.8303,-9999.0000,-3.3772,-9999.0000,25.1049,55.0922,78.4074,73.6449,84.8321,-9999.0000,-9999.0000,-9999.0000,-9999.0000,0,0,1.0000
84461,42.6514,55.8157,80.1221,-9999.0000,-3.2291,-9999.0000,25.1059,46.3761,78.2587,63.9263,84.8122,-9999.0000,-9999.0000,-9999.0000,-9999.0000,0,0,1.0000
84462,38.7068,52.1975,82.3225,-9999.0000,-3.2239,-9999.0000,25.1022,46.3198,78.1248,67.3090,84.8003,-9999.0000,-9999.0000,-9999.0000,-9999.0000,0,0,1.0000
84463,36.3294,50.8033,82.0062,-9999.0000,-2.9625,-9999.0000,25.1012,50.8044,78.0135,58.9071,84.7886,8.0904,35.0088,-9999.0000,-9999.0000,0,0,1.0000
84464,34.6379,51.3901,77.4128,-9999.0000,-2.4897,-9999.0000,25.1032,59.2386,77.9297,68.4941,84.7874,5.5464,16.9644,-9999.0000,-9999.0000,0,0,1.0000
84465,35.9444,46.8090,84.3369,-9999.0000,-5.0362,-9999.0000,25.1037,55.0783,77.8734,60.4672,84.7875,6.2573,10.6372,-9999.0000,-9999.0000,0,0,1.0000
84466,38.3186,55.8900,78.3688,-9999.0000,-2.7731,-9999.0000,25.1036,54.2659,77.8532,62.9333,84.7861,12.6811,15.1196,-9999.0000,-9999.0000,0,0,1.0000
84467,41.0576,58.2702,74.7926,-9999.0000,-0.4488,-9999.0000,25.1004,49.2975,77.8460,63.1411,84.7985,12.6253,13.1294,-9999.0000,-9999.0000,0,0,1.0000
84468,39.3751,59.6197,76.2639,-9999.0000,-3.6269,-9999.0000,25.0998,56.4270,77.8503,60.4914,84.8270,19.7698,10.5304,-9999.0000,-9999.0000,0,0,1.0000
84469,40.4138,55.6594,77.5312,-9999.0000,-2.7456,-9999.0000,25.1013,49.4573,77.8623,60.9360,84.8566,24.6739,11.2973,-9999.0000,-9999.0000,0,0,1.0000
84470,32.8463,55.1177,79.4879,-9999.0000,-5.2596,-9999.0000,25.1040,47.4532,77.9103,88.4107,84.9102,6.7568,10.7893,-9999.0000,-9999.0000,0,0,1.0000
84471,41.1758,51.6548,78.9549,-9999.0000,-2.1614,-9999.0000,25.1003,60.1813,78.0114,70.3023,84.9685,3.9699,11.7981,-9999.0000,-9999.0000,0,0,1.0000
84472,40.9030,55.3824,83.3371,-9999.0000,-5.6179,-9999.0000,25.0914,56.7836,78.1235,58.6010,85.0424,4.1903,11.0793,-9999.0000,-9999.0000,0,0,1.0000
84473,30.8475,48.8958,78.1759,-9999.0000,-1.0958,-9999.0000,25.0718,46.9796,78.2762,60.8415,85.1036,7.8769,12.6740,-9999.0000,-9999.0000,0,0,1.0000
84474,32.2014,49.6686,74.5460,-9999.0000,-0.2107,-9999.0000,25.0601,51.1311,78.4679,54.4071,85.1651,15.3345,9.8582,-9999.0000,-9999.0000,0,0,1.0000
84475,30.3724,46.6671,73.5932,-9999.0000,-0.6917,-9999.0000,25.0622,55.2291,78.6676,65.9391,85.2252,9.0755,10.5259,-9999.0000,-9999.0000,0,0,1.0000
84476,30.9900,45.2845,75.9305,-9999.0000,-1.4591,-9999.0000,25.0629,56.9722,78.8895,69.0878,85.2918,4.7437,9.7243,-9999.0000,-9999.0000,0,0,1.0000
84477,34.9342,44.1005,73.4952,-9999.0000,-0.2768,-9999.0000,25.0611,61.9091,79.1075,79.2997,85.3685,4.2260,10.2614,-9999.0000,-9999.0000,0,0,1.0000
84478,34.9153,51.3749,83.7300,-9999.0000,-1.0266,-9999.0000,25.0522,68.2987,79.3783,91.4078,85.4341,7.6149,11.4753,-9999.0000,-9999.0000,0,0,1.0000
84479,33.0268,48.0913,74.4686,-9999.0000,-2.1019,-9999.0000,25.0427,46.9458,79.6480,63.8680,85.4999,5.1102,13.4675,-9999.0000,-9999.0000,0,0,1.0000
84480,36.2731,52.9965,78.1696,-9999.0000,-0.0507,-9999.0000,25.0525,62.0525,79.9401,69.0015,85.5845,11.2077,18.7768,-9999.0000,-9999.0000,0,0,1.0000
84481,38.3861,48.5070,73.2219,-9999.0000,-3.1521,-9999.0000,25.0484,49.3481,80.1972,76.9092,85.6425,15.2366,18.6526,-9999.0000,-9999.0000,0,0,1.0000
84482,35.0316,48.5949,76.6220,-9999.0000,-1.3036,-9999.0000,25.0525,65.0955,80.4352,64.9426,85.6900,21.6304,15.0250,-9999.0000,-9999.0000,0,0,1.0000
84483,36.4417,51.8948,74.4782,-9999.0000,-2.4275,-9999.0000,25.0580,59.9944,80.6601,57.9861,85.7256,19.8800,17.4618,-9999.0000,-9999.0000,0,0,1.0000
84484,34.5212,48.6492,76.0040,-9999.0000,-1.9362,-9999.0000,25.0673,51.5018,80.8801,61.0182,85.7532,6.1964,11.6830,-9999.0000,-9999.0000,0,0,1.0000
84485,31.2863,50.1554,69.1341,-9999.0000,-4.1672,-9999.0000,25.0625,50.8563,81.0928,56.5612,85.7664,5.4767,11.4041,-9999.0000,-9999.0000,0,0,1.0000
84486,31.9277,43.7160,67.8651,-9999.0000,-1.9884,-9999.0000,25.0670,43.3024,81.2766,60.5147,85.7736,8.3675,8.3768,-9999.0000,-9999.0000,0,0,1.0000
84487,30.0458,45.2250,71.7861,-9999.0000,-0.4336,-9999.0000,25.0651,47.5796,81.4544,58.6184,85.7804,5.9150,14.1469,-9999.0000,-9999.0000,0,0,1.0000
84488,35.6132,48.3868,67.8947,-9999.0000,-1.2212,-9999.0000,25.0698,48.6990,81.6316,53.8076,85.7957,6.6477,21.0504,-9999.0000,-9999.0000,0,0,1.0000
84489,32.8841,44.2267,64.2515,-9999.0000,-4.9471,-9999.0000,25.0759,58.7423,81.7826,62.3229,85.8029,4.2229,12.7694,-9999.0000,-9999.0000,0,0,1.0000
84490,25.6149,40.8793,70.3713,-9999.0000,-0.6528,-9999.0000,25.0743,56.3701,81.9112,54.3335,85.8075,14.1834,12.9709,-9999.0000,-9999.0000,0,0,1.0000
84491,28.2534,46.2503,62.3841,-9999.0000,-2.8849,-9999.0000,25.0700,50.4393,82.0127,51.0651,85.8028,12.5889,14.8872,-9999.0000,-9999.0000,0,0,1.0000
84492,26.9261,44.1918,61.1668,-9999.0000,-4.1902,-9999.0000,25.0648,42.6938,82.1120,60.4577,85.7890,14.0246,12.3865,-9999.0000,-9999.0000,0,0,1.0000
84493,27.9984,44.2013,64.9880,-9999.0000,-3.1179,-9999.0000,25.0647,55.0916,82.1992,55.7561,85.7753,4.6579,12.9398,-9999.0000,-9999.0000,0,0,1.0000
84494,34.4835,39.0191,69.3032,-9999.0000,-1.7167,-9999.0000,25.0659,40.8966,82.2526,48.3161,85.7485,4.8730,11.4952,-9999.0000,-9999.0000,0,0,1.0000
84495,30.1627,39.5869,62.2547,-9999.0000,-2.9593,-9999.0000,25.0744,47.9020,82.2845,71.2657,85.7166,3.6944,12.3088,-9999.0000,-9999.0000,0,0,1.0000
84496,28.1186,42.8242,62.3249,-9999.0000,-5.4311,-9999.0000,25.0911,67.1290,82.3163,57.1697,85.6666,4.8583,27.2882,-9999.0000,-9999.0000,0,0,1.0000
84497,31.4447,44.4722,68.6152,-9999.0000,-1.2297,-9999.0000,25.0989,45.8109,82.3327,62.4418,85.6119,4.1858,16.9524,-9999.0000,-9999.0000,0,0,1.0000
84498,34.1285,45.4048,62.7976,-9999.0000,-3.2110,-9999.0000,25.1027,57.3401,82.3443,54.5059,85.5559,4.0822,8.3941,-9999.0000,-9999.0000,0,0,1.0000
84499,27.7091,38.8639,61.2638,-9999.0000,-1.2323,-9999.0000,25.1059,53.4916,82.3412,49.9035,85.4750,11.5329,14.1577,-9999.0000,-9999.0000,0,0,1.0000
84500,27.9594,38.8354,60.9207,-9999.0000,-3.7275,-9999.0000,25.1128,37.7373,82.3240,55.1220,85.3855,13.8093,13.2854,-9999.0000,-9999.0000,0,0,1.0000
84501,33.4180,38.3008,55.6889,-9999.0000,2.5720,-9999.0000,25.1132,44.1398,82.2551,43.0445,85.3031,11.8452,10.7178,-9999.0000,-9999.0000,0,0,1.0000
84502,26.4062,36.1415,59.7046,-9999.0000,2.1516,-9999.0000,25.0989,49.9823,82.1400,44.0458,85.2038,9.6730,8.9415,-9999.0000,-9999.0000,0,0,1.0000
84503,30.1650,41.9249,58.5010,-9999.0000,-3.3316,-9999.0000,25.0987,41.3937,82.0077,51.0131,85.1064,11.4667,9.8952,-9999.0000,-9999.0000,0,0,1.0000
84504,31.8728,38.9983,58.9772,-9999.0000,-4.0426,-9999.0000,25.1058,51.4633,81.8627,46.3785,85.0048,15.5197,12.3155,-9999.0000,-9999.0000,0,0,1.0000
84505,31.3472,39.9563,58.3307,-9999.0000,-2.5287,-9999.0000,25.0939,49.4080,81.7012,59.6711,84.8721,6.7099,9.7142,-9999.0000,-9999.0000,0,0,1.0000
84506,26.5740,49.9962,61.7738,-9999.0000,-1.5792,-9999.0000,25.0940,33.9108,81.5413,56.1698,84.7533,3.4414,12.0271,-9999.0000,-9999.0000,0,0,1.0000
84507,32.8261,41.6228,67.1057,-9999.0000,-2.3781,-9999.0000,25.0908,39.9967,81.3196,44.6034,84.6359,3.2704,10.9971,-9999.0000,-9999.0000,0,0,1.0000
84508,30.8493,43.8384,59.7547,-9999.0000,-3.0273,-9999.0000,25.0959,36.7878,81.1172,51.8480,84.5243,3.4904,10.4949,-9999.0000,-9999.0000,0,0,1.0000
84509,33.9699,47.3346,72.7819,-9999.0000,-3.2791,-9999.0000,25.0974,37.8816,80.9224,43.9606,84.4555,3.8737,13.2444,-9999.0000,-9999.0000,0,0,1.0000
84510,31.3051,48.8475,73.4160,-9999.0000,-0.5678,-9999.0000,25.0612,53.2903,80.7316,56.3940,84.3808,3.6260,12.5267,-9999.0000,-9999.0000,0,0,1.0000
84511,29.6891,41.3965,61.2744,-9999.0000,-3.3317,-9999.0000,25.0743,38.7921,80.5235,45.9986,84.3355,5.6385,12.5013,-9999.0000,-9999.0000,0,0,1.0000
84512,32.7087,43.5459,72.2450,-9999.0000,-1.4801,-9999.0000,25.0637,42.5234,80.3318,63.8881,84.2870,5.3205,12.4040,-9999.0000,-9999.0000,0,0,1.0000
84513,33.1390,49.6681,71.5910,-9999.0000,-4.7885,-9999.0000,25.0482,35.8790,80.1568,52.0169,84.2528,5.2421,12.5293,-9999.0000,-9999.0000,0,0,1.0000
84514,34.6926,43.9392,70.2162,-9999.0000,-1.1501,-9999.0000,25.0455,49.4158,79.9928,68.8154,84.2337,9.6561,11.7643,-9999.0000,-9999.0000,0,0,1.0000
84515,27.5142,41.5290,71.1725,-9999.0000,-4.3067,-9999.0000,25.0389,42.2884,79.8203,61.0729,84.2270,7.1931,12.5004,-9999.0000,-9999.0000,0,0,1.0000
84516,30.4712,51.2831,70.3428,-9999.0000,-4.6152,-9999.0000,25.0352,48.6911,79.6436,65.1116,84.2186,3.8329,9.5616,-9999.0000,-9999.0000,0,0,1.0000
84517,25.3644,43.2052,63.6116,-9999.0000,-4.1368,-9999.0000,25.0276,37.6739,79.4829,45.0399,84.2252,7.5409,8.0308,-9999.0000,-9999.0000,0,0,1.0000
84518,26.3066,44.7732,65.1380,-9999.0000,-5.8191,-9999.0000,25.0274,52.0237,79.3335,44.2284,84.2335,15.3586,6.4204,-9999.0000,-9999.0000,0,0,1.0000
84519,29.1850,43.6187,65.2289,-9999.0000,-2.1187,-9999.0000,25.0284,58.7070,79.2002,40.0353,84.2626,12.2380,8.0385,-9999.0000,-9999.0000,0,0,1.0000
84520,30.9930,47.6001,68.2053,-9999.0000,-1.6568,-9999.0000,25.0319,46.2355,79.0796,52.6516,84.2898,12.1118,12.2553,-9999.0000,-9999.0000,0,0,1.0000
84521,33.1720,44.1306,66.3346,-9999.0000,-3.3203,-9999.0000,25.0314,36.7293,78.9557,62.1214,84.3399,12.9857,11.0336,-9999.0000,-9999.0000,0,0,1.0000
84522,32.6497,47.7783,76.9057,-9999.0000,-0.9256,-9999.0000,25.0217,39.3567,78.8277,66.1449,84.3842,7.1479,11.8859,-9999.0000,-9999.0000,0,0,1.0000
84523,26.6199,45.1744,71.1298,-9999.0000,-2.1943,-9999.0000,25.0165,44.3495,78.7034,53.4568,84.4340,3.9587,8.6190,-9999.0000,-9999.0000,0,0,1.0000
84524,29.2862,43.4153,63.6244,-9999.0000,-0.2076,-9999.0000,25.0084,33.4705,78.6143,58.6668,84.4966,7.2989,6.9998,-9999.0000,-9999.0000,0,0,1.0000
84525,27.5643,42.3015,66.7213,-9999.0000,-2.5943,-9999.0000,24.9774,47.3960,78.5376,51.2649,84.5597,5.8753,10.8729,-9999.0000,-9999.0000,0,0,1.0000
84526,29.4245,41.1900,71.4205,-9999.0000,-1.6816,-9999.0000,24.9762,42.5103,78.4853,64.1035,84.6268,3.7166,12.4824,-9999.0000,-9999.0000,0,0,1.0000
84527,25.1718,34.2324,55.9181,-9999.0000,0.4074,-9999.0000,24.9782,41.9092,78.4516,48.8060,84.6901,3.2822,15.2210,-9999.0000,-9999.0000,0,0,1.0000
84528,21.9234,29.5503,53.6040,-9999.0000,-0.7760,-9999.0000,24.9773,32.3459,78.4173,29.8942,84.7438,4.4698,10.9005,-9999.0000,-9999.0000,0,0,1.0000
84529,18.4075,30.2133,41.7914,-9999.0000,-2.3378,-9999.0000,24.9737,33.9090,78.4020,26.8102,84.7769,6.1234,7.9546,-9999.0000,-9999.0000,0,0,1.0000
84530,17.2515,25.1789,33.2333,-9999.0000,-4.9043,-9999.0000,24.9703,23.7655,78.3982,31.2384,84.8089,14.2818,7.4839,-9999.0000,-9999.0000,0,0,1.0000
84531,16.2682,23.1316,33.3238,-9999.0000,-1.9827,-9999.0000,24.9552,24.3418,78.3913,38.3696,84.8203,24.6325,11.9575,-9999.0000,-9999.0000,0,0,1.0000
84532,15.0752,26.2355,34.7711,-9999.0000,-2.8573,-9999.0000,24.9554,24.0153,78.3996,24.9693,84.8387,13.7916,13.6091,-9999.0000,-9999.0000,0,0,1.0000
84533,10.1350,16.3734,28.3240,-9999.0000,-0.6711,-9999.0000,24.9598,24.2597,78.4137,22.2050,84.8512,7.7662,11.3887,-9999.0000,-9999.0000,0,0,1.0000
