Data/Raw/WAGNER,NICK/firexaq-AOP-optical_DC8_20190717_R1_L1.ict
51, 1001
Wagner, Nicholas L.
NOAA Earth System Research Laboratory
NOAA AOP instrument
FIREX-AQ
1, 1
2019, 07, 17, 2020, 04, 27
1
Time_start, seconds_past_midnight, seconds from midnight
18
1, 1, 1, 1, 1, 1, 1, 1, 1, 1, 1, 1, 1, 1, 1, 1, 1, 1
-9999, -9999, -9999, -9999, -9999, -9999, -9999, -9999, -9999, -9999, -9999, -9999, -9999, -9999, -9999, -9999, -9999, -9999
ext_dry_664, Mm-1, AerOpt_Extinction_InSitu_RHd_red_Total_PM2.5_STP
ext_dry_532, Mm-1, AerOpt_Extinction_InSitu_RHd_green_Total_PM2.5_STP
ext_dry_405, Mm-1, AerOpt_Extinction_InSitu_RHd_blue_Total_PM2.5_STP
abs_dry_664, Mm-1, AerOpt_Absorption_InSitu_RHd_red_Total_PM2.5_STP
abs_dry_532, Mm-1, AerOpt_Absorption_InSitu_RHd_green_Total_PM2.5_STP
abs_dry_405, Mm-1, AerOpt_Absorption_InSitu_RHd_blue_Total_PM2.5_STP
AOP_RH_dry, pct, Relative_humidity_of_dry_RH_channels
ext_medRH_664, Mm-1, AerOpt_Extinction_InSitu_RH80_red_Total_PM2.5_STP
AOP_RH_med, pct, Relative_humidity_of_medium_RH_channel
ext_highRH_664, Mm-1, AerOpt_Extinction_InSitu_RH85_red_Total_PM2.5_STP
AOP_RH_high, pct, Relative_humidity_of_high_RH_channel
ext_TD_664, Mm-1, AerOpt_ExtinctionTD_InSitu_RHd_blue_Total_PM2.5_STP
ext_TD_405, Mm-1, AerOpt_ExtinctionTD_InSitu_RHd_red_Total_PM2.5_STP
abs_TD_664, Mm-1, AerOpt_Absorption_InSitu_RHd_red_Total_PM2.5_STP
abs_TD_405, Mm-1, AerOpt_Absorption_InSitu_RHd_blue_Total_PM2.5_STP
AOP_TD_bypass_flag, pct, Flag_for_TD_Bypass_valve
AOP_filter_flag, pct, Flag_for_Filter_Valve
AOP_Dilution_ratio, pct, Applied_Dilution_Ratio_for_ext_channels
1
SPECIAL COMMENTS: In-cloud data has not been removed.
18
PI_CONTACT_INFO: Address: NOAA ESRL Chemical Sciences Division, R/CSD2, 325 Broadway, Boulder, CO 80305. Email: nick.wagner@noaa.gov.
PLATFORM: NASA DC8
LOCATION: See the DC8 MetNav file, Based in Boise (BOI) and Salina, KS
ASSOCIATED_DATA: N/A
[...]
DATA_INFO: Mm-1:
UNCERTAINTY: The precision of the extinction measurements varies with aerosol loading and is +/-20% at 10 Mm-1 and +/-5% at 100 Mm-1. The accuracy of the dry measurement is +/-2% and depends on RH for the humidified measurements, +/-5% at 85% RH and +/-15% at 90% RH. For more details, see Langridge et al., Aerosol Science and Technology 45:1305-1318, 2011. Analysis of comparable measurements suggest incomplete mixing in the dilution system. Effective dilution for individual instruments can vary by +/- 30% compared to the reported flow-based dilution estimate. The absorption measurements have a high signal accuracy of 20%. The low signal precision varies with altitude and flight to flight, and is typically less than 10 Mm-1 for 1 second measurements.
ULOD_FLAG: -7777
ULOD_VALUE: N/A
LLOD_FLAG: -8888
LLOD_VALUE: N/A
DM_CONTACT_INFO: Gao Chen
PROJECT_INFO: FIREX-AQ
STIPULATIONS_ON_USE: NASA Data Policy. Contact with PI is encouraged.
OTHER_COMMENTS: N/A
REVISION: R1
R1: Absorption measurements have been corrected for pressure dependent microphone sensitivity. R0: Final Data. 
Time_start, ext_dry_664, ext_dry_532, ext_dry_405, abs_dry_664, abs_dry_532, abs_dry_405, AOP_RH_dry, ext_medRH_664, AOP_RH_med, ext_highRH_664, AOP_RH_high, ext_TD_664, ext_TD_405, abs_TD_664, abs_TD_405, AOP_TD_bypass_flag, AOP_filter_flag, AOP_Dilution_ratio
[from data line 10108]
65732,5.9285,7.1857,13.5081,-9999.0000,-9999.0000,-9999.0000,9.2670,5.2846,61.5764,8.7569,56.3135,-9999.0000,-9999.0000,-9999.0000,-9999.0000,0,0,1.0000
65733,8.4482,7.6048,18.2269,-9999.0000,-9999.0000,-9999.0000,9.2391,3.6574,61.5790,5.2989,56.3300,-9999.0000,-9999.0000,-9999.0000,-9999.0000,0,0,1.0000
65734,6.3758,7.4265,14.2618,-9999.0000,-9999.0000,-9999.0000,9.2203,5.9242,61.5739,3.5256,56.3356,-9999.0000,-9999.0000,-9999.0000,-9999.0000,0,0,1.0000
65735,4.0564,7.1147,12.4935,-9999.0000,-9999.0000,-9999.0000,9.2151,8.9674,61.5727,4.7094,56.3434,-9999.0000,-9999.0000,-9999.0000,-9999.0000,0,0,1.0000
65736,5.2268,7.9374,14.3184,-9999.0000,-9999.0000,-9999.0000,9.2137,12.2233,61.5555,5.9176,56.3484,-9999.0000,-9999.0000,-9999.0000,-9999.0000,0,0,1.0000
65737,4.2706,6.4237,12.0222,-9999.0000,-9999.0000,-9999.0000,9.2134,10.0076,61.5102,8.9075,56.3471,-9999.0000,-9999.0000,-9999.0000,-9999.0000,0,0,1.0000
65738,4.6668,6.9324,12.3161,-9999.0000,-9999.0000,-9999.0000,9.2030,4.0829,61.4672,6.6091,56.3556,-9999.0000,-9999.0000,-9999.0000,-9999.0000,0,0,1.0000
65739,4.5753,9.7039,14.7653,-9999.0000,-9999.0000,-9999.0000,9.1628,4.8956,61.4160,5.6058,56.3536,-9999.0000,-9999.0000,-9999.0000,-9999.0000,0,0,1.0000
65740,5.6219,7.9964,12.7826,-9999.0000,-9999.0000,-9999.0000,9.1371,3.9102,61.3582,7.6623,56.3531,-9999.0000,-9999.0000,-9999.0000,-9999.0000,0,0,1.0000
65741,6.7033,7.7412,16.5330,-9999.0000,-9999.0000,-9999.0000,9.1279,6.0800,61.2862,9.6477,56.3494,-9999.0000,-9999.0000,-9999.0000,-9999.0000,0,0,1.0000
65742,4.6367,9.6581,12.5090,-9999.0000,-9999.0000,-9999.0000,9.1018,11.4168,61.2105,10.9542,56.3448,-9999.0000,-9999.0000,-9999.0000,-9999.0000,0,0,1.0000
65743,4.3554,8.6793,12.3891,-9999.0000,-9999.0000,-9999.0000,9.0994,5.2049,61.1347,4.3991,56.3467,-9999.0000,-9999.0000,-9999.0000,-9999.0000,0,0,1.0000
65744,7.8594,8.4710,13.2894,-9999.0000,-9999.0000,-9999.0000,9.0893,6.7627,61.0396,3.6216,56.3454,-9999.0000,-9999.0000,-9999.0000,-9999.0000,0,0,1.0000
65745,4.9753,10.0981,20.1196,-9999.0000,-9999.0000,-9999.0000,9.0842,10.9182,60.9357,6.9981,56.3387,-9999.0000,-9999.0000,-9999.0000,-9999.0000,0,0,1.0000
65746,5.3044,5.6204,14.2161,-9999.0000,-9999.0000,-9999.0000,9.0863,8.2802,60.8410,7.9287,56.3415,-9999.0000,-9999.0000,-9999.0000,-9999.0000,0,0,1.0000
65747,6.8591,9.6988,13.0268,-9999.0000,-9999.0000,-9999.0000,9.0876,4.2422,60.7413,4.3272,56.3400,-9999.0000,-9999.0000,-9999.0000,-9999.0000,0,0,1.0000
65748,5.8608,7.6868,11.7540,-9999.0000,-9999.0000,-9999.0000,9.0865,3.5650,60.6400,4.9794,56.3416,-9999.0000,-9999.0000,-9999.0000,-9999.0000,0,0,1.0000
65749,3.8518,6.8220,14.7705,-9999.0000,-9999.0000,-9999.0000,9.0829,4.8082,60.5432,5.8330,56.3414,-9999.0000,-9999.0000,-9999.0000,-9999.0000,0,0,1.0000
65750,4.3008,7.6596,14.5623,-9999.0000,-9999.0000,-9999.0000,9.0764,4.7789,60.4437,4.3580,56.3495,-9999.0000,-9999.0000,-9999.0000,-9999.0000,0,0,1.0000
65751,5.2380,8.2382,12.8086,-9999.0000,-9999.0000,-9999.0000,9.0681,5.9169,60.3481,11.5402,56.3580,-9999.0000,-9999.0000,-9999.0000,-9999.0000,0,0,1.0000
65752,8.0500,12.0073,13.0673,-9999.0000,-9999.0000,-9999.0000,9.0648,3.9057,60.2321,6.3371,56.3731,-9999.0000,-9999.0000,-9999.0000,-9999.0000,0,0,1.0000
65753,5.1051,10.0676,13.9838,-9999.0000,-9999.0000,-9999.0000,9.0562,6.2239,60.1034,5.7913,56.3874,-9999.0000,-9999.0000,-9999.0000,-9999.0000,0,0,1.0000
65754,4.1977,7.6111,14.7701,-9999.0000,-9999.0000,-9999.0000,9.0615,5.8992,59.9655,5.7321,56.3971,-9999.0000,-9999.0000,-9999.0000,-9999.0000,0,0,1.0000
65755,5.1103,7.2108,12.2976,-9999.0000,-9999.0000,-9999.0000,9.0524,6.8444,59.8208,5.0535,56.3980,-9999.0000,4.6533,-9999.0000,-9999.0000,0,0,1.0000
65756,4.4328,8.1672,16.0016,-9999.0000,-9999.0000,-9999.0000,9.0477,4.0541,59.7124,4.7943,56.4124,-9999.0000,2.0282,-9999.0000,-9999.0000,0,0,1.0000
65757,5.6015,10.6477,13.8115,-9999.0000,-9999.0000,-9999.0000,9.0495,5.3565,59.6150,4.0817,56.4158,-9999.0000,1.6784,-9999.0000,-9999.0000,0,0,1.0000
65758,4.4985,7.6711,16.2011,-9999.0000,-9999.0000,-9999.0000,9.0476,5.5915,59.5164,7.8590,56.4286,-9999.0000,3.7027,-9999.0000,-9999.0000,0,0,1.0000
65759,3.5674,8.1555,12.4504,-9999.0000,-9999.0000,-9999.0000,9.0438,6.4726,59.4145,6.8611,56.4279,-9999.0000,7.2317,-9999.0000,-9999.0000,0,0,1.0000
65760,5.4243,9.6692,12.9961,-9999.0000,-9999.0000,-9999.0000,9.0431,9.8559,59.3063,5.1986,56.4396,-9999.0000,2.7449,-9999.0000,-9999.0000,0,0,1.0000
65761,5.3642,8.4000,14.0550,-9999.0000,-9999.0000,-9999.0000,9.0400,5.2629,59.2135,6.9617,56.4486,-9999.0000,0.9666,-9999.0000,-9999.0000,0,0,1.0000
65762,5.0802,9.4859,14.5964,-9999.0000,-9999.0000,-9999.0000,9.0398,3.4036,59.1446,4.5974,56.4517,-9999.0000,2.3347,-9999.0000,-9999.0000,0,0,1.0000
65763,10.4789,10.3507,13.3336,-9999.0000,-9999.0000,-9999.0000,9.0362,4.9059,59.0740,4.0530,56.4572,-9999.0000,26.9539,-9999.0000,-9999.0000,0,0,1.0000
65764,5.0069,8.2254,13.5677,-9999.0000,-9999.0000,-9999.0000,9.0356,4.3748,59.0069,4.7524,56.4525,-9999.0000,14.1025,-9999.0000,-9999.0000,0,0,1.0000
65765,4.9588,10.0033,12.4813,-9999.0000,-9999.0000,-9999.0000,9.0310,7.3603,58.9533,8.7121,56.4546,-9999.0000,3.9145,-9999.0000,-9999.0000,0,0,1.0000
65766,4.7099,7.3215,12.5088,-9999.0000,-9999.0000,-9999.0000,9.0304,4.8365,58.9163,3.5218,56.4562,-9999.0000,1.4350,-9999.0000,-9999.0000,0,0,1.0000
65767,7.6332,8.7620,13.2572,-9999.0000,-9999.0000,-9999.0000,9.0340,9.0289,58.8876,4.8336,56.4437,-9999.0000,1.0199,-9999.0000,-9999.0000,0,0,1.0000
65768,6.7694,6.5840,13.3858,-9999.0000,-9999.0000,-9999.0000,9.0305,8.2131,58.8805,3.7676,56.4316,-9999.0000,0.7120,-9999.0000,-9999.0000,0,0,1.0000
65769,4.1304,7.8483,12.6086,-9999.0000,-9999.0000,-9999.0000,9.0267,3.4408,58.8767,3.2680,56.4101,-9999.0000,0.9923,-9999.0000,-9999.0000,0,0,1.0000
65770,4.3471,7.0086,13.4184,-9999.0000,-9999.0000,-9999.0000,9.0085,9.1921,58.8763,3.7467,56.3739,-9999.0000,2.5967,-9999.0000,-9999.0000,0,0,1.0000
65771,2.9888,5.5043,11.5355,-9999.0000,-9999.0000,-9999.0000,9.0085,6.1643,58.8913,4.5842,56.3397,-9999.0000,2.9627,-9999.0000,-9999.0000,0,0,1.0000
65772,5.7403,6.1877,10.7035,-9999.0000,-9999.0000,-9999.0000,9.0101,6.3116,58.9252,4.2710,56.2984,-9999.0000,2.3263,-9999.0000,-9999.0000,0,0,1.0000
65773,7.3919,7.6667,10.4535,-9999.0000,-9999.0000,-9999.0000,9.0059,3.0103,58.9701,3.8447,56.2620,-9999.0000,1.2571,-9999.0000,-9999.0000,0,0,1.0000
65774,9.0490,6.9144,8.9767,-9999.0000,-9999.0000,-9999.0000,9.0022,4.7190,59.0337,3.7736,56.2300,-9999.0000,1.3307,-9999.0000,-9999.0000,0,0,1.0000
65775,4.3882,6.6008,9.3039,-9999.0000,-9999.0000,-9999.0000,9.0030,4.7480,59.1334,10.9642,56.1966,-9999.0000,1.7627,-9999.0000,-9999.0000,0,0,1.0000
65776,3.7163,8.1995,12.6315,-9999.0000,-9999.0000,-9999.0000,9.0019,9.8175,59.2542,19.6665,56.1675,-9999.0000,2.0013,-9999.0000,-9999.0000,0,0,1.0000
65777,5.9137,9.4804,12.1235,-9999.0000,-9999.0000,-9999.0000,8.9953,6.4848,59.3692,11.3123,56.1404,-9999.0000,1.5515,-9999.0000,-9999.0000,0,0,1.0000
65778,4.8352,8.1658,13.2390,-9999.0000,-9999.0000,-9999.0000,8.9759,8.4030,59.4953,7.4505,56.1256,-9999.0000,2.3535,-9999.0000,-9999.0000,0,0,1.0000
65779,6.7645,7.5885,14.4159,-9999.0000,-9999.0000,-9999.0000,8.9750,6.9612,59.6136,6.6386,56.1123,-9999.0000,1.9154,-9999.0000,-9999.0000,0,0,1.0000
65780,4.7270,10.0459,12.5902,-9999.0000,-9999.0000,-9999.0000,8.9714,4.4619,59.7574,5.6011,56.1050,-9999.0000,0.6939,-9999.0000,-9999.0000,0,0,1.0000
65781,4.0701,7.6239,13.1598,-9999.0000,-9999.0000,-9999.0000,8.9705,5.7607,59.9122,10.4331,56.1000,-9999.0000,3.8366,-9999.0000,-9999.0000,0,0,1.0000
65782,3.6864,7.2247,12.8158,-9999.0000,-9999.0000,-9999.0000,8.9654,7.5638,60.0626,6.2627,56.0935,-9999.0000,2.4482,-9999.0000,-9999.0000,0,0,1.0000
65783,6.3523,7.6601,10.9979,-9999.0000,-9999.0000,-9999.0000,8.9614,3.6559,60.2089,7.5623,56.1012,-9999.0000,5.1306,-9999.0000,-9999.0000,0,0,1.0000
65784,4.7325,11.1859,12.5256,-9999.0000,-9999.0000,-9999.0000,8.9612,5.7916,60.3601,5.8399,56.1169,-9999.0000,3.2568,-9999.0000,-9999.0000,0,0,1.0000
65785,6.0057,8.3660,13.8243,-9999.0000,-9999.0000,-9999.0000,8.9582,10.4744,60.4983,3.5475,56.1533,-9999.0000,2.3846,-9999.0000,-9999.0000,0,0,1.0000
65786,5.1983,7.6188,11.8914,-9999.0000,-9999.0000,-9999.0000,8.9537,7.3526,60.6393,4.9187,56.1886,-9999.0000,1.2158,-9999.0000,-9999.0000,0,0,1.0000
65787,4.4688,10.0746,15.6011,-9999.0000,-9999.0000,-9999.0000,8.9482,10.1398,60.7752,10.2412,56.2395,-9999.0000,1.1331,-9999.0000,-9999.0000,0,0,1.0000
65788,4.4830,10.1580,13.4700,-9999.0000,-9999.0000,-9999.0000,8.9445,7.7475,60.9174,9.3826,56.3083,-9999.0000,2.1730,-9999.0000,-9999.0000,0,0,1.0000
65789,4.3558,9.3270,18.9933,-9999.0000,-9999.0000,-9999.0000,8.9442,7.9201,61.0409,9.3269,56.3632,-9999.0000,1.7469,-9999.0000,-9999.0000,0,0,1.0000
65790,3.0607,6.1354,13.7046,-9999.0000,-9999.0000,-9999.0000,8.9453,4.9684,61.1516,6.1429,56.4166,-9999.0000,1.8024,-9999.0000,-9999.0000,0,0,1.0000
65791,7.0481,7.7050,16.7941,-9999.0000,-9999.0000,-9999.0000,8.9395,5.2599,61.2471,4.3975,56.4556,-9999.0000,5.0743,-9999.0000,-9999.0000,0,0,1.0000
65792,5.0395,7.7403,11.9165,-9999.0000,-9999.0000,-9999.0000,8.9362,3.7403,61.3351,4.1884,56.4816,-9999.0000,4.0226,-9999.0000,-9999.0000,0,0,1.0000
65793,3.9126,9.2322,19.5063,-9999.0000,-9999.0000,-9999.0000,8.9305,11.7997,61.3977,4.7237,56.4941,-9999.0000,2.6327,-9999.0000,-9999.0000,0,0,1.0000
65794,3.7547,8.9736,14.0986,-9999.0000,-9999.0000,-9999.0000,8.9290,6.6525,61.4493,4.7467,56.5024,-9999.0000,4.1302,-9999.0000,-9999.0000,0,0,1.0000
65795,7.0365,7.5817,14.0610,-9999.0000,-9999.0000,-9999.0000,8.9142,4.7560,61.4822,5.5366,56.5005,-9999.0000,2.5867,-9999.0000,-9999.0000,0,0,1.0000
65796,6.7266,8.6136,16.2912,-9999.0000,-9999.0000,-9999.0000,8.9111,5.2035,61.5102,5.8764,56.4950,-9999.0000,1.2636,-9999.0000,-9999.0000,0,0,1.0000
65797,5.7630,8.2145,12.7842,-9999.0000,-9999.0000,-9999.0000,8.9051,5.7069,61.5393,5.4278,56.4881,-9999.0000,1.4521,-9999.0000,-9999.0000,0,0,1.0000
65798,7.7401,7.6932,13.3988,-9999.0000,-9999.0000,-9999.0000,8.8965,5.9782,61.5556,4.5649,56.4787,-9999.0000,2.7739,-9999.0000,-9999.0000,0,0,1.0000
65799,6.7074,7.7270,14.4808,-9999.0000,-9999.0000,-9999.0000,8.8810,14.8572,61.5570,5.0183,56.4496,-9999.0000,3.8569,-9999.0000,-9999.0000,0,0,1.0000
65800,5.6534,8.4566,12.5774,-9999.0000,-9999.0000,-9999.0000,8.8720,8.0293,61.5632,5.9295,56.4205,-9999.0000,1.9194,-9999.0000,-9999.0000,0,0,1.0000
65801,7.9382,10.4396,13.7054,-9999.0000,-9999.0000,-9999.0000,8.8689,5.0235,61.5739,6.4536,56.3950,-9999.0000,1.5653,-9999.0000,-9999.0000,0,0,1.0000
65802,7.9793,7.6387,13.3193,-9999.0000,-9999.0000,-9999.0000,8.8485,5.5099,61.5626,10.9655,56.3634,-9999.0000,1.3677,-9999.0000,-9999.0000,0,0,1.0000
65803,5.3084,7.0906,13.9276,-9999.0000,-9999.0000,-9999.0000,8.8427,4.4354,61.5326,6.7947,56.3415,-9999.0000,1.2413,-9999.0000,-9999.0000,0,0,1.0000
65804,5.6125,7.9645,14.3408,-9999.0000,-9999.0000,-9999.0000,8.8462,7.1335,61.4926,4.9671,56.3213,-9999.0000,2.2075,-9999.0000,-9999.0000,0,0,1.0000
65805,5.9358,8.5772,17.1489,-9999.0000,-9999.0000,-9999.0000,8.8337,8.2374,61.4395,4.7836,56.2903,-9999.0000,1.7013,-9999.0000,-9999.0000,0,0,1.0000
65806,10.0019,10.5074,15.7544,-9999.0000,-9999.0000,-9999.0000,8.8261,6.7338,61.3790,3.8378,56.2414,-9999.0000,1.0551,-9999.0000,-9999.0000,0,0,1.0000
65807,5.6887,10.3724,18.5287,-9999.0000,-9999.0000,-9999.0000,8.8224,7.1102,61.3162,4.0203,56.1999,-9999.0000,1.8881,-9999.0000,-9999.0000,0,0,1.0000
65808,7.4632,8.3778,14.3277,-9999.0000,-9999.0000,-9999.0000,8.8151,6.5847,61.2537,4.5455,56.1584,-9999.0000,1.7829,-9999.0000,-9999.0000,0,0,1.0000
65809,7.6903,8.2816,12.9420,-9999.0000,-9999.0000,-9999.0000,8.8128,4.7024,61.2047,7.3242,56.1255,-9999.0000,1.5106,-9999.0000,-9999.0000,0,0,1.0000
65810,7.4400,7.8649,13.0860,-9999.0000,-9999.0000,-9999.0000,8.8111,3.2298,61.1386,4.9502,56.0959,-9999.0000,1.7522,-9999.0000,-9999.0000,0,0,1.0000
65811,4.7121,7.9734,10.8620,-9999.0000,-9999.0000,-9999.0000,8.8038,4.5500,61.0605,3.6689,56.0662,-9999.0000,2.5543,-9999.0000,-9999.0000,0,0,1.0000
65812,4.8104,7.7345,12.3878,-9999.0000,-9999.0000,-9999.0000,8.8013,3.4521,60.9857,3.9193,56.0390,-9999.0000,1.9233,-9999.0000,-9999.0000,0,0,1.0000
65813,4.7422,8.5235,12.5745,-9999.0000,-9999.0000,-9999.0000,8.8074,2.5720,60.9230,3.2328,56.0243,-9999.0000,2.6791,-9999.0000,-9999.0000,0,0,1.0000
65814,7.6545,7.4029,10.6908,-9999.0000,-9999.0000,-9999.0000,8.8097,4.3497,60.8513,2.7830,56.0109,-9999.0000,2.0525,-9999.0000,-9999.0000,0,0,1.0000
65815,4.2364,6.1586,11.6335,-9999.0000,-9999.0000,-9999.0000,8.8007,5.4044,60.7791,6.9092,55.9937,-9999.0000,1.5305,-9999.0000,-9999.0000,0,0,1.0000
65816,5.1757,8.0396,8.2429,-9999.0000,-9999.0000,-9999.0000,8.7865,5.2571,60.6763,17.3715,55.9753,-9999.0000,1.3476,-9999.0000,-9999.0000,0,0,1.0000
65817,6.3041,6.0935,9.7967,-9999.0000,-9999.0000,-9999.0000,8.7839,4.2443,60.5895,3.9396,55.9566,-9999.0000,1.8811,-9999.0000,-9999.0000,0,0,1.0000
65818,5.1350,5.0382,13.1610,-9999.0000,-9999.0000,-9999.0000,8.7838,5.8867,60.4929,4.0501,55.9477,-9999.0000,1.5315,-9999.0000,-9999.0000,0,0,1.0000
65819,5.7143,7.3323,15.7067,-9999.0000,-9999.0000,-9999.0000,8.7827,3.4650,60.4053,3.9952,55.9390,-9999.0000,2.3480,-9999.0000,-9999.0000,0,0,1.0000
65820,8.7857,6.8570,12.9663,-9999.0000,-9999.0000,-9999.0000,8.7778,3.5542,60.3131,4.8696,55.9390,-9999.0000,1.5641,-9999.0000,-9999.0000,0,0,1.0000
65821,6.9477,10.7380,14.6470,-9999.0000,-9999.0000,-9999.0000,8.7645,4.8811,60.2249,4.2794,55.9375,-9999.0000,2.1308,-9999.0000,-9999.0000,0,0,1.0000
65822,5.1658,9.6372,12.1010,-9999.0000,-9999.0000,-9999.0000,8.7495,6.4265,60.1353,6.9313,55.9366,-9999.0000,3.0505,-9999.0000,-9999.0000,0,0,1.0000
65823,6.1936,8.9140,14.0043,-9999.0000,-9999.0000,-9999.0000,8.7433,6.6886,60.0256,4.6566,55.9401,-9999.0000,3.9401,-9999.0000,-9999.0000,0,0,1.0000
65824,8.1660,8.9258,13.9228,-9999.0000,-9999.0000,-9999.0000,8.7384,7.3710,59.8961,9.3114,55.9265,-9999.0000,1.7786,-9999.0000,-9999.0000,0,0,1.0000
65825,7.2805,9.2511,15.6626,-9999.0000,-9999.0000,-9999.0000,8.7361,7.0598,59.7589,7.1870,55.9052,-9999.0000,0.8668,-9999.0000,-9999.0000,0,0,1.0000
65826,7.1370,8.8570,15.0278,-9999.0000,-9999.0000,-9999.0000,8.7302,5.3151,59.6302,9.3341,55.8742,-9999.0000,1.0111,-9999.0000,-9999.0000,0,0,1.0000
65827,6.3706,8.6022,13.8500,-9999.0000,-9999.0000,-9999.0000,8.7179,10.8313,59.5018,11.7450,55.8373,-9999.0000,1.4355,-9999.0000,-9999.0000,0,0,1.0000
65828,6.7059,11.7572,16.5111,-9999.0000,-9999.0000,-9999.0000,8.7193,9.8235,59.3790,10.4513,55.8004,-9999.0000,2.1277,-9999.0000,-9999.0000,0,0,1.0000
65829,5.8793,9.3215,16.9707,-9999.0000,-9999.0000,-9999.0000,8.7191,10.0936,59.2369,5.8815,55.7570,-9999.0000,6.2144,-9999.0000,-9999.0000,0,0,1.0000
65830,6.8277,10.7800,15.2060,-9999.0000,-9999.0000,-9999.0000,8.6955,7.2266,59.1076,6.7985,55.7219,-9999.0000,3.1365,-9999.0000,-9999.0000,0,0,1.0000
65831,7.5796,7.9693,15.7379,-9999.0000,-9999.0000,-9999.0000,8.6966,5.3600,59.0089,6.1410,55.6934,-9999.0000,2.4098,-9999.0000,-9999.0000,0,0,1.0000
65832,6.6349,8.6864,14.0555,-9999.0000,-9999.0000,-9999.0000,8.6779,4.6646,58.9077,7.6819,55.6845,-9999.0000,1.7359,-9999.0000,-9999.0000,0,0,1.0000
65833,3.7564,8.2979,13.5230,-9999.0000,-9999.0000,-9999.0000,8.6671,10.0585,58.8360,5.3757,55.6821,-9999.0000,3.6644,-9999.0000,-9999.0000,0,0,1.0000
65834,6.1368,7.3414,13.3614,-9999.0000,-9999.0000,-9999.0000,8.6464,6.0341,58.7613,8.7457,55.6741,-9999.0000,4.4255,-9999.0000,-9999.0000,0,0,1.0000
65835,6.9682,7.1779,11.6720,-9999.0000,-9999.0000,-9999.0000,8.6432,4.8164,58.7157,4.5424,55.6708,-9999.0000,8.3664,-9999.0000,-9999.0000,0,0,1.0000
65836,7.0282,9.4543,12.6781,-9999.0000,-9999.0000,-9999.0000,8.6418,7.5530,58.6620,8.6985,55.6739,-9999.0000,5.5954,-9999.0000,-9999.0000,0,0,1.0000
65837,4.5541,7.5553,15.7006,-9999.0000,-9999.0000,-9999.0000,8.6419,6.9154,58.6097,7.5835,55.6723,-9999.0000,1.7833,-9999.0000,-9999.0000,0,0,1.0000
