Data/Raw/WAGNER,NICK/firexaq-AOP-optical_DC8_20190831_R1.ict
51, 1001
Wagner, Nicholas L.
NOAA Earth System Research Laboratory
NOAA AOP instrument
FIREX-AQ
1, 1
2019, 08, 31, 2020, 04, 27
1
Time_start, seconds_past_midnight, seconds from midnight
18
1, 1, 1, 1, 1, 1, 1, 1, 1, 1, 1, 1, 1, 1, 1, 1, 1, 1
-9999, -9999, -9999, -9999, -9999, -9999, -9999, -9999, -9999, -9999, -9999, -9999, -9999, -9999, -9999, -9999, -9999, -9999
ext_dry_664, Mm-1, AerOpt_Extinction_InSitu_RHd_red_Total_PM2.5_STP
ext_dry_532, Mm-1, AerOpt_Extinction_InSitu_RHd_green_Total_PM2.5_STP
ext_dry_405, Mm-1, AerOpt_Extinction_InSitu_RHd_blue_Total_PM2.5_STP
abs_dry_664, Mm-1, AerOpt_Absorption_InSitu_RHd_red_Total_PM2.5_STP
abs_dry_532, Mm-1, AerOpt_Absorption_InSitu_RHd_green_Total_PM2.5_STP
abs_dry_405, Mm-1, AerOpt_Absorption_InSitu_RHd_blue_Total_PM2.5_STP
AOP_RH_dry, pct, Relative_humidity_of_dry_RH_channels
ext_medRH_664, Mm-1, AerOpt_Extinction_InSitu_RH80_red_Total_PM2.5_STP
AOP_RH_med, pct, Relative_humidity_of_medium_RH_channel
ext_highRH_664, Mm-1, AerOpt_Extinction_InSitu_RH85_red_Total_PM2.5_STP
AOP_RH_high, pct, Relative_humidity_of_high_RH_channel
ext_TD_664, Mm-1, AerOpt_ExtinctionTD_InSitu_RHd_blue_Total_PM2.5_STP
ext_TD_405, Mm-1, AerOpt_ExtinctionTD_InSitu_RHd_red_Total_PM2.5_STP
abs_TD_664, Mm-1, AerOpt_Absorption_InSitu_RHd_red_Total_PM2.5_STP
abs_TD_405, Mm-1, AerOpt_Absorption_InSitu_RHd_blue_Total_PM2.5_STP
AOP_TD_bypass_flag, pct, Flag_for_TD_Bypass_valve
AOP_filter_flag, pct, Flag_for_Filter_Valve
AOP_Dilution_ratio, pct, Applied_Dilution_Ratio_for_ext_channels
1
N/A
18
PI_CONTACT_INFO: Address: NOAA ESRL Chemical Sciences Division, R/CSD2, 325 Broadway, Boulder, CO 80305. Email: nick.wagner@noaa.gov.
PLATFORM: NASA DC8
LOCATION: See the DC8 MetNav file, Based in Boise (BOI) and Salina, KS
ASSOCIATED_DATA: N/A
[...]
DATA_INFO: Mm-1:
UNCERTAINTY: The precision of the extinction measurements varies with aerosol loading and is +/-20% at 10 Mm-1 and +/-5% at 100 Mm-1. The accuracy of the dry measurement is +/-2% and depends on RH for the humidified measurements, +/-5% at 85% RH and +/-15% at 90% RH. For more details, see Langridge et al., Aerosol Science and Technology 45:1305-1318, 2011. Analysis of comparable measurements suggest incomplete mixing in the dilution system. Effective dilution for individual instruments can vary by +/- 30% compared to the reported flow-based dilution estimate. The absorption measurements have a high signal accuracy of 20%. The low signal precision varies with altitude and flight to flight, and is typically less than 10 Mm-1 for 1 second measurements.
ULOD_FLAG: -7777
ULOD_VALUE: N/A
LLOD_FLAG: -8888
LLOD_VALUE: N/A
DM_CONTACT_INFO: Gao Chen
PROJECT_INFO: FIREX-AQ
STIPULATIONS_ON_USE: NASA Data Policy. Contact with PI is encouraged.
OTHER_COMMENTS: N/A
REVISION: R1
R1: Absorption measurements have been corrected for pressure dependent microphone sensitivity. In-cloud data has been removed. R0: Final Data. 
Time_start, ext_dry_664, ext_dry_532, ext_dry_405, abs_dry_664, abs_dry_532, abs_dry_405, AOP_RH_dry, ext_medRH_664, AOP_RH_med, ext_highRH_664, AOP_RH_high, ext_TD_664, ext_TD_405, abs_TD_664, abs_TD_405, AOP_TD_bypass_flag, AOP_filter_flag, AOP_Dilution_ratio
[from data line 19155]
81978,589.3304,1068.1508,2200.8728,55.0582,93.6775,234.4545,27.7882,613.7446,80.2794,576.6268,86.2090,68.8615,129.7977,20.5587,96.3083,0,0,7.6900
81979,442.6828,675.4457,1521.6654,46.3994,82.9467,188.5029,27.8109,481.6320,80.3424,476.1228,86.2531,56.7571,119.6411,24.0766,76.3295,0,0,7.6900
81980,315.3434,523.0560,1111.2034,39.8436,66.6252,150.7992,27.8171,408.1047,80.3830,415.0185,86.2772,46.4089,92.2089,27.3554,56.3476,0,0,7.6900
81981,254.5101,404.2689,859.5709,30.4537,62.6769,113.5576,27.8230,372.5869,80.4358,356.3592,86.3039,45.5510,78.6788,17.3620,49.9415,0,0,7.6900
81982,189.1485,288.8782,633.5210,27.9419,41.3453,90.2534,27.8238,291.5419,80.5025,287.4290,86.3187,30.2518,85.8790,11.5269,41.8268,0,0,7.6900
81983,119.4474,181.9728,412.3173,15.3679,34.0500,68.3096,27.8290,223.9815,80.5810,238.4994,86.3488,26.1222,75.1051,6.8152,38.2452,0,0,7.6900
81984,88.9085,129.3429,286.8245,8.1369,26.6285,54.0732,27.8333,177.4678,80.6470,191.7606,86.3770,25.0150,57.7150,4.6185,31.7543,0,0,7.6900
81985,77.1110,113.8865,253.5418,3.2995,21.7988,39.9242,27.8426,146.3849,80.7044,152.8141,86.4033,18.2484,50.9305,-9999.0000,25.6368,0,0,7.6900
81986,76.0861,107.5489,229.5611,18.1679,19.4896,35.4120,27.8419,143.0579,80.7778,170.6602,86.4200,14.9534,43.8255,-9999.0000,23.2891,0,0,7.6900
81987,71.1045,111.0559,223.8040,6.1333,20.4346,28.3772,27.8432,139.6168,80.8719,127.3327,86.4414,12.2903,41.9355,-9999.0000,20.6850,0,0,7.6900
81988,69.1105,110.3677,212.8150,8.3277,21.3870,25.3226,27.8487,113.2380,80.9672,142.8286,86.4750,14.7328,38.5137,-9999.0000,18.0535,0,0,7.6900
81989,61.3155,102.1599,211.8672,5.4794,23.8955,24.5472,27.8503,101.1449,81.0637,133.4487,86.5192,18.3903,35.6961,-9999.0000,18.4469,0,0,7.6900
81990,74.7124,119.9123,222.3486,6.6737,20.7801,23.2943,27.8553,95.3038,81.1469,103.3848,86.5581,19.5440,33.0428,-9999.0000,20.3508,0,0,7.6900
81991,72.1448,112.3862,222.6592,14.2730,19.8453,25.3808,27.8673,117.7164,81.2538,98.0811,86.6008,22.6347,38.6448,-9999.0000,22.7160,0,0,7.6900
81992,64.1069,109.1851,247.8930,2.4181,24.0994,34.9709,27.8757,109.5116,81.3726,113.2765,86.6224,33.6244,40.1124,-9999.0000,21.4897,0,0,7.6900
81993,89.8879,194.1018,334.3627,11.7762,20.4286,35.9723,27.8904,123.2429,81.4719,111.6154,86.6392,18.5158,48.4310,-9999.0000,23.6494,0,0,7.6900
81994,101.9022,172.2368,322.0604,3.7477,21.2350,35.8097,27.8929,135.4435,81.5628,120.9750,86.6456,17.4855,34.0114,-9999.0000,24.0856,0,0,7.6900
81995,90.1168,150.6043,294.6210,8.7615,20.4256,33.7571,27.9135,112.8283,81.6412,140.2862,86.6495,16.4434,33.6668,-9999.0000,26.9412,0,0,7.6900
81996,74.5170,136.6643,248.6176,8.2708,19.3466,27.4121,27.9535,131.6621,81.7175,124.5758,86.6528,15.1454,33.7190,-9999.0000,24.4722,0,0,7.6900
81997,66.0836,116.2653,204.3991,3.9944,20.4464,22.7899,27.9940,97.1376,81.8027,108.5216,86.6514,14.9453,31.4860,-9999.0000,28.9381,0,0,7.6900
81998,58.3972,104.1047,192.4896,8.6892,24.5657,31.4974,28.0351,96.2188,81.8765,103.6075,86.6493,21.9955,35.7140,-9999.0000,26.5879,0,0,7.6900
81999,106.1023,180.6990,310.3709,14.7190,33.1680,48.5985,28.0476,123.9236,81.9549,131.3248,86.6447,23.6802,39.5277,-9999.0000,25.7032,0,0,7.6900
82000,148.0897,251.0757,436.9597,21.3862,38.7990,50.8368,28.0547,136.3846,82.0255,125.4537,86.6288,24.0108,40.6443,-9999.0000,27.8763,0,0,7.6900
82001,110.2088,203.1440,404.3846,18.2624,35.0496,47.4576,28.0630,136.7322,82.0823,133.6335,86.6111,20.3130,36.2067,-9999.0000,25.2473,0,0,7.6900
82002,100.3291,162.2406,317.7292,10.1892,21.7197,39.8596,28.0822,127.9230,82.1432,145.0196,86.5923,19.2923,32.1656,-9999.0000,25.8251,0,0,7.6900
82003,69.0863,115.9977,240.0947,13.1005,19.7454,27.8609,28.0987,108.0368,82.1851,95.4466,86.5643,12.5478,30.9078,-9999.0000,24.2688,0,0,7.6900
82004,53.3524,77.5643,175.1029,-9999.0000,14.6717,22.7101,28.1180,92.8901,82.2403,100.6839,86.5153,9.3262,26.7296,-9999.0000,20.5698,0,0,7.6900
82005,39.5295,73.1128,152.4874,-9999.0000,13.5988,17.0583,28.1247,82.5154,82.2856,110.7538,86.4589,8.4791,22.5245,-9999.0000,14.9300,0,0,7.6900
82006,49.7998,68.1404,127.3095,-9999.0000,-9999.0000,16.0822,28.1412,61.1394,82.3204,69.3773,86.4068,6.8054,19.1450,-6.4016,13.2529,0,0,7.6900
82007,36.4121,66.1530,119.0850,-9999.0000,-9999.0000,10.6270,28.1471,72.6707,82.3460,75.8794,86.3625,6.7286,19.8402,-9999.0000,9.2582,0,0,7.6900
82008,37.0984,66.3224,113.0603,-9999.0000,-9999.0000,8.3330,28.1593,62.8094,82.3542,68.9281,86.3159,4.2797,16.0557,-9999.0000,12.1250,0,0,7.6900
82009,37.8215,54.0193,104.6597,-9999.0000,-9999.0000,7.0438,28.1735,51.7769,82.3614,63.7446,86.2708,3.7332,14.5023,-9999.0000,7.9285,0,0,7.6900
82010,35.0521,66.9154,107.2040,-9999.0000,-9999.0000,5.4691,28.1851,62.4005,82.3611,72.7169,86.2132,2.4281,12.6084,-9999.0000,6.4523,0,0,7.6900
82011,36.2759,54.1336,103.8973,-9999.0000,-9999.0000,4.8656,28.2109,60.8906,82.3604,58.0422,86.1568,2.7853,13.2744,-9999.0000,8.7074,0,0,7.6900
82012,31.8786,49.2769,99.1581,-9999.0000,-9999.0000,3.9414,28.2391,47.1769,82.3581,50.9377,86.0925,2.4969,12.0336,-9999.0000,5.0334,0,0,7.6900
82013,36.3889,51.2904,93.6060,-9999.0000,-9999.0000,3.5966,28.2453,67.3292,82.3311,71.6800,86.0377,2.8634,13.3120,-9999.0000,-0.5054,0,0,7.6900
82014,36.2853,52.8453,94.8681,-9999.0000,-9999.0000,4.2305,28.2574,61.9144,82.2859,66.2995,86.0020,3.3170,15.7516,-9999.0000,2.7777,0,0,7.6900
82015,32.0931,57.8715,107.4681,2.0359,-9999.0000,2.7264,28.2682,61.2444,82.2301,62.2413,85.9793,4.0420,13.7677,-9999.0000,2.1938,0,0,7.6900
82016,31.8419,52.6648,94.9782,8.0547,-9999.0000,4.1025,28.2735,55.1699,82.1565,60.4559,85.9604,2.5545,8.8120,-9999.0000,3.9249,0,0,7.6900
82017,38.0807,55.7556,101.9274,7.0042,-9999.0000,3.3022,28.2849,48.5413,82.0687,63.1079,85.9427,2.3540,5.9833,-9999.0000,3.0440,0,0,7.6900
82018,33.8553,55.0482,103.7009,-0.1510,-9999.0000,3.3345,28.2980,49.1257,81.9608,54.9275,85.9153,1.4732,6.3788,-9999.0000,0.4264,0,0,7.6900
82019,32.0832,58.0065,101.2865,-5.5421,-9999.0000,2.4183,28.3116,39.5089,81.8548,61.4141,85.9002,1.1745,8.7131,-9999.0000,3.4220,0,0,7.6900
82020,37.9354,53.9930,102.5537,6.4889,-0.8911,2.6685,28.3255,56.5106,81.7385,58.5694,85.8916,1.6304,6.0734,-9999.0000,0.3779,0,0,7.6900
82021,34.1305,52.5714,98.9740,3.9927,4.3740,3.0827,28.3311,48.9163,81.6123,55.1065,85.8827,2.9869,5.8472,-9999.0000,-9999.0000,0,0,7.6900
82022,36.2075,62.7041,113.8415,0.0409,0.8396,2.5703,28.3346,41.0009,81.4727,54.3667,85.8810,2.4733,7.2623,-9999.0000,-9999.0000,0,0,7.6900
82023,32.6809,62.4719,100.8816,5.2340,0.9579,3.5114,28.3526,35.0016,81.3329,51.1285,85.8784,1.5171,5.5568,-9999.0000,-9999.0000,0,0,7.6900
82024,38.0107,52.7257,97.1211,-4.8160,1.2537,2.1494,28.3798,51.7267,81.1884,57.0500,85.8779,2.1847,6.0680,-9999.0000,-9999.0000,0,0,7.6900
82025,32.0150,55.0162,96.1215,2.6950,0.9006,1.8817,28.3903,43.5305,81.0411,59.7720,85.8692,1.6987,9.1072,-9999.0000,-9999.0000,0,0,7.6900
82026,36.0039,61.1210,98.3732,4.1998,0.2792,2.3103,28.3944,42.5278,80.8611,64.2222,85.8510,5.8592,15.0612,-9999.0000,-9999.0000,0,0,7.6900
82027,30.1014,53.1255,-9999.0000,9.6483,2.5435,3.1404,28.4119,38.3804,80.6707,66.2807,85.8315,4.1516,12.1549,-9999.0000,-9999.0000,0,0,7.6900
82028,36.7691,57.2477,-9999.0000,4.5146,-2.3613,2.2681,28.4293,40.4363,80.4886,58.4116,85.8092,4.3633,-9999.0000,-9999.0000,-9999.0000,0,0,7.6900
82029,37.6500,-9999.0000,-9999.0000,4.8384,-1.3030,1.7634,28.4381,42.8500,80.3389,65.2156,85.7977,3.6242,-9999.0000,-9999.0000,-9999.0000,0,0,7.6900
82030,-9999.0000,-9999.0000,-9999.0000,4.3650,2.3392,2.5983,28.4451,54.7782,80.1999,64.0117,85.7888,-9999.0000,-9999.0000,-9999.0000,-9999.0000,0,0,7.6900
82031,-9999.0000,-9999.0000,-9999.0000,-9999.0000,-9999.0000,-9999.0000,28.4642,-9999.0000,80.0817,44.2539,85.7836,-9999.0000,-9999.0000,-9999.0000,-9999.0000,0,0,7.6900
82032,-9999.0000,-9999.0000,-9999.0000,-9999.0000,-9999.0000,-9999.0000,28.4678,-9999.0000,79.9651,-9999.0000,85.7743,-9999.0000,-9999.0000,-9999.0000,-9999.0000,0,0,7.6900
82033,-9999.0000,-9999.0000,-9999.0000,-9999.0000,-9999.0000,-9999.0000,28.4738,-9999.0000,79.8697,-9999.0000,85.7641,-9999.0000,-9999.0000,-9999.0000,-9999.0000,0,0,7.6900
82034,-9999.0000,-9999.0000,-9999.0000,-9999.0000,-9999.0000,-9999.0000,28.4971,-9999.0000,79.7813,-9999.0000,85.7550,-9999.0000,-9999.0000,-9999.0000,-9999.0000,0,1,7.6900
82035,-9999.0000,-9999.0000,-9999.0000,-9999.0000,-9999.0000,-9999.0000,28.4908,-9999.0000,79.7020,-9999.0000,85.7414,-9999.0000,-9999.0000,-9999.0000,-9999.0000,0,1,7.6900
82036,-9999.0000,-9999.0000,-9999.0000,-9999.0000,-9999.0000,-9999.0000,28.4859,-9999.0000,79.6388,-9999.0000,85.7313,-9999.0000,-9999.0000,-9999.0000,-9999.0000,0,1,7.6900
82037,-9999.0000,-9999.0000,-9999.0000,-9999.0000,-9999.0000,-9999.0000,28.4967,-9999.0000,79.5943,-9999.0000,85.7241,-9999.0000,-9999.0000,-9999.0000,-9999.0000,0,1,7.6900
82038,-9999.0000,-9999.0000,-9999.0000,-9999.0000,-9999.0000,-9999.0000,28.5136,-9999.0000,79.5697,-9999.0000,85.7103,-9999.0000,-9999.0000,-9999.0000,-9999.0000,0,1,7.6900
82039,-9999.0000,-9999.0000,-9999.0000,-9999.0000,-9999.0000,-9999.0000,28.5095,-9999.0000,79.5595,-9999.0000,85.7008,-9999.0000,-9999.0000,-9999.0000,-9999.0000,0,1,7.6900
82040,-9999.0000,-9999.0000,-9999.0000,-9999.0000,-9999.0000,-9999.0000,28.5148,-9999.0000,79.5524,-9999.0000,85.6969,-9999.0000,-9999.0000,-9999.0000,-9999.0000,0,1,7.6900
82041,-9999.0000,-9999.0000,-9999.0000,-9999.0000,-9999.0000,-9999.0000,28.5121,-9999.0000,79.5510,-9999.0000,85.6953,-9999.0000,-9999.0000,-9999.0000,-9999.0000,0,1,7.6900
82042,-9999.0000,-9999.0000,-9999.0000,-9999.0000,-9999.0000,-9999.0000,28.5280,-9999.0000,79.5603,-9999.0000,85.6968,-9999.0000,-9999.0000,-9999.0000,-9999.0000,0,1,7.6900
82043,-9999.0000,-9999.0000,-9999.0000,-9999.0000,-9999.0000,-9999.0000,28.5409,-9999.0000,79.5859,-9999.0000,85.6983,-9999.0000,-9999.0000,-9999.0000,-9999.0000,0,1,7.6900
82044,-9999.0000,-9999.0000,-9999.0000,-9999.0000,-9999.0000,-9999.0000,28.5420,-9999.0000,79.6282,-9999.0000,85.7096,-9999.0000,-9999.0000,-9999.0000,-9999.0000,0,1,7.6900
82045,-9999.0000,-9999.0000,-9999.0000,-9999.0000,-9999.0000,-9999.0000,28.5468,-9999.0000,79.6859,-9999.0000,85.7172,-9999.0000,-9999.0000,-9999.0000,-9999.0000,0,1,7.6900
82046,-9999.0000,-9999.0000,-9999.0000,-9999.0000,-9999.0000,-9999.0000,28.5560,-9999.0000,79.7691,-9999.0000,85.7219,-9999.0000,-9999.0000,-9999.0000,-9999.0000,0,1,7.6900
82047,-9999.0000,-9999.0000,-9999.0000,-9999.0000,-9999.0000,-9999.0000,28.5610,-9999.0000,79.8672,-9999.0000,85.7503,-9999.0000,-9999.0000,-9999.0000,-9999.0000,0,1,7.6900
82048,-9999.0000,-9999.0000,-9999.0000,-9999.0000,-9999.0000,-9999.0000,28.5626,-9999.0000,79.9646,-9999.0000,85.7896,-9999.0000,-9999.0000,-9999.0000,-9999.0000,0,1,7.6900
82049,-9999.0000,-9999.0000,-9999.0000,-9999.0000,-9999.0000,-9999.0000,28.5618,-9999.0000,80.0540,-9999.0000,85.8249,-9999.0000,-9999.0000,-9999.0000,-9999.0000,0,1,7.6900
82050,-9999.0000,-9999.0000,-9999.0000,-9999.0000,-9999.0000,-9999.0000,28.5751,-9999.0000,80.1589,-9999.0000,85.8542,-9999.0000,-9999.0000,-9999.0000,-9999.0000,0,1,7.6900
82051,-9999.0000,-9999.0000,-9999.0000,-9999.0000,-9999.0000,-9999.0000,28.5928,-9999.0000,80.2475,-9999.0000,85.8783,-9999.0000,-9999.0000,-9999.0000,-9999.0000,0,1,7.6900
82052,-9999.0000,-9999.0000,-9999.0000,-9999.0000,-9999.0000,-9999.0000,28.6067,-9999.0000,80.3476,-9999.0000,85.9046,-9999.0000,-9999.0000,-9999.0000,-9999.0000,0,1,7.6900
82053,-9999.0000,-9999.0000,-9999.0000,-9999.0000,-9999.0000,-9999.0000,28.6141,-9999.0000,80.4686,-9999.0000,85.9426,-9999.0000,-9999.0000,-9999.0000,-9999.0000,0,1,7.6900
82054,-9999.0000,-9999.0000,-9999.0000,-9999.0000,-9999.0000,-9999.0000,28.6146,-9999.0000,80.6097,-9999.0000,85.9924,-9999.0000,-9999.0000,-9999.0000,-9999.0000,0,1,7.6900
82055,-9999.0000,-9999.0000,-9999.0000,-9999.0000,-9999.0000,-9999.0000,28.6220,-9999.0000,80.7222,-9999.0000,86.0424,-9999.0000,-9999.0000,-9999.0000,-9999.0000,0,1,7.6900
82056,-9999.0000,-9999.0000,-9999.0000,-9999.0000,-9999.0000,-9999.0000,28.6225,-9999.0000,80.8322,-9999.0000,86.0881,-9999.0000,-9999.0000,-9999.0000,-9999.0000,0,1,7.6900
82057,-9999.0000,-9999.0000,-9999.0000,-9999.0000,-9999.0000,-9999.0000,28.6352,-9999.0000,80.9390,-9999.0000,86.1332,-9999.0000,-9999.0000,-9999.0000,-9999.0000,0,1,7.6900
82058,-9999.0000,-9999.0000,-9999.0000,-9999.0000,-9999.0000,-9999.0000,28.6576,-9999.0000,81.0750,-9999.0000,86.1763,-9999.0000,-9999.0000,-9999.0000,-9999.0000,0,1,7.6900
82059,-9999.0000,-9999.0000,-9999.0000,-9999.0000,-9999.0000,-9999.0000,28.6992,-9999.0000,81.1952,-9999.0000,86.2082,-9999.0000,-9999.0000,-9999.0000,-9999.0000,0,1,7.6900
82060,-9999.0000,-9999.0000,-9999.0000,-9999.0000,-9999.0000,-9999.0000,28.7080,-9999.0000,81.3146,-9999.0000,86.2444,-9999.0000,-9999.0000,-9999.0000,-9999.0000,0,1,7.6900
82061,-9999.0000,-9999.0000,-9999.0000,-9999.0000,-9999.0000,-9999.0000,28.7079,-9999.0000,81.4221,-9999.0000,86.2693,-9999.0000,-9999.0000,-9999.0000,-9999.0000,0,1,7.6900
82062,-9999.0000,-9999.0000,-9999.0000,-9999.0000,-9999.0000,-9999.0000,28.7172,-9999.0000,81.5390,-9999.0000,86.2960,-9999.0000,-9999.0000,-9999.0000,-9999.0000,0,1,7.6900
82063,-9999.0000,-9999.0000,-9999.0000,-9999.0000,-9999.0000,-9999.0000,28.7371,-9999.0000,81.6519,-9999.0000,86.3136,-9999.0000,-9999.0000,-9999.0000,-9999.0000,0,1,7.6900
82064,-9999.0000,-9999.0000,-9999.0000,-9999.0000,-9999.0000,-9999.0000,28.7523,-9999.0000,81.7482,-9999.0000,86.3236,-9999.0000,-9999.0000,-9999.0000,-9999.0000,0,1,7.6900
82065,-9999.0000,-9999.0000,-9999.0000,-9999.0000,-9999.0000,-9999.0000,28.7552,-9999.0000,81.8376,-9999.0000,86.3296,-9999.0000,-9999.0000,-9999.0000,-9999.0000,0,1,7.6900
82066,-9999.0000,-9999.0000,-9999.0000,-9999.0000,-9999.0000,-9999.0000,28.7532,-9999.0000,81.9283,-9999.0000,86.3374,-9999.0000,-9999.0000,-9999.0000,-9999.0000,0,1,7.6900
82067,-9999.0000,-9999.0000,-9999.0000,-9999.0000,-9999.0000,-9999.0000,28.7582,-9999.0000,82.0161,-9999.0000,86.3480,-9999.0000,-9999.0000,-9999.0000,-9999.0000,0,1,7.6900
82068,-9999.0000,-9999.0000,-9999.0000,-9999.0000,-9999.0000,-9999.0000,28.7633,-9999.0000,82.0851,-9999.0000,86.3526,-9999.0000,-9999.0000,-9999.0000,-9999.0000,0,1,7.6900
82069,-9999.0000,-9999.0000,-9999.0000,-9999.0000,-9999.0000,-9999.0000,28.7697,-9999.0000,82.1516,-9999.0000,86.3539,-9999.0000,-9999.0000,-9999.0000,-9999.0000,0,1,7.6900
82070,-9999.0000,-9999.0000,-9999.0000,-9999.0000,-9999.0000,-9999.0000,28.7782,-9999.0000,82.2144,-9999.0000,86.3542,-9999.0000,-9999.0000,-9999.0000,-9999.0000,0,1,7.6900
82071,-9999.0000,-9999.0000,-9999.0000,-9999.0000,-9999.0000,-9999.0000,28.7827,-9999.0000,82.2658,-9999.0000,86.3497,-9999.0000,-9999.0000,-9999.0000,-9999.0000,0,1,7.6900
82072,-9999.0000,-9999.0000,-9999.0000,-9999.0000,-9999.0000,-9999.0000,28.7838,-9999.0000,82.3099,-9999.0000,86.3378,-9999.0000,-9999.0000,-9999.0000,-9999.0000,0,1,7.6900
82073,-9999.0000,-9999.0000,-9999.0000,-9999.0000,-9999.0000,-9999.0000,28.7923,-9999.0000,82.3481,-9999.0000,86.3271,-9999.0000,-9999.0000,-9999.0000,-9999.0000,0,1,7.6900
82074,-9999.0000,-9999.0000,-9999.0000,-9999.0000,-9999.0000,-9999.0000,28.8015,-9999.0000,82.3784,-9999.0000,86.3116,-9999.0000,-9999.0000,-9999.0000,-9999.0000,0,1,7.6900
82075,-9999.0000,-9999.0000,-9999.0000,-9999.0000,-9999.0000,-9999.0000,28.8259,-9999.0000,82.4011,-9999.0000,86.2970,-9999.0000,-9999.0000,-9999.0000,-9999.0000,0,1,7.6900
82076,-9999.0000,-9999.0000,-9999.0000,-9999.0000,-9999.0000,-9999.0000,28.8482,-9999.0000,82.4120,-9999.0000,86.2819,-9999.0000,-9999.0000,-9999.0000,-9999.0000,0,1,7.6900
82077,-9999.0000,-9999.0000,-9999.0000,-9999.0000,-9999.0000,-9999.0000,28.8610,-9999.0000,82.4138,-9999.0000,86.2690,-9999.0000,-9999.0000,-9999.0000,-9999.0000,0,1,7.6900
82078,-9999.0000,-9999.0000,-9999.0000,-9999.0000,-9999.0000,-9999.0000,28.8824,-9999.0000,82.4138,-9999.0000,86.2569,-9999.0000,-9999.0000,-9999.0000,-9999.0000,0,1,7.6900
