Data/Raw/WAGNER,NICK/firexaq-AOP-optical_DC8_20190821_R1.ict
51, 1001
Wagner, Nicholas L.
NOAA Earth System Research Laboratory
NOAA AOP instrument
FIREX-AQ
1, 1
2019, 08, 21, 2020, 04, 27
1
Time_start, seconds_past_midnight, seconds from midnight
18
1, 1, 1, 1, 1, 1, 1, 1, 1, 1, 1, 1, 1, 1, 1, 1, 1, 1
-9999, -9999, -9999, -9999, -9999, -9999, -9999, -9999, -9999, -9999, -9999, -9999, -9999, -9999, -9999, -9999, -9999, -9999
ext_dry_664, Mm-1, AerOpt_Extinction_InSitu_RHd_red_Total_PM2.5_STP
ext_dry_532, Mm-1, AerOpt_Extinction_InSitu_RHd_green_Total_PM2.5_STP
ext_dry_405, Mm-1, AerOpt_Extinction_InSitu_RHd_blue_Total_PM2.5_STP
abs_dry_664, Mm-1, AerOpt_Absorption_InSitu_RHd_red_Total_PM2.5_STP
abs_dry_532, Mm-1, AerOpt_Absorption_InSitu_RHd_green_Total_PM2.5_STP
abs_dry_405, Mm-1, AerOpt_Absorption_InSitu_RHd_blue_Total_PM2.5_STP
AOP_RH_dry, pct, Relative_humidity_of_dry_RH_channels
ext_medRH_664, Mm-1, AerOpt_Extinction_InSitu_RH80_red_Total_PM2.5_STP
AOP_RH_med, pct, Relative_humidity_of_medium_RH_channel
ext_highRH_664, Mm-1, AerOpt_Extinction_InSitu_RH85_red_Total_PM2.5_STP
AOP_RH_high, pct, Relative_humidity_of_high_RH_channel
ext_TD_664, Mm-1, AerOpt_ExtinctionTD_InSitu_RHd_blue_Total_PM2.5_STP
ext_TD_405, Mm-1, AerOpt_ExtinctionTD_InSitu_RHd_red_Total_PM2.5_STP
abs_TD_664, Mm-1, AerOpt_Absorption_InSitu_RHd_red_Total_PM2.5_STP
abs_TD_405, Mm-1, AerOpt_Absorption_InSitu_RHd_blue_Total_PM2.5_STP
AOP_TD_bypass_flag, pct, Flag_for_TD_Bypass_valve
AOP_filter_flag, pct, Flag_for_Filter_Valve
AOP_Dilution_ratio, pct, Applied_Dilution_Ratio_for_ext_channels
1
N/A
18
PI_CONTACT_INFO: Address: NOAA ESRL Chemical Sciences Division, R/CSD2, 325 Broadway, Boulder, CO 80305. Email: nick.wagner@noaa.gov.
PLATFORM: NASA DC8
LOCATION: See the DC8 MetNav file, Based in Boise (BOI) and Salina, KS
ASSOCIATED_DATA: N/A
[...]
DATA_INFO: Mm-1:
UNCERTAINTY: The precision of the extinction measurements varies with aerosol loading and is +/-20% at 10 Mm-1 and +/-5% at 100 Mm-1. The accuracy of the dry measurement is +/-2% and depends on RH for the humidified measurements, +/-5% at 85% RH and +/-15% at 90% RH. For more details, see Langridge et al., Aerosol Science and Technology 45:1305-1318, 2011. Analysis of comparable measurements suggest incomplete mixing in the dilution system. Effective dilution for individual instruments can vary by +/- 30% compared to the reported flow-based dilution estimate. The absorption measurements have a high signal accuracy of 20%. The low signal precision varies with altitude and flight to flight, and is typically less than 10 Mm-1 for 1 second measurements.
ULOD_FLAG: -7777
ULOD_VALUE: N/A
LLOD_FLAG: -8888
LLOD_VALUE: N/A
DM_CONTACT_INFO: Gao Chen
PROJECT_INFO: FIREX-AQ
STIPULATIONS_ON_USE: NASA Data Policy. Contact with PI is encouraged.
OTHER_COMMENTS: N/A
REVISION: R1
R1: Absorption measurements have been corrected for pressure dependent microphone sensitivity. In-cloud data has been removed. R0: Final Data. 
Time_start, ext_dry_664, ext_dry_532, ext_dry_405, abs_dry_664, abs_dry_532, abs_dry_405, AOP_RH_dry, ext_medRH_664, AOP_RH_med, ext_highRH_664, AOP_RH_high, ext_TD_664, ext_TD_405, abs_TD_664, abs_TD_405, AOP_TD_bypass_flag, AOP_filter_flag, AOP_Dilution_ratio
[from data line 22449]
76737,10.5115,13.2645,27.6579,-9999.0000,0.2666,1.1661,31.7079,16.1639,80.1016,8.8581,85.4218,1.8109,2.8986,-9999.0000,-9999.0000,0,0,1.0000
76738,10.1249,14.2745,29.3434,-9999.0000,0.2730,0.0002,31.7066,17.2701,80.1924,8.0003,85.4197,1.5104,2.0860,-9999.0000,-9999.0000,0,0,1.0000
76739,7.9049,15.3834,32.3420,-9999.0000,0.5239,0.6699,31.7054,12.8291,80.2991,10.8622,85.4289,1.0287,2.2492,-9999.0000,-9999.0000,0,0,1.0000
76740,9.8620,15.2671,33.8375,-9999.0000,-0.1633,0.6900,31.7000,14.7283,80.4121,11.0894,85.4351,1.4209,1.3482,-9999.0000,-9999.0000,0,0,1.0000
76741,10.8098,13.8900,33.6703,-9999.0000,1.8355,0.1729,31.7008,16.3660,80.5333,13.9262,85.4341,3.3848,2.4381,-9999.0000,-9999.0000,0,0,1.0000
76742,8.2666,14.4728,32.1725,-9999.0000,-2.3175,0.6093,31.7042,16.4056,80.6499,11.1840,85.4336,3.4698,6.1798,-9999.0000,-9999.0000,0,0,1.0000
76743,11.4459,15.3081,34.7106,-9999.0000,1.6504,1.4558,31.7077,19.5925,80.7754,8.9530,85.4316,2.4821,17.2889,-9999.0000,-9999.0000,0,0,1.0000
76744,11.7278,16.5683,32.7104,-9999.0000,0.6977,0.8778,31.7133,15.2944,80.8929,23.2479,85.4284,1.2054,14.5529,-9999.0000,-9999.0000,0,0,1.0000
76745,12.2776,17.3796,35.7219,-9999.0000,-3.3374,0.2633,31.7150,17.4497,81.0086,20.1582,85.4050,1.5503,3.5271,-9999.0000,-9999.0000,0,0,1.0000
76746,11.9065,18.4278,35.6876,-9999.0000,4.0897,0.9367,31.7088,19.3580,81.1007,16.3619,85.3841,4.3031,2.6588,-9999.0000,-9999.0000,0,0,1.0000
76747,12.9288,19.4099,34.1657,-9999.0000,0.8842,1.0853,31.7098,25.6345,81.1834,18.0536,85.3635,9.4320,2.1106,-9999.0000,-9999.0000,0,0,1.0000
76748,12.1852,15.8524,36.2855,-9999.0000,3.0475,1.0122,31.7084,17.9585,81.2699,15.6613,85.3387,2.5173,1.2660,-9999.0000,-9999.0000,0,0,1.0000
76749,9.3095,15.2677,34.7570,-9999.0000,1.6749,0.5274,31.7081,16.7616,81.3675,15.9624,85.3340,1.3881,1.8577,-9999.0000,-9999.0000,0,0,1.0000
76750,10.3620,15.9503,36.7327,-9999.0000,-0.8876,1.7289,31.7034,15.0042,81.4562,12.4365,85.3246,2.8844,3.6607,-9999.0000,-9999.0000,0,0,1.0000
76751,11.2191,16.8190,32.9862,-9999.0000,-1.5806,0.9049,31.7047,18.6700,81.5403,14.4397,85.3244,14.5400,6.7790,-9999.0000,-9999.0000,0,0,1.0000
76752,12.0331,18.1587,37.9178,-9999.0000,-1.7866,1.5815,31.7008,24.5620,81.6190,16.0350,85.3230,14.6864,4.5886,-9999.0000,-9999.0000,0,0,1.0000
76753,9.4080,16.0186,32.2293,-9999.0000,0.9422,1.0631,31.6965,17.0767,81.6865,17.2194,85.3188,2.2092,1.9918,-9999.0000,-9999.0000,0,0,1.0000
76754,10.5017,17.0327,35.9399,-9999.0000,0.7772,0.5155,31.6977,18.4194,81.7416,18.3691,85.3210,2.1467,5.1702,-9999.0000,-9999.0000,0,0,1.0000
76755,9.9902,17.5694,35.9939,-9999.0000,-0.9575,0.3149,31.6863,17.5455,81.7891,16.1091,85.3197,1.6940,6.3790,-9999.0000,-9999.0000,0,0,1.0000
76756,12.1028,16.9975,35.0054,-9999.0000,0.0616,1.6004,31.6839,16.9400,81.8227,16.9271,85.3242,1.4160,4.0156,-9999.0000,-9999.0000,0,0,1.0000
76757,11.4970,18.9984,39.2040,-9999.0000,-1.1960,0.7721,31.6802,16.2871,81.8480,15.0845,85.3351,2.1813,1.9887,-9999.0000,-9999.0000,0,0,1.0000
76758,10.3896,17.1621,36.2945,-9999.0000,-1.1500,1.1361,31.6897,19.7412,81.8704,16.8071,85.3610,5.1157,3.1034,-9999.0000,-9999.0000,0,0,1.0000
76759,9.9246,16.7248,37.3441,-9999.0000,-1.7549,0.9256,31.7015,16.6605,81.8780,24.3850,85.3858,7.5469,9.4931,-9999.0000,-9999.0000,0,0,1.0000
76760,10.2622,17.1914,37.9366,-9999.0000,1.5933,1.0186,31.7095,25.0085,81.8814,20.7294,85.4046,3.9737,10.0782,-9999.0000,-9999.0000,0,0,1.0000
76761,11.3894,16.6699,40.4743,-9999.0000,-1.6149,0.3000,31.7197,18.9577,81.8870,18.8876,85.4356,3.0564,11.1626,-9999.0000,-9999.0000,0,0,1.0000
76762,11.4402,17.9346,38.2987,-9999.0000,1.8834,0.8433,31.7145,16.2404,81.8875,20.4857,85.4625,1.7713,9.2413,-9999.0000,-9999.0000,0,0,1.0000
76763,13.8517,17.9319,40.7058,-9999.0000,0.6652,0.7020,31.7110,20.1955,81.8764,19.4653,85.4859,3.3621,6.0570,-9999.0000,-9999.0000,0,0,1.0000
76764,14.8964,17.6557,36.8082,-9999.0000,3.6474,0.8375,31.7096,15.0426,81.8465,17.1321,85.5056,14.7837,6.8563,-9999.0000,-9999.0000,0,0,1.0000
76765,10.4001,19.1144,39.3678,-9999.0000,-0.1912,0.3176,31.7108,21.0265,81.8041,17.4520,85.5204,4.5452,5.0064,-9999.0000,-9999.0000,0,0,1.0000
76766,15.9014,20.4647,39.8607,-9999.0000,-1.6870,1.4283,31.7152,25.2713,81.7674,17.8004,85.5291,1.2151,5.4928,-9999.0000,-9999.0000,0,0,1.0000
76767,12.0632,21.0423,39.6592,-9999.0000,1.5102,1.0436,31.7111,20.1495,81.7082,31.2018,85.5353,1.4428,7.4794,-9999.0000,-9999.0000,0,0,1.0000
76768,12.1755,19.7083,38.6779,-9999.0000,-0.9262,1.5266,31.7065,18.8337,81.6261,22.4773,85.5295,1.6164,4.5139,-9999.0000,-9999.0000,0,0,1.0000
76769,12.5661,18.9844,39.7600,-9999.0000,0.8717,0.1427,31.7082,22.4871,81.5355,18.8238,85.5362,4.7823,2.8820,-9999.0000,-9999.0000,0,0,1.0000
76770,12.7107,18.4840,42.5878,-9999.0000,1.9776,0.4045,31.7126,15.7887,81.4685,17.0815,85.5318,2.4537,3.6348,-9999.0000,-9999.0000,0,0,1.0000
76771,13.1128,21.4816,42.0933,-9999.0000,0.5196,0.2313,31.7108,18.5222,81.3963,31.7317,85.5220,1.5045,7.7595,-9999.0000,-9999.0000,0,0,1.0000
76772,16.6664,19.5392,35.7908,-9999.0000,1.6254,1.4012,31.7059,18.1512,81.3102,24.5073,85.5060,2.7935,9.0708,-9999.0000,-9999.0000,0,0,1.0000
76773,10.4196,19.6721,38.5154,-9999.0000,-2.5892,1.6107,31.7076,17.9614,81.2178,22.5042,85.4848,1.9976,5.7495,-9999.0000,-9999.0000,0,0,1.0000
76774,11.5666,20.1385,40.0542,-9999.0000,-0.8825,1.7306,31.7119,19.6908,81.1203,27.3473,85.4667,1.8085,3.3247,-9999.0000,-9999.0000,0,0,1.0000
76775,11.2795,20.9669,42.2964,-9999.0000,1.4192,-0.6591,31.7099,20.0046,81.0266,18.1819,85.4417,1.9321,2.6720,-9999.0000,-9999.0000,0,0,1.0000
76776,12.8898,19.3562,36.2068,-9999.0000,2.9451,0.8305,31.7095,17.5904,80.9310,14.5145,85.4108,1.7893,5.3539,-9999.0000,-9999.0000,0,0,1.0000
76777,9.4131,19.1021,38.5370,-9999.0000,1.3294,1.1357,31.7120,18.2267,80.8200,20.2943,85.3821,1.6776,5.3784,-9999.0000,-9999.0000,0,0,1.0000
76778,10.9186,19.4261,38.9100,-9999.0000,0.1154,1.1177,31.7173,19.7999,80.7095,20.7349,85.3589,2.1363,3.9176,-9999.0000,-9999.0000,0,0,1.0000
76779,14.0856,18.8130,38.2669,-9999.0000,5.0770,1.4973,31.7197,21.5539,80.5967,21.2836,85.3428,2.6214,4.7144,-9999.0000,-9999.0000,0,0,1.0000
76780,14.5842,18.8613,44.2660,-9999.0000,4.4477,0.7107,31.7243,17.8990,80.5038,25.9648,85.3405,4.1893,3.1038,-9999.0000,-9999.0000,0,0,1.0000
76781,14.1839,19.1524,39.7839,-9999.0000,0.7008,0.4198,31.7151,16.6236,80.3882,21.2769,85.3153,2.4341,4.2850,-9999.0000,-9999.0000,0,0,1.0000
76782,11.1524,17.6531,37.2604,-9999.0000,-0.1137,1.3315,31.7276,22.6067,80.2525,19.1274,85.3059,2.0990,4.5326,-9999.0000,-9999.0000,0,0,1.0000
76783,11.0553,22.2656,34.2368,-9999.0000,-0.7684,2.6540,31.7353,18.1166,80.1322,18.3461,85.3007,0.6870,8.6444,-9999.0000,-9999.0000,0,0,1.0000
76784,11.4613,18.8541,39.5946,-9999.0000,0.8565,0.5712,31.7388,18.0411,80.0228,17.3365,85.2974,1.3242,6.5611,-9999.0000,-9999.0000,0,0,1.0000
76785,12.5029,19.7641,39.2799,-9999.0000,-0.6788,0.9631,31.7366,21.9165,79.9208,24.0810,85.2969,1.9162,4.4562,-9999.0000,-9999.0000,0,0,1.0000
76786,12.6990,18.1942,35.2059,-9999.0000,2.2769,0.8434,31.7343,17.6932,79.8114,20.4094,85.2941,1.7902,4.2940,-9999.0000,-9999.0000,0,0,1.0000
76787,-9999.0000,-9999.0000,-9999.0000,-9999.0000,-9999.0000,-9999.0000,31.7357,-9999.0000,79.7242,-9999.0000,85.3001,-9999.0000,-9999.0000,-9999.0000,-9999.0000,0,0,1.0000
76788,-9999.0000,-9999.0000,-9999.0000,-9999.0000,-9999.0000,-9999.0000,31.7387,-9999.0000,79.6410,-9999.0000,85.3134,-9999.0000,-9999.0000,-9999.0000,-9999.0000,0,0,1.0000
76789,-9999.0000,-9999.0000,-9999.0000,-9999.0000,-9999.0000,-9999.0000,31.7367,-9999.0000,79.5682,-9999.0000,85.3279,-9999.0000,-9999.0000,-9999.0000,-9999.0000,0,0,1.0000
76790,-9999.0000,-9999.0000,-9999.0000,-9999.0000,-9999.0000,-9999.0000,31.7355,-9999.0000,79.5027,-9999.0000,85.3441,-9999.0000,-9999.0000,-9999.0000,-9999.0000,0,0,1.0000
76791,-9999.0000,-9999.0000,-9999.0000,-9999.0000,-9999.0000,-9999.0000,31.7328,-9999.0000,79.4439,-9999.0000,85.3647,-9999.0000,-9999.0000,-9999.0000,-9999.0000,0,0,1.0000
76792,-9999.0000,-9999.0000,-9999.0000,-9999.0000,-9999.0000,-9999.0000,31.7053,-9999.0000,79.3875,-9999.0000,85.3834,-9999.0000,-9999.0000,-9999.0000,-9999.0000,0,0,1.0000
76793,-9999.0000,-9999.0000,-9999.0000,-9999.0000,-9999.0000,-9999.0000,31.7103,-9999.0000,79.3523,-9999.0000,85.4068,-9999.0000,-9999.0000,-9999.0000,-9999.0000,0,0,1.0000
76794,-9999.0000,-9999.0000,-9999.0000,-9999.0000,-9999.0000,-9999.0000,31.7134,-9999.0000,79.3222,-9999.0000,85.4151,-9999.0000,-9999.0000,-9999.0000,-9999.0000,0,0,1.0000
76795,-9999.0000,-9999.0000,-9999.0000,-9999.0000,-9999.0000,-9999.0000,31.7171,-9999.0000,79.3107,-9999.0000,85.4205,-9999.0000,-9999.0000,-9999.0000,-9999.0000,0,0,1.0000
76796,-9999.0000,-9999.0000,-9999.0000,-9999.0000,-9999.0000,-9999.0000,31.7219,-9999.0000,79.3081,-9999.0000,85.4229,-9999.0000,-9999.0000,-9999.0000,-9999.0000,0,0,1.0000
76797,-9999.0000,-9999.0000,-9999.0000,-9999.0000,-9999.0000,-9999.0000,31.7270,-9999.0000,79.3018,-9999.0000,85.4239,-9999.0000,-9999.0000,-9999.0000,-9999.0000,0,0,1.0000
76798,-9999.0000,-9999.0000,-9999.0000,-9999.0000,-9999.0000,-9999.0000,31.7321,-9999.0000,79.3044,-9999.0000,85.4144,-9999.0000,-9999.0000,-9999.0000,-9999.0000,0,0,1.0000
76799,-9999.0000,-9999.0000,-9999.0000,-9999.0000,-9999.0000,-9999.0000,31.7335,-9999.0000,79.3074,-9999.0000,85.3921,-9999.0000,-9999.0000,-9999.0000,-9999.0000,0,1,1.0000
76800,-9999.0000,-9999.0000,-9999.0000,-9999.0000,-9999.0000,-9999.0000,31.7322,-9999.0000,79.3169,-9999.0000,85.3439,-9999.0000,-9999.0000,-9999.0000,-9999.0000,0,1,1.0000
76801,-9999.0000,-9999.0000,-9999.0000,-9999.0000,-9999.0000,-9999.0000,31.7322,-9999.0000,79.3473,-9999.0000,85.2778,-9999.0000,-9999.0000,-9999.0000,-9999.0000,0,1,1.0000
76802,-9999.0000,-9999.0000,-9999.0000,-9999.0000,-9999.0000,-9999.0000,31.7320,-9999.0000,79.3984,-9999.0000,85.2114,-9999.0000,-9999.0000,-9999.0000,-9999.0000,0,1,1.0000
76803,-9999.0000,-9999.0000,-9999.0000,-9999.0000,-9999.0000,-9999.0000,31.7308,-9999.0000,79.4728,-9999.0000,85.1614,-9999.0000,-9999.0000,-9999.0000,-9999.0000,0,1,1.0000
76804,-9999.0000,-9999.0000,-9999.0000,-9999.0000,-9999.0000,-9999.0000,31.7270,-9999.0000,79.5669,-9999.0000,85.1141,-9999.0000,-9999.0000,-9999.0000,-9999.0000,0,1,1.0000
76805,-9999.0000,-9999.0000,-9999.0000,-9999.0000,-9999.0000,-9999.0000,31.7262,-9999.0000,79.6531,-9999.0000,85.0747,-9999.0000,-9999.0000,-9999.0000,-9999.0000,0,1,1.0000
76806,-9999.0000,-9999.0000,-9999.0000,-9999.0000,-9999.0000,-9999.0000,31.7261,-9999.0000,79.7470,-9999.0000,85.0365,-9999.0000,-9999.0000,-9999.0000,-9999.0000,0,1,1.0000
76807,-9999.0000,-9999.0000,-9999.0000,-9999.0000,-9999.0000,-9999.0000,31.7272,-9999.0000,79.8259,-9999.0000,84.9952,-9999.0000,-9999.0000,-9999.0000,-9999.0000,0,1,1.0000
76808,-9999.0000,-9999.0000,-9999.0000,-9999.0000,-9999.0000,-9999.0000,31.7253,-9999.0000,79.9225,-9999.0000,84.9620,-9999.0000,-9999.0000,-9999.0000,-9999.0000,0,1,1.0000
76809,-9999.0000,-9999.0000,-9999.0000,-9999.0000,-9999.0000,-9999.0000,31.7284,-9999.0000,80.0496,-9999.0000,84.9324,-9999.0000,-9999.0000,-9999.0000,-9999.0000,0,1,1.0000
76810,-9999.0000,-9999.0000,-9999.0000,-9999.0000,-9999.0000,-9999.0000,31.7269,-9999.0000,80.1748,-9999.0000,84.9123,-9999.0000,-9999.0000,-9999.0000,-9999.0000,0,1,1.0000
76811,-9999.0000,-9999.0000,-9999.0000,-9999.0000,-9999.0000,-9999.0000,31.7310,-9999.0000,80.2910,-9999.0000,84.9053,-9999.0000,-9999.0000,-9999.0000,-9999.0000,0,1,1.0000
76812,-9999.0000,-9999.0000,-9999.0000,-9999.0000,-9999.0000,-9999.0000,31.7273,-9999.0000,80.4016,-9999.0000,84.9015,-9999.0000,-9999.0000,-9999.0000,-9999.0000,0,1,1.0000
76813,-9999.0000,-9999.0000,-9999.0000,-9999.0000,-9999.0000,-9999.0000,31.7298,-9999.0000,80.5035,-9999.0000,84.8984,-9999.0000,-9999.0000,-9999.0000,-9999.0000,0,1,1.0000
76814,-9999.0000,-9999.0000,-9999.0000,-9999.0000,-9999.0000,-9999.0000,31.7276,-9999.0000,80.6199,-9999.0000,84.8980,-9999.0000,-9999.0000,-9999.0000,-9999.0000,0,1,1.0000
76815,-9999.0000,-9999.0000,-9999.0000,-9999.0000,-9999.0000,-9999.0000,31.7293,-9999.0000,80.7160,-9999.0000,84.9043,-9999.0000,-9999.0000,-9999.0000,-9999.0000,0,1,1.0000
76816,-9999.0000,-9999.0000,-9999.0000,-9999.0000,-9999.0000,-9999.0000,31.7299,-9999.0000,80.8307,-9999.0000,84.9229,-9999.0000,-9999.0000,-9999.0000,-9999.0000,0,1,1.0000
76817,-9999.0000,-9999.0000,-9999.0000,-9999.0000,-9999.0000,-9999.0000,31.7212,-9999.0000,80.9232,-9999.0000,84.9491,-9999.0000,-9999.0000,-9999.0000,-9999.0000,0,1,1.0000
76818,-9999.0000,-9999.0000,-9999.0000,-9999.0000,-9999.0000,-9999.0000,31.7186,-9999.0000,81.0041,-9999.0000,84.9782,-9999.0000,-9999.0000,-9999.0000,-9999.0000,0,1,1.0000
76819,-9999.0000,-9999.0000,-9999.0000,-9999.0000,-9999.0000,-9999.0000,31.7175,-9999.0000,81.0844,-9999.0000,85.0071,-9999.0000,-9999.0000,-9999.0000,-9999.0000,0,1,1.0000
76820,-9999.0000,-9999.0000,-9999.0000,-9999.0000,-9999.0000,-9999.0000,31.7134,-9999.0000,81.1361,-9999.0000,85.0446,-9999.0000,-9999.0000,-9999.0000,-9999.0000,0,1,1.0000
76821,-9999.0000,-9999.0000,-9999.0000,-9999.0000,-9999.0000,-9999.0000,31.7048,-9999.0000,81.2077,-9999.0000,85.0728,-9999.0000,-9999.0000,-9999.0000,-9999.0000,0,1,1.0000
76822,-9999.0000,-9999.0000,-9999.0000,-9999.0000,-9999.0000,-9999.0000,31.6961,-9999.0000,81.2686,-9999.0000,85.1074,-9999.0000,-9999.0000,-9999.0000,-9999.0000,0,1,1.0000
76823,-9999.0000,-9999.0000,-9999.0000,-9999.0000,-9999.0000,-9999.0000,31.6947,-9999.0000,81.3295,-9999.0000,85.1388,-9999.0000,-9999.0000,-9999.0000,-9999.0000,0,1,1.0000
76824,-9999.0000,-9999.0000,-9999.0000,-9999.0000,-9999.0000,-9999.0000,31.6965,-9999.0000,81.3813,-9999.0000,85.1665,-9999.0000,-9999.0000,-9999.0000,-9999.0000,0,1,1.0000
76825,-9999.0000,-9999.0000,-9999.0000,-9999.0000,-9999.0000,-9999.0000,31.6927,-9999.0000,81.4095,-9999.0000,85.1787,-9999.0000,-9999.0000,-9999.0000,-9999.0000,0,1,1.0000
76826,-9999.0000,-9999.0000,-9999.0000,-9999.0000,-9999.0000,-9999.0000,31.6920,-9999.0000,81.4306,-9999.0000,85.1922,-9999.0000,-9999.0000,-9999.0000,-9999.0000,0,1,1.0000
76827,-9999.0000,-9999.0000,-9999.0000,-9999.0000,-9999.0000,-9999.0000,31.6862,-9999.0000,81.4438,-9999.0000,85.1980,-9999.0000,-9999.0000,-9999.0000,-9999.0000,0,1,1.0000
76828,-9999.0000,-9999.0000,-9999.0000,-9999.0000,-9999.0000,-9999.0000,31.6772,-9999.0000,81.4512,-9999.0000,85.1983,-9999.0000,-9999.0000,-9999.0000,-9999.0000,0,1,1.0000
76829,-9999.0000,-9999.0000,-9999.0000,-9999.0000,-9999.0000,-9999.0000,31.6883,-9999.0000,81.4601,-9999.0000,85.1979,-9999.0000,-9999.0000,-9999.0000,-9999.0000,0,1,1.0000
76830,-9999.0000,-9999.0000,-9999.0000,-9999.0000,-9999.0000,-9999.0000,31.7148,-9999.0000,81.4609,-9999.0000,85.1980,-9999.0000,-9999.0000,-9999.0000,-9999.0000,0,1,1.0000
76831,-9999.0000,-9999.0000,-9999.0000,-9999.0000,-9999.0000,-9999.0000,31.7196,-9999.0000,81.4614,-9999.0000,85.2013,-9999.0000,-9999.0000,-9999.0000,-9999.0000,0,1,1.0000
76832,-9999.0000,-9999.0000,-9999.0000,-9999.0000,-9999.0000,-9999.0000,31.7170,-9999.0000,81.4564,-9999.0000,85.1969,-9999.0000,-9999.0000,-9999.0000,-9999.0000,0,1,1.0000
76833,-9999.0000,-9999.0000,-9999.0000,-9999.0000,-9999.0000,-9999.0000,31.7196,-9999.0000,81.4379,-9999.0000,85.1836,-9999.0000,-9999.0000,-9999.0000,-9999.0000,0,1,1.0000
76834,-9999.0000,-9999.0000,-9999.0000,-9999.0000,-9999.0000,-9999.0000,31.7149,-9999.0000,81.4029,-9999.0000,85.1603,-9999.0000,-9999.0000,-9999.0000,-9999.0000,0,1,1.0000
76835,-9999.0000,-9999.0000,-9999.0000,-9999.0000,-9999.0000,-9999.0000,31.7105,-9999.0000,81.3522,-9999.0000,85.1264,-9999.0000,-9999.0000,-9999.0000,-9999.0000,0,1,1.0000
76836,-9999.0000,-9999.0000,-9999.0000,-9999.0000,-9999.0000,-9999.0000,31.7049,-9999.0000,81.2810,-9999.0000,85.0964,-9999.0000,-9999.0000,-9999.0000,-9999.0000,0,1,1.0000
76837,-9999.0000,-9999.0000,-9999.0000,-9999.0000,-9999.0000,-9999.0000,31.7011,-9999.0000,81.2114,-9999.0000,85.0732,-9999.0000,-9999.0000,-9999.0000,-9999.0000,0,1,1.0000
