Data/Raw/WAGNER,NICK/firexaq-AOP-optical_DC8_20190724_R1.ict
51, 1001
Wagner, Nicholas L.
NOAA Earth System Research Laboratory
NOAA AOP instrument
FIREX-AQ
1, 1
2019, 07, 24, 2020, 04, 27
1
Time_start, seconds_past_midnight, seconds from midnight
18
1, 1, 1, 1, 1, 1, 1, 1, 1, 1, 1, 1, 1, 1, 1, 1, 1, 1
-9999, -9999, -9999, -9999, -9999, -9999, -9999, -9999, -9999, -9999, -9999, -9999, -9999, -9999, -9999, -9999, -9999, -9999
ext_dry_664, Mm-1, AerOpt_Extinction_InSitu_RHd_red_Total_PM2.5_STP
ext_dry_532, Mm-1, AerOpt_Extinction_InSitu_RHd_green_Total_PM2.5_STP
ext_dry_405, Mm-1, AerOpt_Extinction_InSitu_RHd_blue_Total_PM2.5_STP
abs_dry_664, Mm-1, AerOpt_Absorption_InSitu_RHd_red_Total_PM2.5_STP
abs_dry_532, Mm-1, AerOpt_Absorption_InSitu_RHd_green_Total_PM2.5_STP
abs_dry_405, Mm-1, AerOpt_Absorption_InSitu_RHd_blue_Total_PM2.5_STP
AOP_RH_dry, pct, Relative_humidity_of_dry_RH_channels
ext_medRH_664, Mm-1, AerOpt_Extinction_InSitu_RH80_red_Total_PM2.5_STP
AOP_RH_med, pct, Relative_humidity_of_medium_RH_channel
ext_highRH_664, Mm-1, AerOpt_Extinction_InSitu_RH85_red_Total_PM2.5_STP
AOP_RH_high, pct, Relative_humidity_of_high_RH_channel
ext_TD_664, Mm-1, AerOpt_ExtinctionTD_InSitu_RHd_blue_Total_PM2.5_STP
ext_TD_405, Mm-1, AerOpt_ExtinctionTD_InSitu_RHd_red_Total_PM2.5_STP
abs_TD_664, Mm-1, AerOpt_Absorption_InSitu_RHd_red_Total_PM2.5_STP
abs_TD_405, Mm-1, AerOpt_Absorption_InSitu_RHd_blue_Total_PM2.5_STP
AOP_TD_bypass_flag, pct, Flag_for_TD_Bypass_valve
AOP_filter_flag, pct, Flag_for_Filter_Valve
AOP_Dilution_ratio, pct, Applied_Dilution_Ratio_for_ext_channels
1
N/A
18
PI_CONTACT_INFO: Address: NOAA ESRL Chemical Sciences Division, R/CSD2, 325 Broadway, Boulder, CO 80305. Email: nick.wagner@noaa.gov.
PLATFORM: NASA DC8
LOCATION: See the DC8 MetNav file, Based in Boise (BOI) and Salina, KS
ASSOCIATED_DATA: N/A
[...]
DATA_INFO: Mm-1:
UNCERTAINTY: The precision of the extinction measurements varies with aerosol loading and is +/-20% at 10 Mm-1 and +/-5% at 100 Mm-1. The accuracy of the dry measurement is +/-2% and depends on RH for the humidified measurements, +/-5% at 85% RH and +/-15% at 90% RH. For more details, see Langridge et al., Aerosol Science and Technology 45:1305-1318, 2011. Analysis of comparable measurements suggest incomplete mixing in the dilution system. Effective dilution for individual instruments can vary by +/- 30% compared to the reported flow-based dilution estimate. The absorption measurements have a high signal accuracy of 20%. The low signal precision varies with altitude and flight to flight, and is typically less than 10 Mm-1 for 1 second measurements.
ULOD_FLAG: -7777
ULOD_VALUE: N/A
LLOD_FLAG: -8888
LLOD_VALUE: N/A
DM_CONTACT_INFO: Gao Chen
PROJECT_INFO: FIREX-AQ
STIPULATIONS_ON_USE: NASA Data Policy. Contact with PI is encouraged.
OTHER_COMMENTS: N/A
REVISION: R1
R1: Absorption measurements have been corrected for pressure dependent microphone sensitivity. In-cloud data has been removed. R0: Final Data. 
Time_start, ext_dry_664, ext_dry_532, ext_dry_405, abs_dry_664, abs_dry_532, abs_dry_405, AOP_RH_dry, ext_medRH_664, AOP_RH_med, ext_highRH_664, AOP_RH_high, ext_TD_664, ext_TD_405, abs_TD_664, abs_TD_405, AOP_TD_bypass_flag, AOP_filter_flag, AOP_Dilution_ratio
[from data line 1616]
78084,2.0807,4.3193,6.4651,-0.6886,0.1902,-0.1929,10.6377,3.1497,82.9277,4.8140,86.2258,-0.0210,0.5047,-9999.0000,-4.1402,0,0,1.0000
78085,2.6386,4.3687,8.7531,-1.0853,2.2351,-0.2097,10.6376,6.0004,82.9988,4.2632,86.2316,0.0511,0.9842,-9999.0000,0.6027,0,0,1.0000
78086,2.1912,4.5501,6.7939,-0.6458,-0.5483,0.7473,10.6435,4.0955,83.0530,8.3035,86.2380,0.1059,1.0001,-9999.0000,2.8178,0,0,1.0000
78087,2.3042,5.2696,7.1754,-1.6736,-0.5328,-0.1525,10.6363,7.0521,83.1332,3.4459,86.2155,0.0148,0.4392,-9999.0000,10.8109,0,0,1.0000
78088,1.8859,6.4392,8.3595,-1.6198,0.7586,0.2037,10.6315,5.9910,83.2036,3.6968,86.2059,1.1106,0.8254,-9999.0000,7.5902,0,0,1.0000
78089,2.0730,4.3816,7.4013,-1.1672,0.2965,-0.3496,10.6312,4.1732,83.2310,4.0940,86.1821,1.1860,0.7044,-9999.0000,-1.2471,0,0,1.0000
78090,2.5572,7.8267,8.3074,0.4250,0.4749,-0.4471,10.6244,5.4436,83.2685,3.7233,86.1608,0.1423,0.2518,-9999.0000,1.3019,0,0,1.0000
78091,2.2550,5.3772,8.8590,-0.1056,1.3633,0.1430,10.6200,7.3280,83.2933,10.1770,86.1561,0.0712,0.4202,-9999.0000,5.4223,0,0,1.0000
78092,2.6044,6.7115,9.5606,-0.7152,-1.1581,-0.1500,10.6200,6.4061,83.3270,6.1614,86.1347,-0.0646,0.6090,-9999.0000,2.9734,0,0,1.0000
78093,2.3404,4.0096,7.6225,0.5492,0.0311,-0.4701,10.6260,3.1219,83.3559,6.4960,86.1237,-0.1068,0.8494,-9999.0000,3.5585,0,0,1.0000
78094,3.8213,4.5211,8.0526,0.3541,2.8929,0.0824,10.6239,3.7611,83.3681,5.7431,86.1314,0.0192,1.3272,-9999.0000,-1.5317,0,0,1.0000
78095,3.5103,4.0096,10.0906,-0.8730,-1.0085,-0.6306,10.6279,8.9529,83.3749,4.4458,86.1098,0.0167,0.5123,-9999.0000,-8.7070,0,0,1.0000
78096,3.1379,4.1616,10.0727,0.2317,2.4958,-1.1601,10.6251,5.8730,83.3831,6.4491,86.1108,0.1052,0.5816,-9999.0000,7.2531,0,0,1.0000
78097,3.4806,5.5586,7.8786,0.4095,1.3648,-0.1545,10.6271,14.0801,83.3670,5.1940,86.0969,-0.0142,1.3781,-9999.0000,0.5046,0,0,1.0000
78098,4.5166,4.0655,8.3270,1.7326,0.5570,0.4720,10.6238,5.8231,83.3726,4.9306,86.0893,-0.1684,1.1079,-9999.0000,-7.5086,0,0,1.0000
78099,3.1015,6.1593,7.3418,1.2613,-0.0359,-0.4083,10.6121,5.4923,83.3172,2.9110,86.0855,-0.0449,1.0074,-9999.0000,6.0832,0,0,1.0000
78100,1.5437,3.7938,6.9554,-0.4287,-1.7389,-0.4544,10.6040,3.7990,83.2235,3.2840,86.0562,0.1411,0.4126,-9999.0000,5.7868,0,0,1.0000
78101,2.2965,3.0915,5.9881,0.6989,1.1899,0.3834,10.5994,4.3529,83.1166,3.4362,86.0515,0.0484,0.5050,-9999.0000,-0.1103,0,0,1.0000
78102,2.4408,3.7989,5.7348,-1.0980,-0.6756,0.1353,10.5962,4.5069,82.9814,1.9165,86.0218,0.0358,0.7017,-9999.0000,2.8517,0,0,1.0000
78103,2.1972,4.9550,5.3296,0.5091,1.4400,-0.2305,10.5990,3.5210,82.8571,7.6847,85.9998,-0.0823,1.2043,-9999.0000,4.4597,0,0,1.0000
78104,1.7758,3.9144,4.5380,-0.8654,-1.5494,-0.1265,10.5992,2.8240,82.7057,3.2197,85.9992,0.1822,1.5042,-9999.0000,0.5651,0,0,1.0000
78105,2.3680,4.4723,5.5997,0.3737,2.2813,0.4431,10.6007,3.5492,82.5386,3.7920,85.9740,-0.0209,1.3452,-9999.0000,-7.9217,0,0,1.0000
78106,2.1884,3.7734,6.9929,0.3807,2.2565,0.1492,10.5939,4.7995,82.3816,5.3879,85.9729,0.0505,2.4838,-9999.0000,-1.5396,0,0,1.0000
78107,1.9235,3.9823,6.4644,1.5676,1.5746,-0.7622,10.5869,5.1771,82.2061,6.5363,85.9592,-0.1540,1.8255,-9999.0000,-1.8334,0,0,1.0000
78108,2.3465,3.3988,5.2318,-0.6025,0.2648,0.2372,10.5757,3.8492,82.0473,4.4170,85.9335,-0.1244,1.7027,-9999.0000,2.9064,0,0,1.0000
78109,2.5608,5.5772,4.9064,0.0731,0.0620,0.3733,10.5691,6.9868,81.8512,5.8071,85.9089,0.0472,2.9232,-9999.0000,1.9145,0,0,1.0000
78110,2.9624,4.9992,4.9724,0.1445,2.1948,-0.4107,10.5694,3.4647,81.7302,3.8283,85.8899,-0.0434,1.0581,-9999.0000,3.8435,0,0,1.0000
78111,3.2181,4.3193,5.1569,-0.1311,1.8044,0.2273,10.5702,3.0613,81.5505,13.2004,85.8720,-0.2159,0.5392,-9999.0000,6.2867,0,0,1.0000
78112,3.3168,3.6133,5.7904,0.0341,-0.0683,-0.0229,10.5703,4.9486,81.4396,10.3052,85.8477,0.1033,0.6390,-9999.0000,-0.6369,0,0,1.0000
78113,3.5794,5.4292,5.6752,-0.4979,2.1362,-0.2308,10.5650,2.7957,81.3232,6.7395,85.8356,0.2725,0.7769,-9999.0000,-10.2191,0,0,1.0000
78114,2.8336,3.5512,5.7111,-1.0228,1.9917,0.4947,10.5616,1.6040,81.2267,3.7638,85.8084,0.1128,0.7597,-9999.0000,-2.7087,0,0,1.0000
78115,1.6167,3.5961,5.0655,-0.1793,-0.0141,-0.4636,10.5644,3.9723,81.1467,2.1581,85.8005,0.2854,1.6066,-9999.0000,0.7329,0,0,1.0000
78116,1.9906,3.5923,5.3125,-2.0646,0.3877,-1.0288,10.5541,4.8407,81.0584,5.7374,85.7638,0.3203,0.6981,-9999.0000,-2.7098,0,0,1.0000
78117,2.0765,3.9818,5.0012,-1.1298,0.0601,0.4433,10.5521,3.7876,80.9923,8.9452,85.7593,0.2408,0.3181,-9999.0000,-3.9287,0,0,1.0000
78118,2.0358,2.8868,3.9513,1.6722,2.3067,-0.5850,10.5511,3.9421,80.9405,3.1606,85.7435,-0.0148,-0.1478,-9999.0000,-8.1348,0,0,1.0000
78119,2.1665,2.9663,5.2218,-0.0539,0.8686,-0.5962,10.5457,1.8542,80.9018,3.7002,85.7441,0.0210,0.5035,-9999.0000,-2.7100,0,0,1.0000
78120,2.6520,3.3052,5.8072,0.7357,1.2289,-0.4540,10.5369,4.6779,80.8844,10.8656,85.7350,0.9645,2.4116,-9999.0000,2.0267,0,0,1.0000
78121,1.3619,2.8311,5.7876,-1.7392,1.6531,0.2745,10.5286,6.5983,80.8758,6.4368,85.7396,1.6627,1.6027,-9999.0000,2.9564,0,0,1.0000
78122,1.9513,3.2679,8.1384,0.3798,2.0853,-0.2649,10.5218,5.5057,80.8754,5.4612,85.7264,0.9047,0.4694,-9999.0000,-7.7965,0,0,1.0000
78123,3.2492,3.4818,5.8777,-1.4647,1.3878,-0.3455,10.5230,6.1879,80.8694,5.4545,85.7344,0.2669,0.4364,-9999.0000,2.1610,0,0,1.0000
78124,2.6601,4.4405,6.5497,-1.1957,1.8012,-0.2942,10.5180,3.4667,80.9000,6.2626,85.7228,0.3140,0.6390,-9999.0000,-4.7087,0,0,1.0000
78125,3.1234,4.8622,7.8936,0.4635,-0.8329,0.8817,10.5184,6.0685,80.9167,5.5287,85.7292,0.1688,0.9495,-9999.0000,-6.3520,0,0,1.0000
78126,2.9529,4.8957,6.5774,0.2306,0.7606,0.3880,10.5164,13.0606,80.9967,4.0346,85.7260,0.0076,0.3112,-9999.0000,1.2402,0,0,1.0000
78127,2.7835,7.9164,7.7361,-0.9483,-0.3827,-0.4176,10.5099,8.8968,81.0487,4.0684,85.7355,-0.1508,1.2155,-9999.0000,-2.1884,0,0,1.0000
78128,3.3829,5.1902,8.4800,-1.1762,0.1403,0.8192,10.5070,6.1328,81.1351,6.6033,85.7281,0.1506,1.5634,-9999.0000,-6.4769,0,0,1.0000
78129,4.7390,4.6141,8.3571,1.1467,1.5565,-0.5901,10.5065,2.7405,81.1737,7.4616,85.7364,1.6541,0.7016,-9999.0000,7.8042,0,0,1.0000
78130,4.1804,4.8600,7.8187,-1.8691,0.3853,1.1048,10.5054,5.8267,81.2848,5.8290,85.7357,0.9450,0.9332,-9999.0000,-0.5243,0,0,1.0000
78131,2.0983,6.8394,8.3053,1.1822,-0.3554,-0.4318,10.5035,5.1774,81.3689,9.5047,85.7459,0.1205,0.9736,-9999.0000,-1.8515,0,0,1.0000
78132,2.9544,5.7566,8.2279,-3.2425,2.3266,0.0312,10.5014,7.3107,81.4625,5.2896,85.7501,0.2838,0.5849,-9999.0000,2.6042,0,0,1.0000
78133,3.4912,6.3856,7.9901,-0.1684,0.4795,0.0663,10.4971,13.4123,81.5444,5.9151,85.7349,0.3006,0.6227,-9999.0000,3.0725,0,0,1.0000
78134,3.2629,3.0934,7.8469,-0.3642,-0.4254,-0.2334,10.4823,5.3423,81.6415,6.7324,85.7517,0.1019,0.7117,-9999.0000,1.9378,0,0,1.0000
78135,3.0456,2.7512,7.6878,0.3630,-0.8362,0.0564,10.4736,4.4734,81.7260,6.3333,85.7331,-0.0142,0.8312,-9999.0000,-1.2558,0,0,1.0000
78136,3.6234,5.7314,8.4243,0.1422,-0.3379,0.0508,10.4725,5.3285,81.8049,7.5804,85.7352,0.0076,0.7402,-9999.0000,-0.3870,0,0,1.0000
78137,2.1147,5.3538,6.1692,-2.5510,1.3294,0.5240,10.4727,11.6792,81.9020,6.1671,85.7195,0.3176,0.8144,-9999.0000,3.4824,0,0,1.0000
78138,1.4592,4.2062,6.4605,0.6203,2.8385,-0.3461,10.4487,8.5426,81.9807,2.8781,85.7269,0.4610,1.2956,-9999.0000,4.9720,0,0,1.0000
78139,2.5283,6.4905,6.8109,-1.9032,1.5499,0.3502,10.4418,8.9448,82.1089,4.5617,85.7299,0.2065,1.8887,-9999.0000,5.5890,0,0,1.0000
78140,3.3547,7.7618,7.9492,0.0069,0.8743,0.4685,10.4438,15.2725,82.1884,10.1300,85.7286,0.0461,1.3612,-9999.0000,-4.1180,0,0,1.0000
78141,3.5827,6.6416,8.0365,1.5094,1.5446,0.3237,10.4347,4.8853,82.2933,11.8396,85.7383,0.0668,1.3600,-9999.0000,0.2535,0,0,1.0000
78142,2.5111,4.2360,8.3509,1.1282,0.6725,0.3368,10.4308,3.6474,82.3843,3.4341,85.7156,0.9801,1.2674,-9999.0000,8.5467,0,0,1.0000
78143,2.7049,5.5633,6.0317,-0.3302,-0.9769,-0.2118,10.4246,4.0044,82.4780,3.2214,85.7239,0.8438,1.3604,-9999.0000,-9.8319,0,0,1.0000
78144,2.1415,4.0504,8.2131,-1.5020,-1.3115,0.3168,10.4255,3.9442,82.5832,3.2109,85.7054,0.6648,0.6761,-9999.0000,-3.7960,0,0,1.0000
78145,2.4355,3.6143,7.0721,-0.8229,0.7424,-0.0144,10.4289,5.0285,82.6629,6.1894,85.7133,1.2201,0.9666,-9999.0000,6.6682,0,0,1.0000
78146,3.4540,5.2054,7.2322,-0.2871,0.3032,0.2176,10.4219,3.7179,82.7644,9.1855,85.7029,0.6368,2.0938,-9999.0000,-7.2209,0,0,1.0000
78147,4.5536,6.0389,9.5563,-0.6583,1.0507,-0.0092,10.4190,7.8372,82.8281,9.4157,85.6924,0.6740,1.5330,-9999.0000,7.8187,0,0,1.0000
78148,2.8879,5.8688,7.0996,-0.6257,0.2336,0.6914,10.4094,8.9083,82.9315,7.2987,85.7036,0.3004,1.0031,-9999.0000,-3.7876,0,0,1.0000
78149,4.0628,5.6214,6.8431,-1.1457,-0.2989,0.5924,10.4054,6.3667,83.0254,3.8071,85.6810,0.1448,0.7865,-9999.0000,-3.9936,0,0,1.0000
78150,1.8667,3.5129,7.3361,0.6947,-0.5303,0.1712,10.4067,4.9681,83.1104,6.8631,85.6924,0.1910,1.1938,-9999.0000,-7.9688,0,0,1.0000
78151,2.1332,3.8386,5.9923,-1.9184,0.3341,-0.1504,10.4049,10.8171,83.1926,4.8130,85.6864,0.3156,0.9678,-9999.0000,-1.1259,0,0,1.0000
78152,2.6994,3.3526,6.4651,-0.4400,-0.4176,-0.9309,10.4062,5.0248,83.2739,6.9021,85.6914,0.3871,1.0091,-9999.0000,-0.7770,0,0,1.0000
78153,2.8591,4.1805,10.1693,-0.2494,-0.3452,-0.1205,10.4078,5.9995,83.3736,8.6355,85.6863,0.3597,1.6293,-9999.0000,-1.9673,0,0,1.0000
78154,3.1630,5.1931,8.4446,-0.8536,1.7530,-0.0895,10.4041,8.3381,83.4028,5.3684,85.6918,0.2375,1.8897,-9999.0000,0.1698,0,0,1.0000
78155,3.4866,5.1949,7.4097,-0.8220,1.1907,0.1322,10.3894,10.5773,83.4650,4.9562,85.6954,0.2300,2.3583,-9999.0000,-9999.0000,0,0,1.0000
78156,2.8997,5.8576,9.7643,-0.2798,-0.3845,-0.2951,10.3793,5.8148,83.5011,4.5492,85.6815,0.2594,2.9960,-9999.0000,-9999.0000,0,0,1.0000
78157,3.5042,7.1833,10.5498,-1.4174,-0.3852,0.5963,10.3780,4.0165,83.5610,4.8516,85.7020,0.4066,1.8241,-9999.0000,-9999.0000,0,0,1.0000
78158,2.9838,5.5032,9.1786,-0.7991,0.7268,-0.2785,10.3781,6.2573,83.6062,7.9128,85.6796,0.3964,1.6578,-9999.0000,-9999.0000,0,0,1.0000
78159,3.0293,5.6159,9.8928,0.5818,1.0469,1.0748,10.3628,6.0212,83.6501,11.3349,85.6933,0.1214,2.8299,-9999.0000,-9999.0000,0,0,1.0000
78160,5.4979,8.0989,11.4408,0.3344,1.7697,1.0304,10.3467,3.7695,83.6984,4.6725,85.6867,0.1898,1.8232,-9999.0000,-9999.0000,0,0,1.0000
78161,5.1469,7.0039,11.4900,-0.3081,-0.0418,0.9354,10.3423,6.7958,83.7114,6.8171,85.7003,0.9547,0.9387,-9999.0000,-9999.0000,0,0,1.0000
78162,2.9445,5.3955,-9999.0000,-0.9444,-1.2153,-0.3525,10.3361,4.9383,83.7412,8.4845,85.6991,0.8388,0.7055,-9999.0000,-9999.0000,0,0,1.0000
78163,4.3917,6.9518,-9999.0000,-0.6470,0.7419,0.1639,10.3338,4.8034,83.7255,7.3007,85.6904,0.5926,0.3735,-9999.0000,-9999.0000,0,0,1.0000
78164,3.3244,-9999.0000,-9999.0000,-0.9326,-0.5366,-0.3960,10.3280,9.1373,83.7382,7.1720,85.7040,0.5888,0.7054,-9999.0000,-9999.0000,0,0,1.0000
78165,-9999.0000,-9999.0000,-9999.0000,-0.0014,0.6061,0.0126,10.3227,11.3842,83.7321,9.2085,85.6925,0.3166,0.6616,-9999.0000,-9999.0000,0,0,1.0000
78166,-9999.0000,-9999.0000,-9999.0000,-9999.0000,-9999.0000,-9999.0000,10.3140,-9999.0000,83.7304,-9999.0000,85.7173,-9999.0000,-9999.0000,-9999.0000,-9999.0000,0,0,1.0000
78167,-9999.0000,-9999.0000,-9999.0000,-9999.0000,-9999.0000,-9999.0000,10.3169,-9999.0000,83.6794,-9999.0000,85.7109,-9999.0000,-9999.0000,-9999.0000,-9999.0000,0,0,1.0000
78168,-9999.0000,-9999.0000,-9999.0000,-9999.0000,-9999.0000,-9999.0000,10.3187,-9999.0000,83.6099,-9999.0000,85.7247,-9999.0000,-9999.0000,-9999.0000,-9999.0000,0,0,1.0000
78169,-9999.0000,-9999.0000,-9999.0000,-9999.0000,-9999.0000,-9999.0000,10.3147,-9999.0000,83.5048,-9999.0000,85.7063,-9999.0000,-9999.0000,-9999.0000,-9999.0000,0,0,1.0000
78170,-9999.0000,-9999.0000,-9999.0000,-9999.0000,-9999.0000,-9999.0000,10.3109,-9999.0000,83.3778,-9999.0000,85.7112,-9999.0000,-9999.0000,-9999.0000,-9999.0000,0,0,1.0000
78171,-9999.0000,-9999.0000,-9999.0000,-9999.0000,-9999.0000,-9999.0000,10.3065,-9999.0000,83.2395,-9999.0000,85.7080,-9999.0000,-9999.0000,-9999.0000,-9999.0000,0,0,1.0000
78172,-9999.0000,-9999.0000,-9999.0000,-9999.0000,-9999.0000,-9999.0000,10.3049,-9999.0000,83.1171,-9999.0000,85.7192,-9999.0000,-9999.0000,-9999.0000,-9999.0000,0,0,1.0000
78173,-9999.0000,-9999.0000,-9999.0000,-9999.0000,-9999.0000,-9999.0000,10.3017,-9999.0000,82.9440,-9999.0000,85.6799,-9999.0000,-9999.0000,-9999.0000,-9999.0000,0,0,1.0000
78174,-9999.0000,-9999.0000,-9999.0000,-9999.0000,-9999.0000,-9999.0000,10.2950,-9999.0000,82.7374,-9999.0000,85.6828,-9999.0000,-9999.0000,-9999.0000,-9999.0000,0,0,1.0000
78175,-9999.0000,-9999.0000,-9999.0000,-9999.0000,-9999.0000,-9999.0000,10.2933,-9999.0000,82.5723,-9999.0000,85.6703,-9999.0000,-9999.0000,-9999.0000,-9999.0000,0,1,1.0000
78176,-9999.0000,-9999.0000,-9999.0000,-9999.0000,-9999.0000,-9999.0000,10.2942,-9999.0000,82.3793,-9999.0000,85.6451,-9999.0000,-9999.0000,-9999.0000,-9999.0000,0,1,1.0000
78177,-9999.0000,-9999.0000,-9999.0000,-9999.0000,-9999.0000,-9999.0000,10.2995,-9999.0000,82.2505,-9999.0000,85.6234,-9999.0000,-9999.0000,-9999.0000,-9999.0000,0,1,1.0000
78178,-9999.0000,-9999.0000,-9999.0000,-9999.0000,-9999.0000,-9999.0000,10.2963,-9999.0000,82.0939,-9999.0000,85.5801,-9999.0000,-9999.0000,-9999.0000,-9999.0000,0,1,1.0000
78179,-9999.0000,-9999.0000,-9999.0000,-9999.0000,-9999.0000,-9999.0000,10.2936,-9999.0000,81.9289,-9999.0000,85.5535,-9999.0000,-9999.0000,-9999.0000,-9999.0000,0,1,1.0000
78180,-9999.0000,-9999.0000,-9999.0000,-9999.0000,-9999.0000,-9999.0000,10.2925,-9999.0000,81.8225,-9999.0000,85.5430,-9999.0000,-9999.0000,-9999.0000,-9999.0000,0,1,1.0000
78181,-9999.0000,-9999.0000,-9999.0000,-9999.0000,-9999.0000,-9999.0000,10.2891,-9999.0000,81.6928,-9999.0000,85.5338,-9999.0000,-9999.0000,-9999.0000,-9999.0000,0,1,1.0000
78182,-9999.0000,-9999.0000,-9999.0000,-9999.0000,-9999.0000,-9999.0000,10.2861,-9999.0000,81.6227,-9999.0000,85.5294,-9999.0000,-9999.0000,-9999.0000,-9999.0000,0,1,1.0000
78183,-9999.0000,-9999.0000,-9999.0000,-9999.0000,-9999.0000,-9999.0000,10.2891,-9999.0000,81.5576,-9999.0000,85.4968,-9999.0000,-9999.0000,-9999.0000,-9999.0000,0,1,1.0000
78184,-9999.0000,-9999.0000,-9999.0000,-9999.0000,-9999.0000,-9999.0000,10.2864,-9999.0000,81.4974,-9999.0000,85.4959,-9999.0000,-9999.0000,-9999.0000,-9999.0000,0,1,1.0000
78185,-9999.0000,-9999.0000,-9999.0000,-9999.0000,-9999.0000,-9999.0000,10.2904,-9999.0000,81.4556,-9999.0000,85.4963,-9999.0000,-9999.0000,-9999.0000,-9999.0000,0,1,1.0000
78186,-9999.0000,-9999.0000,-9999.0000,-9999.0000,-9999.0000,-9999.0000,10.2889,-9999.0000,81.4153,-9999.0000,85.4797,-9999.0000,-9999.0000,-9999.0000,-9999.0000,0,1,1.0000
78187,-9999.0000,-9999.0000,-9999.0000,-9999.0000,-9999.0000,-9999.0000,10.2876,-9999.0000,81.3938,-9999.0000,85.4839,-9999.0000,-9999.0000,-9999.0000,-9999.0000,0,1,1.0000
78188,-9999.0000,-9999.0000,-9999.0000,-9999.0000,-9999.0000,-9999.0000,10.2799,-9999.0000,81.3831,-9999.0000,85.4861,-9999.0000,-9999.0000,-9999.0000,-9999.0000,0,1,1.0000
78189,-9999.0000,-9999.0000,-9999.0000,-9999.0000,-9999.0000,-9999.0000,10.2679,-9999.0000,81.3693,-9999.0000,85.4769,-9999.0000,-9999.0000,-9999.0000,-9999.0000,0,1,1.0000
78190,-9999.0000,-9999.0000,-9999.0000,-9999.0000,-9999.0000,-9999.0000,10.2679,-9999.0000,81.3659,-9999.0000,85.4781,-9999.0000,-9999.0000,-9999.0000,-9999.0000,0,1,1.0000
78191,-9999.0000,-9999.0000,-9999.0000,-9999.0000,-9999.0000,-9999.0000,10.2701,-9999.0000,81.3781,-9999.0000,85.4822,-9999.0000,-9999.0000,-9999.0000,-9999.0000,0,1,1.0000
78192,-9999.0000,-9999.0000,-9999.0000,-9999.0000,-9999.0000,-9999.0000,10.2670,-9999.0000,81.3912,-9999.0000,85.4909,-9999.0000,-9999.0000,-9999.0000,-9999.0000,0,1,1.0000
78193,-9999.0000,-9999.0000,-9999.0000,-9999.0000,-9999.0000,-9999.0000,10.2712,-9999.0000,81.4491,-9999.0000,85.5034,-9999.0000,-9999.0000,-9999.0000,-9999.0000,0,1,1.0000
78194,-9999.0000,-9999.0000,-9999.0000,-9999.0000,-9999.0000,-9999.0000,10.2770,-9999.0000,81.5287,-9999.0000,85.5184,-9999.0000,-9999.0000,-9999.0000,-9999.0000,0,1,1.0000
