Data/Raw/WAGNER,NICK/firexaq-AOP-optical_DC8_20190819_R1.ict
51, 1001
Wagner, Nicholas L.
NOAA Earth System Research Laboratory
NOAA AOP instrument
FIREX-AQ
1, 1
2019, 08, 19, 2020, 04, 27
1
Time_start, seconds_past_midnight, seconds from midnight
18
1, 1, 1, 1, 1, 1, 1, 1, 1, 1, 1, 1, 1, 1, 1, 1, 1, 1
-9999, -9999, -9999, -9999, -9999, -9999, -9999, -9999, -9999, -9999, -9999, -9999, -9999, -9999, -9999, -9999, -9999, -9999
ext_dry_664, Mm-1, AerOpt_Extinction_InSitu_RHd_red_Total_PM2.5_STP
ext_dry_532, Mm-1, AerOpt_Extinction_InSitu_RHd_green_Total_PM2.5_STP
ext_dry_405, Mm-1, AerOpt_Extinction_InSitu_RHd_blue_Total_PM2.5_STP
abs_dry_664, Mm-1, AerOpt_Absorption_InSitu_RHd_red_Total_PM2.5_STP
abs_dry_532, Mm-1, AerOpt_Absorption_InSitu_RHd_green_Total_PM2.5_STP
abs_dry_405, Mm-1, AerOpt_Absorption_InSitu_RHd_blue_Total_PM2.5_STP
AOP_RH_dry, pct, Relative_humidity_of_dry_RH_channels
ext_medRH_664, Mm-1, AerOpt_Extinction_InSitu_RH80_red_Total_PM2.5_STP
AOP_RH_med, pct, Relative_humidity_of_medium_RH_channel
ext_highRH_664, Mm-1, AerOpt_Extinction_InSitu_RH85_red_Total_PM2.5_STP
AOP_RH_high, pct, Relative_humidity_of_high_RH_channel
ext_TD_664, Mm-1, AerOpt_ExtinctionTD_InSitu_RHd_blue_Total_PM2.5_STP
ext_TD_405, Mm-1, AerOpt_ExtinctionTD_InSitu_RHd_red_Total_PM2.5_STP
abs_TD_664, Mm-1, AerOpt_Absorption_InSitu_RHd_red_Total_PM2.5_STP
abs_TD_405, Mm-1, AerOpt_Absorption_InSitu_RHd_blue_Total_PM2.5_STP
AOP_TD_bypass_flag, pct, Flag_for_TD_Bypass_valve
AOP_filter_flag, pct, Flag_for_Filter_Valve
AOP_Dilution_ratio, pct, Applied_Dilution_Ratio_for_ext_channels
1
N/A
18
PI_CONTACT_INFO: Address: NOAA ESRL Chemical Sciences Division, R/CSD2, 325 Broadway, Boulder, CO 80305. Email: nick.wagner@noaa.gov.
PLATFORM: NASA DC8
LOCATION: See the DC8 MetNav file, Based in Boise (BOI) and Salina, KS
ASSOCIATED_DATA: N/A
[...]
DATA_INFO: Mm-1:
UNCERTAINTY: The precision of the extinction measurements varies with aerosol loading and is +/-20% at 10 Mm-1 and +/-5% at 100 Mm-1. The accuracy of the dry measurement is +/-2% and depends on RH for the humidified measurements, +/-5% at 85% RH and +/-15% at 90% RH. For more details, see Langridge et al., Aerosol Science and Technology 45:1305-1318, 2011. Analysis of comparable measurements suggest incomplete mixing in the dilution system. Effective dilution for individual instruments can vary by +/- 30% compared to the reported flow-based dilution estimate. The absorption measurements have a high signal accuracy of 20%. The low signal precision varies with altitude and flight to flight, and is typically less than 10 Mm-1 for 1 second measurements.
ULOD_FLAG: -7777
ULOD_VALUE: N/A
LLOD_FLAG: -8888
LLOD_VALUE: N/A
DM_CONTACT_INFO: Gao Chen
PROJECT_INFO: FIREX-AQ
STIPULATIONS_ON_USE: NASA Data Policy. Contact with PI is encouraged.
OTHER_COMMENTS: N/A
REVISION: R1
R1: Absorption measurements have been corrected for pressure dependent microphone sensitivity. In-cloud data has been removed. R0: Final Data. 
Time_start, ext_dry_664, ext_dry_532, ext_dry_405, abs_dry_664, abs_dry_532, abs_dry_405, AOP_RH_dry, ext_medRH_664, AOP_RH_med, ext_highRH_664, AOP_RH_high, ext_TD_664, ext_TD_405, abs_TD_664, abs_TD_405, AOP_TD_bypass_flag, AOP_filter_flag, AOP_Dilution_ratio
[from data line 6719]
71068,11.3782,20.8397,49.6478,0.2824,-0.0274,0.4398,1.6097,17.7037,80.9664,16.5801,84.4938,-9999.0000,15.9061,13.0073,-0.8859,0,0,1.0000
71069,11.9253,22.6525,48.8088,3.9282,-1.5584,0.5205,1.6108,22.0700,80.9001,15.8278,84.5021,-9999.0000,18.3993,-1.0801,4.9815,0,0,1.0000
71070,9.8562,24.1591,47.3395,0.7000,-3.7185,0.7513,1.6295,23.9006,80.8475,19.2452,84.5084,-9999.0000,15.3272,6.6531,5.8870,0,0,1.0000
71071,11.3675,23.5764,48.0971,2.6904,-0.1485,0.9624,1.6332,18.3139,80.7970,16.8680,84.5200,-9999.0000,15.3441,7.2520,1.3587,0,0,1.0000
71072,9.7543,19.8529,48.6438,0.7308,0.2326,1.4960,1.6347,20.2269,80.7383,19.1969,84.5375,-9999.0000,16.7158,4.8626,-4.0944,0,0,1.0000
71073,10.5714,21.8689,47.6296,3.3964,-1.4055,0.5427,1.6336,18.7317,80.6709,18.2062,84.5610,-9999.0000,16.0742,2.7713,-0.8645,0,0,1.0000
71074,12.4955,20.3768,49.2071,-0.1291,2.4542,1.1302,1.6355,22.4305,80.6101,16.3823,84.5918,-9999.0000,24.3619,0.6151,1.7766,0,0,1.0000
71075,13.9335,20.7061,47.3337,-3.5422,2.3623,0.6514,1.6427,18.1018,80.5622,25.7834,84.6089,-9999.0000,41.0267,-0.1347,1.3845,0,0,1.0000
71076,12.6946,22.5972,49.0657,-8.6441,5.9650,1.5404,1.6426,21.6393,80.5262,19.1116,84.6282,-9999.0000,59.2826,-2.9230,4.8553,0,0,1.0000
71077,14.2929,19.0586,50.8876,-4.3262,-3.0118,0.4188,1.6389,20.8460,80.4744,20.5404,84.6433,-9999.0000,21.9637,11.3162,-6.3984,0,0,1.0000
71078,12.0665,23.9466,50.9443,-4.4993,5.7866,1.2202,1.6315,20.0210,80.4245,18.0363,84.6662,-9999.0000,26.2025,5.3801,0.0301,0,0,1.0000
71079,11.5083,21.3489,48.5940,-0.2958,-2.3856,0.0238,1.6310,17.4376,80.3784,19.1825,84.6948,-9999.0000,33.0712,2.7473,-4.1459,0,0,1.0000
71080,10.9480,21.7714,52.4180,-0.3162,-1.5756,0.2233,1.6265,19.8793,80.3338,19.6483,84.7401,-9999.0000,23.0404,0.8623,-5.2865,0,0,1.0000
71081,13.0570,19.5552,49.1213,-3.6000,0.4635,1.5167,1.6252,20.7028,80.2999,18.9889,84.7679,-9999.0000,21.2002,0.3038,-0.1659,0,0,1.0000
71082,10.2286,23.2437,48.2438,3.3709,1.7296,0.3661,1.6199,18.6808,80.2696,22.2004,84.7918,-9999.0000,14.8245,4.4477,-6.1074,0,0,1.0000
71083,13.1425,17.4213,48.2926,-1.1854,1.9406,0.7825,1.6187,25.3782,80.2472,23.2314,84.8073,-9999.0000,16.2535,9.7179,3.9892,0,0,1.0000
71084,13.8424,22.1307,46.9620,-6.0464,-2.1761,1.3302,1.6180,23.0993,80.2366,22.5693,84.8408,-9999.0000,15.2685,1.1012,1.0576,0,0,1.0000
71085,10.7598,20.5066,47.8897,-0.5339,0.2455,0.9127,1.6183,21.9702,80.2233,20.9640,84.8824,-9999.0000,16.0060,-3.0078,4.6353,0,0,1.0000
71086,11.0268,21.2446,49.0217,3.3909,-2.3795,0.5897,1.6185,20.0088,80.2123,18.5089,84.9333,-9999.0000,14.1654,-2.0588,0.3424,0,0,1.0000
71087,12.1651,20.5910,53.4490,0.1551,-0.4753,0.3101,1.6159,18.7468,80.2139,16.5346,84.9778,-9999.0000,20.2206,2.2455,-1.9942,0,0,1.0000
71088,10.1962,22.2408,54.3839,-3.7923,-1.5487,0.9036,1.6141,21.9910,80.2116,21.7976,85.0207,-9999.0000,19.1774,-2.0143,-4.8720,0,0,1.0000
71089,9.7717,21.0996,48.0527,0.0891,0.4694,1.5708,1.6136,21.9991,80.2211,16.7741,85.0697,-9999.0000,29.9997,-0.6217,-1.1277,0,0,1.0000
71090,10.0578,21.8778,47.3410,2.8207,-0.5267,0.8564,1.6113,23.4522,80.2346,15.4449,85.1115,-9999.0000,41.5865,-0.9763,-1.7221,0,0,1.0000
71091,12.2943,28.6052,52.3094,3.6319,-2.7879,1.7289,1.6095,21.5020,80.2539,17.2781,85.1537,-9999.0000,20.2609,-4.2645,2.7692,0,0,1.0000
71092,13.5213,22.1350,50.0103,-1.8803,0.2537,0.2517,1.6097,28.9671,80.2856,19.7216,85.1847,-9999.0000,19.5183,-5.6351,4.7532,0,0,1.0000
71093,13.5430,24.4243,51.7681,0.2816,1.6620,1.0463,1.6096,28.1367,80.3232,16.4929,85.2142,-9999.0000,31.4439,3.1084,-0.6409,0,0,1.0000
71094,12.5467,23.7215,52.8696,3.4835,-2.0646,1.2428,1.6233,23.7056,80.3896,18.1592,85.2547,-9999.0000,36.7156,-0.4161,-2.1583,0,0,1.0000
71095,13.2981,22.4103,50.2180,-2.8105,-2.0230,0.6285,1.6433,26.7879,80.4490,20.5962,85.2888,-9999.0000,23.6217,4.8430,-2.2607,0,0,1.0000
71096,18.4149,21.8064,47.3882,2.0607,-0.7944,1.2903,1.6429,19.1976,80.5049,19.5962,85.3083,-9999.0000,18.4889,3.2289,6.8140,0,0,1.0000
71097,14.8186,21.2289,48.8697,1.9177,-3.4053,0.9818,1.6418,20.4554,80.5762,21.1369,85.3293,-9999.0000,48.7179,-0.1244,0.6435,0,0,1.0000
71098,12.1993,24.4840,53.4090,-2.3838,-0.4915,1.0752,1.6393,19.8468,80.6393,26.0714,85.3617,-9999.0000,44.2686,-4.6411,1.8118,0,0,1.0000
71099,12.6409,21.0820,51.3719,-6.1035,-2.9751,1.0153,1.6573,18.2971,80.7147,21.4227,85.3846,-9999.0000,19.7486,2.8134,2.4839,0,0,1.0000
71100,16.0101,21.1643,49.6471,4.0813,-1.5857,0.2753,1.6592,18.6472,80.7939,18.2346,85.4155,-9999.0000,18.4171,-5.2695,0.6554,0,0,1.0000
71101,12.4249,25.9433,51.1309,-0.3259,-2.3238,1.3355,1.6617,19.7759,80.8870,33.4969,85.4430,-9999.0000,13.7703,4.7804,6.6649,0,0,1.0000
71102,13.1837,22.5039,51.2487,-5.4502,-0.5217,0.4906,1.6549,19.2496,80.9673,22.5689,85.4821,-9999.0000,19.9983,-4.3182,-5.7518,0,0,1.0000
71103,11.6805,21.7936,51.9468,-0.5198,-2.8504,0.6041,1.6498,18.1543,81.0670,19.3249,85.5119,-9999.0000,21.2746,-0.5342,-1.5684,0,0,1.0000
71104,12.2683,21.7956,56.5732,0.6367,-1.6589,0.5712,1.6336,16.8869,81.1685,15.8526,85.5257,-9999.0000,28.9893,-6.2382,0.2386,0,0,1.0000
71105,11.7929,22.3541,55.6163,1.8422,-0.1506,1.1509,1.6416,19.7507,81.2798,15.9949,85.5440,-9999.0000,22.7257,0.8415,-0.2225,0,0,1.0000
71106,12.8472,22.6460,52.3319,-2.6868,-3.0889,0.4293,1.6419,22.8002,81.3737,15.9613,85.5645,-9999.0000,16.2839,1.4309,-0.9594,0,0,1.0000
71107,12.7651,20.8825,52.0790,-1.1993,6.1760,0.8133,1.6425,17.9612,81.4588,20.7327,85.5940,-9999.0000,21.0738,0.2263,4.9431,0,0,1.0000
71108,11.4407,23.6153,48.2834,-4.2126,-2.4883,0.2038,1.6409,24.7650,81.5389,22.3559,85.6175,-9999.0000,19.1058,-1.6659,0.7860,0,0,1.0000
71109,12.2067,19.6522,50.7049,-0.9112,0.2086,0.7471,1.6390,21.2320,81.6162,15.5870,85.6299,-9999.0000,23.8475,-0.7820,-0.8102,0,0,1.0000
71110,12.8190,19.2601,51.2194,-1.1668,1.3185,0.7398,1.6347,20.6030,81.6811,16.0670,85.6397,-9999.0000,22.9789,0.9558,2.5489,0,0,1.0000
71111,11.5837,20.9974,49.3633,1.3076,0.1306,1.4430,1.6320,25.9686,81.7321,18.7158,85.6642,-9999.0000,18.6294,-0.8906,7.2536,0,0,1.0000
71112,11.8856,25.2547,49.3978,2.4450,-0.4826,0.5591,1.6346,23.4468,81.7845,19.0429,85.6863,-9999.0000,13.1073,-1.6042,9.0586,0,0,1.0000
71113,13.3873,24.6181,45.4571,0.0364,-0.2919,1.0223,1.6345,21.7976,81.8396,14.1978,85.7073,-9999.0000,15.6939,-3.2474,-3.1791,0,0,1.0000
71114,12.8995,20.4263,47.8819,-4.7166,0.7409,0.1923,1.6345,17.2252,81.9015,11.8902,85.7214,-9999.0000,48.9876,3.4026,-2.6445,0,0,1.0000
71115,13.2954,20.8410,46.2371,1.4364,-0.2709,0.6687,1.6369,19.0934,81.9664,14.1360,85.7322,-9999.0000,66.6445,0.9796,-2.7641,0,0,1.0000
71116,11.3842,21.3504,45.9681,0.6397,0.6422,1.4424,1.6365,23.2156,82.0071,20.9585,85.7489,-9999.0000,14.6512,-1.0792,-0.6242,0,0,1.0000
71117,18.6937,20.8095,46.0264,1.8452,0.7226,0.9849,1.6366,26.0024,82.0284,23.2163,85.7561,-9999.0000,12.9978,-5.6552,-1.7823,0,0,1.0000
71118,12.8817,21.3549,43.5100,-2.9943,1.5643,1.4289,1.6381,19.9399,82.0553,17.4727,85.7689,-9999.0000,22.2181,-0.1971,0.5618,0,0,1.0000
71119,12.5402,20.7700,52.9478,1.8057,0.3938,0.4391,1.6440,17.1178,82.0815,22.3504,85.7946,-9999.0000,22.8177,2.0316,-6.8903,0,0,1.0000
71120,12.7052,18.9350,44.5354,-0.7713,-0.9136,0.9893,1.6474,17.9693,82.0995,23.9957,85.8052,-9999.0000,15.3758,-9999.0000,-4.2084,0,0,1.0000
71121,12.2526,22.1206,49.0647,-3.6521,0.7200,0.5826,1.6460,18.9562,82.1151,23.3325,85.8165,-9999.0000,24.3768,-9999.0000,-3.8969,0,0,1.0000
71122,13.4885,20.3283,46.7640,3.3293,1.3853,1.1168,1.6446,18.8687,82.1186,23.5932,85.8260,-9999.0000,27.0379,-9999.0000,0.6331,0,0,1.0000
71123,11.3825,19.4131,48.2779,-1.8616,1.7182,0.2807,1.6457,19.1599,82.1239,20.3973,85.8400,-9999.0000,16.2828,-9999.0000,-0.1302,0,0,1.0000
71124,13.2790,21.2986,48.5630,-5.0357,-3.0471,0.8363,1.6434,19.4044,82.1244,17.3142,85.8544,-9999.0000,17.0872,-9999.0000,-2.4634,0,0,1.0000
71125,9.9697,18.4689,46.3272,-6.1649,-3.4311,1.4462,1.6317,20.6843,82.1226,15.8185,85.8575,-9999.0000,20.4460,-9999.0000,-1.5592,0,0,1.0000
71126,10.6354,18.1461,41.9971,-0.6266,-4.8155,0.8007,1.6268,21.9199,82.1240,23.6953,85.8625,-9999.0000,26.7176,-9999.0000,2.8076,0,0,1.0000
71127,13.9717,18.4290,39.8476,-0.9669,2.3643,0.6246,1.6227,18.8774,82.1106,14.6075,85.8717,-9999.0000,17.8249,-9999.0000,2.7719,0,0,1.0000
71128,10.7842,21.3649,45.0326,-3.5538,-0.1752,0.8709,1.6268,20.0678,82.0715,17.7052,85.8648,-9999.0000,13.3138,-9999.0000,-4.4756,0,0,1.0000
71129,13.7817,17.5144,48.9782,0.1097,-0.3170,0.5707,1.6251,20.7771,82.0181,25.0427,85.8611,-9999.0000,15.4794,-9999.0000,-0.1962,0,0,1.0000
71130,11.0275,20.0400,47.8201,5.5518,-0.8136,0.5994,1.6223,16.1139,81.9486,29.6016,85.8479,-9999.0000,8.1374,-9999.0000,2.2244,0,0,1.0000
71131,10.2894,21.3111,45.1346,1.3301,2.3668,1.2123,1.6217,17.9377,81.8814,26.0937,85.8324,-9999.0000,5.6801,-9999.0000,8.8156,0,0,1.0000
71132,9.0523,17.4139,44.5059,-4.9843,-3.4747,1.4476,1.6180,16.5855,81.8008,18.7399,85.8153,-9999.0000,8.7050,-9999.0000,-9999.0000,0,0,1.0000
71133,11.9051,17.9069,43.4519,-3.7159,-0.4881,0.8943,1.6176,15.7686,81.7208,17.1978,85.7851,-9999.0000,11.2411,-9999.0000,-9999.0000,0,0,1.0000
71134,14.5635,18.8246,46.1485,-1.8003,-1.4451,0.0968,1.6129,15.8717,81.6337,16.7773,85.7497,-9999.0000,15.5065,-9999.0000,-9999.0000,0,0,1.0000
71135,15.2461,21.3980,43.3127,1.0460,2.0505,0.2253,1.6103,20.7791,81.5480,16.0714,85.7241,-9999.0000,17.6064,-9999.0000,-9999.0000,0,0,1.0000
71136,9.6109,19.7141,44.2479,0.7275,2.6888,0.7533,1.6101,17.3491,81.4607,16.2865,85.6995,-9999.0000,12.8265,-9999.0000,-9999.0000,0,0,1.0000
71137,10.0899,18.6483,43.4357,-3.7286,-1.6990,1.1081,1.6095,17.8293,81.3667,19.4505,85.6741,-9999.0000,9.0091,-9999.0000,-9999.0000,0,0,1.0000
71138,11.0365,17.4556,47.8738,0.1544,-1.2694,0.4116,1.6112,18.5288,81.2756,15.5200,85.6509,-9999.0000,11.7537,-9999.0000,-9999.0000,0,0,1.0000
71139,10.7975,19.2569,-9999.0000,2.8063,0.1537,1.0690,1.6106,14.4455,81.1792,20.4809,85.6278,-9999.0000,11.6173,-9999.0000,-9999.0000,0,0,1.0000
71140,13.2359,17.6140,-9999.0000,1.1380,-0.1632,0.3219,1.6101,19.2073,81.0807,13.0940,85.6148,-9999.0000,-9999.0000,-9999.0000,-9999.0000,0,0,1.0000
71141,11.7270,-9999.0000,-9999.0000,6.4967,2.4753,1.0100,1.6101,16.5480,80.9533,17.5646,85.5876,-9999.0000,-9999.0000,-9999.0000,-9999.0000,0,0,1.0000
71142,-9999.0000,-9999.0000,-9999.0000,-9999.0000,-9999.0000,0.7430,1.6083,16.7706,80.8461,21.9374,85.5634,-9999.0000,-9999.0000,-9999.0000,-9999.0000,0,0,1.0000
71143,-9999.0000,-9999.0000,-9999.0000,-9999.0000,-9999.0000,-9999.0000,1.5953,-9999.0000,80.7298,13.6044,85.5117,-9999.0000,-9999.0000,-9999.0000,-9999.0000,0,0,1.0000
71144,-9999.0000,-9999.0000,-9999.0000,-9999.0000,-9999.0000,-9999.0000,1.5832,-9999.0000,80.6071,-9999.0000,85.4709,-9999.0000,-9999.0000,-9999.0000,-9999.0000,0,0,1.0000
71145,-9999.0000,-9999.0000,-9999.0000,-9999.0000,-9999.0000,-9999.0000,1.5819,-9999.0000,80.4693,-9999.0000,85.4418,-9999.0000,-9999.0000,-9999.0000,-9999.0000,0,0,1.0000
71146,-9999.0000,-9999.0000,-9999.0000,-9999.0000,-9999.0000,-9999.0000,1.5894,-9999.0000,80.3263,-9999.0000,85.3965,-9999.0000,-9999.0000,-9999.0000,-9999.0000,0,1,1.0000
71147,-9999.0000,-9999.0000,-9999.0000,-9999.0000,-9999.0000,-9999.0000,1.5940,-9999.0000,80.1805,-9999.0000,85.3413,-9999.0000,-9999.0000,-9999.0000,-9999.0000,0,1,1.0000
71148,-9999.0000,-9999.0000,-9999.0000,-9999.0000,-9999.0000,-9999.0000,1.6025,-9999.0000,80.0407,-9999.0000,85.3028,-9999.0000,-9999.0000,-9999.0000,-9999.0000,0,1,1.0000
71149,-9999.0000,-9999.0000,-9999.0000,-9999.0000,-9999.0000,-9999.0000,1.6091,-9999.0000,79.9287,-9999.0000,85.2649,-9999.0000,-9999.0000,-9999.0000,-9999.0000,0,1,1.0000
71150,-9999.0000,-9999.0000,-9999.0000,-9999.0000,-9999.0000,-9999.0000,1.6198,-9999.0000,79.8303,-9999.0000,85.2309,-9999.0000,-9999.0000,-9999.0000,-9999.0000,0,1,1.0000
71151,-9999.0000,-9999.0000,-9999.0000,-9999.0000,-9999.0000,-9999.0000,1.6227,-9999.0000,79.7240,-9999.0000,85.1915,-9999.0000,-9999.0000,-9999.0000,-9999.0000,0,1,1.0000
71152,-9999.0000,-9999.0000,-9999.0000,-9999.0000,-9999.0000,-9999.0000,1.6267,-9999.0000,79.6275,-9999.0000,85.1546,-9999.0000,-9999.0000,-9999.0000,-9999.0000,0,1,1.0000
71153,-9999.0000,-9999.0000,-9999.0000,-9999.0000,-9999.0000,-9999.0000,1.6261,-9999.0000,79.5497,-9999.0000,85.1201,-9999.0000,-9999.0000,-9999.0000,-9999.0000,0,1,1.0000
71154,-9999.0000,-9999.0000,-9999.0000,-9999.0000,-9999.0000,-9999.0000,1.6263,-9999.0000,79.4968,-9999.0000,85.0852,-9999.0000,-9999.0000,-9999.0000,-9999.0000,0,1,1.0000
71155,-9999.0000,-9999.0000,-9999.0000,-9999.0000,-9999.0000,-9999.0000,1.6226,-9999.0000,79.4573,-9999.0000,85.0674,-9999.0000,-9999.0000,-9999.0000,-9999.0000,0,1,1.0000
71156,-9999.0000,-9999.0000,-9999.0000,-9999.0000,-9999.0000,-9999.0000,1.6230,-9999.0000,79.4046,-9999.0000,85.0441,-9999.0000,-9999.0000,-9999.0000,-9999.0000,0,1,1.0000
71157,-9999.0000,-9999.0000,-9999.0000,-9999.0000,-9999.0000,-9999.0000,1.6264,-9999.0000,79.3561,-9999.0000,85.0181,-9999.0000,-9999.0000,-9999.0000,-9999.0000,0,1,1.0000
71158,-9999.0000,-9999.0000,-9999.0000,-9999.0000,-9999.0000,-9999.0000,1.6261,-9999.0000,79.3157,-9999.0000,84.9835,-9999.0000,-9999.0000,-9999.0000,-9999.0000,0,1,1.0000
71159,-9999.0000,-9999.0000,-9999.0000,-9999.0000,-9999.0000,-9999.0000,1.6261,-9999.0000,79.2947,-9999.0000,84.9556,-9999.0000,-9999.0000,-9999.0000,-9999.0000,0,1,1.0000
71160,-9999.0000,-9999.0000,-9999.0000,-9999.0000,-9999.0000,-9999.0000,1.6219,-9999.0000,79.2821,-9999.0000,84.9287,-9999.0000,-9999.0000,-9999.0000,-9999.0000,0,1,1.0000
71161,-9999.0000,-9999.0000,-9999.0000,-9999.0000,-9999.0000,-9999.0000,1.6235,-9999.0000,79.2782,-9999.0000,84.9059,-9999.0000,-9999.0000,-9999.0000,-9999.0000,0,1,1.0000
71162,-9999.0000,-9999.0000,-9999.0000,-9999.0000,-9999.0000,-9999.0000,1.6278,-9999.0000,79.2784,-9999.0000,84.8719,-9999.0000,-9999.0000,-9999.0000,-9999.0000,0,1,1.0000
71163,-9999.0000,-9999.0000,-9999.0000,-9999.0000,-9999.0000,-9999.0000,1.6270,-9999.0000,79.2742,-9999.0000,84.8440,-9999.0000,-9999.0000,-9999.0000,-9999.0000,0,1,1.0000
71164,-9999.0000,-9999.0000,-9999.0000,-9999.0000,-9999.0000,-9999.0000,1.6264,-9999.0000,79.2635,-9999.0000,84.8122,-9999.0000,-9999.0000,-9999.0000,-9999.0000,0,1,1.0000
71165,-9999.0000,-9999.0000,-9999.0000,-9999.0000,-9999.0000,-9999.0000,1.6256,-9999.0000,79.2675,-9999.0000,84.7967,-9999.0000,-9999.0000,-9999.0000,-9999.0000,0,1,1.0000
71166,-9999.0000,-9999.0000,-9999.0000,-9999.0000,-9999.0000,-9999.0000,1.6233,-9999.0000,79.2760,-9999.0000,84.7829,-9999.0000,-9999.0000,-9999.0000,-9999.0000,0,1,1.0000
71167,-9999.0000,-9999.0000,-9999.0000,-9999.0000,-9999.0000,-9999.0000,1.6231,-9999.0000,79.3073,-9999.0000,84.7619,-9999.0000,-9999.0000,-9999.0000,-9999.0000,0,1,1.0000
71168,-9999.0000,-9999.0000,-9999.0000,-9999.0000,-9999.0000,-9999.0000,1.6213,-9999.0000,79.3547,-9999.0000,84.7339,-9999.0000,-9999.0000,-9999.0000,-9999.0000,0,1,1.0000
71169,-9999.0000,-9999.0000,-9999.0000,-9999.0000,-9999.0000,-9999.0000,1.6189,-9999.0000,79.4027,-9999.0000,84.7105,-9999.0000,-9999.0000,-9999.0000,-9999.0000,0,1,1.0000
71170,-9999.0000,-9999.0000,-9999.0000,-9999.0000,-9999.0000,-9999.0000,1.6208,-9999.0000,79.4555,-9999.0000,84.6977,-9999.0000,-9999.0000,-9999.0000,-9999.0000,0,1,1.0000
71171,-9999.0000,-9999.0000,-9999.0000,-9999.0000,-9999.0000,-9999.0000,1.6206,-9999.0000,79.5118,-9999.0000,84.6952,-9999.0000,-9999.0000,-9999.0000,-9999.0000,0,1,1.0000
71172,-9999.0000,-9999.0000,-9999.0000,-9999.0000,-9999.0000,-9999.0000,1.6196,-9999.0000,79.5898,-9999.0000,84.6846,-9999.0000,-9999.0000,-9999.0000,-9999.0000,0,1,1.0000
71173,-9999.0000,-9999.0000,-9999.0000,-9999.0000,-9999.0000,-9999.0000,1.6189,-9999.0000,79.6643,-9999.0000,84.6747,-9999.0000,-9999.0000,-9999.0000,-9999.0000,0,1,1.0000
71174,-9999.0000,-9999.0000,-9999.0000,-9999.0000,-9999.0000,-9999.0000,1.6197,-9999.0000,79.7268,-9999.0000,84.6694,-9999.0000,-9999.0000,-9999.0000,-9999.0000,0,1,1.0000
