Data/Raw/WAGNER,NICK/firexaq-AOP-optical_DC8_20190717_R1_L2.ict
51, 1001
Wagner, Nicholas L.
NOAA Earth System Research Laboratory
NOAA AOP instrument
FIREX-AQ
1, 1
2019, 07, 17, 2020, 04, 27
1
Time_start, seconds_past_midnight, seconds from midnight
18
1, 1, 1, 1, 1, 1, 1, 1, 1, 1, 1, 1, 1, 1, 1, 1, 1, 1
-9999, -9999, -9999, -9999, -9999, -9999, -9999, -9999, -9999, -9999, -9999, -9999, -9999, -9999, -9999, -9999, -9999, -9999
ext_dry_664, Mm-1, AerOpt_Extinction_InSitu_RHd_red_Total_PM2.5_STP
ext_dry_532, Mm-1, AerOpt_Extinction_InSitu_RHd_green_Total_PM2.5_STP
ext_dry_405, Mm-1, AerOpt_Extinction_InSitu_RHd_blue_Total_PM2.5_STP
abs_dry_664, Mm-1, AerOpt_Absorption_InSitu_RHd_red_Total_PM2.5_STP
abs_dry_532, Mm-1, AerOpt_Absorption_InSitu_RHd_green_Total_PM2.5_STP
abs_dry_405, Mm-1, AerOpt_Absorption_InSitu_RHd_blue_Total_PM2.5_STP
AOP_RH_dry, pct, Relative_humidity_of_dry_RH_channels
ext_medRH_664, Mm-1, AerOpt_Extinction_InSitu_RH80_red_Total_PM2.5_STP
AOP_RH_med, pct, Relative_humidity_of_medium_RH_channel
ext_highRH_664, Mm-1, AerOpt_Extinction_InSitu_RH85_red_Total_PM2.5_STP
AOP_RH_high, pct, Relative_humidity_of_high_RH_channel
ext_TD_664, Mm-1, AerOpt_ExtinctionTD_InSitu_RHd_blue_Total_PM2.5_STP
ext_TD_405, Mm-1, AerOpt_ExtinctionTD_InSitu_RHd_red_Total_PM2.5_STP
abs_TD_664, Mm-1, AerOpt_Absorption_InSitu_RHd_red_Total_PM2.5_STP
abs_TD_405, Mm-1, AerOpt_Absorption_InSitu_RHd_blue_Total_PM2.5_STP
AOP_TD_bypass_flag, pct, Flag_for_TD_Bypass_valve
AOP_filter_flag, pct, Flag_for_Filter_Valve
AOP_Dilution_ratio, pct, Applied_Dilution_Ratio_for_ext_channels
1
SPECIAL COMMENTS: In-cloud data has not been removed.
18
PI_CONTACT_INFO: Address: NOAA ESRL Chemical Sciences Division, R/CSD2, 325 Broadway, Boulder, CO 80305. Email: nick.wagner@noaa.gov.
PLATFORM: NASA DC8
LOCATION: See the DC8 MetNav file, Based in Boise (BOI) and Salina, KS
ASSOCIATED_DATA: N/A
[...]
DATA_INFO: Mm-1:
UNCERTAINTY: The precision of the extinction measurements varies with aerosol loading and is +/-20% at 10 Mm-1 and +/-5% at 100 Mm-1. The accuracy of the dry measurement is +/-2% and depends on RH for the humidified measurements, +/-5% at 85% RH and +/-15% at 90% RH. For more details, see Langridge et al., Aerosol Science and Technology 45:1305-1318, 2011. Analysis of comparable measurements suggest incomplete mixing in the dilution system. Effective dilution for individual instruments can vary by +/- 30% compared to the reported flow-based dilution estimate. The absorption measurements have a high signal accuracy of 20%. The low signal precision varies with altitude and flight to flight, and is typically less than 10 Mm-1 for 1 second measurements.
ULOD_FLAG: -7777
ULOD_VALUE: N/A
LLOD_FLAG: -8888
LLOD_VALUE: N/A
DM_CONTACT_INFO: Gao Chen
PROJECT_INFO: FIREX-AQ
STIPULATIONS_ON_USE: NASA Data Policy. Contact with PI is encouraged.
OTHER_COMMENTS: N/A
REVISION: R1
R1: Absorption measurements have been corrected for pressure dependent microphone sensitivity. R0: Final Data.
Time_start, ext_dry_664, ext_dry_532, ext_dry_405, abs_dry_664, abs_dry_532, abs_dry_405, AOP_RH_dry, ext_medRH_664, AOP_RH_med, ext_highRH_664, AOP_RH_high, ext_TD_664, ext_TD_405, abs_TD_664, abs_TD_405, AOP_TD_bypass_flag, AOP_filter_flag, AOP_Dilution_ratio
[from data line 2758]
77183,12.2829,17.0748,26.7022,5.0179,4.2884,1.2950,12.3160,14.5831,80.0339,17.9480,87.5936,-9999.0000,-9999.0000,-9999.0000,4.5554,0,0,1.0000
77184,12.9256,15.6496,22.9804,2.6237,-2.2029,2.0521,12.3099,12.8022,79.8752,21.0070,87.5748,-9999.0000,-9999.0000,-9999.0000,11.7708,0,0,1.0000
77185,9.6531,13.7720,22.5547,-2.3937,-1.3249,-2.0484,12.3134,22.0713,79.7473,31.0899,87.5517,-9999.0000,-9999.0000,-9999.0000,0.0101,0,0,1.0000
77186,9.5462,14.0917,23.9359,6.6505,0.4071,-0.5307,12.3160,19.1558,79.6529,21.9619,87.5443,2.2459,5.7822,-9999.0000,-0.9524,0,0,1.0000
77187,12.7902,14.9132,23.4329,2.4293,-1.5089,1.0952,12.3158,20.8256,79.5784,22.5205,87.5253,3.7278,4.9337,-9999.0000,1.4315,0,0,1.0000
77188,10.3561,18.3905,24.1276,4.1534,1.8648,2.5201,12.3162,14.3977,79.5196,20.1374,87.4879,3.4815,6.5561,-9999.0000,2.8989,0,0,1.0000
77189,9.7897,17.6054,23.4632,0.4625,-0.7670,-1.0994,12.3201,19.5964,79.4655,23.4953,87.4385,4.1061,6.5924,-9999.0000,0.8622,0,0,1.0000
77190,10.5025,16.5844,26.5705,-5.3389,-2.1228,-1.0506,12.3168,19.8008,79.4344,21.3910,87.3689,7.9307,8.0351,-9999.0000,0.9036,0,0,1.0000
77191,13.2283,18.4365,25.1815,-2.6238,-1.1975,3.8129,12.3193,19.4445,79.4259,16.0293,87.3160,7.1112,7.2413,-9999.0000,2.9256,0,0,1.0000
77192,10.8566,15.3601,26.5859,2.1569,-3.8143,0.1472,12.3174,15.3627,79.4219,18.1477,87.2813,3.2436,8.6123,-9999.0000,6.8978,0,0,1.0000
77193,13.0602,16.3629,25.1545,8.5560,-0.7924,2.3329,12.3198,14.8584,79.4243,15.2433,87.2490,4.7396,12.7529,-9999.0000,4.8878,0,0,1.0000
77194,11.8486,15.8366,25.2161,4.8524,-0.0198,0.4301,12.3206,12.1486,79.4451,15.5103,87.2272,5.0814,7.4429,-9999.0000,2.5093,0,0,1.0000
77195,11.6206,17.9272,26.1930,5.5066,-1.9993,-0.9527,12.3312,15.4723,79.5002,17.3077,87.1884,6.8774,4.9080,-9999.0000,5.5801,0,0,1.0000
77196,10.7046,17.6691,28.6941,-1.0883,3.3787,-0.3326,12.3440,18.6452,79.5889,18.5942,87.1644,5.8035,6.0683,-9999.0000,2.8720,0,0,1.0000
77197,9.4300,15.2614,23.3383,2.7886,-0.3686,-1.4470,12.3449,22.5954,79.6981,15.8132,87.1378,2.5959,6.1517,-9999.0000,4.9623,0,0,1.0000
77198,12.0600,14.2586,24.1001,0.1550,-0.3836,-3.0054,12.3454,18.2941,79.8318,14.1844,87.1157,4.7315,6.4527,-9999.0000,1.6364,0,0,1.0000
77199,10.0698,14.3605,25.9318,4.9982,-2.4080,2.3866,12.3475,17.4259,79.9658,17.9222,87.1085,5.5998,8.1435,-9999.0000,5.5941,0,0,1.0000
77200,11.3125,14.0682,21.2164,-3.9715,-1.7827,1.8024,12.3510,22.2878,80.0901,20.9608,87.0815,2.5756,8.6636,-9999.0000,-1.1499,0,0,1.0000
77201,9.9430,13.1597,21.0883,-0.8518,0.6896,-2.1157,12.3558,16.4479,80.2390,16.5887,87.0776,3.2348,8.5748,-9999.0000,2.6339,0,0,1.0000
77202,9.8035,14.1487,21.2540,4.4957,-1.0803,0.7933,12.3586,14.1524,80.3894,18.0769,87.0701,4.3509,5.7987,-9999.0000,-6.4391,0,0,1.0000
77203,6.7965,10.8959,18.2687,-9.7458,-1.2047,-1.6802,12.3597,15.8912,80.5503,21.8108,87.0629,3.5679,5.8289,-9999.0000,-4.2738,0,0,1.0000
77204,8.9432,12.5207,20.0057,-1.1573,3.0699,0.9344,12.3630,14.7806,80.7038,21.6195,87.0447,3.8959,6.1876,-9999.0000,-3.2180,0,0,1.0000
77205,9.8607,13.9971,19.7524,-1.0344,2.5383,-1.4854,12.3614,11.7959,80.8804,14.3529,87.0264,4.0987,7.9406,-9999.0000,-2.9568,0,0,1.0000
77206,8.2215,11.7390,18.9795,-1.7683,4.5279,-0.4980,12.3641,20.4797,81.0581,16.7978,87.0004,6.2922,9.0659,-9999.0000,1.9720,0,0,1.0000
77207,12.8143,12.6097,19.5039,0.9841,1.7091,0.6538,12.3668,21.6917,81.2464,25.6939,86.9812,7.0137,9.9610,-9999.0000,8.3697,0,0,1.0000
77208,12.4201,11.6896,19.3783,-8.6991,-1.5800,0.9280,12.3657,20.7962,81.4164,17.8162,86.9417,3.1484,8.7851,-9999.0000,4.0656,0,0,1.0000
77209,9.8816,14.6473,20.1105,-4.1015,-1.4025,1.6151,12.3554,18.5455,81.5754,16.0700,86.9081,3.0112,7.1338,-9999.0000,2.3450,0,0,1.0000
77210,8.9769,14.5989,20.5571,-6.1490,4.4063,-0.8611,12.3531,14.4305,81.7402,21.3939,86.8737,10.2461,8.2535,-9999.0000,7.4504,0,0,1.0000
77211,10.0319,15.8008,23.0053,-1.7982,-3.1161,-0.2194,12.3544,15.9735,81.9293,23.6260,86.8148,10.2301,5.6072,-9999.0000,-3.0952,0,0,1.0000
77212,10.5259,12.9820,20.5135,0.6476,5.1080,3.5911,12.3543,13.0463,82.0801,14.1998,86.7602,8.3693,4.4769,-9999.0000,0.4822,0,0,1.0000
77213,11.6362,10.7156,18.6004,3.1533,-2.3731,5.7834,12.3538,17.9118,82.2408,16.2914,86.7030,6.9872,4.1022,-9999.0000,-1.6739,0,0,1.0000
77214,7.9724,9.5696,16.4129,-0.5552,1.4559,-0.2874,12.3611,18.5386,82.4040,22.5889,86.6391,5.0512,5.9828,-9999.0000,3.6291,0,0,1.0000
77215,7.8317,13.9969,17.9468,-4.2175,-0.9691,0.7719,12.3649,17.8016,82.5732,17.1072,86.5390,3.0525,4.9152,-9999.0000,-3.0606,0,0,1.0000
77216,8.0343,11.3264,16.6609,0.4304,-2.4269,2.8076,12.3699,24.2078,82.7413,18.4596,86.4701,4.4319,6.4354,-9999.0000,1.0668,0,0,1.0000
77217,10.0698,13.3226,18.3866,3.2870,5.3489,2.0173,12.3701,15.1854,82.8969,15.1950,86.3928,5.8700,4.5809,-9999.0000,3.0505,0,0,1.0000
77218,7.8714,12.6678,20.4522,-4.0625,1.9871,1.1386,12.3669,19.9156,83.0121,16.1123,86.3385,3.9909,3.2418,-9999.0000,-0.9351,0,0,1.0000
77219,10.7326,14.5282,22.5665,11.8581,-0.3876,3.1265,12.3705,16.2671,83.1309,15.3112,86.2773,4.4341,3.5370,-9999.0000,-7.9528,0,0,1.0000
77220,11.3230,15.5111,26.2333,13.2341,3.2014,0.3104,12.3846,16.6663,83.2434,20.4510,86.2254,3.1268,5.6948,-9999.0000,7.5125,0,0,1.0000
77221,11.8930,17.8031,25.1230,-0.3145,0.8443,-0.3104,12.3870,19.3340,83.3644,14.2878,86.1765,4.0745,5.8440,-9999.0000,10.8138,0,0,1.0000
77222,13.1884,17.9931,28.9274,-1.6911,0.9297,1.5611,12.3869,15.3854,83.4536,15.9144,86.1262,7.0269,7.8585,-9999.0000,-5.1354,0,0,1.0000
77223,12.0862,20.7109,31.3649,-9.6414,1.7126,1.2652,12.3931,21.7730,83.5306,16.3045,86.0992,8.0837,4.8032,-9999.0000,-1.9099,0,0,1.0000
77224,12.6799,18.7427,30.8520,6.2056,-0.7100,-0.8398,12.4073,17.4872,83.5921,15.0945,86.0883,3.6791,4.2501,-9999.0000,-1.6599,0,0,1.0000
77225,13.1624,20.4326,29.0809,-4.5810,-1.5593,1.6752,12.4111,19.8051,83.6463,17.2763,86.0742,2.0230,4.0034,-9999.0000,-3.5354,0,0,1.0000
77226,15.4236,20.7122,33.7563,8.4359,0.2613,2.2646,12.4164,20.6527,83.7072,21.2272,86.0657,1.7439,4.0100,-9999.0000,-3.6565,0,0,1.0000
77227,16.2052,23.7337,36.9228,-9.8693,-2.8367,-2.1090,12.4327,16.7280,83.7511,22.8757,86.0720,3.1600,5.2614,-9999.0000,7.4751,0,0,1.0000
77228,19.8292,24.0182,35.7919,1.3416,1.0471,0.5721,12.4405,14.9486,83.7756,29.5071,86.0729,2.4217,6.5191,-9999.0000,0.2932,0,0,1.0000
77229,14.2898,23.6472,38.3923,-8.0712,1.7028,3.7997,12.4499,20.4413,83.7632,19.4223,86.0629,2.5318,7.1396,-9999.0000,-8.3655,0,0,1.0000
77230,15.5030,24.2612,39.8344,2.8726,-2.5123,-0.3725,12.4488,17.4430,83.7673,20.9483,86.0683,4.3675,10.0928,-9999.0000,-2.3011,0,0,1.0000
77231,13.6841,23.5304,37.0097,1.4964,-4.2557,-0.2856,12.4481,22.0137,83.7638,22.9577,86.0805,6.3509,6.3912,-9999.0000,2.8326,0,0,1.0000
77232,17.0473,25.0843,35.2491,-1.3304,-4.9574,1.1428,12.4496,20.8554,83.7253,18.4184,86.1029,7.4830,5.6602,-9999.0000,3.5859,0,0,1.0000
77233,16.0343,24.0936,37.0980,9.3195,-1.3104,-1.9750,12.4425,26.7723,83.6576,20.5013,86.1195,8.3406,9.6098,-9999.0000,-0.5110,0,0,1.0000
77234,15.9414,24.7896,37.9088,-4.9364,-0.2056,2.6153,12.4398,22.8904,83.5743,23.7454,86.1521,4.0001,7.4967,-9999.0000,6.0052,0,0,1.0000
77235,16.7352,23.7778,36.7294,3.9053,-1.2793,5.1181,12.4392,19.3519,83.4701,23.2256,86.1802,5.2857,7.8346,-9999.0000,5.8194,0,0,1.0000
77236,15.7194,23.8728,37.6950,-2.5477,-3.2427,2.4509,12.4384,25.3056,83.3169,25.8752,86.2045,5.1855,8.5025,-9999.0000,2.0386,0,0,1.0000
77237,15.0400,24.9250,36.3194,-0.2915,-2.9888,2.5355,12.4386,19.3331,83.1689,25.7515,86.2304,5.8819,6.6594,-9999.0000,4.8504,0,0,1.0000
77238,15.8051,25.1055,39.6471,-10.1096,0.7913,-0.2529,12.4380,19.3745,82.9762,21.2482,86.2574,7.2569,8.4108,-9999.0000,-5.8339,0,0,1.0000
77239,17.2758,22.8602,37.5682,-6.2946,-3.2984,4.3436,12.4372,21.5083,82.8196,22.0676,86.2761,3.7857,7.8232,-9999.0000,-2.5125,0,0,1.0000
77240,17.4867,23.7903,39.5816,-0.4807,0.0867,0.8904,12.4283,21.6526,82.6269,24.8574,86.2689,-1.0320,6.3603,-9999.0000,0.9963,0,0,1.0000
77241,17.8149,22.3662,37.7413,-5.3382,-0.9033,0.9110,12.4261,21.6966,82.4481,27.7358,86.2822,6.0812,9.2010,-9999.0000,-2.4282,0,0,1.0000
77242,16.5127,24.1747,34.5440,7.5385,-3.2672,-1.3695,12.4246,22.5018,82.2677,24.8071,86.2921,5.3829,10.2575,-9999.0000,3.9705,0,0,1.0000
77243,16.4703,25.1987,38.0747,-0.5942,-1.2547,3.7238,12.4276,17.2163,82.0901,23.4800,86.2903,4.8567,9.6897,-9999.0000,5.8420,0,0,1.0000
77244,15.7906,24.0948,36.3008,0.2120,-4.2982,0.3485,12.4261,15.7828,81.9189,23.7997,86.2835,5.2545,7.7011,-9999.0000,8.9246,0,0,1.0000
77245,15.4787,24.2570,39.0928,-8.8526,-4.3766,5.1818,12.4399,18.5805,81.7457,18.1835,86.2799,4.2471,9.4324,-9999.0000,2.8706,0,0,1.0000
77246,15.4349,26.9174,40.3723,-2.1509,-2.2881,1.8590,12.4518,19.2273,81.5762,18.5686,86.2719,5.9755,7.0427,-9999.0000,7.9350,0,0,1.0000
77247,14.8555,25.3727,39.7217,-0.7041,-2.6679,1.0681,12.4691,22.6946,81.4177,18.0433,86.2445,13.2260,6.1082,-9999.0000,3.0142,0,0,1.0000
77248,15.3132,25.1318,36.4936,8.6092,-4.0707,3.6611,12.4710,20.9109,81.3036,25.0488,86.2268,13.9780,8.0836,-9999.0000,-0.7350,0,0,1.0000
77249,17.2216,24.2323,39.1703,-7.1504,-0.3979,-1.7567,12.4752,24.2410,81.2079,22.8929,86.2157,8.1437,8.0965,-9999.0000,-0.4182,0,0,1.0000
77250,15.6073,24.4962,40.7064,6.6890,-1.8481,1.6211,12.4895,22.8264,81.1217,21.5901,86.1871,4.8743,7.8059,-9999.0000,2.0274,0,0,1.0000
77251,18.4082,26.8182,37.1366,-1.1356,-3.9131,1.5035,12.4893,23.3598,81.0384,27.4434,86.1730,4.7165,9.0411,-9999.0000,-3.4783,0,0,1.0000
77252,17.0251,24.2619,40.3508,-3.8925,1.8890,2.5693,12.4859,22.4796,80.9613,26.2879,86.1655,3.6904,8.9146,-9999.0000,0.7524,0,0,1.0000
77253,15.9883,26.3382,39.8886,0.0196,-0.3767,0.6866,12.4866,22.9317,80.9214,24.8323,86.1434,3.6866,8.4356,-9999.0000,5.2127,0,0,1.0000
77254,16.0318,25.4482,40.7637,7.7231,-0.0116,1.8203,12.4948,21.0444,80.8911,23.0917,86.1465,6.6661,8.7883,-9999.0000,6.0868,0,0,1.0000
77255,15.8174,23.7554,38.6683,1.9066,1.8286,4.8882,12.5052,19.2300,80.8661,23.2203,86.1376,8.6361,8.0906,-9999.0000,-1.0690,0,0,1.0000
77256,16.4394,21.6036,36.0331,-5.1721,2.0343,1.4326,12.5142,17.3744,80.8537,27.5509,86.1368,10.6144,7.6588,-9999.0000,1.9546,0,0,1.0000
77257,15.1125,23.8649,34.1097,9.8487,-0.8726,4.4767,12.5121,21.3808,80.8433,21.7993,86.1374,12.2643,9.8065,-9999.0000,1.0452,0,0,1.0000
77258,14.6074,20.1597,33.6745,3.9369,-0.8208,4.4654,12.5162,17.6215,80.8462,17.6610,86.1431,11.1701,10.9624,-9999.0000,-2.6936,0,0,1.0000
77259,12.6098,17.9005,31.9185,-3.6282,6.1622,3.1616,12.5196,21.0899,80.8557,20.9444,86.1484,6.9777,7.8737,-9999.0000,-2.3838,0,0,1.0000
77260,15.5391,22.4615,31.9479,-0.0418,-0.7405,3.2920,12.5202,25.2200,80.8852,18.5817,86.1711,8.2160,9.6570,-9999.0000,1.9385,0,0,1.0000
77261,14.8772,20.2460,31.2342,-1.1609,-1.6324,1.5474,12.5194,17.7817,80.9389,17.5912,86.2027,15.7004,11.8258,-9999.0000,6.2817,0,0,1.0000
77262,11.9481,17.7382,25.7254,-3.1192,1.1015,2.0266,12.5274,16.1669,81.0149,16.0660,86.2163,0.1786,13.3325,-9999.0000,4.5929,0,0,1.0000
77263,9.3965,14.2742,26.5265,10.1785,-0.0998,1.5113,12.5237,15.6167,81.1212,21.7848,86.2543,5.0713,11.6333,-9999.0000,-0.1914,0,0,1.0000
77264,11.0080,13.3935,22.1798,-2.3274,2.6715,-0.6972,12.5204,16.8573,81.2311,17.0574,86.2957,7.1135,9.4768,-9999.0000,-2.0378,0,0,1.0000
77265,8.3529,10.8135,17.7096,-5.9155,-1.8684,-1.2993,12.5257,20.7374,81.3047,20.3620,86.3082,8.8245,11.3845,-9999.0000,-7.6699,0,0,1.0000
77266,7.4191,13.1525,18.2341,-8.3352,2.2765,-1.6307,12.5290,14.6710,81.3912,18.4161,86.3349,4.5213,11.6197,-9999.0000,-0.2605,0,0,1.0000
77267,7.5953,11.0197,15.0124,-0.0459,-2.4155,0.6017,12.5264,16.3135,81.4851,19.6023,86.3431,4.5894,9.2928,-9999.0000,-2.6227,0,0,1.0000
77268,9.7133,11.3234,18.3943,-8.3072,4.5136,1.0710,12.5236,23.2331,81.6129,18.1602,86.3527,4.6653,5.6721,-9999.0000,4.8151,0,0,1.0000
77269,8.0542,10.9341,16.9370,-1.7246,-1.9937,-3.1651,12.5403,22.4295,81.7390,31.5402,86.3561,5.7006,6.1986,-9999.0000,11.0215,0,0,1.0000
77270,7.5183,7.7951,13.1536,-2.1276,1.2023,-0.2027,12.5354,13.0319,81.8495,21.9855,86.3603,4.3022,7.9891,-9999.0000,-3.7239,0,0,1.0000
77271,5.9572,6.4900,11.2170,-4.3689,2.6571,-1.0218,12.5348,10.3485,81.9607,15.7557,86.3703,2.9249,8.5439,-9999.0000,-3.5318,0,0,1.0000
77272,5.2057,9.0189,12.1555,-2.3311,-4.3476,-1.0383,12.5357,13.7747,82.1020,12.2928,86.3410,5.1773,5.7354,-9999.0000,-1.4594,0,0,1.0000
77273,3.9502,7.3825,11.1832,-1.6348,-0.1614,-0.0732,12.5433,10.2044,82.2347,10.4092,86.3241,5.7579,7.4675,-9999.0000,6.9466,0,0,1.0000
77274,6.8700,9.5004,14.2389,1.9023,-1.2754,4.1010,12.5468,14.4574,82.3775,11.1827,86.3054,5.8985,5.9413,-9999.0000,3.5908,0,0,1.0000
77275,8.7063,10.8251,16.7745,-4.1519,-0.6885,-0.7638,12.5433,16.2215,82.4767,12.4261,86.2708,6.1553,7.4859,-9999.0000,3.6561,0,0,1.0000
77276,10.0817,13.4856,18.4482,1.9220,-0.0860,-3.2230,12.5428,8.5916,82.6187,18.6292,86.2227,6.3838,5.5903,-9999.0000,1.5821,0,0,1.0000
77277,8.6544,13.0740,15.6175,1.7700,-0.8962,-0.4546,12.5467,13.4978,82.7044,14.7227,86.1669,7.6677,4.2900,-9999.0000,3.7960,0,0,1.0000
77278,5.5478,8.2623,13.5121,1.7297,0.2843,-1.8989,12.5486,16.3041,82.8168,12.6232,86.1201,1.5846,5.7988,-9999.0000,2.6893,0,0,1.0000
77279,4.3296,7.9879,10.4062,-3.6771,1.0524,0.5859,12.5485,8.0433,82.8973,12.2639,86.0553,0.9289,6.2045,-9999.0000,5.9167,0,0,1.0000
77280,6.4410,7.3049,12.5919,-0.4343,-1.2763,0.3656,12.5485,9.9865,82.9853,15.6323,86.0230,1.7086,10.3907,-9999.0000,8.3365,0,0,1.0000
77281,7.6635,12.5058,19.1918,-0.7444,-1.7268,3.7540,12.5496,13.6488,83.0724,19.9095,85.9764,1.3121,7.4983,-9999.0000,-6.2273,0,0,1.0000
77282,9.1383,17.1878,22.6087,2.8906,-0.7957,2.9961,12.5627,14.7689,83.1634,16.7452,85.9531,1.8792,5.3457,-9999.0000,10.1771,0,0,1.0000
77283,10.3525,17.5230,26.0306,5.7136,-0.1656,-1.2945,12.5606,14.8751,83.2666,18.4181,85.9356,1.6716,5.4121,-9999.0000,2.4179,0,0,1.0000
77284,9.9667,18.0132,25.9372,4.3273,-2.1548,2.1341,12.5602,15.4177,83.3418,20.8666,85.9218,3.8507,4.2464,-9999.0000,2.1823,0,0,1.0000
77285,11.1266,18.6781,32.1157,0.8527,-2.1206,0.1231,12.5658,19.4107,83.4067,17.0283,85.9209,2.8559,3.8601,-9999.0000,7.3405,0,0,1.0000
77286,11.4763,17.3996,26.6709,-2.5201,-0.6553,0.1279,12.5612,17.4370,83.4467,17.9260,85.9070,14.9807,3.5568,-9999.0000,-6.4187,0,0,1.0000
77287,12.6711,18.9718,28.1323,-2.5180,-0.6520,-9999.0000,12.5651,20.2998,83.4767,15.4010,85.9096,11.9830,3.8885,-9999.0000,8.1978,0,0,1.0000
77288,12.4474,18.8501,25.0349,-9999.0000,-9999.0000,-9999.0000,12.5672,17.8192,83.5035,17.7109,85.9137,7.0315,3.6596,-9999.0000,2.7358,0,0,1.0000
77289,10.3143,15.8221,21.8030,-9999.0000,-9999.0000,-9999.0000,12.5691,17.4012,83.5099,16.9732,85.9113,4.9898,4.8250,-9999.0000,1.6302,0,0,1.0000
77290,10.8952,15.6271,25.7851,-9999.0000,-9999.0000,-9999.0000,12.5709,14.9398,83.5242,21.2396,85.9282,3.2540,7.0643,-9999.0000,-3.8815,0,0,1.0000
77291,9.5246,16.6666,25.8436,-9999.0000,-9999.0000,-9999.0000,12.5731,12.6463,83.5198,20.9631,85.9522,3.2509,4.9613,-9999.0000,-0.6704,0,0,1.0000
77292,10.2354,12.2100,20.6759,-9999.0000,-9999.0000,-9999.0000,12.5709,11.3913,83.5147,17.3984,85.9864,3.9265,4.7926,-9999.0000,3.1976,0,0,1.0000
77293,9.5457,12.7910,20.0505,-9999.0000,-9999.0000,-9999.0000,12.5729,17.7767,83.4876,22.6632,86.0203,6.1616,8.3478,-9999.0000,2.2561,0,0,1.0000
77294,9.1977,15.7929,25.8903,-9999.0000,-9999.0000,-9999.0000,12.5751,14.6791,83.4105,18.6216,86.0555,5.1410,8.0774,-9999.0000,-0.8914,0,0,1.0000
77295,10.6152,15.3745,25.5956,-9999.0000,-9999.0000,-9999.0000,12.5770,17.2071,83.3438,27.8448,86.1079,2.8982,10.4005,-9999.0000,1.3873,0,0,1.0000
77296,9.8087,13.2850,24.9942,-9999.0000,-9999.0000,-9999.0000,12.5766,18.3068,83.2270,17.4967,86.1374,4.3445,7.8187,-9999.0000,-2.9268,0,0,1.0000
77297,9.9275,16.2873,24.8348,-9999.0000,-9999.0000,-9999.0000,12.5769,20.9592,83.1019,13.7226,86.1830,6.5232,7.0563,-9999.0000,2.9089,0,0,1.0000
