Data/Raw/WAGNER,NICK/firexaq-AOP-optical_DC8_20190813_R1.ict
51, 1001
Wagner, Nicholas L.
NOAA Earth System Research Laboratory
NOAA AOP instrument
FIREX-AQ
1, 1
2019, 08, 13, 2020, 04, 27
1
Time_start, seconds_past_midnight, seconds from midnight
18
1, 1, 1, 1, 1, 1, 1, 1, 1, 1, 1, 1, 1, 1, 1, 1, 1, 1
-9999, -9999, -9999, -9999, -9999, -9999, -9999, -9999, -9999, -9999, -9999, -9999, -9999, -9999, -9999, -9999, -9999, -9999
ext_dry_664, Mm-1, AerOpt_Extinction_InSitu_RHd_red_Total_PM2.5_STP
ext_dry_532, Mm-1, AerOpt_Extinction_InSitu_RHd_green_Total_PM2.5_STP
ext_dry_405, Mm-1, AerOpt_Extinction_InSitu_RHd_blue_Total_PM2.5_STP
abs_dry_664, Mm-1, AerOpt_Absorption_InSitu_RHd_red_Total_PM2.5_STP
abs_dry_532, Mm-1, AerOpt_Absorption_InSitu_RHd_green_Total_PM2.5_STP
abs_dry_405, Mm-1, AerOpt_Absorption_InSitu_RHd_blue_Total_PM2.5_STP
AOP_RH_dry, pct, Relative_humidity_of_dry_RH_channels
ext_medRH_664, Mm-1, AerOpt_Extinction_InSitu_RH80_red_Total_PM2.5_STP
AOP_RH_med, pct, Relative_humidity_of_medium_RH_channel
ext_highRH_664, Mm-1, AerOpt_Extinction_InSitu_RH85_red_Total_PM2.5_STP
AOP_RH_high, pct, Relative_humidity_of_high_RH_channel
ext_TD_664, Mm-1, AerOpt_ExtinctionTD_InSitu_RHd_blue_Total_PM2.5_STP
ext_TD_405, Mm-1, AerOpt_ExtinctionTD_InSitu_RHd_red_Total_PM2.5_STP
abs_TD_664, Mm-1, AerOpt_Absorption_InSitu_RHd_red_Total_PM2.5_STP
abs_TD_405, Mm-1, AerOpt_Absorption_InSitu_RHd_blue_Total_PM2.5_STP
AOP_TD_bypass_flag, pct, Flag_for_TD_Bypass_valve
AOP_filter_flag, pct, Flag_for_Filter_Valve
AOP_Dilution_ratio, pct, Applied_Dilution_Ratio_for_ext_channels
1
N/A
18
PI_CONTACT_INFO: Address: NOAA ESRL Chemical Sciences Division, R/CSD2, 325 Broadway, Boulder, CO 80305. Email: nick.wagner@noaa.gov.
PLATFORM: NASA DC8
LOCATION: See the DC8 MetNav file, Based in Boise (BOI) and Salina, KS
ASSOCIATED_DATA: N/A
[...]
DATA_INFO: Mm-1:
UNCERTAINTY: The precision of the extinction measurements varies with aerosol loading and is +/-20% at 10 Mm-1 and +/-5% at 100 Mm-1. The accuracy of the dry measurement is +/-2% and depends on RH for the humidified measurements, +/-5% at 85% RH and +/-15% at 90% RH. For more details, see Langridge et al., Aerosol Science and Technology 45:1305-1318, 2011. Analysis of comparable measurements suggest incomplete mixing in the dilution system. Effective dilution for individual instruments can vary by +/- 30% compared to the reported flow-based dilution estimate. The absorption measurements have a high signal accuracy of 20%. The low signal precision varies with altitude and flight to flight, and is typically less than 10 Mm-1 for 1 second measurements.
ULOD_FLAG: -7777
ULOD_VALUE: N/A
LLOD_FLAG: -8888
LLOD_VALUE: N/A
DM_CONTACT_INFO: Gao Chen
PROJECT_INFO: FIREX-AQ
STIPULATIONS_ON_USE: NASA Data Policy. Contact with PI is encouraged.
OTHER_COMMENTS: N/A
REVISION: R1
R1: Absorption measurements have been corrected for pressure dependent microphone sensitivity. In-cloud data has been removed. R0: Final Data. 
Time_start, ext_dry_664, ext_dry_532, ext_dry_405, abs_dry_664, abs_dry_532, abs_dry_405, AOP_RH_dry, ext_medRH_664, AOP_RH_med, ext_highRH_664, AOP_RH_high, ext_TD_664, ext_TD_405, abs_TD_664, abs_TD_405, AOP_TD_bypass_flag, AOP_filter_flag, AOP_Dilution_ratio
[from data line 26189]
102094,0.6756,2.1742,2.2486,-9999.0000,-9999.0000,-9999.0000,5.4788,2.0485,80.4440,1.4061,83.9117,0.8784,-2.6041,-9999.0000,-2.5904,0,0,1.0000
102095,0.7180,1.4569,3.1821,-9999.0000,-9999.0000,-9999.0000,5.4815,0.6271,80.4200,-0.0659,83.9020,-0.2715,5.5766,-9999.0000,-1.0621,0,0,1.0000
102096,1.2292,1.3198,1.2393,-9999.0000,-9999.0000,-9999.0000,5.4823,0.7634,80.3936,-0.7340,83.8834,-0.1828,17.9199,-9999.0000,0.9303,0,0,1.0000
102097,1.0518,1.0400,1.9763,-9999.0000,-9999.0000,-9999.0000,5.4826,0.4208,80.3683,-0.6867,83.8746,0.8506,4.1592,-9999.0000,-3.8243,0,0,1.0000
102098,0.9952,2.7566,2.5420,-9999.0000,-9999.0000,-9999.0000,5.4751,3.2595,80.3372,-0.2679,83.8687,-1.1666,-0.8503,-9999.0000,-1.9767,0,0,1.0000
102099,1.1934,1.0536,2.2842,-9999.0000,-9999.0000,-9999.0000,5.4624,0.3181,80.3132,-0.3219,83.8634,-0.1652,-1.2023,-9999.0000,-0.4800,0,0,1.0000
102100,0.8269,0.6234,2.1026,-9999.0000,-9999.0000,-9999.0000,5.4580,0.3058,80.2895,0.7397,83.8521,1.6127,-2.4578,-9999.0000,2.2621,0,0,1.0000
102101,1.2510,1.1758,2.6614,-9999.0000,-9999.0000,-9999.0000,5.4563,3.4802,80.2704,2.0352,83.8468,-1.2318,-2.7433,-9999.0000,0.4946,0,0,1.0000
102102,0.7637,1.4266,2.1389,-9999.0000,-9999.0000,-9999.0000,5.4574,0.8820,80.2502,0.6953,83.8416,-0.0353,-2.5523,-9999.0000,4.0673,0,0,1.0000
102103,1.0065,1.9268,2.1686,-9999.0000,-9999.0000,-9999.0000,5.4538,3.6885,80.2240,1.0550,83.8362,1.1850,-2.8102,-9999.0000,1.1346,0,0,1.0000
102104,1.0125,1.5358,2.7101,-9999.0000,-9999.0000,-9999.0000,5.4533,1.2422,80.1889,0.8852,83.8276,0.5432,-0.6277,-9999.0000,-0.7020,0,0,1.0000
102105,2.0417,2.1996,3.4393,-9999.0000,-9999.0000,-9999.0000,5.4498,0.3503,80.1535,5.9279,83.8186,0.6043,3.0207,-9999.0000,7.2304,0,0,1.0000
102106,0.9021,1.1430,2.8426,-9999.0000,-9999.0000,-9999.0000,5.4451,1.8423,80.1153,0.6928,83.8149,1.0389,-1.8165,-9999.0000,-3.4979,0,0,1.0000
102107,0.8371,0.8302,3.0832,-9999.0000,-9999.0000,-9999.0000,5.4463,2.2230,80.0820,1.6222,83.8093,-0.3768,-2.3771,-9999.0000,1.1389,0,0,1.0000
102108,1.2570,0.7054,2.9273,-9999.0000,-9999.0000,-9999.0000,5.4459,1.2184,80.0535,3.8568,83.8065,0.8193,-2.0512,-9999.0000,2.3723,0,0,1.0000
102109,0.9774,1.2142,2.7041,-9999.0000,-9999.0000,-9999.0000,5.4447,2.6573,80.0242,-0.0072,83.8001,-1.5425,-0.6618,-9999.0000,8.7432,0,0,1.0000
102110,1.9389,1.1551,3.6129,-9999.0000,-9999.0000,-9999.0000,5.4433,0.5805,79.9910,0.0795,83.7919,0.9305,-0.5583,-9999.0000,1.1440,0,0,1.0000
102111,0.6417,1.0472,3.1274,-9999.0000,-9999.0000,-9999.0000,5.4507,0.9134,79.9556,0.3237,83.7788,0.3584,-1.3976,-9999.0000,-7.1150,0,0,1.0000
102112,3.0324,2.9026,2.6814,-9999.0000,-9999.0000,-9999.0000,5.4573,0.3555,79.9146,0.6590,83.7786,0.4459,-1.9463,-9999.0000,3.4166,0,0,1.0000
102113,1.0352,1.9159,2.6165,-9999.0000,-9999.0000,-9999.0000,5.4602,0.0674,79.8832,-0.2255,83.7761,0.1962,-2.1591,-9999.0000,4.0605,0,0,1.0000
102114,0.7779,1.4816,3.0967,-9999.0000,-9999.0000,-9999.0000,5.4583,0.7059,79.8371,-0.3063,83.7726,-3.4781,-2.1039,-9999.0000,2.0668,0,0,1.0000
102115,0.5013,1.0089,1.8237,-9999.0000,-9999.0000,-9999.0000,5.4485,0.5334,79.7952,-0.1619,83.7694,-1.1623,-1.7552,-9999.0000,-5.1345,0,0,1.0000
102116,0.6453,0.7675,2.7753,-9999.0000,-9999.0000,-9999.0000,5.4463,2.5210,79.7489,0.5756,83.7634,-0.1511,-3.0424,-9999.0000,6.3402,0,0,1.0000
102117,1.1561,0.8795,7.5809,-9999.0000,-9999.0000,-9999.0000,5.4452,1.3252,79.7057,0.1320,83.7622,0.0069,-0.4268,-9999.0000,3.8378,0,0,1.0000
102118,0.4487,0.8904,3.4263,-9999.0000,-9999.0000,-9999.0000,5.4433,5.5489,79.6655,-0.3793,83.7602,-0.4152,-2.4666,-9999.0000,-5.2348,0,0,1.0000
102119,0.6922,0.4038,2.4868,-9999.0000,-9999.0000,-9999.0000,5.4461,0.2714,79.6159,-0.5919,83.7598,-0.1908,-3.8727,-9999.0000,-3.6161,0,0,1.0000
102120,0.6242,0.3521,2.9147,-9999.0000,-9999.0000,-9999.0000,5.4451,1.4421,79.5585,-0.8952,83.7571,-0.4839,-2.2007,-9999.0000,3.7472,0,0,1.0000
102121,0.6128,0.2924,3.0104,-9999.0000,-9999.0000,-9999.0000,5.4441,3.7027,79.5109,0.8038,83.7575,-0.3140,-1.7419,-9999.0000,5.8935,0,0,1.0000
102122,1.5172,1.3572,4.3845,-9999.0000,-9999.0000,-9999.0000,5.4433,0.3266,79.4611,-0.2200,83.7617,-0.2339,-2.0528,-9999.0000,2.1460,0,0,1.0000
102123,1.3421,0.4533,1.8946,-9999.0000,-9999.0000,-9999.0000,5.4401,0.0766,79.4125,-0.7794,83.7630,-0.4624,-1.8438,-9999.0000,-3.2683,0,0,1.0000
102124,0.7302,1.7572,3.3764,-9999.0000,-9999.0000,-9999.0000,5.4348,0.7500,79.3635,-0.4321,83.7651,-0.0336,-2.8492,-9999.0000,0.4328,0,0,1.0000
102125,0.5980,0.3874,2.4307,-9999.0000,-9999.0000,-9999.0000,5.4421,0.7967,79.3154,0.7339,83.7651,1.4872,-0.7319,-9999.0000,-2.5959,0,0,1.0000
102126,0.6790,1.0139,5.3943,-9999.0000,-9999.0000,-9999.0000,5.4488,1.5043,79.2666,-0.3908,83.7653,0.2437,3.5053,-9999.0000,2.3212,0,0,1.0000
102127,0.8532,0.7895,5.1846,-9999.0000,-9999.0000,-9999.0000,5.4514,0.9102,79.2180,-0.7975,83.7648,-0.9534,1.3084,-9999.0000,-1.1333,0,0,1.0000
102128,0.7166,0.7140,5.8373,-9999.0000,-9999.0000,-9999.0000,5.4503,0.4732,79.1505,0.7491,83.7612,-0.3661,-1.9965,-9999.0000,-0.0997,0,0,1.0000
102129,0.9095,0.7643,6.2326,-9999.0000,-9999.0000,-9999.0000,5.4459,0.1945,79.0842,0.4736,83.7615,0.2982,-1.7872,-9999.0000,-4.0556,0,0,1.0000
102130,1.1674,0.8178,4.8203,-9999.0000,-9999.0000,-9999.0000,5.4360,0.0468,79.0152,1.9304,83.7590,-1.0527,-1.7295,-9999.0000,-1.0919,0,0,1.0000
102131,1.8374,1.2134,3.3978,-9999.0000,-9999.0000,-9999.0000,5.4341,0.5659,78.9680,0.5807,83.7548,-0.1726,-2.1943,-9999.0000,3.6474,0,0,1.0000
102132,0.9891,0.6023,4.0201,-9999.0000,-9999.0000,-9999.0000,5.4296,3.7970,78.9211,0.0745,83.7463,0.5489,-1.6817,-9999.0000,-2.3923,0,0,1.0000
102133,0.6350,0.7949,4.3090,-9999.0000,-9999.0000,-9999.0000,5.4339,1.4808,78.8608,-0.4351,83.7360,0.9971,-2.8021,-9999.0000,-1.4408,0,0,1.0000
102134,1.4313,1.1235,5.8311,-9999.0000,-9999.0000,-9999.0000,5.4326,2.1456,78.7970,0.2822,83.7197,1.0942,-1.1951,-9999.0000,-4.9550,0,0,1.0000
102135,1.1757,1.9940,6.9187,-9999.0000,-9999.0000,-9999.0000,5.4215,0.7256,78.7264,-0.5836,83.6954,0.4816,-2.0136,-9999.0000,1.1145,0,0,1.0000
102136,0.7398,0.8089,5.8831,-9999.0000,-9999.0000,-9999.0000,5.4206,0.2644,78.6613,0.0373,83.6847,-0.4848,-1.9984,-9999.0000,6.4273,0,0,1.0000
102137,1.1824,0.9274,5.8790,-9999.0000,-9999.0000,-9999.0000,5.4379,1.5951,78.5918,-0.1528,83.6782,0.3351,-2.2500,-9999.0000,1.2583,0,0,1.0000
102138,0.8975,1.0681,5.5880,-9999.0000,-9999.0000,-9999.0000,5.4351,0.4556,78.5271,2.2698,83.6656,0.7421,-2.4817,-9999.0000,5.2091,0,0,1.0000
102139,0.9064,1.0482,6.1327,-9999.0000,-9999.0000,-9999.0000,5.4344,0.4693,78.4770,4.4183,83.6502,-1.9811,-1.8180,-9999.0000,-4.8224,0,0,1.0000
102140,0.6491,0.9327,5.6152,-9999.0000,-9999.0000,-9999.0000,5.4303,0.3687,78.4150,0.6325,83.6304,-0.6893,2.7101,-9999.0000,-1.9347,0,0,1.0000
102141,0.5314,1.7356,6.3352,-9999.0000,-9999.0000,-9999.0000,5.4317,0.6608,78.3546,0.4249,83.6082,0.4112,-1.2152,-9999.0000,0.4642,0,0,1.0000
102142,0.8840,0.8038,7.8054,-9999.0000,-9999.0000,-9999.0000,5.4331,0.6356,78.2967,3.9729,83.5851,0.0388,-0.5278,-9999.0000,2.6898,0,0,1.0000
102143,2.2492,1.3623,4.9197,-9999.0000,-9999.0000,-9999.0000,5.4326,0.4010,78.2362,2.3764,83.5735,1.2747,-0.6160,-9999.0000,3.8734,0,0,1.0000
102144,1.3222,1.1959,5.3136,-9999.0000,-9999.0000,-9999.0000,5.4343,0.2470,78.1570,0.5793,83.5569,-0.4209,2.4323,-9999.0000,0.6132,0,0,1.0000
102145,0.9330,1.0686,5.9156,-9999.0000,-9999.0000,-9999.0000,5.4330,0.6965,78.0623,0.7672,83.5389,1.0844,0.7002,-9999.0000,-3.8816,0,0,1.0000
102146,0.9369,0.9409,8.1369,-9999.0000,-9999.0000,-9999.0000,5.4342,1.2612,77.9908,-0.2004,83.5230,1.0845,2.6924,-9999.0000,-4.4224,0,0,1.0000
102147,0.8408,1.1566,5.1464,-9999.0000,-9999.0000,-9999.0000,5.4453,2.2092,77.9345,-0.6540,83.5183,-0.5849,2.2148,-9999.0000,0.3119,0,0,1.0000
102148,1.3595,0.8930,6.0178,-9999.0000,-9999.0000,-9999.0000,5.4510,0.2924,77.8944,2.8597,83.5200,1.7844,-1.1717,-9999.0000,0.4742,0,0,1.0000
102149,0.7520,0.7280,5.6680,-9999.0000,-9999.0000,-9999.0000,5.4462,8.3683,77.8463,0.3358,83.5184,-0.4009,-2.9873,-9999.0000,5.5479,0,0,1.0000
102150,0.8781,1.0982,6.5034,-9999.0000,-9999.0000,-9999.0000,5.4426,1.2968,77.8043,2.3678,83.5166,0.3855,-1.6639,-9999.0000,-0.3834,0,0,1.0000
102151,1.3895,1.2104,5.5183,-9999.0000,-9999.0000,-9999.0000,5.4431,0.2271,77.7592,-0.5733,83.5217,0.9229,-1.0273,-9999.0000,0.7453,0,0,1.0000
102152,1.2931,1.2336,3.5194,-9999.0000,-9999.0000,-9999.0000,5.4427,0.4801,77.7083,-0.0765,83.5166,0.1580,-0.3900,-9999.0000,-0.4094,0,0,1.0000
102153,1.0535,1.5477,4.7292,-9999.0000,-9999.0000,-9999.0000,5.4434,1.7095,77.6452,-0.1139,83.5160,-0.3291,-0.9414,-9999.0000,-3.9715,0,0,1.0000
102154,1.1755,1.3138,4.3238,-9999.0000,-9999.0000,-9999.0000,5.4408,1.4837,77.5959,-0.3612,83.5194,-0.9829,-1.2138,-9999.0000,3.2673,0,0,1.0000
102155,2.1351,0.9391,5.2526,-9999.0000,-9999.0000,-9999.0000,5.4431,0.5636,77.5438,3.0763,83.5156,0.6006,-1.1075,-9999.0000,1.3493,0,0,1.0000
102156,1.8492,1.6161,4.9682,-9999.0000,-9999.0000,-9999.0000,5.4464,2.6662,77.4965,2.7969,83.5165,-1.6349,2.7137,-9999.0000,-0.9570,0,0,1.0000
102157,2.1265,2.8083,3.7998,-9999.0000,-9999.0000,-9999.0000,5.4405,0.6232,77.4404,2.2186,83.5159,-3.0460,1.9445,-9999.0000,4.0957,0,0,1.0000
102158,1.4353,1.7025,4.8880,-9999.0000,-9999.0000,-9999.0000,5.4393,2.0054,77.3902,0.4869,83.5156,0.6935,-1.3952,-9999.0000,-1.7433,0,0,1.0000
102159,0.8977,1.8198,4.7419,-9999.0000,-9999.0000,-9999.0000,5.4389,0.8418,77.3363,1.3381,83.5109,-0.6519,-0.8984,-9999.0000,2.9278,0,0,1.0000
102160,1.5160,2.5859,4.1176,-9999.0000,-9999.0000,-9999.0000,5.4388,3.4213,77.2887,4.5506,83.5137,2.3116,-0.7213,-9999.0000,3.8160,0,0,1.0000
102161,1.1361,2.6893,3.8613,-9999.0000,-9999.0000,-9999.0000,5.4386,6.4601,77.2381,2.1516,83.5121,3.8667,-0.5454,-9999.0000,3.4894,0,0,1.0000
102162,1.6751,2.3158,5.2752,-9999.0000,-9999.0000,-9999.0000,5.4274,1.9109,77.1892,0.8101,83.5125,3.9134,-1.3516,-9999.0000,-0.6841,0,0,1.0000
102163,1.6444,2.1933,5.7886,-9999.0000,-9999.0000,-9999.0000,5.4274,3.3567,77.1417,7.1015,83.5135,2.5460,-0.9339,-9999.0000,7.7573,0,0,1.0000
102164,1.1993,2.8917,6.7430,-9999.0000,-9999.0000,-9999.0000,5.4300,4.5481,77.0898,1.4338,83.5093,1.7812,-0.0449,-9999.0000,-1.3118,0,0,1.0000
102165,1.9126,2.1022,7.5816,-9999.0000,-9999.0000,-9999.0000,5.4305,1.3173,77.0374,2.4097,83.5044,-2.2346,0.5263,-9999.0000,-2.2645,0,0,1.0000
102166,2.6257,2.6229,6.8670,-9999.0000,-9999.0000,-9999.0000,5.4307,2.5356,76.9839,3.1255,83.5013,-1.1893,0.2360,-9999.0000,-2.2646,0,0,1.0000
102167,1.8762,2.4206,5.7771,-9999.0000,-9999.0000,-9999.0000,5.4305,2.8630,76.9263,4.4279,83.4907,0.3515,-0.9660,-9999.0000,-9999.0000,0,0,1.0000
102168,1.9683,1.9561,6.9364,-9999.0000,-9999.0000,-9999.0000,5.4262,1.7091,76.8691,2.8139,83.4828,0.1395,-1.1251,-9999.0000,-9999.0000,0,0,1.0000
102169,1.5845,1.7844,5.3875,-9999.0000,-9999.0000,-9999.0000,5.4231,2.0809,76.8080,2.0779,83.4738,-0.0411,3.3150,-9999.0000,-9999.0000,0,0,1.0000
102170,1.6795,5.4659,5.6479,-9999.0000,-9999.0000,-9999.0000,5.4230,0.4392,76.7643,2.4300,83.4601,0.5902,2.3887,-9999.0000,-9999.0000,0,0,1.0000
102171,2.8772,6.6796,7.4817,-9999.0000,-9999.0000,-9999.0000,5.4234,2.7138,76.7148,1.4805,83.4422,0.5901,-1.9703,-9999.0000,-9999.0000,0,0,1.0000
102172,1.5214,3.3044,6.4342,-9999.0000,-9999.0000,-9999.0000,5.4213,3.2240,76.6696,1.8787,83.4218,9.6414,-1.0726,-9999.0000,-9999.0000,0,0,1.0000
102173,1.6306,2.7530,6.8535,-9999.0000,-9999.0000,-9999.0000,5.4183,4.3737,76.6217,4.0377,83.4058,9.9400,-0.4569,-9999.0000,-9999.0000,0,0,1.0000
102174,2.0548,2.5183,5.7656,-9999.0000,-9999.0000,-9999.0000,5.4123,2.5710,76.5797,13.1477,83.3915,4.1020,-1.7013,-9999.0000,-9999.0000,0,0,1.0000
102175,1.7356,2.0658,5.4124,-9999.0000,-9999.0000,-9999.0000,5.4064,2.9306,76.5444,4.1303,83.3792,1.8677,-1.4788,-9999.0000,-9999.0000,0,0,1.0000
102176,2.2106,2.5629,5.7581,-9999.0000,-9999.0000,-9999.0000,5.4038,3.4206,76.5016,1.8350,83.3578,-0.7292,-2.7109,-9999.0000,-9999.0000,0,0,1.0000
102177,2.3286,2.2491,7.6097,-9999.0000,-9999.0000,-9999.0000,5.4035,2.5193,76.4738,1.5027,83.3429,-1.3366,-2.1700,-9999.0000,-9999.0000,0,0,1.0000
102178,1.6437,2.9272,4.7163,-9999.0000,-9999.0000,-9999.0000,5.3996,1.5962,76.4495,1.2309,83.3374,-0.4952,-0.8153,-9999.0000,-9999.0000,0,0,1.0000
102179,2.3632,1.8267,4.4182,-9999.0000,-9999.0000,-9999.0000,5.3973,0.4457,76.4247,1.3593,83.3294,-0.6084,-1.9106,-9999.0000,-3.8582,0,0,1.0000
102180,2.0398,3.3617,3.7069,-9999.0000,-9999.0000,-9999.0000,5.3972,0.9455,76.3943,1.7809,83.3178,-2.2696,-1.2700,-9999.0000,0.0027,0,0,1.0000
102181,0.8831,1.3821,3.1124,-9999.0000,-9999.0000,-9999.0000,5.3954,1.9993,76.3578,1.3641,83.3170,1.1005,1.2692,-9999.0000,0.1090,0,0,1.0000
102182,1.2541,1.7731,2.1997,-9999.0000,-9999.0000,-9999.0000,5.3911,4.3635,76.3367,4.4375,83.3157,0.2971,-2.6332,-9999.0000,-1.3216,0,0,1.0000
102183,1.2950,0.9495,1.5716,-9999.0000,-9999.0000,-9999.0000,5.3712,2.1469,76.3190,5.9517,83.3148,0.3538,-1.1539,-9999.0000,-2.2645,0,0,1.0000
102184,0.8258,0.4988,0.9676,-9999.0000,-9999.0000,-9999.0000,5.3620,0.1730,76.3105,0.2966,83.3166,0.7668,1.6846,-9999.0000,0.8136,0,0,1.0000
102185,1.1312,0.1698,1.0465,-9999.0000,-9999.0000,-9999.0000,5.3647,-0.1409,76.3027,0.4626,83.3179,-1.8479,0.7743,-9999.0000,0.7891,0,0,1.0000
102186,0.6051,0.4781,2.4085,-9999.0000,-9999.0000,-9999.0000,5.3615,0.3232,76.2977,0.8654,83.3197,-2.0795,-1.3976,-9999.0000,5.5286,0,0,1.0000
102187,0.5339,0.3418,1.0620,-9999.0000,-9999.0000,-9999.0000,5.3749,1.4378,76.2920,1.0613,83.3216,-0.6008,-2.1333,-9999.0000,-1.0105,0,0,1.0000
102188,0.7874,1.1443,2.4460,-9999.0000,-9999.0000,-9999.0000,5.3731,1.1499,76.2887,0.3205,83.3312,0.8514,-0.0251,-9999.0000,-1.1034,0,0,1.0000
102189,2.3424,1.9677,3.0578,-9999.0000,-9999.0000,-9999.0000,5.3657,1.1455,76.2877,0.8978,83.3308,-0.6573,1.4875,-9999.0000,4.8060,0,0,1.0000
102190,1.2811,2.6627,3.6509,-9999.0000,-9999.0000,-9999.0000,5.3611,0.3628,76.2884,1.4745,83.3311,1.7366,-1.1540,-9999.0000,2.5595,0,0,1.0000
102191,3.8569,3.1308,5.1890,-9999.0000,-9999.0000,-9999.0000,5.3604,1.8972,76.2943,0.3823,83.3364,2.8705,-0.3321,-9999.0000,-2.9106,0,0,1.0000
102192,3.9688,3.2985,6.3502,-9999.0000,-9999.0000,-9999.0000,5.3564,0.8091,76.3019,0.3611,83.3476,-1.2957,-0.3425,-9999.0000,-1.3428,0,0,1.0000
102193,2.2913,1.9783,2.9890,-9999.0000,-9999.0000,-9999.0000,5.3522,0.4683,76.3098,0.2320,83.3513,0.3760,2.1846,-9999.0000,4.6520,0,0,1.0000
102194,1.5083,2.1231,3.5535,-9999.0000,-9999.0000,-9999.0000,5.3525,1.7500,76.3338,3.4937,83.3629,4.4865,3.0725,-9999.0000,2.3938,0,0,1.0000
102195,1.5697,2.3022,3.9001,-9999.0000,-9999.0000,-9999.0000,5.3568,2.5198,76.3642,1.5616,83.3687,3.5369,-0.1157,-9999.0000,3.8553,0,0,1.0000
102196,1.9486,1.9728,5.4574,-9999.0000,-9999.0000,-9999.0000,5.3562,3.4768,76.4045,2.1867,83.3712,5.1474,0.2332,-9999.0000,3.5709,0,0,1.0000
102197,3.8657,2.6734,4.3415,-9999.0000,-9999.0000,-9999.0000,5.3528,1.3166,76.4456,1.2285,83.3656,3.8250,-1.7802,-9999.0000,3.1678,0,0,1.0000
102198,2.4285,4.4009,4.1833,-9999.0000,-9999.0000,-9999.0000,5.3477,1.1755,76.4857,0.4370,83.3696,2.3195,2.8727,-9999.0000,-2.8558,0,0,1.0000
102199,1.8077,2.8693,3.0017,-9999.0000,-9999.0000,-9999.0000,5.3312,2.1626,76.5265,3.6948,83.3741,0.9085,0.9094,-9999.0000,6.7310,0,0,1.0000
102200,1.3286,3.8620,3.0573,-9999.0000,-9999.0000,-9999.0000,5.3259,2.2916,76.5749,1.9086,83.3738,-0.2484,-4.2765,-9999.0000,0.3082,0,0,1.0000
102201,1.6168,4.3048,2.3235,-9999.0000,-9999.0000,-9999.0000,5.3211,3.0613,76.6145,0.9531,83.3750,-2.4117,-4.2881,-9999.0000,3.7284,0,0,1.0000
102202,2.2447,4.2472,7.8613,-9999.0000,-9999.0000,-9999.0000,5.3238,0.4955,76.6645,0.8930,83.3816,-1.3991,-3.5450,-9999.0000,-2.6505,0,0,1.0000
102203,2.1939,3.7316,3.8305,-9999.0000,-9999.0000,-9999.0000,5.3274,4.7444,76.7184,-0.2475,83.3782,-1.9679,-3.4877,-9999.0000,0.6576,0,0,1.0000
102204,1.4233,2.4173,3.5231,-9999.0000,-9999.0000,-9999.0000,5.3300,0.6527,76.7718,-0.2265,83.3783,1.7376,-4.9470,-9999.0000,-2.0340,0,0,1.0000
