Data/Raw/WAGNER,NICK/firexaq-AOP-optical_DC8_20190717_R1_L2.ict
51, 1001
Wagner, Nicholas L.
NOAA Earth System Research Laboratory
NOAA AOP instrument
FIREX-AQ
1, 1
2019, 07, 17, 2020, 04, 27
1
Time_start, seconds_past_midnight, seconds from midnight
18
1, 1, 1, 1, 1, 1, 1, 1, 1, 1, 1, 1, 1, 1, 1, 1, 1, 1
-9999, -9999, -9999, -9999, -9999, -9999, -9999, -9999, -9999, -9999, -9999, -9999, -9999, -9999, -9999, -9999, -9999, -9999
ext_dry_664, Mm-1, AerOpt_Extinction_InSitu_RHd_red_Total_PM2.5_STP
ext_dry_532, Mm-1, AerOpt_Extinction_InSitu_RHd_green_Total_PM2.5_STP
ext_dry_405, Mm-1, AerOpt_Extinction_InSitu_RHd_blue_Total_PM2.5_STP
abs_dry_664, Mm-1, AerOpt_Absorption_InSitu_RHd_red_Total_PM2.5_STP
abs_dry_532, Mm-1, AerOpt_Absorption_InSitu_RHd_green_Total_PM2.5_STP
abs_dry_405, Mm-1, AerOpt_Absorption_InSitu_RHd_blue_Total_PM2.5_STP
AOP_RH_dry, pct, Relative_humidity_of_dry_RH_channels
ext_medRH_664, Mm-1, AerOpt_Extinction_InSitu_RH80_red_Total_PM2.5_STP
AOP_RH_med, pct, Relative_humidity_of_medium_RH_channel
ext_highRH_664, Mm-1, AerOpt_Extinction_InSitu_RH85_red_Total_PM2.5_STP
AOP_RH_high, pct, Relative_humidity_of_high_RH_channel
ext_TD_664, Mm-1, AerOpt_ExtinctionTD_InSitu_RHd_blue_Total_PM2.5_STP
ext_TD_405, Mm-1, AerOpt_ExtinctionTD_InSitu_RHd_red_Total_PM2.5_STP
abs_TD_664, Mm-1, AerOpt_Absorption_InSitu_RHd_red_Total_PM2.5_STP
abs_TD_405, Mm-1, AerOpt_Absorption_InSitu_RHd_blue_Total_PM2.5_STP
AOP_TD_bypass_flag, pct, Flag_for_TD_Bypass_valve
AOP_filter_flag, pct, Flag_for_Filter_Valve
AOP_Dilution_ratio, pct, Applied_Dilution_Ratio_for_ext_channels
1
SPECIAL COMMENTS: In-cloud data has not been removed.
18
PI_CONTACT_INFO: Address: NOAA ESRL Chemical Sciences Division, R/CSD2, 325 Broadway, Boulder, CO 80305. Email: nick.wagner@noaa.gov.
PLATFORM: NASA DC8
LOCATION: See the DC8 MetNav file, Based in Boise (BOI) and Salina, KS
ASSOCIATED_DATA: N/A
[...]
DATA_INFO: Mm-1:
UNCERTAINTY: The precision of the extinction measurements varies with aerosol loading and is +/-20% at 10 Mm-1 and +/-5% at 100 Mm-1. The accuracy of the dry measurement is +/-2% and depends on RH for the humidified measurements, +/-5% at 85% RH and +/-15% at 90% RH. For more details, see Langridge et al., Aerosol Science and Technology 45:1305-1318, 2011. Analysis of comparable measurements suggest incomplete mixing in the dilution system. Effective dilution for individual instruments can vary by +/- 30% compared to the reported flow-based dilution estimate. The absorption measurements have a high signal accuracy of 20%. The low signal precision varies with altitude and flight to flight, and is typically less than 10 Mm-1 for 1 second measurements.
ULOD_FLAG: -7777
ULOD_VALUE: N/A
LLOD_FLAG: -8888
LLOD_VALUE: N/A
DM_CONTACT_INFO: Gao Chen
PROJECT_INFO: FIREX-AQ
STIPULATIONS_ON_USE: NASA Data Policy. Contact with PI is encouraged.
OTHER_COMMENTS: N/A
REVISION: R1
R1: Absorption measurements have been corrected for pressure dependent microphone sensitivity. R0: Final Data.
Time_start, ext_dry_664, ext_dry_532, ext_dry_405, abs_dry_664, abs_dry_532, abs_dry_405, AOP_RH_dry, ext_medRH_664, AOP_RH_med, ext_highRH_664, AOP_RH_high, ext_TD_664, ext_TD_405, abs_TD_664, abs_TD_405, AOP_TD_bypass_flag, AOP_filter_flag, AOP_Dilution_ratio
[from data line 8627]
83052,13.2173,20.1585,34.1579,-9999.0000,2.0623,-9999.0000,24.3655,29.1893,80.1317,35.8860,85.9674,-9999.0000,-9999.0000,-9999.0000,-9999.0000,0,0,1.0000
83053,14.0449,19.9249,35.6149,-9999.0000,-0.8192,-9999.0000,24.3678,33.8026,79.9601,33.9113,85.9305,-9999.0000,-9999.0000,-9999.0000,-9999.0000,0,0,1.0000
83054,15.8439,24.3659,38.6390,-9999.0000,-2.3074,-9999.0000,24.3860,30.5773,79.7744,46.2116,85.8939,-9999.0000,-9999.0000,-9999.0000,-9999.0000,0,0,1.0000
83055,16.2203,21.4028,36.5685,-9999.0000,-0.5847,-9999.0000,24.3833,39.2188,79.6194,44.5982,85.8568,-9999.0000,-9999.0000,-9999.0000,-9999.0000,0,0,1.0000
83056,15.0412,23.7896,35.4098,-9999.0000,0.3391,-9999.0000,24.3864,37.6539,79.4910,30.8658,85.8440,-9999.0000,-9999.0000,-9999.0000,-9999.0000,0,0,1.0000
83057,16.7989,25.5589,33.5165,-9999.0000,0.0939,-9999.0000,24.3892,23.0829,79.3892,33.3455,85.8214,-9999.0000,-9999.0000,-9999.0000,-9999.0000,0,0,1.0000
83058,13.9897,24.3356,34.1706,-9999.0000,2.0810,-9999.0000,24.3909,33.8939,79.3213,44.1947,85.8159,-9999.0000,-9999.0000,-9999.0000,-9999.0000,0,0,1.0000
83059,12.5339,18.0251,29.1054,-9999.0000,2.1028,-9999.0000,24.3924,33.5074,79.2711,45.6059,85.8072,-9999.0000,-9999.0000,-9999.0000,-9999.0000,0,0,1.0000
83060,15.4061,17.1672,27.9167,-9999.0000,-0.5086,-9999.0000,24.3938,24.5621,79.2367,31.5470,85.8069,-9999.0000,-9999.0000,-9999.0000,-9999.0000,0,0,1.0000
83061,11.2590,19.3261,25.4608,-9999.0000,2.3918,-9999.0000,24.3983,21.8462,79.2233,28.3643,85.8164,-9999.0000,-9999.0000,-9999.0000,-9999.0000,0,0,1.0000
83062,11.9613,16.1254,30.9129,-9999.0000,-2.1921,-9999.0000,24.3998,22.5675,79.2162,31.9564,85.8268,-9999.0000,-9999.0000,-9999.0000,-9999.0000,0,0,1.0000
83063,8.4997,15.0841,25.4142,-9999.0000,-0.0793,-9999.0000,24.4085,26.7083,79.2069,39.0849,85.8392,-9999.0000,-9999.0000,-9999.0000,-9999.0000,0,0,1.0000
83064,10.0331,13.5485,25.8623,-9999.0000,0.2760,-9999.0000,24.4236,27.9967,79.2110,32.7633,85.8580,-9999.0000,-9999.0000,-9999.0000,-9999.0000,0,0,1.0000
83065,10.1606,17.1248,25.6504,-9999.0000,3.7097,-9999.0000,24.4345,25.0605,79.2215,27.2416,85.8750,-9999.0000,-9999.0000,-9999.0000,-9999.0000,0,0,1.0000
83066,10.1604,15.3449,25.0496,-9999.0000,-2.0298,-9999.0000,24.4460,17.4944,79.2357,29.9260,85.8823,-9999.0000,-9999.0000,-9999.0000,-9999.0000,0,0,1.0000
83067,11.8347,17.0548,23.9438,-9999.0000,-2.0087,-9999.0000,24.4394,25.9755,79.2926,34.1806,85.8871,-9999.0000,-9999.0000,-9999.0000,-9999.0000,0,0,1.0000
83068,8.8703,15.9403,23.4335,-9999.0000,-1.1995,-9999.0000,24.4432,29.7290,79.3806,23.7896,85.8970,-9999.0000,-9999.0000,-9999.0000,-9999.0000,0,0,1.0000
83069,8.3341,16.6945,23.4004,-9999.0000,0.1447,-9999.0000,24.4454,28.9180,79.4651,26.5213,85.9045,-9999.0000,-9999.0000,-9999.0000,-9999.0000,0,0,1.0000
83070,10.3653,16.9375,30.0788,-9999.0000,-1.8979,-9999.0000,24.4586,23.2510,79.5513,26.3909,85.8988,-9999.0000,-9999.0000,-9999.0000,-9999.0000,0,0,1.0000
83071,9.5819,15.5710,21.5426,-9999.0000,-2.8836,-9999.0000,24.4653,24.2161,79.6718,30.9030,85.8993,-9999.0000,-9999.0000,-9999.0000,-9999.0000,0,0,1.0000
83072,9.0431,15.9525,26.0082,-9999.0000,-0.8283,-9999.0000,24.4677,28.3353,79.8109,30.3273,85.8995,-9999.0000,-9999.0000,-9999.0000,-9999.0000,0,0,1.0000
83073,12.9080,20.8004,29.1375,-9999.0000,0.0329,-9999.0000,24.4687,27.3210,79.9518,30.5038,85.8953,-9999.0000,-9999.0000,-9999.0000,-9999.0000,0,0,1.0000
83074,14.6365,18.5714,23.5569,-9999.0000,1.8645,-9999.0000,24.4720,30.9377,80.1274,30.1209,85.9022,-9999.0000,-9999.0000,-9999.0000,-9999.0000,0,0,1.0000
83075,12.0304,13.0945,25.0574,-9999.0000,0.2809,-9999.0000,24.4655,21.2393,80.3271,30.4337,85.8910,-9999.0000,-9999.0000,-9999.0000,-9999.0000,0,0,1.0000
83076,9.7822,12.5546,24.0112,-9999.0000,-0.5830,-9999.0000,24.4708,18.8453,80.5412,27.6598,85.8852,-9999.0000,-9999.0000,-9999.0000,-9999.0000,0,0,1.0000
83077,10.7963,14.1038,22.1547,-9999.0000,-0.2487,-9999.0000,24.4909,22.8384,80.7509,27.4095,85.8785,-9999.0000,-9999.0000,-9999.0000,-9999.0000,0,0,1.0000
83078,11.9987,16.2933,29.3514,-9999.0000,1.8043,-9999.0000,24.4984,24.5660,80.9746,30.3704,85.8828,2.6283,9.4695,-9999.0000,-9999.0000,0,0,1.0000
83079,13.1501,18.5341,32.5640,-9999.0000,-1.4417,-9999.0000,24.4978,25.2395,81.1896,40.8647,85.8755,1.9256,7.5384,-9999.0000,-9999.0000,0,0,1.0000
83080,11.8463,22.5316,30.1050,-9999.0000,0.2406,-9999.0000,24.4946,23.2393,81.3835,37.6137,85.8691,2.1038,2.6774,-9999.0000,-9999.0000,0,0,1.0000
83081,15.5225,24.5800,31.9787,-9999.0000,1.8023,-9999.0000,24.5069,23.1585,81.5940,26.9005,85.8670,1.5889,3.8603,-9999.0000,-9999.0000,0,0,1.0000
83082,15.9967,27.8665,35.6159,-9999.0000,2.3986,-9999.0000,24.5097,33.9324,81.7780,36.3687,85.8671,3.2922,6.5486,-9999.0000,-9999.0000,0,0,1.0000
83083,13.4618,24.5904,35.4798,-9999.0000,-1.1915,-9999.0000,24.5135,30.4981,82.0036,41.7733,85.8578,10.2850,5.5605,-9999.0000,-9999.0000,0,0,1.0000
83084,11.5808,21.8163,32.7567,-9999.0000,2.6489,-9999.0000,24.5204,26.0778,82.1758,45.3161,85.8531,11.7705,4.8414,-9999.0000,-9999.0000,0,0,1.0000
83085,10.1429,18.9905,28.7544,-9999.0000,-2.7034,-9999.0000,24.5134,32.2535,82.3547,33.9569,85.8468,1.9467,3.4429,-9999.0000,-9999.0000,0,0,1.0000
83086,12.6206,14.3385,22.6572,-9999.0000,-0.7077,-9999.0000,24.5132,26.8822,82.5196,28.2402,85.8440,0.8086,5.5267,-9999.0000,-9999.0000,0,0,1.0000
83087,11.2871,14.6427,22.6921,-9999.0000,1.5930,-9999.0000,24.5216,27.6224,82.6933,27.0911,85.8473,1.1206,6.1745,-9999.0000,-9999.0000,0,0,1.0000
83088,10.5856,13.6132,19.1623,-9999.0000,3.1148,-9999.0000,24.5365,31.6988,82.8549,45.3449,85.8517,2.1074,3.7333,-9999.0000,-9999.0000,0,0,1.0000
83089,10.2021,13.4354,22.2963,-9999.0000,4.2911,-9999.0000,24.5345,23.1066,83.0049,25.2570,85.8571,2.4479,2.1613,-9999.0000,-9999.0000,0,0,1.0000
83090,9.9503,15.7469,26.4350,-9999.0000,-1.0319,-9999.0000,24.5428,34.2315,83.1316,25.7062,85.8718,4.7439,4.8411,-9999.0000,-9999.0000,0,0,1.0000
83091,11.3155,18.3750,28.7631,-9999.0000,-1.5198,-9999.0000,24.5463,24.1788,83.2449,27.3523,85.8948,6.3014,3.7288,-9999.0000,-9999.0000,0,0,1.0000
83092,12.1146,19.1223,33.3853,-9999.0000,-1.1534,-9999.0000,24.5480,38.6404,83.3539,43.7418,85.9320,10.8372,2.1022,-9999.0000,-9999.0000,0,0,1.0000
83093,16.3642,19.0697,29.7356,-9999.0000,-2.6423,-9999.0000,24.5495,37.8580,83.4648,39.3625,85.9675,18.3656,4.7102,-9999.0000,-9999.0000,0,0,1.0000
83094,14.4381,20.9042,30.4551,-9999.0000,6.1593,-9999.0000,24.5545,25.8292,83.5660,33.5010,86.0089,9.1126,6.7963,-9999.0000,-9999.0000,0,0,1.0000
83095,10.5876,19.3427,30.2970,-9999.0000,-1.9332,-9999.0000,24.5538,27.9440,83.6423,31.8946,86.0598,3.9998,6.3139,-9999.0000,-9999.0000,0,0,1.0000
83096,11.5911,17.6705,28.8763,-9999.0000,1.1411,-9999.0000,24.5564,28.6366,83.7099,34.5799,86.1154,9.8050,4.6516,-9999.0000,-9999.0000,0,0,1.0000
83097,14.2699,18.2868,30.4192,-9999.0000,0.5095,-9999.0000,24.5589,26.2189,83.7654,30.6623,86.1487,15.8977,3.4307,-9999.0000,-9999.0000,0,0,1.0000
83098,10.2167,17.3822,31.1924,-9999.0000,-0.4461,-9999.0000,24.5569,29.0893,83.7947,34.9992,86.1685,5.8618,1.9409,-9999.0000,-9999.0000,0,0,1.0000
83099,11.2414,16.6006,28.2862,-9999.0000,4.2946,-9999.0000,24.5645,27.8535,83.8189,32.9256,86.1940,3.2779,3.2025,-9999.0000,-9999.0000,0,0,1.0000
83100,11.4024,15.2386,29.8115,-9999.0000,-0.1384,-9999.0000,24.5639,26.3565,83.8178,33.4156,86.2149,9.0778,7.0509,-9999.0000,-9999.0000,0,0,1.0000
83101,10.8507,13.8998,25.1639,-9999.0000,1.3267,-9999.0000,24.5690,20.4068,83.8252,30.8078,86.2396,21.2085,11.2264,-9999.0000,-9999.0000,0,0,1.0000
83102,8.1180,13.9096,24.2375,-9999.0000,-2.1957,-9999.0000,24.5876,23.8951,83.8125,31.6777,86.2533,6.5083,4.1333,-9999.0000,-9999.0000,0,0,1.0000
83103,10.1812,14.1172,25.3011,-9999.0000,1.2985,-9999.0000,24.5952,24.5877,83.7470,34.9085,86.2643,3.2873,2.8348,-9999.0000,-9999.0000,0,0,1.0000
83104,9.8307,17.0622,25.0089,-9999.0000,2.3380,-9999.0000,24.6025,21.8644,83.6710,28.8261,86.2800,1.8608,2.3673,-9999.0000,-9999.0000,0,0,1.0000
83105,12.0067,14.5183,23.4662,-9999.0000,1.8102,-9999.0000,24.5997,20.2101,83.5473,24.4949,86.2865,1.3762,1.3541,-9999.0000,-9999.0000,0,0,1.0000
83106,9.8293,12.7111,24.2091,-9999.0000,2.1635,-9999.0000,24.5983,20.9168,83.3995,22.5067,86.2846,1.9174,1.5383,-9999.0000,-9999.0000,0,0,1.0000
83107,9.1420,16.9167,26.6289,-9999.0000,-0.2051,-9999.0000,24.6210,21.0272,83.2597,22.0721,86.2872,4.8610,3.3786,-9999.0000,-9999.0000,0,0,1.0000
83108,11.4493,16.5982,28.0253,-9999.0000,4.7174,-9999.0000,24.6279,22.6191,83.0863,26.0047,86.2918,8.7833,3.9167,-9999.0000,-9999.0000,0,0,1.0000
83109,10.1815,16.2305,27.8190,-9999.0000,-0.7704,-9999.0000,24.6227,28.8965,82.8867,38.7362,86.2899,6.6291,1.8582,-9999.0000,-9999.0000,0,0,1.0000
83110,11.0497,16.4574,27.9350,-9999.0000,1.6638,-9999.0000,24.6249,28.1536,82.6443,37.2832,86.2781,2.2815,1.7289,-9999.0000,-9999.0000,0,0,1.0000
83111,9.6771,17.7076,32.1199,-9999.0000,0.8227,-9999.0000,24.6207,20.6690,82.4092,43.2044,86.2576,1.9672,3.4526,-9999.0000,-9999.0000,0,0,1.0000
83112,12.7433,20.9241,30.9942,-9999.0000,1.2194,-9999.0000,24.6281,28.5853,82.1711,45.9258,86.2384,3.7251,3.1503,-9999.0000,-9999.0000,0,0,1.0000
83113,12.0736,20.3184,32.2531,-9999.0000,-0.1368,-9999.0000,24.6430,21.1168,81.9069,37.2265,86.2179,2.8851,2.9574,-9999.0000,-9999.0000,0,0,1.0000
83114,12.8747,16.1029,30.5778,-9999.0000,0.1259,-9999.0000,24.6499,24.2882,81.6557,40.5564,86.2108,2.9166,5.2832,-9999.0000,-9999.0000,0,0,1.0000
83115,12.3815,16.3661,28.5009,-9999.0000,1.1067,-9999.0000,24.6682,22.7424,81.4143,38.6217,86.2076,1.9487,1.3778,-9999.0000,-9999.0000,0,0,1.0000
83116,11.7113,18.0136,27.5312,-9999.0000,-2.0517,-9999.0000,24.7089,24.3110,81.1856,40.3036,86.1957,2.6358,1.1194,-9999.0000,-9999.0000,0,0,1.0000
83117,12.5965,17.8972,29.4769,-9999.0000,-1.2099,-9999.0000,24.7081,20.0489,80.9534,37.2736,86.1954,1.7186,4.1913,-9999.0000,-9999.0000,0,0,1.0000
83118,13.6204,17.3758,30.5629,-9999.0000,-1.6821,-9999.0000,24.7117,33.8468,80.7365,31.1369,86.1928,1.9649,2.1792,-9999.0000,-9999.0000,0,0,1.0000
83119,10.2371,15.4400,30.2309,-9999.0000,-1.6505,-9999.0000,24.7189,27.5272,80.5374,36.4214,86.1941,2.3941,0.5240,-9999.0000,-9999.0000,0,0,1.0000
83120,12.6199,17.5432,29.2816,-9999.0000,2.8315,-9999.0000,24.7237,17.5249,80.3752,46.1012,86.1962,3.1570,3.2849,-9999.0000,-9999.0000,0,0,1.0000
83121,11.0477,20.5210,27.0520,-9999.0000,-0.9337,-9999.0000,24.7293,28.4276,80.2023,34.0021,86.2066,2.6613,2.7735,-9999.0000,-9999.0000,0,0,1.0000
83122,12.2237,17.4667,26.8488,-9999.0000,1.3136,-9999.0000,24.7353,23.0929,80.0415,31.9556,86.2207,3.4968,2.5746,-9999.0000,-9999.0000,0,0,1.0000
83123,11.6508,19.4564,29.7960,-9999.0000,-1.5528,-9999.0000,24.7420,25.0479,79.8686,46.3724,86.2385,3.3570,5.1293,-9999.0000,-9999.0000,0,0,1.0000
83124,12.4837,17.5964,30.0238,-9999.0000,-2.2134,-9999.0000,24.7537,34.4090,79.7556,34.8452,86.2564,12.5261,8.4928,-9999.0000,-9999.0000,0,0,1.0000
83125,11.1270,16.8663,32.1117,-9999.0000,2.9805,-9999.0000,24.7724,26.3575,79.6826,36.2546,86.2791,7.2237,4.2647,-9999.0000,-9999.0000,0,0,1.0000
83126,10.8428,17.6079,27.1139,-9999.0000,7.0546,-9999.0000,24.7782,22.5435,79.6374,33.9520,86.3037,3.1823,1.0993,-9999.0000,-9999.0000,0,0,1.0000
83127,10.2946,17.0767,28.3880,-9999.0000,0.4072,-9999.0000,24.7739,36.1820,79.5971,38.8274,86.3197,2.7816,0.4102,-9999.0000,-9999.0000,0,0,1.0000
83128,11.3060,17.4953,29.6685,-9999.0000,-0.1964,-9999.0000,24.7766,25.8056,79.5735,31.6405,86.3402,2.6635,1.8694,-9999.0000,-9999.0000,0,0,1.0000
83129,8.5907,15.3865,25.7040,-9999.0000,-1.0288,-9999.0000,24.7783,19.9536,79.5425,41.5959,86.3413,2.0648,2.2987,-9999.0000,-9999.0000,0,0,1.0000
83130,10.8990,15.7388,28.3483,-9999.0000,1.6822,-9999.0000,24.7826,25.2607,79.5350,42.5090,86.3450,3.9639,2.5032,-9999.0000,-9999.0000,0,0,1.0000
83131,11.8974,17.7233,27.5393,-9999.0000,0.6348,-9999.0000,24.7810,20.2257,79.5335,37.9261,86.3511,30.7403,2.1326,-9999.0000,-9999.0000,0,0,1.0000
83132,9.2984,14.9143,26.1056,-9999.0000,0.1225,-9999.0000,24.7793,21.6580,79.5395,29.0563,86.3481,36.8052,2.0541,-9999.0000,-9999.0000,0,0,1.0000
83133,11.0354,16.1702,30.1219,-9999.0000,2.6439,-9999.0000,24.7894,27.2275,79.6113,28.6882,86.3462,7.5527,1.8464,-9999.0000,-9999.0000,0,0,1.0000
83134,9.4833,17.1577,28.7840,-9999.0000,2.3205,-9999.0000,24.7887,29.3557,79.7161,35.3732,86.3439,4.6242,2.8775,-9999.0000,-9999.0000,0,0,1.0000
83135,10.6162,17.4069,26.6130,-9999.0000,4.1164,-9999.0000,24.8031,33.2590,79.8315,30.5709,86.3357,2.8503,3.0612,-9999.0000,-9999.0000,0,0,1.0000
83136,12.1570,17.3474,28.2304,-9999.0000,3.0744,-9999.0000,24.8479,27.6568,79.9514,28.9887,86.3265,2.6547,6.8999,-9999.0000,-9999.0000,0,0,1.0000
83137,12.4073,17.8860,26.6067,-9999.0000,-1.7547,-9999.0000,24.8542,28.4118,80.1002,32.8776,86.2929,2.5565,5.7789,-9999.0000,-9999.0000,0,0,1.0000
83138,10.9595,15.6474,25.7082,-9999.0000,-2.1005,-9999.0000,24.8595,23.8721,80.2382,36.3671,86.2556,2.9214,4.9912,-9999.0000,-9999.0000,0,0,1.0000
83139,9.1903,15.9336,29.0786,-9999.0000,-0.8127,-9999.0000,24.9064,24.1325,80.3727,33.6588,86.2195,2.2337,6.0370,-9999.0000,-9999.0000,0,0,1.0000
83140,10.7321,16.5119,29.7648,-9999.0000,-0.0209,-9999.0000,24.9486,21.8267,80.5211,32.5476,86.1712,3.0486,2.8567,-9999.0000,-9999.0000,0,0,1.0000
83141,11.3359,15.3280,25.7386,-9999.0000,-3.4091,-9999.0000,24.9534,22.7539,80.6944,31.2317,86.1378,2.1649,1.1970,-9999.0000,-9999.0000,0,0,1.0000
83142,13.0355,17.3173,35.3792,-9999.0000,3.3581,-9999.0000,24.9603,35.1127,80.8884,35.3104,86.1114,2.1138,3.4906,-9999.0000,-9999.0000,0,0,1.0000
83143,10.3999,17.2203,28.3465,-9999.0000,-0.4870,-9999.0000,24.9576,37.7514,81.0506,32.0298,86.0921,4.1364,8.2493,-9999.0000,-9999.0000,0,0,1.0000
83144,10.6661,15.3999,27.4836,-9999.0000,-3.8859,-9999.0000,24.9660,29.1163,81.2375,32.8615,86.0814,5.2045,5.3389,-9999.0000,-9999.0000,0,0,1.0000
83145,11.9485,17.8798,31.5813,-9999.0000,-0.6342,-9999.0000,24.9774,26.8530,81.3869,29.1556,86.0615,3.3809,2.0017,-9999.0000,-9999.0000,0,0,1.0000
83146,10.8171,16.3380,28.2768,-9999.0000,0.0875,-9999.0000,24.9827,28.3525,81.5463,31.9937,86.0426,2.0626,1.7022,-9999.0000,-9999.0000,0,0,1.0000
83147,12.5748,16.0174,25.6411,-9999.0000,-5.5140,-9999.0000,24.9913,30.5502,81.6852,34.9939,86.0340,6.1859,0.6741,-9999.0000,-9999.0000,0,0,1.0000
83148,12.7056,21.1472,26.5691,-9999.0000,-2.8964,-9999.0000,25.0112,26.6291,81.8398,32.8157,86.0259,7.4123,3.4214,-9999.0000,-9999.0000,0,0,1.0000
83149,11.2858,16.0667,27.9588,-9999.0000,-2.9898,-9999.0000,25.0207,33.6120,81.9883,43.3866,86.0221,8.4486,6.7986,-9999.0000,-9999.0000,0,0,1.0000
83150,12.1510,16.3977,27.1121,-9999.0000,-0.7002,-9999.0000,25.0393,27.7655,82.1181,42.3175,86.0168,13.2398,0.4756,-9999.0000,-9999.0000,0,0,1.0000
83151,12.6732,19.8795,26.1887,-9999.0000,3.7179,-9999.0000,25.0629,25.0766,82.2252,33.6307,86.0238,11.2069,1.2662,-9999.0000,-9999.0000,0,0,1.0000
83152,11.2804,17.4419,26.5939,-9999.0000,-2.0901,-9999.0000,25.0595,23.6684,82.3325,31.7357,86.0346,13.8483,1.4767,-9999.0000,-9999.0000,0,0,1.0000
83153,11.1120,18.3381,31.4123,-9999.0000,-0.0948,-9999.0000,25.0642,23.7153,82.4291,28.7321,86.0514,17.9813,1.1126,-9999.0000,-9999.0000,0,0,1.0000
83154,9.5597,19.6709,27.1024,-9999.0000,-2.6186,-9999.0000,25.0913,29.0784,82.5271,34.7065,86.0855,7.9919,4.3886,-9999.0000,-9999.0000,0,0,1.0000
83155,11.3405,18.4593,29.9200,-9999.0000,-0.1945,-9999.0000,25.1007,29.4194,82.6023,30.0008,86.1220,4.3180,4.2492,-9999.0000,-9999.0000,0,0,1.0000
83156,11.9992,18.5265,26.3956,-9999.0000,-3.9993,-9999.0000,25.0990,31.0373,82.6662,30.2840,86.1580,4.7000,2.1462,-9999.0000,-9999.0000,0,0,1.0000
83157,10.9612,19.0579,27.3379,-9999.0000,3.9111,-9999.0000,25.1069,26.5133,82.7074,27.5747,86.1907,3.5719,2.3148,-9999.0000,-9999.0000,0,0,1.0000
83158,11.4721,20.0401,30.2556,-9999.0000,0.7503,-9999.0000,25.1130,44.4572,82.7341,29.7740,86.2132,2.8325,1.2983,-9999.0000,-9999.0000,0,0,1.0000
