Data/Raw/WAGNER,NICK/firexaq-AOP-optical_DC8_20190807_R1.ict
51, 1001
Wagner, Nicholas L.
NOAA Earth System Research Laboratory
NOAA AOP instrument
FIREX-AQ
1, 1
2019, 08, 07, 2020, 04, 28
1
Time_start, seconds_past_midnight, seconds from midnight
18
1, 1, 1, 1, 1, 1, 1, 1, 1, 1, 1, 1, 1, 1, 1, 1, 1, 1
-9999, -9999, -9999, -9999, -9999, -9999, -9999, -9999, -9999, -9999, -9999, -9999, -9999, -9999, -9999, -9999, -9999, -9999
ext_dry_664, Mm-1, AerOpt_Extinction_InSitu_RHd_red_Total_PM2.5_STP
ext_dry_532, Mm-1, AerOpt_Extinction_InSitu_RHd_green_Total_PM2.5_STP
ext_dry_405, Mm-1, AerOpt_Extinction_InSitu_RHd_blue_Total_PM2.5_STP
abs_dry_664, Mm-1, AerOpt_Absorption_InSitu_RHd_red_Total_PM2.5_STP
abs_dry_532, Mm-1, AerOpt_Absorption_InSitu_RHd_green_Total_PM2.5_STP
abs_dry_405, Mm-1, AerOpt_Absorption_InSitu_RHd_blue_Total_PM2.5_STP
AOP_RH_dry, pct, Relative_humidity_of_dry_RH_channels
ext_medRH_664, Mm-1, AerOpt_Extinction_InSitu_RH80_red_Total_PM2.5_STP
AOP_RH_med, pct, Relative_humidity_of_medium_RH_channel
ext_highRH_664, Mm-1, AerOpt_Extinction_InSitu_RH85_red_Total_PM2.5_STP
AOP_RH_high, pct, Relative_humidity_of_high_RH_channel
ext_TD_664, Mm-1, AerOpt_ExtinctionTD_InSitu_RHd_blue_Total_PM2.5_STP
ext_TD_405, Mm-1, AerOpt_ExtinctionTD_InSitu_RHd_red_Total_PM2.5_STP
abs_TD_664, Mm-1, AerOpt_Absorption_InSitu_RHd_red_Total_PM2.5_STP
abs_TD_405, Mm-1, AerOpt_Absorption_InSitu_RHd_blue_Total_PM2.5_STP
AOP_TD_bypass_flag, pct, Flag_for_TD_Bypass_valve
AOP_filter_flag, pct, Flag_for_Filter_Valve
AOP_Dilution_ratio, pct, Applied_Dilution_Ratio_for_ext_channels
1
N/A
18
PI_CONTACT_INFO: Address: NOAA ESRL Chemical Sciences Division, R/CSD2, 325 Broadway, Boulder, CO 80305. Email: nick.wagner@noaa.gov.
PLATFORM: NASA DC8
LOCATION: See the DC8 MetNav file, Based in Boise (BOI) and Salina, KS
ASSOCIATED_DATA: N/A
[...]
DATA_INFO: Mm-1:
UNCERTAINTY: The precision of the extinction measurements varies with aerosol loading and is +/-20% at 10 Mm-1 and +/-5% at 100 Mm-1. The accuracy of the dry measurement is +/-2% and depends on RH for the humidified measurements, +/-5% at 85% RH and +/-15% at 90% RH. For more details, see Langridge et al., Aerosol Science and Technology 45:1305-1318, 2011. Analysis of comparable measurements suggest incomplete mixing in the dilution system. Effective dilution for individual instruments can vary by +/- 30% compared to the reported flow-based dilution estimate. The absorption measurements have a high signal accuracy of 20%. The low signal precision varies with altitude and flight to flight, and is typically less than 10 Mm-1 for 1 second measurements.
ULOD_FLAG: -7777
ULOD_VALUE: N/A
LLOD_FLAG: -8888
LLOD_VALUE: N/A
DM_CONTACT_INFO: Gao Chen
PROJECT_INFO: FIREX-AQ
STIPULATIONS_ON_USE: NASA Data Policy. Contact with PI is encouraged.
OTHER_COMMENTS: N/A
REVISION: R1
R1: Absorption measurements have been corrected for pressure dependent microphone sensitivity. In-cloud data has been removed. R0: Final Data. 
Time_start, ext_dry_664, ext_dry_532, ext_dry_405, abs_dry_664, abs_dry_532, abs_dry_405, AOP_RH_dry, ext_medRH_664, AOP_RH_med, ext_highRH_664, AOP_RH_high, ext_TD_664, ext_TD_405, abs_TD_664, abs_TD_405, AOP_TD_bypass_flag, AOP_filter_flag, AOP_Dilution_ratio
[from data line 6093]
81690,56.0205,82.8498,135.7848,-9999.0000,-9999.0000,6.7412,4.6316,61.3322,79.4389,-9999.0000,96.8289,18.2638,42.0752,-9999.0000,13.6840,0,0,1.0000
81691,52.2131,84.5538,139.4535,-9999.0000,-9999.0000,6.2512,4.6369,61.3091,79.4393,-9999.0000,96.8265,28.5817,44.0616,-9999.0000,12.2129,0,0,1.0000
81692,51.1852,82.0486,135.7695,-9999.0000,-9999.0000,7.3079,4.6409,58.9189,79.4354,-9999.0000,96.8304,21.7042,45.0536,-9999.0000,7.0561,0,0,1.0000
81693,51.9403,88.4418,143.0096,-9999.0000,-9999.0000,6.2761,4.6433,61.9151,79.4432,-9999.0000,96.8297,14.4046,44.5249,-9999.0000,7.7075,0,0,1.0000
81694,54.0681,88.2354,142.7864,-9999.0000,-9999.0000,6.6976,4.6461,55.8411,79.4770,-9999.0000,96.8347,14.4195,48.2645,-9999.0000,10.5716,0,0,1.0000
81695,47.9325,79.6830,131.2996,-9999.0000,-9999.0000,7.0359,4.6492,52.1415,79.5294,-9999.0000,96.8350,22.0860,47.1439,-9999.0000,5.0227,0,0,1.0000
81696,46.7179,79.8848,121.6694,-9999.0000,-9999.0000,5.7575,4.6537,52.1668,79.5981,-9999.0000,96.8405,25.4499,48.8967,-9999.0000,14.0774,0,0,1.0000
81697,41.7085,75.6963,120.2286,-9999.0000,-9999.0000,6.3728,4.6559,58.4787,79.6559,-9999.0000,96.8471,18.2637,43.8992,-9999.0000,4.9483,0,0,1.0000
81698,48.0442,74.9482,116.8907,-9999.0000,-9999.0000,5.7743,4.6596,56.9618,79.7442,-9999.0000,96.8592,26.0983,44.3574,-9999.0000,3.9137,0,0,1.0000
81699,44.7232,65.3832,114.6533,-9999.0000,-9999.0000,6.3858,4.6589,55.5073,79.8456,-9999.0000,96.8592,16.7899,44.1446,-9999.0000,10.8769,0,0,1.0000
81700,47.0551,69.0492,122.1907,-9999.0000,-9999.0000,6.6377,4.6719,51.1650,79.9415,-9999.0000,96.8603,17.5698,40.6249,-9999.0000,8.2861,0,0,1.0000
81701,47.8785,72.8909,123.4836,-9999.0000,-9999.0000,6.0475,4.6770,53.2241,80.0350,-9999.0000,96.8566,20.3284,43.1564,-9999.0000,4.5679,0,0,1.0000
81702,52.1162,80.9961,128.3040,-9999.0000,-9999.0000,6.6197,4.6840,60.1317,80.1215,-9999.0000,96.8584,23.2771,44.0908,-9999.0000,2.4836,0,0,1.0000
81703,52.6125,85.5224,128.3837,-9999.0000,-9999.0000,6.4269,4.6902,51.5524,80.2111,-9999.0000,96.8604,24.9825,39.7323,-9999.0000,4.2827,0,0,1.0000
81704,50.5484,87.6978,136.4149,-9999.0000,-9999.0000,6.1467,4.6923,60.6762,80.3061,-9999.0000,96.8605,11.2930,46.8582,-9999.0000,13.7216,0,0,1.0000
81705,55.8825,88.0935,137.3116,-9999.0000,-9999.0000,6.4243,4.6939,62.7759,80.4126,-9999.0000,96.8656,19.5537,45.9386,-9999.0000,6.6398,0,0,1.0000
81706,54.7685,84.5589,130.2737,-9999.0000,-9999.0000,6.5348,4.7002,63.9653,80.5077,-9999.0000,96.8658,20.7663,45.0065,-9999.0000,10.2912,0,0,1.0000
81707,54.5441,86.8610,145.7811,-9999.0000,-9999.0000,7.3943,4.7028,64.7858,80.5995,-9999.0000,96.8702,21.0209,50.7007,-9999.0000,14.2117,0,0,1.0000
81708,55.4427,87.7863,144.9474,-9999.0000,-9999.0000,6.1804,4.7156,58.1642,80.6909,-9999.0000,96.8657,17.7909,48.0086,-9999.0000,8.1207,0,0,1.0000
81709,57.2738,90.2929,152.5612,-9999.0000,-9999.0000,6.4300,4.7220,61.6012,80.7793,-9999.0000,96.8712,20.3232,50.7558,-9999.0000,9.0082,0,0,1.0000
81710,61.7300,96.0791,156.7078,-9999.0000,-9999.0000,6.8519,4.7269,64.1601,80.8667,-9999.0000,96.8731,28.4781,51.4777,-9999.0000,8.7556,0,0,1.0000
81711,60.7038,102.3955,153.7266,-9999.0000,-9999.0000,7.0436,4.7286,78.5737,80.9615,-9999.0000,96.8739,20.0087,50.0251,-9999.0000,11.1577,0,0,1.0000
81712,61.0148,96.7280,160.4987,-9999.0000,-9999.0000,8.6666,4.7307,81.3756,81.0599,-9999.0000,96.8799,21.2617,48.6799,-9999.0000,9.9187,0,0,1.0000
81713,55.5016,96.1313,155.1039,-9999.0000,-9999.0000,8.5570,4.7490,70.9435,81.1384,-9999.0000,96.8796,20.8051,52.9666,-9999.0000,15.0682,0,0,1.0000
81714,57.5386,97.3193,156.9792,-9999.0000,-9999.0000,7.5744,4.7554,71.1547,81.2153,-9999.0000,96.8763,22.9598,54.8653,-9999.0000,7.4023,0,0,1.0000
81715,60.3595,96.8022,156.2321,-9999.0000,-9999.0000,7.2248,4.7629,75.0260,81.3018,-9999.0000,96.8708,18.9923,50.4672,-9999.0000,10.7859,0,0,1.0000
81716,58.5513,88.1669,144.4223,-9999.0000,-9999.0000,7.8781,4.7643,61.6516,81.3923,-9999.0000,96.8727,14.2346,47.3783,-9999.0000,17.1967,0,0,1.0000
81717,50.7295,79.3183,128.9999,-9999.0000,-9999.0000,7.0530,4.7662,62.4093,81.4804,-9999.0000,96.8728,17.2056,44.0758,-9999.0000,10.4548,0,0,1.0000
81718,40.4881,67.2575,119.8152,-9999.0000,-9999.0000,6.2546,4.7680,51.1209,81.5549,-9999.0000,96.8736,15.0089,37.6738,-9999.0000,10.9448,0,0,1.0000
81719,38.4771,59.7076,108.8363,-9999.0000,-9999.0000,6.4947,4.7705,60.9033,81.6081,-9999.0000,96.8734,15.6352,42.0449,-9999.0000,9.9964,0,0,1.0000
81720,44.7265,71.3857,114.7980,-9999.0000,-9999.0000,5.9945,4.7712,61.7789,81.6584,-9999.0000,96.8740,18.1051,41.8639,-9999.0000,11.1460,0,0,1.0000
81721,53.6412,91.0531,136.4813,-9999.0000,-9999.0000,5.8874,4.7703,55.9603,81.7004,-9999.0000,96.8770,18.7918,45.5536,-9999.0000,14.3280,0,0,1.0000
81722,57.0664,96.7721,148.7018,-9999.0000,-9999.0000,6.6240,4.7782,69.2154,81.7352,-9999.0000,96.8783,18.1072,49.2836,-9999.0000,3.8869,0,0,1.0000
81723,64.9071,99.7026,164.7043,-9999.0000,-9999.0000,6.1572,4.8070,69.3193,81.7615,-9999.0000,96.8824,28.9878,50.1517,-9999.0000,7.1128,0,0,1.0000
81724,66.4542,107.8719,170.9435,-9999.0000,-9999.0000,7.6310,4.8292,66.7502,81.7775,-9999.0000,96.8897,33.8934,49.6054,-9999.0000,3.4222,0,0,1.0000
81725,60.3077,102.4182,155.7998,-9999.0000,-9999.0000,7.7859,4.8397,64.7715,81.7923,-9999.0000,96.8911,28.2438,48.2889,-9999.0000,18.0185,0,0,1.0000
81726,54.7424,89.0445,141.6907,-9999.0000,-9999.0000,8.8114,4.8497,64.6211,81.8086,-9999.0000,96.8909,27.0631,46.1688,-9999.0000,7.5174,0,0,1.0000
81727,50.4132,81.8356,140.5566,-9999.0000,-9999.0000,11.9392,4.8512,67.5351,81.8246,-9999.0000,96.8946,26.9623,45.5297,-9999.0000,12.6791,0,0,1.0000
81728,45.2791,75.6932,119.4321,-9999.0000,-9999.0000,7.7616,4.8552,63.7177,81.8323,-9999.0000,96.8946,28.2002,42.6655,-9999.0000,14.5993,0,0,1.0000
81729,41.8878,67.7324,109.1568,-9999.0000,-9999.0000,6.1167,4.8625,50.8246,81.8390,-9999.0000,96.8953,18.3928,35.3051,-9999.0000,4.7932,0,0,1.0000
81730,39.6400,62.3553,98.7482,-9999.0000,-9999.0000,6.1135,4.8655,48.6758,81.8259,-9999.0000,96.8994,15.4415,32.0427,-9999.0000,7.2428,0,0,1.0000
81731,36.8678,56.0679,97.3808,-9999.0000,-9999.0000,6.0343,4.8727,45.1821,81.7900,-9999.0000,96.9029,16.0306,33.5308,-9999.0000,9.8926,0,0,1.0000
81732,35.7956,59.3812,99.3145,-9999.0000,-9999.0000,6.8352,4.8719,53.6856,81.7239,-9999.0000,96.9044,12.9294,36.7774,-9999.0000,3.5699,0,0,1.0000
81733,47.6556,74.7099,113.7015,-9999.0000,-9999.0000,5.5170,4.8763,47.5812,81.6481,-9999.0000,96.9109,10.9414,40.7492,-9999.0000,7.8762,0,0,1.0000
81734,49.8532,81.5521,132.0309,-9999.0000,-9999.0000,6.5906,4.8873,57.4885,81.5614,-9999.0000,96.9134,25.1552,41.5825,-9999.0000,13.7830,0,0,1.0000
81735,53.9743,92.6388,136.2539,-9999.0000,-9999.0000,5.1275,4.8934,58.4679,81.4569,-9999.0000,96.9148,23.2926,42.3111,-9999.0000,5.4797,0,0,1.0000
81736,51.7861,82.5819,132.3110,-9999.0000,-9999.0000,4.8423,4.9098,67.5961,81.3390,-9999.0000,96.9149,23.8817,39.1283,-9999.0000,4.4408,0,0,1.0000
81737,53.3278,73.2680,125.0416,-9999.0000,-9999.0000,6.1763,4.9228,61.8375,81.2132,-9999.0000,96.9135,16.3729,35.7862,-9999.0000,7.5430,0,0,1.0000
81738,44.3747,69.8175,118.7727,-9999.0000,-9999.0000,6.1230,4.9255,52.3462,81.0774,-9999.0000,96.9143,21.6834,35.2513,-9999.0000,5.2852,0,0,1.0000
81739,37.3956,69.0360,108.2352,-9999.0000,-9999.0000,5.8529,4.9267,46.6213,80.9331,-9999.0000,96.9181,18.4364,38.5899,-9999.0000,7.5734,0,0,1.0000
81740,38.7948,59.9988,102.7450,-9999.0000,-9999.0000,5.8394,4.9305,46.1895,80.7827,-9999.0000,96.9156,5.3991,36.8535,-9999.0000,4.7464,0,0,1.0000
81741,37.9139,57.4359,97.2624,-9999.0000,-9999.0000,5.5897,4.9353,39.4300,80.6291,-9999.0000,96.9148,14.2903,36.4941,-9999.0000,8.2732,0,0,1.0000
81742,36.2848,55.7221,96.1574,-9999.0000,-9999.0000,6.1888,4.9427,40.3417,80.4838,-9999.0000,96.9156,18.1022,35.5340,-9999.0000,8.9897,0,0,1.0000
81743,35.0578,56.6085,93.2088,-9999.0000,-9999.0000,4.0242,4.9485,43.5430,80.3397,-9999.0000,96.9166,18.9875,31.2975,-9999.0000,8.8534,0,0,1.0000
81744,38.2418,54.0443,94.0799,-9999.0000,-9999.0000,3.4963,4.9487,45.7436,80.2065,-9999.0000,96.9170,9.3283,29.7107,-9999.0000,4.9976,0,0,1.0000
81745,35.8544,57.3821,99.0636,-9999.0000,-9999.0000,4.0026,4.9550,42.8043,80.0572,-9999.0000,96.9141,13.5181,30.8494,-9999.0000,7.6579,0,0,1.0000
81746,36.9395,62.5254,95.4814,-9999.0000,-9999.0000,4.9056,4.9526,38.1549,79.9280,-9999.0000,96.9180,20.2561,30.5952,-9999.0000,6.2023,0,0,1.0000
81747,36.0024,63.3366,100.4035,-9999.0000,-9999.0000,4.9396,4.9587,41.5635,79.8220,-9999.0000,96.9189,14.9636,30.7516,-9999.0000,7.3613,0,0,1.0000
81748,37.3500,67.4418,103.4374,-9999.0000,-9999.0000,4.3700,4.9609,48.6940,79.7226,-9999.0000,96.9180,18.6370,31.8079,-9999.0000,1.5592,0,0,1.0000
81749,38.0760,69.8899,108.6504,-9999.0000,-9999.0000,5.9350,4.9805,53.5265,79.6359,-9999.0000,96.9166,25.5655,31.6852,-9999.0000,1.8042,0,0,1.0000
81750,40.5163,67.3805,112.0852,-9999.0000,-9999.0000,6.0311,4.9895,55.2435,79.5662,-9999.0000,96.9145,21.9058,30.7963,-9999.0000,4.4030,0,0,1.0000
81751,46.6604,65.2120,120.1445,-9999.0000,-9999.0000,5.3782,5.0008,55.3483,79.5231,-9999.0000,96.9158,18.4012,36.5131,-9999.0000,3.3080,0,0,1.0000
81752,50.3866,79.9142,134.3299,-9999.0000,-9999.0000,5.2645,4.9980,59.9149,79.4797,-9999.0000,96.9144,22.8478,36.9394,-9999.0000,7.6804,0,0,1.0000
81753,49.4305,82.1750,138.2740,-9999.0000,-9999.0000,6.5643,5.0011,64.1426,79.4398,-9999.0000,96.9247,28.9123,42.1865,-9999.0000,7.1211,0,0,1.0000
81754,51.9705,80.3596,134.3909,-9999.0000,-9999.0000,9.7874,5.0025,60.2618,79.3999,-9999.0000,96.9290,22.7908,49.6361,-9999.0000,10.7991,0,0,1.0000
81755,55.7366,86.1062,142.0378,-9999.0000,-9999.0000,8.7708,5.0055,68.1954,79.3787,-9999.0000,96.9218,34.0857,47.2157,-9999.0000,10.9185,0,0,1.0000
81756,54.9764,95.4123,148.9408,-9999.0000,-9999.0000,7.9499,5.0066,65.1276,79.3822,-9999.0000,96.9229,40.7114,44.1163,-9999.0000,12.8264,0,0,1.0000
81757,60.3897,92.6354,149.9814,-9999.0000,-9999.0000,6.9111,5.0079,65.5872,79.3826,-9999.0000,96.9255,26.0856,51.4680,-9999.0000,12.8412,0,0,1.0000
81758,55.4099,97.1804,160.3526,-9999.0000,-9999.0000,5.7146,5.0117,72.1261,79.3783,-9999.0000,96.9228,22.6181,51.1466,-9999.0000,-9999.0000,0,0,1.0000
81759,62.7266,107.6888,168.8767,-9999.0000,-9999.0000,6.3885,5.0238,69.4592,79.3845,-9999.0000,96.9316,12.1091,49.1177,-9999.0000,-9999.0000,0,0,1.0000
81760,70.1038,104.0509,173.1041,-9999.0000,-9999.0000,8.5768,5.0316,75.0358,79.3986,-9999.0000,96.9309,20.5407,58.6773,-9999.0000,-9999.0000,0,0,1.0000
81761,66.9718,111.6054,174.9478,-9999.0000,-9999.0000,8.5067,5.0342,83.8079,79.4244,-9999.0000,96.9276,19.8683,81.5194,-9999.0000,-9999.0000,0,0,1.0000
81762,65.6558,103.5200,174.8036,-9999.0000,-9999.0000,7.6719,5.0435,80.8735,79.4742,-9999.0000,96.9270,22.7818,68.6507,-9999.0000,-9999.0000,0,0,1.0000
81763,70.1703,108.5040,177.3355,-9999.0000,-9999.0000,8.4837,5.0685,75.7195,79.5381,-9999.0000,96.9293,17.4912,57.9045,-9999.0000,-9999.0000,0,0,1.0000
81764,68.0336,105.7167,172.1354,-9999.0000,-9999.0000,8.8678,5.0904,80.9262,79.5946,-9999.0000,96.9234,26.9813,53.7122,-9999.0000,-9999.0000,0,0,1.0000
81765,61.2231,100.9094,160.4800,-9999.0000,-9999.0000,7.8764,5.0964,84.2982,79.6759,-9999.0000,96.9211,31.1696,52.5125,-9999.0000,-9999.0000,0,0,1.0000
81766,63.2902,104.5127,165.6373,-9999.0000,-9999.0000,8.5630,5.0986,70.6062,79.7625,-9999.0000,96.9309,27.3814,52.2211,-9999.0000,-9999.0000,0,0,1.0000
81767,68.3356,104.8720,172.8509,-9999.0000,-9999.0000,8.9762,5.0971,73.9981,79.8463,-9999.0000,96.9313,23.1449,54.9672,-9999.0000,-9999.0000,0,0,1.0000
81768,69.5162,109.8302,184.8546,-9999.0000,-9999.0000,8.9908,5.1006,76.8527,79.9434,-9999.0000,96.9347,25.9600,58.1304,-9999.0000,-9999.0000,0,0,1.0000
81769,74.7879,112.0499,183.2399,-9999.0000,-9999.0000,-9999.0000,5.0994,74.7860,80.0357,-9999.0000,96.9362,24.9607,56.5746,-9999.0000,-9999.0000,0,0,1.0000
81770,71.5235,116.8543,188.5694,-9999.0000,-9999.0000,-9999.0000,5.0998,81.5033,80.1360,-9999.0000,96.9349,23.1915,57.9804,-9999.0000,18.0946,0,0,1.0000
81771,79.6171,123.5079,198.0145,-9999.0000,-9999.0000,-9999.0000,5.1111,91.7914,80.2528,-9999.0000,96.9361,34.7967,56.6339,-9999.0000,17.7145,0,0,1.0000
81772,81.2656,125.2973,201.9514,-9999.0000,-9999.0000,-9999.0000,5.1222,93.5473,80.3726,-9999.0000,96.9420,33.0173,58.0713,-9999.0000,10.7533,0,0,1.0000
81773,79.9624,132.9449,209.7986,-9999.0000,-9999.0000,-9999.0000,5.1243,83.4733,80.4677,-9999.0000,96.9429,33.8673,63.3461,-9999.0000,17.4208,0,0,1.0000
81774,81.4754,136.3320,220.3691,-9999.0000,-9999.0000,-9999.0000,5.1283,98.2450,80.5484,-9999.0000,96.9401,35.7008,71.8053,-9999.0000,16.3273,0,0,1.0000
81775,87.7783,136.1554,227.3063,-9999.0000,-9999.0000,-9999.0000,5.1281,87.7430,80.6427,-9999.0000,96.9467,39.9963,66.4700,-9999.0000,20.5111,0,0,1.0000
81776,82.7824,139.1935,227.5906,-9999.0000,-9999.0000,-9999.0000,5.1255,91.2406,80.7480,-9999.0000,96.9550,46.4311,72.3374,-9999.0000,10.0823,0,0,1.0000
81777,94.0679,146.0536,227.5993,-9999.0000,-9999.0000,-9999.0000,5.1319,95.0378,80.8467,-9999.0000,96.9547,42.3370,74.8051,-9999.0000,17.5564,0,0,1.0000
81778,86.0317,143.9856,230.7597,-9999.0000,-9999.0000,-9999.0000,5.1327,94.9448,80.9344,-9999.0000,96.9471,40.0510,75.6644,-9999.0000,15.7681,0,0,1.0000
81779,86.9429,137.3512,221.4175,-9999.0000,-9999.0000,-9999.0000,5.1355,89.1476,81.0263,-9999.0000,96.9459,39.9250,74.4321,-9999.0000,16.2030,0,0,1.0000
81780,86.4759,134.4857,225.5130,-9999.0000,-9999.0000,-9999.0000,5.1352,88.0831,81.1112,-9999.0000,96.9460,28.2834,67.2583,-9999.0000,11.7464,0,0,1.0000
81781,78.4562,135.5504,215.7816,-9999.0000,-9999.0000,11.9972,5.1383,94.8093,81.1904,-9999.0000,96.9480,26.2786,63.0149,-9999.0000,16.2321,0,0,1.0000
81782,79.8965,125.0337,210.7840,-9999.0000,-9999.0000,10.6716,5.1397,90.6626,81.2644,-9999.0000,96.9482,25.7618,61.8741,-9999.0000,12.3943,0,0,1.0000
81783,78.1937,127.4061,207.7445,-9999.0000,-9999.0000,11.2406,5.1457,86.1546,81.3406,-9999.0000,96.9492,37.7118,61.0962,-9999.0000,9.6339,0,0,1.0000
81784,77.2091,119.0708,203.2545,-9999.0000,-9999.0000,10.4834,5.1497,81.0353,81.4107,-9999.0000,96.9503,37.1391,61.2180,-9999.0000,13.7487,0,0,1.0000
81785,74.7913,126.5848,200.2496,-9999.0000,-9999.0000,10.7843,5.1476,88.0960,81.4799,-9999.0000,96.9529,28.2025,61.6555,-9999.0000,15.8246,0,0,1.0000
81786,76.8414,125.3896,205.0637,-9999.0000,-9999.0000,10.6711,5.1472,98.9356,81.5327,-9999.0000,96.9525,29.6408,69.9393,-9999.0000,14.9878,0,0,1.0000
81787,75.0437,130.5829,208.5297,-9999.0000,-9999.0000,10.6888,5.1494,89.5246,81.5633,-9999.0000,96.9493,31.7667,76.5691,-9999.0000,13.9403,0,0,1.0000
81788,79.7422,132.3657,217.2985,-9999.0000,-9999.0000,10.6031,5.1501,101.7103,81.5875,-9999.0000,96.9431,34.0635,69.2100,-9999.0000,15.3560,0,0,1.0000
81789,76.7023,127.3683,218.2347,-9999.0000,-9999.0000,11.7310,5.1566,88.2929,81.6280,-9999.0000,96.9540,33.6567,67.3976,-9999.0000,11.8406,0,0,1.0000
81790,76.2136,130.9790,219.3104,-9999.0000,-9999.0000,10.9745,5.1612,94.3991,81.6607,-9999.0000,96.9540,35.2741,92.0314,-9999.0000,16.3928,0,0,1.0000
81791,81.4649,134.8713,219.4021,-9999.0000,-9999.0000,11.3717,5.1625,98.4982,81.6767,-9999.0000,96.9528,35.1966,85.7612,-9999.0000,14.8754,0,0,1.0000
81792,85.3951,149.9118,236.9968,-9999.0000,-9999.0000,12.7814,5.1674,97.5632,81.6850,-9999.0000,96.9518,44.8319,75.3649,-9999.0000,17.3084,0,0,1.0000
81793,89.2690,143.7914,234.1569,-9999.0000,-9999.0000,11.8010,5.1719,94.6389,81.6842,-9999.0000,96.9579,36.1402,75.6668,-9999.0000,21.7249,0,0,1.0000
81794,85.9942,148.0202,233.6556,-9999.0000,-9999.0000,13.0763,5.1700,111.5622,81.6848,-9999.0000,96.9618,34.5813,71.0342,-9999.0000,17.0865,0,0,1.0000
81795,86.4157,151.3104,238.2661,-9999.0000,-9999.0000,11.4706,5.1711,95.5577,81.6840,-9999.0000,96.9662,37.7999,72.2849,-9999.0000,22.2793,0,0,1.0000
81796,96.1210,137.5352,239.1614,-9999.0000,-9999.0000,12.1634,5.1777,92.7569,81.6741,-9999.0000,96.9640,40.9703,75.3911,-9999.0000,13.5274,0,0,1.0000
