Data/Raw/WAGNER,NICK/firexaq-AOP-optical_DC8_20190829_R1.ict
51, 1001
Wagner, Nicholas L.
NOAA Earth System Research Laboratory
NOAA AOP instrument
FIREX-AQ
1, 1
2019, 08, 29, 2020, 04, 27
1
Time_start, seconds_past_midnight, seconds from midnight
18
1, 1, 1, 1, 1, 1, 1, 1, 1, 1, 1, 1, 1, 1, 1, 1, 1, 1
-9999, -9999, -9999, -9999, -9999, -9999, -9999, -9999, -9999, -9999, -9999, -9999, -9999, -9999, -9999, -9999, -9999, -9999
ext_dry_664, Mm-1, AerOpt_Extinction_InSitu_RHd_red_Total_PM2.5_STP
ext_dry_532, Mm-1, AerOpt_Extinction_InSitu_RHd_green_Total_PM2.5_STP
ext_dry_405, Mm-1, AerOpt_Extinction_InSitu_RHd_blue_Total_PM2.5_STP
abs_dry_664, Mm-1, AerOpt_Absorption_InSitu_RHd_red_Total_PM2.5_STP
abs_dry_532, Mm-1, AerOpt_Absorption_InSitu_RHd_green_Total_PM2.5_STP
abs_dry_405, Mm-1, AerOpt_Absorption_InSitu_RHd_blue_Total_PM2.5_STP
AOP_RH_dry, pct, Relative_humidity_of_dry_RH_channels
ext_medRH_664, Mm-1, AerOpt_Extinction_InSitu_RH80_red_Total_PM2.5_STP
AOP_RH_med, pct, Relative_humidity_of_medium_RH_channel
ext_highRH_664, Mm-1, AerOpt_Extinction_InSitu_RH85_red_Total_PM2.5_STP
AOP_RH_high, pct, Relative_humidity_of_high_RH_channel
ext_TD_664, Mm-1, AerOpt_ExtinctionTD_InSitu_RHd_blue_Total_PM2.5_STP
ext_TD_405, Mm-1, AerOpt_ExtinctionTD_InSitu_RHd_red_Total_PM2.5_STP
abs_TD_664, Mm-1, AerOpt_Absorption_InSitu_RHd_red_Total_PM2.5_STP
abs_TD_405, Mm-1, AerOpt_Absorption_InSitu_RHd_blue_Total_PM2.5_STP
AOP_TD_bypass_flag, pct, Flag_for_TD_Bypass_valve
AOP_filter_flag, pct, Flag_for_Filter_Valve
AOP_Dilution_ratio, pct, Applied_Dilution_Ratio_for_ext_channels
1
N/A
18
PI_CONTACT_INFO: Address: NOAA ESRL Chemical Sciences Division, R/CSD2, 325 Broadway, Boulder, CO 80305. Email: nick.wagner@noaa.gov.
PLATFORM: NASA DC8
LOCATION: See the DC8 MetNav file, Based in Boise (BOI) and Salina, KS
ASSOCIATED_DATA: N/A
[...]
DATA_INFO: Mm-1:
UNCERTAINTY: The precision of the extinction measurements varies with aerosol loading and is +/-20% at 10 Mm-1 and +/-5% at 100 Mm-1. The accuracy of the dry measurement is +/-2% and depends on RH for the humidified measurements, +/-5% at 85% RH and +/-15% at 90% RH. For more details, see Langridge et al., Aerosol Science and Technology 45:1305-1318, 2011. Analysis of comparable measurements suggest incomplete mixing in the dilution system. Effective dilution for individual instruments can vary by +/- 30% compared to the reported flow-based dilution estimate. The absorption measurements have a high signal accuracy of 20%. The low signal precision varies with altitude and flight to flight, and is typically less than 10 Mm-1 for 1 second measurements.
ULOD_FLAG: -7777
ULOD_VALUE: N/A
LLOD_FLAG: -8888
LLOD_VALUE: N/A
DM_CONTACT_INFO: Gao Chen
PROJECT_INFO: FIREX-AQ
STIPULATIONS_ON_USE: NASA Data Policy. Contact with PI is encouraged.
OTHER_COMMENTS: N/A
REVISION: R1
R1: Absorption measurements have been corrected for pressure dependent microphone sensitivity. In-cloud data has been removed. R0: Final Data. 
Time_start, ext_dry_664, ext_dry_532, ext_dry_405, abs_dry_664, abs_dry_532, abs_dry_405, AOP_RH_dry, ext_medRH_664, AOP_RH_med, ext_highRH_664, AOP_RH_high, ext_TD_664, ext_TD_405, abs_TD_664, abs_TD_405, AOP_TD_bypass_flag, AOP_filter_flag, AOP_Dilution_ratio
[from data line 12267]
73179,1.6480,2.3069,3.9352,0.9012,-1.2889,0.2378,36.8095,3.3039,81.6695,5.4487,86.8270,0.3765,-0.0033,-3.3783,-0.1314,0,0,1.0000
73180,1.3033,2.6273,3.2950,-0.3938,1.1160,-0.0161,36.7941,1.4331,81.5452,7.5275,86.8611,0.3877,0.2022,-0.5389,-0.0654,0,0,1.0000
73181,1.3569,2.5953,5.9923,3.5154,0.9514,0.4783,36.7982,3.9537,81.4729,5.7561,86.9056,0.0906,-0.0748,0.9447,0.0786,0,0,1.0000
73182,1.5137,3.6294,4.8106,-0.5960,-1.0976,0.1001,36.7913,1.7261,81.3885,3.4108,86.9287,-0.1409,0.0243,0.8083,0.3140,0,0,1.0000
73183,1.1114,2.5030,4.4009,-1.6806,1.8515,0.2206,36.7995,4.2455,81.3414,2.0344,86.9639,-0.0812,0.7378,-1.6713,-0.6026,0,0,1.0000
73184,0.9804,3.0691,4.9034,1.0831,3.3328,0.2674,36.7847,3.0294,81.2679,5.8657,86.9841,-0.1941,0.5343,4.1961,0.6322,0,0,1.0000
73185,2.1862,2.2343,5.2288,0.2782,1.5637,0.3681,36.7799,2.3719,81.2165,5.0023,87.0328,-0.1288,0.3391,-1.9470,0.1915,0,0,1.0000
73186,1.4057,2.6824,4.3212,6.4870,0.8450,0.1243,36.7907,3.1503,81.1721,2.5897,87.0538,-0.1253,1.0778,-0.5362,5.4837,0,0,1.0000
73187,2.5595,2.9234,4.5383,3.0527,2.0049,0.0529,36.7845,4.1500,81.1379,1.8262,87.1015,0.1248,2.5626,-9999.0000,-5.0194,0,0,1.0000
73188,1.2881,1.9860,3.4787,1.6553,2.0802,-0.2543,36.7850,2.9151,81.1174,2.3801,87.1017,0.3479,0.9996,-9999.0000,-1.5102,0,0,1.0000
73189,1.4662,1.7765,3.8878,5.7413,2.0314,0.2836,36.7760,2.5291,81.0941,2.9292,87.1327,0.8589,0.1253,-9999.0000,-2.6844,0,0,1.0000
73190,1.2546,2.0011,5.4676,-0.4895,0.4537,0.4677,36.7748,1.3591,81.0931,1.7868,87.1273,0.8486,0.7686,-9999.0000,0.7839,0,0,1.0000
73191,2.0693,2.7731,4.6077,4.1319,-1.0131,-0.0857,36.7676,4.3157,81.0885,2.5943,87.1452,9.0724,0.2482,-9999.0000,-2.5855,0,0,1.0000
73192,1.8597,3.0685,4.8655,2.9189,1.0398,0.2208,36.7669,6.0199,81.1036,6.5503,87.1429,5.5662,-0.1241,-9999.0000,-1.5211,0,0,1.0000
73193,1.3343,2.2834,2.9907,-0.3435,0.9148,0.4443,36.7525,3.2720,81.1070,3.6908,87.1457,0.7113,-0.0401,-9999.0000,1.9573,0,0,1.0000
73194,1.2258,2.5063,4.9349,0.3617,0.6652,-0.0329,36.7507,4.0597,81.1541,2.9350,87.1465,1.5642,-0.1903,-9999.0000,-0.5002,0,0,1.0000
73195,1.1183,2.2378,4.6113,-1.6448,3.2803,0.3480,36.7475,3.5398,81.1899,6.2631,87.1531,0.8562,0.0085,-9999.0000,2.7425,0,0,1.0000
73196,1.4482,3.0670,6.7268,-4.5653,1.2687,0.3294,36.7511,1.5018,81.2710,3.0091,87.1488,-0.0126,-0.1577,-9999.0000,-0.1704,0,0,1.0000
73197,1.3814,2.4382,3.8981,3.7672,-0.1836,0.5745,36.7412,2.6295,81.3262,2.1603,87.1268,0.0134,1.9118,-9999.0000,1.8860,0,0,1.0000
73198,1.4921,2.0895,4.1780,-3.0759,0.7687,-0.1410,36.7502,6.9029,81.4189,2.4697,87.1023,0.2030,1.4783,-9999.0000,-9999.0000,0,0,1.0000
73199,2.6882,2.1435,4.6584,2.3963,1.1790,0.0918,36.7445,2.6157,81.4976,2.9548,87.0803,0.2549,0.7931,-9999.0000,-9999.0000,0,0,1.0000
73200,2.6263,3.2754,5.8457,5.2806,0.4648,0.0396,36.7427,1.5872,81.5932,2.8110,87.0575,0.4279,-0.1064,-9999.0000,-9999.0000,0,0,1.0000
73201,2.0023,2.8274,5.0543,0.1713,-0.6006,0.2614,36.7445,1.2852,81.6754,2.4010,87.0513,0.1515,-0.5807,-9999.0000,-9999.0000,0,0,1.0000
73202,1.8007,2.5348,3.5603,4.8975,0.9244,0.3629,36.7333,2.6512,81.7728,2.4967,87.0285,0.1210,-0.5170,-9999.0000,-9999.0000,0,0,1.0000
73203,1.5384,2.1736,4.4880,0.3732,-0.2032,0.1128,36.7277,3.3707,81.9004,5.0990,87.0138,0.3030,-0.2357,-9999.0000,-9999.0000,0,0,1.0000
73204,2.1917,1.9619,-9999.0000,-2.1441,-1.8684,-0.0236,36.7330,2.1685,82.0257,4.0597,86.9877,0.0610,0.1976,-9999.0000,-9999.0000,0,0,1.0000
73205,1.5462,2.4103,-9999.0000,0.2463,4.5694,0.1248,36.7250,2.9732,82.1384,2.8144,86.9758,-0.0531,3.4548,-9999.0000,-9999.0000,0,0,1.0000
73206,1.2383,-9999.0000,-9999.0000,2.1726,0.9958,0.3737,36.7211,3.3095,82.2448,2.0131,86.9700,-0.2252,-9999.0000,-9999.0000,-9999.0000,0,0,1.0000
73207,-9999.0000,-9999.0000,-9999.0000,-2.2166,1.6465,0.7116,36.7120,1.7474,82.3471,2.9062,86.9661,-9999.0000,-9999.0000,-9999.0000,-9999.0000,0,0,1.0000
73208,-9999.0000,-9999.0000,-9999.0000,-9999.0000,-9999.0000,-9999.0000,36.7163,-9999.0000,82.4819,4.3990,86.9666,-9999.0000,-9999.0000,-9999.0000,-9999.0000,0,0,1.0000
73209,-9999.0000,-9999.0000,-9999.0000,-9999.0000,-9999.0000,-9999.0000,36.7067,-9999.0000,82.5773,-9999.0000,86.9646,-9999.0000,-9999.0000,-9999.0000,-9999.0000,0,0,1.0000
73210,-9999.0000,-9999.0000,-9999.0000,-9999.0000,-9999.0000,-9999.0000,36.7111,-9999.0000,82.6773,-9999.0000,86.9657,-9999.0000,-9999.0000,-9999.0000,-9999.0000,0,0,1.0000
73211,-9999.0000,-9999.0000,-9999.0000,-9999.0000,-9999.0000,-9999.0000,36.6991,-9999.0000,82.7519,-9999.0000,86.9728,-9999.0000,-9999.0000,-9999.0000,-9999.0000,0,1,1.0000
73212,-9999.0000,-9999.0000,-9999.0000,-9999.0000,-9999.0000,-9999.0000,36.6923,-9999.0000,82.8387,-9999.0000,86.9746,-9999.0000,-9999.0000,-9999.0000,-9999.0000,0,1,1.0000
73213,-9999.0000,-9999.0000,-9999.0000,-9999.0000,-9999.0000,-9999.0000,36.6844,-9999.0000,82.9036,-9999.0000,86.9771,-9999.0000,-9999.0000,-9999.0000,-9999.0000,0,1,1.0000
73214,-9999.0000,-9999.0000,-9999.0000,-9999.0000,-9999.0000,-9999.0000,36.6906,-9999.0000,82.9954,-9999.0000,86.9946,-9999.0000,-9999.0000,-9999.0000,-9999.0000,0,1,1.0000
73215,-9999.0000,-9999.0000,-9999.0000,-9999.0000,-9999.0000,-9999.0000,36.6736,-9999.0000,83.0566,-9999.0000,87.0048,-9999.0000,-9999.0000,-9999.0000,-9999.0000,0,1,1.0000
73216,-9999.0000,-9999.0000,-9999.0000,-9999.0000,-9999.0000,-9999.0000,36.6672,-9999.0000,83.1325,-9999.0000,87.0176,-9999.0000,-9999.0000,-9999.0000,-9999.0000,0,1,1.0000
73217,-9999.0000,-9999.0000,-9999.0000,-9999.0000,-9999.0000,-9999.0000,36.6578,-9999.0000,83.1815,-9999.0000,87.0059,-9999.0000,-9999.0000,-9999.0000,-9999.0000,0,1,1.0000
73218,-9999.0000,-9999.0000,-9999.0000,-9999.0000,-9999.0000,-9999.0000,36.6500,-9999.0000,83.2319,-9999.0000,87.0361,-9999.0000,-9999.0000,-9999.0000,-9999.0000,0,1,1.0000
73219,-9999.0000,-9999.0000,-9999.0000,-9999.0000,-9999.0000,-9999.0000,36.6470,-9999.0000,83.2808,-9999.0000,87.0380,-9999.0000,-9999.0000,-9999.0000,-9999.0000,0,1,1.0000
73220,-9999.0000,-9999.0000,-9999.0000,-9999.0000,-9999.0000,-9999.0000,36.6460,-9999.0000,83.3165,-9999.0000,87.0610,-9999.0000,-9999.0000,-9999.0000,-9999.0000,0,1,1.0000
73221,-9999.0000,-9999.0000,-9999.0000,-9999.0000,-9999.0000,-9999.0000,36.6286,-9999.0000,83.3699,-9999.0000,87.0713,-9999.0000,-9999.0000,-9999.0000,-9999.0000,0,1,1.0000
73222,-9999.0000,-9999.0000,-9999.0000,-9999.0000,-9999.0000,-9999.0000,36.6172,-9999.0000,83.3860,-9999.0000,87.0726,-9999.0000,-9999.0000,-9999.0000,-9999.0000,0,1,1.0000
73223,-9999.0000,-9999.0000,-9999.0000,-9999.0000,-9999.0000,-9999.0000,36.6187,-9999.0000,83.4187,-9999.0000,87.0788,-9999.0000,-9999.0000,-9999.0000,-9999.0000,0,1,1.0000
73224,-9999.0000,-9999.0000,-9999.0000,-9999.0000,-9999.0000,-9999.0000,36.6040,-9999.0000,83.4172,-9999.0000,87.0699,-9999.0000,-9999.0000,-9999.0000,-9999.0000,0,1,1.0000
73225,-9999.0000,-9999.0000,-9999.0000,-9999.0000,-9999.0000,-9999.0000,36.6162,-9999.0000,83.4316,-9999.0000,87.0814,-9999.0000,-9999.0000,-9999.0000,-9999.0000,0,1,1.0000
73226,-9999.0000,-9999.0000,-9999.0000,-9999.0000,-9999.0000,-9999.0000,36.5982,-9999.0000,83.4324,-9999.0000,87.0540,-9999.0000,-9999.0000,-9999.0000,-9999.0000,0,1,1.0000
73227,-9999.0000,-9999.0000,-9999.0000,-9999.0000,-9999.0000,-9999.0000,36.5957,-9999.0000,83.4243,-9999.0000,87.0501,-9999.0000,-9999.0000,-9999.0000,-9999.0000,0,1,1.0000
73228,-9999.0000,-9999.0000,-9999.0000,-9999.0000,-9999.0000,-9999.0000,36.5880,-9999.0000,83.4210,-9999.0000,87.0142,-9999.0000,-9999.0000,-9999.0000,-9999.0000,0,1,1.0000
73229,-9999.0000,-9999.0000,-9999.0000,-9999.0000,-9999.0000,-9999.0000,36.5820,-9999.0000,83.3934,-9999.0000,86.9898,-9999.0000,-9999.0000,-9999.0000,-9999.0000,0,1,1.0000
73230,-9999.0000,-9999.0000,-9999.0000,-9999.0000,-9999.0000,-9999.0000,36.5794,-9999.0000,83.3507,-9999.0000,86.9473,-9999.0000,-9999.0000,-9999.0000,-9999.0000,0,1,1.0000
73231,-9999.0000,-9999.0000,-9999.0000,-9999.0000,-9999.0000,-9999.0000,36.5648,-9999.0000,83.2636,-9999.0000,86.8936,-9999.0000,-9999.0000,-9999.0000,-9999.0000,0,1,1.0000
73232,-9999.0000,-9999.0000,-9999.0000,-9999.0000,-9999.0000,-9999.0000,36.5626,-9999.0000,83.2039,-9999.0000,86.8438,-9999.0000,-9999.0000,-9999.0000,-9999.0000,0,1,1.0000
73233,-9999.0000,-9999.0000,-9999.0000,-9999.0000,-9999.0000,-9999.0000,36.5592,-9999.0000,83.1202,-9999.0000,86.7939,-9999.0000,-9999.0000,-9999.0000,-9999.0000,0,1,1.0000
73234,-9999.0000,-9999.0000,-9999.0000,-9999.0000,-9999.0000,-9999.0000,36.5721,-9999.0000,83.0499,-9999.0000,86.7819,-9999.0000,-9999.0000,-9999.0000,-9999.0000,0,1,1.0000
73235,-9999.0000,-9999.0000,-9999.0000,-9999.0000,-9999.0000,-9999.0000,36.5608,-9999.0000,82.9643,-9999.0000,86.7310,-9999.0000,-9999.0000,-9999.0000,-9999.0000,0,1,1.0000
73236,-9999.0000,-9999.0000,-9999.0000,-9999.0000,-9999.0000,-9999.0000,36.5522,-9999.0000,82.8399,-9999.0000,86.7021,-9999.0000,-9999.0000,-9999.0000,-9999.0000,0,1,1.0000
73237,-9999.0000,-9999.0000,-9999.0000,-9999.0000,-9999.0000,-9999.0000,36.5441,-9999.0000,82.7173,-9999.0000,86.6588,-9999.0000,-9999.0000,-9999.0000,-9999.0000,0,1,1.0000
73238,-9999.0000,-9999.0000,-9999.0000,-9999.0000,-9999.0000,-9999.0000,36.5510,-9999.0000,82.5790,-9999.0000,86.6210,-9999.0000,-9999.0000,-9999.0000,-9999.0000,0,1,1.0000
73239,-9999.0000,-9999.0000,-9999.0000,-9999.0000,-9999.0000,-9999.0000,36.5508,-9999.0000,82.4665,-9999.0000,86.5957,-9999.0000,-9999.0000,-9999.0000,-9999.0000,0,1,1.0000
73240,-9999.0000,-9999.0000,-9999.0000,-9999.0000,-9999.0000,-9999.0000,36.5341,-9999.0000,82.3372,-9999.0000,86.5618,-9999.0000,-9999.0000,-9999.0000,-9999.0000,0,1,1.0000
73241,-9999.0000,-9999.0000,-9999.0000,-9999.0000,-9999.0000,-9999.0000,36.5382,-9999.0000,82.2267,-9999.0000,86.5668,-9999.0000,-9999.0000,-9999.0000,-9999.0000,0,1,1.0000
73242,-9999.0000,-9999.0000,-9999.0000,-9999.0000,-9999.0000,-9999.0000,36.5127,-9999.0000,82.1010,-9999.0000,86.5526,-9999.0000,-9999.0000,-9999.0000,-9999.0000,0,1,1.0000
73243,-9999.0000,-9999.0000,-9999.0000,-9999.0000,-9999.0000,-9999.0000,36.5035,-9999.0000,81.9646,-9999.0000,86.5607,-9999.0000,-9999.0000,-9999.0000,-9999.0000,0,1,1.0000
73244,-9999.0000,-9999.0000,-9999.0000,-9999.0000,-9999.0000,-9999.0000,36.4935,-9999.0000,81.8447,-9999.0000,86.5610,-9999.0000,-9999.0000,-9999.0000,-9999.0000,0,1,1.0000
73245,-9999.0000,-9999.0000,-9999.0000,-9999.0000,-9999.0000,-9999.0000,36.4909,-9999.0000,81.7224,-9999.0000,86.5560,-9999.0000,-9999.0000,-9999.0000,-9999.0000,0,1,1.0000
73246,-9999.0000,-9999.0000,-9999.0000,-9999.0000,-9999.0000,-9999.0000,36.4926,-9999.0000,81.6468,-9999.0000,86.5647,-9999.0000,-9999.0000,-9999.0000,-9999.0000,0,1,1.0000
73247,-9999.0000,-9999.0000,-9999.0000,-9999.0000,-9999.0000,-9999.0000,36.4851,-9999.0000,81.5554,-9999.0000,86.5782,-9999.0000,-9999.0000,-9999.0000,-9999.0000,0,1,1.0000
73248,-9999.0000,-9999.0000,-9999.0000,-9999.0000,-9999.0000,-9999.0000,36.4636,-9999.0000,81.5062,-9999.0000,86.6112,-9999.0000,-9999.0000,-9999.0000,-9999.0000,0,1,1.0000
73249,-9999.0000,-9999.0000,-9999.0000,-9999.0000,-9999.0000,-9999.0000,36.4508,-9999.0000,81.4270,-9999.0000,86.6343,-9999.0000,-9999.0000,-9999.0000,-9999.0000,0,1,1.0000
73250,-9999.0000,-9999.0000,-9999.0000,-9999.0000,-9999.0000,-9999.0000,36.4480,-9999.0000,81.3630,-9999.0000,86.6838,-9999.0000,-9999.0000,-9999.0000,-9999.0000,0,1,1.0000
73251,-9999.0000,-9999.0000,-9999.0000,-9999.0000,-9999.0000,-9999.0000,36.4245,-9999.0000,81.3107,-9999.0000,86.7132,-9999.0000,-9999.0000,-3.4829,-9999.0000,0,1,1.0000
73252,-9999.0000,-9999.0000,-9999.0000,-9999.0000,-9999.0000,-9999.0000,36.4284,-9999.0000,81.2687,-9999.0000,86.7813,-9999.0000,-9999.0000,-0.2118,-9999.0000,0,1,1.0000
73253,-9999.0000,-9999.0000,-9999.0000,-9999.0000,-9999.0000,-9999.0000,36.4222,-9999.0000,81.2598,-9999.0000,86.7977,-9999.0000,-9999.0000,-1.2103,-9999.0000,0,1,1.0000
73254,-9999.0000,-9999.0000,-9999.0000,-9999.0000,-9999.0000,-9999.0000,36.4104,-9999.0000,81.2323,-9999.0000,86.8214,-9999.0000,-9999.0000,2.8066,-9999.0000,0,1,1.0000
73255,-9999.0000,-9999.0000,-9999.0000,-9999.0000,-9999.0000,-9999.0000,36.3903,-9999.0000,81.2371,-9999.0000,86.8609,-9999.0000,-9999.0000,2.6588,-9999.0000,0,1,1.0000
73256,-9999.0000,-9999.0000,-9999.0000,-9999.0000,-9999.0000,-9999.0000,36.3755,-9999.0000,81.2259,-9999.0000,86.9040,-9999.0000,-9999.0000,-2.0008,-9999.0000,0,1,1.0000
73257,-9999.0000,-9999.0000,-9999.0000,-9999.0000,-9999.0000,-9999.0000,36.3694,-9999.0000,81.2517,-9999.0000,86.9492,-9999.0000,-9999.0000,4.5794,-9999.0000,0,0,1.0000
73258,-9999.0000,-9999.0000,-9999.0000,-9999.0000,-9999.0000,-9999.0000,36.3548,-9999.0000,81.2797,-9999.0000,86.9626,-9999.0000,-9999.0000,-0.3553,-9999.0000,0,0,1.0000
73259,-9999.0000,-9999.0000,-9999.0000,-9999.0000,-9999.0000,-9999.0000,36.3564,-9999.0000,81.3413,-9999.0000,86.9932,-9999.0000,-9999.0000,-0.2600,-9999.0000,0,0,1.0000
73260,-9999.0000,-9999.0000,-9999.0000,-9999.0000,-9999.0000,-9999.0000,36.3389,-9999.0000,81.3964,-9999.0000,86.9959,-9999.0000,-9999.0000,0.5625,-9999.0000,0,0,1.0000
73261,-9999.0000,-9999.0000,-9999.0000,-9999.0000,-9999.0000,-9999.0000,36.3279,-9999.0000,81.4833,-9999.0000,87.0247,-9999.0000,-9999.0000,-2.3472,-9999.0000,0,0,1.0000
73262,-9999.0000,-9999.0000,-9999.0000,-9999.0000,-9999.0000,-9999.0000,36.3326,-9999.0000,81.5796,-9999.0000,87.0282,-9999.0000,-9999.0000,2.6870,-0.4937,0,0,1.0000
73263,-9999.0000,-9999.0000,-9999.0000,-9999.0000,-9999.0000,-9999.0000,36.3315,-9999.0000,81.6632,-9999.0000,87.0426,-9999.0000,-9999.0000,2.8736,2.0192,0,0,1.0000
73264,-9999.0000,-9999.0000,-9999.0000,-9999.0000,-9999.0000,-9999.0000,36.3321,-9999.0000,81.7579,-9999.0000,87.0280,-9999.0000,-9999.0000,0.9789,1.7721,0,0,1.0000
73265,-9999.0000,-9999.0000,-9999.0000,-9999.0000,-9999.0000,-9999.0000,36.3341,-9999.0000,81.8460,-9999.0000,87.0430,-9999.0000,-9999.0000,0.9085,-1.4833,0,0,1.0000
73266,-9999.0000,-9999.0000,-9999.0000,-9999.0000,-9999.0000,-9999.0000,36.3303,-9999.0000,81.9408,-9999.0000,87.0116,-9999.0000,-9999.0000,-1.8756,0.7027,0,0,1.0000
73267,-9999.0000,-9999.0000,-9999.0000,-9999.0000,-9999.0000,-9999.0000,36.3171,-9999.0000,82.0186,-9999.0000,86.9737,-9999.0000,-9999.0000,-4.0299,1.8757,0,0,1.0000
73268,-9999.0000,-9999.0000,-9999.0000,-9999.0000,-9999.0000,-9999.0000,36.3174,-9999.0000,82.1204,-9999.0000,86.9076,-9999.0000,-9999.0000,2.6943,4.0055,0,0,1.0000
73269,-9999.0000,-9999.0000,-9999.0000,-9999.0000,-9999.0000,-9999.0000,36.3152,-9999.0000,82.2209,-9999.0000,86.8728,-9999.0000,-9999.0000,4.6306,0.1913,0,0,1.0000
73270,1.1005,1.6463,1.7349,-9999.0000,-9999.0000,-9999.0000,36.3250,1.8082,82.3393,-9999.0000,86.8036,-9999.0000,-9999.0000,-0.4838,1.1728,0,0,1.0000
73271,0.6885,1.3190,2.3119,-9999.0000,-9999.0000,-9999.0000,36.3169,1.6495,82.4233,5.9112,86.7607,-9999.0000,-9999.0000,0.8201,0.3668,0,0,1.0000
73272,1.1674,1.9647,1.4479,4.4962,1.0313,0.7479,36.3254,1.1912,82.5100,0.8751,86.6892,-9999.0000,-9999.0000,-2.5162,-0.8467,0,0,1.0000
73273,1.2431,1.1568,2.3685,-0.2228,-1.2885,-0.2259,36.3261,1.3702,82.5797,0.9120,86.6490,-9999.0000,-9999.0000,1.7556,-0.5373,0,0,1.0000
73274,0.7456,2.1743,1.7157,0.4749,1.3196,-0.1975,36.3255,1.5770,82.6662,5.5285,86.5793,-9999.0000,-9999.0000,0.5521,0.0469,0,0,1.0000
73275,0.6548,1.0827,1.3177,1.2895,3.4637,-0.1228,36.3153,2.5253,82.7394,7.1275,86.5403,-9999.0000,-9999.0000,-6.4759,-0.0416,0,0,1.0000
73276,0.6716,1.4463,2.7803,5.2018,-0.0899,0.1784,36.3176,2.6761,82.8174,3.0107,86.4856,-9999.0000,-9999.0000,1.5897,0.4786,0,0,1.0000
73277,1.4626,3.4858,1.9505,1.3514,5.6140,0.0351,36.3177,2.2938,82.8801,3.4341,86.4796,-9999.0000,-9999.0000,5.0031,3.3398,0,0,1.0000
73278,0.4182,1.2603,1.5988,5.0653,-1.9304,-0.0695,36.3263,1.4571,82.9336,2.7506,86.4285,-9999.0000,-9999.0000,-4.2082,1.6864,0,0,1.0000
73279,0.4364,1.0895,1.7338,3.0038,1.5177,0.2425,36.3130,1.2661,82.9602,1.6563,86.4083,-9999.0000,-9999.0000,1.4914,-0.0078,0,0,1.0000
