Data/Raw/WAGNER,NICK/firexaq-AOP-optical_DC8_20190808_R1.ict
51, 1001
Wagner, Nicholas L.
NOAA Earth System Research Laboratory
NOAA AOP instrument
FIREX-AQ
1, 1
2019, 08, 08, 2020, 04, 27
1
Time_start, seconds_past_midnight, seconds from midnight
18
1, 1, 1, 1, 1, 1, 1, 1, 1, 1, 1, 1, 1, 1, 1, 1, 1, 1
-9999, -9999, -9999, -9999, -9999, -9999, -9999, -9999, -9999, -9999, -9999, -9999, -9999, -9999, -9999, -9999, -9999, -9999
ext_dry_664, Mm-1, AerOpt_Extinction_InSitu_RHd_red_Total_PM2.5_STP
ext_dry_532, Mm-1, AerOpt_Extinction_InSitu_RHd_green_Total_PM2.5_STP
ext_dry_405, Mm-1, AerOpt_Extinction_InSitu_RHd_blue_Total_PM2.5_STP
abs_dry_664, Mm-1, AerOpt_Absorption_InSitu_RHd_red_Total_PM2.5_STP
abs_dry_532, Mm-1, AerOpt_Absorption_InSitu_RHd_green_Total_PM2.5_STP
abs_dry_405, Mm-1, AerOpt_Absorption_InSitu_RHd_blue_Total_PM2.5_STP
AOP_RH_dry, pct, Relative_humidity_of_dry_RH_channels
ext_medRH_664, Mm-1, AerOpt_Extinction_InSitu_RH80_red_Total_PM2.5_STP
AOP_RH_med, pct, Relative_humidity_of_medium_RH_channel
ext_highRH_664, Mm-1, AerOpt_Extinction_InSitu_RH85_red_Total_PM2.5_STP
AOP_RH_high, pct, Relative_humidity_of_high_RH_channel
ext_TD_664, Mm-1, AerOpt_ExtinctionTD_InSitu_RHd_blue_Total_PM2.5_STP
ext_TD_405, Mm-1, AerOpt_ExtinctionTD_InSitu_RHd_red_Total_PM2.5_STP
abs_TD_664, Mm-1, AerOpt_Absorption_InSitu_RHd_red_Total_PM2.5_STP
abs_TD_405, Mm-1, AerOpt_Absorption_InSitu_RHd_blue_Total_PM2.5_STP
AOP_TD_bypass_flag, pct, Flag_for_TD_Bypass_valve
AOP_filter_flag, pct, Flag_for_Filter_Valve
AOP_Dilution_ratio, pct, Applied_Dilution_Ratio_for_ext_channels
1
A DAQ cable became loose at 12:30 UTC during this flight. AOP collected not data after this point.
18
PI_CONTACT_INFO: Address: NOAA ESRL Chemical Sciences Division, R/CSD2, 325 Broadway, Boulder, CO 80305. Email: nick.wagner@noaa.gov.
PLATFORM: NASA DC8
LOCATION: See the DC8 MetNav file, Based in Boise (BOI) and Salina, KS
ASSOCIATED_DATA: N/A
[...]
DATA_INFO: Mm-1:
UNCERTAINTY: The precision of the extinction measurements varies with aerosol loading and is +/-20% at 10 Mm-1 and +/-5% at 100 Mm-1. The accuracy of the dry measurement is +/-2% and depends on RH for the humidified measurements, +/-5% at 85% RH and +/-15% at 90% RH. For more details, see Langridge et al., Aerosol Science and Technology 45:1305-1318, 2011. Analysis of comparable measurements suggest incomplete mixing in the dilution system. Effective dilution for individual instruments can vary by +/- 30% compared to the reported flow-based dilution estimate. The absorption measurements have a high signal accuracy of 20%. The low signal precision varies with altitude and flight to flight, and is typically less than 10 Mm-1 for 1 second measurements.
ULOD_FLAG: -7777
ULOD_VALUE: N/A
LLOD_FLAG: -8888
LLOD_VALUE: N/A
DM_CONTACT_INFO: Gao Chen
PROJECT_INFO: FIREX-AQ
STIPULATIONS_ON_USE: NASA Data Policy. Contact with PI is encouraged.
OTHER_COMMENTS: N/A
REVISION: R1
R1: Absorption measurements have been corrected for pressure dependent microphone sensitivity. In-cloud data has been removed. R0: Final Data. 
Time_start, ext_dry_664, ext_dry_532, ext_dry_405, abs_dry_664, abs_dry_532, abs_dry_405, AOP_RH_dry, ext_medRH_664, AOP_RH_med, ext_highRH_664, AOP_RH_high, ext_TD_664, ext_TD_405, abs_TD_664, abs_TD_405, AOP_TD_bypass_flag, AOP_filter_flag, AOP_Dilution_ratio
[from data line 5709]
81183,6.6202,11.7395,3.3610,1.4328,-0.0087,-0.2348,7.4869,7.1399,81.7621,16.2987,83.5790,-4.4091,1.2461,4.5591,-1.4522,1,0,6.4500
81184,0.1374,3.1040,1.5159,3.5122,-1.3089,-0.2717,7.4869,-0.9037,81.8199,-0.4323,83.5733,-2.7055,2.4340,3.0187,-0.0037,1,0,6.4500
81185,2.1311,4.1825,3.1846,-0.0849,3.2853,-0.2389,7.4922,4.0320,81.8770,0.5445,83.5531,-4.2575,0.7005,1.8360,1.4332,1,0,6.4500
81186,3.7232,0.6275,0.3427,1.9209,-0.5871,-0.5958,7.4891,-0.1479,81.9159,2.1856,83.5289,-4.6751,1.3434,2.0198,-1.3273,1,0,6.4500
81187,2.8928,0.3470,5.1926,-3.0867,0.4644,0.2571,7.4904,-0.8699,81.9454,7.6735,83.5013,-5.0953,2.6393,6.3452,1.7870,1,0,6.4500
81188,0.6866,1.2276,3.7255,2.8141,0.7220,-0.3389,7.4851,-1.2443,81.9633,5.0125,83.4779,-5.3074,3.1755,1.3180,-0.6295,1,0,6.4500
81189,3.2017,2.4481,-0.9050,1.1429,2.6773,-0.0695,7.4778,-0.1319,81.9669,-1.5459,83.4588,-4.5240,1.6510,2.2368,-1.3572,1,0,6.4500
81190,0.1256,-0.8035,-0.2532,5.7414,1.2185,-0.0297,7.4757,-0.2299,81.9701,-0.6126,83.4364,-5.3189,1.7902,2.4573,0.0526,1,0,6.4500
81191,2.0593,0.4136,-0.3873,-4.8374,2.0670,0.1706,7.4754,0.1782,81.9714,0.1897,83.4055,-5.9605,0.7075,4.1000,2.5060,1,0,6.4500
81192,-0.6480,0.4596,2.9060,-0.4826,-1.4336,-0.6599,7.4741,0.0721,81.9502,0.0744,83.3678,-5.8600,0.4559,1.1051,5.7265,1,0,6.4500
81193,0.9852,-0.7867,0.5801,2.4526,3.1699,0.0589,7.4710,-1.4820,81.9034,0.2874,83.3406,-6.3467,0.9851,1.9233,3.1958,1,0,6.4500
81194,0.6656,-1.1407,-2.1302,-0.3242,-0.5990,0.4305,7.4735,-1.7576,81.7935,1.5545,83.3089,-6.3092,0.6817,1.9282,-4.5059,1,0,6.4500
81195,0.1128,-1.3497,-1.0644,-3.5267,-1.9401,0.2584,7.4737,-2.0867,81.6516,7.2801,83.2953,-5.2487,1.1376,-9999.0000,3.4605,1,0,6.4500
81196,0.6295,-0.8656,-0.6058,-6.5245,0.0203,-0.1486,7.4730,-2.0700,81.5198,-0.1881,83.2856,-6.0472,1.3592,-9999.0000,-1.2144,1,0,6.4500
81197,-0.2284,3.2628,-2.1028,-2.5170,1.0628,0.1594,7.4765,-3.8571,81.3812,-3.5859,83.2934,-5.6682,1.0800,-9999.0000,1.5217,1,0,6.4500
81198,-0.0966,-0.7518,5.3348,4.2574,2.4185,0.1043,7.4713,-3.8490,81.2048,-1.2072,83.2906,-3.7448,0.8898,-9999.0000,0.5024,1,0,6.4500
81199,3.2502,-0.8863,-1.0855,-4.6676,-0.3641,-0.1891,7.4709,9.8629,81.0238,-2.3614,83.2884,-3.4533,1.4035,-9999.0000,-1.5250,1,0,6.4500
81200,0.4871,-1.4109,-0.6988,-3.7822,0.4256,-0.2200,7.4757,0.4375,80.8255,-0.6937,83.2882,-1.2548,2.0976,-9999.0000,2.1949,1,0,6.4500
81201,1.9547,-0.9580,-0.4095,-0.5771,0.7129,0.5029,7.4789,-2.3712,80.6171,-1.8012,83.2861,-3.5747,2.2335,-9999.0000,3.4224,1,0,6.4500
81202,5.5850,2.1135,-0.6836,4.1962,-3.1346,-0.6232,7.4710,-0.0146,80.4169,-2.5562,83.2953,-5.4933,1.4516,-9999.0000,0.8926,1,0,6.4500
81203,1.1116,0.4574,0.6157,-1.1473,1.5869,-0.2419,7.4736,3.2548,80.2423,-0.5216,83.3045,-5.5483,1.7898,-9999.0000,0.9346,1,0,6.4500
81204,1.7413,0.0898,3.2079,0.3435,-1.5216,0.0884,7.4674,8.6128,80.0683,5.7998,83.3105,-5.7042,1.4873,-9999.0000,0.5335,1,0,6.4500
81205,0.5104,-1.0987,-0.3385,1.2155,-3.0790,-0.2406,7.4714,-2.8125,79.8806,2.7094,83.3203,-2.9411,1.3937,-9999.0000,-0.4358,1,0,6.4500
81206,-0.1809,-1.1687,0.2617,3.9757,-0.7818,0.1854,7.4759,-4.2657,79.6768,-3.3428,83.3243,5.1049,2.5717,-9999.0000,-4.8859,1,0,6.4500
81207,0.1691,-1.6148,-2.2174,1.1062,-0.3399,0.3620,7.4860,-4.2136,79.4890,-4.4686,83.3271,3.2335,2.4113,-0.3467,-3.1627,1,0,6.4500
81208,0.6963,-1.0908,-1.8193,-4.7411,1.2959,-0.4423,7.4785,-6.2304,79.3178,-2.8397,83.3292,2.4656,0.9016,-1.0638,-3.1650,1,0,6.4500
81209,3.1981,-1.4642,-1.7988,2.9021,-1.1347,0.9779,7.4820,-6.1558,79.1757,-4.6835,83.3316,0.5289,0.8883,2.5522,-9999.0000,1,0,6.4500
81210,1.1372,0.2954,0.2991,6.8396,-0.1994,-0.4544,7.4850,-2.0139,79.0628,-0.3508,83.3253,0.7231,1.0165,-5.8102,-9999.0000,1,0,6.4500
81211,1.5461,0.8482,-0.8678,6.8545,0.7423,0.2400,7.4831,-3.6660,78.9494,0.4129,83.3272,-1.4037,0.9622,-1.7102,-9999.0000,1,0,6.4500
81212,1.8080,0.2556,-0.0753,-9999.0000,0.7458,0.2408,7.4846,1.1311,78.8510,1.2241,83.3031,-4.3210,1.0476,-2.3481,-9999.0000,1,0,6.4500
81213,1.5578,-0.6111,-0.4388,-9999.0000,-9999.0000,-9999.0000,7.4853,2.5639,78.7441,15.0089,83.2688,-6.4075,2.1369,-2.6974,-9999.0000,1,0,6.4500
81214,0.7550,-0.2725,-1.4492,-9999.0000,-9999.0000,-9999.0000,7.4759,1.5545,78.6777,1.2050,83.2141,-5.9609,1.9290,1.4042,-9999.0000,1,0,6.4500
81215,5.1695,6.7260,-1.9372,-9999.0000,-9999.0000,-9999.0000,7.4680,1.1101,78.6159,0.7061,83.1675,-5.4761,1.4769,-2.2644,-9999.0000,1,0,6.4500
81216,0.3979,-0.3298,-0.8162,-9999.0000,-9999.0000,-9999.0000,7.4693,0.6870,78.5632,-3.1313,83.1115,-5.3803,0.9168,-3.2353,-9999.0000,1,0,6.4500
81217,0.0985,-0.5288,-2.1790,-9999.0000,-9999.0000,-9999.0000,7.4709,1.1839,78.5221,-2.3309,83.0479,-3.3777,0.9312,2.1813,-9999.0000,1,0,6.4500
81218,-0.1938,-0.0765,-1.7143,-9999.0000,-9999.0000,-9999.0000,7.4672,-0.0704,78.4888,-2.3388,82.9855,-2.9979,1.0621,-0.3545,-9999.0000,1,0,6.4500
81219,-0.6149,0.1108,0.3863,-9999.0000,-9999.0000,-9999.0000,7.4771,-0.6953,78.4646,-1.4036,82.9373,-3.3405,1.4921,-2.9475,-9999.0000,1,0,6.4500
81220,1.2921,0.1980,-2.0178,-9999.0000,-9999.0000,-9999.0000,7.4755,-1.6435,78.4519,8.2230,82.8950,-2.3774,1.1761,-0.0333,-9999.0000,1,0,6.4500
81221,-0.1343,0.8356,-1.6565,-9999.0000,-9999.0000,-9999.0000,7.4831,-2.7231,78.4501,-2.3350,82.8435,-1.8948,2.5040,1.7198,-1.0242,1,0,6.4500
81222,-0.3465,0.6804,-0.8761,-9999.0000,-9999.0000,-9999.0000,7.4780,-2.1903,78.4525,-2.4681,82.7979,1.6060,3.7501,-0.8589,0.2086,1,0,6.4500
81223,0.1826,0.6827,1.6017,-9999.0000,-9999.0000,-9999.0000,7.4715,-3.4587,78.4580,-2.6055,82.7710,-0.2779,2.7071,-3.0637,0.3324,1,0,6.4500
81224,0.1612,-0.0690,-1.1731,-6.0385,-9999.0000,-9999.0000,7.4764,-2.1120,78.4839,4.1661,82.7578,-2.4865,2.0209,0.0131,0.5226,1,0,6.4500
81225,-0.1125,0.3874,-1.4290,-5.4176,0.3781,-0.1565,7.4744,-0.2548,78.5212,-1.7142,82.7406,1.8043,1.8994,1.8617,2.4166,1,0,6.4500
81226,1.5002,0.6072,6.6609,1.8764,-2.1265,0.0179,7.4723,-1.2342,78.5854,-2.4232,82.7106,-0.1286,2.1841,-6.0373,-1.1573,1,0,6.4500
81227,3.4144,14.3117,4.6461,-2.0074,-0.3893,1.0098,7.4649,-1.8689,78.6659,6.5766,82.6932,-1.2345,0.6426,4.1790,0.8399,1,0,6.4500
81228,3.8371,3.2729,2.0452,0.4560,0.6737,-0.3575,7.4753,-0.9601,78.7469,-1.0921,82.6873,-2.2606,0.8287,-1.9727,3.1650,1,0,6.4500
81229,0.6319,3.9216,1.0537,-1.5696,-2.4730,0.0763,7.4789,0.2316,78.8436,-4.0365,82.6856,-1.4521,1.7465,-2.8609,-3.1174,1,0,6.4500
81230,0.8060,4.0082,-0.8001,1.8440,-1.5086,0.1865,7.4777,-0.0431,78.9260,2.1700,82.6849,0.2416,3.0302,-0.1447,2.9063,1,0,6.4500
81231,0.6728,0.7071,2.3415,1.9647,-1.6603,0.1960,7.4851,0.0169,79.0179,-1.2579,82.6836,-0.2458,3.4479,-0.8930,-0.3992,1,0,6.4500
81232,1.5433,1.2503,-0.1723,1.0118,-0.0766,0.3721,7.4781,0.4425,79.1326,0.4317,82.6897,-0.5297,0.7381,-2.7223,3.1615,1,0,6.4500
81233,1.3797,0.2505,0.8892,3.9364,-1.7480,-0.0548,7.4717,1.3636,79.2410,-0.1763,82.6981,-0.9140,1.1660,-0.0864,-0.9887,1,0,6.4500
81234,0.8688,1.2020,-0.5069,-0.6448,-0.3119,0.0593,7.4705,-0.7883,79.3494,-0.3469,82.7007,-1.9346,3.2495,5.3750,-0.7627,1,0,6.4500
81235,14.4149,23.7979,2.6169,-3.2608,-1.3850,0.1806,7.4690,0.9585,79.4359,-0.2340,82.7096,0.4507,2.9714,1.3526,-5.7329,1,0,6.4500
81236,-0.4071,19.0846,0.3910,1.3461,1.7868,0.0725,7.4757,11.6800,79.5604,-0.5008,82.7171,-0.1296,1.9607,-2.8290,-0.1951,1,0,6.4500
81237,0.8277,0.7793,5.3956,0.3245,-1.1008,-0.3597,7.4827,3.6588,79.6737,-0.9661,82.7166,0.6836,1.6528,-1.8890,0.6359,1,0,6.4500
81238,1.4076,1.7850,-0.2753,0.2628,2.8435,-0.2628,7.4808,3.5862,79.7992,-0.1040,82.7246,2.8124,1.7672,2.0770,-0.7305,1,0,6.4500
81239,1.9690,0.6178,2.7513,-3.6785,1.6699,-0.0344,7.4710,-0.0577,79.8975,-0.8452,82.7233,0.9740,1.7517,0.8101,-3.1611,1,0,6.4500
81240,2.2434,0.5886,1.9049,4.5582,-3.0663,-0.6024,7.4737,2.1990,80.0089,2.4360,82.7220,1.0783,1.6669,3.7685,2.1847,1,0,6.4500
81241,-0.5572,0.3125,-1.2746,2.1167,-1.8734,-0.4585,7.4819,-0.7095,80.1219,2.1621,82.7185,-1.3254,1.6154,-9999.0000,-0.4838,1,0,6.4500
81242,0.3803,3.8657,1.4618,-1.4181,-0.1570,-0.0656,7.4845,-0.2677,80.2237,6.4388,82.7191,0.1307,2.0653,-9999.0000,-0.6862,1,0,6.4500
81243,2.1243,3.0052,1.8354,0.8033,1.2360,-0.1657,7.4794,-0.4638,80.3186,-3.4326,82.7050,-0.1936,2.5540,-9999.0000,-1.7019,1,0,6.4500
81244,7.6375,2.4263,1.2932,4.4680,0.1765,0.1760,7.4807,0.7217,80.4066,-1.9501,82.6820,3.1933,7.3405,-9999.0000,-1.4307,1,0,6.4500
81245,1.2759,3.0230,2.1909,0.7545,-1.0402,0.2245,7.4863,2.2837,80.4912,4.6687,82.6533,10.9692,7.1051,-9999.0000,1.4213,1,0,6.4500
81246,10.2533,7.4157,10.8682,0.5595,-4.2555,0.3856,7.4786,5.8294,80.5727,3.9612,82.6292,14.2609,8.6879,-9999.0000,-2.2452,1,0,6.4500
81247,11.1580,16.5723,19.4684,2.2308,-2.6576,2.7343,7.4817,9.8000,80.6694,7.8508,82.6134,17.4422,18.4395,-9999.0000,-0.3194,1,0,6.4500
81248,19.7002,30.9044,37.8486,5.4457,-1.8603,2.3898,7.4823,5.6475,80.7682,24.2808,82.6060,24.2625,26.4186,-9999.0000,3.2521,1,0,6.4500
81249,21.9473,31.7962,45.0759,-1.9033,-1.4897,1.9387,7.4804,15.6734,80.8411,24.2130,82.5939,22.1239,34.2209,-9999.0000,2.4738,1,0,6.4500
81250,22.1997,46.0073,57.8537,-0.8836,-4.0054,1.9910,7.4738,35.9792,80.9147,19.1624,82.5791,18.3453,34.9496,-9999.0000,-2.9974,1,0,6.4500
81251,24.2678,43.8899,48.8909,3.3328,-2.4436,2.0942,7.4693,22.4675,80.9649,20.4644,82.5712,27.9149,47.2386,-9999.0000,2.1395,1,0,6.4500
81252,27.4381,46.7401,44.0727,0.3768,0.5761,2.0616,7.4593,20.0826,81.0049,25.8672,82.5715,22.7374,46.7545,-9999.0000,10.0893,1,0,6.4500
81253,19.3747,30.4017,46.6130,3.5837,-0.4302,2.2903,7.4525,38.1970,81.0555,13.7652,82.5711,23.5710,35.0794,-9999.0000,1.1249,1,0,6.4500
81254,21.3082,39.3286,52.4484,-7.5397,-1.2950,2.5201,7.4508,29.5079,81.0893,27.8614,82.5677,23.1518,32.4242,-9999.0000,3.7435,1,0,6.4500
81255,17.6397,25.7004,43.0999,-2.6793,-4.0818,1.7970,7.4499,26.4060,81.1188,10.0896,82.5678,15.9731,35.3898,-9999.0000,6.4324,1,0,6.4500
81256,17.9593,15.6894,29.6247,-9999.0000,-0.5410,0.8943,7.4405,11.3338,81.1200,9.2896,82.5792,15.2920,27.9381,-9999.0000,-0.0361,1,0,6.4500
81257,7.7839,8.7223,19.7608,-9999.0000,-9999.0000,0.5582,7.4475,10.2758,81.1317,16.4277,82.6047,7.9095,21.6844,-9999.0000,4.8942,1,0,6.4500
81258,4.8682,9.0118,11.5083,-9999.0000,-9999.0000,0.6447,7.4368,5.6270,81.1330,2.3306,82.6447,5.9264,19.8713,-9999.0000,3.0821,1,0,6.4500
81259,2.9835,4.4076,6.5557,-9999.0000,-9999.0000,-0.0353,7.4335,34.7128,81.1283,6.1583,82.6812,3.0006,10.4755,-9999.0000,1.3538,1,0,6.4500
81260,13.4363,7.8570,12.3752,-9999.0000,-9999.0000,-0.3815,7.4393,9.5797,81.1129,15.7725,82.7129,3.8037,11.0405,-9999.0000,-0.5428,1,0,6.4500
81261,15.6933,17.1745,10.9567,-9999.0000,-9999.0000,-0.2488,7.4344,5.2341,81.0750,7.2431,82.7546,1.5713,9.6651,-9999.0000,-1.1019,1,0,6.4500
81262,2.6556,3.4274,1.8544,-9999.0000,-9999.0000,0.2936,7.4320,2.1892,81.0085,0.7660,82.7989,2.1789,7.4067,-9999.0000,-0.3172,1,0,6.4500
81263,0.5994,1.7093,1.2909,-9999.0000,-9999.0000,0.2161,7.4232,4.1485,80.9103,8.6225,82.8430,0.0700,14.6619,-9999.0000,0.3922,1,0,6.4500
81264,0.3788,2.3082,5.2404,-9999.0000,-9999.0000,0.1551,7.4303,2.7874,80.7797,5.2556,82.8812,-0.6436,8.1306,-9999.0000,-0.5988,1,0,6.4500
81265,1.5838,7.6638,9.5036,-9999.0000,-9999.0000,-0.4196,7.4374,4.6422,80.6552,6.5297,82.9129,2.3782,3.6078,-9999.0000,3.2780,1,0,6.4500
81266,3.8243,3.6920,3.7402,-9999.0000,-9999.0000,0.1115,7.4362,1.9371,80.5228,8.5933,82.9442,1.2077,3.2488,-9999.0000,2.4197,1,0,6.4500
81267,2.0449,7.2376,4.8833,-9999.0000,-9999.0000,0.1723,7.4318,2.6522,80.3747,3.2143,82.9628,-1.1302,3.6483,-9999.0000,-3.3834,1,0,6.4500
81268,0.0707,1.6145,2.0779,-9999.0000,-9999.0000,0.0016,7.4292,2.1049,80.2089,-0.2716,82.9819,1.4500,4.6005,-9999.0000,4.2720,1,0,6.4500
81269,0.4174,2.9335,6.2809,-9999.0000,-9999.0000,0.4983,7.4294,6.5018,80.0278,2.2655,82.9860,-0.7253,5.3119,-9999.0000,-0.5393,1,0,6.4500
81270,-0.3105,1.4915,2.3379,-9999.0000,-9999.0000,-0.0610,7.4253,1.8466,79.8486,-1.4438,82.9875,0.5408,2.5959,-9999.0000,0.1886,1,0,6.4500
81271,0.6150,2.9025,1.9732,-9999.0000,-9999.0000,0.2459,7.4162,0.6172,79.6891,1.4477,82.9876,5.4460,4.1423,-9999.0000,-3.3676,1,0,6.4500
81272,0.0471,1.2044,2.0965,-9999.0000,-9999.0000,-0.0592,7.4106,4.1965,79.5351,0.1419,82.9900,4.0303,4.9007,-9999.0000,-1.3670,1,0,6.4500
81273,0.2541,2.8201,1.9525,-9999.0000,-9999.0000,0.3757,7.4131,2.4996,79.3784,14.5500,82.9861,12.6853,7.2969,-9999.0000,-0.4747,1,0,6.4500
81274,2.5061,2.7677,6.0891,-9999.0000,-9999.0000,1.2995,7.4108,9.3221,79.2181,13.1305,82.9864,18.0408,14.2902,-9999.0000,0.5552,1,0,6.4500
81275,22.2262,41.4729,42.4894,-9999.0000,-9999.0000,5.5069,7.4049,15.3955,79.0770,46.1134,82.9819,43.4279,34.5423,-9999.0000,0.3699,1,0,6.4500
81276,39.3591,116.7974,110.8070,-9999.0000,-9999.0000,7.9419,7.4008,55.6004,78.9543,71.7849,82.9802,84.5820,76.0664,-9999.0000,8.4873,1,0,6.4500
81277,110.1350,170.6270,208.0011,-9999.0000,-9999.0000,16.3777,7.3976,83.3988,78.8366,166.2745,82.9642,122.9085,153.1301,-9999.0000,13.3955,1,0,6.4500
81278,165.6360,289.1726,347.4091,5.2588,-9999.0000,20.6859,7.4008,143.3008,78.7400,173.0552,82.9450,183.8793,251.2137,-9999.0000,13.2851,1,0,6.4500
81279,182.1224,312.7271,399.8199,7.3994,11.4552,25.3757,7.4088,235.7517,78.6595,182.8655,82.9243,224.4368,329.5994,-9999.0000,17.0899,1,0,6.4500
81280,212.8206,378.8191,497.4218,10.0085,16.6126,29.8326,7.4083,263.6862,78.5977,286.6259,82.9118,247.8819,384.9674,16.0017,19.9024,1,0,6.4500
81281,243.2204,410.8755,576.5881,6.9871,20.5020,33.1114,7.4093,342.9210,78.5436,326.6353,82.9053,267.8208,432.4647,21.6497,26.4694,1,0,6.4500
81282,-9999.0000,-9999.0000,-9999.0000,16.0939,24.5681,36.9684,7.4126,-9999.0000,78.4818,-9999.0000,82.9056,290.0355,482.3493,18.7370,33.1943,1,0,-9999.0000
81283,-9999.0000,-9999.0000,-9999.0000,7.6246,26.0389,43.1715,7.4082,-9999.0000,78.4383,-9999.0000,82.9111,339.4061,578.1586,19.7342,40.7795,1,0,-9999.0000
81284,-9999.0000,-9999.0000,-9999.0000,6.9161,25.9064,48.8862,7.4071,-9999.0000,78.4192,-9999.0000,82.9144,393.4102,679.9803,21.4889,52.7907,1,0,-9999.0000
81285,-9999.0000,-9999.0000,-9999.0000,13.6992,28.9641,58.2094,7.4021,-9999.0000,78.4115,-9999.0000,82.9699,445.1592,747.7291,21.9100,57.2937,1,0,-9999.0000
81286,-9999.0000,-9999.0000,-9999.0000,19.9776,23.6279,60.6133,7.3955,-9999.0000,78.4099,-9999.0000,83.0589,501.5759,805.1700,28.1216,66.1505,1,0,-9999.0000
81287,-9999.0000,-9999.0000,-9999.0000,13.1196,28.4767,58.3672,7.3976,-9999.0000,78.4602,-9999.0000,83.1399,490.6762,852.5454,24.8460,70.4421,1,0,-9999.0000
81288,-9999.0000,-9999.0000,-9999.0000,2.8447,30.4862,58.3394,7.4015,-9999.0000,78.5653,-9999.0000,83.2325,456.2536,813.6351,18.8849,75.3743,1,0,-9999.0000
81289,-9999.0000,-9999.0000,-9999.0000,12.8431,23.6662,57.1000,7.3914,-9999.0000,78.6946,-9999.0000,83.3312,410.1721,809.2296,22.9454,62.8066,1,0,-9999.0000
81290,-9999.0000,-9999.0000,-9999.0000,12.0037,27.7591,53.8376,7.3766,-9999.0000,78.8410,-9999.0000,83.4422,386.9467,767.9991,18.2088,65.0789,1,0,-9999.0000
81291,-9999.0000,-9999.0000,-9999.0000,17.5612,28.6001,49.1789,7.3929,-9999.0000,79.0188,-9999.0000,83.5527,396.0474,714.7654,24.5221,67.6384,1,0,-9999.0000
81292,-9999.0000,-9999.0000,-9999.0000,22.2068,27.4325,51.4280,7.3955,-9999.0000,79.1852,-9999.0000,83.6689,400.9012,682.4494,23.6941,61.8397,1,0,-9999.0000
81293,-9999.0000,-9999.0000,-9999.0000,11.0359,25.1445,50.8090,7.3894,-9999.0000,79.3545,-9999.0000,83.7705,404.2170,699.9673,20.1169,61.9443,1,0,-9999.0000
81294,-9999.0000,-9999.0000,-9999.0000,10.5108,29.7994,53.0402,7.3805,-9999.0000,79.5214,-9999.0000,83.8468,392.0009,736.8236,26.8920,63.9059,1,0,-9999.0000
81295,-9999.0000,-9999.0000,-9999.0000,16.0788,27.4824,51.3817,7.3804,-9999.0000,79.6974,-9999.0000,83.9205,411.8291,764.5156,18.1601,61.8151,1,0,-9999.0000
81296,-9999.0000,-9999.0000,-9999.0000,13.1049,27.5059,52.9672,7.3807,-9999.0000,79.8459,-9999.0000,83.9779,402.5018,803.6550,24.1992,65.6017,1,0,-9999.0000
81297,-9999.0000,-9999.0000,-9999.0000,7.3368,28.2130,51.4866,7.3780,-9999.0000,79.9845,-9999.0000,84.0344,423.9208,800.5983,23.1998,70.9026,1,0,-9999.0000
