Data/Raw/WAGNER,NICK/firexaq-AOP-optical_DC8_20190803_R1.ict
51, 1001
Wagner, Nicholas L.
NOAA Earth System Research Laboratory
NOAA AOP instrument
FIREX-AQ
1, 1
2019, 08, 03, 2020, 04, 28
1
Time_start, seconds_past_midnight, seconds from midnight
18
1, 1, 1, 1, 1, 1, 1, 1, 1, 1, 1, 1, 1, 1, 1, 1, 1, 1
-9999, -9999, -9999, -9999, -9999, -9999, -9999, -9999, -9999, -9999, -9999, -9999, -9999, -9999, -9999, -9999, -9999, -9999
ext_dry_664, Mm-1, AerOpt_Extinction_InSitu_RHd_red_Total_PM2.5_STP
ext_dry_532, Mm-1, AerOpt_Extinction_InSitu_RHd_green_Total_PM2.5_STP
ext_dry_405, Mm-1, AerOpt_Extinction_InSitu_RHd_blue_Total_PM2.5_STP
abs_dry_664, Mm-1, AerOpt_Absorption_InSitu_RHd_red_Total_PM2.5_STP
abs_dry_532, Mm-1, AerOpt_Absorption_InSitu_RHd_green_Total_PM2.5_STP
abs_dry_405, Mm-1, AerOpt_Absorption_InSitu_RHd_blue_Total_PM2.5_STP
AOP_RH_dry, pct, Relative_humidity_of_dry_RH_channels
ext_medRH_664, Mm-1, AerOpt_Extinction_InSitu_RH80_red_Total_PM2.5_STP
AOP_RH_med, pct, Relative_humidity_of_medium_RH_channel
ext_highRH_664, Mm-1, AerOpt_Extinction_InSitu_RH85_red_Total_PM2.5_STP
AOP_RH_high, pct, Relative_humidity_of_high_RH_channel
ext_TD_664, Mm-1, AerOpt_ExtinctionTD_InSitu_RHd_blue_Total_PM2.5_STP
ext_TD_405, Mm-1, AerOpt_ExtinctionTD_InSitu_RHd_red_Total_PM2.5_STP
abs_TD_664, Mm-1, AerOpt_Absorption_InSitu_RHd_red_Total_PM2.5_STP
abs_TD_405, Mm-1, AerOpt_Absorption_InSitu_RHd_blue_Total_PM2.5_STP
AOP_TD_bypass_flag, pct, Flag_for_TD_Bypass_valve
AOP_filter_flag, pct, Flag_for_Filter_Valve
AOP_Dilution_ratio, pct, Applied_Dilution_Ratio_for_ext_channels
1
A leak compromised the data on the abs_dry_664 channel for the flight. This leak was related to the leak on the previous flight, which had been fixed incompletely. These data were removed.
18
PI_CONTACT_INFO: Address: NOAA ESRL Chemical Sciences Division, R/CSD2, 325 Broadway, Boulder, CO 80305. Email: nick.wagner@noaa.gov.
PLATFORM: NASA DC8
LOCATION: See the DC8 MetNav file, Based in Boise (BOI) and Salina, KS
ASSOCIATED_DATA: N/A
[...]
DATA_INFO: Mm-1:
UNCERTAINTY: The precision of the extinction measurements varies with aerosol loading and is +/-20% at 10 Mm-1 and +/-5% at 100 Mm-1. The accuracy of the dry measurement is +/-2% and depends on RH for the humidified measurements, +/-5% at 85% RH and +/-15% at 90% RH. For more details, see Langridge et al., Aerosol Science and Technology 45:1305-1318, 2011. Analysis of comparable measurements suggest incomplete mixing in the dilution system. Effective dilution for individual instruments can vary by +/- 30% compared to the reported flow-based dilution estimate. The absorption measurements have a high signal accuracy of 20%. The low signal precision varies with altitude and flight to flight, and is typically less than 10 Mm-1 for 1 second measurements.
ULOD_FLAG: -7777
ULOD_VALUE: N/A
LLOD_FLAG: -8888
LLOD_VALUE: N/A
DM_CONTACT_INFO: Gao Chen
PROJECT_INFO: FIREX-AQ
STIPULATIONS_ON_USE: NASA Data Policy. Contact with PI is encouraged.
OTHER_COMMENTS: N/A
REVISION: R1
R1: Absorption measurements have been corrected for pressure dependent microphone sensitivity. In-cloud data has been removed. R0: Final Data. 
Time_start, ext_dry_664, ext_dry_532, ext_dry_405, abs_dry_664, abs_dry_532, abs_dry_405, AOP_RH_dry, ext_medRH_664, AOP_RH_med, ext_highRH_664, AOP_RH_high, ext_TD_664, ext_TD_405, abs_TD_664, abs_TD_405, AOP_TD_bypass_flag, AOP_filter_flag, AOP_Dilution_ratio
[from data line 5573]
81001,1311.6580,2196.6311,4072.8455,-9999.0000,183.2559,342.4671,4.5226,1352.7488,80.8308,1249.5529,42.1412,-9999.0000,-9999.0000,136.6211,373.6641,1,0,7.8100
81002,1509.0061,2682.3770,4634.2520,-9999.0000,197.7611,351.8133,4.5080,1470.1923,80.6681,1369.8350,41.9882,-9999.0000,-9999.0000,136.2957,397.0199,1,0,7.8100
81003,1494.0856,2587.5581,4661.5444,-9999.0000,221.9002,359.6064,4.5009,1540.7690,80.5070,1347.0084,41.8391,-9999.0000,-9999.0000,143.5325,430.2943,1,0,7.8100
81004,1418.3682,2537.8293,4518.6533,-9999.0000,217.5678,364.9128,4.4966,1525.1720,80.3616,1351.9930,41.7154,-9999.0000,-9999.0000,154.8912,444.6650,1,0,7.8100
81005,1592.3540,2788.3086,5053.7319,-9999.0000,239.1075,395.1082,4.4940,1636.2251,80.2376,1399.1477,41.5744,-9999.0000,-9999.0000,154.4317,411.9338,1,0,7.8100
81006,1813.2197,3178.1838,5509.5059,-9999.0000,250.6399,404.8551,4.4926,1678.2273,80.1401,1483.3060,41.4475,-9999.0000,-9999.0000,141.0191,410.8553,1,0,7.8100
81007,1854.8815,3278.8760,5809.0059,-9999.0000,250.3224,397.5461,4.4836,1801.9182,80.0283,1603.3794,41.3065,-9999.0000,-9999.0000,136.5478,382.7365,1,0,7.8100
81008,1654.7848,2881.1187,5203.7783,-9999.0000,221.9981,358.2839,4.4863,1636.3918,79.9250,1528.8064,41.1795,-9999.0000,-9999.0000,126.1753,339.8511,1,0,7.8100
81009,1065.8673,1794.9496,3412.4050,-9999.0000,178.4800,278.9120,4.4864,1402.4877,79.8357,1230.9786,41.0402,-9999.0000,-9999.0000,118.6016,296.5466,1,0,7.8100
81010,650.5286,949.9252,2201.6960,-9999.0000,134.8329,196.0593,4.4855,999.9321,79.7860,961.3048,40.9120,-9999.0000,-9999.0000,89.4231,241.7675,1,0,7.8100
81011,379.5007,565.8087,1349.8950,-9999.0000,105.1583,140.3661,4.4840,655.9424,79.7461,713.9577,40.7711,-9999.0000,-9999.0000,71.8019,194.5130,1,0,7.8100
81012,242.5054,312.9088,820.3493,-9999.0000,72.1805,105.6780,4.4888,451.5345,79.7170,517.5867,40.6513,509.1967,1580.4995,53.7281,164.4989,1,0,7.8100
81013,140.1136,208.1236,541.1146,-9999.0000,51.4631,75.5890,4.4978,294.3439,79.6869,399.0785,40.5285,342.8426,1327.0774,38.7430,128.4822,1,0,7.8100
81014,101.7343,161.2083,344.8227,-9999.0000,37.2572,53.1391,4.4948,242.5651,79.6713,377.6733,40.4236,226.0794,1141.4854,34.0102,100.5924,1,0,7.8100
81015,73.2688,97.4888,254.5643,-9999.0000,33.7263,54.1589,4.4966,194.1124,79.6587,262.8435,40.3028,163.1959,1006.2742,30.4735,89.3322,1,0,7.8100
81016,171.1816,265.4861,569.2297,-9999.0000,33.8122,64.7279,4.4975,267.7253,79.6565,258.7683,40.1902,129.6058,1032.1975,31.4263,75.2853,1,0,7.8100
81017,319.7188,645.5827,952.2750,-9999.0000,39.7345,68.8706,4.4934,311.8428,79.6612,293.6172,40.0778,177.0881,1141.8368,36.4132,73.3378,1,0,7.8100
81018,272.1649,460.4023,763.1685,-9999.0000,41.4351,62.0416,4.4969,367.8530,79.6833,318.9602,39.9794,289.1459,1035.1089,32.4254,73.6239,1,0,7.8100
81019,174.2995,265.2434,517.2588,-9999.0000,36.3215,61.9031,4.4952,250.6696,79.7218,257.4241,39.8732,321.0117,801.9067,34.8636,82.4317,1,0,7.8100
81020,156.4996,248.8081,556.4296,-9999.0000,46.8759,90.2379,4.4942,280.2040,79.7934,249.3503,39.7808,283.7843,749.1297,47.4875,114.3992,1,0,7.8100
81021,426.9572,692.5986,1340.7725,-9999.0000,91.3039,146.6258,4.4906,457.8336,79.8803,397.4909,39.6720,270.4199,1113.7994,60.8343,160.7950,1,0,7.8100
81022,768.1672,1458.2239,2466.1560,-9999.0000,113.0506,209.2117,4.4852,784.0876,79.9782,556.4822,39.5793,416.8919,1739.3073,63.3419,189.6358,1,0,7.8100
81023,1153.9969,2047.7198,3403.7336,-9999.0000,128.0789,237.4612,4.4899,1033.3856,80.0803,765.1400,39.4807,704.7865,2331.0859,78.4408,202.4200,1,0,7.8100
81024,1247.8253,2273.2527,3833.6072,-9999.0000,141.8560,240.5252,4.4887,1172.1298,80.1645,834.0283,39.3974,978.4720,2538.1123,71.2753,204.9252,1,0,7.8100
81025,990.4108,1749.9689,3097.6738,-9999.0000,124.6489,212.4656,4.4880,1206.9069,80.2564,833.0905,39.3143,-9999.0000,2299.7305,70.2761,202.1984,1,0,7.8100
81026,637.9967,1033.1396,2069.3455,-9999.0000,107.3458,170.3044,4.4889,875.6911,80.3711,642.1371,39.2167,-9999.0000,1686.1768,77.0825,194.2160,1,0,7.8100
81027,454.6027,672.5573,1569.5760,-9999.0000,95.2592,158.1355,4.4943,678.2438,80.4927,571.5273,39.1238,756.0638,1448.9437,94.2961,196.8676,1,0,7.8100
81028,640.7102,1065.5624,2124.6558,-9999.0000,106.0992,184.0260,4.4918,691.7757,80.6110,674.7151,39.0342,607.7650,1767.3844,93.6978,209.8663,1,0,7.8100
81029,930.5901,1699.2290,2883.8538,-9999.0000,110.9483,206.9410,4.4814,910.8545,80.7362,745.8683,38.9589,654.8180,2275.6702,68.8442,208.5591,1,0,7.8100
81030,1111.0576,1929.3400,3225.2190,-9999.0000,116.6977,203.6958,4.4853,1101.6034,80.8673,775.8853,38.8727,853.8434,2566.6484,67.4424,203.2074,1,0,7.8100
81031,916.7916,1641.5891,2748.1355,-9999.0000,108.2166,184.1369,4.4863,952.0895,80.9923,761.9188,38.7911,960.7139,2324.0168,61.6847,185.1857,1,0,7.8100
81032,586.4308,1012.5914,1929.1700,-9999.0000,92.5023,139.2983,4.4812,813.5031,81.1123,713.5226,38.7215,911.3618,1749.0804,49.4436,161.5436,1,0,7.8100
81033,415.9020,608.9990,1274.6001,-9999.0000,70.9299,105.1108,4.4775,571.1393,81.2333,573.0281,38.6597,711.4375,1338.1511,44.3619,125.8403,1,0,7.8100
81034,243.0355,386.2954,772.3714,-9999.0000,50.7579,81.4026,4.4799,357.8807,81.3534,462.1740,38.5914,480.1198,1070.1508,34.0691,104.3822,1,0,7.8100
81035,164.8527,242.4525,550.2894,-9999.0000,40.1003,62.0593,4.4869,270.5045,81.4837,348.3710,38.5041,325.9752,909.6238,25.9919,87.5002,1,0,7.8100
81036,131.3632,201.8906,403.5104,-9999.0000,28.2578,52.3250,4.4787,223.6509,81.6172,284.8387,38.4283,216.5480,805.2927,24.7610,74.6959,1,0,7.8100
81037,137.9469,165.0329,418.2116,-9999.0000,33.1905,67.5532,4.4766,204.4472,81.7428,254.4558,38.3572,171.0085,754.3044,26.2396,79.5446,1,0,7.8100
81038,297.6223,535.5369,910.3361,-9999.0000,41.9482,88.2123,4.4862,288.4227,81.8539,275.8859,38.2959,188.0550,922.0981,25.7282,86.9234,1,0,7.8100
81039,440.1617,735.7334,1217.0031,-9999.0000,54.3311,97.6869,4.4853,410.1151,81.9500,325.1856,38.2292,310.4457,1157.0159,35.4007,90.3958,1,0,7.8100
81040,514.7828,814.8781,1405.4752,-9999.0000,58.0427,105.0302,4.4802,542.9360,82.0494,443.1906,38.1585,415.6385,1245.2889,30.8781,98.4287,1,0,7.8100
81041,448.1536,795.7496,1369.1538,-9999.0000,60.3164,106.1587,4.4651,526.1027,82.1455,429.9266,38.1074,509.2999,1200.3042,35.2499,111.6281,1,0,7.8100
81042,474.5259,781.8071,1389.1648,-9999.0000,61.1294,107.7659,4.4656,485.9824,82.2311,436.2702,38.0422,556.2432,1191.9963,34.4227,118.8798,1,0,7.8100
81043,473.7953,815.1988,1462.9070,-9999.0000,65.9051,135.9122,4.4639,499.9789,82.3258,419.9156,37.9847,534.7213,1230.3384,43.2841,117.4862,1,0,7.8100
81044,504.1533,877.3967,1442.2589,-9999.0000,64.7516,143.8830,4.4637,546.2953,82.4175,405.6198,37.9332,547.6852,1252.2589,50.0339,132.1988,1,0,7.8100
81045,573.1768,962.5276,1783.2347,-9999.0000,76.4221,139.6544,4.4675,572.8771,82.4937,462.0027,37.8852,562.4555,1355.6971,60.5778,145.9038,1,0,7.8100
81046,683.3775,1170.4207,1989.9734,-9999.0000,74.3974,149.1361,4.4670,652.1974,82.5648,539.8925,37.8233,627.6824,1548.1586,59.6833,169.8321,1,0,7.8100
81047,719.7872,1184.8506,2028.8669,-9999.0000,95.9348,180.3647,4.4655,748.6732,82.6234,581.9971,37.7565,676.2715,1644.7087,73.6888,207.3834,1,0,7.8100
81048,827.6348,1337.4556,2548.6265,-9999.0000,128.8715,252.1205,4.4677,811.7579,82.6801,743.4649,37.7028,745.9537,1920.2955,91.2951,246.8340,1,0,7.8100
81049,1418.4668,2461.7266,4318.6797,-9999.0000,182.7867,329.9923,4.4585,1222.9318,82.7130,1040.3650,37.6612,857.6963,2793.2219,111.2406,295.6216,1,0,7.8100
81050,2034.2996,3573.5437,5998.7983,-9999.0000,207.2767,367.9299,4.4617,1736.2026,82.7568,1315.8062,37.6085,-9999.0000,-9999.0000,117.6595,322.6081,1,0,7.8100
81051,2181.0715,3949.8018,6398.1357,-9999.0000,222.7095,365.8858,4.4606,1889.0428,82.7752,1465.0054,37.5545,-9999.0000,-9999.0000,107.6137,321.9200,1,0,7.8100
81052,1612.4203,2801.8398,4843.9878,-9999.0000,194.7692,306.2513,4.4580,1683.0662,82.7858,1336.0884,37.5011,-9999.0000,-9999.0000,103.1380,296.3106,1,0,7.8100
81053,961.1599,1588.1412,3186.9138,-9999.0000,138.4655,220.2752,4.4493,1164.6862,82.7872,1022.3187,37.4521,-9999.0000,2616.5520,88.4949,254.5226,1,0,7.8100
81054,565.3337,866.4205,1982.3083,-9999.0000,102.1537,158.5005,4.4531,787.2255,82.7840,915.1659,37.4000,-9999.0000,2019.9789,63.8728,216.1941,1,0,7.8100
81055,349.8894,520.1986,1189.1929,-9999.0000,80.7451,126.1845,4.4510,522.5379,82.7692,657.0306,37.3499,738.0396,1558.7217,51.4099,181.9078,1,0,7.8100
81056,201.7325,294.6263,681.4791,-9999.0000,59.3954,91.4168,4.4433,338.5786,82.7151,563.1838,37.2903,450.4205,1308.7848,39.4869,150.4499,1,0,7.8100
81057,146.6258,173.8257,491.9114,-9999.0000,38.4157,60.5245,4.4418,259.6370,82.6282,409.6784,37.2394,297.1451,1135.7338,24.4432,125.7882,1,0,7.8100
81058,95.3970,132.6652,326.0578,-9999.0000,26.7619,45.3756,4.4350,240.4090,82.5244,276.9780,37.1957,204.6333,975.8029,20.8644,77.9967,1,0,7.8100
81059,62.1544,87.6026,209.3473,-9999.0000,21.8464,33.0758,4.4414,143.5114,82.3991,241.4427,37.1634,159.5285,796.2769,16.8533,59.7333,1,0,7.8100
81060,43.7541,74.1238,162.4490,-9999.0000,-9999.0000,27.6025,4.4384,139.5686,82.2672,179.8436,37.1344,110.7781,641.7912,-9999.0000,39.8099,1,0,7.8100
81061,33.5713,52.8297,143.8405,-9999.0000,-9999.0000,21.5436,4.4332,93.4221,82.1146,157.9200,37.0997,76.9679,514.9434,-9999.0000,29.5716,1,0,7.8100
81062,25.2849,35.7190,90.5101,-9999.0000,-9999.0000,15.4197,4.4414,73.5438,81.9609,114.7189,37.0555,47.0647,412.3278,-9999.0000,19.5118,1,0,7.8100
81063,21.8065,32.0030,78.1983,-9999.0000,-9999.0000,12.0071,4.4407,64.8494,81.7732,110.6667,37.0036,42.1083,352.0684,-9999.0000,15.6430,1,0,7.8100
81064,20.1394,26.3067,66.9298,-9999.0000,-9999.0000,11.7830,4.4423,48.2419,81.5952,80.8577,36.9423,38.9916,288.5704,-9999.0000,17.5365,1,0,7.8100
81065,11.4632,17.2467,44.2751,-9999.0000,-9999.0000,10.4255,4.4371,36.1187,81.3927,58.2048,36.9020,19.9782,262.8675,-9999.0000,11.4674,1,0,7.8100
81066,17.4811,21.2985,38.3253,-9999.0000,-9999.0000,9.3565,4.4379,42.1393,81.2041,54.1607,36.8621,20.8053,228.1555,-9999.0000,9.5840,1,0,7.8100
81067,17.4555,18.5382,40.9225,-9999.0000,-9999.0000,8.6003,4.4321,35.2261,80.9796,39.6248,36.8281,10.8377,189.1939,-9999.0000,7.3896,1,0,7.8100
81068,9.5036,14.8200,33.0129,-9999.0000,-9999.0000,5.8343,4.4306,25.7686,80.8081,31.2192,36.7943,10.6826,156.2986,-9999.0000,4.2182,1,0,7.8100
81069,9.6774,22.5603,29.9537,-9999.0000,-9999.0000,5.5705,4.4332,25.1903,80.6196,19.1318,36.7621,11.1077,131.6904,-9999.0000,1.2949,1,0,7.8100
81070,10.2689,19.1044,24.3653,-9999.0000,-9999.0000,5.2783,4.4230,38.5550,80.4712,23.4429,36.7325,8.3607,114.0835,-9999.0000,5.2053,1,0,7.8100
81071,7.3480,13.8924,34.5613,-9999.0000,-9999.0000,4.4488,4.4269,26.6397,80.3178,39.1997,36.6973,8.6812,105.6424,-9999.0000,5.5474,1,0,7.8100
81072,7.7567,15.1214,31.2705,-9999.0000,-9999.0000,4.2943,4.4188,23.3792,80.1792,30.0250,36.6657,6.9715,86.9195,-3.7976,4.7078,1,0,7.8100
81073,6.8646,15.7649,26.6983,-9999.0000,-9999.0000,3.7574,4.4078,22.1665,80.0366,32.9888,36.6342,8.9545,85.4780,-4.5353,2.2363,1,0,7.8100
81074,9.1304,18.3651,24.5264,-9999.0000,-9999.0000,4.1575,4.4122,21.2711,79.9347,12.9256,36.6052,5.6838,79.1852,-1.3171,4.6303,1,0,7.8100
81075,9.2712,13.8053,24.0068,-9999.0000,-9999.0000,3.9674,4.4051,21.9192,79.8471,13.4686,36.5811,6.9279,72.8747,-1.6868,6.3059,1,0,7.8100
81076,4.6558,17.5047,25.7603,-9999.0000,-9999.0000,3.8763,4.4097,60.1868,79.7767,18.4424,36.5587,6.3061,66.9468,3.7422,4.7013,1,0,7.8100
81077,11.6744,11.3170,21.8298,-9999.0000,-9999.0000,3.1567,4.4069,51.9704,79.7132,15.4287,36.5409,5.2258,61.4869,0.1924,3.7693,1,0,7.8100
81078,6.3791,18.0568,26.3255,-9999.0000,-9999.0000,2.3516,4.3979,27.9497,79.6501,15.0363,36.5200,11.0619,53.7161,-9999.0000,3.2244,1,0,7.8100
81079,8.5482,14.7066,22.1957,-9999.0000,-9999.0000,3.1703,4.4079,18.8772,79.6040,16.7891,36.4987,10.0262,50.9161,-9999.0000,4.5485,1,0,7.8100
81080,9.8827,14.9795,23.6879,-9999.0000,-1.2711,2.7946,4.4014,16.6240,79.5673,11.1315,36.4725,9.9280,49.5383,-9999.0000,6.7094,1,0,7.8100
81081,8.5490,17.1890,28.4124,-9999.0000,0.6933,2.3727,4.3980,21.3552,79.5531,5.4579,36.4410,4.9275,45.7790,-9999.0000,5.3306,1,0,7.8100
81082,9.0072,18.8412,30.2014,-9999.0000,0.3380,2.6819,4.3974,40.9677,79.5540,12.0279,36.4198,2.6152,37.5970,-9999.0000,6.7707,1,0,7.8100
81083,6.7237,15.0779,26.2707,-9999.0000,-0.2779,1.8398,4.3941,46.0159,79.5499,16.4223,36.3994,1.1277,38.0370,-9999.0000,7.4921,1,0,7.8100
81084,13.1041,13.3997,16.1362,-9999.0000,1.0504,3.0604,4.3968,24.5797,79.5562,11.8025,36.3856,2.7301,39.7322,-9999.0000,6.2749,1,0,7.8100
81085,3.4039,15.9483,24.6786,-9999.0000,1.1999,2.2888,4.3965,26.6709,79.5737,12.1012,36.3715,4.9831,31.8029,-9999.0000,1.6738,1,0,7.8100
81086,6.5292,16.1165,29.5870,-9999.0000,-0.2741,2.4146,4.3997,33.7334,79.6165,6.9418,36.3503,3.7228,31.6860,-9999.0000,1.8291,1,0,7.8100
81087,9.3758,19.2851,33.2427,-9999.0000,-0.6102,1.9451,4.3892,14.7774,79.6780,18.5142,36.3271,1.9832,29.3795,-9999.0000,5.4699,1,0,7.8100
81088,7.4484,15.3050,26.7724,-9999.0000,-1.0324,2.2601,4.3875,16.5623,79.7588,21.3734,36.3036,3.8242,25.0320,-9999.0000,-1.6305,1,0,7.8100
81089,12.8821,14.0293,18.0389,-9999.0000,0.5006,2.6449,4.3924,16.8332,79.8364,6.7543,36.2872,3.7681,24.5141,-9999.0000,3.5503,1,0,7.8100
81090,6.3076,16.4575,-9999.0000,-9999.0000,1.4761,4.2922,4.3837,24.4796,79.9203,7.8711,36.2687,4.4328,23.6291,-9999.0000,-9999.0000,1,0,7.8100
81091,3.4738,11.5497,-9999.0000,-9999.0000,-0.2427,2.1014,4.3829,34.3526,80.0202,4.4958,36.2426,2.3767,20.6936,-9999.0000,-9999.0000,1,0,7.8100
81092,7.5493,-9999.0000,-9999.0000,-9999.0000,-2.2842,2.0948,4.3793,25.0258,80.1391,11.1544,36.2170,6.0428,19.3249,-9999.0000,-9999.0000,1,0,7.9600
81093,-9999.0000,-9999.0000,-9999.0000,-9999.0000,0.4313,1.3092,4.3711,18.7998,80.2467,14.8480,36.1860,5.5991,21.7247,-9999.0000,-9999.0000,1,0,8.0300
81094,-9999.0000,-9999.0000,-9999.0000,-9999.0000,-1.9720,2.6306,4.3694,-9999.0000,80.3445,-9999.0000,36.1611,-9999.0000,-9999.0000,-9999.0000,-9999.0000,1,0,7.8200
81095,-9999.0000,-9999.0000,-9999.0000,-9999.0000,-9999.0000,-9999.0000,4.3693,-9999.0000,80.4531,-9999.0000,36.1380,-9999.0000,-9999.0000,-9999.0000,-9999.0000,1,0,7.8400
81096,-9999.0000,-9999.0000,-9999.0000,-9999.0000,-9999.0000,-9999.0000,4.3650,-9999.0000,80.5889,-9999.0000,36.1041,-9999.0000,-9999.0000,-9999.0000,-9999.0000,1,0,7.8600
81097,-9999.0000,-9999.0000,-9999.0000,-9999.0000,-9999.0000,-9999.0000,4.3647,-9999.0000,80.7172,-9999.0000,36.0882,-9999.0000,-9999.0000,-9999.0000,-9999.0000,1,0,7.8700
81098,-9999.0000,-9999.0000,-9999.0000,-9999.0000,-9999.0000,-9999.0000,4.3672,-9999.0000,80.8434,-9999.0000,36.0718,-9999.0000,-9999.0000,-9999.0000,-9999.0000,1,0,7.8900
81099,-9999.0000,-9999.0000,-9999.0000,-9999.0000,-9999.0000,-9999.0000,4.3641,-9999.0000,80.9436,-9999.0000,36.0568,-9999.0000,-9999.0000,-9999.0000,-9999.0000,1,0,7.9100
81100,-9999.0000,-9999.0000,-9999.0000,-9999.0000,-9999.0000,-9999.0000,4.3664,-9999.0000,81.0693,-9999.0000,36.0429,-9999.0000,-9999.0000,-9999.0000,-9999.0000,1,0,7.9300
81101,-9999.0000,-9999.0000,-9999.0000,-9999.0000,-9999.0000,-9999.0000,4.3671,-9999.0000,81.2195,-9999.0000,36.0388,-9999.0000,-9999.0000,-9999.0000,-9999.0000,1,0,7.9500
81102,-9999.0000,-9999.0000,-9999.0000,-9999.0000,-9999.0000,-9999.0000,4.3645,-9999.0000,81.3878,-9999.0000,36.0392,-9999.0000,-9999.0000,-9999.0000,-9999.0000,1,0,7.9700
81103,-9999.0000,-9999.0000,-9999.0000,-9999.0000,-9999.0000,-9999.0000,4.3617,-9999.0000,81.5224,-9999.0000,36.0301,-9999.0000,-9999.0000,-9999.0000,-9999.0000,1,0,7.9900
81104,-9999.0000,-9999.0000,-9999.0000,-9999.0000,-9999.0000,-9999.0000,4.3649,-9999.0000,81.6364,-9999.0000,36.0283,-9999.0000,-9999.0000,-9999.0000,-9999.0000,1,1,8.0100
81105,-9999.0000,-9999.0000,-9999.0000,-9999.0000,-9999.0000,-9999.0000,4.3593,-9999.0000,81.7272,-9999.0000,36.0230,-9999.0000,-9999.0000,-9999.0000,-9999.0000,1,1,8.0300
81106,-9999.0000,-9999.0000,-9999.0000,-9999.0000,-9999.0000,-9999.0000,4.3529,-9999.0000,81.8439,-9999.0000,36.0183,-9999.0000,-9999.0000,-9999.0000,-9999.0000,1,1,8.0500
