Data/Raw/WAGNER,NICK/firexaq-AOP-optical_DC8_20190808_R1.ict
51, 1001
Wagner, Nicholas L.
NOAA Earth System Research Laboratory
NOAA AOP instrument
FIREX-AQ
1, 1
2019, 08, 08, 2020, 04, 27
1
Time_start, seconds_past_midnight, seconds from midnight
18
1, 1, 1, 1, 1, 1, 1, 1, 1, 1, 1, 1, 1, 1, 1, 1, 1, 1
-9999, -9999, -9999, -9999, -9999, -9999, -9999, -9999, -9999, -9999, -9999, -9999, -9999, -9999, -9999, -9999, -9999, -9999
ext_dry_664, Mm-1, AerOpt_Extinction_InSitu_RHd_red_Total_PM2.5_STP
ext_dry_532, Mm-1, AerOpt_Extinction_InSitu_RHd_green_Total_PM2.5_STP
ext_dry_405, Mm-1, AerOpt_Extinction_InSitu_RHd_blue_Total_PM2.5_STP
abs_dry_664, Mm-1, AerOpt_Absorption_InSitu_RHd_red_Total_PM2.5_STP
abs_dry_532, Mm-1, AerOpt_Absorption_InSitu_RHd_green_Total_PM2.5_STP
abs_dry_405, Mm-1, AerOpt_Absorption_InSitu_RHd_blue_Total_PM2.5_STP
AOP_RH_dry, pct, Relative_humidity_of_dry_RH_channels
ext_medRH_664, Mm-1, AerOpt_Extinction_InSitu_RH80_red_Total_PM2.5_STP
AOP_RH_med, pct, Relative_humidity_of_medium_RH_channel
ext_highRH_664, Mm-1, AerOpt_Extinction_InSitu_RH85_red_Total_PM2.5_STP
AOP_RH_high, pct, Relative_humidity_of_high_RH_channel
ext_TD_664, Mm-1, AerOpt_ExtinctionTD_InSitu_RHd_blue_Total_PM2.5_STP
ext_TD_405, Mm-1, AerOpt_ExtinctionTD_InSitu_RHd_red_Total_PM2.5_STP
abs_TD_664, Mm-1, AerOpt_Absorption_InSitu_RHd_red_Total_PM2.5_STP
abs_TD_405, Mm-1, AerOpt_Absorption_InSitu_RHd_blue_Total_PM2.5_STP
AOP_TD_bypass_flag, pct, Flag_for_TD_Bypass_valve
AOP_filter_flag, pct, Flag_for_Filter_Valve
AOP_Dilution_ratio, pct, Applied_Dilution_Ratio_for_ext_channels
1
A DAQ cable became loose at 12:30 UTC during this flight. AOP collected not data after this point.
18
PI_CONTACT_INFO: Address: NOAA ESRL Chemical Sciences Division, R/CSD2, 325 Broadway, Boulder, CO 80305. Email: nick.wagner@noaa.gov.
PLATFORM: NASA DC8
LOCATION: See the DC8 MetNav file, Based in Boise (BOI) and Salina, KS
ASSOCIATED_DATA: N/A
[...]
DATA_INFO: Mm-1:
UNCERTAINTY: The precision of the extinction measurements varies with aerosol loading and is +/-20% at 10 Mm-1 and +/-5% at 100 Mm-1. The accuracy of the dry measurement is +/-2% and depends on RH for the humidified measurements, +/-5% at 85% RH and +/-15% at 90% RH. For more details, see Langridge et al., Aerosol Science and Technology 45:1305-1318, 2011. Analysis of comparable measurements suggest incomplete mixing in the dilution system. Effective dilution for individual instruments can vary by +/- 30% compared to the reported flow-based dilution estimate. The absorption measurements have a high signal accuracy of 20%. The low signal precision varies with altitude and flight to flight, and is typically less than 10 Mm-1 for 1 second measurements.
ULOD_FLAG: -7777
ULOD_VALUE: N/A
LLOD_FLAG: -8888
LLOD_VALUE: N/A
DM_CONTACT_INFO: Gao Chen
PROJECT_INFO: FIREX-AQ
STIPULATIONS_ON_USE: NASA Data Policy. Contact with PI is encouraged.
OTHER_COMMENTS: N/A
REVISION: R1
R1: Absorption measurements have been corrected for pressure dependent microphone sensitivity. In-cloud data has been removed. R0: Final Data. 
Time_start, ext_dry_664, ext_dry_532, ext_dry_405, abs_dry_664, abs_dry_532, abs_dry_405, AOP_RH_dry, ext_medRH_664, AOP_RH_med, ext_highRH_664, AOP_RH_high, ext_TD_664, ext_TD_405, abs_TD_664, abs_TD_405, AOP_TD_bypass_flag, AOP_filter_flag, AOP_Dilution_ratio
[from data line 3637]
79111,379.5398,604.2803,944.9150,24.6257,40.1427,78.1529,14.1983,444.3390,80.1558,509.3464,83.2718,462.2589,801.2708,33.6703,90.6419,1,0,1.0000
79112,475.4245,782.1915,1147.3907,27.1000,45.9961,84.5450,14.1867,491.6685,79.9286,541.1874,83.2761,560.1113,984.5073,41.7672,96.5438,1,0,1.0000
79113,542.0359,917.4523,1335.8745,26.1318,48.8375,91.8184,14.1847,545.5479,79.7077,580.5383,83.2884,631.6271,1160.5667,51.7578,103.8771,1,0,1.0000
79114,609.4157,1029.6012,1514.7155,26.3698,57.4077,103.8387,14.1784,651.3320,79.4793,641.9732,83.3008,742.9583,1247.5419,45.6306,105.2447,1,0,1.0000
79115,649.8640,1108.4379,1601.0559,31.7523,54.2415,101.0348,14.1686,674.2104,79.2705,633.4957,83.3169,834.0881,1334.5948,39.3078,111.5647,1,0,1.0000
79116,613.5987,1042.2781,1554.1228,29.4211,48.9313,98.6328,14.1574,688.4894,79.0287,611.5870,83.3414,663.5944,1374.5618,42.4367,113.2528,1,0,1.0000
79117,572.1223,935.3766,1448.2417,20.8018,45.9494,92.7491,14.1592,623.5292,78.8076,552.1887,83.3585,664.0423,1293.1620,39.9694,115.7560,1,0,1.0000
79118,518.5559,829.8798,1280.8485,24.8021,49.0280,88.2751,14.1504,556.9941,78.5963,542.5414,83.3810,586.7632,1182.5372,37.5733,112.5426,1,0,1.0000
79119,474.8354,749.9612,1208.9960,18.3147,43.9308,82.3231,14.1268,536.2915,78.3801,524.3544,83.3881,520.5380,1134.6112,35.8649,109.1745,1,0,1.0000
79120,446.1471,721.6025,1148.8707,19.1813,51.2677,81.1306,14.1225,510.4174,78.1820,519.1071,83.3912,496.9280,1112.4043,38.4768,106.6879,1,0,1.0000
79121,466.2262,729.3537,1171.8995,27.6334,47.5633,86.8389,14.1136,517.3538,77.9714,582.4851,83.4024,519.2228,1108.8768,46.0975,103.3958,1,0,1.0000
79122,524.4722,902.4200,1329.9993,23.3398,55.5799,95.1170,14.0963,552.5291,77.8072,619.6057,83.4121,597.7919,1191.5850,34.3992,104.9780,1,0,1.0000
79123,604.3685,1068.1549,1533.8551,23.2247,51.9636,97.3969,14.0966,634.6649,77.6500,620.4473,83.4088,655.2143,1310.1125,38.9869,113.5248,1,0,1.0000
79124,635.2423,1065.8879,1542.1459,32.9716,53.9420,92.2642,14.0905,649.2247,77.5145,590.3469,83.4106,702.8391,1376.1198,39.5407,112.7723,1,0,1.0000
79125,544.8655,890.1624,1375.5363,22.1593,45.9562,83.7247,14.0969,580.3241,77.4004,517.3248,83.4101,648.7553,1315.0216,41.0972,109.2009,1,0,1.0000
79126,469.4978,700.9867,1202.7960,14.6722,43.3854,84.7030,14.0882,519.8011,77.2932,514.4323,83.4109,548.5820,1205.9622,39.3943,107.3740,1,0,1.0000
79127,432.7874,668.0556,1124.7633,15.6186,46.0787,82.8947,14.0946,502.6147,77.2029,557.0194,83.3982,509.5515,1088.3773,40.9048,115.1643,1,0,1.0000
79128,478.3571,775.5789,1188.8730,26.3746,46.1243,84.1837,14.0831,535.3632,77.1268,556.4846,83.3830,545.4517,1067.9512,39.8459,106.5227,1,0,1.0000
79129,533.9471,865.2189,1302.0043,22.6472,46.2308,91.6844,14.0910,579.7519,77.0854,614.0076,83.3691,586.7247,1174.7919,41.5751,109.1109,1,0,1.0000
79130,548.6112,907.4917,1363.1953,24.2529,51.5383,95.8701,14.0809,627.6838,77.0525,623.9626,83.3615,645.4190,1213.3049,41.3535,111.5784,1,0,1.0000
79131,554.6233,938.9144,1434.4418,35.7962,50.3424,109.7057,14.0713,640.8433,77.0372,679.8143,83.3610,708.5301,1269.5707,48.1227,109.7087,1,0,1.0000
79132,632.1550,1061.4323,1600.8577,36.1165,57.2276,114.7959,14.0743,729.0472,77.0368,722.7768,83.3599,761.9941,1358.5712,48.3677,123.4335,1,0,1.0000
79133,694.2388,1199.4204,1772.1200,35.4301,57.6293,123.0177,14.0867,795.2682,77.0291,785.1317,83.3517,822.1193,1509.9056,52.5651,140.9448,1,0,1.0000
79134,-9999.0000,1284.8987,1856.3251,38.4116,66.8509,125.1731,14.0842,841.3109,77.0492,767.5951,83.3528,835.0584,1581.2242,50.6802,147.0034,1,0,1.0000
79135,-9999.0000,1225.4928,1830.8217,40.9824,60.5839,121.4681,14.0704,811.3493,77.0802,732.2382,83.3554,854.7723,1590.5359,50.2850,145.7459,1,0,1.0000
79136,696.8276,1183.3252,1802.1997,34.0618,58.8855,115.9985,14.0460,828.3706,77.1407,727.0944,83.3573,802.7780,1611.6790,46.3660,146.6038,1,0,1.0000
79137,653.5144,1100.1338,1715.6890,40.5029,71.0648,115.4629,14.0281,782.1193,77.2285,737.7831,83.3658,749.4907,1576.5645,43.4845,140.3570,1,0,1.0000
79138,641.2387,1081.9617,1688.2086,32.9551,65.0653,109.9268,14.0261,761.7416,77.3392,731.1688,83.3897,739.0913,1533.1848,50.0406,130.9672,1,0,1.0000
79139,647.8849,1053.5386,1638.4099,28.5099,49.1819,110.2099,14.0265,754.2614,77.4539,722.7896,83.4250,734.3062,1444.0721,47.7517,123.4778,1,0,1.0000
79140,621.2526,1012.7324,1597.5322,17.8927,54.0807,104.6573,14.0209,726.7045,77.5939,695.8782,83.4656,727.7355,1423.8628,48.2500,130.9446,1,0,1.0000
79141,612.0317,991.3378,1517.2921,29.5909,53.4866,109.0539,14.0173,724.5005,77.7260,729.6836,83.5116,718.6497,1424.9535,55.3318,128.8371,1,0,1.0000
79142,618.3630,1013.2488,1569.8734,23.6542,59.0939,107.2412,14.0217,705.1128,77.8816,709.1039,83.5550,740.0692,1422.1743,52.1072,136.1198,1,0,1.0000
79143,657.1318,1082.1205,1608.0193,30.3556,58.5571,110.0202,14.0137,728.3741,78.0201,712.7878,83.6088,741.6122,1467.5502,48.9003,133.6332,1,0,1.0000
79144,639.5244,1076.0894,1616.0780,35.3016,60.2122,112.0006,13.9966,733.8096,78.1784,749.0960,83.6570,795.9034,1496.5444,43.1233,140.4989,1,0,1.0000
79145,643.8198,1083.7388,1636.8328,22.9248,62.9810,110.7945,13.9985,755.0710,78.3165,734.6884,83.6870,771.0946,1520.5455,53.9935,141.0220,1,0,1.0000
79146,662.9302,1123.4224,1678.7603,36.2584,55.9892,109.6613,13.9978,809.4525,78.5097,703.5043,83.7168,771.9058,1542.9841,47.8735,137.7251,1,0,1.0000
79147,656.0701,1132.4972,1671.7118,36.5745,59.0236,111.5083,13.9921,760.1118,78.6781,706.8917,83.7437,780.9767,1537.4867,50.7485,129.5008,1,0,1.0000
79148,633.7222,1083.9336,1621.9463,35.7638,63.4682,108.5612,13.9941,744.9740,78.8489,713.4219,83.7795,785.0684,1423.4399,50.6212,132.0958,1,0,1.0000
79149,617.4797,1014.8976,1575.5953,32.6798,63.2875,104.3922,13.9933,707.2061,79.0094,725.5637,83.8042,744.6691,1439.4807,51.8277,124.6381,1,0,1.0000
79150,622.1414,998.7604,1585.2980,32.4908,57.9236,113.4291,13.9886,754.3928,79.1685,761.4648,83.8275,757.4901,1491.3098,47.7239,129.7671,1,0,1.0000
79151,655.9987,1105.9674,1647.1814,49.8905,54.4188,118.0594,13.9664,767.4995,79.3253,764.1830,83.8385,793.7574,1533.3574,52.9058,132.4555,1,0,1.0000
79152,-9999.0000,1187.0471,1757.5193,24.6612,62.6737,121.4921,13.9483,844.7033,79.4723,780.5355,83.8560,850.2745,1601.7379,60.6404,135.3546,1,0,1.0000
79153,-9999.0000,1230.1007,1829.7390,29.2573,63.8832,124.7772,13.9284,865.8425,79.6385,789.6927,83.8533,840.0162,1692.2394,53.4432,143.8893,1,0,1.0000
79154,-9999.0000,1237.8014,1861.6935,35.8996,64.6500,128.9913,13.9230,878.6497,79.8022,788.7197,83.8607,867.4059,1742.5916,52.5966,153.2363,1,0,1.0000
79155,-9999.0000,1226.6224,1896.0543,46.6470,59.8933,125.3781,13.9227,886.7944,79.9592,783.6302,83.8613,844.1827,1712.6246,51.8266,145.7858,1,0,1.0000
79156,693.5963,1215.5546,1834.5576,23.5610,58.7442,118.6657,13.9098,832.3710,80.1036,773.6146,83.8606,845.8887,1676.6108,43.2370,140.5207,1,0,1.0000
79157,686.5157,1169.7032,1760.7257,33.9842,59.9134,111.5363,13.9088,797.6024,80.2328,758.5151,83.8647,834.7092,1607.2827,44.7951,144.1480,1,0,1.0000
79158,648.5680,1087.6962,1685.1301,33.2201,59.2272,106.4354,13.9083,768.2180,80.3611,691.0229,83.8683,789.7682,1550.9373,46.1217,138.7058,1,0,1.0000
79159,606.9969,1009.0757,1580.6377,21.0051,51.1610,98.1878,13.9138,732.0511,80.4763,673.7801,83.8682,737.0671,1439.6063,37.6466,131.5608,1,0,1.0000
79160,559.7618,932.9340,1466.8619,31.1270,48.7198,90.6249,13.9047,654.3981,80.5972,617.6036,83.8693,670.8818,1351.0134,38.2278,122.0316,1,0,1.0000
79161,524.5971,832.2129,1311.1306,27.6537,45.0081,83.9229,13.8869,607.6390,80.7163,571.2244,83.8658,578.7280,1239.4812,37.1497,125.4359,1,0,1.0000
79162,454.2959,746.1113,1195.5549,19.8415,45.1474,80.3381,13.8726,562.3469,80.8359,552.9822,83.8710,531.0417,1144.0647,33.7041,114.0867,1,0,1.0000
79163,440.5817,683.7018,1094.5312,21.4655,40.6131,75.5402,13.8447,529.8348,80.9414,547.3073,83.8764,492.0590,1100.6917,41.0014,103.5915,1,0,1.0000
79164,433.7430,684.6053,1107.8409,24.2910,43.7385,77.5340,13.8402,612.8426,81.0370,563.8979,83.8839,528.5839,1097.5542,43.1210,104.2740,1,0,1.0000
79165,476.7095,767.4025,1171.3212,22.6882,40.4404,88.8120,13.8394,561.9235,81.1361,603.6974,83.8914,534.7381,1117.5848,41.0905,104.2199,1,0,1.0000
79166,517.1091,854.4128,1310.2229,37.3104,48.8474,91.8545,13.8341,616.2263,81.2138,636.6389,83.8997,595.5973,1156.7700,47.4261,108.2403,1,0,1.0000
79167,582.6031,959.0103,1415.6764,24.7426,53.1061,95.0145,13.8295,620.5368,81.2876,655.6092,83.9152,640.3492,1242.8053,44.8376,113.1392,1,0,1.0000
79168,603.9388,1012.6757,1511.6503,32.0550,50.8523,100.2416,13.8016,687.2529,81.3519,655.3868,83.9444,699.3718,1314.3922,38.2937,115.7130,1,0,1.0000
79169,617.7428,1040.2169,1526.0439,30.5148,53.1041,103.0560,13.7929,678.5464,81.4024,656.7729,83.9754,721.2462,1366.8364,37.0155,120.5023,1,0,1.0000
79170,623.9626,1035.2806,1572.9657,32.8378,54.0706,101.0171,13.7855,722.8467,81.4317,648.1180,84.0080,705.8484,1410.3438,39.4462,120.5999,1,0,1.0000
79171,619.0563,1043.2673,1577.7590,34.1667,49.6796,100.7759,13.7734,701.4425,81.4491,637.9288,84.0400,689.8503,1399.8237,44.6639,118.1192,1,0,1.0000
79172,616.6754,1013.4113,1531.8982,29.7181,47.2673,96.0609,13.7570,686.4270,81.4551,645.0092,84.0652,695.3330,1388.0253,39.2448,121.8374,1,0,1.0000
79173,581.7387,951.7299,1469.7914,25.7699,47.1318,94.5550,13.7423,636.3480,81.4543,600.6913,84.0930,668.1525,1337.9392,36.1486,119.1297,1,0,1.0000
79174,537.0210,862.9791,1348.0720,32.9602,43.8285,86.0548,13.7242,617.3583,81.4491,602.8888,84.1209,662.7971,1224.8817,36.8503,121.8233,1,0,1.0000
79175,506.6681,780.5642,1267.5911,22.4116,48.2765,86.7967,13.7280,581.2107,81.4331,571.4641,84.1407,576.8610,1192.1646,35.4033,108.2067,1,0,1.0000
79176,495.7324,796.3401,1261.0275,25.0709,46.3442,83.7592,13.7291,561.4351,81.3777,565.8118,84.1655,561.8043,1191.1809,38.6864,112.8310,1,0,1.0000
79177,526.4026,850.7898,1269.5525,20.5973,43.2004,87.4106,13.7329,555.5676,81.2984,572.5211,84.1840,581.9474,1155.1138,36.8178,105.2568,1,0,1.0000
79178,499.5403,820.1938,1274.0640,18.1417,45.7706,83.7467,13.7224,558.6493,81.1960,569.1536,84.1965,633.3490,1163.5785,31.8160,99.6391,1,0,1.0000
79179,510.9033,827.0997,1271.6086,22.2230,48.7380,86.0872,13.7269,566.5056,81.0619,548.7643,84.2100,582.1130,1143.3494,38.3858,103.9055,1,0,1.0000
79180,495.9217,789.4162,1228.8488,22.8282,42.0514,77.7384,13.7230,552.8286,80.9048,523.5705,84.2195,567.1184,1117.2297,34.0654,105.6085,1,0,1.0000
79181,482.2612,760.0189,1168.1803,36.0750,37.7444,70.5191,13.7172,552.7065,80.7368,512.2878,84.2327,531.3926,1048.6814,37.7083,100.2906,1,0,1.0000
79182,432.8177,679.0513,1068.1021,19.5137,30.4120,65.1676,13.7111,491.6391,80.5525,464.4720,84.2365,523.5142,983.4670,30.1356,91.4201,1,0,1.0000
79183,380.8539,610.1575,975.6285,18.1682,30.0877,63.7693,13.7090,414.2408,80.3624,435.8431,84.2438,459.3109,981.7983,24.9802,90.0206,1,0,1.0000
79184,340.6643,526.4865,842.3682,14.4532,37.4728,56.4200,13.7156,395.6030,80.1720,392.5959,84.2467,396.1242,890.5602,29.4946,79.0058,1,0,1.0000
79185,335.7424,510.0258,823.6646,14.9344,32.6257,59.1656,13.7118,368.4076,79.9718,411.7128,84.2427,380.1583,834.3000,23.8900,78.8941,1,0,1.0000
79186,335.8762,518.9590,805.5512,12.7279,31.9479,58.2351,13.7131,392.4300,79.7909,431.0473,84.2449,378.1014,833.7695,25.5502,77.3803,1,0,1.0000
79187,349.6087,545.1312,852.7388,19.7115,29.9479,56.3686,13.7173,395.4930,79.5981,450.6134,84.2391,393.9577,836.1712,28.7034,71.2094,1,0,1.0000
79188,380.3729,611.8445,910.4319,24.8497,28.5897,58.3049,13.7191,392.9705,79.4218,450.1071,84.2345,387.1590,834.0653,27.5583,72.0358,1,0,1.0000
79189,387.4885,624.9751,908.0168,-9999.0000,25.7060,56.9144,13.7225,391.9594,79.2468,382.2988,84.2279,428.3665,807.9604,23.5803,67.6154,1,0,1.0000
79190,348.4731,541.8967,833.8123,-9999.0000,-9999.0000,50.8995,13.7231,390.0931,79.0909,365.5844,84.2157,395.6254,770.0766,25.1390,67.3391,1,0,1.0000
79191,295.2835,452.4950,732.7693,-9999.0000,-9999.0000,43.6851,13.7137,349.7382,78.9465,337.5032,84.1956,343.0434,713.7167,20.4742,62.5780,1,0,1.0000
79192,268.0714,410.1514,652.9265,-9999.0000,-9999.0000,42.8605,13.7180,316.4957,78.8119,314.1107,84.1812,315.7632,640.5262,-9999.0000,53.0543,1,0,1.0000
79193,248.9919,368.2459,588.3729,-9999.0000,-9999.0000,40.9886,13.7092,282.8687,78.6965,292.5398,84.1732,282.2713,570.9935,-9999.0000,51.7194,1,0,1.0000
79194,230.9497,360.5137,565.0306,-9999.0000,-9999.0000,36.0567,13.7049,257.8619,78.5998,280.0369,84.1678,264.5861,554.8101,-9999.0000,52.2923,1,0,1.0000
79195,216.7387,328.8123,526.3331,-9999.0000,-9999.0000,33.2929,13.7034,251.3244,78.4909,241.7285,84.1653,249.0594,549.7856,-9999.0000,46.3168,1,0,1.0000
79196,196.9872,303.6007,477.8586,-9999.0000,-9999.0000,31.8623,13.6961,235.5443,78.4169,241.0819,84.1623,230.3689,482.6065,-9999.0000,44.5170,1,0,1.0000
79197,180.7474,273.1518,426.4638,-9999.0000,-9999.0000,30.7609,13.6881,206.5508,78.3613,212.8009,84.1674,210.6447,432.7884,-9999.0000,37.2270,1,0,1.0000
79198,166.2598,254.4106,387.7060,-9999.0000,-9999.0000,28.0094,13.6985,197.9402,78.3326,201.9409,84.1718,213.6160,395.5271,-9999.0000,35.6998,1,0,1.0000
79199,158.5343,244.1396,382.8871,-9999.0000,-9999.0000,24.9911,13.7014,190.6926,78.3129,184.2509,84.1826,189.1359,356.0949,-9999.0000,34.6808,1,0,1.0000
79200,152.7675,237.2096,346.4236,-9999.0000,-9999.0000,21.9170,13.7062,166.9417,78.3032,185.7350,84.2086,177.0830,346.8555,-9999.0000,27.0061,1,0,1.0000
79201,134.2508,208.1868,335.9137,-9999.0000,-9999.0000,22.6579,13.6958,158.0287,78.3028,173.3860,84.2330,172.6628,334.3519,-9999.0000,30.8597,1,0,1.0000
79202,138.2518,209.6149,320.4335,-9999.0000,-9999.0000,21.3040,13.6836,166.2567,78.3043,170.2034,84.2617,146.6492,332.8058,-9999.0000,29.3899,1,0,1.0000
79203,144.2640,215.5789,330.7405,-9999.0000,-9999.0000,20.4630,13.6851,144.5435,78.3109,167.2244,84.2848,170.9436,333.3377,-9999.0000,28.3129,1,0,1.0000
79204,132.3200,208.6611,321.5320,-9999.0000,-9999.0000,19.2066,13.6823,147.5490,78.3430,157.1371,84.3019,166.9905,334.8472,-9999.0000,25.5575,1,0,1.0000
79205,132.3785,202.6999,303.6059,-9999.0000,-9999.0000,19.6121,13.6828,157.5573,78.4170,168.7876,84.3287,165.7152,339.7634,-9999.0000,26.8583,1,0,1.0000
79206,147.6912,214.2550,313.7770,-9999.0000,-9999.0000,19.6324,13.6764,178.1614,78.4946,167.5885,84.3512,170.5518,316.2625,-9999.0000,20.7478,1,0,1.0000
79207,141.7839,224.0713,330.3820,-9999.0000,-9999.0000,19.0478,13.6697,163.7267,78.5597,158.4443,84.3719,167.5968,291.4838,-9999.0000,28.4945,1,0,1.0000
79208,135.8343,202.9549,302.1688,-9999.0000,-9999.0000,20.3970,13.6642,145.8568,78.6411,151.8309,84.3756,143.9717,278.9359,-9999.0000,24.9264,1,0,1.0000
79209,115.4661,183.0965,291.7761,-9999.0000,-9999.0000,21.8437,13.6515,142.3081,78.7422,143.2700,84.3800,138.5026,269.3128,-9999.0000,32.2897,1,0,1.0000
79210,133.4533,208.7825,324.6560,-9999.0000,-9999.0000,23.2283,13.6402,143.8844,78.8620,154.7596,84.3816,150.2926,275.6759,-9999.0000,31.7004,1,0,1.0000
79211,149.6692,227.0164,354.4939,-9999.0000,-9999.0000,28.1931,13.6417,156.9718,78.9538,190.7003,84.3843,179.1953,315.2157,-9999.0000,31.8850,1,0,1.0000
79212,174.5438,271.0893,412.9005,-9999.0000,-9999.0000,27.2712,13.6367,191.9526,79.0496,189.7086,84.3859,216.3822,382.4023,-9999.0000,31.4304,1,0,1.0000
79213,190.6166,299.9640,441.7455,-9999.0000,-9999.0000,29.3598,13.6382,202.6187,79.1556,182.9234,84.3860,208.1574,407.4216,-9999.0000,27.5349,1,0,1.0000
79214,191.8820,285.8664,431.7466,-9999.0000,-9999.0000,25.6951,13.6274,197.0308,79.2784,197.0481,84.3836,203.6740,393.4176,-9999.0000,34.9076,1,0,1.0000
79215,184.5358,288.8254,442.4219,-9999.0000,-9999.0000,26.9158,13.6066,210.2554,79.4038,179.6897,84.3737,227.4658,391.0085,-9999.0000,32.8538,1,0,1.0000
79216,179.0294,291.9538,432.3781,-9999.0000,-9999.0000,25.0287,13.5869,212.5034,79.5391,182.9286,84.3666,214.4008,383.9865,-9999.0000,31.4922,1,0,1.0000
79217,172.7157,276.4886,415.9231,-9999.0000,-9999.0000,23.9600,13.5786,198.4421,79.6489,178.9230,84.3482,198.1859,371.3366,-9999.0000,35.4288,1,0,1.0000
