Data/Raw/WAGNER,NICK/firexaq-AOP-optical_DC8_20190823_R1.ict
51, 1001
Wagner, Nicholas L.
NOAA Earth System Research Laboratory
NOAA AOP instrument
FIREX-AQ
1, 1
2019, 08, 23, 2020, 04, 27
1
Time_start, seconds_past_midnight, seconds from midnight
18
1, 1, 1, 1, 1, 1, 1, 1, 1, 1, 1, 1, 1, 1, 1, 1, 1, 1
-9999, -9999, -9999, -9999, -9999, -9999, -9999, -9999, -9999, -9999, -9999, -9999, -9999, -9999, -9999, -9999, -9999, -9999
ext_dry_664, Mm-1, AerOpt_Extinction_InSitu_RHd_red_Total_PM2.5_STP
ext_dry_532, Mm-1, AerOpt_Extinction_InSitu_RHd_green_Total_PM2.5_STP
ext_dry_405, Mm-1, AerOpt_Extinction_InSitu_RHd_blue_Total_PM2.5_STP
abs_dry_664, Mm-1, AerOpt_Absorption_InSitu_RHd_red_Total_PM2.5_STP
abs_dry_532, Mm-1, AerOpt_Absorption_InSitu_RHd_green_Total_PM2.5_STP
abs_dry_405, Mm-1, AerOpt_Absorption_InSitu_RHd_blue_Total_PM2.5_STP
AOP_RH_dry, pct, Relative_humidity_of_dry_RH_channels
ext_medRH_664, Mm-1, AerOpt_Extinction_InSitu_RH80_red_Total_PM2.5_STP
AOP_RH_med, pct, Relative_humidity_of_medium_RH_channel
ext_highRH_664, Mm-1, AerOpt_Extinction_InSitu_RH85_red_Total_PM2.5_STP
AOP_RH_high, pct, Relative_humidity_of_high_RH_channel
ext_TD_664, Mm-1, AerOpt_ExtinctionTD_InSitu_RHd_blue_Total_PM2.5_STP
ext_TD_405, Mm-1, AerOpt_ExtinctionTD_InSitu_RHd_red_Total_PM2.5_STP
abs_TD_664, Mm-1, AerOpt_Absorption_InSitu_RHd_red_Total_PM2.5_STP
abs_TD_405, Mm-1, AerOpt_Absorption_InSitu_RHd_blue_Total_PM2.5_STP
AOP_TD_bypass_flag, pct, Flag_for_TD_Bypass_valve
AOP_filter_flag, pct, Flag_for_Filter_Valve
AOP_Dilution_ratio, pct, Applied_Dilution_Ratio_for_ext_channels
1
N/A
18
PI_CONTACT_INFO: Address: NOAA ESRL Chemical Sciences Division, R/CSD2, 325 Broadway, Boulder, CO 80305. Email: nick.wagner@noaa.gov.
PLATFORM: NASA DC8
LOCATION: See the DC8 MetNav file, Based in Boise (BOI) and Salina, KS
ASSOCIATED_DATA: N/A
[...]
DATA_INFO: Mm-1:
UNCERTAINTY: The precision of the extinction measurements varies with aerosol loading and is +/-20% at 10 Mm-1 and +/-5% at 100 Mm-1. The accuracy of the dry measurement is +/-2% and depends on RH for the humidified measurements, +/-5% at 85% RH and +/-15% at 90% RH. For more details, see Langridge et al., Aerosol Science and Technology 45:1305-1318, 2011. Analysis of comparable measurements suggest incomplete mixing in the dilution system. Effective dilution for individual instruments can vary by +/- 30% compared to the reported flow-based dilution estimate. The absorption measurements have a high signal accuracy of 20%. The low signal precision varies with altitude and flight to flight, and is typically less than 10 Mm-1 for 1 second measurements.
ULOD_FLAG: -7777
ULOD_VALUE: N/A
LLOD_FLAG: -8888
LLOD_VALUE: N/A
DM_CONTACT_INFO: Gao Chen
PROJECT_INFO: FIREX-AQ
STIPULATIONS_ON_USE: NASA Data Policy. Contact with PI is encouraged.
OTHER_COMMENTS: N/A
REVISION: R1
R1: Absorption measurements have been corrected for pressure dependent microphone sensitivity. In-cloud data has been removed. R0: Final Data. 
Time_start, ext_dry_664, ext_dry_532, ext_dry_405, abs_dry_664, abs_dry_532, abs_dry_405, AOP_RH_dry, ext_medRH_664, AOP_RH_med, ext_highRH_664, AOP_RH_high, ext_TD_664, ext_TD_405, abs_TD_664, abs_TD_405, AOP_TD_bypass_flag, AOP_filter_flag, AOP_Dilution_ratio
[from data line 9192]
70489,-9999.0000,-9999.0000,-9999.0000,-9999.0000,-9999.0000,-9999.0000,40.1720,-9999.0000,80.5508,-9999.0000,85.5482,-9999.0000,-9999.0000,6.0465,-9999.0000,0,0,1.0000
70490,-9999.0000,-9999.0000,-9999.0000,-9999.0000,-9999.0000,-9999.0000,40.1668,-9999.0000,80.6690,-9999.0000,85.4881,-9999.0000,-9999.0000,0.0797,2.0930,0,0,1.0000
70491,-9999.0000,-9999.0000,-9999.0000,-9999.0000,-9999.0000,-9999.0000,40.1561,-9999.0000,80.7801,-9999.0000,85.5094,-9999.0000,-9999.0000,-1.3062,1.4273,0,0,1.0000
70492,-9999.0000,-9999.0000,-9999.0000,-9999.0000,-9999.0000,-9999.0000,40.1510,-9999.0000,80.8561,-9999.0000,85.5136,-9999.0000,-9999.0000,5.5271,0.4666,0,0,1.0000
70493,-9999.0000,-9999.0000,-9999.0000,-9999.0000,-9999.0000,-9999.0000,40.1487,-9999.0000,80.9509,-9999.0000,85.5436,-9999.0000,-9999.0000,-2.8609,-1.4743,0,0,1.0000
70494,-9999.0000,-9999.0000,-9999.0000,-9999.0000,-9999.0000,-9999.0000,40.1413,-9999.0000,81.0390,-9999.0000,85.5050,-9999.0000,-9999.0000,-0.5263,0.7177,0,0,1.0000
70495,-9999.0000,-9999.0000,-9999.0000,-9999.0000,-9999.0000,-9999.0000,40.1582,-9999.0000,81.1167,-9999.0000,85.6370,-9999.0000,-9999.0000,-0.6126,3.0434,0,0,1.0000
70496,-9999.0000,-9999.0000,-9999.0000,-9999.0000,-9999.0000,-9999.0000,40.1645,-9999.0000,81.1621,-9999.0000,85.6619,-9999.0000,-9999.0000,1.1469,1.8808,0,0,1.0000
70497,-9999.0000,-9999.0000,-9999.0000,-9999.0000,-9999.0000,-9999.0000,40.1522,-9999.0000,81.1813,-9999.0000,85.6275,-9999.0000,-9999.0000,1.1216,1.4047,0,0,1.0000
70498,-9999.0000,-9999.0000,-9999.0000,-9999.0000,-9999.0000,-9999.0000,40.1598,-9999.0000,81.2003,-9999.0000,85.5486,-9999.0000,-9999.0000,-4.1665,-0.5251,0,0,1.0000
70499,7.7011,11.3815,19.4091,-9999.0000,-9999.0000,-9999.0000,40.1594,14.2095,81.2209,-9999.0000,85.4953,-9999.0000,-9999.0000,-4.9891,-1.1465,0,0,1.0000
70500,6.0379,11.0898,20.8275,-0.2016,2.3570,-0.0649,40.1564,12.6294,81.2504,23.1297,85.4782,-9999.0000,-9999.0000,0.3190,-1.8192,0,0,1.0000
70501,5.2752,12.9746,20.8185,-2.7985,1.1569,0.4819,40.1654,11.0178,81.2789,25.8718,85.5050,-9999.0000,-9999.0000,-4.5804,1.9937,0,0,1.0000
70502,7.5286,12.8945,21.6511,0.3891,2.3537,0.8180,40.1607,12.4256,81.3137,24.3136,85.4614,-9999.0000,-9999.0000,-5.5890,-2.5142,0,0,1.0000
70503,6.0727,12.3106,22.3130,-2.6435,1.4825,0.3603,40.1675,10.1205,81.3429,26.5871,85.5066,-9999.0000,-9999.0000,-2.0418,-0.9372,0,0,1.0000
70504,8.0653,12.2531,20.3384,-0.3694,0.3440,0.6657,40.1677,10.8031,81.3607,23.3074,85.4997,-9999.0000,-9999.0000,0.9423,2.7507,0,0,1.0000
70505,7.3007,10.9501,20.2192,-3.1371,1.9117,1.0035,40.1643,13.5940,81.3760,21.5605,85.5935,-9999.0000,-9999.0000,-2.6138,-0.5320,0,0,1.0000
70506,9.8288,14.7391,22.2237,-1.1264,1.1091,0.4649,40.1635,14.5060,81.3813,23.5466,85.5919,-9999.0000,-9999.0000,10.9877,2.4007,0,0,1.0000
70507,7.8697,12.9590,22.6200,0.0534,1.6754,0.3527,40.1727,15.4470,81.3829,25.0286,85.5705,-9999.0000,-9999.0000,-0.2198,3.1235,0,0,1.0000
70508,7.2008,14.6928,21.8916,-2.5790,1.5250,0.9175,40.1798,18.6935,81.3716,21.9754,85.5755,-9999.0000,-9999.0000,-0.3552,3.6134,0,0,1.0000
70509,7.7934,13.1124,22.6339,0.9764,3.1825,1.0216,40.1834,12.6542,81.3373,24.7903,85.6387,-9999.0000,-9999.0000,4.5129,0.2045,0,0,1.0000
70510,11.4356,14.5148,22.6884,-3.7479,1.2077,0.6859,40.1853,12.3626,81.2796,23.3088,85.5975,-9999.0000,-9999.0000,3.6076,-2.6955,0,0,1.0000
70511,10.7741,13.6419,38.9223,-3.3816,1.1454,0.6881,40.1938,11.0087,81.2298,23.8086,85.6088,-9999.0000,-9999.0000,3.4626,1.2073,0,0,1.0000
70512,14.1159,15.2074,25.9523,-0.6849,2.6846,1.1895,40.1933,13.1483,81.1601,26.4851,85.6478,-9999.0000,-9999.0000,2.2360,-1.5657,0,0,1.0000
70513,7.9706,14.6200,24.4268,4.6606,2.9263,1.5719,40.1915,13.1446,81.0775,29.4998,85.7062,-9999.0000,-9999.0000,-3.6315,3.0342,0,0,1.0000
70514,11.2725,15.5870,26.0914,-1.4112,2.0273,1.4288,40.1906,13.7203,80.9668,26.7755,85.6836,-9999.0000,-9999.0000,-1.1717,0.8737,0,0,1.0000
70515,8.0143,13.4377,26.5120,0.6602,-3.4977,0.7868,40.1982,16.1660,80.8529,23.8251,85.6751,-9999.0000,-9999.0000,-1.9510,1.1580,0,0,1.0000
70516,8.1946,14.1309,23.4270,1.5497,-2.4475,1.1647,40.1925,17.6172,80.7299,27.0700,85.6841,-9999.0000,-9999.0000,0.1764,0.2703,0,0,1.0000
70517,6.6312,13.8827,24.0736,0.4056,-2.4753,1.1334,40.2032,16.2317,80.5980,25.0241,85.6593,-9999.0000,-9999.0000,-0.6856,2.0538,0,0,1.0000
70518,9.8556,13.4471,26.3343,1.7253,5.6975,0.5639,40.2200,14.6218,80.4458,24.6251,85.7271,-9999.0000,-9999.0000,-4.9927,-0.4154,0,0,1.0000
70519,9.1556,13.2858,24.7518,4.9372,2.8284,0.4403,40.2345,12.9610,80.2865,24.1457,85.7060,-9999.0000,-9999.0000,4.0094,7.3818,0,0,1.0000
70520,10.2237,15.8626,23.3140,4.5378,1.7495,0.4430,40.2523,13.7679,80.1320,23.5901,85.6963,-9999.0000,-9999.0000,-2.7583,0.1194,0,0,1.0000
70521,7.6507,12.5532,23.1868,4.4907,6.3037,0.6448,40.2515,13.6764,79.9809,25.2378,85.7157,-9999.0000,-9999.0000,-2.5666,-1.6529,0,0,1.0000
70522,7.1601,13.7323,25.3422,0.6159,-0.5687,0.3559,40.2552,13.3409,79.8340,21.6130,85.7159,-9999.0000,-9999.0000,0.2983,-1.9919,0,0,1.0000
70523,6.7858,13.6935,24.4003,-1.4879,6.1787,0.4822,40.2575,11.8094,79.6897,30.1645,85.7687,-9999.0000,-9999.0000,0.2539,-1.9975,0,0,1.0000
70524,6.5398,13.6616,24.6194,-0.3369,2.3306,0.1722,40.2548,11.9729,79.5524,26.7340,85.7491,-9999.0000,-9999.0000,-0.4168,3.7935,0,0,1.0000
70525,6.8762,13.5958,23.8823,-2.4199,-1.1738,0.6052,40.2398,11.0893,79.4255,25.7875,85.7455,-9999.0000,-9999.0000,1.3742,8.6404,0,0,1.0000
70526,7.1373,13.2097,22.7097,-3.9329,3.8768,0.3203,40.2414,13.2890,79.2979,24.2878,85.7211,-9999.0000,-9999.0000,-2.6568,13.7227,0,0,1.0000
70527,8.7588,11.1957,22.6221,-2.7966,0.7602,-0.0676,40.2466,14.7799,79.1833,23.4831,85.8602,-9999.0000,-9999.0000,-2.1989,-1.8934,0,0,1.0000
70528,7.6582,12.1463,20.1640,-1.4175,-0.5688,0.2960,40.2500,11.1035,79.0683,25.7732,85.7693,-9999.0000,-9999.0000,0.3386,-0.5806,0,0,1.0000
70529,7.3804,12.3843,20.7465,-0.2226,4.8680,0.7385,40.2435,13.9069,78.9576,32.2134,85.7446,-9999.0000,1.7043,-0.5520,-0.7152,0,0,1.0000
70530,10.6637,11.8233,23.1097,-1.0580,2.4297,0.7754,40.2517,15.5734,78.8627,26.8802,85.6682,-9999.0000,1.2101,1.6285,0.7981,0,0,1.0000
70531,-9999.0000,-9999.0000,-9999.0000,-9999.0000,-9999.0000,-9999.0000,40.2635,-9999.0000,78.7910,-9999.0000,85.7202,-9999.0000,-9999.0000,-9999.0000,-9999.0000,0,0,1.0000
70532,-9999.0000,-9999.0000,-9999.0000,-9999.0000,-9999.0000,-9999.0000,40.2861,-9999.0000,78.7559,-9999.0000,85.6515,-9999.0000,-9999.0000,-9999.0000,-9999.0000,0,0,1.0000
70533,-9999.0000,-9999.0000,-9999.0000,-9999.0000,-9999.0000,-9999.0000,40.2922,-9999.0000,78.7418,-9999.0000,85.6343,-9999.0000,-9999.0000,-9999.0000,-9999.0000,0,0,1.0000
70534,-9999.0000,-9999.0000,-9999.0000,-9999.0000,-9999.0000,-9999.0000,40.2915,-9999.0000,78.7340,-9999.0000,85.6790,-9999.0000,-9999.0000,-9999.0000,-9999.0000,0,0,1.0000
70535,-9999.0000,-9999.0000,-9999.0000,-9999.0000,-9999.0000,-9999.0000,40.2939,-9999.0000,78.7342,-9999.0000,85.6302,-9999.0000,-9999.0000,-9999.0000,-9999.0000,0,0,1.0000
70536,-9999.0000,-9999.0000,-9999.0000,-9999.0000,-9999.0000,-9999.0000,40.2960,-9999.0000,78.7352,-9999.0000,85.6878,-9999.0000,-9999.0000,-9999.0000,-9999.0000,0,0,1.0000
70537,-9999.0000,-9999.0000,-9999.0000,-9999.0000,-9999.0000,-9999.0000,40.3054,-9999.0000,78.7384,-9999.0000,85.6532,-9999.0000,-9999.0000,-9999.0000,-9999.0000,0,0,1.0000
70538,-9999.0000,-9999.0000,-9999.0000,-9999.0000,-9999.0000,-9999.0000,40.3013,-9999.0000,78.7502,-9999.0000,85.6858,-9999.0000,-9999.0000,-9999.0000,-9999.0000,0,0,1.0000
70539,-9999.0000,-9999.0000,-9999.0000,-9999.0000,-9999.0000,-9999.0000,40.3057,-9999.0000,78.7892,-9999.0000,85.6727,-9999.0000,-9999.0000,-9999.0000,-9999.0000,0,0,1.0000
70540,-9999.0000,-9999.0000,-9999.0000,-9999.0000,-9999.0000,-9999.0000,40.3012,-9999.0000,78.8878,-9999.0000,85.6311,-9999.0000,-9999.0000,-9999.0000,-9999.0000,0,0,1.0000
70541,-9999.0000,-9999.0000,-9999.0000,-9999.0000,-9999.0000,-9999.0000,40.3155,-9999.0000,78.9923,-9999.0000,85.6569,-9999.0000,-9999.0000,-9999.0000,-9999.0000,0,0,1.0000
70542,-9999.0000,-9999.0000,-9999.0000,-9999.0000,-9999.0000,-9999.0000,40.3199,-9999.0000,79.1153,-9999.0000,85.6733,-9999.0000,-9999.0000,-9999.0000,-9999.0000,0,0,1.0000
70543,10.9651,16.3133,24.0132,-2.1175,2.4574,0.9890,40.3238,14.4290,79.2112,31.9004,85.6710,5.4177,0.7740,1.4670,1.0567,0,0,1.0000
70544,9.8809,13.1925,25.6721,5.8001,4.2716,1.2226,40.3320,19.3873,79.3249,34.9890,85.7058,0.5223,2.2402,0.2743,-1.7202,0,0,1.0000
70545,10.6748,12.8200,23.8532,8.6934,-0.2147,0.7268,40.3500,15.0130,79.4608,26.5056,85.6780,0.7593,2.6725,3.2197,3.3205,0,0,1.0000
70546,11.2020,13.1714,23.4795,-2.6893,1.5703,0.1507,40.3500,18.3700,79.6253,28.7610,85.7123,0.1106,2.1287,0.2998,-1.4739,0,0,1.0000
70547,8.6163,11.8788,24.3418,-5.5824,1.1414,1.0393,40.3588,15.7588,79.7500,27.0606,85.7347,0.8873,1.3622,1.7090,-2.4169,0,0,1.0000
70548,8.0753,12.2441,21.9886,-1.2311,2.3857,0.7803,40.3823,14.4672,79.8611,30.0285,85.8185,0.7086,3.3336,-2.5220,3.8337,0,0,1.0000
70549,7.2479,13.6771,26.1907,6.6473,4.6959,1.0399,40.3812,15.9864,79.9835,26.0205,85.8202,0.8776,4.3125,1.3917,1.0795,0,0,1.0000
70550,7.9460,20.5697,22.5376,-0.5355,2.8230,0.5275,40.3920,14.7048,80.1017,27.8685,85.7791,2.3234,3.3178,1.6895,-0.3420,0,0,1.0000
70551,8.6293,11.4660,21.3354,4.9785,2.4858,0.4688,40.3849,16.9496,80.2394,25.7691,85.7698,0.0328,6.0771,-1.9567,-3.9486,0,0,1.0000
70552,9.9029,13.1414,21.2568,8.9351,0.7027,0.2654,40.3896,16.5681,80.3541,22.7701,85.7965,0.6002,6.6932,-2.3334,0.6260,0,0,1.0000
70553,9.5726,12.2795,20.7727,4.0431,3.1202,0.9347,40.4068,11.7487,80.4899,21.0121,85.7793,0.7637,3.1941,-2.1054,2.5135,0,0,1.0000
70554,8.2338,11.1009,18.2272,12.8197,0.7631,-0.0990,40.4058,13.0630,80.5951,25.8438,85.7774,0.6463,0.2153,3.6689,0.7399,0,0,1.0000
70555,7.0433,11.4656,18.5603,3.3958,0.5415,0.2610,40.4021,13.2458,80.7057,24.6117,85.7989,1.4163,0.9146,-1.9353,2.7676,0,0,1.0000
70556,5.9910,9.8689,19.8085,4.6551,1.5771,0.8358,40.4025,13.9388,80.8110,31.4567,85.8325,1.6685,2.1236,-1.4298,0.9994,0,0,1.0000
70557,6.7930,12.1669,19.5629,-1.5505,3.6487,0.6198,40.4027,13.4443,80.9113,27.1572,85.7738,13.2576,3.1815,-0.4183,3.0250,0,0,1.0000
70558,7.0896,12.3443,21.6295,4.6190,0.6536,0.3621,40.3989,14.4744,81.0112,23.1290,85.7668,2.6254,0.5864,-2.0349,11.4267,0,0,1.0000
70559,7.6433,12.9352,23.1588,10.0079,0.2359,1.2591,40.4029,15.4721,81.1025,28.4429,85.7598,5.5056,0.9263,2.9170,4.3865,0,0,1.0000
70560,7.7554,13.7344,21.7942,2.4352,-3.2626,1.0436,40.4079,12.4324,81.1743,31.2230,85.7293,1.5760,2.4822,-0.6578,-0.7418,0,0,1.0000
70561,8.0550,14.5260,28.4021,-2.9290,3.7540,0.2914,40.4198,15.2420,81.2283,25.7566,85.7410,0.6448,4.7628,-0.1789,-0.5686,0,0,1.0000
70562,7.9737,15.5361,23.3605,-3.0682,-0.0920,0.9728,40.4307,14.1834,81.2686,26.4412,85.6752,2.0009,1.0176,0.1540,3.0827,0,0,1.0000
70563,11.0734,12.9279,22.9656,-0.3017,2.2510,1.0618,40.4486,17.9197,81.3009,29.7134,85.6947,1.3385,0.0087,4.9160,0.3277,0,0,1.0000
70564,-9999.0000,-9999.0000,-9999.0000,-9999.0000,-9999.0000,-9999.0000,40.4645,-9999.0000,81.3319,-9999.0000,85.7463,-9999.0000,-9999.0000,-9999.0000,-9999.0000,0,0,1.0000
70565,-9999.0000,-9999.0000,-9999.0000,-9999.0000,-9999.0000,-9999.0000,40.4711,-9999.0000,81.3499,-9999.0000,85.7357,-9999.0000,-9999.0000,-9999.0000,-9999.0000,0,0,1.0000
70566,-9999.0000,-9999.0000,-9999.0000,-9999.0000,-9999.0000,-9999.0000,40.4801,-9999.0000,81.3612,-9999.0000,85.7321,-9999.0000,-9999.0000,-9999.0000,-9999.0000,0,0,1.0000
70567,-9999.0000,-9999.0000,-9999.0000,-9999.0000,-9999.0000,-9999.0000,40.4886,-9999.0000,81.3602,-9999.0000,85.7552,-9999.0000,-9999.0000,-9999.0000,-9999.0000,0,0,1.0000
70568,-9999.0000,-9999.0000,-9999.0000,-9999.0000,-9999.0000,-9999.0000,40.4967,-9999.0000,81.3537,-9999.0000,85.7701,-9999.0000,-9999.0000,-9999.0000,-9999.0000,0,0,1.0000
70569,-9999.0000,-9999.0000,-9999.0000,-9999.0000,-9999.0000,-9999.0000,40.5101,-9999.0000,81.3387,-9999.0000,85.7274,-9999.0000,-9999.0000,-9999.0000,-9999.0000,0,0,1.0000
70570,-9999.0000,-9999.0000,-9999.0000,-9999.0000,-9999.0000,-9999.0000,40.5167,-9999.0000,81.3014,-9999.0000,85.7123,-9999.0000,-9999.0000,-9999.0000,-9999.0000,0,0,1.0000
70571,-9999.0000,-9999.0000,-9999.0000,-9999.0000,-9999.0000,-9999.0000,40.5049,-9999.0000,81.2488,-9999.0000,85.6524,-9999.0000,-9999.0000,-9999.0000,-9999.0000,0,0,1.0000
70572,-9999.0000,-9999.0000,-9999.0000,-9999.0000,-9999.0000,-9999.0000,40.5172,-9999.0000,81.1858,-9999.0000,85.5640,-9999.0000,-9999.0000,-9999.0000,-9999.0000,0,0,1.0000
70573,-9999.0000,-9999.0000,-9999.0000,-9999.0000,-9999.0000,-9999.0000,40.5213,-9999.0000,81.1143,-9999.0000,85.5729,-9999.0000,-9999.0000,-9999.0000,-9999.0000,0,0,1.0000
70574,-9999.0000,-9999.0000,-9999.0000,-9999.0000,-9999.0000,-9999.0000,40.5146,-9999.0000,81.0342,-9999.0000,85.6902,-9999.0000,-9999.0000,-9999.0000,-9999.0000,0,0,1.0000
70575,-9999.0000,-9999.0000,-9999.0000,-9999.0000,-9999.0000,-9999.0000,40.5219,-9999.0000,80.9559,-9999.0000,85.8022,-9999.0000,-9999.0000,-9999.0000,-9999.0000,0,0,1.0000
70576,8.4481,15.1395,26.9085,0.4258,5.1045,0.0987,40.5352,16.9429,80.8803,30.9487,85.6781,1.1831,0.7333,0.3327,-2.3308,0,0,1.0000
70577,7.9082,13.2620,23.5164,-0.1722,1.6056,0.7387,40.5322,16.3624,80.8022,26.5804,85.5865,1.1170,0.8958,-1.0738,-0.8330,0,0,1.0000
70578,8.8508,11.3758,26.6711,-2.2472,0.7041,1.2512,40.5271,20.4040,80.7320,30.0936,85.6277,11.3547,4.4757,1.2180,1.0494,0,0,1.0000
70579,-9999.0000,-9999.0000,-9999.0000,-9999.0000,-9999.0000,-9999.0000,40.5322,-9999.0000,80.6585,-9999.0000,85.6417,-9999.0000,-9999.0000,-9999.0000,-9999.0000,0,0,1.0000
70580,-9999.0000,-9999.0000,-9999.0000,-9999.0000,-9999.0000,-9999.0000,40.5517,-9999.0000,80.5719,-9999.0000,85.6859,-9999.0000,-9999.0000,-9999.0000,-9999.0000,0,0,1.0000
70581,-9999.0000,-9999.0000,-9999.0000,-9999.0000,-9999.0000,-9999.0000,40.5609,-9999.0000,80.4605,-9999.0000,85.6710,-9999.0000,-9999.0000,-9999.0000,-9999.0000,0,0,1.0000
70582,-9999.0000,-9999.0000,-9999.0000,-9999.0000,-9999.0000,-9999.0000,40.5644,-9999.0000,80.3434,-9999.0000,85.6595,-9999.0000,-9999.0000,-9999.0000,-9999.0000,0,0,1.0000
70583,-9999.0000,-9999.0000,-9999.0000,-9999.0000,-9999.0000,-9999.0000,40.5667,-9999.0000,80.2221,-9999.0000,85.6900,-9999.0000,-9999.0000,-9999.0000,-9999.0000,0,0,1.0000
70584,-9999.0000,-9999.0000,-9999.0000,-9999.0000,-9999.0000,-9999.0000,40.5655,-9999.0000,80.1090,-9999.0000,85.6928,-9999.0000,-9999.0000,-9999.0000,-9999.0000,0,0,1.0000
70585,-9999.0000,-9999.0000,-9999.0000,-9999.0000,-9999.0000,-9999.0000,40.5733,-9999.0000,79.9979,-9999.0000,85.6176,-9999.0000,-9999.0000,-9999.0000,-9999.0000,0,0,1.0000
70586,-9999.0000,-9999.0000,-9999.0000,-9999.0000,-9999.0000,-9999.0000,40.5878,-9999.0000,79.9012,-9999.0000,85.6666,-9999.0000,-9999.0000,-9999.0000,-9999.0000,0,0,1.0000
70587,-9999.0000,-9999.0000,-9999.0000,-9999.0000,-9999.0000,-9999.0000,40.5917,-9999.0000,79.7930,-9999.0000,85.6700,-9999.0000,-9999.0000,-9999.0000,-9999.0000,0,0,1.0000
70588,-9999.0000,-9999.0000,-9999.0000,-9999.0000,-9999.0000,-9999.0000,40.5844,-9999.0000,79.6832,-9999.0000,85.6288,-9999.0000,-9999.0000,-9999.0000,-9999.0000,0,0,1.0000
70589,-9999.0000,-9999.0000,-9999.0000,-9999.0000,-9999.0000,-9999.0000,40.5894,-9999.0000,79.5870,-9999.0000,85.5934,-9999.0000,-9999.0000,-9999.0000,-9999.0000,0,0,1.0000
70590,-9999.0000,-9999.0000,-9999.0000,-9999.0000,-9999.0000,-9999.0000,40.5965,-9999.0000,79.5010,-9999.0000,85.5802,-9999.0000,-9999.0000,-9999.0000,-9999.0000,0,0,1.0000
70591,7.0742,12.1825,21.2656,1.6263,4.3657,0.6614,40.6095,14.4231,79.4080,29.0862,85.5774,0.5751,1.2459,-9999.0000,0.7089,0,0,1.0000
70592,7.5607,13.9108,23.8165,-1.3237,1.0525,1.6140,40.6215,14.4761,79.3113,27.6140,85.5880,-0.1607,0.6087,-9999.0000,-2.3688,0,0,1.0000
70593,7.9873,15.1831,25.7607,-3.0020,-2.4665,1.2226,40.6224,14.3328,79.2330,31.2593,85.5681,1.5161,2.5990,-9999.0000,-1.6840,0,0,1.0000
