Data/Raw/WAGNER,NICK/firexaq-AOP-optical_DC8_20190821_R1.ict
51, 1001
Wagner, Nicholas L.
NOAA Earth System Research Laboratory
NOAA AOP instrument
FIREX-AQ
1, 1
2019, 08, 21, 2020, 04, 27
1
Time_start, seconds_past_midnight, seconds from midnight
18
1, 1, 1, 1, 1, 1, 1, 1, 1, 1, 1, 1, 1, 1, 1, 1, 1, 1
-9999, -9999, -9999, -9999, -9999, -9999, -9999, -9999, -9999, -9999, -9999, -9999, -9999, -9999, -9999, -9999, -9999, -9999
ext_dry_664, Mm-1, AerOpt_Extinction_InSitu_RHd_red_Total_PM2.5_STP
ext_dry_532, Mm-1, AerOpt_Extinction_InSitu_RHd_green_Total_PM2.5_STP
ext_dry_405, Mm-1, AerOpt_Extinction_InSitu_RHd_blue_Total_PM2.5_STP
abs_dry_664, Mm-1, AerOpt_Absorption_InSitu_RHd_red_Total_PM2.5_STP
abs_dry_532, Mm-1, AerOpt_Absorption_InSitu_RHd_green_Total_PM2.5_STP
abs_dry_405, Mm-1, AerOpt_Absorption_InSitu_RHd_blue_Total_PM2.5_STP
AOP_RH_dry, pct, Relative_humidity_of_dry_RH_channels
ext_medRH_664, Mm-1, AerOpt_Extinction_InSitu_RH80_red_Total_PM2.5_STP
AOP_RH_med, pct, Relative_humidity_of_medium_RH_channel
ext_highRH_664, Mm-1, AerOpt_Extinction_InSitu_RH85_red_Total_PM2.5_STP
AOP_RH_high, pct, Relative_humidity_of_high_RH_channel
ext_TD_664, Mm-1, AerOpt_ExtinctionTD_InSitu_RHd_blue_Total_PM2.5_STP
ext_TD_405, Mm-1, AerOpt_ExtinctionTD_InSitu_RHd_red_Total_PM2.5_STP
abs_TD_664, Mm-1, AerOpt_Absorption_InSitu_RHd_red_Total_PM2.5_STP
abs_TD_405, Mm-1, AerOpt_Absorption_InSitu_RHd_blue_Total_PM2.5_STP
AOP_TD_bypass_flag, pct, Flag_for_TD_Bypass_valve
AOP_filter_flag, pct, Flag_for_Filter_Valve
AOP_Dilution_ratio, pct, Applied_Dilution_Ratio_for_ext_channels
1
N/A
18
PI_CONTACT_INFO: Address: NOAA ESRL Chemical Sciences Division, R/CSD2, 325 Broadway, Boulder, CO 80305. Email: nick.wagner@noaa.gov.
PLATFORM: NASA DC8
LOCATION: See the DC8 MetNav file, Based in Boise (BOI) and Salina, KS
ASSOCIATED_DATA: N/A
[...]
DATA_INFO: Mm-1:
UNCERTAINTY: The precision of the extinction measurements varies with aerosol loading and is +/-20% at 10 Mm-1 and +/-5% at 100 Mm-1. The accuracy of the dry measurement is +/-2% and depends on RH for the humidified measurements, +/-5% at 85% RH and +/-15% at 90% RH. For more details, see Langridge et al., Aerosol Science and Technology 45:1305-1318, 2011. Analysis of comparable measurements suggest incomplete mixing in the dilution system. Effective dilution for individual instruments can vary by +/- 30% compared to the reported flow-based dilution estimate. The absorption measurements have a high signal accuracy of 20%. The low signal precision varies with altitude and flight to flight, and is typically less than 10 Mm-1 for 1 second measurements.
ULOD_FLAG: -7777
ULOD_VALUE: N/A
LLOD_FLAG: -8888
LLOD_VALUE: N/A
DM_CONTACT_INFO: Gao Chen
PROJECT_INFO: FIREX-AQ
STIPULATIONS_ON_USE: NASA Data Policy. Contact with PI is encouraged.
OTHER_COMMENTS: N/A
REVISION: R1
R1: Absorption measurements have been corrected for pressure dependent microphone sensitivity. In-cloud data has been removed. R0: Final Data. 
Time_start, ext_dry_664, ext_dry_532, ext_dry_405, abs_dry_664, abs_dry_532, abs_dry_405, AOP_RH_dry, ext_medRH_664, AOP_RH_med, ext_highRH_664, AOP_RH_high, ext_TD_664, ext_TD_405, abs_TD_664, abs_TD_405, AOP_TD_bypass_flag, AOP_filter_flag, AOP_Dilution_ratio
[from data line 8751]
63039,16.9576,16.6403,32.0359,4.3696,1.4398,1.1345,36.8809,18.3751,80.8247,29.0630,85.7179,5.3062,5.0786,1.6522,0.7167,0,0,1.0000
63040,17.2559,17.8415,27.9889,-1.3225,0.0047,0.4939,36.8823,17.7983,80.7680,22.8021,85.6930,9.3329,13.1553,-0.2712,1.3547,0,0,1.0000
63041,13.8207,17.5980,33.8082,2.0266,4.0096,0.7597,36.8748,25.4498,80.7238,22.4274,85.6758,5.5378,9.5379,-1.4268,1.7934,0,0,1.0000
63042,12.2215,23.6230,28.4957,1.0371,-0.6227,0.4164,36.8768,24.8151,80.6715,30.8510,85.6566,1.2781,6.9783,-2.5779,0.5774,0,0,1.0000
63043,14.5477,20.7086,34.6178,0.5084,2.3687,0.6787,36.8751,19.8234,80.6435,32.5968,85.6526,4.2584,4.6527,-3.5465,1.3290,0,0,1.0000
63044,13.2705,21.4657,34.6407,-1.7440,0.8889,1.5328,36.8627,15.9094,80.6294,25.7803,85.6516,3.1040,8.3448,-3.2634,-1.1690,0,0,1.0000
63045,15.6902,19.6044,30.6880,-2.3916,-2.4194,1.0451,36.8587,33.3344,80.6135,33.2808,85.6513,3.0204,3.5828,-0.5701,-5.4288,0,0,1.0000
63046,16.1100,23.2522,32.8015,-2.2644,-0.5486,0.6804,36.8549,24.7576,80.6067,22.4879,85.6534,5.9606,3.9427,0.4849,1.2399,0,0,1.0000
63047,12.1432,23.4837,34.7657,-2.3605,-0.4248,1.0108,36.8549,41.1914,80.6063,20.8635,85.6529,1.9077,2.7091,1.3611,1.9756,0,0,1.0000
63048,13.8464,17.6314,32.5518,-2.3497,3.7153,2.8071,36.8580,16.4965,80.6131,24.4878,85.6583,7.2122,3.0359,-0.5512,-2.5830,0,0,1.0000
63049,11.6196,20.9652,30.5236,2.2820,-1.4644,1.7463,36.8465,18.9924,80.6372,25.1543,85.6650,18.9947,6.7720,2.2627,3.6801,0,0,1.0000
63050,13.3192,16.9607,33.5403,-0.5361,-1.1960,0.5543,36.8419,19.4102,80.6694,20.6154,85.6799,15.4200,5.6175,6.7373,-1.7657,0,0,1.0000
63051,11.5474,17.4424,29.0572,-1.9979,-1.0241,0.5349,36.8419,29.6411,80.7280,28.2970,85.7284,7.4541,3.0881,-1.8513,-2.4854,0,0,1.0000
63052,14.6087,19.0241,36.4158,0.2666,0.8757,1.2169,36.8363,25.5582,80.7980,29.7718,85.7714,1.0200,2.4021,4.5273,-1.1288,0,0,1.0000
63053,15.2978,22.9874,30.3568,3.2999,0.3654,2.4428,36.8359,21.1827,80.8762,22.2997,85.8162,2.7376,12.1733,-1.9665,-1.1065,0,0,1.0000
63054,17.2046,21.7300,35.0887,6.1649,0.9246,0.2941,36.8335,28.8940,80.9691,23.6666,85.8421,1.6392,5.5712,3.9320,-2.4484,0,0,1.0000
63055,17.0009,21.2784,32.7452,-2.6430,-1.2359,0.5180,36.8283,23.5042,81.0654,23.3857,85.8617,1.2300,2.6621,2.4388,-0.0764,0,0,1.0000
63056,14.5949,21.6266,30.9617,-2.7730,-2.6071,1.0711,36.8291,23.7548,81.1664,19.3469,85.8742,1.9604,9.7768,-0.2788,1.2027,0,0,1.0000
63057,11.0737,18.8355,28.1902,-2.8350,5.5067,0.8708,36.8210,19.5944,81.2669,19.0966,85.8845,1.6251,13.0386,-1.8333,4.5290,0,0,1.0000
63058,13.5507,19.2921,30.5056,2.2822,0.4879,0.7431,36.8264,18.1690,81.3711,18.3676,85.8935,1.0538,5.2659,5.7292,0.5952,0,0,1.0000
63059,14.0596,24.2581,36.4046,6.5119,1.3589,-0.0247,36.8297,17.6714,81.4985,20.7567,85.9017,4.2208,4.9523,-3.8138,-0.0928,0,0,1.0000
63060,11.9458,22.6255,34.4965,-4.4173,1.9817,0.9930,36.8254,15.0131,81.6328,22.5009,85.9012,4.3972,6.5625,4.2978,-0.7179,0,0,1.0000
63061,14.3790,27.1885,28.6771,-2.2953,1.9386,1.0201,36.8196,20.3439,81.7498,30.0120,85.9058,15.9475,7.6932,7.4260,-0.6119,0,0,1.0000
63062,14.7505,20.7050,29.9433,-0.6574,-3.1208,1.4273,36.8244,28.6184,81.8888,24.8202,85.9104,5.7911,9.7885,-4.4318,2.4477,0,0,1.0000
63063,15.1912,19.3303,32.8574,0.3674,-2.8288,0.6894,36.8248,22.6894,81.9848,24.4324,85.9056,2.4363,8.4070,5.2547,2.5440,0,0,1.0000
63064,17.0106,18.3935,31.2105,4.4561,0.0424,0.6748,36.8132,21.7456,82.1126,22.7214,85.9019,9.6412,2.7634,1.8479,1.9123,0,0,1.0000
63065,13.8485,22.3587,28.2215,4.2473,-2.7672,1.5050,36.8116,20.2326,82.2229,21.9423,85.8874,2.4292,11.0255,1.9659,-0.5346,0,0,1.0000
63066,16.4831,21.5021,34.0804,-1.7774,3.9824,0.6696,36.8226,22.7868,82.3487,26.8061,85.8708,2.0111,14.8736,4.0933,-3.0662,0,0,1.0000
63067,13.8554,18.6563,35.0651,0.7630,-3.4481,0.9475,36.8355,21.1903,82.4539,35.8296,85.8477,2.4971,5.0396,2.9579,3.1625,0,0,1.0000
63068,12.9435,23.9117,29.2179,2.2367,0.1191,0.9164,36.8288,21.8328,82.5646,22.5974,85.8136,1.0099,4.4322,1.7683,1.0198,0,0,1.0000
63069,13.2515,21.2121,34.1214,0.4582,0.6908,0.6696,36.8272,26.0712,82.6563,26.4220,85.7899,3.4174,6.5968,1.4639,0.4468,0,0,1.0000
63070,10.4431,17.8748,32.2233,-2.5782,-1.1258,0.8971,36.8229,23.0484,82.7421,23.8879,85.7775,3.5290,6.4472,-1.9655,0.4581,0,0,1.0000
63071,10.5434,17.8502,30.2327,0.8406,-2.4806,1.0863,36.8182,16.3083,82.8020,36.0630,85.7618,10.3241,5.7804,-4.5959,0.8627,0,0,1.0000
63072,10.6422,21.2067,33.1081,-3.0446,-1.9940,1.5634,36.8158,24.9236,82.8741,26.2558,85.7473,4.2329,8.7172,-2.3142,3.8156,0,0,1.0000
63073,11.2374,19.1167,30.6093,-5.4393,2.6753,1.7479,36.8109,23.3971,82.9529,19.1967,85.7354,0.9777,4.5547,-0.6887,4.0889,0,0,1.0000
63074,14.0948,20.4963,31.1270,1.3628,0.9325,1.4150,36.8114,40.0443,83.0184,19.3250,85.7310,1.5124,3.5976,-0.8123,3.4848,0,0,1.0000
63075,13.9784,19.6665,34.3540,-2.2923,-1.6361,1.1021,36.8087,25.5336,83.0718,25.2187,85.7354,1.7524,3.1644,3.9549,-0.5589,0,0,1.0000
63076,13.3815,21.6567,33.4993,4.9425,1.7664,0.1914,36.8086,22.5110,83.1003,22.5799,85.7329,4.2713,3.8480,6.0451,-0.5891,0,0,1.0000
63077,16.5201,20.8687,32.4300,-3.5600,-1.1469,0.6716,36.8062,22.3112,83.1334,26.9667,85.7414,4.1072,3.3913,3.1942,1.3160,0,0,1.0000
63078,12.8732,19.4828,35.2774,1.4699,-1.3510,0.3968,36.8012,25.7089,83.1673,31.7097,85.7575,5.2132,7.1942,1.0923,1.5489,0,0,1.0000
63079,14.7937,23.2144,33.6064,2.1856,-0.7400,0.4534,36.7902,15.9640,83.1765,22.7380,85.7790,4.5101,38.4555,0.3573,-0.0996,0,0,1.0000
63080,18.2334,22.6644,32.4017,1.6424,1.8367,0.3931,36.7815,25.0036,83.1829,25.6108,85.8122,3.0093,18.5204,-2.6712,0.3244,0,0,1.0000
63081,14.5066,19.6022,33.0985,-3.6980,3.5105,0.4075,36.7754,19.9811,83.1839,33.2035,85.8479,4.5554,7.0500,0.0551,-0.2546,0,0,1.0000
63082,14.3417,24.7959,32.5732,0.4393,-1.3082,1.7292,36.7749,17.2418,83.1790,35.3364,85.8701,14.2147,12.5560,-1.3058,4.0654,0,0,1.0000
63083,12.3881,25.0026,33.2852,2.8981,-0.4763,1.4640,36.7812,30.2420,83.1726,25.9907,85.8915,6.8959,10.5067,3.7389,-0.3309,0,0,1.0000
63084,17.6791,22.0922,33.8511,3.4969,0.9907,1.8666,36.7766,18.6345,83.1447,29.9170,85.9111,4.0967,6.6106,-0.2835,0.9823,0,0,1.0000
63085,13.0482,22.0658,36.8396,4.2951,0.9980,1.2649,36.7769,27.0127,83.1019,33.8253,85.9377,6.3579,5.2073,-0.1835,-3.4016,0,0,1.0000
63086,16.4771,21.6293,32.3018,-2.3736,0.9364,1.2778,36.7815,23.6441,83.0482,25.6960,85.9683,18.5940,13.4049,1.9107,0.6557,0,0,1.0000
63087,14.1160,21.6031,30.4132,1.4351,3.8096,0.6338,36.7793,24.4800,82.9752,22.8529,85.9776,3.4739,9.1491,-0.6583,-0.0521,0,0,1.0000
63088,13.7065,20.4709,32.9740,0.9227,-0.9884,1.3296,36.7752,22.3599,82.8803,26.8821,85.9795,4.9850,6.0401,1.8497,0.8568,0,0,1.0000
63089,13.0831,21.4061,38.0263,0.3970,1.6017,1.2138,36.7697,29.3031,82.7798,28.9101,85.9832,5.0735,5.5022,1.0743,0.0812,0,0,1.0000
63090,16.0828,24.1384,31.4029,-0.9919,-0.5274,1.5631,36.7700,20.8381,82.6718,22.3850,85.9817,33.9042,4.7936,6.6644,-1.5966,0,0,1.0000
63091,18.3432,23.3288,34.9172,3.5381,2.8379,0.6948,36.7737,35.2488,82.5844,18.1878,85.9782,29.6205,4.7254,0.0531,1.3169,0,0,1.0000
63092,16.8687,21.2613,37.2457,4.5358,-0.8580,1.5266,36.7693,28.6277,82.4971,23.6949,85.9763,16.1581,4.9044,2.0332,2.6240,0,0,1.0000
63093,12.2974,22.3772,32.0864,2.7736,-1.1922,0.4839,36.7739,38.3922,82.3961,20.9513,85.9638,2.9385,4.1125,1.0484,0.4524,0,0,1.0000
63094,18.3397,21.5603,37.2030,-0.5474,2.2574,1.3769,36.7739,24.1756,82.2802,20.3516,85.9431,3.3102,3.3148,2.5820,-2.0802,0,0,1.0000
63095,12.8311,21.0910,36.7005,2.3278,2.4193,0.0803,36.7702,19.3705,82.1493,26.9019,85.9171,13.0987,2.0067,1.0752,0.7738,0,0,1.0000
63096,19.8698,26.7388,35.0771,1.6017,-0.9151,-0.0223,36.7705,24.8172,82.0090,33.0696,85.8883,10.3785,3.3268,-2.9774,0.8608,0,0,1.0000
63097,15.8394,23.3700,35.7708,0.2644,-2.1294,0.4147,36.7720,29.8855,81.8651,22.4923,85.8562,5.2867,9.2357,3.2747,-1.7579,0,0,1.0000
63098,12.7556,20.9750,34.5303,0.3901,-0.4750,2.5568,36.7660,26.9282,81.7225,24.4447,85.8104,10.4188,10.8887,-2.4655,2.7813,0,0,1.0000
63099,19.6819,22.0521,34.8335,4.5895,0.8027,1.0886,36.7660,19.0120,81.5963,24.6547,85.7869,2.5172,7.9692,0.9596,3.5139,0,0,1.0000
63100,15.1006,22.1465,36.9837,-3.5134,0.3104,1.6292,36.7645,18.3611,81.4907,21.8650,85.7700,2.0609,10.0141,0.0454,-0.7410,0,0,1.0000
63101,12.9162,25.5596,34.4648,3.4142,1.3538,1.4265,36.7668,18.5922,81.3729,20.7022,85.7584,6.8152,5.9631,-0.8686,0.6912,0,0,1.0000
63102,9.7498,20.8533,32.9567,0.4215,-0.9250,1.0663,36.7638,14.5852,81.2603,20.7138,85.7524,8.3254,2.3073,3.6751,-0.5720,0,0,1.0000
63103,20.7884,23.2174,29.1212,1.7679,-1.2124,4.0352,36.7631,19.6448,81.1565,28.4981,85.7487,9.7143,2.8003,-2.9438,0.7336,0,0,1.0000
63104,12.6331,21.6093,33.8979,2.9550,-0.2493,2.6168,36.7628,17.8495,81.0508,34.6762,85.7491,19.1147,2.5370,3.8244,-2.2032,0,0,1.0000
63105,14.1548,23.8514,33.6010,5.7776,5.2825,2.0877,36.7702,29.3310,80.9626,17.9219,85.7520,9.0286,1.6169,-0.5475,0.9007,0,0,1.0000
63106,18.0320,21.2450,32.4630,0.2023,-0.2573,1.0493,36.7753,27.3980,80.8664,32.6658,85.7544,18.6652,3.5703,-2.1049,1.2172,0,0,1.0000
63107,12.8862,19.5869,34.3079,-1.6344,-1.0675,0.1633,36.7638,34.3646,80.7970,26.3743,85.7610,21.0543,5.3673,-4.2359,0.6731,0,0,1.0000
63108,13.9350,19.1421,32.9492,0.4818,0.8841,0.7855,36.7564,28.3720,80.7495,30.8969,85.7768,19.5159,8.4203,-0.9075,-1.7264,0,0,1.0000
63109,20.4581,20.4911,35.3374,-1.1766,-2.1717,0.8098,36.7627,19.5900,80.7108,30.9624,85.7911,7.9282,9.6682,1.9334,1.6384,0,0,1.0000
63110,15.2773,31.2662,39.6098,0.4826,-1.1157,0.6721,36.7592,18.7916,80.6842,33.0496,85.8208,15.9556,8.8978,-9999.0000,0.7451,0,0,1.0000
63111,14.7031,23.8507,37.1749,-4.4109,-0.8492,0.3759,36.7571,28.5099,80.6590,34.3345,85.8492,5.6485,4.4370,-9999.0000,0.9058,0,0,1.0000
63112,13.3959,24.7719,36.7834,-3.6964,2.5054,0.7521,36.7649,19.0635,80.6454,24.2424,85.8868,14.1393,3.5226,-9999.0000,3.5011,0,0,1.0000
63113,18.5941,24.0669,34.4144,1.0261,1.2528,0.8760,36.7746,26.3948,80.6389,25.2249,85.9133,4.5672,8.5401,-9999.0000,2.1272,0,0,1.0000
63114,14.4077,25.3523,33.4080,0.0679,-0.6954,1.4372,36.7731,24.6139,80.6346,20.9718,85.9225,14.7538,10.4972,-9999.0000,1.8162,0,0,1.0000
63115,12.3442,21.1252,34.9814,3.0359,2.1900,2.1095,36.7783,26.7801,80.6412,23.0322,85.9414,9.8193,16.7814,-9999.0000,4.5358,0,0,1.0000
63116,14.3063,18.9963,38.9909,3.9731,-1.6992,1.4343,36.7692,21.3235,80.6489,25.3520,85.9445,21.2587,6.1301,-9999.0000,3.3198,0,0,1.0000
63117,14.6329,21.1153,36.1337,1.1358,0.4365,0.8326,36.7721,25.6234,80.6775,24.0717,85.9578,9.3527,5.5449,-9999.0000,-0.4663,0,0,1.0000
63118,14.2222,25.7415,31.9913,2.6987,0.3257,0.9700,36.7797,31.0409,80.7390,31.3441,85.9710,4.7602,1.8242,-9999.0000,-1.7330,0,0,1.0000
63119,18.2529,21.1906,37.6601,-1.3643,-1.0189,0.9378,36.7645,26.5435,80.7970,31.9544,85.9685,4.8019,12.2825,-9999.0000,0.9676,0,0,1.0000
63120,12.6512,24.7817,31.6104,-4.2145,1.3254,0.5565,36.7616,33.7872,80.8605,21.3732,85.9666,4.5754,18.0582,-9999.0000,-3.0884,0,0,1.0000
63121,22.4855,26.2250,36.8716,1.0547,0.6185,1.2503,36.7597,40.8981,80.9439,25.1478,85.9581,18.0242,5.2234,-9999.0000,0.1200,0,0,1.0000
63122,16.1523,23.9753,38.9781,3.1001,-1.5729,0.8850,36.7578,31.6334,81.0410,22.1548,85.9363,10.5888,3.3273,-9999.0000,-9999.0000,0,0,1.0000
63123,21.2852,28.0123,34.6496,-0.8999,-0.9709,0.9901,36.7524,32.5429,81.1658,19.8144,85.9159,10.6135,3.1040,-9999.0000,-9999.0000,0,0,1.0000
63124,17.7068,21.6414,34.7444,-4.7631,0.2972,0.6105,36.7448,26.0193,81.2688,18.5705,85.8932,8.6227,4.8281,-9999.0000,-9999.0000,0,0,1.0000
63125,13.5304,20.9670,29.4333,-1.6963,3.3470,0.8047,36.7485,32.3217,81.3698,26.2032,85.8639,6.5061,7.0535,-9999.0000,-9999.0000,0,0,1.0000
63126,15.0439,20.8777,-9999.0000,5.6029,2.0617,0.5729,36.7473,28.4717,81.4691,19.8590,85.8357,2.8032,5.1120,-9999.0000,-9999.0000,0,0,1.0000
63127,15.6611,23.1921,-9999.0000,-0.0237,1.1901,0.2550,36.7333,21.5311,81.5681,19.7758,85.8027,12.1070,-9999.0000,-9999.0000,-9999.0000,0,0,1.0000
63128,15.4411,-9999.0000,-9999.0000,-1.5042,-3.0589,0.6488,36.7249,21.4075,81.6955,22.5621,85.7854,7.8832,-9999.0000,-9999.0000,-9999.0000,0,0,1.0000
63129,-9999.0000,-9999.0000,-9999.0000,6.0881,1.2998,0.9320,36.7195,26.7846,81.8256,20.1991,85.7606,-9999.0000,-9999.0000,-9999.0000,-9999.0000,0,0,1.0000
63130,-9999.0000,-9999.0000,-9999.0000,1.7446,-0.6584,0.3527,36.7150,-9999.0000,81.9430,20.7526,85.7322,-9999.0000,-9999.0000,-9999.0000,-9999.0000,0,0,1.0000
63131,-9999.0000,-9999.0000,-9999.0000,1.9971,-2.7694,0.9057,36.7169,-9999.0000,82.0376,-9999.0000,85.7154,-9999.0000,-9999.0000,-9999.0000,-9999.0000,0,0,1.0000
63132,-9999.0000,-9999.0000,-9999.0000,-9999.0000,-9999.0000,-9999.0000,36.7207,-9999.0000,82.1256,-9999.0000,85.6979,-9999.0000,-9999.0000,-9999.0000,-9999.0000,0,0,1.0000
63133,-9999.0000,-9999.0000,-9999.0000,-9999.0000,-9999.0000,-9999.0000,36.7211,-9999.0000,82.2131,-9999.0000,85.6889,-9999.0000,-9999.0000,-9999.0000,-9999.0000,0,1,1.0000
63134,-9999.0000,-9999.0000,-9999.0000,-9999.0000,-9999.0000,-9999.0000,36.7140,-9999.0000,82.3062,-9999.0000,85.6815,-9999.0000,-9999.0000,-9999.0000,-9999.0000,0,1,1.0000
63135,-9999.0000,-9999.0000,-9999.0000,-9999.0000,-9999.0000,-9999.0000,-9999.0000,-9999.0000,-9999.0000,-9999.0000,-9999.0000,-9999.0000,-9999.0000,-9999.0000,-9999.0000,0,-9999,1.0000
63136,-9999.0000,-9999.0000,-9999.0000,-9999.0000,-9999.0000,-9999.0000,36.7107,-9999.0000,82.3862,-9999.0000,85.6803,-9999.0000,-9999.0000,-9999.0000,-9999.0000,0,1,1.0000
63137,-9999.0000,-9999.0000,-9999.0000,-9999.0000,-9999.0000,-9999.0000,36.7093,-9999.0000,82.4563,-9999.0000,85.6785,-9999.0000,-9999.0000,-9999.0000,-9999.0000,0,1,1.0000
63138,-9999.0000,-9999.0000,-9999.0000,-9999.0000,-9999.0000,-9999.0000,36.7060,-9999.0000,82.5244,-9999.0000,85.6793,-9999.0000,-9999.0000,-9999.0000,-9999.0000,0,1,1.0000
63139,-9999.0000,-9999.0000,-9999.0000,-9999.0000,-9999.0000,-9999.0000,36.6933,-9999.0000,82.5819,-9999.0000,85.6832,-9999.0000,-9999.0000,-9999.0000,-9999.0000,0,1,1.0000
63140,-9999.0000,-9999.0000,-9999.0000,-9999.0000,-9999.0000,-9999.0000,36.6922,-9999.0000,82.6602,-9999.0000,85.6974,-9999.0000,-9999.0000,-9999.0000,-9999.0000,0,1,1.0000
63141,-9999.0000,-9999.0000,-9999.0000,-9999.0000,-9999.0000,-9999.0000,36.6866,-9999.0000,82.7208,-9999.0000,85.7165,-9999.0000,-9999.0000,-9999.0000,-9999.0000,0,1,1.0000
63142,-9999.0000,-9999.0000,-9999.0000,-9999.0000,-9999.0000,-9999.0000,36.6716,-9999.0000,82.7721,-9999.0000,85.7322,-9999.0000,-9999.0000,-9999.0000,-9999.0000,0,1,1.0000
63143,-9999.0000,-9999.0000,-9999.0000,-9999.0000,-9999.0000,-9999.0000,36.6548,-9999.0000,82.8045,-9999.0000,85.7568,-9999.0000,-9999.0000,-9999.0000,-9999.0000,0,1,1.0000
63144,-9999.0000,-9999.0000,-9999.0000,-9999.0000,-9999.0000,-9999.0000,36.6507,-9999.0000,82.8297,-9999.0000,85.7811,-9999.0000,-9999.0000,-9999.0000,-9999.0000,0,1,1.0000
63145,-9999.0000,-9999.0000,-9999.0000,-9999.0000,-9999.0000,-9999.0000,36.6411,-9999.0000,82.8711,-9999.0000,85.8178,-9999.0000,-9999.0000,-9999.0000,-9999.0000,0,1,1.0000
63146,-9999.0000,-9999.0000,-9999.0000,-9999.0000,-9999.0000,-9999.0000,36.6291,-9999.0000,82.8966,-9999.0000,85.8407,-9999.0000,-9999.0000,-9999.0000,-9999.0000,0,1,1.0000
63147,-9999.0000,-9999.0000,-9999.0000,-9999.0000,-9999.0000,-9999.0000,36.6314,-9999.0000,82.9033,-9999.0000,85.8544,-9999.0000,-9999.0000,-9999.0000,-9999.0000,0,1,1.0000
63148,-9999.0000,-9999.0000,-9999.0000,-9999.0000,-9999.0000,-9999.0000,36.6256,-9999.0000,82.9041,-9999.0000,85.8590,-9999.0000,-9999.0000,-9999.0000,-9999.0000,0,1,1.0000
63149,-9999.0000,-9999.0000,-9999.0000,-9999.0000,-9999.0000,-9999.0000,36.6130,-9999.0000,82.9093,-9999.0000,85.8692,-9999.0000,-9999.0000,-9999.0000,-9999.0000,0,1,1.0000
63150,-9999.0000,-9999.0000,-9999.0000,-9999.0000,-9999.0000,-9999.0000,36.6097,-9999.0000,82.9086,-9999.0000,85.8713,-9999.0000,-9999.0000,-9999.0000,-9999.0000,0,1,1.0000
