Data/Raw/WAGNER,NICK/firexaq-AOP-optical_DC8_20190715_R1.ict
51, 1001
Wagner, Nicholas L.
NOAA Earth System Research Laboratory
NOAA AOP instrument
FIREX-AQ
1, 1
2019, 07, 15, 2020, 04, 27
1
Time_start, seconds_past_midnight, seconds from midnight
18
1, 1, 1, 1, 1, 1, 1, 1, 1, 1, 1, 1, 1, 1, 1, 1, 1, 1
-9999, -9999, -9999, -9999, -9999, -9999, -9999, -9999, -9999, -9999, -9999, -9999, -9999, -9999, -9999, -9999, -9999, -9999
ext_dry_664, Mm-1, AerOpt_Extinction_InSitu_RHd_red_Total_PM2.5_STP
ext_dry_532, Mm-1, AerOpt_Extinction_InSitu_RHd_green_Total_PM2.5_STP
ext_dry_405, Mm-1, AerOpt_Extinction_InSitu_RHd_blue_Total_PM2.5_STP
abs_dry_664, Mm-1, AerOpt_Absorption_InSitu_RHd_red_Total_PM2.5_STP
abs_dry_532, Mm-1, AerOpt_Absorption_InSitu_RHd_green_Total_PM2.5_STP
abs_dry_405, Mm-1, AerOpt_Absorption_InSitu_RHd_blue_Total_PM2.5_STP
AOP_RH_dry, pct, Relative_humidity_of_dry_RH_channels
ext_medRH_664, Mm-1, AerOpt_Extinction_InSitu_RH80_red_Total_PM2.5_STP
AOP_RH_med, pct, Relative_humidity_of_medium_RH_channel
ext_highRH_664, Mm-1, AerOpt_Extinction_InSitu_RH85_red_Total_PM2.5_STP
AOP_RH_high, pct, Relative_humidity_of_high_RH_channel
ext_TD_664, Mm-1, AerOpt_ExtinctionTD_InSitu_RHd_blue_Total_PM2.5_STP
ext_TD_405, Mm-1, AerOpt_ExtinctionTD_InSitu_RHd_red_Total_PM2.5_STP
abs_TD_664, Mm-1, AerOpt_Absorption_InSitu_RHd_red_Total_PM2.5_STP
abs_TD_405, Mm-1, AerOpt_Absorption_InSitu_RHd_blue_Total_PM2.5_STP
AOP_TD_bypass_flag, pct, Flag_for_TD_Bypass_valve
AOP_filter_flag, pct, Flag_for_Filter_Valve
AOP_Dilution_ratio, pct, Applied_Dilution_Ratio_for_ext_channels
1
SPECIAL COMMENTS: In-cloud data has not been removed.
18
PI_CONTACT_INFO: Address: NOAA ESRL Chemical Sciences Division, R/CSD2, 325 Broadway, Boulder, CO 80305. Email: nick.wagner@noaa.gov.
PLATFORM: NASA DC8
LOCATION: See the DC8 MetNav file, Based in Boise (BOI) and Salina, KS
ASSOCIATED_DATA: N/A
[...]
DATA_INFO: Mm-1:
UNCERTAINTY: The precision of the extinction measurements varies with aerosol loading and is +/-20% at 10 Mm-1 and +/-5% at 100 Mm-1. The accuracy of the dry measurement is +/-2% and depends on RH for the humidified measurements, +/-5% at 85% RH and +/-15% at 90% RH. For more details, see Langridge et al., Aerosol Science and Technology 45:1305-1318, 2011. Analysis of comparable measurements suggest incomplete mixing in the dilution system. Effective dilution for individual instruments can vary by +/- 30% compared to the reported flow-based dilution estimate. The absorption measurements have a high signal accuracy of 20%. The low signal precision varies with altitude and flight to flight, and is typically less than 10 Mm-1 for 1 second measurements.
ULOD_FLAG: -7777
ULOD_VALUE: N/A
LLOD_FLAG: -8888
LLOD_VALUE: N/A
DM_CONTACT_INFO: Gao Chen
PROJECT_INFO: FIREX-AQ
STIPULATIONS_ON_USE: NASA Data Policy. Contact with PI is encouraged.
OTHER_COMMENTS: N/A
REVISION: R1
R1: Absorption measurements have been corrected for pressure dependent microphone sensitivity. R0: Final Data.
Time_start, ext_dry_664, ext_dry_532, ext_dry_405, abs_dry_664, abs_dry_532, abs_dry_405, AOP_RH_dry, ext_medRH_664, AOP_RH_med, ext_highRH_664, AOP_RH_high, ext_TD_664, ext_TD_405, abs_TD_664, abs_TD_405, AOP_TD_bypass_flag, AOP_filter_flag, AOP_Dilution_ratio
[from data line 7488]
84405,0.0396,0.1635,-0.1755,-9999.0000,-0.6428,-9999.0000,13.5441,-0.3442,78.9728,0.4221,60.9430,-9999.0000,-9999.0000,-9999.0000,-9999.0000,0,0,1.0000
84406,0.0251,0.2939,-0.4008,-9999.0000,-1.1853,-9999.0000,13.5563,-0.1793,78.9707,0.2145,60.9449,-9999.0000,-9999.0000,-9999.0000,-9999.0000,0,0,1.0000
84407,0.1651,0.1713,-0.2473,-9999.0000,-1.2775,-9999.0000,13.5605,-0.4199,78.9687,0.3285,60.9581,-9999.0000,-9999.0000,-9999.0000,-9999.0000,0,0,1.0000
84408,0.2226,0.3549,-0.1267,-9999.0000,0.5839,-9999.0000,13.5542,-0.3469,78.9724,0.7657,60.9819,-9999.0000,-9999.0000,-9999.0000,-9999.0000,0,0,1.0000
84409,0.1874,0.4316,1.0207,-9999.0000,-1.0578,-9999.0000,13.5503,0.2007,78.9710,0.2004,61.0119,-9999.0000,-9999.0000,-9999.0000,-9999.0000,0,0,1.0000
84410,0.1169,0.4959,0.3465,-9999.0000,-0.8762,-9999.0000,13.5496,-0.4134,78.9766,0.2410,61.0357,-9999.0000,-9999.0000,-9999.0000,-9999.0000,0,0,1.0000
84411,0.1321,0.4351,-0.0692,-9999.0000,-0.5835,-9999.0000,13.5572,-0.4597,78.9779,0.3924,61.0441,-9999.0000,-9999.0000,-9999.0000,-9999.0000,0,0,1.0000
84412,0.1467,0.3607,-0.1634,-9999.0000,-0.7314,-9999.0000,13.5680,-0.3011,78.9833,0.4396,61.0570,-9999.0000,-9999.0000,-9999.0000,-9999.0000,0,0,1.0000
84413,0.1814,0.4604,0.5778,-9999.0000,-0.4198,-9999.0000,13.5684,-0.2462,79.0012,0.9398,61.0729,-9999.0000,-9999.0000,-9999.0000,-9999.0000,0,0,1.0000
84414,0.1207,0.3417,0.0158,-9999.0000,0.0364,-9999.0000,13.5745,-0.4621,79.0172,0.4907,61.0955,-9999.0000,-9999.0000,-9999.0000,-9999.0000,0,0,1.0000
84415,0.0914,0.2269,-0.4657,-9999.0000,-0.6889,-9999.0000,13.5679,1.0934,79.0264,0.2859,61.1075,-9999.0000,-9999.0000,-9999.0000,-9999.0000,0,0,1.0000
84416,0.0937,0.6870,-0.2834,-9999.0000,-3.1714,-9999.0000,13.5641,-0.3045,79.0499,0.3009,61.1312,-9999.0000,-9999.0000,-9999.0000,9.0861,0,0,1.0000
84417,0.0790,0.1824,-0.6264,-9999.0000,-1.3461,-9999.0000,13.5709,-0.4580,79.0734,0.2805,61.1571,-9999.0000,-9999.0000,-9999.0000,6.8212,0,0,1.0000
84418,0.1793,0.4292,-0.4281,-9999.0000,-0.0762,-9999.0000,13.5761,-0.4911,79.0935,0.2400,61.1850,-9999.0000,-9999.0000,-9999.0000,-6.5266,0,0,1.0000
84419,0.0127,0.6933,-0.0555,-9999.0000,-5.1865,-9999.0000,13.5700,-0.4431,79.0984,0.3123,61.2050,-9999.0000,-9999.0000,-9999.0000,-4.8784,0,0,1.0000
84420,-0.0147,0.5392,-0.3572,-9999.0000,0.9519,-9999.0000,13.5625,-0.2146,79.1058,0.3402,61.2229,-9999.0000,-9999.0000,-9999.0000,5.3755,0,0,1.0000
84421,0.0201,0.2245,-0.4985,-9999.0000,-2.4294,-9999.0000,13.5791,-0.5876,79.1231,0.4080,61.2486,-9999.0000,-9999.0000,-9999.0000,19.6999,0,0,1.0000
84422,0.0518,0.2024,-0.3217,-9999.0000,-0.3310,-9999.0000,13.5888,-0.5145,79.1498,0.3029,61.2747,-9999.0000,-9999.0000,-9999.0000,-4.6002,0,0,1.0000
84423,0.4713,0.6808,-0.4377,-9999.0000,0.1123,-9999.0000,13.5861,-0.4504,79.1738,0.3005,61.3067,-9999.0000,-9999.0000,-9999.0000,1.4283,0,0,1.0000
84424,0.0359,0.2957,-0.3971,-9999.0000,-2.5252,-9999.0000,13.5753,-0.5057,79.1975,0.3814,61.3368,-9999.0000,-9999.0000,-9999.0000,4.5185,0,0,1.0000
84425,-0.0176,0.1541,-0.5725,-9999.0000,-1.5564,-9999.0000,13.5745,-0.4378,79.2199,0.3801,61.3703,-9999.0000,-9999.0000,-9999.0000,-5.0321,0,0,1.0000
84426,0.1286,0.2634,-0.6252,-9999.0000,-1.5781,-9999.0000,13.5781,-0.5868,79.2555,0.6783,61.3958,-9999.0000,-0.3677,-9999.0000,20.6079,0,0,1.0000
84427,0.0368,0.3397,-0.3916,-9999.0000,-3.1363,-9999.0000,13.5814,-0.6066,79.2831,1.3835,61.4219,-9999.0000,0.0878,-9999.0000,-2.3929,0,0,1.0000
84428,0.0433,0.2384,-0.5795,-9999.0000,-3.0088,-9999.0000,13.5834,-0.3921,79.2979,0.3319,61.4360,-9999.0000,0.3674,-9999.0000,9.3927,0,0,1.0000
84429,0.0368,0.6116,-0.6864,-9999.0000,-1.4010,-9999.0000,13.5935,-0.5298,79.3090,0.3524,61.4594,-9999.0000,0.0252,-9999.0000,-1.0873,0,0,1.0000
84430,0.1821,1.8857,0.2684,-9999.0000,-3.4147,-9999.0000,13.5981,-0.3628,79.3346,0.5334,61.4898,-9999.0000,-0.1812,-9999.0000,-2.5431,0,0,1.0000
84431,0.0535,0.5047,-0.4518,-9999.0000,-0.7492,-9999.0000,13.6019,-0.5004,79.3593,0.5785,61.5150,-9999.0000,-0.7880,-9999.0000,-7.0139,0,0,1.0000
84432,0.1830,0.5329,0.3282,-9999.0000,0.1159,-9999.0000,13.6030,-0.4649,79.3772,0.3820,61.5355,-9999.0000,-0.4165,-9999.0000,-5.6455,0,0,1.0000
84433,0.5733,0.5470,0.7283,-9999.0000,1.3482,-9999.0000,13.6078,-0.3913,79.3946,0.6056,61.5449,-9999.0000,-0.1281,-9999.0000,-1.8473,0,0,1.0000
84434,0.4393,0.9087,0.0854,-9999.0000,-2.1281,-9999.0000,13.6182,-0.2326,79.4156,0.4637,61.5609,-9999.0000,-0.4308,-9999.0000,-3.6536,0,0,1.0000
84435,0.2248,2.0282,0.3734,-9999.0000,-3.1612,-9999.0000,13.6366,-0.4153,79.4454,0.5800,61.5805,-9999.0000,-0.4817,-9999.0000,-12.8802,0,0,1.0000
84436,0.2988,0.7462,0.0927,-9999.0000,-3.5254,-9999.0000,13.6364,-0.4835,79.4625,0.7141,61.5977,-9999.0000,-0.3661,-9999.0000,-4.4859,0,0,1.0000
84437,0.4957,0.2480,0.2060,-9999.0000,-2.1859,-9999.0000,13.6368,-0.1669,79.4774,0.5104,61.6047,-9999.0000,-0.0663,-9999.0000,6.6257,0,0,1.0000
84438,0.1283,1.8786,-0.1803,-9999.0000,-1.5159,-9999.0000,13.6448,-0.4937,79.4903,0.6251,61.6170,-9999.0000,-0.2787,-9999.0000,-13.9597,0,0,1.0000
84439,0.7171,0.7354,-0.1337,-9999.0000,-0.2567,-9999.0000,13.6528,-0.3807,79.4938,0.5049,61.6272,-9999.0000,-0.1950,-9999.0000,17.6590,0,0,1.0000
84440,0.1850,0.5849,-0.1718,-9999.0000,2.4183,-9999.0000,13.6519,-0.4961,79.5005,0.3863,61.6467,-9999.0000,-0.5317,-9999.0000,5.1093,0,0,1.0000
84441,0.7416,0.5854,0.4329,-9999.0000,-4.6165,-9999.0000,13.6497,-0.3953,79.5076,1.1469,61.6660,-9999.0000,-0.4164,-9999.0000,9.2519,0,0,1.0000
84442,0.3632,0.9084,-0.1390,-9999.0000,-7.2607,-9999.0000,13.6467,-0.3337,79.5218,0.6031,61.6821,-9999.0000,-0.6025,-9999.0000,-8.2649,0,0,1.0000
84443,0.1951,0.7603,0.0602,-9999.0000,-0.9083,-9999.0000,13.6499,0.0198,79.5316,0.5772,61.7070,-9999.0000,0.2824,-9999.0000,6.9414,0,0,1.0000
84444,0.2551,0.6673,0.1869,-9999.0000,-0.4600,-9999.0000,13.6539,-0.4369,79.5563,0.8309,61.7341,-9999.0000,0.1564,-9999.0000,-4.4976,0,0,1.0000
84445,0.3521,1.2400,0.4208,-9999.0000,1.1787,-9999.0000,13.6459,-0.0125,79.5757,0.6266,61.7527,-9999.0000,0.3127,-9999.0000,4.8422,0,0,1.0000
84446,0.6033,0.6559,0.9796,-9999.0000,-1.1041,-9999.0000,13.6392,-0.2725,79.5969,0.5819,61.7832,-9999.0000,3.7598,-9999.0000,-1.1153,0,0,1.0000
84447,0.8384,0.5484,0.4458,-9999.0000,0.6281,-9999.0000,13.6365,3.6760,79.6131,1.0968,61.8105,-9999.0000,0.8459,-9999.0000,-6.5571,0,0,1.0000
84448,0.7820,0.5490,0.2125,-9999.0000,-0.6451,-9999.0000,13.6391,4.9314,79.6405,1.1138,61.8491,-9999.0000,-0.2187,-9999.0000,10.2338,0,0,1.0000
84449,0.6343,0.5556,2.2490,-9999.0000,-4.3670,-9999.0000,13.6379,0.5421,79.6539,0.8091,61.8748,-9999.0000,-0.3200,-9999.0000,12.0283,0,0,1.0000
84450,0.8450,0.6091,0.4925,-9999.0000,2.7446,-9999.0000,13.6331,-0.5226,79.6729,0.6398,61.8951,-9999.0000,-0.4768,-9999.0000,12.4206,0,0,1.0000
84451,0.8421,1.1646,0.4186,-9999.0000,-0.7839,-9999.0000,13.6257,-0.4586,79.6918,0.6295,61.9094,-9999.0000,-0.5910,-9999.0000,-10.8409,0,0,1.0000
84452,0.5414,0.4465,0.2397,-9999.0000,-3.1501,-9999.0000,13.6281,-0.2639,79.7212,1.1054,61.9461,-9999.0000,-0.2612,-9999.0000,-13.3419,0,0,1.0000
84453,0.4600,1.2228,0.1630,-9999.0000,-3.8989,-9999.0000,13.6285,0.1530,79.7524,1.1060,61.9802,-9999.0000,-0.1495,-9999.0000,14.7273,0,0,1.0000
84454,0.4703,1.1124,0.0891,-9999.0000,2.0042,-9999.0000,13.6254,0.0813,79.7657,0.6163,62.0076,-9999.0000,-0.6444,-9999.0000,-1.8459,0,0,1.0000
84455,0.4280,1.0427,0.4390,-9999.0000,-2.3010,-9999.0000,13.6249,-0.1153,79.7782,0.7099,62.0237,-9999.0000,-0.2681,-9999.0000,-19.4196,0,0,1.0000
84456,0.3552,0.9961,0.6909,-9999.0000,-1.5411,-9999.0000,13.6230,-0.4719,79.7969,1.0435,62.0418,-9999.0000,-0.5905,-9999.0000,7.8608,0,0,1.0000
84457,0.3389,0.3829,0.0852,-9999.0000,-1.9030,-9999.0000,13.6237,-0.5270,79.8174,0.6101,62.0571,-9999.0000,-0.3777,-9999.0000,-8.3222,0,0,1.0000
84458,0.5259,0.4678,0.7690,-9999.0000,1.7937,-9999.0000,13.6232,-0.5260,79.8321,0.6277,62.0738,-9999.0000,-0.4550,-9999.0000,1.5708,0,0,1.0000
84459,0.3679,0.5192,0.1930,-9999.0000,0.0840,-9999.0000,13.6191,0.0280,79.8491,0.6931,62.0964,-9999.0000,-0.4688,-9999.0000,-2.5908,0,0,1.0000
84460,0.4059,1.3478,0.2169,-9999.0000,-1.3280,-9999.0000,13.6121,0.1466,79.8638,0.6835,62.1089,-9999.0000,-0.0287,-9999.0000,4.4242,0,0,1.0000
84461,0.3593,2.0393,3.6300,-9999.0000,-0.3158,-9999.0000,13.6154,-0.1701,79.8806,0.6884,62.1274,-9999.0000,-0.5512,-9999.0000,-10.9565,0,0,1.0000
84462,1.5337,0.7137,0.8590,-9999.0000,-1.8954,-9999.0000,13.6152,-0.3441,79.8841,1.0266,62.1362,-9999.0000,-0.5564,-9999.0000,8.4924,0,0,1.0000
84463,0.2530,2.5479,-0.1154,-9999.0000,-3.6493,-9999.0000,13.6167,-0.1287,79.8935,1.2535,62.1428,-9999.0000,-0.4128,-9999.0000,-0.9051,0,0,1.0000
84464,0.5422,1.4846,-0.1157,-9999.0000,1.6220,-9999.0000,13.6165,-0.4614,79.9077,0.6193,62.1609,-9999.0000,-0.8908,-9999.0000,-2.3886,0,0,1.0000
84465,0.1979,0.8935,0.2076,-9999.0000,-1.1076,-9999.0000,13.6171,-0.4923,79.9210,0.6452,62.1708,-9999.0000,-0.2222,-9999.0000,-11.9634,0,0,1.0000
84466,0.4312,1.0266,0.6871,-9999.0000,-4.2129,-9999.0000,13.6169,-0.5946,79.9310,0.6280,62.1859,-9999.0000,-0.5259,-9999.0000,25.6855,0,0,1.0000
84467,0.8089,1.7646,1.3231,-9999.0000,-0.6974,-9999.0000,13.6174,-0.6570,79.9468,2.0442,62.1964,-9999.0000,-0.6193,-9999.0000,3.4860,0,0,1.0000
84468,0.2356,1.0675,0.8659,-9999.0000,-3.1643,-9999.0000,13.6159,-0.0270,79.9656,1.3265,62.2092,-9999.0000,-0.4223,-9999.0000,-4.9856,0,0,1.0000
84469,0.3304,0.5440,0.1755,-9999.0000,-3.2452,-9999.0000,13.6169,-0.4207,79.9799,5.6862,62.2280,-9999.0000,-0.6288,-9999.0000,-1.7013,0,0,1.0000
84470,0.1824,0.5308,0.2574,-9999.0000,-4.3040,-9999.0000,13.6180,-0.4384,79.9887,1.1237,62.2429,-9999.0000,1.1272,-9999.0000,14.0102,0,0,1.0000
84471,0.4902,0.6350,0.4403,-9999.0000,-1.2116,-9999.0000,13.6189,0.0452,79.9990,0.7869,62.2538,-9999.0000,1.9673,-9999.0000,-9.7400,0,0,1.0000
84472,0.3836,0.6116,0.3779,-9999.0000,-0.9459,-9999.0000,13.6139,0.8002,79.9989,1.6016,62.2632,-9999.0000,0.7464,-9999.0000,2.1128,0,0,1.0000
84473,0.3468,0.7227,0.9619,-9999.0000,-2.3439,-9999.0000,13.6163,-0.0046,80.0099,0.7301,62.2821,-9999.0000,-0.0136,-9999.0000,-11.5343,0,0,1.0000
84474,0.3541,0.8566,0.7120,-9999.0000,-3.4529,-9999.0000,13.6144,0.6317,80.0277,0.6992,62.2962,-9999.0000,-0.2742,-9999.0000,6.7497,0,0,1.0000
84475,0.3453,1.0546,0.8759,-9999.0000,-3.2912,-9999.0000,13.6134,0.0402,80.0432,0.8970,62.3077,-9999.0000,-0.3133,-9999.0000,5.3918,0,0,1.0000
84476,0.4992,1.6563,0.7846,-9999.0000,1.8593,-9999.0000,13.6135,0.1038,80.0501,1.1647,62.3088,-9999.0000,-0.6621,-9999.0000,1.3156,0,0,1.0000
84477,0.5229,1.0330,1.8549,-9999.0000,-0.7942,-9999.0000,13.6163,0.6695,80.0628,1.1558,62.3189,-9999.0000,-0.2529,-9999.0000,13.6657,0,0,1.0000
84478,1.7059,1.5891,1.6161,-9999.0000,-2.9675,-9999.0000,13.6177,-0.1421,80.0676,1.7757,62.3284,-9999.0000,0.6375,-9999.0000,-1.2292,0,0,1.0000
84479,0.7924,2.1061,1.6803,-9999.0000,-3.0140,-9999.0000,13.6151,0.0283,80.0687,1.4923,62.3366,-9999.0000,-0.1608,-9999.0000,-0.6371,0,0,1.0000
84480,0.6294,1.8014,1.5750,-9999.0000,-3.0475,-9999.0000,13.6103,-0.1985,80.0696,1.4345,62.3452,-9999.0000,-0.2877,-9999.0000,2.4016,0,0,1.0000
84481,0.7139,1.5042,1.2104,-9999.0000,-2.1703,-9999.0000,13.5951,0.5845,80.0908,1.3852,62.3547,-9999.0000,-0.1835,-9999.0000,-13.8382,0,0,1.0000
84482,0.5573,1.2150,1.7784,-9999.0000,-2.4039,-9999.0000,13.5745,-0.0300,80.0922,1.2594,62.3647,-9999.0000,-0.3886,-9999.0000,-15.0199,0,0,1.0000
84483,1.2623,1.0239,2.2251,-9999.0000,-2.6185,-9999.0000,13.5715,-0.1688,80.0966,1.6372,62.3747,-9999.0000,-0.6126,-9999.0000,1.6682,0,0,1.0000
84484,0.7649,2.2381,2.9926,-9999.0000,0.6718,-9999.0000,13.5722,0.1512,80.1055,1.0451,62.3895,-9999.0000,-0.3634,-9999.0000,-15.4881,0,0,1.0000
84485,0.6991,1.8252,2.7554,-9999.0000,3.4744,-9999.0000,13.5760,0.9834,80.1191,0.9721,62.4013,-9999.0000,-0.1970,-9999.0000,12.8568,0,0,1.0000
84486,1.4955,1.9971,2.0331,-9999.0000,-3.1433,-9999.0000,13.5769,0.4527,80.1436,7.8192,62.4229,-9999.0000,-0.2897,-9999.0000,-11.7956,0,0,1.0000
84487,2.1024,2.5126,2.0034,-9999.0000,4.1799,-9999.0000,13.5844,0.9807,80.1580,7.8044,62.4430,-9999.0000,-0.4268,-9999.0000,-1.7537,0,0,1.0000
84488,0.7312,1.5102,2.4326,-9999.0000,0.3090,-9999.0000,13.5811,1.4769,80.1823,1.3692,62.4648,-9999.0000,-0.5240,-9999.0000,-3.6550,0,0,1.0000
84489,0.7937,2.0334,1.9416,-9999.0000,-1.1398,-9999.0000,13.5800,5.6460,80.2036,1.8216,62.4809,-9999.0000,-0.4834,-9999.0000,18.1272,0,0,1.0000
84490,1.4725,1.6533,2.9114,-9999.0000,0.8169,-9999.0000,13.5775,0.5008,80.2159,1.5670,62.4860,-9999.0000,-0.4909,-9999.0000,10.3255,0,0,1.0000
84491,1.1876,1.4236,2.6310,-9999.0000,0.3275,-9999.0000,13.5757,0.6214,80.2284,1.3506,62.4950,-9999.0000,0.7221,-9999.0000,-9.1935,0,0,1.0000
84492,0.9444,1.8489,3.4571,-9999.0000,-1.9165,-9999.0000,13.5737,0.2740,80.2362,1.8321,62.4982,-9999.0000,0.2332,-9999.0000,24.5226,0,0,1.0000
84493,0.9245,1.9494,5.7631,-9999.0000,-2.5368,-9999.0000,13.5644,1.2123,80.2505,4.5667,62.5000,-9999.0000,-0.3572,-9999.0000,1.8533,0,0,1.0000
84494,1.0321,1.5481,2.3051,-9999.0000,-0.5362,-9999.0000,13.5593,0.3237,80.2678,4.2723,62.5179,-9999.0000,-0.2679,-9999.0000,21.5762,0,0,1.0000
84495,0.9174,1.7578,2.4796,-9999.0000,-0.3627,-9999.0000,13.5465,1.0331,80.2810,4.0453,62.5293,-9999.0000,0.1425,-9999.0000,-5.0464,0,0,1.0000
84496,1.0357,1.0792,1.8282,-9999.0000,-1.2129,-9999.0000,13.5369,2.2059,80.2888,1.8123,62.5436,-9999.0000,0.0558,-9999.0000,-1.9852,0,0,1.0000
84497,1.0313,1.6731,1.9977,-9999.0000,-7.0298,-9999.0000,13.5335,1.1687,80.2986,1.6908,62.5510,-9999.0000,0.8728,-9999.0000,-9.9170,0,0,1.0000
84498,1.0324,2.1802,2.4242,-9999.0000,-6.2459,-9999.0000,13.5300,1.0746,80.3018,1.6860,62.5683,-9999.0000,1.2301,-9999.0000,1.6414,0,0,1.0000
84499,2.5965,1.5457,3.7519,-9999.0000,-2.6661,-9999.0000,13.5310,1.8097,80.3150,1.3049,62.5977,-9999.0000,1.1053,-9999.0000,6.9682,0,0,1.0000
84500,1.0291,1.5334,2.1255,-9999.0000,-4.7969,-9999.0000,13.5301,6.9256,80.3233,1.6308,62.6175,-9999.0000,0.0705,-9999.0000,-6.6446,0,0,1.0000
84501,0.5988,3.2270,3.2813,-9999.0000,2.0147,-9999.0000,13.5273,6.2134,80.3238,4.0343,62.6246,-9999.0000,0.5670,-9999.0000,-8.4239,0,0,1.0000
84502,1.6525,1.8824,2.2781,-9999.0000,-0.8721,-9999.0000,13.5259,1.7025,80.3407,1.4469,62.6359,-9999.0000,0.9620,-9999.0000,-13.1227,0,0,1.0000
84503,1.2835,2.5504,4.5635,-9999.0000,0.3445,-9999.0000,13.5101,1.7906,80.3610,1.1676,62.6521,-9999.0000,1.7634,-9999.0000,9.9424,0,0,1.0000
84504,1.2727,1.5975,2.6744,-9999.0000,-2.0680,-9999.0000,13.4976,0.6921,80.3832,1.0545,62.6752,-9999.0000,1.3279,-9999.0000,7.0524,0,0,1.0000
84505,0.8641,1.4142,2.6484,-9999.0000,-3.1068,-9999.0000,13.4855,1.1604,80.3881,1.0334,62.6893,-9999.0000,2.1417,-9999.0000,-18.2303,0,0,1.0000
84506,0.7043,1.7776,4.0435,-9999.0000,-5.7217,-9999.0000,13.4781,0.6737,80.4071,2.1645,62.7066,-9999.0000,1.5941,-9999.0000,7.7855,0,0,1.0000
84507,2.0063,1.4542,3.4107,-9999.0000,1.3119,-9999.0000,13.4854,1.0018,80.4218,18.3487,62.7254,-9999.0000,0.4901,-9999.0000,-0.3963,0,0,1.0000
84508,0.8655,2.6344,3.3088,-9999.0000,-2.5034,-9999.0000,13.4820,1.4439,80.4362,6.8209,62.7375,-9999.0000,1.0537,-9999.0000,-1.0153,0,0,1.0000
84509,0.7344,1.1850,2.4804,-9999.0000,1.8986,-9999.0000,13.4780,0.5351,80.4517,8.5738,62.7638,-9999.0000,1.1717,-9999.0000,0.1361,0,0,1.0000
84510,0.6598,1.3020,2.1759,-9999.0000,1.0230,-9999.0000,13.4698,0.6970,80.4669,3.5810,62.7869,-9999.0000,1.0220,-9999.0000,-6.7245,0,0,1.0000
84511,0.9739,1.7239,2.8800,-9999.0000,2.3605,-9999.0000,13.4657,0.3611,80.4866,1.1136,62.8131,-9999.0000,1.4318,-9999.0000,0.4131,0,0,1.0000
84512,0.8691,2.0415,3.0760,-9999.0000,-3.7467,-9999.0000,13.4548,0.3577,80.5158,1.1234,62.8397,-9999.0000,0.3093,-9999.0000,-14.7554,0,0,1.0000
84513,1.3002,2.1106,3.3495,-9999.0000,-1.9374,-9999.0000,13.4498,3.0039,80.5351,0.8801,62.8549,-9999.0000,0.5901,-9999.0000,11.1980,0,0,1.0000
84514,1.3190,1.8621,2.5761,-9999.0000,-3.9516,-9999.0000,13.4514,0.8126,80.5483,1.1015,62.8609,-9999.0000,1.0405,-9999.0000,6.0531,0,0,1.0000
