Data/Raw/WAGNER,NICK/firexaq-AOP-optical_DC8_20190729_R1.ict
51, 1001
Wagner, Nicholas L.
NOAA Earth System Research Laboratory
NOAA AOP instrument
FIREX-AQ
1, 1
2019, 07, 29, 2020, 04, 27
1
Time_start, seconds_past_midnight, seconds from midnight
18
1, 1, 1, 1, 1, 1, 1, 1, 1, 1, 1, 1, 1, 1, 1, 1, 1, 1
-9999, -9999, -9999, -9999, -9999, -9999, -9999, -9999, -9999, -9999, -9999, -9999, -9999, -9999, -9999, -9999, -9999, -9999
ext_dry_664, Mm-1, AerOpt_Extinction_InSitu_RHd_red_Total_PM2.5_STP
ext_dry_532, Mm-1, AerOpt_Extinction_InSitu_RHd_green_Total_PM2.5_STP
ext_dry_405, Mm-1, AerOpt_Extinction_InSitu_RHd_blue_Total_PM2.5_STP
abs_dry_664, Mm-1, AerOpt_Absorption_InSitu_RHd_red_Total_PM2.5_STP
abs_dry_532, Mm-1, AerOpt_Absorption_InSitu_RHd_green_Total_PM2.5_STP
abs_dry_405, Mm-1, AerOpt_Absorption_InSitu_RHd_blue_Total_PM2.5_STP
AOP_RH_dry, pct, Relative_humidity_of_dry_RH_channels
ext_medRH_664, Mm-1, AerOpt_Extinction_InSitu_RH80_red_Total_PM2.5_STP
AOP_RH_med, pct, Relative_humidity_of_medium_RH_channel
ext_highRH_664, Mm-1, AerOpt_Extinction_InSitu_RH85_red_Total_PM2.5_STP
AOP_RH_high, pct, Relative_humidity_of_high_RH_channel
ext_TD_664, Mm-1, AerOpt_ExtinctionTD_InSitu_RHd_blue_Total_PM2.5_STP
ext_TD_405, Mm-1, AerOpt_ExtinctionTD_InSitu_RHd_red_Total_PM2.5_STP
abs_TD_664, Mm-1, AerOpt_Absorption_InSitu_RHd_red_Total_PM2.5_STP
abs_TD_405, Mm-1, AerOpt_Absorption_InSitu_RHd_blue_Total_PM2.5_STP
AOP_TD_bypass_flag, pct, Flag_for_TD_Bypass_valve
AOP_filter_flag, pct, Flag_for_Filter_Valve
AOP_Dilution_ratio, pct, Applied_Dilution_Ratio_for_ext_channels
1
N/A
18
PI_CONTACT_INFO: Address: NOAA ESRL Chemical Sciences Division, R/CSD2, 325 Broadway, Boulder, CO 80305. Email: nick.wagner@noaa.gov.
PLATFORM: NASA DC8
LOCATION: See the DC8 MetNav file, Based in Boise (BOI) and Salina, KS
ASSOCIATED_DATA: N/A
[...]
DATA_INFO: Mm-1:
UNCERTAINTY: The precision of the extinction measurements varies with aerosol loading and is +/-20% at 10 Mm-1 and +/-5% at 100 Mm-1. The accuracy of the dry measurement is +/-2% and depends on RH for the humidified measurements, +/-5% at 85% RH and +/-15% at 90% RH. For more details, see Langridge et al., Aerosol Science and Technology 45:1305-1318, 2011. Analysis of comparable measurements suggest incomplete mixing in the dilution system. Effective dilution for individual instruments can vary by +/- 30% compared to the reported flow-based dilution estimate. The absorption measurements have a high signal accuracy of 20%. The low signal precision varies with altitude and flight to flight, and is typically less than 10 Mm-1 for 1 second measurements.
ULOD_FLAG: -7777
ULOD_VALUE: N/A
LLOD_FLAG: -8888
LLOD_VALUE: N/A
DM_CONTACT_INFO: Gao Chen
PROJECT_INFO: FIREX-AQ
STIPULATIONS_ON_USE: NASA Data Policy. Contact with PI is encouraged.
OTHER_COMMENTS: N/A
REVISION: R1
R1: Absorption measurements have been corrected for pressure dependent microphone sensitivity. In-cloud data has been removed. R0: Final Data.
Time_start, ext_dry_664, ext_dry_532, ext_dry_405, abs_dry_664, abs_dry_532, abs_dry_405, AOP_RH_dry, ext_medRH_664, AOP_RH_med, ext_highRH_664, AOP_RH_high, ext_TD_664, ext_TD_405, abs_TD_664, abs_TD_405, AOP_TD_bypass_flag, AOP_filter_flag, AOP_Dilution_ratio
[from data line 23755]
103142,-9999.0000,-9999.0000,-9999.0000,-9999.0000,-9999.0000,-9999.0000,10.9972,-9999.0000,82.9580,-9999.0000,86.3262,-9999.0000,-9999.0000,-9999.0000,-9999.0000,0,1,1.0000
103143,-9999.0000,-9999.0000,-9999.0000,-9999.0000,-9999.0000,-9999.0000,10.9959,-9999.0000,83.0594,-9999.0000,86.3840,-9999.0000,-9999.0000,-9999.0000,-9999.0000,0,1,1.0000
103144,-9999.0000,-9999.0000,-9999.0000,-9999.0000,-9999.0000,-9999.0000,11.0000,-9999.0000,83.1737,-9999.0000,86.4335,-9999.0000,-9999.0000,-9999.0000,-9999.0000,0,1,1.0000
103145,-9999.0000,-9999.0000,-9999.0000,-9999.0000,-9999.0000,-9999.0000,11.0064,-9999.0000,83.2616,-9999.0000,86.4905,-9999.0000,-9999.0000,-9999.0000,-9999.0000,0,1,1.0000
103146,-9999.0000,-9999.0000,-9999.0000,-9999.0000,-9999.0000,-9999.0000,11.0029,-9999.0000,83.3842,-9999.0000,86.5323,-9999.0000,-9999.0000,-9999.0000,-9999.0000,0,1,1.0000
103147,-9999.0000,-9999.0000,-9999.0000,-9999.0000,-9999.0000,-9999.0000,10.9981,-9999.0000,83.5202,-9999.0000,86.5871,-9999.0000,-9999.0000,-9999.0000,3.1898,0,1,1.0000
103148,-9999.0000,-9999.0000,-9999.0000,-9999.0000,-9999.0000,-9999.0000,10.9996,-9999.0000,83.6510,-9999.0000,86.6419,-9999.0000,-9999.0000,-9999.0000,5.0858,0,1,1.0000
103149,-9999.0000,-9999.0000,-9999.0000,-9999.0000,-9999.0000,-9999.0000,10.9933,-9999.0000,83.7589,-9999.0000,86.6955,-9999.0000,-9999.0000,-9999.0000,-1.3697,0,0,1.0000
103150,-9999.0000,-9999.0000,-9999.0000,-9999.0000,-9999.0000,-9999.0000,10.9817,-9999.0000,83.8613,-9999.0000,86.7477,-9999.0000,-9999.0000,-9999.0000,3.1151,0,0,1.0000
103151,-9999.0000,-9999.0000,-9999.0000,-9999.0000,-9999.0000,-9999.0000,10.9822,-9999.0000,83.9828,-9999.0000,86.8194,-9999.0000,-9999.0000,-9999.0000,8.0990,0,0,1.0000
103152,-9999.0000,-9999.0000,-9999.0000,-9999.0000,-9999.0000,-9999.0000,10.9811,-9999.0000,84.1012,-9999.0000,86.8818,-9999.0000,-9999.0000,-9999.0000,4.4088,0,0,1.0000
103153,-9999.0000,-9999.0000,-9999.0000,-9999.0000,-9999.0000,-9999.0000,10.9806,-9999.0000,84.2044,-9999.0000,86.9322,-9999.0000,-9999.0000,-9999.0000,3.8843,0,0,1.0000
103154,1.1673,-0.1280,2.3766,-9999.0000,-9999.0000,-9999.0000,10.9776,2.2801,84.3058,-9999.0000,86.9815,-9999.0000,-9999.0000,-9999.0000,1.2314,0,0,1.0000
103155,2.0068,-0.3757,2.1449,-9999.0000,-9999.0000,-9999.0000,10.9769,2.5753,84.4010,-9999.0000,87.0423,-9999.0000,-9999.0000,-9999.0000,0.0249,0,0,1.0000
103156,1.2042,-0.4043,0.0856,-9999.0000,-9999.0000,-0.4841,10.9761,2.8137,84.4997,-9999.0000,87.1087,-9999.0000,-9999.0000,-9999.0000,3.1963,0,0,1.0000
103157,-0.0699,1.7623,1.2601,-9999.0000,-9999.0000,0.5480,10.9799,2.3962,84.5919,-9999.0000,87.1795,-9999.0000,-9999.0000,-9999.0000,-8.7572,0,0,1.0000
103158,0.9931,0.0087,3.1450,-9999.0000,-9999.0000,-1.3173,10.9818,4.8540,84.6788,-9999.0000,87.2379,-9999.0000,-9999.0000,-9999.0000,-2.3668,0,0,1.0000
103159,1.1024,0.0308,0.6676,-9999.0000,-9999.0000,-0.4792,10.9754,3.4888,84.7737,-9999.0000,87.2944,-9999.0000,-9999.0000,-9999.0000,6.2054,0,0,1.0000
103160,1.6885,0.9023,2.1180,-9999.0000,-9999.0000,-0.1404,10.9748,4.3231,84.8482,-9999.0000,87.3432,-9999.0000,-9999.0000,-9999.0000,-11.9112,0,0,1.0000
103161,2.4907,2.2749,2.0400,-9999.0000,-9999.0000,-1.0605,10.9803,5.9060,84.9361,-9999.0000,87.3896,-9999.0000,-9999.0000,-9999.0000,0.4095,0,0,1.0000
103162,2.1662,2.0114,4.6701,-9999.0000,-9999.0000,-1.2304,10.9826,7.5101,85.0180,-9999.0000,87.4422,-9999.0000,-9999.0000,-9999.0000,3.1529,0,0,1.0000
103163,2.6710,2.9517,4.2928,-9999.0000,-9999.0000,-0.6838,10.9781,7.9747,85.0831,-9999.0000,87.4847,-9999.0000,-9999.0000,-9999.0000,-4.6985,0,0,1.0000
103164,2.3924,4.3003,4.3428,-9999.0000,-9999.0000,0.6612,10.9883,8.1629,85.1508,-9999.0000,87.5280,-9999.0000,-9999.0000,-9999.0000,-9.6306,0,0,1.0000
103165,1.8426,3.0396,6.3680,-9999.0000,-9999.0000,-0.2957,11.0232,8.9534,85.2360,-9999.0000,87.5821,-9999.0000,-9999.0000,-9999.0000,-2.5740,0,0,1.0000
103166,2.2194,3.7367,4.9205,-9999.0000,-9999.0000,-1.7438,11.0257,3.8247,85.3044,-9999.0000,87.6123,-9999.0000,-9999.0000,-9999.0000,-1.4401,0,0,1.0000
103167,1.3806,2.3628,5.6696,-9999.0000,-9999.0000,0.3911,11.0246,5.4888,85.3480,-9999.0000,87.6350,-9999.0000,-9999.0000,-9999.0000,0.7193,0,0,1.0000
103168,2.2327,1.7537,3.2822,-9999.0000,-9999.0000,-0.3206,11.0242,4.6177,85.3917,-9999.0000,87.6759,-9999.0000,-9999.0000,-9999.0000,-0.9608,0,0,1.0000
103169,1.8469,2.1243,3.2826,-9999.0000,-9999.0000,-0.1727,11.0265,7.2604,85.4344,-9999.0000,87.7231,-9999.0000,-9999.0000,-9999.0000,-17.3961,0,0,1.0000
103170,2.1197,1.4563,2.3193,-9999.0000,-9999.0000,0.4475,11.0287,4.4157,85.4725,-9999.0000,87.7472,-9999.0000,-9999.0000,-9999.0000,-1.4274,0,0,1.0000
103171,1.3357,1.1810,3.0826,-9999.0000,-9999.0000,1.0612,11.0254,3.7781,85.5035,-9999.0000,87.7701,-9999.0000,-9999.0000,-9999.0000,6.3879,0,0,1.0000
103172,2.0867,1.0464,3.4823,-9999.0000,-9999.0000,-0.5134,11.0241,3.7214,85.5228,-9999.0000,87.8018,-9999.0000,-9999.0000,-9999.0000,-6.1792,0,0,1.0000
103173,2.5045,2.4676,3.1054,-9999.0000,-9999.0000,0.9350,11.0226,5.0723,85.5291,-9999.0000,87.8480,-9999.0000,-9999.0000,-9999.0000,8.5093,0,0,1.0000
103174,3.3568,3.9220,2.8723,-9999.0000,-9999.0000,0.3548,11.0166,6.6330,85.5288,-9999.0000,87.8766,-9999.0000,-9999.0000,-9999.0000,4.5750,0,0,1.0000
103175,2.6786,2.2234,3.2426,-9999.0000,-9999.0000,0.3375,11.0154,6.7070,85.5277,-9999.0000,87.9078,-9999.0000,-9999.0000,-9999.0000,0.4428,0,0,1.0000
103176,2.7994,2.3358,3.3632,-9999.0000,-9999.0000,-0.1831,11.0144,9.5285,85.5161,-9999.0000,87.9343,-9999.0000,-9999.0000,-9999.0000,-4.8413,0,0,1.0000
103177,3.5505,2.5207,5.2084,-9999.0000,-9999.0000,0.4159,11.0150,6.7831,85.4853,-9999.0000,87.9614,-9999.0000,-9999.0000,-9999.0000,-1.6987,0,0,1.0000
103178,1.6763,3.3991,5.4252,-9999.0000,-9999.0000,-0.4685,11.0201,18.0337,85.4035,-9999.0000,87.9819,-9999.0000,-9999.0000,-9999.0000,10.5879,0,0,1.0000
103179,5.7825,4.9497,6.7150,-9999.0000,-9999.0000,0.1798,11.0240,11.2324,85.3208,-9999.0000,88.0048,-9999.0000,-9999.0000,-9999.0000,-0.6612,0,0,1.0000
103180,4.5575,4.2925,6.6921,-9999.0000,-9999.0000,1.4000,11.0285,8.4468,85.2122,-9999.0000,88.0293,-9999.0000,-9999.0000,-9999.0000,-1.3008,0,0,1.0000
103181,6.8734,5.8025,5.9134,-9999.0000,-9999.0000,0.3548,11.0306,7.7266,85.0952,-9999.0000,88.0585,-9999.0000,-9999.0000,-9999.0000,5.8015,0,0,1.0000
103182,2.6864,5.2301,7.6723,-9999.0000,-9999.0000,0.2986,11.0319,8.1007,84.9515,-9999.0000,88.0740,-9999.0000,-9999.0000,-9999.0000,-0.6854,0,0,1.0000
103183,3.5598,3.3546,4.6579,-9999.0000,-9999.0000,0.2425,11.0326,7.4285,84.8198,-9999.0000,88.0927,-9999.0000,-9999.0000,-9999.0000,-4.7797,0,0,1.0000
103184,9.5333,3.9016,3.8736,-9999.0000,-9999.0000,0.1563,11.0295,7.0018,84.6788,-9999.0000,88.1209,-9999.0000,-9999.0000,-9999.0000,-11.4601,0,0,1.0000
103185,3.3313,2.3599,3.2919,-9999.0000,-9999.0000,1.1654,11.0298,8.7684,84.5423,-9999.0000,88.1566,-9999.0000,-9999.0000,-9999.0000,-3.7647,0,0,1.0000
103186,3.3781,2.2629,3.4099,-9999.0000,-9999.0000,0.9957,11.0313,7.3308,84.4105,-9999.0000,88.1802,-9999.0000,-9999.0000,-9999.0000,-10.2078,0,0,1.0000
103187,2.5624,2.6194,3.6350,-9999.0000,-9999.0000,-0.7755,11.0343,11.2073,84.2849,-9999.0000,88.2045,-9999.0000,-1.3298,-9999.0000,2.8402,0,0,1.0000
103188,7.2529,2.9448,4.4461,-9999.0000,-9999.0000,0.2915,11.0358,8.9907,84.1516,-9999.0000,88.2288,-9999.0000,-1.2867,-9999.0000,-10.9043,0,0,1.0000
103189,3.7132,3.2875,4.0668,-9999.0000,-9999.0000,-0.3420,11.0478,10.1538,84.0272,-9999.0000,88.2504,-9999.0000,-1.4157,-9999.0000,5.1165,0,0,1.0000
103190,2.8086,2.7028,2.3646,-9999.0000,-9999.0000,-0.9958,11.0502,16.7503,83.9137,-9999.0000,88.2714,-9999.0000,-1.4160,-9999.0000,-0.4820,0,0,1.0000
103191,2.3337,2.6486,3.4382,-9999.0000,-9999.0000,0.7386,11.0528,11.1555,83.8172,-9999.0000,88.2876,-9999.0000,-1.3299,-9999.0000,3.4396,0,0,1.0000
103192,1.9722,2.3667,3.3054,-9999.0000,-9999.0000,0.2177,11.0561,6.9983,83.7404,-9999.0000,88.3173,-9999.0000,-1.5566,-9999.0000,0.8191,0,0,1.0000
103193,3.0078,2.6958,3.0425,-9999.0000,-9999.0000,-0.2360,11.0593,8.6651,83.6671,-9999.0000,88.3332,-9999.0000,-1.0133,-9999.0000,6.2428,0,0,1.0000
103194,1.4501,2.6922,2.2116,-9999.0000,-9999.0000,0.2742,11.0599,6.7775,83.5931,-9999.0000,88.3568,-9999.0000,-1.3449,-9999.0000,8.7525,0,0,1.0000
103195,2.0598,2.0607,2.9765,-9999.0000,-9999.0000,-0.4212,11.0596,8.0004,83.5313,-9999.0000,88.3756,-9999.0000,-1.1483,-9999.0000,5.2668,0,0,1.0000
103196,2.5420,0.8806,5.8434,-9999.0000,-9999.0000,-0.5855,11.0633,11.5039,83.4662,-9999.0000,88.4011,-9999.0000,-1.0312,-9999.0000,-0.0579,0,0,1.0000
103197,2.3394,0.7458,4.8297,-9999.0000,-9999.0000,0.5405,11.0739,5.3773,83.4106,-9999.0000,88.4296,-9999.0000,-1.6542,-9999.0000,7.7911,0,0,1.0000
103198,2.5756,0.2288,1.8343,-9999.0000,-9999.0000,1.1756,11.0815,10.6274,83.3714,-9999.0000,88.4653,-9999.0000,-1.3491,-9999.0000,6.2330,0,0,1.0000
103199,2.5149,1.1243,1.2851,-9999.0000,-9999.0000,0.0036,11.0803,5.7718,83.3360,-9999.0000,88.4912,-9999.0000,-1.5231,-9999.0000,7.0515,0,0,1.0000
103200,3.0204,0.7346,3.6821,-9999.0000,-9999.0000,-0.6857,11.0827,9.6389,83.3120,-9999.0000,88.4988,-9999.0000,-1.1973,-9999.0000,-4.5194,0,0,1.0000
103201,1.8283,0.5161,2.7404,-9999.0000,-9999.0000,-1.3694,11.0954,17.6033,83.2967,-9999.0000,88.5087,-9999.0000,-1.5743,-9999.0000,-1.3366,0,0,1.0000
103202,1.7297,-0.0505,0.6605,-9999.0000,-9999.0000,0.6728,11.0966,4.8120,83.2918,-9999.0000,88.5225,-9999.0000,1.6692,-9999.0000,0.1899,0,0,1.0000
103203,1.6705,0.4562,-0.1079,-9999.0000,-9999.0000,0.5567,11.1002,3.6409,83.2883,-9999.0000,88.5368,-9999.0000,-1.1315,-9999.0000,2.8151,0,0,1.0000
103204,1.8973,-0.1281,1.1500,-9999.0000,-9999.0000,-0.9006,11.1023,3.9688,83.2883,-9999.0000,88.5580,-9999.0000,-1.8199,-9999.0000,-1.1189,0,0,1.0000
103205,1.2483,-0.0037,0.0681,-9999.0000,-9999.0000,-1.1139,11.0956,6.9470,83.2850,-9999.0000,88.5719,-9999.0000,-1.3289,-9999.0000,0.5161,0,0,1.0000
103206,1.7942,-0.1175,-0.3640,-9999.0000,-9999.0000,-0.9394,11.0877,7.1213,83.2898,-9999.0000,88.5897,-9999.0000,-1.5656,-9999.0000,-1.6193,0,0,1.0000
103207,1.5791,-0.3418,-0.2317,-9999.0000,-9999.0000,-0.2565,11.0869,3.5050,83.3105,-9999.0000,88.5993,-9999.0000,-1.3958,-9999.0000,-3.6258,0,0,1.0000
103208,2.0194,0.1357,-0.1511,-9999.0000,-9999.0000,-0.8523,11.0867,7.9462,83.3587,-9999.0000,88.6207,-9999.0000,-1.3241,-9999.0000,-8.5931,0,0,1.0000
103209,1.6282,0.1609,0.1407,-9999.0000,-9999.0000,0.5225,11.0875,4.5507,83.4087,-9999.0000,88.6506,-9999.0000,-1.3405,-9999.0000,-3.9014,0,0,1.0000
103210,2.0232,-0.1597,-0.1353,-9999.0000,-9999.0000,-1.0892,11.0892,5.5903,83.4557,-9999.0000,88.6675,-9999.0000,-1.2538,-9999.0000,4.7697,0,0,1.0000
103211,2.6010,-0.2351,0.7212,-9999.0000,-9999.0000,-0.0614,11.0953,3.6297,83.4942,-9999.0000,88.6795,-9999.0000,-1.1255,-9999.0000,5.2998,0,0,1.0000
103212,1.8665,-0.2569,0.9288,-9999.0000,-9999.0000,0.2556,11.0981,4.5833,83.5428,-9999.0000,88.6976,-9999.0000,-1.2841,-9999.0000,11.1740,0,0,1.0000
103213,2.0127,1.2523,0.4140,-9999.0000,-9999.0000,-0.4420,11.0972,8.2365,83.5989,-9999.0000,88.7149,-9999.0000,-1.7020,-9999.0000,0.1066,0,0,1.0000
103214,1.9696,0.4324,0.9760,-9999.0000,-9999.0000,-0.1247,11.1018,4.1563,83.6452,-9999.0000,88.7300,-9999.0000,-1.5281,-9999.0000,-0.6663,0,0,1.0000
103215,1.7042,0.2890,1.1265,-9999.0000,-9999.0000,-0.9781,11.1037,5.2228,83.7005,-9999.0000,88.7378,-9999.0000,-1.1837,-9999.0000,2.0770,0,0,1.0000
103216,1.8705,5.6476,-0.3419,-9999.0000,-9999.0000,0.7125,11.1141,7.2418,83.7669,-9999.0000,88.7472,-9999.0000,-0.8140,-9999.0000,-1.1135,0,0,1.0000
103217,2.1886,0.8190,0.3934,-9999.0000,-9999.0000,1.0904,11.1166,6.7487,83.8521,-9999.0000,88.7626,-9999.0000,-1.2019,-9999.0000,-7.6985,0,0,1.0000
103218,2.0300,0.4516,2.6951,-9999.0000,-9999.0000,-0.2394,11.1153,5.3245,83.9148,-9999.0000,88.7690,-9999.0000,-1.2632,-9999.0000,8.8141,0,0,1.0000
103219,2.2799,0.0487,-0.0912,-9999.0000,-9999.0000,0.4013,11.1279,7.5417,83.9736,-9999.0000,88.7820,-9999.0000,-1.2860,-9999.0000,3.8681,0,0,1.0000
103220,1.9108,0.5136,0.5406,-9999.0000,-9999.0000,-0.3381,11.1512,4.8229,84.0601,-9999.0000,88.7879,-9999.0000,-0.4654,-9999.0000,-2.0549,0,0,1.0000
103221,1.8929,0.2809,-0.1344,-9999.0000,-9999.0000,1.1017,11.1597,6.6390,84.1346,-9999.0000,88.8050,-9999.0000,-0.5381,-9999.0000,-3.3590,0,0,1.0000
103222,2.0836,0.4658,1.2667,-9999.0000,-9999.0000,-1.0076,11.1602,6.3338,84.2006,-9999.0000,88.8151,-9999.0000,-0.8122,-9999.0000,1.4473,0,0,1.0000
103223,2.0810,0.2568,0.9425,-9999.0000,-9999.0000,-0.9590,11.1597,8.7244,84.2576,-9999.0000,88.8271,-9999.0000,-0.3306,-9999.0000,0.4035,0,0,1.0000
103224,2.0309,0.4244,0.6142,-9999.0000,-9999.0000,0.8422,11.1637,4.7141,84.3065,-9999.0000,88.8371,-9999.0000,0.3220,-9999.0000,1.3403,0,0,1.0000
103225,2.4240,0.7118,0.1803,-9999.0000,-9999.0000,0.0376,11.1601,4.4310,84.3615,-9999.0000,88.8446,-9999.0000,-0.8104,-9999.0000,-6.3753,0,0,1.0000
103226,-0.6478,0.2555,1.3029,-9999.0000,-9999.0000,-0.0932,11.1559,5.2974,84.4093,-9999.0000,88.8571,-9999.0000,-0.6343,-9999.0000,-4.0248,0,0,1.0000
103227,2.2268,0.9862,0.3474,-9999.0000,-9999.0000,1.1721,11.1595,4.0721,84.4645,-9999.0000,88.8827,-9999.0000,-1.2048,-9999.0000,-0.5615,0,0,1.0000
103228,2.0780,2.2436,0.8147,-9999.0000,-9999.0000,0.1593,11.1780,3.4092,84.5228,-9999.0000,88.8960,-9999.0000,-0.8317,-9999.0000,6.0742,0,0,1.0000
103229,2.3935,0.4410,0.9059,-9999.0000,-9999.0000,-0.0098,11.1806,3.5727,84.5710,-9999.0000,88.9067,-9999.0000,-1.4463,-9999.0000,9.3481,0,0,1.0000
103230,4.0889,1.5805,0.2430,-9999.0000,-9999.0000,0.5121,11.1885,4.6064,84.6198,-9999.0000,88.9132,-9999.0000,0.5940,-9999.0000,3.0634,0,0,1.0000
103231,2.2135,0.3232,-0.1739,-9999.0000,-9999.0000,-0.2747,11.1930,11.1585,84.6628,-9999.0000,88.9177,-9999.0000,-0.1335,-9999.0000,6.1118,0,0,1.0000
103232,2.2293,0.1593,-0.4299,-9999.0000,-9999.0000,-0.1503,11.1919,4.6458,84.7044,-9999.0000,88.9213,-9999.0000,-1.4523,-9999.0000,-5.9403,0,0,1.0000
103233,2.4929,0.4717,0.0032,-9999.0000,-9999.0000,-0.8925,11.1892,3.5932,84.7370,-9999.0000,88.9302,-9999.0000,-1.1682,-9999.0000,16.7258,0,0,1.0000
103234,2.3796,0.2332,0.1315,-9999.0000,-9999.0000,-0.6748,11.1917,4.0384,84.7649,-9999.0000,88.9319,-9999.0000,-1.2616,-9999.0000,-2.1452,0,0,1.0000
103235,2.2578,0.4189,-0.4358,-9999.0000,-9999.0000,1.0110,11.1934,5.6890,84.7801,-9999.0000,88.9441,-9999.0000,-1.4383,-9999.0000,0.9924,0,0,1.0000
103236,2.7583,2.1498,-0.5990,-9999.0000,-9999.0000,-1.0649,11.1958,4.3264,84.7931,-9999.0000,88.9512,-9999.0000,-0.8452,-9999.0000,2.6444,0,0,1.0000
103237,3.6661,0.1594,-0.2415,-9999.0000,-9999.0000,-0.0629,11.1928,3.5154,84.7952,-9999.0000,88.9585,-9999.0000,-1.0319,-9999.0000,2.3698,0,0,1.0000
103238,2.4090,0.0438,-0.5502,-9999.0000,-9999.0000,-0.8810,11.1941,3.5816,84.8035,-9999.0000,88.9630,-9999.0000,-1.1049,-9999.0000,4.7175,0,0,1.0000
103239,2.1175,-0.0495,-0.5234,-9999.0000,-9999.0000,0.4729,11.1997,4.1434,84.7995,-9999.0000,88.9658,-9999.0000,-1.3679,-9999.0000,2.7978,0,0,1.0000
103240,1.9368,0.1331,-0.7171,-9999.0000,-9999.0000,1.1123,11.2043,3.3754,84.7897,-9999.0000,88.9756,-9999.0000,-1.7902,-9999.0000,-8.7271,0,0,1.0000
103241,2.0568,-0.3407,-0.1296,-9999.0000,-9999.0000,0.5347,11.2035,3.4709,84.7822,-9999.0000,88.9906,-9999.0000,-1.4134,-9999.0000,5.3482,0,0,1.0000
103242,2.3890,1.9601,-0.7044,-9999.0000,-9999.0000,-1.0071,11.2056,3.4554,84.7367,-9999.0000,88.9954,-9999.0000,-1.1997,-9999.0000,1.4559,0,0,1.0000
103243,2.1235,-0.0068,-0.4949,-9999.0000,-9999.0000,-0.3098,11.2056,4.9331,84.6490,-9999.0000,88.9932,-9999.0000,-1.3055,-9999.0000,-11.7939,0,0,1.0000
103244,2.5027,-0.0069,0.0719,-9999.0000,-9999.0000,-1.4672,11.2052,5.8030,84.5524,-9999.0000,88.9997,-9999.0000,-1.2238,-9999.0000,3.9445,0,0,1.0000
103245,2.3914,0.2982,-0.3521,-9999.0000,-9999.0000,1.0334,11.2069,5.3174,84.4625,-9999.0000,89.0215,-9999.0000,-1.5499,-9999.0000,-4.4835,0,0,1.0000
