Data/Raw/WAGNER,NICK/firexaq-AOP-optical_DC8_20190729_R1.ict
51, 1001
Wagner, Nicholas L.
NOAA Earth System Research Laboratory
NOAA AOP instrument
FIREX-AQ
1, 1
2019, 07, 29, 2020, 04, 27
1
Time_start, seconds_past_midnight, seconds from midnight
18
1, 1, 1, 1, 1, 1, 1, 1, 1, 1, 1, 1, 1, 1, 1, 1, 1, 1
-9999, -9999, -9999, -9999, -9999, -9999, -9999, -9999, -9999, -9999, -9999, -9999, -9999, -9999, -9999, -9999, -9999, -9999
ext_dry_664, Mm-1, AerOpt_Extinction_InSitu_RHd_red_Total_PM2.5_STP
ext_dry_532, Mm-1, AerOpt_Extinction_InSitu_RHd_green_Total_PM2.5_STP
ext_dry_405, Mm-1, AerOpt_Extinction_InSitu_RHd_blue_Total_PM2.5_STP
abs_dry_664, Mm-1, AerOpt_Absorption_InSitu_RHd_red_Total_PM2.5_STP
abs_dry_532, Mm-1, AerOpt_Absorption_InSitu_RHd_green_Total_PM2.5_STP
abs_dry_405, Mm-1, AerOpt_Absorption_InSitu_RHd_blue_Total_PM2.5_STP
AOP_RH_dry, pct, Relative_humidity_of_dry_RH_channels
ext_medRH_664, Mm-1, AerOpt_Extinction_InSitu_RH80_red_Total_PM2.5_STP
AOP_RH_med, pct, Relative_humidity_of_medium_RH_channel
ext_highRH_664, Mm-1, AerOpt_Extinction_InSitu_RH85_red_Total_PM2.5_STP
AOP_RH_high, pct, Relative_humidity_of_high_RH_channel
ext_TD_664, Mm-1, AerOpt_ExtinctionTD_InSitu_RHd_blue_Total_PM2.5_STP
ext_TD_405, Mm-1, AerOpt_ExtinctionTD_InSitu_RHd_red_Total_PM2.5_STP
abs_TD_664, Mm-1, AerOpt_Absorption_InSitu_RHd_red_Total_PM2.5_STP
abs_TD_405, Mm-1, AerOpt_Absorption_InSitu_RHd_blue_Total_PM2.5_STP
AOP_TD_bypass_flag, pct, Flag_for_TD_Bypass_valve
AOP_filter_flag, pct, Flag_for_Filter_Valve
AOP_Dilution_ratio, pct, Applied_Dilution_Ratio_for_ext_channels
1
N/A
18
PI_CONTACT_INFO: Address: NOAA ESRL Chemical Sciences Division, R/CSD2, 325 Broadway, Boulder, CO 80305. Email: nick.wagner@noaa.gov.
PLATFORM: NASA DC8
LOCATION: See the DC8 MetNav file, Based in Boise (BOI) and Salina, KS
ASSOCIATED_DATA: N/A
[...]
DATA_INFO: Mm-1:
UNCERTAINTY: The precision of the extinction measurements varies with aerosol loading and is +/-20% at 10 Mm-1 and +/-5% at 100 Mm-1. The accuracy of the dry measurement is +/-2% and depends on RH for the humidified measurements, +/-5% at 85% RH and +/-15% at 90% RH. For more details, see Langridge et al., Aerosol Science and Technology 45:1305-1318, 2011. Analysis of comparable measurements suggest incomplete mixing in the dilution system. Effective dilution for individual instruments can vary by +/- 30% compared to the reported flow-based dilution estimate. The absorption measurements have a high signal accuracy of 20%. The low signal precision varies with altitude and flight to flight, and is typically less than 10 Mm-1 for 1 second measurements.
ULOD_FLAG: -7777
ULOD_VALUE: N/A
LLOD_FLAG: -8888
LLOD_VALUE: N/A
DM_CONTACT_INFO: Gao Chen
PROJECT_INFO: FIREX-AQ
STIPULATIONS_ON_USE: NASA Data Policy. Contact with PI is encouraged.
OTHER_COMMENTS: N/A
REVISION: R1
R1: Absorption measurements have been corrected for pressure dependent microphone sensitivity. In-cloud data has been removed. R0: Final Data.
Time_start, ext_dry_664, ext_dry_532, ext_dry_405, abs_dry_664, abs_dry_532, abs_dry_405, AOP_RH_dry, ext_medRH_664, AOP_RH_med, ext_highRH_664, AOP_RH_high, ext_TD_664, ext_TD_405, abs_TD_664, abs_TD_405, AOP_TD_bypass_flag, AOP_filter_flag, AOP_Dilution_ratio
[from data line 3358]
82745,1.7926,3.5653,4.8663,-9999.0000,0.6370,0.6254,14.4753,5.9995,82.8377,-9999.0000,87.1723,-9999.0000,-0.4615,-9999.0000,1.0616,0,0,1.0000
82746,2.3990,2.8691,5.3606,-9999.0000,0.3169,0.4502,14.4679,5.3240,82.8884,-9999.0000,87.1520,-9999.0000,-0.5707,-9999.0000,4.8617,0,0,1.0000
82747,1.9714,4.2923,4.0934,-9999.0000,-2.2221,0.1335,14.4722,2.9016,82.9453,-9999.0000,87.1386,-9999.0000,-0.0902,-9999.0000,-7.0156,0,0,1.0000
82748,2.2011,2.7358,4.3704,-9999.0000,2.1089,-0.2157,14.4744,12.4596,83.0148,-9999.0000,87.1388,-9999.0000,-0.0640,-9999.0000,-1.1792,0,0,1.0000
82749,1.0472,1.8231,5.7664,-9999.0000,-0.3700,1.6113,14.4700,6.2226,83.0846,-9999.0000,87.1316,-9999.0000,-0.9216,-9999.0000,-4.1953,0,0,1.0000
82750,1.2299,2.6819,3.6958,-9999.0000,0.5626,-0.3056,14.4603,7.1951,83.1524,-9999.0000,87.1217,-9999.0000,-0.9801,-9999.0000,-0.3168,0,0,1.0000
82751,0.7292,2.0525,5.2743,-9999.0000,2.4798,-0.3225,14.4477,11.0285,83.2036,-9999.0000,87.1044,-9999.0000,0.0076,-9999.0000,7.2159,0,0,1.0000
82752,1.5202,1.3076,6.0453,-9999.0000,-1.1569,0.4373,14.4467,6.4743,83.2599,-9999.0000,87.0830,-9999.0000,-0.9205,-9999.0000,4.3963,0,0,1.0000
82753,1.7852,1.8172,4.3296,-9999.0000,-0.9826,1.8118,14.4457,6.6685,83.3203,-9999.0000,87.0693,-9999.0000,0.5899,-9999.0000,5.8464,0,0,1.0000
82754,0.8960,2.4551,3.7252,-9999.0000,3.0129,0.3234,14.4375,7.2883,83.3787,-9999.0000,87.0537,-9999.0000,1.2537,-9999.0000,5.2425,0,0,1.0000
82755,0.3628,2.7025,4.3679,-9999.0000,2.5167,0.0330,14.4273,10.5381,83.4405,-9999.0000,87.0458,-9999.0000,0.9220,-9999.0000,5.2687,0,0,1.0000
82756,3.3457,1.5971,4.4821,-9999.0000,0.0109,0.5977,14.4219,6.0232,83.4832,-9999.0000,87.0328,-9999.0000,-0.0090,-9999.0000,-0.8574,0,0,1.0000
82757,2.5147,2.5461,3.3251,-9999.0000,1.0991,0.3279,14.4230,2.3812,83.5246,-9999.0000,87.0178,-9999.0000,-0.3974,-9999.0000,3.2284,0,0,1.0000
82758,4.1120,3.8770,4.2416,-9999.0000,-0.8788,0.0283,14.4232,3.1513,83.5728,-9999.0000,87.0156,-9999.0000,-0.7899,-9999.0000,-3.1659,0,0,1.0000
82759,0.7751,3.2201,2.6374,-9999.0000,0.2171,0.4495,14.4304,3.6801,83.6228,-9999.0000,87.0189,-9999.0000,0.1608,-9999.0000,11.8636,0,0,1.0000
82760,2.0965,3.1436,5.6679,-9999.0000,0.4594,-0.9058,14.4306,8.4778,83.6391,-9999.0000,87.0072,-9999.0000,-0.1201,-9999.0000,1.1866,0,0,1.0000
82761,1.2853,2.8877,4.8522,-9999.0000,2.1999,0.4667,14.4309,9.2872,83.6564,-9999.0000,86.9937,-9999.0000,0.1734,-9999.0000,-0.0817,0,0,1.0000
82762,4.4849,2.0447,3.7161,-9999.0000,1.1495,0.8690,14.4312,8.7900,83.6809,-9999.0000,86.9944,-9999.0000,0.0038,-9999.0000,5.1084,0,0,1.0000
82763,1.6919,2.7202,2.5700,-9999.0000,-1.2212,0.8824,14.4356,2.5521,83.7067,-9999.0000,86.9893,-9999.0000,0.2566,-9999.0000,3.2894,0,0,1.0000
82764,2.2410,1.9839,6.1513,-9999.0000,-1.4970,0.7487,14.4353,2.6354,83.7341,-9999.0000,86.9856,-9999.0000,-0.6737,-9999.0000,1.3143,0,0,1.0000
82765,2.0581,2.5927,4.5305,-9999.0000,1.5551,1.0905,14.4381,2.6259,83.7457,-9999.0000,86.9786,-9999.0000,0.0906,-9999.0000,3.1053,0,0,1.0000
82766,0.7310,2.9440,2.6370,-9999.0000,0.7557,0.7623,14.4388,2.3578,83.7489,-9999.0000,86.9690,-9999.0000,3.5398,-9999.0000,-0.6207,0,0,1.0000
82767,2.8715,2.7163,2.7498,-9999.0000,1.0934,0.1461,14.4384,3.1335,83.7587,-9999.0000,86.9598,-9999.0000,2.4422,-9999.0000,0.8407,0,0,1.0000
82768,1.5732,2.6614,4.0796,-9999.0000,2.2816,0.1484,14.4283,2.9495,83.7585,-9999.0000,86.9521,-9999.0000,1.6341,-9999.0000,-1.1435,0,0,1.0000
82769,2.3533,2.6137,5.5433,-9999.0000,-0.7640,1.3742,14.4220,2.5761,83.7559,-9999.0000,86.9390,-9999.0000,-0.1324,-9999.0000,0.0077,0,0,1.0000
82770,1.4713,3.0294,5.7114,-9999.0000,0.5386,0.6684,14.4342,3.9243,83.7531,-9999.0000,86.9320,-9999.0000,1.1110,-9999.0000,3.6107,0,0,1.0000
82771,2.2925,5.2986,5.2359,-9999.0000,1.4924,-0.4667,14.4339,2.2910,83.7568,-9999.0000,86.9254,-9999.0000,0.2399,-9999.0000,1.3631,0,0,1.0000
82772,0.5264,4.2331,3.4718,-9999.0000,0.0249,0.3450,14.4337,3.0578,83.7404,-9999.0000,86.9258,-9999.0000,-0.2059,-9999.0000,2.9472,0,0,1.0000
82773,0.5629,1.9946,5.3340,-9999.0000,-1.5359,1.2423,14.4324,1.6034,83.7136,-9999.0000,86.9154,-9999.0000,0.9409,-9999.0000,1.7393,0,0,1.0000
82774,0.7308,4.5218,5.6244,-9999.0000,-2.2219,2.8001,14.4254,2.8305,83.6764,-9999.0000,86.9108,-9999.0000,-0.5204,-9999.0000,2.4035,0,0,1.0000
82775,1.4498,3.6261,5.9703,-9999.0000,0.1851,0.8776,14.4255,7.0732,83.6119,-9999.0000,86.9031,-9999.0000,0.0239,-9999.0000,-0.5164,0,0,1.0000
82776,1.2815,3.0895,5.4868,-9999.0000,-0.8991,0.6316,14.4235,5.3135,83.5478,-9999.0000,86.8968,-9999.0000,-0.0522,-9999.0000,-8.5829,0,0,1.0000
82777,2.6840,3.2156,6.3740,-9999.0000,0.0765,0.0065,14.4207,2.5510,83.4985,-9999.0000,86.8972,-9999.0000,0.7745,-9999.0000,-0.5449,0,0,1.0000
82778,2.5708,3.3134,6.8824,-9999.0000,3.7568,-1.0379,14.4179,1.4200,83.4609,-9999.0000,86.8915,-9999.0000,1.6000,-9999.0000,-1.3997,0,0,1.0000
82779,1.3173,3.4970,3.4835,-9999.0000,-0.1813,1.5175,14.4190,4.2924,83.4177,-9999.0000,86.8917,-9999.0000,0.8447,-9999.0000,2.7293,0,0,1.0000
82780,4.3085,2.8484,4.1350,-9999.0000,-2.5632,0.9684,14.4189,4.3149,83.3615,-9999.0000,86.8825,-9999.0000,0.1655,-9999.0000,0.9926,0,0,1.0000
82781,2.0342,2.9299,6.1072,-9999.0000,-0.4009,0.6796,14.4194,1.8034,83.3080,-9999.0000,86.8808,-9999.0000,0.5218,-9999.0000,8.4399,0,0,1.0000
82782,4.6691,2.5426,6.1922,-9999.0000,-0.5131,0.5444,14.4164,10.6983,83.2586,-9999.0000,86.8751,-9999.0000,-0.9889,-9999.0000,7.5859,0,0,1.0000
82783,0.7226,3.4980,3.3524,-9999.0000,-2.8171,0.9546,14.4119,6.6479,83.2137,-9999.0000,86.8664,-9999.0000,-0.3467,-9999.0000,6.3332,0,0,1.0000
82784,1.0117,2.4469,3.7064,-9999.0000,-0.7081,1.1459,14.4123,6.4977,83.1783,-9999.0000,86.8732,-9999.0000,-0.7482,-9999.0000,3.5959,0,0,1.0000
82785,0.5257,2.6543,3.5081,-9999.0000,-0.9778,2.1902,14.4033,4.6104,83.1352,-9999.0000,86.8560,-9999.0000,0.4897,-9999.0000,5.7253,0,0,1.0000
82786,1.2302,2.5517,4.1460,-9999.0000,-0.6179,0.4237,14.4005,2.6729,83.1162,-9999.0000,86.8448,-9999.0000,2.0245,-9999.0000,0.9463,0,0,1.0000
82787,1.0685,3.1365,6.7557,-9999.0000,0.3573,1.5800,14.4009,3.8130,83.0806,-9999.0000,86.8293,-9999.0000,-0.3685,-9999.0000,-4.7809,0,0,1.0000
82788,1.5641,7.2045,4.5261,-9999.0000,0.0780,1.2291,14.3977,5.7533,83.0549,-9999.0000,86.8128,-9999.0000,0.5652,-9999.0000,-1.4030,0,0,1.0000
82789,1.2099,2.2619,3.8608,-9999.0000,-0.6288,-0.1512,14.3961,14.3894,83.0360,-9999.0000,86.8167,-9999.0000,-0.3261,-9999.0000,5.0879,0,0,1.0000
82790,3.4351,3.6407,6.5252,-9999.0000,-2.2494,1.7052,14.3975,12.9733,83.0216,-9999.0000,86.8089,-9999.0000,0.3345,-9999.0000,-7.1455,0,0,1.0000
82791,1.2344,4.6498,2.8636,-9999.0000,0.8568,0.9906,14.3927,2.0862,83.0079,-9999.0000,86.8001,-9999.0000,0.3426,-9999.0000,6.2844,0,0,1.0000
82792,3.2179,3.7432,3.8385,-9999.0000,-1.5223,1.1091,14.3774,2.0624,83.0018,-9999.0000,86.7909,-9999.0000,-0.0616,-9999.0000,2.6453,0,0,1.0000
82793,0.1287,4.2988,3.6404,-9999.0000,-0.2402,-0.4590,14.3686,3.6127,83.0033,-9999.0000,86.7847,-9999.0000,-0.4735,-9999.0000,16.7573,0,0,1.0000
82794,0.9116,1.9042,5.2281,-9999.0000,-0.7501,0.6455,14.3644,2.6558,82.9999,-9999.0000,86.7850,-9999.0000,-0.7837,-9999.0000,-3.1049,0,0,1.0000
82795,1.4988,2.1450,4.3049,-9999.0000,-1.2990,0.6882,14.3666,10.5837,83.0078,-9999.0000,86.7792,-9999.0000,-0.1856,-9999.0000,-2.4956,0,0,1.0000
82796,1.0481,1.9900,3.0539,-9999.0000,-1.4228,2.3505,14.3614,13.0666,83.0255,-9999.0000,86.7782,-9999.0000,0.2579,-9999.0000,2.0935,0,0,1.0000
82797,0.7468,2.4838,5.0159,-9999.0000,-1.3689,-0.3015,14.3637,8.1458,83.0455,-9999.0000,86.7713,-9999.0000,0.7762,-9999.0000,1.7863,0,0,1.0000
82798,1.9995,2.6474,7.0490,-9999.0000,-0.6028,1.3217,14.3629,4.7580,83.0815,-9999.0000,86.7649,-9999.0000,0.4807,-9999.0000,7.2586,0,0,1.0000
82799,1.7322,1.4432,4.9956,-9999.0000,-2.5536,1.2528,14.3592,6.3774,83.1170,-9999.0000,86.7634,-9999.0000,-0.3891,-9999.0000,-5.2789,0,0,1.0000
82800,1.2194,4.3682,4.2243,-9999.0000,-0.0673,0.8100,14.3582,4.5036,83.1599,-9999.0000,86.7555,-9999.0000,0.4497,-9999.0000,14.3334,0,0,1.0000
82801,1.0849,4.9556,3.6016,-9999.0000,-1.0519,1.0298,14.3585,4.0207,83.2020,-9999.0000,86.7553,-9999.0000,-0.5184,-9999.0000,4.7476,0,0,1.0000
82802,1.2041,1.9104,5.0332,-9999.0000,0.0504,1.0212,14.3567,3.7716,83.2442,-9999.0000,86.7500,-9999.0000,-0.9838,-9999.0000,-10.1352,0,0,1.0000
82803,1.9063,2.2218,5.8981,-9999.0000,0.5025,0.0053,14.3528,4.7857,83.2924,-9999.0000,86.7469,-9999.0000,-1.1968,-9999.0000,6.1096,0,0,1.0000
82804,1.4065,2.6346,7.2850,-9999.0000,1.3901,0.4987,14.3461,8.6624,83.3397,-9999.0000,86.7430,-9999.0000,-1.3057,-9999.0000,-0.4333,0,0,1.0000
82805,3.8222,2.5504,3.0888,-9999.0000,-0.5051,1.0976,14.3458,7.6788,83.4041,-9999.0000,86.7357,-9999.0000,-1.4001,-9999.0000,-1.6889,0,0,1.0000
82806,1.7155,2.9220,2.7694,-9999.0000,0.2585,0.5684,14.3443,3.8430,83.4585,-9999.0000,86.7322,-9999.0000,-1.5947,-9999.0000,5.4686,0,0,1.0000
82807,1.3408,2.3474,2.8601,-9999.0000,-1.0625,1.0349,14.3365,11.5955,83.5232,-9999.0000,86.7235,-9999.0000,-1.2826,-9999.0000,-4.3518,0,0,1.0000
82808,2.3062,2.8236,3.6687,-9999.0000,-0.9140,-0.1268,14.3320,3.2047,83.5883,-9999.0000,86.7214,-9999.0000,-1.3364,-9999.0000,3.5741,0,0,1.0000
82809,2.8411,3.0806,5.5818,-9999.0000,-2.5677,1.3850,14.3271,14.4486,83.6390,-9999.0000,86.7199,-9999.0000,-0.0737,-9999.0000,-1.1446,0,0,1.0000
82810,1.7722,2.3458,4.2046,-9999.0000,0.5651,-1.0755,14.3271,7.8390,83.7125,-9999.0000,86.7162,-9999.0000,-0.4251,-9999.0000,0.3856,0,0,1.0000
82811,1.3713,2.4387,3.5231,-9999.0000,1.5377,1.0486,14.3269,8.5255,83.7861,-9999.0000,86.7197,-9999.0000,-0.8113,-9999.0000,3.1411,0,0,1.0000
82812,2.1683,3.2731,6.3707,-9999.0000,-1.7688,0.4051,14.3215,5.1039,83.8622,-9999.0000,86.7154,-9999.0000,-1.2506,-9999.0000,-0.9457,0,0,1.0000
82813,4.7278,2.9043,3.7405,-9999.0000,-0.8293,1.6327,14.3228,5.1269,83.9289,-9999.0000,86.7203,-9999.0000,-0.8586,-9999.0000,1.2709,0,0,1.0000
82814,3.5659,3.5233,4.9360,-9999.0000,-1.8200,0.3387,14.3240,5.5799,83.9806,-9999.0000,86.7224,-9999.0000,-0.2596,-9999.0000,-4.9241,0,0,1.0000
82815,2.3574,3.2577,5.4544,-9999.0000,-0.5475,1.1082,14.3214,5.7150,84.0376,-9999.0000,86.7287,-9999.0000,-0.5116,-9999.0000,6.2072,0,0,1.0000
82816,6.6608,2.9328,3.9379,-9999.0000,-1.9474,1.2162,14.3121,5.8612,84.0859,-9999.0000,86.7321,-9999.0000,-0.9238,-9999.0000,4.3046,0,0,1.0000
82817,1.7746,3.6355,5.8073,-9999.0000,-0.3385,-0.2454,14.2963,3.6091,84.1390,-9999.0000,86.7318,-9999.0000,-0.5993,-9999.0000,0.2911,0,0,1.0000
82818,2.9609,3.5461,6.0671,-9999.0000,-0.3670,0.3440,14.3007,9.1244,84.1882,-9999.0000,86.7406,-9999.0000,0.0910,-9999.0000,1.0765,0,0,1.0000
82819,2.2795,2.9804,5.8666,-9999.0000,-0.3181,0.8909,14.3050,8.4591,84.2449,-9999.0000,86.7360,-9999.0000,0.0784,-9999.0000,4.9146,0,0,1.0000
82820,1.9578,2.4227,4.0981,-9999.0000,-1.7795,-0.1994,14.3034,7.3906,84.3038,-9999.0000,86.7413,-9999.0000,0.8676,-9999.0000,4.9681,0,0,1.0000
82821,1.6714,3.0819,5.3474,-9999.0000,-0.3600,1.7132,14.3070,4.6252,84.3417,-9999.0000,86.7458,-9999.0000,0.4686,-9999.0000,1.9574,0,0,1.0000
82822,3.2700,3.4835,5.0878,-9999.0000,-2.2231,1.0721,14.3053,6.6886,84.3917,-9999.0000,86.7558,-9999.0000,-0.2281,-9999.0000,6.8504,0,0,1.0000
82823,5.9512,3.8973,5.4841,-9999.0000,-1.1616,0.4388,14.2983,5.4115,84.4308,-9999.0000,86.7629,-9999.0000,0.0917,-9999.0000,6.6947,0,0,1.0000
82824,2.9408,3.9708,7.3468,-9999.0000,1.5070,1.0774,14.2930,4.2721,84.4778,-9999.0000,86.7649,-9999.0000,-0.3283,-9999.0000,-7.6857,0,0,1.0000
82825,2.5797,3.3677,5.3896,-9999.0000,0.0708,1.2732,14.2860,5.9114,84.5066,-9999.0000,86.7694,-9999.0000,-0.3456,-9999.0000,-14.6217,0,0,1.0000
82826,3.7423,2.9663,6.0639,-9999.0000,-1.5283,0.8733,14.2735,5.2960,84.5280,-9999.0000,86.7683,-9999.0000,-0.6354,-9999.0000,0.9979,0,0,1.0000
82827,3.2167,3.2693,4.2772,-9999.0000,-0.8150,0.6407,14.2718,6.7596,84.5491,-9999.0000,86.7696,-9999.0000,-0.6089,-9999.0000,2.3124,0,0,1.0000
82828,2.8478,4.5347,4.0255,-9999.0000,-1.8517,0.7610,14.2645,6.0685,84.5614,-9999.0000,86.7660,-9999.0000,-0.2723,-9999.0000,8.3351,0,0,1.0000
82829,1.5015,2.6629,4.8534,-9999.0000,1.6355,1.3037,14.2549,3.3936,84.6025,-9999.0000,86.7557,-9999.0000,-0.5811,-9999.0000,5.9438,0,0,1.0000
82830,2.0440,2.2228,4.5955,-9999.0000,-0.4047,1.4318,14.2551,4.6526,84.6392,-9999.0000,86.7528,-9999.0000,-0.9149,-9999.0000,-9999.0000,0,0,1.0000
82831,2.6417,2.6207,6.0296,-9999.0000,1.6795,0.5511,14.2587,7.4623,84.6630,-9999.0000,86.7417,-9999.0000,-0.7888,-9999.0000,-9999.0000,0,0,1.0000
82832,3.6037,3.1869,5.7916,-9999.0000,0.3250,0.9974,14.2547,9.5655,84.6849,-9999.0000,86.7346,-9999.0000,1.3157,-9999.0000,-9999.0000,0,0,1.0000
82833,2.8190,2.6860,5.4491,-9999.0000,1.3322,1.6743,14.2546,6.7507,84.6966,-9999.0000,86.7271,-9999.0000,0.6478,-9999.0000,-9999.0000,0,0,1.0000
82834,1.7798,3.3910,3.8026,-9999.0000,-0.9655,2.6333,14.2534,2.7548,84.7194,-9999.0000,86.7199,-9999.0000,-1.3742,-9999.0000,-9999.0000,0,0,1.0000
82835,1.2418,5.0829,-9999.0000,-9999.0000,1.4678,1.6754,14.2477,4.2238,84.7348,-9999.0000,86.7171,-9999.0000,-1.6884,-9999.0000,-9999.0000,0,0,1.0000
82836,2.5238,1.8788,-9999.0000,-9999.0000,3.2860,0.6064,14.2375,4.6527,84.7532,-9999.0000,86.7059,-9999.0000,-1.3517,-9999.0000,-9999.0000,0,0,1.0000
82837,2.0307,-9999.0000,-9999.0000,-9999.0000,-1.4692,2.2356,14.2420,3.0548,84.7694,-9999.0000,86.7034,-9999.0000,-1.3743,-9999.0000,-9999.0000,0,0,1.0000
82838,-9999.0000,-9999.0000,-9999.0000,-9999.0000,-2.2376,0.5010,14.2407,8.0555,84.7810,-9999.0000,86.7003,-9999.0000,-1.2080,-9999.0000,-9999.0000,0,0,1.0000
82839,-9999.0000,-9999.0000,-9999.0000,-9999.0000,-9999.0000,-9999.0000,14.2360,-9999.0000,84.7965,-9999.0000,86.6916,-9999.0000,-9999.0000,-9999.0000,-9999.0000,0,0,1.0000
82840,-9999.0000,-9999.0000,-9999.0000,-9999.0000,-9999.0000,-9999.0000,14.2280,-9999.0000,84.8002,-9999.0000,86.6899,-9999.0000,-9999.0000,-9999.0000,-9999.0000,0,0,1.0000
82841,-9999.0000,-9999.0000,-9999.0000,-9999.0000,-9999.0000,-9999.0000,14.2244,-9999.0000,84.8097,-9999.0000,86.6926,-9999.0000,-9999.0000,-9999.0000,-9999.0000,0,0,1.0000
82842,-9999.0000,-9999.0000,-9999.0000,-9999.0000,-9999.0000,-9999.0000,14.2224,-9999.0000,84.8091,-9999.0000,86.6926,-9999.0000,-9999.0000,-9999.0000,-9999.0000,0,0,1.0000
82843,-9999.0000,-9999.0000,-9999.0000,-9999.0000,-9999.0000,-9999.0000,14.2208,-9999.0000,84.8145,-9999.0000,86.6910,-9999.0000,-9999.0000,-9999.0000,-9999.0000,0,0,1.0000
82844,-9999.0000,-9999.0000,-9999.0000,-9999.0000,-9999.0000,-9999.0000,14.2215,-9999.0000,84.8149,-9999.0000,86.6943,-9999.0000,-9999.0000,-9999.0000,-9999.0000,0,0,1.0000
82845,-9999.0000,-9999.0000,-9999.0000,-9999.0000,-9999.0000,-9999.0000,14.2193,-9999.0000,84.7931,-9999.0000,86.6910,-9999.0000,-9999.0000,-9999.0000,-9999.0000,0,0,1.0000
82846,-9999.0000,-9999.0000,-9999.0000,-9999.0000,-9999.0000,-9999.0000,14.2156,-9999.0000,84.7662,-9999.0000,86.6930,-9999.0000,-9999.0000,-9999.0000,-9999.0000,0,0,1.0000
82847,-9999.0000,-9999.0000,-9999.0000,-9999.0000,-9999.0000,-9999.0000,14.2124,-9999.0000,84.7178,-9999.0000,86.6954,-9999.0000,-9999.0000,-9999.0000,-9999.0000,0,0,1.0000
82848,-9999.0000,-9999.0000,-9999.0000,-9999.0000,-9999.0000,-9999.0000,14.2118,-9999.0000,84.6487,-9999.0000,86.6953,-9999.0000,-9999.0000,-9999.0000,-9999.0000,0,0,1.0000
82849,-9999.0000,-9999.0000,-9999.0000,-9999.0000,-9999.0000,-9999.0000,14.2203,-9999.0000,84.5592,-9999.0000,86.7055,-9999.0000,-9999.0000,-9999.0000,-9999.0000,0,0,1.0000
82850,-9999.0000,-9999.0000,-9999.0000,-9999.0000,-9999.0000,-9999.0000,14.2233,-9999.0000,84.4683,-9999.0000,86.7111,-9999.0000,-9999.0000,-9999.0000,-9999.0000,0,1,1.0000
82851,-9999.0000,-9999.0000,-9999.0000,-9999.0000,-9999.0000,-9999.0000,14.2189,-9999.0000,84.3801,-9999.0000,86.7127,-9999.0000,-9999.0000,-9999.0000,-9999.0000,0,1,1.0000
