Data/Raw/WAGNER,NICK/firexaq-AOP-optical_DC8_20190831_R1.ict
51, 1001
Wagner, Nicholas L.
NOAA Earth System Research Laboratory
NOAA AOP instrument
FIREX-AQ
1, 1
2019, 08, 31, 2020, 04, 27
1
Time_start, seconds_past_midnight, seconds from midnight
18
1, 1, 1, 1, 1, 1, 1, 1, 1, 1, 1, 1, 1, 1, 1, 1, 1, 1
-9999, -9999, -9999, -9999, -9999, -9999, -9999, -9999, -9999, -9999, -9999, -9999, -9999, -9999, -9999, -9999, -9999, -9999
ext_dry_664, Mm-1, AerOpt_Extinction_InSitu_RHd_red_Total_PM2.5_STP
ext_dry_532, Mm-1, AerOpt_Extinction_InSitu_RHd_green_Total_PM2.5_STP
ext_dry_405, Mm-1, AerOpt_Extinction_InSitu_RHd_blue_Total_PM2.5_STP
abs_dry_664, Mm-1, AerOpt_Absorption_InSitu_RHd_red_Total_PM2.5_STP
abs_dry_532, Mm-1, AerOpt_Absorption_InSitu_RHd_green_Total_PM2.5_STP
abs_dry_405, Mm-1, AerOpt_Absorption_InSitu_RHd_blue_Total_PM2.5_STP
AOP_RH_dry, pct, Relative_humidity_of_dry_RH_channels
ext_medRH_664, Mm-1, AerOpt_Extinction_InSitu_RH80_red_Total_PM2.5_STP
AOP_RH_med, pct, Relative_humidity_of_medium_RH_channel
ext_highRH_664, Mm-1, AerOpt_Extinction_InSitu_RH85_red_Total_PM2.5_STP
AOP_RH_high, pct, Relative_humidity_of_high_RH_channel
ext_TD_664, Mm-1, AerOpt_ExtinctionTD_InSitu_RHd_blue_Total_PM2.5_STP
ext_TD_405, Mm-1, AerOpt_ExtinctionTD_InSitu_RHd_red_Total_PM2.5_STP
abs_TD_664, Mm-1, AerOpt_Absorption_InSitu_RHd_red_Total_PM2.5_STP
abs_TD_405, Mm-1, AerOpt_Absorption_InSitu_RHd_blue_Total_PM2.5_STP
AOP_TD_bypass_flag, pct, Flag_for_TD_Bypass_valve
AOP_filter_flag, pct, Flag_for_Filter_Valve
AOP_Dilution_ratio, pct, Applied_Dilution_Ratio_for_ext_channels
1
N/A
18
PI_CONTACT_INFO: Address: NOAA ESRL Chemical Sciences Division, R/CSD2, 325 Broadway, Boulder, CO 80305. Email: nick.wagner@noaa.gov.
PLATFORM: NASA DC8
LOCATION: See the DC8 MetNav file, Based in Boise (BOI) and Salina, KS
ASSOCIATED_DATA: N/A
[...]
DATA_INFO: Mm-1:
UNCERTAINTY: The precision of the extinction measurements varies with aerosol loading and is +/-20% at 10 Mm-1 and +/-5% at 100 Mm-1. The accuracy of the dry measurement is +/-2% and depends on RH for the humidified measurements, +/-5% at 85% RH and +/-15% at 90% RH. For more details, see Langridge et al., Aerosol Science and Technology 45:1305-1318, 2011. Analysis of comparable measurements suggest incomplete mixing in the dilution system. Effective dilution for individual instruments can vary by +/- 30% compared to the reported flow-based dilution estimate. The absorption measurements have a high signal accuracy of 20%. The low signal precision varies with altitude and flight to flight, and is typically less than 10 Mm-1 for 1 second measurements.
ULOD_FLAG: -7777
ULOD_VALUE: N/A
LLOD_FLAG: -8888
LLOD_VALUE: N/A
DM_CONTACT_INFO: Gao Chen
PROJECT_INFO: FIREX-AQ
STIPULATIONS_ON_USE: NASA Data Policy. Contact with PI is encouraged.
OTHER_COMMENTS: N/A
REVISION: R1
R1: Absorption measurements have been corrected for pressure dependent microphone sensitivity. In-cloud data has been removed. R0: Final Data. 
Time_start, ext_dry_664, ext_dry_532, ext_dry_405, abs_dry_664, abs_dry_532, abs_dry_405, AOP_RH_dry, ext_medRH_664, AOP_RH_med, ext_highRH_664, AOP_RH_high, ext_TD_664, ext_TD_405, abs_TD_664, abs_TD_405, AOP_TD_bypass_flag, AOP_filter_flag, AOP_Dilution_ratio
[from data line 5281]
68104,24.3745,43.5354,90.3305,4.1953,-9999.0000,10.3836,28.5758,38.7072,78.7876,43.5373,85.0458,10.8951,24.9627,-0.2933,6.4394,0,0,1.0000
68105,30.6129,43.7836,87.2142,0.4556,-9999.0000,8.5544,28.5851,36.7468,78.6735,43.6772,85.0514,11.1286,24.5941,-6.1283,7.9163,0,0,1.0000
68106,24.3257,40.6591,79.4100,11.9376,-9999.0000,9.4509,28.5933,31.9414,78.5415,35.8958,85.0503,11.9936,21.0571,-3.5368,9.4577,0,0,1.0000
68107,24.8625,39.4212,77.6471,8.8771,-9999.0000,7.9231,28.6149,28.2734,78.4241,42.4371,85.0425,6.7482,21.1832,6.9463,6.4843,0,0,1.0000
68108,21.2266,38.4333,71.2562,-4.1022,-9999.0000,7.8036,28.6403,32.3795,78.3361,33.9867,85.0339,12.9709,21.7477,-7.2331,8.3489,0,0,1.0000
68109,25.1871,37.6862,71.3224,2.0022,-9999.0000,6.4793,28.6475,28.9149,78.2760,32.0570,85.0367,5.5024,19.4906,-1.3284,4.4787,0,0,1.0000
68110,23.7631,37.6998,74.3799,4.6872,-9999.0000,6.8044,28.6482,32.3752,78.2142,32.1502,85.0386,5.6538,20.0805,3.0780,6.3380,0,0,1.0000
68111,28.1842,40.6475,74.4287,4.5158,-9999.0000,6.0166,28.6384,26.4607,78.1521,32.9877,85.0391,9.3055,16.1077,-3.8983,1.3044,0,0,1.0000
68112,20.9704,36.8304,72.0945,1.7805,-9999.0000,5.6994,28.6435,25.7936,78.1220,37.2214,85.0508,8.4966,14.6860,-2.0478,4.8124,0,0,1.0000
68113,25.0400,38.7460,73.6214,2.0647,-9999.0000,-9999.0000,28.6548,31.0732,78.1085,33.3380,85.0595,10.4288,16.0524,-3.9550,3.6893,0,0,1.0000
68114,25.8876,36.4085,68.6995,12.0358,-9999.0000,6.3926,28.6508,27.9110,78.0944,32.1461,85.0716,5.8815,16.0291,-5.2060,7.1606,0,0,1.0000
68115,25.0139,45.7946,71.1621,6.2069,-9999.0000,6.7594,28.6569,28.2017,78.0963,31.1935,85.1023,6.3937,15.4004,-5.8153,7.2300,0,0,1.0000
68116,25.0350,36.5720,72.7173,-1.6983,-9999.0000,6.2402,28.6625,27.5182,78.0833,31.2249,85.1103,5.8207,16.8305,-3.1293,3.2171,0,0,1.0000
68117,20.0827,36.4177,70.0504,17.7630,-9999.0000,5.7678,28.6787,24.7609,78.0807,34.3534,85.1201,4.2836,17.6981,-3.4777,5.3834,0,0,1.0000
68118,20.8127,34.7311,71.3704,8.5172,-9999.0000,5.9413,28.6955,25.5573,78.0801,34.8508,85.1372,3.9225,13.2780,-3.4688,4.9737,0,0,1.0000
68119,20.3251,35.9113,65.8800,8.7392,-9999.0000,5.5299,28.7035,25.7500,78.0810,29.0197,85.1652,6.1915,11.3101,5.5162,3.6580,0,0,1.0000
68120,23.4173,36.5640,62.7135,-2.0003,-9999.0000,3.2572,28.7087,28.7208,78.0894,32.8307,85.2030,4.2562,13.2447,-0.4881,6.8154,0,0,1.0000
68121,19.5228,33.7077,61.2419,-2.7597,-9999.0000,3.7342,28.7106,23.2083,78.1075,28.0211,85.2276,4.4964,13.3025,0.4300,0.1632,0,0,1.0000
68122,18.1808,32.1967,62.8000,0.9951,-9999.0000,5.1483,28.7184,23.8290,78.1492,24.8994,85.2542,11.0568,13.6278,-9.6680,3.5322,0,0,1.0000
68123,20.5652,34.8956,65.5446,9.0525,-9999.0000,5.1167,28.7213,26.8010,78.1886,26.6900,85.2696,15.8648,11.5860,-0.2898,1.0421,0,0,1.0000
68124,22.2594,34.7803,63.6091,-0.7903,-9999.0000,5.7450,28.7194,28.3865,78.2139,33.7651,85.2709,5.1101,11.4561,1.6539,2.2473,0,0,1.0000
68125,20.8477,35.2393,66.0223,18.6644,-9999.0000,6.8098,28.7181,26.1901,78.2508,32.0457,85.2779,3.9228,17.7349,-4.5797,3.9523,0,0,1.0000
68126,20.6981,34.1129,63.5934,3.9601,-9999.0000,4.4401,28.7212,30.2462,78.3039,29.7761,85.2899,3.7167,17.3859,5.5227,1.5481,0,0,1.0000
68127,23.0827,34.1956,68.0828,8.2715,-9999.0000,4.9611,28.7104,26.7812,78.3683,27.2253,85.3004,7.3539,14.2791,-5.7216,3.5358,0,0,1.0000
68128,19.2916,31.9077,59.5868,8.8581,-9999.0000,4.5888,28.6650,23.7933,78.4408,35.8339,85.3075,7.0988,13.8660,-9.7448,5.8848,0,0,1.0000
68129,17.3874,34.7543,63.8689,7.6267,-9999.0000,6.3000,28.6787,29.1880,78.5184,33.2391,85.3197,5.4383,16.0260,11.6010,5.2260,0,0,1.0000
68130,21.4622,37.5524,73.4191,1.0807,-9999.0000,4.4277,28.6890,30.5089,78.6211,29.8268,85.3290,6.1294,15.2898,4.4950,1.2807,0,0,1.0000
68131,22.3072,39.6031,76.0681,5.9761,-9999.0000,4.8139,28.6884,27.4680,78.7222,33.4137,85.3398,5.9052,14.4077,4.5478,4.8241,0,0,1.0000
68132,24.2622,36.9713,71.7436,15.9847,-9999.0000,6.3045,28.6924,27.7325,78.8214,29.8476,85.3415,5.9381,15.4227,-4.4500,4.9972,0,0,1.0000
68133,22.4735,37.1815,73.2043,8.8385,-9999.0000,6.2787,28.6998,30.7901,78.9175,32.0865,85.3431,4.5287,13.7225,-3.3178,1.2807,0,0,1.0000
68134,21.8869,36.5125,69.4309,18.1666,-9999.0000,4.5643,28.7285,30.9398,79.0362,28.8988,85.3481,5.1025,14.7308,-4.1289,1.5247,0,0,1.0000
68135,25.7280,38.4719,72.8763,4.8282,-9999.0000,5.4786,28.7353,31.4300,79.1359,31.5206,85.3491,4.3613,14.4834,-1.7324,9.1136,0,0,1.0000
68136,23.2779,36.3623,69.0836,1.2512,-9999.0000,5.5600,28.7441,28.6371,79.2219,29.7727,85.3398,4.4400,16.6363,-3.7726,1.3569,0,0,1.0000
68137,19.8145,37.1443,69.6457,-5.0128,-9999.0000,5.4300,28.7439,23.5894,79.3139,27.5290,85.3214,9.5939,18.3610,-3.4156,16.3820,0,0,1.0000
68138,20.9809,41.4889,71.4735,-9999.0000,-9999.0000,6.0576,28.7521,24.0770,79.4035,27.4349,85.2862,9.9602,20.4066,1.1768,8.6500,0,0,1.0000
68139,23.8271,44.0839,77.8889,-9999.0000,-9999.0000,6.8292,28.7620,31.7323,79.4789,33.3717,85.2564,9.8586,20.1541,-9999.0000,8.9777,0,0,1.0000
68140,25.5400,45.6245,84.9236,-9999.0000,-9999.0000,6.3473,28.7616,32.5096,79.5344,30.5309,85.2156,10.7218,15.2752,-9999.0000,3.7859,0,0,1.0000
68141,29.9597,47.2524,89.0986,-9999.0000,-9999.0000,6.8799,28.7628,32.2560,79.6085,33.1198,85.1809,6.3987,16.8411,-9999.0000,2.0492,0,0,1.0000
68142,28.5481,50.6447,88.6275,-9999.0000,-9999.0000,6.9525,28.7664,30.7930,79.6791,34.5199,85.1498,14.4244,18.5536,-9999.0000,4.3801,0,0,1.0000
68143,33.1170,49.8293,91.9742,-9999.0000,-9999.0000,7.6851,28.7743,33.7724,79.7491,36.8514,85.1202,21.4387,18.7341,-9999.0000,2.2981,0,0,1.0000
68144,29.4021,44.6792,85.3878,-9999.0000,-9999.0000,7.8774,28.7765,35.8596,79.8105,40.6851,85.0874,9.3976,18.4441,-9999.0000,6.2965,0,0,1.0000
68145,27.7820,42.9395,82.0784,-9999.0000,-9999.0000,8.5193,28.7831,38.0893,79.8547,38.0812,85.0411,7.4594,22.0693,-9999.0000,4.4371,0,0,1.0000
68146,-9999.0000,-9999.0000,-9999.0000,-9999.0000,-9999.0000,8.4156,28.7860,-9999.0000,79.8793,37.7679,85.0039,8.2025,23.8501,-9999.0000,15.5652,0,0,1.0000
68147,-9999.0000,-9999.0000,-9999.0000,-9999.0000,-9999.0000,7.2297,28.7950,-9999.0000,79.9005,-9999.0000,84.9903,7.3009,41.9546,8.2654,35.1267,0,0,1.0000
68148,-9999.0000,-9999.0000,-9999.0000,-9999.0000,13.9964,13.8992,28.8003,-9999.0000,79.9090,-9999.0000,84.9696,23.5077,86.3431,14.1971,83.9590,0,0,1.0000
68149,-9999.0000,-9999.0000,-9999.0000,-9999.0000,27.5960,62.5862,28.7962,-9999.0000,79.9197,-9999.0000,84.9593,66.7866,157.8914,35.7616,128.1543,0,0,1.0000
68150,-9999.0000,-9999.0000,-9999.0000,24.8076,66.4174,153.8022,28.8197,-9999.0000,79.9455,-9999.0000,84.9556,112.1639,273.4199,34.8038,154.1433,0,0,1.0000
68151,-9999.0000,-9999.0000,-9999.0000,36.2307,113.5310,287.3913,28.8221,-9999.0000,79.9754,-9999.0000,84.9535,162.4486,415.0454,41.0477,171.8917,0,0,1.0000
68152,-9999.0000,-9999.0000,-9999.0000,80.5529,168.3895,473.8008,28.8218,-9999.0000,79.9981,-9999.0000,84.9560,183.6981,520.1561,46.0652,187.9440,0,0,1.0000
68153,-9999.0000,-9999.0000,-9999.0000,105.6315,247.7835,689.3542,28.8210,-9999.0000,80.0039,-9999.0000,84.9606,196.3416,574.6175,51.3512,226.8186,0,0,1.0000
68154,-9999.0000,-9999.0000,-9999.0000,133.9455,323.7893,848.4888,28.8327,-9999.0000,80.0154,-9999.0000,84.9725,240.1701,619.5892,61.5584,276.4372,0,0,1.0000
68155,-9999.0000,-9999.0000,-9999.0000,159.0549,323.0754,933.1206,28.8410,-9999.0000,80.0144,-9999.0000,84.9885,269.3752,607.1906,71.8526,298.1279,0,0,1.0000
68156,-9999.0000,-9999.0000,-9999.0000,152.2755,313.4033,906.6088,28.8417,-9999.0000,79.9951,-9999.0000,85.0027,267.1973,570.6587,56.3581,321.5287,0,0,1.0000
68157,-9999.0000,-9999.0000,-9999.0000,105.0232,253.8742,784.6174,28.8437,-9999.0000,79.9740,-9999.0000,85.0302,232.3891,550.3109,61.9867,319.2592,0,0,1.0000
68158,-9999.0000,-9999.0000,-9999.0000,86.0596,199.4186,642.2159,28.8406,-9999.0000,79.9380,-9999.0000,85.0601,173.4391,502.1397,62.2132,290.2221,0,0,1.0000
68159,-9999.0000,-9999.0000,-9999.0000,56.1099,148.6038,512.6018,28.8422,-9999.0000,79.8975,-9999.0000,85.0888,126.1491,405.6005,56.3518,274.0555,0,0,1.0000
68160,-9999.0000,-9999.0000,-9999.0000,44.4537,111.0012,383.0676,28.8469,-9999.0000,79.8504,-9999.0000,85.1121,96.4419,326.7225,53.6234,241.5545,0,0,1.0000
68161,-9999.0000,-9999.0000,-9999.0000,31.2285,70.7014,294.4789,28.8666,-9999.0000,79.7863,-9999.0000,85.1378,91.7260,264.4038,44.1029,189.8738,0,0,1.0000
68162,-9999.0000,-9999.0000,-9999.0000,30.7792,54.7465,217.2645,28.8862,-9999.0000,79.6954,-9999.0000,85.1675,67.0829,191.2483,40.1537,146.2330,0,0,1.0000
68163,-9999.0000,-9999.0000,-9999.0000,13.6258,40.3687,156.2805,28.8992,-9999.0000,79.5788,-9999.0000,85.1871,56.8080,177.4560,24.0127,110.6729,0,0,1.0000
68164,-9999.0000,-9999.0000,-9999.0000,11.1372,30.2375,112.9656,28.9103,-9999.0000,79.4617,-9999.0000,85.1975,48.6875,165.0195,22.5860,69.6832,0,0,1.0000
68165,-9999.0000,-9999.0000,-9999.0000,-9999.0000,24.3371,80.4354,28.9183,-9999.0000,79.3348,-9999.0000,85.2086,40.1328,131.2297,13.5817,59.7309,0,0,1.0000
68166,-9999.0000,-9999.0000,-9999.0000,-9999.0000,15.3089,67.1973,28.9147,-9999.0000,79.2131,-9999.0000,85.2097,27.8024,130.1496,19.7058,63.5584,0,0,1.0000
68167,-9999.0000,-9999.0000,-9999.0000,-9999.0000,16.4361,52.7092,28.9216,-9999.0000,79.0646,-9999.0000,85.2081,26.5816,103.4424,9.6837,64.0058,0,0,1.0000
68168,72.6139,101.9807,205.1030,-9999.0000,15.8285,43.1769,28.9347,207.4633,78.9376,-9999.0000,85.2093,24.1402,104.6131,10.0416,56.3096,0,0,1.0000
68169,76.5040,111.3810,208.7040,-9999.0000,17.2841,39.0306,28.9470,157.9922,78.7441,159.0714,85.2010,24.0014,75.2636,-9999.0000,46.4222,0,0,1.0000
68170,84.3463,142.1917,245.3427,-9999.0000,16.4702,33.1795,28.9524,153.9846,78.6085,153.6076,85.1761,29.1689,71.0073,-9999.0000,37.1192,0,0,1.0000
68171,93.4750,155.6766,276.8651,-9999.0000,-9999.0000,30.0417,28.9502,151.5618,78.4646,151.3459,85.1409,19.9352,73.8661,-9999.0000,27.9683,0,0,1.0000
68172,102.7530,167.8820,295.9847,-9999.0000,-9999.0000,26.1711,28.9573,153.4549,78.3330,150.2039,85.1030,16.2936,65.2924,-9999.0000,27.8811,0,0,1.0000
68173,107.5132,163.7992,280.1031,-9999.0000,-9999.0000,24.7507,28.9764,137.3599,78.1768,143.3054,85.0625,13.5135,58.1431,-9999.0000,28.9886,0,0,1.0000
68174,77.3838,114.3675,219.7776,-9999.0000,-9999.0000,21.8488,28.9870,116.8100,78.0300,128.6133,85.0151,20.3552,54.6838,-9999.0000,26.1307,0,0,1.0000
68175,73.9317,107.9065,201.5023,-9999.0000,-9999.0000,16.3156,28.9905,108.4831,77.9002,118.7103,84.9726,23.9161,49.1671,-9999.0000,26.1218,0,0,1.0000
68176,66.0692,102.0581,182.7275,-9999.0000,-9999.0000,14.5737,28.9957,112.0032,77.7738,117.9370,84.9280,12.8353,40.7649,-9999.0000,23.6958,0,0,1.0000
68177,45.5742,74.5385,142.6998,-9999.0000,-9999.0000,14.7338,28.9943,86.1711,77.6399,95.6733,84.8772,11.4923,36.6317,-9999.0000,21.8380,0,0,1.0000
68178,44.0010,60.0921,118.0722,-9999.0000,-9999.0000,11.2007,28.9953,79.6727,77.5263,69.6561,84.8337,11.0438,40.7945,-9999.0000,16.9527,0,0,1.0000
68179,38.8739,63.6610,119.8860,-9999.0000,-9999.0000,11.3595,28.9962,61.5604,77.4129,67.9479,84.7856,11.3421,46.1634,-4.8497,12.4079,0,0,1.0000
68180,46.8612,79.9137,132.4348,-9999.0000,-9999.0000,10.9233,28.9998,63.9400,77.3143,71.8239,84.7467,13.0183,41.8691,-8.8831,11.3193,0,0,1.0000
68181,57.8458,99.3536,167.5079,-9999.0000,-9999.0000,13.5259,28.9911,72.9206,77.2217,76.9474,84.6999,15.0630,42.3972,2.7173,9.8599,0,0,1.0000
68182,71.1307,109.7381,190.2836,-9999.0000,-9999.0000,14.9980,29.0045,77.5652,77.1609,86.1816,84.6675,12.1806,40.8807,0.7832,10.5074,0,0,1.0000
68183,83.0229,138.4234,211.5840,-9999.0000,-9999.0000,16.6924,29.0305,90.2304,77.1102,82.3548,84.6284,16.1812,34.4277,-2.3678,15.3116,0,0,1.0000
68184,69.2022,104.9865,191.8194,-2.7794,-9999.0000,17.3093,29.0376,82.8216,77.0692,78.2010,84.6032,19.5064,39.1833,-4.3309,12.7854,0,0,1.0000
68185,54.8952,68.9031,145.1251,2.8343,-9999.0000,11.6638,29.0389,68.3183,77.0303,73.1983,84.5829,13.5892,31.6673,-3.7161,9.7025,0,0,1.0000
68186,43.4889,59.6970,109.6174,-3.0223,-9999.0000,10.9391,29.0382,65.7812,77.0019,73.2051,84.5660,7.0639,29.4692,-6.5281,6.8264,0,0,1.0000
68187,32.3023,47.2640,86.7310,0.2350,-9999.0000,11.0342,29.0377,53.1044,76.9836,49.5775,84.5585,6.0881,23.7206,0.0630,4.9216,0,0,1.0000
68188,26.5745,40.5793,72.3235,1.6052,-9999.0000,8.7170,29.0367,44.2958,76.9816,48.1592,84.5496,7.4217,18.7893,1.3858,8.5267,0,0,1.0000
68189,22.5065,37.0553,64.7916,-3.4719,-9999.0000,6.3235,29.0306,42.7540,76.9850,41.2181,84.5385,7.0788,21.1014,-4.1827,0.3745,0,0,1.0000
68190,20.7687,31.9868,60.0000,-0.3044,-9999.0000,6.3322,29.0325,35.1822,77.0116,31.4913,84.5394,5.3211,17.2444,-4.0311,8.2254,0,0,1.0000
68191,21.4356,32.4142,61.6110,2.3991,-9999.0000,5.5761,29.0283,36.2608,77.0603,33.2378,84.5261,4.8374,14.3752,-8.7035,9.3226,0,0,1.0000
68192,19.9532,33.0092,65.2637,-0.7109,-9999.0000,6.4099,29.0352,30.6864,77.1123,33.9353,84.5202,3.2997,15.5870,-3.4197,5.1710,0,0,1.0000
68193,19.9097,31.3018,56.4151,1.4619,-9999.0000,5.3184,29.0343,31.8105,77.1638,32.8863,84.5083,7.9467,14.6905,-6.7317,4.1191,0,0,1.0000
68194,17.7942,31.0445,53.9611,2.8678,-9999.0000,3.4208,29.0303,31.4316,77.2218,29.5048,84.5034,3.7142,13.0092,-4.1784,2.6439,0,0,1.0000
68195,17.0793,29.8265,55.7286,-3.3522,-9999.0000,2.7434,29.0466,31.1818,77.3068,28.7548,84.4970,4.4342,9.8560,-0.9121,3.1462,0,0,1.0000
68196,17.1518,31.8367,55.6425,-6.4440,-9999.0000,2.0043,29.0515,23.1427,77.4062,25.4179,84.4854,4.5374,11.2098,5.1312,5.5293,0,0,1.0000
68197,16.9471,29.7533,52.9818,-2.7644,-9999.0000,4.6498,29.0444,27.6401,77.5143,27.7072,84.4755,2.2794,11.2418,-5.3362,2.3442,0,0,1.0000
68198,16.1008,28.3788,54.0333,-1.4831,-9999.0000,4.4654,29.0466,23.7656,77.6386,24.5363,84.4729,4.8172,8.1604,-1.4098,1.1572,0,0,1.0000
68199,16.9621,28.8031,54.5558,1.4156,-9999.0000,3.3931,29.0447,24.7094,77.7587,26.4399,84.4647,3.3045,9.0003,-3.9327,-0.2397,0,0,1.0000
68200,18.4845,27.8858,51.6262,-0.0058,-9999.0000,2.9860,29.0528,23.9050,77.8873,26.8311,84.4655,3.7289,11.1651,-3.0789,2.4545,0,0,1.0000
68201,18.6175,29.2204,51.6149,1.6846,-9999.0000,3.7342,29.0570,23.6113,78.0137,25.9763,84.4547,4.2853,10.9158,-5.4463,4.8910,0,0,1.0000
68202,16.4338,27.9026,50.8652,7.7691,-9999.0000,3.7702,29.0570,28.4773,78.1434,27.9250,84.4409,3.1889,12.2910,0.1460,1.6635,0,0,1.0000
68203,16.2048,27.8400,52.1151,1.3129,-9999.0000,2.7027,29.0554,29.1185,78.2648,29.9947,84.4296,3.3917,8.8564,-0.1863,6.3681,0,0,1.0000
68204,17.0582,28.2139,53.5827,6.1214,0.0484,3.0385,29.0632,25.0514,78.3875,25.6432,84.4197,2.7258,7.6778,-3.5733,1.0278,0,0,1.0000
68205,16.9420,25.7232,50.9411,-0.6844,-0.3886,2.2308,29.0670,24.1713,78.5111,25.1328,84.4145,2.1341,7.1427,-5.4582,10.1060,0,0,1.0000
68206,14.9552,25.9198,52.1897,3.3836,-3.7167,2.3896,29.0721,25.0597,78.6607,31.4233,84.4107,2.1009,7.2630,-3.0237,1.9647,0,0,1.0000
68207,15.9652,26.4364,52.0559,-3.2042,2.1706,2.9898,29.0691,22.1311,78.7931,30.0354,84.4104,6.0370,8.5587,-3.0826,-0.8530,0,0,1.0000
68208,16.2596,29.6587,52.3977,-3.3699,-1.5645,3.5577,29.0669,22.1942,78.9277,27.1317,84.4052,4.5312,6.9822,-0.3788,0.8484,0,0,1.0000
68209,18.2182,25.0871,51.6901,1.3194,-0.4178,2.8570,29.0682,22.5017,79.0696,28.4697,84.4075,7.8917,5.8193,-3.7106,1.7283,0,0,1.0000
68210,17.4380,27.2553,54.2884,2.3849,-1.2974,2.6016,29.0789,23.8166,79.1848,23.7481,84.4267,2.4958,5.7799,-3.4021,0.7239,0,0,1.0000
68211,22.4217,27.1846,54.5201,-3.8942,4.2780,3.1849,29.0831,20.8283,79.2911,24.7053,84.4369,3.2834,7.6015,0.6604,-1.3065,0,0,1.0000
68212,15.3791,29.7681,56.4214,-4.3081,1.2574,5.0358,29.0826,22.5977,79.3822,25.6981,84.4504,2.0762,7.7269,-1.3992,1.1718,0,0,1.0000
68213,17.1755,27.2022,54.1948,-0.9377,0.4048,3.1971,29.1119,22.1451,79.4873,24.9655,84.4833,2.7970,6.4263,-4.7198,-0.3258,0,0,1.0000
68214,15.5082,26.5480,52.4987,-4.8817,0.1980,2.6319,29.1171,22.0527,79.5819,31.4110,84.5306,2.5886,7.3396,-11.2198,0.2573,0,0,1.0000
68215,16.4246,27.3834,54.0212,-2.9981,4.6010,4.5846,29.1096,29.7525,79.6461,24.7431,84.5729,2.4538,6.4688,-3.3838,0.1826,0,0,1.0000
