Data/Raw/WAGNER,NICK/firexaq-AOP-optical_DC8_20190730_R1.ict
51, 1001
Wagner, Nicholas L.
NOAA Earth System Research Laboratory
NOAA AOP instrument
FIREX-AQ
1, 1
2019, 07, 30, 2020, 04, 27
1
Time_start, seconds_past_midnight, seconds from midnight
18
1, 1, 1, 1, 1, 1, 1, 1, 1, 1, 1, 1, 1, 1, 1, 1, 1, 1
-9999, -9999, -9999, -9999, -9999, -9999, -9999, -9999, -9999, -9999, -9999, -9999, -9999, -9999, -9999, -9999, -9999, -9999
ext_dry_664, Mm-1, AerOpt_Extinction_InSitu_RHd_red_Total_PM2.5_STP
ext_dry_532, Mm-1, AerOpt_Extinction_InSitu_RHd_green_Total_PM2.5_STP
ext_dry_405, Mm-1, AerOpt_Extinction_InSitu_RHd_blue_Total_PM2.5_STP
abs_dry_664, Mm-1, AerOpt_Absorption_InSitu_RHd_red_Total_PM2.5_STP
abs_dry_532, Mm-1, AerOpt_Absorption_InSitu_RHd_green_Total_PM2.5_STP
abs_dry_405, Mm-1, AerOpt_Absorption_InSitu_RHd_blue_Total_PM2.5_STP
AOP_RH_dry, pct, Relative_humidity_of_dry_RH_channels
ext_medRH_664, Mm-1, AerOpt_Extinction_InSitu_RH80_red_Total_PM2.5_STP
AOP_RH_med, pct, Relative_humidity_of_medium_RH_channel
ext_highRH_664, Mm-1, AerOpt_Extinction_InSitu_RH85_red_Total_PM2.5_STP
AOP_RH_high, pct, Relative_humidity_of_high_RH_channel
ext_TD_664, Mm-1, AerOpt_ExtinctionTD_InSitu_RHd_blue_Total_PM2.5_STP
ext_TD_405, Mm-1, AerOpt_ExtinctionTD_InSitu_RHd_red_Total_PM2.5_STP
abs_TD_664, Mm-1, AerOpt_Absorption_InSitu_RHd_red_Total_PM2.5_STP
abs_TD_405, Mm-1, AerOpt_Absorption_InSitu_RHd_blue_Total_PM2.5_STP
AOP_TD_bypass_flag, pct, Flag_for_TD_Bypass_valve
AOP_filter_flag, pct, Flag_for_Filter_Valve
AOP_Dilution_ratio, pct, Applied_Dilution_Ratio_for_ext_channels
1
N/A
18
PI_CONTACT_INFO: Address: NOAA ESRL Chemical Sciences Division, R/CSD2, 325 Broadway, Boulder, CO 80305. Email: nick.wagner@noaa.gov.
PLATFORM: NASA DC8
LOCATION: See the DC8 MetNav file, Based in Boise (BOI) and Salina, KS
ASSOCIATED_DATA: N/A
[...]
DATA_INFO: Mm-1:
UNCERTAINTY: The precision of the extinction measurements varies with aerosol loading and is +/-20% at 10 Mm-1 and +/-5% at 100 Mm-1. The accuracy of the dry measurement is +/-2% and depends on RH for the humidified measurements, +/-5% at 85% RH and +/-15% at 90% RH. For more details, see Langridge et al., Aerosol Science and Technology 45:1305-1318, 2011. Analysis of comparable measurements suggest incomplete mixing in the dilution system. Effective dilution for individual instruments can vary by +/- 30% compared to the reported flow-based dilution estimate. The absorption measurements have a high signal accuracy of 20%. The low signal precision varies with altitude and flight to flight, and is typically less than 10 Mm-1 for 1 second measurements.
ULOD_FLAG: -7777
ULOD_VALUE: N/A
LLOD_FLAG: -8888
LLOD_VALUE: N/A
DM_CONTACT_INFO: Gao Chen
PROJECT_INFO: FIREX-AQ
STIPULATIONS_ON_USE: NASA Data Policy. Contact with PI is encouraged.
OTHER_COMMENTS: N/A
REVISION: R1
R1: Absorption measurements have been corrected for pressure dependent microphone sensitivity. In-cloud data has been removed. R0: Final Data. 
Time_start, ext_dry_664, ext_dry_532, ext_dry_405, abs_dry_664, abs_dry_532, abs_dry_405, AOP_RH_dry, ext_medRH_664, AOP_RH_med, ext_highRH_664, AOP_RH_high, ext_TD_664, ext_TD_405, abs_TD_664, abs_TD_405, AOP_TD_bypass_flag, AOP_filter_flag, AOP_Dilution_ratio
[from data line 20807]
96467,32.2024,56.4834,99.5938,-9999.0000,-9999.0000,11.0411,16.0684,35.1214,78.5518,-9999.0000,84.2093,-9999.0000,25.2166,-9999.0000,4.7864,0,0,1.0000
96468,36.3851,63.1630,104.9998,-9999.0000,-9999.0000,9.5960,16.0700,42.8735,78.6805,-9999.0000,84.2194,-9999.0000,26.5750,-9999.0000,4.9684,0,0,1.0000
96469,35.7946,60.9281,112.3515,-9999.0000,-9999.0000,8.8927,16.0711,41.0404,78.8098,-9999.0000,84.2185,-9999.0000,29.9043,-9999.0000,13.4653,0,0,1.0000
96470,36.9959,65.2566,109.2571,-9999.0000,-9999.0000,8.8523,16.0668,39.1505,78.9249,-9999.0000,84.2297,-9999.0000,30.8534,-9999.0000,8.8807,0,0,1.0000
96471,37.9079,62.8619,117.3591,-9999.0000,-9999.0000,9.0528,16.0687,44.5592,79.0433,-9999.0000,84.2417,-9999.0000,31.1924,-9999.0000,12.1862,0,0,1.0000
96472,41.9531,70.1770,117.2423,-9999.0000,-9999.0000,10.9544,16.0653,47.5751,79.1561,-9999.0000,84.2469,-9999.0000,30.0214,-9999.0000,11.3051,0,0,1.0000
96473,41.3800,67.3076,119.5651,-9999.0000,-9999.0000,10.7818,16.0664,41.2237,79.2657,-9999.0000,84.2528,-9999.0000,34.9194,-9999.0000,10.2815,0,0,1.0000
96474,41.9117,69.8501,123.0766,-9999.0000,-9999.0000,9.7955,16.0639,52.6344,79.3786,-9999.0000,84.2481,-9999.0000,34.6906,-9999.0000,9.9415,0,0,1.0000
96475,39.8332,70.4522,124.4818,-9999.0000,-9999.0000,8.3664,16.0698,50.5525,79.4891,-9999.0000,84.2492,-9999.0000,35.5992,-9999.0000,13.8712,0,0,1.0000
96476,37.9853,66.3616,120.4233,-9999.0000,-9999.0000,10.2034,16.0642,51.0192,79.5893,-9999.0000,84.2414,-9999.0000,36.0051,-9999.0000,9.6915,0,0,1.0000
96477,39.2924,66.0266,123.7957,-9999.0000,-9999.0000,11.2701,16.0612,42.2623,79.6795,-9999.0000,84.2327,-9999.0000,35.7259,-9999.0000,13.3722,0,0,1.0000
96478,41.7836,63.4143,115.9324,-9999.0000,-9999.0000,10.3260,16.0746,47.1670,79.7691,-9999.0000,84.2274,-9999.0000,38.5782,-9999.0000,9.9764,0,0,1.0000
96479,39.7538,63.7989,115.5003,-9999.0000,-9999.0000,9.3230,16.0878,47.3030,79.8516,-9999.0000,84.2201,-9999.0000,35.5854,-9999.0000,8.8821,0,0,1.0000
96480,37.5392,62.7024,113.4131,-9999.0000,-9999.0000,10.1908,16.0886,45.0804,79.9356,-9999.0000,84.2059,-9999.0000,36.7382,-9999.0000,10.7417,0,0,1.0000
96481,39.9861,63.6019,115.1825,-9999.0000,-9999.0000,11.5320,16.0977,51.9479,80.0002,-9999.0000,84.1872,-9999.0000,36.3419,-9999.0000,6.8079,0,0,1.0000
96482,37.4002,60.5196,113.5249,-9999.0000,-9999.0000,10.4411,16.0969,41.3180,80.0700,-9999.0000,84.1527,-9999.0000,33.0348,-9999.0000,14.2677,0,0,1.0000
96483,42.3386,59.5687,111.3952,-9999.0000,-9999.0000,8.8384,16.0980,38.8280,80.1237,-9999.0000,84.1265,-9999.0000,35.8752,-9999.0000,12.8506,0,0,1.0000
96484,39.6948,63.0293,114.0429,-9999.0000,-9999.0000,9.3782,16.0911,43.9212,80.1716,-9999.0000,84.1064,-9999.0000,40.1911,-9999.0000,8.5667,0,0,1.0000
96485,38.1352,64.2801,116.2622,-9999.0000,-9999.0000,10.0191,16.0843,41.2962,80.2002,-9999.0000,84.0869,-9999.0000,39.7572,-9999.0000,7.4843,0,0,1.0000
96486,36.6175,66.4200,116.3878,-9999.0000,-9999.0000,10.1892,16.0957,45.2462,80.2226,-9999.0000,84.0711,-9999.0000,36.5916,-9999.0000,9.1570,0,0,1.0000
96487,38.9004,65.1084,117.4025,-9999.0000,-9999.0000,10.8332,16.1019,43.9942,80.2449,-9999.0000,84.0541,-9999.0000,36.9754,-9999.0000,11.2448,0,0,1.0000
96488,40.7618,66.9929,117.8226,-9999.0000,-9999.0000,9.7923,16.0978,41.0295,80.2616,-9999.0000,84.0293,-9999.0000,37.4972,-9999.0000,8.7668,0,0,1.0000
96489,39.7223,65.0912,117.3599,-9999.0000,-9999.0000,9.0111,16.0925,42.5586,80.2635,-9999.0000,84.0121,-9999.0000,38.0162,-9999.0000,16.8612,0,0,1.0000
96490,40.2698,67.2649,111.0326,-9999.0000,-9999.0000,7.9185,16.0964,39.7817,80.2673,-9999.0000,84.0068,-9999.0000,36.6448,-9999.0000,8.5243,0,0,1.0000
96491,33.3531,65.9489,109.7041,-9999.0000,-9999.0000,8.9492,16.1064,48.3591,80.2733,-9999.0000,84.0103,-9999.0000,37.2677,-9999.0000,7.9639,0,0,1.0000
96492,33.9532,60.7578,106.8261,-9999.0000,-9999.0000,9.3422,16.1125,42.5075,80.2472,-9999.0000,84.0035,-9999.0000,52.2041,-9999.0000,9.5119,0,0,1.0000
96493,36.7422,62.8385,108.3103,-9999.0000,-9999.0000,9.7967,16.1178,45.7422,80.2137,-9999.0000,84.0208,-9999.0000,41.5886,-9999.0000,10.0728,0,0,1.0000
96494,36.5826,62.6536,108.5887,-9999.0000,-9999.0000,8.8354,16.1208,43.9150,80.1498,-9999.0000,84.0396,-9999.0000,-9999.0000,-9999.0000,11.2595,0,0,1.0000
96495,37.3901,57.5569,107.7222,-9999.0000,-9999.0000,8.0170,16.1139,45.4325,80.0683,-9999.0000,84.0670,-9999.0000,-9999.0000,-9999.0000,10.1187,0,0,1.0000
96496,37.1277,56.4192,97.4737,-9999.0000,-9999.0000,7.6026,16.1112,40.1343,79.9972,-9999.0000,84.0941,-9999.0000,-9999.0000,-9999.0000,15.4167,0,0,1.0000
96497,31.0665,52.0862,101.3627,-9999.0000,-9999.0000,7.7885,16.1106,34.4018,79.8818,-9999.0000,84.1302,-9999.0000,31.8614,-9999.0000,7.7748,0,0,1.0000
96498,30.3546,49.3512,100.6415,-9999.0000,-9999.0000,8.1178,16.1108,40.0701,79.7654,-9999.0000,84.1748,-9999.0000,31.3973,-9999.0000,12.1502,0,0,1.0000
96499,34.9159,51.2904,94.4235,-9999.0000,-9999.0000,6.7208,16.1113,36.9458,79.6563,-9999.0000,84.2153,-9999.0000,29.1003,-9999.0000,6.2974,0,0,1.0000
96500,34.3858,53.7223,92.5387,-9999.0000,-9999.0000,8.5221,16.1156,35.1202,79.5351,-9999.0000,84.2581,-9999.0000,29.5662,-9999.0000,6.2340,0,0,1.0000
96501,31.6109,49.6043,96.4243,-9999.0000,-9999.0000,7.7486,16.1018,34.5480,79.4168,-9999.0000,84.2929,-9999.0000,29.7088,-9999.0000,5.0472,0,0,1.0000
96502,31.9645,51.8129,96.2562,-9999.0000,-9999.0000,6.5237,16.1001,41.6045,79.2809,-9999.0000,84.3307,-9999.0000,28.5328,-9999.0000,6.1769,0,0,1.0000
96503,30.1360,53.3580,90.6710,-9999.0000,-9999.0000,7.2521,16.1050,36.4498,79.1672,-9999.0000,84.3580,-9999.0000,27.2860,-9999.0000,6.6157,0,0,1.0000
96504,30.9348,49.6058,88.4300,-9999.0000,-9999.0000,7.4909,16.1065,35.9866,79.0163,-9999.0000,84.3805,-9999.0000,28.1724,-9999.0000,7.4473,0,0,1.0000
96505,28.7245,52.4060,92.9403,-9999.0000,-9999.0000,7.4048,16.1166,39.6529,78.8857,-9999.0000,84.4101,-9999.0000,27.3347,-9999.0000,8.4567,0,0,1.0000
96506,30.7378,51.8968,90.9923,-9999.0000,-9999.0000,6.9556,16.1164,33.6557,78.7645,-9999.0000,84.4239,-9999.0000,25.4493,-9999.0000,7.9619,0,0,1.0000
96507,27.8470,49.6057,91.1255,-9999.0000,-9999.0000,6.5240,16.1277,33.6159,78.6646,-9999.0000,84.4400,-9999.0000,24.4057,-9999.0000,8.6930,0,0,1.0000
96508,28.4494,46.3759,83.9169,-9999.0000,-9999.0000,7.7314,16.1234,34.0228,78.5760,-9999.0000,84.4443,-9999.0000,24.9659,-9999.0000,10.7570,0,0,1.0000
96509,28.4086,51.8753,90.0387,-9999.0000,-9999.0000,7.2494,16.1227,31.1839,78.4833,-9999.0000,84.4535,-9999.0000,25.2544,-9999.0000,13.6020,0,0,1.0000
96510,28.6333,49.7970,89.1399,-9999.0000,-9999.0000,7.9848,16.1257,41.3643,78.4055,-9999.0000,84.4556,-9999.0000,30.6427,-9999.0000,9.3973,0,0,1.0000
96511,30.9408,51.1043,88.5802,-9999.0000,-9999.0000,7.9250,16.1339,30.6866,78.3550,-9999.0000,84.4635,-9999.0000,31.2242,-9999.0000,7.5899,0,0,1.0000
96512,29.2064,48.4339,89.2400,-9999.0000,-9999.0000,7.3524,16.1304,34.7199,78.3125,-9999.0000,84.4668,-9999.0000,28.8803,-9999.0000,7.1995,0,0,1.0000
96513,32.5114,49.4771,87.8110,-9999.0000,-9999.0000,7.4889,16.1150,37.6992,78.2626,-9999.0000,84.4573,-9999.0000,28.7382,-9999.0000,9.1594,0,0,1.0000
96514,30.3353,53.8931,91.6266,-9999.0000,-9999.0000,6.4890,16.1048,30.7077,78.2257,-9999.0000,84.4551,-9999.0000,31.8610,-9999.0000,6.4430,0,0,1.0000
96515,28.3928,52.8889,92.5914,-9999.0000,-9999.0000,6.9716,16.1107,37.5992,78.2014,-9999.0000,84.4515,-9999.0000,31.4324,-9999.0000,10.2523,0,0,1.0000
96516,30.9005,48.5193,87.6565,-9999.0000,-9999.0000,8.8262,16.1038,33.1531,78.1911,-9999.0000,84.4561,-9999.0000,29.0426,-9999.0000,15.0105,0,0,1.0000
96517,29.7850,51.5369,87.4610,-9999.0000,-9999.0000,8.9605,16.1110,39.3985,78.1952,-9999.0000,84.4617,-9999.0000,28.1845,-9999.0000,8.5874,0,0,1.0000
96518,29.1712,52.3613,92.0613,-9999.0000,-9999.0000,8.2296,16.1109,34.8895,78.1920,-9999.0000,84.4622,-9999.0000,26.8694,-9999.0000,4.6037,0,0,1.0000
96519,32.1398,51.2298,91.0032,-9999.0000,-9999.0000,6.7666,16.1144,36.9989,78.1904,-9999.0000,84.4557,-9999.0000,-9999.0000,-9999.0000,5.1287,0,0,1.0000
96520,32.3899,51.2529,89.5497,-9999.0000,-9999.0000,6.2488,16.1184,35.4211,78.2136,-9999.0000,84.4568,-9999.0000,-9999.0000,-9999.0000,19.5644,0,0,1.0000
96521,30.2563,48.9163,90.1452,-9999.0000,-9999.0000,7.5283,16.1210,33.2027,78.2594,-9999.0000,84.4577,-9999.0000,-9999.0000,-9999.0000,-9999.0000,0,0,1.0000
96522,31.9536,57.0160,92.7896,-9999.0000,-9999.0000,6.7688,16.1237,46.4861,78.3133,-9999.0000,84.4655,-9999.0000,-9999.0000,-9999.0000,-9999.0000,0,0,1.0000
96523,29.2777,53.5728,96.3740,-9999.0000,-9999.0000,6.0637,16.1293,38.1154,78.3820,-9999.0000,84.4819,-9999.0000,-9999.0000,-9999.0000,-9999.0000,0,0,1.0000
96524,31.1024,50.7555,97.9253,-9999.0000,-9999.0000,7.3759,16.1460,32.7904,78.4664,-9999.0000,84.5126,-9999.0000,-9999.0000,-9999.0000,-9999.0000,0,0,1.0000
96525,31.9944,51.2136,92.8010,-9999.0000,-9999.0000,7.2264,16.1435,30.9604,78.5652,-9999.0000,84.5417,-9999.0000,-9999.0000,-9999.0000,-9999.0000,0,0,1.0000
96526,33.8065,55.4563,94.7035,-9999.0000,-9999.0000,7.7780,16.1322,31.9446,78.6717,-9999.0000,84.5790,-9999.0000,-9999.0000,-9999.0000,-9999.0000,0,0,1.0000
96527,32.8088,53.9630,100.0865,-9999.0000,-9999.0000,7.7993,16.1393,39.4739,78.7727,-9999.0000,84.6040,-9999.0000,-9999.0000,-9999.0000,-9999.0000,0,0,1.0000
96528,34.0889,59.3971,99.8463,-9999.0000,-9999.0000,7.6694,16.1477,38.9386,78.8677,-9999.0000,84.6397,-9999.0000,-9999.0000,-9999.0000,-9999.0000,0,0,1.0000
96529,33.2734,55.8863,98.6214,-9999.0000,-9999.0000,7.5679,16.1566,36.4945,78.9640,-9999.0000,84.6851,-9999.0000,-9999.0000,-9999.0000,-9999.0000,0,0,1.0000
96530,34.8886,58.5284,106.9782,-9999.0000,-9999.0000,8.5861,16.1568,41.2781,79.0649,-9999.0000,84.7390,-9999.0000,-9999.0000,-9999.0000,-9999.0000,0,0,1.0000
96531,38.1886,53.4006,96.6488,-9999.0000,-9999.0000,8.2790,16.1554,36.1668,79.1764,-9999.0000,84.7911,-9999.0000,-9999.0000,-9999.0000,-9999.0000,1,0,1.0000
96532,33.4738,55.6985,97.0355,-9999.0000,-9999.0000,7.4668,16.1511,34.5287,79.2979,-9999.0000,84.8345,-9999.0000,-9999.0000,-9999.0000,-9999.0000,1,0,1.0000
96533,30.6928,52.7520,95.4636,-9999.0000,-9999.0000,8.3654,16.1484,34.2607,79.4094,-9999.0000,84.8783,-9999.0000,-9999.0000,-9999.0000,-9999.0000,1,0,1.0000
96534,33.7096,54.9012,95.6997,-9999.0000,-9999.0000,8.3653,16.1532,34.8755,79.5259,-9999.0000,84.9172,-9999.0000,-9999.0000,-9999.0000,-9999.0000,1,0,1.0000
96535,33.5462,56.7635,93.2902,-9999.0000,-9999.0000,-9999.0000,16.1562,39.0676,79.6429,-9999.0000,84.9500,-9999.0000,-9999.0000,-9999.0000,-9999.0000,1,0,1.0000
96536,33.4349,54.5335,95.6109,-9999.0000,-9999.0000,-9999.0000,16.1611,39.6125,79.7595,-9999.0000,84.9745,-9999.0000,-9999.0000,-9999.0000,-9999.0000,1,0,1.0000
96537,33.0795,50.4386,93.8983,-9999.0000,-9999.0000,-9999.0000,16.1622,37.1677,79.8612,-9999.0000,84.9970,-9999.0000,-9999.0000,-9999.0000,-9999.0000,1,0,1.0000
96538,35.1982,52.5724,99.2076,-9999.0000,-9999.0000,-9999.0000,16.1557,35.3591,79.9549,-9999.0000,85.0097,-9999.0000,-9999.0000,-9999.0000,-9999.0000,1,0,1.0000
96539,32.8835,54.2653,100.8169,-9999.0000,-9999.0000,-9999.0000,16.1483,34.8637,80.0516,-9999.0000,85.0268,-9999.0000,-9999.0000,-9999.0000,-9999.0000,1,0,1.0000
96540,32.9134,56.6639,102.0407,-9999.0000,-9999.0000,-9999.0000,16.1521,39.8002,80.1531,-9999.0000,85.0388,-9999.0000,-9999.0000,-9999.0000,-9999.0000,1,0,1.0000
96541,36.7337,57.2903,106.4992,-9999.0000,-9999.0000,-9999.0000,16.1578,32.4514,80.2428,-9999.0000,85.0565,-9999.0000,-9999.0000,-9999.0000,-9999.0000,1,0,1.0000
96542,35.6234,61.2460,108.3047,-9999.0000,-9999.0000,-9999.0000,16.1585,38.8847,80.3205,-9999.0000,85.0635,-9999.0000,-9999.0000,-9999.0000,-9999.0000,1,0,1.0000
96543,37.8572,61.1628,110.8895,-9999.0000,-9999.0000,-9999.0000,16.1581,41.7534,80.3833,-9999.0000,85.0762,-9999.0000,-9999.0000,-9999.0000,-9999.0000,1,0,1.0000
96544,37.6535,63.9174,123.2674,-9999.0000,-9999.0000,-9999.0000,16.1599,40.6829,80.4408,-9999.0000,85.0863,-9999.0000,84.2287,-9999.0000,10.7527,1,0,1.0000
96545,36.6098,63.6520,111.8698,-9999.0000,-9999.0000,-9999.0000,16.1575,41.3753,80.4824,-9999.0000,85.0975,-9999.0000,84.1109,-9999.0000,9.7508,1,0,1.0000
96546,38.4743,70.4031,117.5677,-9999.0000,-9999.0000,-9999.0000,16.1557,40.0343,80.5245,-9999.0000,85.1072,-9999.0000,92.2781,-9999.0000,12.6924,1,0,1.0000
96547,37.5676,71.9519,119.5302,-9999.0000,-9999.0000,-9999.0000,16.1411,44.3194,80.5567,-9999.0000,85.1088,-9999.0000,89.1584,-9999.0000,8.1499,1,0,1.0000
96548,41.9862,70.6360,125.9527,-9999.0000,-9999.0000,10.0613,16.1449,38.5569,80.5914,-9999.0000,85.1101,-9999.0000,92.8755,-9999.0000,6.4150,1,0,1.0000
96549,42.1260,68.7357,123.8904,-9999.0000,-9999.0000,10.5745,16.1403,42.4561,80.6116,-9999.0000,85.1195,-9999.0000,96.7273,-9999.0000,11.4693,1,0,1.0000
96550,44.5032,71.6078,128.8114,-9999.0000,-9999.0000,11.1745,16.1413,47.0080,80.6162,-9999.0000,85.1341,-9999.0000,102.0189,-9999.0000,9.9399,1,0,1.0000
96551,43.0558,73.6199,134.8503,-9999.0000,-9999.0000,11.0181,16.1444,50.4962,80.6231,-9999.0000,85.1589,-9999.0000,107.3158,-9999.0000,11.7578,1,0,1.0000
96552,46.1082,73.7149,129.8286,-9999.0000,-9999.0000,12.7911,16.1436,51.0317,80.6243,-9999.0000,85.1924,-9999.0000,115.5807,-9999.0000,9.2310,1,0,1.0000
96553,44.3399,76.1077,136.8439,-9999.0000,-9999.0000,11.4454,16.1426,46.1235,80.6174,-9999.0000,85.2305,-9999.0000,115.7290,-9999.0000,13.6813,1,0,1.0000
96554,46.1197,78.5418,133.9572,-9999.0000,-9999.0000,11.2873,16.1489,49.4167,80.5956,-9999.0000,85.2563,-9999.0000,109.6102,-9999.0000,12.5050,1,0,1.0000
96555,47.0185,78.2342,134.5514,-9999.0000,-9999.0000,11.5358,16.1597,46.3403,80.5480,-9999.0000,85.2834,-9999.0000,114.6583,-9999.0000,7.9290,1,0,1.0000
96556,45.6862,78.0382,137.5521,-9999.0000,-9999.0000,11.3069,16.1826,51.1495,80.4851,-9999.0000,85.3088,-9999.0000,108.6923,-9999.0000,13.6978,1,0,1.0000
96557,48.4595,77.7342,140.6902,-9999.0000,-9999.0000,10.8781,16.1846,47.5898,80.3989,-9999.0000,85.3365,-9999.0000,107.5820,-9999.0000,7.0998,1,0,1.0000
96558,44.8699,79.8672,143.4289,-9999.0000,-9999.0000,10.8524,16.1925,51.5764,80.2983,-9999.0000,85.3684,-9999.0000,118.1895,-9999.0000,12.0589,1,0,1.0000
96559,48.2289,80.4090,139.1023,-9999.0000,-9999.0000,11.2145,16.2048,52.2551,80.1947,-9999.0000,85.3975,-9999.0000,123.7519,-9999.0000,12.7216,1,0,1.0000
96560,49.8952,78.3151,135.3510,-9999.0000,-9999.0000,12.0293,16.2043,51.5515,80.0726,-9999.0000,85.4260,-9999.0000,124.0122,-9999.0000,12.1147,1,0,1.0000
96561,45.8496,78.6537,144.3558,-9999.0000,-9999.0000,12.9030,16.2051,55.1617,79.9455,-9999.0000,85.4508,-9999.0000,120.9182,-9999.0000,11.8847,1,0,1.0000
96562,45.2349,78.9760,143.3641,-9999.0000,-9999.0000,11.3616,16.2005,54.8465,79.8137,-9999.0000,85.4682,-9999.0000,124.9377,-9999.0000,7.4154,1,0,1.0000
96563,48.7620,79.2682,142.7511,-9999.0000,-9999.0000,10.8969,16.1999,50.5036,79.6873,-9999.0000,85.4842,-9999.0000,123.3875,-9999.0000,16.8139,1,0,1.0000
96564,47.1990,81.3840,144.0689,-9999.0000,-9999.0000,14.0503,16.1982,57.7404,79.5458,-9999.0000,85.4945,-9999.0000,120.9144,-9999.0000,12.8823,1,0,1.0000
96565,46.5063,83.2308,138.3419,-9999.0000,-9999.0000,12.0836,16.1958,57.3184,79.3890,-9999.0000,85.5066,-9999.0000,126.0484,-9999.0000,12.6298,1,0,1.0000
96566,49.0828,80.8022,139.3019,-9999.0000,-9999.0000,12.1159,16.2011,54.0145,79.2324,-9999.0000,85.5159,-9999.0000,127.0808,-9999.0000,14.1073,1,0,1.0000
96567,50.8659,83.1730,140.8495,-9999.0000,-9999.0000,12.9980,16.2002,56.0829,79.0804,-9999.0000,85.5222,-9999.0000,119.4490,-9999.0000,13.9014,1,0,1.0000
96568,47.1352,81.4833,145.8836,-9999.0000,-9999.0000,13.7538,16.2041,51.7241,78.9248,-9999.0000,85.5255,-9999.0000,129.9277,-9999.0000,15.0138,1,0,1.0000
96569,47.9978,80.8601,143.4797,-9999.0000,-9999.0000,14.7433,16.2027,49.6002,78.7757,-9999.0000,85.5242,-9999.0000,131.7626,-9999.0000,10.3769,1,0,1.0000
