Data/Raw/WAGNER,NICK/firexaq-AOP-optical_DC8_20190725_R1.ict
51, 1001
Wagner, Nicholas L.
NOAA Earth System Research Laboratory
NOAA AOP instrument
FIREX-AQ
1, 1
2019, 07, 25, 2020, 04, 27
1
Time_start, seconds_past_midnight, seconds from midnight
18
1, 1, 1, 1, 1, 1, 1, 1, 1, 1, 1, 1, 1, 1, 1, 1, 1, 1
-9999, -9999, -9999, -9999, -9999, -9999, -9999, -9999, -9999, -9999, -9999, -9999, -9999, -9999, -9999, -9999, -9999, -9999
ext_dry_664, Mm-1, AerOpt_Extinction_InSitu_RHd_red_Total_PM2.5_STP
ext_dry_532, Mm-1, AerOpt_Extinction_InSitu_RHd_green_Total_PM2.5_STP
ext_dry_405, Mm-1, AerOpt_Extinction_InSitu_RHd_blue_Total_PM2.5_STP
abs_dry_664, Mm-1, AerOpt_Absorption_InSitu_RHd_red_Total_PM2.5_STP
abs_dry_532, Mm-1, AerOpt_Absorption_InSitu_RHd_green_Total_PM2.5_STP
abs_dry_405, Mm-1, AerOpt_Absorption_InSitu_RHd_blue_Total_PM2.5_STP
AOP_RH_dry, pct, Relative_humidity_of_dry_RH_channels
ext_medRH_664, Mm-1, AerOpt_Extinction_InSitu_RH80_red_Total_PM2.5_STP
AOP_RH_med, pct, Relative_humidity_of_medium_RH_channel
ext_highRH_664, Mm-1, AerOpt_Extinction_InSitu_RH85_red_Total_PM2.5_STP
AOP_RH_high, pct, Relative_humidity_of_high_RH_channel
ext_TD_664, Mm-1, AerOpt_ExtinctionTD_InSitu_RHd_blue_Total_PM2.5_STP
ext_TD_405, Mm-1, AerOpt_ExtinctionTD_InSitu_RHd_red_Total_PM2.5_STP
abs_TD_664, Mm-1, AerOpt_Absorption_InSitu_RHd_red_Total_PM2.5_STP
abs_TD_405, Mm-1, AerOpt_Absorption_InSitu_RHd_blue_Total_PM2.5_STP
AOP_TD_bypass_flag, pct, Flag_for_TD_Bypass_valve
AOP_filter_flag, pct, Flag_for_Filter_Valve
AOP_Dilution_ratio, pct, Applied_Dilution_Ratio_for_ext_channels
1
N/A
18
PI_CONTACT_INFO: Address: NOAA ESRL Chemical Sciences Division, R/CSD2, 325 Broadway, Boulder, CO 80305. Email: nick.wagner@noaa.gov.
PLATFORM: NASA DC8
LOCATION: See the DC8 MetNav file, Based in Boise (BOI) and Salina, KS
ASSOCIATED_DATA: N/A
[...]
DATA_INFO: Mm-1:
UNCERTAINTY: The precision of the extinction measurements varies with aerosol loading and is +/-20% at 10 Mm-1 and +/-5% at 100 Mm-1. The accuracy of the dry measurement is +/-2% and depends on RH for the humidified measurements, +/-5% at 85% RH and +/-15% at 90% RH. For more details, see Langridge et al., Aerosol Science and Technology 45:1305-1318, 2011. Analysis of comparable measurements suggest incomplete mixing in the dilution system. Effective dilution for individual instruments can vary by +/- 30% compared to the reported flow-based dilution estimate. The absorption measurements have a high signal accuracy of 20%. The low signal precision varies with altitude and flight to flight, and is typically less than 10 Mm-1 for 1 second measurements.
ULOD_FLAG: -7777
ULOD_VALUE: N/A
LLOD_FLAG: -8888
LLOD_VALUE: N/A
DM_CONTACT_INFO: Gao Chen
PROJECT_INFO: FIREX-AQ
STIPULATIONS_ON_USE: NASA Data Policy. Contact with PI is encouraged.
OTHER_COMMENTS: N/A
REVISION: R1
R1: Absorption measurements have been corrected for pressure dependent microphone sensitivity. In-cloud data has been removed. R0: Final Data.
Time_start, ext_dry_664, ext_dry_532, ext_dry_405, abs_dry_664, abs_dry_532, abs_dry_405, AOP_RH_dry, ext_medRH_664, AOP_RH_med, ext_highRH_664, AOP_RH_high, ext_TD_664, ext_TD_405, abs_TD_664, abs_TD_405, AOP_TD_bypass_flag, AOP_filter_flag, AOP_Dilution_ratio
[from data line 18318]
97713,0.2463,3.4377,6.1151,-0.1346,0.9437,0.7268,5.9293,5.6766,81.5832,0.9032,87.0518,-9999.0000,-9999.0000,-9999.0000,-9999.0000,0,0,1.0000
97714,0.1562,3.3572,2.6490,-1.2106,1.3408,1.1459,5.9252,5.7760,81.4650,0.5334,87.0012,-9999.0000,-9999.0000,-9999.0000,-9999.0000,0,0,1.0000
97715,0.1902,2.6174,2.8152,-0.3188,0.0700,0.0568,5.9223,5.9297,81.3521,-0.0324,86.9450,-9999.0000,-9999.0000,-9999.0000,-9999.0000,0,0,1.0000
97716,0.6504,2.6295,2.8184,-0.4726,-0.9137,1.0443,5.9223,5.6142,81.2694,0.4230,86.8804,-9999.0000,-9999.0000,-9999.0000,-9999.0000,0,0,1.0000
97717,0.0414,2.6166,2.9041,-0.3956,0.2726,-0.0776,5.9244,6.7565,81.1930,0.2715,86.8121,-9999.0000,-9999.0000,-9999.0000,-9999.0000,0,0,1.0000
97718,1.9412,2.5845,2.8447,-0.8771,1.3663,-0.1562,5.9183,6.4516,81.1405,0.4664,86.7563,-9999.0000,-9999.0000,-9999.0000,-9999.0000,0,0,1.0000
97719,2.7170,2.3493,3.8968,0.7574,0.5575,0.7948,5.9213,6.3345,81.0743,0.5362,86.7042,-9999.0000,-9999.0000,-9999.0000,-9999.0000,0,0,1.0000
97720,0.9542,2.0781,4.6910,0.0293,-0.9791,0.1435,5.9235,6.8199,81.0369,1.8963,86.6635,-9999.0000,-9999.0000,-9999.0000,-9999.0000,0,0,1.0000
97721,-0.0415,2.4879,3.4480,-0.6981,-0.9307,0.8003,5.9216,7.6141,80.9947,0.6347,86.6327,-9999.0000,-9999.0000,-9999.0000,-9999.0000,0,0,1.0000
97722,-0.1703,2.7872,4.5094,-0.4484,-2.4272,0.2168,5.9239,6.4999,80.9644,0.2549,86.6031,-9999.0000,-9999.0000,-9999.0000,-9999.0000,0,0,1.0000
97723,0.3708,2.3372,7.0203,-0.1047,-0.2912,0.9501,5.9265,6.7330,80.9542,1.0898,86.5754,-9999.0000,-9999.0000,-9999.0000,-9999.0000,0,0,1.0000
97724,0.0849,2.4091,5.3417,2.9031,2.1613,-1.0694,5.9244,6.5669,80.9373,0.3741,86.5391,-9999.0000,-9999.0000,-9999.0000,-9999.0000,0,0,1.0000
97725,0.1488,2.7308,3.3188,-3.0797,-1.0531,-0.0083,5.9257,7.4956,80.9285,-0.1833,86.5091,-9999.0000,-9999.0000,-9999.0000,-9999.0000,0,0,1.0000
97726,0.1458,2.9014,2.9991,0.2886,2.0644,1.2411,5.9222,7.5654,80.9193,-0.3679,86.4723,-9999.0000,-9999.0000,-9999.0000,-9999.0000,0,0,1.0000
97727,0.0779,2.6348,2.2064,1.5209,-0.3430,-0.8279,5.9260,6.1253,80.9138,-0.3317,86.4345,-9999.0000,-9999.0000,-9999.0000,-9999.0000,0,0,1.0000
97728,0.7332,2.2873,3.8379,0.4052,0.3113,-0.7275,5.9262,6.2927,80.9185,0.9072,86.3928,-9999.0000,-9999.0000,-9999.0000,-9999.0000,0,0,1.0000
97729,-0.1667,2.6025,4.7240,-0.5233,-0.4734,0.5302,5.9318,6.8470,80.9194,0.2011,86.3551,-9999.0000,-9999.0000,-9999.0000,-9999.0000,0,0,1.0000
97730,0.0161,2.8150,4.4166,-1.8076,0.0281,-0.4243,5.9340,7.3225,80.9254,0.0494,86.3086,-9999.0000,-9999.0000,-9999.0000,-9999.0000,0,0,1.0000
97731,2.3031,2.5587,6.2941,0.6319,-1.7429,2.0980,5.9272,6.6012,80.9306,-0.0199,86.2591,-9999.0000,-9999.0000,-9999.0000,-9999.0000,0,0,1.0000
97732,1.8806,3.6455,4.4752,-0.3508,1.1980,0.8996,5.9199,7.5659,80.9530,1.7851,86.2174,-9999.0000,-9999.0000,-9999.0000,-9999.0000,0,0,1.0000
97733,0.1273,7.9462,1.5091,2.6554,-0.4643,1.2941,5.9201,6.5062,80.9847,0.6107,86.1750,-9999.0000,-9999.0000,-9999.0000,-9999.0000,0,0,1.0000
97734,-0.0496,3.7651,1.4150,0.5945,2.2434,1.5738,5.9232,6.7488,81.0271,0.6483,86.1334,-9999.0000,-9999.0000,-9999.0000,-9999.0000,0,0,1.0000
97735,0.1926,2.2530,2.0189,1.5493,2.1625,-0.3724,5.9259,7.1623,81.0745,0.1966,86.0896,-9999.0000,-9999.0000,-9999.0000,-9999.0000,0,0,1.0000
97736,-0.2188,2.5369,2.6921,-1.6344,2.2497,0.6632,5.9230,8.1881,81.1433,1.0012,86.0537,-9999.0000,-9999.0000,-9999.0000,-9999.0000,0,0,1.0000
97737,-0.2271,2.2531,1.5167,-1.2019,-0.3469,0.6009,5.9068,6.8949,81.2017,0.8381,86.0263,-9999.0000,-9999.0000,-9999.0000,-9999.0000,0,0,1.0000
97738,0.4605,3.4576,1.5315,-0.0735,-0.3060,0.4051,5.9071,7.1726,81.2674,0.2223,85.9905,-9999.0000,-9999.0000,-9999.0000,-9999.0000,0,0,1.0000
97739,-0.1958,2.3166,1.5669,-0.2253,-0.8225,0.4865,5.8958,7.4988,81.3400,0.0787,85.9510,-9999.0000,-9999.0000,-9999.0000,-9999.0000,0,0,1.0000
97740,-0.0098,3.3267,2.3512,-3.0930,0.6855,1.4652,5.8998,6.6893,81.4129,0.8562,85.9070,-9999.0000,-9999.0000,-9999.0000,-9999.0000,0,0,1.0000
97741,0.1886,2.6234,1.2006,-3.2990,-1.1386,-0.2492,5.8978,6.6677,81.5030,0.1574,85.8841,-9999.0000,-9999.0000,-9999.0000,-9999.0000,0,0,1.0000
97742,0.1617,2.3990,2.0271,-2.3815,1.2578,0.7776,5.8947,6.9634,81.5822,0.9331,85.8673,-9999.0000,-9999.0000,-9999.0000,-9999.0000,0,0,1.0000
97743,0.0775,2.9102,1.3607,-0.5480,-3.4883,0.8183,5.8946,7.2767,81.6554,0.4337,85.8596,-9999.0000,-9999.0000,-9999.0000,-9999.0000,0,0,1.0000
97744,0.1890,3.0184,2.1703,0.0111,2.0356,-0.2131,5.8931,7.1343,81.7203,0.1472,85.8621,-9999.0000,-9999.0000,-9999.0000,-9999.0000,0,0,1.0000
97745,0.4010,3.1930,1.8898,-0.1577,-1.4119,0.7391,5.8934,7.1108,81.7873,-0.0254,85.8606,-9999.0000,-9999.0000,-9999.0000,-9999.0000,0,0,1.0000
97746,-0.1371,3.6416,7.1396,-1.8644,2.4904,0.4480,5.8936,7.1908,81.8677,0.0343,85.8603,-9999.0000,-9999.0000,-9999.0000,-9999.0000,0,0,1.0000
97747,1.6022,2.4532,2.8231,0.6762,-1.9611,-0.7129,5.8874,6.9944,81.9510,-0.1353,85.8650,-9999.0000,-9999.0000,-9999.0000,-9999.0000,0,0,1.0000
97748,0.2064,2.4692,3.6067,-0.3228,-1.0152,-0.1419,5.8904,7.6715,82.0275,-0.0104,85.8680,-9999.0000,-9999.0000,-9999.0000,-9999.0000,0,0,1.0000
97749,0.2092,3.3766,4.7850,0.5039,-0.7717,-0.6175,5.8864,9.0513,82.0837,0.1992,85.8778,-9999.0000,-9999.0000,-9999.0000,-9999.0000,0,0,1.0000
97750,0.3914,3.2452,3.8145,0.9960,-1.0572,0.7383,5.8808,8.0631,82.1406,2.9302,85.8966,-9999.0000,-9999.0000,-9999.0000,-9999.0000,0,0,1.0000
97751,1.0345,3.5228,2.4340,0.0222,1.7163,0.1273,5.8831,14.0844,82.1972,3.0096,85.9248,-9999.0000,-9999.0000,-9999.0000,-9999.0000,0,0,1.0000
97752,-0.2083,2.7245,2.0121,-2.1190,2.1221,0.5682,5.8818,13.1803,82.2646,0.5309,85.9720,-9999.0000,-9999.0000,-9999.0000,-9999.0000,0,0,1.0000
97753,-0.2270,2.7405,2.0512,-1.0030,0.0912,0.5361,5.8802,8.7678,82.3268,1.2062,86.0124,-9999.0000,-9999.0000,-9999.0000,-9999.0000,0,0,1.0000
97754,0.9683,6.8406,2.6443,-0.5079,-0.8306,0.3458,5.8876,9.0334,82.3942,1.1942,86.0486,-9999.0000,-9999.0000,-9999.0000,-9999.0000,0,0,1.0000
97755,-0.0616,5.5698,2.1386,-1.5527,-2.2273,0.6527,5.8838,7.5832,82.4480,0.2143,86.1012,-9999.0000,-9999.0000,-9999.0000,-9999.0000,0,0,1.0000
97756,-0.1737,3.1408,2.9304,-1.1091,-0.6793,1.4776,5.8896,7.7536,82.4853,-0.0815,86.1520,-9999.0000,-9999.0000,-9999.0000,-9999.0000,0,0,1.0000
97757,-0.2221,3.6902,2.5182,-1.7854,0.7705,2.0897,5.8929,7.5797,82.5213,0.3652,86.1932,-9999.0000,-9999.0000,-9999.0000,-9999.0000,0,0,1.0000
97758,1.3095,3.1597,2.9982,-0.0028,-0.7137,-1.2323,5.8992,7.5536,82.5486,0.5672,86.2181,-9999.0000,-9999.0000,-9999.0000,-9999.0000,0,0,1.0000
97759,-0.2383,3.0296,3.0061,-3.1957,-1.3677,-0.0753,5.9007,13.5656,82.5776,0.5209,86.2413,-9999.0000,-9999.0000,-9999.0000,-9999.0000,0,0,1.0000
97760,2.3402,3.0725,3.1836,-1.6375,-1.1207,0.2505,5.8935,10.1557,82.5894,2.6729,86.2727,-9999.0000,-9999.0000,-9999.0000,-9999.0000,0,0,1.0000
97761,0.0541,3.1538,2.4145,-2.4301,1.2964,0.0099,5.8918,8.1267,82.5987,0.3080,86.2973,-9999.0000,-9999.0000,-9999.0000,-9999.0000,0,0,1.0000
97762,0.6306,2.9466,2.5697,2.6024,-1.4024,-0.7365,5.8925,8.3133,82.5847,1.0398,86.3056,-9999.0000,-9999.0000,-9999.0000,-9999.0000,0,0,1.0000
97763,-0.2144,2.9291,2.4436,0.6691,0.3674,1.3905,5.8873,8.1369,82.5768,0.4745,86.3114,-9999.0000,-9999.0000,-9999.0000,-9999.0000,0,0,1.0000
97764,-0.3585,3.0775,2.2704,-3.4745,-0.6022,0.5854,5.8821,8.0826,82.5639,1.0859,86.3239,-9999.0000,-9999.0000,-9999.0000,-9999.0000,0,0,1.0000
97765,0.0511,2.9486,2.3809,0.8144,1.5308,0.1800,5.8753,7.7487,82.5435,0.0987,86.3339,-9999.0000,-9999.0000,-9999.0000,-9999.0000,0,0,1.0000
97766,-0.3074,2.5153,2.3696,0.0024,-2.1389,1.2757,5.8788,7.4335,82.5115,-0.0452,86.3415,-9999.0000,-9999.0000,-9999.0000,-9999.0000,0,0,1.0000
97767,-0.1749,2.8160,1.3567,-1.7828,-1.1044,0.3001,5.8728,8.0402,82.4880,-0.1669,86.3517,-9999.0000,-9999.0000,-9999.0000,-9999.0000,0,0,1.0000
97768,-0.1902,3.0004,1.4063,-1.4856,-1.1038,0.1344,5.8666,7.4560,82.4527,-0.2473,86.3687,-9999.0000,-9999.0000,-9999.0000,-9999.0000,0,0,1.0000
97769,-0.3178,3.4330,1.9128,-1.3584,-0.8427,1.1371,5.8688,7.2402,82.4175,0.0448,86.3789,-9999.0000,-9999.0000,-9999.0000,-9999.0000,0,0,1.0000
97770,0.6104,3.0397,2.2457,-0.6280,-0.0658,-0.1850,5.8684,10.5271,82.3777,0.6891,86.3890,-9999.0000,-9999.0000,-9999.0000,-9999.0000,0,0,1.0000
97771,-0.2244,3.2614,1.4440,0.1688,-1.5221,0.9738,5.8660,7.7799,82.3169,0.4947,86.3979,-9999.0000,-9999.0000,-9999.0000,-9999.0000,0,0,1.0000
97772,-0.1105,2.9929,1.8768,-0.6121,0.6613,0.3597,5.8594,7.3214,82.2575,1.9174,86.4020,-9999.0000,-9999.0000,-9999.0000,-9999.0000,0,0,1.0000
97773,0.0480,4.4398,1.5363,-1.0859,-2.6581,-0.1518,5.8661,8.1907,82.2016,0.5769,86.4143,-9999.0000,-9999.0000,-9999.0000,-9999.0000,0,0,1.0000
97774,0.0493,2.9733,0.9785,1.6631,1.3786,-0.1026,5.8723,7.8690,82.1437,0.2580,86.4215,-9999.0000,-9999.0000,-9999.0000,-9999.0000,0,0,1.0000
97775,-0.1114,3.0492,1.4410,-0.3393,-2.8476,0.7655,5.8688,7.8710,82.0936,0.2563,86.4193,-9999.0000,-9999.0000,-9999.0000,-9999.0000,0,0,1.0000
97776,-0.1625,2.7531,3.5073,-0.5675,-0.7686,-0.0556,5.8609,17.2976,82.0458,0.3892,86.4277,-9999.0000,-9999.0000,-9999.0000,-9999.0000,0,0,1.0000
97777,-0.0593,2.9555,2.0257,1.2400,1.2896,0.3334,5.8565,18.5533,82.0092,1.8543,86.4367,-9999.0000,-9999.0000,-9999.0000,-9999.0000,0,0,1.0000
97778,-0.1281,3.3735,1.3522,0.6439,-1.8100,0.9333,5.8529,9.7421,81.9789,1.1892,86.4455,-9999.0000,-9999.0000,-9999.0000,-9999.0000,0,0,1.0000
97779,-0.2148,2.8412,1.8922,-0.2351,-0.6037,-0.2993,5.8516,7.9273,81.9542,0.5242,86.4606,-9999.0000,-9999.0000,-9999.0000,-9999.0000,0,0,1.0000
97780,-0.2732,3.4856,1.5015,-1.3906,1.0899,0.5196,5.8515,9.4421,81.9367,0.1240,86.4765,-9999.0000,-9999.0000,-9999.0000,-9999.0000,0,0,1.0000
97781,-0.3162,3.0426,2.2294,2.2279,2.7224,-0.1138,5.8490,8.6040,81.9102,0.1531,86.4923,-9999.0000,-9999.0000,-9999.0000,-9999.0000,0,0,1.0000
97782,-0.2786,3.0563,1.3250,0.5586,-0.9349,0.1776,5.8550,8.3400,81.8954,1.5354,86.5023,-9999.0000,-9999.0000,-9999.0000,-9999.0000,0,0,1.0000
97783,-0.1286,3.2016,2.9283,-0.9032,0.0046,-1.3207,5.8548,8.2373,81.8946,1.2912,86.5188,-9999.0000,-9999.0000,-9999.0000,-9999.0000,0,0,1.0000
97784,-0.0342,3.3286,1.5973,-0.8114,2.2037,-0.2941,5.8606,8.1012,81.8887,0.6757,86.5377,-9999.0000,-9999.0000,-9999.0000,-9999.0000,0,0,1.0000
97785,-0.0348,2.8937,1.8701,-1.2370,-1.2996,-0.0744,5.8594,8.5588,81.8914,0.5291,86.5549,-9999.0000,-9999.0000,-9999.0000,-9999.0000,0,0,1.0000
97786,-0.2554,3.0461,2.0574,0.2519,-2.1600,0.8717,5.8549,10.8877,81.8914,1.1767,86.5715,-9999.0000,-9999.0000,-9999.0000,-9999.0000,0,0,1.0000
97787,-0.1816,2.8577,2.3799,-0.3401,0.9360,0.3119,5.8504,8.8640,81.8859,1.4570,86.5815,-9999.0000,-9999.0000,-9999.0000,-9999.0000,0,0,1.0000
97788,-0.2468,2.9797,2.4422,-2.4765,0.9879,-0.3800,5.8624,22.5809,81.8963,1.3300,86.5870,-9999.0000,-9999.0000,-9999.0000,-9999.0000,0,0,1.0000
97789,-0.2445,3.3584,1.0029,0.1905,-0.9741,1.4438,5.8666,8.1719,81.9087,1.3059,86.5949,-9999.0000,-9999.0000,-9999.0000,-9999.0000,0,0,1.0000
97790,-0.0160,3.1616,2.0758,0.1907,2.1101,0.9361,5.8689,7.7518,81.9466,1.1772,86.5972,-9999.0000,-9999.0000,-9999.0000,-9999.0000,0,0,1.0000
97791,-0.3832,3.3661,1.2686,-9999.0000,2.1102,0.9362,5.8675,7.8752,81.9971,18.8831,86.5989,-9999.0000,-9999.0000,-9999.0000,-9999.0000,0,0,1.0000
97792,0.0248,3.3014,1.3259,-9999.0000,-9999.0000,-9999.0000,5.8750,8.6009,82.0609,2.0289,86.5984,-9999.0000,-9999.0000,-9999.0000,-9999.0000,0,0,1.0000
97793,-0.2369,3.1525,1.2063,-9999.0000,-9999.0000,-9999.0000,5.8730,7.7610,82.1283,0.7801,86.6025,-9999.0000,-9999.0000,-9999.0000,-9999.0000,0,0,1.0000
97794,-0.1405,3.7366,1.0535,-9999.0000,-9999.0000,-9999.0000,5.8671,7.5650,82.1894,0.7431,86.6071,-9999.0000,-9999.0000,-9999.0000,-9999.0000,0,0,1.0000
97795,0.0089,3.7221,1.4810,-9999.0000,-9999.0000,-9999.0000,5.8682,8.1973,82.2440,0.1571,86.6048,-9999.0000,-9999.0000,-9999.0000,-9999.0000,0,0,1.0000
97796,-0.1479,3.5811,1.4919,-9999.0000,-9999.0000,-9999.0000,5.8673,8.4519,82.3011,0.1884,86.6045,-9999.0000,-9999.0000,-9999.0000,-9999.0000,0,0,1.0000
97797,-0.0130,3.6058,1.6976,-9999.0000,-9999.0000,-9999.0000,5.8651,7.4834,82.3649,0.6472,86.6051,-9999.0000,-9999.0000,-9999.0000,-9999.0000,0,0,1.0000
97798,-0.3059,3.3998,1.1936,-9999.0000,-9999.0000,-9999.0000,5.8596,7.8172,82.4512,2.2037,86.6056,-9999.0000,-9999.0000,-9999.0000,-9999.0000,0,0,1.0000
97799,0.0308,4.2618,1.5067,-9999.0000,-9999.0000,-9999.0000,5.8571,8.4845,82.5312,0.1397,86.6067,-9999.0000,-9999.0000,-9999.0000,-9999.0000,0,0,1.0000
97800,-0.1500,3.5527,1.2016,-9999.0000,-9999.0000,-9999.0000,5.8548,8.6161,82.6021,1.0423,86.5989,-9999.0000,-9999.0000,-9999.0000,-9999.0000,0,0,1.0000
97801,-0.0047,3.9832,1.0825,-9999.0000,-9999.0000,-9999.0000,5.8518,7.8343,82.6801,0.6156,86.5987,-9999.0000,-9999.0000,-9999.0000,-9999.0000,0,0,1.0000
97802,-0.3291,3.3580,1.0659,-9999.0000,-9999.0000,-9999.0000,5.8471,7.5928,82.7551,0.2860,86.5959,-9999.0000,-9999.0000,-9999.0000,-9999.0000,0,0,1.0000
97803,-0.1781,3.9465,1.4891,-9999.0000,-9999.0000,-9999.0000,5.8436,7.4644,82.8315,3.3330,86.5847,-9999.0000,-9999.0000,-9999.0000,-9999.0000,0,0,1.0000
97804,0.1951,3.0664,1.9567,0.0436,-9999.0000,-9999.0000,5.8449,8.1494,82.9031,3.1503,86.5803,-9999.0000,-9999.0000,-9999.0000,-9999.0000,0,0,1.0000
97805,0.0133,3.3272,1.4674,2.8028,0.5125,0.6111,5.8444,8.7357,82.9719,2.5737,86.5776,-9999.0000,-9999.0000,-9999.0000,-9999.0000,0,0,1.0000
97806,-0.1034,2.8869,1.5310,-1.3413,2.4987,0.7511,5.8438,7.5219,83.0560,0.7910,86.5769,-9999.0000,-9999.0000,-9999.0000,-9999.0000,0,0,1.0000
97807,-0.2986,3.2138,1.3239,2.3365,1.0111,1.1890,5.8418,8.6424,83.1184,0.2400,86.5769,-9999.0000,-9999.0000,-9999.0000,-9999.0000,0,0,1.0000
97808,0.0177,3.4445,1.7266,0.0242,-0.9289,-0.4563,5.8437,8.1953,83.1844,0.3325,86.5763,-9999.0000,-9999.0000,-9999.0000,-9999.0000,0,0,1.0000
97809,-0.1374,3.7208,1.7410,-0.8402,1.0080,-0.9240,5.8453,7.8647,83.2455,1.2019,86.5741,-9999.0000,-9999.0000,-9999.0000,-9999.0000,0,0,1.0000
97810,-0.0820,3.3307,1.6722,4.6110,0.0034,0.4169,5.8431,7.7401,83.3022,0.1673,86.5768,-9999.0000,-9999.0000,-9999.0000,-9999.0000,0,0,1.0000
97811,-0.2592,3.3533,1.2915,-0.4810,-1.7838,0.6778,5.8466,8.3258,83.3627,0.1880,86.5891,-9999.0000,-9999.0000,-9999.0000,-9999.0000,0,0,1.0000
97812,-0.2509,2.8025,1.6557,0.0521,0.3915,0.5430,5.8462,7.6502,83.4200,0.6630,86.5998,-9999.0000,-9999.0000,-9999.0000,-9999.0000,0,0,1.0000
97813,-0.3736,3.1557,1.1864,0.5243,1.5890,0.0639,5.8418,7.7171,83.4722,0.2964,86.6076,-9999.0000,-9999.0000,-9999.0000,-9999.0000,0,0,1.0000
97814,-0.1937,3.5706,1.9466,-2.0268,0.0304,0.3944,5.8486,7.7812,83.5181,0.1093,86.6252,-9999.0000,-9999.0000,-9999.0000,-9999.0000,0,0,1.0000
97815,-0.3126,3.5177,2.3030,-0.1236,-1.3926,0.5770,5.8437,7.5090,83.5438,0.0626,86.6482,-9999.0000,-9999.0000,-9999.0000,-9999.0000,0,0,1.0000
97816,0.1577,3.1029,1.5168,2.2555,1.6611,1.1057,5.8436,12.2065,83.5789,0.4199,86.6576,-9999.0000,-9999.0000,-9999.0000,-9999.0000,0,0,1.0000
97817,0.7258,5.2764,2.0432,1.6156,-0.2729,0.1251,5.8379,11.4457,83.6173,0.4261,86.6704,-9999.0000,-9999.0000,-9999.0000,-9999.0000,0,0,1.0000
97818,0.0016,3.0829,1.0850,0.3605,0.9531,-1.4002,5.8366,8.8140,83.6455,2.1682,86.6770,-9999.0000,-9999.0000,-9999.0000,-9999.0000,0,0,1.0000
97819,-0.1687,2.8886,1.2682,2.2585,0.0109,0.0924,5.8393,9.0712,83.6709,1.8387,86.6856,-9999.0000,-9999.0000,-9999.0000,-9999.0000,0,0,1.0000
97820,-0.2255,3.0272,1.4459,0.5407,1.1605,-0.2825,5.8367,7.4534,83.6883,1.0629,86.6902,-9999.0000,-9999.0000,-9999.0000,-9999.0000,0,0,1.0000
97821,1.5330,3.8349,1.0999,0.7359,1.1722,-0.2697,5.8438,7.6734,83.7041,0.7791,86.6952,-9999.0000,-9999.0000,-9999.0000,-9999.0000,0,0,1.0000
97822,-0.0669,2.8784,1.3891,1.4145,-0.9735,0.2666,5.8399,8.7899,83.7167,0.3383,86.6986,-9999.0000,-9999.0000,-9999.0000,-9999.0000,0,0,1.0000
97823,-0.1560,2.9525,1.4409,-0.4550,0.4709,0.5361,5.8465,8.7742,83.7125,0.8186,86.7032,-9999.0000,-9999.0000,-9999.0000,-9999.0000,0,0,1.0000
