Data/Raw/WAGNER,NICK/firexaq-AOP-optical_DC8_20190725_R1.ict
51, 1001
Wagner, Nicholas L.
NOAA Earth System Research Laboratory
NOAA AOP instrument
FIREX-AQ
1, 1
2019, 07, 25, 2020, 04, 27
1
Time_start, seconds_past_midnight, seconds from midnight
18
1, 1, 1, 1, 1, 1, 1, 1, 1, 1, 1, 1, 1, 1, 1, 1, 1, 1
-9999, -9999, -9999, -9999, -9999, -9999, -9999, -9999, -9999, -9999, -9999, -9999, -9999, -9999, -9999, -9999, -9999, -9999
ext_dry_664, Mm-1, AerOpt_Extinction_InSitu_RHd_red_Total_PM2.5_STP
ext_dry_532, Mm-1, AerOpt_Extinction_InSitu_RHd_green_Total_PM2.5_STP
ext_dry_405, Mm-1, AerOpt_Extinction_InSitu_RHd_blue_Total_PM2.5_STP
abs_dry_664, Mm-1, AerOpt_Absorption_InSitu_RHd_red_Total_PM2.5_STP
abs_dry_532, Mm-1, AerOpt_Absorption_InSitu_RHd_green_Total_PM2.5_STP
abs_dry_405, Mm-1, AerOpt_Absorption_InSitu_RHd_blue_Total_PM2.5_STP
AOP_RH_dry, pct, Relative_humidity_of_dry_RH_channels
ext_medRH_664, Mm-1, AerOpt_Extinction_InSitu_RH80_red_Total_PM2.5_STP
AOP_RH_med, pct, Relative_humidity_of_medium_RH_channel
ext_highRH_664, Mm-1, AerOpt_Extinction_InSitu_RH85_red_Total_PM2.5_STP
AOP_RH_high, pct, Relative_humidity_of_high_RH_channel
ext_TD_664, Mm-1, AerOpt_ExtinctionTD_InSitu_RHd_blue_Total_PM2.5_STP
ext_TD_405, Mm-1, AerOpt_ExtinctionTD_InSitu_RHd_red_Total_PM2.5_STP
abs_TD_664, Mm-1, AerOpt_Absorption_InSitu_RHd_red_Total_PM2.5_STP
abs_TD_405, Mm-1, AerOpt_Absorption_InSitu_RHd_blue_Total_PM2.5_STP
AOP_TD_bypass_flag, pct, Flag_for_TD_Bypass_valve
AOP_filter_flag, pct, Flag_for_Filter_Valve
AOP_Dilution_ratio, pct, Applied_Dilution_Ratio_for_ext_channels
1
N/A
18
PI_CONTACT_INFO: Address: NOAA ESRL Chemical Sciences Division, R/CSD2, 325 Broadway, Boulder, CO 80305. Email: nick.wagner@noaa.gov.
PLATFORM: NASA DC8
LOCATION: See the DC8 MetNav file, Based in Boise (BOI) and Salina, KS
ASSOCIATED_DATA: N/A
[...]
DATA_INFO: Mm-1:
UNCERTAINTY: The precision of the extinction measurements varies with aerosol loading and is +/-20% at 10 Mm-1 and +/-5% at 100 Mm-1. The accuracy of the dry measurement is +/-2% and depends on RH for the humidified measurements, +/-5% at 85% RH and +/-15% at 90% RH. For more details, see Langridge et al., Aerosol Science and Technology 45:1305-1318, 2011. Analysis of comparable measurements suggest incomplete mixing in the dilution system. Effective dilution for individual instruments can vary by +/- 30% compared to the reported flow-based dilution estimate. The absorption measurements have a high signal accuracy of 20%. The low signal precision varies with altitude and flight to flight, and is typically less than 10 Mm-1 for 1 second measurements.
ULOD_FLAG: -7777
ULOD_VALUE: N/A
LLOD_FLAG: -8888
LLOD_VALUE: N/A
DM_CONTACT_INFO: Gao Chen
PROJECT_INFO: FIREX-AQ
STIPULATIONS_ON_USE: NASA Data Policy. Contact with PI is encouraged.
OTHER_COMMENTS: N/A
REVISION: R1
R1: Absorption measurements have been corrected for pressure dependent microphone sensitivity. In-cloud data has been removed. R0: Final Data.
Time_start, ext_dry_664, ext_dry_532, ext_dry_405, abs_dry_664, abs_dry_532, abs_dry_405, AOP_RH_dry, ext_medRH_664, AOP_RH_med, ext_highRH_664, AOP_RH_high, ext_TD_664, ext_TD_405, abs_TD_664, abs_TD_405, AOP_TD_bypass_flag, AOP_filter_flag, AOP_Dilution_ratio
[from data line 17704]
97099,3.0006,-8.6472,18.1445,-9999.0000,-9999.0000,4.4237,6.3457,32.4818,82.0078,48.6805,85.8490,8.0576,1.9422,-9999.0000,4.1930,0,0,15.3000
97100,4.9060,-6.3125,41.3461,-9999.0000,-9999.0000,4.5324,6.3450,39.8255,81.9706,37.4808,85.8532,7.8238,2.5151,-9999.0000,-2.7236,0,0,15.3000
97101,2.2059,-7.7390,10.4755,0.2429,-1.6492,2.3403,6.3462,34.8180,81.9068,26.6808,85.8641,7.3738,4.6041,-9999.0000,0.1223,0,0,15.3000
97102,-1.2655,-11.8104,-6.6421,0.4975,1.4621,1.4131,6.3539,41.0808,81.8393,18.0164,85.8799,5.4561,-0.0008,-9999.0000,1.3670,0,0,15.3000
97103,0.9375,-9.2006,-14.2752,1.9935,1.3499,1.2960,6.3603,29.4769,81.7603,32.7659,85.9097,2.0591,1.4693,-9999.0000,5.3793,0,0,15.3000
97104,-4.8157,-11.1014,-9.1316,-0.5660,0.3151,1.6415,6.3650,29.4736,81.6764,47.0527,85.9326,-0.7597,1.2705,-9999.0000,-1.8203,0,0,15.3000
97105,-4.9497,-10.8939,-18.3846,0.1902,-0.3012,1.3004,6.3713,27.4109,81.5877,19.4774,85.9558,-3.3489,-0.2721,-9999.0000,3.1118,0,0,15.3000
97106,-1.8396,-11.0517,-16.8601,-0.2290,-0.8271,0.5998,6.3699,19.7244,81.4878,10.5822,85.9827,-4.6603,-1.1066,-9999.0000,-1.4877,0,0,15.3000
97107,-4.1750,-19.1132,-29.3808,2.5571,-9999.0000,0.9012,6.3706,21.7148,81.3939,7.5332,86.0177,-3.9453,-1.6869,-9999.0000,6.4606,0,0,15.3000
97108,-5.8198,-18.3283,-25.9246,1.4333,-9999.0000,0.6993,6.3752,19.4937,81.3105,6.6828,86.0683,-7.6313,-0.8176,-9999.0000,2.9397,0,0,15.3000
97109,-4.3230,-14.6968,-24.5744,-9999.0000,-9999.0000,1.5095,6.3831,16.4571,81.2278,20.0400,86.1230,-9.7810,-0.2165,-9999.0000,-2.1879,0,0,15.3000
97110,2.8450,-6.3555,-5.2675,-9999.0000,-9999.0000,1.8265,6.3681,30.1540,81.1353,16.8361,86.1645,-8.9569,0.4150,-9999.0000,-0.7931,0,0,15.3000
97111,11.8269,-0.9680,-7.6067,-9999.0000,-9999.0000,3.5229,6.3607,15.4924,81.0304,13.6152,86.2046,-7.3372,-0.0319,-9999.0000,3.6185,0,0,15.3000
97112,6.0427,-3.0555,6.2091,-9999.0000,-9999.0000,5.5863,6.3681,26.0866,80.9142,13.0327,86.2270,-5.7853,1.5960,-9999.0000,-1.2360,0,0,15.3000
97113,38.3711,13.2168,12.5221,-9999.0000,-9999.0000,10.6488,6.3701,33.2232,80.8161,13.8909,86.2485,-3.8480,4.5824,-9999.0000,3.8672,0,0,15.3000
97114,32.8395,37.7364,69.0589,-9999.0000,14.4696,21.3214,6.3741,46.1474,80.7300,35.6676,86.2598,-0.4276,10.6292,-9999.0000,5.6389,0,0,15.3000
97115,49.2213,93.4203,161.5662,-9999.0000,17.9383,30.0201,6.3886,69.9381,80.6189,54.6859,86.2731,9.0553,21.4435,-9999.0000,11.3472,0,0,15.3000
97116,99.2624,185.3243,313.2416,-9999.0000,23.8502,36.3322,6.3837,137.7795,80.5029,82.8246,86.2888,17.6863,32.0123,-9999.0000,19.2793,0,0,15.3000
97117,129.5222,278.2341,373.5008,-9999.0000,22.7721,38.8495,6.3896,122.2031,80.4082,97.2328,86.2950,17.6077,31.7415,-9999.0000,16.9743,0,0,15.3000
97118,125.6418,191.0860,343.0868,-9999.0000,20.3745,35.2506,6.3952,128.2605,80.3337,92.2331,86.2963,15.7064,34.2208,-9999.0000,26.7760,0,0,15.3000
97119,81.4142,121.9085,272.2489,-9999.0000,16.4916,27.9738,6.3903,85.4339,80.2538,83.1857,86.2985,12.5180,33.1418,-9999.0000,19.8679,0,0,15.3000
97120,52.9802,84.9173,172.2523,-9999.0000,-9999.0000,20.3087,6.3939,53.9442,80.1481,60.2573,86.2893,8.7014,27.3653,-9999.0000,22.8188,0,0,15.3000
97121,38.9775,33.3008,92.6899,-9999.0000,-9999.0000,15.7004,6.3871,38.5042,80.0709,60.9430,86.2738,6.0825,20.7815,-9999.0000,23.5790,0,0,15.3000
97122,27.1190,15.0787,48.8291,-9999.0000,-9999.0000,12.0335,6.3886,31.3653,80.0039,51.1005,86.2482,4.1913,16.2837,-9999.0000,7.2393,0,0,15.3000
97123,23.8929,20.9024,40.9154,-9999.0000,-9999.0000,12.0159,6.3907,25.2716,79.9575,47.7055,86.2063,1.3120,16.7322,-9999.0000,9.2182,0,0,15.3000
97124,29.9336,35.9782,73.1233,-9999.0000,-9999.0000,14.1589,6.3844,51.5561,79.9009,52.5725,86.1673,-0.4423,16.3411,-9999.0000,12.9856,0,0,15.3000
97125,60.0622,59.8806,105.0942,-9999.0000,-9999.0000,20.2472,6.3826,53.7149,79.8521,64.9643,86.1273,1.9549,15.6147,-9999.0000,11.8536,0,0,15.3000
97126,55.4652,84.0588,164.8058,-9999.0000,14.0079,22.9118,6.3875,56.0461,79.8011,55.2536,86.0843,6.6372,18.4988,-9999.0000,10.0345,0,0,15.3000
97127,87.5532,103.2416,230.3264,-9999.0000,19.5100,28.2100,6.3837,54.8795,79.7481,56.1751,86.0455,7.3738,21.4231,-9999.0000,27.1179,0,0,15.3000
97128,94.1246,126.2990,256.2426,-9999.0000,21.4244,45.9442,6.3868,94.0558,79.7040,65.2910,86.0092,9.1879,37.1977,-9999.0000,22.8769,0,0,15.3000
97129,135.0091,191.0332,374.8792,23.3824,34.4117,77.8179,6.3872,134.3625,79.6868,97.8418,85.9797,19.3249,53.6141,-9999.0000,30.4215,0,0,15.3000
97130,209.1349,373.9899,764.7618,28.7485,56.4890,109.0426,6.3894,212.5003,79.6741,163.8367,85.9342,36.2586,75.5252,-9999.0000,44.8638,0,0,15.3000
97131,360.7846,681.0942,1195.8478,36.4274,68.6321,151.8426,6.3928,358.6139,79.6683,258.8430,85.8914,54.2119,113.7719,-9999.0000,68.7704,0,0,15.3000
97132,526.0962,899.0015,1706.6760,43.8919,78.5450,185.6470,6.3943,432.2389,79.6660,354.1804,85.8611,64.3720,144.8259,-9999.0000,81.0363,0,0,15.3000
97133,625.2038,1149.0499,2125.1196,47.3961,88.8174,193.9731,6.3969,513.7831,79.6643,430.5027,85.8218,74.7121,172.4668,-9999.0000,96.2494,0,0,15.3000
97134,672.0300,1240.8082,2235.6140,44.9482,91.3338,199.7883,6.4015,574.7673,79.6739,477.0241,85.7908,98.1153,182.6913,-9999.0000,101.1937,0,0,15.3000
97135,587.2029,1097.6193,2127.1492,43.6268,84.3077,190.4056,6.3994,595.4604,79.6859,544.4249,85.7596,90.6396,184.6835,-9999.0000,105.4924,0,0,15.3000
97136,583.1933,1040.7457,2036.2025,40.0459,79.3092,172.2101,6.4052,557.3770,79.7186,526.0622,85.7186,78.5334,185.9257,-9999.0000,102.2926,0,0,15.3000
97137,523.4641,953.7822,1790.0155,41.0871,73.5958,158.9449,6.3996,513.5583,79.7543,491.9973,85.6814,76.3593,160.3903,-9999.0000,107.4160,0,0,15.3000
97138,434.4517,794.7870,1588.5790,37.5693,69.1359,145.7446,6.3991,428.9876,79.8064,495.2338,85.6530,71.8090,147.5685,-9999.0000,101.4777,0,0,15.3000
97139,367.8121,645.2335,1389.2202,36.3313,58.8753,128.3043,6.4055,490.4012,79.8759,409.0028,85.6377,60.6438,150.5768,-9999.0000,97.8050,0,0,15.3000
97140,337.0949,595.4523,1201.1915,33.1812,56.2413,120.8189,6.4137,392.2870,79.9307,388.1316,85.6090,50.4449,134.2483,-9999.0000,92.6894,0,0,15.3000
97141,345.1338,584.1426,1237.4268,31.8053,60.9949,122.0252,6.4127,339.2462,79.9891,425.6155,85.5718,49.6335,129.6356,-9999.0000,89.5900,0,0,15.3000
97142,351.6039,697.4935,1326.4424,35.6294,58.3557,124.2365,6.4100,418.4757,80.0658,344.3992,85.5354,60.5887,132.8158,-9999.0000,84.9150,0,0,15.3000
97143,403.6076,686.7676,1351.7269,35.3618,55.7747,120.2401,6.4118,361.8512,80.1567,341.6707,85.4980,57.7868,128.2501,-9999.0000,76.9119,0,0,15.3000
97144,374.6440,627.7662,1284.2075,34.4323,54.6752,116.2225,6.4126,343.2231,80.2280,471.8136,85.4482,52.8688,120.7013,-9999.0000,75.0340,0,0,15.3000
97145,341.8848,643.1889,1229.5555,30.1323,50.9271,112.9561,6.4164,371.4037,80.3081,429.7995,85.3993,58.1455,126.8039,-9999.0000,69.4753,0,0,15.3000
97146,353.9727,723.2056,1329.7452,28.3158,50.9821,109.9764,6.4225,368.3999,80.3736,334.0041,85.3517,60.8881,114.9433,-9999.0000,69.5104,0,0,15.3000
97147,412.7932,724.4801,1226.1611,-9999.0000,44.3141,97.1414,6.4219,325.5479,80.4355,282.5079,85.3012,59.6912,97.9488,-9999.0000,-9999.0000,0,0,15.3000
97148,289.5060,461.0031,931.5156,-9999.0000,39.0037,71.5551,6.4167,288.6256,80.4946,265.9922,85.2539,50.5202,79.7299,-9999.0000,-9999.0000,0,0,15.3000
97149,181.1504,300.2261,677.2832,-9999.0000,29.4178,54.7533,6.4196,242.2356,80.5632,255.8444,85.2153,44.0622,59.6745,-9999.0000,-9999.0000,0,0,15.3000
97150,125.1555,186.2938,397.5112,-9999.0000,22.1714,38.4729,6.4118,149.2452,80.6422,180.2995,85.1779,28.1330,44.3857,-9999.0000,-9999.0000,0,0,15.3000
97151,74.1250,100.5481,227.7390,-9999.0000,-9999.0000,28.8984,6.4187,131.9143,80.7137,137.6985,85.1311,23.8719,39.5911,-9999.0000,-9999.0000,0,0,15.3000
97152,38.4833,49.4727,132.0496,-9999.0000,-9999.0000,19.4144,6.4159,83.1088,80.7783,94.4082,85.0854,24.3052,35.3392,-9999.0000,-9999.0000,0,0,15.3000
97153,14.0812,20.5311,70.5534,-9999.0000,-9999.0000,14.2937,6.4188,40.5417,80.8161,83.9669,85.0434,16.9944,26.4934,-9999.0000,-9999.0000,0,0,15.3000
97154,9.1844,24.7235,50.8240,-9999.0000,-9999.0000,7.8574,6.4239,30.7565,80.8539,83.8994,85.0076,10.8733,21.1051,-9999.0000,-9999.0000,0,0,15.3000
97155,9.2509,2.2319,21.9261,-9999.0000,9.8542,7.8613,6.4273,33.9782,80.8912,60.1283,84.9807,7.9072,12.0910,-9999.0000,-9999.0000,0,0,15.3000
97156,-0.7195,0.4748,12.4143,-9999.0000,-9999.0000,-9999.0000,6.4321,22.2109,80.9356,52.7569,84.9613,5.7937,7.0223,-9999.0000,-9999.0000,0,0,15.3000
97157,0.8000,-1.3643,3.8692,-9999.0000,-9999.0000,-9999.0000,6.4554,24.4131,80.9778,28.3315,84.9424,6.0687,4.9727,-9999.0000,-9999.0000,0,0,15.3000
97158,-3.7474,-3.6990,-5.6081,-9999.0000,-9999.0000,-9999.0000,6.4625,10.4698,80.9914,23.5337,84.9205,4.8244,3.0839,-9999.0000,-9999.0000,0,0,15.3000
97159,-2.6122,-8.5473,-10.3266,-9999.0000,-9999.0000,-9999.0000,6.4653,14.1725,80.9990,14.0026,84.9109,6.0120,3.3373,-9999.0000,-2.3957,0,0,15.3000
97160,12.2068,-6.6588,-2.1446,-9999.0000,-9999.0000,-9999.0000,6.4602,9.4822,81.0115,10.2009,84.9139,6.1569,5.8231,-9999.0000,-0.2073,0,0,15.3000
97161,-1.2791,12.1760,-15.5743,-9999.0000,-9999.0000,-9999.0000,6.4542,9.9190,81.0216,84.4726,84.9115,4.6711,4.9406,-9999.0000,-2.5928,0,0,15.3000
97162,-6.2172,-0.9097,-10.9058,-9999.0000,-9999.0000,-9999.0000,6.4458,5.0334,81.0258,18.8307,84.9087,1.8294,1.5536,-9999.0000,-0.6242,0,0,15.3000
97163,-5.2206,-7.8651,-10.1528,-9999.0000,-9999.0000,-9999.0000,6.4351,10.6842,81.0263,14.3971,84.9098,0.6566,1.4329,-9999.0000,-7.1115,0,0,15.3000
97164,-1.3374,-4.2968,-0.9024,-9999.0000,-9999.0000,-9999.0000,6.4371,1.7043,81.0241,10.6537,84.9097,0.8316,0.5951,-9999.0000,0.3048,0,0,15.3000
97165,-4.2300,-3.7280,-15.9585,-9999.0000,-9999.0000,-9999.0000,6.4342,24.8336,81.0188,2.1253,84.9192,2.1945,0.5097,-9999.0000,-2.7562,0,0,15.3000
97166,-5.1920,-9.3403,-12.1714,-9999.0000,-9999.0000,-9999.0000,6.4301,2.2910,80.9918,3.0057,84.9315,3.4742,0.4188,-9999.0000,3.9179,0,0,15.3000
97167,-6.4866,-13.2925,-9.5607,-9999.0000,-9999.0000,-9999.0000,6.4301,3.4963,80.9365,3.1050,84.9413,3.9833,4.5354,-9999.0000,-1.5803,0,0,15.3000
97168,1.9741,-10.1856,-9.1269,-9999.0000,-9999.0000,2.4685,6.4297,4.5622,80.8766,3.2925,84.9600,5.0689,7.2720,-9999.0000,5.5604,0,0,15.3000
97169,-5.5600,-11.6039,-11.7474,-9999.0000,-9999.0000,0.2783,6.4286,1.8658,80.8122,3.9294,84.9800,3.6915,4.3368,-9999.0000,-0.5369,0,0,15.3000
97170,-5.7405,-11.9519,-12.5590,-9999.0000,-9999.0000,0.9427,6.4228,4.1024,80.7454,0.3638,84.9966,2.9918,1.7881,-9999.0000,-4.9323,0,0,15.3000
97171,-3.9312,-4.8149,0.2818,-9999.0000,-9999.0000,1.9573,6.4163,3.1178,80.6515,0.3741,85.0179,1.6740,2.3266,-9999.0000,1.8136,0,0,15.3000
97172,-3.6453,-2.4116,11.1019,-9999.0000,-9999.0000,9.1947,6.4063,11.2416,80.5439,5.6987,85.0204,2.6135,3.8702,-9999.0000,1.1081,0,0,15.3000
97173,13.6163,36.8968,37.2541,-9999.0000,-9999.0000,16.6679,6.3992,15.3330,80.4508,7.4060,85.0367,6.3432,11.2381,-9999.0000,6.3432,0,0,15.3000
97174,30.8332,98.3735,113.7232,-9999.0000,15.8913,32.0385,6.4041,34.0314,80.3520,29.7881,85.0513,7.8750,23.7191,-9999.0000,9.0992,0,0,15.3000
97175,131.8760,226.0400,267.7269,-9999.0000,20.5336,45.8917,6.4037,85.7781,80.2491,68.8386,85.0531,14.3824,37.1663,-9999.0000,22.0983,0,0,15.3000
97176,157.8449,297.3297,545.6737,-9999.0000,26.2837,56.1176,6.4011,126.6254,80.1212,104.9872,85.0517,17.9633,50.4055,-9999.0000,29.9182,0,0,15.3000
97177,218.4715,421.4385,787.3839,-9999.0000,28.8895,61.3566,6.4041,150.5833,80.0063,181.3921,85.0485,26.0468,52.6269,-9999.0000,42.3620,0,0,15.3000
97178,277.3730,530.6013,922.1129,-9999.0000,27.8823,61.2099,6.4035,218.2491,79.8831,158.1648,85.0447,25.4841,45.9282,-9999.0000,33.9492,0,0,15.3000
97179,285.9797,458.2227,949.0938,-9999.0000,22.6762,58.1762,6.3957,213.0797,79.7574,221.3020,85.0338,23.3082,40.5186,-9999.0000,33.1309,0,0,15.3000
97180,218.2731,363.6167,802.8854,-9999.0000,21.2505,45.0816,6.3997,203.1372,79.6276,228.7804,85.0277,22.3162,38.7699,-9999.0000,21.5387,0,0,15.3000
97181,159.6006,287.6930,575.7794,-9999.0000,-9999.0000,32.1746,6.3960,135.5628,79.5080,201.5318,85.0148,18.1338,32.6280,-9999.0000,19.1658,0,0,15.3000
97182,100.6874,172.6417,367.2572,-9999.0000,-9999.0000,22.9274,6.3956,109.2296,79.4078,137.9032,85.0008,14.9252,22.0100,-9999.0000,10.5684,0,0,15.3000
97183,61.1024,108.9374,220.2558,-9999.0000,-9999.0000,16.2440,6.4016,78.0953,79.3235,92.2771,84.9894,10.2603,13.1353,-9999.0000,8.6403,0,0,15.3000
97184,33.3787,48.2380,130.6651,-9999.0000,-9999.0000,11.7698,6.3995,48.9684,79.2256,103.2113,84.9827,8.1091,12.1445,-9999.0000,9.0454,0,0,15.3000
97185,22.8833,36.8535,80.6958,-9999.0000,-9999.0000,7.5249,6.3933,44.0536,79.1258,69.6324,84.9749,7.9134,11.1676,-9999.0000,8.0016,0,0,15.3000
97186,35.7810,38.0167,72.7597,-9999.0000,-9999.0000,7.4082,6.3864,41.6590,79.0415,61.7056,84.9710,6.5590,7.8558,-9999.0000,8.0511,0,0,15.3000
97187,34.1443,39.1018,92.2306,-9999.0000,-9999.0000,5.4751,6.3831,30.6458,78.9798,33.9149,84.9632,5.4440,6.9823,-9999.0000,-0.6731,0,0,15.3000
97188,18.7171,25.9355,85.3574,-9999.0000,-9999.0000,4.2722,6.3820,29.3876,78.9350,28.9140,84.9581,5.1654,4.2761,-9999.0000,4.7730,0,0,15.3000
97189,15.0784,4.8961,32.1589,-9999.0000,-9999.0000,3.3350,6.3861,17.7484,78.8861,62.4159,84.9596,4.1808,2.5123,-9999.0000,-0.0423,0,0,15.3000
97190,-0.4856,-6.2304,13.3233,-9999.0000,-9999.0000,2.4329,6.3838,13.2086,78.8437,39.6192,84.9591,5.5401,2.1595,-9999.0000,3.8395,0,0,15.3000
97191,-1.2497,-5.1297,6.8420,-9999.0000,-9999.0000,0.9624,6.3820,8.2105,78.8205,31.8601,84.9619,6.1703,3.0262,-9999.0000,10.4772,0,0,15.3000
97192,-4.0292,-0.0126,-1.4434,-9999.0000,-9999.0000,0.3644,6.3815,7.4116,78.8095,22.9679,84.9753,4.4294,1.4040,-9999.0000,1.3711,0,0,15.3000
97193,-3.4610,1.5787,-3.3995,1.3292,-9999.0000,0.8265,6.3869,8.5418,78.8035,6.8439,85.0075,3.8026,2.0069,-9999.0000,-0.3724,0,0,15.3000
97194,1.6757,-3.2667,-11.0614,-1.0763,-9999.0000,-0.4251,6.3871,12.2382,78.8087,0.8713,85.0630,5.0470,1.0847,-9999.0000,2.1957,0,0,15.3000
97195,-6.5569,-10.4768,-19.7206,-1.9672,-0.0507,0.4561,6.3825,6.4649,78.8132,8.1428,85.1137,5.1417,0.9470,-9999.0000,3.6467,0,0,15.3000
97196,-3.8339,-7.0948,-7.6164,-0.8340,-0.4140,0.2538,6.4008,2.9349,78.8359,10.1788,85.1521,5.8492,2.2064,-9999.0000,6.1646,0,0,15.3000
97197,-6.5679,-10.2935,-11.6124,0.6497,1.4924,0.4132,6.4085,4.4173,78.8790,1.5872,85.1998,5.9541,1.2323,-9999.0000,0.2410,0,0,15.3000
97198,-6.5398,-7.8561,-20.9059,1.8775,0.4438,0.7612,6.4094,3.5627,78.9471,5.2052,85.2388,5.7006,0.5106,-9999.0000,9.2237,0,0,15.3000
97199,-6.8686,-9.3190,-16.2614,0.0951,-0.6847,-0.1221,6.4082,3.4566,79.0325,5.8459,85.2795,5.1132,0.3492,-9999.0000,-2.3905,0,0,15.3000
97200,-6.8614,-8.8609,-20.0809,-0.8069,-1.6876,3.3466,6.4018,1.8969,79.1195,-1.9802,85.3208,5.7246,1.0919,-9999.0000,-0.5174,0,0,15.3000
97201,-7.5582,-3.3639,-15.5129,0.2855,0.9255,0.5902,6.4078,2.2335,79.2213,-2.7606,85.3643,4.9220,1.3271,-9999.0000,1.4646,0,0,15.3000
97202,-8.8047,-8.9399,-18.4025,2.5033,0.3955,-0.4015,6.3956,2.9631,79.3234,0.1942,85.4061,4.5681,0.9300,-9999.0000,-3.1637,0,0,15.3000
97203,-7.6739,-10.6942,-15.9120,-1.5038,-0.0300,-0.2112,6.3934,4.1010,79.4259,5.3536,85.4391,4.5047,0.8062,-9999.0000,-0.1316,0,0,15.3000
97204,-8.6001,-9.9177,-20.6776,-0.7182,-1.5339,-0.1983,6.4021,1.3534,79.5472,-2.3376,85.4726,10.0949,1.0666,-9999.0000,-2.9341,0,0,15.3000
97205,-6.9193,-7.3628,-18.8930,-1.3766,-0.1927,-0.5906,6.4011,2.1584,79.6689,-2.2446,85.5033,6.3559,0.4940,-9999.0000,1.1462,0,0,15.3000
97206,-2.6258,-10.9991,-18.6475,0.3032,1.1008,-0.3408,6.4011,2.2598,79.7838,-1.9652,85.5230,3.9623,1.2031,-9999.0000,-1.1230,0,0,15.3000
97207,5.3014,-10.1740,-23.3065,1.6168,0.3300,-0.7869,6.3891,3.4175,79.9065,-1.1292,85.5376,3.0917,2.3662,-9999.0000,1.8474,0,0,15.3000
97208,-7.7219,-9.1219,-21.2106,0.5641,-2.1498,-0.2845,6.3819,3.6335,80.0218,-1.2781,85.5430,-0.0064,1.3929,-9999.0000,-7.5713,0,0,15.3000
97209,-6.9818,-7.7849,-18.6842,-0.3001,1.5918,0.3088,6.3779,4.4456,80.1488,1.4913,85.5583,-3.9283,0.8687,-9999.0000,5.0604,0,0,15.3000
