Data/Raw/WAGNER,NICK/firexaq-AOP-optical_DC8_20190716_R1.ict
51, 1001
Wagner, Nicholas L.
NOAA Earth System Research Laboratory
NOAA AOP instrument
FIREX-AQ
1, 1
2019, 07, 16, 2020, 04, 27
1
Time_start, seconds_past_midnight, seconds from midnight
18
1, 1, 1, 1, 1, 1, 1, 1, 1, 1, 1, 1, 1, 1, 1, 1, 1, 1
-9999, -9999, -9999, -9999, -9999, -9999, -9999, -9999, -9999, -9999, -9999, -9999, -9999, -9999, -9999, -9999, -9999, -9999
ext_dry_664, Mm-1, AerOpt_Extinction_InSitu_RHd_red_Total_PM2.5_STP
ext_dry_532, Mm-1, AerOpt_Extinction_InSitu_RHd_green_Total_PM2.5_STP
ext_dry_405, Mm-1, AerOpt_Extinction_InSitu_RHd_blue_Total_PM2.5_STP
abs_dry_664, Mm-1, AerOpt_Absorption_InSitu_RHd_red_Total_PM2.5_STP
abs_dry_532, Mm-1, AerOpt_Absorption_InSitu_RHd_green_Total_PM2.5_STP
abs_dry_405, Mm-1, AerOpt_Absorption_InSitu_RHd_blue_Total_PM2.5_STP
AOP_RH_dry, pct, Relative_humidity_of_dry_RH_channels
ext_medRH_664, Mm-1, AerOpt_Extinction_InSitu_RH80_red_Total_PM2.5_STP
AOP_RH_med, pct, Relative_humidity_of_medium_RH_channel
ext_highRH_664, Mm-1, AerOpt_Extinction_InSitu_RH85_red_Total_PM2.5_STP
AOP_RH_high, pct, Relative_humidity_of_high_RH_channel
ext_TD_664, Mm-1, AerOpt_ExtinctionTD_InSitu_RHd_blue_Total_PM2.5_STP
ext_TD_405, Mm-1, AerOpt_ExtinctionTD_InSitu_RHd_red_Total_PM2.5_STP
abs_TD_664, Mm-1, AerOpt_Absorption_InSitu_RHd_red_Total_PM2.5_STP
abs_TD_405, Mm-1, AerOpt_Absorption_InSitu_RHd_blue_Total_PM2.5_STP
AOP_TD_bypass_flag, pct, Flag_for_TD_Bypass_valve
AOP_filter_flag, pct, Flag_for_Filter_Valve
AOP_Dilution_ratio, pct, Applied_Dilution_Ratio_for_ext_channels
1
SPECIAL COMMENTS: In-cloud data has not been removed.
18
PI_CONTACT_INFO: Address: NOAA ESRL Chemical Sciences Division, R/CSD2, 325 Broadway, Boulder, CO 80305. Email: nick.wagner@noaa.gov.
PLATFORM: NASA DC8
LOCATION: See the DC8 MetNav file, Based in Boise (BOI) and Salina, KS
ASSOCIATED_DATA: N/A
[...]
DATA_INFO: Mm-1:
UNCERTAINTY: The precision of the extinction measurements varies with aerosol loading and is +/-20% at 10 Mm-1 and +/-5% at 100 Mm-1. The accuracy of the dry measurement is +/-2% and depends on RH for the humidified measurements, +/-5% at 85% RH and +/-15% at 90% RH. For more details, see Langridge et al., Aerosol Science and Technology 45:1305-1318, 2011. Analysis of comparable measurements suggest incomplete mixing in the dilution system. Effective dilution for individual instruments can vary by +/- 30% compared to the reported flow-based dilution estimate. The absorption measurements have a high signal accuracy of 20%. The low signal precision varies with altitude and flight to flight, and is typically less than 10 Mm-1 for 1 second measurements.
ULOD_FLAG: -7777
ULOD_VALUE: N/A
LLOD_FLAG: -8888
LLOD_VALUE: N/A
DM_CONTACT_INFO: Gao Chen
PROJECT_INFO: FIREX-AQ
STIPULATIONS_ON_USE: NASA Data Policy. Contact with PI is encouraged.
OTHER_COMMENTS: N/A
REVISION: R1
R1: Absorption measurements have been corrected for pressure dependent microphone sensitivity. R0: Final Data. 
Time_start, ext_dry_664, ext_dry_532, ext_dry_405, abs_dry_664, abs_dry_532, abs_dry_405, AOP_RH_dry, ext_medRH_664, AOP_RH_med, ext_highRH_664, AOP_RH_high, ext_TD_664, ext_TD_405, abs_TD_664, abs_TD_405, AOP_TD_bypass_flag, AOP_filter_flag, AOP_Dilution_ratio
[from data line 12289]
81194,6.6771,9.1357,17.8480,-9999.0000,-9999.0000,-9999.0000,25.8442,8.3448,56.2858,9.9621,52.9597,-9999.0000,3.8212,-9999.0000,-9999.0000,0,0,1.0000
81195,8.2534,8.8230,17.3758,-9999.0000,-9999.0000,-9999.0000,25.8418,6.3517,56.2867,11.1723,52.9583,-9999.0000,3.0150,-9999.0000,-9999.0000,0,0,1.0000
81196,6.1867,9.2578,16.7209,-9999.0000,-9999.0000,-9999.0000,25.8431,6.3891,56.2818,8.7966,52.9622,-9999.0000,3.1149,-9999.0000,-9999.0000,0,0,1.0000
81197,7.7205,12.9488,14.6767,-9999.0000,-9999.0000,-9999.0000,25.8450,5.8474,56.2874,10.9915,52.9573,-9999.0000,2.6632,-9999.0000,-9999.0000,0,0,1.0000
81198,6.5587,9.5183,15.6226,-9999.0000,-9999.0000,-9999.0000,25.8507,7.5415,56.2863,4.4247,52.9672,-9999.0000,2.4734,-9999.0000,-9999.0000,0,0,1.0000
81199,10.9421,8.6579,14.6878,-9999.0000,-9999.0000,-9999.0000,25.8579,6.1665,56.2837,7.3754,52.9565,-9999.0000,5.5222,-9999.0000,-9999.0000,0,0,1.0000
81200,7.2447,10.7371,15.4000,-9999.0000,-9999.0000,-9999.0000,25.8614,9.6868,56.2812,7.9458,52.9421,-9999.0000,6.4800,-9999.0000,-9999.0000,0,0,1.0000
81201,6.8254,9.9227,15.2371,-9999.0000,-9999.0000,-9999.0000,25.8630,18.3427,56.2668,7.7141,52.9299,-9999.0000,4.3382,-9999.0000,-9999.0000,0,0,1.0000
81202,7.7373,12.7682,18.1586,-9999.0000,-9999.0000,-9999.0000,25.8663,5.2224,56.2568,5.0346,52.9074,-9999.0000,3.7311,-9999.0000,-9999.0000,0,0,1.0000
81203,7.7373,13.4058,16.9885,-9999.0000,-9999.0000,-9999.0000,25.8794,4.3676,56.2430,14.9584,52.8918,-9999.0000,8.6680,-9999.0000,-9999.0000,0,0,1.0000
81204,8.1056,18.2396,19.7550,-9999.0000,-9999.0000,-9999.0000,25.8791,8.3247,56.2242,11.3026,52.8679,-9999.0000,6.8600,-9999.0000,-9999.0000,0,0,1.0000
81205,8.4569,11.7978,17.3952,-9999.0000,-9999.0000,-9999.0000,25.8876,6.6146,56.2029,13.2305,52.8406,-9999.0000,3.9020,-9999.0000,-9999.0000,0,0,1.0000
81206,8.4008,12.1849,19.9142,-9999.0000,-9999.0000,-9999.0000,25.8865,5.5271,56.1864,7.3234,52.8249,-9999.0000,4.7611,-9999.0000,-9999.0000,0,0,1.0000
81207,6.3165,9.1037,18.2173,-9999.0000,-9999.0000,-9999.0000,25.8890,6.7801,56.1624,5.1789,52.8041,-9999.0000,2.2609,-9999.0000,-9999.0000,0,0,1.0000
81208,7.9325,10.1795,16.9604,-9999.0000,-9999.0000,-9999.0000,25.9016,5.6767,56.1625,5.5249,52.8081,-9999.0000,3.9864,-9999.0000,-9999.0000,0,0,1.0000
81209,9.8499,15.2170,20.4198,-9999.0000,-9999.0000,-9999.0000,25.9086,5.4345,56.1507,9.3279,52.7967,-9999.0000,5.6708,-9999.0000,-9999.0000,0,0,1.0000
81210,8.7363,10.9406,16.7402,-9999.0000,-9999.0000,-9999.0000,25.9230,5.7538,56.1359,5.9565,52.7882,-9999.0000,3.3854,-9999.0000,-9999.0000,0,0,1.0000
81211,7.4241,11.0415,19.7372,-9999.0000,-9999.0000,-9999.0000,25.9287,5.0186,56.1252,8.6012,52.7809,-9999.0000,2.9829,-9999.0000,-9999.0000,0,0,1.0000
81212,9.0913,10.2728,18.7607,-9999.0000,-9999.0000,-9999.0000,25.9301,4.9359,56.1204,7.1453,52.7661,-9999.0000,1.7756,-9999.0000,-9999.0000,0,0,1.0000
81213,6.3141,8.9301,24.4778,-9999.0000,-9999.0000,-9999.0000,25.9285,9.4201,56.1185,11.0102,52.7638,-9999.0000,1.8939,-9999.0000,-9999.0000,0,0,1.0000
81214,7.3767,11.4510,17.6697,-9999.0000,-9999.0000,-9999.0000,25.9313,7.4474,56.1075,10.5016,52.7553,-9999.0000,3.8042,-9999.0000,-9999.0000,0,0,1.0000
81215,6.2843,9.0820,15.0176,-9999.0000,-9999.0000,-9999.0000,25.9270,8.4048,56.0978,8.9310,52.7457,-9999.0000,6.5552,-9999.0000,-9999.0000,0,0,1.0000
81216,8.0784,13.1490,17.3207,-9999.0000,-9999.0000,-9999.0000,25.9250,6.5213,56.0939,8.3765,52.7482,-9999.0000,2.2515,-9999.0000,-9999.0000,0,0,1.0000
81217,7.5014,9.5038,20.5927,-9999.0000,-9999.0000,-9999.0000,25.9240,5.9509,56.0913,6.9374,52.7429,-9999.0000,2.3946,-9999.0000,-9999.0000,0,0,1.0000
81218,9.9300,12.3866,16.3457,-9999.0000,-9999.0000,-9999.0000,25.9238,6.5328,56.0968,8.1276,52.7517,-9999.0000,4.7177,-9999.0000,-9999.0000,0,0,1.0000
81219,7.8913,11.3220,22.9949,-9999.0000,-9999.0000,-9999.0000,25.9235,6.2576,56.0936,10.4334,52.7460,-9999.0000,4.6557,-9999.0000,-9999.0000,0,0,1.0000
81220,7.6079,14.0322,18.5772,-9999.0000,-9999.0000,-9999.0000,25.9238,8.1454,56.0891,6.2015,52.7445,-9999.0000,4.2165,-9999.0000,-9999.0000,0,0,1.0000
81221,8.4748,10.5885,17.6268,-9999.0000,-9999.0000,-9999.0000,25.9215,13.2635,56.0884,6.1603,52.7456,-9999.0000,3.0726,-9999.0000,-9999.0000,0,0,1.0000
81222,6.4765,8.6536,15.1868,-9999.0000,-9999.0000,-9999.0000,25.9300,6.0025,56.0857,5.0649,52.7406,-9999.0000,9.0449,-9999.0000,-9999.0000,0,0,1.0000
81223,5.3243,10.6792,16.3100,-9999.0000,-9999.0000,-9999.0000,25.9319,5.8868,56.0886,8.5080,52.7463,-9999.0000,14.6924,-9999.0000,-9999.0000,0,0,1.0000
81224,8.5724,9.9945,18.1195,-9999.0000,-9999.0000,-9999.0000,25.9314,10.5403,56.0896,8.4573,52.7381,-9999.0000,7.8565,-9999.0000,-9999.0000,0,0,1.0000
81225,6.5394,10.7235,16.2169,-9999.0000,-9999.0000,-9999.0000,25.9314,7.4963,56.0910,6.1460,52.7378,-9999.0000,5.1632,-9999.0000,-9999.0000,0,0,1.0000
81226,7.3879,9.5893,16.4950,-9999.0000,-9999.0000,-9999.0000,25.9347,9.8852,56.0874,6.2600,52.7345,-9999.0000,5.4004,-9999.0000,-9999.0000,0,0,1.0000
81227,8.4169,11.7844,21.0961,-9999.0000,-9999.0000,-9999.0000,25.9326,7.7242,56.0795,5.7468,52.7280,-9999.0000,2.3589,-9999.0000,-9999.0000,0,0,1.0000
81228,5.8842,10.9395,14.5252,-9999.0000,-9999.0000,-9999.0000,25.9327,9.0569,56.0853,6.1342,52.7343,-9999.0000,2.4868,-9999.0000,-9999.0000,0,0,1.0000
81229,8.2964,9.3341,20.2450,-9999.0000,-9999.0000,-9999.0000,25.9272,5.5691,56.0836,8.1423,52.7302,-9999.0000,7.4580,-9999.0000,-9999.0000,0,0,1.0000
81230,6.9084,11.1843,16.0958,-9999.0000,-9999.0000,-9999.0000,25.9256,10.6557,56.0829,6.5153,52.7284,-9999.0000,10.0434,-9999.0000,-9999.0000,0,0,1.0000
81231,9.1444,10.1732,16.8891,-9999.0000,-9999.0000,-9999.0000,25.9305,6.9503,56.0855,9.2989,52.7284,-9999.0000,4.0725,-9999.0000,-9999.0000,0,0,1.0000
81232,8.3864,11.7550,18.3359,-9999.0000,-9999.0000,-9999.0000,25.9329,4.9759,56.0897,6.9093,52.7260,-9999.0000,6.5327,-9999.0000,-9999.0000,0,0,1.0000
81233,8.3309,11.6534,15.0331,-9999.0000,-9999.0000,-9999.0000,25.9293,5.8427,56.0936,8.0680,52.7332,-9999.0000,9.7089,-9999.0000,-9999.0000,0,0,1.0000
81234,9.0442,12.3268,16.8472,-9999.0000,-9999.0000,-9999.0000,25.9397,7.7405,56.0992,5.5035,52.7359,-9999.0000,1.6990,-9999.0000,-9999.0000,0,0,1.0000
81235,7.7597,9.3309,15.9802,-9999.0000,-9999.0000,-9999.0000,25.9419,4.6955,56.1141,7.4570,52.7495,-9999.0000,1.9653,-9999.0000,-9999.0000,0,0,1.0000
81236,9.8085,10.9458,20.0730,-9999.0000,-9999.0000,-9999.0000,25.9379,5.1465,56.1161,8.1884,52.7614,-9999.0000,3.6494,-9999.0000,-9999.0000,0,0,1.0000
81237,8.4787,12.4177,17.6649,-9999.0000,-9999.0000,-9999.0000,25.9443,9.2741,56.1280,5.1843,52.7618,-9999.0000,2.7815,-9999.0000,-9999.0000,0,0,1.0000
81238,7.5545,11.8708,15.9086,-9999.0000,-9999.0000,-9999.0000,25.9478,5.8423,56.1353,7.2131,52.7625,-9999.0000,3.3093,-9999.0000,-9999.0000,0,0,1.0000
81239,6.9939,11.8892,16.8577,-9999.0000,-9999.0000,-9999.0000,25.9430,6.5407,56.1348,10.9028,52.7611,-9999.0000,2.8957,-9999.0000,-9999.0000,0,0,1.0000
81240,7.9941,10.7980,20.6026,-9999.0000,-9999.0000,-9999.0000,25.9324,8.4368,56.1384,11.5563,52.7616,-9999.0000,2.8722,-9999.0000,-9999.0000,0,0,1.0000
81241,7.3098,14.0395,17.4964,-9999.0000,-9999.0000,-9999.0000,25.9389,6.6871,56.1371,8.1235,52.7625,-9999.0000,3.2735,-9999.0000,-9999.0000,0,0,1.0000
81242,7.2140,11.3040,17.8550,-9999.0000,-9999.0000,-9999.0000,25.9369,10.9959,56.1338,8.5286,52.7581,-9999.0000,1.6394,-9999.0000,-9999.0000,0,0,1.0000
81243,8.4865,13.3128,17.5135,-9999.0000,-9999.0000,-9999.0000,25.9425,12.4637,56.1369,8.4734,52.7569,-9999.0000,2.2746,-9999.0000,-9999.0000,0,0,1.0000
81244,10.6663,12.1211,17.7271,-9999.0000,-9999.0000,-9999.0000,25.9418,5.4786,56.1344,6.0629,52.7605,-9999.0000,3.5357,-9999.0000,-9999.0000,0,0,1.0000
81245,10.3620,10.9392,16.9657,-9999.0000,-9999.0000,-9999.0000,25.9404,6.7360,56.1358,6.7124,52.7519,-9999.0000,3.0627,-9999.0000,-9999.0000,0,0,1.0000
81246,7.1441,9.7348,21.8543,-9999.0000,-9999.0000,-9999.0000,25.9474,10.6611,56.1392,6.0528,52.7537,-9999.0000,4.8323,-9999.0000,-9999.0000,0,0,1.0000
81247,7.3794,13.8613,17.0298,-9999.0000,-9999.0000,-9999.0000,25.9420,7.4911,56.1362,7.5536,52.7534,-9999.0000,3.6166,-9999.0000,-9999.0000,0,0,1.0000
81248,7.7840,13.4712,16.5462,-9999.0000,-9999.0000,-9999.0000,25.9456,8.9307,56.1360,10.9376,52.7523,-9999.0000,2.4778,-9999.0000,-9999.0000,0,0,1.0000
81249,8.5472,11.6554,18.2040,-9999.0000,-9999.0000,-9999.0000,25.9437,12.0515,56.1399,5.1220,52.7562,-9999.0000,4.7649,-9999.0000,-9999.0000,0,0,1.0000
81250,9.4978,11.2636,17.5524,-9999.0000,-9999.0000,-9999.0000,25.9386,5.8054,56.1375,5.8450,52.7481,-9999.0000,3.6253,-9999.0000,-9999.0000,0,0,1.0000
81251,7.1033,11.0760,23.6078,-9999.0000,-9999.0000,-9999.0000,25.9346,5.1096,56.1319,8.7990,52.7462,-9999.0000,1.6061,-9999.0000,-9999.0000,0,0,1.0000
81252,7.0170,13.3905,15.6370,-9999.0000,-9999.0000,-9999.0000,25.9493,6.3870,56.1251,8.9320,52.7459,-9999.0000,1.5644,-9999.0000,-9999.0000,0,0,1.0000
81253,7.0390,10.9044,16.4763,-9999.0000,-9999.0000,-9999.0000,25.9695,5.3414,56.1388,9.2804,52.7496,-9999.0000,1.7265,-9999.0000,-9999.0000,0,0,1.0000
81254,9.2964,9.5537,17.1694,-9999.0000,-9999.0000,-9999.0000,25.9737,6.8019,56.1361,16.3468,52.7501,-9999.0000,1.4949,-9999.0000,-9999.0000,0,0,1.0000
81255,10.7275,10.8298,20.5836,-9999.0000,-9999.0000,-9999.0000,25.9782,5.3347,56.1357,10.4977,52.7470,-9999.0000,2.2263,-9999.0000,-9999.0000,0,0,1.0000
81256,7.7064,11.7528,18.3927,-9999.0000,-9999.0000,-9999.0000,25.9816,11.3448,56.1375,8.4937,52.7523,-9999.0000,4.8470,-9999.0000,-9999.0000,0,0,1.0000
81257,7.8702,11.6272,19.4989,-9999.0000,-9999.0000,-9999.0000,25.9794,9.6339,56.1360,9.1406,52.7550,-9999.0000,6.0899,-9999.0000,-9999.0000,0,0,1.0000
81258,5.9124,10.0805,17.8476,-9999.0000,-9999.0000,-9999.0000,25.9796,7.2555,56.1485,6.5242,52.7615,-9999.0000,3.0511,-9999.0000,-9999.0000,0,0,1.0000
81259,6.3234,12.2439,17.7530,-9999.0000,-9999.0000,-9999.0000,25.9867,8.6301,56.1467,8.4554,52.7644,-9999.0000,2.3835,-9999.0000,-9999.0000,0,0,1.0000
81260,9.5007,12.2920,19.0734,-9999.0000,-9999.0000,-9999.0000,25.9890,7.2773,56.1448,11.4076,52.7658,-9999.0000,2.8939,-9999.0000,-9999.0000,0,0,1.0000
81261,8.9376,12.4174,20.3502,-9999.0000,-9999.0000,-9999.0000,25.9766,7.4904,56.1447,13.4474,52.7556,-9999.0000,3.7931,-9999.0000,-9999.0000,0,0,1.0000
81262,7.3901,11.9599,18.7010,-9999.0000,-9999.0000,-9999.0000,25.9733,8.8082,56.1493,20.6679,52.7669,-9999.0000,3.3127,-9999.0000,-9999.0000,0,0,1.0000
81263,7.0728,11.8172,19.1179,-9999.0000,-9999.0000,-9999.0000,25.9694,6.9626,56.1483,7.6262,52.7640,-9999.0000,2.3456,-9999.0000,-9999.0000,0,0,1.0000
81264,8.6539,9.4926,18.3550,-9999.0000,-9999.0000,-9999.0000,25.9748,9.2033,56.1495,7.3141,52.7612,-9999.0000,2.5667,-9999.0000,-9999.0000,0,0,1.0000
81265,7.7328,11.9229,16.3921,-9999.0000,-9999.0000,-9999.0000,25.9811,9.2503,56.1425,6.2022,52.7588,-9999.0000,2.7514,-9999.0000,-9999.0000,0,0,1.0000
81266,7.6649,12.2222,17.9648,-9999.0000,-9999.0000,-9999.0000,25.9790,10.0474,56.1498,7.7570,52.7558,-9999.0000,2.9078,-9999.0000,-9999.0000,0,0,1.0000
81267,6.7871,10.7432,16.1672,-9999.0000,-9999.0000,-9999.0000,25.9767,7.1317,56.1473,8.8760,52.7403,-9999.0000,2.6355,-9999.0000,-9999.0000,0,0,1.0000
81268,9.4150,9.2654,16.6539,-9999.0000,-9999.0000,-9999.0000,25.9560,6.1915,56.1395,6.7138,52.7209,-9999.0000,3.0273,-9999.0000,-9999.0000,0,0,1.0000
81269,7.2451,9.1367,16.4993,-9999.0000,-9999.0000,-9999.0000,25.9569,5.2023,56.1301,11.3074,52.7017,-9999.0000,2.2569,-9999.0000,-9999.0000,0,0,1.0000
81270,5.1079,11.5314,14.9609,-9999.0000,-9999.0000,-9999.0000,25.9656,5.6858,56.1197,9.7480,52.6994,-9999.0000,3.3852,-9999.0000,-9999.0000,0,0,1.0000
81271,7.7343,11.0014,19.8215,-9999.0000,-9999.0000,-9999.0000,25.9695,11.3149,56.1045,11.9676,52.6831,-9999.0000,6.3053,-9999.0000,-9999.0000,0,0,1.0000
81272,10.3431,10.0361,14.5966,-9999.0000,-9999.0000,-9999.0000,25.9927,7.7965,56.0949,6.7602,52.6687,-9999.0000,9.8227,-9999.0000,-9999.0000,0,0,1.0000
81273,8.5400,10.6545,16.1401,-9999.0000,-9999.0000,-9999.0000,25.9807,7.1379,56.0839,11.3700,52.6587,-9999.0000,3.6573,-9999.0000,-9999.0000,0,0,1.0000
81274,7.5087,10.3481,15.3761,-9999.0000,-9999.0000,-9999.0000,25.9865,5.2420,56.0766,6.5864,52.6532,-9999.0000,3.0101,-9999.0000,-9999.0000,0,0,1.0000
81275,7.9602,11.6210,16.8703,-9999.0000,-9999.0000,-9999.0000,25.9810,7.1427,56.0746,6.5336,52.6587,-9999.0000,4.3080,-9999.0000,-9999.0000,0,0,1.0000
81276,6.7352,11.1123,19.8454,-9999.0000,-9999.0000,-9999.0000,25.9841,5.1181,56.0701,6.7573,52.6581,-9999.0000,2.7085,-9999.0000,-9999.0000,0,0,1.0000
81277,8.5864,9.2558,19.9450,-9999.0000,-9999.0000,-9999.0000,25.9927,5.8148,56.0821,6.6341,52.6628,-9999.0000,4.6363,-9999.0000,-9999.0000,0,0,1.0000
81278,7.0297,9.7611,16.2134,-9999.0000,-9999.0000,-9999.0000,26.0008,8.2942,56.0870,6.2409,52.6796,-9999.0000,4.5498,-9999.0000,-9999.0000,0,0,1.0000
81279,6.6807,11.6313,16.2023,-9999.0000,-9999.0000,-9999.0000,26.0055,5.9441,56.1127,5.9203,52.7053,-9999.0000,3.6060,-9999.0000,-9999.0000,0,0,1.0000
81280,5.4745,10.7682,13.8835,-9999.0000,-9999.0000,-9999.0000,26.0111,8.8692,56.1356,6.5343,52.7262,-9999.0000,4.6447,-9999.0000,-9999.0000,0,0,1.0000
81281,7.9752,10.3607,15.2399,-9999.0000,-9999.0000,-9999.0000,26.0133,6.8590,56.1629,7.4248,52.7689,-9999.0000,5.5503,-9999.0000,-9999.0000,0,0,1.0000
81282,8.7856,11.5270,16.4395,-9999.0000,-9999.0000,-9999.0000,26.0064,5.2813,56.1882,10.9875,52.8100,-9999.0000,5.0977,-9999.0000,-9999.0000,0,0,1.0000
81283,6.7662,8.8116,13.7806,-9999.0000,-9999.0000,-9999.0000,26.0042,3.6602,56.2177,5.7078,52.8436,-9999.0000,6.9121,-9999.0000,-9999.0000,0,0,1.0000
81284,6.5888,8.3992,15.0996,-9999.0000,-9999.0000,-9999.0000,26.0113,6.3144,56.2443,4.2880,52.8525,-9999.0000,4.4374,-9999.0000,-9999.0000,0,0,1.0000
81285,9.0427,10.5013,14.5459,-9999.0000,-9999.0000,-9999.0000,26.0195,12.2836,56.2652,6.0992,52.8510,-9999.0000,1.5310,-9999.0000,-9999.0000,0,0,1.0000
81286,6.7995,8.6084,15.7440,-9999.0000,-9999.0000,-9999.0000,26.0167,10.9974,56.2720,6.4622,52.8555,-9999.0000,1.4575,-9999.0000,-9999.0000,0,0,1.0000
81287,6.6611,9.0280,14.6221,-9999.0000,-9999.0000,-9999.0000,26.0179,12.0229,56.2710,8.6421,52.8510,-9999.0000,2.1722,-9999.0000,-9999.0000,0,0,1.0000
81288,8.7679,9.1273,13.4957,-9999.0000,-9999.0000,-9999.0000,26.0209,6.2538,56.2775,9.4795,52.8603,-9999.0000,3.1316,-9999.0000,-9999.0000,0,0,1.0000
81289,5.6845,10.3610,16.3823,-9999.0000,-9999.0000,-9999.0000,26.0171,5.6240,56.2766,9.8450,52.8524,-9999.0000,2.3483,-9999.0000,-9999.0000,0,0,1.0000
81290,6.4547,10.1823,13.5870,-9999.0000,-9999.0000,-9999.0000,26.0130,6.3249,56.2689,6.7114,52.8347,-9999.0000,2.1510,-9999.0000,-9999.0000,0,0,1.0000
81291,6.2904,14.6853,13.4885,-9999.0000,-9999.0000,-9999.0000,26.0163,3.8647,56.2647,4.5711,52.8308,-9999.0000,3.1450,-9999.0000,-9999.0000,0,0,1.0000
81292,5.5927,8.2811,12.7987,-9999.0000,-9999.0000,-9999.0000,26.0226,5.4960,56.2650,8.8066,52.8250,-9999.0000,3.5955,-9999.0000,-9999.0000,0,0,1.0000
81293,4.1781,10.1432,15.0962,-9999.0000,-9999.0000,-9999.0000,26.0085,7.8391,56.2612,9.4897,52.8160,-9999.0000,2.0368,-9999.0000,-9999.0000,0,0,1.0000
81294,6.0165,9.2441,11.7952,-9999.0000,-9999.0000,-9999.0000,26.0116,4.0446,56.2526,12.8023,52.8119,-9999.0000,1.3952,-9999.0000,-9999.0000,0,0,1.0000
81295,7.4143,8.3020,14.2923,-9999.0000,-9999.0000,-9999.0000,26.0008,6.0438,56.2432,6.1244,52.8045,-9999.0000,2.0777,-9999.0000,-9999.0000,0,0,1.0000
81296,5.8611,7.9792,14.5859,-9999.0000,-9999.0000,-9999.0000,25.9992,4.5457,56.2215,4.4623,52.7945,-9999.0000,1.8335,-9999.0000,-9999.0000,0,0,1.0000
81297,4.7474,9.2638,19.4338,-9999.0000,-9999.0000,-9999.0000,26.0060,6.2145,56.2201,3.8166,52.7902,-9999.0000,1.9700,-9999.0000,-9999.0000,0,0,1.0000
81298,5.4160,8.0977,13.4638,-9999.0000,-9999.0000,-9999.0000,26.0033,6.9577,56.2047,4.9199,52.7837,-9999.0000,2.7734,-9999.0000,-9999.0000,0,0,1.0000
