Data/Raw/WAGNER,NICK/firexaq-AOP-optical_DC8_20190905_R1.ict
51, 1001
Wagner, Nicholas L.
NOAA Earth System Research Laboratory
NOAA AOP instrument
FIREX-AQ
1, 1
2019, 09, 05, 2020, 04, 27
1
Time_start, seconds_past_midnight, seconds from midnight
18
1, 1, 1, 1, 1, 1, 1, 1, 1, 1, 1, 1, 1, 1, 1, 1, 1, 1
-9999, -9999, -9999, -9999, -9999, -9999, -9999, -9999, -9999, -9999, -9999, -9999, -9999, -9999, -9999, -9999, -9999, -9999
ext_dry_664, Mm-1, AerOpt_Extinction_InSitu_RHd_red_Total_PM2.5_STP
ext_dry_532, Mm-1, AerOpt_Extinction_InSitu_RHd_green_Total_PM2.5_STP
ext_dry_405, Mm-1, AerOpt_Extinction_InSitu_RHd_blue_Total_PM2.5_STP
abs_dry_664, Mm-1, AerOpt_Absorption_InSitu_RHd_red_Total_PM2.5_STP
abs_dry_532, Mm-1, AerOpt_Absorption_InSitu_RHd_green_Total_PM2.5_STP
abs_dry_405, Mm-1, AerOpt_Absorption_InSitu_RHd_blue_Total_PM2.5_STP
AOP_RH_dry, pct, Relative_humidity_of_dry_RH_channels
ext_medRH_664, Mm-1, AerOpt_Extinction_InSitu_RH80_red_Total_PM2.5_STP
AOP_RH_med, pct, Relative_humidity_of_medium_RH_channel
ext_highRH_664, Mm-1, AerOpt_Extinction_InSitu_RH85_red_Total_PM2.5_STP
AOP_RH_high, pct, Relative_humidity_of_high_RH_channel
ext_TD_664, Mm-1, AerOpt_ExtinctionTD_InSitu_RHd_blue_Total_PM2.5_STP
ext_TD_405, Mm-1, AerOpt_ExtinctionTD_InSitu_RHd_red_Total_PM2.5_STP
abs_TD_664, Mm-1, AerOpt_Absorption_InSitu_RHd_red_Total_PM2.5_STP
abs_TD_405, Mm-1, AerOpt_Absorption_InSitu_RHd_blue_Total_PM2.5_STP
AOP_TD_bypass_flag, pct, Flag_for_TD_Bypass_valve
AOP_filter_flag, pct, Flag_for_Filter_Valve
AOP_Dilution_ratio, pct, Applied_Dilution_Ratio_for_ext_channels
1
N/A
18
PI_CONTACT_INFO: Address: NOAA ESRL Chemical Sciences Division, R/CSD2, 325 Broadway, Boulder, CO 80305. Email: nick.wagner@noaa.gov.
PLATFORM: NASA DC8
LOCATION: See the DC8 MetNav file, Based in Boise (BOI) and Salina, KS
ASSOCIATED_DATA: N/A
[...]
DATA_INFO: Mm-1:
UNCERTAINTY: The precision of the extinction measurements varies with aerosol loading and is +/-20% at 10 Mm-1 and +/-5% at 100 Mm-1. The accuracy of the dry measurement is +/-2% and depends on RH for the humidified measurements, +/-5% at 85% RH and +/-15% at 90% RH. For more details, see Langridge et al., Aerosol Science and Technology 45:1305-1318, 2011. Analysis of comparable measurements suggest incomplete mixing in the dilution system. Effective dilution for individual instruments can vary by +/- 30% compared to the reported flow-based dilution estimate. The absorption measurements have a high signal accuracy of 20%. The low signal precision varies with altitude and flight to flight, and is typically less than 10 Mm-1 for 1 second measurements.
ULOD_FLAG: -7777
ULOD_VALUE: N/A
LLOD_FLAG: -8888
LLOD_VALUE: N/A
DM_CONTACT_INFO: Gao Chen
PROJECT_INFO: FIREX-AQ
STIPULATIONS_ON_USE: NASA Data Policy. Contact with PI is encouraged.
OTHER_COMMENTS: N/A
REVISION: R1
R1: Absorption measurements have been corrected for pressure dependent microphone sensitivity. In-cloud data has been removed. R0: Final Data. 
Time_start, ext_dry_664, ext_dry_532, ext_dry_405, abs_dry_664, abs_dry_532, abs_dry_405, AOP_RH_dry, ext_medRH_664, AOP_RH_med, ext_highRH_664, AOP_RH_high, ext_TD_664, ext_TD_405, abs_TD_664, abs_TD_405, AOP_TD_bypass_flag, AOP_filter_flag, AOP_Dilution_ratio
[from data line 19276]
82651,22.6601,38.2041,60.5923,-9999.0000,-9999.0000,5.3144,32.6870,28.7525,80.7637,32.0670,85.3955,8.3320,10.1980,-9999.0000,0.7934,0,0,1.0000
82652,22.5972,41.2714,56.5656,-9999.0000,-9999.0000,6.3328,32.6856,29.3251,80.6531,33.1117,85.4430,7.2487,12.9464,-9999.0000,2.6473,0,0,1.0000
82653,22.2885,34.2554,55.8613,-9999.0000,-9999.0000,5.9590,32.6864,26.9815,80.5086,31.4559,85.4799,7.1465,11.6511,-9999.0000,1.3570,0,0,1.0000
82654,22.2854,33.8031,61.3094,-9999.0000,-9999.0000,5.2412,32.6879,28.6446,80.3734,34.3510,85.5186,8.8560,13.8467,-9999.0000,4.7191,0,0,1.0000
82655,24.7454,29.2778,52.1734,-9999.0000,-9999.0000,6.1465,32.6863,33.0316,80.2352,42.6369,85.5483,8.5982,13.9799,-9999.0000,2.5095,0,0,1.0000
82656,19.5789,31.1484,54.0377,-9999.0000,-9999.0000,5.3618,32.6916,30.1246,80.0719,36.5514,85.5802,6.4060,10.2047,-9999.0000,5.1525,0,0,1.0000
82657,19.5449,29.1368,48.3631,-9999.0000,-9999.0000,4.5927,32.6889,24.3085,79.9060,36.0362,85.6020,7.2020,9.6928,-9999.0000,5.5357,0,0,1.0000
82658,18.8619,29.5285,49.6081,-9999.0000,-9999.0000,5.2346,32.6836,24.7809,79.7266,34.0112,85.6055,8.9586,8.4720,-9999.0000,5.9482,0,0,1.0000
82659,16.8910,31.6036,54.9798,-9999.0000,-9999.0000,5.7105,32.6863,29.2009,79.5595,37.7573,85.6195,12.5502,7.8698,-9999.0000,3.9405,0,0,1.0000
82660,17.6152,29.2493,45.6697,-9999.0000,-9999.0000,5.9555,32.6950,29.4484,79.4078,24.1611,85.6113,12.9625,13.0637,-9999.0000,2.6648,0,0,1.0000
82661,16.3979,29.7297,47.4356,-9999.0000,-9999.0000,4.2622,32.7039,32.1716,79.2368,31.4727,85.6091,7.3160,10.0247,-9999.0000,5.0351,0,0,1.0000
82662,19.0589,38.1692,51.2983,-9999.0000,-9999.0000,5.8049,32.7066,23.6958,79.0694,48.5012,85.6012,8.8076,9.7230,-9999.0000,2.6436,0,0,1.0000
82663,18.5466,31.1821,54.4108,-9999.0000,-9999.0000,5.4724,32.7070,22.0949,78.9213,28.0478,85.5689,20.7999,9.5386,-9999.0000,1.8306,0,0,1.0000
82664,18.0024,37.6594,56.3799,-9999.0000,-9999.0000,4.7285,32.7165,25.0993,78.7869,37.9755,85.5156,10.5959,6.9843,-9999.0000,6.5559,0,0,1.0000
82665,21.0418,32.7509,50.7721,-9999.0000,-9999.0000,4.3246,32.7121,31.9080,78.6423,36.6571,85.4349,8.3030,6.0281,-9999.0000,7.5822,0,0,1.0000
82666,21.9444,31.5672,51.8635,-9999.0000,-9999.0000,6.0989,32.7221,27.2400,78.5019,30.3399,85.3556,16.6766,9.5756,-9999.0000,2.8826,0,0,1.0000
82667,19.0859,33.2546,54.6304,-9999.0000,-9999.0000,5.6121,32.7324,28.5261,78.3921,41.1493,85.2750,22.3878,11.4800,-9999.0000,2.1774,0,0,1.0000
82668,21.4492,35.3749,52.5994,-9999.0000,-9999.0000,7.4556,32.7365,31.7258,78.3055,28.8086,85.1673,18.0325,9.7122,-9999.0000,5.1443,0,0,1.0000
82669,23.9472,32.9841,54.0664,-9999.0000,-9999.0000,5.2634,32.7255,27.7245,78.2025,32.2496,85.0524,4.9525,8.5216,-9999.0000,3.2980,0,0,1.0000
82670,23.1549,31.9294,55.9456,-9999.0000,-9999.0000,4.3212,32.7336,34.3422,78.1354,39.1357,84.9516,4.5223,8.4508,-9999.0000,2.3810,0,0,1.0000
82671,21.9733,36.9332,60.2624,-9999.0000,-9999.0000,4.3961,32.7382,36.8091,78.0686,35.7525,84.8561,5.0063,7.4979,-9999.0000,4.3818,0,0,1.0000
82672,19.7530,32.4571,56.9502,-9999.0000,-9999.0000,5.1115,32.7356,28.3577,78.0416,27.9173,84.7731,6.5321,10.6984,-9999.0000,1.3038,0,0,1.0000
82673,21.8885,40.7253,54.0734,-9999.0000,-9999.0000,5.0699,32.7377,27.7634,78.0157,34.7742,84.6866,7.1184,10.1869,-9999.0000,4.9023,0,0,1.0000
82674,19.3398,33.0145,52.5389,-9999.0000,-9999.0000,5.4031,32.7419,33.7975,77.9976,32.8961,84.6171,6.5691,10.9797,-9999.0000,4.2443,0,0,1.0000
82675,24.0945,32.4174,52.2058,-9999.0000,-9999.0000,5.1872,32.7387,48.5310,77.9872,31.2034,84.5534,4.8858,20.9326,-9999.0000,5.1717,0,0,1.0000
82676,18.7549,33.9413,55.6384,-9999.0000,-9999.0000,5.5888,32.7392,29.9866,77.9713,23.8273,84.4976,5.4592,19.5069,-9999.0000,-1.2560,0,0,1.0000
82677,22.7808,32.8022,54.9780,-9999.0000,-9999.0000,4.9555,32.7349,30.9089,77.9758,33.3106,84.4503,4.8946,10.5958,-9999.0000,5.7069,0,0,1.0000
82678,22.7697,32.3667,51.4821,-9999.0000,-9999.0000,4.6647,32.7311,32.8525,77.9826,40.3674,84.4109,4.3974,9.4111,-9999.0000,6.7410,0,0,1.0000
82679,21.9299,33.9844,52.0490,-9999.0000,-9999.0000,4.0053,32.7286,40.4705,78.0017,33.0259,84.3794,6.9649,10.4073,-9999.0000,3.6538,0,0,1.0000
82680,26.4598,29.5512,55.9099,-9999.0000,-9999.0000,4.8815,32.7213,31.1657,78.0657,36.2615,84.3556,7.7837,14.7330,-9999.0000,4.0211,0,0,1.0000
82681,19.3526,30.8380,49.6277,-9999.0000,-9999.0000,4.0940,32.7184,30.9076,78.1228,27.2932,84.3419,8.4652,7.3730,-9999.0000,3.3762,0,0,1.0000
82682,20.3619,30.0724,47.6302,-9999.0000,-9999.0000,5.9020,32.7193,24.0578,78.1992,40.8777,84.3323,6.8075,5.8890,-9999.0000,2.2068,0,0,1.0000
82683,19.1567,31.6884,45.0617,-9999.0000,-9999.0000,4.5410,32.7172,27.2775,78.2897,23.4710,84.3292,6.3150,6.7444,-9999.0000,2.6424,0,0,1.0000
82684,28.1873,30.6396,46.6646,-9999.0000,-9999.0000,5.0432,32.7199,30.9255,78.3868,24.0297,84.3319,6.8600,9.7090,-9999.0000,0.7552,0,0,1.0000
82685,14.0431,27.3049,39.6658,-9999.0000,-9999.0000,4.3373,32.7165,24.4489,78.4954,26.7053,84.3312,4.3876,12.3881,-9999.0000,6.7456,0,0,1.0000
82686,15.9791,22.4634,41.1880,-9999.0000,-9999.0000,3.6557,32.7149,21.5165,78.6003,22.3228,84.3317,4.2724,8.6524,-9999.0000,0.4773,0,0,1.0000
82687,12.6355,20.8084,37.0839,-9999.0000,-9999.0000,3.1460,32.7172,18.1330,78.7570,24.2400,84.3387,3.3107,6.4839,-9999.0000,0.5577,0,0,1.0000
82688,12.6862,18.9415,35.5552,-9999.0000,-9999.0000,2.7852,32.7180,25.0930,78.8746,18.0836,84.3521,7.2281,5.8033,-9999.0000,4.0116,0,0,1.0000
82689,9.7208,17.3297,30.7721,-9999.0000,-9999.0000,2.5542,32.7142,18.4311,79.0100,16.8595,84.3609,9.4080,4.8591,-9999.0000,1.8600,0,0,1.0000
82690,8.9061,15.8252,26.6558,-9999.0000,-9999.0000,2.1711,32.7127,20.0802,79.1208,18.0600,84.3804,7.3555,5.0934,-9999.0000,3.0571,0,0,1.0000
82691,16.4194,13.5473,25.7270,-9999.0000,-9999.0000,2.7649,32.7112,14.7413,79.2435,14.4135,84.3953,7.2529,4.3242,-9999.0000,4.4876,0,0,1.0000
82692,9.9021,12.6799,22.9866,-9999.0000,-9999.0000,2.1617,32.7099,14.9049,79.4030,17.4055,84.4065,6.0370,4.3980,-9999.0000,0.8469,0,0,1.0000
82693,8.7378,13.1776,27.9182,-9999.0000,-9999.0000,2.3871,32.6905,18.6623,79.5238,13.1529,84.4148,3.3699,5.0364,-9999.0000,2.0772,0,0,1.0000
82694,12.8185,14.3526,26.0351,-9999.0000,-9999.0000,2.1232,32.6843,12.4107,79.6400,11.8128,84.4207,2.0212,5.3649,-9999.0000,-1.6966,0,0,1.0000
82695,14.7197,18.4098,27.1661,-9999.0000,-9999.0000,2.5927,32.6935,19.3166,79.7559,20.4293,84.4314,3.9300,7.3707,-9999.0000,2.7580,0,0,1.0000
82696,10.8142,21.5457,30.1767,-9999.0000,-9999.0000,3.7055,32.6746,20.0130,79.8689,21.8754,84.4298,5.0328,7.0031,-9999.0000,2.7236,0,0,1.0000
82697,13.9206,25.3138,35.4219,-9999.0000,-9999.0000,4.0420,32.6593,22.3567,79.9698,23.0659,84.4230,12.5694,5.0865,-9999.0000,2.0395,0,0,1.0000
82698,13.7346,23.9963,36.1982,-9999.0000,-9999.0000,2.4848,32.6485,25.2989,80.0633,22.2865,84.4203,18.9432,7.8408,-9999.0000,1.6274,0,0,1.0000
82699,12.4271,22.0672,38.0464,-9999.0000,-9999.0000,2.8168,32.6317,27.7413,80.1501,26.0523,84.4017,14.7990,7.2303,-9999.0000,1.7389,0,0,1.0000
82700,17.9858,24.4898,44.8760,-9999.0000,-9999.0000,4.3456,32.6324,18.4168,80.2064,19.9641,84.3766,7.3771,8.6365,-9999.0000,2.2417,0,0,1.0000
82701,16.9172,27.7708,49.0618,-9999.0000,-9999.0000,3.8172,32.6266,21.6010,80.2709,24.2650,84.3382,9.8420,15.6070,-9999.0000,0.1955,0,0,1.0000
82702,23.7632,34.2632,55.9291,-9999.0000,-9999.0000,4.8177,32.5980,24.5140,80.3265,29.4499,84.3181,8.6516,15.8465,-9999.0000,0.0560,0,0,1.0000
82703,20.4535,38.2404,59.8832,-9999.0000,-9999.0000,5.0054,32.5938,30.8983,80.3881,28.0484,84.2939,18.0163,9.6635,-9999.0000,4.6100,0,0,1.0000
82704,19.4893,33.4044,58.5175,-9999.0000,-9999.0000,4.8543,32.5928,33.2920,80.4173,30.3933,84.2676,10.6213,9.1018,-9999.0000,7.0154,0,0,1.0000
82705,19.6670,38.7165,55.4911,-9999.0000,-9999.0000,7.1420,32.5705,27.0979,80.4388,25.9943,84.2511,5.8104,10.1261,-9999.0000,5.8055,0,0,1.0000
82706,24.0543,36.3683,61.1517,-9999.0000,-9999.0000,6.2686,32.5573,31.0348,80.4389,35.4446,84.2193,7.2513,11.9659,-9999.0000,1.8524,0,0,1.0000
82707,24.0693,36.5034,60.1992,-9999.0000,-9999.0000,8.4003,32.5619,25.4549,80.4490,28.2389,84.2114,7.7484,10.9600,-9999.0000,-0.0366,0,0,1.0000
82708,30.3674,41.5857,63.0317,-9999.0000,-9999.0000,6.4369,32.5568,29.2138,80.4533,37.7962,84.2027,8.8921,16.2887,-9999.0000,9.2063,0,0,1.0000
82709,19.9826,34.1094,67.4693,-9999.0000,-9999.0000,7.4255,32.5478,28.9165,80.4445,38.6287,84.2042,14.2846,16.3079,-9999.0000,5.9119,0,0,1.0000
82710,24.1040,34.8744,61.0443,-9999.0000,-9999.0000,5.8442,32.5461,29.0923,80.4220,36.0866,84.2015,11.2778,17.1809,-9999.0000,6.8133,0,0,1.0000
82711,22.5943,35.1173,55.1831,-9999.0000,-9999.0000,5.8739,32.5419,24.4727,80.3724,30.6456,84.2069,9.4214,15.6489,-9999.0000,3.5760,0,0,1.0000
82712,19.1142,34.6147,58.6631,-9999.0000,-9999.0000,5.4849,32.5344,28.8069,80.3117,30.0644,84.2082,8.1671,12.8820,-9999.0000,3.1102,0,0,1.0000
82713,20.6429,34.1118,57.4728,-9999.0000,-9999.0000,5.5510,32.5363,24.8355,80.2290,32.3061,84.2267,7.4663,11.9512,-9999.0000,2.7519,0,0,1.0000
82714,21.2705,35.4595,56.2008,-9999.0000,-9999.0000,5.8729,32.5284,25.1729,80.1434,36.3661,84.2460,7.5546,13.7580,-9999.0000,2.6455,0,0,1.0000
82715,20.9900,34.6819,58.8405,-9999.0000,-9999.0000,5.8250,32.5179,23.6268,80.0441,30.6086,84.2837,7.3753,11.1930,-9999.0000,6.2070,0,0,1.0000
82716,21.8589,33.5006,57.1106,-9999.0000,-9999.0000,6.1856,32.5114,30.0891,79.9348,26.7098,84.3290,6.5363,10.4721,-9999.0000,7.2341,0,0,1.0000
82717,16.8696,32.5470,52.0246,-9999.0000,-9999.0000,4.5472,32.5049,27.9177,79.8140,32.4901,84.3890,5.5750,13.0569,-9999.0000,-0.9696,0,0,1.0000
82718,17.6970,26.7812,47.6153,-9999.0000,-9999.0000,3.5037,32.5191,22.5206,79.7081,29.3268,84.4712,5.8759,14.6354,-9999.0000,5.1328,0,0,1.0000
82719,16.7433,23.4676,43.3134,-9999.0000,-9999.0000,3.8360,32.5203,21.5260,79.6015,27.6313,84.5318,4.1181,12.5721,-9999.0000,3.4050,0,0,1.0000
82720,12.7927,18.0269,37.6946,-9999.0000,-9999.0000,2.9065,32.5213,17.4686,79.4859,25.9854,84.5924,3.3954,9.7453,-9999.0000,5.5218,0,0,1.0000
82721,11.4928,17.1034,35.2172,-9999.0000,-9999.0000,1.9698,32.5165,16.4079,79.3654,22.9000,84.6445,3.8560,10.8343,-9999.0000,1.7787,0,0,1.0000
82722,11.0606,17.6427,30.1569,-9999.0000,-9999.0000,1.7484,32.5009,14.6299,79.2385,24.6128,84.6856,5.9085,9.3710,-9999.0000,3.1223,0,0,1.0000
82723,10.4381,18.4784,30.7042,-9999.0000,-9999.0000,2.0368,32.4917,17.8352,79.1313,20.1005,84.7306,2.9135,10.8139,-9999.0000,1.6156,0,0,1.0000
82724,10.9400,16.8064,30.0248,-9999.0000,-9999.0000,1.4698,32.4829,19.7484,79.0300,19.7133,84.7762,3.6868,10.7557,-9999.0000,4.3944,0,0,1.0000
82725,10.5203,17.0112,26.5610,-9999.0000,-9999.0000,1.7365,32.4783,16.8709,78.9540,16.5655,84.8204,3.4808,8.1642,-9999.0000,4.1527,0,0,1.0000
82726,10.6338,15.3560,29.3053,-9999.0000,-9999.0000,3.9063,32.4861,18.4122,78.8592,28.9752,84.8759,2.2768,16.4440,-9999.0000,4.7822,0,0,1.0000
82727,10.0206,17.4033,28.6332,-9999.0000,-9999.0000,2.7173,32.4874,22.6535,78.7754,43.9912,84.9178,2.3759,7.9023,-9999.0000,-0.0908,0,0,1.0000
82728,9.7937,19.5999,28.1113,-9999.0000,-9999.0000,1.6438,32.4868,15.0002,78.6925,29.0141,84.9594,1.7405,8.2827,-9999.0000,0.3456,0,0,1.0000
82729,10.5130,15.0907,24.8394,-9999.0000,-9999.0000,1.6888,32.4855,21.7580,78.6444,20.6597,84.9862,1.1457,9.1025,-9999.0000,5.2360,0,0,1.0000
82730,10.1040,13.1807,22.3321,-9999.0000,-9999.0000,1.3099,32.4730,22.7895,78.6097,19.1524,85.0019,2.4081,6.6937,-9999.0000,2.1096,0,0,1.0000
82731,8.4000,12.9533,23.8562,-9999.0000,-9999.0000,2.1796,32.4693,15.5973,78.5945,16.5391,85.0212,2.7537,3.2973,-9999.0000,-0.3891,0,0,1.0000
82732,8.6475,18.2694,22.3536,-9999.0000,-9999.0000,1.6577,32.4566,16.3660,78.5786,21.5949,85.0377,2.1366,4.4422,-9999.0000,4.6115,0,0,1.0000
82733,9.1704,14.4603,24.1428,-9999.0000,-9999.0000,0.6895,32.4424,16.4218,78.5700,23.5826,85.0455,1.1519,2.2957,-9999.0000,-1.4323,0,0,1.0000
82734,9.1453,12.8774,20.1362,-9999.0000,-9999.0000,1.5248,32.4347,14.2199,78.5703,17.6724,85.0495,3.5332,5.2951,-9999.0000,0.3969,0,0,1.0000
82735,7.3282,10.8758,17.1850,-9999.0000,-9999.0000,0.7589,32.4339,11.7109,78.5675,16.7767,85.0491,6.1029,5.1973,-9999.0000,-2.1430,0,0,1.0000
82736,6.1192,9.0817,15.8663,-9999.0000,-9999.0000,0.3538,32.4221,12.7739,78.5775,24.1869,85.0496,2.6679,2.5530,-9999.0000,0.8900,0,0,1.0000
82737,4.9831,8.4661,16.7854,-9999.0000,-9999.0000,1.0010,32.4113,11.7582,78.5970,26.1680,85.0486,3.3137,4.5669,-9999.0000,3.6363,0,0,1.0000
82738,4.4942,9.1990,16.3560,-9999.0000,-9999.0000,1.0229,32.3921,10.8327,78.6342,18.7277,85.0440,1.9721,2.0616,-9999.0000,-1.5155,0,0,1.0000
82739,6.1766,10.6356,16.3276,-9999.0000,-9999.0000,0.1206,32.3962,13.7021,78.6936,13.9509,85.0368,0.6255,0.6376,-9999.0000,-0.2293,0,0,1.0000
82740,6.0687,9.0874,15.9331,-9999.0000,-9999.0000,0.0136,32.3953,9.9402,78.7674,15.4338,85.0250,3.9837,-0.1868,-9999.0000,0.0561,0,0,1.0000
82741,5.5680,8.6505,14.9848,-9999.0000,-9999.0000,0.3935,32.3922,8.0646,78.8512,17.7124,85.0235,7.1485,-0.3190,-9999.0000,0.4520,0,0,1.0000
82742,7.6140,9.6353,13.3741,-9999.0000,-9999.0000,0.7761,32.3776,10.5576,78.9523,20.6190,85.0154,2.6777,-0.1388,-9999.0000,0.3987,0,0,1.0000
82743,6.9186,10.6402,15.5623,-9999.0000,-9999.0000,0.4550,32.3767,9.3317,79.0436,13.0100,85.0116,2.0042,2.8769,-9999.0000,1.3926,0,0,1.0000
82744,5.0106,10.4412,16.0884,-9999.0000,-9999.0000,0.2868,32.3681,13.4427,79.1612,11.6852,85.0108,2.3713,-0.6074,-9999.0000,3.6497,0,0,1.0000
82745,4.6212,8.7651,14.5405,-9999.0000,-9999.0000,0.9400,32.3701,9.8528,79.2547,13.8256,85.0106,1.5819,1.7445,-9999.0000,2.4267,0,0,1.0000
82746,4.5183,9.7395,16.2179,-9999.0000,-9999.0000,0.6009,32.3743,8.7980,79.3592,14.8480,85.0077,0.4790,3.8814,-9999.0000,-0.2667,0,0,1.0000
82747,5.6514,8.9275,16.6694,-9999.0000,-9999.0000,0.6924,32.3752,9.3907,79.4660,14.7739,85.0137,3.3022,1.6671,-9999.0000,0.5504,0,0,1.0000
82748,5.4457,10.0793,12.6545,-9999.0000,-9999.0000,0.9486,32.3655,14.5186,79.5762,11.6360,85.0176,3.8831,-0.5819,-9999.0000,0.3152,0,0,1.0000
82749,4.0226,9.8395,14.0422,-9999.0000,-9999.0000,0.7296,32.3608,12.5630,79.6923,19.4176,85.0429,0.7934,0.6426,-9999.0000,2.7245,0,0,1.0000
82750,4.3839,8.9313,15.2481,-9999.0000,-9999.0000,0.4559,32.3499,11.4237,79.8080,10.8557,85.0585,0.7528,0.2366,-9999.0000,-1.3281,0,0,1.0000
82751,8.0987,10.7841,16.4711,-9999.0000,-9999.0000,0.5686,32.3486,10.0620,79.9216,14.0689,85.0916,0.8338,0.6211,-9999.0000,3.7053,0,0,1.0000
82752,7.5722,10.0961,17.4371,-9999.0000,-9999.0000,0.5833,32.3466,10.9540,80.0567,14.0246,85.1331,4.8578,-0.1785,-9999.0000,-0.6475,0,0,1.0000
82753,7.1861,11.5372,17.2431,-9999.0000,-9999.0000,0.9059,32.3439,11.2060,80.1588,19.4565,85.1855,3.1430,0.2754,-9999.0000,0.1109,0,0,1.0000
82754,6.6713,10.9034,19.4743,-9999.0000,-9999.0000,0.6798,32.3388,13.8569,80.2677,24.9047,85.2281,0.6682,-0.5339,-9999.0000,-3.9057,0,0,1.0000
82755,9.2350,12.4047,19.4021,-9999.0000,-9999.0000,0.9831,32.3308,16.9717,80.3654,17.9016,85.2565,5.7261,3.5988,-9999.0000,2.6371,0,0,1.0000
82756,6.9025,12.7555,21.4303,-9999.0000,-9999.0000,0.7833,32.3222,12.8962,80.4647,15.0154,85.2698,5.3563,1.8570,-9999.0000,-1.2648,0,0,1.0000
82757,8.4416,12.4874,19.5339,-9999.0000,-9999.0000,0.8818,32.3118,14.7151,80.5528,17.9470,85.3056,3.6158,-0.3509,-9999.0000,1.2336,0,0,1.0000
82758,10.6972,13.3020,21.5754,-9999.0000,-9999.0000,0.2597,32.3068,11.6428,80.6312,16.3749,85.3359,7.9057,-0.5416,-9999.0000,1.2671,0,0,1.0000
82759,7.4354,13.6355,20.5924,-9999.0000,-9999.0000,0.7423,32.2939,13.8424,80.6916,22.6579,85.3624,5.5899,4.0584,-9999.0000,0.5927,0,0,1.0000
82760,7.4412,13.0793,22.1814,-9999.0000,-9999.0000,0.7416,32.2967,15.0932,80.7686,17.0579,85.3805,1.6905,1.4200,-9999.0000,3.6956,0,0,1.0000
82761,10.1085,16.3481,27.9402,-9999.0000,-9999.0000,1.8711,32.2892,15.3225,80.8168,22.9652,85.3907,3.1023,3.9998,-9999.0000,-0.8552,0,0,1.0000
82762,10.3601,24.9075,29.3713,-9999.0000,-9999.0000,1.9777,32.2881,16.2988,80.8688,16.4464,85.3984,5.0330,5.1291,-9999.0000,5.0167,0,0,1.0000
