Data/Raw/WAGNER,NICK/firexaq-AOP-optical_DC8_20190725_R1.ict
51, 1001
Wagner, Nicholas L.
NOAA Earth System Research Laboratory
NOAA AOP instrument
FIREX-AQ
1, 1
2019, 07, 25, 2020, 04, 27
1
Time_start, seconds_past_midnight, seconds from midnight
18
1, 1, 1, 1, 1, 1, 1, 1, 1, 1, 1, 1, 1, 1, 1, 1, 1, 1
-9999, -9999, -9999, -9999, -9999, -9999, -9999, -9999, -9999, -9999, -9999, -9999, -9999, -9999, -9999, -9999, -9999, -9999
ext_dry_664, Mm-1, AerOpt_Extinction_InSitu_RHd_red_Total_PM2.5_STP
ext_dry_532, Mm-1, AerOpt_Extinction_InSitu_RHd_green_Total_PM2.5_STP
ext_dry_405, Mm-1, AerOpt_Extinction_InSitu_RHd_blue_Total_PM2.5_STP
abs_dry_664, Mm-1, AerOpt_Absorption_InSitu_RHd_red_Total_PM2.5_STP
abs_dry_532, Mm-1, AerOpt_Absorption_InSitu_RHd_green_Total_PM2.5_STP
abs_dry_405, Mm-1, AerOpt_Absorption_InSitu_RHd_blue_Total_PM2.5_STP
AOP_RH_dry, pct, Relative_humidity_of_dry_RH_channels
ext_medRH_664, Mm-1, AerOpt_Extinction_InSitu_RH80_red_Total_PM2.5_STP
AOP_RH_med, pct, Relative_humidity_of_medium_RH_channel
ext_highRH_664, Mm-1, AerOpt_Extinction_InSitu_RH85_red_Total_PM2.5_STP
AOP_RH_high, pct, Relative_humidity_of_high_RH_channel
ext_TD_664, Mm-1, AerOpt_ExtinctionTD_InSitu_RHd_blue_Total_PM2.5_STP
ext_TD_405, Mm-1, AerOpt_ExtinctionTD_InSitu_RHd_red_Total_PM2.5_STP
abs_TD_664, Mm-1, AerOpt_Absorption_InSitu_RHd_red_Total_PM2.5_STP
abs_TD_405, Mm-1, AerOpt_Absorption_InSitu_RHd_blue_Total_PM2.5_STP
AOP_TD_bypass_flag, pct, Flag_for_TD_Bypass_valve
AOP_filter_flag, pct, Flag_for_Filter_Valve
AOP_Dilution_ratio, pct, Applied_Dilution_Ratio_for_ext_channels
1
N/A
18
PI_CONTACT_INFO: Address: NOAA ESRL Chemical Sciences Division, R/CSD2, 325 Broadway, Boulder, CO 80305. Email: nick.wagner@noaa.gov.
PLATFORM: NASA DC8
LOCATION: See the DC8 MetNav file, Based in Boise (BOI) and Salina, KS
ASSOCIATED_DATA: N/A
[...]
DATA_INFO: Mm-1:
UNCERTAINTY: The precision of the extinction measurements varies with aerosol loading and is +/-20% at 10 Mm-1 and +/-5% at 100 Mm-1. The accuracy of the dry measurement is +/-2% and depends on RH for the humidified measurements, +/-5% at 85% RH and +/-15% at 90% RH. For more details, see Langridge et al., Aerosol Science and Technology 45:1305-1318, 2011. Analysis of comparable measurements suggest incomplete mixing in the dilution system. Effective dilution for individual instruments can vary by +/- 30% compared to the reported flow-based dilution estimate. The absorption measurements have a high signal accuracy of 20%. The low signal precision varies with altitude and flight to flight, and is typically less than 10 Mm-1 for 1 second measurements.
ULOD_FLAG: -7777
ULOD_VALUE: N/A
LLOD_FLAG: -8888
LLOD_VALUE: N/A
DM_CONTACT_INFO: Gao Chen
PROJECT_INFO: FIREX-AQ
STIPULATIONS_ON_USE: NASA Data Policy. Contact with PI is encouraged.
OTHER_COMMENTS: N/A
REVISION: R1
R1: Absorption measurements have been corrected for pressure dependent microphone sensitivity. In-cloud data has been removed. R0: Final Data.
Time_start, ext_dry_664, ext_dry_532, ext_dry_405, abs_dry_664, abs_dry_532, abs_dry_405, AOP_RH_dry, ext_medRH_664, AOP_RH_med, ext_highRH_664, AOP_RH_high, ext_TD_664, ext_TD_405, abs_TD_664, abs_TD_405, AOP_TD_bypass_flag, AOP_filter_flag, AOP_Dilution_ratio
[from data line 17604]
96999,-9999.0000,-9999.0000,-9999.0000,-9999.0000,-9999.0000,-9999.0000,6.3542,-9999.0000,79.4016,-9999.0000,85.1368,-9999.0000,-9999.0000,-9999.0000,-9999.0000,0,1,15.3000
97000,-9999.0000,-9999.0000,-9999.0000,-9999.0000,-9999.0000,-9999.0000,6.3494,-9999.0000,79.5145,-9999.0000,85.1390,-9999.0000,-9999.0000,-9999.0000,-9999.0000,0,1,15.3000
97001,-9999.0000,-9999.0000,-9999.0000,-9999.0000,-9999.0000,-9999.0000,6.3447,-9999.0000,79.6293,-9999.0000,85.1432,-9999.0000,-9999.0000,-9999.0000,-9999.0000,0,1,15.3000
97002,-9999.0000,-9999.0000,-9999.0000,-9999.0000,-9999.0000,-9999.0000,6.3433,-9999.0000,79.7401,-9999.0000,85.1422,-9999.0000,-9999.0000,-9999.0000,-9999.0000,0,1,15.3000
97003,-9999.0000,-9999.0000,-9999.0000,-9999.0000,-9999.0000,-9999.0000,6.3477,-9999.0000,79.8620,-9999.0000,85.1500,-9999.0000,-9999.0000,-9999.0000,-9999.0000,0,1,15.3000
97004,-9999.0000,-9999.0000,-9999.0000,-9999.0000,-9999.0000,-9999.0000,6.3453,-9999.0000,79.9970,-9999.0000,85.1597,-9999.0000,-9999.0000,-9999.0000,-9999.0000,0,1,15.3000
97005,-9999.0000,-9999.0000,-9999.0000,-9999.0000,-9999.0000,-9999.0000,6.3378,-9999.0000,80.1213,-9999.0000,85.1760,-9999.0000,-9999.0000,-9999.0000,-9999.0000,0,1,15.3000
97006,-9999.0000,-9999.0000,-9999.0000,-9999.0000,-9999.0000,-9999.0000,6.3331,-9999.0000,80.2739,-9999.0000,85.2019,-9999.0000,-9999.0000,-9999.0000,-9999.0000,0,1,15.3000
97007,-9999.0000,-9999.0000,-9999.0000,-9999.0000,-9999.0000,-9999.0000,6.3264,-9999.0000,80.3915,-9999.0000,85.2322,-9999.0000,-9999.0000,-9999.0000,-9999.0000,0,1,15.3000
97008,-9999.0000,-9999.0000,-9999.0000,-9999.0000,-9999.0000,-9999.0000,6.3265,-9999.0000,80.5127,-9999.0000,85.2604,-9999.0000,-9999.0000,-9999.0000,-9999.0000,0,1,15.3000
97009,-9999.0000,-9999.0000,-9999.0000,-9999.0000,-9999.0000,-9999.0000,6.3305,-9999.0000,80.6247,-9999.0000,85.2906,-9999.0000,-9999.0000,-9999.0000,-9999.0000,0,1,15.3000
97010,-9999.0000,-9999.0000,-9999.0000,-9999.0000,-9999.0000,-9999.0000,6.3340,-9999.0000,80.7658,-9999.0000,85.3229,-9999.0000,-9999.0000,-9999.0000,-9999.0000,0,1,15.3000
97011,-9999.0000,-9999.0000,-9999.0000,-9999.0000,-9999.0000,-9999.0000,6.3313,-9999.0000,80.8924,-9999.0000,85.3619,-9999.0000,-9999.0000,-9999.0000,-9999.0000,0,1,15.3000
97012,-9999.0000,-9999.0000,-9999.0000,-9999.0000,-9999.0000,-9999.0000,6.3174,-9999.0000,81.0164,-9999.0000,85.4010,-9999.0000,-9999.0000,-9999.0000,-9999.0000,0,1,15.3000
97013,-9999.0000,-9999.0000,-9999.0000,-9999.0000,-9999.0000,-9999.0000,6.3259,-9999.0000,81.1264,-9999.0000,85.4435,-9999.0000,-9999.0000,-9999.0000,-9999.0000,0,1,15.3000
97014,-9999.0000,-9999.0000,-9999.0000,-9999.0000,-9999.0000,-9999.0000,6.3266,-9999.0000,81.2515,-9999.0000,85.4962,-9999.0000,-9999.0000,-9999.0000,-9999.0000,0,1,15.3000
97015,-9999.0000,-9999.0000,-9999.0000,-9999.0000,-9999.0000,-9999.0000,6.3236,-9999.0000,81.3710,-9999.0000,85.5601,-9999.0000,-9999.0000,-9999.0000,298.7487,0,1,15.3000
97016,-9999.0000,-9999.0000,-9999.0000,-9999.0000,-9999.0000,-9999.0000,6.3307,-9999.0000,81.4730,-9999.0000,85.6369,-9999.0000,-9999.0000,-9999.0000,312.2706,0,1,15.3000
97017,-9999.0000,-9999.0000,-9999.0000,-9999.0000,-9999.0000,-9999.0000,6.3393,-9999.0000,81.5774,-9999.0000,85.7161,-9999.0000,-9999.0000,-9999.0000,310.5211,0,1,15.3000
97018,-9999.0000,-9999.0000,-9999.0000,-9999.0000,-9999.0000,-9999.0000,6.3389,-9999.0000,81.6868,-9999.0000,85.7715,-9999.0000,-9999.0000,-9999.0000,292.2974,0,0,15.3000
97019,-9999.0000,-9999.0000,-9999.0000,-9999.0000,-9999.0000,-9999.0000,6.3416,-9999.0000,81.7990,-9999.0000,85.8221,-9999.0000,-9999.0000,-9999.0000,269.6868,0,0,15.3000
97020,-9999.0000,-9999.0000,-9999.0000,-9999.0000,-9999.0000,-9999.0000,6.3434,-9999.0000,81.8984,-9999.0000,85.8659,-9999.0000,-9999.0000,-9999.0000,251.8866,0,0,15.3000
97021,-9999.0000,-9999.0000,-9999.0000,-9999.0000,-9999.0000,-9999.0000,6.3596,-9999.0000,81.9860,-9999.0000,85.9161,-9999.0000,-9999.0000,-9999.0000,228.0910,0,0,15.3000
97022,1046.4514,1678.1581,3484.1599,-9999.0000,-9999.0000,-9999.0000,6.3621,1142.9528,82.0667,1182.4564,85.9693,-9999.0000,-9999.0000,-9999.0000,186.5792,0,0,15.3000
97023,759.1727,1212.5189,2475.4814,56.1906,-9999.0000,-9999.0000,6.3588,777.5118,82.1544,966.7379,86.0151,-9999.0000,-9999.0000,-9999.0000,154.6747,0,0,15.3000
97024,508.9206,797.4478,1686.6831,45.2122,67.1965,141.4639,6.3580,528.1248,82.2180,881.0007,86.0577,-9999.0000,-9999.0000,-9999.0000,124.9036,0,0,15.3000
97025,288.8315,598.9563,1140.8760,29.1175,47.3163,105.9555,6.3587,390.4093,82.2739,678.4307,86.0862,-9999.0000,-9999.0000,-9999.0000,103.2311,0,0,15.3000
97026,195.3743,333.8037,726.1409,-9999.0000,36.2959,104.8882,6.3549,300.9558,82.3265,591.8594,86.1128,-9999.0000,-9999.0000,-9999.0000,79.0037,0,0,15.3000
97027,137.3201,182.2787,558.1906,-9999.0000,26.7529,47.9440,6.3632,280.9620,82.3615,497.3192,86.1265,-9999.0000,-9999.0000,-9999.0000,50.2715,0,0,15.3000
97028,92.9740,124.6682,438.7482,-9999.0000,-9999.0000,32.0268,6.3611,195.2337,82.3804,410.2974,86.1498,-9999.0000,-9999.0000,-9999.0000,30.1455,0,0,15.3000
97029,82.3876,101.5435,272.4811,-9999.0000,-9999.0000,26.9790,6.3548,123.7630,82.3834,317.5721,86.1586,-9999.0000,-9999.0000,-9999.0000,23.1375,0,0,15.3000
97030,58.1257,89.9459,196.0723,-9999.0000,-9999.0000,19.2731,6.3566,154.6341,82.3874,260.6977,86.1666,-9999.0000,-9999.0000,-9999.0000,18.6239,0,0,15.3000
97031,50.0199,54.8252,154.1100,-9999.0000,-9999.0000,17.9144,6.3540,75.1635,82.3919,203.9600,86.1784,-9999.0000,-9999.0000,-9999.0000,14.2154,0,0,15.3000
97032,58.6042,53.9985,149.3613,-9999.0000,-9999.0000,14.9334,6.3569,65.7554,82.3907,134.7972,86.1854,-9999.0000,-9999.0000,-9999.0000,14.5055,0,0,15.3000
97033,44.8912,62.6447,146.2517,-9999.0000,-9999.0000,13.5423,6.3523,93.6356,82.3628,122.1908,86.1924,-9999.0000,-9999.0000,-9999.0000,5.7998,0,0,15.3000
97034,54.6478,67.7065,137.2754,-9999.0000,-9999.0000,15.8257,6.3502,65.5484,82.2983,88.9731,86.1951,-9999.0000,-9999.0000,-9999.0000,17.9826,0,0,15.3000
97035,38.9383,80.0820,167.5727,-9999.0000,-9999.0000,22.8322,6.3519,84.3466,82.2049,85.1870,86.1950,-9999.0000,-9999.0000,-9999.0000,22.7007,0,0,15.3000
97036,64.8280,114.6870,259.8522,-9999.0000,-9999.0000,35.9778,6.3429,75.3309,82.0958,88.0497,86.1976,-9999.0000,-9999.0000,-9999.0000,29.2917,0,0,15.3000
97037,97.6844,189.4707,357.9760,-9999.0000,27.7036,57.6329,6.3363,134.0953,82.0042,76.3292,86.1973,-9999.0000,-9999.0000,-9999.0000,55.8061,0,0,15.3000
97038,149.8615,281.3383,566.4160,26.8945,50.4698,103.9306,6.3317,189.8784,81.8889,147.2756,86.2023,-9999.0000,-9999.0000,-9999.0000,86.1050,0,0,15.3000
97039,272.4736,489.4366,983.3331,46.9431,77.7057,186.1954,6.3319,334.0703,81.7482,317.2178,86.2030,-9999.0000,-9999.0000,-9999.0000,139.4734,0,0,15.3000
97040,532.2164,950.6453,1686.8331,71.4407,125.4557,278.3020,6.3327,668.1628,81.5962,405.0121,86.2050,-9999.0000,-9999.0000,-9999.0000,177.1671,0,0,15.3000
97041,927.1365,1697.4580,3104.9514,82.7696,151.1179,362.8222,6.3330,1019.6037,81.4473,742.1679,86.2047,-9999.0000,-9999.0000,-9999.0000,223.2620,0,0,15.3000
97042,1634.7349,3024.4729,5099.7969,82.0014,165.8325,414.2322,6.3360,1325.2581,81.2873,1116.9136,86.1900,-9999.0000,-9999.0000,-9999.0000,239.4736,0,0,15.3000
97043,1995.2019,3814.8767,6248.7886,82.8958,164.8481,407.5886,6.3405,1575.2175,81.1260,1309.9393,86.1925,-9999.0000,-9999.0000,-9999.0000,236.5166,0,0,15.3000
97044,1921.3671,3450.9631,6445.4688,77.5705,159.6609,394.9061,6.3500,1661.3530,80.9605,1368.1122,86.1937,-9999.0000,-9999.0000,-9999.0000,251.1099,0,0,15.3000
97045,1857.8828,3435.5054,6249.5171,74.8515,153.0387,422.0724,6.3386,1549.8021,80.7913,1363.1833,86.1909,-9999.0000,-9999.0000,-9999.0000,245.2698,0,0,15.3000
97046,1737.8375,3233.3650,6036.7314,65.3568,130.3427,445.3056,6.3293,1693.3865,80.6486,1544.9271,86.1937,-9999.0000,-9999.0000,-9999.0000,211.6969,0,0,15.3000
97047,1710.9125,2992.0803,5735.8096,64.7026,126.5503,360.7982,6.3248,1417.5310,80.5178,1547.5771,86.1871,-9999.0000,-9999.0000,-9999.0000,209.7271,0,0,15.3000
97048,1626.6726,2773.7886,5623.0044,57.6334,117.9296,350.4742,6.3228,1362.6862,80.3813,1478.3861,86.1757,-9999.0000,-9999.0000,-9999.0000,195.4010,0,0,15.3000
97049,1609.8730,2823.0510,5442.4814,59.6892,117.7655,368.1381,6.3160,1360.5638,80.2571,1417.5194,86.1746,-9999.0000,-9999.0000,-9999.0000,209.8651,0,0,15.3000
97050,1533.6799,2748.5991,5619.4868,66.5882,126.4135,373.4256,6.3169,1461.4813,80.1445,1516.4077,86.1793,-9999.0000,-9999.0000,-9999.0000,207.1813,0,0,15.3000
97051,1716.8816,3090.2415,5995.5298,55.9867,126.8766,379.5116,6.3190,1641.5531,80.0532,1588.9730,86.1747,-9999.0000,-9999.0000,-9999.0000,207.4903,0,0,15.3000
97052,1830.0189,3340.9644,6276.4775,54.9393,119.6138,370.2361,6.3252,1568.0811,79.9609,1702.1487,86.1562,-9999.0000,-9999.0000,-9999.0000,209.8872,0,0,15.3000
97053,1738.0225,3149.9412,5896.5928,52.0349,108.2066,333.5844,6.3290,1409.7826,79.8931,1567.1879,86.1433,-9999.0000,-9999.0000,-9999.0000,187.4626,0,0,15.3000
97054,1444.1974,2606.1084,5146.8975,41.5056,99.8077,296.5446,6.3261,1300.5909,79.8386,1362.1433,86.1311,-9999.0000,-9999.0000,-9999.0000,166.9480,0,0,15.3000
97055,1197.0310,2112.0405,4301.0483,40.1737,86.9473,262.2632,6.3332,1219.0911,79.7862,1295.2349,86.1100,89.5492,298.3734,-9999.0000,142.2479,0,0,15.3000
97056,1031.6333,1802.4377,3652.9976,38.1055,79.3784,241.0724,6.3250,967.5286,79.7511,1154.2733,86.0921,90.8911,285.8458,-9999.0000,131.0714,0,0,15.3000
97057,905.6205,1588.4390,3342.3601,37.1297,77.0005,232.1234,6.3416,947.2597,79.7159,1070.8822,86.0655,88.5026,291.5398,-9999.0000,132.4885,0,0,15.3000
97058,1010.0645,1689.3246,3396.5107,37.3415,85.1157,242.8299,6.3410,844.2060,79.7001,1082.8708,86.0388,87.0669,295.4387,-9999.0000,139.7740,0,0,15.3000
97059,1014.4135,1804.9417,3611.5898,40.3898,90.0343,267.8498,6.3443,1033.1025,79.6844,1079.7671,86.0182,90.2458,318.5977,-9999.0000,157.1446,0,0,15.3000
97060,1070.6196,1974.2445,3898.7964,59.1028,108.3628,314.8540,6.3459,1021.0557,79.6839,1160.0878,86.0029,90.5703,378.6206,-9999.0000,176.9483,0,0,15.3000
97061,1243.5094,2230.9900,4488.5396,80.0453,139.0806,395.7779,6.3441,1280.9368,79.6864,1309.7397,85.9794,116.1909,456.4731,-9999.0000,201.7521,0,0,15.3000
97062,1713.0636,3335.8804,6006.2002,88.9509,166.8911,457.6614,6.3390,1543.6440,79.7028,1466.1401,85.9548,149.9077,514.2988,-9999.0000,231.7596,0,0,15.3000
97063,2067.0107,4015.9541,7028.9512,100.3477,187.7493,495.8187,6.3418,1898.2888,79.7336,1725.9058,85.9274,171.0574,538.9539,-9999.0000,262.6908,0,0,15.3000
97064,2353.5732,4178.6494,7577.3813,98.9879,194.5294,509.7463,6.3446,2095.9658,79.7820,1811.9424,85.9198,175.6491,593.2682,-9999.0000,281.8851,0,0,15.3000
97065,2249.1228,4053.3210,7316.1147,109.8714,208.2287,505.6443,6.3507,2126.2874,79.8336,2022.0453,85.9009,190.5279,632.5794,-9999.0000,294.5785,0,0,15.3000
97066,2203.7188,4103.9883,7644.7646,116.4239,215.3544,531.5115,6.3572,2279.2275,79.9067,2040.4050,85.8823,197.7924,616.8605,-9999.0000,299.4889,0,0,15.3000
97067,2370.5684,4304.0312,8086.8833,-9999.0000,204.0192,526.0613,6.3572,2425.1926,79.9804,2093.1331,85.8636,206.2796,585.0073,-9999.0000,312.1220,0,0,15.3000
97068,2440.6016,4488.2812,7935.9956,-9999.0000,206.4081,520.1780,6.3523,2196.6880,80.0637,2251.9968,85.8483,211.9108,531.3439,-9999.0000,285.5253,0,0,15.3000
97069,2189.4961,3823.1123,7248.9927,104.9350,193.1396,480.0626,6.3408,2098.5811,80.1507,2139.9880,85.8391,213.1927,474.7217,-9999.0000,267.7899,0,0,15.3000
97070,1912.8866,3468.4819,6609.4375,92.7859,175.0266,434.4791,6.3385,1829.1713,80.2262,1925.0630,85.8303,212.9537,424.8449,-9999.0000,245.9907,0,0,15.3000
97071,1646.4534,2828.8494,5775.1758,89.9912,164.8212,395.0781,6.3416,1606.6658,80.3234,1821.4618,85.8309,193.5067,448.4749,-9999.0000,245.1631,0,0,15.3000
97072,1436.0319,2293.4187,4890.0679,88.4709,153.5535,384.7931,6.3424,1537.0002,80.4267,1769.3875,85.8351,177.4405,490.6016,-9999.0000,241.4908,0,0,15.3000
97073,1297.0767,2337.9055,4643.2856,87.4263,160.6401,380.2039,6.3412,1477.0428,80.5315,1555.2397,85.8311,167.7750,475.9803,-9999.0000,244.4562,0,0,15.3000
97074,1466.1525,2663.2615,5070.8525,90.0905,159.8535,392.1550,6.3399,1577.1329,80.6186,1606.6073,85.8368,164.2477,476.1458,-9999.0000,259.3839,0,0,15.3000
97075,1588.5571,3047.2158,5382.8545,97.6181,168.4395,402.5982,6.3331,1535.1221,80.7049,1563.1417,85.8412,182.9509,488.3365,-9999.0000,266.2102,0,0,15.3000
97076,1643.4004,3037.2214,5682.1763,93.9516,171.9008,438.8870,6.3314,1565.2048,80.8202,1564.8917,85.8586,184.3056,540.5320,-9999.0000,269.0970,0,0,15.3000
97077,1757.2855,3318.9697,6110.4287,-9999.0000,185.4212,489.8795,6.3270,1651.8229,80.9327,1593.4877,85.8688,185.9103,577.1450,-9999.0000,281.5004,0,0,15.3000
97078,1972.3835,3852.2075,7054.9746,-9999.0000,191.9212,530.3416,6.3251,2178.1145,81.0240,2034.7007,85.8732,195.6366,602.4210,-9999.0000,308.7338,0,0,15.3000
97079,2388.9204,4435.2651,8169.0991,104.2801,204.1570,579.0930,6.3290,2482.1799,81.1024,2124.2417,85.8834,215.3741,656.6096,-9999.0000,313.1991,0,0,15.3000
97080,2766.4937,5167.5454,9157.5137,105.0128,205.9389,603.9769,6.3336,2604.5261,81.1985,2205.5442,85.8941,219.9778,657.7635,-9999.0000,303.0651,0,0,15.3000
97081,2934.1003,5443.5732,9933.4658,104.3034,208.7442,601.5286,6.3361,2823.9939,81.3081,2614.7200,85.8998,196.7772,605.9191,-9999.0000,293.0035,0,0,15.3000
97082,3013.4290,5618.4194,10424.3428,91.1830,200.6172,568.9657,6.3306,2750.9851,81.4089,2625.5356,85.9068,173.2407,480.3856,-9999.0000,257.7536,0,0,15.3000
97083,2724.8354,4926.3462,9213.7158,77.4468,170.4732,485.1419,6.3261,2315.4121,81.4873,2316.0974,85.9045,171.2850,376.5657,-9999.0000,227.8592,0,0,15.3000
97084,1969.2578,3475.5117,7054.2632,65.6896,123.7858,376.7707,6.3309,1865.2819,81.5653,2096.9863,85.9093,145.6840,326.2818,-9999.0000,178.9489,0,0,15.3000
97085,1371.0450,2257.3479,5125.4194,51.2955,92.2042,293.3009,6.3277,1281.6722,81.6526,1677.7096,85.9075,118.7987,233.0746,-9999.0000,139.2707,0,0,15.3000
97086,969.4996,1473.2963,3442.0581,-9999.0000,72.0811,207.5894,6.3330,961.0627,81.7297,1421.9014,85.9040,94.7817,174.6523,-9999.0000,106.2208,0,0,15.3000
97087,577.9819,968.2921,2217.8979,-9999.0000,-9999.0000,151.1079,6.3387,728.0996,81.7892,967.1870,85.8960,70.1407,144.9624,-9999.0000,67.7159,0,0,15.3000
97088,371.7432,659.8861,1560.2279,-9999.0000,-9999.0000,96.9987,6.3440,454.6024,81.8360,806.0993,85.8894,69.2725,109.5824,-9999.0000,42.1287,0,0,15.3000
97089,241.2224,383.6505,980.5842,-9999.0000,-9999.0000,59.6291,6.3479,355.5783,81.8738,691.7047,85.8807,60.5512,68.4675,-9999.0000,33.9407,0,0,15.3000
97090,153.6515,250.4555,609.9300,-9999.0000,-9999.0000,45.0789,6.3479,257.6265,81.9153,518.3639,85.8748,33.6628,53.7008,-9999.0000,16.2337,0,0,15.3000
97091,103.2083,153.9403,388.2635,-9999.0000,-9999.0000,38.7257,6.3486,177.9108,81.9605,420.8242,85.8772,19.1965,42.8258,-9999.0000,17.4521,0,0,15.3000
97092,63.5508,68.0057,251.0497,-9999.0000,-9999.0000,27.0382,6.3503,156.2095,81.9942,297.5369,85.8760,14.9579,29.1456,-9999.0000,11.2656,0,0,15.3000
97093,40.3364,53.8680,164.6959,-9999.0000,-9999.0000,16.1861,6.3497,101.4500,82.0148,224.9281,85.8735,11.3211,23.9661,-9999.0000,5.4127,0,0,15.3000
97094,19.0333,22.9430,106.0701,-9999.0000,-9999.0000,10.0366,6.3571,145.2392,82.0226,178.9661,85.8731,2.7995,16.3916,-9999.0000,2.4649,0,0,15.3000
97095,19.7373,17.1977,72.3435,-9999.0000,-9999.0000,7.1415,6.3582,129.4312,82.0335,130.8463,85.8690,2.2721,9.6294,-9999.0000,16.3044,0,0,15.3000
97096,8.4867,1.3740,37.0850,-9999.0000,-9999.0000,5.0766,6.3539,62.5047,82.0335,103.1881,85.8641,0.6406,9.9066,-9999.0000,-3.4822,0,0,15.3000
97097,7.0075,4.7357,19.7288,-9999.0000,-9999.0000,6.1146,6.3537,51.6736,82.0293,110.5192,85.8558,2.0753,8.5041,-9999.0000,9.6486,0,0,15.3000
