Data/Raw/WAGNER,NICK/firexaq-AOP-optical_DC8_20190806_R1.ict
50, 1001
Wagner, Nicholas L.
NOAA Earth System Research Laboratory
NOAA AOP instrument
FIREX-AQ
1, 1
2019, 08, 06, 2020, 04, 27
1
Time_start, seconds_past_midnight, seconds from midnight
18
1, 1, 1, 1, 1, 1, 1, 1, 1, 1, 1, 1, 1, 1, 1, 1, 1, 1
-9999, -9999, -9999, -9999, -9999, -9999, -9999, -9999, -9999, -9999, -9999, -9999, -9999, -9999, -9999, -9999, -9999, -9999
ext_dry_664, Mm-1, AerOpt_Extinction_InSitu_RHd_red_Total_PM2.5_STP
ext_dry_532, Mm-1, AerOpt_Extinction_InSitu_RHd_green_Total_PM2.5_STP
ext_dry_405, Mm-1, AerOpt_Extinction_InSitu_RHd_blue_Total_PM2.5_STP
abs_dry_664, Mm-1, AerOpt_Absorption_InSitu_RHd_red_Total_PM2.5_STP
abs_dry_532, Mm-1, AerOpt_Absorption_InSitu_RHd_green_Total_PM2.5_STP
abs_dry_405, Mm-1, AerOpt_Absorption_InSitu_RHd_blue_Total_PM2.5_STP
AOP_RH_dry, pct, Relative_humidity_of_dry_RH_channels
ext_medRH_664, Mm-1, AerOpt_Extinction_InSitu_RH80_red_Total_PM2.5_STP
AOP_RH_med, pct, Relative_humidity_of_medium_RH_channel
ext_highRH_664, Mm-1, AerOpt_Extinction_InSitu_RH85_red_Total_PM2.5_STP
AOP_RH_high, pct, Relative_humidity_of_high_RH_channel
ext_TD_664, Mm-1, AerOpt_ExtinctionTD_InSitu_RHd_blue_Total_PM2.5_STP
ext_TD_405, Mm-1, AerOpt_ExtinctionTD_InSitu_RHd_red_Total_PM2.5_STP
abs_TD_664, Mm-1, AerOpt_Absorption_InSitu_RHd_red_Total_PM2.5_STP
abs_TD_405, Mm-1, AerOpt_Absorption_InSitu_RHd_blue_Total_PM2.5_STP
AOP_TD_bypass_flag, pct, Flag_for_TD_Bypass_valve
AOP_filter_flag, pct, Flag_for_Filter_Valve
AOP_Dilution_ratio, pct, Applied_Dilution_Ratio_for_ext_channels
0
18
PI_CONTACT_INFO: Address: NOAA ESRL Chemical Sciences Division, R/CSD2, 325 Broadway, Boulder, CO 80305. Email: nick.wagner@noaa.gov.
PLATFORM: NASA DC8
LOCATION: See the DC8 MetNav file, Based in Boise (BOI) and Salina, KS
ASSOCIATED_DATA: N/A
[...]
DATA_INFO: Mm-1:
UNCERTAINTY: The precision of the extinction measurements varies with aerosol loading and is +/-20% at 10 Mm-1 and +/-5% at 100 Mm-1. The accuracy of the dry measurement is +/-2% and depends on RH for the humidified measurements, +/-5% at 85% RH and +/-15% at 90% RH. For more details, see Langridge et al., Aerosol Science and Technology 45:1305-1318, 2011. Analysis of comparable measurements suggest incomplete mixing in the dilution system. Effective dilution for individual instruments can vary by +/- 30% compared to the reported flow-based dilution estimate. The absorption measurements have a high signal accuracy of 20%. The low signal precision varies with altitude and flight to flight, and is typically less than 10 Mm-1 for 1 second measurements.
ULOD_FLAG: -7777
ULOD_VALUE: N/A
LLOD_FLAG: -8888
LLOD_VALUE: N/A
DM_CONTACT_INFO: Gao Chen
PROJECT_INFO: FIREX-AQ
STIPULATIONS_ON_USE: NASA Data Policy. Contact with PI is encouraged.
OTHER_COMMENTS: N/A
REVISION: R1
R1: Absorption measurements have been corrected for pressure dependent microphone sensitivity. In-cloud data has been removed. R0: Final Data. 
Time_start, ext_dry_664, ext_dry_532, ext_dry_405, abs_dry_664, abs_dry_532, abs_dry_405, AOP_RH_dry, ext_medRH_664, AOP_RH_med, ext_highRH_664, AOP_RH_high, ext_TD_664, ext_TD_405, abs_TD_664, abs_TD_405, AOP_TD_bypass_flag, AOP_filter_flag, AOP_Dilution_ratio
[from data line 7202]
72196,39.3078,52.1700,86.6697,-6.8522,-0.3545,0.5311,7.4656,42.7053,80.4171,-9999,97.4452,-9999,101.8579,-9999,-9999,0,0,1.0000
72197,34.3901,58.0744,92.3570,2.2432,-3.6380,1.1205,7.4769,50.1538,80.4416,-9999,97.4426,-9999,112.6619,-9999,-9999,0,0,1.0000
72198,35.0070,55.2617,94.8834,-7.0283,1.5089,1.5818,7.4783,48.3838,80.4581,-9999,97.4386,-9999,105.6896,-9999,-9999,0,0,1.0000
72199,35.2156,56.4324,90.3232,2.3720,-4.0940,0.5721,7.4860,41.9713,80.4659,-9999,97.4446,-9999,100.1212,-9999,-9999,0,0,1.0000
72200,40.4215,53.4100,89.9520,10.3659,-0.1860,0.8455,7.4864,40.9184,80.4712,-9999,97.4444,-9999,102.4121,-9999,-9999,0,0,1.0000
72201,41.5834,56.2702,96.2301,0.2409,4.2404,1.9014,7.4868,45.0975,80.4695,-9999,97.4425,-9999,93.7471,-9999,-9999,0,0,1.0000
72202,41.8780,62.1025,104.0060,7.1691,0.7134,0.2881,7.4912,45.2147,80.4508,-9999,97.4424,-9999,89.5934,-9999,-9999,0,0,1.0000
72203,40.4450,62.9640,104.7934,2.6572,0.9849,-0.4431,7.4978,56.7788,80.4029,-9999,97.4498,-9999,108.4197,-9999,-9999,0,0,1.0000
72204,42.8956,67.8832,100.1582,2.6658,1.1268,1.1644,7.5004,52.1405,80.3268,-9999,97.4543,-9999,-9999,-9999,-9999,0,0,1.0000
72205,43.8294,59.1400,104.3755,-9999,1.1289,1.1651,7.5040,45.5131,80.2281,-9999,97.4483,-9999,99.8396,-9999,-9999,0,0,1.0000
72206,40.7401,66.4959,98.5019,-9999,-9999,-9999,7.5137,44.9422,80.1196,-9999,97.4519,-9999,101.5308,-9999,-9999,0,0,1.0000
72207,35.5821,65.7073,100.4992,-9999,-9999,-9999,7.5177,52.7996,80.0017,-9999,97.4533,-9999,86.3371,-9999,-9999,0,0,1.0000
72208,43.5165,68.0936,105.6471,-9999,-9999,-9999,7.5213,46.0179,79.8589,-9999,97.4524,-9999,94.6614,-9999,3.6301,0,0,1.0000
72209,41.8912,65.3886,103.7838,-9999,-9999,-9999,7.5275,47.9050,79.7031,-9999,97.4537,-9999,103.9893,-9999,1.9479,0,0,1.0000
72210,39.4195,64.8097,100.4876,-9999,-9999,-9999,7.5351,44.3790,79.5535,-9999,97.4542,-9999,114.3582,-9999,2.1240,0,0,1.0000
72211,38.1572,62.0779,98.3919,-9999,-9999,-9999,7.5396,50.4337,79.3859,-9999,97.4544,-9999,101.5374,-9999,1.2553,0,0,1.0000
72212,35.6661,61.5872,102.0374,-9999,-9999,-9999,7.5414,45.1930,79.2064,-9999,97.4594,-9999,111.7645,-9999,3.4601,0,0,1.0000
72213,40.1655,60.3386,96.4682,-9999,-9999,-9999,7.5422,41.6406,78.9977,-9999,97.4460,-9999,109.3295,-9999,0.9402,0,0,1.0000
72214,41.5190,60.4572,96.6526,-9999,-9999,-9999,7.5447,41.2030,78.8155,-9999,97.4495,-9999,98.4568,-9999,0.1731,0,0,1.0000
72215,39.5718,61.3424,94.3561,-9999,-9999,-9999,7.5476,47.5835,78.6351,-9999,97.4488,-9999,96.4316,-9999,3.3211,0,0,1.0000
72216,36.3142,58.9944,98.9621,-9999,-9999,-9999,7.5578,43.6228,78.4494,-9999,97.4576,-9999,96.9632,-9999,2.5251,0,0,1.0000
72217,38.1205,62.1175,98.2503,-9999,-9999,-9999,7.5641,47.0376,78.2889,-9999,97.4577,-9999,110.9372,-9999,2.8618,0,0,1.0000
72218,38.3276,57.7196,95.5215,-9999,-9999,3.3567,7.5743,47.9191,78.1102,-9999,97.4565,-9999,110.9561,-9999,10.4659,0,0,1.0000
72219,47.1088,64.7248,106.9494,-9999,-9999,4.0910,7.5789,55.5622,77.9561,-9999,97.4561,-9999,95.1671,-9999,3.9882,0,0,1.0000
72220,47.7252,75.6204,119.2160,-9999,-9999,4.9238,7.5818,48.1118,77.8034,-9999,97.4548,-9999,99.6716,-9999,0.8426,0,0,1.0000
72221,44.2483,71.0553,114.3427,-9999,-9999,6.2232,7.5855,53.1295,77.6805,-9999,97.4548,-9999,115.4373,-9999,5.2918,0,0,1.0000
72222,44.4716,68.5048,109.1303,-9999,-9999,7.4163,7.5902,56.0549,77.5933,-9999,97.4544,-9999,102.4288,-9999,4.4270,0,0,1.0000
72223,52.6442,90.3315,126.4051,-9999,-9999,7.5390,7.6014,49.8045,77.5152,-9999,97.4529,-9999,85.9174,-9999,5.3473,0,0,1.0000
72224,48.5226,78.3892,119.7040,-9999,-9999,5.7076,7.6048,59.6445,77.4433,-9999,97.4591,-9999,84.7814,-9999,8.2563,0,0,1.0000
72225,47.3884,72.5129,108.5319,-9999,-9999,7.3342,7.6301,44.7674,77.3684,-9999,97.4506,-9999,97.3237,-9999,5.0180,0,0,1.0000
72226,43.4389,63.3601,100.8929,-9999,-9999,5.4372,7.6346,40.9574,77.3133,-9999,97.4509,-9999,105.0687,-9999,7.9728,0,0,1.0000
72227,39.3958,62.5766,98.7893,-9999,-9999,4.2562,7.6383,49.7646,77.2898,-9999,97.4529,-9999,115.3202,-9999,3.8796,0,0,1.0000
72228,39.0741,60.2229,100.3776,-9999,-9999,1.4989,7.6406,49.2491,77.2831,-9999,97.4562,-9999,127.1889,-9999,0.4148,0,0,1.0000
72229,46.9904,63.8785,96.7912,-9999,-9999,2.0897,7.6483,52.1910,77.2799,-9999,97.4573,-9999,148.9260,-9999,7.4091,0,0,1.0000
72230,43.7463,70.7458,108.9692,-9999,-9999,2.1873,7.6525,60.1553,77.2782,-9999,97.4568,-9999,163.5061,-9999,2.6722,0,0,1.0000
72231,55.8499,100.2101,147.5831,-9999,-9999,3.2775,7.6565,66.5944,77.2811,-9999,97.4557,-9999,206.7913,-9999,7.8449,0,0,1.0000
72232,83.6767,139.5007,210.2787,-9999,-9999,5.9181,7.6566,82.1670,77.3147,-9999,97.4579,-9999,218.9415,-9999,10.8832,0,0,1.0000
72233,98.9793,152.0215,233.4204,-9999,-9999,7.8799,7.6569,83.0011,77.3627,-9999,97.4579,-9999,242.6634,-9999,2.1738,0,0,1.0000
72234,97.6700,159.8847,241.4268,-9999,-9999,13.0451,7.6583,100.2645,77.4249,-9999,97.4597,-9999,275.5455,-9999,10.0015,0,0,1.0000
72235,112.7722,177.2078,268.3049,-9999,-9999,16.4060,7.6601,112.2527,77.5030,-9999,97.4468,-9999,290.3705,-9999,7.6192,0,0,1.0000
72236,121.9329,190.1923,300.1810,-9999,-9999,16.2370,7.6683,119.1041,77.6012,-9999,97.4523,-9999,295.8566,-9999,9.2082,0,0,1.0000
72237,138.2460,210.2101,328.3273,-9999,-9999,15.6028,7.6791,137.2710,77.7073,-9999,97.4572,-9999,321.7498,-9999,15.6671,0,0,1.0000
72238,147.2497,223.1782,359.4919,-9999,-9999,17.8233,7.6935,149.5500,77.8327,-9999,97.4566,-9999,375.0524,-9999,19.3866,0,0,1.0000
72239,152.7776,221.2654,366.1183,-9999,-9999,18.0043,7.7051,154.2235,77.9510,-9999,97.4585,-9999,349.4658,-9999,14.4595,0,0,1.0000
72240,155.9001,240.8792,380.1219,-9999,-9999,24.5887,7.7063,163.6654,78.1005,-9999,97.4589,-9999,347.2678,-9999,22.1553,0,0,1.0000
72241,151.5082,241.1098,387.6985,-9999,-9999,24.1890,7.7100,163.3144,78.2310,-9999,97.4610,-9999,421.0734,-9999,20.3845,0,0,1.0000
72242,155.4506,236.7810,388.9109,-9999,-9999,24.6998,7.7172,159.0752,78.3689,-9999,97.4631,-9999,439.0704,-9999,16.6880,0,0,1.0000
72243,166.9032,258.2669,409.4572,-9999,-9999,31.1862,7.7221,165.2198,78.4681,-9999,97.4529,-9999,455.2081,-9999,22.2385,0,0,1.0000
72244,182.5767,286.4789,452.2576,-9999,-9999,32.6968,7.7305,179.7800,78.5893,-9999,97.4562,-9999,450.1060,-9999,16.0639,0,0,1.0000
72245,197.1195,315.9549,518.7218,-9999,-9999,34.4281,7.7371,209.5516,78.7254,-9999,97.4537,-9999,505.3409,-9999,23.8984,0,0,1.0000
72246,217.7939,348.3870,541.9434,4.4394,-9999,35.0918,7.7441,211.4520,78.8637,-9999,97.4591,-9999,510.5207,-9999,20.8789,0,0,1.0000
72247,225.7253,356.4932,575.0655,14.5666,17.1408,37.0481,7.7503,238.0698,79.0281,-9999,97.4575,-9999,516.7418,-9999,28.5289,0,0,1.0000
72248,216.8400,351.5106,559.0316,8.3949,18.6351,40.9354,7.7524,230.5294,79.1653,-9999,97.4576,-9999,543.4101,-9999,31.9721,0,0,1.0000
72249,202.7950,329.5424,538.0322,8.3008,27.2496,40.4283,7.7504,233.9351,79.3240,-9999,97.4545,-9999,520.0360,-9999,35.7987,0,0,1.0000
72250,219.0836,358.0453,582.3062,14.2216,22.6620,45.9306,7.7513,253.7992,79.4515,-9999,97.4535,-9999,565.0129,-9999,36.9859,0,0,1.0000
72251,237.8762,379.1589,620.2743,6.7250,17.9893,46.2697,7.7602,254.6525,79.5771,-9999,97.4537,-9999,617.4444,-9999,37.6028,0,0,1.0000
72252,236.4105,370.7665,580.0528,13.4064,20.0547,53.6767,7.7634,262.2068,79.6913,-9999,97.4548,-9999,614.3559,-9999,38.2984,0,0,1.0000
72253,223.1528,338.4102,581.2605,12.6684,23.8885,57.2254,7.7709,234.7938,79.7956,-9999,97.4558,-9999,610.6021,-9999,35.4634,0,0,1.0000
72254,222.9093,358.6445,567.9875,13.5986,21.1949,52.1637,7.7726,263.7968,79.8981,-9999,97.4644,-9999,546.5067,-9999,31.6619,0,0,1.0000
72255,219.7405,328.5336,523.2269,23.4665,28.3143,46.5169,7.7763,224.9325,79.9945,-9999,97.4609,-9999,524.5312,-9999,40.3102,0,0,1.0000
72256,186.7356,290.7565,478.6628,9.2726,27.8207,44.7149,7.7948,211.6606,80.0887,-9999,97.4583,-9999,553.7037,-9999,38.6180,0,0,1.0000
72257,172.8454,265.5149,439.0712,6.2252,21.9253,40.3088,7.8037,207.1454,80.1850,-9999,97.4636,-9999,490.9742,-9999,37.2355,0,0,1.0000
72258,151.8219,238.4381,403.1521,13.0845,16.6144,33.7552,7.8041,199.5347,80.2628,-9999,97.4607,-9999,498.4604,-9999,38.3464,0,0,1.0000
72259,144.1036,231.9373,371.2690,6.6383,16.5500,36.1481,7.8017,168.2459,80.3420,-9999,97.4611,-9999,498.3549,-9999,37.7106,0,0,1.0000
72260,144.2713,224.9888,372.0844,10.5456,13.2004,33.8607,7.8129,175.5871,80.4027,-9999,97.4600,-9999,517.0126,-9999,33.9673,0,0,1.0000
72261,144.3966,222.8219,361.1939,0.3243,15.6074,31.4930,7.8405,161.9699,80.4418,-9999,97.4651,-9999,482.0304,-9999,28.4608,0,0,1.0000
72262,153.6259,219.5678,366.3049,19.7911,16.0626,31.3000,7.8535,148.4792,80.4708,-9999,97.4654,-9999,426.2978,-9999,31.7294,0,0,1.0000
72263,140.4303,218.2843,342.8904,18.1199,8.0095,29.2406,7.8593,154.6613,80.4896,-9999,97.4636,-9999,452.2378,-9999,28.9896,0,0,1.0000
72264,149.6644,218.3962,343.5840,-3.0938,9.0011,26.1077,7.8819,155.6083,80.5090,-9999,97.4647,-9999,481.7488,-9999,26.1954,0,0,1.0000
72265,145.8618,221.4503,352.7037,-0.2568,9.3117,26.4407,7.9037,171.7265,80.5251,-9999,97.4674,-9999,398.6347,-9999,19.1847,0,0,1.0000
72266,143.4217,227.9325,355.7373,5.0911,10.6916,27.1293,7.9110,153.4318,80.5292,-9999,97.4685,-9999,413.1357,-9999,18.2784,0,0,1.0000
72267,155.2150,229.8895,364.1907,6.3274,5.3284,25.0307,7.9302,152.4006,80.5277,-9999,97.4711,-9999,449.4663,-9999,25.0931,0,0,1.0000
72268,159.5758,243.0674,388.0695,5.3756,11.8818,28.1296,7.9483,157.8382,80.5033,-9999,97.4669,-9999,387.2238,-9999,26.5773,0,0,1.0000
72269,157.6638,227.1765,367.0014,2.0257,10.4158,-9999,7.9586,152.6594,80.4564,-9999,97.4711,-9999,386.4897,-9999,28.1729,0,0,1.0000
72270,141.4691,221.6703,364.1206,9.2053,-9999,-9999,7.9611,161.0949,80.3742,-9999,97.4672,-9999,441.1311,-9999,22.7001,0,0,1.0000
72271,140.6779,221.9834,357.8651,9.6608,-9999,28.2721,7.9625,154.9164,80.2710,-9999,97.4666,-9999,410.9026,-9999,19.1902,0,0,1.0000
72272,136.0404,207.7312,337.8454,9.7620,-9999,29.6805,7.9642,148.4283,80.1803,-9999,97.4665,-9999,482.8509,-9999,19.7719,0,0,1.0000
72273,150.1268,212.5590,337.8758,16.3629,12.9817,25.6662,7.9716,149.8636,80.0793,-9999,97.4635,-9999,540.6580,-9999,20.0805,0,0,1.0000
72274,127.8823,205.4441,320.1561,2.3369,8.6221,21.9688,7.9813,143.4708,79.9755,-9999,97.4698,-9999,537.2629,-9999,26.0018,0,0,1.0000
72275,143.0519,217.5651,364.7886,11.2939,6.0472,24.7790,7.9869,163.8785,79.8478,-9999,97.4663,-9999,528.2462,-9999,31.0998,0,0,1.0000
72276,209.1845,308.9747,477.6881,2.8914,12.5345,26.0478,7.9846,194.3538,79.7189,-9999,97.4688,-9999,566.8815,-9999,32.2532,0,0,1.0000
72277,261.0829,403.5171,604.4280,12.6549,11.7256,26.3103,7.9942,236.8133,79.5915,-9999,97.4696,-9999,579.6458,-9999,32.8547,0,0,1.0000
72278,278.5131,414.9205,621.8370,13.0914,15.0594,32.4502,8.0078,249.6124,79.4885,-9999,97.4679,-9999,631.1962,-9999,29.8505,0,0,1.0000
72279,250.8143,390.4239,605.5631,5.6430,18.7863,39.8003,8.0209,251.8203,79.3904,-9999,97.4704,-9999,609.7447,-9999,30.1561,0,0,1.0000
72280,246.8667,388.4926,580.2844,18.0695,18.1998,43.7250,8.0271,245.8524,79.2953,-9999,97.4665,-9999,575.7089,-9999,39.4829,0,0,1.0000
72281,222.3737,342.8309,563.4284,10.4878,22.2262,45.9765,8.0543,226.6837,79.1955,-9999,97.4648,-9999,574.3790,-9999,38.9763,0,0,1.0000
72282,213.6965,338.9737,533.3906,13.2497,21.5971,47.8735,8.0700,243.6568,79.1171,-9999,97.4665,-9999,557.3915,-9999,38.6257,0,0,1.0000
72283,208.7825,319.6976,543.5649,26.1189,14.9516,40.3869,8.0771,254.5357,79.0501,-9999,97.4600,-9999,529.5519,-9999,44.7370,0,0,1.0000
72284,223.2739,350.1006,563.0236,20.7752,17.9548,41.8373,8.1092,251.9191,78.9996,-9999,97.4589,-9999,520.6479,-9999,42.8879,0,0,1.0000
72285,185.8608,289.8186,478.4275,13.6934,20.5827,44.5707,8.1355,206.2478,78.9540,-9999,97.4562,-9999,491.3919,-9999,36.0524,0,0,1.0000
72286,143.8945,216.2613,404.5851,6.8402,-9999,41.4654,8.1488,197.4565,78.9288,-9999,97.4708,-9999,457.3164,-9999,38.4468,0,0,1.0000
72287,122.3421,183.8149,316.2324,2.7500,-9999,38.1582,8.1602,164.9042,78.9021,-9999,97.4734,-9999,432.5673,-9999,33.7927,0,0,1.0000
72288,99.4315,153.7912,256.6790,6.8207,-9999,31.5808,8.1624,136.6326,78.8716,-9999,97.4655,-9999,455.6782,-9999,34.4854,0,0,1.0000
72289,117.3271,171.6571,290.7466,-1.4777,10.9956,30.1824,8.1780,137.4051,78.8654,-9999,97.4698,-9999,445.3997,-9999,33.8708,0,0,1.0000
72290,144.2129,225.7976,343.5302,5.3587,8.1145,30.8188,8.1819,156.1172,78.8626,-9999,97.4650,-9999,395.8004,-9999,30.0118,0,0,1.0000
72291,122.1106,177.2288,276.2364,9.2358,7.2462,21.6134,8.1895,153.1844,78.8689,-9999,97.4648,-9999,351.4201,-9999,26.7773,0,0,1.0000
72292,82.9478,121.7936,207.5683,3.8867,10.8303,22.4410,8.1993,124.1207,78.8910,-9999,97.4659,-9999,350.1504,-9999,31.3389,0,0,1.0000
72293,58.4828,81.1163,149.0200,1.3081,6.4087,22.1892,8.2009,96.8196,78.9293,-9999,97.4566,-9999,381.5149,-9999,25.8798,0,0,1.0000
72294,48.5372,73.2352,128.9278,4.9753,-9999,14.6172,8.2054,81.1866,78.9931,-9999,97.4629,-9999,460.0397,-9999,15.7647,0,0,1.0000
72295,81.9526,97.3013,187.1238,1.5873,-9999,10.9210,8.2107,101.0268,79.0539,-9999,97.4599,-9999,607.1487,-9999,17.9148,0,0,1.0000
72296,160.2241,253.6264,369.2025,0.0791,-9999,10.0136,8.2161,150.8272,79.1153,-9999,97.4614,-9999,784.3948,-9999,18.5139,0,0,1.0000
72297,268.8799,412.2584,585.9847,-0.0300,9.5698,18.6169,8.2222,221.5488,79.1983,-9999,97.4626,-9999,898.4027,-9999,32.4170,0,0,1.0000
72298,323.4980,526.1584,755.6213,13.2609,8.2812,23.9576,8.2237,282.2166,79.2950,-9999,97.4608,-9999,854.1756,-9999,30.9211,0,0,1.0000
72299,363.3708,575.3989,875.9189,14.5585,11.7896,34.3904,8.2279,324.4186,79.3910,-9999,97.4653,-9999,903.0394,-9999,36.9445,0,0,1.0000
72300,379.5635,588.6429,909.0002,21.6283,22.3908,48.4157,8.2338,377.3416,79.4722,-9999,97.4655,-9999,828.8526,-9999,30.8558,0,0,1.0000
72301,394.7203,617.6115,948.4874,30.4411,27.5403,57.1495,8.2406,380.8824,79.5534,-9999,97.4691,-9999,777.9124,-9999,37.5548,0,0,1.0000
72302,371.7872,610.2436,952.6199,20.0325,30.9730,61.3751,8.2461,424.3844,79.6549,-9999,97.4698,-9999,777.0190,-9999,45.2565,0,0,1.0000
72303,366.3788,555.1127,887.0898,33.0261,32.3205,64.1073,8.2493,364.9010,79.7638,-9999,97.4657,-9999,805.6982,-9999,48.3974,0,0,1.0000
72304,322.6537,499.4402,809.4066,32.7527,33.7552,73.5301,8.2485,360.4070,79.8661,-9999,97.4689,-9999,704.3014,-9999,54.4433,0,0,1.0000
72305,310.6424,501.3987,777.5362,18.1784,37.5660,72.5039,8.2525,337.5741,79.9654,-9999,97.4659,-9999,685.8330,-9999,57.3056,0,0,1.0000
72306,268.4796,434.0882,694.2178,23.6389,36.4782,58.5314,8.2692,307.2943,80.0640,-9999,97.4643,-9999,671.5865,-9999,60.8216,0,0,1.0000
72307,227.7927,348.7361,577.0582,19.6533,36.3857,56.0607,8.2755,294.4806,80.1763,-9999,97.4681,-9999,668.4138,-9999,56.5886,0,0,1.0000
72308,205.7198,311.6626,520.5296,19.1937,29.0761,56.9015,8.2786,244.7834,80.2650,-9999,97.4626,-9999,669.1354,-9999,56.8443,0,0,1.0000
72309,177.0112,251.6353,429.3882,10.2636,20.9078,52.0855,8.2825,217.8085,80.3581,-9999,97.4645,-9999,690.0106,-9999,47.9511,0,0,1.0000
72310,147.6349,206.6514,367.3457,6.6574,16.3851,42.8711,8.2838,190.1210,80.4360,-9999,97.4652,-9999,626.6477,-9999,46.9765,0,0,1.0000
72311,178.7288,267.5251,434.9019,8.3955,15.6569,36.2278,8.2875,223.0780,80.5253,-9999,97.4694,-9999,659.0112,-9999,47.4695,0,0,1.0000
72312,255.7918,378.9904,551.1214,-0.5623,17.6882,37.0764,8.2819,270.2491,80.6072,-9999,97.4683,-9999,695.6548,-9999,35.8093,0,0,1.0000
72313,260.2216,413.9502,613.9031,3.2194,16.5154,34.3314,8.2843,299.1198,80.6856,-9999,97.4701,-9999,673.3895,-9999,38.6615,0,0,1.0000
72314,271.6956,420.1797,626.3530,9.7451,19.0360,42.3908,8.2923,296.8641,80.7519,-9999,97.4722,-9999,685.0210,-9999,33.8563,0,0,1.0000
72315,264.6538,404.8915,618.1712,12.2448,14.9387,43.2444,8.2931,272.5531,80.8106,-9999,97.4657,-9999,614.7583,-9999,42.4849,0,0,1.0000
72316,233.9617,361.7655,567.4279,13.6817,16.9913,42.9442,8.3005,272.1813,80.8684,-9999,97.4665,-9999,535.1589,-9999,43.1936,0,0,1.0000
