Data/Raw/WAGNER,NICK/firexaq-AOP-optical_DC8_20190806_R1.ict
50, 1001
Wagner, Nicholas L.
NOAA Earth System Research Laboratory
NOAA AOP instrument
FIREX-AQ
1, 1
2019, 08, 06, 2020, 04, 27
1
Time_start, seconds_past_midnight, seconds from midnight
18
1, 1, 1, 1, 1, 1, 1, 1, 1, 1, 1, 1, 1, 1, 1, 1, 1, 1
-9999, -9999, -9999, -9999, -9999, -9999, -9999, -9999, -9999, -9999, -9999, -9999, -9999, -9999, -9999, -9999, -9999, -9999
ext_dry_664, Mm-1, AerOpt_Extinction_InSitu_RHd_red_Total_PM2.5_STP
ext_dry_532, Mm-1, AerOpt_Extinction_InSitu_RHd_green_Total_PM2.5_STP
ext_dry_405, Mm-1, AerOpt_Extinction_InSitu_RHd_blue_Total_PM2.5_STP
abs_dry_664, Mm-1, AerOpt_Absorption_InSitu_RHd_red_Total_PM2.5_STP
abs_dry_532, Mm-1, AerOpt_Absorption_InSitu_RHd_green_Total_PM2.5_STP
abs_dry_405, Mm-1, AerOpt_Absorption_InSitu_RHd_blue_Total_PM2.5_STP
AOP_RH_dry, pct, Relative_humidity_of_dry_RH_channels
ext_medRH_664, Mm-1, AerOpt_Extinction_InSitu_RH80_red_Total_PM2.5_STP
AOP_RH_med, pct, Relative_humidity_of_medium_RH_channel
ext_highRH_664, Mm-1, AerOpt_Extinction_InSitu_RH85_red_Total_PM2.5_STP
AOP_RH_high, pct, Relative_humidity_of_high_RH_channel
ext_TD_664, Mm-1, AerOpt_ExtinctionTD_InSitu_RHd_blue_Total_PM2.5_STP
ext_TD_405, Mm-1, AerOpt_ExtinctionTD_InSitu_RHd_red_Total_PM2.5_STP
abs_TD_664, Mm-1, AerOpt_Absorption_InSitu_RHd_red_Total_PM2.5_STP
abs_TD_405, Mm-1, AerOpt_Absorption_InSitu_RHd_blue_Total_PM2.5_STP
AOP_TD_bypass_flag, pct, Flag_for_TD_Bypass_valve
AOP_filter_flag, pct, Flag_for_Filter_Valve
AOP_Dilution_ratio, pct, Applied_Dilution_Ratio_for_ext_channels
0
18
PI_CONTACT_INFO: Address: NOAA ESRL Chemical Sciences Division, R/CSD2, 325 Broadway, Boulder, CO 80305. Email: nick.wagner@noaa.gov.
PLATFORM: NASA DC8
LOCATION: See the DC8 MetNav file, Based in Boise (BOI) and Salina, KS
ASSOCIATED_DATA: N/A
[...]
DATA_INFO: Mm-1:
UNCERTAINTY: The precision of the extinction measurements varies with aerosol loading and is +/-20% at 10 Mm-1 and +/-5% at 100 Mm-1. The accuracy of the dry measurement is +/-2% and depends on RH for the humidified measurements, +/-5% at 85% RH and +/-15% at 90% RH. For more details, see Langridge et al., Aerosol Science and Technology 45:1305-1318, 2011. Analysis of comparable measurements suggest incomplete mixing in the dilution system. Effective dilution for individual instruments can vary by +/- 30% compared to the reported flow-based dilution estimate. The absorption measurements have a high signal accuracy of 20%. The low signal precision varies with altitude and flight to flight, and is typically less than 10 Mm-1 for 1 second measurements.
ULOD_FLAG: -7777
ULOD_VALUE: N/A
LLOD_FLAG: -8888
LLOD_VALUE: N/A
DM_CONTACT_INFO: Gao Chen
PROJECT_INFO: FIREX-AQ
STIPULATIONS_ON_USE: NASA Data Policy. Contact with PI is encouraged.
OTHER_COMMENTS: N/A
REVISION: R1
R1: Absorption measurements have been corrected for pressure dependent microphone sensitivity. In-cloud data has been removed. R0: Final Data. 
Time_start, ext_dry_664, ext_dry_532, ext_dry_405, abs_dry_664, abs_dry_532, abs_dry_405, AOP_RH_dry, ext_medRH_664, AOP_RH_med, ext_highRH_664, AOP_RH_high, ext_TD_664, ext_TD_405, abs_TD_664, abs_TD_405, AOP_TD_bypass_flag, AOP_filter_flag, AOP_Dilution_ratio
[from data line 6310]
71304,29.3803,43.2068,69.8674,4.6437,-2.6262,4.6261,4.0898,31.6715,79.8860,-9999,97.1215,-9999,86.6444,-1.2027,2.2381,0,0,1.0000
71305,26.0989,40.9984,69.2699,3.1653,-0.9009,2.6681,4.0937,34.6443,79.9765,-9999,97.1220,-9999,78.7892,1.1703,14.1647,0,0,1.0000
71306,26.5077,40.5157,67.7890,1.8384,-0.7012,2.5501,4.0966,37.7338,80.0700,-9999,97.1228,-9999,66.8665,1.1453,9.2684,0,0,1.0000
71307,30.7703,46.2118,64.8950,3.9854,0.2119,4.0488,4.1077,36.5169,80.1606,-9999,97.1392,-9999,69.1478,-3.2644,2.2614,0,0,1.0000
71308,28.5921,46.7314,65.0949,5.7743,0.3035,3.9878,4.1105,36.7674,80.2309,-9999,97.1404,-9999,76.9784,1.9601,4.9002,0,0,1.0000
71309,26.7389,43.7656,64.8476,4.2373,-2.1615,2.2916,4.1039,41.6216,80.2873,-9999,97.1408,-9999,80.5157,-1.9983,5.0790,0,0,1.0000
71310,25.4750,42.3015,65.8009,8.4110,3.1321,2.3454,4.1033,34.1984,80.3378,-9999,97.1418,-9999,73.6914,-4.1173,-1.3870,0,0,1.0000
71311,27.5031,41.3402,66.8049,6.4494,-0.8361,3.0363,4.1044,35.6439,80.3817,-9999,97.1516,-9999,86.2370,1.0179,8.4301,0,0,1.0000
71312,24.9062,40.8146,63.4438,0.6472,-0.5981,3.9109,4.1033,31.0156,80.4199,-9999,97.1481,-9999,90.4736,-4.0102,0.5309,0,0,1.0000
71313,28.1224,44.5252,64.6217,-0.3108,-0.4659,4.0261,4.1041,30.5575,80.4591,-9999,97.1530,-9999,85.3590,-2.2266,6.8671,0,0,1.0000
71314,30.1373,45.6609,65.5562,4.9231,-2.6918,3.6727,4.0987,31.6651,80.4797,-9999,97.1538,-9999,74.0461,-3.8893,2.7284,0,0,1.0000
71315,30.7485,41.0793,64.8842,6.3213,-2.7205,3.0859,4.0886,36.3673,80.4915,-9999,97.1627,-9999,75.8640,-3.3971,4.0341,0,0,1.0000
71316,28.1972,39.7141,68.2968,-0.6884,-1.9254,1.9527,4.0635,45.1215,80.4976,-9999,97.1642,-9999,76.5154,-3.4738,11.5360,0,0,1.0000
71317,29.8212,45.1327,69.5258,-3.5779,-1.6530,3.5475,4.0643,41.0075,80.5033,-9999,97.1739,-9999,63.0193,-0.3382,2.8730,0,0,1.0000
71318,32.3365,42.6936,67.5249,0.2843,-1.9149,2.6607,4.0647,33.4921,80.5071,-9999,97.1770,-9999,80.3812,-0.4409,-2.7854,0,0,1.0000
71319,29.3870,46.1582,66.3080,8.3834,-1.1119,3.5266,4.0643,38.2949,80.4883,-9999,97.1722,-9999,106.3019,-2.2431,1.9938,0,0,1.0000
71320,27.8369,45.1333,69.3197,1.0332,0.7492,2.9070,4.0705,33.4380,80.4508,-9999,97.1746,-9999,73.7593,-3.7947,3.8693,0,0,1.0000
71321,27.9260,42.9929,72.6291,-6.1178,0.9143,3.5810,4.0745,29.1352,80.3915,-9999,97.1815,-9999,70.3669,0.5198,2.8803,0,0,1.0000
71322,27.1511,49.4677,70.0876,-1.3695,1.0270,3.8791,4.0701,36.1154,80.3235,-9999,97.1863,-9999,79.7525,-1.0293,10.4039,0,0,1.0000
71323,27.6413,43.7669,69.2523,4.4601,3.1526,2.9979,4.0723,34.1640,80.2398,-9999,97.1891,-9999,91.2553,-2.5159,3.1830,0,0,1.0000
71324,28.4995,42.5041,68.3051,1.6606,0.4962,2.5868,4.0770,33.0868,80.1420,-9999,97.1822,-9999,74.4159,-1.4969,10.3204,0,0,1.0000
71325,29.2516,44.2128,66.5622,-1.6611,0.4392,3.3344,4.0914,33.4779,80.0382,-9999,97.1853,-9999,62.1452,-5.4256,2.3161,0,0,1.0000
71326,29.3706,43.8476,75.2968,-1.7071,0.0988,3.3578,4.0850,28.0727,79.9095,-9999,97.1758,-9999,69.1685,-3.3215,5.7340,0,0,1.0000
71327,29.9058,46.1519,70.3655,1.8352,-1.9564,3.1751,4.0852,30.4651,79.7843,-9999,97.1758,-9999,76.2814,0.8195,7.6754,0,0,1.0000
71328,26.6677,40.5239,73.3567,3.5413,-0.3016,3.6362,4.0910,31.3038,79.6566,-9999,97.1820,-9999,82.9755,3.4481,0.8518,0,0,1.0000
71329,26.5585,45.7450,68.3331,2.0505,1.8839,4.6161,4.0952,26.7334,79.5096,-9999,97.1947,-9999,58.0085,-1.5146,-2.7079,0,0,1.0000
71330,28.1168,41.8686,69.5465,7.1912,-3.3655,4.2074,4.0938,27.1979,79.3477,-9999,97.1959,-9999,61.4861,2.1657,3.6498,0,0,1.0000
71331,27.8364,43.9646,69.0605,4.7357,-1.0837,4.7453,4.0935,31.1178,79.1692,-9999,97.1987,-9999,78.6387,2.4245,4.3691,0,0,1.0000
71332,31.4526,46.1074,70.2838,0.2908,0.4950,4.0032,4.0902,36.1750,78.9988,-9999,97.2008,-9999,94.9138,-3.1716,2.0711,0,0,1.0000
71333,28.8060,43.2338,74.1820,3.6518,-0.3548,4.7234,4.0755,31.3230,78.8342,-9999,97.1981,-9999,80.9942,-0.7828,10.6023,0,0,1.0000
71334,31.8007,44.8958,70.2321,12.9064,2.2593,4.2227,4.0743,32.2130,78.6675,-9999,97.1966,-9999,81.5886,1.3350,21.0067,0,0,1.0000
71335,32.5615,49.2206,70.3508,-1.4180,-1.3486,2.9193,4.0753,33.1184,78.4878,-9999,97.2058,-9999,92.2965,-1.3508,4.4256,0,0,1.0000
71336,29.9748,51.3801,70.8467,-0.4569,-0.2217,3.9549,4.0730,40.4381,78.3204,-9999,97.2032,-9999,91.3253,-1.0660,5.1810,0,0,1.0000
71337,29.5277,44.2833,72.8628,0.9195,-0.9220,4.0950,4.0699,37.2917,78.1658,-9999,97.2072,-9999,81.7922,-0.4701,3.3839,0,0,1.0000
71338,32.6638,44.8310,74.4892,-8.3277,-1.0314,4.8017,4.0700,33.9639,78.0308,-9999,97.2059,-9999,82.2204,-2.6610,8.6396,0,0,1.0000
71339,29.1778,42.1463,70.7283,13.7888,2.8603,4.2477,4.0599,42.3379,77.8552,-9999,97.1938,-9999,71.5661,-1.3083,6.7245,0,0,1.0000
71340,25.3009,43.6484,72.0135,1.6430,4.3957,3.3700,4.0595,34.3539,77.7262,-9999,97.1958,-9999,79.8799,-1.2126,2.9142,0,0,1.0000
71341,29.9191,43.0445,70.3366,2.2717,0.3414,3.7568,4.0587,35.3878,77.5945,-9999,97.2056,-9999,72.6781,-1.1514,2.8926,0,0,1.0000
71342,28.6908,43.6864,69.1124,1.9044,-1.9679,4.3808,4.0658,45.4812,77.4822,-9999,97.2093,-9999,74.5669,-0.6496,1.7808,0,0,1.0000
71343,28.6126,44.7913,70.4527,3.5664,1.6155,3.6273,4.0929,34.4556,77.3784,-9999,97.2099,-9999,87.2980,-1.5468,-0.2102,0,0,1.0000
71344,32.0410,43.6472,71.1524,-2.8904,5.4238,3.1824,4.0897,31.4964,77.2961,-9999,97.2058,-9999,83.2415,-0.4894,4.4423,0,0,1.0000
71345,29.7288,42.3538,68.0797,-2.1136,0.2320,2.6416,4.0885,40.7102,77.2328,-9999,97.2013,-9999,73.8368,-3.8905,-3.4323,0,0,1.0000
71346,30.3351,49.6316,71.3414,3.1413,-1.0999,3.0412,4.0853,37.6581,77.1857,-9999,97.1979,-9999,68.4191,-3.0166,2.0718,0,0,1.0000
71347,28.9685,42.8093,72.0671,-1.6012,-1.3822,4.5970,4.0838,33.9588,77.1352,-9999,97.1998,-9999,77.9284,0.4097,4.2295,0,0,1.0000
71348,24.6534,41.7910,66.7063,0.7314,-2.2307,3.3396,4.0831,32.0191,77.0990,-9999,97.2087,-9999,87.8698,-0.8204,3.4208,0,0,1.0000
71349,28.1285,38.0991,66.4537,4.3953,2.1504,4.2028,4.0830,33.3436,77.0675,-9999,97.2092,-9999,77.1559,4.2769,4.7601,0,0,1.0000
71350,26.2374,36.7487,61.1062,-2.7476,-1.8698,3.4984,4.0838,29.9831,77.0549,-9999,97.2132,-9999,64.5402,-2.7971,1.0001,0,0,1.0000
71351,22.7852,39.6145,61.8608,-1.5893,-4.2347,3.6936,4.0771,26.9886,77.0480,-9999,97.2109,-9999,70.8046,-1.6114,3.1861,0,0,1.0000
71352,21.3214,38.5779,59.8796,3.7430,-2.5104,3.6362,4.0799,35.3884,77.0465,-9999,97.2113,-9999,82.9894,2.9533,8.8186,0,0,1.0000
71353,20.9829,34.6370,57.2209,-5.2682,-1.6378,3.4382,4.0853,24.6578,77.0564,-9999,97.2138,-9999,82.4342,2.9595,3.6618,0,0,1.0000
71354,20.5758,34.5863,51.4706,-1.1392,-2.4666,3.3809,4.0866,29.7193,77.0676,-9999,97.2179,-9999,74.0421,-9999,2.1516,0,0,1.0000
71355,20.1753,32.0401,52.8300,5.3420,1.0262,3.5214,4.0925,21.2342,77.1104,-9999,97.2220,-9999,50.0268,-9999,5.9533,0,0,1.0000
71356,21.1527,33.3211,47.8927,-2.3014,-2.9586,2.1358,4.0910,23.8598,77.1763,-9999,97.2239,-9999,58.6217,-9999,6.1188,0,0,1.0000
71357,21.0836,31.2586,51.0107,8.1240,-3.1537,2.1218,4.0866,27.5024,77.2711,-9999,97.2283,-9999,50.3214,-9999,6.3730,0,0,1.0000
71358,25.8544,33.8012,49.7444,1.6958,-1.1147,1.3677,4.0871,51.7833,77.3691,-9999,97.2317,-9999,41.4121,-9999,1.8224,0,0,1.0000
71359,21.8102,31.4249,53.4825,5.4861,-1.5770,2.4533,4.0825,23.9698,77.4504,-9999,97.2345,-9999,39.7348,-9999,2.6052,0,0,1.0000
71360,22.9484,31.6115,54.3919,-3.0238,-0.3125,2.4272,4.0826,25.1449,77.5349,-9999,97.2410,-9999,38.9967,-9999,2.8087,0,0,1.0000
71361,20.9272,38.2596,56.2205,-0.6799,1.9431,2.9215,4.0799,26.4662,77.6364,-9999,97.2405,-9999,46.4488,-9999,14.4020,0,0,1.0000
71362,24.8750,34.9890,54.8081,6.5832,-2.0700,3.2905,4.0737,30.0704,77.7378,-9999,97.2422,-9999,55.6053,-9999,2.7535,0,0,1.0000
71363,22.5198,34.2852,54.6940,-4.2067,-1.3893,2.5568,4.0712,26.4968,77.8498,-9999,97.2439,-9999,56.8971,-9999,-0.6334,0,0,1.0000
71364,24.7341,36.4017,52.8340,-6.6101,-3.0504,5.2295,4.0726,27.7043,77.9487,-9999,97.2416,-9999,48.4747,-9999,2.1040,0,0,1.0000
71365,26.8157,39.7711,59.9283,-1.7870,7.7838,3.4926,4.0765,27.4658,78.0592,-9999,97.2468,-9999,45.6646,-9999,2.1282,0,0,1.0000
71366,27.4967,44.4796,64.2771,7.7903,8.2461,4.3970,4.0730,28.6223,78.1716,-9999,97.2453,-9999,59.4997,3.4554,-9999,0,0,1.0000
71367,22.0547,40.8741,64.0324,2.0702,-0.9933,1.9688,4.0781,35.3391,78.2864,-9999,97.2432,-9999,63.8456,-0.9771,-9999,0,0,1.0000
71368,25.4001,43.1196,67.3857,3.3766,-1.5466,2.0667,4.0833,33.7511,78.4005,-9999,97.2453,-9999,60.6813,-3.3544,-9999,0,0,1.0000
71369,29.8740,39.9834,65.3687,-4.8205,-2.3091,2.7164,4.0887,47.0296,78.4940,-9999,97.2439,-9999,55.9057,-3.0911,-9999,0,0,1.0000
71370,24.2772,40.3009,66.5950,-0.3180,0.0595,4.9918,4.0918,30.0703,78.5818,-9999,97.2452,-9999,64.3130,0.3787,-9999,0,0,1.0000
71371,24.1042,35.7427,60.8073,1.3246,1.3260,3.3498,4.0907,33.0675,78.6805,-9999,97.2459,-9999,74.6104,-0.5022,-9999,0,0,1.0000
71372,23.6599,39.3509,61.5988,-3.5903,3.7130,3.0799,4.0895,38.2893,78.7872,-9999,97.2454,-9999,59.8845,-3.4019,-9999,0,0,1.0000
71373,24.9018,39.9929,57.2508,-0.7067,-0.6353,2.6664,4.0887,33.7784,78.8852,-9999,97.2423,-9999,59.2172,1.2743,-9999,0,0,1.0000
71374,22.2078,35.0526,56.7246,-0.7048,-0.4042,3.7977,4.0877,30.7755,78.9660,-9999,97.2440,-9999,59.8976,-3.2469,-9999,0,0,1.0000
71375,22.5863,38.7799,58.9638,-9999,-0.4059,3.7990,4.0865,32.3404,79.0346,-9999,97.2441,-9999,-9999,-2.9713,-9999,0,0,1.0000
71376,24.5371,37.1559,54.6014,-9999,-9999,-9999,4.0793,26.6527,79.1086,-9999,97.2414,-9999,57.5112,-1.8938,-9999,0,0,1.0000
71377,23.6835,39.9216,61.6617,-9999,-9999,-9999,4.0859,31.5202,79.1843,-9999,97.2440,-9999,66.5650,0.0898,-9999,0,0,1.0000
71378,-9999,-9999,-9999,-9999,-9999,-9999,-9999,-9999,-9999,-9999,-9999,-9999,82.8624,-1.5948,4.2203,0,-9999,1.0000
71379,24.4036,36.8377,62.4646,-9999,-9999,-9999,4.0834,33.5332,79.2579,-9999,97.2434,-9999,76.3001,-0.1310,3.1600,0,0,1.0000
71380,26.4254,41.2602,71.2843,-9999,-9999,-9999,4.0844,33.2475,79.3265,-9999,97.2462,-9999,64.9269,-2.9177,7.7264,0,0,1.0000
71381,27.1023,45.0160,68.6093,-9999,-9999,-9999,4.0736,35.3357,79.3885,-9999,97.2553,-9999,64.1691,1.8020,7.9466,0,0,1.0000
71382,26.2129,41.4200,66.9881,-9999,-9999,-9999,4.0694,34.6594,79.4393,-9999,97.2623,-9999,72.9786,1.2299,3.0444,0,0,1.0000
71383,24.5668,41.0971,67.8752,-9999,-9999,-9999,4.0718,35.5415,79.4637,-9999,97.2567,-9999,70.2187,-0.6959,4.1283,0,0,1.0000
71384,24.7723,39.5146,63.3052,-9999,-9999,-9999,4.0723,28.7929,79.4780,-9999,97.2554,-9999,66.4930,-2.2954,5.6223,0,0,1.0000
71385,26.2931,39.8906,60.1683,-9999,-9999,-9999,4.0718,28.3856,79.4875,-9999,97.2552,-9999,79.5933,-0.7417,5.1311,0,0,1.0000
71386,23.3306,37.9919,61.3127,-9999,-9999,-9999,4.0772,31.3256,79.4949,-9999,97.2604,-9999,73.9603,-0.1660,4.1566,0,0,1.0000
71387,27.6929,39.3174,60.6186,-0.6380,-9999,-9999,4.0806,39.4660,79.4977,-9999,97.2604,-9999,61.1424,9.9875,7.2096,0,0,1.0000
71388,22.6260,37.3922,63.6310,3.8592,1.3945,0.6867,4.0894,33.4752,79.4964,-9999,97.2629,-9999,46.9894,0.0676,9.8263,0,0,1.0000
71389,24.7074,39.3748,61.1936,1.0475,-0.0622,0.5053,4.0926,29.9218,79.4562,-9999,97.2488,-9999,57.3887,0.7847,2.3166,0,0,1.0000
71390,27.4524,37.1875,57.1445,11.1060,0.2316,-0.3947,4.1028,28.7239,79.4181,-9999,97.2621,-9999,-9999,-1.5826,-0.3543,0,0,1.0000
71391,22.3051,38.8275,53.3023,2.2896,-0.6695,0.4849,4.0947,44.5575,79.3554,-9999,97.2576,-9999,62.2349,-0.6205,18.9381,0,0,1.0000
71392,22.5962,38.1584,57.9779,1.9341,-4.6145,0.9418,4.1000,39.1334,79.2883,-9999,97.2614,-9999,65.4613,1.6659,-3.2511,0,0,1.0000
71393,-9999,-9999,-9999,5.5072,-2.7766,-0.4673,-9999,-9999,-9999,-9999,-9999,-9999,69.8742,-2.0812,3.4434,0,-9999,1.0000
71394,25.7933,37.9646,59.2587,-0.6056,0.0771,0.6081,4.0998,26.9024,79.1499,-9999,97.2611,-9999,71.4143,-0.4589,9.7101,0,0,1.0000
71395,25.5682,40.0451,59.0339,4.7512,-2.7607,0.5729,4.1013,31.6694,78.9921,-9999,97.2691,-9999,115.8103,-2.4466,3.3633,0,0,1.0000
71396,25.4880,42.6979,64.3616,10.1748,-0.2397,-0.2801,4.0819,26.4907,78.8769,-9999,97.2671,-9999,137.3216,2.0608,1.6933,0,0,1.0000
71397,27.7427,42.3541,67.4706,0.8570,3.1120,0.1463,4.0829,27.2304,78.7581,-9999,97.2650,-9999,57.8382,-1.4765,2.4596,0,0,1.0000
71398,25.5956,46.6783,67.6176,0.6505,-2.1120,-0.0629,4.0678,30.2518,78.6517,-9999,97.2656,-9999,56.1174,-3.0331,17.7093,0,0,1.0000
71399,25.9040,42.7160,67.7306,2.6094,-2.3966,1.4214,4.0681,38.1334,78.5293,-9999,97.2641,-9999,59.5442,-3.6336,3.6705,0,0,1.0000
71400,25.9629,41.3449,62.5005,1.3802,-2.6425,1.8114,4.0716,34.8683,78.4049,-9999,97.2667,-9999,73.5130,0.2064,4.1405,0,0,1.0000
71401,25.9766,40.5824,66.9808,4.4537,1.0855,0.2750,4.0717,30.9119,78.2931,-9999,97.2662,-9999,77.2037,3.5076,2.3299,0,0,1.0000
71402,25.3354,39.2758,69.9016,4.7295,-1.9285,0.3582,4.0742,40.6076,78.2008,-9999,97.2739,-9999,65.2403,-2.0762,6.6938,0,0,1.0000
71403,24.0802,40.8818,65.0184,2.2388,-0.9327,1.4933,4.0713,28.7222,78.1117,-9999,97.2729,-9999,65.4830,-3.3612,-4.3355,0,0,1.0000
71404,28.5222,44.2962,66.5063,-4.0660,3.4670,2.2241,4.0725,29.7113,78.0300,-9999,97.2673,-9999,65.3864,-2.2466,10.4916,0,0,1.0000
71405,28.3435,44.6841,66.4581,-3.6032,-0.0058,1.6095,4.0842,34.1907,77.9721,-9999,97.2725,-9999,68.3867,-3.6855,4.7733,0,0,1.0000
71406,29.1939,45.3595,68.3274,-1.5563,-0.9557,0.5887,4.0773,35.5911,77.9171,-9999,97.2723,-9999,79.8702,-0.5467,6.2742,0,0,1.0000
71407,23.9974,44.3678,65.2205,-1.4942,-2.5929,0.2005,4.0836,33.7126,77.8726,-9999,97.2749,-9999,76.8927,-3.5854,7.5798,0,0,1.0000
71408,27.8813,44.4988,67.0310,-4.1846,-4.1751,0.7980,4.0766,31.7977,77.8427,-9999,97.2758,-9999,69.1303,-1.7058,0.8815,0,0,1.0000
71409,30.4717,42.0735,68.0364,14.8031,2.0986,1.7837,4.0681,32.1094,77.7982,-9999,97.2648,-9999,79.7813,1.2531,0.8961,0,0,1.0000
71410,26.7864,47.0148,70.4093,6.7619,0.4734,1.3954,4.0695,36.8287,77.7841,-9999,97.2697,-9999,86.6364,2.3417,2.7009,0,0,1.0000
71411,29.2059,42.6471,69.9657,1.0337,-1.8592,3.8459,4.0689,43.6738,77.7756,-9999,97.2827,-9999,75.6251,3.8629,1.0256,0,0,1.0000
71412,30.2427,43.3965,73.9693,-1.9425,-3.0574,4.0975,4.0650,35.5632,77.7713,-9999,97.2874,-9999,73.7163,3.8712,6.6082,0,0,1.0000
71413,32.0880,41.5184,71.5370,-2.8062,-0.3210,1.4210,4.0652,29.8764,77.7701,-9999,97.2857,-9999,76.6523,-0.0260,7.0518,0,0,1.0000
71414,28.6091,44.9009,72.3057,0.5411,-1.9813,1.1113,4.0678,32.4742,77.7790,-9999,97.2883,-9999,81.6077,-4.5275,3.5656,0,0,1.0000
71415,27.4299,52.5506,71.4479,4.3817,-1.3070,0.3962,4.0660,30.4476,77.7908,-9999,97.2895,-9999,80.8156,-1.4811,6.1427,0,0,1.0000
71416,31.4512,45.2371,68.0426,4.8507,1.9777,1.5051,4.0538,38.6718,77.8128,-9999,97.2899,-9999,83.3424,-3.1509,6.4515,0,0,1.0000
71417,27.4314,42.7483,71.7237,-4.0576,2.5227,0.9291,4.0584,33.2688,77.8613,-9999,97.2899,-9999,99.6039,-2.4805,4.9464,0,0,1.0000
71418,24.6475,45.0151,72.9755,7.7104,-2.5480,0.6127,4.0634,37.5107,77.9438,-9999,97.2891,-9999,81.9945,-2.4443,8.7184,0,0,1.0000
71419,27.1873,42.2523,72.2971,9.1261,4.4010,1.1089,4.0586,44.3436,78.0408,-9999,97.2855,-9999,73.6218,-4.9022,0.3468,0,0,1.0000
71420,29.3389,43.2708,72.6462,-6.0908,-1.6968,2.8057,4.0580,45.0635,78.1269,-9999,97.2908,-9999,70.1246,2.2956,5.3019,0,0,1.0000
71421,28.5298,48.1553,72.5509,0.1147,-2.5139,1.4167,4.0525,34.1311,78.2381,-9999,97.2918,-9999,79.5207,-1.9758,5.8744,0,0,1.0000
71422,32.0741,47.2868,74.4110,-1.9153,0.3453,1.6820,4.0570,32.3428,78.3467,-9999,97.2932,-9999,92.5003,-1.1248,7.9109,0,0,1.0000
71423,30.3383,44.2213,79.0115,5.3298,-0.9985,2.1401,4.0532,32.5747,78.4798,-9999,97.2928,-9999,106.2344,-1.8410,4.7061,0,0,1.0000
71424,32.5385,49.2075,71.4749,-4.3291,-1.9058,2.1576,4.0500,33.8956,78.6005,-9999,97.2919,-9999,69.7112,-1.3071,3.0142,0,0,1.0000
71425,25.6913,41.4821,69.1061,-2.4402,-2.9846,1.2455,4.0556,29.4912,78.7353,-9999,97.2942,-9999,62.6359,0.3865,5.1642,0,0,1.0000
71426,28.4649,41.4123,68.0839,2.0429,0.8427,1.7537,4.0576,30.0302,78.8551,-9999,97.3003,-9999,72.6994,0.1576,2.3809,0,0,1.0000
71427,26.2990,45.9617,68.8884,4.3269,-1.6647,0.7150,4.0636,26.7991,78.9582,-9999,97.3074,-9999,65.4246,-1.7676,2.0404,0,0,1.0000
