Data/Raw/WAGNER,NICK/firexaq-AOP-optical_DC8_20190829_R1.ict
51, 1001
Wagner, Nicholas L.
NOAA Earth System Research Laboratory
NOAA AOP instrument
FIREX-AQ
1, 1
2019, 08, 29, 2020, 04, 27
1
Time_start, seconds_past_midnight, seconds from midnight
18
1, 1, 1, 1, 1, 1, 1, 1, 1, 1, 1, 1, 1, 1, 1, 1, 1, 1
-9999, -9999, -9999, -9999, -9999, -9999, -9999, -9999, -9999, -9999, -9999, -9999, -9999, -9999, -9999, -9999, -9999, -9999
ext_dry_664, Mm-1, AerOpt_Extinction_InSitu_RHd_red_Total_PM2.5_STP
ext_dry_532, Mm-1, AerOpt_Extinction_InSitu_RHd_green_Total_PM2.5_STP
ext_dry_405, Mm-1, AerOpt_Extinction_InSitu_RHd_blue_Total_PM2.5_STP
abs_dry_664, Mm-1, AerOpt_Absorption_InSitu_RHd_red_Total_PM2.5_STP
abs_dry_532, Mm-1, AerOpt_Absorption_InSitu_RHd_green_Total_PM2.5_STP
abs_dry_405, Mm-1, AerOpt_Absorption_InSitu_RHd_blue_Total_PM2.5_STP
AOP_RH_dry, pct, Relative_humidity_of_dry_RH_channels
ext_medRH_664, Mm-1, AerOpt_Extinction_InSitu_RH80_red_Total_PM2.5_STP
AOP_RH_med, pct, Relative_humidity_of_medium_RH_channel
ext_highRH_664, Mm-1, AerOpt_Extinction_InSitu_RH85_red_Total_PM2.5_STP
AOP_RH_high, pct, Relative_humidity_of_high_RH_channel
ext_TD_664, Mm-1, AerOpt_ExtinctionTD_InSitu_RHd_blue_Total_PM2.5_STP
ext_TD_405, Mm-1, AerOpt_ExtinctionTD_InSitu_RHd_red_Total_PM2.5_STP
abs_TD_664, Mm-1, AerOpt_Absorption_InSitu_RHd_red_Total_PM2.5_STP
abs_TD_405, Mm-1, AerOpt_Absorption_InSitu_RHd_blue_Total_PM2.5_STP
AOP_TD_bypass_flag, pct, Flag_for_TD_Bypass_valve
AOP_filter_flag, pct, Flag_for_Filter_Valve
AOP_Dilution_ratio, pct, Applied_Dilution_Ratio_for_ext_channels
1
N/A
18
PI_CONTACT_INFO: Address: NOAA ESRL Chemical Sciences Division, R/CSD2, 325 Broadway, Boulder, CO 80305. Email: nick.wagner@noaa.gov.
PLATFORM: NASA DC8
LOCATION: See the DC8 MetNav file, Based in Boise (BOI) and Salina, KS
ASSOCIATED_DATA: N/A
[...]
DATA_INFO: Mm-1:
UNCERTAINTY: The precision of the extinction measurements varies with aerosol loading and is +/-20% at 10 Mm-1 and +/-5% at 100 Mm-1. The accuracy of the dry measurement is +/-2% and depends on RH for the humidified measurements, +/-5% at 85% RH and +/-15% at 90% RH. For more details, see Langridge et al., Aerosol Science and Technology 45:1305-1318, 2011. Analysis of comparable measurements suggest incomplete mixing in the dilution system. Effective dilution for individual instruments can vary by +/- 30% compared to the reported flow-based dilution estimate. The absorption measurements have a high signal accuracy of 20%. The low signal precision varies with altitude and flight to flight, and is typically less than 10 Mm-1 for 1 second measurements.
ULOD_FLAG: -7777
ULOD_VALUE: N/A
LLOD_FLAG: -8888
LLOD_VALUE: N/A
DM_CONTACT_INFO: Gao Chen
PROJECT_INFO: FIREX-AQ
STIPULATIONS_ON_USE: NASA Data Policy. Contact with PI is encouraged.
OTHER_COMMENTS: N/A
REVISION: R1
R1: Absorption measurements have been corrected for pressure dependent microphone sensitivity. In-cloud data has been removed. R0: Final Data. 
Time_start, ext_dry_664, ext_dry_532, ext_dry_405, abs_dry_664, abs_dry_532, abs_dry_405, AOP_RH_dry, ext_medRH_664, AOP_RH_med, ext_highRH_664, AOP_RH_high, ext_TD_664, ext_TD_405, abs_TD_664, abs_TD_405, AOP_TD_bypass_flag, AOP_filter_flag, AOP_Dilution_ratio
[from data line 2475]
63387,-9999.0000,-9999.0000,-9999.0000,-9999.0000,-9999.0000,-9999.0000,34.9395,-9999.0000,82.7508,-9999.0000,86.7666,-9999.0000,-9999.0000,-9999.0000,-9999.0000,0,1,1.0000
63388,-9999.0000,-9999.0000,-9999.0000,-9999.0000,-9999.0000,-9999.0000,34.9309,-9999.0000,82.7065,-9999.0000,86.8012,-9999.0000,-9999.0000,-9999.0000,-9999.0000,0,1,1.0000
63389,-9999.0000,-9999.0000,-9999.0000,-9999.0000,-9999.0000,-9999.0000,34.9247,-9999.0000,82.6592,-9999.0000,86.8484,-9999.0000,-9999.0000,-9999.0000,-9999.0000,0,1,1.0000
63390,-9999.0000,-9999.0000,-9999.0000,-9999.0000,-9999.0000,-9999.0000,34.9188,-9999.0000,82.6178,-9999.0000,86.8917,-9999.0000,-9999.0000,-9999.0000,-9999.0000,0,1,1.0000
63391,-9999.0000,-9999.0000,-9999.0000,-9999.0000,-9999.0000,-9999.0000,34.9191,-9999.0000,82.5604,-9999.0000,86.9371,-9999.0000,-9999.0000,-9999.0000,-9999.0000,0,1,1.0000
63392,-9999.0000,-9999.0000,-9999.0000,-9999.0000,-9999.0000,-9999.0000,34.9152,-9999.0000,82.5093,-9999.0000,86.9701,-9999.0000,-9999.0000,-9999.0000,-9999.0000,0,1,1.0000
63393,-9999.0000,-9999.0000,-9999.0000,-9999.0000,-9999.0000,-9999.0000,34.9076,-9999.0000,82.4394,-9999.0000,86.9925,-9999.0000,-9999.0000,-9999.0000,-9999.0000,0,1,1.0000
63394,-9999.0000,-9999.0000,-9999.0000,-9999.0000,-9999.0000,-9999.0000,34.9113,-9999.0000,82.3912,-9999.0000,87.0214,-9999.0000,-9999.0000,-9999.0000,-9999.0000,0,1,1.0000
63395,-9999.0000,-9999.0000,-9999.0000,-9999.0000,-9999.0000,-9999.0000,34.9081,-9999.0000,82.3439,-9999.0000,87.0452,-9999.0000,-9999.0000,-9999.0000,-9999.0000,0,1,1.0000
63396,-9999.0000,-9999.0000,-9999.0000,-9999.0000,-9999.0000,-9999.0000,34.9049,-9999.0000,82.2915,-9999.0000,87.0701,-9999.0000,-9999.0000,-9999.0000,-9999.0000,0,1,1.0000
63397,-9999.0000,-9999.0000,-9999.0000,-9999.0000,-9999.0000,-9999.0000,34.9026,-9999.0000,82.2308,-9999.0000,87.0820,-9999.0000,-9999.0000,-9999.0000,-9999.0000,0,1,1.0000
63398,-9999.0000,-9999.0000,-9999.0000,-9999.0000,-9999.0000,-9999.0000,34.9016,-9999.0000,82.1968,-9999.0000,87.0861,-9999.0000,-9999.0000,-9999.0000,-9999.0000,0,1,1.0000
63399,-9999.0000,-9999.0000,-9999.0000,-9999.0000,-9999.0000,-9999.0000,34.8982,-9999.0000,82.1617,-9999.0000,87.0889,-9999.0000,-9999.0000,-9999.0000,-9999.0000,0,1,1.0000
63400,-9999.0000,-9999.0000,-9999.0000,-9999.0000,-9999.0000,-9999.0000,34.8941,-9999.0000,82.1216,-9999.0000,87.0910,-9999.0000,-9999.0000,-9999.0000,-9999.0000,0,1,1.0000
63401,-9999.0000,-9999.0000,-9999.0000,-9999.0000,-9999.0000,-9999.0000,34.8991,-9999.0000,82.0866,-9999.0000,87.0844,-9999.0000,-9999.0000,-9999.0000,-9999.0000,0,1,1.0000
63402,-9999.0000,-9999.0000,-9999.0000,-9999.0000,-9999.0000,-9999.0000,34.9070,-9999.0000,82.0613,-9999.0000,87.0706,-9999.0000,-9999.0000,-9999.0000,-9999.0000,0,1,1.0000
63403,-9999.0000,-9999.0000,-9999.0000,-9999.0000,-9999.0000,-9999.0000,34.8925,-9999.0000,82.0259,-9999.0000,87.0465,-9999.0000,-9999.0000,-9999.0000,-9999.0000,0,1,1.0000
63404,-9999.0000,-9999.0000,-9999.0000,-9999.0000,-9999.0000,-9999.0000,34.8875,-9999.0000,82.0040,-9999.0000,87.0030,-9999.0000,-9999.0000,2.7426,-9999.0000,0,1,1.0000
63405,-9999.0000,-9999.0000,-9999.0000,-9999.0000,-9999.0000,-9999.0000,34.8861,-9999.0000,81.9944,-9999.0000,86.9433,-9999.0000,-9999.0000,8.7839,-9999.0000,0,1,1.0000
63406,-9999.0000,-9999.0000,-9999.0000,-9999.0000,-9999.0000,-9999.0000,34.8760,-9999.0000,81.9822,-9999.0000,86.8932,-9999.0000,-9999.0000,-7.9890,-9999.0000,0,1,1.0000
63407,-9999.0000,-9999.0000,-9999.0000,-9999.0000,-9999.0000,-9999.0000,34.8759,-9999.0000,81.9813,-9999.0000,86.8555,-9999.0000,-9999.0000,-7.3252,-9999.0000,0,1,1.0000
63408,-9999.0000,-9999.0000,-9999.0000,-9999.0000,-9999.0000,-9999.0000,34.8705,-9999.0000,81.9776,-9999.0000,86.8145,-9999.0000,-9999.0000,-3.0930,-9999.0000,0,1,1.0000
63409,-9999.0000,-9999.0000,-9999.0000,-9999.0000,-9999.0000,-9999.0000,34.8644,-9999.0000,81.9988,-9999.0000,86.7857,-9999.0000,-9999.0000,1.2849,-9999.0000,0,1,1.0000
63410,-9999.0000,-9999.0000,-9999.0000,-9999.0000,-9999.0000,-9999.0000,34.8556,-9999.0000,82.0532,-9999.0000,86.7418,-9999.0000,-9999.0000,-3.4058,-9999.0000,0,0,1.0000
63411,-9999.0000,-9999.0000,-9999.0000,-9999.0000,-9999.0000,-9999.0000,34.8402,-9999.0000,82.1344,-9999.0000,86.7090,-9999.0000,-9999.0000,7.9541,-9999.0000,0,0,1.0000
63412,-9999.0000,-9999.0000,-9999.0000,-9999.0000,-9999.0000,-9999.0000,34.8311,-9999.0000,82.2338,-9999.0000,86.6879,-9999.0000,-9999.0000,-0.9024,-9999.0000,0,0,1.0000
63413,-9999.0000,-9999.0000,-9999.0000,-9999.0000,-9999.0000,-9999.0000,34.8248,-9999.0000,82.3170,-9999.0000,86.6631,-9999.0000,-9999.0000,-1.8411,-9999.0000,0,0,1.0000
63414,-9999.0000,-9999.0000,-9999.0000,-9999.0000,-9999.0000,-9999.0000,34.8180,-9999.0000,82.4044,-9999.0000,86.6539,-9999.0000,-9999.0000,11.0799,-9999.0000,0,0,1.0000
63415,-9999.0000,-9999.0000,-9999.0000,-9999.0000,-9999.0000,-9999.0000,34.8151,-9999.0000,82.4931,-9999.0000,86.6456,-9999.0000,-9999.0000,-8.1076,-1.7931,0,0,1.0000
63416,-9999.0000,-9999.0000,-9999.0000,-9999.0000,-9999.0000,-9999.0000,34.8163,-9999.0000,82.5750,-9999.0000,86.6462,-9999.0000,-9999.0000,-9.5091,-2.6045,0,0,1.0000
63417,-9999.0000,-9999.0000,-9999.0000,-9999.0000,-9999.0000,-9999.0000,34.8163,-9999.0000,82.6639,-9999.0000,86.6435,-9999.0000,-9999.0000,0.0553,4.6608,0,0,1.0000
63418,-9999.0000,-9999.0000,-9999.0000,-9999.0000,-9999.0000,-9999.0000,34.8161,-9999.0000,82.7333,-9999.0000,86.6448,-9999.0000,-9999.0000,-2.9907,-12.3090,0,0,1.0000
63419,-9999.0000,-9999.0000,-9999.0000,-9999.0000,-9999.0000,-9999.0000,34.8119,-9999.0000,82.8116,-9999.0000,86.6420,-9999.0000,-9999.0000,-4.7764,-3.8503,0,0,1.0000
63420,-9999.0000,-9999.0000,-9999.0000,-9999.0000,-9999.0000,-9999.0000,34.8105,-9999.0000,82.8933,-9999.0000,86.6405,-9999.0000,-9999.0000,-8.3035,2.0674,0,0,1.0000
63421,-9999.0000,-9999.0000,-9999.0000,-9999.0000,-9999.0000,-9999.0000,34.8087,-9999.0000,82.9833,-9999.0000,86.6482,-9999.0000,-9999.0000,-1.1563,3.2096,0,0,1.0000
63422,-9999.0000,-9999.0000,-9999.0000,-9999.0000,-9999.0000,-9999.0000,34.8062,-9999.0000,83.0772,-9999.0000,86.6684,-9999.0000,-9999.0000,1.6190,-5.6690,0,0,1.0000
63423,0.3870,0.8127,8.6740,-9999.0000,-9999.0000,-9999.0000,34.7953,-9999.0000,83.1463,-9999.0000,86.6835,-9999.0000,-9999.0000,1.8618,3.7364,0,0,1.0000
63424,0.7145,1.6149,8.9257,-9999.0000,-9999.0000,-9999.0000,34.8020,-9999.0000,83.2271,-9999.0000,86.7189,-9999.0000,-9999.0000,9.8728,-3.1919,0,0,1.0000
63425,0.3982,0.8953,8.1087,-9999.0000,-2.3141,-0.5288,34.7952,-9999.0000,83.2895,-9999.0000,86.7602,-9999.0000,-9999.0000,9.3485,-1.0006,0,0,1.0000
63426,0.1548,0.8051,8.5005,-9999.0000,-0.8526,1.1149,34.8008,-9999.0000,83.3547,-9999.0000,86.7987,-9999.0000,-9999.0000,0.9153,5.4440,0,0,1.0000
63427,0.8204,1.3596,8.5921,-9999.0000,-0.3882,0.0262,34.8161,-9999.0000,83.4327,-9999.0000,86.8356,-9999.0000,-9999.0000,0.1784,-8.2841,0,0,1.0000
63428,0.2057,1.0778,7.5135,-9999.0000,-3.5135,0.5731,34.8084,-9999.0000,83.4699,-9999.0000,86.8456,-9999.0000,-9999.0000,-1.3604,2.8072,0,0,1.0000
63429,1.8028,0.6689,7.7001,-9999.0000,-1.4895,-0.2302,34.8124,-9999.0000,83.5116,-9999.0000,86.8635,-9999.0000,-9999.0000,-2.7024,2.2862,0,0,1.0000
63430,1.6810,0.9159,7.8072,-9999.0000,1.6105,-0.1599,34.8154,-9999.0000,83.5409,-9999.0000,86.8849,-9999.0000,-9999.0000,1.0213,-13.3002,0,0,1.0000
63431,-0.0606,1.1646,6.6240,-9999.0000,-0.5996,0.3359,34.8185,-9999.0000,83.5758,-9999.0000,86.9032,-9999.0000,-9999.0000,12.2151,6.7533,0,0,1.0000
63432,-0.0600,0.5690,6.8727,-9999.0000,0.0518,0.7901,34.8136,-9999.0000,83.5889,-9999.0000,86.9216,-9999.0000,-9999.0000,-2.1108,1.5251,0,0,1.0000
63433,-0.1487,0.8435,6.3985,-9999.0000,-4.4336,0.0286,34.8124,-9999.0000,83.6024,-9999.0000,86.9256,-9999.0000,-9999.0000,3.6010,1.0712,0,0,1.0000
63434,-0.0872,1.2992,9.9126,-9999.0000,-2.6617,-0.1178,34.8093,-9999.0000,83.6244,-9999.0000,86.9312,-9999.0000,-9999.0000,-7.2347,-7.2916,0,0,1.0000
63435,-0.2608,0.2877,6.0821,-9999.0000,-2.5528,-0.2955,34.8030,-9999.0000,83.6557,-9999.0000,86.9435,-9999.0000,-9999.0000,-0.9228,-5.8357,0,0,1.0000
63436,-0.1534,0.3443,7.8456,-9999.0000,-0.7347,0.6502,34.8011,-9999.0000,83.6876,-9999.0000,86.9707,-9999.0000,-9999.0000,-6.8934,-5.8957,0,0,1.0000
63437,0.0705,0.4462,6.1875,-9999.0000,-3.6380,-0.3100,34.7893,-9999.0000,83.7087,-9999.0000,86.9752,-9999.0000,-9999.0000,5.8732,-0.7129,0,0,1.0000
63438,-0.0695,0.3405,6.4762,-9999.0000,0.2545,0.6465,34.7991,-9999.0000,83.7303,-9999.0000,86.9803,-9999.0000,-9999.0000,2.2712,-6.0630,0,0,1.0000
63439,-0.1375,0.3389,5.9221,-9999.0000,-2.0837,0.3180,34.8119,-9999.0000,83.7705,-9999.0000,86.9838,-9999.0000,-9999.0000,7.2185,-6.2614,0,0,1.0000
63440,-0.0149,0.4048,6.9362,-9999.0000,-0.7168,0.2363,34.8094,-9999.0000,83.8068,-9999.0000,86.9889,-9999.0000,-9999.0000,5.1577,7.8937,0,0,1.0000
63441,-0.2055,0.3349,7.5546,-9999.0000,-1.5438,0.1907,34.8237,-9999.0000,83.8705,-9999.0000,87.0175,-9999.0000,-9999.0000,5.3722,-6.4166,0,0,1.0000
63442,-0.0901,0.4921,7.0166,-9999.0000,-1.4412,1.0713,34.8201,-9999.0000,83.9078,-9999.0000,87.0210,-9999.0000,-9999.0000,6.4809,-5.2507,0,0,1.0000
63443,-0.0309,0.5957,7.0774,-9999.0000,-1.4204,-0.5207,34.8153,-9999.0000,83.9381,-9999.0000,87.0319,-9999.0000,-9999.0000,-1.5953,-6.7016,0,0,1.0000
63444,-0.1568,0.5586,6.5402,-9999.0000,2.7593,-0.7728,34.8175,-9999.0000,83.9816,-9999.0000,87.0417,-9999.0000,-9999.0000,-3.5234,3.9942,0,0,1.0000
63445,0.0263,0.5132,7.2803,-9999.0000,-1.8688,1.5707,34.8278,-9999.0000,84.0100,-9999.0000,87.0556,-9999.0000,-9999.0000,-0.4495,-3.0624,0,0,1.0000
63446,-0.1173,0.3178,7.2440,-9999.0000,1.7947,0.7746,34.8373,-9999.0000,84.0392,-9999.0000,87.0681,-9999.0000,-9999.0000,-0.3780,7.9800,0,0,1.0000
63447,0.1558,0.4130,7.2349,-9999.0000,-3.0736,0.3712,34.8396,-9999.0000,84.0538,-9999.0000,87.0842,-9999.0000,-9999.0000,0.8721,-2.6670,0,0,1.0000
63448,-0.0531,0.3433,5.9736,-9999.0000,-2.1550,-0.3782,34.8396,-9999.0000,84.0658,-9999.0000,87.1112,-9999.0000,-9999.0000,4.5460,-3.8999,0,0,1.0000
63449,-0.0963,0.2077,6.8529,-9999.0000,-0.3825,-0.8733,34.8391,-9999.0000,84.0791,-9999.0000,87.1526,-9999.0000,-9999.0000,-9.3752,-4.4875,0,0,1.0000
63450,0.1131,1.1347,6.7290,-9999.0000,1.5947,-0.1903,34.8378,-9999.0000,84.0906,-9999.0000,87.1872,-9999.0000,-9999.0000,6.3050,-3.7666,0,0,1.0000
63451,-0.0606,0.5441,6.1861,-9999.0000,-1.2792,-0.3581,34.8383,-9999.0000,84.1051,-9999.0000,87.2328,-9999.0000,-9999.0000,3.3732,6.4224,0,0,1.0000
63452,-0.1383,0.3674,5.7039,-9999.0000,-1.4320,0.3483,34.8357,-9999.0000,84.1124,-9999.0000,87.2662,-9999.0000,-9999.0000,12.7238,0.8444,0,0,1.0000
63453,0.1697,0.8857,5.9839,-9999.0000,0.9402,1.0909,34.8402,-9999.0000,84.1201,-9999.0000,87.3219,-9999.0000,-9999.0000,-3.9882,-9.5647,0,0,1.0000
63454,-0.0695,0.2164,6.6323,-9999.0000,1.4858,0.0144,34.8426,-9999.0000,84.1269,-9999.0000,87.3737,-9999.0000,-9999.0000,-0.0259,-0.9908,0,0,1.0000
63455,0.0117,0.2456,7.3636,-9999.0000,0.3993,-1.1453,34.8434,-9999.0000,84.1262,-9999.0000,87.4376,-9999.0000,-9999.0000,8.7760,-3.9228,0,0,1.0000
63456,-0.0533,0.4839,7.2845,-9999.0000,0.7200,0.3350,34.8458,-9999.0000,84.1175,-9999.0000,87.4970,-9999.0000,-9999.0000,-4.2058,8.3351,0,0,1.0000
63457,0.2973,0.4485,6.0508,-9999.0000,-0.8083,-0.7671,34.8486,-9999.0000,84.1045,-9999.0000,87.5602,-9999.0000,-9999.0000,5.5784,-3.1244,0,0,1.0000
63458,-0.0685,0.2415,7.7170,-9999.0000,-1.0494,-0.4778,34.8540,-9999.0000,84.0739,-9999.0000,87.6177,-9999.0000,-9999.0000,0.1392,-3.9237,0,0,1.0000
63459,-0.0353,0.2897,5.7130,-9999.0000,-0.0848,1.1042,34.8816,-9999.0000,84.0383,-9999.0000,87.6864,-9999.0000,-9999.0000,-2.2466,-1.3390,0,0,1.0000
63460,0.3634,0.3625,5.9836,-9999.0000,0.0232,0.5873,34.8893,-9999.0000,83.9854,-9999.0000,87.7568,-9999.0000,-9999.0000,0.9359,4.7061,0,0,1.0000
63461,0.1404,0.7759,5.6045,-9999.0000,-1.7744,-0.3605,34.8977,-9999.0000,83.9525,-9999.0000,87.8348,-9999.0000,-9999.0000,2.1891,-1.2438,0,0,1.0000
63462,0.2268,0.3909,5.9945,-9999.0000,0.6602,-0.4160,34.8998,-9999.0000,83.9099,-9999.0000,87.9034,-9999.0000,-9999.0000,-3.5596,-5.0399,0,0,1.0000
63463,0.1653,0.4623,7.4210,-9999.0000,-5.3816,0.0497,34.9628,-9999.0000,83.8937,-9999.0000,87.9560,-9999.0000,-9999.0000,-4.4818,9.1514,0,0,1.0000
63464,0.0155,0.3976,6.7443,-9999.0000,-3.4436,0.0983,34.9810,-9999.0000,83.8716,-9999.0000,88.0109,-9999.0000,-9999.0000,4.0967,-1.4414,0,0,1.0000
63465,0.1087,0.3802,6.1768,-9999.0000,-2.8131,-0.1213,34.9886,-9999.0000,83.8331,-9999.0000,88.0633,-9999.0000,-9999.0000,2.9259,-0.1446,0,0,1.0000
63466,0.4926,0.3927,4.7440,-9999.0000,-1.2183,-0.0678,34.9927,-9999.0000,83.8007,-9999.0000,88.1225,-9999.0000,-9999.0000,0.1403,1.3386,0,0,1.0000
63467,0.1129,0.0608,4.0520,-9999.0000,-4.2042,0.1302,35.0164,-9999.0000,83.7640,-9999.0000,88.1966,-9999.0000,-9999.0000,2.8899,1.8938,0,0,1.0000
63468,0.1702,0.2927,3.7354,-9999.0000,1.3682,0.2080,35.0387,-9999.0000,83.7515,-9999.0000,88.2693,-9999.0000,-9999.0000,-3.2340,-1.6051,0,0,1.0000
63469,-0.0131,0.3375,4.2704,-9999.0000,-2.4213,0.4716,35.0449,-9999.0000,83.7397,-9999.0000,88.3378,-9999.0000,-9999.0000,-5.0860,-0.6741,0,0,1.0000
63470,0.0418,0.5095,4.2884,-9999.0000,3.4526,0.4075,35.0453,-9999.0000,83.7216,-9999.0000,88.3799,-9999.0000,-9999.0000,-0.9335,1.4085,0,0,1.0000
63471,0.0282,0.3270,3.2120,-9999.0000,2.8509,0.1981,35.0527,-9999.0000,83.7196,-9999.0000,88.4305,-9999.0000,-9999.0000,-5.7333,-1.4833,0,0,1.0000
63472,0.2105,0.8003,4.8278,-9999.0000,-5.2834,0.1313,35.0596,-9999.0000,83.7223,-9999.0000,88.4647,-9999.0000,-9999.0000,-2.4475,-6.0016,0,0,1.0000
63473,0.0272,0.4265,4.5294,-9999.0000,-1.0014,0.3137,35.0728,-9999.0000,83.7364,-9999.0000,88.4991,-9999.0000,-9999.0000,-2.2336,0.9298,0,0,1.0000
63474,0.0153,0.2293,5.0884,-9999.0000,0.3160,0.2924,35.0932,-9999.0000,83.7432,-9999.0000,88.5167,-9999.0000,-9999.0000,2.0708,-2.3396,0,0,1.0000
63475,0.0701,0.2529,4.4602,-9999.0000,-2.4908,0.8025,35.1069,-9999.0000,83.7702,-9999.0000,88.5349,-9999.0000,-9999.0000,0.1790,-6.9163,0,0,1.0000
63476,-0.0756,0.1964,3.6439,-9999.0000,0.4562,-0.0997,35.1206,-9999.0000,83.7753,-9999.0000,88.5365,-9999.0000,-9999.0000,-1.3077,-8.2211,0,0,1.0000
63477,0.2153,0.3052,3.0597,-9999.0000,0.4743,0.3221,35.1280,-9999.0000,83.8109,-9999.0000,88.5497,-9999.0000,-9999.0000,2.7489,3.3697,0,0,1.0000
63478,0.2333,0.5560,3.7013,-9999.0000,-0.8556,0.3394,35.1339,-9999.0000,83.8480,-9999.0000,88.5593,-9999.0000,-9999.0000,0.8358,-3.6256,0,0,1.0000
63479,0.1532,0.4462,2.8669,-9999.0000,0.3417,0.2464,35.1438,-9999.0000,83.8887,-9999.0000,88.5789,-9999.0000,-9999.0000,4.5155,-1.7491,0,0,1.0000
63480,0.2400,0.7668,3.8453,-9999.0000,1.2966,-0.3155,35.1564,-9999.0000,83.9275,-9999.0000,88.5770,-9999.0000,-9999.0000,1.4836,-4.0324,0,0,1.0000
63481,0.1730,1.2042,2.1909,-9999.0000,-1.8810,-0.3702,35.1705,-9999.0000,83.9752,-9999.0000,88.5854,-9999.0000,-9999.0000,-5.1545,-2.3294,0,0,1.0000
63482,0.2546,0.6984,3.2152,-9999.0000,-0.5344,0.0450,35.1991,-9999.0000,84.0210,-9999.0000,88.5871,-9999.0000,-9999.0000,8.5675,3.0160,0,0,1.0000
63483,1.6217,0.3906,2.0170,-9999.0000,2.2577,-0.2048,35.2263,-9999.0000,84.0648,-9999.0000,88.5991,-9999.0000,-9999.0000,7.8225,-7.7833,0,0,1.0000
63484,0.2195,0.2956,2.4736,-9999.0000,-1.8949,-0.5280,35.2548,-9999.0000,84.0778,-9999.0000,88.5857,-9999.0000,-9999.0000,2.6101,0.3357,0,0,1.0000
63485,0.0387,0.3146,1.4935,-9999.0000,-0.4936,-0.5016,35.2775,-9999.0000,84.1136,-9999.0000,88.5867,-9999.0000,-9999.0000,-2.5913,5.2773,0,0,1.0000
63486,0.6187,0.3467,2.4403,-9999.0000,0.5827,0.6239,35.2880,-9999.0000,84.1513,-9999.0000,88.5791,-9999.0000,-9999.0000,2.1748,0.8036,0,0,1.0000
63487,0.2962,0.3237,2.3879,-9999.0000,-3.6406,-0.5372,35.2980,-9999.0000,84.1721,-9999.0000,88.5689,-9999.0000,-9999.0000,2.1363,-1.7347,0,0,1.0000
