Data/Raw/WAGNER,NICK/firexaq-AOP-optical_DC8_20190724_R1.ict
51, 1001
Wagner, Nicholas L.
NOAA Earth System Research Laboratory
NOAA AOP instrument
FIREX-AQ
1, 1
2019, 07, 24, 2020, 04, 27
1
Time_start, seconds_past_midnight, seconds from midnight
18
1, 1, 1, 1, 1, 1, 1, 1, 1, 1, 1, 1, 1, 1, 1, 1, 1, 1
-9999, -9999, -9999, -9999, -9999, -9999, -9999, -9999, -9999, -9999, -9999, -9999, -9999, -9999, -9999, -9999, -9999, -9999
ext_dry_664, Mm-1, AerOpt_Extinction_InSitu_RHd_red_Total_PM2.5_STP
ext_dry_532, Mm-1, AerOpt_Extinction_InSitu_RHd_green_Total_PM2.5_STP
ext_dry_405, Mm-1, AerOpt_Extinction_InSitu_RHd_blue_Total_PM2.5_STP
abs_dry_664, Mm-1, AerOpt_Absorption_InSitu_RHd_red_Total_PM2.5_STP
abs_dry_532, Mm-1, AerOpt_Absorption_InSitu_RHd_green_Total_PM2.5_STP
abs_dry_405, Mm-1, AerOpt_Absorption_InSitu_RHd_blue_Total_PM2.5_STP
AOP_RH_dry, pct, Relative_humidity_of_dry_RH_channels
ext_medRH_664, Mm-1, AerOpt_Extinction_InSitu_RH80_red_Total_PM2.5_STP
AOP_RH_med, pct, Relative_humidity_of_medium_RH_channel
ext_highRH_664, Mm-1, AerOpt_Extinction_InSitu_RH85_red_Total_PM2.5_STP
AOP_RH_high, pct, Relative_humidity_of_high_RH_channel
ext_TD_664, Mm-1, AerOpt_ExtinctionTD_InSitu_RHd_blue_Total_PM2.5_STP
ext_TD_405, Mm-1, AerOpt_ExtinctionTD_InSitu_RHd_red_Total_PM2.5_STP
abs_TD_664, Mm-1, AerOpt_Absorption_InSitu_RHd_red_Total_PM2.5_STP
abs_TD_405, Mm-1, AerOpt_Absorption_InSitu_RHd_blue_Total_PM2.5_STP
AOP_TD_bypass_flag, pct, Flag_for_TD_Bypass_valve
AOP_filter_flag, pct, Flag_for_Filter_Valve
AOP_Dilution_ratio, pct, Applied_Dilution_Ratio_for_ext_channels
1
N/A
18
PI_CONTACT_INFO: Address: NOAA ESRL Chemical Sciences Division, R/CSD2, 325 Broadway, Boulder, CO 80305. Email: nick.wagner@noaa.gov.
PLATFORM: NASA DC8
LOCATION: See the DC8 MetNav file, Based in Boise (BOI) and Salina, KS
ASSOCIATED_DATA: N/A
[...]
DATA_INFO: Mm-1:
UNCERTAINTY: The precision of the extinction measurements varies with aerosol loading and is +/-20% at 10 Mm-1 and +/-5% at 100 Mm-1. The accuracy of the dry measurement is +/-2% and depends on RH for the humidified measurements, +/-5% at 85% RH and +/-15% at 90% RH. For more details, see Langridge et al., Aerosol Science and Technology 45:1305-1318, 2011. Analysis of comparable measurements suggest incomplete mixing in the dilution system. Effective dilution for individual instruments can vary by +/- 30% compared to the reported flow-based dilution estimate. The absorption measurements have a high signal accuracy of 20%. The low signal precision varies with altitude and flight to flight, and is typically less than 10 Mm-1 for 1 second measurements.
ULOD_FLAG: -7777
ULOD_VALUE: N/A
LLOD_FLAG: -8888
LLOD_VALUE: N/A
DM_CONTACT_INFO: Gao Chen
PROJECT_INFO: FIREX-AQ
STIPULATIONS_ON_USE: NASA Data Policy. Contact with PI is encouraged.
OTHER_COMMENTS: N/A
REVISION: R1
R1: Absorption measurements have been corrected for pressure dependent microphone sensitivity. In-cloud data has been removed. R0: Final Data. 
Time_start, ext_dry_664, ext_dry_532, ext_dry_405, abs_dry_664, abs_dry_532, abs_dry_405, AOP_RH_dry, ext_medRH_664, AOP_RH_med, ext_highRH_664, AOP_RH_high, ext_TD_664, ext_TD_405, abs_TD_664, abs_TD_405, AOP_TD_bypass_flag, AOP_filter_flag, AOP_Dilution_ratio
[from data line 492]
76960,-0.0179,-0.3148,-0.4204,2.6208,1.1668,0.7431,14.0474,-0.5748,79.7562,-0.2951,84.0664,-9999.0000,-9999.0000,-9999.0000,2.5487,0,0,1.0000
76961,-0.1210,-0.3252,-0.3012,-0.2033,0.1774,1.8346,14.0487,-0.5673,79.6562,-0.2701,84.0627,-9999.0000,-9999.0000,-9999.0000,-5.3188,0,0,1.0000
76962,-0.0197,-0.2034,-0.2366,4.9874,3.8234,-0.1259,14.0441,-0.5823,79.5720,-0.3247,84.0612,-9999.0000,-9999.0000,-9999.0000,-5.3303,0,0,1.0000
76963,-0.1269,-0.2596,-0.3642,-0.7374,1.9412,-0.9612,14.0391,-0.5775,79.4777,-0.2252,84.0619,-9999.0000,-9999.0000,-9999.0000,-9999.0000,0,0,1.0000
76964,-0.0122,-0.2625,-0.4823,0.7730,3.7665,-0.5572,14.0422,-0.5411,79.4021,-0.3097,84.0659,-9999.0000,-9999.0000,-9999.0000,-9999.0000,0,0,1.0000
76965,-0.0330,-0.1748,-0.5903,0.6802,3.1298,-0.5954,14.0448,0.2733,79.3273,-0.2318,84.0918,-9999.0000,-9999.0000,-9999.0000,-9999.0000,0,0,1.0000
76966,-0.0855,-0.1742,-0.4780,0.3920,0.9158,-0.2906,14.0468,0.3809,79.2733,-0.2984,84.1272,-9999.0000,-9999.0000,-9999.0000,-9999.0000,0,0,1.0000
76967,-0.1451,-0.1792,-0.6350,1.7908,0.5022,-1.3332,14.0356,-0.4117,79.2376,-0.2155,84.1689,-9999.0000,-9999.0000,-9999.0000,-9999.0000,0,0,1.0000
76968,-0.0932,-0.2396,-0.4151,-0.9401,0.3109,0.4526,14.0282,-0.4776,79.2135,-0.1642,84.2151,-9999.0000,-9999.0000,-9999.0000,-9999.0000,0,0,1.0000
76969,-0.0595,-0.2094,-0.4578,-0.8171,3.1094,0.1155,14.0277,-0.4004,79.1991,-0.2287,84.2578,-9999.0000,-9999.0000,-9999.0000,-9999.0000,0,0,1.0000
76970,-0.1559,-0.0752,-0.4944,0.0971,-0.1274,1.4081,14.0303,-0.4260,79.1859,-0.2323,84.3104,-9999.0000,-9999.0000,-9999.0000,-9999.0000,0,0,1.0000
76971,-0.0654,-0.0828,-0.4878,-1.3184,5.0464,1.2447,14.0237,-0.3579,79.1870,-0.2221,84.3713,-9999.0000,-9999.0000,-9999.0000,-9999.0000,0,0,1.0000
76972,-0.0155,-0.2018,-0.5337,1.7084,-0.3168,-1.1350,14.0340,-0.4026,79.1891,-0.1502,84.4101,-9999.0000,-9999.0000,-9999.0000,-9999.0000,0,0,1.0000
76973,-0.0924,-0.3026,-0.5081,1.7053,-0.3169,-1.1352,14.0321,-0.5028,79.2032,-0.2697,84.4380,-9999.0000,-9999.0000,-9999.0000,-9999.0000,0,0,1.0000
76974,-0.0969,-0.2801,-0.5193,-9999.0000,-9999.0000,-9999.0000,14.0262,-0.3985,79.2369,-0.2590,84.4487,-9999.0000,-9999.0000,-9999.0000,-9999.0000,0,0,1.0000
76975,-0.1201,-0.2318,-0.4615,-9999.0000,-9999.0000,-9999.0000,14.0265,-0.3610,79.3055,-0.2221,84.4624,-9999.0000,-9999.0000,-9999.0000,6.5101,0,0,1.0000
76976,-0.1009,-0.2131,-0.5472,-9999.0000,-9999.0000,-9999.0000,14.0273,-0.3773,79.3876,-0.2148,84.4795,-9999.0000,-9999.0000,-9999.0000,6.9840,0,0,1.0000
76977,-0.0832,-0.2797,-0.5409,-9999.0000,-9999.0000,-9999.0000,14.0175,-0.4214,79.4867,-0.2143,84.5015,-9999.0000,-9999.0000,-9999.0000,-3.6000,0,0,1.0000
76978,-0.0839,-0.1844,-0.4785,-9999.0000,-9999.0000,-9999.0000,14.0331,-0.4489,79.5955,-0.2372,84.5137,-9999.0000,-9999.0000,-9999.0000,1.0913,0,0,1.0000
76979,0.0333,-0.2143,-0.5140,-9999.0000,-9999.0000,-9999.0000,14.0312,-0.4176,79.7159,-0.2624,84.5213,-9999.0000,-9999.0000,-9999.0000,0.1868,0,0,1.0000
76980,-0.0739,-0.3478,-0.5554,-9999.0000,-9999.0000,-9999.0000,14.0091,-0.4589,79.8588,-0.2851,84.5160,-9999.0000,-9999.0000,-9999.0000,-0.3641,0,0,1.0000
76981,0.0365,-0.1752,-0.4005,-9999.0000,-9999.0000,-9999.0000,14.0131,-0.4125,79.9803,-0.2712,84.5125,-9999.0000,-9999.0000,-9999.0000,-1.0348,0,0,1.0000
76982,-0.0815,-0.1593,-0.5791,-9999.0000,-9999.0000,-9999.0000,14.0099,-0.4618,80.1442,-0.2818,84.4962,-9999.0000,-9999.0000,-9999.0000,-8.1508,0,0,1.0000
76983,-0.1194,-0.0969,-0.4282,-9999.0000,-9999.0000,-9999.0000,14.0117,-0.3526,80.2614,-0.2107,84.4749,-9999.0000,-9999.0000,-9999.0000,-4.0425,0,0,1.0000
76984,-0.0109,-0.0854,-0.3740,-9999.0000,-9999.0000,-9999.0000,14.0068,-0.4366,80.3937,-0.1640,84.4414,-9999.0000,-9999.0000,-9999.0000,-1.6396,0,0,1.0000
76985,-0.0182,-0.1594,-0.4714,-9999.0000,-9999.0000,-9999.0000,14.0024,-0.3994,80.5111,-0.3137,84.4086,-9999.0000,-9999.0000,-9999.0000,-1.6334,0,0,1.0000
76986,0.0194,-0.1146,-0.4839,-0.7371,2.8483,0.4265,14.0005,-0.3797,80.6695,-0.1541,84.3987,-9999.0000,-9999.0000,-9999.0000,-8.0788,0,0,1.0000
76987,-0.0407,-0.1448,-0.3670,-1.8267,1.0113,-0.9625,13.9975,-0.3711,80.8134,-0.2138,84.3831,-9999.0000,-9999.0000,-9999.0000,-1.6821,0,0,1.0000
76988,-0.0418,-0.1092,-0.4575,1.0752,3.3968,0.4106,13.9967,-0.4422,80.9422,-0.2178,84.3714,-9999.0000,-9999.0000,-9999.0000,2.3432,0,0,1.0000
76989,-0.0806,-0.0120,0.7086,-0.6548,1.1147,-0.9950,13.9970,-0.4761,81.0550,-0.1729,84.3552,-9999.0000,-9999.0000,-9999.0000,-3.6092,0,0,1.0000
76990,-0.0245,-0.1408,-0.3628,-1.6226,-0.4786,-0.0009,13.9890,-0.4302,81.1618,-0.2005,84.3415,-9999.0000,-9999.0000,-9999.0000,-0.2368,0,0,1.0000
76991,0.0324,-0.0197,-0.4367,-2.4231,4.6646,-0.3005,13.9812,-0.4316,81.2726,-0.1560,84.3371,-9999.0000,-9999.0000,-9999.0000,-2.5062,0,0,1.0000
76992,-0.0568,-0.0558,-0.3653,-0.1532,-1.5486,-0.6671,13.9898,-0.3579,81.3699,-0.1790,84.3436,-9999.0000,-9999.0000,-9999.0000,-6.4066,0,0,1.0000
76993,-0.0465,0.0128,-0.4176,0.0193,-0.4938,0.4489,13.9883,-0.4507,81.4715,-0.2783,84.3402,-9999.0000,-9999.0000,-9999.0000,3.5349,0,0,1.0000
76994,0.0286,-0.0577,-0.3098,-1.3691,4.3967,-0.0723,13.9928,-0.5610,81.5450,-0.2215,84.3402,-9999.0000,-9999.0000,-9999.0000,0.0665,0,0,1.0000
76995,-0.0243,-0.0800,-0.2776,1.2119,-1.1603,-0.3141,13.9857,-0.4609,81.6097,-0.1625,84.3348,-9999.0000,-9999.0000,-9999.0000,-9.7409,0,0,1.0000
76996,-0.0635,-0.0787,-0.3478,-0.9011,1.0432,0.5941,13.9887,-0.4141,81.6653,-0.1188,84.3432,-9999.0000,-9999.0000,-9999.0000,4.1631,0,0,1.0000
76997,-0.1137,-0.0749,-0.3322,2.9638,0.3574,1.2767,13.9869,-0.4780,81.6994,-0.1228,84.3596,-9999.0000,-9999.0000,-9999.0000,-3.5160,0,0,1.0000
76998,-0.1247,-0.0080,-0.4214,-0.5961,0.1046,-1.2849,13.9861,-0.4373,81.7285,-0.2627,84.3875,-9999.0000,-9999.0000,-9999.0000,-5.9542,0,0,1.0000
76999,-0.0590,0.0077,-0.3873,-1.2731,4.1887,-0.3942,13.9813,-0.4610,81.7523,-0.1286,84.4219,-9999.0000,-9999.0000,-9999.0000,-1.4226,0,0,1.0000
77000,-0.1079,-0.0498,-0.3591,1.3218,3.1508,-0.1506,13.9745,-0.4407,81.7669,-0.2183,84.4764,-9999.0000,-9999.0000,-9999.0000,-3.0631,0,0,1.0000
77001,-0.0446,-0.1226,-0.1649,1.4443,1.4271,-0.4695,13.9718,-0.4521,81.7754,-0.1991,84.5326,-9999.0000,-9999.0000,-9999.0000,0.3967,0,0,1.0000
77002,-0.0688,-0.0255,-0.2551,0.8507,0.8310,-0.9953,13.9682,-0.4303,81.7747,-0.2257,84.5742,-9999.0000,-9999.0000,-9999.0000,-9.4939,0,0,1.0000
77003,-0.0846,-0.0243,-0.2454,3.7646,1.9519,0.5396,13.9609,-0.5224,81.7370,-0.3064,84.6210,-9999.0000,-9999.0000,-9999.0000,-0.1231,0,0,1.0000
77004,-0.0798,0.0072,-0.2192,0.7581,1.4143,-0.1410,13.9562,-0.5567,81.6425,-0.3490,84.6723,-9999.0000,-9999.0000,-9999.0000,3.6912,0,0,1.0000
77005,-0.1111,0.0838,-0.3354,-0.6462,-1.7288,-0.5220,13.9517,-0.3967,81.5399,-0.3579,84.7309,-9999.0000,-9999.0000,-9999.0000,4.7812,0,0,1.0000
77006,-0.0505,0.0756,-0.2408,-0.1074,2.0637,-0.1095,13.9362,-0.4084,81.4185,-0.3298,84.7598,-9999.0000,-9999.0000,-9999.0000,-1.4316,0,0,1.0000
77007,-0.1987,0.2215,-0.2257,0.4680,1.0460,-0.4555,13.9335,-0.3660,81.2747,-0.1962,84.7852,-9999.0000,-9999.0000,-9999.0000,2.5311,0,0,1.0000
77008,-0.1586,0.1436,-0.1201,-0.6247,-4.3730,-0.2531,13.9351,0.2255,81.0751,-0.2095,84.8073,-9999.0000,-9999.0000,-9999.0000,-10.8603,0,0,1.0000
77009,-0.2317,0.1704,-0.2266,0.0332,2.5360,0.0964,13.9355,-0.3069,80.8909,-0.1974,84.8162,-9999.0000,-9999.0000,-9999.0000,0.1216,0,0,1.0000
77010,-0.2089,0.3328,-0.1599,3.9231,1.0009,-0.9159,13.9357,-0.3565,80.6768,-0.2184,84.8361,-9999.0000,-9999.0000,-9999.0000,-3.4368,0,0,1.0000
77011,-0.1544,0.2695,-0.1237,1.7284,-1.7937,0.0918,13.9341,-0.3448,80.4568,-0.1723,84.8430,-9999.0000,-9999.0000,-9999.0000,-7.7628,0,0,1.0000
77012,-0.1310,0.3381,-0.0092,0.4553,3.2273,-0.8668,13.9368,-0.3327,80.2063,-0.1761,84.8517,-9999.0000,-9999.0000,-9999.0000,-4.0149,0,0,1.0000
77013,-0.0677,0.1072,-0.1116,-1.1362,1.6753,-0.0146,13.9333,-0.3993,79.9804,-0.1337,84.8533,-9999.0000,-9999.0000,-9999.0000,-2.9290,0,0,1.0000
77014,-0.0990,-0.0430,-0.1610,-0.9137,-3.5375,-0.4079,13.9349,-0.4571,79.7547,0.4858,84.8556,-9999.0000,-9999.0000,-9999.0000,0.6513,0,0,1.0000
77015,-0.0986,-0.0911,-0.1944,2.4762,2.9468,-0.8587,13.9307,-0.4387,79.5419,0.3184,84.8316,-9999.0000,-9999.0000,-9999.0000,-4.7160,0,0,1.0000
77016,-0.0822,-0.0323,-0.2681,-0.0421,0.9770,-0.5548,13.9237,-0.3964,79.3224,-0.1332,84.7800,-9999.0000,-9999.0000,-9999.0000,3.3173,0,0,1.0000
77017,-0.0504,-0.0231,-0.2009,2.6872,-0.6218,-0.2734,13.9193,-0.3229,79.1355,-0.1158,84.7405,-9999.0000,-9999.0000,-9999.0000,-2.3107,0,0,1.0000
77018,-0.0786,-0.0569,-0.2061,-2.4250,2.0612,0.1322,13.9207,-0.3447,78.9431,-0.1251,84.7073,-9999.0000,-9999.0000,-9999.0000,-1.5901,0,0,1.0000
77019,-0.1384,0.0065,-0.2987,-0.9020,-0.5119,0.3336,13.9220,-0.3031,78.7890,-0.0621,84.6981,-9999.0000,-9999.0000,-9999.0000,2.9672,0,0,1.0000
77020,-0.0699,0.0277,-0.2558,0.5019,-3.4994,0.4951,13.9143,-0.2764,78.6770,0.0461,84.6766,-9999.0000,-9999.0000,-9999.0000,2.3987,0,0,1.0000
77021,-0.0924,-0.0245,-0.1935,1.2943,1.2615,-0.7553,13.9083,-0.2701,78.5968,-0.0773,84.6665,-9999.0000,-9999.0000,-9999.0000,-2.9916,0,0,1.0000
77022,-0.0485,-0.0046,-0.1840,-1.3633,-0.6152,-0.8006,13.9084,-0.3858,78.5225,-0.0746,84.6533,-9999.0000,-9999.0000,-9999.0000,-1.6511,0,0,1.0000
77023,-0.1232,-0.0111,-0.1426,-1.4529,-2.2999,-0.0825,13.9065,-0.2630,78.4509,-0.1473,84.6485,-9999.0000,-9999.0000,-9999.0000,-1.4758,0,0,1.0000
77024,0.0016,-0.0710,-0.1594,-1.4141,5.1184,0.5068,13.8922,-0.2339,78.4022,-0.1466,84.6509,-9999.0000,-9999.0000,-9999.0000,-2.4775,0,0,1.0000
77025,-0.0355,-0.1037,-0.2653,-0.2658,0.9495,0.2019,13.8975,-0.2656,78.3730,-0.0694,84.6564,-9999.0000,-9999.0000,-9999.0000,-5.3954,0,0,1.0000
77026,-0.1599,-0.0675,-0.1941,-2.4634,0.6087,-0.0730,13.8971,-0.2681,78.3577,-0.0703,84.6728,-9999.0000,-9999.0000,-9999.0000,-3.2804,0,0,1.0000
77027,-0.1111,-0.0719,-0.2765,-0.6348,1.4671,1.4133,13.8866,-0.2841,78.3528,-0.1352,84.7112,-9999.0000,-9999.0000,-9999.0000,4.2381,0,0,1.0000
77028,-0.0627,-0.0594,-0.1802,-0.2723,0.6931,-0.1207,13.8882,-0.2377,78.3554,0.0355,84.7675,-9999.0000,-9999.0000,-9999.0000,-1.5338,0,0,1.0000
77029,-0.0485,-0.0723,-0.2478,2.9333,-0.0462,-0.0816,13.8809,-0.2043,78.3754,-0.0769,84.8273,-9999.0000,-9999.0000,-9999.0000,-4.6881,0,0,1.0000
77030,-0.0926,-0.1243,-0.3356,0.7920,0.0675,0.4918,13.8835,-0.1525,78.4177,-0.0021,84.9052,-9999.0000,-9999.0000,-9999.0000,-2.1461,0,0,1.0000
77031,-0.0778,-0.1037,-0.2932,2.5737,3.3615,-0.0329,13.8849,-0.1705,78.4911,-0.0301,84.9800,-9999.0000,-9999.0000,-9999.0000,-5.2185,0,0,1.0000
77032,-0.0892,-0.0885,-0.2365,0.1903,-1.4592,-0.5705,13.8898,-0.2897,78.5720,-0.0200,85.0623,-9999.0000,-9999.0000,-9999.0000,9.2718,0,0,1.0000
77033,-0.0579,-0.1826,-0.1558,0.7241,2.4185,-0.4454,13.8831,-0.2429,78.6590,-0.0759,85.1430,-9999.0000,-9999.0000,-9999.0000,-10.0250,0,0,1.0000
77034,-0.0961,-0.0773,-0.2840,-0.0009,1.4792,1.9472,13.8822,-0.3273,78.7533,-0.1030,85.2352,-9999.0000,-9999.0000,-9999.0000,3.4903,0,0,1.0000
77035,-0.0332,-0.1213,-0.2989,-0.5818,0.5773,-0.3089,13.8839,-0.2739,78.8778,-0.0824,85.3229,-9999.0000,-9999.0000,-9999.0000,-1.5913,0,0,1.0000
77036,-0.0408,-0.0843,-0.2618,-1.6880,2.1928,0.1107,13.8852,-0.1875,79.0168,-0.1546,85.3932,-9999.0000,-9999.0000,-9999.0000,0.2160,0,0,1.0000
77037,-0.0128,-0.0503,-0.1886,1.1375,-0.4098,-0.5823,13.8830,-0.3137,79.1656,-0.1372,85.4704,-9999.0000,-9999.0000,-9999.0000,-8.4818,0,0,1.0000
77038,0.0392,0.1770,-0.1671,0.6881,0.0806,1.1526,13.8842,-0.1718,79.3033,-0.0676,85.5675,-9999.0000,-9999.0000,-9999.0000,-5.2229,0,0,1.0000
77039,0.0546,-0.0825,-0.0978,2.2491,3.8248,-0.7496,13.8834,-0.2382,79.4345,-0.0929,85.6436,-9999.0000,-9999.0000,-9999.0000,-0.6654,0,0,1.0000
77040,0.0396,-0.1584,-0.1823,1.2240,-1.9019,0.6460,13.8888,-0.2879,79.5598,-0.1667,85.7007,-9999.0000,-9999.0000,-9999.0000,-0.7326,0,0,1.0000
77041,-0.0181,-0.1076,-0.2226,0.8492,0.7862,-0.6058,13.8875,-0.2807,79.7062,-0.1234,85.7467,-9999.0000,-9999.0000,-9999.0000,1.6796,0,0,1.0000
77042,-0.0828,-0.0908,-0.3330,1.0734,-1.8159,0.2317,13.8911,-0.2820,79.8707,-0.2424,85.7977,-9999.0000,-9999.0000,-9999.0000,-5.4911,0,0,1.0000
77043,-0.0275,0.0876,-0.1495,1.0236,1.8423,0.2791,13.8835,-0.2424,80.0216,-0.2775,85.8404,-9999.0000,-9999.0000,-9999.0000,-3.6249,0,0,1.0000
77044,0.0031,0.1892,-0.0678,1.0439,1.3423,0.7217,13.8731,-0.1425,80.2032,-0.2287,85.8739,-9999.0000,-9999.0000,-9999.0000,-5.6175,0,0,1.0000
77045,0.0583,0.1846,-0.1613,-0.3631,0.3149,-0.3881,13.8726,-0.1722,80.3593,-0.2669,85.9003,-9999.0000,-9999.0000,-9999.0000,-2.7744,0,0,1.0000
77046,-0.0135,0.0572,-0.1748,-0.0131,3.2536,1.0887,13.8647,-0.2071,80.5300,-0.1841,85.9165,-9999.0000,-9999.0000,-9999.0000,1.4493,0,0,1.0000
77047,-0.1169,0.2275,-0.1197,0.8745,-0.6284,-0.8184,13.8572,-0.2676,80.6607,-0.1332,85.9211,-9999.0000,-9999.0000,-9999.0000,-0.0633,0,0,1.0000
77048,-0.0616,0.0990,-0.1774,-0.7344,0.3856,-0.3801,13.8488,-0.2155,80.8140,-0.1420,85.9189,-9999.0000,-9999.0000,-9999.0000,-8.6608,0,0,1.0000
77049,-0.1222,0.2879,-0.2020,0.9084,0.7315,0.0457,13.8374,-0.1268,80.9386,-0.0631,85.9118,-9999.0000,-9999.0000,-9999.0000,0.0563,0,0,1.0000
77050,0.0493,0.2770,0.1476,1.4748,2.0338,-0.7048,13.8365,-0.1723,81.0777,-0.0835,85.8888,-9999.0000,-9999.0000,-9999.0000,-0.8677,0,0,1.0000
77051,-0.0372,0.2883,0.0380,-1.1967,0.1764,1.2335,13.8425,-0.1263,81.2129,-0.1101,85.8482,-9999.0000,-9999.0000,-9999.0000,-2.4655,0,0,1.0000
77052,-0.0195,0.0786,-0.0647,-1.2740,0.3477,0.6380,13.8481,-0.1960,81.3515,-0.0938,85.7946,-9999.0000,-9999.0000,-9999.0000,-4.2423,0,0,1.0000
77053,0.0109,0.0480,-0.2585,-3.6074,0.8645,0.6081,13.8516,-0.2012,81.4596,-0.0511,85.7298,-9999.0000,-9999.0000,-9999.0000,-3.4944,0,0,1.0000
77054,-0.0611,-0.0835,-0.2430,-1.4258,-2.6511,0.1345,13.8546,-0.2503,81.5669,-0.1662,85.6569,-9999.0000,-9999.0000,-9999.0000,2.4323,0,0,1.0000
77055,-0.0077,-0.0712,-0.1546,1.4619,1.5005,-0.2728,13.8514,-0.1940,81.6642,-0.0586,85.5918,-9999.0000,-9999.0000,-9999.0000,-2.6757,0,0,1.0000
77056,0.0577,-0.1077,-0.2560,-0.4207,-2.8492,-0.4506,13.8483,-0.3853,81.7520,-0.1879,85.5324,-9999.0000,-9999.0000,-9999.0000,1.7893,0,0,1.0000
77057,-0.1218,-0.0855,-0.2903,-0.8002,-0.0377,0.1943,13.8374,-0.2443,81.8444,-0.1068,85.4985,-9999.0000,-9999.0000,-9999.0000,-1.1308,0,0,1.0000
77058,0.0168,-0.0537,-0.3197,2.5049,3.7955,0.7282,13.8352,-0.2845,81.9504,-0.1895,85.4703,-9999.0000,-9999.0000,-9999.0000,-0.1740,0,0,1.0000
77059,-0.0931,0.0668,-0.2828,-1.7442,4.1575,-0.3248,13.8238,-0.3600,82.0601,-0.0787,85.4549,-9999.0000,-9999.0000,-9999.0000,-0.2349,0,0,1.0000
77060,0.0213,-0.0168,1.1238,1.7943,0.1272,0.3985,13.8234,-0.3881,82.1565,-0.1867,85.4463,-9999.0000,-9999.0000,-9999.0000,-4.7468,0,0,1.0000
77061,-0.0538,-0.1414,-0.2658,1.1386,1.9469,-0.8977,13.8212,-0.2708,82.2293,-0.1792,85.4419,-9999.0000,-9999.0000,-9999.0000,0.0813,0,0,1.0000
77062,-0.0380,0.0184,-0.2163,2.4243,-2.2880,0.2239,13.8229,-0.3471,82.2824,-0.0252,85.4438,-9999.0000,-9999.0000,-9999.0000,-1.1786,0,0,1.0000
77063,0.0041,-0.0870,-0.1740,1.5711,0.9594,-0.3299,13.8239,-0.3841,82.3305,-0.1009,85.4489,-9999.0000,-9999.0000,-9999.0000,-6.3872,0,0,1.0000
77064,-0.0088,-0.1139,-0.2716,1.9078,0.8575,-0.6629,13.8259,-0.4174,82.3630,-0.1095,85.4656,-9999.0000,-9999.0000,-9999.0000,-1.9950,0,0,1.0000
77065,-0.0612,-0.0632,-0.2133,0.3482,-3.5098,-0.0114,13.8322,-0.3480,82.3947,-0.0668,85.4973,-9999.0000,-9999.0000,-9999.0000,-9.7040,0,0,1.0000
77066,-0.0283,-0.0664,-0.0565,-1.1039,-0.7759,0.1867,13.8380,-0.3939,82.4128,-0.1439,85.5394,-9999.0000,-9999.0000,-9999.0000,-7.9405,0,0,1.0000
77067,0.0472,0.4279,-0.2774,0.5556,0.6971,-0.0689,13.8365,-0.3965,82.4163,-0.1556,85.5843,-9999.0000,-9999.0000,-9999.0000,0.5464,0,0,1.0000
77068,0.0232,-0.1794,-0.3609,0.5907,0.3564,0.5444,13.8420,-0.3097,82.4155,-0.1541,85.6290,-9999.0000,-9999.0000,-9999.0000,1.5155,0,0,1.0000
