Data/Raw/WAGNER,NICK/firexaq-AOP-optical_DC8_20190815_R1.ict
51, 1001
Wagner, Nicholas L.
NOAA Earth System Research Laboratory
NOAA AOP instrument
FIREX-AQ
1, 1
2019, 08, 15, 2020, 04, 27
1
Time_start, seconds_past_midnight, seconds from midnight
18
1, 1, 1, 1, 1, 1, 1, 1, 1, 1, 1, 1, 1, 1, 1, 1, 1, 1
-9999, -9999, -9999, -9999, -9999, -9999, -9999, -9999, -9999, -9999, -9999, -9999, -9999, -9999, -9999, -9999, -9999, -9999
ext_dry_664, Mm-1, AerOpt_Extinction_InSitu_RHd_red_Total_PM2.5_STP
ext_dry_532, Mm-1, AerOpt_Extinction_InSitu_RHd_green_Total_PM2.5_STP
ext_dry_405, Mm-1, AerOpt_Extinction_InSitu_RHd_blue_Total_PM2.5_STP
abs_dry_664, Mm-1, AerOpt_Absorption_InSitu_RHd_red_Total_PM2.5_STP
abs_dry_532, Mm-1, AerOpt_Absorption_InSitu_RHd_green_Total_PM2.5_STP
abs_dry_405, Mm-1, AerOpt_Absorption_InSitu_RHd_blue_Total_PM2.5_STP
AOP_RH_dry, pct, Relative_humidity_of_dry_RH_channels
ext_medRH_664, Mm-1, AerOpt_Extinction_InSitu_RH80_red_Total_PM2.5_STP
AOP_RH_med, pct, Relative_humidity_of_medium_RH_channel
ext_highRH_664, Mm-1, AerOpt_Extinction_InSitu_RH85_red_Total_PM2.5_STP
AOP_RH_high, pct, Relative_humidity_of_high_RH_channel
ext_TD_664, Mm-1, AerOpt_ExtinctionTD_InSitu_RHd_blue_Total_PM2.5_STP
ext_TD_405, Mm-1, AerOpt_ExtinctionTD_InSitu_RHd_red_Total_PM2.5_STP
abs_TD_664, Mm-1, AerOpt_Absorption_InSitu_RHd_red_Total_PM2.5_STP
abs_TD_405, Mm-1, AerOpt_Absorption_InSitu_RHd_blue_Total_PM2.5_STP
AOP_TD_bypass_flag, pct, Flag_for_TD_Bypass_valve
AOP_filter_flag, pct, Flag_for_Filter_Valve
AOP_Dilution_ratio, pct, Applied_Dilution_Ratio_for_ext_channels
1
N/A
18
PI_CONTACT_INFO: Address: NOAA ESRL Chemical Sciences Division, R/CSD2, 325 Broadway, Boulder, CO 80305. Email: nick.wagner@noaa.gov.
PLATFORM: NASA DC8
LOCATION: See the DC8 MetNav file, Based in Boise (BOI) and Salina, KS
ASSOCIATED_DATA: N/A
[...]
DATA_INFO: Mm-1:
UNCERTAINTY: The precision of the extinction measurements varies with aerosol loading and is +/-20% at 10 Mm-1 and +/-5% at 100 Mm-1. The accuracy of the dry measurement is +/-2% and depends on RH for the humidified measurements, +/-5% at 85% RH and +/-15% at 90% RH. For more details, see Langridge et al., Aerosol Science and Technology 45:1305-1318, 2011. Analysis of comparable measurements suggest incomplete mixing in the dilution system. Effective dilution for individual instruments can vary by +/- 30% compared to the reported flow-based dilution estimate. The absorption measurements have a high signal accuracy of 20%. The low signal precision varies with altitude and flight to flight, and is typically less than 10 Mm-1 for 1 second measurements.
ULOD_FLAG: -7777
ULOD_VALUE: N/A
LLOD_FLAG: -8888
LLOD_VALUE: N/A
DM_CONTACT_INFO: Gao Chen
PROJECT_INFO: FIREX-AQ
STIPULATIONS_ON_USE: NASA Data Policy. Contact with PI is encouraged.
OTHER_COMMENTS: N/A
REVISION: R1
R1: Absorption measurements have been corrected for pressure dependent microphone sensitivity. In-cloud data has been removed. R0: Final Data. 
Time_start, ext_dry_664, ext_dry_532, ext_dry_405, abs_dry_664, abs_dry_532, abs_dry_405, AOP_RH_dry, ext_medRH_664, AOP_RH_med, ext_highRH_664, AOP_RH_high, ext_TD_664, ext_TD_405, abs_TD_664, abs_TD_405, AOP_TD_bypass_flag, AOP_filter_flag, AOP_Dilution_ratio
[from data line 10087]
93107,5.0980,7.7810,14.0739,-9999.0000,-9999.0000,-9999.0000,0.9301,10.4622,78.9674,11.6249,84.0284,-9999.0000,1.8499,-9999.0000,-2.1852,0,0,1.0000
93108,6.1257,7.5505,13.5883,-9999.0000,-9999.0000,-9999.0000,0.9255,8.6692,79.0650,9.7108,84.0467,-9999.0000,1.7414,-9999.0000,-0.0579,0,0,1.0000
93109,8.2577,7.0881,13.9551,-9999.0000,-9999.0000,-9999.0000,0.9199,9.4362,79.1722,12.6313,84.0719,3.3468,1.4356,-9999.0000,-1.6242,0,0,1.0000
93110,7.6406,9.2594,15.2296,-9999.0000,-9999.0000,-9999.0000,0.9164,9.9867,79.2555,10.9309,84.0969,2.0809,1.3809,-9999.0000,0.1576,0,0,1.0000
93111,7.5830,8.9089,16.7661,-5.4558,-9999.0000,-9999.0000,0.9119,10.4061,79.3309,13.9210,84.1191,2.4101,2.3022,-9999.0000,-3.6680,0,0,1.0000
93112,6.7998,8.7966,17.2883,-0.3505,4.2456,3.1754,0.9138,10.9222,79.3928,10.5717,84.1456,2.3999,1.7870,-9999.0000,-1.0310,0,0,1.0000
93113,8.0036,8.4893,15.7653,1.5029,0.6127,3.8184,0.9125,11.0740,79.4625,11.1809,84.1903,2.2905,2.5993,-9999.0000,-1.4939,0,0,1.0000
93114,7.3600,9.6350,19.6262,-2.4503,0.3464,4.0985,0.9172,15.1928,79.5452,11.8234,84.2473,4.0448,4.6675,-9999.0000,-4.1545,0,0,1.0000
93115,18.5998,22.7182,37.9902,5.9050,1.0962,4.4246,0.9231,20.9339,79.6153,16.5238,84.2882,6.0008,6.2999,-9999.0000,-1.6186,0,0,1.0000
93116,21.8100,39.5945,60.0205,-9999.0000,0.7566,3.8157,0.9178,25.1833,79.6460,19.7775,84.3177,12.1222,8.5115,-9999.0000,2.6647,0,0,1.0000
93117,19.8500,32.2739,61.9459,-9999.0000,4.0870,1.7941,0.9207,22.3072,79.6707,30.2991,84.3515,13.1376,8.5474,-9999.0000,-0.6189,0,0,1.0000
93118,29.5197,40.1259,76.6839,-9999.0000,4.3376,3.6651,0.9224,27.7866,79.6952,32.3492,84.3855,6.2827,6.3615,-9999.0000,-5.0483,0,0,1.0000
93119,35.4437,50.7172,85.2264,-9999.0000,1.0957,5.3891,0.9359,24.6856,79.7178,28.4080,84.4183,6.4539,5.8544,-9999.0000,-2.9902,0,0,1.0000
93120,26.3825,45.4967,71.8775,-9999.0000,5.4477,6.6544,0.9383,27.3342,79.7334,22.3334,84.4495,6.5911,7.0039,-9999.0000,-3.5941,0,0,1.0000
93121,19.0993,32.9197,57.3484,-9999.0000,7.6700,5.8257,0.9536,19.5933,79.7452,23.1688,84.4839,5.7382,6.8831,-9999.0000,-2.0269,0,0,1.0000
93122,17.4525,28.5827,49.5412,-9999.0000,0.8449,6.2087,0.9577,17.8703,79.7508,22.4221,84.5066,5.1646,8.1743,-9999.0000,0.2899,0,0,1.0000
93123,16.6905,26.2526,57.9242,-9999.0000,-0.6238,6.1806,0.9549,18.3477,79.7499,26.9190,84.5174,4.7912,8.2522,-9999.0000,-2.2538,0,0,1.0000
93124,27.2408,41.3207,64.4180,-9999.0000,3.5744,3.1889,0.9489,26.7221,79.7534,36.5464,84.5332,4.3430,10.5469,-9999.0000,0.3313,0,0,1.0000
93125,29.1605,49.6141,86.0743,-9999.0000,4.2354,8.6717,0.9492,36.6833,79.7514,43.7970,84.5381,6.8563,13.4904,-9999.0000,7.0907,0,0,1.0000
93126,53.3105,83.4031,140.2510,-9999.0000,4.3398,13.2444,0.9492,47.5163,79.7390,50.5551,84.5403,5.8609,14.1328,-9999.0000,0.7756,0,0,1.0000
93127,58.5851,102.8185,159.0327,-9999.0000,5.0853,13.5002,0.9571,45.5056,79.7196,49.6647,84.5400,9.3771,12.9337,-9999.0000,1.8497,0,0,1.0000
93128,52.9154,86.3268,143.8013,-9999.0000,14.0451,10.9827,0.9528,58.2897,79.6810,56.2942,84.5319,10.4284,19.0623,-9999.0000,3.3887,0,0,1.0000
93129,53.9095,85.7925,160.4519,-9999.0000,10.1498,13.5323,0.9632,63.3046,79.6354,59.0600,84.5193,11.6696,20.8058,-9999.0000,13.0716,0,0,1.0000
93130,77.4685,131.7184,227.4756,-9999.0000,12.0794,22.3069,0.9601,79.9909,79.5814,81.1754,84.5086,14.1498,24.5021,-9999.0000,12.5933,0,0,1.0000
93131,105.3763,183.3144,322.8777,4.9877,8.4451,27.7771,0.9670,111.2153,79.5250,100.6236,84.5025,16.8666,33.4771,-9999.0000,14.3418,0,0,1.0000
93132,145.2020,231.1811,397.9447,10.7777,16.5085,25.1936,0.9617,123.3735,79.4551,121.1969,84.4857,19.8070,36.9713,-9999.0000,14.0558,0,0,1.0000
93133,137.5682,223.6867,391.7998,4.0494,12.1634,26.9798,0.9536,109.7335,79.3898,128.8247,84.4594,25.9877,38.3569,-9999.0000,18.4174,0,0,1.0000
93134,120.5329,185.5686,349.3163,2.2729,16.3129,29.3095,0.9507,118.8552,79.3246,114.6722,84.4236,29.2219,36.5883,-9999.0000,14.6739,0,0,1.0000
93135,119.7235,189.2538,356.2498,8.1976,13.2460,29.2010,0.9463,126.7493,79.2445,123.3403,84.3945,25.7537,40.0327,-9999.0000,23.4929,0,0,1.0000
93136,131.6115,210.1764,379.6405,5.3483,16.6255,29.7368,0.9472,115.2988,79.1649,128.6144,84.3684,24.9223,43.2396,-9999.0000,19.4274,0,0,1.0000
93137,139.7808,218.8241,409.0851,8.3928,16.8113,29.8156,0.9418,124.9525,79.0837,135.5094,84.3405,27.0001,45.9026,-9999.0000,21.6069,0,0,1.0000
93138,136.8324,234.5088,399.7994,6.0753,19.0255,33.0413,0.9413,140.6190,78.9968,138.7738,84.3157,25.6424,49.7731,-9999.0000,20.3255,0,0,1.0000
93139,153.1137,233.6021,425.0695,7.9647,17.2412,33.9254,0.9440,150.1465,78.8894,143.7897,84.2858,25.5583,66.4354,-9999.0000,18.9465,0,0,1.0000
93140,171.5243,237.7550,436.2903,11.7941,18.7277,32.9300,0.9451,139.9123,78.7679,152.9977,84.2570,27.5196,55.0397,-9999.0000,20.0215,0,0,1.0000
93141,136.7110,223.3475,402.6013,5.5661,11.9776,31.5909,0.9518,136.0260,78.6561,141.5953,84.2327,27.1368,45.4492,-9999.0000,17.2670,0,0,1.0000
93142,112.1943,184.0216,359.9158,2.8836,16.9773,33.6928,0.9453,119.0426,78.5494,135.7580,84.2146,26.9194,46.3051,-9999.0000,19.6723,0,0,1.0000
93143,110.5744,173.4336,323.5813,11.9575,14.2957,32.9690,0.9429,148.8977,78.4392,129.9924,84.2027,26.4490,51.4474,-9999.0000,26.3114,0,0,1.0000
93144,116.0230,172.8244,332.6668,10.7755,16.0513,30.4425,0.9486,128.1282,78.3334,135.6863,84.1940,28.2194,56.9988,-9999.0000,22.6841,0,0,1.0000
93145,144.9844,236.3728,423.5937,7.2109,14.2256,33.4311,0.9524,154.8983,78.2204,168.4885,84.1940,29.8961,53.5622,-9999.0000,25.2531,0,0,1.0000
93146,178.5574,296.3402,502.6685,8.8106,18.9097,37.5846,0.9544,159.7009,78.1223,171.8351,84.1925,32.0631,55.9606,-9999.0000,26.8234,0,0,1.0000
93147,169.3105,283.7578,486.5846,8.2311,15.5475,32.7326,0.9535,149.6892,78.0200,179.3657,84.1874,33.0597,51.8114,-9999.0000,23.9714,0,0,1.0000
93148,141.7219,224.8008,400.6118,7.3402,10.6038,30.1488,0.9569,134.9679,77.9364,146.3049,84.1779,31.7323,41.1306,-9999.0000,23.8212,0,0,1.0000
93149,89.2236,136.1882,275.0682,-9999.0000,10.1040,27.6656,0.9541,105.9168,77.8613,105.6383,84.1750,27.3974,33.7165,-9999.0000,10.9382,0,0,1.0000
93150,55.5512,83.3757,179.6163,-9999.0000,12.8510,19.2796,0.9479,70.5011,77.7784,80.3792,84.1762,25.7469,24.4885,-9999.0000,12.8356,0,0,1.0000
93151,35.2444,50.4628,117.2446,-9999.0000,5.2207,15.5902,0.9453,55.2009,77.7109,66.1021,84.1783,16.5495,18.4140,-9999.0000,9.4021,0,0,1.0000
93152,29.8084,37.6938,81.6474,-9999.0000,3.2122,12.9077,0.9502,42.7547,77.6440,55.3112,84.1744,10.9285,15.1250,-9999.0000,9.3390,0,0,1.0000
93153,18.7467,27.7196,59.8354,-9999.0000,1.7952,5.8102,0.9426,34.3668,77.5949,49.2755,84.1709,10.6578,12.6448,-9999.0000,5.3257,0,0,1.0000
93154,16.2438,22.4393,47.8795,-9999.0000,3.0710,6.5523,0.9328,28.3951,77.5473,48.9221,84.1598,8.9605,8.4604,-9999.0000,-9999.0000,0,0,1.0000
93155,12.5771,17.3540,36.2056,-9999.0000,1.7180,7.1517,0.9323,20.1102,77.5093,43.6826,84.1473,5.8970,7.5348,-9999.0000,-9999.0000,0,0,1.0000
93156,12.1724,15.6109,33.5419,-9999.0000,-2.1335,2.1094,0.9340,20.7592,77.4866,40.1394,84.1266,4.6359,5.7785,-9999.0000,10.7466,0,0,1.0000
93157,9.7704,13.8949,28.2560,-9999.0000,2.9311,3.5460,0.9353,17.6322,77.4725,31.9155,84.1081,3.5916,5.1577,-9999.0000,-1.3520,0,0,1.0000
93158,8.5366,13.5939,28.2280,-9999.0000,-0.6156,3.6823,0.9360,22.4114,77.4666,25.6536,84.0787,4.7808,6.5434,-9999.0000,0.7843,0,0,1.0000
93159,8.3753,18.1764,29.4195,-9999.0000,3.8137,2.5565,0.9327,18.0850,77.4559,34.1588,84.0496,5.1949,7.5399,-9999.0000,-4.5695,0,0,1.0000
93160,9.7104,16.1969,32.6291,-9999.0000,4.6781,4.8358,0.9350,17.2160,77.4584,29.0198,84.0173,3.0135,7.5372,-9999.0000,0.8732,0,0,1.0000
93161,12.0729,16.5316,33.8113,-9999.0000,-0.6246,2.8489,0.9332,19.8225,77.4681,30.8872,83.9921,2.4304,7.8961,-9999.0000,1.9300,0,0,1.0000
93162,12.0148,20.6572,39.2809,-9999.0000,2.3224,4.0328,0.9355,19.1603,77.4835,22.1862,83.9700,3.6157,8.4332,-9999.0000,0.9077,0,0,1.0000
93163,19.2704,28.7804,58.4568,-9999.0000,1.7015,6.1481,0.9284,24.7502,77.5106,32.2017,83.9395,5.4308,8.5247,-9999.0000,-1.9636,0,0,1.0000
93164,25.1068,42.6921,72.2961,-9999.0000,1.8355,3.3088,0.9288,29.5579,77.5677,32.5382,83.9189,7.4725,10.6607,-9999.0000,8.5261,0,0,1.0000
93165,25.1094,44.2481,71.6595,-9999.0000,3.0295,7.0239,0.9226,27.2878,77.6510,29.4536,83.9034,6.6541,9.7709,-9999.0000,0.2710,0,0,1.0000
93166,18.7015,38.1548,64.5549,-9999.0000,2.7339,5.4632,0.9222,28.8973,77.7268,30.3846,83.8903,8.2702,6.9062,-9999.0000,1.8892,0,0,1.0000
93167,16.3180,27.6481,49.3264,-9999.0000,1.0824,6.1177,0.9320,30.6187,77.7879,31.3130,83.8781,10.1213,6.6767,-9999.0000,0.6715,0,0,1.0000
93168,13.7455,22.8268,40.0679,-9999.0000,1.1863,6.4984,0.9277,22.7606,77.8422,20.8930,83.8772,9.1749,9.3824,-9999.0000,2.0423,0,0,1.0000
93169,10.6808,21.1893,38.9778,-9999.0000,3.0054,2.3889,0.9334,17.2954,77.9100,15.8240,83.8690,5.7524,9.1505,-9999.0000,0.0727,0,0,1.0000
93170,10.1315,18.0410,31.1474,-9999.0000,2.4400,5.9610,0.9354,17.1858,77.9911,16.1452,83.8668,3.5467,6.4055,-9999.0000,-0.5517,0,0,1.0000
93171,9.7285,12.6681,28.8673,-9999.0000,-0.6405,2.5517,0.9450,13.8973,78.0662,19.2743,83.8682,7.2804,5.9463,-9999.0000,-4.1742,0,0,1.0000
93172,10.5151,13.9329,27.2663,-9999.0000,-0.6977,2.7590,0.9514,19.0621,78.1542,16.6025,83.8670,7.7093,6.6377,-9999.0000,-0.5378,0,0,1.0000
93173,11.8960,16.7679,34.3572,-9999.0000,0.7167,4.2619,0.9485,16.4490,78.2351,22.1920,83.8603,8.1469,5.2519,-9999.0000,0.0595,0,0,1.0000
93174,15.5371,20.9062,37.9114,-9999.0000,3.1520,4.2013,0.9524,24.0093,78.3297,28.1520,83.8625,10.6725,5.9930,-9999.0000,2.2769,0,0,1.0000
93175,14.4713,22.8850,38.9282,-9999.0000,2.6228,7.2695,0.9416,19.4237,78.4114,19.2445,83.8653,11.8591,7.4472,-9999.0000,-0.6233,0,0,1.0000
93176,14.2517,19.4346,36.5067,-9999.0000,2.7857,2.8274,0.9404,15.4411,78.4883,15.2726,83.8827,4.6917,6.2631,-9999.0000,4.0853,0,0,1.0000
93177,11.5609,17.6559,33.5367,-9999.0000,0.5498,5.7365,0.9440,13.1083,78.5668,16.5165,83.9025,3.1495,8.0374,-9999.0000,-1.6204,0,0,1.0000
93178,11.8847,17.2953,34.3143,-9999.0000,2.6062,2.6056,0.9438,19.8113,78.6454,17.7052,83.9227,3.4951,9.0601,-9999.0000,-1.0066,0,0,1.0000
93179,21.5340,29.5593,52.3762,-9999.0000,3.5686,5.5433,0.9455,21.0967,78.7129,23.4844,83.9346,5.6937,9.2402,-9999.0000,-2.0167,0,0,1.0000
93180,22.4588,41.7697,66.3630,-9999.0000,4.6620,6.7985,0.9427,27.4150,78.7568,29.4946,83.9389,8.9685,13.7161,-9999.0000,3.9370,0,0,1.0000
93181,23.1699,42.6965,70.5617,-9999.0000,10.3185,8.1165,0.9497,28.8243,78.8192,29.1384,83.9608,8.4985,17.6678,-9999.0000,2.1570,0,0,1.0000
93182,29.3121,47.9017,83.1631,-9999.0000,1.5432,8.7899,0.9400,39.3473,78.8879,35.0647,83.9757,7.2278,22.1630,-9999.0000,2.5636,0,0,1.0000
93183,43.4333,66.4196,110.2913,-9999.0000,4.4226,9.4548,0.9361,40.9458,78.9430,49.0466,83.9824,8.4178,13.9411,-9999.0000,-0.2512,0,0,1.0000
93184,50.4741,75.6810,135.0635,-9999.0000,6.7020,11.9858,0.9290,43.0356,78.9967,46.2397,83.9922,10.1098,15.9295,-9999.0000,7.6195,0,0,1.0000
93185,42.2843,64.1314,114.5988,-9999.0000,1.0031,8.0426,0.9262,43.3841,79.0306,43.6031,83.9888,11.8556,15.5631,-9999.0000,-1.9201,0,0,1.0000
93186,27.6979,42.4015,86.8136,-9999.0000,1.4664,10.0367,0.9259,38.2029,79.0792,41.2436,83.9823,11.1947,14.1121,-9999.0000,4.9695,0,0,1.0000
93187,22.0026,36.9133,65.4760,-9999.0000,1.7155,7.5952,0.9174,25.8032,79.1234,30.6069,83.9746,12.1949,11.1339,-9999.0000,6.1588,0,0,1.0000
93188,15.0255,26.3916,49.8953,-9999.0000,2.2552,7.1757,0.9088,27.2926,79.1490,30.8868,83.9586,17.4752,8.5492,-9999.0000,8.0007,0,0,1.0000
93189,12.3615,16.1939,34.7438,-9999.0000,0.4925,3.6178,0.9107,18.7093,79.1699,26.2880,83.9287,15.8755,7.6090,-9999.0000,0.0880,0,0,1.0000
93190,12.8706,11.6015,29.6291,-9999.0000,1.7215,4.1230,0.9063,19.5210,79.1763,22.2220,83.9088,6.5642,6.7001,-9999.0000,6.0565,0,0,1.0000
93191,9.0487,10.7444,22.2595,-9999.0000,2.2575,3.1714,0.9110,15.3688,79.1950,18.3406,83.8896,2.8944,4.3494,-9999.0000,-0.4755,0,0,1.0000
93192,5.4743,9.3007,19.1165,-9999.0000,1.6469,3.3492,0.9120,10.6382,79.1894,16.6693,83.8543,3.4264,3.3976,-9999.0000,-3.6319,0,0,1.0000
93193,7.1504,11.2497,18.2057,-9999.0000,2.5765,2.8995,0.9184,9.2839,79.1982,16.7077,83.8214,2.6123,3.2413,-9999.0000,1.5250,0,0,1.0000
93194,9.3404,11.6586,18.2930,-9999.0000,1.4375,3.0852,0.9181,12.0289,79.1967,14.9747,83.7891,1.5048,3.3802,-9999.0000,-5.8801,0,0,1.0000
93195,4.9326,10.0943,17.3576,-9999.0000,1.2018,2.3200,0.9176,11.8078,79.1984,16.4410,83.7706,2.4341,2.9917,-9999.0000,7.2572,0,0,1.0000
93196,5.9243,8.5299,16.2061,-9999.0000,2.8755,3.9360,0.9150,8.7409,79.1973,15.2470,83.7522,4.3709,1.6743,-9999.0000,-2.6934,0,0,1.0000
93197,5.3455,9.3231,17.0929,-9999.0000,1.6616,2.1960,0.9139,15.5599,79.1803,10.7112,83.7395,5.8196,1.5071,-9999.0000,-4.0300,0,0,1.0000
93198,5.1588,9.2706,14.4716,-9999.0000,-0.1267,3.2784,0.9148,9.0205,79.1696,13.3258,83.7323,5.7559,1.0194,-9999.0000,-0.9197,0,0,1.0000
93199,5.9770,8.1319,16.0560,-9999.0000,0.0307,1.9890,0.9060,11.4208,79.1447,13.2104,83.7327,4.4947,1.1879,-9999.0000,-1.0013,0,0,1.0000
93200,5.7091,7.9395,15.2260,-9999.0000,-1.2108,3.5088,0.9084,7.5758,79.1143,11.1322,83.7366,3.7224,2.1589,-9999.0000,1.1355,0,0,1.0000
93201,10.5924,8.1008,15.2300,-9999.0000,2.7811,0.4164,0.8981,10.3705,79.0869,12.3564,83.7376,4.1493,1.7501,-9999.0000,-4.8547,0,0,1.0000
93202,8.9712,7.8662,16.5128,-3.9678,0.7768,3.3120,0.9049,9.8046,79.0546,12.2280,83.7563,4.6986,1.8695,-9999.0000,-1.0001,0,0,1.0000
93203,5.7028,9.8484,15.2162,-2.1800,1.0585,0.8337,0.8919,17.5820,79.0242,9.2287,83.7906,2.6228,1.2051,-9999.0000,-2.7398,0,0,1.0000
93204,6.7555,7.9307,14.7785,0.3956,-0.9155,3.3659,0.8736,10.6373,78.9680,10.9432,83.8174,2.8984,1.5835,-9999.0000,3.8235,0,0,1.0000
93205,7.1367,7.9554,15.4402,-2.6897,-1.2283,2.8557,0.8749,11.3640,78.8959,11.6483,83.8296,2.0626,2.9759,-9999.0000,3.1500,0,0,1.0000
93206,7.2926,10.8830,15.7750,-1.5828,-3.9282,1.9447,0.8748,7.1836,78.8196,11.2143,83.8379,1.8258,2.3173,-9999.0000,-4.1805,0,0,1.0000
93207,5.5109,8.5995,14.7491,-3.0043,-0.2055,3.0170,0.8816,9.3268,78.7422,10.6846,83.8597,1.4659,3.3050,-9999.0000,-2.2454,0,0,1.0000
93208,10.4987,11.9634,16.4163,-3.7317,-1.0899,0.9603,0.8787,13.1381,78.6651,10.4997,83.8789,1.9480,2.3601,-9999.0000,-5.5568,0,0,1.0000
93209,6.6355,9.9699,15.4564,0.9039,-1.6339,3.6998,0.8727,6.7684,78.5989,9.8628,83.8996,2.2891,2.0913,-9999.0000,-4.5924,0,0,1.0000
93210,5.7819,8.8895,14.6593,-2.7639,-0.2880,2.0516,0.8727,8.2403,78.4983,11.7802,83.9116,1.9527,2.4066,-9999.0000,-2.3863,0,0,1.0000
93211,6.2560,8.6717,15.9168,-0.6440,0.2245,2.3965,0.8656,10.9152,78.3796,9.7815,83.9091,1.7284,2.3282,-9999.0000,-1.4645,0,0,1.0000
93212,4.7243,9.5517,16.8600,-1.1890,1.4968,2.8504,0.8737,13.1752,78.2809,15.0643,83.9165,1.7081,1.8176,-9999.0000,-2.0050,0,0,1.0000
93213,6.5090,9.0522,17.7932,-2.5626,3.5310,1.2932,0.8726,12.3296,78.1925,10.0958,83.9147,1.6435,7.2885,-9999.0000,-2.5936,0,0,1.0000
93214,3.9777,9.4118,14.9303,-4.7371,5.1594,3.8222,0.8730,10.7697,78.0990,13.5208,83.9128,1.3696,5.8172,-9999.0000,-5.2457,0,0,1.0000
93215,5.2743,13.6662,15.2660,-2.7182,-0.2017,1.6586,0.8778,10.0429,78.0118,13.5863,83.9138,1.2692,2.3926,-9999.0000,-0.7568,0,0,1.0000
93216,6.0313,9.8470,16.5752,-2.5810,-0.3773,3.1621,0.8791,8.0742,77.9300,10.0908,83.9127,2.7995,7.2436,-9999.0000,-0.0233,0,0,1.0000
93217,6.0516,7.8338,13.8405,-4.6559,-1.3282,5.1194,0.8774,10.2293,77.8453,11.0175,83.8996,4.8239,7.3625,-9999.0000,1.0792,0,0,1.0000
93218,5.2019,8.5250,15.1985,-5.2615,2.1357,1.1058,0.8846,10.7582,77.7566,10.1268,83.8832,4.0535,2.5020,-9999.0000,-0.8604,0,0,1.0000
93219,5.5545,7.2448,14.3751,6.1457,1.7473,3.0491,0.8879,10.5445,77.6855,10.0778,83.8652,2.2408,1.6604,-9999.0000,-0.8278,0,0,1.0000
93220,5.6654,10.0391,15.3480,-0.2500,-1.1998,3.4956,0.8827,9.3215,77.6200,8.5458,83.8441,1.8587,2.8558,-9999.0000,-2.2525,0,0,1.0000
93221,5.7035,9.7726,18.5203,-1.0132,1.6675,2.3018,0.8777,10.0037,77.5686,8.3536,83.8205,1.9846,2.4149,-9999.0000,-3.0857,0,0,1.0000
