Data/Raw/WAGNER,NICK/firexaq-AOP-optical_DC8_20190717_R1_L1.ict
51, 1001
Wagner, Nicholas L.
NOAA Earth System Research Laboratory
NOAA AOP instrument
FIREX-AQ
1, 1
2019, 07, 17, 2020, 04, 27
1
Time_start, seconds_past_midnight, seconds from midnight
18
1, 1, 1, 1, 1, 1, 1, 1, 1, 1, 1, 1, 1, 1, 1, 1, 1, 1
-9999, -9999, -9999, -9999, -9999, -9999, -9999, -9999, -9999, -9999, -9999, -9999, -9999, -9999, -9999, -9999, -9999, -9999
ext_dry_664, Mm-1, AerOpt_Extinction_InSitu_RHd_red_Total_PM2.5_STP
ext_dry_532, Mm-1, AerOpt_Extinction_InSitu_RHd_green_Total_PM2.5_STP
ext_dry_405, Mm-1, AerOpt_Extinction_InSitu_RHd_blue_Total_PM2.5_STP
abs_dry_664, Mm-1, AerOpt_Absorption_InSitu_RHd_red_Total_PM2.5_STP
abs_dry_532, Mm-1, AerOpt_Absorption_InSitu_RHd_green_Total_PM2.5_STP
abs_dry_405, Mm-1, AerOpt_Absorption_InSitu_RHd_blue_Total_PM2.5_STP
AOP_RH_dry, pct, Relative_humidity_of_dry_RH_channels
ext_medRH_664, Mm-1, AerOpt_Extinction_InSitu_RH80_red_Total_PM2.5_STP
AOP_RH_med, pct, Relative_humidity_of_medium_RH_channel
ext_highRH_664, Mm-1, AerOpt_Extinction_InSitu_RH85_red_Total_PM2.5_STP
AOP_RH_high, pct, Relative_humidity_of_high_RH_channel
ext_TD_664, Mm-1, AerOpt_ExtinctionTD_InSitu_RHd_blue_Total_PM2.5_STP
ext_TD_405, Mm-1, AerOpt_ExtinctionTD_InSitu_RHd_red_Total_PM2.5_STP
abs_TD_664, Mm-1, AerOpt_Absorption_InSitu_RHd_red_Total_PM2.5_STP
abs_TD_405, Mm-1, AerOpt_Absorption_InSitu_RHd_blue_Total_PM2.5_STP
AOP_TD_bypass_flag, pct, Flag_for_TD_Bypass_valve
AOP_filter_flag, pct, Flag_for_Filter_Valve
AOP_Dilution_ratio, pct, Applied_Dilution_Ratio_for_ext_channels
1
SPECIAL COMMENTS: In-cloud data has not been removed.
18
PI_CONTACT_INFO: Address: NOAA ESRL Chemical Sciences Division, R/CSD2, 325 Broadway, Boulder, CO 80305. Email: nick.wagner@noaa.gov.
PLATFORM: NASA DC8
LOCATION: See the DC8 MetNav file, Based in Boise (BOI) and Salina, KS
ASSOCIATED_DATA: N/A
[...]
DATA_INFO: Mm-1:
UNCERTAINTY: The precision of the extinction measurements varies with aerosol loading and is +/-20% at 10 Mm-1 and +/-5% at 100 Mm-1. The accuracy of the dry measurement is +/-2% and depends on RH for the humidified measurements, +/-5% at 85% RH and +/-15% at 90% RH. For more details, see Langridge et al., Aerosol Science and Technology 45:1305-1318, 2011. Analysis of comparable measurements suggest incomplete mixing in the dilution system. Effective dilution for individual instruments can vary by +/- 30% compared to the reported flow-based dilution estimate. The absorption measurements have a high signal accuracy of 20%. The low signal precision varies with altitude and flight to flight, and is typically less than 10 Mm-1 for 1 second measurements.
ULOD_FLAG: -7777
ULOD_VALUE: N/A
LLOD_FLAG: -8888
LLOD_VALUE: N/A
DM_CONTACT_INFO: Gao Chen
PROJECT_INFO: FIREX-AQ
STIPULATIONS_ON_USE: NASA Data Policy. Contact with PI is encouraged.
OTHER_COMMENTS: N/A
REVISION: R1
R1: Absorption measurements have been corrected for pressure dependent microphone sensitivity. R0: Final Data. 
Time_start, ext_dry_664, ext_dry_532, ext_dry_405, abs_dry_664, abs_dry_532, abs_dry_405, AOP_RH_dry, ext_medRH_664, AOP_RH_med, ext_highRH_664, AOP_RH_high, ext_TD_664, ext_TD_405, abs_TD_664, abs_TD_405, AOP_TD_bypass_flag, AOP_filter_flag, AOP_Dilution_ratio
[from data line 6363]
61987,7.4820,6.3859,15.2404,-9999.0000,-9999.0000,-9999.0000,18.4093,9.9220,53.8079,9.5264,44.1646,-9999.0000,-9999.0000,-9999.0000,-9999.0000,0,0,1.0000
61988,3.0447,3.3495,6.6864,-9999.0000,-9999.0000,-9999.0000,18.4067,8.5769,53.9522,3.6572,44.1657,-9999.0000,-9999.0000,-9999.0000,-9999.0000,0,0,1.0000
61989,2.3597,3.9676,4.7381,-9999.0000,-9999.0000,-9999.0000,18.4004,5.1150,54.1107,4.0679,44.1563,-9999.0000,-9999.0000,-9999.0000,-9999.0000,0,0,1.0000
61990,0.8824,1.4592,2.8413,-9999.0000,-9999.0000,-9999.0000,18.3927,5.7969,54.2763,1.7243,44.1567,-9999.0000,-9999.0000,-9999.0000,-9999.0000,0,0,1.0000
61991,1.9030,1.4985,2.5213,-9999.0000,-9999.0000,-9999.0000,18.3957,3.8757,54.4600,2.3552,44.1564,-9999.0000,-9999.0000,-9999.0000,-9999.0000,0,0,1.0000
61992,0.6592,0.5350,1.3017,-9999.0000,-9999.0000,-9999.0000,18.3874,7.8146,54.6405,1.3007,44.1539,-9999.0000,-9999.0000,-9999.0000,-9999.0000,0,0,1.0000
61993,0.9097,1.5707,1.1243,-9999.0000,-9999.0000,-9999.0000,18.3910,4.2115,54.8555,0.5454,44.1536,-9999.0000,-9999.0000,-9999.0000,-9999.0000,0,0,1.0000
61994,0.1425,0.5196,0.8589,-9999.0000,-9999.0000,-9999.0000,18.3976,1.0739,55.0709,0.1171,44.1455,-9999.0000,-9999.0000,-9999.0000,-9999.0000,0,0,1.0000
61995,0.3787,0.4964,0.6253,-9999.0000,-9999.0000,-9999.0000,18.4007,0.7831,55.3082,0.3647,44.1473,-9999.0000,-9999.0000,-9999.0000,-9999.0000,0,0,1.0000
61996,0.0802,0.6740,1.2824,-9999.0000,-9999.0000,-9999.0000,18.3963,0.5532,55.5360,0.0188,44.1512,-9999.0000,-9999.0000,-9999.0000,-9999.0000,0,0,1.0000
61997,0.0078,0.3917,0.4458,-9999.0000,-9999.0000,-9999.0000,18.3889,1.0317,55.7726,0.5952,44.1458,-9999.0000,-9999.0000,-9999.0000,-9999.0000,0,0,1.0000
61998,0.0126,0.6074,0.5299,-9999.0000,-9999.0000,-9999.0000,18.3854,0.3437,56.0135,0.3985,44.1523,-9999.0000,-9999.0000,-9999.0000,-9999.0000,0,0,1.0000
61999,-0.1120,0.8178,-0.0160,-9999.0000,-9999.0000,-9999.0000,18.3883,0.1032,56.2426,0.5027,44.1465,-9999.0000,-9999.0000,-9999.0000,-9999.0000,0,0,1.0000
62000,-0.0227,0.3033,-0.0164,-9999.0000,-9999.0000,-9999.0000,18.3886,0.3790,56.4921,0.3356,44.1505,-9999.0000,-9999.0000,-9999.0000,-9999.0000,0,0,1.0000
62001,-0.0058,0.6857,0.6575,-9999.0000,-9999.0000,-9999.0000,18.3911,2.5411,56.7484,0.1665,44.1499,-9999.0000,-9999.0000,-9999.0000,-9999.0000,0,0,1.0000
62002,0.1528,0.2654,0.5776,-9999.0000,-9999.0000,-9999.0000,18.3877,4.3323,57.0141,0.3618,44.1441,-9999.0000,-9999.0000,-9999.0000,-9999.0000,0,0,1.0000
62003,0.0488,0.2940,1.3837,-9999.0000,-9999.0000,-9999.0000,18.3882,0.6124,57.2670,0.3198,44.1499,-9999.0000,-9999.0000,-9999.0000,-9999.0000,0,0,1.0000
62004,0.1389,1.3061,1.5746,-9999.0000,-9999.0000,-9999.0000,18.3856,0.5439,57.5479,0.1868,44.1474,-9999.0000,-9999.0000,-9999.0000,-9999.0000,0,0,1.0000
62005,0.8081,1.5207,1.8201,-9999.0000,-9999.0000,-9999.0000,18.3907,0.3882,57.8132,0.6537,44.1518,-9999.0000,-9999.0000,-9999.0000,-9999.0000,0,0,1.0000
62006,0.8124,1.1431,1.2406,-9999.0000,-9999.0000,-9999.0000,18.3900,0.3595,58.0833,2.1200,44.1548,-9999.0000,-9999.0000,-9999.0000,-9999.0000,0,0,1.0000
62007,1.2361,1.5212,2.9210,-9999.0000,-9999.0000,-9999.0000,18.3863,0.4212,58.3210,1.6603,44.1487,-9999.0000,-9999.0000,-9999.0000,-9999.0000,0,0,1.0000
62008,1.0676,1.1862,1.8204,-9999.0000,-9999.0000,-9999.0000,18.3861,0.7571,58.6064,1.0308,44.1445,-9999.0000,-9999.0000,-9999.0000,-9999.0000,0,0,1.0000
62009,0.4192,0.7267,1.0900,-9999.0000,-9999.0000,-9999.0000,18.3937,1.1252,58.8832,0.6853,44.1433,-9999.0000,0.4216,-9999.0000,-9999.0000,0,0,1.0000
62010,0.2871,0.9869,1.0246,-9999.0000,-9999.0000,-9999.0000,18.3890,0.4923,59.1641,0.7836,44.1422,-9999.0000,0.6753,-9999.0000,-9999.0000,0,0,1.0000
62011,0.8020,0.7035,1.4068,-9999.0000,-9999.0000,-9999.0000,18.3802,0.5548,59.4328,0.5449,44.1409,-9999.0000,0.6758,-9999.0000,-9999.0000,0,0,1.0000
62012,0.7309,1.2185,0.9438,-9999.0000,-9999.0000,-9999.0000,18.3845,0.6119,59.7056,0.5101,44.1394,-9999.0000,0.6371,-9999.0000,-9999.0000,0,0,1.0000
62013,1.8236,1.4789,1.4862,-9999.0000,-9999.0000,-9999.0000,18.3826,1.7980,59.9816,0.4747,44.1412,-9999.0000,0.6160,-9999.0000,-9999.0000,0,0,1.0000
62014,1.2133,1.9213,2.3821,-9999.0000,-9999.0000,-9999.0000,18.4143,1.2792,60.2571,0.5855,44.1450,-9999.0000,0.8821,-9999.0000,-9999.0000,0,0,1.0000
62015,1.0390,2.5019,2.7276,-9999.0000,-9999.0000,-9999.0000,18.4179,0.8336,60.5128,0.7015,44.1490,-9999.0000,0.4029,-9999.0000,-9999.0000,0,0,1.0000
62016,2.1181,3.4697,3.0300,-9999.0000,-9999.0000,-9999.0000,18.4272,0.7501,60.7574,0.9028,44.1605,-9999.0000,0.5504,-9999.0000,-9999.0000,0,0,1.0000
62017,3.0239,2.8379,3.2287,-9999.0000,-9999.0000,-9999.0000,18.4324,0.7795,61.0000,0.8092,44.1793,-9999.0000,0.3380,-9999.0000,-9999.0000,0,0,1.0000
62018,1.2096,2.2381,3.4345,-9999.0000,-9999.0000,-9999.0000,18.4298,4.8031,61.2548,1.8689,44.1959,-9999.0000,1.4374,-9999.0000,-9999.0000,0,0,1.0000
62019,1.0722,1.4190,3.2545,-9999.0000,-9999.0000,-9999.0000,18.4354,1.5940,61.4613,2.1540,44.2141,-9999.0000,2.1422,-9999.0000,-9999.0000,0,0,1.0000
62020,1.3092,1.4094,4.8814,-9999.0000,-9999.0000,-9999.0000,18.4275,1.7198,61.6945,1.5846,44.2276,-9999.0000,1.5341,-9999.0000,-9999.0000,0,0,1.0000
62021,1.3405,2.0286,8.2651,-9999.0000,-9999.0000,-9999.0000,18.4257,0.9886,61.8790,0.5985,44.2348,-9999.0000,1.1874,-9999.0000,-9999.0000,0,0,1.0000
62022,1.0007,2.2056,3.9233,-9999.0000,-9999.0000,-9999.0000,18.4363,1.1178,62.0979,0.9446,44.2537,-9999.0000,0.7361,-9999.0000,-9999.0000,0,0,1.0000
62023,1.7049,3.2089,3.7465,-9999.0000,-9999.0000,-9999.0000,18.4432,3.3931,62.2358,1.3911,44.2632,-9999.0000,0.6550,-9999.0000,-9999.0000,0,0,1.0000
62024,1.5350,3.3643,3.5204,-9999.0000,-9999.0000,-9999.0000,18.4321,1.7889,62.3837,1.1115,44.2735,-9999.0000,1.0009,-9999.0000,-9999.0000,0,0,1.0000
62025,1.7910,2.2237,4.0593,-9999.0000,-9999.0000,-9999.0000,18.4306,1.8808,62.5052,1.2222,44.2845,-9999.0000,1.4205,-9999.0000,-9999.0000,0,0,1.0000
62026,1.7806,2.5467,4.9028,-9999.0000,-9999.0000,-9999.0000,18.4238,1.7085,62.6294,2.6361,44.2909,-9999.0000,0.5742,-9999.0000,-9999.0000,0,0,1.0000
62027,2.0680,2.8039,4.8127,-9999.0000,-9999.0000,-9999.0000,18.4148,2.6605,62.7238,2.2369,44.3012,-9999.0000,1.9327,-9999.0000,-9999.0000,0,0,1.0000
62028,2.2184,3.6880,5.5394,-9999.0000,-9999.0000,-9999.0000,18.4134,3.0517,62.7873,2.9658,44.3006,-9999.0000,1.9197,-9999.0000,-9999.0000,0,0,1.0000
62029,2.6692,2.4888,4.2831,-9999.0000,-9999.0000,-9999.0000,18.4229,7.8233,62.8326,3.8004,44.3078,-9999.0000,0.4219,-9999.0000,-9999.0000,0,0,1.0000
62030,1.8006,3.0381,4.0818,-9999.0000,-9999.0000,-9999.0000,18.4403,8.3632,62.8721,2.2085,44.3108,-9999.0000,0.6469,-9999.0000,-9999.0000,0,0,1.0000
62031,2.8972,3.2647,5.3678,-9999.0000,-9999.0000,-9999.0000,18.4454,2.6416,62.9018,1.1637,44.3078,-9999.0000,0.6532,-9999.0000,-9999.0000,0,0,1.0000
62032,1.2312,1.7512,3.0042,-9999.0000,-9999.0000,-9999.0000,18.4548,1.9335,62.9226,0.6815,44.3111,-9999.0000,1.2668,-9999.0000,-9999.0000,0,0,1.0000
62033,1.0811,1.6854,2.6336,-9999.0000,-9999.0000,-9999.0000,18.4562,1.2172,62.9244,2.5709,44.2995,-9999.0000,0.9252,-9999.0000,-9999.0000,0,0,1.0000
62034,1.8660,1.3088,2.3915,-9999.0000,-9999.0000,-9999.0000,18.4501,0.7969,62.9249,2.5841,44.2922,-9999.0000,0.7045,-9999.0000,-9999.0000,0,0,1.0000
62035,2.0252,1.6206,2.9765,-9999.0000,-9999.0000,-9999.0000,18.4412,1.3217,62.9141,1.3629,44.2841,-9999.0000,1.1951,-9999.0000,-9999.0000,0,0,1.0000
62036,3.1982,2.2538,2.8611,-9999.0000,-9999.0000,-9999.0000,18.4428,1.5625,62.8962,1.9117,44.2769,-9999.0000,1.0247,-9999.0000,-9999.0000,0,0,1.0000
62037,0.8898,4.2139,3.0900,-9999.0000,-9999.0000,-9999.0000,18.4311,1.4377,62.8484,1.3234,44.2702,-9999.0000,0.5837,-9999.0000,-9999.0000,0,0,1.0000
62038,1.2039,1.1463,1.1459,-9999.0000,-9999.0000,-9999.0000,18.4449,1.3598,62.7991,0.9159,44.2615,-9999.0000,1.3224,-9999.0000,-9999.0000,0,0,1.0000
62039,0.9632,1.2886,0.7938,-9999.0000,-9999.0000,-9999.0000,18.4533,0.5472,62.7153,0.7145,44.2478,-9999.0000,1.5091,-9999.0000,-9999.0000,0,0,1.0000
62040,0.8040,1.0512,0.8204,-9999.0000,-9999.0000,-9999.0000,18.4637,0.6214,62.6313,1.4883,44.2404,-9999.0000,1.6359,-9999.0000,-9999.0000,0,0,1.0000
62041,1.2253,0.7822,0.9599,-9999.0000,-9999.0000,-9999.0000,18.4616,0.3602,62.5270,0.7144,44.2368,-9999.0000,1.1889,-9999.0000,-9999.0000,0,0,1.0000
62042,0.8541,1.9433,1.2082,-9999.0000,-9999.0000,-9999.0000,18.4650,0.3154,62.4421,0.1558,44.2311,-9999.0000,0.6925,-9999.0000,-9999.0000,0,0,1.0000
62043,1.3162,1.6929,1.4134,-9999.0000,-9999.0000,-9999.0000,18.4592,0.5659,62.3387,0.4993,44.2176,-9999.0000,1.1065,-9999.0000,-9999.0000,0,0,1.0000
62044,1.4911,1.2362,2.1670,-9999.0000,-9999.0000,-9999.0000,18.4640,1.8062,62.2326,0.4884,44.2103,-9999.0000,0.7899,-9999.0000,-9999.0000,0,0,1.0000
62045,0.8410,1.0768,3.4257,-9999.0000,-9999.0000,-9999.0000,18.4665,1.2239,62.1100,0.4726,44.2047,-9999.0000,0.2221,-9999.0000,-9999.0000,0,0,1.0000
62046,0.6331,1.4125,1.6704,-9999.0000,-9999.0000,-9999.0000,18.4646,1.0653,61.9735,0.6210,44.1945,-9999.0000,0.6567,-9999.0000,-9999.0000,0,0,1.0000
62047,1.2738,1.6231,1.7338,-9999.0000,-9999.0000,-9999.0000,18.4891,0.9077,61.8408,0.5053,44.1886,-9999.0000,0.6743,-9999.0000,-9999.0000,0,0,1.0000
62048,0.7603,1.5347,1.2253,-9999.0000,-9999.0000,-9999.0000,18.4929,0.2406,61.7201,0.6824,44.1836,-9999.0000,1.2029,-9999.0000,-9999.0000,0,0,1.0000
62049,0.9903,0.8482,0.8557,-9999.0000,-9999.0000,-9999.0000,18.4945,1.4923,61.5890,0.4658,44.1661,-9999.0000,1.3690,-9999.0000,-9999.0000,0,0,1.0000
62050,1.0064,0.9468,1.3761,-9999.0000,-9999.0000,-9999.0000,18.4975,0.4566,61.4542,0.3713,44.1575,-9999.0000,1.5430,-9999.0000,-9999.0000,0,0,1.0000
62051,0.5809,0.8446,0.7405,-9999.0000,-9999.0000,-9999.0000,18.4996,1.5679,61.3188,0.9488,44.1437,-9999.0000,3.5302,-9999.0000,-9999.0000,0,0,1.0000
62052,0.6118,0.5313,0.7254,-9999.0000,-9999.0000,-9999.0000,18.4896,0.4733,61.1626,0.8399,44.1346,-9999.0000,1.9555,-9999.0000,-9999.0000,0,0,1.0000
62053,0.5131,0.5441,0.5329,-9999.0000,-9999.0000,-9999.0000,18.4939,0.6053,61.0379,0.6051,44.1281,-9999.0000,4.2735,-9999.0000,-9999.0000,0,0,1.0000
62054,0.9527,1.1393,1.0907,-9999.0000,-9999.0000,-9999.0000,18.4965,0.2191,60.8814,2.1776,44.1282,-9999.0000,1.8229,-9999.0000,-9999.0000,0,0,1.0000
62055,0.8987,1.3214,1.4499,-9999.0000,-9999.0000,-9999.0000,18.4936,0.2173,60.7525,1.0706,44.1284,-9999.0000,0.3919,-9999.0000,-9999.0000,0,0,1.0000
62056,0.4904,1.0496,1.8722,-9999.0000,-9999.0000,-9999.0000,18.4866,2.5114,60.5770,0.8460,44.1277,-9999.0000,0.6639,-9999.0000,-9999.0000,0,0,1.0000
62057,0.2923,1.2799,0.8516,-9999.0000,-9999.0000,-9999.0000,18.4839,2.8586,60.4176,0.4600,44.1212,-9999.0000,1.8685,-9999.0000,-9999.0000,0,0,1.0000
62058,0.4329,1.6163,1.7022,-9999.0000,-9999.0000,-9999.0000,18.4846,0.8451,60.2479,0.2398,44.1244,-9999.0000,0.9151,-9999.0000,-9999.0000,0,0,1.0000
62059,0.4069,0.8103,1.7171,-9999.0000,-9999.0000,-9999.0000,18.4838,0.4398,60.1057,0.2131,44.1204,-9999.0000,0.7198,-9999.0000,-9999.0000,0,0,1.0000
62060,0.7542,0.9026,1.0385,-9999.0000,-9999.0000,-9999.0000,18.4874,2.2701,59.9556,0.1460,44.1106,-9999.0000,0.8974,-9999.0000,-9999.0000,0,0,1.0000
62061,1.2200,1.2066,0.9568,-9999.0000,-9999.0000,-9999.0000,18.4909,0.4230,59.8086,0.3516,44.1110,-9999.0000,0.5318,-9999.0000,-9999.0000,0,0,1.0000
62062,0.7054,0.8468,0.8928,-9999.0000,-9999.0000,-9999.0000,18.4940,0.2752,59.6507,0.1032,44.1017,-9999.0000,0.6998,-9999.0000,-9999.0000,0,0,1.0000
62063,0.4872,0.8297,0.9013,-9999.0000,-9999.0000,-9999.0000,18.4883,0.2160,59.4759,0.4679,44.1040,-9999.0000,1.0083,-9999.0000,-9999.0000,0,0,1.0000
62064,0.6529,0.5715,1.5378,-9999.0000,-9999.0000,-9999.0000,18.4823,0.3277,59.3170,0.4429,44.0965,-9999.0000,3.5745,-9999.0000,-9999.0000,0,0,1.0000
62065,0.5091,0.7557,0.5639,-9999.0000,-9999.0000,-9999.0000,18.4794,0.5753,59.1356,0.8629,44.0969,-9999.0000,1.1548,-9999.0000,-9999.0000,0,0,1.0000
62066,0.3237,0.4751,1.7534,-9999.0000,-9999.0000,-9999.0000,18.4754,0.1738,58.9686,0.4007,44.0879,-9999.0000,0.7749,-9999.0000,-9999.0000,0,0,1.0000
62067,0.5093,0.4713,0.7485,-9999.0000,-9999.0000,-9999.0000,18.4704,0.4773,58.7998,0.6822,44.0762,-9999.0000,0.4057,-9999.0000,-9999.0000,0,0,1.0000
62068,0.5528,0.8254,1.1895,-9999.0000,-9999.0000,-9999.0000,18.4650,0.0997,58.6560,0.4065,44.0714,-9999.0000,1.0367,-9999.0000,-9999.0000,0,0,1.0000
62069,0.5601,0.7363,1.5489,-9999.0000,-9999.0000,-9999.0000,18.4596,0.4524,58.5084,0.7791,44.0629,-9999.0000,0.6770,-9999.0000,-9999.0000,0,0,1.0000
62070,0.7104,0.6597,1.7566,-9999.0000,-9999.0000,-9999.0000,18.4602,3.6620,58.3373,0.9283,44.0554,-9999.0000,0.2124,-9999.0000,-9999.0000,0,0,1.0000
62071,0.8398,0.9746,1.1544,-9999.0000,-9999.0000,-9999.0000,18.4619,0.4666,58.1555,0.4438,44.0591,-9999.0000,0.1504,-9999.0000,-9999.0000,0,0,1.0000
62072,0.7682,0.8863,2.9442,-9999.0000,-9999.0000,-9999.0000,18.4679,5.3352,57.9831,0.3743,44.0500,-9999.0000,0.2064,-9999.0000,-9999.0000,0,0,1.0000
62073,1.3592,0.7896,2.7738,-9999.0000,-9999.0000,-9999.0000,18.4862,0.7183,57.8147,0.2565,44.0351,-9999.0000,0.3632,-9999.0000,-9999.0000,0,0,1.0000
62074,0.6273,0.7767,1.4241,-9999.0000,-9999.0000,-9999.0000,18.4940,0.5534,57.6349,0.5836,44.0283,-9999.0000,0.2889,-9999.0000,-9999.0000,0,0,1.0000
62075,0.9153,0.7068,0.8238,-9999.0000,-9999.0000,-9999.0000,18.4969,1.2959,57.4690,0.7340,44.0131,-9999.0000,0.3463,-9999.0000,-9999.0000,0,0,1.0000
62076,1.0360,0.8623,1.3809,-9999.0000,-9999.0000,-9999.0000,18.4922,0.4925,57.3108,0.4693,44.0043,-9999.0000,0.8111,-9999.0000,-9999.0000,0,0,1.0000
62077,0.3195,0.7802,0.8908,-9999.0000,-9999.0000,-9999.0000,18.4960,1.2487,57.1554,0.2181,43.9917,-9999.0000,0.9490,-9999.0000,-9999.0000,0,0,1.0000
62078,0.4106,0.8609,0.7953,-9999.0000,-9999.0000,-9999.0000,18.5011,0.1713,56.9941,0.0408,43.9841,-9999.0000,0.2330,-9999.0000,-9999.0000,0,0,1.0000
62079,0.9870,0.6663,0.7411,-9999.0000,-9999.0000,-9999.0000,18.5035,0.3670,56.8742,0.5259,43.9844,-9999.0000,0.2786,-9999.0000,-9999.0000,0,0,1.0000
62080,0.7456,1.1585,1.0673,-9999.0000,-9999.0000,-9999.0000,18.4958,0.1769,56.7378,0.3047,43.9784,-9999.0000,0.3741,-9999.0000,-9999.0000,0,0,1.0000
62081,0.6262,0.6456,0.4511,-9999.0000,-9999.0000,-9999.0000,18.4927,0.0910,56.5902,0.8243,43.9850,-9999.0000,0.6961,-9999.0000,-9999.0000,0,0,1.0000
62082,0.4431,0.8498,0.5857,-9999.0000,-9999.0000,-9999.0000,18.4864,1.0038,56.4272,0.3634,43.9911,-9999.0000,0.8162,-9999.0000,-9999.0000,0,0,1.0000
62083,0.5691,1.3668,1.3440,-9999.0000,-9999.0000,-9999.0000,18.4947,0.5868,56.2955,0.2841,43.9961,-9999.0000,0.6385,-9999.0000,-9999.0000,0,0,1.0000
62084,0.4640,0.7518,1.0019,-9999.0000,-9999.0000,-9999.0000,18.5083,0.2627,56.1783,1.0065,44.0048,-9999.0000,0.0186,-9999.0000,-9999.0000,0,0,1.0000
62085,0.4289,1.0777,1.0624,-9999.0000,-9999.0000,-9999.0000,18.5054,0.4582,56.0507,0.7284,44.0195,-9999.0000,0.0918,-9999.0000,-9999.0000,0,0,1.0000
62086,0.3162,1.5144,1.4043,-9999.0000,-9999.0000,-9999.0000,18.4985,0.3983,55.9084,0.0475,44.0169,-9999.0000,0.3823,-9999.0000,-9999.0000,0,0,1.0000
62087,0.2534,0.7880,1.0024,-9999.0000,-9999.0000,-9999.0000,18.4873,0.7398,55.7942,-0.0456,44.0365,-9999.0000,1.0786,-9999.0000,-9999.0000,0,0,1.0000
62088,0.5217,1.0099,1.9421,-9999.0000,-9999.0000,-9999.0000,18.4883,0.4677,55.6573,0.4852,44.0411,-9999.0000,2.5738,-9999.0000,-9999.0000,0,0,1.0000
62089,0.6633,0.5458,0.7665,-9999.0000,-9999.0000,-9999.0000,18.4802,0.8241,55.5231,0.1578,44.0641,-9999.0000,0.3956,-9999.0000,-9999.0000,0,0,1.0000
62090,0.6215,1.5813,1.1431,-9999.0000,-9999.0000,-9999.0000,18.4834,0.6434,55.3808,0.2277,44.0771,-9999.0000,0.0945,-9999.0000,-9999.0000,0,0,1.0000
62091,0.6418,0.7957,0.9486,-9999.0000,-9999.0000,-9999.0000,18.4844,0.7507,55.2627,0.5989,44.0909,-9999.0000,0.0108,-9999.0000,-9999.0000,0,0,1.0000
62092,0.9369,0.6897,1.8660,-9999.0000,-9999.0000,-9999.0000,18.4852,0.5029,55.1472,0.6674,44.1014,-9999.0000,-0.0051,-9999.0000,-9999.0000,0,0,1.0000
