Data/Raw/WAGNER,NICK/firexaq-AOP-optical_DC8_20190815_R1.ict
51, 1001
Wagner, Nicholas L.
NOAA Earth System Research Laboratory
NOAA AOP instrument
FIREX-AQ
1, 1
2019, 08, 15, 2020, 04, 27
1
Time_start, seconds_past_midnight, seconds from midnight
18
1, 1, 1, 1, 1, 1, 1, 1, 1, 1, 1, 1, 1, 1, 1, 1, 1, 1
-9999, -9999, -9999, -9999, -9999, -9999, -9999, -9999, -9999, -9999, -9999, -9999, -9999, -9999, -9999, -9999, -9999, -9999
ext_dry_664, Mm-1, AerOpt_Extinction_InSitu_RHd_red_Total_PM2.5_STP
ext_dry_532, Mm-1, AerOpt_Extinction_InSitu_RHd_green_Total_PM2.5_STP
ext_dry_405, Mm-1, AerOpt_Extinction_InSitu_RHd_blue_Total_PM2.5_STP
abs_dry_664, Mm-1, AerOpt_Absorption_InSitu_RHd_red_Total_PM2.5_STP
abs_dry_532, Mm-1, AerOpt_Absorption_InSitu_RHd_green_Total_PM2.5_STP
abs_dry_405, Mm-1, AerOpt_Absorption_InSitu_RHd_blue_Total_PM2.5_STP
AOP_RH_dry, pct, Relative_humidity_of_dry_RH_channels
ext_medRH_664, Mm-1, AerOpt_Extinction_InSitu_RH80_red_Total_PM2.5_STP
AOP_RH_med, pct, Relative_humidity_of_medium_RH_channel
ext_highRH_664, Mm-1, AerOpt_Extinction_InSitu_RH85_red_Total_PM2.5_STP
AOP_RH_high, pct, Relative_humidity_of_high_RH_channel
ext_TD_664, Mm-1, AerOpt_ExtinctionTD_InSitu_RHd_blue_Total_PM2.5_STP
ext_TD_405, Mm-1, AerOpt_ExtinctionTD_InSitu_RHd_red_Total_PM2.5_STP
abs_TD_664, Mm-1, AerOpt_Absorption_InSitu_RHd_red_Total_PM2.5_STP
abs_TD_405, Mm-1, AerOpt_Absorption_InSitu_RHd_blue_Total_PM2.5_STP
AOP_TD_bypass_flag, pct, Flag_for_TD_Bypass_valve
AOP_filter_flag, pct, Flag_for_Filter_Valve
AOP_Dilution_ratio, pct, Applied_Dilution_Ratio_for_ext_channels
1
N/A
18
PI_CONTACT_INFO: Address: NOAA ESRL Chemical Sciences Division, R/CSD2, 325 Broadway, Boulder, CO 80305. Email: nick.wagner@noaa.gov.
PLATFORM: NASA DC8
LOCATION: See the DC8 MetNav file, Based in Boise (BOI) and Salina, KS
ASSOCIATED_DATA: N/A
[...]
DATA_INFO: Mm-1:
UNCERTAINTY: The precision of the extinction measurements varies with aerosol loading and is +/-20% at 10 Mm-1 and +/-5% at 100 Mm-1. The accuracy of the dry measurement is +/-2% and depends on RH for the humidified measurements, +/-5% at 85% RH and +/-15% at 90% RH. For more details, see Langridge et al., Aerosol Science and Technology 45:1305-1318, 2011. Analysis of comparable measurements suggest incomplete mixing in the dilution system. Effective dilution for individual instruments can vary by +/- 30% compared to the reported flow-based dilution estimate. The absorption measurements have a high signal accuracy of 20%. The low signal precision varies with altitude and flight to flight, and is typically less than 10 Mm-1 for 1 second measurements.
ULOD_FLAG: -7777
ULOD_VALUE: N/A
LLOD_FLAG: -8888
LLOD_VALUE: N/A
DM_CONTACT_INFO: Gao Chen
PROJECT_INFO: FIREX-AQ
STIPULATIONS_ON_USE: NASA Data Policy. Contact with PI is encouraged.
OTHER_COMMENTS: N/A
REVISION: R1
R1: Absorption measurements have been corrected for pressure dependent microphone sensitivity. In-cloud data has been removed. R0: Final Data. 
Time_start, ext_dry_664, ext_dry_532, ext_dry_405, abs_dry_664, abs_dry_532, abs_dry_405, AOP_RH_dry, ext_medRH_664, AOP_RH_med, ext_highRH_664, AOP_RH_high, ext_TD_664, ext_TD_405, abs_TD_664, abs_TD_405, AOP_TD_bypass_flag, AOP_filter_flag, AOP_Dilution_ratio
[from data line 20069]
103089,0.2310,0.7427,1.4059,-9999.0000,-9999.0000,0.1768,8.5532,0.8878,82.7751,1.7666,86.6725,0.3770,-0.1752,-9999.0000,-9999.0000,0,0,1.0000
103090,0.1641,2.1421,1.3581,-9999.0000,-9999.0000,-0.2880,8.5521,1.0540,82.7194,2.0664,86.6564,0.2274,-0.2598,-9999.0000,-9999.0000,0,0,1.0000
103091,0.2700,1.1079,0.8895,-9999.0000,-9999.0000,-0.1480,8.5512,0.8524,82.6678,1.7283,86.6477,0.4280,-0.4301,-9999.0000,-9999.0000,0,0,1.0000
103092,0.0772,0.4044,1.9977,-9999.0000,-9999.0000,-0.0768,8.5548,1.6249,82.6133,1.7352,86.6328,1.0670,-0.6703,-9999.0000,-9999.0000,0,0,1.0000
103093,0.6422,0.9014,1.0929,-9999.0000,-9999.0000,0.1522,8.5523,1.6443,82.5571,1.2895,86.6103,0.6835,-0.6986,-9999.0000,-9999.0000,0,0,1.0000
103094,0.4492,0.6713,1.0397,-9999.0000,-9999.0000,0.2912,8.5563,2.4472,82.5072,1.9570,86.5977,0.1414,-0.2300,-9999.0000,-9999.0000,0,0,1.0000
103095,0.3129,2.5392,2.3401,-9999.0000,-9999.0000,0.3374,8.5551,1.4705,82.4642,1.5693,86.5868,0.8036,0.0611,-9999.0000,-9999.0000,0,0,1.0000
103096,0.6514,1.1306,2.6662,-9999.0000,-9999.0000,-0.1278,8.5536,4.1833,82.4198,1.8226,86.5799,0.5586,-0.0255,-9999.0000,-9999.0000,0,0,1.0000
103097,0.3472,1.8125,0.6620,-9999.0000,-9999.0000,-0.0323,8.5599,2.3326,82.3748,2.1152,86.5700,0.6876,-0.2399,-9999.0000,-9999.0000,0,0,1.0000
103098,0.0957,1.0849,2.0030,-9999.0000,-9999.0000,0.2707,8.5689,2.3698,82.3283,2.7323,86.5543,1.2692,-0.6029,-9999.0000,-9999.0000,0,0,1.0000
103099,0.2782,3.5414,1.9604,-9999.0000,-9999.0000,0.6398,8.5737,2.1680,82.2862,1.4220,86.5460,0.2603,-0.6094,-9999.0000,-9999.0000,0,0,1.0000
103100,0.5206,1.4945,1.1804,-9999.0000,-9999.0000,0.9431,8.5888,0.7921,82.2391,2.3351,86.5284,-0.9315,-0.5537,-9999.0000,-9999.0000,0,0,1.0000
103101,0.7670,1.7827,1.6464,-9999.0000,-9999.0000,0.2507,8.6019,1.2603,82.1971,1.2988,86.5279,-1.0179,-0.5114,-9999.0000,-9999.0000,0,0,1.0000
103102,0.2680,0.7290,0.9073,-9999.0000,-9999.0000,0.5935,8.6029,1.8487,82.1463,0.4200,86.5171,-0.1408,-0.0071,-9999.0000,-9999.0000,0,0,1.0000
103103,0.1716,0.5280,0.8497,-9999.0000,-9999.0000,0.6753,8.6001,2.6950,82.0913,1.4491,86.5015,0.7097,-0.4194,-9999.0000,-9999.0000,0,0,1.0000
103104,0.2949,0.7198,0.8493,-9999.0000,-9999.0000,0.6522,8.6017,0.0094,82.0390,0.7409,86.4896,1.4631,0.1970,-9999.0000,-9999.0000,0,0,1.0000
103105,2.0394,0.7549,1.3270,-9999.0000,-9999.0000,-0.2469,8.6008,0.1961,81.9844,10.9693,86.4682,0.8126,-0.7325,-9999.0000,-9999.0000,0,0,1.0000
103106,6.1965,0.5658,0.8007,-9999.0000,-9999.0000,0.0688,8.6050,0.5347,81.9330,1.9399,86.4477,0.6588,-0.2109,-9999.0000,-9999.0000,0,0,1.0000
103107,-0.3079,0.9016,1.4377,-9999.0000,-9999.0000,0.3527,8.6243,0.5392,81.8812,0.1533,86.4350,0.1925,-0.5960,-9999.0000,-9999.0000,0,0,1.0000
103108,0.0111,0.9778,0.9245,-9999.0000,-9999.0000,0.5055,8.6218,5.6912,81.8337,1.4140,86.4042,-0.0040,-0.3859,-9999.0000,-9999.0000,0,0,1.0000
103109,0.1512,3.1113,1.1495,-9999.0000,-9999.0000,0.3994,8.6173,2.1666,81.7827,1.2755,86.3651,0.0461,-0.3140,-9999.0000,-9999.0000,0,0,1.0000
103110,0.5318,7.3874,1.1515,-9999.0000,-9999.0000,0.3292,8.6159,0.5429,81.7427,2.6128,86.3340,0.5626,-0.3165,-9999.0000,-9999.0000,0,0,1.0000
103111,1.0111,1.0596,1.1530,-9999.0000,-9999.0000,0.4818,8.6218,1.1787,81.6925,2.1676,86.3087,0.2418,-0.3226,-9999.0000,-9999.0000,0,0,1.0000
103112,0.7315,1.7613,1.3368,-9999.0000,-9999.0000,-0.3422,8.6355,0.8209,81.6499,2.2744,86.2905,0.5997,-0.5688,-9999.0000,-9999.0000,0,0,1.0000
103113,0.3435,0.8554,0.1868,-9999.0000,-9999.0000,0.1765,8.6434,0.5468,81.6044,1.1793,86.2682,0.5743,-0.7281,-9999.0000,-9999.0000,0,0,1.0000
103114,0.0362,0.7069,1.1308,-9999.0000,-9999.0000,-0.1672,8.6513,1.2226,81.5622,2.0009,86.2507,0.8814,-0.4544,-9999.0000,-9999.0000,0,0,1.0000
103115,0.1084,1.3727,1.7270,-9999.0000,-9999.0000,0.9527,8.6583,1.7368,81.5236,2.2315,86.2358,-0.1040,-0.3134,-9999.0000,-9999.0000,0,0,1.0000
103116,0.0977,0.6683,0.6175,-9999.0000,-9999.0000,-0.4395,8.6527,0.7027,81.4962,1.1262,86.2253,0.5413,-0.2761,-9999.0000,-9999.0000,0,0,1.0000
103117,-0.0702,0.9957,0.9196,-9999.0000,-9999.0000,0.6054,8.6519,1.0942,81.4747,0.3765,86.2143,-0.5969,-0.7482,-9999.0000,-9999.0000,0,0,1.0000
103118,0.2823,0.9514,1.2772,-9999.0000,-9999.0000,1.7375,8.6521,2.2468,81.4517,0.0149,86.2045,-0.0678,-0.3181,-9999.0000,-9999.0000,0,0,1.0000
103119,4.2454,0.4129,1.4727,-9999.0000,-9999.0000,-0.8783,8.6511,1.6975,81.4347,0.2886,86.1956,0.0290,-0.7437,-9999.0000,-9999.0000,0,0,1.0000
103120,0.3855,1.0360,0.9113,-9999.0000,-9999.0000,-0.6103,8.6537,0.9415,81.4301,0.9295,86.1850,0.2658,-0.3161,-9999.0000,-9999.0000,0,0,1.0000
103121,0.3122,0.5329,1.1724,-9999.0000,-9999.0000,1.0806,8.6494,0.6188,81.4164,3.2297,86.1745,0.3702,-0.2659,-9999.0000,-9999.0000,0,0,1.0000
103122,0.1319,0.5095,1.3380,-9999.0000,-9999.0000,-0.3470,8.6473,0.9178,81.4175,1.3969,86.1726,0.3856,-0.4382,-9999.0000,-9999.0000,0,0,1.0000
103123,0.1099,0.4261,0.3951,-9999.0000,-9999.0000,0.1715,8.6523,0.2802,81.4182,0.6220,86.1695,0.4050,-0.5747,-9999.0000,-9999.0000,0,0,1.0000
103124,0.3628,0.5220,0.5917,-9999.0000,-9999.0000,0.7911,8.6534,0.8284,81.4238,1.2954,86.1766,0.5049,-0.9495,-9999.0000,-9999.0000,0,0,1.0000
103125,0.7740,0.6159,0.5305,-9999.0000,-9999.0000,0.0200,8.6582,0.9243,81.4285,1.9832,86.1789,0.1166,-1.1544,-9999.0000,-9999.0000,0,0,1.0000
103126,0.2160,1.0511,1.1363,-9999.0000,-9999.0000,0.6642,8.6645,1.1347,81.4365,2.6261,86.1911,0.2284,-0.8493,-9999.0000,-9999.0000,0,0,1.0000
103127,0.7295,1.2070,0.7994,-9999.0000,-9999.0000,-0.0017,8.6714,0.6335,81.4661,2.4264,86.2031,0.3623,-0.6725,-9999.0000,-9999.0000,0,0,1.0000
103128,0.7792,0.2502,0.8012,-9999.0000,-9999.0000,-0.8603,8.6728,0.4920,81.5045,1.8679,86.2136,0.8777,-0.6366,-9999.0000,-9999.0000,0,0,1.0000
103129,1.1004,1.6882,0.6922,-9999.0000,-9999.0000,-0.5254,8.6801,1.9199,81.5438,2.0392,86.2311,1.4446,-0.5814,-9999.0000,-9999.0000,0,0,1.0000
103130,0.5457,0.4282,0.3130,-9999.0000,-9999.0000,0.6466,8.6827,1.1406,81.5780,0.1672,86.2530,1.0987,-0.5612,-9999.0000,-9999.0000,0,0,1.0000
103131,1.0640,0.7046,1.5430,-9999.0000,-9999.0000,0.2407,8.6848,0.9484,81.6122,0.3247,86.2766,1.2998,-0.8122,-9999.0000,-9999.0000,0,0,1.0000
103132,0.4119,0.5262,0.2311,-9999.0000,-9999.0000,0.4896,8.6773,1.1046,81.6540,0.6316,86.2879,1.0478,-0.6969,-9999.0000,-9999.0000,0,0,1.0000
103133,1.1767,1.5425,1.1185,-9999.0000,-9999.0000,-0.5949,8.6732,1.6702,81.6921,1.4150,86.3073,0.8361,-0.3930,-9999.0000,-9999.0000,0,0,1.0000
103134,0.6336,1.1594,-0.0077,-9999.0000,-9999.0000,0.8827,8.6760,2.0979,81.7464,0.9260,86.3229,0.9169,-0.6498,-9999.0000,-9999.0000,0,0,1.0000
103135,0.3701,0.5566,0.7772,-9999.0000,-9999.0000,-0.1424,8.6766,1.5239,81.7934,0.0456,86.3380,0.3902,-0.4572,-9999.0000,-9999.0000,0,0,1.0000
103136,0.0551,0.8629,0.0625,-9999.0000,-9999.0000,0.2612,8.6794,2.2070,81.8402,0.9555,86.3428,0.6482,-0.3551,-9999.0000,-9999.0000,0,0,1.0000
103137,0.5734,0.7897,0.9448,-9999.0000,-9999.0000,0.0740,8.6734,0.7537,81.8801,9.4102,86.3504,0.2461,-0.6760,-9999.0000,-9999.0000,0,0,1.0000
103138,0.4802,0.4131,1.6259,-9999.0000,-9999.0000,0.2234,8.6928,0.4351,81.9279,10.4643,86.3506,0.4209,-0.7031,-9999.0000,-9999.0000,0,0,1.0000
103139,0.4388,4.2574,1.7803,-9999.0000,-9999.0000,-0.4493,8.6862,0.3689,81.9824,7.3589,86.3543,-0.7435,-0.6077,-9999.0000,-9999.0000,0,0,1.0000
103140,0.0700,1.2286,0.3208,-9999.0000,-9999.0000,0.0112,8.6889,0.8896,82.0403,5.9872,86.3546,-0.8708,-0.5335,-9999.0000,-9999.0000,0,0,1.0000
103141,-0.0130,0.2694,-0.1577,-9999.0000,-9999.0000,0.6095,8.6893,0.4960,82.0877,2.4098,86.3531,-0.1534,-0.8605,-9999.0000,-9999.0000,0,0,1.0000
103142,0.5243,0.4937,1.4187,-9999.0000,-9999.0000,-0.2147,8.6859,0.1896,82.1277,0.6329,86.3576,0.8734,-0.8720,-9999.0000,-9999.0000,0,0,1.0000
103143,-0.0243,0.5531,0.8036,-9999.0000,-9999.0000,0.4726,8.6848,2.1636,82.1648,0.5701,86.3576,0.5018,-0.8818,-9999.0000,-9999.0000,0,0,1.0000
103144,0.3649,0.4430,0.2899,-9999.0000,-9999.0000,0.1768,8.6796,0.4654,82.1835,2.6642,86.3414,0.0563,-0.5259,-9999.0000,-9999.0000,0,0,1.0000
103145,0.1713,0.8454,0.0364,-9999.0000,-9999.0000,0.9267,8.6882,2.1718,82.2175,0.8561,86.3367,0.2313,-0.4606,-9999.0000,-9999.0000,0,0,1.0000
103146,-0.1327,0.3523,0.5144,-9999.0000,-9999.0000,1.5069,8.6850,5.3375,82.2528,1.5699,86.3409,0.4262,-0.3347,-9999.0000,-9999.0000,0,0,1.0000
103147,-0.1014,0.3286,0.0447,-9999.0000,-9999.0000,1.2732,8.6846,2.8185,82.2930,2.5394,86.3344,0.8389,-0.6805,-9999.0000,-9999.0000,0,0,1.0000
103148,-0.1150,0.6623,1.6811,-9999.0000,-9999.0000,0.4133,8.6905,0.8376,82.3229,1.5456,86.3293,0.2417,-0.3750,-9999.0000,-9999.0000,0,0,1.0000
103149,-0.1626,0.7969,0.2189,-9999.0000,-9999.0000,0.4400,8.6860,0.5129,82.3431,0.3202,86.3192,-0.4405,-0.6631,-9999.0000,-9999.0000,0,0,1.0000
103150,1.0346,0.6287,0.6902,-9999.0000,-9999.0000,-0.2412,8.6909,0.4074,82.3592,0.2043,86.3057,-0.4356,-0.3429,-9999.0000,-9999.0000,0,0,1.0000
103151,0.2438,1.7916,0.3365,-9999.0000,-9999.0000,0.3257,8.6941,1.7036,82.3822,0.2110,86.2965,-0.5776,-0.4015,-9999.0000,-9999.0000,0,0,1.0000
103152,2.0015,3.7680,0.4174,-9999.0000,-9999.0000,1.9349,8.7064,3.3827,82.3959,0.1589,86.2981,-0.1705,-0.4604,-9999.0000,-9999.0000,0,0,1.0000
103153,0.6360,1.3360,0.7278,-9999.0000,-9999.0000,-0.4825,8.7156,1.4632,82.4059,5.8567,86.2961,-0.2154,-0.4800,-9999.0000,-9999.0000,0,0,1.0000
103154,0.3811,0.7031,0.6162,-9999.0000,-9999.0000,-0.1112,8.7144,4.0485,82.4182,6.3515,86.2995,0.1823,-1.0525,-9999.0000,-9999.0000,0,0,1.0000
103155,-0.0823,0.8267,1.7653,-9999.0000,-9999.0000,-0.1138,8.7148,1.0933,82.4353,0.5541,86.2978,0.0841,-1.2924,-9999.0000,-9999.0000,0,0,1.0000
103156,0.3417,0.6958,0.4927,-9999.0000,-9999.0000,0.2792,8.7049,0.8750,82.4489,1.0724,86.3027,0.5439,-1.1288,-9999.0000,-9999.0000,0,0,1.0000
103157,0.1084,0.2592,1.5515,-9999.0000,-9999.0000,0.1959,8.7053,0.3734,82.4553,1.0370,86.3157,0.7661,-1.5227,-9999.0000,-9999.0000,0,0,1.0000
103158,0.1119,0.5070,-9999.0000,-9999.0000,-9999.0000,0.8376,8.6971,0.3072,82.4606,3.2529,86.3265,0.5478,-1.2454,-9999.0000,-9999.0000,0,0,1.0000
103159,0.4994,0.5455,-9999.0000,-9999.0000,-9999.0000,-0.5051,8.6977,0.7547,82.4666,0.4608,86.3412,0.2350,-9999.0000,-9999.0000,-9999.0000,0,0,1.0000
103160,0.5079,-9999.0000,-9999.0000,-9999.0000,-9999.0000,0.4527,8.7003,0.8897,82.4640,1.1049,86.3484,0.3103,-9999.0000,-9999.0000,-9999.0000,0,0,1.0000
103161,-9999.0000,-9999.0000,-9999.0000,-9999.0000,-9999.0000,0.7928,8.6991,1.0149,82.4654,0.2970,86.3666,-9999.0000,-9999.0000,-9999.0000,-9999.0000,0,0,1.0000
103162,-9999.0000,-9999.0000,-9999.0000,-9999.0000,-9999.0000,0.8058,8.6982,-9999.0000,82.4659,0.1844,86.3931,-9999.0000,-9999.0000,-9999.0000,-9999.0000,0,0,1.0000
103163,-9999.0000,-9999.0000,-9999.0000,-9999.0000,-9999.0000,-9999.0000,8.7003,-9999.0000,82.4669,-9999.0000,86.4109,-9999.0000,-9999.0000,-9999.0000,-9999.0000,0,0,1.0000
103164,-9999.0000,-9999.0000,-9999.0000,-9999.0000,-9999.0000,-9999.0000,8.7072,-9999.0000,82.4662,-9999.0000,86.4207,-9999.0000,-9999.0000,-9999.0000,-9999.0000,0,0,1.0000
103165,-9999.0000,-9999.0000,-9999.0000,-9999.0000,-9999.0000,-9999.0000,8.7098,-9999.0000,82.4585,-9999.0000,86.4261,-9999.0000,-9999.0000,-9999.0000,-9999.0000,0,1,1.0000
103166,-9999.0000,-9999.0000,-9999.0000,-9999.0000,-9999.0000,-9999.0000,8.7120,-9999.0000,82.4293,-9999.0000,86.4322,-9999.0000,-9999.0000,-9999.0000,-9999.0000,0,1,1.0000
103167,-9999.0000,-9999.0000,-9999.0000,-9999.0000,-9999.0000,-9999.0000,8.7064,-9999.0000,82.3829,-9999.0000,86.4317,-9999.0000,-9999.0000,-9999.0000,-9999.0000,0,1,1.0000
103168,-9999.0000,-9999.0000,-9999.0000,-9999.0000,-9999.0000,-9999.0000,8.7054,-9999.0000,82.3381,-9999.0000,86.4264,-9999.0000,-9999.0000,-9999.0000,-9999.0000,0,1,1.0000
103169,-9999.0000,-9999.0000,-9999.0000,-9999.0000,-9999.0000,-9999.0000,8.6971,-9999.0000,82.2908,-9999.0000,86.4237,-9999.0000,-9999.0000,-9999.0000,-9999.0000,0,1,1.0000
103170,-9999.0000,-9999.0000,-9999.0000,-9999.0000,-9999.0000,-9999.0000,8.6943,-9999.0000,82.2542,-9999.0000,86.4141,-9999.0000,-9999.0000,-9999.0000,-9999.0000,0,1,1.0000
103171,-9999.0000,-9999.0000,-9999.0000,-9999.0000,-9999.0000,-9999.0000,8.6915,-9999.0000,82.2192,-9999.0000,86.4146,-9999.0000,-9999.0000,-9999.0000,-9999.0000,0,1,1.0000
103172,-9999.0000,-9999.0000,-9999.0000,-9999.0000,-9999.0000,-9999.0000,8.7006,-9999.0000,82.1690,-9999.0000,86.4104,-9999.0000,-9999.0000,-9999.0000,-9999.0000,0,1,1.0000
103173,-9999.0000,-9999.0000,-9999.0000,-9999.0000,-9999.0000,-9999.0000,8.7169,-9999.0000,82.1214,-9999.0000,86.4001,-9999.0000,-9999.0000,-9999.0000,-9999.0000,0,1,1.0000
103174,-9999.0000,-9999.0000,-9999.0000,-9999.0000,-9999.0000,-9999.0000,8.7179,-9999.0000,82.0764,-9999.0000,86.3839,-9999.0000,-9999.0000,-9999.0000,-9999.0000,0,1,1.0000
103175,-9999.0000,-9999.0000,-9999.0000,-9999.0000,-9999.0000,-9999.0000,8.7152,-9999.0000,82.0298,-9999.0000,86.3687,-9999.0000,-9999.0000,-9999.0000,-9999.0000,0,1,1.0000
103176,-9999.0000,-9999.0000,-9999.0000,-9999.0000,-9999.0000,-9999.0000,8.7215,-9999.0000,81.9799,-9999.0000,86.3589,-9999.0000,-9999.0000,-9999.0000,-9999.0000,0,1,1.0000
103177,-9999.0000,-9999.0000,-9999.0000,-9999.0000,-9999.0000,-9999.0000,8.7216,-9999.0000,81.9319,-9999.0000,86.3489,-9999.0000,-9999.0000,-9999.0000,-9999.0000,0,1,1.0000
103178,-9999.0000,-9999.0000,-9999.0000,-9999.0000,-9999.0000,-9999.0000,8.7274,-9999.0000,81.8886,-9999.0000,86.3376,-9999.0000,-9999.0000,-9999.0000,-9999.0000,0,1,1.0000
103179,-9999.0000,-9999.0000,-9999.0000,-9999.0000,-9999.0000,-9999.0000,8.7261,-9999.0000,81.8503,-9999.0000,86.3282,-9999.0000,-9999.0000,-9999.0000,-9999.0000,0,1,1.0000
103180,-9999.0000,-9999.0000,-9999.0000,-9999.0000,-9999.0000,-9999.0000,8.7314,-9999.0000,81.8149,-9999.0000,86.3193,-9999.0000,-9999.0000,-9999.0000,-9999.0000,0,1,1.0000
103181,-9999.0000,-9999.0000,-9999.0000,-9999.0000,-9999.0000,-9999.0000,8.7263,-9999.0000,81.7745,-9999.0000,86.3171,-9999.0000,-9999.0000,-9999.0000,-9999.0000,0,1,1.0000
103182,-9999.0000,-9999.0000,-9999.0000,-9999.0000,-9999.0000,-9999.0000,8.7198,-9999.0000,81.7464,-9999.0000,86.3182,-9999.0000,-9999.0000,-9999.0000,-9999.0000,0,1,1.0000
103183,-9999.0000,-9999.0000,-9999.0000,-9999.0000,-9999.0000,-9999.0000,8.7175,-9999.0000,81.7253,-9999.0000,86.3110,-9999.0000,-9999.0000,-9999.0000,-9999.0000,0,1,1.0000
103184,-9999.0000,-9999.0000,-9999.0000,-9999.0000,-9999.0000,-9999.0000,8.7185,-9999.0000,81.7120,-9999.0000,86.3161,-9999.0000,-9999.0000,-9999.0000,-9999.0000,0,1,1.0000
103185,-9999.0000,-9999.0000,-9999.0000,-9999.0000,-9999.0000,-9999.0000,8.7120,-9999.0000,81.6936,-9999.0000,86.3164,-9999.0000,-9999.0000,-9999.0000,-9999.0000,0,1,1.0000
103186,-9999.0000,-9999.0000,-9999.0000,-9999.0000,-9999.0000,-9999.0000,8.7108,-9999.0000,81.6869,-9999.0000,86.3220,-9999.0000,-9999.0000,-9999.0000,-9999.0000,0,1,1.0000
103187,-9999.0000,-9999.0000,-9999.0000,-9999.0000,-9999.0000,-9999.0000,8.7122,-9999.0000,81.6892,-9999.0000,86.3338,-9999.0000,-9999.0000,-9999.0000,-9999.0000,0,1,1.0000
103188,-9999.0000,-9999.0000,-9999.0000,-9999.0000,-9999.0000,-9999.0000,8.7184,-9999.0000,81.6832,-9999.0000,86.3562,-9999.0000,-9999.0000,-9999.0000,-9999.0000,0,1,1.0000
103189,-9999.0000,-9999.0000,-9999.0000,-9999.0000,-9999.0000,-9999.0000,8.7273,-9999.0000,81.6869,-9999.0000,86.3770,-9999.0000,-9999.0000,-9999.0000,-9999.0000,0,1,1.0000
103190,-9999.0000,-9999.0000,-9999.0000,-9999.0000,-9999.0000,-9999.0000,8.7213,-9999.0000,81.6894,-9999.0000,86.3964,-9999.0000,-9999.0000,-9999.0000,-9999.0000,0,1,1.0000
103191,-9999.0000,-9999.0000,-9999.0000,-9999.0000,-9999.0000,-9999.0000,8.7183,-9999.0000,81.7034,-9999.0000,86.4162,-9999.0000,-9999.0000,-9999.0000,-9999.0000,0,1,1.0000
103192,-9999.0000,-9999.0000,-9999.0000,-9999.0000,-9999.0000,-9999.0000,8.7110,-9999.0000,81.7255,-9999.0000,86.4352,-9999.0000,-9999.0000,-9999.0000,-9999.0000,0,1,1.0000
