Data/Raw/WAGNER,NICK/firexaq-AOP-optical_DC8_20190813_R1.ict
51, 1001
Wagner, Nicholas L.
NOAA Earth System Research Laboratory
NOAA AOP instrument
FIREX-AQ
1, 1
2019, 08, 13, 2020, 04, 27
1
Time_start, seconds_past_midnight, seconds from midnight
18
1, 1, 1, 1, 1, 1, 1, 1, 1, 1, 1, 1, 1, 1, 1, 1, 1, 1
-9999, -9999, -9999, -9999, -9999, -9999, -9999, -9999, -9999, -9999, -9999, -9999, -9999, -9999, -9999, -9999, -9999, -9999
ext_dry_664, Mm-1, AerOpt_Extinction_InSitu_RHd_red_Total_PM2.5_STP
ext_dry_532, Mm-1, AerOpt_Extinction_InSitu_RHd_green_Total_PM2.5_STP
ext_dry_405, Mm-1, AerOpt_Extinction_InSitu_RHd_blue_Total_PM2.5_STP
abs_dry_664, Mm-1, AerOpt_Absorption_InSitu_RHd_red_Total_PM2.5_STP
abs_dry_532, Mm-1, AerOpt_Absorption_InSitu_RHd_green_Total_PM2.5_STP
abs_dry_405, Mm-1, AerOpt_Absorption_InSitu_RHd_blue_Total_PM2.5_STP
AOP_RH_dry, pct, Relative_humidity_of_dry_RH_channels
ext_medRH_664, Mm-1, AerOpt_Extinction_InSitu_RH80_red_Total_PM2.5_STP
AOP_RH_med, pct, Relative_humidity_of_medium_RH_channel
ext_highRH_664, Mm-1, AerOpt_Extinction_InSitu_RH85_red_Total_PM2.5_STP
AOP_RH_high, pct, Relative_humidity_of_high_RH_channel
ext_TD_664, Mm-1, AerOpt_ExtinctionTD_InSitu_RHd_blue_Total_PM2.5_STP
ext_TD_405, Mm-1, AerOpt_ExtinctionTD_InSitu_RHd_red_Total_PM2.5_STP
abs_TD_664, Mm-1, AerOpt_Absorption_InSitu_RHd_red_Total_PM2.5_STP
abs_TD_405, Mm-1, AerOpt_Absorption_InSitu_RHd_blue_Total_PM2.5_STP
AOP_TD_bypass_flag, pct, Flag_for_TD_Bypass_valve
AOP_filter_flag, pct, Flag_for_Filter_Valve
AOP_Dilution_ratio, pct, Applied_Dilution_Ratio_for_ext_channels
1
N/A
18
PI_CONTACT_INFO: Address: NOAA ESRL Chemical Sciences Division, R/CSD2, 325 Broadway, Boulder, CO 80305. Email: nick.wagner@noaa.gov.
PLATFORM: NASA DC8
LOCATION: See the DC8 MetNav file, Based in Boise (BOI) and Salina, KS
ASSOCIATED_DATA: N/A
[...]
DATA_INFO: Mm-1:
UNCERTAINTY: The precision of the extinction measurements varies with aerosol loading and is +/-20% at 10 Mm-1 and +/-5% at 100 Mm-1. The accuracy of the dry measurement is +/-2% and depends on RH for the humidified measurements, +/-5% at 85% RH and +/-15% at 90% RH. For more details, see Langridge et al., Aerosol Science and Technology 45:1305-1318, 2011. Analysis of comparable measurements suggest incomplete mixing in the dilution system. Effective dilution for individual instruments can vary by +/- 30% compared to the reported flow-based dilution estimate. The absorption measurements have a high signal accuracy of 20%. The low signal precision varies with altitude and flight to flight, and is typically less than 10 Mm-1 for 1 second measurements.
ULOD_FLAG: -7777
ULOD_VALUE: N/A
LLOD_FLAG: -8888
LLOD_VALUE: N/A
DM_CONTACT_INFO: Gao Chen
PROJECT_INFO: FIREX-AQ
STIPULATIONS_ON_USE: NASA Data Policy. Contact with PI is encouraged.
OTHER_COMMENTS: N/A
REVISION: R1
R1: Absorption measurements have been corrected for pressure dependent microphone sensitivity. In-cloud data has been removed. R0: Final Data. 
Time_start, ext_dry_664, ext_dry_532, ext_dry_405, abs_dry_664, abs_dry_532, abs_dry_405, AOP_RH_dry, ext_medRH_664, AOP_RH_med, ext_highRH_664, AOP_RH_high, ext_TD_664, ext_TD_405, abs_TD_664, abs_TD_405, AOP_TD_bypass_flag, AOP_filter_flag, AOP_Dilution_ratio
[from data line 8698]
84603,-1.2843,3.9612,7.4904,-1.7272,-1.9698,0.6646,1.4747,7.6646,79.1772,-0.0759,85.0460,1.6247,7.2337,-9999.0000,-9999.0000,0,0,10.2600
84604,0.3425,3.1240,16.7972,-0.8577,-3.6333,1.4888,1.4703,5.9189,79.2699,0.0059,85.0537,-1.8830,8.6918,-9999.0000,-9999.0000,0,0,10.2600
84605,-3.0455,5.2479,11.0308,6.8043,-2.9068,0.8727,1.4723,5.7739,79.3404,3.1518,85.0637,-2.0306,11.0581,-9999.0000,-9999.0000,0,0,10.2600
84606,3.0961,5.8190,13.9313,-2.4445,6.9563,2.1944,1.4800,8.8050,79.4087,8.9680,85.0723,-4.6474,8.4163,-9999.0000,-9999.0000,0,0,10.2600
84607,0.7539,6.6562,18.7084,8.0244,-1.4717,0.4431,1.4805,6.5772,79.4911,10.1851,85.0862,6.1682,10.2382,-9999.0000,-9999.0000,0,0,10.2600
84608,-6.5738,4.2684,9.9003,5.0653,5.8465,0.9510,1.4778,5.0025,79.5810,4.2967,85.0942,-1.3100,8.8720,-9999.0000,-9999.0000,0,0,10.2600
84609,-3.1289,3.8771,5.7762,-1.3969,-0.8854,0.2526,1.4700,4.7268,79.6783,5.2854,85.0936,-4.4636,10.3887,-9999.0000,-9999.0000,0,0,10.2600
84610,-0.4146,1.3015,6.8785,-1.3985,1.5082,0.4035,1.4698,4.5134,79.7516,-0.0484,85.1006,-4.9887,8.0553,-9999.0000,-9999.0000,0,0,10.2600
84611,-2.9447,10.5788,12.5448,-9999.0000,1.5088,0.4011,1.4699,10.2745,79.8242,0.2052,85.0901,-4.3214,12.4929,-9999.0000,-9999.0000,0,0,10.2600
84612,-5.3432,0.8254,16.1873,-9999.0000,-9999.0000,-9999.0000,1.4614,5.8675,79.8837,1.1455,85.0935,-5.3194,5.9470,-9999.0000,-9999.0000,0,0,10.2600
84613,-8.4269,-0.1649,14.0770,-9999.0000,-9999.0000,-9999.0000,1.4634,4.8609,79.9416,0.5497,85.0932,-0.4673,6.4495,-9999.0000,-9999.0000,0,0,10.2600
84614,-9.1370,0.6468,11.8697,-9999.0000,-9999.0000,-9999.0000,1.4645,3.0284,79.9983,1.2080,85.0878,2.3514,7.9619,-9999.0000,-6.8542,0,0,10.2600
84615,-9999.0000,-9999.0000,-9999.0000,-9999.0000,-9999.0000,-9999.0000,1.4586,-9999.0000,80.0445,-9999.0000,85.0827,1.8335,4.5803,-9999.0000,-9999.0000,0,0,-9999.0000
84616,-9999.0000,-9999.0000,-9999.0000,-9999.0000,-9999.0000,-9999.0000,1.4598,-9999.0000,80.0918,-9999.0000,85.0908,5.7555,7.1182,-9999.0000,3.0259,0,0,-9999.0000
84617,-9999.0000,-9999.0000,-9999.0000,-9999.0000,-9999.0000,-9999.0000,1.4618,-9999.0000,80.1442,-9999.0000,85.0876,5.9274,5.4428,-9999.0000,-6.0768,0,0,-9999.0000
84618,-9999.0000,-9999.0000,-9999.0000,-9999.0000,-9999.0000,-9999.0000,1.4595,-9999.0000,80.1740,-9999.0000,85.0821,-1.6649,4.9375,-9999.0000,3.7195,0,0,-9999.0000
84619,-9999.0000,-9999.0000,-9999.0000,-9999.0000,-9999.0000,-9999.0000,1.4702,-9999.0000,80.2035,-9999.0000,85.0871,-6.3525,2.9045,-9999.0000,-9999.0000,0,0,-9999.0000
84620,-9999.0000,-9999.0000,-9999.0000,-9999.0000,-9999.0000,-9999.0000,1.4573,-9999.0000,80.2302,-9999.0000,85.0774,-2.3889,5.2630,-9999.0000,5.1267,0,0,-9999.0000
84621,-9999.0000,-9999.0000,-9999.0000,-9999.0000,-9999.0000,-9999.0000,1.4556,-9999.0000,80.2396,-9999.0000,85.0808,-6.2707,3.1514,-9999.0000,-0.5728,0,0,-9999.0000
84622,-9999.0000,-9999.0000,-9999.0000,-9999.0000,-9999.0000,-9999.0000,1.4656,-9999.0000,80.2536,-9999.0000,85.0766,-4.4689,1.4364,-9999.0000,-9999.0000,0,0,-9999.0000
84623,-9999.0000,-9999.0000,-9999.0000,5.3512,-9999.0000,-9999.0000,1.4579,-9999.0000,80.2555,-9999.0000,85.0779,-3.9660,1.4322,-9999.0000,-9999.0000,0,0,-9999.0000
84624,-9999.0000,-9999.0000,-9999.0000,-9999.0000,2.2233,1.4296,1.4609,-9999.0000,80.2588,-9999.0000,85.0794,-4.2217,2.7332,-9999.0000,-7.7000,0,0,-9999.0000
84625,-9999.0000,-9999.0000,-9999.0000,-9999.0000,-9999.0000,-9999.0000,1.4701,-9999.0000,80.2622,-9999.0000,85.0768,-5.2566,2.7769,-9999.0000,-7.5490,0,0,-9999.0000
84626,-9999.0000,-9999.0000,-9999.0000,-9999.0000,-9999.0000,0.5013,1.4801,-9999.0000,80.2579,-9999.0000,85.0810,-0.3815,0.8711,-9999.0000,6.0661,0,0,-9999.0000
84627,-9999.0000,-9999.0000,-9999.0000,-9999.0000,-9999.0000,-0.0674,1.4847,-9999.0000,80.2636,-9999.0000,85.0772,-2.4410,1.6675,-9999.0000,-5.5961,0,0,-9999.0000
84628,-9999.0000,-9999.0000,-9999.0000,-9999.0000,-9999.0000,-0.3216,1.4805,-9999.0000,80.2507,-9999.0000,85.0875,-7.0472,-0.7565,-9999.0000,9.0216,0,0,-9999.0000
84629,-9999.0000,-9999.0000,-9999.0000,-9999.0000,-9999.0000,-9999.0000,1.4777,-9999.0000,80.2452,-9999.0000,85.0997,-3.0778,-9999.0000,-9999.0000,-9999.0000,0,0,-9999.0000
84630,-9999.0000,-9999.0000,-9999.0000,-9999.0000,-9999.0000,-0.2209,1.4750,-9999.0000,80.2174,-9999.0000,85.1115,-5.2432,3.1973,-9999.0000,-2.3335,0,0,-9999.0000
84631,-9999.0000,-9999.0000,-9999.0000,-9999.0000,-9999.0000,0.0072,1.4745,-9999.0000,80.1787,-9999.0000,85.1235,-9999.0000,1.0278,-9999.0000,0.8568,0,0,-9999.0000
84632,-9999.0000,-9999.0000,-9999.0000,-9999.0000,-9999.0000,-9999.0000,1.4691,-9999.0000,80.1341,-9999.0000,85.1287,-2.5663,1.5512,-9999.0000,-4.2312,0,0,-9999.0000
84633,-9999.0000,-9999.0000,-9999.0000,-9999.0000,-9999.0000,-9999.0000,1.4691,-9999.0000,80.0931,-9999.0000,85.1402,1.9073,0.3741,-9999.0000,3.9368,0,0,-9999.0000
84634,-9999.0000,-9999.0000,-9999.0000,-9999.0000,-9999.0000,1.2106,1.4726,-9999.0000,80.0442,-9999.0000,85.1466,-1.0072,2.6933,-9999.0000,1.3493,0,0,-9999.0000
84635,-9999.0000,-9999.0000,-9999.0000,-9999.0000,-9999.0000,0.6358,1.4643,-9999.0000,79.9924,-9999.0000,85.1529,-3.5443,-9999.0000,-9999.0000,3.4726,0,0,-9999.0000
84636,-9999.0000,-9999.0000,-9999.0000,-9999.0000,-9999.0000,1.2421,1.4662,-9999.0000,79.9424,-9999.0000,85.1577,-0.9862,8.9201,-9999.0000,5.9009,0,0,-9999.0000
84637,-9999.0000,-9999.0000,-9999.0000,-9999.0000,-9999.0000,2.5993,1.4644,-9999.0000,79.8840,-9999.0000,85.1611,-9999.0000,-9999.0000,-9999.0000,-9999.0000,0,0,-9999.0000
84638,-9999.0000,-9999.0000,-9999.0000,-9999.0000,-9999.0000,2.5975,1.4697,-9999.0000,79.8223,-9999.0000,85.1602,-3.6515,17.5629,-9999.0000,-3.9798,0,0,-9999.0000
84639,-9999.0000,-9999.0000,-9999.0000,-9999.0000,-9999.0000,-9999.0000,1.4713,-9999.0000,79.7514,-9999.0000,85.1683,-9999.0000,-9999.0000,-9999.0000,-9999.0000,0,0,-9999.0000
84640,-9999.0000,-9999.0000,-9999.0000,-9999.0000,-9999.0000,5.4307,1.4770,-9999.0000,79.6709,-9999.0000,85.1662,3.2292,30.8111,-9999.0000,-1.5278,0,0,-9999.0000
84641,-9999.0000,-9999.0000,-9999.0000,-9999.0000,-9999.0000,4.0299,1.4880,-9999.0000,79.6064,-9999.0000,85.1678,-9999.0000,41.7167,-9999.0000,-9999.0000,0,0,-9999.0000
84642,-9999.0000,-9999.0000,-9999.0000,-9999.0000,-9999.0000,7.7936,1.4907,-9999.0000,79.5414,-9999.0000,85.1586,21.4844,42.0916,-9999.0000,4.7061,0,0,-9999.0000
84643,-9999.0000,-9999.0000,-9999.0000,-9999.0000,-9999.0000,7.0630,1.5005,-9999.0000,79.4590,-9999.0000,85.1611,22.1379,48.7003,-9999.0000,3.3810,0,0,-9999.0000
84644,-9999.0000,-9999.0000,-9999.0000,-9999.0000,-9999.0000,7.8832,1.5075,-9999.0000,79.3758,-9999.0000,85.1496,24.6864,51.9425,-9999.0000,-5.3243,0,0,-9999.0000
84645,-9999.0000,-9999.0000,-9999.0000,-9999.0000,-9999.0000,11.3288,1.5040,-9999.0000,79.2903,-9999.0000,85.1524,30.2024,-9999.0000,-9999.0000,-9999.0000,0,0,-9999.0000
84646,-9999.0000,-9999.0000,-9999.0000,-9999.0000,-9999.0000,10.5321,1.5058,-9999.0000,79.2306,-9999.0000,85.1539,32.4795,96.6605,-9999.0000,0.2518,0,0,-9999.0000
84647,-9999.0000,-9999.0000,-9999.0000,-9999.0000,-9999.0000,-9999.0000,1.5037,-9999.0000,79.1569,-9999.0000,85.1491,-9999.0000,100.8390,-9999.0000,12.6036,0,0,-9999.0000
84648,-9999.0000,-9999.0000,-9999.0000,-9999.0000,-9999.0000,18.6770,1.5032,-9999.0000,79.0990,-9999.0000,85.1489,52.2052,122.4220,-9999.0000,31.1854,0,0,-9999.0000
84649,-9999.0000,-9999.0000,-9999.0000,-9999.0000,-9999.0000,-9999.0000,1.5164,-9999.0000,79.0181,-9999.0000,85.1417,58.0776,155.4447,-9999.0000,-9999.0000,0,0,-9999.0000
84650,-9999.0000,-9999.0000,-9999.0000,-9999.0000,-9999.0000,25.2467,1.5193,-9999.0000,78.9580,-9999.0000,85.1439,68.2302,-9999.0000,-9999.0000,21.3098,0,0,-9999.0000
84651,-9999.0000,-9999.0000,-9999.0000,-9999.0000,-9999.0000,-9999.0000,1.5223,-9999.0000,78.9045,-9999.0000,85.1527,87.6501,211.6661,-9999.0000,-9999.0000,0,0,-9999.0000
84652,-9999.0000,-9999.0000,-9999.0000,-9999.0000,-9999.0000,25.0382,1.5194,-9999.0000,78.8513,-9999.0000,85.1569,-9999.0000,208.4821,-9999.0000,16.9595,0,0,-9999.0000
84653,-9999.0000,-9999.0000,-9999.0000,-9999.0000,-9999.0000,25.2613,1.5047,-9999.0000,78.8142,-9999.0000,85.1715,98.0198,-9999.0000,-9999.0000,27.8418,0,0,-9999.0000
84654,-9999.0000,-9999.0000,-9999.0000,-9999.0000,-9999.0000,24.5684,1.5035,-9999.0000,78.7812,-9999.0000,85.1805,87.5110,-9999.0000,-9999.0000,27.3296,0,0,-9999.0000
84655,103.4154,196.7550,334.0895,-9999.0000,-9999.0000,-9999.0000,1.5061,92.1546,78.7468,125.6219,85.1993,-9999.0000,222.6913,-9999.0000,29.8451,0,0,10.3800
84656,94.2501,224.8682,351.3488,-9999.0000,-9999.0000,27.7357,1.5046,127.3084,78.7215,137.2407,85.2142,-9999.0000,-9999.0000,-9999.0000,30.8455,0,0,10.3800
84657,106.9493,216.0538,355.4659,-9999.0000,-9999.0000,26.7007,1.5028,107.4605,78.6899,123.5675,85.2224,120.4927,226.4411,-9999.0000,19.6688,0,0,10.3800
84658,99.5530,229.5762,389.2228,-9999.0000,-9999.0000,24.6003,1.5054,133.1946,78.6667,109.0623,85.2385,-9999.0000,-9999.0000,-9999.0000,27.1143,0,0,10.3800
84659,99.3873,185.6613,411.9369,-9999.0000,-9999.0000,-9999.0000,1.5029,123.0469,78.6417,101.3526,85.2495,107.4557,261.6993,-9999.0000,28.2012,0,0,10.3800
84660,148.2852,185.9414,335.8763,-9999.0000,-9999.0000,27.8901,1.5038,96.0998,78.6244,95.3321,85.2641,-9999.0000,242.1181,-9999.0000,-9999.0000,0,0,10.3800
84661,110.9424,197.4697,324.9807,-9999.0000,-9999.0000,-9999.0000,1.5087,96.9004,78.6155,93.2597,85.2755,101.8250,237.4455,-9999.0000,30.2879,0,0,10.3800
84662,53.3624,146.0098,273.8827,-9999.0000,-9999.0000,21.5392,1.5093,127.7304,78.6143,74.7401,85.2850,94.2054,215.7495,-9999.0000,24.5784,0,0,10.3800
84663,57.1451,139.5594,249.0835,-9999.0000,-9999.0000,22.4995,1.5143,82.5415,78.6157,69.1034,85.2888,93.8549,214.7315,-9999.0000,17.5055,0,0,10.3800
84664,72.7570,154.8393,238.1382,-9999.0000,-9999.0000,23.6571,1.5138,103.1808,78.6208,117.8132,85.2877,88.3355,-9999.0000,-9999.0000,34.9802,0,0,10.3800
84665,126.2572,177.1862,295.1124,-9999.0000,-9999.0000,24.4798,1.5171,85.5124,78.6407,90.9359,85.2895,90.1658,227.9369,-9999.0000,-9999.0000,0,0,10.3800
84666,129.6995,209.4926,334.3359,-9999.0000,-9999.0000,27.5472,1.5225,103.4631,78.6731,100.6997,85.2856,-9999.0000,-9999.0000,-9999.0000,32.7763,0,0,10.3800
84667,93.6448,184.8311,360.8276,-9999.0000,-9999.0000,29.9427,1.5230,129.3619,78.6977,111.9973,85.2848,124.4412,244.3092,-9999.0000,35.6777,0,0,10.3800
84668,100.1325,207.0166,345.0190,-9999.0000,-9999.0000,26.8763,1.5202,114.2922,78.7259,118.6214,85.2868,-9999.0000,263.6800,-9999.0000,26.0443,0,0,10.3800
84669,105.9716,204.8390,403.8516,-9999.0000,-9999.0000,27.7882,1.5216,104.7356,78.7766,138.0047,85.2786,100.5396,237.6126,-9999.0000,31.9003,0,0,10.3800
84670,91.3175,184.5767,374.8681,-9999.0000,-9999.0000,-9999.0000,1.5247,119.3251,78.8347,141.6031,85.2613,105.1373,234.6918,-9999.0000,-9999.0000,0,0,10.3800
84671,106.2649,194.0464,343.2114,-9999.0000,-9999.0000,24.7389,1.5230,105.8744,78.8942,98.1368,85.2384,112.4782,234.8644,-9999.0000,-9999.0000,0,0,10.3800
84672,93.9785,183.0413,356.2098,-9999.0000,-9999.0000,23.6394,1.5211,119.8512,78.9643,94.1953,85.2178,119.3654,-9999.0000,-9999.0000,21.0864,0,0,10.3800
84673,107.9798,173.6208,319.7952,-9999.0000,-9999.0000,22.3034,1.5200,127.5601,79.0243,107.5574,85.1989,102.9574,218.9467,-9999.0000,33.9464,0,0,10.3800
84674,103.0965,217.8005,348.1969,-9999.0000,-9999.0000,21.7115,1.5154,109.7569,79.0893,104.6453,85.1799,-9999.0000,230.2705,-9999.0000,39.6807,0,0,10.3800
84675,106.5350,163.0777,327.8264,-9999.0000,-9999.0000,-9999.0000,1.5040,128.3668,79.1576,124.1293,85.1577,90.2497,226.3197,-9999.0000,-9999.0000,0,0,10.3800
84676,75.3595,154.4136,308.6634,-9999.0000,-9999.0000,25.8173,1.4958,106.7831,79.2331,100.9568,85.1295,93.8562,-9999.0000,-9999.0000,-9999.0000,0,0,10.3800
84677,105.0369,153.1834,312.3409,-9999.0000,-9999.0000,26.2156,1.4918,100.3239,79.3027,85.9521,85.1085,119.0762,240.7822,-9999.0000,24.4392,0,0,10.3800
84678,95.2161,195.6678,300.3360,-9999.0000,-9999.0000,24.8073,1.4940,115.8678,79.3748,73.0856,85.0876,-9999.0000,-9999.0000,-9999.0000,-9999.0000,0,0,10.3800
84679,86.3223,217.7005,333.2860,-9999.0000,-9999.0000,23.7270,1.4949,105.8692,79.4462,114.1979,85.0757,125.9449,231.7285,-9999.0000,32.0293,0,0,10.3800
84680,95.7481,182.6890,310.1312,-9999.0000,-9999.0000,-9999.0000,1.5072,139.3365,79.5044,130.7287,85.0673,-9999.0000,218.3472,-9999.0000,-9999.0000,0,0,10.3800
84681,76.6916,197.8010,290.0424,-9999.0000,-9999.0000,-9999.0000,1.5018,80.4621,79.5567,89.2345,85.0648,120.7260,211.9268,-9999.0000,35.9109,0,0,10.3800
84682,79.1556,155.6393,272.8127,-9999.0000,-9999.0000,22.2933,1.4972,122.3556,79.6160,61.6014,85.0572,85.5961,-9999.0000,-9999.0000,29.3223,0,0,10.3800
84683,95.6323,173.8080,291.6100,-9999.0000,-9999.0000,23.3792,1.4909,96.9039,79.6756,115.6449,85.0493,84.9868,220.3870,-9999.0000,-9999.0000,0,0,10.3800
84684,97.1490,195.7050,388.2255,-9999.0000,-9999.0000,23.4278,1.4915,131.5433,79.7213,120.9408,85.0465,-9999.0000,-9999.0000,-9999.0000,25.1778,0,0,10.3800
84685,101.7738,190.0015,349.7213,-9999.0000,-9999.0000,-9999.0000,1.4910,84.6017,79.7778,98.6278,85.0511,107.7686,225.6962,-9999.0000,28.0710,0,0,10.3800
84686,95.2666,229.8259,330.4107,-9999.0000,-9999.0000,-9999.0000,1.5143,118.3548,79.8224,138.5222,85.0500,-9999.0000,-9999.0000,-9999.0000,-9999.0000,0,0,10.3800
84687,106.2887,168.9090,292.6797,-9999.0000,-9999.0000,20.6558,1.5190,101.4674,79.8647,98.2186,85.0521,107.4004,-9999.0000,-9999.0000,23.7954,0,0,10.3800
84688,66.5050,132.6177,280.9019,-9999.0000,-9999.0000,-9999.0000,1.5034,106.1818,79.8998,89.5555,85.0563,-9999.0000,211.4418,-9999.0000,29.4192,0,0,10.3800
84689,65.8422,126.2691,248.2105,-9999.0000,-9999.0000,16.5252,1.5058,83.6079,79.9519,92.6695,85.0805,-9999.0000,210.8492,-9999.0000,-9999.0000,0,0,10.3800
84690,65.2929,125.8170,246.3271,-9999.0000,-9999.0000,-9999.0000,1.4977,48.5668,79.9920,78.0089,85.0884,105.6369,195.3104,-9999.0000,15.6729,0,0,10.3800
84691,55.4603,106.1513,207.1460,-9999.0000,-9999.0000,16.4915,1.4969,63.3353,80.0159,73.0574,85.0987,98.6056,-9999.0000,-9999.0000,29.0069,0,0,10.3800
84692,65.0166,90.7219,194.1013,-9999.0000,-9999.0000,18.1931,1.5012,69.1233,80.0339,77.4086,85.1062,95.7090,-9999.0000,-9999.0000,17.6521,0,0,10.3800
84693,101.8109,146.0608,205.0383,-9999.0000,-9999.0000,-9999.0000,1.5007,75.6542,80.0507,54.3982,85.1162,-9999.0000,175.1806,-9999.0000,-9999.0000,0,0,10.3800
84694,89.4195,139.1357,235.9157,-9999.0000,-9999.0000,18.0548,1.5024,122.7889,80.0699,73.1296,85.1374,-9999.0000,-9999.0000,-9999.0000,26.5795,0,0,10.3800
84695,101.3670,125.0917,272.0367,-9999.0000,-9999.0000,19.2081,1.5000,83.5927,80.0884,74.7536,85.1531,102.7637,186.0457,-9999.0000,22.3647,0,0,10.3800
84696,97.7878,162.2027,251.9950,-9999.0000,-9999.0000,-9999.0000,1.4981,85.9492,80.1059,66.8972,85.1647,-9999.0000,-9999.0000,-9999.0000,-9999.0000,0,0,10.3800
84697,67.7860,152.7176,296.2007,-9999.0000,-9999.0000,22.5875,1.4989,107.7323,80.1060,112.8928,85.1592,157.0791,226.5332,-9999.0000,30.8707,0,0,10.3800
84698,106.7172,182.2091,315.7406,-9999.0000,-9999.0000,24.7288,1.5025,116.4079,80.1090,120.7909,85.1645,-9999.0000,-9999.0000,-9999.0000,29.3473,0,0,10.3800
84699,137.6733,218.4321,438.6336,-9999.0000,-9999.0000,-9999.0000,1.5065,138.6020,80.1177,98.2824,85.1717,114.4032,243.8855,-9999.0000,19.2195,0,0,10.3800
84700,110.4940,199.5256,341.6751,-9999.0000,-9999.0000,20.5924,1.5096,101.8387,80.1125,75.7961,85.1740,-9999.0000,-9999.0000,-9999.0000,30.8946,0,0,10.3800
84701,93.6686,145.5790,276.2269,-9999.0000,-9999.0000,19.4548,1.5094,80.1146,80.1004,96.3105,85.1721,89.4952,195.9146,-9999.0000,28.2955,0,0,10.3800
84702,52.0702,120.2660,242.8477,-9999.0000,-9999.0000,16.5792,1.5148,74.3572,80.0704,103.8954,85.1594,-9999.0000,-9999.0000,-9999.0000,23.3099,0,0,10.3800
84703,72.8474,109.2162,224.8007,-9999.0000,-9999.0000,-9999.0000,1.4937,82.3009,80.0106,59.8906,85.1335,63.0543,-9999.0000,-9999.0000,20.6090,0,0,10.3800
