Data/Raw/WAGNER,NICK/firexaq-AOP-optical_DC8_20190722_R1.ict
51, 1001
Wagner, Nicholas L.
NOAA Earth System Research Laboratory
NOAA AOP instrument
FIREX-AQ
1, 1
2019, 07, 22, 2020, 04, 27
1
Time_start, seconds_past_midnight, seconds from midnight
18
1, 1, 1, 1, 1, 1, 1, 1, 1, 1, 1, 1, 1, 1, 1, 1, 1, 1
-9999, -9999, -9999, -9999, -9999, -9999, -9999, -9999, -9999, -9999, -9999, -9999, -9999, -9999, -9999, -9999, -9999, -9999
ext_dry_664, Mm-1, AerOpt_Extinction_InSitu_RHd_red_Total_PM2.5_STP
ext_dry_532, Mm-1, AerOpt_Extinction_InSitu_RHd_green_Total_PM2.5_STP
ext_dry_405, Mm-1, AerOpt_Extinction_InSitu_RHd_blue_Total_PM2.5_STP
abs_dry_664, Mm-1, AerOpt_Absorption_InSitu_RHd_red_Total_PM2.5_STP
abs_dry_532, Mm-1, AerOpt_Absorption_InSitu_RHd_green_Total_PM2.5_STP
abs_dry_405, Mm-1, AerOpt_Absorption_InSitu_RHd_blue_Total_PM2.5_STP
AOP_RH_dry, pct, Relative_humidity_of_dry_RH_channels
ext_medRH_664, Mm-1, AerOpt_Extinction_InSitu_RH80_red_Total_PM2.5_STP
AOP_RH_med, pct, Relative_humidity_of_medium_RH_channel
ext_highRH_664, Mm-1, AerOpt_Extinction_InSitu_RH85_red_Total_PM2.5_STP
AOP_RH_high, pct, Relative_humidity_of_high_RH_channel
ext_TD_664, Mm-1, AerOpt_ExtinctionTD_InSitu_RHd_blue_Total_PM2.5_STP
ext_TD_405, Mm-1, AerOpt_ExtinctionTD_InSitu_RHd_red_Total_PM2.5_STP
abs_TD_664, Mm-1, AerOpt_Absorption_InSitu_RHd_red_Total_PM2.5_STP
abs_TD_405, Mm-1, AerOpt_Absorption_InSitu_RHd_blue_Total_PM2.5_STP
AOP_TD_bypass_flag, pct, Flag_for_TD_Bypass_valve
AOP_filter_flag, pct, Flag_for_Filter_Valve
AOP_Dilution_ratio, pct, Applied_Dilution_Ratio_for_ext_channels
1
N/A
18
PI_CONTACT_INFO: Address: NOAA ESRL Chemical Sciences Division, R/CSD2, 325 Broadway, Boulder, CO 80305. Email: nick.wagner@noaa.gov.
PLATFORM: NASA DC8
LOCATION: See the DC8 MetNav file, Based in Boise (BOI) and Salina, KS
ASSOCIATED_DATA: N/A
[...]
DATA_INFO: Mm-1:
UNCERTAINTY: The precision of the extinction measurements varies with aerosol loading and is +/-20% at 10 Mm-1 and +/-5% at 100 Mm-1. The accuracy of the dry measurement is +/-2% and depends on RH for the humidified measurements, +/-5% at 85% RH and +/-15% at 90% RH. For more details, see Langridge et al., Aerosol Science and Technology 45:1305-1318, 2011. Analysis of comparable measurements suggest incomplete mixing in the dilution system. Effective dilution for individual instruments can vary by +/- 30% compared to the reported flow-based dilution estimate. The absorption measurements have a high signal accuracy of 20%. The low signal precision varies with altitude and flight to flight, and is typically less than 10 Mm-1 for 1 second measurements.
ULOD_FLAG: -7777
ULOD_VALUE: N/A
LLOD_FLAG: -8888
LLOD_VALUE: N/A
DM_CONTACT_INFO: Gao Chen
PROJECT_INFO: FIREX-AQ
STIPULATIONS_ON_USE: NASA Data Policy. Contact with PI is encouraged.
OTHER_COMMENTS: N/A
REVISION: R1
R1: Absorption measurements have been corrected for pressure dependent microphone sensitivity. In-cloud data has been removed. R0: Final Data. 
Time_start, ext_dry_664, ext_dry_532, ext_dry_405, abs_dry_664, abs_dry_532, abs_dry_405, AOP_RH_dry, ext_medRH_664, AOP_RH_med, ext_highRH_664, AOP_RH_high, ext_TD_664, ext_TD_405, abs_TD_664, abs_TD_405, AOP_TD_bypass_flag, AOP_filter_flag, AOP_Dilution_ratio
[from data line 12508]
78298,-9999,-9999,-9999,-9999,-9999,-9999,23.2688,-9999,80.8974,-9999,86.2627,-9999,-9999,-9999,-9999,1,1,2.2400
78299,-9999,-9999,-9999,-9999,-9999,-9999,23.2717,-9999,81.0364,-9999,86.2131,-9999,-9999,-9999,-9999,1,1,2.2400
78300,-9999,-9999,-9999,-9999,-9999,-9999,23.2830,-9999,81.1459,-9999,86.1378,-9999,-9999,-9999,-9999,1,1,2.2400
78301,-9999,-9999,-9999,-9999,-9999,-9999,23.2891,-9999,81.3061,-9999,86.0787,-9999,-9999,-9999,-9999,1,1,2.2400
78302,-9999,-9999,-9999,-9999,-9999,-9999,23.2990,-9999,81.4546,-9999,86.0476,-9999,-9999,-9999,-9999,1,1,2.2400
78303,-9999,-9999,-9999,-9999,-9999,-9999,23.3116,-9999,81.6084,-9999,86.0083,-9999,-9999,-9999,-9999,1,1,2.2400
78304,-9999,-9999,-9999,-9999,-9999,-9999,23.2978,-9999,81.7485,-9999,85.9743,-9999,-9999,-9999,-9999,1,1,2.2400
78305,-9999,-9999,-9999,-9999,-9999,-9999,23.2993,-9999,81.9029,-9999,85.9524,-9999,-9999,-9999,-9999,1,1,2.2400
78306,-9999,-9999,-9999,-9999,-9999,-9999,23.2924,-9999,82.0507,-9999,85.9434,-9999,-9999,-9999,-9999,1,1,2.2400
78307,-9999,-9999,-9999,-9999,-9999,-9999,23.3021,-9999,82.1678,-9999,85.9352,-9999,-9999,-9999,-9999,1,1,2.2400
78308,-9999,-9999,-9999,-9999,-9999,-9999,23.3036,-9999,82.2831,-9999,85.9171,-9999,-9999,-9999,-9999,1,1,2.2400
78309,-9999,-9999,-9999,-9999,-9999,-9999,23.3094,-9999,82.3686,-9999,85.9104,-9999,-9999,-9999,-9999,1,1,2.2400
78310,-9999,-9999,-9999,-9999,-9999,-9999,23.3160,-9999,82.4374,-9999,85.8950,-9999,-9999,-9999,-9999,1,1,2.2400
78311,-9999,-9999,-9999,-9999,-9999,-9999,23.3187,-9999,82.4993,-9999,85.8872,-9999,-9999,-9999,-9999,1,1,2.2400
78312,-9999,-9999,-9999,-9999,-9999,-9999,23.3201,-9999,82.5534,-9999,85.9075,-9999,-9999,-9999,-9999,1,1,2.2400
78313,-9999,-9999,-9999,-9999,-9999,-9999,23.3189,-9999,82.6235,-9999,85.9281,-9999,-9999,-9999,-9999,1,1,2.2400
78314,-9999,-9999,-9999,-9999,-9999,-9999,23.3253,-9999,82.6803,-9999,85.9810,-9999,-9999,-9999,-9999,1,1,2.2400
78315,-9999,-9999,-9999,-9999,-9999,-9999,23.3266,-9999,82.7297,-9999,86.0264,-9999,-9999,-9999,-9999,1,1,2.2400
78316,-9999,-9999,-9999,-9999,-9999,-9999,23.3353,-9999,82.7387,-9999,86.0756,-9999,-9999,-9999,-9999,1,1,2.2400
78317,-9999,-9999,-9999,-9999,-9999,-9999,23.3419,-9999,82.7392,-9999,86.1186,-9999,-9999,-9999,-9999,1,1,2.2400
78318,-9999,-9999,-9999,-9999,-9999,-9999,23.3474,-9999,82.7050,-9999,86.1461,-9999,-9999,-9999,-9999,1,1,2.2400
78319,-9999,-9999,-9999,-9999,-9999,-9999,23.3467,-9999,82.6355,-9999,86.1886,-9999,-9999,-9999,-9999,1,1,2.2400
78320,-9999,-9999,-9999,-9999,-9999,-9999,23.3523,-9999,82.5167,-9999,86.2383,-9999,-9999,-9999,-9999,1,1,2.2400
78321,-9999,-9999,-9999,-9999,-9999,-9999,23.3489,-9999,82.3841,-9999,86.2831,-9999,-9999,-9999,-9999,1,1,2.2400
78322,-9999,-9999,-9999,-9999,-9999,-9999,23.3460,-9999,82.2279,-9999,86.3254,-9999,-9999,-9999,-9999,1,0,2.2400
78323,-9999,-9999,-9999,-9999,-9999,-9999,23.3516,-9999,82.0227,-9999,86.3509,-9999,-9999,-9999,-9999,1,0,2.2400
78324,-9999,-9999,-9999,-9999,-9999,-9999,23.3521,-9999,81.8235,-9999,86.3805,-9999,-9999,-9999,-9999,1,0,2.2400
78325,-9999,-9999,-9999,-9999,-9999,-9999,23.3545,-9999,81.6112,-9999,86.4072,-9999,-9999,-9999,-9999,1,0,2.2400
78326,-9999,-9999,-9999,-9999,-9999,-9999,23.3626,-9999,81.3955,-9999,86.4278,-9999,-9999,-9999,-9999,1,0,2.2400
78327,-9999,-9999,-9999,-9999,-9999,-9999,23.3838,-9999,81.1696,-9999,86.4333,-9999,-9999,-9999,-9999,1,0,2.2400
78328,-9999,-9999,-9999,-9999,-9999,-9999,23.3854,-9999,80.9171,-9999,86.4335,-9999,-9999,-9999,-9999,1,0,2.2400
78329,-9999,-9999,-9999,-9999,-9999,-9999,23.3905,-9999,80.6679,-9999,86.4342,-9999,-9999,-9999,-9999,1,0,2.2400
78330,-9999,-9999,-9999,-9999,-9999,-9999,23.3962,-9999,80.3906,-9999,86.4295,-9999,-9999,-9999,-9999,1,0,2.2400
78331,-9999,-9999,-9999,-9999,-9999,-9999,23.3916,-9999,80.1542,-9999,86.4048,-9999,-9999,-9999,-9999,1,0,2.2400
78332,-9999,-9999,-9999,-9999,-9999,-9999,23.3945,-9999,79.9280,-9999,86.3598,-9999,-9999,-9999,-9999,1,0,2.2400
78333,-9999,-9999,-9999,-9999,-9999,-9999,23.3886,-9999,79.7094,-9999,86.2988,-9999,-9999,-9999,-9999,1,0,2.2400
78334,-9999,-9999,-9999,-9999,-9999,-9999,23.3824,-9999,79.5257,-9999,86.2419,-9999,-9999,-9999,-9999,1,0,2.2400
78335,43.7047,67.2462,99.6784,-9999,-9999,-9999,23.3941,64.7264,79.3596,98.5880,86.2192,-9999,-9999,-9999,-9999,1,0,2.2400
78336,41.3591,78.0991,109.6940,-9999,-9999,2.5504,23.3990,57.6064,79.2092,88.0789,86.1707,-9999,-9999,-9999,-9999,1,0,2.2400
78337,42.2441,63.9700,97.8229,-9999,-0.3944,2.1898,23.4003,64.1304,79.0750,116.6148,86.1357,-9999,-9999,-9999,-9999,1,0,2.2400
78338,37.5998,65.6187,102.7379,-9999,-0.0765,-9999,23.4064,66.9054,78.9414,85.9511,86.0956,-9999,-9999,-9999,-9999,1,0,2.2400
78339,40.5687,61.4131,111.8930,-9999,-9999,2.7871,23.4106,70.2383,78.8150,61.9591,86.0670,-9999,-9999,-9999,-9999,1,0,2.2400
78340,39.7170,53.8467,100.8818,-9999,-0.3526,2.3821,23.4082,64.2636,78.7189,64.5011,86.0385,-9999,-9999,-9999,-9999,1,0,2.2400
78341,34.9179,60.6016,99.6055,-9999,-1.0798,2.7613,23.4065,67.5626,78.6484,71.1523,86.0054,-9999,-9999,-9999,-9999,1,0,2.2400
78342,39.3489,59.1287,97.8201,-9999,0.0060,2.1897,23.4067,59.9653,78.5938,93.0771,85.9944,-9999,-9999,-9999,-9999,1,0,2.2400
78343,38.7091,58.5405,113.0452,-9999,0.8300,2.1008,23.4089,84.3484,78.5575,81.5108,85.9893,-9999,-9999,-9999,2.0167,1,0,2.2400
78344,36.4102,63.3133,94.9474,-9999,-0.5308,2.1368,23.4088,53.0905,78.5263,81.5282,85.9768,-9999,-9999,-9999,-3.9284,1,0,2.2400
78345,41.4441,67.9815,96.3798,-9999,-0.1675,-9999,23.4107,67.4358,78.5183,66.0797,85.9734,-9999,-9999,-9999,-9999,1,0,2.2400
78346,39.4179,58.3841,97.7855,-9999,-9999,2.6311,23.4022,67.3901,78.5255,72.7415,85.9725,-9999,-9999,-9999,-9999,1,0,2.2400
78347,39.9555,60.4712,100.1704,-9999,-1.6470,3.8538,23.4024,66.7658,78.5206,77.8960,85.9706,-9999,-9999,-9999,0.4153,1,0,2.2400
78348,32.1930,62.2732,100.9160,-9999,-2.8709,1.3816,23.4175,63.2488,78.5631,91.8646,85.9882,-9999,-9999,-9999,1.1202,1,0,2.2400
78349,44.2695,52.7585,109.4927,-9999,-1.3009,1.1897,23.4226,73.5762,78.6250,79.7090,85.9929,-9999,-9999,-9999,0.8132,1,0,2.2400
78350,37.6350,78.9141,104.0868,-9999,-1.2005,2.5575,23.4326,49.9349,78.7269,80.8432,86.0246,-9999,-9999,-9999,-1.8909,1,0,2.2400
78351,43.8265,66.6309,98.8616,-9999,-1.6684,-9999,23.4269,58.7566,78.8188,70.8490,86.0530,-9999,-9999,-9999,3.0108,1,0,2.2400
78352,43.4097,57.6547,100.6274,-9999,-9999,2.5622,23.4323,54.5053,78.9533,78.1136,86.0781,-9999,-9999,-9999,-9999,1,0,2.2400
78353,52.9823,65.1817,106.2921,-9999,-0.6626,1.7830,23.4327,58.3001,79.0829,90.8227,86.1169,-9999,-9999,-9999,-1.8362,1,0,2.2400
78354,47.5912,64.9641,95.8168,-9999,-1.0627,-9999,23.4364,64.9296,79.2158,91.9886,86.1173,-9999,-9999,-9999,4.1837,1,0,2.2400
78355,42.5210,56.1321,96.6837,-9999,-9999,2.3311,23.4315,67.2305,79.3386,87.6147,86.1323,-9999,-9999,-9999,-9999,1,0,2.2400
78356,38.3858,62.8211,111.8675,-9999,-0.5527,1.1899,23.4352,78.6418,79.4762,80.7194,86.1402,-9999,-9999,-9999,28.5052,1,0,2.2400
78357,43.4953,60.7279,107.3391,-9999,-1.8208,1.0667,23.4337,91.0175,79.6161,85.8509,86.1435,-9999,-9999,-9999,4.3773,1,0,2.2400
78358,54.6456,69.8693,107.6671,-9999,1.5751,2.6067,23.4419,120.3405,79.7782,72.2066,86.1546,-9999,-9999,-9999,-9999,1,0,2.2400
78359,47.5228,62.9850,109.6024,-9999,0.3805,3.6111,23.4375,77.9105,79.9504,77.1754,86.1446,-9999,-9999,-9999,-0.8859,1,0,2.2400
78360,57.9254,63.0795,108.9284,-9999,-0.8921,3.6294,23.4397,72.9731,80.1357,76.9657,86.1485,-9999,-9999,-9999,1.5042,1,0,2.2400
78361,46.7605,65.7822,118.8408,-9999,-0.5298,3.4333,23.4475,89.2994,80.3030,67.8216,86.1462,-9999,-9999,-9999,-9999,1,0,2.2400
78362,33.6835,62.2913,104.0514,-9999,-2.7427,1.5781,23.4467,79.1433,80.4741,67.8304,86.1256,-9999,-9999,-9999,-0.7688,1,0,2.2400
78363,39.0977,65.5166,105.2240,-9999,3.0478,2.1135,23.4485,68.6965,80.6449,68.8753,86.1114,-9999,-9999,-9999,-0.5827,1,0,2.2400
78364,50.9143,75.1191,113.4417,-9999,-2.8027,2.0880,23.4443,84.8884,80.8065,90.2936,86.0413,-9999,-9999,-9999,-0.2764,1,0,2.2400
78365,45.9387,70.8209,98.4356,-9999,-0.9704,-9999,23.4419,80.3848,80.9573,81.1266,85.9759,-9999,-9999,-9999,4.2189,1,0,2.2400
78366,47.5766,65.5658,98.9670,-9999,-9999,1.8625,23.4460,78.2033,81.0896,97.9140,85.9323,-9999,-9999,-9999,-9999,1,0,2.2400
78367,42.9052,59.8956,108.9122,-9999,-1.5874,1.9644,23.4559,78.5590,81.2358,77.1142,85.8993,-9999,-9999,-9999,1.0802,1,0,2.2400
78368,40.7291,59.2829,101.3363,-9999,-0.1314,2.0896,23.4616,99.9544,81.3722,92.9903,85.8786,-9999,-9999,-9999,1.0980,1,0,2.2400
78369,48.4551,67.2823,116.1723,-9999,-2.5530,3.8718,23.4624,99.7815,81.5241,106.4603,85.8381,-9999,-9999,-9999,-0.4991,1,0,2.2400
78370,48.9850,71.5792,117.8338,-9999,-0.8095,1.8431,23.4529,82.4989,81.6673,110.8961,85.8301,-9999,-9999,-9999,2.2345,1,0,2.2400
78371,54.8624,61.0055,107.0528,-9999,-0.0365,2.4746,23.4616,81.0858,81.8166,98.8875,85.8282,-9999,-9999,-9999,0.2073,1,0,2.2400
78372,58.3148,62.1222,103.6267,-9999,-2.8450,2.2878,23.4599,66.4946,81.9392,96.2041,85.8357,-9999,-9999,-9999,-9999,1,0,2.2400
78373,36.8034,71.3789,113.0147,-9999,-1.2530,-9999,23.4566,70.4212,82.0603,87.2443,85.8272,-9999,-9999,-9999,5.5271,1,0,2.2400
78374,46.1373,70.4019,113.1085,-9999,-9999,1.7847,23.4562,69.8565,82.1746,88.4676,85.8292,17.4936,31.9390,-9999,-9999,1,0,2.2400
78375,43.1365,53.6713,106.6744,-9999,0.3644,2.0772,23.4672,55.2832,82.2612,94.2392,85.8275,16.0364,31.3101,-9999,4.4015,1,0,2.2400
78376,40.2566,68.0589,101.1657,-9999,-0.4971,1.9598,23.4622,69.0318,82.3392,97.8290,85.8509,19.6901,33.0929,-9999,-1.0488,1,0,2.2400
78377,38.7019,61.2207,104.2558,-9999,-0.6423,2.1548,23.4512,62.9619,82.4014,83.3781,85.8749,16.4225,35.9408,-9999,1.8846,1,0,2.2400
78378,39.1315,70.1659,101.5230,-9999,-1.6755,2.6441,23.4506,86.4818,82.4560,90.5049,85.9148,14.8153,39.8813,-9999,-0.2954,1,0,2.2400
78379,48.8910,73.4660,113.6021,-9999,-0.5968,1.8305,23.4475,83.4747,82.4822,105.9626,85.9469,11.8021,42.8164,-9999,1.4778,1,0,2.2400
78380,42.2778,59.7326,97.2932,-9999,-0.5538,2.4449,23.4531,86.2192,82.5138,118.4586,85.9984,14.0928,46.7390,-9999,-9999,1,0,2.2400
78381,46.6720,57.6820,106.2075,-9999,2.2509,2.0167,23.4593,79.8167,82.5206,71.7616,86.0416,15.9700,53.4620,-9999,-0.0429,1,0,2.2400
78382,41.9084,57.1350,103.2068,-9999,-1.3382,2.1922,23.4573,71.6667,82.5377,66.9812,86.0753,16.4286,43.7297,-9999,4.1155,1,0,2.2400
78383,45.2062,57.8665,101.1961,-9999,1.1397,1.8765,23.4521,74.9207,82.5210,76.9106,86.1045,21.5233,40.6818,-9999,0.1256,1,0,2.2400
78384,38.5376,57.4184,119.7754,-9999,-1.0270,-9999,23.4548,66.7313,82.4895,77.8136,86.1577,24.2501,39.0086,-9999,-2.9998,1,0,2.2400
78385,41.0634,71.5611,117.3641,-9999,-9999,2.6909,23.4411,66.5267,82.4134,82.5798,86.1736,21.7214,32.7142,-9999,-9999,1,0,2.2400
78386,40.8442,65.4799,104.8924,-9999,-3.3063,2.2980,23.4435,58.9677,82.2930,93.1091,86.1754,21.6611,38.8790,-9999,2.0620,1,0,2.2400
78387,48.0229,67.1906,105.8562,-9999,-1.5493,2.5587,23.4439,65.1229,82.1642,90.4204,86.2017,15.0263,33.6049,-9999,-1.7904,1,0,2.2400
78388,54.6086,62.1618,107.1446,-9999,-1.8781,2.6978,23.4423,71.2521,81.9677,114.1635,86.1994,20.1088,33.3463,-9999,1.8712,1,0,2.2400
78389,37.3997,65.4458,99.0359,-9999,-0.9357,3.4281,23.4458,72.4182,81.7901,108.9343,86.1994,30.0962,34.0159,-9999,1.8467,1,0,2.2400
78390,34.4906,60.7817,99.8235,-9999,-0.3151,0.8447,23.4399,73.2257,81.5229,109.8338,86.1871,21.4904,32.1688,-9999,1.1099,1,0,2.2400
78391,51.9699,61.0606,104.0239,-9999,2.2506,1.5520,23.4424,86.9667,81.2982,102.9240,86.1721,16.0165,31.9819,-9999,-9999,1,0,2.2400
78392,45.1466,64.2348,108.4099,-9999,-1.1851,2.0624,23.4567,67.7811,81.0239,97.9526,86.1439,17.9293,36.2541,-9999,-0.3346,1,0,2.2400
78393,48.2402,62.5953,107.7663,-9999,-0.5559,-9999,23.4588,57.6374,80.7946,89.1090,86.1072,26.3487,39.5395,-9999,-1.6941,1,0,2.2400
78394,42.1577,66.8807,103.3197,-9999,-9999,2.4890,23.4537,53.1814,80.4911,82.1039,86.0550,34.9870,37.5149,-9999,-9999,1,0,2.2400
78395,40.4974,64.9724,108.8254,-9999,-3.2405,4.1945,23.4640,81.8013,80.2495,75.3113,85.9930,35.9083,35.8972,-9999,6.1686,1,0,2.2400
78396,62.3363,75.7549,107.8636,-9999,-0.2445,2.0451,23.4570,81.9376,79.9901,95.3733,85.9531,28.7414,41.3323,-9999,2.1854,1,0,2.2400
78397,51.0013,62.8901,111.0774,-9999,-0.1637,-9999,23.4582,62.7177,79.7620,102.1535,85.9205,24.5704,47.0284,-9999,1.6117,1,0,2.2400
78398,46.4964,64.0604,109.1545,-9999,-9999,2.5577,23.4559,65.7055,79.5156,95.0635,85.8866,15.3573,37.9068,-9999,-9999,1,0,2.2400
78399,38.1437,65.4627,103.9932,-9999,-1.3624,3.8359,23.4580,65.8737,79.3042,82.3089,85.8535,11.0936,36.3370,-9999,0.9413,1,0,2.2400
78400,39.7966,58.8891,107.0821,-9999,-1.2382,-9999,23.4636,64.5686,79.1068,72.4223,85.8281,11.4953,45.2493,-9999,-9999,1,0,2.2400
78401,55.2958,68.1493,112.5053,-9999,-9999,2.9450,23.4663,62.8852,78.9485,83.8318,85.8142,13.8439,47.4196,-9999,-9999,1,0,2.2400
78402,42.6886,61.2824,110.9539,-9999,-2.4005,1.6516,23.4659,64.1771,78.8089,97.2180,85.8118,19.3506,44.5685,-9999,-0.7777,1,0,2.2400
78403,43.5551,57.9444,106.1554,-9999,0.9834,2.3941,23.4611,75.3716,78.6953,89.2010,85.8091,16.3713,47.0572,-9999,-2.4934,1,0,2.2400
78404,46.3567,57.5822,117.3716,-9999,-0.3327,-9999,23.4653,70.0070,78.6291,86.8379,85.8055,18.5808,40.9324,-9999,-9999,1,0,2.2400
78405,46.9789,61.5025,116.5749,-9999,-9999,2.1327,23.4620,73.8309,78.5449,93.2666,85.8064,23.8494,44.3056,-9999,-9999,1,0,2.2400
78406,42.4934,61.8262,113.9347,-9999,-1.9785,3.9969,23.4630,57.9185,78.4942,72.2018,85.8038,26.8675,50.0180,-9999,-1.0325,1,0,2.2400
78407,39.5607,57.3943,103.3036,-9999,-1.5746,-9999,23.4834,54.9990,78.4823,91.1045,85.8177,17.1124,44.4787,-9999,-9999,1,0,2.2400
78408,43.5662,62.5826,107.1813,-9999,-9999,3.0458,23.4793,53.5874,78.4459,88.1490,85.8668,14.5515,44.8856,-9999,-9999,1,0,2.2400
78409,42.2050,58.1012,102.4908,-9999,-0.7620,2.2742,23.4810,64.9752,78.4218,102.9757,85.9085,15.7364,35.8566,-9999,-1.2660,1,0,2.2400
78410,48.5486,74.0256,108.7261,-9999,-0.6391,1.9612,23.4933,68.2238,78.4273,78.1749,85.9523,15.4645,54.0759,-9999,-0.6538,1,0,2.2400
78411,42.9356,72.9248,105.8202,-9999,-0.8349,2.2643,23.4877,56.2316,78.4140,79.9094,86.0102,-9999,-9999,-9999,-9999,1,0,2.2400
78412,37.4579,70.2512,125.6724,-9999,1.0303,2.3290,23.4825,62.9516,78.4229,72.0675,86.0356,-9999,-9999,-9999,-1.2203,1,0,2.2400
78413,37.7866,71.6311,99.7115,-9999,-4.6203,2.0392,23.4911,67.2290,78.4795,87.1800,86.0646,-9999,-9999,-9999,-9999,1,0,2.2400
78414,42.8977,64.8849,102.3495,-9999,-1.3401,3.2025,23.4812,62.3944,78.5665,93.4146,86.1135,-9999,-9999,-9999,-9999,1,0,2.2400
78415,45.4467,58.2428,92.3656,-9999,-1.0759,7.1580,23.4762,67.8081,78.6499,86.5821,86.1270,-9999,-9999,-9999,-9999,1,0,2.2400
78416,48.9595,83.7400,95.0344,-9999,-1.0535,2.2548,23.4784,62.5896,78.7498,79.8228,86.1500,-9999,-9999,-9999,-9999,1,0,2.2400
78417,43.0963,58.8082,117.3617,-9999,-1.0884,1.6866,23.4784,57.9281,78.8568,69.8483,86.1839,-9999,-9999,-9999,-9999,1,0,2.2400
78418,51.4885,56.7134,106.5236,-9999,-0.8949,2.0877,23.4785,59.3700,78.9732,66.7642,86.1858,-9999,-9999,-9999,-9999,1,0,2.2400
78419,47.6143,54.7796,97.9854,-9999,-1.9088,-9999,23.4801,80.8840,79.1064,90.9464,86.1784,-9999,-9999,-9999,-9999,1,0,2.2400
78420,43.9117,65.6807,106.9565,-9999,-9999,2.1699,23.4773,77.6805,79.2538,92.9897,86.1878,-9999,-9999,-9999,-9999,1,0,2.2400
78421,45.6076,58.6590,103.2566,-9999,-0.6453,1.8662,23.4750,73.7446,79.4209,70.9264,86.1726,-9999,-9999,-9999,-9999,1,0,2.2400
78422,38.3827,65.5498,101.3762,-9999,-1.6417,1.8900,23.4838,57.6299,79.5519,79.9125,86.1516,-9999,-9999,-9999,-9999,1,0,2.2400
78423,49.4958,58.2085,115.1236,-9999,-0.7399,2.5619,23.4708,63.9691,79.7102,83.3509,86.1187,-9999,-9999,-9999,-9999,0,0,2.2400
78424,48.6044,57.4739,98.2593,-9999,4.5431,1.7219,23.4635,61.0761,79.8613,80.9387,86.0496,-9999,-9999,-9999,-9999,0,0,2.2400
78425,38.7012,65.0590,98.6629,-9999,4.2157,1.3931,23.4696,54.3426,80.0194,62.9195,86.0040,-9999,-9999,-9999,-9999,0,0,2.2400
