Data/Raw/WAGNER,NICK/firexaq-AOP-optical_DC8_20190807_R1.ict
51, 1001
Wagner, Nicholas L.
NOAA Earth System Research Laboratory
NOAA AOP instrument
FIREX-AQ
1, 1
2019, 08, 07, 2020, 04, 28
1
Time_start, seconds_past_midnight, seconds from midnight
18
1, 1, 1, 1, 1, 1, 1, 1, 1, 1, 1, 1, 1, 1, 1, 1, 1, 1
-9999, -9999, -9999, -9999, -9999, -9999, -9999, -9999, -9999, -9999, -9999, -9999, -9999, -9999, -9999, -9999, -9999, -9999
ext_dry_664, Mm-1, AerOpt_Extinction_InSitu_RHd_red_Total_PM2.5_STP
ext_dry_532, Mm-1, AerOpt_Extinction_InSitu_RHd_green_Total_PM2.5_STP
ext_dry_405, Mm-1, AerOpt_Extinction_InSitu_RHd_blue_Total_PM2.5_STP
abs_dry_664, Mm-1, AerOpt_Absorption_InSitu_RHd_red_Total_PM2.5_STP
abs_dry_532, Mm-1, AerOpt_Absorption_InSitu_RHd_green_Total_PM2.5_STP
abs_dry_405, Mm-1, AerOpt_Absorption_InSitu_RHd_blue_Total_PM2.5_STP
AOP_RH_dry, pct, Relative_humidity_of_dry_RH_channels
ext_medRH_664, Mm-1, AerOpt_Extinction_InSitu_RH80_red_Total_PM2.5_STP
AOP_RH_med, pct, Relative_humidity_of_medium_RH_channel
ext_highRH_664, Mm-1, AerOpt_Extinction_InSitu_RH85_red_Total_PM2.5_STP
AOP_RH_high, pct, Relative_humidity_of_high_RH_channel
ext_TD_664, Mm-1, AerOpt_ExtinctionTD_InSitu_RHd_blue_Total_PM2.5_STP
ext_TD_405, Mm-1, AerOpt_ExtinctionTD_InSitu_RHd_red_Total_PM2.5_STP
abs_TD_664, Mm-1, AerOpt_Absorption_InSitu_RHd_red_Total_PM2.5_STP
abs_TD_405, Mm-1, AerOpt_Absorption_InSitu_RHd_blue_Total_PM2.5_STP
AOP_TD_bypass_flag, pct, Flag_for_TD_Bypass_valve
AOP_filter_flag, pct, Flag_for_Filter_Valve
AOP_Dilution_ratio, pct, Applied_Dilution_Ratio_for_ext_channels
1
N/A
18
PI_CONTACT_INFO: Address: NOAA ESRL Chemical Sciences Division, R/CSD2, 325 Broadway, Boulder, CO 80305. Email: nick.wagner@noaa.gov.
PLATFORM: NASA DC8
LOCATION: See the DC8 MetNav file, Based in Boise (BOI) and Salina, KS
ASSOCIATED_DATA: N/A
[...]
DATA_INFO: Mm-1:
UNCERTAINTY: The precision of the extinction measurements varies with aerosol loading and is +/-20% at 10 Mm-1 and +/-5% at 100 Mm-1. The accuracy of the dry measurement is +/-2% and depends on RH for the humidified measurements, +/-5% at 85% RH and +/-15% at 90% RH. For more details, see Langridge et al., Aerosol Science and Technology 45:1305-1318, 2011. Analysis of comparable measurements suggest incomplete mixing in the dilution system. Effective dilution for individual instruments can vary by +/- 30% compared to the reported flow-based dilution estimate. The absorption measurements have a high signal accuracy of 20%. The low signal precision varies with altitude and flight to flight, and is typically less than 10 Mm-1 for 1 second measurements.
ULOD_FLAG: -7777
ULOD_VALUE: N/A
LLOD_FLAG: -8888
LLOD_VALUE: N/A
DM_CONTACT_INFO: Gao Chen
PROJECT_INFO: FIREX-AQ
STIPULATIONS_ON_USE: NASA Data Policy. Contact with PI is encouraged.
OTHER_COMMENTS: N/A
REVISION: R1
R1: Absorption measurements have been corrected for pressure dependent microphone sensitivity. In-cloud data has been removed. R0: Final Data. 
Time_start, ext_dry_664, ext_dry_532, ext_dry_405, abs_dry_664, abs_dry_532, abs_dry_405, AOP_RH_dry, ext_medRH_664, AOP_RH_med, ext_highRH_664, AOP_RH_high, ext_TD_664, ext_TD_405, abs_TD_664, abs_TD_405, AOP_TD_bypass_flag, AOP_filter_flag, AOP_Dilution_ratio
[from data line 6715]
82312,-9999.0000,-9999.0000,-9999.0000,-9999.0000,-9999.0000,-9999.0000,7.6010,-9999.0000,80.8046,-9999.0000,97.2164,-9999.0000,-9999.0000,-9999.0000,-9999.0000,0,1,1.0000
82313,-9999.0000,-9999.0000,-9999.0000,-9999.0000,-9999.0000,-9999.0000,7.6086,-9999.0000,80.8721,-9999.0000,97.2104,-9999.0000,-9999.0000,-9999.0000,-9999.0000,0,1,1.0000
82314,-9999.0000,-9999.0000,-9999.0000,-9999.0000,-9999.0000,-9999.0000,7.6073,-9999.0000,80.9392,-9999.0000,97.2088,-9999.0000,-9999.0000,-9999.0000,-9999.0000,0,1,1.0000
82315,-9999.0000,-9999.0000,-9999.0000,-9999.0000,-9999.0000,-9999.0000,7.6009,-9999.0000,81.0018,-9999.0000,97.2073,-9999.0000,-9999.0000,-9999.0000,-9999.0000,0,0,1.0000
82316,-9999.0000,-9999.0000,-9999.0000,-9999.0000,-9999.0000,-9999.0000,7.6025,-9999.0000,81.0489,-9999.0000,97.2050,-9999.0000,-9999.0000,-9999.0000,0.9791,0,0,1.0000
82317,-9999.0000,-9999.0000,-9999.0000,-9999.0000,-9999.0000,-9999.0000,7.6023,-9999.0000,81.1066,-9999.0000,97.2143,-9999.0000,-9999.0000,-9999.0000,0.5099,0,0,1.0000
82318,-9999.0000,-9999.0000,-9999.0000,-9999.0000,-9999.0000,-9999.0000,7.5963,-9999.0000,81.1529,-9999.0000,97.2108,-9999.0000,-9999.0000,-9999.0000,-0.1715,0,0,1.0000
82319,-9999.0000,-9999.0000,-9999.0000,-9999.0000,-9999.0000,-9999.0000,7.6039,-9999.0000,81.1924,-9999.0000,97.2200,-9999.0000,-9999.0000,-9999.0000,6.7793,0,0,1.0000
82320,-9999.0000,-9999.0000,-9999.0000,-9999.0000,-9999.0000,-9999.0000,7.6051,-9999.0000,81.2229,-9999.0000,97.2172,-9999.0000,-9999.0000,-9999.0000,9.6243,0,0,1.0000
82321,-9999.0000,-9999.0000,-9999.0000,-9999.0000,-9999.0000,-9999.0000,7.6037,-9999.0000,81.2396,-9999.0000,97.2122,-9999.0000,-9999.0000,-9999.0000,10.1423,0,0,1.0000
82322,-9999.0000,-9999.0000,-9999.0000,-9999.0000,-9999.0000,-9999.0000,7.6013,-9999.0000,81.2542,-9999.0000,97.2106,-9999.0000,-9999.0000,-9999.0000,4.9750,0,0,1.0000
82323,-9999.0000,-9999.0000,-9999.0000,-9999.0000,-9999.0000,-9999.0000,7.6025,-9999.0000,81.2571,-9999.0000,97.2137,-9999.0000,-9999.0000,-9999.0000,0.7741,0,0,1.0000
82324,-9999.0000,-9999.0000,-9999.0000,-9999.0000,-9999.0000,-9999.0000,7.6046,-9999.0000,81.2547,-9999.0000,97.2108,-9999.0000,-9999.0000,-9999.0000,2.3223,0,0,1.0000
82325,-9999.0000,-9999.0000,-9999.0000,-9999.0000,-9999.0000,-9999.0000,7.6088,-9999.0000,81.2484,-9999.0000,97.2122,-9999.0000,-9999.0000,-9999.0000,-2.9782,0,0,1.0000
82326,-9999.0000,-9999.0000,-9999.0000,-9999.0000,-9999.0000,-9999.0000,7.6172,-9999.0000,81.2276,-9999.0000,97.2140,-9999.0000,-9999.0000,-9999.0000,9.1316,0,0,1.0000
82327,-9999.0000,-9999.0000,-9999.0000,-9999.0000,-9999.0000,2.7720,7.6165,-9999.0000,81.1866,-9999.0000,97.2121,-9999.0000,-9999.0000,-9999.0000,3.0150,0,0,1.0000
82328,39.9256,62.6272,103.1869,-9999.0000,-9999.0000,3.6495,7.6185,45.0913,81.1255,-9999.0000,97.2117,-9999.0000,-9999.0000,-9999.0000,1.8436,0,0,1.0000
82329,38.9217,63.7746,101.2899,-9999.0000,-9999.0000,4.4301,7.6198,45.8106,81.0356,-9999.0000,97.2092,-9999.0000,-9999.0000,-9999.0000,14.1616,0,0,1.0000
82330,35.5266,63.1762,98.7813,-9999.0000,-9999.0000,3.6557,7.6199,42.8382,80.9175,-9999.0000,97.2122,-9999.0000,-9999.0000,-9999.0000,6.5482,0,0,1.0000
82331,38.1107,58.7686,100.4941,-9999.0000,-9999.0000,3.2138,7.6296,41.0221,80.8047,-9999.0000,97.2135,-9999.0000,-9999.0000,-9999.0000,17.5341,0,0,1.0000
82332,39.4566,59.6475,98.4592,-9999.0000,-9999.0000,4.3878,7.6326,43.1841,80.7023,-9999.0000,97.2119,-9999.0000,-9999.0000,-9999.0000,7.5029,0,0,1.0000
82333,39.8175,63.7473,100.5200,-9999.0000,-9999.0000,3.9803,7.6294,49.5632,80.5996,-9999.0000,97.2117,-9999.0000,-9999.0000,-9999.0000,8.1302,0,0,1.0000
82334,40.1042,60.2241,105.6400,-9999.0000,-9999.0000,3.1491,7.6329,48.4205,80.4767,-9999.0000,97.2192,-9999.0000,-9999.0000,-9999.0000,9.4402,0,0,1.0000
82335,39.5692,59.1367,96.8518,-9999.0000,-9999.0000,3.6262,7.6371,40.1168,80.3456,-9999.0000,97.2193,-9999.0000,-9999.0000,-9999.0000,2.5313,0,0,1.0000
82336,37.7147,58.1799,97.6160,-9999.0000,-9999.0000,3.9859,7.6444,43.8156,80.2338,-9999.0000,97.2163,-9999.0000,-9999.0000,-9999.0000,2.9842,0,0,1.0000
82337,40.4454,62.4252,96.9084,-9999.0000,-9999.0000,2.5866,7.6460,49.1163,80.1018,-9999.0000,97.2158,-9999.0000,-9999.0000,-9999.0000,7.4294,0,0,1.0000
82338,35.2886,59.4584,98.4543,-9999.0000,-9999.0000,4.1114,7.6470,45.3226,79.9870,-9999.0000,97.2174,-9999.0000,-9999.0000,-9999.0000,6.0085,0,0,1.0000
82339,38.9205,61.5827,102.3453,-9999.0000,-9999.0000,3.4293,7.6482,43.4054,79.8513,-9999.0000,97.2148,-9999.0000,-9999.0000,-9999.0000,0.9219,0,0,1.0000
82340,37.8987,58.7387,100.6579,-9999.0000,-9999.0000,3.3740,7.6599,54.4727,79.7480,-9999.0000,97.2153,-9999.0000,-9999.0000,-9999.0000,2.3867,0,0,1.0000
82341,36.7601,59.9746,93.5532,-9999.0000,-9999.0000,4.3028,7.6618,44.0947,79.6298,-9999.0000,97.2176,-9999.0000,-9999.0000,-9999.0000,9.8421,0,0,1.0000
82342,33.9024,54.5813,93.7988,-9999.0000,-9999.0000,2.0410,7.6681,59.7501,79.5332,-9999.0000,97.2192,-9999.0000,-9999.0000,-9999.0000,1.4010,0,0,1.0000
82343,36.4078,53.9126,89.7933,-9999.0000,-9999.0000,3.3057,7.6680,39.3142,79.4482,-9999.0000,97.2205,-9999.0000,-9999.0000,-9999.0000,-3.8628,0,0,1.0000
82344,32.8454,50.2726,87.0936,-9999.0000,-9999.0000,3.3856,7.6665,44.5581,79.3867,-9999.0000,97.2118,-9999.0000,-9999.0000,-9999.0000,6.5435,0,0,1.0000
82345,32.3102,54.5040,88.6913,-9999.0000,-9999.0000,2.8547,7.6764,37.9652,79.3271,-9999.0000,97.2104,-9999.0000,-9999.0000,-9999.0000,9.0903,0,0,1.0000
82346,33.2917,53.3902,88.9672,-9999.0000,-9999.0000,2.7542,7.6871,37.9537,79.2819,-9999.0000,97.2217,-9999.0000,-9999.0000,-9999.0000,4.7977,0,0,1.0000
82347,32.0151,57.8597,87.9015,-9999.0000,-9999.0000,3.6760,7.6864,42.4586,79.2371,-9999.0000,97.2192,-9999.0000,-9999.0000,-9999.0000,7.7471,0,0,1.0000
82348,34.4012,55.3948,90.5741,-9999.0000,-9999.0000,3.2173,7.6877,37.5878,79.2149,-9999.0000,97.2261,-9999.0000,-9999.0000,-9999.0000,3.2787,0,0,1.0000
82349,33.8754,52.6861,87.2344,-9999.0000,-9999.0000,2.6504,7.6848,43.4122,79.1951,-9999.0000,97.2265,-9999.0000,-9999.0000,-9999.0000,4.0607,0,0,1.0000
82350,35.6823,52.9513,92.9950,-9999.0000,-9999.0000,3.1126,7.6824,38.6667,79.1739,-9999.0000,97.2147,-9999.0000,-9999.0000,-9999.0000,5.4877,0,0,1.0000
82351,34.4793,52.5933,94.7281,-9999.0000,-9999.0000,2.9874,7.6884,43.7982,79.1731,-9999.0000,97.2182,-9999.0000,-9999.0000,-9999.0000,5.8306,0,0,1.0000
82352,36.7288,53.9869,92.6785,-9999.0000,-9999.0000,3.7810,7.6914,40.4772,79.1773,-9999.0000,97.2221,-9999.0000,-9999.0000,-9999.0000,23.8207,0,0,1.0000
82353,32.6205,54.0021,94.4989,-9999.0000,-9999.0000,3.3916,7.6919,43.0925,79.1841,-9999.0000,97.2263,-9999.0000,-9999.0000,-9999.0000,2.9346,0,0,1.0000
82354,36.7649,57.6417,102.9239,-9999.0000,-9999.0000,3.1669,7.6953,42.1764,79.2099,-9999.0000,97.2259,-9999.0000,-9999.0000,-9999.0000,18.1227,0,0,1.0000
82355,37.5756,56.2379,94.2344,-9999.0000,-9999.0000,2.6234,7.6975,46.7747,79.2465,-9999.0000,97.2265,-9999.0000,-9999.0000,-9999.0000,8.6154,0,0,1.0000
82356,36.6936,56.8200,96.2918,-9999.0000,-9999.0000,1.7544,7.7067,39.8373,79.3108,-9999.0000,97.2256,-9999.0000,-9999.0000,-9999.0000,33.8379,0,0,1.0000
82357,37.5442,55.5603,96.2201,-9999.0000,-9999.0000,2.4623,7.7152,44.7297,79.3812,-9999.0000,97.2248,-9999.0000,-9999.0000,-9999.0000,2.5399,0,0,1.0000
82358,37.7561,56.1200,89.7392,-9999.0000,-9999.0000,3.1100,7.7245,46.9974,79.4604,-9999.0000,97.2297,-9999.0000,21.9495,-9999.0000,3.8440,0,0,1.0000
82359,33.5096,54.9181,95.2100,-9999.0000,-9999.0000,3.3814,7.7341,40.4047,79.5530,-9999.0000,97.2261,-9999.0000,23.3598,-9999.0000,6.2408,0,0,1.0000
82360,35.7934,60.6803,97.5356,-9999.0000,-9999.0000,3.6517,7.7401,50.7089,79.6718,-9999.0000,97.2172,-9999.0000,26.3964,-9999.0000,5.0603,0,0,1.0000
82361,41.0703,56.6182,92.4006,-9999.0000,-9999.0000,4.7062,7.7426,45.8371,79.7577,-9999.0000,97.2183,-9999.0000,25.7099,-9999.0000,3.3193,0,0,1.0000
82362,41.6780,59.5282,92.6832,-9999.0000,-9999.0000,4.9798,7.7492,46.2844,79.8546,-9999.0000,97.2176,-9999.0000,25.1025,-9999.0000,-0.0493,0,0,1.0000
82363,36.8725,60.2455,97.7884,-9999.0000,-9999.0000,3.2397,7.7571,46.4010,79.9321,-9999.0000,97.2295,-9999.0000,26.7221,-9999.0000,0.5091,0,0,1.0000
82364,34.4383,62.6491,92.4758,-9999.0000,-9999.0000,3.2096,7.7651,43.6681,80.0200,-9999.0000,97.2362,-9999.0000,22.9841,-9999.0000,6.1644,0,0,1.0000
82365,41.4007,55.8646,98.2333,-9999.0000,-9999.0000,4.0169,7.7765,53.4464,80.0945,-9999.0000,97.2387,-9999.0000,24.3461,-9999.0000,9.5105,0,0,1.0000
82366,41.1264,59.6437,93.6218,-9999.0000,-9999.0000,4.1759,7.7816,55.8186,80.1823,-9999.0000,97.2374,-9999.0000,26.0095,-9999.0000,5.4580,0,0,1.0000
82367,36.4724,62.3790,101.2404,-9999.0000,-9999.0000,2.3054,7.7837,43.8726,80.2617,-9999.0000,97.2277,-9999.0000,23.1115,-9999.0000,10.9582,0,0,1.0000
82368,37.0521,62.8925,98.0078,-9999.0000,-9999.0000,3.6749,7.7841,49.1300,80.3389,-9999.0000,97.2327,-9999.0000,22.2054,-9999.0000,8.0341,0,0,1.0000
82369,35.4826,61.7696,93.6663,-9999.0000,-9999.0000,4.3418,7.7837,52.6926,80.4081,-9999.0000,97.2298,-9999.0000,24.2148,-9999.0000,1.5117,0,0,1.0000
82370,35.4476,62.8591,96.3818,-9999.0000,-9999.0000,2.5312,7.7848,45.0488,80.4879,-9999.0000,97.2293,-9999.0000,29.1395,-9999.0000,9.0552,0,0,1.0000
82371,35.8575,57.7394,92.8540,-9999.0000,-9999.0000,2.3781,7.8007,50.9375,80.5731,-9999.0000,97.2262,-9999.0000,25.7276,-9999.0000,-0.3034,0,0,1.0000
82372,35.1744,56.6286,88.9433,-9999.0000,-9999.0000,3.4628,7.8182,49.2310,80.6710,-9999.0000,97.2349,-9999.0000,26.2775,-9999.0000,3.8593,0,0,1.0000
82373,33.9976,55.1855,89.4808,-9999.0000,-9999.0000,3.6301,7.8191,37.4366,80.7834,-9999.0000,97.2405,-9999.0000,24.0187,-9999.0000,5.5397,0,0,1.0000
82374,34.4490,54.0249,86.9630,-9999.0000,-9999.0000,3.0011,7.8221,51.1918,80.8733,-9999.0000,97.2327,-9999.0000,20.3846,-9999.0000,-0.7039,0,0,1.0000
82375,31.6755,51.3708,91.1802,-9999.0000,-9999.0000,3.8354,7.8289,40.4770,80.9550,-9999.0000,97.2342,-9999.0000,16.4523,-9999.0000,12.3785,0,0,1.0000
82376,34.7216,51.1597,92.8636,-9999.0000,-9999.0000,2.9874,7.8477,54.3672,81.0243,-9999.0000,97.2334,-9999.0000,17.7936,-9999.0000,6.2279,0,0,1.0000
82377,34.9767,58.4225,93.1769,-9999.0000,-9999.0000,3.5466,7.8486,41.7994,81.0990,-9999.0000,97.2352,-9999.0000,19.8297,-9999.0000,6.6666,0,0,1.0000
82378,33.8131,55.9663,92.9878,-9999.0000,-9999.0000,2.8047,7.8563,55.1482,81.1558,-9999.0000,97.2372,-9999.0000,17.2168,-9999.0000,5.9393,0,0,1.0000
82379,36.9367,58.1651,94.3675,-9999.0000,-9999.0000,2.4378,7.8714,51.7181,81.2006,-9999.0000,97.2403,-9999.0000,22.3438,-9999.0000,7.1227,0,0,1.0000
82380,41.1178,60.4938,95.0996,-9999.0000,-9999.0000,3.4087,7.8682,56.1080,81.2494,-9999.0000,97.2416,-9999.0000,30.9154,-9999.0000,7.1955,0,0,1.0000
82381,35.6974,64.3888,95.8757,-9999.0000,-9999.0000,3.2466,7.8647,46.8871,81.2839,-9999.0000,97.2396,-9999.0000,25.2255,-9999.0000,2.5716,0,0,1.0000
82382,37.6582,61.7715,92.8576,-9999.0000,-9999.0000,4.6617,7.8666,59.2703,81.3050,-9999.0000,97.2444,-9999.0000,19.1053,-9999.0000,4.3882,0,0,1.0000
82383,38.2363,55.8797,92.6873,-9999.0000,-9999.0000,4.8248,7.8662,45.4962,81.3151,-9999.0000,97.2448,-9999.0000,17.2613,-9999.0000,3.5849,0,0,1.0000
82384,35.8729,61.8499,100.5719,-9999.0000,-9999.0000,6.2472,7.8702,50.6677,81.3194,-9999.0000,97.2427,-9999.0000,21.9913,-9999.0000,6.9933,0,0,1.0000
82385,37.6495,57.9628,94.2463,-9999.0000,-9999.0000,2.4680,7.8762,49.4751,81.3231,-9999.0000,97.2448,-9999.0000,21.8974,-9999.0000,9.5984,0,0,1.0000
82386,36.3304,60.0876,98.5099,-9999.0000,-9999.0000,3.2729,7.8761,54.6624,81.3170,-9999.0000,97.2411,-9999.0000,21.2804,-9999.0000,4.5120,0,0,1.0000
82387,35.6570,59.9368,99.4529,-9999.0000,-9999.0000,3.1432,7.8814,47.1577,81.2971,-9999.0000,97.2388,-9999.0000,28.0583,-9999.0000,6.3160,0,0,1.0000
82388,35.8897,62.4190,101.0802,-9999.0000,-9999.0000,2.9840,7.8879,45.2488,81.2760,-9999.0000,97.2375,-9999.0000,26.0569,-9999.0000,17.0805,0,0,1.0000
82389,40.8143,61.9979,99.6846,-9999.0000,-9999.0000,3.6344,7.9083,55.3340,81.2410,-9999.0000,97.2349,-9999.0000,26.4290,-9999.0000,11.3300,0,0,1.0000
82390,38.0204,61.2963,103.6514,-9999.0000,-9999.0000,3.4987,7.9176,46.7348,81.1898,-9999.0000,97.2298,-9999.0000,24.9110,-9999.0000,-0.9917,0,0,1.0000
82391,40.2746,61.3965,95.3044,-9999.0000,-9999.0000,2.6213,7.9218,50.3743,81.1206,-9999.0000,97.2317,-9999.0000,23.5683,-9999.0000,5.7115,0,0,1.0000
82392,35.7662,64.4832,97.3828,-9999.0000,-9999.0000,2.9760,7.9225,45.6100,81.0390,-9999.0000,97.2302,-9999.0000,26.7688,-9999.0000,10.9872,0,0,1.0000
82393,39.4155,58.6028,104.3372,-9999.0000,-9999.0000,3.3611,7.9261,45.7341,80.9337,-9999.0000,97.2290,-9999.0000,53.3530,-9999.0000,-0.7104,0,0,1.0000
82394,38.0796,60.9063,103.1992,-9999.0000,-9999.0000,3.5491,7.9264,46.0390,80.8473,-9999.0000,97.2274,-9999.0000,46.8334,-9999.0000,14.9624,0,0,1.0000
82395,39.8926,61.5317,98.9598,-9999.0000,-9999.0000,4.1050,7.9268,47.8811,80.7627,-9999.0000,97.2296,-9999.0000,27.0534,-9999.0000,8.3926,0,0,1.0000
82396,36.7976,57.2941,92.4640,-9999.0000,-9999.0000,3.2586,7.9217,47.0839,80.6780,-9999.0000,97.2264,-9999.0000,23.4230,-9999.0000,4.1904,0,0,1.0000
82397,38.8707,63.4187,98.6704,-9999.0000,-9999.0000,2.9335,7.9243,49.9745,80.5672,-9999.0000,97.2216,-9999.0000,20.0626,-9999.0000,9.4686,0,0,1.0000
82398,35.6377,54.0791,94.5097,-9999.0000,-9999.0000,2.9063,7.9284,42.8741,80.4591,-9999.0000,97.2189,-9999.0000,20.0910,-9999.0000,2.1851,0,0,1.0000
82399,34.8806,56.2670,88.5332,-9999.0000,-9999.0000,4.0803,7.9336,38.3616,80.3459,-9999.0000,97.2222,-9999.0000,24.6332,-9999.0000,1.5172,0,0,1.0000
82400,33.0185,56.6473,86.4352,-9999.0000,-9999.0000,3.3279,7.9423,41.0190,80.2190,-9999.0000,97.2237,-9999.0000,22.3048,-9999.0000,9.0709,0,0,1.0000
82401,34.4016,56.7362,89.5736,-9999.0000,-9999.0000,5.8096,7.9463,55.3262,80.0910,-9999.0000,97.2243,-9999.0000,23.3070,-9999.0000,2.7823,0,0,1.0000
82402,33.8230,58.0983,85.4497,-9999.0000,-9999.0000,3.7515,7.9595,49.1212,79.9754,-9999.0000,97.2278,-9999.0000,21.7406,-9999.0000,4.6067,0,0,1.0000
82403,34.2338,56.6412,93.2669,-9999.0000,-9999.0000,2.6607,7.9617,39.1807,79.8822,-9999.0000,97.2303,-9999.0000,20.3009,-9999.0000,5.6923,0,0,1.0000
82404,32.0034,53.6031,86.8951,-9999.0000,-9999.0000,3.0569,7.9583,45.6797,79.7708,-9999.0000,97.2305,-9999.0000,20.5578,-9999.0000,-0.3588,0,0,1.0000
82405,32.5869,51.1327,89.2767,-9999.0000,-9999.0000,3.3052,7.9648,48.0163,79.6557,-9999.0000,97.2234,-9999.0000,22.1290,-9999.0000,10.6420,0,0,1.0000
82406,37.8341,56.5020,96.2998,-9999.0000,-9999.0000,3.9647,7.9754,42.0343,79.5503,-9999.0000,97.2230,-9999.0000,21.3997,-9999.0000,9.8150,0,0,1.0000
82407,36.2451,59.6641,96.9833,-9999.0000,-9999.0000,2.7753,7.9758,42.6265,79.4702,-9999.0000,97.2241,-9999.0000,20.8748,-9999.0000,-0.9463,0,0,1.0000
82408,35.6790,53.9944,93.4748,-9999.0000,-9999.0000,3.6883,7.9769,45.8520,79.3911,-9999.0000,97.2241,-9999.0000,19.0131,-9999.0000,12.6786,0,0,1.0000
82409,38.3023,55.5710,94.5134,-9999.0000,-9999.0000,2.5944,7.9746,45.8551,79.3202,-9999.0000,97.2219,-9999.0000,17.0887,-9999.0000,10.7575,0,0,1.0000
82410,35.6079,60.3236,92.3065,-9999.0000,-9999.0000,1.7671,7.9747,49.7954,79.2455,-9999.0000,97.2238,-9999.0000,20.5997,-9999.0000,1.7796,0,0,1.0000
82411,35.8904,57.0185,91.4538,-9999.0000,-9999.0000,2.0125,7.9847,44.7682,79.1852,-9999.0000,97.2314,-9999.0000,26.0010,-9999.0000,0.2113,0,0,1.0000
82412,35.4079,63.2103,95.8017,-9999.0000,-9999.0000,2.7679,7.9914,47.6076,79.1307,-9999.0000,97.2314,-9999.0000,19.0122,-9999.0000,14.3226,0,0,1.0000
82413,38.1729,61.7047,96.0344,-9999.0000,-9999.0000,2.6464,7.9936,44.4851,79.0958,-9999.0000,97.2323,-9999.0000,18.4403,-9999.0000,2.2204,0,0,1.0000
82414,39.1205,61.1816,94.6395,-9999.0000,-9999.0000,3.4540,7.9956,38.7406,79.0773,-9999.0000,97.2347,-9999.0000,19.8678,-9999.0000,9.6255,0,0,1.0000
82415,37.3413,64.6244,99.0814,-9999.0000,-9999.0000,2.8456,8.0063,46.2370,79.0650,-9999.0000,97.2264,-9999.0000,20.5744,-9999.0000,10.6066,0,0,1.0000
