Data/Raw/WAGNER,NICK/firexaq-AOP-optical_DC8_20190715_R1.ict
51, 1001
Wagner, Nicholas L.
NOAA Earth System Research Laboratory
NOAA AOP instrument
FIREX-AQ
1, 1
2019, 07, 15, 2020, 04, 27
1
Time_start, seconds_past_midnight, seconds from midnight
18
1, 1, 1, 1, 1, 1, 1, 1, 1, 1, 1, 1, 1, 1, 1, 1, 1, 1
-9999, -9999, -9999, -9999, -9999, -9999, -9999, -9999, -9999, -9999, -9999, -9999, -9999, -9999, -9999, -9999, -9999, -9999
ext_dry_664, Mm-1, AerOpt_Extinction_InSitu_RHd_red_Total_PM2.5_STP
ext_dry_532, Mm-1, AerOpt_Extinction_InSitu_RHd_green_Total_PM2.5_STP
ext_dry_405, Mm-1, AerOpt_Extinction_InSitu_RHd_blue_Total_PM2.5_STP
abs_dry_664, Mm-1, AerOpt_Absorption_InSitu_RHd_red_Total_PM2.5_STP
abs_dry_532, Mm-1, AerOpt_Absorption_InSitu_RHd_green_Total_PM2.5_STP
abs_dry_405, Mm-1, AerOpt_Absorption_InSitu_RHd_blue_Total_PM2.5_STP
AOP_RH_dry, pct, Relative_humidity_of_dry_RH_channels
ext_medRH_664, Mm-1, AerOpt_Extinction_InSitu_RH80_red_Total_PM2.5_STP
AOP_RH_med, pct, Relative_humidity_of_medium_RH_channel
ext_highRH_664, Mm-1, AerOpt_Extinction_InSitu_RH85_red_Total_PM2.5_STP
AOP_RH_high, pct, Relative_humidity_of_high_RH_channel
ext_TD_664, Mm-1, AerOpt_ExtinctionTD_InSitu_RHd_blue_Total_PM2.5_STP
ext_TD_405, Mm-1, AerOpt_ExtinctionTD_InSitu_RHd_red_Total_PM2.5_STP
abs_TD_664, Mm-1, AerOpt_Absorption_InSitu_RHd_red_Total_PM2.5_STP
abs_TD_405, Mm-1, AerOpt_Absorption_InSitu_RHd_blue_Total_PM2.5_STP
AOP_TD_bypass_flag, pct, Flag_for_TD_Bypass_valve
AOP_filter_flag, pct, Flag_for_Filter_Valve
AOP_Dilution_ratio, pct, Applied_Dilution_Ratio_for_ext_channels
1
SPECIAL COMMENTS: In-cloud data has not been removed.
18
PI_CONTACT_INFO: Address: NOAA ESRL Chemical Sciences Division, R/CSD2, 325 Broadway, Boulder, CO 80305. Email: nick.wagner@noaa.gov.
PLATFORM: NASA DC8
LOCATION: See the DC8 MetNav file, Based in Boise (BOI) and Salina, KS
ASSOCIATED_DATA: N/A
[...]
DATA_INFO: Mm-1:
UNCERTAINTY: The precision of the extinction measurements varies with aerosol loading and is +/-20% at 10 Mm-1 and +/-5% at 100 Mm-1. The accuracy of the dry measurement is +/-2% and depends on RH for the humidified measurements, +/-5% at 85% RH and +/-15% at 90% RH. For more details, see Langridge et al., Aerosol Science and Technology 45:1305-1318, 2011. Analysis of comparable measurements suggest incomplete mixing in the dilution system. Effective dilution for individual instruments can vary by +/- 30% compared to the reported flow-based dilution estimate. The absorption measurements have a high signal accuracy of 20%. The low signal precision varies with altitude and flight to flight, and is typically less than 10 Mm-1 for 1 second measurements.
ULOD_FLAG: -7777
ULOD_VALUE: N/A
LLOD_FLAG: -8888
LLOD_VALUE: N/A
DM_CONTACT_INFO: Gao Chen
PROJECT_INFO: FIREX-AQ
STIPULATIONS_ON_USE: NASA Data Policy. Contact with PI is encouraged.
OTHER_COMMENTS: N/A
REVISION: R1
R1: Absorption measurements have been corrected for pressure dependent microphone sensitivity. R0: Final Data.
Time_start, ext_dry_664, ext_dry_532, ext_dry_405, abs_dry_664, abs_dry_532, abs_dry_405, AOP_RH_dry, ext_medRH_664, AOP_RH_med, ext_highRH_664, AOP_RH_high, ext_TD_664, ext_TD_405, abs_TD_664, abs_TD_405, AOP_TD_bypass_flag, AOP_filter_flag, AOP_Dilution_ratio
[from data line 4385]
81302,5.7046,12.6752,16.8074,-9999.0000,-5.5792,-9999.0000,2.1640,10.8246,87.2970,15.6831,88.0418,-9999.0000,-9999.0000,-9999.0000,22.4086,0,0,1.0000
81303,7.6359,9.2836,15.4111,-9999.0000,2.5442,-9999.0000,2.1623,16.0204,87.2998,9.0997,88.0503,-9999.0000,2.9628,-9999.0000,39.8364,0,0,1.0000
81304,6.6171,8.0260,14.7610,-9999.0000,2.1842,-9999.0000,2.1611,11.7992,87.3076,11.5126,88.0543,-9999.0000,6.5184,-9999.0000,67.7865,0,0,1.0000
81305,5.7527,7.1128,12.5856,-9999.0000,-4.5503,-9999.0000,2.1606,13.7631,87.3148,14.1896,88.0591,-9999.0000,3.4437,-9999.0000,55.2133,0,0,1.0000
81306,6.6922,9.4373,12.7311,-9999.0000,0.3355,-9999.0000,2.1584,9.1758,87.3217,11.1316,88.0625,-9999.0000,2.8825,-9999.0000,67.4225,0,0,1.0000
81307,7.9303,9.5197,15.2765,-9999.0000,1.0015,-9999.0000,2.1567,9.4607,87.3247,15.9724,88.0611,-9999.0000,3.3421,-9999.0000,14.6217,0,0,1.0000
81308,6.8575,12.5157,18.8374,-9999.0000,-0.3507,-9999.0000,2.1596,12.9786,87.3249,14.2816,88.0633,-9999.0000,3.7409,-9999.0000,6.5241,0,0,1.0000
81309,7.4674,13.1130,18.1492,-9999.0000,0.5773,-9999.0000,2.1612,12.0058,87.3380,12.3388,88.0709,-9999.0000,4.1467,-9999.0000,-4.7743,0,0,1.0000
81310,9.4805,12.5837,17.8295,-9999.0000,0.4049,-9999.0000,2.1653,8.7156,87.3402,13.9705,88.0670,-9999.0000,4.9016,-9999.0000,-6.0962,0,0,1.0000
81311,7.7473,11.4606,15.9146,-9999.0000,0.6106,-9999.0000,2.1647,9.6560,87.3319,18.2448,88.0595,-9999.0000,3.0580,-9999.0000,19.5116,0,0,1.0000
81312,8.1225,13.5973,17.7440,-9999.0000,0.2594,-9999.0000,2.1613,12.0676,87.3352,18.7983,88.0721,-9999.0000,2.4990,-9999.0000,2.6739,0,0,1.0000
81313,7.9497,14.4113,18.2609,-9999.0000,-2.2615,-9999.0000,2.1605,11.8750,87.3322,10.5029,88.0782,-9999.0000,4.9601,-9999.0000,-3.7363,0,0,1.0000
81314,7.0502,11.2168,19.9849,-9999.0000,1.5651,-9999.0000,2.1611,19.0854,87.3552,10.0602,88.0996,-9999.0000,4.6313,-9999.0000,-1.7181,0,0,1.0000
81315,8.7304,8.8603,18.6790,-9999.0000,-0.3614,-9999.0000,2.1644,11.6948,87.3753,12.2931,88.1174,-9999.0000,4.7620,-9999.0000,3.0269,0,0,1.0000
81316,8.2094,12.2490,15.0999,-9999.0000,5.2920,-9999.0000,2.1611,24.8107,87.4070,15.3009,88.1371,-9999.0000,4.3530,-9999.0000,-0.7240,0,0,1.0000
81317,6.9540,11.2066,16.7210,-9999.0000,6.5477,-9999.0000,2.1602,19.8573,87.4299,16.6609,88.1591,-9999.0000,3.8688,-9999.0000,11.8457,0,0,1.0000
81318,7.0154,11.8428,16.1409,-9999.0000,1.7145,-9999.0000,2.1647,16.2679,87.4503,11.4300,88.1745,-9999.0000,2.4478,-9999.0000,-5.1507,0,0,1.0000
81319,9.1235,10.4729,18.7260,-9999.0000,-0.4974,-9999.0000,2.1647,14.7906,87.4644,12.5644,88.1969,-9999.0000,1.7937,-9999.0000,0.5841,0,0,1.0000
81320,7.6495,16.9383,22.3985,-9999.0000,2.7363,-9999.0000,2.1645,15.0856,87.4850,10.1184,88.2287,-9999.0000,2.0211,-9999.0000,-0.6940,0,0,1.0000
81321,8.6993,15.2157,20.2850,-9999.0000,0.7225,-9999.0000,2.1640,17.3406,87.4986,13.9801,88.2414,-9999.0000,3.9695,-9999.0000,-6.3523,0,0,1.0000
81322,9.8050,12.9481,19.3347,-9999.0000,0.9313,-9999.0000,2.1603,21.0938,87.5039,11.0746,88.2493,-9999.0000,3.7887,-9999.0000,-1.8043,0,0,1.0000
81323,8.4507,16.1433,20.4531,-9999.0000,-0.9403,-9999.0000,2.1633,14.5979,87.5231,11.9970,88.2550,-9999.0000,1.7177,-9999.0000,-10.1086,0,0,1.0000
81324,10.9444,12.7230,21.3558,-9999.0000,-2.0481,-9999.0000,2.1599,13.7033,87.5508,11.3837,88.2705,-9999.0000,2.1395,-9999.0000,-1.4123,0,0,1.0000
81325,9.6102,9.1834,17.1598,-9999.0000,-1.3803,-9999.0000,2.1602,10.6302,87.5711,18.2669,88.2834,-9999.0000,6.0685,-9999.0000,-7.1774,0,0,1.0000
81326,7.0079,11.3010,17.0516,-9999.0000,-0.1718,-9999.0000,2.1576,25.2281,87.5779,15.0649,88.2958,-9999.0000,10.5615,-9999.0000,-4.3035,0,0,1.0000
81327,7.0101,9.7582,15.9359,-9999.0000,0.7729,-9999.0000,2.1506,10.7474,87.5916,9.3082,88.3217,-9999.0000,7.6443,-9999.0000,-6.6622,0,0,1.0000
81328,7.7183,12.0303,19.6144,-9999.0000,3.1228,-9999.0000,2.1514,10.9373,87.6195,10.9179,88.3395,-9999.0000,16.1057,-9999.0000,0.7912,0,0,1.0000
81329,10.0660,12.3802,18.1190,-9999.0000,-1.1545,-9999.0000,2.1556,12.1429,87.6520,10.1193,88.3511,-9999.0000,28.7679,-9999.0000,-4.7897,0,0,1.0000
81330,9.0043,11.9390,17.7120,-9999.0000,2.3547,-9999.0000,2.1587,9.2343,87.6748,11.6844,88.3706,-9999.0000,17.7753,-9999.0000,-1.8305,0,0,1.0000
81331,7.9370,12.0480,18.5537,-9999.0000,3.0926,-9999.0000,2.1598,9.2287,87.6892,23.3583,88.3801,-9999.0000,6.3369,-9999.0000,3.9987,0,0,1.0000
81332,7.4610,11.1003,17.2074,-9999.0000,-0.6731,-9999.0000,2.1624,12.1631,87.7000,12.4939,88.3902,-9999.0000,3.7079,-9999.0000,-3.3151,0,0,1.0000
81333,8.4511,12.2649,17.9820,-9999.0000,-0.3731,-9999.0000,2.1612,11.8904,87.7114,12.0780,88.3921,-9999.0000,4.5641,-9999.0000,14.0562,0,0,1.0000
81334,6.4579,9.8660,16.5085,-9999.0000,0.3052,-9999.0000,2.1599,11.6895,87.7335,11.8482,88.4086,-9999.0000,2.0300,-9999.0000,11.2781,0,0,1.0000
81335,7.5705,10.5415,14.0086,-9999.0000,-1.4339,-9999.0000,2.1501,12.4213,87.7497,13.5650,88.4321,-9999.0000,1.8774,-9999.0000,-4.7990,0,0,1.0000
81336,7.1949,9.6854,16.0682,-9999.0000,1.2546,-9999.0000,2.1441,11.4734,87.7712,12.9396,88.4539,-9999.0000,2.5469,-9999.0000,-1.7243,0,0,1.0000
81337,5.8845,12.4413,15.5201,-9999.0000,6.0837,-9999.0000,2.1378,11.9389,87.7915,12.6038,88.4714,-9999.0000,4.3036,-9999.0000,-0.0886,0,0,1.0000
81338,6.8077,10.5713,18.5829,-9999.0000,-1.7526,-9999.0000,2.1380,12.9472,87.8024,12.6260,88.4826,-9999.0000,1.7350,-9999.0000,-3.9455,0,0,1.0000
81339,6.0026,13.0356,19.4710,-9999.0000,-3.3410,-9999.0000,2.1398,8.9017,87.8176,12.6399,88.4827,-9999.0000,2.5878,-9999.0000,-6.1306,0,0,1.0000
81340,7.1296,11.8684,16.8947,-9999.0000,-1.4948,-9999.0000,2.1437,14.3836,87.8346,13.1797,88.4999,-9999.0000,3.3890,-9999.0000,-2.7138,0,0,1.0000
81341,9.2274,11.6245,16.4387,-9999.0000,2.1260,-9999.0000,2.1405,10.6085,87.8446,18.2643,88.4934,-9999.0000,10.7292,-9999.0000,-0.5174,0,0,1.0000
81342,6.1592,8.9176,15.6175,-9999.0000,2.1849,-9999.0000,2.1432,12.4670,87.8438,12.0389,88.4887,-9999.0000,6.7239,-9999.0000,-9.4842,0,0,1.0000
81343,6.5344,11.1949,15.4156,-9999.0000,-0.8489,-9999.0000,2.1360,11.5868,87.8372,13.0955,88.4867,-9999.0000,3.6962,-9999.0000,-6.4862,0,0,1.0000
81344,5.9849,10.5461,17.0179,-9999.0000,0.2656,-9999.0000,2.1431,12.1789,87.8439,9.2916,88.4896,-9999.0000,3.2811,-9999.0000,-5.3023,0,0,1.0000
81345,8.6407,11.4478,17.6087,-9999.0000,0.1019,-9999.0000,2.1437,13.4500,87.8554,13.2615,88.4908,-9999.0000,3.9064,-9999.0000,-4.8388,0,0,1.0000
81346,9.7537,12.2002,17.6446,-9999.0000,-1.6872,-9999.0000,2.1443,13.2702,87.8615,10.7131,88.4951,-9999.0000,3.1704,-9999.0000,-1.6247,0,0,1.0000
81347,6.3203,11.4969,15.6354,-9999.0000,0.7395,-9999.0000,2.1516,13.4040,87.8884,9.9862,88.5043,-9999.0000,1.9908,-9999.0000,3.9631,0,0,1.0000
81348,6.9086,11.8255,16.0391,-9999.0000,2.3752,-9999.0000,2.1596,10.1715,87.9121,7.7414,88.5195,-9999.0000,2.4444,-9999.0000,1.7775,0,0,1.0000
81349,5.8411,9.3938,16.0905,-9999.0000,4.4183,-9999.0000,2.1655,8.4912,87.9281,10.9357,88.5364,-9999.0000,2.7593,-9999.0000,-0.0931,0,0,1.0000
81350,5.3318,9.7123,13.6098,-9999.0000,-1.4704,-9999.0000,2.1749,14.4212,87.9383,11.5314,88.5388,-9999.0000,2.9890,-9999.0000,-4.1301,0,0,1.0000
81351,6.9412,8.6972,14.6544,-9999.0000,-0.7569,-9999.0000,2.1726,6.8011,87.9458,13.1301,88.5405,-9999.0000,2.4489,-9999.0000,-5.1744,0,0,1.0000
81352,7.7931,7.5741,13.0317,-9999.0000,3.7395,-9999.0000,2.1725,7.2494,87.9483,10.7783,88.5319,-9999.0000,6.4813,-9999.0000,-7.9824,0,0,1.0000
81353,8.4030,10.4588,14.9035,-9999.0000,5.7752,-9999.0000,2.1719,11.1119,87.9472,11.9406,88.5214,-9999.0000,1.8668,-9999.0000,-4.4264,0,0,1.0000
81354,7.5604,9.5351,16.2492,-9999.0000,2.4363,-9999.0000,2.1706,9.8222,87.9440,10.8623,88.5037,-9999.0000,1.1919,-9999.0000,-6.1078,0,0,1.0000
81355,7.5874,14.2595,23.0523,-9999.0000,0.1449,-9999.0000,2.1680,12.1874,87.9334,13.2546,88.4893,-9999.0000,6.6291,-9999.0000,0.5987,0,0,1.0000
81356,8.8789,9.3001,16.8475,-9999.0000,0.1661,-9999.0000,2.1691,8.0900,87.9239,6.5875,88.4739,-9999.0000,6.4599,-9999.0000,-7.1657,0,0,1.0000
81357,7.1286,12.2612,17.4233,-9999.0000,2.3305,-9999.0000,2.1642,11.3754,87.9177,8.3792,88.4700,-9999.0000,1.2400,-9999.0000,2.6809,0,0,1.0000
81358,6.9767,11.4440,13.1410,-9999.0000,-2.1478,-9999.0000,2.1597,13.8555,87.9081,9.7735,88.4656,-9999.0000,0.4462,-9999.0000,-0.2682,0,0,1.0000
81359,5.5810,9.9586,17.9419,-9999.0000,-0.7772,-9999.0000,2.1597,10.9166,87.8924,8.8102,88.4536,-9999.0000,2.1313,-9999.0000,-5.4659,0,0,1.0000
81360,7.3720,11.3484,15.3918,-9999.0000,2.0161,-9999.0000,2.1583,16.7056,87.8911,10.0842,88.4493,-9999.0000,4.5623,-9999.0000,-0.8043,0,0,1.0000
81361,6.9685,7.3650,17.3445,-9999.0000,2.4850,-9999.0000,2.1580,10.5186,87.8813,13.1093,88.4282,-9999.0000,1.6763,-9999.0000,1.1861,0,0,1.0000
81362,6.4094,9.9845,13.5798,-9999.0000,2.6357,-9999.0000,2.1589,11.7842,87.8783,11.8402,88.4204,-9999.0000,1.9358,-9999.0000,-4.5157,0,0,1.0000
81363,8.7111,9.9774,16.1141,-9999.0000,0.3414,-9999.0000,2.1599,12.1897,87.8776,12.2558,88.4168,-9999.0000,1.2931,-9999.0000,-7.0259,0,0,1.0000
81364,6.8176,11.3351,14.8640,-9999.0000,2.4066,-9999.0000,2.1595,10.5744,87.8685,12.3862,88.4123,-9999.0000,0.7198,-9999.0000,-1.3745,0,0,1.0000
81365,10.3917,13.7842,17.5983,-9999.0000,-0.6395,-9999.0000,2.1594,10.1833,87.8671,11.8229,88.4047,-9999.0000,1.4134,-9999.0000,3.0775,0,0,1.0000
81366,9.3199,10.2876,17.5100,-9999.0000,1.0838,-9999.0000,2.1599,17.4792,87.8690,10.2997,88.4091,-9999.0000,1.8866,-9999.0000,5.6025,0,0,1.0000
81367,7.1725,11.7399,17.7775,-9999.0000,1.5122,-9999.0000,2.1593,12.6476,87.8660,9.8603,88.4117,-9999.0000,2.4725,-9999.0000,58.1467,0,0,1.0000
81368,-9999.0000,-9999.0000,-9999.0000,-9999.0000,1.2901,-9999.0000,-9999.0000,-9999.0000,-9999.0000,-9999.0000,-9999.0000,-9999.0000,-9999.0000,-9999.0000,0.9914,0,-9999,1.0000
81369,7.5761,9.6919,18.5671,-9999.0000,1.9705,-9999.0000,2.1618,15.9572,87.8661,10.8690,88.4080,-9999.0000,3.4747,-9999.0000,12.3395,0,0,1.0000
81370,9.0954,12.8575,17.7734,-9999.0000,0.5463,-9999.0000,2.1563,15.2759,87.8659,11.3532,88.4043,-9999.0000,3.1718,-9999.0000,62.4198,0,0,1.0000
81371,8.4938,10.4790,18.6891,-9999.0000,-2.2631,-9999.0000,2.1592,12.3623,87.8692,10.6712,88.4024,-9999.0000,6.4249,-9999.0000,-0.2349,0,0,1.0000
81372,7.2484,11.1378,16.3109,-9999.0000,0.0019,-9999.0000,2.1564,13.3354,87.8624,12.2252,88.3924,-9999.0000,3.2477,-9999.0000,-5.9586,0,0,1.0000
81373,7.3390,11.4976,15.9843,-9999.0000,-3.4634,-9999.0000,2.1593,12.9817,87.8676,13.1102,88.3933,-9999.0000,4.2210,-9999.0000,-5.9437,0,0,1.0000
81374,-9999.0000,-9999.0000,-9999.0000,-9999.0000,3.1782,-9999.0000,-9999.0000,-9999.0000,-9999.0000,-9999.0000,-9999.0000,-9999.0000,-9999.0000,-9999.0000,-1.0051,0,-9999,1.0000
81375,6.0461,10.2906,17.6874,-9999.0000,-0.0542,-9999.0000,2.1594,15.2916,87.8605,15.2249,88.3916,-9999.0000,5.7101,-9999.0000,-4.3445,0,0,1.0000
81376,7.6222,9.9782,17.8537,-9999.0000,-0.2211,-9999.0000,2.1555,16.4104,87.8564,13.0532,88.3945,-9999.0000,4.0751,-9999.0000,3.3436,0,0,1.0000
81377,6.0278,11.3313,20.3929,-9999.0000,0.4892,-9999.0000,2.1546,11.6461,87.8516,10.1843,88.4030,-9999.0000,4.6309,-9999.0000,-1.4184,0,0,1.0000
81378,7.1309,10.2237,16.6400,-9999.0000,0.5588,-9999.0000,2.1505,13.1883,87.8677,9.0399,88.4243,-9999.0000,2.0692,-9999.0000,0.3160,0,0,1.0000
81379,-9999.0000,-9999.0000,-9999.0000,-9999.0000,-1.1991,-9999.0000,-9999.0000,-9999.0000,-9999.0000,-9999.0000,-9999.0000,-9999.0000,-9999.0000,-9999.0000,-5.0093,0,-9999,1.0000
81380,10.5958,9.5187,18.0669,-9999.0000,0.5481,-9999.0000,2.1466,24.1833,87.9023,8.9901,88.4504,-9999.0000,4.0759,-9999.0000,-3.6564,0,0,1.0000
81381,8.1810,9.6531,17.0800,-9999.0000,-0.9258,-9999.0000,2.1462,13.0505,87.9556,16.0987,88.5031,-9999.0000,5.1106,-9999.0000,-6.1699,0,0,1.0000
81382,12.1122,10.2294,16.2467,-9999.0000,-1.9477,-9999.0000,2.1462,13.8730,88.0040,16.2240,88.5500,-9999.0000,5.2423,-9999.0000,0.9650,0,0,1.0000
81383,7.7525,10.7165,22.6332,-9999.0000,6.0933,-9999.0000,2.1474,15.1445,88.0397,14.5178,88.5938,-9999.0000,3.7039,-9999.0000,-0.0333,0,0,1.0000
81384,-9999.0000,-9999.0000,-9999.0000,-9999.0000,-0.8945,-9999.0000,-9999.0000,-9999.0000,-9999.0000,-9999.0000,-9999.0000,-9999.0000,-9999.0000,-9999.0000,-3.5701,0,-9999,1.0000
81385,6.7523,11.1152,16.0146,-9999.0000,-1.8315,-9999.0000,2.1477,15.2050,88.0849,17.5706,88.6478,-9999.0000,3.2363,-9999.0000,-2.6124,0,0,1.0000
81386,-9999.0000,-9999.0000,-9999.0000,-9999.0000,-2.2206,-9999.0000,-9999.0000,-9999.0000,-9999.0000,-9999.0000,-9999.0000,-9999.0000,-9999.0000,-9999.0000,-0.9024,0,-9999,1.0000
81387,7.0538,10.2478,16.2200,-9999.0000,0.4900,-9999.0000,2.1465,12.8351,88.1889,12.3723,88.7423,-9999.0000,3.7205,-9999.0000,-8.2988,0,0,1.0000
81388,-9999.0000,-9999.0000,-9999.0000,-9999.0000,-3.1453,-9999.0000,-9999.0000,-9999.0000,-9999.0000,-9999.0000,-9999.0000,-9999.0000,-9999.0000,-9999.0000,-8.9935,0,-9999,1.0000
81389,6.5435,9.6992,15.1960,-9999.0000,-3.8443,-9999.0000,2.1459,8.9664,88.2906,14.6083,88.8543,-9999.0000,2.9460,-9999.0000,4.5389,0,0,1.0000
81390,6.3606,11.3479,17.4382,-9999.0000,4.6966,-9999.0000,2.1459,12.8880,88.3618,16.6947,88.9220,-9999.0000,3.3629,-9999.0000,-4.7181,0,0,1.0000
81391,-9999.0000,-9999.0000,-9999.0000,-9999.0000,-2.1395,-9999.0000,-9999.0000,-9999.0000,-9999.0000,-9999.0000,-9999.0000,-9999.0000,-9999.0000,-9999.0000,-6.6635,0,-9999,1.0000
81392,8.8321,10.9021,18.7853,-9999.0000,0.6157,-9999.0000,2.1425,10.5521,88.4462,13.7094,89.0013,-9999.0000,2.1491,-9999.0000,1.8116,0,0,1.0000
81393,-9999.0000,-9999.0000,-9999.0000,-9999.0000,4.4636,-9999.0000,-9999.0000,-9999.0000,-9999.0000,-9999.0000,-9999.0000,-9999.0000,-9999.0000,-9999.0000,3.8184,0,-9999,1.0000
81394,8.0268,12.4099,16.7009,-9999.0000,0.9386,-9999.0000,2.1365,12.3255,88.4969,18.7287,89.0607,-9999.0000,4.4843,-9999.0000,-2.7224,0,0,1.0000
81395,9.8724,10.1433,17.1668,-9999.0000,0.5430,-9999.0000,2.1372,11.1716,88.5287,11.7310,89.0947,-9999.0000,4.5283,-9999.0000,-2.4098,0,0,1.0000
81396,6.9023,12.8619,18.8834,-9999.0000,3.8959,-9999.0000,2.1402,10.9615,88.5911,15.1259,89.1403,-9999.0000,3.4153,-9999.0000,-1.8698,0,0,1.0000
81397,-9999.0000,-9999.0000,-9999.0000,-9999.0000,1.4566,-9999.0000,-9999.0000,-9999.0000,-9999.0000,-9999.0000,-9999.0000,-9999.0000,-9999.0000,-9999.0000,-8.0704,0,-9999,1.0000
81398,8.2580,11.0900,18.9885,-9999.0000,0.0397,-9999.0000,2.1386,12.4587,88.6516,13.8660,89.1900,-9999.0000,4.0025,-9999.0000,-3.2402,0,0,1.0000
81399,12.9462,10.6653,19.7847,-9999.0000,-0.9529,-9999.0000,2.1421,22.3158,88.6903,11.0892,89.2183,-9999.0000,5.7845,-9999.0000,-2.8827,0,0,1.0000
81400,9.1666,11.0881,17.3404,-9999.0000,-1.0901,-9999.0000,2.1428,18.9717,88.7354,13.1102,89.2584,-9999.0000,6.4791,-9999.0000,-2.7314,0,0,1.0000
81401,7.9444,10.2573,16.5315,-9999.0000,1.1911,-9999.0000,2.1427,12.9264,88.7752,10.1817,89.2954,-9999.0000,3.6785,-9999.0000,-3.3716,0,0,1.0000
81402,-9999.0000,-9999.0000,-9999.0000,-9999.0000,2.1402,-9999.0000,-9999.0000,-9999.0000,-9999.0000,-9999.0000,-9999.0000,-9999.0000,-9999.0000,-9999.0000,-5.5069,0,-9999,1.0000
81403,6.0600,10.7145,14.9283,-9999.0000,1.9840,-9999.0000,2.1425,16.3582,88.7954,10.5495,89.3124,-9999.0000,2.1816,-9999.0000,-2.8207,0,0,1.0000
81404,6.7685,9.1713,17.6801,-9999.0000,1.0434,-9999.0000,2.1468,12.3841,88.8266,12.0020,89.3347,-9999.0000,4.0318,-9999.0000,-0.8522,0,0,1.0000
81405,6.2120,10.0356,19.3279,-9999.0000,-0.1063,-9999.0000,2.1482,18.8288,88.8656,11.6410,89.3692,-9999.0000,8.1182,-9999.0000,-9.2502,0,0,1.0000
81406,4.7923,8.6500,15.8029,-9999.0000,-0.7968,-9999.0000,2.1499,16.8254,88.9012,10.2943,89.3910,-9999.0000,4.4171,-9999.0000,1.0355,0,0,1.0000
81407,6.1787,9.4683,17.3245,-9999.0000,2.5054,-9999.0000,2.1475,10.6906,88.9152,13.2159,89.3966,-9999.0000,3.5811,-9999.0000,5.5141,0,0,1.0000
81408,-9999.0000,-9999.0000,-9999.0000,-9999.0000,1.5990,-9999.0000,-9999.0000,-9999.0000,-9999.0000,-9999.0000,-9999.0000,-9999.0000,-9999.0000,-9999.0000,0.9874,0,-9999,1.0000
