Data/Raw/WAGNER,NICK/firexaq-AOP-optical_DC8_20190730_R1.ict
51, 1001
Wagner, Nicholas L.
NOAA Earth System Research Laboratory
NOAA AOP instrument
FIREX-AQ
1, 1
2019, 07, 30, 2020, 04, 27
1
Time_start, seconds_past_midnight, seconds from midnight
18
1, 1, 1, 1, 1, 1, 1, 1, 1, 1, 1, 1, 1, 1, 1, 1, 1, 1
-9999, -9999, -9999, -9999, -9999, -9999, -9999, -9999, -9999, -9999, -9999, -9999, -9999, -9999, -9999, -9999, -9999, -9999
ext_dry_664, Mm-1, AerOpt_Extinction_InSitu_RHd_red_Total_PM2.5_STP
ext_dry_532, Mm-1, AerOpt_Extinction_InSitu_RHd_green_Total_PM2.5_STP
ext_dry_405, Mm-1, AerOpt_Extinction_InSitu_RHd_blue_Total_PM2.5_STP
abs_dry_664, Mm-1, AerOpt_Absorption_InSitu_RHd_red_Total_PM2.5_STP
abs_dry_532, Mm-1, AerOpt_Absorption_InSitu_RHd_green_Total_PM2.5_STP
abs_dry_405, Mm-1, AerOpt_Absorption_InSitu_RHd_blue_Total_PM2.5_STP
AOP_RH_dry, pct, Relative_humidity_of_dry_RH_channels
ext_medRH_664, Mm-1, AerOpt_Extinction_InSitu_RH80_red_Total_PM2.5_STP
AOP_RH_med, pct, Relative_humidity_of_medium_RH_channel
ext_highRH_664, Mm-1, AerOpt_Extinction_InSitu_RH85_red_Total_PM2.5_STP
AOP_RH_high, pct, Relative_humidity_of_high_RH_channel
ext_TD_664, Mm-1, AerOpt_ExtinctionTD_InSitu_RHd_blue_Total_PM2.5_STP
ext_TD_405, Mm-1, AerOpt_ExtinctionTD_InSitu_RHd_red_Total_PM2.5_STP
abs_TD_664, Mm-1, AerOpt_Absorption_InSitu_RHd_red_Total_PM2.5_STP
abs_TD_405, Mm-1, AerOpt_Absorption_InSitu_RHd_blue_Total_PM2.5_STP
AOP_TD_bypass_flag, pct, Flag_for_TD_Bypass_valve
AOP_filter_flag, pct, Flag_for_Filter_Valve
AOP_Dilution_ratio, pct, Applied_Dilution_Ratio_for_ext_channels
1
N/A
18
PI_CONTACT_INFO: Address: NOAA ESRL Chemical Sciences Division, R/CSD2, 325 Broadway, Boulder, CO 80305. Email: nick.wagner@noaa.gov.
PLATFORM: NASA DC8
LOCATION: See the DC8 MetNav file, Based in Boise (BOI) and Salina, KS
ASSOCIATED_DATA: N/A
[...]
DATA_INFO: Mm-1:
UNCERTAINTY: The precision of the extinction measurements varies with aerosol loading and is +/-20% at 10 Mm-1 and +/-5% at 100 Mm-1. The accuracy of the dry measurement is +/-2% and depends on RH for the humidified measurements, +/-5% at 85% RH and +/-15% at 90% RH. For more details, see Langridge et al., Aerosol Science and Technology 45:1305-1318, 2011. Analysis of comparable measurements suggest incomplete mixing in the dilution system. Effective dilution for individual instruments can vary by +/- 30% compared to the reported flow-based dilution estimate. The absorption measurements have a high signal accuracy of 20%. The low signal precision varies with altitude and flight to flight, and is typically less than 10 Mm-1 for 1 second measurements.
ULOD_FLAG: -7777
ULOD_VALUE: N/A
LLOD_FLAG: -8888
LLOD_VALUE: N/A
DM_CONTACT_INFO: Gao Chen
PROJECT_INFO: FIREX-AQ
STIPULATIONS_ON_USE: NASA Data Policy. Contact with PI is encouraged.
OTHER_COMMENTS: N/A
REVISION: R1
R1: Absorption measurements have been corrected for pressure dependent microphone sensitivity. In-cloud data has been removed. R0: Final Data. 
Time_start, ext_dry_664, ext_dry_532, ext_dry_405, abs_dry_664, abs_dry_532, abs_dry_405, AOP_RH_dry, ext_medRH_664, AOP_RH_med, ext_highRH_664, AOP_RH_high, ext_TD_664, ext_TD_405, abs_TD_664, abs_TD_405, AOP_TD_bypass_flag, AOP_filter_flag, AOP_Dilution_ratio
[from data line 12152]
87812,0.5913,0.5563,0.7448,-9999.0000,-9999.0000,0.3604,3.7310,3.3955,79.7376,-9999.0000,87.3684,-9999.0000,-0.6149,-9999.0000,-9999.0000,0,0,1.0000
87813,0.5562,0.6839,0.9629,-9999.0000,-9999.0000,-0.0248,3.7315,1.2798,79.7165,-9999.0000,87.3692,-9999.0000,-0.3823,-9999.0000,-9999.0000,0,0,1.0000
87814,0.1454,0.9047,1.9388,-9999.0000,-9999.0000,-1.1768,3.7307,1.5787,79.7076,-9999.0000,87.3717,-9999.0000,-0.5378,-9999.0000,-9999.0000,0,0,1.0000
87815,0.3057,0.8768,2.9648,-9999.0000,-9999.0000,1.0489,3.7277,2.0551,79.7012,-9999.0000,87.3754,-9999.0000,-0.6705,-9999.0000,-9999.0000,0,0,1.0000
87816,0.7705,0.5626,0.8530,-9999.0000,-9999.0000,-0.7609,3.7347,1.8030,79.7039,-9999.0000,87.3770,-9999.0000,-0.0485,-9999.0000,-9999.0000,0,0,1.0000
87817,0.0637,0.7503,1.1936,-9999.0000,-9999.0000,-0.2548,3.7353,0.9310,79.7145,-9999.0000,87.3730,-9999.0000,-0.0080,-9999.0000,-9999.0000,0,0,1.0000
87818,0.9188,0.6953,1.4656,-9999.0000,-9999.0000,0.8418,3.7365,1.3369,79.7381,-9999.0000,87.3724,-9999.0000,-0.6296,-9999.0000,-9999.0000,0,0,1.0000
87819,0.0424,0.5630,0.9074,-9999.0000,-9999.0000,0.5479,3.7372,3.0653,79.7895,-9999.0000,87.3768,-9999.0000,-0.5617,-9999.0000,-9999.0000,0,0,1.0000
87820,0.1807,0.5238,0.6825,-9999.0000,-9999.0000,0.5545,3.7345,2.1999,79.8436,-9999.0000,87.3772,-9999.0000,-0.6179,-9999.0000,-9999.0000,0,0,1.0000
87821,0.2296,1.2221,1.1646,-9999.0000,-9999.0000,0.3785,3.7372,1.7984,79.9134,-9999.0000,87.3819,-9999.0000,-0.5773,-9999.0000,-9999.0000,0,0,1.0000
87822,0.2004,2.7599,1.1309,-9999.0000,-9999.0000,-1.6307,3.7386,3.1057,79.9831,-9999.0000,87.3825,-9999.0000,-0.4995,-9999.0000,-9999.0000,0,0,1.0000
87823,0.4044,0.8364,1.4935,-9999.0000,-9999.0000,-0.1996,3.7443,2.4863,80.0689,-9999.0000,87.3873,-9999.0000,-0.1488,-9999.0000,-9999.0000,0,0,1.0000
87824,0.3350,0.8201,0.7594,-9999.0000,-9999.0000,0.5481,3.7482,1.8237,80.1722,-9999.0000,87.3862,-9999.0000,-0.2928,-9999.0000,-9999.0000,0,0,1.0000
87825,0.5161,0.7262,0.7312,-9999.0000,-9999.0000,-1.3283,3.7476,1.6940,80.2529,-9999.0000,87.3860,-9999.0000,-0.5855,-9999.0000,-9999.0000,0,0,1.0000
87826,0.5149,0.5924,0.3331,-9999.0000,-9999.0000,0.3817,3.7479,1.9953,80.3408,-9999.0000,87.3843,-9999.0000,0.3328,-9999.0000,-9999.0000,0,0,1.0000
87827,0.9630,0.2663,0.7229,-9999.0000,-9999.0000,-0.9235,3.7474,1.8218,80.4302,-9999.0000,87.3859,-9999.0000,0.1230,-9999.0000,-9999.0000,0,0,1.0000
87828,0.8017,0.8231,0.7048,-9999.0000,-9999.0000,0.5440,3.7482,1.7015,80.5585,-9999.0000,87.3821,-9999.0000,-0.0160,-9999.0000,-9999.0000,0,0,1.0000
87829,0.1695,0.7654,1.1834,-9999.0000,-9999.0000,1.0290,3.7464,1.5884,80.6768,-9999.0000,87.3720,-9999.0000,-0.1200,-9999.0000,-9999.0000,0,0,1.0000
87830,0.2038,0.6106,0.5841,-9999.0000,-9999.0000,-0.6162,3.7481,2.8806,80.7984,-9999.0000,87.3648,-9999.0000,-0.0925,-9999.0000,-9999.0000,0,0,1.0000
87831,0.3890,1.5061,0.9959,-9999.0000,-9999.0000,-0.1725,3.7470,1.1104,80.9206,-9999.0000,87.3614,-9999.0000,-0.8051,-9999.0000,-9999.0000,0,0,1.0000
87832,0.4000,0.7249,0.8928,-9999.0000,-9999.0000,-0.5295,3.7480,1.3995,81.0359,-9999.0000,87.3594,-9999.0000,-0.9409,-9999.0000,-9999.0000,0,0,1.0000
87833,1.2171,0.8386,0.8989,-9999.0000,-9999.0000,-0.5210,3.7480,1.0405,81.1525,-9999.0000,87.3575,-9999.0000,-0.6996,-9999.0000,-9999.0000,0,0,1.0000
87834,0.3806,0.8431,0.8200,-9999.0000,-9999.0000,-0.2499,3.7440,1.1358,81.2612,-9999.0000,87.3469,-9999.0000,-0.5175,-9999.0000,-9999.0000,0,0,1.0000
87835,0.5643,0.6049,0.9428,-9999.0000,-9999.0000,0.5353,3.7431,1.0060,81.3868,-9999.0000,87.3383,-9999.0000,-0.0478,-9999.0000,-9999.0000,0,0,1.0000
87836,0.0581,0.5315,0.3040,-9999.0000,-9999.0000,0.7002,3.7403,2.0728,81.4947,-9999.0000,87.3197,-9999.0000,-0.4337,-9999.0000,-9999.0000,0,0,1.0000
87837,0.2800,0.6298,0.4041,-9999.0000,-9999.0000,0.2868,3.7399,1.2376,81.6025,-9999.0000,87.3071,-9999.0000,-0.2640,-9999.0000,-9999.0000,0,0,1.0000
87838,0.0804,0.5320,1.4322,-9999.0000,-9999.0000,1.0280,3.7429,1.3272,81.7242,-9999.0000,87.2943,-9999.0000,-0.3968,-9999.0000,-9999.0000,0,0,1.0000
87839,0.1853,1.3819,0.8991,-9999.0000,-9999.0000,-0.0976,3.7392,1.9151,81.8248,-9999.0000,87.2757,-9999.0000,-0.5336,-9999.0000,-9999.0000,0,0,1.0000
87840,0.5369,0.7960,1.2121,-9999.0000,-9999.0000,-0.8748,3.7471,1.5220,81.9484,-9999.0000,87.2570,-9999.0000,-0.6750,-9999.0000,-9999.0000,0,0,1.0000
87841,0.3162,0.6559,0.3016,-9999.0000,-9999.0000,-0.0274,3.7468,1.2998,82.0383,-9999.0000,87.2278,-9999.0000,-0.4379,-9999.0000,-9999.0000,0,0,1.0000
87842,0.4862,0.7703,0.4442,-9999.0000,-9999.0000,-0.6083,3.7473,1.6822,82.1310,-9999.0000,87.2030,-9999.0000,-0.1953,-9999.0000,-9999.0000,0,0,1.0000
87843,0.7075,1.9464,1.0147,-9999.0000,-9999.0000,-0.2716,3.7425,1.6449,82.2221,-9999.0000,87.1813,-9999.0000,-0.7652,-9999.0000,-9999.0000,0,0,1.0000
87844,0.7453,0.6607,0.6860,-9999.0000,-9999.0000,0.5520,3.7433,1.2041,82.3156,-9999.0000,87.1649,-9999.0000,-0.3611,-9999.0000,-9999.0000,0,0,1.0000
87845,0.5433,0.8447,0.9201,-9999.0000,-9999.0000,-0.6634,3.7437,0.6843,82.4173,-9999.0000,87.1537,-9999.0000,-0.1392,-9999.0000,-9999.0000,0,0,1.0000
87846,0.9324,1.2116,1.6638,-9999.0000,-9999.0000,0.7595,3.7462,2.3105,82.4831,-9999.0000,87.1378,-9999.0000,-0.6828,-9999.0000,-9999.0000,0,0,1.0000
87847,0.2956,0.5712,1.1914,-9999.0000,-9999.0000,0.5090,3.7432,2.6528,82.5547,-9999.0000,87.1167,-9999.0000,0.1676,-9999.0000,-9999.0000,0,0,1.0000
87848,0.3365,0.8476,0.6240,-9999.0000,-9999.0000,-1.7326,3.7423,2.1235,82.6268,-9999.0000,87.1020,-9999.0000,-0.4270,-9999.0000,-9999.0000,0,0,1.0000
87849,0.1317,1.0262,0.4714,-9999.0000,-9999.0000,-0.5882,3.7441,1.9127,82.6880,-9999.0000,87.0875,-9999.0000,-0.7101,-9999.0000,-9999.0000,0,0,1.0000
87850,0.3468,0.6417,0.5178,-9999.0000,-9999.0000,0.1798,3.7426,1.6318,82.7328,-9999.0000,87.0699,-9999.0000,-0.1254,-9999.0000,-9999.0000,0,0,1.0000
87851,0.1052,0.6053,0.4929,-9999.0000,-9999.0000,0.5612,3.7418,1.0391,82.7576,-9999.0000,87.0489,-9999.0000,0.5222,-9999.0000,-9999.0000,0,0,1.0000
87852,0.4676,0.6421,0.6972,-9999.0000,-9999.0000,0.0009,3.7407,0.6022,82.7791,-9999.0000,87.0270,-9999.0000,-0.3240,-9999.0000,-9999.0000,0,0,1.0000
87853,0.0953,0.4075,0.5049,-9999.0000,-9999.0000,-0.8218,3.7414,0.6658,82.8057,-9999.0000,87.0036,-9999.0000,-0.4702,-9999.0000,-9999.0000,0,0,1.0000
87854,0.7791,0.8766,1.0202,-9999.0000,-9999.0000,-0.1390,3.7372,0.8870,82.8313,-9999.0000,86.9783,-9999.0000,-0.1205,-9999.0000,-9999.0000,0,0,1.0000
87855,0.1987,1.0454,0.3847,-9999.0000,-9999.0000,0.5118,3.7346,0.7026,82.8401,-9999.0000,86.9484,-9999.0000,-0.6869,-9999.0000,-9999.0000,0,0,1.0000
87856,0.3600,0.7627,0.9356,-9999.0000,-9999.0000,-1.0213,3.7344,0.1558,82.8425,-9999.0000,86.9274,-9999.0000,-0.4276,-9999.0000,-9999.0000,0,0,1.0000
87857,0.0491,0.6038,0.5980,-9999.0000,-9999.0000,0.5222,3.7386,0.9428,82.8535,-9999.0000,86.9130,-9999.0000,0.1349,-9999.0000,-9999.0000,0,0,1.0000
87858,0.5591,0.4494,0.5375,-9999.0000,-9999.0000,0.4669,3.7346,0.3442,82.8373,-9999.0000,86.8875,-9999.0000,0.2128,-9999.0000,-9999.0000,0,0,1.0000
87859,0.3449,0.6272,0.5735,-9999.0000,-9999.0000,2.1949,3.7264,0.2773,82.7866,-9999.0000,86.8554,-9999.0000,-0.3751,-9999.0000,-9999.0000,0,0,1.0000
87860,0.1291,0.6486,0.7538,-9999.0000,-9999.0000,-0.4485,3.7227,-0.0021,82.7131,-9999.0000,86.8218,-9999.0000,-0.0601,-9999.0000,-9999.0000,0,0,1.0000
87861,0.2167,0.8348,0.9480,-9999.0000,-9999.0000,-0.5248,3.7261,1.8300,82.6267,-9999.0000,86.7865,-9999.0000,0.2623,-9999.0000,-9999.0000,0,0,1.0000
87862,0.0452,0.6593,1.5472,-9999.0000,-9999.0000,0.0557,3.7238,0.6642,82.5237,-9999.0000,86.7483,-9999.0000,-0.0273,-9999.0000,-9999.0000,0,0,1.0000
87863,0.2496,0.7612,1.7255,-9999.0000,-9999.0000,-0.1380,3.7258,0.3314,82.4049,-9999.0000,86.7022,-9999.0000,-0.0868,-9999.0000,-9999.0000,0,0,1.0000
87864,0.5062,1.4763,0.4097,-9999.0000,-9999.0000,0.9777,3.7258,0.5773,82.2766,-9999.0000,86.6584,-9999.0000,-0.3099,-9999.0000,-9999.0000,0,0,1.0000
87865,0.1505,1.1939,0.7214,-9999.0000,-9999.0000,-0.0088,3.7259,0.3223,82.1388,-9999.0000,86.6078,-9999.0000,-0.5831,-9999.0000,-9999.0000,0,0,1.0000
87866,0.2220,1.2736,0.5075,-9999.0000,-9999.0000,-0.6245,3.7267,0.0416,81.9907,-9999.0000,86.5603,-9999.0000,-0.8135,-9999.0000,-9999.0000,0,0,1.0000
87867,0.3676,0.5829,0.5368,-9999.0000,-9999.0000,0.2268,3.7222,0.7166,81.8313,-9999.0000,86.5162,-9999.0000,-0.4975,-9999.0000,-9999.0000,0,0,1.0000
87868,0.3314,0.5603,0.4886,-9999.0000,-9999.0000,-0.3847,3.7181,0.3173,81.6833,-9999.0000,86.4773,-9999.0000,-0.4348,-9999.0000,-9999.0000,0,0,1.0000
87869,1.0337,0.8375,0.8194,-9999.0000,-9999.0000,0.7147,3.7193,0.2338,81.5345,-9999.0000,86.4291,-9999.0000,-0.7780,-9999.0000,-9999.0000,0,0,1.0000
87870,0.5886,1.1519,1.2388,-9999.0000,-9999.0000,-0.0454,3.7330,1.0595,81.3777,-9999.0000,86.3904,-9999.0000,-0.4978,-9999.0000,-9999.0000,0,0,1.0000
87871,0.3614,0.7179,0.8324,-9999.0000,-9999.0000,-0.8044,3.7274,0.9240,81.2122,-9999.0000,86.3415,-9999.0000,-0.0952,-9999.0000,-9999.0000,0,0,1.0000
87872,0.1502,1.1963,0.4425,-9999.0000,-9999.0000,0.1172,3.7297,1.3648,81.0523,-9999.0000,86.2964,-9999.0000,0.2952,-9999.0000,-9999.0000,0,0,1.0000
87873,0.0181,0.8643,0.5118,-9999.0000,-9999.0000,0.5974,3.7266,1.5533,80.9207,-9999.0000,86.2535,-9999.0000,1.0683,-9999.0000,-9999.0000,0,0,1.0000
87874,1.4435,0.6295,0.5773,-9999.0000,-9999.0000,0.2352,3.7259,1.6946,80.7978,-9999.0000,86.2178,-9999.0000,1.7304,-9999.0000,-9999.0000,0,0,1.0000
87875,-0.0241,0.6940,1.8522,-9999.0000,-9999.0000,0.5661,3.7248,0.1875,80.6865,-9999.0000,86.1843,-9999.0000,0.3068,-9999.0000,-9999.0000,0,0,1.0000
87876,0.3364,0.4230,0.3030,-9999.0000,-9999.0000,-0.8161,3.7225,0.4681,80.5746,-9999.0000,86.1569,-9999.0000,-0.6516,-9999.0000,-9999.0000,0,0,1.0000
87877,0.3117,0.4510,0.1754,-9999.0000,-9999.0000,0.2720,3.7267,0.0557,80.4849,-9999.0000,86.1326,-9999.0000,-0.4675,-9999.0000,-9999.0000,0,0,1.0000
87878,0.5285,1.5540,0.6240,-9999.0000,-9999.0000,1.1112,3.7301,0.0737,80.4007,-9999.0000,86.1000,-9999.0000,-0.1215,-9999.0000,-9999.0000,0,0,1.0000
87879,0.5625,0.8384,1.4089,-9999.0000,-9999.0000,-0.0329,3.7296,-0.2746,80.3270,-9999.0000,86.0643,-9999.0000,-0.3679,-9999.0000,-9999.0000,0,0,1.0000
87880,0.1798,0.4233,0.7668,-9999.0000,-9999.0000,-0.3206,3.7299,0.2681,80.2733,-9999.0000,86.0175,-9999.0000,-0.2428,-9999.0000,-9999.0000,0,0,1.0000
87881,0.2169,0.7311,0.1537,-9999.0000,-9999.0000,-0.0721,3.7303,0.3520,80.2327,-9999.0000,85.9950,-9999.0000,-0.4619,-9999.0000,-9999.0000,0,0,1.0000
87882,0.2366,0.9570,1.0343,-9999.0000,-9999.0000,-0.4733,3.7306,-0.1519,80.2023,-9999.0000,85.9713,-9999.0000,-0.6105,-9999.0000,-9999.0000,0,0,1.0000
87883,0.2103,2.0993,0.9983,-9999.0000,-9999.0000,0.3755,3.7304,0.1765,80.1758,-9999.0000,85.9368,-9999.0000,-0.4479,-9999.0000,-9999.0000,0,0,1.0000
87884,0.1870,0.8541,0.8881,-9999.0000,-9999.0000,-0.3012,3.7330,0.4826,80.1672,-9999.0000,85.8916,-9999.0000,-0.5567,-9999.0000,-9999.0000,0,0,1.0000
87885,1.1254,0.7095,1.6629,-9999.0000,-9999.0000,-0.5153,3.7352,3.9224,80.1603,-9999.0000,85.8443,-9999.0000,-0.6593,-9999.0000,-9999.0000,0,0,1.0000
87886,0.9035,1.1455,0.4239,-9999.0000,-9999.0000,0.5441,3.7394,0.8659,80.1553,-9999.0000,85.7926,-9999.0000,-0.2730,-9999.0000,-9999.0000,0,0,1.0000
87887,0.4017,0.9105,0.6590,-9999.0000,-9999.0000,-0.0029,3.7438,0.7138,80.1596,-9999.0000,85.7401,-9999.0000,-0.1663,-9999.0000,-9999.0000,0,0,1.0000
87888,0.3061,0.7790,0.6847,-9999.0000,-9999.0000,-0.2556,3.7434,0.6976,80.1759,-9999.0000,85.7137,-9999.0000,-0.0543,-9999.0000,-9999.0000,0,0,1.0000
87889,1.3379,0.9391,1.4504,-9999.0000,-9999.0000,-0.0627,3.7438,0.3422,80.2038,-9999.0000,85.6724,-9999.0000,0.3360,-9999.0000,-9999.0000,0,0,1.0000
87890,0.2971,1.0970,1.7653,-9999.0000,-9999.0000,-1.0985,3.7412,1.4021,80.2523,-9999.0000,85.6290,-9999.0000,0.0617,-9999.0000,-9999.0000,0,0,1.0000
87891,0.3158,0.7542,0.6875,-9999.0000,-9999.0000,-0.5705,3.7385,1.1600,80.2939,-9999.0000,85.5712,-9999.0000,-0.3254,-9999.0000,-9999.0000,0,0,1.0000
87892,0.1843,1.1351,0.6816,-9999.0000,-9999.0000,0.6058,3.7386,0.4504,80.3679,-9999.0000,85.5209,-9999.0000,-0.3565,-9999.0000,-9999.0000,0,0,1.0000
87893,0.3469,0.7206,1.1374,-9999.0000,-9999.0000,0.0608,3.7419,1.2544,80.4546,-9999.0000,85.4709,-9999.0000,-0.6028,-9999.0000,-9999.0000,0,0,1.0000
87894,0.2670,1.1948,1.0498,-9999.0000,-9999.0000,-1.1948,3.7430,0.1909,80.5406,-9999.0000,85.4191,-9999.0000,-0.6088,-9999.0000,-9999.0000,0,0,1.0000
87895,0.3174,0.4796,0.9170,-9999.0000,-9999.0000,0.7034,3.7394,-0.0567,80.6275,-9999.0000,85.3682,-9999.0000,-0.6314,-9999.0000,-9999.0000,0,0,1.0000
87896,0.4112,1.0292,0.0421,-9999.0000,-9999.0000,0.7036,3.7353,0.9722,80.7107,-9999.0000,85.3207,-9999.0000,-0.3579,-9999.0000,-9999.0000,0,0,1.0000
87897,0.4058,1.5514,0.9715,-9999.0000,-9999.0000,-9999.0000,3.7312,0.8537,80.8183,-9999.0000,85.2759,-9999.0000,-0.2478,-9999.0000,-9999.0000,0,0,1.0000
87898,1.1761,0.6625,0.4067,-9999.0000,-9999.0000,-9999.0000,3.7305,4.7748,80.9201,-9999.0000,85.2214,-9999.0000,-0.4703,-9999.0000,-9999.0000,0,0,1.0000
87899,0.4111,1.5875,1.1317,-9999.0000,-9999.0000,-9999.0000,3.7338,0.3015,81.0243,-9999.0000,85.1876,-9999.0000,-0.2766,-9999.0000,-9999.0000,0,0,1.0000
87900,0.6019,1.3858,1.3157,-9999.0000,-9999.0000,-9999.0000,3.7379,0.5733,81.1445,-9999.0000,85.1658,-9999.0000,-0.1935,-9999.0000,-9999.0000,0,0,1.0000
87901,1.2423,0.8908,0.6558,-9999.0000,-9999.0000,-9999.0000,3.7375,0.0515,81.2622,-9999.0000,85.1513,-9999.0000,-0.4897,-9999.0000,-9999.0000,0,0,1.0000
87902,0.1785,0.9281,1.0080,-9999.0000,-9999.0000,-9999.0000,3.7337,0.5677,81.3743,-9999.0000,85.1344,-9999.0000,-0.4480,-9999.0000,-9999.0000,0,0,1.0000
87903,0.4668,1.0201,1.0745,-9999.0000,-9999.0000,-9999.0000,3.7295,0.2886,81.4724,-9999.0000,85.1172,-9999.0000,-0.4977,-9999.0000,-9999.0000,0,0,1.0000
87904,0.3026,1.0392,1.5757,-9999.0000,-9999.0000,-9999.0000,3.7303,0.6300,81.5949,-9999.0000,85.1046,-9999.0000,-0.5469,-9999.0000,-9999.0000,0,0,1.0000
87905,0.5556,1.2682,0.8593,-9999.0000,-9999.0000,-9999.0000,3.7303,0.7845,81.7112,-9999.0000,85.0813,-9999.0000,0.1641,-9999.0000,-9999.0000,0,0,1.0000
87906,0.6393,1.1596,1.9665,-9999.0000,-9999.0000,-9999.0000,3.7337,0.4014,81.8374,-9999.0000,85.0664,-9999.0000,-0.1550,-9999.0000,-9999.0000,0,0,1.0000
87907,0.7854,1.5023,0.9552,-9999.0000,-9999.0000,-9999.0000,3.7407,2.1390,81.9386,-9999.0000,85.0448,-9999.0000,-0.6309,-9999.0000,-9999.0000,0,0,1.0000
87908,0.6828,0.5209,0.6048,-9999.0000,-9999.0000,-9999.0000,3.7377,9.1197,82.0368,-9999.0000,85.0360,-9999.0000,-0.7445,-9999.0000,-9999.0000,0,0,1.0000
87909,0.0710,1.0877,1.4219,-9999.0000,-9999.0000,-0.4825,3.7373,1.6282,82.1305,-9999.0000,85.0348,-9999.0000,-0.3672,-9999.0000,-9999.0000,0,0,1.0000
87910,0.5769,0.7242,0.9130,-9999.0000,-9999.0000,-0.6573,3.7376,0.1504,82.2328,-9999.0000,85.0387,-9999.0000,-0.3828,-9999.0000,-9999.0000,0,0,1.0000
87911,0.2896,0.9280,1.2712,-9999.0000,-9999.0000,-0.4933,3.7369,1.2051,82.3348,-9999.0000,85.0399,-9999.0000,-0.1520,-9999.0000,-9999.0000,0,0,1.0000
87912,0.0607,0.8307,1.5826,-9999.0000,-9999.0000,-0.8183,3.7383,5.8535,82.4228,-9999.0000,85.0316,-9999.0000,-0.0471,-9999.0000,-9999.0000,0,0,1.0000
87913,0.0499,0.6422,0.5282,-9999.0000,-9999.0000,-0.0833,3.7390,1.1939,82.5207,-9999.0000,85.0231,-9999.0000,0.0774,-9999.0000,-9999.0000,0,0,1.0000
87914,0.0807,0.4508,0.7618,-9999.0000,-9999.0000,0.1538,3.7434,-0.0021,82.6257,-9999.0000,85.0081,-9999.0000,0.3970,-9999.0000,-9999.0000,0,0,1.0000
87915,1.1240,0.6207,1.0128,-9999.0000,-9999.0000,-0.7877,3.7467,0.1343,82.7113,-9999.0000,85.0010,-9999.0000,0.7332,-9999.0000,-9999.0000,0,0,1.0000
87916,0.1688,1.4666,0.3208,-9999.0000,-9999.0000,0.0654,3.7476,0.5255,82.7903,-9999.0000,84.9994,-9999.0000,-0.0751,-9999.0000,-9999.0000,0,0,1.0000
87917,0.2068,0.8952,0.6561,-9999.0000,-9999.0000,0.4791,3.7470,0.0816,82.8623,-9999.0000,84.9861,-9999.0000,0.0362,-9999.0000,-9999.0000,0,0,1.0000
