Data/Raw/WAGNER,NICK/firexaq-AOP-optical_DC8_20190829_R1.ict
51, 1001
Wagner, Nicholas L.
NOAA Earth System Research Laboratory
NOAA AOP instrument
FIREX-AQ
1, 1
2019, 08, 29, 2020, 04, 27
1
Time_start, seconds_past_midnight, seconds from midnight
18
1, 1, 1, 1, 1, 1, 1, 1, 1, 1, 1, 1, 1, 1, 1, 1, 1, 1
-9999, -9999, -9999, -9999, -9999, -9999, -9999, -9999, -9999, -9999, -9999, -9999, -9999, -9999, -9999, -9999, -9999, -9999
ext_dry_664, Mm-1, AerOpt_Extinction_InSitu_RHd_red_Total_PM2.5_STP
ext_dry_532, Mm-1, AerOpt_Extinction_InSitu_RHd_green_Total_PM2.5_STP
ext_dry_405, Mm-1, AerOpt_Extinction_InSitu_RHd_blue_Total_PM2.5_STP
abs_dry_664, Mm-1, AerOpt_Absorption_InSitu_RHd_red_Total_PM2.5_STP
abs_dry_532, Mm-1, AerOpt_Absorption_InSitu_RHd_green_Total_PM2.5_STP
abs_dry_405, Mm-1, AerOpt_Absorption_InSitu_RHd_blue_Total_PM2.5_STP
AOP_RH_dry, pct, Relative_humidity_of_dry_RH_channels
ext_medRH_664, Mm-1, AerOpt_Extinction_InSitu_RH80_red_Total_PM2.5_STP
AOP_RH_med, pct, Relative_humidity_of_medium_RH_channel
ext_highRH_664, Mm-1, AerOpt_Extinction_InSitu_RH85_red_Total_PM2.5_STP
AOP_RH_high, pct, Relative_humidity_of_high_RH_channel
ext_TD_664, Mm-1, AerOpt_ExtinctionTD_InSitu_RHd_blue_Total_PM2.5_STP
ext_TD_405, Mm-1, AerOpt_ExtinctionTD_InSitu_RHd_red_Total_PM2.5_STP
abs_TD_664, Mm-1, AerOpt_Absorption_InSitu_RHd_red_Total_PM2.5_STP
abs_TD_405, Mm-1, AerOpt_Absorption_InSitu_RHd_blue_Total_PM2.5_STP
AOP_TD_bypass_flag, pct, Flag_for_TD_Bypass_valve
AOP_filter_flag, pct, Flag_for_Filter_Valve
AOP_Dilution_ratio, pct, Applied_Dilution_Ratio_for_ext_channels
1
N/A
18
PI_CONTACT_INFO: Address: NOAA ESRL Chemical Sciences Division, R/CSD2, 325 Broadway, Boulder, CO 80305. Email: nick.wagner@noaa.gov.
PLATFORM: NASA DC8
LOCATION: See the DC8 MetNav file, Based in Boise (BOI) and Salina, KS
ASSOCIATED_DATA: N/A
[...]
DATA_INFO: Mm-1:
UNCERTAINTY: The precision of the extinction measurements varies with aerosol loading and is +/-20% at 10 Mm-1 and +/-5% at 100 Mm-1. The accuracy of the dry measurement is +/-2% and depends on RH for the humidified measurements, +/-5% at 85% RH and +/-15% at 90% RH. For more details, see Langridge et al., Aerosol Science and Technology 45:1305-1318, 2011. Analysis of comparable measurements suggest incomplete mixing in the dilution system. Effective dilution for individual instruments can vary by +/- 30% compared to the reported flow-based dilution estimate. The absorption measurements have a high signal accuracy of 20%. The low signal precision varies with altitude and flight to flight, and is typically less than 10 Mm-1 for 1 second measurements.
ULOD_FLAG: -7777
ULOD_VALUE: N/A
LLOD_FLAG: -8888
LLOD_VALUE: N/A
DM_CONTACT_INFO: Gao Chen
PROJECT_INFO: FIREX-AQ
STIPULATIONS_ON_USE: NASA Data Policy. Contact with PI is encouraged.
OTHER_COMMENTS: N/A
REVISION: R1
R1: Absorption measurements have been corrected for pressure dependent microphone sensitivity. In-cloud data has been removed. R0: Final Data. 
Time_start, ext_dry_664, ext_dry_532, ext_dry_405, abs_dry_664, abs_dry_532, abs_dry_405, AOP_RH_dry, ext_medRH_664, AOP_RH_med, ext_highRH_664, AOP_RH_high, ext_TD_664, ext_TD_405, abs_TD_664, abs_TD_405, AOP_TD_bypass_flag, AOP_filter_flag, AOP_Dilution_ratio
[from data line 1112]
62024,-9999.0000,-9999.0000,-9999.0000,-9999.0000,-9999.0000,-9999.0000,36.9213,-9999.0000,83.5111,-9999.0000,87.4627,-9999.0000,-9999.0000,-8.6896,-9999.0000,0,0,1.0000
62025,-9999.0000,-9999.0000,-9999.0000,-9999.0000,-9999.0000,-9999.0000,36.9172,-9999.0000,83.4519,-9999.0000,87.4681,-9999.0000,-9999.0000,-4.2107,-9999.0000,0,0,1.0000
62026,-9999.0000,-9999.0000,-9999.0000,-9999.0000,-9999.0000,-9999.0000,36.9122,-9999.0000,83.3598,-9999.0000,87.4637,-9999.0000,-9999.0000,6.2269,-9999.0000,0,0,1.0000
62027,-9999.0000,-9999.0000,-9999.0000,-9999.0000,-9999.0000,-9999.0000,36.9145,-9999.0000,83.2824,-9999.0000,87.4584,-9999.0000,-9999.0000,-1.6434,-4.1729,0,0,1.0000
62028,-9999.0000,-9999.0000,-9999.0000,-9999.0000,-9999.0000,-9999.0000,36.9034,-9999.0000,83.1936,-9999.0000,87.4404,-9999.0000,-9999.0000,-0.2376,-2.4619,0,0,1.0000
62029,-9999.0000,-9999.0000,-9999.0000,-9999.0000,-9999.0000,-9999.0000,36.8950,-9999.0000,83.0938,-9999.0000,87.4213,-9999.0000,-9999.0000,-4.3939,-1.8113,0,0,1.0000
62030,-9999.0000,-9999.0000,-9999.0000,-9999.0000,-9999.0000,-9999.0000,36.8716,-9999.0000,82.9882,-9999.0000,87.4056,-9999.0000,-9999.0000,-3.2876,3.1523,0,0,1.0000
62031,-9999.0000,-9999.0000,-9999.0000,-9999.0000,-9999.0000,-9999.0000,36.8476,-9999.0000,82.8972,-9999.0000,87.3831,-9999.0000,-9999.0000,-3.1734,-1.1814,0,0,1.0000
62032,-9999.0000,-9999.0000,-9999.0000,-9999.0000,-9999.0000,-9999.0000,36.8255,-9999.0000,82.8124,-9999.0000,87.3524,-9999.0000,-9999.0000,-2.3636,4.0448,0,0,1.0000
62033,-9999.0000,-9999.0000,-9999.0000,-9999.0000,-9999.0000,-9999.0000,36.8216,-9999.0000,82.7274,-9999.0000,87.3275,-9999.0000,-9999.0000,0.2861,-2.3166,0,0,1.0000
62034,-9999.0000,-9999.0000,-9999.0000,-9999.0000,-9999.0000,-9999.0000,36.8152,-9999.0000,82.6265,-9999.0000,87.2936,-9999.0000,-9999.0000,-2.8951,3.4502,0,0,1.0000
62035,0.9757,0.9033,0.9099,-9999.0000,-9999.0000,-9999.0000,36.8020,-9999.0000,82.5443,-9999.0000,87.2773,-9999.0000,-9999.0000,8.1902,7.6541,0,0,1.0000
62036,0.4366,0.5293,0.7885,-9999.0000,-9999.0000,-9999.0000,36.7927,-9999.0000,82.4672,-9999.0000,87.2576,-9999.0000,-9999.0000,3.9015,0.3424,0,0,1.0000
62037,0.2843,0.3699,0.6053,-9999.0000,-2.2517,-0.0046,36.7699,-9999.0000,82.4102,-9999.0000,87.2437,-9999.0000,-9999.0000,9.8951,0.2510,0,0,1.0000
62038,0.3959,0.4464,0.4134,-9999.0000,-3.2126,0.6619,36.7619,-9999.0000,82.3515,-9999.0000,87.2298,-9999.0000,-9999.0000,0.1941,3.0973,0,0,1.0000
62039,0.1738,0.5547,0.4747,-9999.0000,0.2380,-0.0025,36.7627,-9999.0000,82.2983,-9999.0000,87.2125,-9999.0000,-9999.0000,-3.4252,-2.0496,0,0,1.0000
62040,0.2455,0.3271,1.1440,-9999.0000,-1.1235,-0.0579,36.7558,-9999.0000,82.2525,-9999.0000,87.2013,-9999.0000,-9999.0000,-3.1829,-1.2212,0,0,1.0000
62041,0.2983,0.4800,1.0926,-9999.0000,-1.1962,-0.1517,36.7601,-9999.0000,82.2281,-9999.0000,87.1915,-9999.0000,-9999.0000,-2.8109,0.6999,0,0,1.0000
62042,0.3215,0.4263,0.7304,-9999.0000,1.9654,-0.3952,36.7470,-9999.0000,82.1954,-9999.0000,87.1743,-9999.0000,-9999.0000,-6.5339,3.2394,0,0,1.0000
62043,0.3567,0.4041,0.5612,-9999.0000,0.5523,0.0277,36.7436,-9999.0000,82.1790,-9999.0000,87.1762,-9999.0000,-9999.0000,3.8636,3.4522,0,0,1.0000
62044,0.7725,0.5970,1.1671,-9999.0000,2.0681,-0.1321,36.7382,-9999.0000,82.1745,-9999.0000,87.1732,-9999.0000,-9999.0000,0.6072,1.8772,0,0,1.0000
62045,0.2982,0.4209,0.5561,-9999.0000,-0.5493,0.3431,36.7339,-9999.0000,82.1747,-9999.0000,87.1748,-9999.0000,-9999.0000,-14.8656,-0.1517,0,0,1.0000
62046,0.1885,0.7033,0.3336,-9999.0000,0.8857,-0.2911,36.7220,-9999.0000,82.1790,-9999.0000,87.1749,-9999.0000,-9999.0000,-4.2922,-2.4570,0,0,1.0000
62047,0.6372,0.7408,1.0994,-9999.0000,-3.4132,0.3718,36.7082,-9999.0000,82.1817,-9999.0000,87.1713,-9999.0000,-9999.0000,0.2894,-3.9381,0,0,1.0000
62048,0.3879,0.3546,0.9946,-9999.0000,-0.1353,0.1157,36.7026,-9999.0000,82.2025,-9999.0000,87.1737,-9999.0000,-9999.0000,-4.7251,6.1812,0,0,1.0000
62049,0.3433,0.3188,0.2616,-9999.0000,1.9082,0.3213,36.6908,-9999.0000,82.2425,-9999.0000,87.1731,-9999.0000,-9999.0000,-11.9948,1.1663,0,0,1.0000
62050,0.2907,0.9485,0.8176,-9999.0000,-0.3514,-0.7213,36.6831,-9999.0000,82.2908,-9999.0000,87.1758,-9999.0000,-9999.0000,1.9967,0.2243,0,0,1.0000
62051,0.4342,0.4984,0.5892,-9999.0000,0.7974,0.1864,36.6793,-9999.0000,82.3612,-9999.0000,87.1813,-9999.0000,-9999.0000,-4.1495,-1.5760,0,0,1.0000
62052,0.3588,0.4181,0.4714,-9999.0000,-1.5362,0.3059,36.6715,-9999.0000,82.4355,-9999.0000,87.1779,-9999.0000,-9999.0000,3.3278,0.1571,0,0,1.0000
62053,0.6450,0.7290,0.2326,-9999.0000,-3.0847,0.5845,36.6709,-9999.0000,82.5138,-9999.0000,87.1755,-9999.0000,-9999.0000,0.1340,2.6833,0,0,1.0000
62054,0.4520,1.3949,0.2234,-9999.0000,0.3469,0.0107,36.6712,-9999.0000,82.5950,-9999.0000,87.1764,-9999.0000,-9999.0000,-1.1021,4.2110,0,0,1.0000
62055,0.5262,0.5695,0.6292,-9999.0000,0.6485,-0.0942,36.6666,-9999.0000,82.6666,-9999.0000,87.1666,-9999.0000,-9999.0000,3.3865,-0.7141,0,0,1.0000
62056,0.3960,0.3893,0.7152,-9999.0000,0.3320,-0.1374,36.6487,-9999.0000,82.7434,-9999.0000,87.1558,-9999.0000,-9999.0000,6.2603,-2.0252,0,0,1.0000
62057,0.4232,0.3535,0.8267,-9999.0000,5.6062,-0.4793,36.6447,-9999.0000,82.8181,-9999.0000,87.1231,-9999.0000,-9999.0000,-0.6360,8.6391,0,0,1.0000
62058,0.5233,0.2886,0.1915,-9999.0000,2.3999,0.1735,36.6383,-9999.0000,82.8868,-9999.0000,87.0833,-9999.0000,-9999.0000,-2.3345,5.9759,0,0,1.0000
62059,1.2711,0.3642,0.3684,-9999.0000,0.7861,0.0644,36.6285,-9999.0000,82.9550,-9999.0000,87.0421,-9999.0000,-9999.0000,0.6420,-2.4430,0,0,1.0000
62060,0.4994,0.5789,0.0104,-9999.0000,2.3102,0.0296,36.6282,-9999.0000,83.0019,-9999.0000,86.9911,-9999.0000,-9999.0000,-2.2969,-0.4180,0,0,1.0000
62061,0.3645,0.4437,0.4994,-9999.0000,2.2778,-0.2150,36.6279,-9999.0000,83.0816,-9999.0000,86.9418,-9999.0000,-9999.0000,-4.2995,-2.0766,0,0,1.0000
62062,0.3159,0.2302,0.5998,-9999.0000,-0.6897,-0.3539,36.6240,-9999.0000,83.1513,-9999.0000,86.8835,-9999.0000,-9999.0000,-7.4416,-2.2375,0,0,1.0000
62063,0.3605,0.6074,0.9208,-9999.0000,0.3119,0.2687,36.6247,-9999.0000,83.2040,-9999.0000,86.8204,-9999.0000,-9999.0000,-5.7462,-7.3143,0,0,1.0000
62064,0.4461,0.4667,0.1207,-9999.0000,1.9311,-0.0261,36.6161,-9999.0000,83.2452,-9999.0000,86.7584,-9999.0000,-9999.0000,-6.2057,-3.6281,0,0,1.0000
62065,1.2175,0.7029,0.4318,-9999.0000,-1.7533,0.0347,36.6025,-9999.0000,83.2868,-9999.0000,86.6988,-9999.0000,-9999.0000,-4.7089,9.6768,0,0,1.0000
62066,0.4960,1.0338,0.4514,-9999.0000,-0.3274,-0.1564,36.5962,-9999.0000,83.3193,-9999.0000,86.6465,-9999.0000,-9999.0000,-9.7078,5.5995,0,0,1.0000
62067,0.3987,0.5677,0.3826,-9999.0000,2.4559,0.3822,36.5930,-9999.0000,83.3419,-9999.0000,86.5842,-9999.0000,-9999.0000,0.7446,1.4123,0,0,1.0000
62068,0.4167,0.2303,0.5317,-9999.0000,0.2612,-0.6914,36.5905,-9999.0000,83.3528,-9999.0000,86.5286,-9999.0000,-9999.0000,-3.9088,-1.3493,0,0,1.0000
62069,0.6845,1.3874,0.8054,-9999.0000,-0.7763,0.2750,36.5894,-9999.0000,83.3684,-9999.0000,86.4916,-9999.0000,-9999.0000,-9.9748,-1.7117,0,0,1.0000
62070,1.1092,0.9016,1.0920,-9999.0000,-0.8024,-0.2842,36.5911,-9999.0000,83.3754,-9999.0000,86.4582,-9999.0000,-9999.0000,-2.9119,-3.2869,0,0,1.0000
62071,0.8554,0.4709,0.4553,-9999.0000,0.5295,0.7022,36.5755,-9999.0000,83.3719,-9999.0000,86.4236,-9999.0000,-9999.0000,-2.5748,3.2267,0,0,1.0000
62072,0.6510,0.3052,0.6774,-9999.0000,-1.1131,-0.2118,36.5510,-9999.0000,83.3792,-9999.0000,86.4046,-9999.0000,-9999.0000,-5.6179,-4.4706,0,0,1.0000
62073,1.1102,0.4394,0.8050,-9999.0000,2.4157,0.5908,36.5456,-9999.0000,83.3723,-9999.0000,86.3772,-9999.0000,-9999.0000,-6.4346,-1.6105,0,0,1.0000
62074,0.3955,0.2822,1.2732,-9999.0000,-0.6998,1.0071,36.5418,-9999.0000,83.3693,-9999.0000,86.3671,-9999.0000,-9999.0000,1.4597,6.2589,0,0,1.0000
62075,0.4596,0.3597,0.0929,-9999.0000,-0.3770,-0.4172,36.5360,-9999.0000,83.3473,-9999.0000,86.3595,-9999.0000,-9999.0000,-6.9885,0.0166,0,0,1.0000
62076,0.5207,0.3397,0.4599,-9999.0000,-1.7354,-0.1291,36.5299,-9999.0000,83.3075,-9999.0000,86.3561,-9999.0000,-9999.0000,-9.3930,-6.1912,0,0,1.0000
62077,0.3962,0.3837,0.3892,-9999.0000,-1.8668,-0.2387,36.5269,-9999.0000,83.2564,-9999.0000,86.3539,-9999.0000,-9999.0000,0.3181,0.5294,0,0,1.0000
62078,1.4656,0.7032,0.9272,-9999.0000,1.0233,-0.6520,36.5194,-9999.0000,83.1937,-9999.0000,86.3520,-9999.0000,-9999.0000,-5.4623,-4.3264,0,0,1.0000
62079,0.8830,0.4927,0.1537,-9999.0000,4.2701,-0.1097,36.5190,-9999.0000,83.1219,-9999.0000,86.3522,-9999.0000,-9999.0000,2.2619,4.2629,0,0,1.0000
62080,0.4339,0.5247,0.4382,-9999.0000,0.8578,0.4021,36.5078,-9999.0000,83.0493,-9999.0000,86.3504,-9999.0000,-9999.0000,-1.2092,-3.3391,0,0,1.0000
62081,0.4894,0.3364,0.2206,-9999.0000,-1.5232,0.5163,36.4927,-9999.0000,82.9482,-9999.0000,86.3536,-9999.0000,-9999.0000,-0.1305,4.5126,0,0,1.0000
62082,2.4198,0.8450,0.3769,-9999.0000,2.4331,-0.5221,36.4934,-9999.0000,82.8406,-9999.0000,86.3591,-9999.0000,-9999.0000,-6.3323,3.7141,0,0,1.0000
62083,0.4914,0.3392,1.2701,-9999.0000,2.2171,0.5391,36.4725,-9999.0000,82.7600,-9999.0000,86.3702,-9999.0000,-9999.0000,6.7279,-1.0150,0,0,1.0000
62084,0.4121,0.3146,0.4287,-9999.0000,2.1686,0.1557,36.4649,-9999.0000,82.6827,-9999.0000,86.3841,-9999.0000,-9999.0000,-2.3756,1.5726,0,0,1.0000
62085,0.3027,0.4900,0.7098,-9999.0000,-1.1363,0.2569,36.4617,-9999.0000,82.6089,-9999.0000,86.3952,-9999.0000,-9999.0000,3.9760,-3.1618,0,0,1.0000
62086,0.3720,0.2531,0.8098,-9999.0000,-1.3876,-0.2501,36.4624,-9999.0000,82.5227,-9999.0000,86.4019,-9999.0000,-9999.0000,-9.5746,3.9270,0,0,1.0000
62087,0.5913,0.6765,2.4296,-9999.0000,0.4109,-0.1359,36.4557,-9999.0000,82.4480,-9999.0000,86.4090,-9999.0000,-9999.0000,4.9077,3.2632,0,0,1.0000
62088,0.6057,0.3299,0.9628,-9999.0000,1.2567,-0.1671,36.4509,-9999.0000,82.3807,-9999.0000,86.4155,-9999.0000,-9999.0000,-6.7854,-0.6064,0,0,1.0000
62089,0.4349,0.4837,1.3620,-9999.0000,-4.5341,-0.5304,36.4429,-9999.0000,82.3206,-9999.0000,86.4214,-9999.0000,-9999.0000,-9.8511,4.5326,0,0,1.0000
62090,0.3601,1.3033,0.3153,-9999.0000,-1.1438,0.5713,36.4403,-9999.0000,82.2647,-9999.0000,86.4253,-9999.0000,-9999.0000,-4.2748,0.3967,0,0,1.0000
62091,0.3992,0.6377,0.0928,-9999.0000,-0.1157,0.2846,36.4309,-9999.0000,82.2176,-9999.0000,86.4251,-9999.0000,-9999.0000,0.1426,-1.9327,0,0,1.0000
62092,0.3103,0.2910,0.0330,-9999.0000,-2.0559,0.6461,36.4272,-9999.0000,82.1688,-9999.0000,86.4236,-9999.0000,-9999.0000,-7.5119,-0.4503,0,0,1.0000
62093,0.6759,0.2978,0.6300,-9999.0000,2.9163,0.0397,36.4198,-9999.0000,82.1358,-9999.0000,86.4153,-9999.0000,-9999.0000,-3.0799,6.4509,0,0,1.0000
62094,0.3798,0.2563,0.1775,-9999.0000,2.4451,-0.1129,36.4162,-9999.0000,82.1160,-9999.0000,86.4021,-9999.0000,-9999.0000,0.6851,2.8245,0,0,1.0000
62095,0.3521,0.7502,0.2220,-9999.0000,0.4079,0.0770,36.4151,-9999.0000,82.1061,-9999.0000,86.3766,-9999.0000,-9999.0000,-3.3394,1.1944,0,0,1.0000
62096,0.4946,0.3812,0.6431,-9999.0000,-1.3564,-0.3244,36.4082,-9999.0000,82.1004,-9999.0000,86.3356,-9999.0000,-9999.0000,-6.2472,2.2840,0,0,1.0000
62097,0.3682,0.4879,0.2866,-9999.0000,3.5683,0.0503,36.3844,-9999.0000,82.1000,-9999.0000,86.2922,-9999.0000,-9999.0000,-1.8470,5.2918,0,0,1.0000
62098,0.4290,0.2373,0.5354,-9999.0000,-0.3045,-0.2935,36.3675,-9999.0000,82.1056,-9999.0000,86.2715,-9999.0000,-9999.0000,0.2006,-4.1609,0,0,1.0000
62099,0.3822,0.3981,0.4568,-9999.0000,-0.0832,-0.3848,36.3459,-9999.0000,82.1065,-9999.0000,86.2545,-9999.0000,-9999.0000,-0.2089,-2.5422,0,0,1.0000
62100,0.4267,0.3404,0.4252,-9999.0000,-0.7683,0.0942,36.3446,-9999.0000,82.1290,-9999.0000,86.2334,-9999.0000,-9999.0000,-6.0042,0.8812,0,0,1.0000
62101,0.3831,0.4100,0.8304,-9999.0000,0.5711,-0.0677,36.3383,-9999.0000,82.1763,-9999.0000,86.2013,-9999.0000,-9999.0000,4.7935,3.1936,0,0,1.0000
62102,0.6022,0.5332,0.5658,-9999.0000,-0.7948,-0.1613,36.3278,-9999.0000,82.2403,-9999.0000,86.1804,-9999.0000,-9999.0000,-1.8191,4.9877,0,0,1.0000
62103,0.3022,0.5966,0.3312,-9999.0000,-0.9129,-0.0257,36.3130,-9999.0000,82.3135,-9999.0000,86.1658,-9999.0000,-9999.0000,4.4876,6.0744,0,0,1.0000
62104,0.3382,1.2663,0.6306,-9999.0000,-1.5374,0.1912,36.3093,-9999.0000,82.3801,-9999.0000,86.1515,-9999.0000,-9999.0000,-0.5626,-1.7045,0,0,1.0000
62105,0.4177,0.7070,1.2466,-9999.0000,2.8918,0.3577,36.3084,-9999.0000,82.4417,-9999.0000,86.1480,-9999.0000,-9999.0000,-5.6700,-0.5361,0,0,1.0000
62106,0.3799,0.6032,1.2964,-9999.0000,-0.3226,-0.2218,36.3050,-9999.0000,82.5186,-9999.0000,86.1460,-9999.0000,-9999.0000,-5.9041,3.5288,0,0,1.0000
62107,0.5409,0.4439,0.6839,-9999.0000,-1.2190,0.7516,36.3001,-9999.0000,82.6133,-9999.0000,86.1441,-9999.0000,-9999.0000,0.1303,-2.7668,0,0,1.0000
62108,0.4515,0.4111,0.9760,-9999.0000,-0.7908,-0.5607,36.2991,-9999.0000,82.7141,-9999.0000,86.1446,-9999.0000,-9999.0000,0.1013,6.1346,0,0,1.0000
62109,0.2801,0.3890,1.2790,-9999.0000,-2.7774,-0.4642,36.3035,-9999.0000,82.7983,-9999.0000,86.1473,-9999.0000,-9999.0000,-7.0484,-1.2845,0,0,1.0000
62110,0.1985,0.3803,0.9507,-9999.0000,-1.2260,0.1599,36.3016,-9999.0000,82.8779,-9999.0000,86.1514,-9999.0000,-9999.0000,3.7068,3.9353,0,0,1.0000
62111,1.2870,0.2175,0.9841,-9999.0000,1.5415,-0.2141,36.2985,-9999.0000,82.9713,-9999.0000,86.1598,-9999.0000,-9999.0000,-5.0058,5.7428,0,0,1.0000
62112,0.6090,0.7451,0.7560,-9999.0000,1.1761,-0.4438,36.2971,-9999.0000,83.0805,-9999.0000,86.1700,-9999.0000,-9999.0000,-7.7181,1.7220,0,0,1.0000
62113,0.6063,0.2170,1.4203,-9999.0000,0.3061,0.3305,36.2949,-9999.0000,83.1969,-9999.0000,86.2004,-9999.0000,-9999.0000,-0.0103,-3.9342,0,0,1.0000
62114,0.4735,0.5748,1.2358,-9999.0000,-1.5345,0.2190,36.2773,-9999.0000,83.3180,-9999.0000,86.2390,-9999.0000,-9999.0000,-2.2745,2.2622,0,0,1.0000
62115,0.3778,0.5952,1.3269,-9999.0000,2.0373,0.0807,36.2664,-9999.0000,83.4231,-9999.0000,86.2857,-9999.0000,-9999.0000,1.4689,-1.9640,0,0,1.0000
62116,0.2650,0.4510,0.8842,-9999.0000,0.4981,0.6235,36.2569,-9999.0000,83.5409,-9999.0000,86.3312,-9999.0000,-9999.0000,-7.3946,0.7230,0,0,1.0000
62117,0.2017,0.4396,1.1600,-9999.0000,-0.6333,0.1631,36.2413,-9999.0000,83.6282,-9999.0000,86.3744,-9999.0000,-9999.0000,-7.1008,-1.9837,0,0,1.0000
62118,0.4300,0.5275,0.8300,-9999.0000,0.1460,-0.4118,36.2438,-9999.0000,83.7331,-9999.0000,86.4178,-9999.0000,-9999.0000,3.1431,-0.5317,0,0,1.0000
62119,0.3456,0.2496,0.9465,-9999.0000,-0.8823,0.9105,36.2394,-9999.0000,83.8246,-9999.0000,86.4457,-9999.0000,-9999.0000,-8.1616,4.5461,0,0,1.0000
62120,0.2177,0.3852,0.8065,-9999.0000,-6.1726,-0.3992,36.2340,-9999.0000,83.9144,-9999.0000,86.4748,-9999.0000,-9999.0000,2.6775,4.3505,0,0,1.0000
62121,0.2710,0.3779,0.9963,-9999.0000,-0.8339,0.2790,36.2329,-9999.0000,83.9943,-9999.0000,86.5012,-9999.0000,-9999.0000,-1.4776,3.1651,0,0,1.0000
62122,1.5135,0.8966,0.9396,-9999.0000,-0.2432,-0.2776,36.2279,-9999.0000,84.0634,-9999.0000,86.5200,-9999.0000,-9999.0000,1.7838,0.0054,0,0,1.0000
62123,0.2402,0.4324,0.7070,-9999.0000,-2.7118,-0.8209,36.2144,-9999.0000,84.1326,-9999.0000,86.5372,-9999.0000,-9999.0000,-4.9448,-2.8154,0,0,1.0000
62124,0.2548,0.2461,1.0839,-9999.0000,-4.2447,0.5629,36.2090,-9999.0000,84.1990,-9999.0000,86.5498,-9999.0000,-9999.0000,-2.1832,3.4854,0,0,1.0000
62125,0.8142,0.6218,1.6805,-9999.0000,0.7027,0.3361,36.1984,-9999.0000,84.2607,-9999.0000,86.5549,-9999.0000,-9999.0000,1.5288,3.4362,0,0,1.0000
62126,0.3211,0.6175,0.7967,-9999.0000,-0.9173,-0.3294,36.2000,-9999.0000,84.3186,-9999.0000,86.5643,-9999.0000,-9999.0000,-1.4174,-0.2431,0,0,1.0000
62127,0.2580,0.2869,0.6400,-9999.0000,-3.5403,0.2421,36.1949,-9999.0000,84.3583,-9999.0000,86.5664,-9999.0000,-9999.0000,-3.5188,-2.8885,0,0,1.0000
62128,0.1739,0.4010,0.8798,-9999.0000,1.5457,0.6989,36.1866,-9999.0000,84.3938,-9999.0000,86.5669,-9999.0000,-9999.0000,-2.5877,-1.4973,0,0,1.0000
62129,0.2018,1.0119,1.0721,-9999.0000,-1.3441,0.0681,36.1774,-9999.0000,84.4341,-9999.0000,86.5675,-9999.0000,-9999.0000,-5.3513,10.0434,0,0,1.0000
