Data/Raw/WAGNER,NICK/firexaq-AOP-optical_DC8_20190802_R1.ict
51, 1001
Wagner, Nicholas L.
NOAA Earth System Research Laboratory
NOAA AOP instrument
FIREX-AQ
1, 1
2019, 08, 02, 2020, 04, 27
1
Time_start, seconds_past_midnight, seconds from midnight
18
1, 1, 1, 1, 1, 1, 1, 1, 1, 1, 1, 1, 1, 1, 1, 1, 1, 1
-9999, -9999, -9999, -9999, -9999, -9999, -9999, -9999, -9999, -9999, -9999, -9999, -9999, -9999, -9999, -9999, -9999, -9999
ext_dry_664, Mm-1, AerOpt_Extinction_InSitu_RHd_red_Total_PM2.5_STP
ext_dry_532, Mm-1, AerOpt_Extinction_InSitu_RHd_green_Total_PM2.5_STP
ext_dry_405, Mm-1, AerOpt_Extinction_InSitu_RHd_blue_Total_PM2.5_STP
abs_dry_664, Mm-1, AerOpt_Absorption_InSitu_RHd_red_Total_PM2.5_STP
abs_dry_532, Mm-1, AerOpt_Absorption_InSitu_RHd_green_Total_PM2.5_STP
abs_dry_405, Mm-1, AerOpt_Absorption_InSitu_RHd_blue_Total_PM2.5_STP
AOP_RH_dry, pct, Relative_humidity_of_dry_RH_channels
ext_medRH_664, Mm-1, AerOpt_Extinction_InSitu_RH80_red_Total_PM2.5_STP
AOP_RH_med, pct, Relative_humidity_of_medium_RH_channel
ext_highRH_664, Mm-1, AerOpt_Extinction_InSitu_RH85_red_Total_PM2.5_STP
AOP_RH_high, pct, Relative_humidity_of_high_RH_channel
ext_TD_664, Mm-1, AerOpt_ExtinctionTD_InSitu_RHd_blue_Total_PM2.5_STP
ext_TD_405, Mm-1, AerOpt_ExtinctionTD_InSitu_RHd_red_Total_PM2.5_STP
abs_TD_664, Mm-1, AerOpt_Absorption_InSitu_RHd_red_Total_PM2.5_STP
abs_TD_405, Mm-1, AerOpt_Absorption_InSitu_RHd_blue_Total_PM2.5_STP
AOP_TD_bypass_flag, pct, Flag_for_TD_Bypass_valve
AOP_filter_flag, pct, Flag_for_Filter_Valve
AOP_Dilution_ratio, pct, Applied_Dilution_Ratio_for_ext_channels
1
A leak compromised the data on the abs_dry_664 channel for the flight and on abs_TD_664, abs_TD_405, and abs_dry_532 at high altitude. These data were removed.
18
PI_CONTACT_INFO: Address: NOAA ESRL Chemical Sciences Division, R/CSD2, 325 Broadway, Boulder, CO 80305. Email: nick.wagner@noaa.gov.
PLATFORM: NASA DC8
LOCATION: See the DC8 MetNav file, Based in Boise (BOI) and Salina, KS
ASSOCIATED_DATA: N/A
[...]
DATA_INFO: Mm-1:
UNCERTAINTY: The precision of the extinction measurements varies with aerosol loading and is +/-20% at 10 Mm-1 and +/-5% at 100 Mm-1. The accuracy of the dry measurement is +/-2% and depends on RH for the humidified measurements, +/-5% at 85% RH and +/-15% at 90% RH. For more details, see Langridge et al., Aerosol Science and Technology 45:1305-1318, 2011. Analysis of comparable measurements suggest incomplete mixing in the dilution system. Effective dilution for individual instruments can vary by +/- 30% compared to the reported flow-based dilution estimate. The absorption measurements have a high signal accuracy of 20%. The low signal precision varies with altitude and flight to flight, and is typically less than 10 Mm-1 for 1 second measurements.
ULOD_FLAG: -7777
ULOD_VALUE: N/A
LLOD_FLAG: -8888
LLOD_VALUE: N/A
DM_CONTACT_INFO: Gao Chen
PROJECT_INFO: FIREX-AQ
STIPULATIONS_ON_USE: NASA Data Policy. Contact with PI is encouraged.
OTHER_COMMENTS: N/A
REVISION: R1
R1: Absorption measurements have been corrected for pressure dependent microphone sensitivity. In-cloud data has been removed. R0: Final Data.
Time_start, ext_dry_664, ext_dry_532, ext_dry_405, abs_dry_664, abs_dry_532, abs_dry_405, AOP_RH_dry, ext_medRH_664, AOP_RH_med, ext_highRH_664, AOP_RH_high, ext_TD_664, ext_TD_405, abs_TD_664, abs_TD_405, AOP_TD_bypass_flag, AOP_filter_flag, AOP_Dilution_ratio
[from data line 20811]
96932,0.2315,3.7336,3.5415,-9999,-9999,-0.4542,14.7976,0.0805,82.3828,5.2212,87.1682,-9999,-9999,-9999,-9999,1,0,1.0000
96933,-0.3267,2.9095,4.3011,-9999,-9999,0.8811,14.8090,0.1703,82.2762,4.7832,87.1835,-9999,-9999,-9999,-9999,1,0,1.0000
96934,-0.3372,3.1840,2.5756,-9999,-9999,0.3664,14.8098,4.7435,82.1681,9.7211,87.1978,-9999,-9999,-9999,-9999,1,0,1.0000
96935,-0.0192,3.0117,3.9840,-9999,-9999,0.6424,14.8204,0.0013,82.0556,5.5878,87.2137,-9999,-9999,-9999,-9999,1,0,1.0000
96936,0.1308,3.4253,3.0743,-9999,-9999,0.1978,14.8214,1.3069,81.9102,15.7265,87.2181,-9999,-9999,-9999,-9999,1,0,1.0000
96937,0.9130,1.9211,1.9925,-9999,-9999,0.6876,14.8259,-0.9052,81.7805,5.4533,87.2303,-9999,-9999,-9999,-9999,1,0,1.0000
96938,0.3097,2.8646,1.9579,-9999,-9999,-0.1316,14.8252,-0.7041,81.6528,5.3720,87.2458,-9999,-9999,-9999,-9999,1,0,1.0000
96939,-0.2056,2.1274,3.2700,-9999,-9999,0.2835,14.8232,-1.0151,81.5283,7.1511,87.2557,-9999,-9999,-9999,-9999,1,0,1.0000
96940,-0.4658,3.0533,4.6669,-9999,-9999,0.2909,14.8210,-2.0751,81.4110,4.7581,87.2583,-9999,-9999,-9999,-9999,1,0,1.0000
96941,-0.0202,2.6971,2.8882,-9999,-9999,0.6161,14.8178,-1.0981,81.2848,3.3603,87.2615,-9999,-9999,-9999,-9999,1,0,1.0000
96942,0.3862,3.6101,2.2948,-9999,-9999,0.1912,14.8195,-1.7405,81.1675,4.5418,87.2718,-9999,-9999,-9999,-9999,1,0,1.0000
96943,0.8533,1.6377,2.0956,-9999,-9999,0.7178,14.8245,-3.3881,81.0722,4.3408,87.2826,-9999,-9999,-9999,-9999,1,0,1.0000
96944,2.1551,1.7074,2.6934,-9999,-9999,0.4750,14.8263,-2.3994,80.9934,4.5382,87.2991,-9999,-9999,-9999,-9999,1,0,1.0000
96945,1.2435,1.5565,4.1434,-9999,-9999,0.4218,14.8224,-1.3154,80.9233,4.0995,87.3094,-9999,-9999,-9999,-9999,1,0,1.0000
96946,0.2691,2.3646,1.8893,-9999,-9999,0.3873,14.8323,0.9701,80.8667,3.6065,87.3067,-9999,-9999,-9999,-9999,1,0,1.0000
96947,0.0168,1.8809,1.7597,-9999,-9999,0.2688,14.8414,-0.5969,80.8253,4.1569,87.3100,-9999,-9999,-9999,-9999,1,0,1.0000
96948,1.9629,2.2608,3.2275,-9999,-9999,0.2281,14.8606,-1.4986,80.7939,5.4506,87.3098,-9999,-9999,-9999,-9999,1,0,1.0000
96949,0.8987,3.1065,2.0294,-9999,-9999,0.7634,14.8627,-0.6691,80.7704,3.7917,87.3215,-9999,-9999,-9999,-9999,1,0,1.0000
96950,0.3238,3.0409,3.7257,-9999,-9999,0.8898,14.8658,-0.4066,80.7438,3.4887,87.3235,-9999,-9999,-9999,-9999,1,0,1.0000
96951,-0.2970,1.7264,2.5177,-9999,-9999,1.1226,14.8641,-1.7820,80.7288,5.8228,87.3293,-9999,-9999,-9999,-9999,1,0,1.0000
96952,0.6190,2.6775,2.8644,-9999,-9999,1.1572,14.8656,0.5337,80.7191,5.4279,87.3350,-9999,-9999,-9999,-9999,1,0,1.0000
96953,0.3739,1.8916,3.1746,-9999,-9999,-0.3431,14.8665,-2.2228,80.7195,4.8191,87.3461,-9999,-9999,-9999,-9999,1,0,1.0000
96954,-0.0726,1.9464,3.4097,-9999,-9999,0.6890,14.8684,0.3917,80.7169,4.9356,87.3415,-9999,-9999,-9999,-9999,1,0,1.0000
96955,0.0701,2.1834,5.4105,-9999,-9999,-0.0230,14.8619,1.7693,80.7307,5.6854,87.3404,-9999,-9999,-9999,-9999,1,0,1.0000
96956,1.4312,1.3906,1.7977,-9999,-9999,0.0030,14.8704,1.8980,80.7699,3.3885,87.3536,-9999,-9999,-9999,-9999,1,0,1.0000
96957,-0.4156,2.0873,4.5787,-9999,-9999,0.1940,14.8721,-1.2914,80.8343,4.0785,87.3649,-9999,-9999,-9999,-9999,1,0,1.0000
96958,0.4488,1.5761,2.9955,-9999,-9999,0.1174,14.8698,3.8264,80.9172,2.5491,87.3728,-9999,-9999,-9999,-9999,1,0,1.0000
96959,0.0286,1.7808,3.0360,-9999,-9999,0.4179,14.8847,0.8714,80.9922,5.3617,87.3803,-9999,-9999,-9999,-9999,1,0,1.0000
96960,0.0080,2.9189,2.2785,-9999,-9999,-0.4436,14.8930,-1.9331,81.0721,4.1656,87.3836,-9999,-9999,-9999,-9999,1,0,1.0000
96961,-0.3403,2.0119,2.2318,-9999,-9999,0.5781,14.8961,-0.8246,81.1600,4.2529,87.3966,-9999,-9999,-9999,-9999,1,0,1.0000
96962,-0.1289,1.4397,2.2538,-9999,-9999,1.1377,14.8960,-2.2998,81.2662,5.9200,87.4072,-9999,-9999,-9999,-9999,1,0,1.0000
96963,-0.2068,1.4656,2.5641,-9999,-9999,-0.7404,14.8950,-2.8123,81.3636,7.2064,87.4270,-9999,-9999,-9999,-9999,1,0,1.0000
96964,1.2824,2.1428,2.0860,-9999,-9999,-0.1874,14.8880,-1.9052,81.4620,9.2169,87.4366,-9999,-9999,-9999,-9999,1,0,1.0000
96965,-0.2631,1.8617,2.4744,-9999,-9999,0.4238,14.8859,-2.2485,81.5709,3.2796,87.4479,-9999,-9999,-9999,-9999,1,0,1.0000
96966,1.4050,2.2521,3.1486,-9999,-9999,0.0323,14.8887,-2.8390,81.6861,4.6213,87.4536,-9999,-9999,-9999,-9999,1,0,1.0000
96967,0.1219,2.1428,2.7043,-9999,-9999,0.8707,14.8844,-2.2660,81.8054,10.6199,87.4500,-9999,-9999,-9999,-9999,1,0,1.0000
96968,-0.1626,5.9374,1.9407,-9999,-9999,0.7967,14.8860,-1.6817,81.9250,3.9039,87.4589,-9999,-9999,-9999,-9999,1,0,1.0000
96969,-0.1171,2.7919,2.3432,-9999,-9999,0.4189,14.8856,-3.8862,82.0541,6.8150,87.4613,-9999,-9999,-9999,-9999,1,0,1.0000
96970,-0.0244,2.7492,3.5521,-9999,-9999,0.4355,14.8885,-2.6430,82.1830,4.7399,87.4727,-9999,-9999,-9999,-9999,1,0,1.0000
96971,-0.3272,1.2094,4.0177,-9999,-9999,0.2486,14.8999,-2.7569,82.3124,4.5268,87.4809,-9999,-9999,-9999,-9999,1,0,1.0000
96972,-0.0741,1.1925,2.1688,-9999,-9999,0.2916,14.9059,-3.8222,82.4557,8.4166,87.4899,-9999,-9999,-9999,-9999,1,0,1.0000
96973,-0.4842,1.0203,2.2897,-9999,-9999,0.2262,14.9156,3.1532,82.5876,5.9533,87.5074,-9999,-9999,-9999,-9999,1,0,1.0000
96974,0.1481,1.2823,1.5914,-9999,-9999,0.7957,14.9095,-1.2031,82.6971,3.3516,87.5183,-9999,-9999,-9999,-9999,1,0,1.0000
96975,-0.3506,1.0990,2.2673,-9999,-9999,-0.2374,14.9114,-3.3889,82.7976,4.2060,87.5227,-9999,-9999,-9999,-9999,1,0,1.0000
96976,-0.1070,1.0564,2.1411,-9999,-9999,0.2765,14.9069,-3.1455,82.9093,4.4968,87.5319,-9999,-9999,-9999,-9999,1,0,1.0000
96977,-0.5208,1.4561,2.9340,-9999,-9999,-0.0448,14.9077,-1.7062,83.0286,5.0897,87.5428,-9999,-9999,-9999,-9999,1,0,1.0000
96978,0.2375,1.6395,2.0133,-9999,-9999,0.2037,14.9149,-3.3482,83.1461,11.4678,87.5478,-9999,-9999,-9999,-9999,1,0,1.0000
96979,0.0139,1.7796,1.9939,-9999,-9999,0.3355,14.9184,-3.1579,83.2558,4.5880,87.5559,-9999,-9999,-9999,-9999,1,0,1.0000
96980,-0.3253,1.9525,2.0434,-9999,-9999,-0.1468,14.9253,-3.2107,83.3670,4.1117,87.5597,-9999,-9999,-9999,-9999,1,0,1.0000
96981,-0.2198,1.6777,2.6756,-9999,-9999,-0.4468,14.9192,-3.3562,83.4754,3.6911,87.5720,-9999,-9999,-9999,-9999,1,0,1.0000
96982,-0.4264,1.7653,1.7913,-9999,-9999,0.4058,14.9225,-3.4442,83.5735,4.8019,87.5791,-9999,-9999,-9999,-9999,1,0,1.0000
96983,-0.2286,0.9928,2.4068,-9999,-9999,1.0582,14.9288,-3.2017,83.6689,4.3988,87.5937,-9999,-9999,-9999,-9999,1,0,1.0000
96984,0.9920,1.7692,3.1719,-9999,-9999,0.3237,14.9267,-2.3164,83.7514,5.5850,87.6073,-9999,-9999,-9999,-9999,1,0,1.0000
96985,-0.0897,1.4471,1.8073,-9999,-9999,0.3042,14.9349,-2.7576,83.8441,3.9479,87.6229,-9999,-9999,-9999,-9999,1,0,1.0000
96986,-0.3697,3.4444,2.4595,-9999,-9999,0.7208,14.9394,-0.6364,83.9243,3.3885,87.6292,-9999,-9999,-9999,-9999,1,0,1.0000
96987,1.5791,1.0905,1.9222,-9999,-9999,-0.5052,14.9422,4.1179,83.9925,4.1302,87.6380,-9999,-9999,-9999,-9999,1,0,1.0000
96988,-0.3917,0.5962,1.4329,-9999,-9999,0.4729,14.9595,-1.9380,84.0367,3.3307,87.6345,-9999,-9999,-9999,-9999,1,0,1.0000
96989,-0.2623,0.8640,1.3124,-9999,-9999,-0.1444,14.9589,-3.6998,84.0749,4.4780,87.6451,-9999,-9999,-9999,-9999,1,0,1.0000
96990,0.0617,0.9081,2.5110,-9999,-9999,-0.3412,14.9640,-2.8300,84.1115,7.9577,87.6645,-9999,-9999,-9999,-9999,1,0,1.0000
96991,-0.1424,0.7870,2.3575,-9999,-9999,0.0881,14.9701,-1.9127,84.1417,8.0915,87.6824,-9999,-9999,-9999,-9999,1,0,1.0000
96992,-0.2780,1.7141,2.2951,-9999,-9999,1.3440,14.9691,-2.2215,84.1637,2.8769,87.6939,-9999,-9999,-9999,-9999,1,0,1.0000
96993,0.0312,1.2582,2.1731,-9999,-9999,1.5106,14.9752,-3.2666,84.1781,2.6358,87.7006,-9999,-9999,-9999,-9999,1,0,1.0000
96994,-0.5492,1.6896,1.7254,-9999,-9999,0.4003,14.9774,-1.4848,84.1891,3.3116,87.7117,-9999,-9999,-9999,-9999,1,0,1.0000
96995,0.1766,3.1166,2.8439,-9999,-9999,-0.0550,14.9736,-4.0036,84.2016,6.2535,87.7204,-9999,-9999,-9999,-9999,1,0,1.0000
96996,0.1252,1.7173,2.9094,-9999,-9999,0.5827,14.9774,-3.4239,84.1870,10.0832,87.7287,-9999,-9999,-9999,-9999,1,0,1.0000
96997,0.1097,1.5504,1.7468,-9999,-9999,-0.1493,14.9906,-3.9548,84.1664,4.0535,87.7347,-9999,-9999,-9999,-9999,1,0,1.0000
96998,-0.3011,1.0599,2.4609,-9999,-9999,-0.3090,14.9909,-3.0190,84.0978,3.6664,87.7333,-9999,-9999,-9999,-9999,1,0,1.0000
96999,1.7906,1.1075,2.0149,-9999,-9999,-0.7165,14.9945,-0.2986,84.0139,3.6818,87.7357,-9999,-9999,-9999,-9999,1,0,1.0000
97000,-0.2521,4.3633,2.3386,-9999,-9999,0.0262,14.9945,-2.9325,83.9190,6.8923,87.7310,-9999,-9999,-9999,-9999,1,0,1.0000
97001,0.1204,2.9181,3.6211,-9999,-9999,0.6485,14.9979,-2.3216,83.8193,4.8056,87.7295,-9999,-9999,-9999,-9999,1,0,1.0000
97002,2.1814,1.1672,2.6408,-9999,-9999,-0.4626,15.0025,-2.7582,83.7119,8.0605,87.7210,-9999,-9999,-9999,-9999,1,0,1.0000
97003,-0.1020,0.7244,1.9499,-9999,-9999,0.2303,14.9988,-0.3208,83.5860,10.3398,87.7203,-9999,-9999,-9999,-9999,1,0,1.0000
97004,-0.0955,0.8229,1.6114,-9999,-9999,-0.4707,15.0001,0.3305,83.4535,4.1678,87.7121,-9999,-9999,-9999,-9999,1,0,1.0000
97005,-0.1505,0.8517,2.4043,-9999,-9999,0.3328,15.0002,2.8669,83.2963,3.8180,87.6965,-9999,-9999,-9999,-9999,1,0,1.0000
97006,-0.2159,1.1096,2.6338,-9999,-9999,-0.1508,15.0238,-2.6415,83.1559,4.4813,87.6951,-9999,-9999,-9999,-9999,1,0,1.0000
97007,-0.1082,1.3395,3.7495,-9999,-9999,0.5866,15.0301,-2.6255,83.0152,4.7135,87.6828,-9999,-9999,-9999,-9999,1,0,1.0000
97008,0.2951,1.2918,2.3926,-9999,-9999,-0.1392,15.0286,1.0370,82.8779,4.3911,87.6794,-9999,-9999,-9999,-9999,1,0,1.0000
97009,1.3390,1.1535,3.2838,-9999,-9999,0.0468,15.0390,-1.9490,82.7584,3.4106,87.6647,-9999,-9999,-9999,-9999,1,0,1.0000
97010,0.5829,4.4507,2.9565,-9999,-9999,-0.1898,15.0460,-2.0688,82.6090,3.7037,87.6501,-9999,-9999,-9999,-9999,1,0,1.0000
97011,-0.4470,1.8190,2.4456,-9999,-9999,-0.1339,15.0621,3.8041,82.5101,3.9100,87.6389,-9999,-9999,-9999,-9999,1,0,1.0000
97012,0.2376,1.1724,1.8872,-9999,-9999,1.9947,15.0398,-0.0358,82.3805,4.5138,87.6199,-9999,-9999,-9999,-9999,1,0,1.0000
97013,0.0453,1.9158,2.3309,-9999,-9999,-0.3686,15.0419,-2.5774,82.2895,6.9485,87.6162,-9999,-9999,-9999,-9999,1,0,1.0000
97014,0.0468,3.2697,2.0205,-9999,-9999,-0.1701,15.0395,-2.7574,82.1810,4.4966,87.6010,-9999,-9999,-9999,-9999,1,0,1.0000
97015,0.4117,2.3204,3.2039,-9999,-9999,-0.0320,15.0396,-1.4587,82.1041,3.6186,87.5837,-9999,-9999,-9999,-9999,1,0,1.0000
97016,0.2636,1.4514,2.4672,-9999,-9999,0.7223,15.0426,-3.3923,82.0418,2.9089,87.5718,-9999,-9999,-9999,-9999,1,0,1.0000
97017,0.8487,2.9094,2.7377,-9999,-9999,0.0906,15.0399,-2.4537,81.9870,5.8822,87.5500,-9999,-9999,-9999,-9999,1,0,1.0000
97018,-0.2420,4.1017,2.6634,-9999,-9999,0.6480,15.0420,-3.5517,81.9427,5.1356,87.5261,-9999,-9999,-9999,-9999,1,0,1.0000
97019,-0.1097,2.9059,3.6561,-9999,-9999,0.3924,15.0302,-2.6100,81.9111,7.6030,87.5032,-9999,-9999,-9999,-9999,1,0,1.0000
97020,1.2990,1.7372,4.9838,-9999,-9999,-0.7486,15.0200,1.4794,81.8974,4.8162,87.4946,-9999,-9999,-9999,-9999,1,0,1.0000
97021,0.4564,1.1182,4.0999,-9999,-9999,0.1553,15.0189,0.5089,81.8862,2.6154,87.4755,-9999,-9999,-9999,-9999,1,0,1.0000
97022,0.0454,0.6562,2.2874,-9999,-9999,0.3626,15.0247,8.7124,81.8744,3.3620,87.4536,-9999,-9999,-9999,-9999,1,0,1.0000
97023,0.2875,2.1696,3.2486,-9999,-9999,0.1514,15.0312,-2.5396,81.8746,4.0583,87.4295,-9999,-9999,-9999,-9999,1,0,1.0000
97024,-0.0061,1.4624,2.3749,-9999,-9999,0.2918,15.0392,-1.1066,81.8831,3.3209,87.4085,-9999,-9999,-9999,-9999,1,0,1.0000
97025,0.1269,1.1130,2.1887,-9999,-9999,0.5571,15.0370,-0.8633,81.8988,3.4659,87.3938,-9999,-9999,-9999,-9999,1,0,1.0000
97026,1.9344,1.1196,3.0546,-9999,-9999,-0.0383,15.0381,0.4752,81.9243,6.2100,87.3648,-9999,-9999,-9999,-9999,1,0,1.0000
97027,-0.1025,1.3543,2.1743,-9999,-9999,-0.0486,15.0352,-2.5474,81.9547,6.1938,87.3372,-9999,-9999,-9999,-9999,1,0,1.0000
97028,0.2663,2.3153,3.8073,-9999,-9999,0.4715,15.0433,5.0085,82.0166,3.4437,87.3189,-9999,-9999,-9999,-9999,1,0,1.0000
97029,0.8557,2.4762,2.9697,-9999,-9999,0.7408,15.0395,-0.3757,82.0870,6.5204,87.2923,-9999,-9999,-9999,-9999,1,0,1.0000
97030,0.1840,2.5422,2.5015,-9999,-9999,0.6695,15.0397,-3.3635,82.1533,5.7511,87.2694,-9999,-9999,-9999,-9999,1,0,1.0000
97031,0.2688,1.9155,3.2036,-9999,-9999,-0.0782,15.0353,-1.1124,82.2275,9.0632,87.2240,-9999,-9999,-9999,-9999,1,0,1.0000
97032,0.5825,2.3439,2.9596,-9999,-9999,0.0728,15.0381,5.6139,82.3133,5.5247,87.1743,-9999,-9999,-9999,-9999,1,0,1.0000
97033,-0.0129,1.5647,2.6203,-9999,-9999,-0.4552,15.0298,-1.4382,82.4080,7.9839,87.1188,-9999,-9999,-9999,-9999,1,0,1.0000
97034,1.4574,2.7753,5.7096,-9999,-9999,0.0612,15.0383,-3.1878,82.4739,4.9980,87.0717,-9999,-9999,-9999,-9999,1,0,1.0000
97035,1.3340,3.4284,7.3410,-9999,-9999,-0.0036,15.0423,-0.6246,82.5584,6.0879,87.0328,-9999,-9999,-9999,-9999,1,0,1.0000
97036,0.5490,2.6889,4.7068,-9999,-9999,0.0577,15.0484,-1.0897,82.6472,6.8542,86.9847,-9999,-9999,-9999,-9999,1,0,1.0000
97037,0.9255,3.3809,5.2911,-9999,-9999,0.8116,15.0464,-0.7181,82.7377,7.8691,86.9378,-9999,-9999,-9999,-9999,1,0,1.0000
97038,1.9739,3.2161,6.3864,-9999,-9999,-0.1361,15.0474,-2.4175,82.8219,9.8907,86.8929,-9999,-9999,-9999,-9999,1,0,1.0000
97039,0.8755,2.0381,6.6530,-9999,-9999,1.2302,15.0520,1.4890,82.9121,15.4933,86.8530,-9999,-9999,-9999,-9999,1,0,1.0000
97040,1.3249,3.2090,6.1466,-9999,-9999,-0.0182,15.0617,6.2627,82.9984,9.9895,86.8132,-9999,-9999,-9999,-9999,1,0,1.0000
97041,1.7379,4.4754,5.9047,-9999,-9999,0.1432,15.0593,7.2412,83.0728,10.1319,86.7801,-9999,-9999,-9999,-9999,1,0,1.0000
97042,1.1152,3.3018,5.6802,-9999,-9999,0.3875,15.0647,13.5457,83.1582,13.0801,86.7460,-9999,-9999,-9999,-9999,1,0,1.0000
97043,1.8780,2.6153,5.2117,-9999,-9999,-0.2323,15.0633,4.5457,83.2549,10.2203,86.7060,-9999,-9999,-9999,-9999,1,0,1.0000
97044,0.9543,5.3436,7.2543,-9999,-9999,-0.3830,15.0619,10.6296,83.3367,11.3467,86.6687,-9999,-9999,-9999,-9999,1,0,1.0000
97045,1.3992,4.9216,6.6229,-9999,-9999,1.0385,15.0623,18.3412,83.4055,7.1899,86.6269,-9999,-9999,-9999,-9999,1,0,1.0000
97046,1.6100,3.7492,4.5559,-9999,-9999,0.3645,15.0510,-1.0808,83.4655,8.0983,86.6010,-9999,-9999,-9999,-9999,1,0,1.0000
97047,1.0361,3.2676,5.4206,-9999,-9999,-0.1309,15.0568,2.6775,83.5258,9.8795,86.5613,-9999,-9999,-9999,-9999,1,0,1.0000
97048,1.8977,2.5105,6.8032,-9999,-9999,0.2266,15.0532,0.7402,83.5687,6.4941,86.5211,-9999,-9999,-9999,-9999,1,0,1.0000
97049,2.5963,3.5131,7.1311,-9999,-9999,0.4807,15.0576,7.3510,83.6206,6.9378,86.4845,-9999,-9999,-9999,-9999,1,0,1.0000
97050,1.6170,3.1477,6.6696,-9999,-9999,-0.2783,15.0583,2.8446,83.6688,7.6056,86.4347,-9999,-9999,-9999,-9999,1,0,1.0000
97051,0.7906,2.2507,4.7500,-9999,-9999,0.7715,15.0758,6.6436,83.7059,8.5115,86.3884,-9999,-9999,-9999,-9999,1,0,1.0000
97052,2.2773,3.7248,5.7153,-9999,-9999,1.1104,15.0736,3.3991,83.7352,10.7716,86.3379,-9999,-9999,-9999,-9999,1,0,1.0000
97053,1.2846,3.7449,5.6881,-9999,-9999,1.2060,15.0802,-2.3382,83.7525,9.2348,86.2931,-9999,-9999,-9999,-9999,1,0,1.0000
97054,1.4798,4.2115,5.1073,-9999,-9999,-0.0083,15.0780,7.2437,83.7606,12.8921,86.2439,-9999,-9999,-9999,-9999,1,0,1.0000
97055,2.0620,2.6246,6.0340,-9999,-9999,0.9349,15.0776,6.0000,83.7534,11.7876,86.1716,-9999,-9999,-9999,-9999,1,0,1.0000
97056,0.9842,2.7219,6.4108,-9999,-9999,0.4842,15.0873,-0.5589,83.7565,9.1798,86.1080,-9999,-9999,-9999,-9999,1,0,1.0000
97057,3.5134,5.6953,6.6449,-9999,-9999,-0.1354,15.0842,5.7120,83.7520,6.5168,86.0621,-9999,-9999,-9999,-9999,1,0,1.0000
97058,3.2181,3.6645,6.4515,-9999,-9999,0.2343,15.0766,16.3515,83.7462,12.6981,86.0240,-9999,-9999,-9999,-9999,1,0,1.0000
97059,1.4222,3.6419,7.2266,-9999,-9999,0.1411,15.0839,1.9290,83.7271,8.6500,85.9685,-9999,-9999,-9999,-9999,1,0,1.0000
97060,1.5241,3.6645,6.2957,-9999,-9999,-0.2937,15.0915,-0.2789,83.6817,7.4483,85.8987,-9999,-9999,-9999,-9999,1,0,1.0000
97061,2.0141,3.7846,7.1705,-9999,-9999,-0.9606,15.0981,-0.6208,83.6116,7.4796,85.8563,-9999,-9999,-9999,-9999,1,0,1.0000
97062,0.7774,3.0921,6.8083,-9999,-9999,0.4041,15.1005,-2.8354,83.5115,5.5475,85.8110,-9999,-9999,-9999,-9999,1,0,1.0000
97063,1.7630,2.9843,5.3450,-9999,-9999,1.0777,15.1060,-0.4188,83.4087,6.6002,85.7729,-9999,-9999,-9999,-9999,1,0,1.0000
