Data/Raw/WAGNER,NICK/firexaq-AOP-optical_DC8_20190831_R1.ict
51, 1001
Wagner, Nicholas L.
NOAA Earth System Research Laboratory
NOAA AOP instrument
FIREX-AQ
1, 1
2019, 08, 31, 2020, 04, 27
1
Time_start, seconds_past_midnight, seconds from midnight
18
1, 1, 1, 1, 1, 1, 1, 1, 1, 1, 1, 1, 1, 1, 1, 1, 1, 1
-9999, -9999, -9999, -9999, -9999, -9999, -9999, -9999, -9999, -9999, -9999, -9999, -9999, -9999, -9999, -9999, -9999, -9999
ext_dry_664, Mm-1, AerOpt_Extinction_InSitu_RHd_red_Total_PM2.5_STP
ext_dry_532, Mm-1, AerOpt_Extinction_InSitu_RHd_green_Total_PM2.5_STP
ext_dry_405, Mm-1, AerOpt_Extinction_InSitu_RHd_blue_Total_PM2.5_STP
abs_dry_664, Mm-1, AerOpt_Absorption_InSitu_RHd_red_Total_PM2.5_STP
abs_dry_532, Mm-1, AerOpt_Absorption_InSitu_RHd_green_Total_PM2.5_STP
abs_dry_405, Mm-1, AerOpt_Absorption_InSitu_RHd_blue_Total_PM2.5_STP
AOP_RH_dry, pct, Relative_humidity_of_dry_RH_channels
ext_medRH_664, Mm-1, AerOpt_Extinction_InSitu_RH80_red_Total_PM2.5_STP
AOP_RH_med, pct, Relative_humidity_of_medium_RH_channel
ext_highRH_664, Mm-1, AerOpt_Extinction_InSitu_RH85_red_Total_PM2.5_STP
AOP_RH_high, pct, Relative_humidity_of_high_RH_channel
ext_TD_664, Mm-1, AerOpt_ExtinctionTD_InSitu_RHd_blue_Total_PM2.5_STP
ext_TD_405, Mm-1, AerOpt_ExtinctionTD_InSitu_RHd_red_Total_PM2.5_STP
abs_TD_664, Mm-1, AerOpt_Absorption_InSitu_RHd_red_Total_PM2.5_STP
abs_TD_405, Mm-1, AerOpt_Absorption_InSitu_RHd_blue_Total_PM2.5_STP
AOP_TD_bypass_flag, pct, Flag_for_TD_Bypass_valve
AOP_filter_flag, pct, Flag_for_Filter_Valve
AOP_Dilution_ratio, pct, Applied_Dilution_Ratio_for_ext_channels
1
N/A
18
PI_CONTACT_INFO: Address: NOAA ESRL Chemical Sciences Division, R/CSD2, 325 Broadway, Boulder, CO 80305. Email: nick.wagner@noaa.gov.
PLATFORM: NASA DC8
LOCATION: See the DC8 MetNav file, Based in Boise (BOI) and Salina, KS
ASSOCIATED_DATA: N/A
[...]
DATA_INFO: Mm-1:
UNCERTAINTY: The precision of the extinction measurements varies with aerosol loading and is +/-20% at 10 Mm-1 and +/-5% at 100 Mm-1. The accuracy of the dry measurement is +/-2% and depends on RH for the humidified measurements, +/-5% at 85% RH and +/-15% at 90% RH. For more details, see Langridge et al., Aerosol Science and Technology 45:1305-1318, 2011. Analysis of comparable measurements suggest incomplete mixing in the dilution system. Effective dilution for individual instruments can vary by +/- 30% compared to the reported flow-based dilution estimate. The absorption measurements have a high signal accuracy of 20%. The low signal precision varies with altitude and flight to flight, and is typically less than 10 Mm-1 for 1 second measurements.
ULOD_FLAG: -7777
ULOD_VALUE: N/A
LLOD_FLAG: -8888
LLOD_VALUE: N/A
DM_CONTACT_INFO: Gao Chen
PROJECT_INFO: FIREX-AQ
STIPULATIONS_ON_USE: NASA Data Policy. Contact with PI is encouraged.
OTHER_COMMENTS: N/A
REVISION: R1
R1: Absorption measurements have been corrected for pressure dependent microphone sensitivity. In-cloud data has been removed. R0: Final Data. 
Time_start, ext_dry_664, ext_dry_532, ext_dry_405, abs_dry_664, abs_dry_532, abs_dry_405, AOP_RH_dry, ext_medRH_664, AOP_RH_med, ext_highRH_664, AOP_RH_high, ext_TD_664, ext_TD_405, abs_TD_664, abs_TD_405, AOP_TD_bypass_flag, AOP_filter_flag, AOP_Dilution_ratio
[from data line 7900]
70723,-9999.0000,-9999.0000,-9999.0000,-9999.0000,-9999.0000,-9999.0000,33.3628,-9999.0000,80.1409,-9999.0000,84.8221,-9999.0000,-9999.0000,-9999.0000,-9999.0000,0,1,1.0000
70724,-9999.0000,-9999.0000,-9999.0000,-9999.0000,-9999.0000,-9999.0000,33.3647,-9999.0000,80.0670,-9999.0000,84.8929,-9999.0000,-9999.0000,-9999.0000,-9999.0000,0,1,1.0000
70725,-9999.0000,-9999.0000,-9999.0000,-9999.0000,-9999.0000,-9999.0000,33.3542,-9999.0000,79.9865,-9999.0000,84.9591,-9999.0000,-9999.0000,-9999.0000,-9999.0000,0,1,1.0000
70726,-9999.0000,-9999.0000,-9999.0000,-9999.0000,-9999.0000,-9999.0000,33.3474,-9999.0000,79.8946,-9999.0000,85.0158,-9999.0000,-9999.0000,-9999.0000,-9999.0000,0,1,1.0000
70727,-9999.0000,-9999.0000,-9999.0000,-9999.0000,-9999.0000,-9999.0000,33.3458,-9999.0000,79.8038,-9999.0000,85.0621,-9999.0000,-9999.0000,-9999.0000,-9999.0000,0,1,1.0000
70728,-9999.0000,-9999.0000,-9999.0000,-9999.0000,-9999.0000,-9999.0000,33.3419,-9999.0000,79.7038,-9999.0000,85.1087,-9999.0000,-9999.0000,-9999.0000,-9999.0000,0,1,1.0000
70729,-9999.0000,-9999.0000,-9999.0000,-9999.0000,-9999.0000,-9999.0000,33.3420,-9999.0000,79.5864,-9999.0000,85.1561,-9999.0000,-9999.0000,-9999.0000,-9999.0000,0,1,1.0000
70730,-9999.0000,-9999.0000,-9999.0000,-9999.0000,-9999.0000,-9999.0000,33.3401,-9999.0000,79.4665,-9999.0000,85.2046,-9999.0000,-9999.0000,-9999.0000,-9999.0000,0,1,1.0000
70731,-9999.0000,-9999.0000,-9999.0000,-9999.0000,-9999.0000,-9999.0000,33.3366,-9999.0000,79.3406,-9999.0000,85.2364,-9999.0000,-9999.0000,-9999.0000,-9999.0000,0,1,1.0000
70732,-9999.0000,-9999.0000,-9999.0000,-9999.0000,-9999.0000,-9999.0000,33.3320,-9999.0000,79.2192,-9999.0000,85.2504,-9999.0000,-9999.0000,-9999.0000,-9999.0000,0,1,1.0000
70733,-9999.0000,-9999.0000,-9999.0000,-9999.0000,-9999.0000,-9999.0000,33.3326,-9999.0000,79.1181,-9999.0000,85.2697,-9999.0000,-9999.0000,-9999.0000,-9999.0000,0,1,1.0000
70734,-9999.0000,-9999.0000,-9999.0000,-9999.0000,-9999.0000,-9999.0000,33.3250,-9999.0000,79.0289,-9999.0000,85.2807,-9999.0000,-9999.0000,-9999.0000,-9999.0000,0,1,1.0000
70735,-9999.0000,-9999.0000,-9999.0000,-9999.0000,-9999.0000,-9999.0000,33.3281,-9999.0000,78.9352,-9999.0000,85.3005,-9999.0000,-9999.0000,-9999.0000,-9999.0000,0,1,1.0000
70736,-9999.0000,-9999.0000,-9999.0000,-9999.0000,-9999.0000,-9999.0000,33.3276,-9999.0000,78.8262,-9999.0000,85.3072,-9999.0000,-9999.0000,-9999.0000,-9999.0000,0,1,1.0000
70737,-9999.0000,-9999.0000,-9999.0000,-9999.0000,-9999.0000,-9999.0000,33.3284,-9999.0000,78.7195,-9999.0000,85.3191,-9999.0000,-9999.0000,-9999.0000,-9999.0000,0,1,1.0000
70738,-9999.0000,-9999.0000,-9999.0000,-9999.0000,-9999.0000,-9999.0000,33.3297,-9999.0000,78.6535,-9999.0000,85.3300,-9999.0000,-9999.0000,-9999.0000,-9999.0000,0,1,1.0000
70739,-9999.0000,-9999.0000,-9999.0000,-9999.0000,-9999.0000,-9999.0000,33.3225,-9999.0000,78.5993,-9999.0000,85.3342,-9999.0000,-9999.0000,-4.6367,-9999.0000,0,1,1.0000
70740,-9999.0000,-9999.0000,-9999.0000,-9999.0000,-9999.0000,-9999.0000,33.3128,-9999.0000,78.5563,-9999.0000,85.3372,-9999.0000,-9999.0000,6.2552,-9999.0000,0,0,1.0000
70741,-9999.0000,-9999.0000,-9999.0000,-9999.0000,-9999.0000,-9999.0000,33.3078,-9999.0000,78.5243,-9999.0000,85.3358,-9999.0000,-9999.0000,0.2997,-9999.0000,0,0,1.0000
70742,-9999.0000,-9999.0000,-9999.0000,-9999.0000,-9999.0000,-9999.0000,33.3054,-9999.0000,78.5011,-9999.0000,85.3344,-9999.0000,-9999.0000,-3.9092,-9999.0000,0,0,1.0000
70743,-9999.0000,-9999.0000,-9999.0000,-9999.0000,-9999.0000,-9999.0000,33.3055,-9999.0000,78.4863,-9999.0000,85.3309,-9999.0000,-9999.0000,6.8007,-9999.0000,0,0,1.0000
70744,-9999.0000,-9999.0000,-9999.0000,-9999.0000,-9999.0000,-9999.0000,33.3049,-9999.0000,78.4775,-9999.0000,85.3280,-9999.0000,-9999.0000,-5.7319,0.7441,0,0,1.0000
70745,-9999.0000,-9999.0000,-9999.0000,-9999.0000,-9999.0000,-9999.0000,33.3080,-9999.0000,78.4718,-9999.0000,85.3322,-9999.0000,-9999.0000,-1.8700,1.3724,0,0,1.0000
70746,-9999.0000,-9999.0000,-9999.0000,-9999.0000,-9999.0000,-9999.0000,33.3057,-9999.0000,78.4772,-9999.0000,85.3327,-9999.0000,-9999.0000,-3.0333,2.7005,0,0,1.0000
70747,-9999.0000,-9999.0000,-9999.0000,-9999.0000,-9999.0000,-9999.0000,33.3007,-9999.0000,78.4734,-9999.0000,85.3279,-9999.0000,-9999.0000,2.9707,2.5037,0,0,1.0000
70748,-9999.0000,-9999.0000,-9999.0000,-9999.0000,-9999.0000,-9999.0000,33.3001,-9999.0000,78.4756,-9999.0000,85.3306,-9999.0000,-9999.0000,-3.2820,1.5013,0,0,1.0000
70749,-9999.0000,-9999.0000,-9999.0000,-9999.0000,-9999.0000,-9999.0000,33.2947,-9999.0000,78.4889,-9999.0000,85.3334,-9999.0000,-9999.0000,-3.0130,-1.0232,0,0,1.0000
70750,-9999.0000,-9999.0000,-9999.0000,-9999.0000,-9999.0000,-9999.0000,33.2895,-9999.0000,78.5272,-9999.0000,85.3356,-9999.0000,-9999.0000,-3.1127,1.2793,0,0,1.0000
70751,-9999.0000,-9999.0000,-9999.0000,-9999.0000,-9999.0000,-9999.0000,33.2877,-9999.0000,78.5751,-9999.0000,85.3464,-9999.0000,-9999.0000,3.4364,-0.7126,0,0,1.0000
70752,-9999.0000,-9999.0000,-9999.0000,-9999.0000,-9999.0000,-9999.0000,33.2901,-9999.0000,78.6437,-9999.0000,85.3621,-9999.0000,-9999.0000,2.2250,0.3301,0,0,1.0000
70753,21.9698,35.7904,62.0205,-9999.0000,-9999.0000,-9999.0000,33.2933,33.6691,78.7290,-9999.0000,85.3816,-9999.0000,-9999.0000,2.3348,4.3506,0,0,1.0000
70754,20.7091,32.4790,63.5653,-0.2458,-2.1388,1.7453,33.3010,30.9535,78.8221,48.5810,85.3989,-9999.0000,-9999.0000,0.0439,2.7292,0,0,1.0000
70755,22.7193,37.3013,64.9501,1.1772,-0.6005,2.4646,33.3043,32.0877,78.9121,48.2131,85.4210,-9999.0000,-9999.0000,-0.3043,0.2074,0,0,1.0000
70756,22.1268,37.0912,64.3968,-2.7951,1.7447,2.5243,33.3040,32.4618,79.0249,38.2750,85.4579,-9999.0000,-9999.0000,-3.6969,2.6045,0,0,1.0000
70757,21.0557,37.4280,64.0359,-2.3908,1.5953,1.8866,33.3045,28.9602,79.1314,37.9870,85.4866,-9999.0000,-9999.0000,-2.4004,-1.6816,0,0,1.0000
70758,20.5039,34.6753,63.7081,1.3083,2.3684,1.7000,33.2969,34.0103,79.2387,38.4193,85.5133,-9999.0000,-9999.0000,5.8548,6.8709,0,0,1.0000
70759,21.0997,39.9365,64.5894,-3.8155,-0.0378,2.9190,33.2867,30.6468,79.3410,37.5624,85.5366,-9999.0000,-9999.0000,0.0086,1.4257,0,0,1.0000
70760,21.0106,36.2796,64.2537,-2.4704,3.7161,2.3920,33.2861,29.9292,79.4517,36.8310,85.5517,-9999.0000,-9999.0000,-5.7381,2.9175,0,0,1.0000
70761,20.8826,35.9108,65.6744,0.7405,3.0137,4.3953,33.2792,33.5587,79.5625,36.3571,85.5610,-9999.0000,-9999.0000,-3.8344,-3.2948,0,0,1.0000
70762,21.1466,34.5010,62.2293,-2.3109,1.9896,6.8414,33.2867,33.1221,79.6773,37.9408,85.5847,-9999.0000,-9999.0000,-5.2549,4.2483,0,0,1.0000
70763,19.0077,33.2728,63.4579,-3.4391,-0.1068,4.2565,33.2836,28.3371,79.7900,36.0090,85.6075,-9999.0000,-9999.0000,-8.0125,2.9826,0,0,1.0000
70764,21.4021,41.5066,68.3664,-0.6035,-1.7371,2.5911,33.2709,29.4467,79.9041,37.4777,85.6276,-9999.0000,-9999.0000,-2.1953,1.2540,0,0,1.0000
70765,21.2211,33.5469,63.2767,2.3092,-0.0008,3.0876,33.2684,32.2582,80.0312,35.9075,85.6460,-9999.0000,-9999.0000,-0.1258,0.6717,0,0,1.0000
70766,23.0529,39.0456,60.4266,-2.7673,0.5220,2.2607,33.2707,27.8526,80.1597,38.1319,85.6627,-9999.0000,-9999.0000,2.6178,-0.4027,0,0,1.0000
70767,22.1155,37.1613,63.3359,4.0515,-0.0913,2.2289,33.2758,29.2235,80.2796,34.5423,85.6819,-9999.0000,-9999.0000,-7.9559,15.4009,0,0,1.0000
70768,21.1487,34.6124,63.0435,12.0844,-1.4112,2.1946,33.2780,24.9937,80.3851,32.3230,85.6894,-9999.0000,-9999.0000,-0.1851,-0.6895,0,0,1.0000
70769,22.8033,34.1439,63.2473,-2.2298,1.8401,2.3927,33.2791,29.9743,80.4668,27.4701,85.6978,-9999.0000,-9999.0000,2.6449,4.6482,0,0,1.0000
70770,21.6843,37.0156,62.3921,-0.2611,2.5215,2.9352,33.2752,25.7297,80.5408,27.4574,85.7008,-9999.0000,-9999.0000,-3.3196,0.4676,0,0,1.0000
70771,19.8598,34.7548,62.5928,2.4398,0.2833,3.0402,33.2718,29.3059,80.6047,26.6764,85.7003,-9999.0000,-9999.0000,-0.7360,4.7886,0,0,1.0000
70772,20.7457,34.4610,60.9906,1.1861,3.0881,1.6927,33.2727,24.4115,80.6543,34.6247,85.6921,-9999.0000,-9999.0000,-6.8782,0.8808,0,0,1.0000
70773,19.6428,34.3667,58.3954,-2.3910,1.0579,2.3770,33.2739,22.5532,80.6961,34.7110,85.6755,-9999.0000,-9999.0000,-1.1523,0.3821,0,0,1.0000
70774,18.8223,35.4061,63.9088,12.4384,2.3574,2.3262,33.2754,27.2055,80.7138,29.5476,85.6595,-9999.0000,-9999.0000,-3.1579,0.3936,0,0,1.0000
70775,18.6567,33.4537,60.8404,10.6227,1.4470,2.1079,33.2652,29.0175,80.7258,35.4426,85.6326,-9999.0000,-9999.0000,3.5630,2.4168,0,0,1.0000
70776,18.9465,31.8333,60.2739,-1.7746,1.2162,2.0532,33.2499,26.0241,80.7306,28.8900,85.5956,-9999.0000,-9999.0000,-3.9624,2.9103,0,0,1.0000
70777,18.1508,31.9951,56.6800,2.8167,1.2826,1.6158,33.2455,25.4352,80.7325,25.4409,85.5577,-9999.0000,-9999.0000,-6.8808,3.1960,0,0,1.0000
70778,18.6514,33.7919,57.5699,1.6040,5.8831,2.2243,33.2489,27.4735,80.7377,30.0837,85.5328,-9999.0000,-9999.0000,3.8013,2.3214,0,0,1.0000
70779,19.0098,31.2693,61.2169,3.1243,3.1814,2.5315,33.2419,25.2261,80.7222,28.6679,85.5286,-9999.0000,-9999.0000,-0.6608,4.6745,0,0,1.0000
70780,22.3655,31.0802,61.0968,-2.1046,-0.3791,2.1347,33.2353,23.9255,80.7002,30.8401,85.5236,-9999.0000,-9999.0000,0.1442,2.4360,0,0,1.0000
70781,22.3592,34.1439,61.5621,4.9804,1.1994,3.3087,33.2309,27.1517,80.6885,42.1873,85.5179,-9999.0000,-9999.0000,-2.4988,1.2194,0,0,1.0000
70782,18.9412,32.9225,60.9550,8.5544,1.2580,2.8610,33.2252,28.0087,80.6705,31.3742,85.5222,-9999.0000,-9999.0000,-1.9913,0.2071,0,0,1.0000
70783,-9999.0000,-9999.0000,-9999.0000,-9999.0000,-9999.0000,-9999.0000,33.2255,-9999.0000,80.6372,-9999.0000,85.5375,-9999.0000,-9999.0000,-9999.0000,-9999.0000,0,0,1.0000
70784,-9999.0000,-9999.0000,-9999.0000,-9999.0000,-9999.0000,-9999.0000,33.2255,-9999.0000,80.5875,-9999.0000,85.5596,-9999.0000,-9999.0000,-9999.0000,-9999.0000,0,0,1.0000
70785,-9999.0000,-9999.0000,-9999.0000,-9999.0000,-9999.0000,-9999.0000,33.2218,-9999.0000,80.5233,-9999.0000,85.5879,-9999.0000,-9999.0000,-9999.0000,-9999.0000,0,0,1.0000
70786,-9999.0000,-9999.0000,-9999.0000,-9999.0000,-9999.0000,-9999.0000,33.2223,-9999.0000,80.4612,-9999.0000,85.6255,-9999.0000,-9999.0000,-9999.0000,-9999.0000,0,0,1.0000
70787,-9999.0000,-9999.0000,-9999.0000,-9999.0000,-9999.0000,-9999.0000,33.2256,-9999.0000,80.3964,-9999.0000,85.6506,-9999.0000,-9999.0000,-9999.0000,-9999.0000,0,0,1.0000
70788,-9999.0000,-9999.0000,-9999.0000,-9999.0000,-9999.0000,-9999.0000,33.2353,-9999.0000,80.3364,-9999.0000,85.6987,-9999.0000,-9999.0000,-9999.0000,-9999.0000,0,0,1.0000
70789,-9999.0000,-9999.0000,-9999.0000,-9999.0000,-9999.0000,-9999.0000,33.2310,-9999.0000,80.2610,-9999.0000,85.7412,-9999.0000,-9999.0000,-9999.0000,-9999.0000,0,0,1.0000
70790,-9999.0000,-9999.0000,-9999.0000,-9999.0000,-9999.0000,-9999.0000,33.2317,-9999.0000,80.1583,-9999.0000,85.7896,-9999.0000,-9999.0000,-9999.0000,-9999.0000,0,0,1.0000
70791,-9999.0000,-9999.0000,-9999.0000,-9999.0000,-9999.0000,-9999.0000,33.2273,-9999.0000,80.0472,-9999.0000,85.8289,-9999.0000,-9999.0000,-9999.0000,-9999.0000,0,0,1.0000
70792,-9999.0000,-9999.0000,-9999.0000,-9999.0000,-9999.0000,-9999.0000,33.2324,-9999.0000,79.9179,-9999.0000,85.8759,-9999.0000,-9999.0000,-9999.0000,-9999.0000,0,0,1.0000
70793,-9999.0000,-9999.0000,-9999.0000,-9999.0000,-9999.0000,-9999.0000,33.2445,-9999.0000,79.7848,-9999.0000,85.9034,-9999.0000,-9999.0000,-9999.0000,-9999.0000,0,0,1.0000
70794,-9999.0000,-9999.0000,-9999.0000,-9999.0000,-9999.0000,-9999.0000,33.2535,-9999.0000,79.6653,-9999.0000,85.9325,-9999.0000,-9999.0000,-9999.0000,-9999.0000,0,0,1.0000
70795,21.5475,33.7209,64.0078,-1.7411,0.1901,2.9992,33.2527,20.9891,79.5328,33.3831,85.9568,4.0263,12.9840,-7.6088,2.6195,0,0,1.0000
70796,21.6346,33.8972,57.8003,-0.8316,1.6473,2.2496,33.2523,25.1481,79.4050,35.1022,85.9780,4.9744,13.1408,0.3903,3.4082,0,0,1.0000
70797,17.6629,31.9768,60.0398,1.6066,5.4472,2.5596,33.2480,28.4930,79.2794,32.3489,85.9907,6.1770,12.6955,-2.1961,-1.2656,0,0,1.0000
70798,21.9746,32.9673,59.8495,-2.6896,1.9102,2.1407,33.2440,25.5492,79.1699,29.7559,85.9977,4.5602,8.9183,-5.7868,2.4423,0,0,1.0000
70799,23.4292,38.1004,62.0149,3.7915,-0.7636,1.7244,33.2384,30.9165,79.0574,37.2524,85.9944,5.0893,9.4185,-2.2640,4.5430,0,0,1.0000
70800,21.1848,35.6492,60.4730,-2.5192,-1.6032,2.1160,33.2346,25.2019,78.9487,35.1943,85.9982,5.2538,10.0968,7.5999,1.2965,0,0,1.0000
70801,19.4382,31.8767,62.6731,-3.1260,-0.2233,1.5513,33.2372,31.5832,78.8384,33.5884,85.9966,3.7136,9.8043,-3.7482,2.4100,0,0,1.0000
70802,21.1751,32.2722,60.7958,6.2008,1.0317,2.1072,33.2363,31.5845,78.7651,34.3223,85.9996,3.6459,10.9020,-3.1403,-1.1069,0,0,1.0000
70803,20.7373,34.1679,60.9683,6.9061,0.3725,2.0886,33.2370,26.1966,78.7123,33.6595,85.9938,8.5509,11.6400,0.4197,0.5864,0,0,1.0000
70804,20.3002,35.6531,61.7582,-0.6676,2.5445,3.9052,33.2304,25.3092,78.6784,30.2453,85.9943,6.2938,9.4884,-0.9630,2.3182,0,0,1.0000
70805,20.3507,33.9040,61.7055,6.8141,-0.5643,4.7281,33.2223,25.9269,78.6521,34.7121,85.9830,6.7716,9.1752,-4.6479,0.6709,0,0,1.0000
70806,20.3660,34.5580,61.7462,0.5326,-0.3864,3.0527,33.2218,24.4431,78.6326,32.0237,85.9745,4.5881,9.8200,-4.9445,0.7005,0,0,1.0000
70807,19.5701,36.1089,61.3752,-0.4412,-4.0221,1.5829,33.2188,25.1279,78.6314,29.9473,85.9651,5.8617,10.2342,-1.0081,4.6827,0,0,1.0000
70808,20.7879,33.8149,60.5257,-1.5232,3.2929,1.8603,33.2203,27.5859,78.6316,28.4733,85.9566,5.6859,8.8945,0.4052,3.9057,0,0,1.0000
70809,19.3988,32.9178,58.0524,-0.5992,1.7969,1.5159,33.2281,21.7958,78.6379,26.4477,85.9499,4.2899,10.0181,-1.2771,5.0588,0,0,1.0000
70810,17.3365,33.8260,59.6858,7.1422,2.4139,1.3911,33.2309,30.4948,78.6575,31.3872,85.9421,3.5410,11.6028,-6.7194,2.8430,0,0,1.0000
70811,18.1476,33.5963,57.5602,3.8649,2.9016,2.5092,33.2309,21.9297,78.6956,33.5446,85.9304,4.6742,8.7797,-3.9412,5.9094,0,0,1.0000
70812,20.1301,30.1121,57.5160,-1.7357,3.3564,2.3886,33.2336,29.4640,78.7523,29.0642,85.9150,11.7948,7.5599,-8.7891,0.6899,0,0,1.0000
70813,20.0523,30.6844,58.4264,-3.3316,4.9479,2.1677,33.2336,29.0961,78.8212,27.7749,85.9029,2.9267,9.1062,4.9656,-0.6660,0,0,1.0000
70814,18.4603,33.1800,63.6153,3.9448,-1.6793,1.4333,33.2465,24.2214,78.9053,28.8398,85.9121,2.6180,11.5306,-4.9902,4.9013,0,0,1.0000
70815,18.6751,31.7029,58.6341,6.6082,3.9853,2.4554,33.2357,27.1830,78.9903,32.9875,85.9160,2.7025,11.5343,7.9860,0.7254,0,0,1.0000
70816,16.6696,31.5509,59.5367,-0.3748,0.7277,2.5203,33.2348,26.4336,79.0729,30.9736,85.9139,2.8531,9.2315,-7.0307,-0.3620,0,0,1.0000
70817,20.8416,32.1338,57.7380,-1.7000,2.8887,2.3947,33.2413,28.7699,79.1674,29.4481,85.9147,2.7710,8.9092,-0.4621,2.7184,0,0,1.0000
70818,19.1057,27.9047,52.6368,-1.5405,-0.3043,2.6152,33.2420,28.9795,79.2669,26.3033,85.9276,3.0777,10.1415,-1.7204,2.6971,0,0,1.0000
70819,15.1396,30.6110,56.1031,1.8634,2.3750,1.8542,33.2517,25.4771,79.3702,29.6778,85.9472,3.7727,8.0880,1.8929,3.0542,0,0,1.0000
70820,20.5152,32.3773,52.6712,8.7626,2.1773,2.7169,33.2523,22.5262,79.4795,31.1845,85.9755,3.6592,12.6999,-1.5955,3.0217,0,0,1.0000
70821,17.0152,32.8818,57.7066,-0.5725,2.9306,2.7067,33.2555,25.0546,79.5945,26.7048,85.9996,3.3935,9.7215,1.2380,2.9446,0,0,1.0000
70822,17.1344,32.0983,54.3292,-1.5246,1.2304,2.0282,33.2521,25.1224,79.7231,29.0773,86.0286,3.2577,6.5801,0.8304,-1.3395,0,0,1.0000
70823,16.6821,31.4684,55.3059,5.0783,0.1892,2.2391,33.2523,23.5606,79.8458,28.9227,86.0468,9.3666,7.2294,0.1009,2.7701,0,0,1.0000
70824,18.5642,32.2489,53.6380,3.5382,4.2755,1.4318,33.2434,25.9624,79.9595,39.6270,86.0627,4.3975,9.7355,-3.9354,4.3848,0,0,1.0000
70825,19.8032,34.2494,57.2507,3.5000,1.1507,2.1670,33.2426,24.0892,80.0823,33.5956,86.0847,4.0379,8.5059,-5.7362,0.2767,0,0,1.0000
70826,17.7974,30.4840,57.1134,-4.7393,1.1807,1.9207,33.2386,24.8152,80.2099,27.4446,86.1119,4.5356,7.3671,-1.8799,3.5819,0,0,1.0000
70827,17.3610,33.6364,60.7673,3.6326,0.9764,2.3273,33.2441,27.9427,80.3327,30.0652,86.1340,2.5379,7.5916,1.9805,4.8441,0,0,1.0000
70828,19.9337,37.8005,59.0273,-3.7428,1.3388,2.2647,33.2491,25.4889,80.4251,31.9462,86.1550,2.9458,8.6851,-0.6755,1.7327,0,0,1.0000
