Data/Raw/WAGNER,NICK/firexaq-AOP-optical_DC8_20190715_R1.ict
51, 1001
Wagner, Nicholas L.
NOAA Earth System Research Laboratory
NOAA AOP instrument
FIREX-AQ
1, 1
2019, 07, 15, 2020, 04, 27
1
Time_start, seconds_past_midnight, seconds from midnight
18
1, 1, 1, 1, 1, 1, 1, 1, 1, 1, 1, 1, 1, 1, 1, 1, 1, 1
-9999, -9999, -9999, -9999, -9999, -9999, -9999, -9999, -9999, -9999, -9999, -9999, -9999, -9999, -9999, -9999, -9999, -9999
ext_dry_664, Mm-1, AerOpt_Extinction_InSitu_RHd_red_Total_PM2.5_STP
ext_dry_532, Mm-1, AerOpt_Extinction_InSitu_RHd_green_Total_PM2.5_STP
ext_dry_405, Mm-1, AerOpt_Extinction_InSitu_RHd_blue_Total_PM2.5_STP
abs_dry_664, Mm-1, AerOpt_Absorption_InSitu_RHd_red_Total_PM2.5_STP
abs_dry_532, Mm-1, AerOpt_Absorption_InSitu_RHd_green_Total_PM2.5_STP
abs_dry_405, Mm-1, AerOpt_Absorption_InSitu_RHd_blue_Total_PM2.5_STP
AOP_RH_dry, pct, Relative_humidity_of_dry_RH_channels
ext_medRH_664, Mm-1, AerOpt_Extinction_InSitu_RH80_red_Total_PM2.5_STP
AOP_RH_med, pct, Relative_humidity_of_medium_RH_channel
ext_highRH_664, Mm-1, AerOpt_Extinction_InSitu_RH85_red_Total_PM2.5_STP
AOP_RH_high, pct, Relative_humidity_of_high_RH_channel
ext_TD_664, Mm-1, AerOpt_ExtinctionTD_InSitu_RHd_blue_Total_PM2.5_STP
ext_TD_405, Mm-1, AerOpt_ExtinctionTD_InSitu_RHd_red_Total_PM2.5_STP
abs_TD_664, Mm-1, AerOpt_Absorption_InSitu_RHd_red_Total_PM2.5_STP
abs_TD_405, Mm-1, AerOpt_Absorption_InSitu_RHd_blue_Total_PM2.5_STP
AOP_TD_bypass_flag, pct, Flag_for_TD_Bypass_valve
AOP_filter_flag, pct, Flag_for_Filter_Valve
AOP_Dilution_ratio, pct, Applied_Dilution_Ratio_for_ext_channels
1
SPECIAL COMMENTS: In-cloud data has not been removed.
18
PI_CONTACT_INFO: Address: NOAA ESRL Chemical Sciences Division, R/CSD2, 325 Broadway, Boulder, CO 80305. Email: nick.wagner@noaa.gov.
PLATFORM: NASA DC8
LOCATION: See the DC8 MetNav file, Based in Boise (BOI) and Salina, KS
ASSOCIATED_DATA: N/A
[...]
DATA_INFO: Mm-1:
UNCERTAINTY: The precision of the extinction measurements varies with aerosol loading and is +/-20% at 10 Mm-1 and +/-5% at 100 Mm-1. The accuracy of the dry measurement is +/-2% and depends on RH for the humidified measurements, +/-5% at 85% RH and +/-15% at 90% RH. For more details, see Langridge et al., Aerosol Science and Technology 45:1305-1318, 2011. Analysis of comparable measurements suggest incomplete mixing in the dilution system. Effective dilution for individual instruments can vary by +/- 30% compared to the reported flow-based dilution estimate. The absorption measurements have a high signal accuracy of 20%. The low signal precision varies with altitude and flight to flight, and is typically less than 10 Mm-1 for 1 second measurements.
ULOD_FLAG: -7777
ULOD_VALUE: N/A
LLOD_FLAG: -8888
LLOD_VALUE: N/A
DM_CONTACT_INFO: Gao Chen
PROJECT_INFO: FIREX-AQ
STIPULATIONS_ON_USE: NASA Data Policy. Contact with PI is encouraged.
OTHER_COMMENTS: N/A
REVISION: R1
R1: Absorption measurements have been corrected for pressure dependent microphone sensitivity. R0: Final Data.
Time_start, ext_dry_664, ext_dry_532, ext_dry_405, abs_dry_664, abs_dry_532, abs_dry_405, AOP_RH_dry, ext_medRH_664, AOP_RH_med, ext_highRH_664, AOP_RH_high, ext_TD_664, ext_TD_405, abs_TD_664, abs_TD_405, AOP_TD_bypass_flag, AOP_filter_flag, AOP_Dilution_ratio
[from data line 6318]
83235,3.3244,1.0271,-9999.0000,-9999.0000,0.8074,-9999.0000,12.9549,3.8944,94.9882,0.7354,95.7368,-9999.0000,-0.6756,-9999.0000,15.0142,0,0,1.0000
83236,3.8198,0.7436,-9999.0000,-9999.0000,1.0269,-9999.0000,12.9531,1.8521,94.9847,0.8753,95.7312,-9999.0000,-0.5247,-9999.0000,12.0036,0,0,1.0000
83237,3.3541,1.0069,-9999.0000,-9999.0000,-1.6422,-9999.0000,12.9523,0.4938,94.9832,0.8532,95.7304,-9999.0000,-0.4422,-9999.0000,6.7260,0,0,1.0000
83238,2.6843,-0.0897,-9999.0000,-9999.0000,1.2585,-9999.0000,12.9554,3.1491,94.9837,0.8092,95.7313,-9999.0000,-0.1291,-9999.0000,19.6818,0,0,1.0000
83239,2.5461,-0.0416,-9999.0000,-9999.0000,0.0791,-9999.0000,12.9455,0.6721,94.9857,2.1111,95.7269,-9999.0000,-0.4804,-9999.0000,11.0618,0,0,1.0000
83240,2.5836,0.4135,-9999.0000,-9999.0000,-2.0014,-9999.0000,12.9403,1.5657,94.9870,1.8249,95.7307,-9999.0000,-0.5985,-9999.0000,15.4747,0,0,1.0000
83241,2.1896,0.4574,-9999.0000,-9999.0000,-0.5509,-9999.0000,12.9395,0.5407,94.9851,2.6175,95.7313,-9999.0000,-0.7195,-9999.0000,10.1841,0,0,1.0000
83242,2.4052,-0.1319,-9999.0000,-9999.0000,1.4331,-9999.0000,12.9470,1.5239,94.9844,1.9028,95.7366,-9999.0000,-0.7856,-9999.0000,23.5036,0,0,1.0000
83243,2.7918,-0.0671,-9999.0000,-9999.0000,-1.1827,-9999.0000,12.9506,0.8993,94.9817,2.6824,95.7337,-9999.0000,-0.0867,-9999.0000,2.5778,0,0,1.0000
83244,2.2611,-0.0405,-9999.0000,-9999.0000,-0.2223,-9999.0000,12.9527,1.7550,94.9903,1.5377,95.7313,-9999.0000,-0.7231,-9999.0000,15.2712,0,0,1.0000
83245,2.4926,0.0149,-9999.0000,-9999.0000,-0.2363,-9999.0000,12.9503,1.4511,94.9882,0.6311,95.7324,-9999.0000,-0.7707,-9999.0000,11.0807,0,0,1.0000
83246,2.1561,0.0706,-9999.0000,-9999.0000,-2.9760,-9999.0000,12.9568,1.3558,94.9930,0.4028,95.7308,-9999.0000,-0.9144,-9999.0000,20.6266,0,0,1.0000
83247,1.6608,-0.1770,-9999.0000,-9999.0000,2.3091,-9999.0000,12.9565,0.6552,94.9883,0.4288,95.7309,-9999.0000,-0.5991,-9999.0000,16.2845,0,0,1.0000
83248,1.7258,-0.2200,-9999.0000,-9999.0000,-1.4405,-9999.0000,12.9586,0.4596,94.9863,0.6282,95.7358,-9999.0000,-0.5806,-9999.0000,14.8876,0,0,1.0000
83249,2.3088,0.0148,-9999.0000,-9999.0000,1.6165,-9999.0000,12.9519,0.7952,94.9834,2.9761,95.7304,-9999.0000,-0.6265,-9999.0000,18.6374,0,0,1.0000
83250,1.9352,-0.0554,-9999.0000,-9999.0000,-1.4664,-9999.0000,12.9443,0.5421,94.9868,1.5782,95.7311,-9999.0000,-0.6319,-9999.0000,10.9756,0,0,1.0000
83251,1.7703,-0.0722,-9999.0000,-9999.0000,0.2470,-9999.0000,12.9439,0.2204,94.9932,0.7902,95.7339,-9999.0000,-0.6941,-9999.0000,4.3788,0,0,1.0000
83252,2.0414,-0.2514,-9999.0000,-9999.0000,0.8272,-9999.0000,12.9483,0.5535,94.9978,0.4473,95.7369,-9999.0000,-0.6148,-9999.0000,20.6353,0,0,1.0000
83253,1.6582,-0.1878,-9999.0000,-9999.0000,-1.2367,-9999.0000,12.9479,0.0716,94.9966,0.9029,95.7397,-9999.0000,-0.4708,-9999.0000,10.9545,0,0,1.0000
83254,1.8423,-0.1338,-9999.0000,-9999.0000,0.7984,-9999.0000,12.9364,0.2805,94.9957,1.1356,95.7403,-9999.0000,-0.5004,-9999.0000,19.5986,0,0,1.0000
83255,1.5643,-0.0427,-9999.0000,-9999.0000,1.0610,-9999.0000,12.9341,0.3663,94.9950,1.3925,95.7402,-9999.0000,-0.7183,-9999.0000,22.6025,0,0,1.0000
83256,2.2219,0.2159,-9999.0000,-9999.0000,0.5995,-9999.0000,12.9196,0.1567,94.9940,0.3704,95.7392,-9999.0000,-0.5145,-9999.0000,14.7560,0,0,1.0000
83257,1.9169,-0.1590,-9999.0000,-9999.0000,-1.0385,-9999.0000,12.9213,-0.1212,94.9965,1.3398,95.7344,-9999.0000,-0.8110,-9999.0000,18.0386,0,0,1.0000
83258,1.2120,-0.0835,-9999.0000,-9999.0000,-1.6848,-9999.0000,12.9172,0.1091,94.9951,3.3024,95.7351,-9999.0000,-0.7384,-9999.0000,14.7831,0,0,1.0000
83259,1.3192,-0.0703,-9999.0000,-9999.0000,-3.4830,-9999.0000,12.9171,6.7461,94.9939,1.3399,95.7370,-9999.0000,-0.3736,-9999.0000,16.2626,0,0,1.0000
83260,1.0653,-0.0629,-9999.0000,-9999.0000,-3.5268,-9999.0000,12.9191,0.5161,94.9929,1.0445,95.7365,-9999.0000,-0.5722,-9999.0000,30.6749,0,0,1.0000
83261,1.7766,0.1819,-9999.0000,-9999.0000,-1.5818,-9999.0000,12.9213,0.6538,94.9989,0.2738,95.7384,-9999.0000,-0.6972,-9999.0000,10.8698,0,0,1.0000
83262,1.3249,-0.1002,-9999.0000,-9999.0000,-1.3952,-9999.0000,12.9209,1.3164,94.9992,0.7566,95.7356,-9999.0000,-0.5181,-9999.0000,21.5485,0,0,1.0000
83263,1.1114,-0.0981,-9999.0000,-9999.0000,-0.3907,-9999.0000,12.9278,1.0280,95.0070,0.8114,95.7471,-9999.0000,-0.7671,-9999.0000,25.1026,0,0,1.0000
83264,1.2274,-0.0492,-9999.0000,-9999.0000,0.0171,-9999.0000,12.9275,0.6569,95.0099,0.3259,95.7526,-9999.0000,-0.7431,-9999.0000,30.6074,0,0,1.0000
83265,1.7772,0.6630,-9999.0000,-9999.0000,0.1216,-9999.0000,12.9303,0.4594,95.0091,0.6477,95.7581,-9999.0000,-0.6079,-9999.0000,10.8364,0,0,1.0000
83266,1.0548,1.5319,-9999.0000,-9999.0000,-1.4967,-9999.0000,12.9292,0.4229,95.0000,0.7415,95.7462,-9999.0000,0.1794,-9999.0000,14.4033,0,0,1.0000
83267,1.0992,0.3104,-9999.0000,-9999.0000,-1.1724,-9999.0000,12.9300,0.5029,95.0042,1.4745,95.7481,-9999.0000,-0.2563,-9999.0000,37.9622,0,0,1.0000
83268,1.0837,0.0341,-9999.0000,-9999.0000,-0.1895,-9999.0000,12.9354,0.1705,95.0027,3.1802,95.7462,-9999.0000,-0.4663,-9999.0000,28.2142,0,0,1.0000
83269,0.9499,-0.1358,-9999.0000,-9999.0000,-1.9602,-9999.0000,12.9431,0.5919,95.0033,1.0423,95.7459,-9999.0000,-0.6164,-9999.0000,29.7806,0,0,1.0000
83270,0.9656,-0.2517,-9999.0000,-9999.0000,1.3387,-9999.0000,12.9453,1.4766,95.0083,1.5669,95.7494,-9999.0000,-0.5697,-9999.0000,11.4756,0,0,1.0000
83271,0.7535,0.0707,-9999.0000,-9999.0000,1.8505,-9999.0000,12.9519,0.2826,95.0071,0.8385,95.7460,-9999.0000,-0.2809,-9999.0000,31.3071,0,0,1.0000
83272,0.8738,-0.1874,-9999.0000,-9999.0000,-1.1031,-9999.0000,12.9531,0.5001,95.0097,1.1114,95.7467,-9999.0000,-0.6340,-9999.0000,18.4220,0,0,1.0000
83273,1.0256,0.0482,-9999.0000,-9999.0000,2.5116,-9999.0000,12.9549,0.2158,95.0120,2.2637,95.7540,-9999.0000,-0.5862,-9999.0000,12.9926,0,0,1.0000
83274,0.7150,-0.0404,-9999.0000,-9999.0000,2.1242,-9999.0000,12.9545,0.0214,95.0123,0.5652,95.7551,-9999.0000,-0.7283,-9999.0000,22.6683,0,0,1.0000
83275,0.7704,-0.1952,-9999.0000,-9999.0000,4.9783,-9999.0000,12.9554,0.2902,95.0078,0.5619,95.7617,-9999.0000,-0.6919,-9999.0000,35.1615,0,0,1.0000
83276,0.7215,-0.1676,-9999.0000,-9999.0000,0.6121,-9999.0000,12.9445,-0.2583,95.0087,1.1304,95.7606,-9999.0000,-0.9535,-9999.0000,33.9839,0,0,1.0000
83277,0.7760,-0.2399,-9999.0000,-9999.0000,-0.3679,-9999.0000,12.9431,0.7416,95.0162,1.3311,95.7661,-9999.0000,-0.8431,-9999.0000,19.8901,0,0,1.0000
83278,0.7792,0.0210,-9999.0000,-9999.0000,0.2132,-9999.0000,12.9442,0.5179,95.0236,0.6925,95.7677,-9999.0000,-0.9159,-9999.0000,38.9384,0,0,1.0000
83279,1.2009,0.8815,-9999.0000,-9999.0000,0.0235,-9999.0000,12.9402,0.3582,95.0270,0.7838,95.7670,-9999.0000,-0.7449,-9999.0000,18.7553,0,0,1.0000
83280,0.8215,0.3926,-9999.0000,-9999.0000,4.9685,-9999.0000,12.9342,4.6822,95.0286,1.8701,95.7734,-9999.0000,-0.5950,-9999.0000,25.8643,0,0,1.0000
83281,0.8531,0.9695,-9999.0000,-9999.0000,-2.9666,-9999.0000,12.9371,-0.2021,95.0248,3.1050,95.7744,-9999.0000,-0.5462,-9999.0000,24.8346,0,0,1.0000
83282,0.7348,-0.0133,-9999.0000,-9999.0000,3.3684,-9999.0000,12.9358,0.4613,95.0267,1.0491,95.7681,-9999.0000,-0.7436,-9999.0000,26.1289,0,0,1.0000
83283,0.7108,0.0537,-9999.0000,-9999.0000,-1.1276,-9999.0000,12.9428,0.8107,95.0332,0.2839,95.7721,-9999.0000,-0.5904,-9999.0000,23.9922,0,0,1.0000
83284,1.1726,0.1593,-9999.0000,-9999.0000,-0.4422,-9999.0000,12.9388,0.4982,95.0312,0.3384,95.7686,-9999.0000,-0.5854,-9999.0000,24.5287,0,0,1.0000
83285,1.6090,-0.0567,-9999.0000,-9999.0000,1.2336,-9999.0000,12.9358,0.2765,95.0358,0.2767,95.7727,-9999.0000,-0.1774,-9999.0000,27.4045,0,0,1.0000
83286,1.0070,-0.0795,-9999.0000,-9999.0000,-2.1459,-9999.0000,12.9342,-0.1521,95.0329,0.5610,95.7691,-9999.0000,-0.7880,-9999.0000,23.2550,0,0,1.0000
83287,0.6262,-0.1434,-9999.0000,-9999.0000,-0.7171,-9999.0000,12.9318,0.1038,95.0373,0.6244,95.7664,-9999.0000,-1.0506,-9999.0000,27.7986,0,0,1.0000
83288,0.5788,-9999.0000,-9999.0000,-9999.0000,-0.5011,-9999.0000,12.9313,0.1899,95.0360,0.8612,95.7662,-9999.0000,-1.3413,-9999.0000,22.4791,0,0,1.0000
83289,-9999.0000,-9999.0000,-9999.0000,-9999.0000,-1.5883,-9999.0000,12.9276,0.0011,95.0373,0.6326,95.7677,-9999.0000,-0.9320,-9999.0000,31.0700,0,0,1.0000
83290,-9999.0000,-9999.0000,-9999.0000,-9999.0000,1.2107,-9999.0000,12.9269,-9999.0000,95.0380,-9999.0000,95.7669,-9999.0000,-9999.0000,-9999.0000,32.8803,0,0,1.0000
83291,-9999.0000,-9999.0000,-9999.0000,-9999.0000,-0.2791,-9999.0000,12.9264,-9999.0000,95.0372,-9999.0000,95.7747,-9999.0000,-9999.0000,-9999.0000,6.1498,0,0,1.0000
83292,-9999.0000,-9999.0000,-9999.0000,-9999.0000,-0.5991,-9999.0000,12.9303,-9999.0000,95.0340,-9999.0000,95.7731,-9999.0000,-9999.0000,-9999.0000,15.1460,0,0,1.0000
83293,-9999.0000,-9999.0000,-9999.0000,-9999.0000,1.9513,-9999.0000,12.9354,-9999.0000,95.0423,-9999.0000,95.7828,-9999.0000,-9999.0000,-9999.0000,8.7960,0,1,1.0000
83294,-9999.0000,-9999.0000,-9999.0000,-9999.0000,-3.2161,-9999.0000,12.9367,-9999.0000,95.0404,-9999.0000,95.7739,-9999.0000,-9999.0000,-9999.0000,22.8707,0,1,1.0000
83295,-9999.0000,-9999.0000,-9999.0000,-9999.0000,-2.8038,-9999.0000,12.9408,-9999.0000,95.0413,-9999.0000,95.7734,-9999.0000,-9999.0000,-9999.0000,14.8014,0,1,1.0000
83296,-9999.0000,-9999.0000,-9999.0000,-9999.0000,-0.5473,-9999.0000,12.9469,-9999.0000,95.0392,-9999.0000,95.7789,-9999.0000,-9999.0000,-9999.0000,13.2057,0,1,1.0000
83297,-9999.0000,-9999.0000,-9999.0000,-9999.0000,-1.9644,-9999.0000,12.9426,-9999.0000,95.0370,-9999.0000,95.7743,-9999.0000,-9999.0000,-9999.0000,26.0967,0,1,1.0000
83298,-9999.0000,-9999.0000,-9999.0000,-9999.0000,-9999.0000,-9999.0000,12.9411,-9999.0000,95.0327,-9999.0000,95.7680,-9999.0000,-9999.0000,-9999.0000,7.3137,0,1,1.0000
83299,-9999.0000,-9999.0000,-9999.0000,-9999.0000,-9999.0000,-9999.0000,12.9451,-9999.0000,95.0357,-9999.0000,95.7672,-9999.0000,-9999.0000,-9999.0000,4.0353,0,1,1.0000
83300,-9999.0000,-9999.0000,-9999.0000,-9999.0000,-9999.0000,-9999.0000,12.9500,-9999.0000,95.0424,-9999.0000,95.7681,-9999.0000,-9999.0000,-9999.0000,0.4739,0,1,1.0000
83301,-9999.0000,-9999.0000,-9999.0000,-9999.0000,-9999.0000,-9999.0000,12.9564,-9999.0000,95.0464,-9999.0000,95.7756,-9999.0000,-9999.0000,-9999.0000,10.2374,0,1,1.0000
83302,-9999.0000,-9999.0000,-9999.0000,-9999.0000,-9999.0000,-9999.0000,12.9637,-9999.0000,95.0431,-9999.0000,95.7780,-9999.0000,-9999.0000,-9999.0000,-0.0011,0,1,1.0000
83303,-9999.0000,-9999.0000,-9999.0000,-9999.0000,-9999.0000,-9999.0000,12.9591,-9999.0000,95.0361,-9999.0000,95.7648,-9999.0000,-9999.0000,-9999.0000,0.4991,0,1,1.0000
83304,-9999.0000,-9999.0000,-9999.0000,-9999.0000,-9999.0000,-9999.0000,12.9521,-9999.0000,95.0331,-9999.0000,95.7683,-9999.0000,-9999.0000,-9999.0000,-0.6223,0,1,1.0000
83305,-9999.0000,-9999.0000,-9999.0000,-9999.0000,-9999.0000,-9999.0000,12.9436,-9999.0000,95.0322,-9999.0000,95.7597,-9999.0000,-9999.0000,-9999.0000,10.8183,0,1,1.0000
83306,-9999.0000,-9999.0000,-9999.0000,-9999.0000,-9999.0000,-9999.0000,12.9409,-9999.0000,95.0328,-9999.0000,95.7674,-9999.0000,-9999.0000,-9999.0000,3.4328,0,1,1.0000
83307,-9999.0000,-9999.0000,-9999.0000,-9999.0000,-9999.0000,-9999.0000,12.9357,-9999.0000,95.0337,-9999.0000,95.7722,-9999.0000,-9999.0000,-9999.0000,3.5621,0,1,1.0000
83308,-9999.0000,-9999.0000,-9999.0000,-9999.0000,-9999.0000,-9999.0000,12.9218,-9999.0000,95.0292,-9999.0000,95.7662,-9999.0000,-9999.0000,-9999.0000,0.8676,0,1,1.0000
83309,-9999.0000,-9999.0000,-9999.0000,-9999.0000,-9999.0000,-9999.0000,12.9190,-9999.0000,95.0314,-9999.0000,95.7641,-9999.0000,-9999.0000,-9999.0000,-11.2220,0,1,1.0000
83310,-9999.0000,-9999.0000,-9999.0000,-9999.0000,-9999.0000,-9999.0000,12.9251,-9999.0000,95.0312,-9999.0000,95.7657,-9999.0000,-9999.0000,-9999.0000,7.6818,0,1,1.0000
83311,-9999.0000,-9999.0000,-9999.0000,-9999.0000,-9999.0000,-9999.0000,12.9279,-9999.0000,95.0335,-9999.0000,95.7624,-9999.0000,-9999.0000,-9999.0000,-0.9068,0,1,1.0000
83312,-9999.0000,-9999.0000,-9999.0000,-9999.0000,-9999.0000,-9999.0000,12.9279,-9999.0000,95.0273,-9999.0000,95.7663,-9999.0000,-9999.0000,-9999.0000,-9999.0000,0,1,1.0000
83313,-9999.0000,-9999.0000,-9999.0000,-9999.0000,-9999.0000,-9999.0000,12.9329,-9999.0000,95.0191,-9999.0000,95.7660,-9999.0000,-9999.0000,-9999.0000,-9999.0000,0,1,1.0000
83314,-9999.0000,-9999.0000,-9999.0000,-9999.0000,-9999.0000,-9999.0000,12.9317,-9999.0000,95.0112,-9999.0000,95.7622,-9999.0000,-9999.0000,-9999.0000,-9999.0000,0,1,1.0000
83315,-9999.0000,-9999.0000,-9999.0000,-9999.0000,-9999.0000,-9999.0000,12.9251,-9999.0000,95.0183,-9999.0000,95.7694,-9999.0000,-9999.0000,-9999.0000,-9999.0000,0,1,1.0000
83316,-9999.0000,-9999.0000,-9999.0000,-9999.0000,-9999.0000,-9999.0000,12.9239,-9999.0000,95.0224,-9999.0000,95.7667,-9999.0000,-9999.0000,-9999.0000,-9999.0000,0,1,1.0000
83317,-9999.0000,-9999.0000,-9999.0000,-9999.0000,-9999.0000,-9999.0000,12.9217,-9999.0000,95.0185,-9999.0000,95.7740,-9999.0000,-9999.0000,-9999.0000,-9999.0000,0,1,1.0000
83318,-9999.0000,-9999.0000,-9999.0000,-9999.0000,-9999.0000,-9999.0000,12.9219,-9999.0000,95.0219,-9999.0000,95.7782,-9999.0000,-9999.0000,-9999.0000,-9999.0000,0,1,1.0000
83319,-9999.0000,-9999.0000,-9999.0000,-9999.0000,-9999.0000,-9999.0000,12.9165,-9999.0000,95.0214,-9999.0000,95.7696,-9999.0000,-9999.0000,-9999.0000,-9999.0000,0,1,1.0000
83320,-9999.0000,-9999.0000,-9999.0000,-9999.0000,-9999.0000,-9999.0000,12.9187,-9999.0000,95.0128,-9999.0000,95.7642,-9999.0000,-9999.0000,-9999.0000,-9999.0000,0,1,1.0000
83321,-9999.0000,-9999.0000,-9999.0000,-9999.0000,-9999.0000,-9999.0000,12.9209,-9999.0000,95.0172,-9999.0000,95.7664,-9999.0000,-9999.0000,-9999.0000,-9999.0000,0,1,1.0000
83322,-9999.0000,-9999.0000,-9999.0000,-9999.0000,-9999.0000,-9999.0000,12.9219,-9999.0000,95.0210,-9999.0000,95.7647,-9999.0000,-9999.0000,-9999.0000,-9999.0000,0,1,1.0000
83323,-9999.0000,-9999.0000,-9999.0000,-9999.0000,-9999.0000,-9999.0000,12.9249,-9999.0000,95.0185,-9999.0000,95.7676,-9999.0000,-9999.0000,-9999.0000,-9999.0000,0,1,1.0000
83324,-9999.0000,-9999.0000,-9999.0000,-9999.0000,-9999.0000,-9999.0000,12.9213,-9999.0000,95.0118,-9999.0000,95.7619,-9999.0000,-9999.0000,-9999.0000,-9999.0000,0,1,1.0000
83325,-9999.0000,-9999.0000,-9999.0000,-9999.0000,-9999.0000,-9999.0000,12.9183,-9999.0000,95.0165,-9999.0000,95.7585,-9999.0000,-9999.0000,-9999.0000,-9999.0000,0,1,1.0000
83326,-9999.0000,-9999.0000,-9999.0000,-9999.0000,-9999.0000,-9999.0000,12.9194,-9999.0000,95.0207,-9999.0000,95.7545,-9999.0000,-9999.0000,-9999.0000,-9999.0000,0,1,1.0000
83327,-9999.0000,-9999.0000,-9999.0000,-9999.0000,-9999.0000,-9999.0000,12.9072,-9999.0000,95.0159,-9999.0000,95.7493,-9999.0000,-9999.0000,-9999.0000,-9999.0000,0,1,1.0000
83328,-9999.0000,-9999.0000,-9999.0000,-9999.0000,-9999.0000,-9999.0000,12.9021,-9999.0000,95.0158,-9999.0000,95.7527,-9999.0000,-9999.0000,-9999.0000,-9999.0000,0,1,1.0000
83329,-9999.0000,-9999.0000,-9999.0000,-9999.0000,-9999.0000,-9999.0000,12.9064,-9999.0000,95.0186,-9999.0000,95.7581,-9999.0000,-9999.0000,-9999.0000,-9999.0000,0,1,1.0000
83330,-9999.0000,-9999.0000,-9999.0000,-9999.0000,-9999.0000,-9999.0000,12.9026,-9999.0000,95.0124,-9999.0000,95.7567,-9999.0000,-9999.0000,-9999.0000,-9999.0000,0,1,1.0000
83331,-9999.0000,-9999.0000,-9999.0000,-9999.0000,-9999.0000,-9999.0000,12.9190,-9999.0000,95.0136,-9999.0000,95.7539,-9999.0000,-9999.0000,-9999.0000,-9999.0000,0,1,1.0000
83332,-9999.0000,-9999.0000,-9999.0000,-9999.0000,-9999.0000,-9999.0000,12.9262,-9999.0000,95.0044,-9999.0000,95.7492,-9999.0000,-9999.0000,-9999.0000,-9999.0000,0,1,1.0000
83333,-9999.0000,-9999.0000,-9999.0000,-9999.0000,-9999.0000,-9999.0000,12.9251,-9999.0000,95.0082,-9999.0000,95.7488,-9999.0000,-9999.0000,-9999.0000,-9999.0000,0,1,1.0000
83334,-9999.0000,-9999.0000,-9999.0000,-9999.0000,-9999.0000,-9999.0000,12.9275,-9999.0000,95.0243,-9999.0000,95.7621,-9999.0000,-9999.0000,-9999.0000,-9999.0000,0,1,1.0000
