Data/Raw/WAGNER,NICK/firexaq-AOP-optical_DC8_20190802_R1.ict
51, 1001
Wagner, Nicholas L.
NOAA Earth System Research Laboratory
NOAA AOP instrument
FIREX-AQ
1, 1
2019, 08, 02, 2020, 04, 27
1
Time_start, seconds_past_midnight, seconds from midnight
18
1, 1, 1, 1, 1, 1, 1, 1, 1, 1, 1, 1, 1, 1, 1, 1, 1, 1
-9999, -9999, -9999, -9999, -9999, -9999, -9999, -9999, -9999, -9999, -9999, -9999, -9999, -9999, -9999, -9999, -9999, -9999
ext_dry_664, Mm-1, AerOpt_Extinction_InSitu_RHd_red_Total_PM2.5_STP
ext_dry_532, Mm-1, AerOpt_Extinction_InSitu_RHd_green_Total_PM2.5_STP
ext_dry_405, Mm-1, AerOpt_Extinction_InSitu_RHd_blue_Total_PM2.5_STP
abs_dry_664, Mm-1, AerOpt_Absorption_InSitu_RHd_red_Total_PM2.5_STP
abs_dry_532, Mm-1, AerOpt_Absorption_InSitu_RHd_green_Total_PM2.5_STP
abs_dry_405, Mm-1, AerOpt_Absorption_InSitu_RHd_blue_Total_PM2.5_STP
AOP_RH_dry, pct, Relative_humidity_of_dry_RH_channels
ext_medRH_664, Mm-1, AerOpt_Extinction_InSitu_RH80_red_Total_PM2.5_STP
AOP_RH_med, pct, Relative_humidity_of_medium_RH_channel
ext_highRH_664, Mm-1, AerOpt_Extinction_InSitu_RH85_red_Total_PM2.5_STP
AOP_RH_high, pct, Relative_humidity_of_high_RH_channel
ext_TD_664, Mm-1, AerOpt_ExtinctionTD_InSitu_RHd_blue_Total_PM2.5_STP
ext_TD_405, Mm-1, AerOpt_ExtinctionTD_InSitu_RHd_red_Total_PM2.5_STP
abs_TD_664, Mm-1, AerOpt_Absorption_InSitu_RHd_red_Total_PM2.5_STP
abs_TD_405, Mm-1, AerOpt_Absorption_InSitu_RHd_blue_Total_PM2.5_STP
AOP_TD_bypass_flag, pct, Flag_for_TD_Bypass_valve
AOP_filter_flag, pct, Flag_for_Filter_Valve
AOP_Dilution_ratio, pct, Applied_Dilution_Ratio_for_ext_channels
1
A leak compromised the data on the abs_dry_664 channel for the flight and on abs_TD_664, abs_TD_405, and abs_dry_532 at high altitude. These data were removed.
18
PI_CONTACT_INFO: Address: NOAA ESRL Chemical Sciences Division, R/CSD2, 325 Broadway, Boulder, CO 80305. Email: nick.wagner@noaa.gov.
PLATFORM: NASA DC8
LOCATION: See the DC8 MetNav file, Based in Boise (BOI) and Salina, KS
ASSOCIATED_DATA: N/A
[...]
DATA_INFO: Mm-1:
UNCERTAINTY: The precision of the extinction measurements varies with aerosol loading and is +/-20% at 10 Mm-1 and +/-5% at 100 Mm-1. The accuracy of the dry measurement is +/-2% and depends on RH for the humidified measurements, +/-5% at 85% RH and +/-15% at 90% RH. For more details, see Langridge et al., Aerosol Science and Technology 45:1305-1318, 2011. Analysis of comparable measurements suggest incomplete mixing in the dilution system. Effective dilution for individual instruments can vary by +/- 30% compared to the reported flow-based dilution estimate. The absorption measurements have a high signal accuracy of 20%. The low signal precision varies with altitude and flight to flight, and is typically less than 10 Mm-1 for 1 second measurements.
ULOD_FLAG: -7777
ULOD_VALUE: N/A
LLOD_FLAG: -8888
LLOD_VALUE: N/A
DM_CONTACT_INFO: Gao Chen
PROJECT_INFO: FIREX-AQ
STIPULATIONS_ON_USE: NASA Data Policy. Contact with PI is encouraged.
OTHER_COMMENTS: N/A
REVISION: R1
R1: Absorption measurements have been corrected for pressure dependent microphone sensitivity. In-cloud data has been removed. R0: Final Data.
Time_start, ext_dry_664, ext_dry_532, ext_dry_405, abs_dry_664, abs_dry_532, abs_dry_405, AOP_RH_dry, ext_medRH_664, AOP_RH_med, ext_highRH_664, AOP_RH_high, ext_TD_664, ext_TD_405, abs_TD_664, abs_TD_405, AOP_TD_bypass_flag, AOP_filter_flag, AOP_Dilution_ratio
[from data line 19059]
95180,2.7826,4.7169,5.8334,-9999,-9999,0.1148,16.3968,3.1862,81.9663,5.2741,86.0822,-9999,-9999,-9999,-9999,0,0,1.0000
95181,2.9866,4.3002,5.6254,-9999,-9999,-0.0151,16.4031,3.1186,81.8602,6.8569,86.0705,-9999,-9999,-9999,-9999,0,0,1.0000
95182,2.6922,4.6597,5.8973,-9999,-9999,0.6942,16.4045,5.0588,81.7466,8.1031,86.0544,-9999,-9999,-9999,-9999,0,0,1.0000
95183,5.3279,4.5251,9.1076,-9999,-9999,0.8823,16.4044,4.3732,81.6311,7.4217,86.0230,-9999,-9999,-9999,-9999,0,0,1.0000
95184,1.5141,3.1947,5.2014,-9999,-9999,0.5812,16.4042,8.8503,81.5068,13.1952,86.0048,-9999,-9999,-9999,-9999,0,0,1.0000
95185,4.2088,3.9607,16.6081,-9999,-9999,-0.7589,16.4004,9.8080,81.3798,6.6534,85.9943,-9999,-9999,-9999,-9999,0,0,1.0000
95186,3.3821,3.6652,5.3474,-9999,-9999,0.7025,16.3992,12.3223,81.2230,5.0132,85.9850,-9999,-9999,-9999,-9999,0,0,1.0000
95187,2.0981,3.0079,5.2734,-9999,-9999,1.2666,16.4028,3.3586,81.0850,10.5482,85.9791,-9999,-9999,-9999,-9999,0,0,1.0000
95188,3.6741,5.1126,4.2835,-9999,-9999,-0.1142,16.4070,2.3262,80.9365,13.0797,85.9676,-9999,-9999,-9999,-9999,0,0,1.0000
95189,2.2362,3.5526,6.1005,-9999,-9999,-0.2972,16.4099,6.8604,80.7999,13.5568,85.9524,-9999,-9999,-9999,-9999,0,0,1.0000
95190,1.2397,3.4661,8.7075,-9999,-9999,0.6057,16.4343,14.0969,80.6726,9.2803,85.9478,-9999,-9999,-9999,-9999,0,0,1.0000
95191,1.8628,3.2874,7.2772,-9999,-9999,-0.0608,16.4354,3.0243,80.5520,9.2168,85.9532,-9999,-9999,-9999,-9999,0,0,1.0000
95192,2.9013,4.6399,4.5816,-9999,-9999,-0.8960,16.4338,5.0286,80.4331,4.5337,85.9524,-9999,-9999,-9999,-9999,0,0,1.0000
95193,3.7493,8.0729,7.3812,-9999,-9999,-0.1984,16.4319,8.6143,80.3334,7.5011,85.9522,-9999,-9999,-9999,-9999,0,0,1.0000
95194,5.5603,4.1946,7.1196,-9999,-9999,-0.5134,16.4364,12.6703,80.2423,8.3780,85.9561,-9999,-9999,-9999,-9999,0,0,1.0000
95195,6.8408,5.9948,7.2481,-9999,-9999,0.2190,16.4415,7.2104,80.1491,9.2465,85.9635,-9999,-9999,-9999,-9999,0,0,1.0000
95196,1.6466,2.8121,5.8895,-9999,-9999,0.2093,16.4457,4.8656,80.0720,10.4773,85.9725,-9999,-9999,-9999,-9999,0,0,1.0000
95197,2.3920,3.5402,5.1745,-9999,-9999,-0.1949,16.4477,3.4135,80.0248,9.2693,85.9878,-9999,-9999,-9999,-9999,0,0,1.0000
95198,2.9808,4.6203,5.4601,-9999,-9999,0.2983,16.4442,5.7687,79.9931,12.4317,86.0070,-9999,-9999,-9999,-9999,0,0,1.0000
95199,2.0705,4.3223,4.7167,-9999,-9999,0.2813,16.4530,5.9437,79.9698,7.0592,86.0353,-9999,-9999,-9999,-9999,0,0,1.0000
95200,3.0386,3.4481,7.6790,-9999,-9999,0.7875,16.4644,6.1449,79.9459,7.1243,86.0570,-9999,-9999,-9999,-9999,0,0,1.0000
95201,2.5509,3.8901,5.5087,-9999,-9999,-0.4450,16.4693,5.4505,79.9325,4.6499,86.0729,-9999,-9999,-9999,-9999,0,0,1.0000
95202,3.6116,2.6312,6.8216,-9999,-9999,-0.7152,16.4732,9.7220,79.9219,4.5484,86.0836,-9999,-9999,-9999,-9999,0,0,1.0000
95203,3.0069,6.3459,5.3742,-9999,-9999,1.1514,16.4748,12.9022,79.9137,15.0418,86.1052,-9999,-9999,-9999,-9999,0,0,1.0000
95204,3.5869,4.6720,4.0925,-9999,-9999,0.2203,16.4786,8.4309,79.9181,13.4798,86.1163,-9999,-9999,-9999,-9999,0,0,1.0000
95205,4.1416,3.3794,5.8873,-9999,-9999,-0.2229,16.4783,11.0537,79.9294,10.7202,86.1221,-9999,-9999,-9999,-9999,0,0,1.0000
95206,3.1715,3.3859,3.4098,-9999,-9999,-0.2165,16.4768,7.4775,79.9698,4.2234,86.1271,-9999,-9999,-9999,-9999,0,0,1.0000
95207,1.6227,2.9555,4.8896,-9999,-9999,-0.5023,16.4816,14.9773,80.0320,8.8797,86.1334,-9999,-9999,-9999,-9999,0,0,1.0000
95208,1.3523,2.8029,4.6968,-9999,-9999,-0.9518,16.4855,13.9878,80.0993,17.4886,86.1348,-9999,-9999,-9999,-9999,0,0,1.0000
95209,1.8123,5.5457,4.3682,-9999,-9999,1.1835,16.4767,4.2873,80.1722,15.5236,86.1356,-9999,-9999,-9999,-9999,0,0,1.0000
95210,2.1972,2.3327,6.3612,-9999,-9999,0.7397,16.4829,7.4463,80.2640,5.7441,86.1371,-9999,-9999,-9999,-9999,0,0,1.0000
95211,2.4807,4.2821,6.4041,-9999,-9999,-0.1444,16.4892,4.6910,80.3794,4.9025,86.1379,-9999,-9999,-9999,-9999,0,0,1.0000
95212,2.2084,8.1932,3.3363,-9999,-9999,-0.1887,16.4893,8.7412,80.5026,8.1109,86.1389,-9999,-9999,-9999,-9999,0,0,1.0000
95213,5.3087,3.2045,5.0759,-9999,-9999,0.8261,16.4848,4.0197,80.6163,8.8917,86.1406,-9999,-9999,-9999,-9999,0,0,1.0000
95214,1.5788,2.2324,3.7100,-9999,-9999,0.3169,16.4845,7.2227,80.7222,7.4775,86.1327,-9999,-9999,-9999,-9999,0,0,1.0000
95215,1.8149,2.4119,4.7082,-9999,-9999,-0.7246,16.4841,9.3631,80.8385,16.0386,86.1248,-9999,-9999,-9999,-9999,0,0,1.0000
95216,1.9287,2.6233,4.6450,-9999,-9999,0.3426,16.4919,6.8137,80.9671,8.5080,86.1179,-9999,-9999,-9999,-9999,0,0,1.0000
95217,3.3954,2.8251,5.3918,-9999,-9999,1.1100,16.4884,13.1826,81.0933,6.9525,86.1019,-9999,-9999,-9999,-9999,0,0,1.0000
95218,1.3583,1.8385,5.0161,-9999,-9999,0.7576,16.4927,7.0213,81.2220,8.9455,86.0885,-9999,-9999,-9999,-9999,0,0,1.0000
95219,3.3092,2.6711,3.2597,-9999,-9999,-0.5017,16.4932,6.2344,81.3437,4.6573,86.0798,-9999,-9999,-9999,-9999,0,0,1.0000
95220,2.4140,4.5541,4.7762,-9999,-9999,-1.2370,16.4966,7.1071,81.4694,9.4587,86.0786,-9999,-9999,-9999,-9999,0,0,1.0000
95221,2.9662,4.5234,5.0339,-9999,-9999,0.7103,16.4896,3.8516,81.5860,4.9879,86.0717,-9999,-9999,-9999,-9999,0,0,1.0000
95222,1.9304,4.0541,4.1439,-9999,-9999,-0.5271,16.4904,3.7553,81.7151,4.7093,86.0731,-9999,-9999,-9999,-9999,0,0,1.0000
95223,2.3661,4.0403,3.5943,-9999,-9999,0.2414,16.4904,4.4828,81.8369,4.4910,86.0748,-9999,-9999,-9999,-9999,0,0,1.0000
95224,2.4621,5.1469,5.9495,-9999,-9999,-0.4277,16.4909,3.0762,81.9492,7.5211,86.0729,-9999,-9999,-9999,-9999,0,0,1.0000
95225,1.8774,2.6582,6.3606,-9999,-9999,0.3230,16.4939,8.4064,82.0413,6.3904,86.0734,-9999,-9999,-9999,-9999,0,0,1.0000
95226,1.3093,1.9265,4.7427,-9999,-9999,-1.8196,16.4929,9.8877,82.1511,14.2573,86.0718,-9999,-9999,-9999,-9999,0,0,1.0000
95227,5.4917,4.8219,4.1085,-9999,-9999,0.2214,16.4934,3.6282,82.2470,4.3515,86.0723,-9999,-9999,-9999,-9999,0,0,1.0000
95228,5.3109,2.3242,8.7818,-9999,-9999,0.7227,16.4914,6.8014,82.3524,3.6024,86.0740,-9999,-9999,-9999,-9999,0,0,1.0000
95229,3.2831,2.8053,3.0091,-9999,-9999,-0.1797,16.4953,4.2094,82.4587,13.4894,86.0778,-9999,-9999,-9999,-9999,0,0,1.0000
95230,4.5307,2.6769,5.0818,-9999,-9999,0.0689,16.5032,10.5071,82.5479,15.4920,86.0842,-9999,-9999,-9999,-9999,0,0,1.0000
95231,2.1439,2.5142,5.8461,-9999,-9999,-0.9643,16.5021,4.7986,82.6313,12.9192,86.0921,-9999,-9999,-9999,-9999,0,0,1.0000
95232,1.6299,3.6899,4.6434,-9999,-9999,-1.4068,16.5011,3.9118,82.6991,7.0097,86.0974,-9999,-9999,-9999,-9999,0,0,1.0000
95233,2.1719,3.4792,4.3905,-9999,-9999,0.5629,16.5050,4.6689,82.7755,5.8981,86.1066,-9999,-9999,-9999,-9999,0,0,1.0000
95234,1.5975,3.6270,4.2260,-9999,-9999,0.5772,16.5087,10.6007,82.8505,8.0579,86.1155,-9999,-9999,-9999,-9999,0,0,1.0000
95235,4.1903,3.2222,5.3633,-9999,-9999,-1.0879,16.5065,4.3461,82.9037,10.3293,86.1197,-9999,-9999,-9999,-9999,0,0,1.0000
95236,2.9090,2.5921,5.1655,-9999,-9999,-0.5548,16.5067,5.7034,82.9357,7.8960,86.1259,-9999,-9999,-9999,-9999,0,0,1.0000
95237,2.1587,3.6140,4.8183,-9999,-9999,-0.3298,16.5087,5.1467,82.9547,9.2990,86.1262,-9999,-9999,-9999,-9999,0,0,1.0000
95238,2.0938,2.4914,12.8380,-9999,-9999,-0.4732,16.5073,4.2075,82.9726,3.5673,86.1252,-9999,-9999,-9999,-9999,0,0,1.0000
95239,2.0615,1.9741,4.2445,-9999,-9999,0.8392,16.5000,3.8834,82.9928,4.1487,86.1217,-9999,-9999,-9999,-9999,0,0,1.0000
95240,1.7511,2.2594,5.0611,-9999,-9999,0.1290,16.5003,4.0605,83.0076,3.0372,86.1144,-9999,-9999,-9999,-9999,0,0,1.0000
95241,2.1580,4.3563,5.6104,-9999,-9999,-0.0055,16.5081,4.4365,83.0150,3.2675,86.1007,-9999,-9999,-9999,-9999,0,0,1.0000
95242,2.2758,10.8411,5.6310,-9999,-9999,-0.6074,16.5098,3.4873,83.0083,5.3049,86.0717,-9999,-9999,-9999,-9999,0,0,1.0000
95243,9.1122,5.8517,5.4490,-9999,-9999,-0.1233,16.5074,6.9697,82.9792,2.7220,86.0280,-9999,-9999,-9999,-9999,0,0,1.0000
95244,3.8920,4.8832,6.5833,-9999,-9999,-0.3526,16.5108,3.0927,82.9214,4.3598,85.9866,-9999,-9999,-9999,-9999,0,0,1.0000
95245,2.1353,4.2810,4.3880,-9999,-9999,-0.3730,16.5187,4.0767,82.8437,8.2357,85.9626,-9999,-9999,-9999,-9999,0,0,1.0000
95246,3.1891,3.6783,3.7754,-9999,-9999,-0.0484,16.5161,3.5530,82.7363,7.6749,85.9427,-9999,-9999,-9999,-9999,0,0,1.0000
95247,1.3560,3.4316,4.8719,-9999,-9999,-1.0822,16.5127,4.6303,82.6040,10.5446,85.9255,-9999,-9999,-9999,-9999,0,0,1.0000
95248,1.9221,1.8930,7.2643,-9999,-9999,0.1098,16.5149,4.8776,82.4690,6.3203,85.9024,-9999,-9999,-9999,-9999,0,0,1.0000
95249,2.5169,2.6459,7.9800,-9999,-9999,0.0740,16.5116,5.6595,82.3327,5.3321,85.8818,-9999,-9999,-9999,-9999,0,0,1.0000
95250,4.3554,3.7690,5.5827,-9999,-9999,-1.0297,16.5163,7.3346,82.1754,12.0264,85.8732,-9999,-9999,-9999,-9999,0,0,1.0000
95251,2.3335,3.5475,5.2127,-9999,-9999,0.3000,16.5382,3.0052,82.0183,7.2775,85.8701,-9999,-9999,-9999,-9999,0,0,1.0000
95252,1.2029,3.1922,6.3033,-9999,-9999,-0.7255,16.5331,2.1072,81.8510,12.2160,85.8685,-9999,-9999,-9999,-9999,0,0,1.0000
95253,2.0768,5.3751,5.7106,-9999,-9999,0.2512,16.5306,6.9024,81.6804,6.0642,85.8672,-9999,-9999,-9999,-9999,0,0,1.0000
95254,2.3252,2.2796,2.9814,-9999,-9999,-0.7231,16.5318,4.5298,81.5168,10.5451,85.8665,-9999,-9999,-9999,-9999,0,0,1.0000
95255,2.1944,3.4876,5.2489,-9999,-9999,-0.4507,16.5288,4.6353,81.3519,12.1309,85.8694,-9999,-9999,-9999,-9999,0,0,1.0000
95256,3.6216,3.4042,3.5471,-9999,-9999,0.4848,16.5266,5.6565,81.2024,9.1134,85.8715,-9999,-9999,-9999,-9999,0,0,1.0000
95257,3.3837,3.0928,3.2265,-9999,-9999,0.2493,16.5275,4.1484,81.0327,15.4317,85.8875,-9999,-9999,-9999,-9999,0,0,1.0000
95258,3.1864,4.1366,5.6610,-9999,-9999,-0.3418,16.5262,6.8385,80.9041,9.8344,85.9038,-9999,-9999,-9999,-9999,0,0,1.0000
95259,1.4525,3.4408,3.8592,-9999,-9999,-0.8384,16.5314,10.4156,80.7856,5.9335,85.9261,-9999,-9999,-9999,-9999,0,0,1.0000
95260,2.0230,2.8884,5.6013,-9999,-9999,0.7857,16.5299,11.2205,80.6794,3.5874,85.9449,-9999,-9999,-9999,-9999,0,0,1.0000
95261,1.9562,4.5098,4.5615,-9999,-9999,-0.5840,16.5291,6.8999,80.5720,7.0790,85.9557,-9999,-9999,-9999,-9999,0,0,1.0000
95262,1.8678,5.3311,4.1904,-9999,-9999,0.2929,16.5312,12.4527,80.4759,7.3890,85.9646,-9999,-9999,-9999,-9999,0,0,1.0000
95263,2.4096,2.1807,4.1094,-9999,-9999,-0.2340,16.5394,2.7257,80.3777,4.4970,85.9755,-9999,-9999,-9999,-9999,0,0,1.0000
95264,1.6596,3.5177,6.8438,-9999,-9999,1.5751,16.5417,3.6066,80.3027,6.2033,85.9809,-9999,-9999,-9999,-9999,0,0,1.0000
95265,1.6744,4.5441,8.1827,-9999,-9999,-1.2520,16.5398,3.6224,80.2308,5.0869,85.9835,-9999,-9999,-9999,-9999,0,0,1.0000
95266,2.1503,3.0252,3.6867,-9999,-9999,-0.9870,16.5433,4.5298,80.1867,4.8459,85.9883,-9999,-9999,-9999,-9999,0,0,1.0000
95267,1.9852,2.6809,4.1982,-9999,-9999,0.2697,16.5451,1.7538,80.1438,5.2497,85.9942,-9999,-9999,-9999,-9999,0,0,1.0000
95268,1.9172,3.2215,5.8633,-9999,-9999,-0.6807,16.5344,5.4061,80.1098,10.2130,85.9840,-9999,-9999,-9999,-9999,0,0,1.0000
95269,2.4733,5.3502,4.0387,-9999,-9999,-0.5390,16.5282,3.7114,80.0869,6.9559,85.9829,-9999,-9999,-9999,-9999,0,0,1.0000
95270,2.0498,3.8308,6.4735,-9999,-9999,-0.0781,16.5301,7.3039,80.0775,6.0920,85.9825,-9999,-9999,-9999,-9999,0,0,1.0000
95271,1.9695,3.2092,5.6900,-9999,-9999,-0.3394,16.5515,4.3758,80.0744,8.1427,85.9738,-9999,-9999,-9999,-9999,0,0,1.0000
95272,1.8743,3.7708,6.1241,-9999,-9999,-0.9052,16.5572,10.1557,80.0761,3.8000,85.9646,-9999,-9999,-9999,-9999,0,0,1.0000
95273,2.9743,4.5251,4.3620,-9999,-9999,-0.9064,16.5582,4.7578,80.0830,8.7315,85.9458,-9999,-9999,-9999,-9999,0,0,1.0000
95274,3.0176,3.3942,4.5518,-9999,-9999,-9999,16.5578,4.3980,80.0989,9.5287,85.9243,-9999,-9999,-9999,-9999,0,0,1.0000
95275,2.8182,2.4938,7.9557,-9999,-9999,-9999,16.5613,5.7937,80.1367,5.9023,85.9015,-9999,-9999,-9999,-9999,0,0,1.0000
95276,2.6568,3.6027,4.7772,-9999,-9999,-9999,16.5639,5.2135,80.1929,2.7557,85.8696,-9999,-9999,-9999,-9999,0,0,1.0000
95277,4.7446,5.1287,6.0313,-9999,-9999,-9999,16.5640,6.1825,80.2700,11.0981,85.8385,-9999,-9999,-9999,-9999,0,0,1.0000
95278,2.3754,3.9592,5.6706,-9999,-9999,-9999,16.5633,5.0898,80.3686,7.6244,85.8115,-9999,-9999,-9999,-9999,0,0,1.0000
95279,3.4663,4.7679,6.1129,-9999,-9999,-9999,16.5560,4.7806,80.4653,6.2989,85.8002,-9999,-9999,-9999,-9999,0,0,1.0000
95280,2.1285,5.9448,4.5183,-9999,-9999,-9999,16.5554,7.1010,80.5570,7.1852,85.7889,-9999,-9999,-9999,-9999,0,0,1.0000
95281,1.8670,3.6890,5.4106,-9999,-9999,-9999,16.5557,10.0752,80.6590,12.0504,85.7772,-9999,-9999,-9999,-9999,0,0,1.0000
95282,1.5671,3.4733,4.3315,-9999,-9999,-9999,16.5567,7.0511,80.7573,16.6674,85.7649,-9999,-9999,-9999,-9999,0,0,1.0000
95283,2.2325,3.3037,4.9709,-9999,-9999,-9999,16.5588,6.2234,80.8510,8.9600,85.7531,-9999,-9999,-9999,-9999,0,0,1.0000
95284,1.7598,2.9929,6.3647,-9999,-9999,-9999,16.5618,5.0791,80.9589,10.4193,85.7514,-9999,-9999,-9999,-9999,0,0,1.0000
95285,2.3146,4.1818,6.1108,-9999,-9999,-9999,16.5636,12.6820,81.0855,6.2129,85.7521,-9999,-9999,-9999,-9999,0,0,1.0000
95286,1.4693,4.1858,4.6815,-9999,-9999,0.2081,16.5628,5.7250,81.2180,4.6505,85.7512,-9999,-9999,-9999,-9999,0,0,1.0000
95287,1.6862,5.0868,4.6617,-9999,-9999,-0.6665,16.5652,3.7166,81.3367,7.8845,85.7519,-9999,-9999,-9999,-9999,0,0,1.0000
95288,2.0369,5.5719,5.6088,-9999,-9999,-1.1671,16.5626,7.2365,81.4462,5.1840,85.7534,-9999,-9999,-9999,-9999,0,0,1.0000
95289,3.6250,4.5883,6.3815,-9999,-9999,-0.4321,16.5600,5.7948,81.5517,3.0539,85.7632,-9999,-9999,-9999,-9999,0,0,1.0000
95290,1.3931,3.3545,4.1973,-9999,-9999,-0.6373,16.5603,15.8495,81.6765,5.0364,85.7755,-9999,-9999,-9999,-9999,0,0,1.0000
95291,1.6060,3.3266,6.0916,-9999,-9999,-0.9259,16.5653,4.8744,81.7973,6.8743,85.7853,-9999,-9999,-9999,-9999,0,0,1.0000
95292,1.9119,3.9951,6.1043,-9999,-9999,-1.0213,16.5663,6.1724,81.9161,6.3517,85.7933,-9999,-9999,-9999,-9999,0,0,1.0000
95293,2.6676,3.7648,8.7021,-9999,-9999,-0.0795,16.5759,8.8412,82.0159,14.7386,85.7993,-9999,-9999,-9999,-9999,0,0,1.0000
95294,1.7524,4.4919,6.3848,-9999,-9999,1.5967,16.5912,9.8437,82.1332,15.2230,85.8075,-9999,-9999,-9999,-9999,0,0,1.0000
95295,1.7794,4.2345,5.5974,-9999,-9999,0.5706,16.5942,3.9586,82.2460,4.9724,85.8129,-9999,-9999,-9999,-9999,0,0,1.0000
95296,1.3573,2.8372,6.2971,-9999,-9999,-0.1737,16.5954,6.5376,82.3627,5.7172,85.8156,-9999,-9999,-9999,-9999,0,0,1.0000
95297,1.8030,6.3697,5.7374,-9999,-9999,-0.9380,16.5974,14.3430,82.4528,13.0586,85.8180,-9999,-9999,-9999,-9999,0,0,1.0000
95298,2.6267,4.0324,7.4985,-9999,-9999,0.0895,16.5943,6.1297,82.5367,7.0675,85.8194,-9999,-9999,-9999,-9999,0,0,1.0000
95299,1.8107,2.9402,5.8755,-9999,-9999,-0.7025,16.5943,3.4990,82.6133,6.9585,85.8206,-9999,-9999,-9999,-9999,0,0,1.0000
95300,2.2246,6.6906,6.3055,-9999,-9999,-0.0236,16.5900,3.9824,82.6919,7.9489,85.8193,-9999,-9999,-9999,-9999,0,0,1.0000
95301,3.9513,4.9831,4.6063,-9999,-9999,2.1383,16.5929,6.2226,82.7564,7.3598,85.8162,-9999,-9999,-9999,-9999,0,0,1.0000
95302,3.8494,4.3037,4.8313,-9999,-9999,-0.8124,16.5909,7.8858,82.8168,24.1350,85.8051,-9999,-9999,-9999,-9999,0,0,1.0000
95303,2.1360,4.3933,7.3342,-9999,-9999,-0.3488,16.5936,4.1151,82.8660,8.8110,85.7996,-9999,-9999,-9999,-9999,0,0,1.0000
95304,1.5293,3.6642,4.6227,-9999,-9999,0.0861,16.6014,2.5359,82.9047,3.8106,85.7857,-9999,-9999,-9999,-9999,0,0,1.0000
95305,2.9096,4.7284,7.3769,-9999,-9999,0.4552,16.6052,2.3993,82.9399,3.9521,85.7761,-9999,-9999,-9999,-9999,0,0,1.0000
95306,3.5680,6.1170,5.0060,-9999,-9999,0.2510,16.6055,8.6074,82.9688,6.2271,85.7617,-9999,-9999,-9999,-9999,0,0,1.0000
95307,2.0272,3.8913,4.5713,-9999,-9999,0.4358,16.6073,3.2889,82.9962,8.4920,85.7584,-9999,-9999,-9999,-9999,0,0,1.0000
95308,2.6587,5.9461,6.5294,-9999,-9999,-0.4813,16.6169,4.4204,83.0022,13.1398,85.7605,-9999,-9999,-9999,-9999,0,0,1.0000
95309,3.9463,4.0278,6.3242,-9999,-9999,-1.3210,16.6187,6.7075,83.0032,15.4175,85.7525,-9999,-9999,-9999,-9999,0,0,1.0000
95310,2.9904,4.4094,6.3379,-9999,-9999,-0.6726,16.6191,6.0964,82.9994,11.7758,85.7463,-9999,-9999,-9999,-9999,0,0,1.0000
95311,6.6763,8.2896,5.2065,-9999,-9999,-0.9186,16.6183,5.5906,82.9828,5.0312,85.7463,-9999,-9999,-9999,-9999,0,0,1.0000
