Data/Raw/WAGNER,NICK/firexaq-AOP-optical_DC8_20190717_R1_L1.ict
51, 1001
Wagner, Nicholas L.
NOAA Earth System Research Laboratory
NOAA AOP instrument
FIREX-AQ
1, 1
2019, 07, 17, 2020, 04, 27
1
Time_start, seconds_past_midnight, seconds from midnight
18
1, 1, 1, 1, 1, 1, 1, 1, 1, 1, 1, 1, 1, 1, 1, 1, 1, 1
-9999, -9999, -9999, -9999, -9999, -9999, -9999, -9999, -9999, -9999, -9999, -9999, -9999, -9999, -9999, -9999, -9999, -9999
ext_dry_664, Mm-1, AerOpt_Extinction_InSitu_RHd_red_Total_PM2.5_STP
ext_dry_532, Mm-1, AerOpt_Extinction_InSitu_RHd_green_Total_PM2.5_STP
ext_dry_405, Mm-1, AerOpt_Extinction_InSitu_RHd_blue_Total_PM2.5_STP
abs_dry_664, Mm-1, AerOpt_Absorption_InSitu_RHd_red_Total_PM2.5_STP
abs_dry_532, Mm-1, AerOpt_Absorption_InSitu_RHd_green_Total_PM2.5_STP
abs_dry_405, Mm-1, AerOpt_Absorption_InSitu_RHd_blue_Total_PM2.5_STP
AOP_RH_dry, pct, Relative_humidity_of_dry_RH_channels
ext_medRH_664, Mm-1, AerOpt_Extinction_InSitu_RH80_red_Total_PM2.5_STP
AOP_RH_med, pct, Relative_humidity_of_medium_RH_channel
ext_highRH_664, Mm-1, AerOpt_Extinction_InSitu_RH85_red_Total_PM2.5_STP
AOP_RH_high, pct, Relative_humidity_of_high_RH_channel
ext_TD_664, Mm-1, AerOpt_ExtinctionTD_InSitu_RHd_blue_Total_PM2.5_STP
ext_TD_405, Mm-1, AerOpt_ExtinctionTD_InSitu_RHd_red_Total_PM2.5_STP
abs_TD_664, Mm-1, AerOpt_Absorption_InSitu_RHd_red_Total_PM2.5_STP
abs_TD_405, Mm-1, AerOpt_Absorption_InSitu_RHd_blue_Total_PM2.5_STP
AOP_TD_bypass_flag, pct, Flag_for_TD_Bypass_valve
AOP_filter_flag, pct, Flag_for_Filter_Valve
AOP_Dilution_ratio, pct, Applied_Dilution_Ratio_for_ext_channels
1
SPECIAL COMMENTS: In-cloud data has not been removed.
18
PI_CONTACT_INFO: Address: NOAA ESRL Chemical Sciences Division, R/CSD2, 325 Broadway, Boulder, CO 80305. Email: nick.wagner@noaa.gov.
PLATFORM: NASA DC8
LOCATION: See the DC8 MetNav file, Based in Boise (BOI) and Salina, KS
ASSOCIATED_DATA: N/A
[...]
DATA_INFO: Mm-1:
UNCERTAINTY: The precision of the extinction measurements varies with aerosol loading and is +/-20% at 10 Mm-1 and +/-5% at 100 Mm-1. The accuracy of the dry measurement is +/-2% and depends on RH for the humidified measurements, +/-5% at 85% RH and +/-15% at 90% RH. For more details, see Langridge et al., Aerosol Science and Technology 45:1305-1318, 2011. Analysis of comparable measurements suggest incomplete mixing in the dilution system. Effective dilution for individual instruments can vary by +/- 30% compared to the reported flow-based dilution estimate. The absorption measurements have a high signal accuracy of 20%. The low signal precision varies with altitude and flight to flight, and is typically less than 10 Mm-1 for 1 second measurements.
ULOD_FLAG: -7777
ULOD_VALUE: N/A
LLOD_FLAG: -8888
LLOD_VALUE: N/A
DM_CONTACT_INFO: Gao Chen
PROJECT_INFO: FIREX-AQ
STIPULATIONS_ON_USE: NASA Data Policy. Contact with PI is encouraged.
OTHER_COMMENTS: N/A
REVISION: R1
R1: Absorption measurements have been corrected for pressure dependent microphone sensitivity. R0: Final Data. 
Time_start, ext_dry_664, ext_dry_532, ext_dry_405, abs_dry_664, abs_dry_532, abs_dry_405, AOP_RH_dry, ext_medRH_664, AOP_RH_med, ext_highRH_664, AOP_RH_high, ext_TD_664, ext_TD_405, abs_TD_664, abs_TD_405, AOP_TD_bypass_flag, AOP_filter_flag, AOP_Dilution_ratio
[from data line 99]
55723,-9999.0000,-9999.0000,-9999.0000,-9999.0000,-9999.0000,-9999.0000,23.4860,-9999.0000,56.9394,-9999.0000,42.5600,-9999.0000,-9999.0000,-9999.0000,-9999.0000,0,1,1.0000
55724,-9999.0000,-9999.0000,-9999.0000,-9999.0000,-9999.0000,-9999.0000,23.4825,-9999.0000,56.9332,-9999.0000,42.5565,-9999.0000,-9999.0000,-9999.0000,-9999.0000,0,1,1.0000
55725,-9999.0000,-9999.0000,-9999.0000,-9999.0000,-9999.0000,-9999.0000,23.4808,-9999.0000,56.9306,-9999.0000,42.5510,-9999.0000,-9999.0000,-9999.0000,-9999.0000,0,1,1.0000
55726,-9999.0000,-9999.0000,-9999.0000,-9999.0000,-9999.0000,-9999.0000,23.4831,-9999.0000,56.8950,-9999.0000,42.5296,-9999.0000,-9999.0000,-9999.0000,-9999.0000,0,0,1.0000
55727,-9999.0000,-9999.0000,-9999.0000,-9999.0000,-9999.0000,-9999.0000,23.4766,-9999.0000,56.7496,-9999.0000,42.4076,-9999.0000,-9999.0000,-9999.0000,-9999.0000,0,0,1.0000
55728,-9999.0000,-9999.0000,-9999.0000,-9999.0000,-9999.0000,-9999.0000,23.4665,-9999.0000,56.4942,-9999.0000,42.2193,-9999.0000,-9999.0000,-9999.0000,-9999.0000,0,0,1.0000
55729,-9999.0000,-9999.0000,-9999.0000,-9999.0000,-9999.0000,-9999.0000,23.4717,-9999.0000,56.1987,-9999.0000,41.9790,-9999.0000,-9999.0000,-9999.0000,-9999.0000,0,0,1.0000
55730,-9999.0000,-9999.0000,-9999.0000,-9999.0000,-9999.0000,-9999.0000,23.4721,-9999.0000,55.8566,-9999.0000,41.8054,-9999.0000,-9999.0000,-9999.0000,-9999.0000,0,0,1.0000
55731,-9999.0000,-9999.0000,-9999.0000,-9999.0000,-9999.0000,-9999.0000,23.4554,-9999.0000,55.4986,-9999.0000,41.5631,-9999.0000,-9999.0000,-9999.0000,-9999.0000,0,0,1.0000
55732,-9999.0000,-9999.0000,-9999.0000,-9999.0000,-9999.0000,-9999.0000,23.4479,-9999.0000,55.1639,-9999.0000,41.3957,-9999.0000,-9999.0000,-9999.0000,-9999.0000,0,0,1.0000
55733,-9999.0000,-9999.0000,-9999.0000,-9999.0000,-9999.0000,-9999.0000,23.4403,-9999.0000,54.8417,-9999.0000,41.2031,-9999.0000,-9999.0000,-9999.0000,-9999.0000,0,0,1.0000
55734,-9999.0000,-9999.0000,-9999.0000,-9999.0000,-9999.0000,-9999.0000,23.4404,-9999.0000,54.5516,-9999.0000,41.0647,-9999.0000,-9999.0000,-9999.0000,-9999.0000,0,0,1.0000
55735,-9999.0000,-9999.0000,-9999.0000,-9999.0000,-9999.0000,-9999.0000,23.4223,-9999.0000,54.3035,-9999.0000,40.9286,-9999.0000,-9999.0000,-9999.0000,-9999.0000,0,0,1.0000
55736,-9999.0000,-9999.0000,-9999.0000,-9999.0000,-9999.0000,-9999.0000,23.4117,-9999.0000,54.1222,-9999.0000,40.8779,-9999.0000,-9999.0000,-9999.0000,-9999.0000,0,0,1.0000
55737,-9999.0000,-9999.0000,-9999.0000,-9999.0000,-9999.0000,-9999.0000,23.4013,-9999.0000,53.9540,-9999.0000,40.8476,-9999.0000,-9999.0000,-9999.0000,-9999.0000,0,0,1.0000
55738,-9999.0000,-9999.0000,-9999.0000,-9999.0000,-9999.0000,-9999.0000,23.3947,-9999.0000,53.8119,-9999.0000,40.8603,-9999.0000,-9999.0000,-9999.0000,-9999.0000,0,0,1.0000
55739,-1.6208,0.2766,0.6360,-9999.0000,-9999.0000,-9999.0000,23.3881,0.9230,53.7044,-0.0380,40.8984,-9999.0000,-9999.0000,-9999.0000,-9999.0000,0,0,1.0000
55740,-1.2664,0.3170,0.6391,-9999.0000,-9999.0000,-9999.0000,23.3875,0.9589,53.6475,-0.0032,41.0018,-9999.0000,-9999.0000,-9999.0000,-9999.0000,0,0,1.0000
55741,-1.2145,0.1690,0.8263,-9999.0000,-9999.0000,-9999.0000,23.3603,0.9469,53.6189,0.1114,41.1193,-9999.0000,-9999.0000,-9999.0000,-9999.0000,0,0,1.0000
55742,-1.5683,0.2399,0.5652,-9999.0000,-9999.0000,-9999.0000,23.3465,1.0553,53.6033,-0.1916,41.2217,-9999.0000,-9999.0000,-9999.0000,-9999.0000,0,0,1.0000
55743,-1.2820,0.5507,0.5937,-9999.0000,-9999.0000,-9999.0000,23.3471,0.9446,53.6015,1.2608,41.3245,-9999.0000,-9999.0000,-9999.0000,-9999.0000,0,0,1.0000
55744,-1.5605,2.2702,0.7121,-9999.0000,-9999.0000,-9999.0000,23.3359,0.8469,53.6005,1.9742,41.4163,-9999.0000,-9999.0000,-9999.0000,-9999.0000,0,0,1.0000
55745,-1.5583,0.2139,0.6200,-9999.0000,-9999.0000,-9999.0000,23.3109,1.0192,53.5897,-0.0382,41.5105,-9999.0000,-9999.0000,-9999.0000,-9999.0000,0,0,1.0000
55746,-1.4969,0.3418,0.8436,-9999.0000,-9999.0000,-9999.0000,23.3080,0.9539,53.5875,-0.1226,41.6253,-9999.0000,-9999.0000,-9999.0000,-9999.0000,0,0,1.0000
55747,-0.4836,0.1151,0.7557,-9999.0000,-9999.0000,-9999.0000,23.2926,1.1616,53.5900,-0.2132,41.7288,-9999.0000,-9999.0000,-9999.0000,-9999.0000,0,0,1.0000
55748,0.2800,0.1734,0.4144,-9999.0000,-9999.0000,-9999.0000,23.2913,0.7703,53.5889,-0.0613,41.8297,-9999.0000,-9999.0000,-9999.0000,-9999.0000,0,0,1.0000
55749,-1.4308,0.0920,0.6489,-9999.0000,-9999.0000,-9999.0000,23.2746,0.7962,53.5829,-0.2277,41.9193,-9999.0000,-9999.0000,-9999.0000,-9999.0000,0,0,1.0000
55750,-1.2140,0.0467,0.5126,-9999.0000,-9999.0000,-9999.0000,23.2687,0.6795,53.5763,-0.2172,42.0052,-9999.0000,-9999.0000,-9999.0000,-9999.0000,0,0,1.0000
55751,-1.4894,0.1682,0.5116,-9999.0000,-9999.0000,-9999.0000,23.2628,0.7786,53.5638,-0.4142,42.1061,-9999.0000,-9999.0000,-9999.0000,-9999.0000,0,0,1.0000
55752,-1.3609,0.0932,0.3145,-9999.0000,-9999.0000,-9999.0000,23.2479,0.4466,53.5628,-0.5635,42.1977,-9999.0000,-9999.0000,-9999.0000,-9999.0000,0,0,1.0000
55753,-1.1588,0.0388,0.4250,-9999.0000,-9999.0000,-9999.0000,23.2377,0.2544,53.5612,-0.4706,42.2903,-9999.0000,-9999.0000,-9999.0000,-9999.0000,0,0,1.0000
55754,-1.0079,0.0223,0.2460,-9999.0000,-9999.0000,-9999.0000,23.2103,0.2378,53.5581,-0.1965,42.3716,-9999.0000,-9999.0000,-9999.0000,-9999.0000,0,0,1.0000
55755,-1.2468,0.0806,0.1846,-9999.0000,-9999.0000,-9999.0000,23.2063,0.4802,53.5605,-0.2989,42.4513,-9999.0000,-9999.0000,-9999.0000,-9999.0000,0,0,1.0000
55756,-1.0247,0.0413,-0.0952,-9999.0000,-9999.0000,-9999.0000,23.1928,0.3913,53.5660,-0.3523,42.5301,-9999.0000,-9999.0000,-9999.0000,-9999.0000,0,0,1.0000
55757,-0.5047,0.1333,-0.1981,-9999.0000,-9999.0000,-9999.0000,23.1758,0.3803,53.5867,-0.4807,42.5852,-9999.0000,-9999.0000,-9999.0000,-9999.0000,0,0,1.0000
55758,-0.5650,0.0423,-0.2204,-9999.0000,-9999.0000,-9999.0000,23.1820,0.2032,53.6086,-0.2862,42.6223,-9999.0000,-9999.0000,-9999.0000,-9999.0000,0,0,1.0000
55759,-1.2099,-0.1100,0.0833,-9999.0000,-9999.0000,-9999.0000,23.1793,0.3382,53.6345,-0.3087,42.6597,-9999.0000,-9999.0000,-9999.0000,-9999.0000,0,0,1.0000
55760,-0.5577,-0.1283,0.0076,-9999.0000,-9999.0000,-9999.0000,23.1670,0.3380,53.6777,-0.4267,42.6876,-9999.0000,-9999.0000,-9999.0000,-9999.0000,0,0,1.0000
55761,-0.7019,-0.0475,0.0122,-9999.0000,-9999.0000,-9999.0000,23.1597,0.3094,53.7309,-0.4072,42.7146,-9999.0000,-9999.0000,-9999.0000,-9999.0000,0,0,1.0000
55762,-1.1709,-0.0249,-0.2503,-9999.0000,-9999.0000,-9999.0000,23.1583,0.2824,53.8093,-0.1906,42.7276,-9999.0000,-9999.0000,-9999.0000,-9999.0000,0,0,1.0000
55763,-1.2568,-0.0488,-0.2298,-9999.0000,-9999.0000,-9999.0000,23.1563,0.4127,53.8734,-0.2591,42.7329,-9999.0000,-9999.0000,-9999.0000,-9999.0000,0,0,1.0000
55764,-0.9677,-0.0665,-0.2116,-9999.0000,-9999.0000,-9999.0000,23.1436,0.4293,53.9430,-0.4264,42.7364,-9999.0000,-9999.0000,-9999.0000,-9999.0000,0,0,1.0000
55765,-0.8312,-0.0687,-0.2869,-9999.0000,-9999.0000,-9999.0000,23.1494,0.3415,54.0298,-0.3639,42.7423,-9999.0000,-9999.0000,-9999.0000,-9999.0000,0,0,1.0000
55766,-0.9586,0.0918,-0.1992,-9999.0000,-9999.0000,-9999.0000,23.1541,0.3273,54.1085,-0.2531,42.7456,-9999.0000,-9999.0000,-9999.0000,-9999.0000,0,0,1.0000
55767,-1.1601,-0.0470,0.7633,-9999.0000,-9999.0000,-9999.0000,23.1560,0.3867,54.1889,-0.2091,42.7450,-9999.0000,-9999.0000,-9999.0000,-9999.0000,0,0,1.0000
55768,-1.1004,-0.0637,-0.0354,-9999.0000,-9999.0000,-9999.0000,23.1566,0.4993,54.2988,-0.2243,42.7419,-9999.0000,-9999.0000,-9999.0000,-9999.0000,0,0,1.0000
55769,-0.9953,-0.0619,-0.2589,-9999.0000,-9999.0000,-9999.0000,23.1469,0.4189,54.4224,0.0018,42.7433,-9999.0000,-9999.0000,-9999.0000,-9999.0000,0,0,1.0000
55770,-1.1269,0.0566,-0.1332,-9999.0000,-9999.0000,-9999.0000,23.1516,0.4874,54.5651,0.3342,42.7375,-9999.0000,-9999.0000,-9999.0000,-9999.0000,0,0,1.0000
55771,-1.2629,-0.0702,-0.2069,-9999.0000,-9999.0000,-9999.0000,23.1411,0.4411,54.6930,-0.2132,42.7302,-9999.0000,-9999.0000,-9999.0000,-9999.0000,0,0,1.0000
55772,-1.1708,-0.0088,-0.0139,-9999.0000,-9999.0000,-9999.0000,23.1355,0.4691,54.8285,-0.1820,42.7247,-9999.0000,0.8486,-9999.0000,-9999.0000,0,0,1.0000
55773,-1.0982,0.0562,-0.0223,-9999.0000,-9999.0000,-9999.0000,23.1394,0.5420,54.9739,-0.0408,42.7124,-9999.0000,0.7037,-9999.0000,-9999.0000,0,0,1.0000
55774,-1.1160,-0.0147,0.0614,-9999.0000,-9999.0000,-9999.0000,23.1406,0.6192,55.1282,-0.0604,42.6959,-9999.0000,0.5923,-9999.0000,-9999.0000,0,0,1.0000
55775,-1.1156,0.1611,0.0458,-9999.0000,-9999.0000,-9999.0000,23.1382,0.6810,55.2741,-0.0184,42.6756,-9999.0000,0.4458,-9999.0000,-9999.0000,0,0,1.0000
55776,-0.7107,0.0474,0.1905,-9999.0000,-9999.0000,-9999.0000,23.1416,0.6780,55.4096,-0.1041,42.6499,-9999.0000,0.6044,-9999.0000,-9999.0000,0,0,1.0000
55777,-1.2371,0.0199,0.2719,-9999.0000,-9999.0000,-9999.0000,23.1453,0.6432,55.5260,-0.1546,42.6234,-9999.0000,0.5132,-9999.0000,-9999.0000,0,0,1.0000
55778,-1.3189,0.0220,0.5005,-9999.0000,-9999.0000,-9999.0000,23.1449,0.6282,55.6274,-0.3030,42.5876,-9999.0000,0.6155,-9999.0000,-9999.0000,0,0,1.0000
55779,-1.3540,-0.0177,0.5150,-9999.0000,-9999.0000,-9999.0000,23.1426,0.5876,55.7256,-0.3580,42.5564,-9999.0000,0.5485,-9999.0000,-9999.0000,0,0,1.0000
55780,-1.2720,0.1071,0.5897,-9999.0000,-9999.0000,-9999.0000,23.1332,0.5452,55.8189,-0.3333,42.5360,-9999.0000,0.5422,-9999.0000,-9999.0000,0,0,1.0000
55781,-1.3187,0.0979,0.5308,-9999.0000,-9999.0000,-9999.0000,23.1237,0.5881,55.9236,-0.2673,42.5246,-9999.0000,0.7464,-9999.0000,-9999.0000,0,0,1.0000
55782,-1.3770,0.4510,0.3888,-9999.0000,-9999.0000,-9999.0000,23.1199,0.6154,56.0199,-0.2363,42.5194,-9999.0000,0.8404,-9999.0000,-9999.0000,0,0,1.0000
55783,-1.3886,0.0916,0.3378,-9999.0000,-9999.0000,-9999.0000,23.1192,0.5824,56.0940,-0.2645,42.5201,-9999.0000,1.0577,-9999.0000,-9999.0000,0,0,1.0000
55784,-1.2691,0.0974,0.1459,-9999.0000,-9999.0000,-9999.0000,23.1166,0.6162,56.1667,-0.3756,42.5138,-9999.0000,0.6361,-9999.0000,-9999.0000,0,0,1.0000
55785,-1.3920,0.0356,0.2823,-9999.0000,-9999.0000,-9999.0000,23.1139,0.5302,56.2341,-0.3982,42.5137,-9999.0000,0.7258,-9999.0000,-9999.0000,0,0,1.0000
55786,-1.4621,-0.0169,0.1205,-9999.0000,-9999.0000,-9999.0000,23.1083,0.5213,56.2922,-0.2955,42.5163,-9999.0000,0.6745,-9999.0000,-9999.0000,0,0,1.0000
55787,-1.3801,0.0116,0.2282,-9999.0000,-9999.0000,-9999.0000,23.0966,0.5728,56.3423,-0.2533,42.5211,-9999.0000,0.8439,-9999.0000,-9999.0000,0,0,1.0000
55788,-1.3677,0.0014,0.2964,-9999.0000,-9999.0000,-9999.0000,23.0793,0.5911,56.3778,-0.2750,42.5299,-9999.0000,0.9361,-9999.0000,-9999.0000,0,0,1.0000
55789,-1.3076,0.0743,0.0761,-9999.0000,-9999.0000,-9999.0000,23.0860,0.6610,56.4069,-0.2847,42.5480,-9999.0000,0.9806,-9999.0000,-9999.0000,0,0,1.0000
55790,-1.4105,0.0893,0.1347,-9999.0000,-9999.0000,-9999.0000,23.0812,0.5743,56.4330,-0.2825,42.5677,-9999.0000,0.7028,-9999.0000,-9999.0000,0,0,1.0000
55791,-1.4296,-0.0236,0.2921,-9999.0000,-9999.0000,-9999.0000,23.0731,0.6071,56.4582,-0.2514,42.5990,-9999.0000,0.7104,-9999.0000,-9999.0000,0,0,1.0000
55792,-1.4741,-0.0458,0.1762,-9999.0000,-9999.0000,-9999.0000,23.0752,0.5649,56.4796,-0.3055,42.6327,-9999.0000,0.9421,-9999.0000,-9999.0000,0,0,1.0000
55793,-1.3999,-0.0105,0.2381,-9999.0000,-9999.0000,-9999.0000,23.0758,0.5839,56.4924,-0.3863,42.6584,-9999.0000,0.6185,-9999.0000,-9999.0000,0,0,1.0000
55794,-1.4646,-0.0287,-0.0211,-9999.0000,-9999.0000,-9999.0000,23.0745,0.5577,56.4974,-0.4020,42.6871,-9999.0000,0.6768,-9999.0000,-9999.0000,0,0,1.0000
55795,-1.4939,0.0749,0.0181,-9999.0000,-9999.0000,-9999.0000,23.0633,0.5743,56.4995,-0.4174,42.7032,-9999.0000,0.7434,-9999.0000,-9999.0000,0,0,1.0000
55796,-1.4493,0.0894,-0.0120,-9999.0000,-9999.0000,-9999.0000,23.0544,0.5106,56.5013,-0.4448,42.7164,-9999.0000,0.6102,-9999.0000,-9999.0000,0,0,1.0000
55797,-1.4286,0.0806,-0.0572,-9999.0000,-9999.0000,-9999.0000,23.0662,0.5383,56.4931,-0.3770,42.7297,-9999.0000,0.6961,-9999.0000,-9999.0000,0,0,1.0000
55798,-1.4155,0.0640,0.0414,-9999.0000,-9999.0000,-9999.0000,23.0678,0.5682,56.4765,-0.4044,42.7357,-9999.0000,0.7148,-9999.0000,-9999.0000,0,0,1.0000
55799,-1.4366,0.0382,0.0318,-9999.0000,-9999.0000,-9999.0000,23.0568,0.5281,56.4367,-0.2559,42.7520,-9999.0000,0.7450,-9999.0000,-9999.0000,0,0,1.0000
55800,-1.4493,0.1397,-0.1052,-9999.0000,-9999.0000,-9999.0000,23.0519,2.0709,56.3877,-0.1502,42.7584,-9999.0000,0.4402,-9999.0000,-9999.0000,0,0,1.0000
55801,-1.4708,0.1409,-0.1615,-9999.0000,-9999.0000,-9999.0000,23.0511,0.6992,56.3387,-0.1722,42.7637,-9999.0000,0.6239,-9999.0000,-9999.0000,0,0,1.0000
55802,-1.4502,0.0482,-0.2866,-9999.0000,-9999.0000,-9999.0000,23.0528,0.6555,56.2788,-0.1234,42.7698,-9999.0000,0.6059,-9999.0000,-9999.0000,0,0,1.0000
55803,-1.4607,0.0870,-0.5426,-9999.0000,-9999.0000,-9999.0000,23.0661,0.6527,56.2263,-0.2235,42.7697,-9999.0000,0.5269,-9999.0000,-9999.0000,0,0,1.0000
55804,-1.5023,0.4064,-0.3116,-9999.0000,-9999.0000,-9999.0000,23.0682,0.6719,56.1566,-0.1883,42.7690,-9999.0000,0.4152,-9999.0000,-9999.0000,0,0,1.0000
55805,-1.4868,0.0538,-0.1873,-9999.0000,-9999.0000,-9999.0000,23.0654,0.6391,56.0655,-0.1718,42.7674,-9999.0000,0.3973,-9999.0000,-9999.0000,0,0,1.0000
55806,-1.4836,0.1342,-0.2082,-9999.0000,-9999.0000,-9999.0000,23.0652,0.6595,55.9573,-0.1962,42.7609,-9999.0000,0.2059,-9999.0000,-9999.0000,0,0,1.0000
55807,-1.5422,0.1077,-0.2435,-9999.0000,-9999.0000,-9999.0000,23.0706,0.7016,55.8549,-0.1607,42.7548,-9999.0000,0.3838,-9999.0000,-9999.0000,0,0,1.0000
55808,-1.5441,0.1683,-0.1926,-9999.0000,-9999.0000,-9999.0000,23.0681,0.7306,55.7513,-0.2456,42.7396,-9999.0000,0.1917,-9999.0000,-9999.0000,0,0,1.0000
55809,-1.4645,0.2749,-0.1676,-9999.0000,-9999.0000,-9999.0000,23.0653,0.6532,55.6401,-0.2444,42.7325,-9999.0000,0.5902,-9999.0000,-9999.0000,0,0,1.0000
55810,-1.4932,0.1315,-0.1056,-9999.0000,-9999.0000,-9999.0000,23.0584,0.7127,55.5184,-0.2382,42.7263,-9999.0000,0.1704,-9999.0000,-9999.0000,0,0,1.0000
55811,-1.5502,0.0753,-0.1692,-9999.0000,-9999.0000,-9999.0000,23.0442,0.6771,55.4011,-0.1505,42.7033,-9999.0000,0.0806,-9999.0000,-9999.0000,0,0,1.0000
55812,-1.5092,0.1082,-0.2520,-9999.0000,-9999.0000,-9999.0000,23.0247,0.6678,55.2867,0.0002,42.6925,-9999.0000,0.3713,-9999.0000,-9999.0000,0,0,1.0000
55813,-0.6016,0.1532,-0.5149,-9999.0000,-9999.0000,-9999.0000,23.0271,0.7949,55.1768,-0.0121,42.6808,-9999.0000,0.1512,-9999.0000,-9999.0000,0,0,1.0000
55814,-1.1223,0.8705,-0.5359,-9999.0000,-9999.0000,-9999.0000,23.0270,0.8568,55.0592,-0.2532,42.6746,-9999.0000,0.0867,-9999.0000,-9999.0000,0,0,1.0000
55815,-1.4921,0.1695,-0.2918,-9999.0000,-9999.0000,-9999.0000,23.0314,0.7408,54.9228,-0.4459,42.6736,-9999.0000,0.1228,-9999.0000,-9999.0000,0,0,1.0000
55816,-1.5428,0.1478,-0.3777,-9999.0000,-9999.0000,-9999.0000,23.0425,0.6578,54.7784,-0.4945,42.6688,-9999.0000,0.3815,-9999.0000,-9999.0000,0,0,1.0000
55817,-1.5398,0.1619,-0.4310,-9999.0000,-9999.0000,-9999.0000,23.0393,0.5687,54.6438,-0.3465,42.6739,-9999.0000,0.2331,-9999.0000,-9999.0000,0,0,1.0000
55818,-1.5405,0.1397,-0.4523,-9999.0000,-9999.0000,-9999.0000,23.0314,0.6596,54.5130,-0.2183,42.6680,-9999.0000,0.1592,-9999.0000,-9999.0000,0,0,1.0000
55819,-1.5757,0.2138,-0.5522,-9999.0000,-9999.0000,-9999.0000,23.0331,0.6561,54.3964,-0.2273,42.6711,-9999.0000,0.2545,-9999.0000,-9999.0000,0,0,1.0000
55820,-1.5855,0.2156,-0.8301,-9999.0000,-9999.0000,-9999.0000,23.0319,0.6951,54.2706,-0.2684,42.6712,-9999.0000,0.2995,-9999.0000,-9999.0000,0,0,1.0000
55821,-1.5547,0.1893,-0.9939,-9999.0000,-9999.0000,-9999.0000,23.0297,0.6415,54.1541,-0.3573,42.6700,-9999.0000,0.3642,-9999.0000,-9999.0000,0,0,1.0000
55822,-1.5289,0.0600,-0.9780,-9999.0000,-9999.0000,-9999.0000,23.0236,0.6304,54.0289,-0.4221,42.6721,-9999.0000,0.1794,-9999.0000,-9999.0000,0,0,1.0000
55823,-1.4775,0.0628,-0.7452,-9999.0000,-9999.0000,-9999.0000,23.0234,0.6403,53.9122,-0.4201,42.6758,-9999.0000,0.0113,-9999.0000,-9999.0000,0,0,1.0000
55824,-1.4566,0.0890,-0.6116,-9999.0000,-9999.0000,-9999.0000,23.0212,0.6623,53.7940,-0.4277,42.6778,-9999.0000,-0.1625,-9999.0000,-9999.0000,0,0,1.0000
