Data/Raw/WAGNER,NICK/firexaq-AOP-optical_DC8_20190812_R1.ict
51, 1001
Wagner, Nicholas L.
NOAA Earth System Research Laboratory
NOAA AOP instrument
FIREX-AQ
1, 1
2019, 08, 12, 2020, 04, 27
1
Time_start, seconds_past_midnight, seconds from midnight
18
1, 1, 1, 1, 1, 1, 1, 1, 1, 1, 1, 1, 1, 1, 1, 1, 1, 1
-9999, -9999, -9999, -9999, -9999, -9999, -9999, -9999, -9999, -9999, -9999, -9999, -9999, -9999, -9999, -9999, -9999, -9999
ext_dry_664, Mm-1, AerOpt_Extinction_InSitu_RHd_red_Total_PM2.5_STP
ext_dry_532, Mm-1, AerOpt_Extinction_InSitu_RHd_green_Total_PM2.5_STP
ext_dry_405, Mm-1, AerOpt_Extinction_InSitu_RHd_blue_Total_PM2.5_STP
abs_dry_664, Mm-1, AerOpt_Absorption_InSitu_RHd_red_Total_PM2.5_STP
abs_dry_532, Mm-1, AerOpt_Absorption_InSitu_RHd_green_Total_PM2.5_STP
abs_dry_405, Mm-1, AerOpt_Absorption_InSitu_RHd_blue_Total_PM2.5_STP
AOP_RH_dry, pct, Relative_humidity_of_dry_RH_channels
ext_medRH_664, Mm-1, AerOpt_Extinction_InSitu_RH80_red_Total_PM2.5_STP
AOP_RH_med, pct, Relative_humidity_of_medium_RH_channel
ext_highRH_664, Mm-1, AerOpt_Extinction_InSitu_RH85_red_Total_PM2.5_STP
AOP_RH_high, pct, Relative_humidity_of_high_RH_channel
ext_TD_664, Mm-1, AerOpt_ExtinctionTD_InSitu_RHd_blue_Total_PM2.5_STP
ext_TD_405, Mm-1, AerOpt_ExtinctionTD_InSitu_RHd_red_Total_PM2.5_STP
abs_TD_664, Mm-1, AerOpt_Absorption_InSitu_RHd_red_Total_PM2.5_STP
abs_TD_405, Mm-1, AerOpt_Absorption_InSitu_RHd_blue_Total_PM2.5_STP
AOP_TD_bypass_flag, pct, Flag_for_TD_Bypass_valve
AOP_filter_flag, pct, Flag_for_Filter_Valve
AOP_Dilution_ratio, pct, Applied_Dilution_Ratio_for_ext_channels
1
N/A
18
PI_CONTACT_INFO: Address: NOAA ESRL Chemical Sciences Division, R/CSD2, 325 Broadway, Boulder, CO 80305. Email: nick.wagner@noaa.gov.
PLATFORM: NASA DC8
LOCATION: See the DC8 MetNav file, Based in Boise (BOI) and Salina, KS
ASSOCIATED_DATA: N/A
[...]
DATA_INFO: Mm-1:
UNCERTAINTY: The precision of the extinction measurements varies with aerosol loading and is +/-20% at 10 Mm-1 and +/-5% at 100 Mm-1. The accuracy of the dry measurement is +/-2% and depends on RH for the humidified measurements, +/-5% at 85% RH and +/-15% at 90% RH. For more details, see Langridge et al., Aerosol Science and Technology 45:1305-1318, 2011. Analysis of comparable measurements suggest incomplete mixing in the dilution system. Effective dilution for individual instruments can vary by +/- 30% compared to the reported flow-based dilution estimate. The absorption measurements have a high signal accuracy of 20%. The low signal precision varies with altitude and flight to flight, and is typically less than 10 Mm-1 for 1 second measurements.
ULOD_FLAG: -7777
ULOD_VALUE: N/A
LLOD_FLAG: -8888
LLOD_VALUE: N/A
DM_CONTACT_INFO: Gao Chen
PROJECT_INFO: FIREX-AQ
STIPULATIONS_ON_USE: NASA Data Policy. Contact with PI is encouraged.
OTHER_COMMENTS: N/A
REVISION: R1
R1: Absorption measurements have been corrected for pressure dependent microphone sensitivity. In-cloud data has been removed. R0: Final Data. 
Time_start, ext_dry_664, ext_dry_532, ext_dry_405, abs_dry_664, abs_dry_532, abs_dry_405, AOP_RH_dry, ext_medRH_664, AOP_RH_med, ext_highRH_664, AOP_RH_high, ext_TD_664, ext_TD_405, abs_TD_664, abs_TD_405, AOP_TD_bypass_flag, AOP_filter_flag, AOP_Dilution_ratio
[from data line 13041]
88953,2.1814,6.0022,10.0444,3.1010,-1.6307,0.1242,9.2926,7.0328,79.5454,9.9833,84.7782,1.1261,0.2480,-9999.0000,-1.9541,0,0,1.0000
88954,2.5508,5.6006,12.2690,5.1926,0.0631,-0.5751,9.3039,6.5621,79.6112,11.2901,84.7822,0.6365,0.5427,-9999.0000,-0.0305,0,0,1.0000
88955,2.9925,6.2396,11.1129,-0.5810,-0.5780,2.0081,9.3205,16.5611,79.6866,9.8382,84.7877,0.7880,-0.1818,-9999.0000,3.6724,0,0,1.0000
88956,3.8735,5.9813,10.4050,3.3778,-1.1438,1.4921,9.3226,9.8466,79.7592,11.0028,84.7942,0.4714,-0.4110,-9999.0000,0.7127,0,0,1.0000
88957,3.5996,5.4128,10.6199,-3.4700,2.3061,0.4783,9.3175,7.7621,79.8471,6.9694,84.7983,-1.0573,0.2133,-9999.0000,0.9689,0,0,1.0000
88958,3.0806,5.0448,9.9527,2.8732,3.2196,0.7485,9.3184,10.3395,79.9451,8.3806,84.8017,-1.2276,-0.3663,-9999.0000,-1.8021,0,0,1.0000
88959,3.6838,5.2016,8.4108,-0.8191,1.6065,-0.1803,9.3175,9.6667,80.0533,5.9166,84.8115,-1.8502,-0.3847,-9999.0000,2.0271,0,0,1.0000
88960,3.2977,6.3444,11.9451,-4.4232,-0.8955,0.0322,9.3152,8.8275,80.1551,7.3775,84.8237,-1.0468,0.6724,-9999.0000,1.2744,0,0,1.0000
88961,2.8322,6.6100,10.9250,1.1119,2.8665,0.1646,9.3173,8.4042,80.2401,9.7046,84.8391,-0.6211,0.1771,-9999.0000,-2.1181,0,0,1.0000
88962,4.2233,6.9881,11.0036,1.5614,1.1433,-0.2255,9.3215,7.9145,80.3314,9.8556,84.8471,0.1525,0.2513,-9999.0000,2.2314,0,0,1.0000
88963,5.5019,6.8400,11.6162,2.8237,0.8585,0.6572,9.3247,7.4440,80.4188,11.3337,84.8530,0.6198,0.9248,-9999.0000,-1.4063,0,0,1.0000
88964,7.3960,7.5789,11.8400,-2.9145,-1.8753,-0.1105,9.3269,6.5883,80.5191,9.9391,84.8523,1.6653,0.1168,-9999.0000,-2.4496,0,0,1.0000
88965,2.6645,5.6030,13.6753,1.2849,2.6225,-0.3100,9.3350,7.6943,80.6104,7.4326,84.8568,0.7113,0.7092,-9999.0000,-2.1539,0,0,1.0000
88966,3.1992,7.8666,14.3713,0.2061,-3.4653,-0.0108,9.3286,6.3290,80.6923,9.4433,84.8577,0.5492,0.1327,-9999.0000,-3.1762,0,0,1.0000
88967,5.0093,9.1479,13.9186,-2.3970,3.3274,-0.2505,9.3277,8.4642,80.7747,9.4464,84.8612,0.9595,1.6327,-9999.0000,2.7048,0,0,1.0000
88968,7.3956,12.5163,12.3799,1.2619,-1.6901,-0.0791,9.3383,11.8832,80.8517,9.4604,84.8603,0.3566,2.9599,-9999.0000,1.9965,0,0,1.0000
88969,4.5973,8.8131,12.5696,2.8393,0.0292,-0.1316,9.3342,7.8556,80.9213,9.8100,84.8539,-0.5601,0.8586,-9999.0000,-3.4669,0,0,1.0000
88970,3.5779,8.6017,11.2066,2.7490,-0.0241,0.2746,9.3428,11.4209,80.9874,7.9879,84.8409,-0.7931,-0.0284,-9999.0000,-2.0280,0,0,1.0000
88971,3.4154,8.5004,12.7269,-2.7798,-1.7873,-0.0482,9.3490,8.4144,81.0661,9.4018,84.8191,-0.7334,0.5816,-9999.0000,1.0881,0,0,1.0000
88972,4.2383,6.6111,11.5609,-2.0179,0.1799,0.4009,9.3501,6.9902,81.1309,10.7948,84.7894,-0.2549,0.4351,-9999.0000,-1.2968,0,0,1.0000
88973,3.1983,9.6576,13.3164,1.2081,0.7580,0.0062,9.3497,12.5049,81.1951,11.3449,84.7496,-1.1176,0.7873,-9999.0000,-0.6927,0,0,1.0000
88974,2.7672,7.1884,13.6818,0.5197,2.4619,-0.3749,9.3613,8.3528,81.2485,8.9174,84.7225,-0.9903,1.3484,-9999.0000,6.0592,0,0,1.0000
88975,3.7376,7.2195,11.2495,1.6969,-1.4530,0.6452,9.3668,12.4178,81.2932,9.0354,84.7072,0.0028,0.2573,-9999.0000,3.0269,0,0,1.0000
88976,3.5075,7.6331,11.9224,-3.0930,-2.3164,0.4528,9.3739,8.9969,81.3372,8.6077,84.6955,-0.3149,-0.0612,-9999.0000,-0.1578,0,0,1.0000
88977,2.6561,4.9810,11.5938,-3.2867,0.8507,0.8943,9.3737,11.8496,81.3756,8.6974,84.6839,1.0858,0.0296,-9999.0000,0.7069,0,0,1.0000
88978,2.7691,7.1715,11.0344,1.8464,-0.8816,0.1612,9.3845,6.9508,81.4265,14.3531,84.6667,0.3745,0.6685,-9999.0000,1.7395,0,0,1.0000
88979,4.5196,6.6407,12.4564,0.7531,0.1555,1.0024,9.3952,12.1395,81.4528,8.2406,84.6480,-0.4484,3.2974,-9999.0000,1.1056,0,0,1.0000
88980,3.3607,6.2877,12.9579,-2.2097,2.0311,1.0106,9.4083,6.2552,81.4775,10.0559,84.6364,-0.3780,2.3109,-9999.0000,4.2721,0,0,1.0000
88981,2.7186,6.5046,12.8014,-1.0655,-2.7472,-0.3335,9.4141,9.6645,81.5029,8.5118,84.6377,0.0028,0.4785,-9999.0000,-0.1448,0,0,1.0000
88982,4.2377,6.1185,11.8591,1.1567,-1.6193,0.4030,9.4105,8.3428,81.5076,8.0176,84.6412,-0.6278,1.6774,-9999.0000,-3.8112,0,0,1.0000
88983,3.1875,6.0772,11.4391,-2.0926,-2.6520,-0.4304,9.4111,7.6346,81.5108,11.7726,84.6355,-0.9111,0.7452,-9999.0000,2.3000,0,0,1.0000
88984,3.2454,5.9438,13.7538,-9999.0000,-0.3825,-0.0056,9.4081,5.1135,81.5063,11.3969,84.6373,-0.5686,1.0082,-9999.0000,-1.1581,0,0,1.0000
88985,3.4465,6.7403,11.8673,-9999.0000,-9999.0000,-0.6669,9.4081,7.9636,81.4964,9.3461,84.6428,-0.4761,-0.1972,-9999.0000,-2.4173,0,0,1.0000
88986,3.9969,6.0379,12.0256,-9999.0000,-9999.0000,-0.0122,9.4140,6.9345,81.4642,10.7541,84.6419,0.3973,-0.1876,-9999.0000,4.3279,0,0,1.0000
88987,2.8443,6.5099,11.1292,-9999.0000,-9999.0000,-0.4548,9.4211,8.1994,81.4031,10.4794,84.6513,1.0423,0.4157,-9999.0000,-1.3110,0,0,1.0000
88988,3.4511,6.8679,11.2528,-9999.0000,-9999.0000,-0.6866,9.4335,6.4387,81.3162,9.5016,84.6653,0.4567,0.7083,-9999.0000,2.7435,0,0,1.0000
88989,6.4442,5.0523,12.6714,-9999.0000,-9999.0000,0.1455,9.4402,8.5892,81.2052,9.0345,84.6871,1.7203,2.9089,-9999.0000,0.3296,0,0,1.0000
88990,6.8327,7.2906,11.6358,-9999.0000,-9999.0000,-0.8703,9.4430,7.7864,81.0686,9.5596,84.6877,1.2788,5.4851,-9999.0000,-1.4897,0,0,1.0000
88991,3.8308,6.2900,11.0840,-9999.0000,-9999.0000,-0.3303,9.4547,7.3583,80.9376,8.1568,84.6951,1.7717,2.6045,-9999.0000,0.8289,0,0,1.0000
88992,4.1674,4.8689,11.0765,-9999.0000,-9999.0000,0.0841,9.4672,7.8404,80.8082,9.1347,84.7025,5.3250,1.5658,-9999.0000,-0.7714,0,0,1.0000
88993,5.6485,5.5703,10.7727,-9999.0000,-9999.0000,-0.2151,9.4688,6.3955,80.6800,6.6657,84.7217,1.0735,-0.0118,-9999.0000,-3.8720,0,0,1.0000
88994,4.6169,7.2404,12.9639,-9999.0000,-9999.0000,0.3812,9.4669,6.8808,80.5249,7.1352,84.7327,-0.3570,0.3039,-9999.0000,-1.2620,0,0,1.0000
88995,2.9759,8.7732,12.0069,-9999.0000,-9999.0000,0.7023,9.4664,4.8932,80.3694,7.9594,84.7375,-0.3214,0.9899,-9999.0000,2.3025,0,0,1.0000
88996,4.9649,7.4614,10.9303,-9999.0000,-9999.0000,-0.3018,9.4678,6.0364,80.2147,13.0224,84.7391,-0.8169,0.1288,-9999.0000,1.4608,0,0,1.0000
88997,5.4826,5.3462,11.4628,-9999.0000,-9999.0000,-0.1767,9.4672,5.8404,80.0658,8.8388,84.7437,0.5661,0.0398,-9999.0000,1.2867,0,0,1.0000
88998,5.5747,8.3179,11.6046,-9999.0000,-9999.0000,-0.6344,9.4702,8.9810,79.8909,13.7495,84.7434,4.2738,0.3774,-9999.0000,1.6345,0,0,1.0000
88999,6.5432,6.7765,12.9445,-9999.0000,-9999.0000,0.0723,9.4779,8.6828,79.7215,11.2429,84.7449,2.0884,1.0380,-9999.0000,-1.2985,0,0,1.0000
89000,4.8325,6.3251,13.0994,-9999.0000,-9999.0000,0.3558,9.4805,6.9935,79.5611,8.5919,84.7427,-0.1373,-0.6300,-9999.0000,1.8176,0,0,1.0000
89001,3.6467,6.4318,12.5923,-9999.0000,-9999.0000,0.0223,9.4821,15.4789,79.4389,10.0521,84.7388,-0.1942,0.3204,-9999.0000,-4.5140,0,0,1.0000
89002,3.8957,7.3777,11.0733,-9999.0000,-9999.0000,0.2644,9.4864,9.4457,79.3179,9.9590,84.7297,-0.4576,0.4792,-9999.0000,2.3964,0,0,1.0000
89003,2.5963,7.6880,10.3475,-9999.0000,-9999.0000,-0.2205,9.4907,5.7069,79.2009,6.3632,84.7176,-0.2959,2.8183,-9999.0000,-3.9081,0,0,1.0000
89004,2.1554,8.3721,11.1519,-9999.0000,-9999.0000,-0.0637,9.4910,7.0672,79.0965,10.3457,84.6997,-0.1719,1.7869,-9999.0000,0.4404,0,0,1.0000
89005,2.1969,6.0533,11.8798,-9999.0000,-9999.0000,-1.0867,9.4937,7.7525,79.0047,13.4726,84.6772,-0.3939,1.1428,-9999.0000,1.6041,0,0,1.0000
89006,2.5356,5.0600,9.3372,-9999.0000,-9999.0000,0.1870,9.4965,9.2582,78.9226,9.0868,84.6773,0.0904,1.0579,-9999.0000,-4.0786,0,0,1.0000
89007,2.0946,4.3389,10.7449,-9999.0000,-9999.0000,0.1981,9.4945,6.5108,78.8422,7.2376,84.6696,-0.6955,0.4586,-9999.0000,2.5689,0,0,1.0000
89008,3.4167,6.8515,11.2805,-9999.0000,-9999.0000,0.0445,9.4971,7.4921,78.7724,5.5200,84.6577,-1.6336,0.9337,-9999.0000,-2.7147,0,0,1.0000
89009,5.9785,7.1304,11.5055,-9999.0000,-9999.0000,0.2644,9.4948,7.8480,78.7170,11.2708,84.6498,-1.0638,2.4728,-9999.0000,-3.9699,0,0,1.0000
89010,5.9375,12.7303,16.6015,-9999.0000,-9999.0000,0.4656,9.4943,9.5076,78.6728,10.9312,84.6383,-0.0710,4.7649,-9999.0000,1.8047,0,0,1.0000
89011,9.8653,18.6406,31.4015,-9999.0000,-9999.0000,1.4673,9.4952,12.9441,78.6470,19.1186,84.6383,2.4997,6.4698,-9999.0000,-1.2465,0,0,1.0000
89012,22.6187,41.4840,72.1565,-9999.0000,-9999.0000,5.1239,9.4963,26.1299,78.6258,27.9511,84.6346,5.4496,10.6938,-9999.0000,2.5748,0,0,1.0000
89013,44.6784,70.1475,121.8683,-9999.0000,-9999.0000,5.1924,9.5016,41.6450,78.6164,42.7950,84.6385,7.0073,13.6518,-9999.0000,5.8099,0,0,1.0000
89014,48.2148,87.6715,141.1154,-9999.0000,-9999.0000,6.9201,9.5092,54.1220,78.6125,40.8311,84.6379,7.0276,15.9027,-9999.0000,-3.1292,0,0,1.0000
89015,47.8211,76.8403,135.8052,-9999.0000,-9999.0000,6.6692,9.5116,51.7716,78.6117,53.8385,84.6413,6.3235,13.5015,-9999.0000,7.1617,0,0,1.0000
89016,44.9206,65.7605,124.8647,-9999.0000,-9999.0000,6.3589,9.5073,44.2181,78.6124,55.5748,84.6462,5.7646,17.6238,-9999.0000,5.2293,0,0,1.0000
89017,40.7236,63.4739,109.1084,-9999.0000,-9999.0000,7.3442,9.5087,42.4098,78.6317,42.8121,84.6546,6.4687,19.6817,-9999.0000,1.4458,0,0,1.0000
89018,36.7632,65.7588,104.6141,-9999.0000,-9999.0000,6.0251,9.5087,58.6988,78.6792,43.1046,84.6626,8.0825,20.0792,-9999.0000,2.3568,0,0,1.0000
89019,45.7861,69.5775,128.6737,-9999.0000,-9999.0000,7.0011,9.5133,54.3146,78.7732,64.1814,84.6809,8.9612,22.5973,-9999.0000,2.3705,0,0,1.0000
89020,70.3493,113.8472,185.7416,-9999.0000,-9999.0000,9.5942,9.5161,74.3384,78.8710,65.2755,84.6912,10.3553,26.2126,-9999.0000,6.6455,0,0,1.0000
89021,75.6954,133.8358,215.0943,-9999.0000,-9999.0000,9.7263,9.5188,78.8899,78.9652,73.6971,84.7017,10.6926,30.7256,-9999.0000,10.4333,0,0,1.0000
89022,72.4789,124.2255,211.7346,-9999.0000,-9999.0000,12.7621,9.5225,78.3575,79.0559,76.9052,84.7157,10.7977,28.9033,-9999.0000,11.5706,0,0,1.0000
89023,71.1166,114.4425,212.4812,-9999.0000,-9999.0000,13.7325,9.5235,91.3464,79.1565,94.4946,84.7292,12.1430,31.9956,-9999.0000,11.5892,0,0,1.0000
89024,92.3839,162.7122,265.9258,-9999.0000,-9999.0000,17.6017,9.5290,93.8106,79.2720,119.2460,84.7424,19.2045,39.5384,-9999.0000,18.1063,0,0,1.0000
89025,125.1217,211.3792,357.2532,-9999.0000,-9999.0000,20.9851,9.5459,133.1725,79.3714,124.2868,84.7517,23.7013,41.9928,-9999.0000,21.4122,0,0,1.0000
89026,152.4479,237.2779,412.5488,-9999.0000,-9999.0000,20.9111,9.5558,151.2675,79.4658,131.0400,84.7622,23.0856,51.8662,-9999.0000,16.6269,0,0,1.0000
89027,147.5810,239.2667,398.7522,-9999.0000,-9999.0000,22.2383,9.5696,142.0617,79.5815,144.5877,84.7610,25.3502,54.8920,-9999.0000,19.8353,0,0,1.0000
89028,142.4131,231.7019,403.4173,-9999.0000,-9999.0000,22.3762,9.5735,149.8528,79.7081,154.6761,84.7636,26.6467,52.0737,-9999.0000,18.7532,0,0,1.0000
89029,139.5271,226.9884,398.8297,-9999.0000,-9999.0000,21.6068,9.5745,143.6087,79.8444,153.7371,84.7619,30.2520,51.0029,-9999.0000,17.7343,0,0,1.0000
89030,139.4031,236.1125,397.3457,-9999.0000,-9999.0000,25.4543,9.5754,134.6380,79.9436,147.0170,84.7465,29.1782,57.8339,-9999.0000,25.5603,0,0,1.0000
89031,139.5449,240.4238,411.0056,-9999.0000,-9999.0000,24.6744,9.5829,154.8147,80.0485,152.6887,84.7239,28.1826,53.9782,-9999.0000,26.4545,0,0,1.0000
89032,145.0036,244.9613,413.9391,-9999.0000,-9999.0000,25.7654,9.5841,151.3200,80.1561,143.8137,84.7040,31.8335,58.0880,-9999.0000,23.1773,0,0,1.0000
89033,148.2452,246.9089,431.4164,-9999.0000,-9999.0000,27.4176,9.5899,164.4641,80.2605,157.2645,84.6835,36.2050,71.2464,-9999.0000,23.1523,0,0,1.0000
89034,160.4244,260.0109,449.9647,-9999.0000,-9999.0000,31.2766,9.5938,149.3969,80.3623,164.6803,84.6633,33.4333,71.0860,-9999.0000,21.9620,0,0,1.0000
89035,143.3068,268.9359,445.6144,-9999.0000,-9999.0000,32.8393,9.6011,158.2967,80.4546,156.6016,84.6516,29.5553,70.9531,-9999.0000,26.9432,0,0,1.0000
89036,161.2231,254.3575,438.2666,-9999.0000,-9999.0000,24.9509,9.6057,147.0502,80.5497,167.7065,84.6333,27.5604,60.9137,-9999.0000,26.9917,0,0,1.0000
89037,142.6935,236.9231,429.0961,-9999.0000,-9999.0000,25.9794,9.6085,156.4500,80.6445,168.5656,84.6260,27.2174,61.6153,-9999.0000,-9999.0000,0,0,1.0000
89038,159.3438,236.7847,429.1222,-9999.0000,-9999.0000,26.6169,9.6214,154.3548,80.7405,167.6846,84.6182,29.1800,61.5334,-9999.0000,-9999.0000,0,0,1.0000
89039,157.9967,249.8109,436.5558,-9999.0000,-9999.0000,28.0930,9.6608,151.4612,80.8149,162.7122,84.6152,30.3428,69.1246,-9999.0000,-9999.0000,0,0,1.0000
89040,164.0195,276.6996,474.0997,-9999.0000,-9999.0000,29.4698,9.6689,158.0306,80.8952,178.4563,84.6083,30.6207,75.2681,-9999.0000,-9999.0000,0,0,1.0000
89041,168.0901,278.4489,481.5801,-9999.0000,-9999.0000,31.6214,9.6796,176.1522,80.9746,179.6167,84.6029,32.6969,69.8145,-9999.0000,-9999.0000,0,0,1.0000
89042,174.2977,285.2875,495.9455,-9999.0000,-9999.0000,29.3360,9.6815,159.8724,81.0456,180.4358,84.6041,37.5609,71.8337,-9999.0000,-9999.0000,0,0,1.0000
89043,169.9444,290.6764,515.5524,-9999.0000,-9999.0000,30.7171,9.6842,174.5478,81.0973,181.1098,84.6047,32.8234,72.1508,-9999.0000,-9999.0000,0,0,1.0000
89044,179.2854,324.3897,541.6365,-9999.0000,11.5183,33.8397,9.6831,193.3982,81.1315,194.4076,84.5952,34.5150,73.9342,-9999.0000,-9999.0000,0,0,1.0000
89045,196.4651,340.0064,587.2873,-9999.0000,15.7023,34.0271,9.6841,187.8776,81.1826,198.0714,84.5961,36.2270,79.9719,-9999.0000,-9999.0000,0,0,1.0000
89046,191.4176,327.1313,576.0331,-9999.0000,15.7087,34.0836,9.6854,175.7672,81.2337,187.7245,84.5980,37.4651,76.9110,-9999.0000,-9999.0000,0,0,1.0000
89047,183.8468,298.0541,547.5493,-9999.0000,-9999.0000,-9999.0000,9.6848,179.9452,81.2715,196.6825,84.6018,35.4838,71.6170,-9999.0000,-9999.0000,0,0,1.0000
89048,186.2729,300.7198,545.7941,-9999.0000,-9999.0000,-9999.0000,9.6855,199.2916,81.2946,201.6966,84.6021,38.5524,69.8632,-9999.0000,-9999.0000,0,0,1.0000
89049,202.0505,313.6816,587.0151,-9999.0000,-9999.0000,-9999.0000,9.6855,196.6240,81.3002,230.0878,84.6035,38.9820,86.2139,-9999.0000,35.5813,0,0,1.0000
89050,223.9335,374.5605,665.6901,-9999.0000,-9999.0000,-9999.0000,9.6903,197.9979,81.3029,240.2940,84.6084,41.4573,91.4059,-9999.0000,37.7484,0,0,1.0000
89051,247.4577,416.4875,736.6780,-9999.0000,-9999.0000,-9999.0000,9.6916,254.3893,81.3042,243.8864,84.6107,41.8562,88.3875,-9999.0000,39.7057,0,0,1.0000
89052,254.8319,441.8709,775.1758,-9999.0000,-9999.0000,-9999.0000,9.6926,261.4811,81.3017,266.5227,84.6179,40.5284,93.2366,-9999.0000,40.2342,0,0,1.0000
89053,262.4546,448.1771,769.4491,-9999.0000,-9999.0000,-9999.0000,9.6938,254.7991,81.2863,250.2436,84.6237,40.1858,93.0338,-9999.0000,40.4007,0,0,1.0000
89054,257.2531,434.0758,767.5777,-9999.0000,-9999.0000,-9999.0000,9.6923,257.9499,81.2531,261.4200,84.6196,42.5288,95.6115,-9999.0000,42.2156,0,0,1.0000
89055,244.6002,421.4742,741.7620,-9999.0000,-9999.0000,-9999.0000,9.6982,240.7424,81.2080,255.8764,84.6283,41.7628,102.6696,-9999.0000,42.3042,0,0,1.0000
89056,253.6131,421.4333,744.0483,-9999.0000,-9999.0000,-9999.0000,9.7015,245.3855,81.1338,288.8632,84.6276,46.6217,107.4958,-9999.0000,39.0576,0,0,1.0000
89057,263.8026,435.4118,762.1213,-9999.0000,-9999.0000,-9999.0000,9.7061,252.7013,81.0553,275.5655,84.6310,49.0139,103.0227,-9999.0000,34.0682,0,0,1.0000
89058,269.3484,431.6742,753.2682,-9999.0000,-9999.0000,-9999.0000,9.7118,248.4871,80.9432,252.2924,84.6231,57.3641,103.3231,-9999.0000,39.5010,0,0,1.0000
89059,253.9439,416.6835,751.0747,-9999.0000,20.7551,47.7752,9.7180,244.0886,80.8190,268.1031,84.6145,60.4070,101.7948,-9999.0000,38.0520,0,0,1.0000
89060,246.4365,423.3604,757.4228,-9999.0000,16.8656,47.6785,9.7274,228.6354,80.6843,272.3431,84.6012,55.8556,101.5949,-9999.0000,44.9243,0,0,1.0000
89061,269.5774,427.6583,729.8171,-9999.0000,19.7229,45.4581,9.7264,261.2938,80.5447,250.8206,84.5803,47.8616,92.9564,-9999.0000,40.5404,0,0,1.0000
89062,242.6580,391.9068,695.6621,-9999.0000,20.9999,43.5577,9.7304,245.9255,80.3833,254.9392,84.5637,43.1378,91.4921,-9999.0000,39.6092,0,0,1.0000
89063,211.8302,364.4243,644.1935,-9999.0000,15.1759,41.5767,9.7325,217.2990,80.2051,232.3804,84.5295,46.1938,85.7524,-9999.0000,36.8265,0,0,1.0000
89064,204.2478,339.5656,621.3723,-9999.0000,18.9756,41.5212,9.7340,216.6722,80.0438,227.4606,84.4958,45.4160,77.8053,-9999.0000,38.6832,0,0,1.0000
