Data/Raw/WAGNER,NICK/firexaq-AOP-optical_DC8_20190823_R1.ict
51, 1001
Wagner, Nicholas L.
NOAA Earth System Research Laboratory
NOAA AOP instrument
FIREX-AQ
1, 1
2019, 08, 23, 2020, 04, 27
1
Time_start, seconds_past_midnight, seconds from midnight
18
1, 1, 1, 1, 1, 1, 1, 1, 1, 1, 1, 1, 1, 1, 1, 1, 1, 1
-9999, -9999, -9999, -9999, -9999, -9999, -9999, -9999, -9999, -9999, -9999, -9999, -9999, -9999, -9999, -9999, -9999, -9999
ext_dry_664, Mm-1, AerOpt_Extinction_InSitu_RHd_red_Total_PM2.5_STP
ext_dry_532, Mm-1, AerOpt_Extinction_InSitu_RHd_green_Total_PM2.5_STP
ext_dry_405, Mm-1, AerOpt_Extinction_InSitu_RHd_blue_Total_PM2.5_STP
abs_dry_664, Mm-1, AerOpt_Absorption_InSitu_RHd_red_Total_PM2.5_STP
abs_dry_532, Mm-1, AerOpt_Absorption_InSitu_RHd_green_Total_PM2.5_STP
abs_dry_405, Mm-1, AerOpt_Absorption_InSitu_RHd_blue_Total_PM2.5_STP
AOP_RH_dry, pct, Relative_humidity_of_dry_RH_channels
ext_medRH_664, Mm-1, AerOpt_Extinction_InSitu_RH80_red_Total_PM2.5_STP
AOP_RH_med, pct, Relative_humidity_of_medium_RH_channel
ext_highRH_664, Mm-1, AerOpt_Extinction_InSitu_RH85_red_Total_PM2.5_STP
AOP_RH_high, pct, Relative_humidity_of_high_RH_channel
ext_TD_664, Mm-1, AerOpt_ExtinctionTD_InSitu_RHd_blue_Total_PM2.5_STP
ext_TD_405, Mm-1, AerOpt_ExtinctionTD_InSitu_RHd_red_Total_PM2.5_STP
abs_TD_664, Mm-1, AerOpt_Absorption_InSitu_RHd_red_Total_PM2.5_STP
abs_TD_405, Mm-1, AerOpt_Absorption_InSitu_RHd_blue_Total_PM2.5_STP
AOP_TD_bypass_flag, pct, Flag_for_TD_Bypass_valve
AOP_filter_flag, pct, Flag_for_Filter_Valve
AOP_Dilution_ratio, pct, Applied_Dilution_Ratio_for_ext_channels
1
N/A
18
PI_CONTACT_INFO: Address: NOAA ESRL Chemical Sciences Division, R/CSD2, 325 Broadway, Boulder, CO 80305. Email: nick.wagner@noaa.gov.
PLATFORM: NASA DC8
LOCATION: See the DC8 MetNav file, Based in Boise (BOI) and Salina, KS
ASSOCIATED_DATA: N/A
[...]
DATA_INFO: Mm-1:
UNCERTAINTY: The precision of the extinction measurements varies with aerosol loading and is +/-20% at 10 Mm-1 and +/-5% at 100 Mm-1. The accuracy of the dry measurement is +/-2% and depends on RH for the humidified measurements, +/-5% at 85% RH and +/-15% at 90% RH. For more details, see Langridge et al., Aerosol Science and Technology 45:1305-1318, 2011. Analysis of comparable measurements suggest incomplete mixing in the dilution system. Effective dilution for individual instruments can vary by +/- 30% compared to the reported flow-based dilution estimate. The absorption measurements have a high signal accuracy of 20%. The low signal precision varies with altitude and flight to flight, and is typically less than 10 Mm-1 for 1 second measurements.
ULOD_FLAG: -7777
ULOD_VALUE: N/A
LLOD_FLAG: -8888
LLOD_VALUE: N/A
DM_CONTACT_INFO: Gao Chen
PROJECT_INFO: FIREX-AQ
STIPULATIONS_ON_USE: NASA Data Policy. Contact with PI is encouraged.
OTHER_COMMENTS: N/A
REVISION: R1
R1: Absorption measurements have been corrected for pressure dependent microphone sensitivity. In-cloud data has been removed. R0: Final Data. 
Time_start, ext_dry_664, ext_dry_532, ext_dry_405, abs_dry_664, abs_dry_532, abs_dry_405, AOP_RH_dry, ext_medRH_664, AOP_RH_med, ext_highRH_664, AOP_RH_high, ext_TD_664, ext_TD_405, abs_TD_664, abs_TD_405, AOP_TD_bypass_flag, AOP_filter_flag, AOP_Dilution_ratio
[from data line 17102]
78399,0.7621,25.0299,12.2473,-1.7849,-1.0129,3.4057,32.3525,12.0493,80.2602,-10.0881,85.2218,1.7721,6.2559,-0.8416,-1.6107,0,0,13.8200
78400,0.0719,20.4026,18.2290,-3.6252,-2.2870,1.4549,32.3525,12.1147,80.2506,-8.3671,85.1941,0.8014,5.1946,1.9157,0.5611,0,0,13.8200
78401,9.7434,17.7103,13.9678,2.8805,-0.0238,1.5427,32.3599,33.5888,80.2247,-10.2901,85.1975,1.6510,2.5032,4.0606,1.9974,0,0,13.8200
78402,1.9374,18.7531,28.7460,7.1609,-0.7574,1.4135,32.3646,66.3579,80.1818,-4.4558,85.1678,0.9889,2.9786,-3.1681,-0.7792,0,0,13.8200
78403,1.5960,21.0960,31.5658,4.2763,2.7993,2.0255,32.3646,16.5280,80.1473,6.1155,85.1934,3.2929,1.8892,-1.8513,1.6585,0,0,13.8200
78404,-1.4764,43.7522,17.3659,0.5573,3.2747,1.1113,32.3662,16.9570,80.0992,14.1191,85.1635,7.5642,1.9441,-1.7425,-0.3723,0,0,13.8200
78405,8.0680,22.6136,18.9021,-0.0073,1.7161,0.7536,32.3619,13.2360,80.0329,-6.7818,85.1158,2.5446,3.9466,-0.2851,0.5048,0,0,13.8200
78406,-0.4955,20.6554,17.8524,6.6053,-1.9039,1.0979,32.3601,14.4450,79.9608,-2.9201,85.1796,2.7245,7.4400,-0.8354,2.0474,0,0,13.8200
78407,8.8670,13.6800,22.2278,-1.4579,0.5327,0.7260,32.3593,17.4916,79.8819,-17.5336,85.0998,0.6921,7.4907,0.9558,0.3488,0,0,13.8200
78408,3.4886,14.7781,12.7043,1.2388,-1.9027,1.1990,32.3624,11.9452,79.8077,-1.7082,85.0528,2.0537,2.9692,0.9469,2.4630,0,0,13.8200
78409,3.7489,20.9903,12.6638,-2.7517,-1.2298,1.3251,32.3597,20.3120,79.7166,-7.3091,85.0537,2.1636,6.2554,-1.4309,1.4556,0,0,13.8200
78410,4.4700,19.6830,26.1649,0.2719,2.8366,1.4389,32.3770,10.2928,79.6420,3.4470,85.0690,3.4933,7.8299,1.2229,-0.7592,0,0,13.8200
78411,1.2201,23.9059,15.5355,-1.2373,2.2928,1.8139,32.3859,38.0136,79.5317,-4.1447,85.0640,2.0859,4.4018,-0.2101,3.2265,0,0,13.8200
78412,-1.6182,21.7195,18.6874,-1.4278,0.6619,0.9115,32.4143,19.7639,79.4222,-9.1471,85.0775,1.5053,2.4029,-4.7017,2.1912,0,0,13.8200
78413,1.5366,16.8576,21.2170,-0.9922,0.7441,1.1204,32.4244,14.9603,79.2965,-0.8766,85.0575,0.8624,2.5818,-1.4333,-1.0378,0,0,13.8200
78414,0.1972,13.0409,12.1258,-0.7626,-1.6924,0.7176,32.4300,34.9502,79.2010,-11.6124,85.0751,1.0659,5.6485,-0.5433,-1.2152,0,0,13.8200
78415,-2.8925,15.7555,7.3527,0.9493,1.4185,0.8781,32.4438,17.3175,79.1020,-5.6814,85.0426,0.8484,6.5131,-3.6440,2.6486,0,0,13.8200
78416,6.9972,18.0282,15.0066,5.5109,6.4955,1.5474,32.4415,9.6343,78.9958,-12.8559,85.0693,11.1406,3.9321,-3.5420,-0.3451,0,0,13.8200
78417,5.6091,20.1765,13.5956,0.9748,-0.1009,1.3944,32.4431,12.2477,78.8872,-3.9200,85.0621,10.7215,1.8304,1.4020,4.8697,0,0,13.8200
78418,1.2732,19.8736,14.4429,1.8948,2.3085,1.6295,32.4471,38.9574,78.7680,-12.6727,85.0681,16.3024,5.9458,-0.6059,1.2203,0,0,13.8200
78419,-1.6470,18.4729,17.0687,4.1795,2.6959,0.6896,32.4429,12.9176,78.6451,-6.7378,84.9784,16.8344,8.9913,2.9114,1.7271,0,0,13.8200
78420,-0.7812,18.4695,4.9279,-2.2977,3.5036,0.5527,32.4460,15.2917,78.5059,-5.8955,85.0449,13.3186,10.0741,-1.2203,0.0973,0,0,13.8200
78421,2.1842,19.0960,20.9282,2.4208,0.7346,2.4015,32.4455,19.6678,78.3906,-6.0001,84.9927,11.7526,9.5962,-0.0931,-1.4496,0,0,13.8200
78422,1.2681,31.1090,21.4127,-1.1419,-5.3086,2.9180,32.4492,43.6178,78.2636,-6.2945,85.0215,2.4388,7.6207,-3.6525,-0.3720,0,0,13.8200
78423,-1.1101,17.7964,9.8022,0.5626,2.2454,1.7643,32.4522,16.1253,78.1577,-17.2201,84.9895,2.7277,3.0322,0.3085,2.2377,0,0,13.8200
78424,-2.9324,14.7564,21.0896,-0.2506,2.1797,0.7475,32.4530,27.6848,78.0677,-10.6040,85.0474,1.7614,5.6990,-1.1258,-2.0181,0,0,13.8200
78425,5.1173,20.8837,6.5390,-0.7087,1.3509,1.3762,32.4600,23.3789,77.9894,-2.0197,85.0151,3.2149,3.3849,-0.3181,1.5315,0,0,13.8200
78426,3.9696,24.6332,7.3623,1.9375,2.0442,1.8486,32.4639,10.0254,77.9073,6.0021,85.0365,1.9906,2.9850,-2.8640,-1.5378,0,0,13.8200
78427,0.5308,16.5449,8.4922,2.8458,1.7420,0.4470,32.4679,13.2933,77.8305,-15.1554,85.0468,2.7972,2.8641,1.0509,1.5567,0,0,13.8200
78428,-2.9273,15.2021,8.6162,0.8190,3.0401,0.8139,32.4808,13.4834,77.7444,-15.0876,85.0595,3.5892,1.4746,-0.7750,3.2504,0,0,13.8200
78429,8.8270,16.9456,1.3678,-1.6699,1.8915,0.9081,32.5005,14.5951,77.6831,-12.7229,85.0787,2.9800,3.4577,-2.6723,0.8350,0,0,13.8200
78430,10.9269,18.7722,5.4090,3.1282,3.1714,0.5359,32.5095,7.8144,77.6247,-1.4089,85.0458,1.1673,7.5922,2.4279,0.0882,0,0,13.8200
78431,-6.1795,10.8027,0.1829,4.1731,-0.1331,0.7901,32.5202,8.6574,77.5733,-5.1640,84.9893,0.5620,5.0016,-1.9641,2.0862,0,0,13.8200
78432,-0.6073,16.5403,9.2921,-0.4735,-4.7693,0.5078,32.5293,15.7600,77.5377,-25.6647,84.9791,3.1719,1.5902,-3.7139,-3.9174,0,0,13.8200
78433,3.3556,22.0501,7.2356,4.4362,2.9313,0.9383,32.5279,13.8766,77.5139,-20.4193,84.9821,1.4563,1.3747,-1.4473,1.6184,0,0,13.8200
78434,-3.2249,15.0104,5.0277,-5.1875,4.0307,0.4291,32.5293,9.0295,77.5025,-6.9852,85.0215,0.7112,3.4391,-1.3044,2.5105,0,0,13.8200
78435,-1.2018,19.2810,9.1520,-0.3229,3.1293,1.2048,32.5280,18.5168,77.4943,-1.6734,84.9497,0.5635,8.3735,1.6395,-0.5511,0,0,13.8200
78436,2.6818,13.6396,14.8788,0.4786,3.0997,1.0726,32.5284,17.9143,77.4924,53.9285,84.9142,0.6832,9.5052,-0.7880,2.0005,0,0,13.8200
78437,1.5479,21.5142,14.9076,0.9989,0.5485,0.8274,32.5363,8.4097,77.4985,-8.6575,84.9391,2.1757,8.2947,1.5410,-1.8952,0,0,13.8200
78438,16.2706,18.1949,4.0618,2.6805,1.5915,1.2857,32.5411,9.9190,77.5096,-13.6850,84.9074,1.6461,7.4843,-1.1291,1.1377,0,0,13.8200
78439,4.3597,16.1075,15.4016,-0.9487,-0.8050,1.9782,32.5468,20.2189,77.5415,-16.4197,84.8998,0.8937,6.5426,2.5563,-0.9100,0,0,13.8200
78440,-0.4048,15.0730,9.8407,-2.7976,-1.9762,2.4695,32.5468,13.9162,77.6034,-17.1947,84.9055,0.8317,2.9566,-1.1930,2.6491,0,0,13.8200
78441,1.5565,17.5470,14.5151,2.0788,4.8144,2.1132,32.5516,15.6519,77.6897,-18.4662,84.8467,0.9679,2.3812,-5.9936,1.7467,0,0,13.8200
78442,-0.6011,14.1626,11.5528,-1.8822,-4.2190,0.8288,32.5545,29.0817,77.7709,5.2001,84.8411,1.0484,3.9233,2.2184,1.4864,0,0,13.8200
78443,1.3760,14.1122,10.5340,1.4890,2.2369,2.1159,32.5701,19.6609,77.8565,2.9667,84.8327,0.9435,3.8316,-1.4872,0.5285,0,0,13.8200
78444,2.9753,16.2760,16.3066,-1.2426,0.0261,1.0296,32.5700,43.7192,77.9574,-7.0629,84.8027,4.3363,3.9269,-1.2922,-3.3578,0,0,13.8200
78445,7.2926,25.5663,14.1749,2.5219,-0.8162,1.3167,32.5738,14.2472,78.0645,-2.5850,84.8250,3.2677,4.3757,1.7833,4.3398,0,0,13.8200
78446,6.1766,21.1175,22.4695,-0.5128,-1.2069,0.9539,32.5777,14.4035,78.1842,-19.6536,84.7954,1.0835,4.2564,1.8049,-2.7744,0,0,13.8200
78447,4.6756,32.4802,42.6664,-0.4764,4.0670,0.5407,32.5787,26.0943,78.2859,-8.2664,84.8111,2.5892,4.9432,0.9678,-0.4533,0,0,13.8200
78448,5.7502,27.3012,18.5540,3.0264,-0.3092,0.7549,32.5814,24.3773,78.3863,-10.5094,84.7445,0.8256,1.9823,-1.7426,2.3611,0,0,13.8200
78449,-0.4888,17.0584,15.9818,-1.1017,-1.3371,1.3706,32.5804,17.8387,78.4940,-12.9655,84.7297,1.5241,3.0950,-2.6702,2.9116,0,0,13.8200
78450,3.9970,17.7647,14.5841,1.9609,-2.3701,1.4107,32.5830,14.2729,78.6026,-14.7493,84.7388,0.8521,3.2853,-0.6082,2.4672,0,0,13.8200
78451,0.3400,11.6684,8.3130,0.9934,0.4051,1.4830,32.6067,15.9167,78.7132,-24.4573,84.7620,1.3065,2.3042,-0.8470,-1.6204,0,0,13.8200
78452,-3.8823,13.7257,-1.2255,-2.9739,1.1991,1.8128,32.6102,11.0561,78.8277,-22.3721,84.7579,6.5592,1.9427,-0.1007,0.3379,0,0,13.8200
78453,-4.8040,10.5631,3.0190,3.3622,-2.3806,0.7926,32.6124,7.7948,78.9267,-15.9788,84.7397,1.4728,2.2299,0.9912,-0.2011,0,0,13.8200
78454,-4.3504,16.5225,0.9705,-2.4158,1.4829,0.7796,32.6162,12.2785,79.0307,-21.5994,84.7441,0.6733,7.6131,1.4557,3.1558,0,0,13.8200
78455,7.3658,17.9729,1.5094,3.4451,0.2553,3.4994,32.6408,10.9383,79.1066,-24.9082,84.7345,0.8571,7.9677,-2.9132,-1.2323,0,0,13.8200
78456,8.8440,22.1426,6.8446,1.4633,-0.1511,3.9299,32.6468,6.9911,79.1967,-23.1194,84.6818,1.0442,11.1151,-3.1466,3.6624,0,0,13.8200
78457,-3.2800,33.5407,17.5220,1.9444,5.0179,0.8294,32.6579,9.3681,79.2737,-20.9030,84.6913,3.7987,1.0899,1.7477,2.4567,0,0,13.8200
78458,-1.0006,21.3547,8.4348,-0.2279,0.7119,1.0680,32.6816,12.7329,79.3509,-11.4829,84.7336,1.4737,1.1151,-1.1222,0.1271,0,0,13.8200
78459,-1.4832,31.2255,13.6732,2.0948,1.7530,1.3011,32.6855,13.6555,79.4147,-12.4639,84.7405,2.9942,0.7873,-1.4521,0.3668,0,0,13.8200
78460,4.7547,20.3311,22.4381,3.9098,1.1549,1.6237,32.6841,11.7694,79.4522,-19.6937,84.7291,3.0424,1.2377,0.3223,-1.7817,0,0,13.8200
78461,-1.1293,12.3206,1.6209,-1.4405,3.1075,1.5700,32.6876,8.5764,79.4838,-13.4700,84.6680,1.0262,3.2154,-2.2140,3.4011,0,0,13.8200
78462,-2.1330,19.6660,9.9568,6.1192,-2.4090,1.1356,32.6953,7.0538,79.5044,-13.7693,84.6432,12.5939,6.8294,-2.5625,-0.6223,0,0,13.8200
78463,-1.1389,14.7360,8.3289,-0.9275,4.3102,0.9711,32.7094,8.8614,79.5171,-14.6369,84.6191,16.5485,7.3639,1.8237,0.8357,0,0,13.8200
78464,-3.5111,12.6597,5.8011,-2.0612,-0.9357,0.8377,32.7282,10.1931,79.5318,-19.2738,84.6259,2.4600,3.0580,-3.0628,0.0082,0,0,13.8200
78465,-4.7602,12.4451,11.0741,-1.5904,1.8910,1.3797,32.7333,7.8525,79.5449,-10.4383,84.6690,2.5799,3.2657,-5.3140,-1.4666,0,0,13.8200
78466,-2.9232,12.5640,5.2737,-2.4216,-0.4066,0.7731,32.7390,19.9579,79.5488,-13.3484,84.6396,1.0502,1.9971,-1.6455,0.4046,0,0,13.8200
78467,-0.4367,15.4901,2.4280,-3.2263,0.9011,0.9021,32.7428,9.4610,79.5504,0.5062,84.6477,0.6811,1.9969,-9999.0000,0.7221,0,0,13.8200
78468,-3.9499,10.3448,-1.6046,-5.4376,-0.7715,1.5872,32.7457,11.1404,79.5409,-21.1427,84.5828,0.7371,2.6707,-9999.0000,-0.8477,0,0,13.8200
78469,-3.1685,16.2361,9.1083,7.7848,0.9732,1.3869,32.7535,8.8551,79.5301,-24.0134,84.5742,5.6147,2.4086,-9999.0000,5.3810,0,0,13.8200
78470,-2.5964,12.6190,4.0041,-2.6093,3.3596,0.9061,32.7600,12.1443,79.5013,-5.6896,84.5307,7.2157,3.7824,-9999.0000,1.7335,0,0,13.8200
78471,0.2938,15.5819,3.0819,4.1711,0.2135,1.1431,32.7707,8.6354,79.4637,-16.7487,84.5351,10.0349,5.7565,-9999.0000,-0.5102,0,0,13.8200
78472,3.2268,15.7672,5.4088,-2.1508,3.3848,1.8340,32.7766,24.1192,79.4089,-16.1488,84.4872,5.0184,2.6037,-9999.0000,-0.4879,0,0,13.8200
78473,-1.4293,18.4090,9.9008,0.2716,-0.0169,1.9949,32.7919,24.7933,79.3337,-19.9166,84.5115,1.3459,1.7325,-9999.0000,-0.9743,0,0,13.8200
78474,-1.7543,24.2391,17.8376,-1.2061,-0.5273,0.5781,32.8125,18.9433,79.2776,5.7248,84.4163,3.9651,0.9322,-9999.0000,0.7992,0,0,13.8200
78475,-2.5952,19.2749,3.1972,6.3532,-0.4637,0.5657,32.8297,24.2609,79.2012,3.6652,84.3763,6.0611,0.7514,-9999.0000,-1.5092,0,0,13.8200
78476,-1.6455,18.8169,8.0976,-9999.0000,4.9140,0.7662,32.8276,12.6432,79.1300,-7.4135,84.3923,1.8180,0.6627,-9999.0000,0.1291,0,0,13.8200
78477,-1.9934,16.2131,-0.5708,-9999.0000,0.3882,0.6318,32.8299,9.0545,79.0490,-19.4886,84.4258,0.5634,1.3371,-9999.0000,0.7481,0,0,13.8200
78478,3.5666,15.6856,7.6198,-9999.0000,1.5349,1.1375,32.8417,7.7564,78.9657,-9.8562,84.4157,1.0398,2.8071,-9999.0000,2.8501,0,0,13.8200
78479,6.8712,16.5012,7.1264,-9999.0000,-9999.0000,1.4998,32.8531,17.4754,78.8670,-18.6225,84.4434,0.5258,4.0720,-9999.0000,6.6434,0,0,13.8200
78480,1.9154,18.3473,10.1406,-9999.0000,-9999.0000,0.4801,32.8617,16.0386,78.7694,-15.9351,84.4579,2.9781,5.5592,-9999.0000,2.0562,0,0,13.8200
78481,2.9624,13.2438,5.3951,-9999.0000,-9999.0000,0.7397,32.8639,12.7007,78.6672,-16.0523,84.4363,1.3651,6.3581,-9999.0000,0.2276,0,0,13.8200
78482,-2.9754,15.0742,10.7991,-9999.0000,-9999.0000,0.7271,32.8861,11.7990,78.5869,-3.5848,84.4116,1.2312,7.6213,-9999.0000,0.4204,0,0,13.8200
78483,-3.1762,17.2813,12.6626,-9999.0000,-9999.0000,0.8989,32.8898,10.5085,78.4941,-18.6777,84.4250,2.0809,7.8166,-9999.0000,-0.2751,0,0,13.8200
78484,1.5422,16.3144,6.4191,-9999.0000,-9999.0000,1.2047,32.8940,11.2674,78.3808,-2.5808,84.4487,7.4997,2.6772,-9999.0000,-0.2262,0,0,13.8200
78485,-2.7718,19.7143,11.8021,-9999.0000,-9999.0000,0.5134,32.9072,14.2681,78.2676,-7.4869,84.4558,20.2883,6.5272,-9999.0000,-1.6646,0,0,13.8200
78486,-3.0785,24.8176,10.3384,-9999.0000,-9999.0000,0.7913,32.9169,20.0692,78.1690,-17.8235,84.4194,2.7953,10.6218,-9999.0000,-0.0186,0,0,13.8200
78487,0.2275,11.5183,-0.3390,-9999.0000,-9999.0000,0.8532,32.9268,14.8743,78.0900,-24.1175,84.3984,1.5808,7.7726,-9999.0000,7.8938,0,0,13.8200
78488,13.1994,18.4299,12.2082,-9999.0000,-9999.0000,0.5066,32.9232,14.0884,78.0305,-21.6196,84.3662,4.4780,2.9022,-9999.0000,2.1864,0,0,13.8200
78489,-2.7248,13.4015,5.0814,-9999.0000,-9999.0000,0.5337,32.9247,16.5764,77.9732,-13.8450,84.3839,1.0770,1.3586,-9999.0000,3.0016,0,0,13.8200
78490,-2.2061,14.6172,0.4727,-9999.0000,-9999.0000,0.7204,32.9343,10.5697,77.9369,-11.1370,84.4226,0.9207,2.1703,-9999.0000,3.2886,0,0,13.8200
78491,-4.5269,16.5315,3.9712,-9999.0000,-9999.0000,1.4200,32.9340,12.7671,77.8899,-14.6716,84.4181,1.6789,3.6428,-9999.0000,3.1720,0,0,13.8200
78492,-2.5508,18.4298,10.7398,-9999.0000,-9999.0000,2.9530,32.9339,11.4302,77.8498,-13.6106,84.3815,1.8592,3.8421,-9999.0000,-1.8786,0,0,13.8200
78493,-3.8351,15.3091,10.6648,-9999.0000,-9999.0000,2.2432,32.9406,6.8456,77.8243,-17.0446,84.3237,2.7482,5.1110,-9999.0000,0.1981,0,0,13.8200
78494,11.8425,22.0053,18.1118,-9999.0000,-9999.0000,1.8650,32.9468,13.4026,77.8036,-13.5468,84.3929,4.1961,6.8985,-9999.0000,3.1288,0,0,13.8200
78495,3.1363,33.3336,19.1279,-9999.0000,-9999.0000,1.8867,32.9615,16.7555,77.7982,-21.3265,84.3923,3.5805,7.8088,-9999.0000,2.7483,0,0,13.8200
78496,2.6676,32.5183,36.5909,-9999.0000,-9999.0000,3.0892,32.9806,34.8470,77.7962,-5.5814,84.3089,6.8373,11.1305,-9999.0000,2.4521,0,0,13.8200
78497,7.5300,42.3288,42.9109,-9999.0000,-9999.0000,5.4909,32.9833,19.1337,77.7952,21.4884,84.3103,6.7285,17.5454,-9999.0000,1.5321,0,0,13.8200
78498,13.2343,43.3521,71.1123,-9999.0000,-9999.0000,7.2905,32.9898,29.5206,77.8027,20.2453,84.3242,7.9708,18.8112,-9999.0000,2.8313,0,0,13.8200
78499,25.4256,56.9149,95.4885,-9999.0000,-9999.0000,7.6570,32.9917,49.6415,77.8307,37.2174,84.3082,11.0101,22.3734,-9999.0000,3.1916,0,0,13.8200
78500,40.1025,73.7008,112.1769,-9999.0000,-9999.0000,7.4355,32.9997,36.8286,77.8758,23.0715,84.2516,10.1403,21.3180,-9999.0000,10.6341,0,0,13.8200
78501,17.0368,46.9668,77.3039,-9999.0000,-9999.0000,11.8271,33.0117,37.9022,77.9469,22.5232,84.2583,9.1123,24.9052,-9999.0000,12.5118,0,0,13.8200
78502,20.5476,61.3581,119.1911,-9999.0000,9.8010,15.2786,33.0182,59.5984,78.0192,23.6352,84.2291,18.2285,41.0381,-9999.0000,16.9937,0,0,13.8200
78503,80.6005,151.6214,238.4483,-9999.0000,17.6940,24.2182,33.0217,112.0731,78.0994,67.5800,84.2700,23.7496,57.8348,-9999.0000,26.5313,0,0,13.8200
78504,142.1365,273.4256,414.6505,-9999.0000,18.9717,26.9078,33.0269,125.8731,78.1680,156.1186,84.2548,40.7334,66.1781,-9999.0000,24.0946,0,0,13.8200
78505,173.5225,300.1192,510.5603,-9999.0000,15.7970,30.1653,33.0398,183.7782,78.2394,195.6214,84.2242,32.3729,75.9316,-9999.0000,30.6742,0,0,13.8200
78506,155.0943,290.1483,493.5445,-9999.0000,17.1615,28.9800,33.0360,206.9957,78.3319,289.8960,84.2019,34.0685,78.8588,-9999.0000,33.7277,0,0,13.8200
78507,132.8710,279.1570,490.4179,-9999.0000,16.2710,28.1328,33.0436,161.4852,78.4322,211.3705,84.1611,38.0858,82.2367,-9999.0000,34.5406,0,0,13.8200
78508,121.2215,227.8746,430.8913,-9999.0000,22.6656,26.4607,33.0476,149.8411,78.5376,189.0597,84.1664,36.7008,82.7063,-9999.0000,32.1913,0,0,13.8200
78509,90.5046,180.1798,325.7953,-9999.0000,19.4715,21.7588,33.0501,205.1917,78.6292,166.0363,84.1528,32.8988,77.9384,-9999.0000,33.5020,0,0,13.8200
78510,77.3068,136.9216,282.2489,-9999.0000,13.7028,22.1354,33.0507,121.1404,78.7324,128.9116,84.1547,29.2716,79.3397,-9999.0000,27.1283,0,0,13.8200
78511,74.2396,159.7791,276.0517,-9999.0000,13.7910,22.3565,33.0703,110.7180,78.8235,132.3764,84.1120,32.2625,81.3610,-9999.0000,26.0935,0,0,13.8200
78512,89.4213,184.1689,327.8487,-9999.0000,14.8509,24.2075,33.1143,161.8316,78.9147,173.3352,84.0951,37.0020,77.0988,-9999.0000,26.6576,0,0,13.8200
78513,114.1009,207.3030,349.3887,-9999.0000,13.7224,24.0028,33.1329,161.4725,78.9834,204.6284,84.0939,40.6248,74.7039,-9999.0000,28.7796,0,0,13.8200
78514,121.9684,196.2595,359.0989,-9999.0000,12.6397,24.1757,33.1375,149.8202,79.0696,213.3435,84.1249,31.1629,74.8088,-9999.0000,27.8946,0,0,13.8200
