Data/Raw/WAGNER,NICK/firexaq-AOP-optical_DC8_20190808_R1.ict
51, 1001
Wagner, Nicholas L.
NOAA Earth System Research Laboratory
NOAA AOP instrument
FIREX-AQ
1, 1
2019, 08, 08, 2020, 04, 27
1
Time_start, seconds_past_midnight, seconds from midnight
18
1, 1, 1, 1, 1, 1, 1, 1, 1, 1, 1, 1, 1, 1, 1, 1, 1, 1
-9999, -9999, -9999, -9999, -9999, -9999, -9999, -9999, -9999, -9999, -9999, -9999, -9999, -9999, -9999, -9999, -9999, -9999
ext_dry_664, Mm-1, AerOpt_Extinction_InSitu_RHd_red_Total_PM2.5_STP
ext_dry_532, Mm-1, AerOpt_Extinction_InSitu_RHd_green_Total_PM2.5_STP
ext_dry_405, Mm-1, AerOpt_Extinction_InSitu_RHd_blue_Total_PM2.5_STP
abs_dry_664, Mm-1, AerOpt_Absorption_InSitu_RHd_red_Total_PM2.5_STP
abs_dry_532, Mm-1, AerOpt_Absorption_InSitu_RHd_green_Total_PM2.5_STP
abs_dry_405, Mm-1, AerOpt_Absorption_InSitu_RHd_blue_Total_PM2.5_STP
AOP_RH_dry, pct, Relative_humidity_of_dry_RH_channels
ext_medRH_664, Mm-1, AerOpt_Extinction_InSitu_RH80_red_Total_PM2.5_STP
AOP_RH_med, pct, Relative_humidity_of_medium_RH_channel
ext_highRH_664, Mm-1, AerOpt_Extinction_InSitu_RH85_red_Total_PM2.5_STP
AOP_RH_high, pct, Relative_humidity_of_high_RH_channel
ext_TD_664, Mm-1, AerOpt_ExtinctionTD_InSitu_RHd_blue_Total_PM2.5_STP
ext_TD_405, Mm-1, AerOpt_ExtinctionTD_InSitu_RHd_red_Total_PM2.5_STP
abs_TD_664, Mm-1, AerOpt_Absorption_InSitu_RHd_red_Total_PM2.5_STP
abs_TD_405, Mm-1, AerOpt_Absorption_InSitu_RHd_blue_Total_PM2.5_STP
AOP_TD_bypass_flag, pct, Flag_for_TD_Bypass_valve
AOP_filter_flag, pct, Flag_for_Filter_Valve
AOP_Dilution_ratio, pct, Applied_Dilution_Ratio_for_ext_channels
1
A DAQ cable became loose at 12:30 UTC during this flight. AOP collected not data after this point.
18
PI_CONTACT_INFO: Address: NOAA ESRL Chemical Sciences Division, R/CSD2, 325 Broadway, Boulder, CO 80305. Email: nick.wagner@noaa.gov.
PLATFORM: NASA DC8
LOCATION: See the DC8 MetNav file, Based in Boise (BOI) and Salina, KS
ASSOCIATED_DATA: N/A
[...]
DATA_INFO: Mm-1:
UNCERTAINTY: The precision of the extinction measurements varies with aerosol loading and is +/-20% at 10 Mm-1 and +/-5% at 100 Mm-1. The accuracy of the dry measurement is +/-2% and depends on RH for the humidified measurements, +/-5% at 85% RH and +/-15% at 90% RH. For more details, see Langridge et al., Aerosol Science and Technology 45:1305-1318, 2011. Analysis of comparable measurements suggest incomplete mixing in the dilution system. Effective dilution for individual instruments can vary by +/- 30% compared to the reported flow-based dilution estimate. The absorption measurements have a high signal accuracy of 20%. The low signal precision varies with altitude and flight to flight, and is typically less than 10 Mm-1 for 1 second measurements.
ULOD_FLAG: -7777
ULOD_VALUE: N/A
LLOD_FLAG: -8888
LLOD_VALUE: N/A
DM_CONTACT_INFO: Gao Chen
PROJECT_INFO: FIREX-AQ
STIPULATIONS_ON_USE: NASA Data Policy. Contact with PI is encouraged.
OTHER_COMMENTS: N/A
REVISION: R1
R1: Absorption measurements have been corrected for pressure dependent microphone sensitivity. In-cloud data has been removed. R0: Final Data. 
Time_start, ext_dry_664, ext_dry_532, ext_dry_405, abs_dry_664, abs_dry_532, abs_dry_405, AOP_RH_dry, ext_medRH_664, AOP_RH_med, ext_highRH_664, AOP_RH_high, ext_TD_664, ext_TD_405, abs_TD_664, abs_TD_405, AOP_TD_bypass_flag, AOP_filter_flag, AOP_Dilution_ratio
[from data line 9489]
84963,-9999.0000,-9999.0000,-9999.0000,-9999.0000,-9999.0000,8.3521,7.1256,-9999.0000,81.4815,-9999.0000,85.3975,-9999.0000,-9999.0000,-9999.0000,7.9701,1,0,-9999.0000
84964,68.1500,117.8489,163.6062,-9999.0000,-9999.0000,15.2589,7.1194,69.5242,81.3920,92.8172,85.4459,-9999.0000,-9999.0000,-9999.0000,11.3209,1,0,1.0000
84965,89.2029,145.3661,213.2776,-9999.0000,-9999.0000,16.8437,7.1220,86.9833,81.3149,97.0214,85.4800,-9999.0000,-9999.0000,-9999.0000,27.5618,1,0,1.0000
84966,102.4749,161.0898,247.6962,-9999.0000,-9999.0000,17.9774,7.1252,114.0068,81.2392,125.6611,85.5092,-9999.0000,-9999.0000,-9999.0000,19.3765,1,0,1.0000
84967,123.1022,188.9053,281.9980,-9999.0000,-9999.0000,16.6512,7.1214,114.4198,81.1718,129.4775,85.5312,-9999.0000,-9999.0000,-9999.0000,22.2036,1,0,1.0000
84968,128.7494,201.7473,318.0723,-9999.0000,-9999.0000,20.4592,7.1216,140.1982,81.1140,141.7592,85.5449,-9999.0000,-9999.0000,-9999.0000,15.6322,1,0,1.0000
84969,134.7976,212.7616,328.4688,-9999.0000,-9999.0000,23.6096,7.1233,163.0185,81.0672,148.8162,85.5492,-9999.0000,-9999.0000,-9999.0000,30.3191,1,0,1.0000
84970,136.6580,229.0356,349.1042,-9999.0000,-9999.0000,27.5638,7.1247,149.5387,81.0325,157.3990,85.5454,-9999.0000,-9999.0000,-9999.0000,-9999.0000,1,0,1.0000
84971,146.2290,233.7679,373.8372,-9999.0000,-9999.0000,26.1588,7.1234,161.8697,81.0039,172.8307,85.5476,-9999.0000,-9999.0000,-9999.0000,-9999.0000,1,0,1.0000
84972,155.8157,248.1381,391.8852,-9999.0000,-9999.0000,27.2975,7.1251,181.7253,80.9849,171.2545,85.5449,-9999.0000,-9999.0000,-9999.0000,-9999.0000,1,0,1.0000
84973,155.0184,255.8882,407.9180,-9999.0000,-9999.0000,27.6942,7.1254,184.9179,80.9712,167.8816,85.5392,-9999.0000,-9999.0000,-9999.0000,-9999.0000,1,0,1.0000
84974,162.5982,272.3103,429.8572,-9999.0000,-9999.0000,31.6192,7.1195,194.0311,80.9652,174.2550,85.5252,-9999.0000,-9999.0000,-9999.0000,31.7216,1,0,1.0000
84975,166.5714,266.6664,420.7920,-9999.0000,-9999.0000,31.1605,7.1194,186.2668,80.9628,178.2007,85.4965,-9999.0000,-9999.0000,-9999.0000,36.9889,1,0,1.0000
84976,163.9591,255.4616,416.7945,-9999.0000,-9999.0000,31.1459,7.1155,176.4170,80.9684,168.1273,85.4515,-9999.0000,-9999.0000,-9999.0000,45.8776,1,0,1.0000
84977,141.1442,223.2561,360.3677,-9999.0000,-9999.0000,24.6873,7.1193,165.3465,80.9913,154.1313,85.3958,-9999.0000,-9999.0000,-9999.0000,37.7768,1,0,1.0000
84978,119.8276,182.8314,311.3536,-9999.0000,-9999.0000,20.3169,7.1099,143.6616,81.0265,129.3293,85.3231,-9999.0000,-9999.0000,-9999.0000,30.2527,1,0,1.0000
84979,106.4084,155.2056,265.5683,-9999.0000,-9999.0000,16.2309,7.1147,134.9527,81.0656,128.8824,85.2648,-9999.0000,-9999.0000,-9999.0000,33.0250,1,0,1.0000
84980,99.1882,144.5682,240.7504,-9999.0000,-9999.0000,17.8298,7.1209,124.3827,81.1070,120.0160,85.1992,-9999.0000,-9999.0000,-9999.0000,40.3925,1,0,1.0000
84981,99.8234,145.5032,226.8760,-9999.0000,-9999.0000,19.6442,7.1247,105.8304,81.1517,122.6560,85.1418,-9999.0000,-9999.0000,-9999.0000,27.3240,1,0,1.0000
84982,94.6534,142.5083,226.2530,-9999.0000,-9999.0000,14.8142,7.1225,121.4729,81.2229,129.8878,85.0722,-9999.0000,-9999.0000,-9999.0000,22.3533,1,0,1.0000
84983,99.1933,156.1519,242.4781,-9999.0000,-9999.0000,13.3306,7.1228,119.4283,81.2998,121.3980,85.0039,-9999.0000,-9999.0000,-9999.0000,24.3211,1,0,1.0000
84984,102.2525,163.3787,241.9424,-9999.0000,-9999.0000,14.2535,7.1179,118.3546,81.3660,129.3855,84.9432,-9999.0000,-9999.0000,-9999.0000,12.7431,1,0,1.0000
84985,106.3657,164.9671,259.7230,-9999.0000,-9999.0000,18.3346,7.1192,131.7093,81.4240,126.3985,84.8920,-9999.0000,-9999.0000,-9999.0000,12.5775,1,0,1.0000
84986,110.2625,172.1601,261.2409,-9999.0000,-9999.0000,20.0038,7.1152,128.4956,81.4807,130.1729,84.8398,-9999.0000,225.5292,-9999.0000,16.3154,1,0,1.0000
84987,117.4690,186.1821,270.7036,-9999.0000,-9999.0000,19.2407,7.1370,123.9683,81.5321,134.8440,84.8024,-9999.0000,255.1947,-9999.0000,20.6757,1,0,1.0000
84988,115.7436,193.9237,287.6953,-9999.0000,-9999.0000,16.5262,7.1348,137.6738,81.5863,160.6965,84.7768,149.7733,269.9944,-9999.0000,26.3581,1,0,1.0000
84989,120.4679,190.4675,303.8195,-9999.0000,-9999.0000,15.6755,7.1426,146.2895,81.6307,146.4810,84.7531,188.0495,269.7146,-9999.0000,26.7964,1,0,1.0000
84990,134.1830,216.5684,319.0262,-9999.0000,-9999.0000,18.4639,7.1476,150.9760,81.6889,137.9930,84.7203,275.6191,287.8871,-9999.0000,20.1186,1,0,1.0000
84991,147.7878,219.3852,344.8814,-9999.0000,-9999.0000,21.5230,7.1551,149.6105,81.7520,163.8759,84.6993,220.5934,323.2203,-9999.0000,26.1885,1,0,1.0000
84992,142.7301,226.0793,354.4277,-9999.0000,-9999.0000,23.3707,7.1629,163.2621,81.8144,178.0301,84.6879,213.7859,335.4924,-9999.0000,28.0166,1,0,1.0000
84993,157.2938,254.6232,376.0391,-9999.0000,-9999.0000,25.2928,7.1684,175.1586,81.8680,175.5085,84.6797,212.3141,331.2273,-9999.0000,27.1747,1,0,1.0000
84994,167.4506,260.6512,396.9270,-9999.0000,-9999.0000,22.4326,7.1755,214.9466,81.9085,190.0009,84.6680,227.4671,328.4507,-9999.0000,34.8740,1,0,1.0000
84995,168.0171,269.1151,433.7088,-9999.0000,-9999.0000,23.5096,7.1822,208.8337,81.9590,198.2993,84.6616,224.6420,378.0732,-9999.0000,23.4465,1,0,1.0000
84996,170.7341,287.3151,425.0043,-9999.0000,-9999.0000,26.5434,7.1849,210.8887,81.9960,186.2297,84.6542,238.9325,411.2170,-9999.0000,33.0269,1,0,1.0000
84997,185.5339,294.4428,445.9401,-9999.0000,-9999.0000,29.9967,7.1895,201.2746,82.0318,196.2888,84.6451,252.4548,424.4532,-9999.0000,31.8130,1,0,1.0000
84998,189.7274,291.6017,462.0102,-9999.0000,-9999.0000,31.2150,7.1814,207.4094,82.0648,201.8083,84.6433,245.8539,420.2302,-9999.0000,40.0781,1,0,1.0000
84999,191.9721,311.4864,485.7845,-9999.0000,-9999.0000,30.5983,7.1900,224.4444,82.0909,217.3651,84.6415,262.6372,439.0889,-9999.0000,31.1804,1,0,1.0000
85000,198.9149,323.7798,484.6788,-9999.0000,-9999.0000,30.6424,7.1812,218.0641,82.1013,217.1115,84.6434,251.3207,463.1744,-9999.0000,38.0808,1,0,1.0000
85001,215.0944,335.7061,519.6301,-9999.0000,-9999.0000,35.5852,7.1873,232.2902,82.1031,216.2796,84.6414,269.1653,455.4465,14.7810,41.6976,1,0,1.0000
85002,220.6895,363.5168,544.3569,-9999.0000,-9999.0000,36.7509,7.2023,229.9027,82.1090,242.8210,84.6311,282.1045,493.5010,17.1543,44.0208,1,0,1.0000
85003,232.9960,362.1320,561.1861,-9999.0000,-9999.0000,39.0107,7.2106,235.5900,82.1080,264.8784,84.6161,283.7193,525.1368,20.9260,44.0522,1,0,1.0000
85004,237.7843,378.0595,600.4608,-9999.0000,-9999.0000,37.5052,7.2145,259.3406,82.1033,276.0078,84.5798,321.6168,517.4734,22.2865,42.6578,1,0,1.0000
85005,241.5157,382.2054,608.1997,-9999.0000,-9999.0000,36.6884,7.2156,273.0541,82.0724,262.2095,84.5501,326.4958,528.7510,14.3577,44.6759,1,0,1.0000
85006,247.7921,398.7272,602.1697,-9999.0000,-9999.0000,37.0635,7.2219,261.6732,82.0176,270.8863,84.5144,319.0564,541.9509,17.7314,51.4416,1,0,1.0000
85007,249.3877,405.9731,619.4786,-9999.0000,-9999.0000,40.1211,7.2235,268.0500,81.9420,279.3073,84.4785,328.6792,586.4887,24.4678,41.5754,1,0,1.0000
85008,252.2306,440.6151,663.7350,-9999.0000,-9999.0000,45.1143,7.2195,304.3543,81.8459,290.2853,84.4382,340.4597,592.3893,20.4251,43.4252,1,0,1.0000
85009,271.9117,440.8660,687.1279,-9999.0000,-9999.0000,46.8813,7.2180,303.3108,81.7315,298.3238,84.3998,331.0389,605.8334,17.4377,46.3410,1,0,1.0000
85010,268.0906,446.9052,682.0223,-9999.0000,-9999.0000,45.9072,7.2057,307.7931,81.5970,291.9177,84.3632,350.5729,602.4648,19.6669,52.8211,1,0,1.0000
85011,269.1078,439.1246,689.6090,-9999.0000,-9999.0000,44.6882,7.2074,288.2798,81.4541,303.3332,84.3125,358.1363,616.0400,25.9933,52.6361,1,0,1.0000
85012,264.8534,425.8913,668.6968,-9999.0000,-9999.0000,42.7832,7.2024,302.0288,81.2874,275.9134,84.2512,365.2294,635.8073,21.5778,49.0882,1,0,1.0000
85013,253.9816,410.6035,646.4551,20.6240,-9999.0000,40.7645,7.1943,305.9077,81.1167,284.8149,84.2010,335.3171,639.3434,22.7263,52.6348,1,0,1.0000
85014,253.5473,400.4031,634.8642,26.3018,24.9116,41.0142,7.2076,282.9533,80.9363,289.5587,84.1625,316.5937,622.1490,22.9454,51.9254,1,0,1.0000
85015,248.3912,404.9007,648.3589,19.3861,21.6197,39.9606,7.2065,297.3671,80.7418,281.8954,84.1275,323.3466,611.2406,20.8349,50.6236,1,0,1.0000
85016,254.3514,407.2060,645.3759,20.0142,24.1472,45.1995,7.2077,298.3414,80.5497,292.4040,84.0930,343.9223,608.0583,15.5147,50.4931,1,0,1.0000
85017,254.0621,414.8774,646.6982,16.8164,23.4596,42.9586,7.2064,268.8159,80.3407,296.8289,84.0705,340.9852,620.6422,20.3390,63.3503,1,0,1.0000
85018,260.2773,408.5491,659.2278,23.5851,26.3050,42.8817,7.2044,286.6983,80.1590,311.2852,84.0383,346.6150,620.0092,23.4597,64.1346,1,0,1.0000
85019,271.7546,427.8688,683.9737,12.9606,28.5835,43.1984,7.1962,320.4820,79.9587,346.8500,84.0074,346.7321,595.1721,24.5732,56.6726,1,0,1.0000
85020,278.5406,471.6505,728.9300,12.4799,23.7231,44.7086,7.1979,316.6575,79.7917,328.9607,83.9859,384.9432,615.6120,21.2640,59.0931,1,0,1.0000
85021,294.9960,494.6763,763.7810,20.9107,23.6795,51.8163,7.1976,336.1407,79.5944,347.0266,83.9623,389.6772,687.3812,27.7546,64.1958,1,0,1.0000
85022,310.3069,514.4558,797.3775,15.4398,28.6660,53.1155,7.1946,328.2206,79.4281,377.5784,83.9534,406.6457,720.2082,25.3516,64.3534,1,0,1.0000
85023,330.1610,553.9182,841.4133,35.5288,28.7328,55.7423,7.1965,365.2769,79.2450,369.4849,83.9433,440.8141,732.5081,28.5133,61.9277,1,0,1.0000
85024,352.3254,562.4521,882.8873,24.0292,32.5514,56.3670,7.1934,412.2284,79.1022,374.5628,83.9358,468.6471,782.6427,24.4574,68.3000,1,0,1.0000
85025,358.3167,593.5082,921.2057,18.0012,32.1020,60.0077,7.1923,397.9597,78.9669,397.1408,83.9366,443.3082,819.3030,30.0966,72.9897,1,0,1.0000
85026,363.5891,588.5901,943.5729,35.8882,35.2188,57.8491,7.1945,413.7624,78.8724,392.3784,83.9341,447.0679,817.3469,28.9523,77.3346,1,0,1.0000
85027,367.9640,601.6566,945.0488,28.9917,31.1512,64.7405,7.1887,411.2330,78.7810,404.4019,83.9315,459.3643,844.3484,26.1880,74.4386,1,0,1.0000
85028,350.9936,585.7751,919.2566,22.3684,30.8788,64.2490,7.2102,441.0000,78.6937,375.6279,83.9299,452.4761,865.6840,26.4360,81.6384,1,0,1.0000
85029,327.3864,545.8759,866.4782,12.1120,30.8119,58.9059,7.2214,388.4601,78.6219,361.8832,83.9297,414.6795,843.5715,22.2940,78.8660,1,0,1.0000
85030,307.8751,494.5559,788.3467,18.0055,30.3282,49.8418,7.2262,379.9012,78.5562,318.7939,83.9309,357.4557,767.4306,28.0165,75.3093,1,0,1.0000
85031,259.3974,410.2585,676.7183,20.4609,29.9948,50.9188,7.2259,343.1060,78.5264,293.3812,83.9320,347.1480,662.5948,20.8989,64.4930,1,0,1.0000
85032,238.6780,367.2773,610.8097,23.5662,22.6548,45.2050,7.2217,271.6771,78.5030,276.3444,83.9286,315.5993,600.3409,20.0707,56.3018,1,0,1.0000
85033,212.4572,337.2365,559.7727,10.3663,21.0804,43.8284,7.2269,267.3623,78.4901,265.4748,83.9239,282.9423,554.5609,25.6785,64.0051,1,0,1.0000
85034,205.1770,321.1028,510.2039,10.8324,23.0319,39.0342,7.2245,253.5759,78.4785,243.0611,83.9101,293.6585,528.1304,23.5484,54.1877,1,0,1.0000
85035,190.9008,309.3548,497.3871,23.1010,21.0083,35.1700,7.2252,235.1321,78.4726,237.1920,83.8830,280.0329,503.4041,22.0158,56.4991,1,0,1.0000
85036,204.9947,308.7867,481.7058,11.6941,27.8548,31.9124,7.2211,230.5259,78.4767,231.2739,83.8460,263.0276,502.1469,23.5550,44.5467,1,0,1.0000
85037,182.2165,294.9097,466.3749,19.6836,24.6128,31.7670,7.2156,231.4612,78.4892,243.8515,83.8146,267.9499,496.6419,22.9957,42.8306,1,0,1.0000
85038,190.3685,300.7957,485.5439,18.7501,15.7648,35.4364,7.2172,241.1778,78.5310,246.5627,83.7784,258.2856,467.1592,22.2097,37.3208,1,0,1.0000
85039,206.1030,316.8346,500.0593,20.1497,23.6500,37.3727,7.2176,226.0081,78.5911,219.2032,83.7510,267.8878,471.2706,17.3509,42.0112,1,0,1.0000
85040,198.6986,320.3101,496.9183,11.8829,24.2639,33.9572,7.2291,244.9748,78.6572,224.3344,83.7162,302.5531,484.7601,14.5726,33.0705,1,0,1.0000
85041,208.3065,315.0523,500.4460,18.2745,18.9434,34.1170,7.2266,242.2764,78.7467,240.3372,83.6816,289.3271,464.5367,14.3849,39.4623,1,0,1.0000
85042,198.4503,339.9895,506.3231,8.0002,22.4081,31.5363,7.2309,234.9585,78.8467,235.1525,83.6438,282.2769,464.1999,21.7489,41.1374,1,0,1.0000
85043,208.8852,332.8091,520.1398,17.3466,22.6376,36.3062,7.2502,247.2503,78.9508,257.0706,83.6057,293.1657,502.3534,19.9632,39.8554,1,0,1.0000
85044,224.5624,353.7606,536.4201,21.2387,29.2926,42.0551,7.2496,259.6676,79.0541,264.3968,83.5773,290.2033,510.4738,22.1180,46.5084,1,0,1.0000
85045,239.4644,378.8224,559.1171,23.2559,22.8843,37.2052,7.2495,269.4141,79.1811,275.3110,83.5536,308.0922,529.3204,21.1391,45.5470,1,0,1.0000
85046,245.1165,414.8256,622.1973,12.4028,23.2418,38.5195,7.2491,290.0946,79.2950,298.8332,83.5366,319.3947,564.1590,21.8057,46.2390,1,0,1.0000
85047,267.6373,423.7697,670.7562,21.0494,27.5272,43.7287,7.2488,312.5062,79.4026,303.8098,83.5255,341.3399,590.0328,19.9225,55.0533,1,0,1.0000
85048,270.4444,438.0546,696.7819,13.2063,39.6691,45.7154,7.2459,306.6719,79.5202,297.9204,83.5152,354.6353,608.5577,21.0264,51.2133,1,0,1.0000
85049,283.5080,447.6337,685.6842,27.0810,34.4268,48.7782,7.2457,315.3357,79.6538,314.6526,83.5115,376.6227,623.0143,18.6963,51.7310,1,0,1.0000
85050,285.0717,467.9413,702.0950,24.2127,34.0008,47.4865,7.2489,322.4245,79.7944,317.9806,83.5023,362.2838,652.5908,26.6071,56.5730,1,0,1.0000
85051,286.6423,463.8901,722.1337,19.6480,31.3894,44.5786,7.2435,336.3452,79.9297,313.3362,83.5000,373.3362,651.7821,25.4379,54.1465,1,0,1.0000
85052,280.4792,480.9804,714.2973,15.4720,34.3866,46.4995,7.2508,343.6736,80.0725,316.0327,83.5030,384.5403,660.5085,25.4227,60.5701,1,0,1.0000
85053,283.0351,473.4753,718.3732,11.6248,30.7553,47.9689,7.2542,349.9624,80.2060,310.7577,83.5034,386.3103,657.6585,-9999.0000,63.0408,1,0,1.0000
85054,281.7310,468.7197,739.8152,12.2156,31.6707,50.5739,7.2541,339.0783,80.3452,315.7925,83.5075,362.0353,651.7888,-9999.0000,65.7310,1,0,1.0000
85055,296.2272,466.8394,738.5059,27.3369,29.0045,48.3144,7.2546,338.7156,80.4742,315.3037,83.5061,365.5949,666.7076,-9999.0000,64.9290,1,0,1.0000
85056,290.5208,476.8255,722.4252,18.1479,31.5046,48.8465,7.2572,352.8897,80.6168,334.3190,83.5116,403.6436,648.0454,-9999.0000,62.1577,1,0,1.0000
85057,293.1556,466.1714,733.1776,15.5771,29.3541,52.1494,7.2621,346.4466,80.7454,331.4963,83.5213,406.9008,651.9426,-9999.0000,58.6558,1,0,1.0000
85058,302.8417,477.0734,753.6818,18.4358,30.3511,49.7422,7.2683,334.6316,80.8629,328.8339,83.5282,387.1488,705.4201,-9999.0000,59.6741,1,0,1.0000
85059,302.4834,500.4241,762.3544,15.2745,34.1001,52.5115,7.2706,363.3687,80.9917,331.4422,83.5271,400.9698,711.6002,-9999.0000,69.3136,1,0,1.0000
85060,312.4338,517.7474,790.0579,13.2771,42.9502,52.2262,7.2765,362.6951,81.0922,354.5931,83.5254,383.8678,708.3188,-9999.0000,68.6030,1,0,1.0000
85061,325.0911,510.4436,778.6888,18.3618,37.1624,51.1385,7.2726,356.8299,81.1926,353.2657,83.5268,405.0600,710.8993,-9999.0000,67.8489,1,0,1.0000
85062,307.2969,503.8847,771.1810,16.5493,37.3018,49.5277,7.2729,364.6812,81.2853,352.9691,83.5205,408.4996,697.2089,-9999.0000,62.8725,1,0,1.0000
85063,306.9856,508.2287,763.9314,16.4671,32.2662,52.5032,7.2737,362.2488,81.3816,357.6417,83.5090,411.9080,718.6688,-9999.0000,64.1343,1,0,1.0000
85064,331.2331,520.3052,776.9401,22.6248,40.1167,57.7096,7.2787,360.7259,81.4638,367.1833,83.4872,402.8304,724.9687,-9999.0000,67.4967,1,0,1.0000
85065,324.0497,522.6683,808.9188,15.3415,36.3347,57.3133,7.2922,380.6404,81.5409,358.2506,83.4658,411.4312,712.4633,27.3217,62.1938,1,0,1.0000
85066,343.8841,542.4147,826.7684,13.8164,37.6411,60.0276,7.3032,380.1675,81.6066,393.0784,83.4403,423.2775,745.4515,36.6982,62.1817,1,0,1.0000
85067,346.4031,575.6219,866.6248,13.1974,39.3563,60.1541,7.2996,391.4442,81.6769,391.9819,83.3970,459.6402,765.1052,29.2243,-9999.0000,1,0,1.0000
85068,354.8543,582.4523,900.9337,22.1405,34.8558,58.8859,7.2955,376.7959,81.7200,406.3375,83.3512,464.0666,804.9676,30.9467,-9999.0000,1,0,1.0000
85069,372.7057,586.8732,955.5063,22.1383,36.6605,63.6764,7.2960,423.3062,81.7479,408.8151,83.3148,472.9844,860.5316,26.9730,-9999.0000,1,0,1.0000
