Data/Raw/WAGNER,NICK/firexaq-AOP-optical_DC8_20190717_R1_L2.ict
51, 1001
Wagner, Nicholas L.
NOAA Earth System Research Laboratory
NOAA AOP instrument
FIREX-AQ
1, 1
2019, 07, 17, 2020, 04, 27
1
Time_start, seconds_past_midnight, seconds from midnight
18
1, 1, 1, 1, 1, 1, 1, 1, 1, 1, 1, 1, 1, 1, 1, 1, 1, 1
-9999, -9999, -9999, -9999, -9999, -9999, -9999, -9999, -9999, -9999, -9999, -9999, -9999, -9999, -9999, -9999, -9999, -9999
ext_dry_664, Mm-1, AerOpt_Extinction_InSitu_RHd_red_Total_PM2.5_STP
ext_dry_532, Mm-1, AerOpt_Extinction_InSitu_RHd_green_Total_PM2.5_STP
ext_dry_405, Mm-1, AerOpt_Extinction_InSitu_RHd_blue_Total_PM2.5_STP
abs_dry_664, Mm-1, AerOpt_Absorption_InSitu_RHd_red_Total_PM2.5_STP
abs_dry_532, Mm-1, AerOpt_Absorption_InSitu_RHd_green_Total_PM2.5_STP
abs_dry_405, Mm-1, AerOpt_Absorption_InSitu_RHd_blue_Total_PM2.5_STP
AOP_RH_dry, pct, Relative_humidity_of_dry_RH_channels
ext_medRH_664, Mm-1, AerOpt_Extinction_InSitu_RH80_red_Total_PM2.5_STP
AOP_RH_med, pct, Relative_humidity_of_medium_RH_channel
ext_highRH_664, Mm-1, AerOpt_Extinction_InSitu_RH85_red_Total_PM2.5_STP
AOP_RH_high, pct, Relative_humidity_of_high_RH_channel
ext_TD_664, Mm-1, AerOpt_ExtinctionTD_InSitu_RHd_blue_Total_PM2.5_STP
ext_TD_405, Mm-1, AerOpt_ExtinctionTD_InSitu_RHd_red_Total_PM2.5_STP
abs_TD_664, Mm-1, AerOpt_Absorption_InSitu_RHd_red_Total_PM2.5_STP
abs_TD_405, Mm-1, AerOpt_Absorption_InSitu_RHd_blue_Total_PM2.5_STP
AOP_TD_bypass_flag, pct, Flag_for_TD_Bypass_valve
AOP_filter_flag, pct, Flag_for_Filter_Valve
AOP_Dilution_ratio, pct, Applied_Dilution_Ratio_for_ext_channels
1
SPECIAL COMMENTS: In-cloud data has not been removed.
18
PI_CONTACT_INFO: Address: NOAA ESRL Chemical Sciences Division, R/CSD2, 325 Broadway, Boulder, CO 80305. Email: nick.wagner@noaa.gov.
PLATFORM: NASA DC8
LOCATION: See the DC8 MetNav file, Based in Boise (BOI) and Salina, KS
ASSOCIATED_DATA: N/A
[...]
DATA_INFO: Mm-1:
UNCERTAINTY: The precision of the extinction measurements varies with aerosol loading and is +/-20% at 10 Mm-1 and +/-5% at 100 Mm-1. The accuracy of the dry measurement is +/-2% and depends on RH for the humidified measurements, +/-5% at 85% RH and +/-15% at 90% RH. For more details, see Langridge et al., Aerosol Science and Technology 45:1305-1318, 2011. Analysis of comparable measurements suggest incomplete mixing in the dilution system. Effective dilution for individual instruments can vary by +/- 30% compared to the reported flow-based dilution estimate. The absorption measurements have a high signal accuracy of 20%. The low signal precision varies with altitude and flight to flight, and is typically less than 10 Mm-1 for 1 second measurements.
ULOD_FLAG: -7777
ULOD_VALUE: N/A
LLOD_FLAG: -8888
LLOD_VALUE: N/A
DM_CONTACT_INFO: Gao Chen
PROJECT_INFO: FIREX-AQ
STIPULATIONS_ON_USE: NASA Data Policy. Contact with PI is encouraged.
OTHER_COMMENTS: N/A
REVISION: R1
R1: Absorption measurements have been corrected for pressure dependent microphone sensitivity. R0: Final Data.
Time_start, ext_dry_664, ext_dry_532, ext_dry_405, abs_dry_664, abs_dry_532, abs_dry_405, AOP_RH_dry, ext_medRH_664, AOP_RH_med, ext_highRH_664, AOP_RH_high, ext_TD_664, ext_TD_405, abs_TD_664, abs_TD_405, AOP_TD_bypass_flag, AOP_filter_flag, AOP_Dilution_ratio
[from data line 4310]
78735,14.2091,13.0770,19.0777,5.4575,1.4969,0.0821,21.2794,29.3356,82.5546,29.6468,87.3873,18.1109,12.3158,-9999.0000,-6.2055,0,0,1.0000
78736,13.2600,14.4989,19.7041,0.6916,-0.3000,3.6622,21.2853,22.7223,82.6899,24.1250,87.3373,5.8281,10.0070,-9999.0000,2.1077,0,0,1.0000
78737,12.0258,14.8271,19.7459,3.7608,-2.1854,-3.2683,21.2857,17.6826,82.8217,19.5865,87.2849,2.3780,6.1861,-9999.0000,0.5022,0,0,1.0000
78738,8.9688,12.9050,17.6837,-2.0035,0.0512,-1.8049,21.2891,26.5654,82.9316,26.8158,87.2296,2.7511,4.9755,-9999.0000,3.4757,0,0,1.0000
78739,11.7334,12.4562,16.2387,12.2664,8.7351,-0.5740,21.2850,38.5206,83.0255,22.3909,87.1728,2.9043,4.5446,-9999.0000,5.8331,0,0,1.0000
78740,10.8603,12.5697,20.7746,3.1923,7.0743,1.0276,21.2819,14.0841,83.0941,20.0290,87.1194,2.4325,5.0268,-9999.0000,4.3702,0,0,1.0000
78741,12.3987,11.6314,15.3283,-0.7817,2.5171,2.4873,21.2836,27.1987,83.1680,30.1729,87.0812,1.4593,5.4162,-9999.0000,3.9703,0,0,1.0000
78742,11.9352,12.7171,13.6756,8.7438,-1.7863,4.5457,21.3004,27.4464,83.2424,31.8661,87.0495,0.9189,6.6904,-9999.0000,-1.0766,0,0,1.0000
78743,10.0553,13.4556,15.6965,-7.5138,1.8431,0.1493,21.3107,37.6674,83.2911,26.4226,87.0222,3.5661,6.7942,-9999.0000,2.5789,0,0,1.0000
78744,12.8008,13.4653,20.6483,-2.5829,-0.7847,-0.3117,21.3165,18.3402,83.3249,22.3269,86.9984,12.2579,7.9654,-9999.0000,-1.1314,0,0,1.0000
78745,8.7347,13.4342,19.7468,14.0848,-3.3311,3.4459,21.3321,26.3014,83.3539,21.9350,86.9778,9.7565,4.2445,-9999.0000,1.1118,0,0,1.0000
78746,8.8178,12.7759,16.3556,22.5959,15.1179,-0.3591,21.3489,24.9575,83.3732,27.2063,86.9592,4.0735,4.8530,-9999.0000,-0.0064,0,0,1.0000
78747,10.0182,14.8908,18.2943,6.9599,1.2750,-3.9871,21.3476,23.9095,83.3816,25.9214,86.9407,3.6860,4.5440,-9999.0000,-1.5700,0,0,1.0000
78748,12.5050,14.2287,21.7799,13.0932,3.8902,-0.2843,21.3430,15.8019,83.3815,25.7662,86.9251,6.0965,4.2632,-9999.0000,4.9654,0,0,1.0000
78749,12.9789,12.2451,20.4392,0.1248,-0.1817,-3.6923,21.3426,13.5420,83.3647,21.7034,86.9125,7.3753,5.1580,-9999.0000,0.7136,0,0,1.0000
78750,11.3439,13.1844,17.0975,4.4428,-1.7100,-0.4059,21.3453,15.5417,83.3030,30.4718,86.9023,3.9950,4.3196,-9999.0000,3.2396,0,0,1.0000
78751,14.3298,12.8042,18.7132,-4.4889,-0.6703,-1.6409,21.3486,25.4280,83.2115,37.2174,86.8933,5.7153,6.5205,-9999.0000,-3.1873,0,0,1.0000
78752,10.2636,13.0367,16.2886,16.2233,0.7245,20.9886,21.3473,32.8836,83.0527,22.2302,86.8814,10.7931,10.4634,-9999.0000,-0.1022,0,0,1.0000
78753,14.3748,13.4599,16.4844,34.8450,1.5334,-1.8509,21.3572,18.3805,82.8945,21.9305,86.8587,12.9168,8.2954,-9999.0000,11.5726,0,0,1.0000
78754,10.0454,15.6872,14.4027,12.9716,2.4095,2.3668,21.3681,25.8445,82.7009,28.1831,86.8244,10.8941,10.9589,-9999.0000,1.4236,0,0,1.0000
78755,15.4598,12.1193,17.6677,13.7019,-3.6085,-1.0379,21.3704,30.4579,82.5268,24.3434,86.8052,5.1638,12.0173,-9999.0000,-0.7344,0,0,1.0000
78756,13.3006,15.2905,17.6076,2.7184,3.4847,1.8156,21.3915,28.8387,82.3167,22.1071,86.7881,14.3883,3.7199,-9999.0000,6.0689,0,0,1.0000
78757,11.5864,12.5326,17.9314,-0.2613,-1.3082,-5.2988,21.4066,48.3905,82.1077,21.1291,86.7672,9.7102,2.2645,-9999.0000,-1.5611,0,0,1.0000
78758,10.6425,11.2347,15.7892,8.1434,1.2558,0.1140,21.4133,26.1925,81.9182,25.2464,86.7450,11.7320,5.0358,-9999.0000,-4.5606,0,0,1.0000
78759,7.6364,16.5381,18.0057,-5.3734,3.2559,-0.7535,21.4163,22.5546,81.7198,42.3583,86.7017,4.7415,4.8783,-9999.0000,3.2605,0,0,1.0000
78760,9.6870,12.4436,22.1791,-1.2850,1.2589,-1.0168,21.4251,16.3335,81.5222,42.3256,86.6627,3.4157,4.7278,-9999.0000,11.2043,0,0,1.0000
78761,10.3186,13.5677,17.9853,13.8011,4.7634,3.2382,21.4464,22.4350,81.3160,35.8441,86.6280,1.9567,5.0706,-9999.0000,-2.1549,0,0,1.0000
78762,13.3870,13.7175,18.3565,0.5930,9.3487,6.7899,21.4544,26.8259,81.1164,20.4538,86.5878,3.6245,11.3768,-9999.0000,1.9920,0,0,1.0000
78763,13.0542,14.7433,16.0992,-2.7226,-2.3698,2.7649,21.4583,15.8872,80.9322,27.1603,86.5332,5.4848,10.4840,-9999.0000,10.9314,0,0,1.0000
78764,9.0873,17.5383,14.8591,8.6712,1.5241,-0.4499,21.4623,19.3071,80.7773,15.7211,86.4784,3.5853,7.2736,-9999.0000,-0.9438,0,0,1.0000
78765,13.9645,14.3634,16.3272,-0.8910,0.1597,6.6349,21.4706,24.5074,80.6277,41.9805,86.4355,2.9837,4.5718,-9999.0000,2.8230,0,0,1.0000
78766,10.4120,12.5340,16.7157,5.1729,2.5981,-1.5668,21.4789,31.9704,80.4959,38.5151,86.3878,2.8331,4.0594,-9999.0000,2.4921,0,0,1.0000
78767,10.5617,14.4241,17.2856,-6.8797,1.7531,1.3652,21.4839,29.4981,80.3707,23.7346,86.3291,8.5172,2.0612,-9999.0000,34.9949,0,0,1.0000
78768,19.2826,13.6345,18.7731,-0.9103,1.7682,3.7071,21.4827,38.6734,80.2760,33.2138,86.2756,4.8582,4.4112,-9999.0000,1.3537,0,0,1.0000
78769,12.8647,14.1811,15.8630,-7.2910,-2.2496,-3.9922,21.4947,17.5213,80.1994,32.9072,86.2368,12.7135,11.1120,-9999.0000,4.3858,0,0,1.0000
78770,12.7613,15.3208,19.4717,6.0957,1.4417,8.6184,21.4953,25.6276,80.1362,30.1830,86.2086,10.1317,9.3730,-9999.0000,0.6464,0,0,1.0000
78771,13.3558,15.2608,22.3178,0.7609,-3.6470,4.2945,21.5014,20.9950,80.0828,33.8045,86.1802,11.8562,8.7577,-9999.0000,1.1373,0,0,1.0000
78772,12.1902,16.7187,17.0914,-6.7740,0.3772,1.2172,21.5182,22.0665,80.0580,26.2454,86.1514,10.8055,11.4049,-9999.0000,-6.8797,0,0,1.0000
78773,11.7389,18.9502,17.0631,-3.7515,2.4214,-1.3428,21.5198,17.5886,80.0397,28.5525,86.1233,7.4689,11.2591,-9999.0000,4.3686,0,0,1.0000
78774,11.1545,13.7135,16.3492,6.7833,-2.2992,-4.2075,21.5290,15.6175,80.0257,20.2157,86.0896,6.3793,17.3707,-9999.0000,-1.3919,0,0,1.0000
78775,11.0520,12.2248,15.6098,4.3149,3.7960,-1.4054,21.5381,21.3827,80.0194,28.0287,86.0723,8.6314,10.4508,-9999.0000,12.4229,0,0,1.0000
78776,10.2376,11.5609,15.5252,-11.9036,-3.8074,3.9749,21.5412,23.2886,80.0231,36.5240,86.0562,7.1653,6.0512,-9999.0000,-3.5308,0,0,1.0000
78777,12.8660,14.1993,14.8713,3.0771,5.3849,0.5579,21.5425,36.4955,80.0390,29.8221,86.0429,10.1652,11.7761,-9999.0000,-1.2780,0,0,1.0000
78778,12.5983,11.7971,16.7682,-3.0528,0.3305,-0.8868,21.5434,21.7088,80.0815,17.8121,86.0348,4.7325,5.3529,-9999.0000,-0.8126,0,0,1.0000
78779,13.1332,14.4642,15.7113,4.4305,-1.4331,-2.1535,21.5412,15.4153,80.1495,25.0444,86.0316,4.2586,8.2957,-9999.0000,-2.4106,0,0,1.0000
78780,7.8327,14.2371,17.5695,1.9580,-1.8341,-0.2065,21.5396,28.7099,80.2292,32.9326,86.0292,8.5312,13.2811,-9999.0000,-1.1307,0,0,1.0000
78781,10.9800,11.5175,15.8230,9.7026,1.1901,-0.3582,21.5397,34.9697,80.3377,34.1451,86.0232,8.4646,16.0490,-9999.0000,0.2365,0,0,1.0000
78782,12.0606,13.2949,19.8813,-6.7510,0.5000,-3.1811,21.5396,31.1920,80.4632,19.7301,86.0184,11.2136,7.2326,-9999.0000,-3.0805,0,0,1.0000
78783,7.9741,12.5936,15.5923,1.7380,3.8587,-3.1906,21.5377,36.9075,80.5867,27.4014,86.0122,30.9659,4.5829,-9999.0000,1.8709,0,0,1.0000
78784,9.1895,13.1428,16.3286,4.0919,3.3418,-2.1833,21.5365,25.0078,80.7268,24.9837,86.0012,19.7268,7.4278,-9999.0000,2.1854,0,0,1.0000
78785,12.1065,11.3602,14.7364,-2.6818,2.4861,-2.7057,21.5307,35.6187,80.8809,19.2808,85.9839,20.9034,17.5694,-9999.0000,2.6191,0,0,1.0000
78786,9.8765,13.9589,15.6423,0.2872,-0.9136,-2.5262,21.5379,20.8843,81.0582,19.7094,85.9696,6.2893,13.1670,-9999.0000,-1.4464,0,0,1.0000
78787,9.7017,13.8903,17.5025,-4.4256,2.7341,2.9707,21.5543,27.2494,81.2330,25.7005,85.9361,13.9939,7.7381,-9999.0000,-0.1633,0,0,1.0000
78788,10.2720,11.2034,15.8114,3.6613,-1.2823,0.6836,21.5686,24.0222,81.4107,25.7748,85.8981,26.2675,8.3230,-9999.0000,-2.7097,0,0,1.0000
78789,8.9364,11.9781,17.1926,-1.9869,-4.1179,-4.0080,21.5681,39.7706,81.5950,29.8689,85.8576,6.5105,8.3026,-9999.0000,2.4330,0,0,1.0000
78790,11.8901,13.7092,15.9025,3.0722,0.0385,2.1082,21.5711,66.3465,81.7569,26.8947,85.8235,12.8219,7.9643,-9999.0000,-0.1688,0,0,1.0000
78791,10.0509,11.2547,16.0711,8.2884,8.0849,5.9284,21.5740,31.5371,81.9301,19.6531,85.7832,28.3941,6.0405,-9999.0000,1.1449,0,0,1.0000
78792,10.9026,14.6969,18.0815,-1.7193,-0.3317,6.5163,21.5730,27.6978,82.1033,27.3639,85.7390,9.0377,4.1581,-9999.0000,0.1846,0,0,1.0000
78793,13.1864,13.7775,19.6385,-5.5943,-0.7684,-0.9362,21.5756,14.6011,82.2730,22.5163,85.6950,22.1673,4.4733,-9999.0000,7.3212,0,0,1.0000
78794,9.1132,14.2460,17.3403,7.2452,4.8005,-1.1882,21.5841,24.5217,82.4385,17.4209,85.6579,15.2407,8.1742,-9999.0000,4.0208,0,0,1.0000
78795,9.1935,10.1616,17.8879,1.9270,-1.2246,5.4991,21.5883,21.9768,82.5975,23.3336,85.6305,3.8782,8.9370,-9999.0000,-6.3205,0,0,1.0000
78796,13.1076,13.2866,15.4739,0.0476,0.6333,4.6134,21.6066,23.9163,82.7662,25.1007,85.6100,6.6142,6.5376,-9999.0000,-3.5537,0,0,1.0000
78797,11.8987,12.1143,16.0373,8.0053,3.5239,1.0266,21.6100,19.9332,82.9369,23.7221,85.5936,5.9043,7.9194,-9999.0000,-4.0710,0,0,1.0000
78798,11.1183,13.3127,16.3712,6.4962,0.3331,0.4315,21.6161,33.0099,83.1104,20.4361,85.5855,6.4019,12.7967,-9999.0000,-0.6404,0,0,1.0000
78799,10.9102,12.1556,19.2981,3.8350,-0.5036,-0.7837,21.6338,21.7696,83.2773,30.0247,85.5842,7.0752,9.6822,-9999.0000,-1.6083,0,0,1.0000
78800,10.1264,14.4956,16.4514,0.7316,-3.6033,-4.4392,21.6494,26.8307,83.4245,23.5075,85.5868,22.7038,3.3887,-9999.0000,5.9056,0,0,1.0000
78801,13.0130,14.3773,16.2536,7.0980,-0.8530,-0.9866,21.6516,22.0540,83.5609,26.0649,85.5850,43.4397,3.1178,-9999.0000,-4.1072,0,0,1.0000
78802,9.0243,15.5005,18.6279,5.2622,1.4859,2.2271,21.6828,20.9365,83.6864,23.7181,85.5880,20.6598,2.8612,-9999.0000,5.4036,0,0,1.0000
78803,13.5570,11.1676,16.2850,7.6054,1.4240,-3.2642,21.6973,30.7268,83.8021,27.7036,85.6054,15.2086,5.6195,-9999.0000,-7.0844,0,0,1.0000
78804,7.9266,11.6902,15.5874,-0.7971,-1.1535,-4.3543,21.6975,23.9628,83.9095,34.7905,85.6295,14.1980,4.5886,-9999.0000,4.1088,0,0,1.0000
78805,14.6817,13.1841,15.9329,-4.7611,-2.9307,1.1933,21.6983,38.9775,83.9924,33.0879,85.6577,25.2582,5.7733,-9999.0000,-0.4931,0,0,1.0000
78806,12.1555,10.5942,17.5836,14.7556,-0.1228,-6.4755,21.7069,41.8195,84.0675,44.3193,85.6818,20.0236,5.9690,-9999.0000,-3.1980,0,0,1.0000
78807,14.0660,14.2839,17.7483,-2.7369,0.6867,-1.9473,21.7262,30.2692,84.1225,30.0499,85.7051,11.1736,7.4662,-9999.0000,-2.1842,0,0,1.0000
78808,12.0660,11.5967,18.4959,-5.9309,0.2402,-1.0080,21.7272,20.4095,84.1640,27.0649,85.7233,3.8727,5.0553,-9999.0000,4.0352,0,0,1.0000
78809,10.7248,15.7421,15.5270,-3.5206,-4.0645,-0.7626,21.7264,36.9861,84.1908,40.7274,85.7519,7.7524,5.4671,-9999.0000,-3.8688,0,0,1.0000
78810,9.3710,12.9721,14.9152,-2.4289,-0.0089,1.8068,21.7391,33.8658,84.1989,28.1837,85.7704,14.5304,7.2184,-9999.0000,8.3685,0,0,1.0000
78811,10.5923,14.8194,18.2863,-5.3194,-1.5210,-2.4646,21.7442,19.0490,84.1988,21.0459,85.7779,13.1267,7.1423,-9999.0000,-1.8300,0,0,1.0000
78812,10.3752,18.6222,22.8927,-4.5006,0.1221,-0.7762,21.7444,29.9999,84.2001,25.2776,85.7936,7.3615,10.5880,-9999.0000,5.3702,0,0,1.0000
78813,11.7694,12.1139,18.3692,-6.3531,-1.3625,-0.6568,21.7499,24.3631,84.1806,18.6900,85.7972,3.4757,7.9873,-9999.0000,3.4186,0,0,1.0000
78814,11.9051,13.1626,17.1730,0.5190,1.7034,-1.8159,21.7694,32.3144,84.1271,22.8038,85.7939,4.7952,7.3977,-9999.0000,0.2962,0,0,1.0000
78815,9.5142,17.7037,24.2960,-2.2051,0.6835,1.3263,21.7889,48.7045,84.0404,22.6538,85.7890,4.9937,13.6379,-9999.0000,0.5267,0,0,1.0000
78816,11.2070,12.0866,16.7220,-2.6686,2.4965,4.9662,21.7935,29.7794,83.9206,37.2658,85.7774,4.6325,14.0965,-9999.0000,-3.6741,0,0,1.0000
78817,10.4637,16.0889,18.6339,-2.7937,-0.9421,1.8600,21.7991,22.7955,83.7506,24.9917,85.7588,6.8885,10.3171,-9999.0000,-1.7547,0,0,1.0000
78818,14.8875,12.4492,16.2944,0.4116,2.5858,-4.9271,21.8043,37.4411,83.5641,30.1280,85.7323,16.2952,3.8317,-9999.0000,-1.9183,0,0,1.0000
78819,8.5793,12.6838,-9999.0000,-8.4741,5.7357,-4.3725,21.8042,24.3617,83.3802,37.7295,85.6882,13.8949,5.3346,-9999.0000,6.9566,0,0,1.0000
78820,15.5621,14.5495,-9999.0000,-5.7640,-1.2454,-4.8884,21.8081,29.2691,83.1910,26.5178,85.6394,6.0404,11.1516,-9999.0000,0.8884,0,0,1.0000
78821,10.4458,-9999.0000,-9999.0000,0.3334,-1.3643,-0.7151,21.8103,28.7047,82.9818,24.3624,85.5934,18.8732,8.1583,-9999.0000,-5.2607,0,0,1.0000
78822,-9999.0000,-9999.0000,-9999.0000,5.9429,0.5303,5.0071,21.8131,18.0143,82.7572,16.8662,85.5536,22.3931,3.6845,-9999.0000,5.5259,0,0,1.0000
78823,-9999.0000,-9999.0000,-9999.0000,-0.9001,0.9412,1.2081,21.8279,-9999.0000,82.5163,-9999.0000,85.5074,-9999.0000,-9999.0000,-9999.0000,-0.7125,0,0,1.0000
78824,-9999.0000,-9999.0000,-9999.0000,8.3449,-1.1892,-9999.0000,21.8318,-9999.0000,82.2859,-9999.0000,85.4647,-9999.0000,-9999.0000,-9999.0000,-2.0272,0,0,1.0000
78825,-9999.0000,-9999.0000,-9999.0000,-9999.0000,-9999.0000,-9999.0000,21.8325,-9999.0000,82.0323,-9999.0000,85.4311,-9999.0000,-9999.0000,-9999.0000,2.3170,0,0,1.0000
78826,-9999.0000,-9999.0000,-9999.0000,-9999.0000,-9999.0000,-9999.0000,21.8426,-9999.0000,81.8113,-9999.0000,85.4115,-9999.0000,-9999.0000,-9999.0000,-0.2790,0,1,1.0000
78827,-9999.0000,-9999.0000,-9999.0000,-9999.0000,-9999.0000,-9999.0000,21.8422,-9999.0000,81.5510,-9999.0000,85.3951,-9999.0000,-9999.0000,-9999.0000,-1.8530,0,1,1.0000
78828,-9999.0000,-9999.0000,-9999.0000,-9999.0000,-9999.0000,-9999.0000,21.8532,-9999.0000,81.3853,-9999.0000,85.3837,-9999.0000,-9999.0000,-9999.0000,7.3523,0,1,1.0000
78829,-9999.0000,-9999.0000,-9999.0000,-9999.0000,-9999.0000,-9999.0000,21.8546,-9999.0000,81.1907,-9999.0000,85.3739,-9999.0000,-9999.0000,-9999.0000,-3.1610,0,1,1.0000
78830,-9999.0000,-9999.0000,-9999.0000,-9999.0000,-9999.0000,-9999.0000,21.8686,-9999.0000,81.0388,-9999.0000,85.3697,-9999.0000,-9999.0000,-9999.0000,1.9828,0,1,1.0000
78831,-9999.0000,-9999.0000,-9999.0000,-9999.0000,-9999.0000,-9999.0000,21.8758,-9999.0000,80.8652,-9999.0000,85.3716,-9999.0000,-9999.0000,-9999.0000,6.8624,0,1,1.0000
78832,-9999.0000,-9999.0000,-9999.0000,-9999.0000,-9999.0000,-9999.0000,21.8762,-9999.0000,80.7308,-9999.0000,85.3685,-9999.0000,-9999.0000,-9999.0000,0.5840,0,1,1.0000
78833,-9999.0000,-9999.0000,-9999.0000,-9999.0000,-9999.0000,-9999.0000,21.8825,-9999.0000,80.5850,-9999.0000,85.3774,-9999.0000,-9999.0000,-9999.0000,5.9075,0,1,1.0000
78834,-9999.0000,-9999.0000,-9999.0000,-9999.0000,-9999.0000,-9999.0000,21.8836,-9999.0000,80.4757,-9999.0000,85.3855,-9999.0000,-9999.0000,-9999.0000,-5.8054,0,1,1.0000
78835,-9999.0000,-9999.0000,-9999.0000,-9999.0000,-9999.0000,-9999.0000,21.8824,-9999.0000,80.3743,-9999.0000,85.4067,-9999.0000,-9999.0000,-9999.0000,0.0305,0,1,1.0000
78836,-9999.0000,-9999.0000,-9999.0000,-9999.0000,-9999.0000,-9999.0000,21.8931,-9999.0000,80.3141,-9999.0000,85.4380,-9999.0000,-9999.0000,-9999.0000,5.3102,0,1,1.0000
78837,-9999.0000,-9999.0000,-9999.0000,-9999.0000,-9999.0000,-9999.0000,21.8978,-9999.0000,80.2666,-9999.0000,85.4739,-9999.0000,-9999.0000,-9999.0000,-1.1900,0,1,1.0000
78838,-9999.0000,-9999.0000,-9999.0000,-9999.0000,-9999.0000,-9999.0000,21.8913,-9999.0000,80.2315,-9999.0000,85.5143,-9999.0000,-9999.0000,-9999.0000,4.4325,0,1,1.0000
78839,-9999.0000,-9999.0000,-9999.0000,-9999.0000,-9999.0000,-9999.0000,21.8920,-9999.0000,80.2193,-9999.0000,85.5490,-9999.0000,-9999.0000,-9999.0000,-9999.0000,0,1,1.0000
78840,-9999.0000,-9999.0000,-9999.0000,-9999.0000,-9999.0000,-9999.0000,21.8941,-9999.0000,80.2126,-9999.0000,85.5698,-9999.0000,-9999.0000,-9999.0000,-9999.0000,0,1,1.0000
78841,-9999.0000,-9999.0000,-9999.0000,-9999.0000,-9999.0000,-9999.0000,21.8996,-9999.0000,80.2113,-9999.0000,85.5924,-9999.0000,-9999.0000,-9999.0000,-9999.0000,0,1,1.0000
78842,-9999.0000,-9999.0000,-9999.0000,-9999.0000,-9999.0000,-9999.0000,21.9009,-9999.0000,80.2266,-9999.0000,85.6097,-9999.0000,-9999.0000,-9999.0000,-9999.0000,0,1,1.0000
78843,-9999.0000,-9999.0000,-9999.0000,-9999.0000,-9999.0000,-9999.0000,21.9087,-9999.0000,80.2647,-9999.0000,85.6193,-9999.0000,-9999.0000,-9999.0000,-9999.0000,0,1,1.0000
78844,-9999.0000,-9999.0000,-9999.0000,-9999.0000,-9999.0000,-9999.0000,21.9175,-9999.0000,80.3133,-9999.0000,85.6280,-9999.0000,-9999.0000,-9999.0000,-9999.0000,0,1,1.0000
78845,-9999.0000,-9999.0000,-9999.0000,-9999.0000,-9999.0000,-9999.0000,21.9221,-9999.0000,80.3913,-9999.0000,85.6260,-9999.0000,-9999.0000,-9999.0000,-9999.0000,0,1,1.0000
