Data/Raw/WAGNER,NICK/firexaq-AOP-optical_DC8_20190815_R1.ict
51, 1001
Wagner, Nicholas L.
NOAA Earth System Research Laboratory
NOAA AOP instrument
FIREX-AQ
1, 1
2019, 08, 15, 2020, 04, 27
1
Time_start, seconds_past_midnight, seconds from midnight
18
1, 1, 1, 1, 1, 1, 1, 1, 1, 1, 1, 1, 1, 1, 1, 1, 1, 1
-9999, -9999, -9999, -9999, -9999, -9999, -9999, -9999, -9999, -9999, -9999, -9999, -9999, -9999, -9999, -9999, -9999, -9999
ext_dry_664, Mm-1, AerOpt_Extinction_InSitu_RHd_red_Total_PM2.5_STP
ext_dry_532, Mm-1, AerOpt_Extinction_InSitu_RHd_green_Total_PM2.5_STP
ext_dry_405, Mm-1, AerOpt_Extinction_InSitu_RHd_blue_Total_PM2.5_STP
abs_dry_664, Mm-1, AerOpt_Absorption_InSitu_RHd_red_Total_PM2.5_STP
abs_dry_532, Mm-1, AerOpt_Absorption_InSitu_RHd_green_Total_PM2.5_STP
abs_dry_405, Mm-1, AerOpt_Absorption_InSitu_RHd_blue_Total_PM2.5_STP
AOP_RH_dry, pct, Relative_humidity_of_dry_RH_channels
ext_medRH_664, Mm-1, AerOpt_Extinction_InSitu_RH80_red_Total_PM2.5_STP
AOP_RH_med, pct, Relative_humidity_of_medium_RH_channel
ext_highRH_664, Mm-1, AerOpt_Extinction_InSitu_RH85_red_Total_PM2.5_STP
AOP_RH_high, pct, Relative_humidity_of_high_RH_channel
ext_TD_664, Mm-1, AerOpt_ExtinctionTD_InSitu_RHd_blue_Total_PM2.5_STP
ext_TD_405, Mm-1, AerOpt_ExtinctionTD_InSitu_RHd_red_Total_PM2.5_STP
abs_TD_664, Mm-1, AerOpt_Absorption_InSitu_RHd_red_Total_PM2.5_STP
abs_TD_405, Mm-1, AerOpt_Absorption_InSitu_RHd_blue_Total_PM2.5_STP
AOP_TD_bypass_flag, pct, Flag_for_TD_Bypass_valve
AOP_filter_flag, pct, Flag_for_Filter_Valve
AOP_Dilution_ratio, pct, Applied_Dilution_Ratio_for_ext_channels
1
N/A
18
PI_CONTACT_INFO: Address: NOAA ESRL Chemical Sciences Division, R/CSD2, 325 Broadway, Boulder, CO 80305. Email: nick.wagner@noaa.gov.
PLATFORM: NASA DC8
LOCATION: See the DC8 MetNav file, Based in Boise (BOI) and Salina, KS
ASSOCIATED_DATA: N/A
[...]
DATA_INFO: Mm-1:
UNCERTAINTY: The precision of the extinction measurements varies with aerosol loading and is +/-20% at 10 Mm-1 and +/-5% at 100 Mm-1. The accuracy of the dry measurement is +/-2% and depends on RH for the humidified measurements, +/-5% at 85% RH and +/-15% at 90% RH. For more details, see Langridge et al., Aerosol Science and Technology 45:1305-1318, 2011. Analysis of comparable measurements suggest incomplete mixing in the dilution system. Effective dilution for individual instruments can vary by +/- 30% compared to the reported flow-based dilution estimate. The absorption measurements have a high signal accuracy of 20%. The low signal precision varies with altitude and flight to flight, and is typically less than 10 Mm-1 for 1 second measurements.
ULOD_FLAG: -7777
ULOD_VALUE: N/A
LLOD_FLAG: -8888
LLOD_VALUE: N/A
DM_CONTACT_INFO: Gao Chen
PROJECT_INFO: FIREX-AQ
STIPULATIONS_ON_USE: NASA Data Policy. Contact with PI is encouraged.
OTHER_COMMENTS: N/A
REVISION: R1
R1: Absorption measurements have been corrected for pressure dependent microphone sensitivity. In-cloud data has been removed. R0: Final Data. 
Time_start, ext_dry_664, ext_dry_532, ext_dry_405, abs_dry_664, abs_dry_532, abs_dry_405, AOP_RH_dry, ext_medRH_664, AOP_RH_med, ext_highRH_664, AOP_RH_high, ext_TD_664, ext_TD_405, abs_TD_664, abs_TD_405, AOP_TD_bypass_flag, AOP_filter_flag, AOP_Dilution_ratio
[from data line 21143]
104163,0.0213,-0.0863,1.9510,-9999.0000,-9999.0000,-0.1152,8.6884,0.6323,80.6109,0.4260,85.2048,0.0551,-0.8805,-9999.0000,-9999.0000,0,0,1.0000
104164,0.1418,-0.0616,1.6872,-9999.0000,-9999.0000,-0.3202,8.6875,0.7709,80.6091,0.2033,85.2010,1.9291,-1.2099,-9999.0000,-9999.0000,0,0,1.0000
104165,0.1267,-0.0634,0.4369,-9999.0000,-9999.0000,0.9183,8.6913,0.1592,80.6128,0.4371,85.2014,0.8287,-0.9664,-9999.0000,-9999.0000,0,0,1.0000
104166,0.0581,-0.0406,-0.2548,-9999.0000,-9999.0000,0.3239,8.6921,0.4902,80.6035,0.3506,85.2027,0.7211,-0.6783,-9999.0000,-9999.0000,0,0,1.0000
104167,0.0622,-0.1451,-0.9553,-9999.0000,-9999.0000,-0.7385,8.6957,0.8319,80.5935,0.4821,85.2046,-0.1057,-0.5749,-9999.0000,-9999.0000,0,0,1.0000
104168,0.1023,0.0561,0.4999,-9999.0000,-9999.0000,-0.4624,8.6958,0.5834,80.5727,0.7333,85.2095,0.7531,-1.1268,-9999.0000,-9999.0000,0,0,1.0000
104169,0.1777,-0.1025,0.2826,-9999.0000,-9999.0000,1.0877,8.6935,0.5391,80.5438,0.4807,85.2106,1.0348,-0.6960,-9999.0000,-9999.0000,0,0,1.0000
104170,0.1895,0.6165,0.1364,-9999.0000,-9999.0000,0.2741,8.6891,0.5798,80.5130,1.3088,85.2146,1.2451,-0.3648,-9999.0000,-9999.0000,0,0,1.0000
104171,1.3882,-0.0499,-1.0777,-9999.0000,-9999.0000,0.3396,8.6897,0.5528,80.4887,0.5149,85.2212,0.6301,-0.6134,-9999.0000,-9999.0000,0,0,1.0000
104172,3.4717,0.0111,-1.3331,-9999.0000,-9999.0000,-0.5616,8.6912,0.9754,80.4691,0.1109,85.2349,0.5407,-0.9435,-9999.0000,-9999.0000,0,0,1.0000
104173,0.2122,0.2637,-1.1018,-9999.0000,-9999.0000,-0.3691,8.6896,0.7146,80.4482,0.3963,85.2476,1.0788,-0.8532,-9999.0000,-9999.0000,0,0,1.0000
104174,0.1814,0.0539,-0.7735,-9999.0000,-9999.0000,0.3273,8.6840,0.9457,80.4257,0.3811,85.2591,1.3530,-0.6060,-9999.0000,-9999.0000,0,0,1.0000
104175,0.1378,-0.0230,-1.0307,-9999.0000,-9999.0000,-0.4798,8.6830,0.8935,80.3911,2.1281,85.2740,1.0686,-0.2056,-9999.0000,-9999.0000,0,0,1.0000
104176,0.2361,0.0367,-0.9708,-9999.0000,-9999.0000,0.5270,8.6784,0.7447,80.3525,0.7623,85.2808,0.9580,-0.2823,-9999.0000,-9999.0000,0,0,1.0000
104177,0.0379,0.0064,-1.1780,-9999.0000,-9999.0000,0.8597,8.6765,0.7759,80.3119,0.1918,85.2846,0.7813,-1.0180,-9999.0000,-9999.0000,0,0,1.0000
104178,0.2469,0.1649,-1.0042,-9999.0000,-9999.0000,0.2048,8.6773,0.9657,80.2690,0.7662,85.2846,1.2077,-0.6646,-9999.0000,-9999.0000,0,0,1.0000
104179,0.2969,0.1426,0.1962,-9999.0000,-9999.0000,0.1545,8.6742,0.7686,80.2264,0.5882,85.2833,0.8063,-0.9893,-9999.0000,-9999.0000,0,0,1.0000
104180,0.1832,-0.0174,0.9318,-9999.0000,-9999.0000,0.0955,8.6732,0.4995,80.1864,0.5126,85.2802,0.6102,-0.4631,-9999.0000,-9999.0000,0,0,1.0000
104181,-0.0289,0.0398,-0.5408,-9999.0000,-9999.0000,0.2579,8.6734,0.9351,80.1488,0.4785,85.2794,0.3745,-1.0051,-9999.0000,-9999.0000,0,0,1.0000
104182,0.0796,0.0966,1.0549,-9999.0000,-9999.0000,0.8812,8.6646,0.6890,80.1081,0.7750,85.2807,0.8222,-0.9819,-9999.0000,-9999.0000,0,0,1.0000
104183,0.0085,0.0310,0.7050,-9999.0000,-9999.0000,0.8810,8.6598,0.7258,80.0727,0.4890,85.2719,1.2682,-0.7932,-9999.0000,-9999.0000,0,0,1.0000
104184,-0.0991,0.0097,0.7097,-9999.0000,-9999.0000,-9999.0000,8.6592,0.9515,80.0409,0.7342,85.2701,0.9369,-0.6670,-9999.0000,-9999.0000,0,0,1.0000
104185,0.1265,0.0262,-0.4260,-9999.0000,-9999.0000,-9999.0000,8.6588,0.8270,80.0056,0.5005,85.2673,1.6137,-0.7166,-9999.0000,-9999.0000,0,0,1.0000
104186,0.2237,0.0909,-0.0560,-9999.0000,-9999.0000,-9999.0000,8.6584,0.5306,79.9662,0.4677,85.2587,1.7427,-0.2272,-9999.0000,-9999.0000,0,0,1.0000
104187,-0.1120,-0.0236,0.1920,-9999.0000,-9999.0000,-9999.0000,8.6596,0.7528,79.9262,0.9192,85.2555,1.2576,-0.8653,-9999.0000,-9999.0000,0,0,1.0000
104188,-0.0197,-0.0723,0.9773,-9999.0000,-9999.0000,-9999.0000,8.6583,1.0679,79.8859,1.0970,85.2417,0.8274,-0.6121,-9999.0000,-9999.0000,0,0,1.0000
104189,0.0888,0.3486,-0.7042,-9999.0000,-9999.0000,-9999.0000,8.6628,0.4857,79.8477,1.1419,85.2359,0.8556,-0.4555,-9999.0000,-9999.0000,0,0,1.0000
104190,0.1410,0.0570,-0.8637,-9999.0000,-9999.0000,-9999.0000,8.6639,1.7183,79.8119,0.6467,85.2264,0.4889,-0.7585,-9999.0000,-9999.0000,0,0,1.0000
104191,0.3169,-0.0656,-1.1860,-9999.0000,-9999.0000,-9999.0000,8.6652,0.4642,79.7868,1.1348,85.2284,1.1956,-0.4151,-9999.0000,-9999.0000,0,0,1.0000
104192,0.0327,0.2261,0.0638,-9999.0000,-9999.0000,-9999.0000,8.6448,1.6295,79.7601,0.8597,85.2283,1.8183,-0.5605,-9999.0000,-9999.0000,0,0,1.0000
104193,0.2516,0.1756,0.6207,-9999.0000,-9999.0000,-9999.0000,8.6397,0.4949,79.7360,0.9470,85.2246,1.2812,-9999.0000,-9999.0000,-9999.0000,0,0,1.0000
104194,0.1931,0.0802,2.1223,-9999.0000,-9999.0000,-9999.0000,8.6420,0.3366,79.7014,0.5647,85.2140,1.8709,-0.4097,-9999.0000,-9999.0000,0,0,1.0000
104195,0.1220,0.0572,1.2965,-9999.0000,-9999.0000,-9999.0000,8.6495,0.6334,79.6675,0.6545,85.2113,-9999.0000,-0.2731,-9999.0000,-9999.0000,0,0,1.0000
104196,0.2078,0.1241,1.8097,-9999.0000,-9999.0000,0.6452,8.6502,1.3188,79.6388,0.6377,85.2098,0.5717,-0.4232,-9999.0000,-9999.0000,0,0,1.0000
104197,-0.2548,1.9423,0.4556,-9999.0000,-9999.0000,0.6072,8.6497,2.4713,79.6266,1.6797,85.2093,1.3784,-0.4890,-9999.0000,-9999.0000,0,0,1.0000
104198,0.3383,0.7104,1.7493,-9999.0000,-9999.0000,1.6743,8.6497,1.4504,79.6205,2.1689,85.2133,1.7530,-0.9453,-9999.0000,-9999.0000,0,0,1.0000
104199,0.5859,0.2625,1.5438,-9999.0000,-9999.0000,0.9950,8.6498,0.9990,79.6205,0.7840,85.2155,1.8725,-0.6951,-9999.0000,-9999.0000,0,0,1.0000
104200,0.1917,0.1993,0.4774,-9999.0000,-9999.0000,-0.3107,8.6542,0.8908,79.6173,0.5883,85.2176,0.9641,-0.1869,-9999.0000,-9999.0000,0,0,1.0000
104201,-0.0057,0.1964,1.0790,-9999.0000,-9999.0000,-0.3985,8.6550,0.7532,79.6151,0.6981,85.2297,1.7736,-0.9643,-9999.0000,-9999.0000,0,0,1.0000
104202,2.0233,0.3856,1.2995,-9999.0000,-9999.0000,0.6113,8.6593,0.5548,79.6165,1.6002,85.2480,1.7574,-0.7468,-9999.0000,-9999.0000,0,0,1.0000
104203,3.2294,0.2070,1.9939,-9999.0000,-9999.0000,0.0336,8.6600,0.5252,79.6218,1.9927,85.2594,1.2120,-0.4571,-9999.0000,-9999.0000,0,0,1.0000
104204,0.0400,0.2590,2.0256,-9999.0000,-9999.0000,1.0280,8.6523,0.6981,79.6289,2.3064,85.2634,1.9917,-0.8397,-9999.0000,-9999.0000,0,0,1.0000
104205,-0.0335,0.2749,0.7463,-9999.0000,-9999.0000,0.0116,8.6463,0.8860,79.6452,0.2792,85.2763,1.7192,-0.6767,-9999.0000,-9999.0000,0,0,1.0000
104206,0.0549,1.6634,1.6004,-9999.0000,-9999.0000,-0.0051,8.6453,0.6522,79.6685,0.7682,85.2886,1.0535,-0.8185,-9999.0000,-9999.0000,0,0,1.0000
104207,0.0061,0.2132,-0.6963,-9999.0000,-9999.0000,0.3642,8.6462,0.9804,79.7024,0.3089,85.2994,0.1501,-0.4652,-9999.0000,-9999.0000,0,0,1.0000
104208,0.0303,-0.0388,-0.2490,-9999.0000,-9999.0000,0.5879,8.6441,0.7402,79.7361,1.0400,85.3015,1.4120,-1.0190,-9999.0000,-9999.0000,0,0,1.0000
104209,0.0860,-0.0929,0.5705,-9999.0000,-9999.0000,0.0447,8.6419,1.5178,79.7749,5.6624,85.3076,1.0047,-0.9749,-9999.0000,-9999.0000,0,0,1.0000
104210,0.1335,0.0713,-0.2856,-9999.0000,-9999.0000,0.3510,8.6432,1.3304,79.8351,9.3876,85.3102,0.0549,-1.0910,-9999.0000,-9999.0000,0,0,1.0000
104211,-0.0342,0.5160,-0.7789,-9999.0000,-9999.0000,0.5781,8.6424,0.7342,79.9007,1.0436,85.3131,0.3593,-0.2689,-9999.0000,-9999.0000,0,0,1.0000
104212,-0.0224,-0.1223,1.3663,-9999.0000,-9999.0000,0.1350,8.6421,0.7363,79.9712,0.8043,85.3194,1.2614,-0.6915,-9999.0000,-9999.0000,0,0,1.0000
104213,0.1007,-0.0063,1.2436,-9999.0000,-9999.0000,0.4057,8.6445,0.6635,80.0158,0.9494,85.3185,0.4736,-0.8834,-9999.0000,-9999.0000,0,0,1.0000
104214,0.3532,0.5950,-0.5441,-9999.0000,-9999.0000,0.5084,8.6442,1.3140,80.0518,0.5534,85.3193,0.7255,-0.6426,-9999.0000,-9999.0000,0,0,1.0000
104215,0.0033,0.2920,0.6720,-9999.0000,-9999.0000,0.1079,8.6418,0.7407,80.1114,0.0402,85.3193,1.0234,-0.8373,-9999.0000,-9999.0000,0,0,1.0000
104216,0.1484,0.4595,1.1617,-9999.0000,-9999.0000,0.2538,8.6392,0.4846,80.1730,0.7120,85.3222,1.0736,-0.8663,-9999.0000,-9999.0000,0,0,1.0000
104217,0.0985,-0.0371,-0.0343,-9999.0000,-9999.0000,0.0047,8.6375,0.4222,80.2465,1.0053,85.3236,1.2712,-0.7843,-9999.0000,-9999.0000,0,0,1.0000
104218,-0.0035,0.2645,0.1496,-9999.0000,-9999.0000,-0.4256,8.6381,0.5200,80.2991,0.7887,85.3146,1.2172,-1.0567,-9999.0000,-9999.0000,0,0,1.0000
104219,-0.1280,-0.0991,0.5223,-9999.0000,-9999.0000,0.1440,8.6338,0.4237,80.3489,0.5559,85.3017,0.5547,-0.6829,-9999.0000,-9999.0000,0,0,1.0000
104220,-0.1023,0.0166,0.1378,-9999.0000,-9999.0000,1.3981,8.6306,0.4970,80.3905,0.8717,85.2945,0.3288,-1.1763,-9999.0000,-9999.0000,0,0,1.0000
104221,0.1203,0.5499,0.4384,-9999.0000,-9999.0000,-0.3203,8.6336,0.7100,80.4320,1.0303,85.2919,0.6447,-0.7159,-9999.0000,-9999.0000,0,0,1.0000
104222,0.9742,0.2413,-0.0029,-9999.0000,-9999.0000,-0.5362,8.6296,0.3782,80.4775,0.6137,85.2923,1.8489,-1.1888,-9999.0000,-9999.0000,0,0,1.0000
104223,0.1584,-0.0655,2.0182,-9999.0000,-9999.0000,0.1311,8.6263,0.5080,80.5201,0.1694,85.2869,1.0931,-1.1902,-9999.0000,-9999.0000,0,0,1.0000
104224,0.1051,-0.0024,1.0239,-9999.0000,-9999.0000,0.2143,8.6230,0.5392,80.5698,0.5399,85.2875,1.5527,-0.8056,-9999.0000,-9999.0000,0,0,1.0000
104225,0.2180,0.0268,0.9488,-9999.0000,-9999.0000,1.2868,8.6215,0.5343,80.6123,0.2188,85.2905,0.8434,-0.9226,-9999.0000,-9999.0000,0,0,1.0000
104226,-0.0208,0.1360,0.6376,-9999.0000,-9999.0000,-0.4461,8.6179,0.4749,80.6495,0.3360,85.2916,1.4099,-0.6621,-9999.0000,-9999.0000,0,0,1.0000
104227,0.3613,0.1969,1.2933,-9999.0000,-9999.0000,0.5000,8.6139,0.6912,80.6846,0.1269,85.2915,1.5906,0.2307,-9999.0000,-9999.0000,0,0,1.0000
104228,-0.2982,0.1152,1.3348,-9999.0000,-9999.0000,1.0173,8.6130,0.5909,80.7227,0.4971,85.2970,1.3585,-0.6385,-9999.0000,-9999.0000,0,0,1.0000
104229,-0.0747,0.2470,1.6596,-9999.0000,-9999.0000,0.6397,8.6088,0.5653,80.7641,0.1989,85.2954,1.9536,-0.3893,-9999.0000,-9999.0000,0,0,1.0000
104230,0.1018,0.4323,0.8532,-9999.0000,-9999.0000,0.5499,8.6073,0.5848,80.7904,0.3401,85.2969,0.4369,-0.5856,-9999.0000,-9999.0000,0,0,1.0000
104231,0.0286,0.0196,1.8275,-9999.0000,-9999.0000,0.2818,8.5924,0.3991,80.8155,1.2933,85.3033,0.8286,0.2842,-9999.0000,-9999.0000,0,0,1.0000
104232,0.0732,0.0256,1.1883,-9999.0000,-9999.0000,-0.5942,8.5884,2.0277,80.8302,0.5857,85.3104,0.9266,2.0554,-9999.0000,-9999.0000,0,0,1.0000
104233,0.2707,0.6023,1.1389,-9999.0000,-9999.0000,-0.4841,8.5878,0.1610,80.8415,0.3546,85.3184,0.8323,0.7929,-9999.0000,-9999.0000,0,0,1.0000
104234,0.1402,3.3079,0.4758,-9999.0000,-9999.0000,0.0947,8.5870,0.3678,80.8537,0.1982,85.3312,1.0246,-0.8424,-9999.0000,-9999.0000,0,0,1.0000
104235,5.1466,0.3153,1.0276,-9999.0000,-9999.0000,0.3659,8.5747,0.7922,80.8653,0.3127,85.3528,0.9150,-0.7332,-9999.0000,-9999.0000,0,0,1.0000
104236,0.0308,0.0507,1.8327,-9999.0000,-9999.0000,0.0993,8.5575,0.7003,80.8823,0.4387,85.3606,1.3403,-0.8592,-9999.0000,-9999.0000,0,0,1.0000
104237,0.1462,0.3669,0.5607,-9999.0000,-9999.0000,0.8629,8.5570,0.4201,80.9001,0.3477,85.3721,1.7567,-0.0228,-9999.0000,-9999.0000,0,0,1.0000
104238,0.3741,0.2318,1.4388,-9999.0000,-9999.0000,0.3466,8.5522,0.8271,80.9119,0.4344,85.3707,1.9856,-1.0840,-9999.0000,-9999.0000,0,0,1.0000
104239,0.0622,0.3033,0.9880,-9999.0000,-9999.0000,-0.0608,8.5526,0.4008,80.9189,0.5172,85.3727,1.1452,-0.8245,-9999.0000,-9999.0000,0,0,1.0000
104240,-0.1519,0.2055,1.3178,-9999.0000,-9999.0000,0.6279,8.5524,3.8595,80.9250,0.3330,85.3762,0.8751,-0.9650,-9999.0000,-9999.0000,0,0,1.0000
104241,0.1124,0.0252,1.0157,-9999.0000,-9999.0000,-0.2332,8.5522,0.4460,80.9247,0.3971,85.3740,0.9911,-1.4463,-9999.0000,-9999.0000,0,0,1.0000
104242,0.3012,0.2193,0.5188,-9999.0000,-9999.0000,0.2274,8.5522,0.6374,80.9324,0.2924,85.3708,1.2271,-1.3034,-9999.0000,-9999.0000,0,0,1.0000
104243,0.0542,0.0019,1.0057,-9999.0000,-9999.0000,-0.6419,8.5520,0.5249,80.9324,0.1312,85.3691,1.1367,-1.1046,-9999.0000,-9999.0000,0,0,1.0000
104244,0.4342,0.3053,1.0530,-9999.0000,-9999.0000,-1.0722,8.5486,0.5393,80.9365,0.3774,85.3700,0.9918,-0.8538,-9999.0000,-9999.0000,0,0,1.0000
104245,0.4234,0.0359,0.9422,-9999.0000,-9999.0000,0.4806,8.5334,0.0682,80.9388,0.3878,85.3734,1.4412,-1.0879,-9999.0000,-9999.0000,0,0,1.0000
104246,0.2524,-0.0541,0.6833,-9999.0000,-9999.0000,0.8294,8.5199,0.3976,80.9282,0.5891,85.3594,0.8149,-0.8835,-9999.0000,-9999.0000,0,0,1.0000
104247,0.0140,0.0269,0.5616,-9999.0000,-9999.0000,0.2803,8.5146,0.2565,80.9278,0.5900,85.3550,0.7176,-0.9727,-9999.0000,-9999.0000,0,0,1.0000
104248,0.2886,0.0353,1.4163,-9999.0000,-9999.0000,-0.0643,8.5179,0.2408,80.9232,0.4628,85.3439,1.6301,-0.9021,-9999.0000,-9999.0000,0,0,1.0000
104249,0.3443,0.0478,1.0017,-9999.0000,-9999.0000,-0.0429,8.5261,0.0360,80.9215,0.2700,85.3371,0.5531,-0.6187,-9999.0000,-9999.0000,0,0,1.0000
104250,0.6240,0.2632,0.7940,-9999.0000,-9999.0000,0.2975,8.5138,4.4557,80.9036,0.3804,85.3333,1.1949,-0.8658,-9999.0000,-9999.0000,0,0,1.0000
104251,1.3937,0.0022,0.9671,-9999.0000,-9999.0000,1.1070,8.5135,0.8455,80.8860,0.4777,85.3261,1.0939,-0.9653,-9999.0000,-9999.0000,0,0,1.0000
104252,0.3076,0.1073,0.3542,-9999.0000,-9999.0000,0.0876,8.5191,0.1238,80.8599,0.8595,85.3243,1.2714,-0.6352,-9999.0000,-9999.0000,0,0,1.0000
104253,3.3106,0.1809,0.0496,-9999.0000,-9999.0000,0.3945,8.5195,0.1834,80.8343,-0.1338,85.3216,1.0510,-0.7987,-9999.0000,-9999.0000,0,0,1.0000
104254,0.7914,0.5527,1.3757,-9999.0000,-9999.0000,0.0317,8.5187,0.6676,80.8102,0.2525,85.3167,1.0625,-0.2758,-9999.0000,-9999.0000,0,0,1.0000
104255,0.1412,0.4868,0.2154,-9999.0000,-9999.0000,0.1676,8.5182,0.1390,80.7678,-0.2234,85.3150,1.1654,-0.6171,-9999.0000,-9999.0000,0,0,1.0000
104256,0.6592,0.2529,1.4966,-9999.0000,-9999.0000,-0.3913,8.5110,0.1597,80.7381,0.3162,85.3181,0.3968,-0.7644,-9999.0000,-9999.0000,0,0,1.0000
104257,0.2130,1.7985,1.3334,-9999.0000,-9999.0000,0.0282,8.5101,0.3326,80.7113,0.5401,85.3198,0.2949,-0.9030,-9999.0000,-9999.0000,0,0,1.0000
104258,-0.2746,0.2223,0.6294,-9999.0000,-9999.0000,0.6884,8.5031,0.4972,80.6697,0.0216,85.3180,0.0137,-0.9075,-9999.0000,-9999.0000,0,0,1.0000
104259,0.4745,0.4170,0.3405,-9999.0000,-9999.0000,0.5596,8.5016,0.8784,80.6182,0.2244,85.3177,0.5200,-0.5160,-9999.0000,-9999.0000,0,0,1.0000
104260,0.0728,0.2507,0.8034,-9999.0000,-9999.0000,0.0346,8.5021,2.4424,80.5763,0.4836,85.3227,1.8307,-0.6881,-9999.0000,-9999.0000,0,0,1.0000
104261,0.0568,0.2421,0.2714,-9999.0000,-9999.0000,0.1601,8.5010,0.5391,80.5494,2.1873,85.3297,0.8556,-0.7972,-9999.0000,-9999.0000,0,0,1.0000
104262,-0.0233,0.2417,0.2375,-9999.0000,-9999.0000,0.0137,8.4950,0.1107,80.5218,0.1814,85.3417,0.4808,-1.0507,-9999.0000,-9999.0000,0,0,1.0000
104263,0.0799,0.0170,-0.1522,-9999.0000,-9999.0000,-0.6115,8.4888,0.1028,80.4795,0.1550,85.3500,0.5032,-0.6847,-9999.0000,-9999.0000,0,0,1.0000
104264,-0.0499,0.0949,-0.2186,-9999.0000,-9999.0000,-0.9352,8.4908,0.1306,80.4339,0.0516,85.3560,2.2370,-0.7341,-9999.0000,-9999.0000,0,0,1.0000
104265,-0.0414,0.0698,-0.4895,-9999.0000,-9999.0000,-0.8327,8.4927,0.0424,80.3877,0.4115,85.3600,1.9867,-0.7287,-9999.0000,-9999.0000,0,0,1.0000
104266,0.0393,-0.0277,1.2211,-9999.0000,-9999.0000,0.4332,8.4923,0.1043,80.3467,0.1429,85.3673,0.6120,-0.3531,-9999.0000,-9999.0000,0,0,1.0000
104267,0.2302,0.1017,0.4810,-9999.0000,-9999.0000,0.0563,8.4925,-0.0485,80.3156,-0.1009,85.3748,1.4090,-0.4475,-9999.0000,-9999.0000,0,0,1.0000
104268,-0.0011,0.1109,0.7279,-9999.0000,-9999.0000,0.3291,8.4975,0.0132,80.2745,0.3105,85.3813,0.5805,-0.2777,-9999.0000,-9999.0000,0,0,1.0000
104269,-0.1064,0.1237,-0.0325,-9999.0000,-9999.0000,-0.0141,8.4975,-0.0081,80.2306,0.7291,85.3833,-0.3142,-0.4403,-9999.0000,-9999.0000,0,0,1.0000
104270,-0.0103,1.4414,-0.3434,-9999.0000,-9999.0000,-0.2190,8.4952,-0.0550,80.1796,-0.0788,85.3812,0.6856,-0.9905,-9999.0000,-9999.0000,0,0,1.0000
104271,0.0337,0.1604,-0.4382,-9999.0000,-9999.0000,0.7967,8.4969,0.2485,80.1429,0.0971,85.3787,0.7087,-0.5140,-9999.0000,-9999.0000,0,0,1.0000
104272,0.3083,0.1125,-0.4424,-9999.0000,-9999.0000,0.7580,8.4975,0.1312,80.1149,0.1865,85.3800,0.8911,-0.9770,-9999.0000,-9999.0000,0,0,1.0000
