Data/Raw/WAGNER,NICK/firexaq-AOP-optical_DC8_20190722_R1.ict
51, 1001
Wagner, Nicholas L.
NOAA Earth System Research Laboratory
NOAA AOP instrument
FIREX-AQ
1, 1
2019, 07, 22, 2020, 04, 27
1
Time_start, seconds_past_midnight, seconds from midnight
18
1, 1, 1, 1, 1, 1, 1, 1, 1, 1, 1, 1, 1, 1, 1, 1, 1, 1
-9999, -9999, -9999, -9999, -9999, -9999, -9999, -9999, -9999, -9999, -9999, -9999, -9999, -9999, -9999, -9999, -9999, -9999
ext_dry_664, Mm-1, AerOpt_Extinction_InSitu_RHd_red_Total_PM2.5_STP
ext_dry_532, Mm-1, AerOpt_Extinction_InSitu_RHd_green_Total_PM2.5_STP
ext_dry_405, Mm-1, AerOpt_Extinction_InSitu_RHd_blue_Total_PM2.5_STP
abs_dry_664, Mm-1, AerOpt_Absorption_InSitu_RHd_red_Total_PM2.5_STP
abs_dry_532, Mm-1, AerOpt_Absorption_InSitu_RHd_green_Total_PM2.5_STP
abs_dry_405, Mm-1, AerOpt_Absorption_InSitu_RHd_blue_Total_PM2.5_STP
AOP_RH_dry, pct, Relative_humidity_of_dry_RH_channels
ext_medRH_664, Mm-1, AerOpt_Extinction_InSitu_RH80_red_Total_PM2.5_STP
AOP_RH_med, pct, Relative_humidity_of_medium_RH_channel
ext_highRH_664, Mm-1, AerOpt_Extinction_InSitu_RH85_red_Total_PM2.5_STP
AOP_RH_high, pct, Relative_humidity_of_high_RH_channel
ext_TD_664, Mm-1, AerOpt_ExtinctionTD_InSitu_RHd_blue_Total_PM2.5_STP
ext_TD_405, Mm-1, AerOpt_ExtinctionTD_InSitu_RHd_red_Total_PM2.5_STP
abs_TD_664, Mm-1, AerOpt_Absorption_InSitu_RHd_red_Total_PM2.5_STP
abs_TD_405, Mm-1, AerOpt_Absorption_InSitu_RHd_blue_Total_PM2.5_STP
AOP_TD_bypass_flag, pct, Flag_for_TD_Bypass_valve
AOP_filter_flag, pct, Flag_for_Filter_Valve
AOP_Dilution_ratio, pct, Applied_Dilution_Ratio_for_ext_channels
1
N/A
18
PI_CONTACT_INFO: Address: NOAA ESRL Chemical Sciences Division, R/CSD2, 325 Broadway, Boulder, CO 80305. Email: nick.wagner@noaa.gov.
PLATFORM: NASA DC8
LOCATION: See the DC8 MetNav file, Based in Boise (BOI) and Salina, KS
ASSOCIATED_DATA: N/A
[...]
DATA_INFO: Mm-1:
UNCERTAINTY: The precision of the extinction measurements varies with aerosol loading and is +/-20% at 10 Mm-1 and +/-5% at 100 Mm-1. The accuracy of the dry measurement is +/-2% and depends on RH for the humidified measurements, +/-5% at 85% RH and +/-15% at 90% RH. For more details, see Langridge et al., Aerosol Science and Technology 45:1305-1318, 2011. Analysis of comparable measurements suggest incomplete mixing in the dilution system. Effective dilution for individual instruments can vary by +/- 30% compared to the reported flow-based dilution estimate. The absorption measurements have a high signal accuracy of 20%. The low signal precision varies with altitude and flight to flight, and is typically less than 10 Mm-1 for 1 second measurements.
ULOD_FLAG: -7777
ULOD_VALUE: N/A
LLOD_FLAG: -8888
LLOD_VALUE: N/A
DM_CONTACT_INFO: Gao Chen
PROJECT_INFO: FIREX-AQ
STIPULATIONS_ON_USE: NASA Data Policy. Contact with PI is encouraged.
OTHER_COMMENTS: N/A
REVISION: R1
R1: Absorption measurements have been corrected for pressure dependent microphone sensitivity. In-cloud data has been removed. R0: Final Data. 
Time_start, ext_dry_664, ext_dry_532, ext_dry_405, abs_dry_664, abs_dry_532, abs_dry_405, AOP_RH_dry, ext_medRH_664, AOP_RH_med, ext_highRH_664, AOP_RH_high, ext_TD_664, ext_TD_405, abs_TD_664, abs_TD_405, AOP_TD_bypass_flag, AOP_filter_flag, AOP_Dilution_ratio
[from data line 17423]
83213,19.7982,28.6080,45.8347,-9999,-0.6546,1.7840,25.0003,23.6333,79.0572,36.0199,85.7674,-9999,-9999,-9999,-2.2483,0,0,1.0000
83214,21.9417,26.0160,45.7915,-9999,-1.7007,2.1194,24.9936,22.8684,79.0980,34.1983,85.7159,-9999,-9999,-9999,4.0324,0,0,1.0000
83215,18.2650,25.3980,49.2646,-9999,-2.0585,2.0221,24.9867,29.4385,79.1581,29.0117,85.6612,-9999,-9999,-9999,-3.1628,0,0,1.0000
83216,20.8961,28.6190,45.3779,-9999,-1.1615,0.6381,24.9769,37.9269,79.2192,35.8790,85.5788,-9999,-9999,-9999,-0.8647,0,0,1.0000
83217,18.5317,27.1167,46.2629,-9999,-0.3512,1.7792,24.9775,30.8345,79.3003,30.4278,85.5051,-9999,-9999,-9999,-4.0830,0,0,1.0000
83218,17.7805,24.2897,44.6654,-9999,0.2229,0.9921,24.9791,29.9729,79.3905,28.8389,85.4407,-9999,-9999,-9999,6.8525,0,0,1.0000
83219,19.6369,33.0265,46.9227,-9999,-1.0610,2.2059,24.9831,29.2950,79.5120,29.3000,85.4134,-9999,-9999,-9999,4.6885,0,0,1.0000
83220,15.4726,27.6454,44.9161,-9999,-0.5495,4.4107,24.9834,36.0188,79.6634,27.7652,85.3907,-9999,-9999,-9999,26.9397,0,0,1.0000
83221,15.9135,23.6390,42.0351,-9999,-2.6678,3.3581,24.9735,30.7612,79.8455,26.7229,85.3623,-9999,-9999,-9999,-0.4564,0,0,1.0000
83222,21.0057,20.6217,42.4403,-9999,-0.6248,3.6322,24.9655,23.9195,80.0248,31.3898,85.3438,-9999,-9999,-9999,-0.7923,0,0,1.0000
83223,16.3094,29.1553,42.6516,-9999,-1.1803,3.4366,24.9625,25.0095,80.1978,27.4139,85.3322,0.3496,4.7483,-9999,3.3016,0,0,1.0000
83224,17.1700,24.5034,42.5366,-9999,-0.6598,1.3570,24.9600,31.2296,80.3530,28.5950,85.3323,7.4924,3.9710,-9999,-3.5389,0,0,1.0000
83225,16.4227,24.9319,42.3980,-9999,1.2902,1.1643,24.9550,25.5208,80.4961,26.3896,85.3239,49.1054,3.3240,-9999,-0.0971,0,0,1.0000
83226,16.2154,23.4877,46.2918,-9999,0.2676,1.5484,24.9506,31.2674,80.6263,25.0601,85.3200,33.2201,4.5337,-9999,1.1990,0,0,1.0000
83227,15.0992,28.2650,44.4800,-9999,-0.3184,1.3581,24.9472,28.9286,80.7604,27.7135,85.3270,20.7872,4.3841,-9999,-4.6569,0,0,1.0000
83228,19.9329,30.4947,44.7419,-9999,-0.5641,1.6070,24.9433,33.1622,80.9060,36.2638,85.3278,4.9386,6.8727,-9999,3.1687,0,0,1.0000
83229,18.0917,25.9825,41.7785,-9999,0.2002,1.8272,24.9450,30.3193,81.0396,31.6034,85.3374,4.9317,7.0253,-9999,-1.1763,0,0,1.0000
83230,20.9900,29.4131,45.9000,-9999,-2.4018,1.9690,24.9501,27.6224,81.1708,37.7416,85.3704,4.7650,5.0544,-9999,2.8446,0,0,1.0000
83231,15.8368,26.7699,48.8422,-9999,-0.6000,2.6020,24.9510,23.5815,81.3143,56.5984,85.4319,7.3775,11.0874,-9999,4.3283,0,0,1.0000
83232,18.3158,26.4529,45.7477,-9999,-0.9791,2.1788,24.9465,33.8640,81.4698,43.6808,85.5157,15.6829,6.5278,-9999,4.3120,0,0,1.0000
83233,17.9954,27.2923,43.8542,-9999,-0.9322,2.3723,24.9367,23.4954,81.6066,37.4647,85.5994,11.2055,2.2854,-9999,-0.4044,0,0,1.0000
83234,20.8458,32.7362,45.7009,-9999,-2.5681,1.7076,24.9184,25.2574,81.7369,34.3656,85.6654,5.0100,2.4298,-9999,3.1815,0,0,1.0000
83235,19.4340,29.1536,40.8509,-9999,0.2409,1.6943,24.9128,28.8859,81.8554,29.0529,85.7539,2.6003,5.3829,-9999,0.8824,0,0,1.0000
83236,15.9194,27.2563,43.7492,-9999,0.2643,2.1818,24.9168,27.8818,81.9609,27.4035,85.8386,1.5945,10.4722,-9999,-1.7345,0,0,1.0000
83237,17.9173,30.1385,38.1102,-9999,0.2549,1.8433,24.9239,25.3224,82.0536,28.6385,85.9190,0.4375,6.1581,-9999,3.3292,0,0,1.0000
83238,14.3349,20.7470,38.7821,-9999,-0.5325,1.0284,24.9395,21.3518,82.1324,33.4338,85.9737,0.3688,4.9328,-9999,3.4645,0,0,1.0000
83239,11.9587,20.9115,37.0494,-9999,0.1040,1.0775,24.9454,20.3351,82.1941,29.1911,86.0182,1.6692,4.5794,-9999,-1.2511,0,0,1.0000
83240,13.7721,23.2008,36.5983,-9999,-1.2682,-9999,24.9280,19.1365,82.2338,34.0351,86.0521,6.0073,17.3120,-9999,-0.1723,0,0,1.0000
83241,15.2886,23.4065,35.8778,-9999,0.7126,-9999,24.9293,24.3808,82.2559,38.7051,86.0820,3.8920,28.7097,-9999,3.1906,0,0,1.0000
83242,17.6946,24.0002,38.2770,-9999,-0.6829,-9999,24.9490,20.5062,82.2759,32.2259,86.0991,12.5182,7.3351,-9999,-0.5276,0,0,1.0000
83243,15.0903,21.1858,36.9750,-9999,-1.4651,-9999,24.9494,20.5574,82.2789,28.8576,86.0961,32.0783,6.9185,-9999,4.7909,0,0,1.0000
83244,15.3019,22.7996,36.2180,-9999,-0.4643,1.9576,24.9507,21.6759,82.2412,28.5577,86.0964,14.6356,6.7776,-9999,2.1874,0,0,1.0000
83245,16.8593,23.7075,36.9329,-9999,-1.0905,1.6909,24.9427,28.0439,82.1178,31.5526,86.0650,4.5623,3.8320,-9999,-2.8216,0,0,1.0000
83246,15.8156,21.2090,43.7621,-9999,-1.6474,2.0739,24.9377,22.3650,81.9519,27.2156,85.9696,3.0264,2.1370,-9999,-1.5708,0,0,1.0000
83247,15.4334,22.9235,37.6043,-9999,-1.5754,1.9993,24.9295,23.2853,81.7640,34.0613,85.8496,3.3096,4.2674,-9999,-1.9194,0,0,1.0000
83248,15.7652,24.7200,40.6743,-9999,-2.8375,2.0576,24.9311,20.9405,81.5106,39.1163,85.7189,2.1503,6.7507,-9999,1.4755,0,0,1.0000
83249,19.7821,23.4011,43.6756,-9999,-0.6275,0.9028,24.9272,29.8378,81.2329,35.6689,85.5958,2.1227,5.8036,-9999,-0.4413,0,0,1.0000
83250,16.1819,26.6531,41.3996,-9999,0.0169,1.2645,24.9324,18.9333,80.9395,27.4414,85.4408,2.5278,5.5297,-9999,4.1484,0,0,1.0000
83251,16.2000,26.1710,43.1431,-9999,-0.9940,1.4872,24.9247,27.3698,80.6673,25.2339,85.2853,1.8898,4.5033,-9999,-2.7882,0,0,1.0000
83252,18.5846,28.9769,45.9542,-9999,-0.6516,2.3220,24.9171,21.8581,80.3564,28.2729,85.1502,1.0976,2.6768,-9999,3.1479,0,0,1.0000
83253,22.0253,24.9684,43.5052,-9999,0.2703,1.7578,24.9138,21.2518,80.0357,41.8150,85.0172,3.4716,7.5509,-9999,-2.4825,0,0,1.0000
83254,16.8777,25.6108,41.3778,-9999,0.1331,2.4130,24.9141,21.5220,79.6875,27.0703,84.9013,2.6948,9.7951,-9999,-1.4345,0,0,1.0000
83255,11.4646,21.2019,34.5134,-9999,-0.7245,2.0730,24.9155,17.7652,79.3381,25.9524,84.8162,3.0999,4.3580,-9999,-0.5226,0,0,1.0000
83256,9.2558,15.9565,28.8350,-9999,-1.0924,1.8651,24.9138,16.7749,79.0182,19.2194,84.7399,2.2049,4.1898,-9999,1.4473,0,0,1.0000
83257,10.4352,13.3927,29.7505,-9999,-1.3024,0.9865,24.8979,21.6883,78.7553,15.6415,84.6532,3.2146,3.3076,-9999,-3.3502,0,0,1.0000
83258,10.6617,13.3146,26.3211,-9999,1.1018,0.8256,24.8981,19.9843,78.5136,16.5406,84.5845,1.8467,4.8198,-9999,3.4153,0,0,1.0000
83259,8.4118,14.6688,24.2868,-9999,-2.8686,1.0249,24.8970,23.7543,78.2883,16.6370,84.5500,-0.0144,7.7884,-9999,-2.1210,0,0,1.0000
83260,7.9779,12.4201,23.2123,-9999,-0.8249,-0.0384,24.8973,16.8269,78.0977,17.3872,84.5428,4.5356,4.3136,-9999,7.5206,0,0,1.0000
83261,9.1447,17.3322,28.5768,-9999,-0.2882,1.6614,24.8904,19.0425,77.9505,25.2917,84.5349,5.5574,3.6066,-9999,4.5911,0,0,1.0000
83262,8.8363,15.1657,29.4642,-9999,-0.7240,0.4621,24.8859,13.4618,77.8330,19.0667,84.5367,1.1170,3.4976,-9999,0.5684,0,0,1.0000
83263,9.0826,19.0024,30.0013,-9999,1.5989,0.5590,24.8859,16.3001,77.7402,16.0745,84.5386,2.6208,2.8363,-9999,3.1415,0,0,1.0000
83264,7.7107,15.0923,25.2578,-9999,-2.1989,1.0696,24.8812,11.3921,77.6540,21.4627,84.5707,4.5105,7.6284,-9999,-1.4707,0,0,1.0000
83265,10.7473,12.4160,29.1617,-9999,0.2340,1.0153,24.8790,14.7583,77.6001,21.9706,84.6381,-0.0480,7.1195,-9999,1.2040,0,0,1.0000
83266,9.6674,18.0015,24.9835,-9999,-0.4662,6.0934,24.8718,11.4829,77.5682,26.5776,84.7387,-1.0057,1.3907,-9999,-2.5350,0,0,1.0000
83267,10.0830,15.2272,24.5058,-9999,-0.1789,1.0767,24.8706,13.0973,77.5586,24.4932,84.8327,8.6833,1.0981,-9999,3.2549,0,0,1.0000
83268,8.9130,12.0612,22.2756,-9999,1.4665,1.0937,24.8684,16.5362,77.5585,21.7205,84.9259,20.3679,7.4479,-9999,-5.6181,0,0,1.0000
83269,9.9879,12.5287,24.8349,-9999,-1.5690,1.3413,24.8667,13.7610,77.5779,17.2341,85.0120,12.8328,8.9505,-9999,2.2662,0,0,1.0000
83270,13.4458,11.4549,24.7597,-9999,-1.0271,0.4970,24.8562,11.5859,77.6270,16.7050,85.0934,0.8842,5.4401,-9999,-2.2538,0,0,1.0000
83271,7.5442,10.7624,22.7535,-9999,-0.1575,0.6763,24.8443,14.9392,77.7002,18.8882,85.1632,-1.5423,0.9453,-9999,-2.7303,0,0,1.0000
83272,7.9525,14.2411,23.3760,-9999,-1.8233,1.2292,24.8386,13.5497,77.7806,22.7251,85.2257,-1.1491,0.7883,-9999,-1.6737,0,0,1.0000
83273,10.5033,11.4906,21.9980,-9999,-2.2849,0.9250,24.8319,9.6189,77.8852,19.4970,85.2782,-0.7668,2.0741,-9999,-1.5966,0,0,1.0000
83274,6.4999,10.6654,23.8525,-9999,-2.8864,1.9239,24.8200,15.4616,77.9930,13.2686,85.3228,-1.5539,2.7462,-9999,-3.1440,0,0,1.0000
83275,8.0307,11.7117,23.2140,-9999,-0.5793,0.4932,24.8117,14.5248,78.1004,12.6334,85.3535,-1.6135,2.9142,-9999,-0.0567,0,0,1.0000
83276,7.7244,14.2169,20.9678,-9999,0.7006,1.1671,24.7995,15.3677,78.2188,15.0027,85.3681,-1.9900,1.5233,-9999,-1.2272,0,0,1.0000
83277,9.8311,11.9557,25.4989,-9999,2.8430,0.2661,24.7957,14.1164,78.3431,18.1157,85.3721,-1.2856,0.0956,-9999,-1.4290,0,0,1.0000
83278,12.2720,13.0692,23.2032,-9999,-0.9250,1.0101,24.7843,13.2086,78.4642,13.1475,85.3820,-0.6760,0.8844,-9999,-3.2700,0,0,1.0000
83279,8.0592,11.8055,22.3603,-9999,-0.5958,0.3072,24.7802,17.4535,78.5718,27.2558,85.3803,-0.3726,1.6380,-9999,-0.4297,0,0,1.0000
83280,16.8944,11.1582,22.9160,-9999,-2.1677,0.8786,24.7750,14.2519,78.7043,15.4763,85.3732,-0.2355,1.0167,-9999,-3.3876,0,0,1.0000
83281,7.1522,10.1712,20.5396,-9999,-0.1425,0.3627,24.7513,13.4098,78.8572,15.2047,85.3567,-1.6789,-0.0271,-9999,-2.4377,0,0,1.0000
83282,7.8061,11.1411,19.2072,-9999,-0.4650,0.4356,24.7390,13.9716,78.9994,10.7384,85.3186,-2.1430,-1.0137,-9999,1.5748,0,0,1.0000
83283,7.8568,9.1590,18.6133,-9999,-0.2371,0.2140,24.7396,12.0173,79.1234,11.3917,85.2777,-2.0382,-1.0746,-9999,-0.6161,0,0,1.0000
83284,5.9168,14.8429,19.4086,-9999,-3.9546,0.8196,24.7485,11.0830,79.2496,14.3374,85.2225,-1.8977,-0.1434,-9999,-5.0122,0,0,1.0000
83285,5.2192,9.8717,15.8147,-9999,-1.1434,4.3007,24.7483,10.4138,79.3804,14.0001,85.1604,-1.9065,2.6847,-9999,-2.1782,0,0,1.0000
83286,5.5988,9.6462,15.0620,-9999,-0.0076,1.7712,24.7309,15.5215,79.4911,10.9422,85.1007,-1.8131,11.3055,-9999,-1.9352,0,0,1.0000
83287,5.2216,7.6414,17.0739,-9999,-0.5901,0.3442,24.7192,12.2093,79.6150,9.8832,85.0511,-2.2090,2.2906,-9999,-3.3114,0,0,1.0000
83288,5.7386,8.3590,14.4769,-9999,-0.9883,0.6407,24.7196,8.8172,79.7168,6.6958,84.9957,-2.5037,-0.6861,-9999,-3.4465,0,0,1.0000
83289,5.7137,7.5257,14.3023,-9999,0.6778,0.6048,24.7197,9.5601,79.8375,13.7818,84.9620,-2.5596,-0.2483,-9999,0.4913,0,0,1.0000
83290,5.3404,6.9980,15.1035,-9999,-2.2329,0.2930,24.7127,8.5733,79.9287,13.9790,84.9380,-2.5317,0.5864,-9999,-2.2967,0,0,1.0000
83291,6.0761,10.0742,15.9510,-9999,-0.6290,-0.3451,24.7117,5.5549,80.0234,12.7253,84.9233,-2.3480,-1.2159,-9999,3.6737,0,0,1.0000
83292,4.2104,9.0329,16.3669,-9999,-1.2020,0.6069,24.7115,8.2255,80.1097,6.8632,84.8986,-2.1524,2.8638,-9999,-1.1987,0,0,1.0000
83293,3.7157,7.1005,13.2009,-9999,-0.5143,0.9886,24.7147,8.9054,80.2220,6.0811,84.8693,-1.7214,0.0671,-9999,3.9432,0,0,1.0000
83294,3.2851,7.5583,10.8805,-9999,-0.2230,-0.0064,24.7139,10.2988,80.3265,9.8696,84.8432,0.1180,-0.5548,-9999,-1.4923,0,0,1.0000
83295,3.1910,6.6634,13.5635,-9999,-0.6554,1.3030,24.7123,9.7851,80.4280,5.7463,84.8406,-0.1601,-0.8087,-9999,-5.2962,0,0,1.0000
83296,3.8684,4.5069,10.3135,-9999,0.8388,0.4380,24.7102,6.4121,80.5238,7.2666,84.8357,-1.6135,-0.0661,-9999,-3.2001,0,0,1.0000
83297,3.5207,4.3853,9.9418,-9999,0.0215,-0.0444,24.7102,5.7394,80.6399,7.2782,84.8376,-2.4401,0.2171,-9999,-0.9352,0,0,1.0000
83298,3.6368,5.6345,10.5567,-9999,-0.6975,0.4478,24.6933,4.7598,80.7231,5.7305,84.8294,-2.8935,-0.5082,-9999,-2.1320,0,0,1.0000
83299,3.1722,8.6298,8.9041,-9999,-0.4768,0.4044,24.6928,5.2776,80.8144,10.9933,84.8368,-2.7184,-0.7807,-9999,-0.1561,0,0,1.0000
83300,3.0715,5.3258,10.6344,-9999,-0.1069,1.1817,24.6848,5.0738,80.8793,10.8598,84.8375,-2.7335,-1.2331,-9999,-1.3925,0,0,1.0000
83301,3.3190,4.3382,8.7889,-9999,-1.3789,0.5214,24.6826,4.7166,80.9652,8.6169,84.8673,-2.8781,-0.7470,-9999,-0.1354,0,0,1.0000
83302,3.2274,7.6381,11.5540,-9999,-1.6005,1.3394,24.6787,5.9649,81.0458,7.3006,84.8994,-2.9477,-0.6597,-9999,-3.8124,0,0,1.0000
83303,4.4155,7.9411,10.9317,-9999,-1.9740,0.3736,24.6509,9.2589,81.1401,7.3416,84.9343,-2.8295,0.1841,-9999,-1.8581,0,0,1.0000
83304,4.2330,7.9090,13.2109,-9999,-0.7933,0.4791,24.6544,12.1761,81.2273,6.1981,84.9712,-2.9391,-0.0846,-9999,-0.8247,0,0,1.0000
83305,4.5323,8.9949,14.0156,-9999,-1.4401,0.2556,24.6551,13.3069,81.3126,7.6057,85.0086,-3.5131,-0.2759,-9999,-6.3267,0,0,1.0000
83306,5.5761,7.4065,12.2554,-9999,-0.7274,1.0375,24.6469,9.3120,81.3823,7.3741,85.0300,-3.6373,-0.8436,-9999,3.4234,0,0,1.0000
83307,3.8478,8.7807,15.1137,-9999,1.5162,0.0927,24.6305,12.3948,81.4515,7.9231,85.0500,-3.6405,-0.7332,-9999,6.6888,0,0,1.0000
83308,4.5281,7.8882,18.9738,-9999,-0.6293,1.0942,24.6255,6.7554,81.5078,9.4533,85.0658,-3.3877,-0.6791,-9999,-2.8530,0,0,1.0000
83309,4.0834,9.5335,16.1876,-9999,-3.3706,0.7360,24.6276,8.3297,81.5640,8.8344,85.0714,-3.4371,-0.7288,-9999,0.8415,0,0,1.0000
83310,3.1923,7.7882,13.4196,-9999,-0.9176,0.9840,24.6173,8.1285,81.6159,7.4714,85.0714,-3.5444,2.7136,-9999,-3.8451,0,0,1.0000
83311,4.6143,6.9829,15.9538,-9999,-0.4656,0.6454,24.6099,7.0118,81.6598,7.2466,85.0800,-3.6085,1.7938,-9999,-3.4195,0,0,1.0000
83312,4.5894,8.0964,12.9562,-9999,0.2927,0.7491,24.5937,7.4719,81.6927,9.0163,85.0831,-3.7323,0.7523,-9999,-2.1824,0,0,1.0000
83313,3.7705,7.2626,13.3944,-9999,-1.4389,0.9824,24.5901,7.7077,81.7152,8.6056,85.0796,-3.4159,1.3965,-9999,1.4531,0,0,1.0000
83314,4.3538,7.4238,13.8804,-9999,-0.4572,0.0016,24.5793,8.9266,81.7186,10.1072,85.0655,-2.3526,1.0147,-9999,-1.5997,0,0,1.0000
83315,3.5263,9.4270,14.3376,-9999,-0.1018,0.8149,24.5805,7.4736,81.7308,10.9874,85.0622,-3.4845,2.3130,-9999,1.3745,0,0,1.0000
83316,3.6912,9.5383,15.1578,-9999,-2.1715,0.3729,24.5718,8.5255,81.7350,9.6959,85.0536,-2.7441,9.1681,-9999,1.1556,0,0,1.0000
83317,4.1278,10.7497,22.0770,-9999,-1.6868,1.7160,24.5668,7.4587,81.7346,11.2038,85.0552,-3.3285,3.7095,-9999,4.9897,0,0,1.0000
83318,4.8118,8.9781,16.5597,-9999,-1.3007,0.8214,24.5563,9.3487,81.6878,10.8771,85.0356,-3.4719,-0.1805,-9999,-1.1368,0,0,1.0000
83319,5.2737,10.6662,15.8121,-9999,-1.7245,0.1808,24.5424,11.4061,81.6103,18.6105,85.0322,-3.7534,0.2259,-9999,-1.5862,0,0,1.0000
83320,3.8259,7.7762,14.6498,-9999,-0.4503,0.4637,24.5277,10.6819,81.5109,10.8300,85.0234,-3.6410,0.3398,-9999,-0.7578,0,0,1.0000
83321,4.2557,7.5778,15.2472,-9999,-0.8028,0.6176,24.5241,8.8668,81.4213,7.2089,85.0256,-3.7484,1.3549,-9999,0.6273,0,0,1.0000
83322,5.2711,8.6441,13.7798,-9999,-0.2629,0.9381,24.5199,7.5194,81.3055,9.4065,85.0334,-3.5819,4.5491,-9999,-5.2697,0,0,1.0000
83323,3.7945,7.8073,18.9010,-9999,1.0603,0.9409,24.5200,7.4777,81.1900,10.2395,85.0465,-1.5961,5.2979,-9999,-3.8626,0,0,1.0000
83324,3.3256,8.1171,15.3483,-9999,1.0695,-9999,24.5163,10.3811,81.0722,8.3785,85.0714,-2.2329,5.1141,-9999,-3.8666,0,0,1.0000
83325,4.2830,7.8937,16.3864,-9999,-9999,-9999,24.5103,7.6173,80.9535,10.0040,85.1042,-3.2907,6.4142,-9999,-9999,0,0,1.0000
83326,4.7657,7.8185,15.2248,-9999,-9999,-9999,24.5079,7.6058,80.8302,11.8884,85.1769,-2.6670,3.3896,-9999,-9999,0,0,1.0000
83327,4.1434,8.4501,15.1212,-9999,-9999,-9999,24.5044,7.8242,80.7027,8.4531,85.2445,-2.7389,1.1366,-9999,-9999,0,0,1.0000
83328,3.4990,9.3159,15.9654,-9999,-9999,-9999,24.5035,10.6725,80.6007,13.7212,85.3250,-3.1717,-0.3057,-9999,-9999,0,0,1.0000
83329,5.1516,8.6929,16.6153,-9999,-9999,-9999,24.5001,9.6637,80.5077,9.3267,85.3859,-3.7699,-0.2112,-9999,-9999,0,0,1.0000
83330,5.8912,8.8106,15.8801,-9999,-9999,-9999,24.4980,8.5031,80.4323,11.2058,85.4672,-3.7859,0.0501,-9999,-9999,0,0,1.0000
83331,4.6029,9.3493,19.3060,-9999,-9999,-9999,24.4977,12.5171,80.3668,11.0496,85.5523,-3.3242,0.0871,-9999,-9999,0,0,1.0000
83332,5.2680,8.6937,17.5574,-9999,-9999,-9999,24.4916,8.3264,80.3120,13.8748,85.6422,-3.1259,-0.1320,-9999,-9999,0,0,1.0000
83333,6.1963,10.1536,16.7979,-9999,-9999,-9999,24.4865,9.8817,80.2598,16.2953,85.7338,-3.0403,0.3131,-9999,-9999,0,0,1.0000
83334,6.0830,11.1389,15.6176,-9999,-9999,-9999,24.4778,9.8145,80.2123,13.5137,85.8190,-3.0940,0.6149,-9999,-9999,0,0,1.0000
83335,6.7380,10.3637,18.8847,-9999,-9999,-9999,24.4803,10.4461,80.1889,10.4737,85.8968,-1.4204,1.7082,-9999,-9999,0,0,1.0000
83336,5.5528,9.8579,17.7402,-9999,-9999,0.2801,24.4758,7.7657,80.1819,10.6296,85.9691,-3.2293,0.6470,-9999,-9999,0,0,1.0000
