Data/Raw/WAGNER,NICK/firexaq-AOP-optical_DC8_20190812_R1.ict
51, 1001
Wagner, Nicholas L.
NOAA Earth System Research Laboratory
NOAA AOP instrument
FIREX-AQ
1, 1
2019, 08, 12, 2020, 04, 27
1
Time_start, seconds_past_midnight, seconds from midnight
18
1, 1, 1, 1, 1, 1, 1, 1, 1, 1, 1, 1, 1, 1, 1, 1, 1, 1
-9999, -9999, -9999, -9999, -9999, -9999, -9999, -9999, -9999, -9999, -9999, -9999, -9999, -9999, -9999, -9999, -9999, -9999
ext_dry_664, Mm-1, AerOpt_Extinction_InSitu_RHd_red_Total_PM2.5_STP
ext_dry_532, Mm-1, AerOpt_Extinction_InSitu_RHd_green_Total_PM2.5_STP
ext_dry_405, Mm-1, AerOpt_Extinction_InSitu_RHd_blue_Total_PM2.5_STP
abs_dry_664, Mm-1, AerOpt_Absorption_InSitu_RHd_red_Total_PM2.5_STP
abs_dry_532, Mm-1, AerOpt_Absorption_InSitu_RHd_green_Total_PM2.5_STP
abs_dry_405, Mm-1, AerOpt_Absorption_InSitu_RHd_blue_Total_PM2.5_STP
AOP_RH_dry, pct, Relative_humidity_of_dry_RH_channels
ext_medRH_664, Mm-1, AerOpt_Extinction_InSitu_RH80_red_Total_PM2.5_STP
AOP_RH_med, pct, Relative_humidity_of_medium_RH_channel
ext_highRH_664, Mm-1, AerOpt_Extinction_InSitu_RH85_red_Total_PM2.5_STP
AOP_RH_high, pct, Relative_humidity_of_high_RH_channel
ext_TD_664, Mm-1, AerOpt_ExtinctionTD_InSitu_RHd_blue_Total_PM2.5_STP
ext_TD_405, Mm-1, AerOpt_ExtinctionTD_InSitu_RHd_red_Total_PM2.5_STP
abs_TD_664, Mm-1, AerOpt_Absorption_InSitu_RHd_red_Total_PM2.5_STP
abs_TD_405, Mm-1, AerOpt_Absorption_InSitu_RHd_blue_Total_PM2.5_STP
AOP_TD_bypass_flag, pct, Flag_for_TD_Bypass_valve
AOP_filter_flag, pct, Flag_for_Filter_Valve
AOP_Dilution_ratio, pct, Applied_Dilution_Ratio_for_ext_channels
1
N/A
18
PI_CONTACT_INFO: Address: NOAA ESRL Chemical Sciences Division, R/CSD2, 325 Broadway, Boulder, CO 80305. Email: nick.wagner@noaa.gov.
PLATFORM: NASA DC8
LOCATION: See the DC8 MetNav file, Based in Boise (BOI) and Salina, KS
ASSOCIATED_DATA: N/A
[...]
DATA_INFO: Mm-1:
UNCERTAINTY: The precision of the extinction measurements varies with aerosol loading and is +/-20% at 10 Mm-1 and +/-5% at 100 Mm-1. The accuracy of the dry measurement is +/-2% and depends on RH for the humidified measurements, +/-5% at 85% RH and +/-15% at 90% RH. For more details, see Langridge et al., Aerosol Science and Technology 45:1305-1318, 2011. Analysis of comparable measurements suggest incomplete mixing in the dilution system. Effective dilution for individual instruments can vary by +/- 30% compared to the reported flow-based dilution estimate. The absorption measurements have a high signal accuracy of 20%. The low signal precision varies with altitude and flight to flight, and is typically less than 10 Mm-1 for 1 second measurements.
ULOD_FLAG: -7777
ULOD_VALUE: N/A
LLOD_FLAG: -8888
LLOD_VALUE: N/A
DM_CONTACT_INFO: Gao Chen
PROJECT_INFO: FIREX-AQ
STIPULATIONS_ON_USE: NASA Data Policy. Contact with PI is encouraged.
OTHER_COMMENTS: N/A
REVISION: R1
R1: Absorption measurements have been corrected for pressure dependent microphone sensitivity. In-cloud data has been removed. R0: Final Data. 
Time_start, ext_dry_664, ext_dry_532, ext_dry_405, abs_dry_664, abs_dry_532, abs_dry_405, AOP_RH_dry, ext_medRH_664, AOP_RH_med, ext_highRH_664, AOP_RH_high, ext_TD_664, ext_TD_405, abs_TD_664, abs_TD_405, AOP_TD_bypass_flag, AOP_filter_flag, AOP_Dilution_ratio
[from data line 9936]
85848,3.9148,5.9726,11.7072,7.8910,0.0979,0.7310,1.6054,8.4461,78.3904,9.2193,84.5208,-9999.0000,-9999.0000,-9999.0000,-9999.0000,0,0,1.0000
85849,7.9539,8.5566,12.4173,2.7629,6.1066,0.1321,1.6054,5.9717,78.3740,14.5433,84.5583,-9999.0000,-9999.0000,-9999.0000,-9999.0000,0,0,1.0000
85850,4.2211,6.2570,11.9705,2.2335,-1.6426,-0.1351,1.6074,10.5101,78.3694,14.9323,84.5899,-9999.0000,-9999.0000,-9999.0000,-9999.0000,0,0,1.0000
85851,3.5865,5.3623,11.0045,2.7117,1.9244,1.0815,1.6083,7.8330,78.3638,9.4407,84.6235,-9999.0000,-9999.0000,-9999.0000,-9999.0000,0,0,1.0000
85852,4.3137,6.4539,12.3522,17.7436,-1.2478,0.7821,1.6089,5.4398,78.3726,9.5263,84.6526,-9999.0000,-9999.0000,-9999.0000,-9999.0000,0,0,1.0000
85853,4.2789,6.1166,10.0913,8.4322,-2.4083,0.3097,1.6086,5.6593,78.4103,7.6131,84.6875,-9999.0000,-9999.0000,-9999.0000,-9999.0000,0,0,1.0000
85854,4.1357,6.2773,9.3726,1.9734,6.5948,1.0593,1.6061,5.8770,78.4992,9.4156,84.7259,-9999.0000,-9999.0000,-9999.0000,-9999.0000,0,0,1.0000
85855,3.4528,5.5355,11.0852,12.1964,0.7136,0.7555,1.5991,6.1868,78.5822,9.6126,84.7624,-9999.0000,-9999.0000,-9999.0000,-9999.0000,0,0,1.0000
85856,5.3439,5.6368,11.5908,3.9314,1.9629,0.7681,1.6033,7.3246,78.6715,9.6663,84.7933,-9999.0000,-9999.0000,-9999.0000,-9999.0000,0,0,1.0000
85857,4.9047,8.3031,13.3343,11.3907,2.0857,-0.7180,1.6048,7.5060,78.7520,12.3484,84.8142,-9999.0000,-9999.0000,-9999.0000,-9999.0000,0,0,1.0000
85858,3.1906,6.4011,14.0961,8.4435,-2.7778,1.1431,1.6017,7.8312,78.8516,10.0994,84.8400,-9999.0000,-9999.0000,-9999.0000,-9999.0000,0,0,1.0000
85859,3.6444,8.2823,13.7260,13.3924,3.0874,0.9244,1.6006,8.0150,78.9665,8.2262,84.8609,-9999.0000,-9999.0000,-9999.0000,-9999.0000,0,0,1.0000
85860,4.3187,5.7181,12.1818,3.2147,-1.1389,-0.3135,1.6008,9.2549,79.0829,12.1548,84.9016,-9999.0000,-9999.0000,-9999.0000,-9999.0000,0,0,1.0000
85861,2.7618,7.7347,13.9064,3.9633,2.6923,0.5783,1.6011,8.8348,79.2040,11.0105,84.9362,-9999.0000,-9999.0000,-9999.0000,-9999.0000,0,0,1.0000
85862,2.4977,5.2360,12.2171,13.3772,-6.4372,0.0615,1.6005,7.0194,79.3271,9.0995,84.9817,-9999.0000,-9999.0000,-9999.0000,-9999.0000,0,0,1.0000
85863,2.9699,6.3316,10.4954,1.7231,2.2542,0.4465,1.5966,6.0130,79.4473,9.1152,85.0224,-9999.0000,-9999.0000,-9999.0000,-9999.0000,0,0,1.0000
85864,4.5776,5.9817,12.3478,1.4641,1.2055,1.0306,1.5964,10.9410,79.5719,9.8278,85.0616,-9999.0000,-9999.0000,-9999.0000,-9999.0000,0,0,1.0000
85865,3.1551,6.4459,12.4654,2.7451,-2.2993,0.2178,1.5954,11.3962,79.6848,7.6457,85.1111,-9999.0000,-9999.0000,-9999.0000,-9999.0000,0,0,1.0000
85866,4.6117,6.1535,11.8054,-0.0048,0.1694,0.1513,1.5922,7.1084,79.7950,9.6633,85.1643,-9999.0000,-9999.0000,-9999.0000,-9999.0000,0,0,1.0000
85867,4.5099,4.9577,14.0290,6.1156,1.5901,0.2490,1.5893,9.3511,79.8880,6.1508,85.2139,-9999.0000,-9999.0000,-9999.0000,-9999.0000,0,0,1.0000
85868,4.8266,7.4758,9.8217,3.7209,-0.2094,0.5301,1.5894,10.1835,79.9795,7.6262,85.2461,-9999.0000,-9999.0000,-9999.0000,-9999.0000,0,0,1.0000
85869,5.2234,6.6801,11.3658,-0.6170,-2.6703,0.1919,1.5912,17.5999,80.0766,13.9719,85.2857,-9999.0000,-9999.0000,-9999.0000,-9999.0000,0,0,1.0000
85870,3.7113,5.9213,11.5075,0.9632,-4.3191,0.5334,1.5886,7.0230,80.1694,12.3887,85.3373,-9999.0000,-9999.0000,-9999.0000,-9999.0000,0,0,1.0000
85871,4.4620,6.5039,11.5765,0.7639,-0.1370,0.5704,1.5926,11.3687,80.2551,15.9560,85.3810,-9999.0000,-9999.0000,-9999.0000,-9999.0000,0,0,1.0000
85872,3.9844,7.5741,11.9232,3.8788,-4.5347,0.8863,1.5956,7.6388,80.3268,14.2207,85.4103,-9999.0000,-9999.0000,-9999.0000,-9999.0000,0,0,1.0000
85873,4.9642,7.2658,12.2880,-1.8507,-2.1657,0.8158,1.5924,7.6296,80.3919,12.8132,85.4471,-9999.0000,-9999.0000,-9999.0000,-9999.0000,0,0,1.0000
85874,3.8963,7.3724,12.4420,-1.1016,-1.6975,0.1633,1.5872,8.3935,80.4655,8.8910,85.5043,-9999.0000,-9999.0000,-9999.0000,-9999.0000,0,0,1.0000
85875,3.0559,8.9876,12.4771,-1.8572,-3.6170,0.9636,1.5824,6.9082,80.5414,10.9444,85.5736,-9999.0000,-9999.0000,-9999.0000,-9999.0000,0,0,1.0000
85876,2.9678,6.5932,10.9170,5.4355,1.5425,0.4496,1.5840,7.6991,80.6082,11.2634,85.6436,-9999.0000,2.2067,-9999.0000,-9999.0000,0,0,1.0000
85877,3.7429,8.9573,11.4319,3.6266,-3.2424,-0.0042,1.5860,9.8191,80.6662,17.7517,85.6995,-9999.0000,0.1963,-9999.0000,-9999.0000,0,0,1.0000
85878,2.8914,8.4677,11.8107,7.1336,2.4010,-0.1699,1.5908,6.0322,80.7062,9.3539,85.7356,-0.4829,1.1169,-9999.0000,-9999.0000,0,0,1.0000
85879,3.8088,6.3450,10.7117,5.5137,-0.5819,1.1591,1.5926,6.3925,80.7309,11.1553,85.7699,-0.6290,1.9658,-9999.0000,-9999.0000,0,0,1.0000
85880,3.3741,6.9310,11.1505,-0.8762,-1.8760,-0.0192,1.5917,7.2967,80.7500,13.9110,85.8065,-0.3646,2.2957,-9999.0000,-9999.0000,0,0,1.0000
85881,3.4600,7.4026,13.5115,8.1897,0.9188,0.6229,1.6116,7.9250,80.7629,10.4186,85.8475,-0.8760,3.2558,-9999.0000,-9999.0000,0,0,1.0000
85882,3.7053,6.9213,12.5387,-3.5843,11.8516,0.4090,1.6245,5.6607,80.7821,8.3697,85.8918,-0.3118,2.9406,-9999.0000,-9999.0000,0,0,1.0000
85883,3.3074,6.5499,12.5669,4.1219,6.7605,-0.2001,1.6259,6.9311,80.7963,8.9018,85.9344,-1.4678,3.2286,-9999.0000,-9999.0000,0,0,1.0000
85884,3.8941,9.1177,14.2439,7.1958,-0.9269,1.5224,1.6285,11.1511,80.8071,15.1162,85.9706,8.0641,2.4955,-9999.0000,-9999.0000,0,0,1.0000
85885,4.3254,7.6420,13.5395,0.4172,1.3790,0.3027,1.6259,7.6249,80.8111,9.3199,86.0048,8.7845,2.6280,-9999.0000,-9999.0000,0,0,1.0000
85886,2.8996,6.5563,11.7609,2.7162,2.7960,1.0413,1.6226,7.4366,80.8136,11.8715,86.0377,-0.8491,1.2714,-9999.0000,-9999.0000,0,0,1.0000
85887,4.1119,6.3678,13.2818,5.2529,1.8352,1.1626,1.6208,10.1699,80.8140,11.3591,86.0684,-1.9513,0.9681,-9999.0000,-9999.0000,0,0,1.0000
85888,4.4931,10.0288,12.7915,-0.7209,0.6671,0.0988,1.6372,7.9656,80.8001,11.3975,86.0801,-2.2413,0.7183,-9999.0000,-9999.0000,0,0,1.0000
85889,4.4867,8.4823,13.4727,12.0873,-1.8342,0.5291,1.6601,5.1123,80.7724,12.2648,86.0951,-2.3593,0.6481,-9999.0000,-9999.0000,0,0,1.0000
85890,5.1369,7.0779,15.5794,-0.5852,2.0724,1.1550,1.6633,6.1716,80.7215,8.5007,86.1125,-1.4902,0.9096,-9999.0000,-9999.0000,0,0,1.0000
85891,3.1645,10.8985,11.6442,3.7486,-1.6969,0.3831,1.6661,11.4051,80.6624,8.4611,86.1370,0.2765,1.0629,-9999.0000,-9999.0000,0,0,1.0000
85892,3.6622,8.4785,14.9432,4.8635,-1.0975,1.1865,1.6628,10.1221,80.5935,7.6121,86.1519,1.5706,2.0323,-9999.0000,-9999.0000,0,0,1.0000
85893,3.8430,9.2878,13.1852,4.7230,3.0390,0.8718,1.6623,5.9333,80.5152,12.5340,86.1680,1.5253,0.9185,-9999.0000,-9999.0000,0,0,1.0000
85894,2.5663,6.8521,10.9352,3.9814,2.7878,0.8369,1.6625,5.5568,80.4246,13.7458,86.1770,1.7041,3.7451,-9999.0000,-9999.0000,0,0,1.0000
85895,2.4010,6.4017,11.6056,10.8048,0.9213,0.5660,1.6629,13.4299,80.3192,11.5940,86.1885,-0.5821,6.1355,-9999.0000,-9999.0000,0,0,1.0000
85896,2.3927,6.0504,13.7047,-7.8126,-0.4944,0.3880,1.6704,6.6634,80.2262,9.8608,86.1991,-1.4919,3.9848,-9999.0000,-9999.0000,0,0,1.0000
85897,2.8539,9.0357,11.2174,1.0974,5.4740,0.6483,1.6710,6.1647,80.1076,9.5936,86.2088,-1.5990,0.8702,-9999.0000,-9999.0000,0,0,1.0000
85898,3.7349,7.3731,15.1009,1.2972,-6.8897,0.0870,1.6728,5.9226,79.9810,11.4480,86.2158,-1.1647,1.0567,-9999.0000,-9999.0000,0,0,1.0000
85899,3.4459,7.8422,10.4812,-2.1123,-0.6655,-0.1351,1.6763,7.1532,79.8502,14.0837,86.2194,0.4418,1.4810,-9999.0000,-9999.0000,0,0,1.0000
85900,5.4064,7.5360,12.7204,1.7574,-0.4564,0.0631,1.6814,4.2700,79.7291,10.8160,86.2308,0.0359,0.4009,-9999.0000,-9999.0000,0,0,1.0000
85901,3.8054,6.9047,12.2281,2.7124,-1.1336,1.1676,1.6788,6.8654,79.5962,8.3264,86.2411,-0.6301,0.4958,-9999.0000,-9999.0000,0,0,1.0000
85902,4.8248,6.7613,12.7715,-0.4967,-2.7625,0.7204,1.6790,7.9307,79.4458,13.8644,86.2449,-1.2940,0.0355,-9999.0000,-9999.0000,0,0,1.0000
85903,4.2197,6.5174,13.6646,-3.6152,-3.7900,0.7347,1.6751,7.6197,79.3036,20.5349,86.2593,2.1977,0.1600,-9999.0000,-9999.0000,0,0,1.0000
85904,3.9405,7.5944,10.4095,-3.3104,0.7054,0.3158,1.6714,7.4115,79.1653,17.1619,86.2788,3.3989,0.7943,-9999.0000,-9999.0000,0,0,1.0000
85905,3.0010,5.9203,12.2989,0.9996,0.9360,0.5221,1.6688,7.2311,79.0257,9.1069,86.3084,-0.5263,2.9463,-9999.0000,-9999.0000,0,0,1.0000
85906,2.9951,5.2957,11.6421,1.8778,0.0191,0.4099,1.6691,9.8656,78.8955,8.9905,86.3315,0.1678,1.4968,-9999.0000,-9999.0000,0,0,1.0000
85907,3.1522,8.4335,11.4062,2.4572,-2.3898,0.0290,1.6666,8.8088,78.7619,11.8374,86.3599,4.1961,7.1166,-9999.0000,-9999.0000,0,0,1.0000
85908,3.1969,5.9023,9.8908,9.3149,-0.0686,0.5883,1.6612,4.0139,78.6312,9.6758,86.4038,2.0667,8.6510,-9999.0000,-9999.0000,0,0,1.0000
85909,3.0078,6.2796,12.1120,1.4596,-1.9260,0.9357,1.6614,5.2047,78.4949,14.2197,86.4378,-0.9297,4.3502,-9999.0000,-9999.0000,0,0,1.0000
85910,3.1842,5.6492,12.0538,-0.6934,3.2727,0.6931,1.6630,7.1900,78.3797,9.8784,86.4687,-1.2618,1.3064,-9999.0000,-9999.0000,0,0,1.0000
85911,3.3077,7.4438,10.7054,1.7429,0.1971,0.4303,1.6596,6.6760,78.2651,11.5126,86.4931,-2.0608,0.8773,-9999.0000,-9999.0000,0,0,1.0000
85912,3.1656,7.5996,11.4107,-0.5530,2.1234,0.0768,1.6623,4.6451,78.1506,11.7109,86.5199,-2.4146,0.8416,-9999.0000,-9999.0000,0,0,1.0000
85913,3.7577,5.8683,11.0934,-5.4593,0.2422,0.0267,1.6605,10.0787,78.0584,9.4577,86.5548,-1.1621,3.5710,-9999.0000,-9999.0000,0,0,1.0000
85914,3.8721,6.8037,12.8425,-0.7531,-3.7393,-0.1251,1.6558,6.8221,77.9552,7.1110,86.5683,-0.8917,1.7847,-9999.0000,-9999.0000,0,0,1.0000
85915,3.7113,6.3705,10.2388,0.1882,-4.4738,0.3891,1.6516,6.2749,77.8940,8.9399,86.5885,-0.7943,0.3703,-9999.0000,-9999.0000,0,0,1.0000
85916,3.6771,6.9142,11.4950,-0.2111,-0.0718,0.8877,1.6539,7.8265,77.8374,9.1256,86.6007,-1.0380,0.7101,-9999.0000,-9999.0000,0,0,1.0000
85917,3.8492,7.2417,10.7290,1.3695,1.5413,1.1310,1.6503,7.4995,77.7903,9.7357,86.6061,-1.5019,0.1542,-9999.0000,-9999.0000,0,0,1.0000
85918,3.2063,9.6259,11.1038,-2.4474,-0.7067,1.1667,1.6535,6.0562,77.7505,8.8846,86.6097,-1.3054,0.6598,-9999.0000,-9999.0000,0,0,1.0000
85919,6.7733,9.1617,11.2282,0.1250,0.1178,0.0964,1.6469,8.3635,77.7113,14.5389,86.6215,-1.3006,0.1556,-9999.0000,-9999.0000,0,0,1.0000
85920,3.9133,9.5321,10.7920,9.3882,0.5914,-0.0802,1.6505,6.6198,77.6899,8.1817,86.6247,-2.1599,0.2235,-9999.0000,-9999.0000,0,0,1.0000
85921,4.5050,5.8431,9.5046,2.3417,2.9298,0.6861,1.6542,7.8812,77.6771,8.0653,86.6267,-0.7668,0.1460,-9999.0000,-9999.0000,0,0,1.0000
85922,6.6509,6.0399,10.8353,-1.4882,-3.5381,0.3826,1.6541,9.0250,77.6726,9.3031,86.6316,-1.1052,0.6610,-9999.0000,-9999.0000,0,0,1.0000
85923,4.1734,6.7316,9.6608,0.5622,-3.2850,0.9708,1.6523,5.8973,77.6731,9.9177,86.6308,-1.5325,0.4711,-9999.0000,-9999.0000,0,0,1.0000
85924,3.6260,5.8705,10.2023,3.3107,-0.4596,0.5669,1.6623,7.9993,77.6703,11.5734,86.6205,-1.3857,-0.2633,-9999.0000,-9999.0000,0,0,1.0000
85925,4.4072,5.2883,8.3676,3.5962,1.2324,-0.5192,1.6649,8.4369,77.6989,10.6767,86.6224,-0.7943,0.3202,-9999.0000,-9999.0000,0,0,1.0000
85926,4.5461,7.0780,11.4527,0.8078,2.7919,0.5837,1.6739,7.7704,77.7341,10.6784,86.6136,-1.3282,1.4465,-9999.0000,-9999.0000,0,0,1.0000
85927,2.9069,4.6320,11.4872,3.2121,-1.1189,1.0836,1.6681,8.0089,77.7923,7.6735,86.6091,1.7789,0.8232,-9999.0000,-9999.0000,0,0,1.0000
85928,3.9305,5.5259,11.2789,5.7819,4.6544,0.2797,1.6590,5.5905,77.8548,7.9084,86.5928,3.0355,1.1653,-9999.0000,-9999.0000,0,0,1.0000
85929,3.2371,6.9156,8.7854,-1.9654,0.3972,0.5406,1.6585,8.8071,77.9380,13.8515,86.5824,1.4523,3.9202,-9999.0000,-9999.0000,0,0,1.0000
85930,3.5860,5.4351,11.6681,-2.4898,4.9385,0.1321,1.6604,6.4150,78.0323,13.2469,86.5555,-0.8278,4.8450,-9999.0000,-9999.0000,0,0,1.0000
85931,3.1916,5.2552,12.0888,1.4179,1.6799,0.4588,1.6621,4.7409,78.1386,10.8586,86.5314,0.3736,0.5212,-9999.0000,-9999.0000,0,0,1.0000
85932,3.7703,5.6030,11.0026,1.8310,-2.2219,0.3180,1.6593,10.0915,78.2276,13.3506,86.5135,0.3691,1.0708,-9999.0000,-9999.0000,0,0,1.0000
85933,3.4378,5.7855,10.4558,2.7614,0.4816,0.3939,1.6564,10.1274,78.3199,9.0099,86.5006,0.4415,4.0169,-9999.0000,-9999.0000,0,0,1.0000
85934,3.3043,7.8022,12.8624,-2.1166,0.0271,-0.1873,1.6555,7.3344,78.4166,10.3725,86.4876,-0.5584,3.2038,-9999.0000,-9999.0000,0,0,1.0000
85935,3.6207,5.9039,12.3976,0.2940,3.1342,0.5571,1.6550,13.3522,78.5154,7.9340,86.4737,-1.1540,0.2905,-9999.0000,-9999.0000,0,0,1.0000
85936,5.7698,7.6163,12.6744,2.2634,-2.4724,0.6510,1.6555,9.9508,78.5999,7.8765,86.4636,-1.3275,0.2269,-9999.0000,-9999.0000,0,0,1.0000
85937,4.3683,6.8055,13.5358,-2.8490,2.4587,0.4191,1.6544,9.3496,78.6797,7.3128,86.4418,-2.5057,0.3760,-9999.0000,-9999.0000,0,0,1.0000
85938,2.8448,6.1645,12.5492,1.2735,-1.4991,1.0419,1.6531,16.0284,78.7710,12.6913,86.4205,-0.1458,1.2118,-9999.0000,-9999.0000,0,0,1.0000
85939,2.9986,6.4849,10.8189,0.3145,-3.9800,0.9428,1.6571,7.1589,78.8717,8.7325,86.3964,-0.1351,0.7816,-9999.0000,-9999.0000,0,0,1.0000
85940,4.0003,5.7520,10.3382,3.9709,-4.6229,0.8544,1.6571,5.5101,78.9796,6.8854,86.3774,-0.4447,-0.2359,-9999.0000,-9999.0000,0,0,1.0000
85941,3.1877,6.2841,9.8672,-1.6751,0.8976,0.0795,1.6530,6.5152,79.0585,7.1362,86.3458,-0.0481,0.2578,-9999.0000,-9999.0000,0,0,1.0000
85942,2.8875,4.6284,11.0040,-1.8043,-2.4861,0.3187,1.6506,8.0388,79.1326,11.8295,86.3246,-1.4252,0.7686,-9999.0000,-9999.0000,0,0,1.0000
85943,4.1361,6.1084,10.1516,2.7561,0.4626,0.5692,1.6537,5.3086,79.2050,8.3523,86.3163,-0.9070,0.2121,-9999.0000,-9999.0000,0,0,1.0000
85944,3.1505,5.7200,11.7031,0.4426,-0.9551,0.3017,1.6621,4.5546,79.2849,7.9552,86.3112,-0.4647,0.1601,-9999.0000,-9999.0000,0,0,1.0000
85945,2.7637,5.7700,9.1725,-0.4601,-1.9240,0.7434,1.6628,4.9078,79.3776,5.7514,86.2979,1.8354,0.5848,-9999.0000,-9999.0000,0,0,1.0000
85946,2.6824,5.3205,9.4620,3.9447,-3.1963,0.4458,1.6629,10.0899,79.4671,7.0998,86.2889,4.7191,0.6942,-9999.0000,-9999.0000,0,0,1.0000
85947,2.9803,8.9862,8.0567,0.1293,-1.1859,0.8242,1.6814,9.5724,79.5305,9.6045,86.2631,5.7536,0.6688,-9999.0000,-9999.0000,0,0,1.0000
85948,3.6794,5.2397,8.8493,0.4047,-3.8484,-0.1844,1.6870,7.3132,79.5831,10.2915,86.2384,1.1121,0.4879,-9999.0000,-9999.0000,0,0,1.0000
85949,3.4476,4.6048,8.7205,2.2884,1.2142,0.3516,1.6876,5.6885,79.6428,7.5465,86.2095,1.9728,0.8233,-9999.0000,-9999.0000,0,0,1.0000
85950,2.5234,6.9021,10.1979,-2.4586,6.6384,0.6447,1.6840,4.2532,79.7133,10.5946,86.1809,-0.6286,1.3443,-9999.0000,-9999.0000,0,0,1.0000
85951,4.4273,4.5234,9.4566,2.9020,0.7544,1.9244,1.6911,6.6806,79.7762,8.3234,86.1499,-0.7529,1.4830,-9999.0000,-9999.0000,0,0,1.0000
85952,3.2578,5.5784,9.3364,2.7670,-0.1237,1.1557,1.6890,5.7776,79.8335,7.0797,86.1234,-0.8747,1.9579,-9999.0000,-9999.0000,0,0,1.0000
85953,5.6780,5.5088,9.6584,2.5031,2.1025,1.1427,1.6929,4.9333,79.8738,9.0318,86.0972,-0.8619,2.7460,-9999.0000,-9999.0000,0,0,1.0000
85954,2.8364,5.8796,11.8241,-1.5723,-1.8454,0.1857,1.6950,9.6826,79.9003,8.5446,86.0738,-1.0944,4.2568,-9999.0000,-9999.0000,0,0,1.0000
85955,3.1776,5.9018,9.6173,1.6687,-3.4958,0.5434,1.6923,11.4324,79.9206,11.6771,86.0600,3.3960,3.5199,-9999.0000,-9999.0000,0,0,1.0000
85956,2.5579,6.3952,10.5022,1.2626,-0.7462,0.2998,1.6953,11.3523,79.9409,12.6241,86.0463,5.0646,1.0269,-9999.0000,-9999.0000,0,0,1.0000
85957,4.1942,5.3415,10.5209,-1.3368,-1.3772,0.2935,1.6915,4.7529,79.9599,5.8734,86.0295,1.9743,0.7401,-9999.0000,-9999.0000,0,0,1.0000
85958,2.4543,6.5122,11.2771,2.2331,-1.8693,-0.0818,1.6910,5.1799,79.9810,7.6582,86.0157,-0.7115,1.2013,-9999.0000,-9999.0000,0,0,1.0000
85959,3.5371,6.2735,10.3779,-0.0309,-1.6947,0.0832,1.6864,5.5875,79.9922,9.8570,86.0053,-0.6756,0.7708,-9999.0000,-9999.0000,0,0,1.0000
85960,3.6394,5.8461,11.2422,8.1687,0.4953,0.6904,1.6854,5.0873,79.9883,10.4280,85.9979,-0.8094,0.7241,-9999.0000,-9999.0000,0,0,1.0000
85961,3.4087,6.0719,12.1403,0.3233,-1.8098,0.2553,1.6879,5.7643,79.9913,9.5911,85.9968,0.1746,0.4859,-9999.0000,-9999.0000,0,0,1.0000
85962,3.1353,8.0763,11.0519,-4.5525,-2.1544,0.1705,1.6826,6.3441,79.9852,9.7564,85.9965,0.3080,-0.1864,-9999.0000,-9999.0000,0,0,1.0000
85963,3.5074,6.7230,9.3204,4.0670,1.0526,0.3433,1.6779,6.5779,79.9797,13.8989,85.9963,-0.2246,0.6151,-9999.0000,-9999.0000,0,0,1.0000
