Data/Raw/WAGNER,NICK/firexaq-AOP-optical_DC8_20190716_R1.ict
51, 1001
Wagner, Nicholas L.
NOAA Earth System Research Laboratory
NOAA AOP instrument
FIREX-AQ
1, 1
2019, 07, 16, 2020, 04, 27
1
Time_start, seconds_past_midnight, seconds from midnight
18
1, 1, 1, 1, 1, 1, 1, 1, 1, 1, 1, 1, 1, 1, 1, 1, 1, 1
-9999, -9999, -9999, -9999, -9999, -9999, -9999, -9999, -9999, -9999, -9999, -9999, -9999, -9999, -9999, -9999, -9999, -9999
ext_dry_664, Mm-1, AerOpt_Extinction_InSitu_RHd_red_Total_PM2.5_STP
ext_dry_532, Mm-1, AerOpt_Extinction_InSitu_RHd_green_Total_PM2.5_STP
ext_dry_405, Mm-1, AerOpt_Extinction_InSitu_RHd_blue_Total_PM2.5_STP
abs_dry_664, Mm-1, AerOpt_Absorption_InSitu_RHd_red_Total_PM2.5_STP
abs_dry_532, Mm-1, AerOpt_Absorption_InSitu_RHd_green_Total_PM2.5_STP
abs_dry_405, Mm-1, AerOpt_Absorption_InSitu_RHd_blue_Total_PM2.5_STP
AOP_RH_dry, pct, Relative_humidity_of_dry_RH_channels
ext_medRH_664, Mm-1, AerOpt_Extinction_InSitu_RH80_red_Total_PM2.5_STP
AOP_RH_med, pct, Relative_humidity_of_medium_RH_channel
ext_highRH_664, Mm-1, AerOpt_Extinction_InSitu_RH85_red_Total_PM2.5_STP
AOP_RH_high, pct, Relative_humidity_of_high_RH_channel
ext_TD_664, Mm-1, AerOpt_ExtinctionTD_InSitu_RHd_blue_Total_PM2.5_STP
ext_TD_405, Mm-1, AerOpt_ExtinctionTD_InSitu_RHd_red_Total_PM2.5_STP
abs_TD_664, Mm-1, AerOpt_Absorption_InSitu_RHd_red_Total_PM2.5_STP
abs_TD_405, Mm-1, AerOpt_Absorption_InSitu_RHd_blue_Total_PM2.5_STP
AOP_TD_bypass_flag, pct, Flag_for_TD_Bypass_valve
AOP_filter_flag, pct, Flag_for_Filter_Valve
AOP_Dilution_ratio, pct, Applied_Dilution_Ratio_for_ext_channels
1
SPECIAL COMMENTS: In-cloud data has not been removed.
18
PI_CONTACT_INFO: Address: NOAA ESRL Chemical Sciences Division, R/CSD2, 325 Broadway, Boulder, CO 80305. Email: nick.wagner@noaa.gov.
PLATFORM: NASA DC8
LOCATION: See the DC8 MetNav file, Based in Boise (BOI) and Salina, KS
ASSOCIATED_DATA: N/A
[...]
DATA_INFO: Mm-1:
UNCERTAINTY: The precision of the extinction measurements varies with aerosol loading and is +/-20% at 10 Mm-1 and +/-5% at 100 Mm-1. The accuracy of the dry measurement is +/-2% and depends on RH for the humidified measurements, +/-5% at 85% RH and +/-15% at 90% RH. For more details, see Langridge et al., Aerosol Science and Technology 45:1305-1318, 2011. Analysis of comparable measurements suggest incomplete mixing in the dilution system. Effective dilution for individual instruments can vary by +/- 30% compared to the reported flow-based dilution estimate. The absorption measurements have a high signal accuracy of 20%. The low signal precision varies with altitude and flight to flight, and is typically less than 10 Mm-1 for 1 second measurements.
ULOD_FLAG: -7777
ULOD_VALUE: N/A
LLOD_FLAG: -8888
LLOD_VALUE: N/A
DM_CONTACT_INFO: Gao Chen
PROJECT_INFO: FIREX-AQ
STIPULATIONS_ON_USE: NASA Data Policy. Contact with PI is encouraged.
OTHER_COMMENTS: N/A
REVISION: R1
R1: Absorption measurements have been corrected for pressure dependent microphone sensitivity. R0: Final Data. 
Time_start, ext_dry_664, ext_dry_532, ext_dry_405, abs_dry_664, abs_dry_532, abs_dry_405, AOP_RH_dry, ext_medRH_664, AOP_RH_med, ext_highRH_664, AOP_RH_high, ext_TD_664, ext_TD_405, abs_TD_664, abs_TD_405, AOP_TD_bypass_flag, AOP_filter_flag, AOP_Dilution_ratio
[from data line 12183]
81088,8.9159,9.5279,13.0668,-9999.0000,-9999.0000,-9999.0000,25.6689,6.7852,56.1873,6.2421,52.9251,-9999.0000,3.5478,-9999.0000,-9999.0000,0,0,1.0000
81089,5.9913,9.9921,15.7030,-9999.0000,-9999.0000,-9999.0000,25.6650,5.7580,56.1820,4.8803,52.9331,-9999.0000,2.8251,-9999.0000,-9999.0000,0,0,1.0000
81090,6.0770,9.4783,15.6315,-9999.0000,-9999.0000,-9999.0000,25.6641,4.8332,56.2011,5.0043,52.9396,-9999.0000,1.4717,-9999.0000,-9999.0000,0,0,1.0000
81091,5.3652,9.5687,14.0039,-9999.0000,-9999.0000,-9999.0000,25.6782,5.1064,56.1969,10.6863,52.9398,-9999.0000,2.5862,-9999.0000,-9999.0000,0,0,1.0000
81092,5.8591,8.2177,14.5385,-9999.0000,-9999.0000,-9999.0000,25.6787,4.8553,56.2056,14.6668,52.9421,-9999.0000,1.5338,-9999.0000,-9999.0000,0,0,1.0000
81093,8.7734,9.2360,16.7444,-9999.0000,-9999.0000,-9999.0000,25.6821,5.7474,56.2081,3.7049,52.9431,-9999.0000,1.9880,-9999.0000,-9999.0000,0,0,1.0000
81094,6.2728,9.3441,16.4346,-9999.0000,-9999.0000,-9999.0000,25.6854,6.3679,56.2043,5.7786,52.9407,-9999.0000,2.3700,-9999.0000,-9999.0000,0,0,1.0000
81095,5.9417,10.7646,12.8234,-9999.0000,-9999.0000,-9999.0000,25.6851,5.2005,56.2189,5.8284,52.9479,-9999.0000,3.2119,-9999.0000,-9999.0000,0,0,1.0000
81096,6.1483,12.0546,16.0180,-9999.0000,-9999.0000,-9999.0000,25.6844,3.8805,56.2188,4.1598,52.9440,-9999.0000,4.1207,-9999.0000,-9999.0000,0,0,1.0000
81097,7.5173,8.8564,14.0073,-9999.0000,-9999.0000,-9999.0000,25.6905,3.2817,56.2169,6.0875,52.9425,-9999.0000,3.3421,-9999.0000,-9999.0000,0,0,1.0000
81098,7.1334,12.9997,14.7194,-9999.0000,-9999.0000,-9999.0000,25.6838,4.0293,56.2230,7.5774,52.9453,-9999.0000,2.3453,-9999.0000,-9999.0000,0,0,1.0000
81099,6.3691,7.9166,14.2634,-9999.0000,-9999.0000,-9999.0000,25.6827,4.7732,56.2237,7.6872,52.9477,-9999.0000,1.5213,-9999.0000,-9999.0000,0,0,1.0000
81100,4.8591,7.8068,12.8265,-9999.0000,-9999.0000,-9999.0000,25.6800,4.6367,56.2404,5.9119,52.9537,-9999.0000,2.8932,-9999.0000,-9999.0000,0,0,1.0000
81101,7.0886,10.3964,12.9605,-9999.0000,-9999.0000,-9999.0000,25.6773,4.7654,56.2420,5.9686,52.9498,-9999.0000,2.4363,-9999.0000,-9999.0000,0,0,1.0000
81102,5.8541,9.3980,14.2183,-9999.0000,-9999.0000,-9999.0000,25.6737,4.4656,56.2388,6.7029,52.9506,-9999.0000,5.1561,-9999.0000,-9999.0000,0,0,1.0000
81103,6.0109,9.0868,13.9328,-9999.0000,-9999.0000,-9999.0000,25.6650,6.0145,56.2416,7.2777,52.9481,-9999.0000,6.1042,-9999.0000,-9999.0000,0,0,1.0000
81104,6.1394,10.6786,13.0731,-9999.0000,-9999.0000,-9999.0000,25.6538,4.3847,56.2386,5.8103,52.9415,-9999.0000,2.5826,-9999.0000,-9999.0000,0,0,1.0000
81105,4.9607,8.5772,14.8848,-9999.0000,-9999.0000,-9999.0000,25.6482,6.4615,56.2475,4.5859,52.9429,-9999.0000,1.9806,-9999.0000,-9999.0000,0,0,1.0000
81106,6.0878,6.6623,15.9062,-9999.0000,-9999.0000,-9999.0000,25.6522,7.4771,56.2568,5.5341,52.9371,-9999.0000,1.6361,-9999.0000,-9999.0000,0,0,1.0000
81107,4.4933,7.2590,15.5885,-9999.0000,-9999.0000,-9999.0000,25.6533,4.8254,56.2499,9.5591,52.9351,-9999.0000,1.5353,-9999.0000,-9999.0000,0,0,1.0000
81108,6.2384,7.8562,15.2387,-9999.0000,-9999.0000,-9999.0000,25.6613,3.8377,56.2553,7.0564,52.9364,-9999.0000,4.6528,-9999.0000,-9999.0000,0,0,1.0000
81109,5.8874,8.7779,14.3344,-9999.0000,-9999.0000,-9999.0000,25.6583,3.9536,56.2517,5.3297,52.9291,-9999.0000,10.7127,-9999.0000,-9999.0000,0,0,1.0000
81110,6.5809,11.2409,13.7613,-9999.0000,-9999.0000,-9999.0000,25.6567,4.3308,56.2627,5.3076,52.9316,-9999.0000,6.2695,-9999.0000,-9999.0000,0,0,1.0000
81111,6.3237,11.4486,13.5990,-9999.0000,-9999.0000,-9999.0000,25.6567,6.4225,56.2585,11.4570,52.9338,-9999.0000,2.5139,-9999.0000,-9999.0000,0,0,1.0000
81112,6.6455,7.5568,13.4162,-9999.0000,-9999.0000,-9999.0000,25.6560,7.0643,56.2623,7.9956,52.9283,-9999.0000,7.1345,-9999.0000,-9999.0000,0,0,1.0000
81113,7.3266,10.8916,16.8512,-9999.0000,-9999.0000,-9999.0000,25.6579,10.1101,56.2647,4.9117,52.9260,-9999.0000,4.8943,-9999.0000,-9999.0000,0,0,1.0000
81114,6.0118,10.8097,14.4246,-9999.0000,-9999.0000,-9999.0000,25.6611,5.7716,56.2655,4.7566,52.9232,-9999.0000,2.0409,-9999.0000,-9999.0000,0,0,1.0000
81115,5.3729,9.1463,12.2423,-9999.0000,-9999.0000,-9999.0000,25.6642,5.0399,56.2631,4.3136,52.9122,-9999.0000,1.7206,-9999.0000,-9999.0000,0,0,1.0000
81116,6.7282,8.1556,12.9632,-9999.0000,-9999.0000,-9999.0000,25.6658,4.9850,56.2699,4.2533,52.9234,-9999.0000,2.0624,-9999.0000,-9999.0000,0,0,1.0000
81117,6.0515,9.9744,20.3400,-9999.0000,-9999.0000,-9999.0000,25.6564,4.2582,56.2744,3.6919,52.9128,-9999.0000,6.5874,-9999.0000,-9999.0000,0,0,1.0000
81118,5.2799,8.5881,13.8095,-9999.0000,-9999.0000,-9999.0000,25.6635,4.0170,56.2756,4.2182,52.9047,-9999.0000,4.9966,-9999.0000,-9999.0000,0,0,1.0000
81119,7.7591,8.3084,17.1394,-9999.0000,-9999.0000,-9999.0000,25.6627,6.4175,56.2717,8.1499,52.9060,-9999.0000,1.8321,-9999.0000,-9999.0000,0,0,1.0000
81120,8.2985,11.0650,14.8205,-9999.0000,-9999.0000,-9999.0000,25.6623,6.5159,56.2716,6.9946,52.8911,-9999.0000,3.7940,-9999.0000,-9999.0000,0,0,1.0000
81121,8.1915,9.5961,14.7831,-9999.0000,-9999.0000,-9999.0000,25.6639,3.7708,56.2757,5.8682,52.8885,-9999.0000,3.0445,-9999.0000,-9999.0000,0,0,1.0000
81122,8.4993,7.8898,19.1386,-9999.0000,-9999.0000,-9999.0000,25.6572,3.3990,56.2791,11.6694,52.8819,-9999.0000,2.0999,-9999.0000,-9999.0000,0,0,1.0000
81123,7.9395,9.5004,12.9326,-9999.0000,-9999.0000,-9999.0000,25.6610,4.2698,56.2773,5.6001,52.8799,-9999.0000,3.4264,-9999.0000,-9999.0000,0,0,1.0000
81124,8.7330,10.2139,15.5654,-9999.0000,-9999.0000,-9999.0000,25.6662,6.8720,56.2791,6.5043,52.8804,-9999.0000,3.5900,-9999.0000,-9999.0000,0,0,1.0000
81125,5.8407,9.7541,16.5898,-9999.0000,-9999.0000,-9999.0000,25.6681,11.9965,56.2808,6.2081,52.8790,-9999.0000,2.4373,-9999.0000,-9999.0000,0,0,1.0000
81126,5.5383,8.8412,18.8063,-9999.0000,-9999.0000,-9999.0000,25.6693,5.5005,56.2835,6.7690,52.8827,-9999.0000,1.5982,-9999.0000,-9999.0000,0,0,1.0000
81127,5.6580,7.1601,13.4374,-9999.0000,-9999.0000,-9999.0000,25.6585,6.0152,56.2842,7.7094,52.8819,-9999.0000,1.3119,-9999.0000,-9999.0000,0,0,1.0000
81128,8.4652,8.9634,13.2595,-9999.0000,-9999.0000,-9999.0000,25.6646,8.9643,56.2838,7.4306,52.8749,-9999.0000,2.3590,-9999.0000,-9999.0000,0,0,1.0000
81129,7.0149,14.2428,19.3827,-9999.0000,-9999.0000,-9999.0000,25.6809,5.4197,56.2868,9.8969,52.8792,-9999.0000,1.9786,-9999.0000,-9999.0000,0,0,1.0000
81130,6.3627,11.3793,16.3960,-9999.0000,-9999.0000,-9999.0000,25.6894,5.6576,56.2904,9.9747,52.8714,-9999.0000,3.9267,-9999.0000,-9999.0000,0,0,1.0000
81131,6.5661,10.7968,14.4801,-9999.0000,-9999.0000,-9999.0000,25.6894,5.8225,56.2850,8.5581,52.8698,-9999.0000,1.7018,-9999.0000,-9999.0000,0,0,1.0000
81132,5.6312,10.0307,14.2425,-9999.0000,-9999.0000,-9999.0000,25.6901,4.5548,56.3002,11.0100,52.8667,-9999.0000,1.5543,-9999.0000,-9999.0000,0,0,1.0000
81133,6.6372,8.7948,17.7997,-9999.0000,-9999.0000,-9999.0000,25.6955,6.0312,56.2944,9.5439,52.8557,-9999.0000,3.5438,-9999.0000,-9999.0000,0,0,1.0000
81134,10.9647,9.6623,15.9731,-9999.0000,-9999.0000,-9999.0000,25.6992,6.6745,56.2864,5.3950,52.8494,-9999.0000,6.6265,-9999.0000,-9999.0000,0,0,1.0000
81135,5.9353,13.1472,16.2379,-9999.0000,-9999.0000,-9999.0000,25.6993,6.9831,56.2834,7.5036,52.8416,-9999.0000,18.6841,-9999.0000,-9999.0000,0,0,1.0000
81136,10.2713,10.8521,20.6862,-9999.0000,-9999.0000,-9999.0000,25.6989,7.6273,56.2761,18.2921,52.8405,-9999.0000,15.7128,-9999.0000,-9999.0000,0,0,1.0000
81137,5.3492,8.7666,14.4625,-9999.0000,-9999.0000,-9999.0000,25.6946,7.0986,56.2800,5.7311,52.8333,-9999.0000,4.8656,-9999.0000,-9999.0000,0,0,1.0000
81138,7.1239,10.1050,17.7838,-9999.0000,-9999.0000,-9999.0000,25.6971,8.8421,56.2742,5.7707,52.8421,-9999.0000,1.2710,-9999.0000,-9999.0000,0,0,1.0000
81139,5.9460,10.5346,17.3163,-9999.0000,-9999.0000,-9999.0000,25.7013,7.1035,56.2753,5.5985,52.8352,-9999.0000,1.1258,-9999.0000,-9999.0000,0,0,1.0000
81140,7.0452,12.8388,15.2117,-9999.0000,-9999.0000,-9999.0000,25.7085,4.8651,56.2809,5.9145,52.8420,-9999.0000,0.6514,-9999.0000,-9999.0000,0,0,1.0000
81141,5.5412,8.9367,14.1901,-9999.0000,-9999.0000,-9999.0000,25.7063,5.3206,56.2754,5.2900,52.8484,-9999.0000,1.8168,-9999.0000,-9999.0000,0,0,1.0000
81142,9.7089,9.8444,19.0363,-9999.0000,-9999.0000,-9999.0000,25.7033,6.1626,56.2770,5.2121,52.8539,-9999.0000,2.0734,-9999.0000,-9999.0000,0,0,1.0000
81143,8.8992,9.3372,15.0007,-9999.0000,-9999.0000,-9999.0000,25.7219,4.3837,56.2869,8.4573,52.8753,-9999.0000,1.4961,-9999.0000,-9999.0000,0,0,1.0000
81144,7.9016,7.7284,15.0432,-9999.0000,-9999.0000,-9999.0000,25.7239,5.5145,56.2795,7.2283,52.8706,-9999.0000,1.5036,-9999.0000,-9999.0000,0,0,1.0000
81145,7.5449,9.1902,16.1098,-9999.0000,-9999.0000,-9999.0000,25.7255,9.9696,56.2803,8.8177,52.8778,-9999.0000,1.3588,-9999.0000,-9999.0000,0,0,1.0000
81146,6.8084,10.6676,24.2181,-9999.0000,-9999.0000,-9999.0000,25.7308,6.4923,56.2886,5.9029,52.8843,-9999.0000,2.4968,-9999.0000,-9999.0000,0,0,1.0000
81147,7.8335,8.4840,18.2508,-9999.0000,-9999.0000,-9999.0000,25.7376,4.6323,56.2887,4.2653,52.8774,-9999.0000,4.9252,-9999.0000,-9999.0000,0,0,1.0000
81148,5.7714,9.5357,15.6850,-9999.0000,-9999.0000,-9999.0000,25.7370,7.2356,56.3009,6.2244,52.8822,-9999.0000,2.0701,-9999.0000,-9999.0000,0,0,1.0000
81149,6.1722,10.9198,17.5844,-9999.0000,-9999.0000,-9999.0000,25.7314,7.2551,56.2991,4.9315,52.8829,-9999.0000,3.2556,-9999.0000,-9999.0000,0,0,1.0000
81150,7.9296,11.3276,16.2807,-9999.0000,-9999.0000,-9999.0000,25.7267,8.5969,56.3024,9.8824,52.8812,-9999.0000,5.3335,-9999.0000,-9999.0000,0,0,1.0000
81151,7.9061,10.0578,16.5242,-9999.0000,-9999.0000,-9999.0000,25.7329,6.3946,56.3103,7.6527,52.8837,-9999.0000,2.7223,-9999.0000,-9999.0000,0,0,1.0000
81152,7.6525,9.9995,17.0899,-9999.0000,-9999.0000,-9999.0000,25.7281,6.0393,56.3136,7.8411,52.8772,-9999.0000,3.4358,-9999.0000,-9999.0000,0,0,1.0000
81153,6.3550,11.5291,16.4103,-9999.0000,-9999.0000,-9999.0000,25.7262,9.5398,56.3192,8.7039,52.8847,-9999.0000,6.4119,-9999.0000,-9999.0000,0,0,1.0000
81154,8.6582,9.6179,18.1262,-9999.0000,-9999.0000,-9999.0000,25.7405,8.0668,56.3376,7.0882,52.8961,-9999.0000,9.5837,-9999.0000,-9999.0000,0,0,1.0000
81155,8.5119,13.0696,18.3362,-9999.0000,-9999.0000,-9999.0000,25.7466,6.1065,56.3466,6.4513,52.9007,-9999.0000,6.3101,-9999.0000,-9999.0000,0,0,1.0000
81156,6.9316,10.0620,16.7703,-9999.0000,-9999.0000,-9999.0000,25.7460,7.2360,56.3638,5.5160,52.9077,-9999.0000,5.1555,-9999.0000,-9999.0000,0,0,1.0000
81157,9.4394,11.0779,19.5983,-9999.0000,-9999.0000,-9999.0000,25.7387,5.0529,56.3756,5.5445,52.9099,-9999.0000,11.1373,-9999.0000,-9999.0000,0,0,1.0000
81158,7.5161,11.2620,16.7690,-9999.0000,-9999.0000,-9999.0000,25.7364,11.0984,56.3732,6.0096,52.9138,-9999.0000,5.4638,-9999.0000,-9999.0000,0,0,1.0000
81159,8.7627,13.0753,18.9954,-9999.0000,-9999.0000,-9999.0000,25.7296,8.9017,56.3876,7.0773,52.9183,-9999.0000,2.3778,-9999.0000,-9999.0000,0,0,1.0000
81160,6.5237,10.8908,18.1774,-9999.0000,-9999.0000,-9999.0000,25.7350,15.2898,56.3848,7.2949,52.9080,-9999.0000,2.6443,-9999.0000,-9999.0000,0,0,1.0000
81161,11.7489,9.8069,21.5167,-9999.0000,-9999.0000,-9999.0000,25.7446,7.6002,56.3793,7.2948,52.9018,-9999.0000,6.9146,-9999.0000,-9999.0000,0,0,1.0000
81162,7.8677,11.5343,15.5948,-9999.0000,-9999.0000,-9999.0000,25.7478,6.2569,56.3771,6.8771,52.8950,-9999.0000,12.4925,-9999.0000,-9999.0000,0,0,1.0000
81163,7.0407,9.2872,16.6883,-9999.0000,-9999.0000,-9999.0000,25.7473,8.9266,56.3713,9.9980,52.8904,-9999.0000,2.8734,-9999.0000,-9999.0000,0,0,1.0000
81164,7.5779,10.8307,15.9422,-9999.0000,-9999.0000,-9999.0000,25.7492,5.4519,56.3705,7.5925,52.8852,-9999.0000,1.3191,-9999.0000,-9999.0000,0,0,1.0000
81165,9.3685,10.7873,17.7208,-9999.0000,-9999.0000,-9999.0000,25.7506,8.1619,56.3647,7.0347,52.8716,-9999.0000,1.7308,-9999.0000,-9999.0000,0,0,1.0000
81166,8.2085,9.9343,19.4844,-9999.0000,-9999.0000,-9999.0000,25.7565,6.6519,56.3643,8.2582,52.8658,-9999.0000,3.2010,-9999.0000,-9999.0000,0,0,1.0000
81167,8.2181,10.2741,17.4539,-9999.0000,-9999.0000,-9999.0000,25.7614,9.8362,56.3626,16.7064,52.8594,-9999.0000,3.3118,-9999.0000,-9999.0000,0,0,1.0000
81168,7.9463,8.8330,15.7118,-9999.0000,-9999.0000,-9999.0000,25.7628,4.6660,56.3607,9.5040,52.8621,-9999.0000,16.1407,-9999.0000,-9999.0000,0,0,1.0000
81169,9.0324,10.9364,16.4237,-9999.0000,-9999.0000,-9999.0000,25.7590,5.3699,56.3546,5.7144,52.8599,-9999.0000,25.1572,-9999.0000,-9999.0000,0,0,1.0000
81170,9.0037,19.9603,19.0059,-9999.0000,-9999.0000,-9999.0000,25.7552,6.2244,56.3490,3.8695,52.8541,-9999.0000,9.9871,-9999.0000,-9999.0000,0,0,1.0000
81171,6.3624,12.4265,17.3810,-9999.0000,-9999.0000,-9999.0000,25.7605,12.1653,56.3447,4.6852,52.8559,-9999.0000,3.7475,-9999.0000,-9999.0000,0,0,1.0000
81172,5.7265,10.7423,15.4193,-9999.0000,-9999.0000,-9999.0000,25.7732,6.6747,56.3271,4.5749,52.8477,-9999.0000,2.5645,-9999.0000,-9999.0000,0,0,1.0000
81173,8.6275,14.5353,19.0916,-9999.0000,-9999.0000,-9999.0000,25.7818,4.7711,56.3222,4.1676,52.8464,-9999.0000,3.1276,-9999.0000,-9999.0000,0,0,1.0000
81174,6.4133,11.1934,15.8492,-9999.0000,-9999.0000,-9999.0000,25.7741,5.1979,56.3014,8.9775,52.8298,-9999.0000,6.3035,-9999.0000,-9999.0000,0,0,1.0000
81175,7.4895,13.1712,18.0253,-9999.0000,-9999.0000,-9999.0000,25.7801,6.3211,56.2946,9.3855,52.8246,-9999.0000,5.1187,-9999.0000,-9999.0000,0,0,1.0000
81176,5.5637,10.9057,15.9022,-9999.0000,-9999.0000,-9999.0000,25.7822,6.2326,56.2885,6.3138,52.8228,-9999.0000,2.6612,-9999.0000,-9999.0000,0,0,1.0000
81177,6.2659,12.0776,15.7440,-9999.0000,-9999.0000,-9999.0000,25.7860,6.1979,56.2819,12.5042,52.8166,-9999.0000,3.7261,-9999.0000,-9999.0000,0,0,1.0000
81178,7.3453,11.2782,16.9190,-9999.0000,-9999.0000,-9999.0000,25.7958,7.5298,56.2834,7.6731,52.8172,-9999.0000,2.3990,-9999.0000,-9999.0000,0,0,1.0000
81179,6.8667,11.9960,16.6129,-9999.0000,-9999.0000,-9999.0000,25.8015,6.8747,56.2684,6.1514,52.8113,-9999.0000,2.1382,-9999.0000,-9999.0000,0,0,1.0000
81180,5.7866,11.8809,16.3331,-9999.0000,-9999.0000,-9999.0000,25.8051,8.0540,56.2511,8.1160,52.8090,-9999.0000,6.3188,-9999.0000,-9999.0000,0,0,1.0000
81181,9.7079,12.0086,17.0384,-9999.0000,-9999.0000,-9999.0000,25.8035,8.4096,56.2325,5.7879,52.8149,-9999.0000,8.7327,-9999.0000,-9999.0000,0,0,1.0000
81182,8.8987,11.1340,17.9289,-9999.0000,-9999.0000,-9999.0000,25.8013,6.4439,56.2430,5.3905,52.8315,-9999.0000,9.5136,-9999.0000,-9999.0000,0,0,1.0000
81183,7.3414,10.0920,21.0571,-9999.0000,-9999.0000,-9999.0000,25.7997,6.6638,56.2437,5.8817,52.8570,-9999.0000,7.6144,-9999.0000,-9999.0000,0,0,1.0000
81184,7.2907,12.7799,18.0602,-9999.0000,-9999.0000,-9999.0000,25.8009,9.9236,56.2532,5.0914,52.8703,-9999.0000,22.2489,-9999.0000,-9999.0000,0,0,1.0000
81185,6.9673,11.8301,21.2365,-9999.0000,-9999.0000,-9999.0000,25.8055,18.6376,56.2684,7.0732,52.8786,-9999.0000,11.3151,-9999.0000,-9999.0000,0,0,1.0000
81186,7.6286,10.9861,15.7790,-9999.0000,-9999.0000,-9999.0000,25.8138,8.8836,56.2682,9.1848,52.8879,-9999.0000,2.0264,-9999.0000,-9999.0000,0,0,1.0000
81187,5.9573,11.9520,21.1363,-9999.0000,-9999.0000,-9999.0000,25.8320,4.6521,56.2835,13.9398,52.9093,-9999.0000,4.4095,-9999.0000,-9999.0000,0,0,1.0000
81188,8.7488,10.8650,19.5306,-9999.0000,-9999.0000,-9999.0000,25.8350,7.7024,56.2751,8.8167,52.9375,-9999.0000,4.1087,-9999.0000,-9999.0000,0,0,1.0000
81189,5.7471,10.8449,18.1702,-9999.0000,-9999.0000,-9999.0000,25.8359,9.3424,56.2798,8.1519,52.9533,-9999.0000,2.2568,-9999.0000,-9999.0000,0,0,1.0000
81190,7.0566,10.1305,22.4278,-9999.0000,-9999.0000,-9999.0000,25.8349,7.9411,56.2817,4.8551,52.9591,-9999.0000,10.3886,-9999.0000,-9999.0000,0,0,1.0000
81191,6.6684,9.1490,17.7535,-9999.0000,-9999.0000,-9999.0000,25.8378,8.0482,56.2777,6.4525,52.9630,-9999.0000,5.9717,-9999.0000,-9999.0000,0,0,1.0000
81192,7.3832,10.6592,14.7064,-9999.0000,-9999.0000,-9999.0000,25.8424,7.8114,56.2880,4.8722,52.9596,-9999.0000,3.0629,-9999.0000,-9999.0000,0,0,1.0000
