Data/Raw/WAGNER,NICK/firexaq-AOP-optical_DC8_20190813_R1.ict
51, 1001
Wagner, Nicholas L.
NOAA Earth System Research Laboratory
NOAA AOP instrument
FIREX-AQ
1, 1
2019, 08, 13, 2020, 04, 27
1
Time_start, seconds_past_midnight, seconds from midnight
18
1, 1, 1, 1, 1, 1, 1, 1, 1, 1, 1, 1, 1, 1, 1, 1, 1, 1
-9999, -9999, -9999, -9999, -9999, -9999, -9999, -9999, -9999, -9999, -9999, -9999, -9999, -9999, -9999, -9999, -9999, -9999
ext_dry_664, Mm-1, AerOpt_Extinction_InSitu_RHd_red_Total_PM2.5_STP
ext_dry_532, Mm-1, AerOpt_Extinction_InSitu_RHd_green_Total_PM2.5_STP
ext_dry_405, Mm-1, AerOpt_Extinction_InSitu_RHd_blue_Total_PM2.5_STP
abs_dry_664, Mm-1, AerOpt_Absorption_InSitu_RHd_red_Total_PM2.5_STP
abs_dry_532, Mm-1, AerOpt_Absorption_InSitu_RHd_green_Total_PM2.5_STP
abs_dry_405, Mm-1, AerOpt_Absorption_InSitu_RHd_blue_Total_PM2.5_STP
AOP_RH_dry, pct, Relative_humidity_of_dry_RH_channels
ext_medRH_664, Mm-1, AerOpt_Extinction_InSitu_RH80_red_Total_PM2.5_STP
AOP_RH_med, pct, Relative_humidity_of_medium_RH_channel
ext_highRH_664, Mm-1, AerOpt_Extinction_InSitu_RH85_red_Total_PM2.5_STP
AOP_RH_high, pct, Relative_humidity_of_high_RH_channel
ext_TD_664, Mm-1, AerOpt_ExtinctionTD_InSitu_RHd_blue_Total_PM2.5_STP
ext_TD_405, Mm-1, AerOpt_ExtinctionTD_InSitu_RHd_red_Total_PM2.5_STP
abs_TD_664, Mm-1, AerOpt_Absorption_InSitu_RHd_red_Total_PM2.5_STP
abs_TD_405, Mm-1, AerOpt_Absorption_InSitu_RHd_blue_Total_PM2.5_STP
AOP_TD_bypass_flag, pct, Flag_for_TD_Bypass_valve
AOP_filter_flag, pct, Flag_for_Filter_Valve
AOP_Dilution_ratio, pct, Applied_Dilution_Ratio_for_ext_channels
1
N/A
18
PI_CONTACT_INFO: Address: NOAA ESRL Chemical Sciences Division, R/CSD2, 325 Broadway, Boulder, CO 80305. Email: nick.wagner@noaa.gov.
PLATFORM: NASA DC8
LOCATION: See the DC8 MetNav file, Based in Boise (BOI) and Salina, KS
ASSOCIATED_DATA: N/A
[...]
DATA_INFO: Mm-1:
UNCERTAINTY: The precision of the extinction measurements varies with aerosol loading and is +/-20% at 10 Mm-1 and +/-5% at 100 Mm-1. The accuracy of the dry measurement is +/-2% and depends on RH for the humidified measurements, +/-5% at 85% RH and +/-15% at 90% RH. For more details, see Langridge et al., Aerosol Science and Technology 45:1305-1318, 2011. Analysis of comparable measurements suggest incomplete mixing in the dilution system. Effective dilution for individual instruments can vary by +/- 30% compared to the reported flow-based dilution estimate. The absorption measurements have a high signal accuracy of 20%. The low signal precision varies with altitude and flight to flight, and is typically less than 10 Mm-1 for 1 second measurements.
ULOD_FLAG: -7777
ULOD_VALUE: N/A
LLOD_FLAG: -8888
LLOD_VALUE: N/A
DM_CONTACT_INFO: Gao Chen
PROJECT_INFO: FIREX-AQ
STIPULATIONS_ON_USE: NASA Data Policy. Contact with PI is encouraged.
OTHER_COMMENTS: N/A
REVISION: R1
R1: Absorption measurements have been corrected for pressure dependent microphone sensitivity. In-cloud data has been removed. R0: Final Data. 
Time_start, ext_dry_664, ext_dry_532, ext_dry_405, abs_dry_664, abs_dry_532, abs_dry_405, AOP_RH_dry, ext_medRH_664, AOP_RH_med, ext_highRH_664, AOP_RH_high, ext_TD_664, ext_TD_405, abs_TD_664, abs_TD_405, AOP_TD_bypass_flag, AOP_filter_flag, AOP_Dilution_ratio
[from data line 20484]
96389,15.9092,22.0728,32.5574,7.0508,-1.2321,-0.3827,8.8987,14.8717,79.1331,16.3504,85.4061,-9999.0000,-9999.0000,-3.8727,7.9838,0,0,1.0000
96390,15.4355,19.3284,30.4138,2.3946,-2.2708,-0.7839,8.8889,17.5636,79.0369,23.0697,85.4099,-9999.0000,-9999.0000,-2.8444,4.1942,0,0,1.0000
96391,14.8249,30.0030,31.0940,-0.6289,-2.8899,-0.0191,8.8847,16.3082,78.9443,17.3721,85.4088,-9999.0000,-9999.0000,1.6185,7.4641,0,0,1.0000
96392,18.1827,23.7967,35.6237,-3.9666,-3.7211,0.6279,8.8871,18.9510,78.8611,17.1960,85.4128,-9999.0000,-9999.0000,-0.3061,5.9221,0,0,1.0000
96393,14.7527,22.4163,35.2664,1.5109,0.8897,0.3689,8.8872,14.5974,78.8146,20.0966,85.4215,-9999.0000,-9999.0000,3.1628,-5.6142,0,0,1.0000
96394,12.7583,25.7688,34.2311,3.8264,-1.3074,0.1940,8.8867,15.4436,78.7629,16.5983,85.4309,-9999.0000,-9999.0000,4.0767,-0.3075,0,0,1.0000
96395,10.5540,19.4562,34.4047,3.2123,-1.2488,-0.1573,8.8875,15.4494,78.7010,20.2626,85.4432,-9999.0000,-9999.0000,-2.4531,10.2676,0,0,1.0000
96396,14.5026,22.9696,33.7879,0.9674,2.6104,1.5157,8.8874,19.8952,78.6560,18.4011,85.4545,-9999.0000,-9999.0000,4.9440,3.9828,0,0,1.0000
96397,14.9317,23.6002,32.3622,-5.5039,-1.4427,2.1064,8.8856,14.4738,78.6116,19.0728,85.4615,-9999.0000,30.0776,-0.3456,-2.4395,0,0,1.0000
96398,19.1911,20.6674,34.8623,-2.1744,0.0670,2.9238,8.8835,15.3261,78.5905,16.6662,85.4666,-9999.0000,34.5910,-13.1617,-0.5240,0,0,1.0000
96399,13.1400,20.5494,33.7287,5.7034,2.7245,2.5292,8.8861,14.8477,78.5599,16.3153,85.4706,23.8604,38.4533,-0.8716,-1.3308,0,0,1.0000
96400,17.3906,19.7903,32.3370,0.9908,-1.8193,2.6454,8.8837,15.2887,78.5535,17.3276,85.4723,29.5625,29.6316,-2.1650,-3.7427,0,0,1.0000
96401,17.1946,26.6846,34.3617,-0.4230,0.2133,2.0613,8.8862,17.8242,78.5400,18.3777,85.4765,32.8411,18.7617,-1.9314,-1.2343,0,0,1.0000
96402,15.2303,22.9401,33.0447,3.2031,-0.4757,2.5733,8.8827,23.0391,78.5371,21.1573,85.4660,23.5379,24.1176,-1.5246,-8.3161,0,0,1.0000
96403,10.7980,23.1997,37.3949,8.6180,0.1421,2.0250,8.8854,18.0212,78.5332,18.5989,85.4618,18.9179,36.9457,2.2044,3.8602,0,0,1.0000
96404,13.2842,20.1478,33.4033,-2.8987,-0.9902,3.5330,8.8867,15.5514,78.5293,20.5830,85.4444,21.8395,35.5377,-5.3595,2.5259,0,0,1.0000
96405,13.7197,20.3949,31.1300,2.0675,-0.5704,3.5828,8.8909,13.4617,78.5342,20.6591,85.4193,20.6433,32.9314,2.9430,4.3917,0,0,1.0000
96406,14.6938,20.0355,32.8936,1.0547,-2.8309,1.8484,8.8929,13.5385,78.5543,21.3468,85.4016,23.8426,36.4339,-0.8420,12.4596,0,0,1.0000
96407,14.6134,22.1342,31.3348,8.1022,-2.2185,1.6874,8.8995,14.4645,78.5848,28.2991,85.3783,27.8662,36.9360,-5.5652,17.8932,0,0,1.0000
96408,12.6664,20.2841,30.8886,1.2833,-1.1609,0.2588,8.8962,13.5176,78.6325,12.8029,85.3647,30.4794,21.5615,-5.1279,12.5536,0,0,1.0000
96409,12.2044,22.2193,33.0748,-1.0856,-2.0117,0.1106,8.9013,13.1251,78.6945,13.6143,85.3393,25.9149,26.4499,1.5156,9.8495,0,0,1.0000
96410,23.5108,21.4169,36.1922,-0.6361,0.7208,-0.3520,8.9140,11.5700,78.7631,16.8062,85.3101,20.1791,29.7581,-3.3516,4.3919,0,0,1.0000
96411,12.2511,21.2177,31.8969,-3.2322,-1.3209,-0.4783,8.9124,14.7032,78.8326,16.2794,85.2873,15.4081,22.1948,-3.5984,-0.7131,0,0,1.0000
96412,10.8824,23.7988,30.1804,2.4571,-1.2347,-1.5294,8.9028,12.5361,78.9089,18.2403,85.2761,13.9157,29.1531,8.3102,8.3959,0,0,1.0000
96413,11.6176,22.0907,38.9953,6.4709,0.6595,-1.7030,8.9136,15.7385,78.9824,16.6535,85.2683,16.0792,27.7208,-0.6762,0.5823,0,0,1.0000
96414,17.0581,20.7874,32.7014,-2.9638,-2.5379,-0.8502,8.9125,17.0411,79.0692,19.2743,85.2626,31.6291,23.9545,-0.2583,-0.1648,0,0,1.0000
96415,13.0102,16.9587,27.9545,4.1715,-1.0592,0.1741,8.9141,10.2863,79.1566,13.1406,85.2614,23.7704,23.9155,-8.5681,-0.3030,0,0,1.0000
96416,15.1900,18.3736,31.2460,2.4115,1.4719,3.2012,8.9189,14.6173,79.2473,15.1860,85.2597,12.9657,21.8077,-0.9005,-2.6793,0,0,1.0000
96417,11.6443,21.2471,31.5471,-1.1106,0.4673,3.1695,8.9192,16.3720,79.3369,22.9793,85.2569,15.4028,23.2113,-0.6634,1.2244,0,0,1.0000
96418,15.6021,23.5409,37.5876,-0.3778,-1.9306,1.9169,8.9219,13.6469,79.4324,27.9009,85.2557,22.9184,21.2943,1.0525,-1.5305,0,0,1.0000
96419,12.7267,22.0979,30.8021,1.9831,0.0355,1.8381,8.9196,19.1466,79.5253,22.5461,85.2664,28.9087,25.0327,-7.1016,5.4417,0,0,1.0000
96420,13.9825,19.0358,30.9632,-1.3437,-4.1940,3.3369,8.9165,13.1103,79.6063,17.8104,85.2838,25.0987,26.7790,-1.0708,-1.0875,0,0,1.0000
96421,10.7156,19.8239,31.6513,-2.2832,-2.4655,3.9249,8.9138,19.5874,79.7025,15.5831,85.3044,13.6465,19.5993,-5.1738,1.4003,0,0,1.0000
96422,13.9490,18.6167,28.1303,6.4762,-3.9805,1.3893,8.9157,15.4916,79.7837,10.6404,85.3289,18.3637,22.6813,0.9248,-0.4228,0,0,1.0000
96423,15.4580,19.3103,33.4205,2.3188,4.7742,2.0449,8.9208,18.1049,79.8657,14.3206,85.3449,18.3681,29.4133,0.2459,1.3001,0,0,1.0000
96424,10.4332,23.5095,30.7714,-3.8788,-0.4181,0.7245,8.9176,15.5894,79.9407,12.6026,85.3534,16.1753,24.6829,-2.4746,-0.7203,0,0,1.0000
96425,9.4136,22.5828,31.4093,-1.3650,-1.7049,1.1232,8.9222,10.7127,80.0177,16.8218,85.3654,19.2688,20.3964,0.5927,5.1702,0,0,1.0000
96426,14.0242,18.3993,32.5062,0.4034,1.1090,-0.0275,8.9290,13.8339,80.0883,20.7623,85.3817,17.8359,25.0347,-0.8560,7.8468,0,0,1.0000
96427,12.7226,18.7570,26.8257,-1.7146,-1.1045,-0.4175,8.9312,17.6152,80.1457,14.8811,85.3992,17.0428,29.6785,-4.5341,1.7221,0,0,1.0000
96428,13.0801,16.0079,28.0091,5.0382,1.3593,-0.9471,8.9316,19.8126,80.2069,16.2288,85.4108,9.9132,23.4516,-5.4885,-1.1678,0,0,1.0000
96429,11.7978,16.2348,32.3503,-3.0505,-1.1945,-2.6110,8.9307,12.4058,80.2667,15.3800,85.4168,6.7997,21.2523,-2.5769,5.8780,0,0,1.0000
96430,10.4481,20.1546,31.3654,0.7725,3.3281,-2.0171,8.9308,25.6644,80.3179,11.6294,85.4240,10.6248,21.6264,-0.2495,-3.8419,0,0,1.0000
96431,10.3993,21.1628,32.1570,3.7691,-1.6806,-1.2246,8.9267,17.3871,80.3611,13.5814,85.4315,13.9047,19.0124,-1.4231,4.0777,0,0,1.0000
96432,12.3526,20.1428,30.0250,1.3637,-2.5865,-0.1827,8.9187,13.3155,80.4015,17.1071,85.4364,16.7399,24.1427,-0.5412,1.6660,0,0,1.0000
96433,10.3774,18.0456,31.8263,6.0922,0.4103,-0.0231,8.9184,12.0447,80.4379,17.6452,85.4322,12.0881,24.0948,-1.7542,4.2820,0,0,1.0000
96434,9.1491,16.0785,30.0292,0.8950,-1.1786,1.5369,8.9213,14.5426,80.4647,17.5951,85.4323,8.5893,25.9007,-6.0802,-1.7281,0,0,1.0000
96435,10.6340,16.7806,28.7100,7.3522,-5.4049,1.7005,8.9199,12.8520,80.4842,13.2673,85.4338,9.0374,23.0946,0.1838,7.4972,0,0,1.0000
96436,10.1147,19.0993,27.5728,-2.7710,2.3523,1.8631,8.9167,13.0469,80.4968,17.0357,85.4299,11.1821,23.4018,-4.8725,-4.2973,0,0,1.0000
96437,14.0265,18.7976,27.9491,4.8914,-2.1659,2.7265,8.9257,14.4616,80.5111,17.1459,85.4253,13.4341,24.0724,-9999.0000,-2.1039,0,0,1.0000
96438,10.9872,20.1852,30.5139,8.2875,0.1365,2.0709,8.9341,17.7885,80.5180,10.4113,85.4182,16.6044,22.1444,-9999.0000,0.9622,0,0,1.0000
96439,12.3913,17.3787,30.7025,1.9895,-3.0971,2.4554,8.9375,17.4533,80.5221,12.2240,85.4137,13.9561,22.5479,-9999.0000,2.9936,0,0,1.0000
96440,9.3760,14.7500,25.9299,-2.2688,-0.0032,1.7854,8.9359,9.4575,80.5289,15.4273,85.4041,16.5441,20.6754,-9999.0000,0.8403,0,0,1.0000
96441,8.9858,18.9389,25.2561,0.6888,0.2994,0.4002,8.9326,14.4286,80.5298,15.1414,85.3965,20.2255,24.5736,-9999.0000,-2.7055,0,0,1.0000
96442,15.7947,22.2221,26.5027,-2.5357,-2.0501,0.1009,8.9327,13.4266,80.5158,13.5997,85.3897,17.7441,21.2875,-9999.0000,1.5745,0,0,1.0000
96443,8.1573,18.8923,26.3860,1.9135,2.7608,0.4407,8.9290,11.2771,80.5068,13.7447,85.3822,20.4892,14.1636,-9999.0000,-2.2979,0,0,1.0000
96444,10.8654,17.7835,27.6880,1.2255,3.9735,0.0764,8.9287,13.1011,80.4934,11.2067,85.3841,16.0546,32.1226,-9999.0000,8.1189,0,0,1.0000
96445,12.7803,19.5044,25.9306,-2.3691,-0.3565,-2.0865,8.9318,16.5087,80.4607,11.6380,85.3878,8.9460,33.1229,-9999.0000,4.3127,0,0,1.0000
96446,12.0055,18.9478,29.3791,-4.9619,-2.4156,-2.3259,8.9270,15.1315,80.4198,11.7601,85.3920,8.5999,27.7316,-9999.0000,4.4531,0,0,1.0000
96447,12.5100,18.6077,30.1611,0.4938,-3.5202,-1.1827,8.9274,14.7826,80.3676,13.6238,85.4026,11.2436,24.2405,-9999.0000,5.8678,0,0,1.0000
96448,10.0825,18.9554,33.8738,-2.7665,-1.6744,-0.9581,8.9259,23.5188,80.3183,18.3099,85.4110,10.1965,24.3510,-9999.0000,5.1783,0,0,1.0000
96449,14.1490,21.7873,32.2960,-0.7866,-3.6575,-0.9861,8.9318,15.9321,80.2664,20.9871,85.4412,9.4110,26.1085,-9999.0000,5.2082,0,0,1.0000
96450,12.7728,21.1390,28.4389,0.7929,-0.8119,-1.0859,8.9323,20.3085,80.1934,17.1223,85.4641,11.9446,26.2660,-9999.0000,2.0898,0,0,1.0000
96451,15.8225,16.6782,27.7679,-6.0648,-0.6072,0.3015,8.9369,17.5536,80.1281,10.9940,85.4971,19.6147,21.5977,-9999.0000,7.7378,0,0,1.0000
96452,10.0621,16.4867,30.2877,5.5917,-2.5044,1.2829,8.9362,10.7515,80.0562,11.0794,85.5195,16.8518,25.9805,-9999.0000,6.8409,0,0,1.0000
96453,11.8019,17.0898,31.5288,-5.5631,-0.9407,0.8335,8.9411,9.8672,79.9848,13.8710,85.5486,15.5395,35.6778,-9999.0000,5.6545,0,0,1.0000
96454,11.4455,17.3953,28.8173,0.9365,-3.7751,1.0603,8.9293,13.0809,79.9017,13.4801,85.5668,14.0108,25.5928,-9999.0000,-5.2778,0,0,1.0000
96455,14.6678,17.1871,30.0434,-4.5398,-0.9836,2.1205,8.9280,18.9055,79.7936,15.7912,85.5845,11.4816,16.4471,-9999.0000,1.0386,0,0,1.0000
96456,10.4514,17.7716,28.9305,-2.4053,-1.5063,1.3071,8.9249,15.5403,79.7119,15.7889,85.5975,9.1154,26.4206,-9999.0000,-1.3571,0,0,1.0000
96457,14.3110,18.9114,32.0446,1.5049,-1.3689,2.5666,8.9247,15.5214,79.6376,14.9158,85.6193,9.7610,26.7892,-9999.0000,2.1984,0,0,1.0000
96458,10.5347,18.9093,28.3731,-2.0195,2.2556,2.5944,8.9157,13.6912,79.5605,16.7577,85.6251,11.9431,24.0541,-9999.0000,7.3186,0,0,1.0000
96459,13.4869,16.5988,27.4407,-8.2828,-0.1245,2.6026,8.9225,14.3358,79.4641,13.1484,85.6260,10.0912,23.9040,-9999.0000,1.2433,0,0,1.0000
96460,9.5748,15.0483,29.8230,-9999.0000,-0.9530,3.2114,8.9171,10.3999,79.3912,12.2329,85.6247,13.0306,27.7186,-9999.0000,3.6656,0,0,1.0000
96461,8.2453,17.0745,28.9105,-9999.0000,-4.5770,2.4715,8.9209,10.6812,79.2974,12.3347,85.6288,9.9809,25.8269,-9999.0000,-0.9078,0,0,1.0000
96462,11.1100,17.7480,26.2810,-9999.0000,0.8859,2.0361,8.9206,12.7654,79.2229,13.1572,85.6243,21.3578,24.3692,-9999.0000,2.2791,0,0,1.0000
96463,10.7273,15.7606,26.8339,-9999.0000,-0.9936,2.2510,8.9247,13.4463,79.1356,14.3685,85.6170,28.7525,20.1025,-9999.0000,2.0551,0,0,1.0000
96464,12.3638,17.4746,24.8642,-9999.0000,-3.1855,2.4701,8.9210,25.0479,79.0616,12.2520,85.6135,19.0978,15.1982,-9999.0000,2.0198,0,0,1.0000
96465,8.3716,18.0971,25.3644,-9999.0000,-9999.0000,1.7797,8.9245,13.0475,78.9995,15.7259,85.5965,11.5525,22.5642,-9999.0000,3.4425,0,0,1.0000
96466,11.7967,15.3974,25.7388,-9999.0000,-9999.0000,1.3089,8.9238,11.7377,78.9337,18.9493,85.5862,13.7176,22.0680,-9999.0000,8.7209,0,0,1.0000
96467,9.1125,15.5217,24.6868,-9999.0000,-9999.0000,1.1208,8.9272,11.4377,78.8852,13.6065,85.5746,15.2100,28.1019,-9999.0000,0.0821,0,0,1.0000
96468,9.6610,14.6535,24.3764,-9999.0000,-9999.0000,2.0908,8.9333,13.4994,78.8384,13.9411,85.5525,12.9526,31.0426,-9999.0000,3.4442,0,0,1.0000
96469,10.2306,15.3473,24.5722,-9999.0000,-9999.0000,0.4314,8.9266,13.0242,78.8175,13.7634,85.5353,12.9100,24.9844,-9999.0000,2.2096,0,0,1.0000
96470,8.0122,15.8443,24.7328,-9999.0000,-9999.0000,0.3551,8.9285,15.8162,78.7870,15.8642,85.5241,10.4857,22.6388,-9999.0000,7.9874,0,0,1.0000
96471,8.0643,14.5642,27.8860,-9999.0000,-9999.0000,-0.0124,8.9253,11.1563,78.7697,15.1358,85.5076,8.6190,21.5333,-9999.0000,8.2288,0,0,1.0000
96472,6.5805,15.0480,25.3122,-9999.0000,-9999.0000,-0.6977,8.9236,14.8824,78.7504,12.3699,85.4956,8.4608,16.8973,-9999.0000,2.4797,0,0,1.0000
96473,8.4487,16.1967,25.6042,-9999.0000,-9999.0000,-1.7151,8.9203,11.1276,78.7444,17.5571,85.4902,8.8693,21.6083,-9999.0000,4.0687,0,0,1.0000
96474,9.7619,17.1744,22.2986,-9999.0000,-9999.0000,-2.4535,8.9222,13.6844,78.7357,11.9409,85.4812,20.7598,25.3577,-9999.0000,6.9952,0,0,1.0000
96475,8.4704,13.4344,24.3984,-9999.0000,-9999.0000,-2.3478,8.9262,8.8774,78.7342,10.6838,85.4926,27.4876,24.0249,-9999.0000,5.1158,0,0,1.0000
96476,10.9704,13.6548,25.0317,-9999.0000,-9999.0000,-2.0967,8.9308,9.9966,78.7326,9.5952,85.4908,21.9709,23.4004,-9999.0000,-0.6823,0,0,1.0000
96477,8.2967,14.6098,25.1751,-9999.0000,-9999.0000,-1.0603,8.9325,9.9148,78.7457,12.8863,85.4895,13.4853,20.9821,-9999.0000,-4.0227,0,0,1.0000
96478,11.9100,13.8965,22.5205,-9999.0000,-9999.0000,-0.3393,8.9331,11.5070,78.7790,12.5502,85.4959,7.1388,20.2399,-9999.0000,0.0342,0,0,1.0000
96479,12.5841,18.4865,24.0759,-9999.0000,-9999.0000,0.0797,8.9289,9.1587,78.8247,10.9377,85.4992,10.5718,18.3748,-9999.0000,2.6850,0,0,1.0000
96480,9.9665,16.9465,25.0120,-9999.0000,-9999.0000,1.3531,8.9328,10.2130,78.8918,10.6445,85.5079,9.3867,17.9345,-9999.0000,0.8638,0,0,1.0000
96481,8.0486,15.1722,21.8784,-9999.0000,-9999.0000,1.3851,8.9398,10.4552,78.9520,11.9013,85.5216,8.1454,21.6283,-9999.0000,-3.0083,0,0,1.0000
96482,7.6829,14.0687,23.6916,-9999.0000,-9999.0000,1.7280,8.9397,15.9125,79.0155,15.2789,85.5403,12.7537,25.7704,-9999.0000,7.4184,0,0,1.0000
96483,8.9365,13.6070,23.4324,-9999.0000,-9999.0000,1.8000,8.9395,11.7413,79.0747,11.1685,85.5561,8.0301,29.1599,-9999.0000,0.6810,0,0,1.0000
96484,10.8969,12.7054,23.4310,-9999.0000,-9999.0000,1.5420,8.9353,12.0262,79.1442,13.1993,85.5633,7.1288,19.5356,-9999.0000,6.9168,0,0,1.0000
96485,7.9918,12.3493,24.1897,-9999.0000,-9999.0000,2.9787,8.9390,6.3596,79.2243,17.3116,85.5735,4.8087,15.7755,-9999.0000,5.6926,0,0,1.0000
96486,8.5580,11.9856,21.9391,-9999.0000,-9999.0000,0.3806,8.9398,9.6713,79.3066,14.4479,85.5896,6.0183,19.0270,-9999.0000,1.4057,0,0,1.0000
96487,10.8398,14.6315,24.9455,-9999.0000,-9999.0000,0.7113,8.9426,12.9552,79.4062,8.0094,85.6078,13.4678,28.0932,-9999.0000,1.4792,0,0,1.0000
96488,8.9029,16.6451,27.6322,-9999.0000,-9999.0000,0.6567,8.9485,8.5127,79.5162,7.8022,85.6142,21.6028,23.1821,-9999.0000,5.4436,0,0,1.0000
96489,9.1283,18.1368,26.5775,-9999.0000,-9999.0000,-0.7728,8.9496,10.3393,79.6199,12.0793,85.6177,45.9977,16.1002,-9999.0000,0.1776,0,0,1.0000
96490,11.1186,18.2110,27.0155,-9999.0000,-9999.0000,-0.5564,8.9499,10.6997,79.7168,14.8356,85.6226,59.3033,16.7894,-9999.0000,-0.9445,0,0,1.0000
96491,10.7964,16.4279,26.5432,-9999.0000,-9999.0000,-2.4483,8.9554,11.1695,79.8046,13.0613,85.6240,25.8229,18.6885,-9999.0000,-1.0190,0,0,1.0000
96492,9.4529,16.6759,30.0267,-9999.0000,-9999.0000,-1.4722,8.9633,20.5044,79.8801,13.0921,85.6276,19.2646,27.2203,-9999.0000,-1.0324,0,0,1.0000
96493,15.4457,26.3598,43.3652,-9999.0000,-9999.0000,-0.3274,8.9634,13.8301,79.9553,16.2886,85.6158,18.4749,38.7637,-9999.0000,-9999.0000,0,0,1.0000
96494,23.7056,45.2690,71.0781,-9999.0000,-9999.0000,2.1501,8.9593,28.1808,80.0505,25.9086,85.6077,24.1627,74.0720,-9999.0000,-9999.0000,0,0,1.0000
96495,34.5112,59.0012,97.6567,-9999.0000,-9999.0000,3.8735,8.9610,35.7431,80.1438,40.1908,85.6150,34.6102,84.3254,-9999.0000,-9999.0000,0,0,1.0000
96496,40.5969,80.8345,124.8859,-9999.0000,-9999.0000,5.2238,8.9552,42.6831,80.2156,52.7191,85.6041,54.0131,82.0596,-9999.0000,-9999.0000,0,0,1.0000
96497,50.8578,105.6471,154.6482,-9999.0000,-9999.0000,7.2746,8.9474,51.5634,80.2752,64.8611,85.5905,65.9950,98.1603,-9999.0000,-9999.0000,0,0,1.0000
96498,61.5447,111.8810,181.3427,-9999.0000,-9999.0000,10.4919,8.9461,58.4446,80.3301,52.2219,85.5712,56.8999,122.8637,-9999.0000,-9999.0000,0,0,1.0000
96499,61.2881,100.9280,168.5808,-9999.0000,-9999.0000,11.0952,8.9486,57.3652,80.4017,52.2037,85.5616,47.5713,137.7761,-9999.0000,-9999.0000,0,0,1.0000
96500,58.2437,94.2104,168.3310,-9999.0000,-9999.0000,10.8995,8.9483,55.5076,80.4629,51.3509,85.5505,59.7868,134.2692,-9999.0000,-9999.0000,0,0,1.0000
96501,50.3406,90.5500,157.0259,-9999.0000,-9999.0000,10.9769,8.9461,54.0819,80.5051,59.5415,85.5382,62.8310,115.6342,-9999.0000,-9999.0000,0,0,1.0000
96502,51.0819,81.5561,144.7686,-9999.0000,-9999.0000,10.9725,8.9599,48.5764,80.5529,53.2243,85.5365,63.4052,113.4053,-9999.0000,-9999.0000,0,0,1.0000
96503,53.5823,84.2623,150.2119,-9999.0000,-9999.0000,-9999.0000,8.9430,50.4080,80.5930,61.4969,85.5352,67.2973,112.4496,-9999.0000,-9999.0000,0,0,1.0000
