Data/Raw/WAGNER,NICK/firexaq-AOP-optical_DC8_20190807_R1.ict
51, 1001
Wagner, Nicholas L.
NOAA Earth System Research Laboratory
NOAA AOP instrument
FIREX-AQ
1, 1
2019, 08, 07, 2020, 04, 28
1
Time_start, seconds_past_midnight, seconds from midnight
18
1, 1, 1, 1, 1, 1, 1, 1, 1, 1, 1, 1, 1, 1, 1, 1, 1, 1
-9999, -9999, -9999, -9999, -9999, -9999, -9999, -9999, -9999, -9999, -9999, -9999, -9999, -9999, -9999, -9999, -9999, -9999
ext_dry_664, Mm-1, AerOpt_Extinction_InSitu_RHd_red_Total_PM2.5_STP
ext_dry_532, Mm-1, AerOpt_Extinction_InSitu_RHd_green_Total_PM2.5_STP
ext_dry_405, Mm-1, AerOpt_Extinction_InSitu_RHd_blue_Total_PM2.5_STP
abs_dry_664, Mm-1, AerOpt_Absorption_InSitu_RHd_red_Total_PM2.5_STP
abs_dry_532, Mm-1, AerOpt_Absorption_InSitu_RHd_green_Total_PM2.5_STP
abs_dry_405, Mm-1, AerOpt_Absorption_InSitu_RHd_blue_Total_PM2.5_STP
AOP_RH_dry, pct, Relative_humidity_of_dry_RH_channels
ext_medRH_664, Mm-1, AerOpt_Extinction_InSitu_RH80_red_Total_PM2.5_STP
AOP_RH_med, pct, Relative_humidity_of_medium_RH_channel
ext_highRH_664, Mm-1, AerOpt_Extinction_InSitu_RH85_red_Total_PM2.5_STP
AOP_RH_high, pct, Relative_humidity_of_high_RH_channel
ext_TD_664, Mm-1, AerOpt_ExtinctionTD_InSitu_RHd_blue_Total_PM2.5_STP
ext_TD_405, Mm-1, AerOpt_ExtinctionTD_InSitu_RHd_red_Total_PM2.5_STP
abs_TD_664, Mm-1, AerOpt_Absorption_InSitu_RHd_red_Total_PM2.5_STP
abs_TD_405, Mm-1, AerOpt_Absorption_InSitu_RHd_blue_Total_PM2.5_STP
AOP_TD_bypass_flag, pct, Flag_for_TD_Bypass_valve
AOP_filter_flag, pct, Flag_for_Filter_Valve
AOP_Dilution_ratio, pct, Applied_Dilution_Ratio_for_ext_channels
1
N/A
18
PI_CONTACT_INFO: Address: NOAA ESRL Chemical Sciences Division, R/CSD2, 325 Broadway, Boulder, CO 80305. Email: nick.wagner@noaa.gov.
PLATFORM: NASA DC8
LOCATION: See the DC8 MetNav file, Based in Boise (BOI) and Salina, KS
ASSOCIATED_DATA: N/A
[...]
DATA_INFO: Mm-1:
UNCERTAINTY: The precision of the extinction measurements varies with aerosol loading and is +/-20% at 10 Mm-1 and +/-5% at 100 Mm-1. The accuracy of the dry measurement is +/-2% and depends on RH for the humidified measurements, +/-5% at 85% RH and +/-15% at 90% RH. For more details, see Langridge et al., Aerosol Science and Technology 45:1305-1318, 2011. Analysis of comparable measurements suggest incomplete mixing in the dilution system. Effective dilution for individual instruments can vary by +/- 30% compared to the reported flow-based dilution estimate. The absorption measurements have a high signal accuracy of 20%. The low signal precision varies with altitude and flight to flight, and is typically less than 10 Mm-1 for 1 second measurements.
ULOD_FLAG: -7777
ULOD_VALUE: N/A
LLOD_FLAG: -8888
LLOD_VALUE: N/A
DM_CONTACT_INFO: Gao Chen
PROJECT_INFO: FIREX-AQ
STIPULATIONS_ON_USE: NASA Data Policy. Contact with PI is encouraged.
OTHER_COMMENTS: N/A
REVISION: R1
R1: Absorption measurements have been corrected for pressure dependent microphone sensitivity. In-cloud data has been removed. R0: Final Data. 
Time_start, ext_dry_664, ext_dry_532, ext_dry_405, abs_dry_664, abs_dry_532, abs_dry_405, AOP_RH_dry, ext_medRH_664, AOP_RH_med, ext_highRH_664, AOP_RH_high, ext_TD_664, ext_TD_405, abs_TD_664, abs_TD_405, AOP_TD_bypass_flag, AOP_filter_flag, AOP_Dilution_ratio
[from data line 17313]
92910,-1.1903,3.1582,-0.7775,-0.1612,0.8770,-0.1866,4.2922,28.1223,79.9991,1.1710,86.6600,-9999.0000,-9999.0000,-3.8746,-4.6087,0,0,12.9600
92911,1.8415,4.4448,8.6611,-1.9506,1.5303,0.1699,4.2908,5.0942,79.9931,-0.1894,86.6522,-9999.0000,-9999.0000,0.1954,-9.2593,0,0,12.9600
92912,21.3210,0.9565,14.0009,1.7434,-1.8653,-0.2908,4.2911,5.6921,79.9858,-4.7443,86.6474,-9999.0000,-9999.0000,1.4546,-6.8451,0,0,12.9600
92913,-0.3160,1.9340,4.0020,3.7259,1.2534,-0.0480,4.2949,5.6306,80.0045,-3.4913,86.6334,-9999.0000,-9999.0000,1.1702,-3.6058,0,0,12.9600
92914,-0.5718,1.4561,-1.0033,-0.5247,1.5927,0.0395,4.2957,9.0719,80.0080,5.2917,86.6372,-9999.0000,-9999.0000,-1.7166,-5.1496,0,0,12.9600
92915,-0.5097,2.7892,-1.9187,-5.7667,0.7836,0.0108,4.2929,9.4313,80.0694,0.6791,86.6274,-9999.0000,-9999.0000,-1.4887,-4.1779,0,0,12.9600
92916,0.0196,0.7438,3.1712,-1.5324,-1.0325,0.3266,4.2917,14.6436,80.1303,9.6567,86.6320,-9999.0000,-9999.0000,-3.5518,1.6144,0,0,12.9600
92917,-0.4485,4.5471,0.9004,-3.2327,-5.7392,0.4552,4.2914,14.8055,80.2162,12.3844,86.6230,-9999.0000,-9999.0000,1.9992,7.8032,0,0,12.9600
92918,-1.2002,2.1207,-3.2501,0.7509,0.5456,-0.6881,4.2919,9.0548,80.2913,4.7333,86.6299,-9999.0000,-9999.0000,-0.8773,-7.3237,0,0,12.9600
92919,-0.3159,0.6063,0.8458,1.6875,2.4155,0.4802,4.2917,7.2736,80.4019,4.5933,86.6294,-9999.0000,0.6739,-3.2444,1.5724,0,0,12.9600
92920,-1.6141,2.6217,2.1074,-3.6314,3.0145,-0.0342,4.2926,9.8377,80.4796,3.0792,86.6301,-9999.0000,0.5940,-0.2134,0.2373,0,0,12.9600
92921,0.2753,2.8357,0.5739,-0.6861,-1.1587,0.1231,4.2937,13.4245,80.5854,3.8916,86.6415,30.0787,0.4791,-4.8119,6.1441,0,0,12.9600
92922,0.3412,4.3383,7.2124,-0.1090,1.1681,0.0866,4.2928,17.8670,80.6785,5.4190,86.6452,26.1847,0.5430,-1.2999,-7.3080,0,0,12.9600
92923,2.6035,3.9319,10.3149,0.9966,-0.0468,0.3565,4.2940,17.6351,80.7766,7.3712,86.6611,25.7932,1.1934,-0.5531,2.1736,0,0,12.9600
92924,-0.6496,1.9098,10.3871,-4.1253,-0.4166,-0.1013,4.2923,12.9779,80.8958,34.7806,86.6599,6.5458,1.0787,3.5863,-3.2125,0,0,12.9600
92925,-2.7852,5.3074,1.0735,-0.2259,0.6794,-0.1079,4.2909,13.4453,81.0121,7.3081,86.6642,26.2456,1.7473,-1.6157,-2.4988,0,0,12.9600
92926,2.5693,17.8243,2.4387,-4.3075,0.9455,1.1491,4.2883,9.8174,81.1201,3.9422,86.6722,29.4003,0.5874,-4.8568,-4.6315,0,0,12.9600
92927,-1.4399,17.4540,8.3321,3.8240,-1.9740,-0.2170,4.2906,8.6188,81.2462,1.4892,86.6678,29.8930,-0.0358,-1.4847,2.1940,0,0,12.9600
92928,0.1427,2.2916,44.6792,-0.1449,-2.3017,0.6273,4.2933,13.0762,81.3393,6.0751,86.6789,30.1296,0.3703,1.5365,-5.1141,0,0,12.9600
92929,-0.6036,4.1710,13.3126,-2.0852,-0.1844,0.4305,4.2977,11.4179,81.4731,3.1699,86.6836,25.7912,0.8162,-4.3550,7.0460,0,0,12.9600
92930,-0.7197,3.2635,21.0719,-2.7897,3.6683,0.4271,4.2966,11.2454,81.5573,8.3131,86.6841,28.8613,0.5637,0.3126,-0.3696,0,0,12.9600
92931,-0.9628,8.6108,7.7358,1.8737,2.2832,1.3771,4.2977,12.0837,81.6552,3.5311,86.6787,27.2632,0.2691,1.1366,4.5803,0,0,12.9600
92932,-2.3500,5.1431,4.4262,-2.0030,2.0544,2.2807,4.2976,15.8878,81.7633,10.1607,86.6705,26.8228,0.9408,-1.9761,-1.5723,0,0,12.9600
92933,-1.5906,14.4245,6.3664,-3.3950,3.6121,-0.4969,4.2951,14.0658,81.8644,6.6441,86.6752,26.7850,-0.0115,-3.1136,0.3039,0,0,12.9600
92934,0.0375,3.7657,10.5692,-1.4779,0.2111,8.0763,4.2953,11.2105,81.9715,2.1022,86.6620,26.6553,0.9009,0.5883,0.3399,0,0,12.9600
92935,0.2150,6.2710,19.2866,0.4298,-3.4582,0.2812,4.3065,13.1572,82.0405,4.9460,86.6601,28.2496,1.1113,-3.2313,-3.3221,0,0,12.9600
92936,-1.2161,4.7667,16.8052,6.1334,-2.8158,0.0829,4.3210,14.2626,82.1326,1.2235,86.6488,29.0171,1.0909,-0.5562,5.6798,0,0,12.9600
92937,-0.5285,5.0243,20.9327,4.1065,-1.0679,-0.1748,4.3227,12.3914,82.2048,8.3839,86.6243,27.5238,1.0337,-2.5653,-3.0314,0,0,12.9600
92938,-1.7076,6.4427,17.8970,3.1516,-2.6358,-0.3871,4.3182,14.0406,82.2756,9.3757,86.6186,28.8591,1.0928,-2.4149,-0.7788,0,0,12.9600
92939,-0.7302,6.2851,15.3390,-2.4006,-0.5584,-0.2961,4.3170,9.6002,82.3489,7.6810,86.6019,31.0128,0.3993,-3.3039,-6.2770,0,0,12.9600
92940,-1.2273,6.5355,14.8564,-1.0866,-1.5136,0.0630,4.3226,11.5772,82.4084,6.3085,86.6034,30.8320,0.1367,-0.1549,0.1874,0,0,12.9600
92941,0.2330,6.4737,10.1506,-3.7003,-4.0361,-0.2132,4.3218,10.5706,82.4778,3.8851,86.5835,29.8422,0.4642,-5.1537,-4.7619,0,0,12.9600
92942,3.4532,18.3379,5.2979,-7.4732,-1.0718,-0.3872,4.3210,16.1850,82.5251,11.2925,86.5791,30.5268,0.3906,-1.1644,-0.3759,0,0,12.9600
92943,5.4305,6.4417,-0.4040,2.5134,-0.4947,0.1501,4.3245,13.4499,82.5870,8.0928,86.5762,30.9028,1.0704,-7.7762,-8.0938,0,0,12.9600
92944,8.8035,5.1634,5.8705,-5.4535,-1.0255,0.0919,4.3244,13.5557,82.6188,5.7284,86.5745,-9999.0000,1.9638,1.7504,0.5212,0,0,12.9600
92945,-0.4866,5.1230,5.1653,-2.8187,1.0248,0.2611,4.3249,11.0219,82.6477,3.1355,86.5730,-9999.0000,1.7333,-1.4498,-2.8641,0,0,12.9600
92946,-2.1547,4.0370,2.7307,1.4489,2.4408,0.2154,4.3277,15.0917,82.6726,7.0362,86.5748,-9999.0000,0.9481,0.3251,6.2713,0,0,12.9600
92947,-0.1751,4.9811,9.1656,-3.6055,-0.2347,-0.3026,4.3206,15.7826,82.6858,8.4452,86.5734,27.5765,0.8120,0.4230,3.1669,0,0,12.9600
92948,4.5711,3.7932,11.5690,-4.9587,1.7758,-0.5298,4.3192,15.5136,82.7054,11.9745,86.5666,30.4801,1.1673,2.0160,-1.2216,0,0,12.9600
92949,-0.2736,3.9362,9.6258,4.1949,-0.1378,1.0219,4.3148,12.2070,82.7005,5.8679,86.5748,32.0388,0.4678,0.0744,-3.7041,0,0,12.9600
92950,-2.3369,6.2883,11.4842,2.0401,4.5419,-0.5766,4.3156,14.0460,82.7108,11.1686,86.5688,31.1960,1.0498,1.8904,4.2737,0,0,12.9600
92951,-1.6861,5.6404,12.4530,-4.1701,-0.0531,0.0051,4.3146,14.6346,82.6985,7.7113,86.5757,30.8899,0.1581,5.1656,1.6014,0,0,12.9600
92952,-0.8936,5.9490,14.2469,-3.4441,-1.7128,0.0982,4.3118,15.6223,82.6737,14.6223,86.5694,31.7825,0.5316,2.0490,-6.2526,0,0,12.9600
92953,-0.1136,5.7093,20.5915,-4.8527,0.8690,0.8820,4.3075,16.3300,82.5909,8.5997,86.5855,26.7268,0.2550,7.5890,1.8735,0,0,12.9600
92954,-0.9945,5.9013,15.3120,1.5205,-0.9873,0.2407,4.3122,15.7613,82.5108,10.7200,86.5924,27.3230,0.6053,3.4885,2.1182,0,0,12.9600
92955,0.8360,8.0351,18.6980,-5.5512,1.5623,0.4363,4.3148,17.0283,82.3879,9.6374,86.6019,27.6233,0.2169,2.5969,2.1917,0,0,12.9600
92956,-0.9118,6.4278,8.3753,-1.5736,2.9057,0.7625,4.3191,9.2758,82.2816,7.3787,86.6014,25.4980,-0.0147,-5.2982,2.8772,0,0,12.9600
92957,-0.0003,5.5409,8.3640,-1.4539,2.1456,0.5230,4.3135,13.1793,82.1340,5.3177,86.6068,26.0504,0.2892,1.8383,5.5564,0,0,12.9600
92958,-0.0056,6.2212,13.1527,-6.9312,2.7580,-0.5394,4.3037,12.5444,82.0081,6.2177,86.6034,28.4767,-0.0330,-4.1808,1.5746,0,0,12.9600
92959,-1.3385,5.4216,7.4926,-2.7348,0.5680,0.4216,4.3018,12.8364,81.8245,10.8252,86.6056,27.0130,0.4436,2.3521,-8.0732,0,0,12.9600
92960,-0.7075,4.9425,16.7264,-2.2421,1.8726,-0.5582,4.3021,11.6306,81.6703,6.2905,86.6032,27.4689,0.1948,0.5800,-3.9064,0,0,12.9600
92961,0.0331,4.5637,16.2343,1.2343,3.5102,-0.1985,4.3018,11.7745,81.4676,6.6886,86.6016,25.9737,1.5894,0.8061,-0.6961,0,0,12.9600
92962,0.6340,5.9550,2.5393,0.1604,0.1503,0.1696,4.2972,11.4393,81.3223,0.5873,86.5952,27.8627,3.4774,-2.4656,-4.5646,0,0,12.9600
92963,1.3982,8.9203,11.9560,-0.1918,-2.4319,0.5891,4.2997,9.5615,81.1716,3.9091,86.5994,28.5318,1.2209,-2.5070,0.5308,0,0,12.9600
92964,-1.6242,3.8972,18.2768,0.2188,0.9451,0.0458,4.2984,9.8801,81.0216,6.8036,86.5874,24.5680,0.4291,-0.1378,-0.9315,0,0,12.9600
92965,-2.1075,4.0205,5.6742,-6.5912,4.5162,0.2746,4.2987,12.4903,80.8379,11.1532,86.5813,24.2820,0.1856,-4.1315,-0.7792,0,0,12.9600
92966,0.7826,4.6271,10.0553,-2.1943,-2.7371,0.1816,4.2951,11.9102,80.6896,11.0591,86.5642,25.7543,1.5598,1.3515,-0.3150,0,0,12.9600
92967,-1.0568,3.7116,12.5686,3.4904,-2.5642,-0.2705,4.2980,10.3365,80.5580,9.6013,86.5708,29.0095,2.4181,-3.9435,-4.4533,0,0,12.9600
92968,6.8272,5.4191,25.2499,-0.1891,-1.4917,0.0362,4.2945,11.7578,80.4561,3.3684,86.5523,29.5803,0.5337,-3.7763,-3.0989,0,0,12.9600
92969,-1.2739,5.5411,7.6626,-4.6483,0.9377,-0.5273,4.2950,7.6126,80.3274,-2.2761,86.5517,32.9939,0.3907,2.0860,-1.0157,0,0,12.9600
92970,-1.1875,4.9636,0.5785,-2.7947,0.1233,0.3007,4.2919,11.3606,80.2454,4.2570,86.5450,37.8720,0.1147,-2.4002,-4.4055,0,0,12.9600
92971,-0.3745,6.1423,9.3487,2.7905,-1.2459,-0.4098,4.2930,12.0462,80.1502,4.5100,86.5467,42.6548,-0.0582,-0.0608,-4.8739,0,0,12.9600
92972,-0.6165,4.9696,-0.5649,3.7125,-0.7524,-0.0713,4.2940,13.1084,80.0885,6.3139,86.5407,40.2110,0.0799,2.9498,2.8322,0,0,12.9600
92973,-1.2448,1.2235,8.0105,1.4731,-1.9484,-0.2379,4.2915,18.0554,80.0192,13.7844,86.5414,37.7512,0.1019,3.3703,1.8416,0,0,12.9600
92974,0.4647,1.8550,7.3425,2.5042,0.8589,0.1096,4.2876,42.9186,79.9839,16.0935,86.5504,35.0935,-0.3050,-8.4944,-4.6082,0,0,12.9600
92975,-1.0568,1.9874,5.4786,1.3553,-0.4537,-0.7041,4.2833,21.6179,79.9624,15.0501,86.5549,34.1649,6.2490,1.9018,-5.0173,0,0,12.9600
92976,0.0701,2.3242,11.3005,6.4672,-1.4648,0.5728,4.2816,18.0617,79.9298,16.7658,86.5563,32.6722,4.4239,-1.4147,7.8510,0,0,12.9600
92977,-2.3873,3.2518,17.9122,3.5542,-1.9293,-0.1420,4.2783,18.2780,79.9251,20.5235,86.5742,28.8929,2.0203,-0.6981,-2.9252,0,0,12.9600
92978,-0.0739,6.2348,7.9654,2.1077,-1.8698,0.5764,4.2741,17.5746,79.9214,11.0505,86.5800,29.4440,-0.0846,4.9288,-2.8349,0,0,12.9600
92979,0.4104,7.4268,22.0584,0.1234,2.1900,-0.1649,4.2746,16.6465,79.9195,9.0255,86.5893,29.8887,0.6421,2.3668,5.7423,0,0,12.9600
92980,-1.9565,5.6641,25.6182,4.5770,-0.6018,0.4914,4.2729,14.7832,79.9263,10.7230,86.6078,29.0382,-0.1499,1.4697,-11.1631,0,0,12.9600
92981,-0.1370,18.6620,21.5651,-9999.0000,0.1888,1.3968,4.2701,15.1975,79.9498,7.8443,86.6340,28.3871,0.0366,4.8957,3.1324,0,0,12.9600
92982,5.3282,5.5622,15.3635,-9999.0000,-9999.0000,0.2276,4.2717,13.9130,80.0122,10.5000,86.6532,25.5283,0.2595,2.4975,-0.1522,0,0,12.9600
92983,4.8938,4.7979,14.8369,-9999.0000,-9999.0000,0.2252,4.2773,18.0848,80.0725,5.4688,86.6586,27.4901,0.1198,2.4953,-6.1113,0,0,12.9600
92984,-0.5371,4.2204,15.7548,-9999.0000,-9999.0000,-0.2445,4.2782,16.2499,80.1105,5.9514,86.6542,26.3083,0.0289,-9999.0000,-0.7099,0,0,12.9600
92985,-1.2524,2.5833,24.6256,-9999.0000,-9999.0000,0.3086,4.2727,9.4071,80.1569,2.6703,86.6530,30.1113,-0.0830,-9999.0000,4.4177,0,0,12.9600
92986,-0.9660,2.1411,41.4587,-9999.0000,-9999.0000,-0.6675,4.2659,13.4256,80.2168,3.9985,86.6493,29.0352,0.3507,-9999.0000,1.0182,0,0,12.9600
92987,-0.4557,2.5366,39.0819,-9999.0000,-9999.0000,-0.0528,4.2702,12.2363,80.3042,9.8741,86.6607,28.8249,0.3170,-9999.0000,3.9202,0,0,12.9600
92988,-0.4713,1.7511,16.5666,-9999.0000,-9999.0000,0.7253,4.2697,16.5660,80.3989,11.7473,86.6628,26.9674,0.1744,-9999.0000,-3.9728,0,0,12.9600
92989,-1.0641,3.9757,13.5061,-9999.0000,-9999.0000,0.3485,4.2692,17.8532,80.4908,6.8882,86.6617,30.7688,0.2025,-9999.0000,-4.0151,0,0,12.9600
92990,-0.7820,5.9385,10.5086,-9999.0000,-9999.0000,-0.3130,4.2693,14.2682,80.5887,5.3177,86.6570,32.5784,0.8751,-9999.0000,2.0316,0,0,12.9600
92991,-1.3370,5.8996,28.7734,-9999.0000,-9999.0000,0.0700,4.2690,17.8989,80.6730,6.3718,86.6537,30.2226,1.4920,-9999.0000,7.7039,0,0,12.9600
92992,3.3979,9.5560,15.8807,-9999.0000,-9999.0000,2.4333,4.2645,17.9380,80.7692,15.3231,86.6480,31.6350,6.6222,-9999.0000,8.4232,0,0,12.9600
92993,13.2255,33.1543,65.0560,-9999.0000,-9999.0000,8.4964,4.2598,34.7159,80.8779,29.2435,86.6362,31.6160,17.2678,-9999.0000,20.2607,0,0,12.9600
92994,61.8611,116.1366,200.5822,-9999.0000,-9999.0000,19.9073,4.2571,76.8661,80.9799,59.1748,86.6235,35.6417,30.6515,-9999.0000,20.2579,0,0,12.9600
92995,129.3359,238.9314,395.1152,-9999.0000,-9999.0000,30.1096,4.2550,131.9018,81.0722,106.6409,86.6030,42.0997,51.5939,-9999.0000,-9999.0000,0,0,12.9600
92996,183.5300,394.5828,563.0104,-9999.0000,-9999.0000,41.3450,4.2535,292.8029,81.1592,178.5683,86.5848,48.6073,72.2666,-9999.0000,-9999.0000,0,0,12.9600
92997,239.9926,465.2060,785.5598,-9999.0000,-9999.0000,51.2182,4.2493,295.7123,81.2652,222.6700,86.5741,63.4385,92.8435,-9999.0000,-9999.0000,0,0,12.9600
92998,277.9626,530.4302,912.0260,-9999.0000,-9999.0000,53.3951,4.2516,276.4042,81.3701,245.4765,86.5629,68.8282,118.9758,-9999.0000,-9999.0000,0,0,12.9600
92999,284.3733,531.7089,839.3976,-9999.0000,-9999.0000,59.4393,4.2545,350.2951,81.4690,279.1005,86.5496,79.3998,133.9135,-9999.0000,-9999.0000,0,0,12.9600
93000,238.4496,490.7975,809.3788,14.8076,-9999.0000,59.4257,4.2575,252.9227,81.5710,235.6760,86.5391,80.1682,140.6672,-9999.0000,-9999.0000,0,0,12.9600
93001,288.8172,475.9169,805.1299,13.1505,28.5497,59.2752,4.2553,318.5875,81.6620,235.5190,86.5356,82.9417,158.2555,-9999.0000,-9999.0000,0,0,12.9600
93002,240.8233,523.4872,852.1654,14.9924,28.3341,60.1122,4.2450,285.2446,81.7581,270.0226,86.5321,74.8841,150.4416,-9999.0000,-9999.0000,0,0,12.9600
93003,260.2678,493.3151,851.8973,13.0277,27.2043,61.3623,4.2402,281.7979,81.8594,272.4573,86.5190,86.9691,161.2442,-9999.0000,-9999.0000,0,0,12.9600
93004,253.1075,455.9426,825.1357,13.0299,22.5119,59.4075,4.2404,301.4858,81.9691,257.9898,86.5161,83.0513,156.1090,-9999.0000,-9999.0000,0,0,12.9600
93005,230.1985,413.1542,764.9048,-9999.0000,22.5174,59.4015,4.2379,264.4962,82.0557,264.9999,86.5068,65.8832,149.0818,-9999.0000,-9999.0000,0,0,12.9600
93006,202.3191,453.0774,741.2864,-9999.0000,-9999.0000,-9999.0000,4.2369,273.5819,82.1224,277.1273,86.5071,76.2998,152.8334,-9999.0000,-9999.0000,0,0,12.9600
93007,240.2487,465.3853,807.2457,-9999.0000,-9999.0000,-9999.0000,4.2362,271.0105,82.1870,310.1870,86.5104,77.4313,145.6348,-9999.0000,62.2524,0,0,12.9600
93008,291.5057,532.9257,902.4637,-9999.0000,-9999.0000,-9999.0000,4.2341,334.4134,82.2647,322.1885,86.5135,70.3796,157.0870,-9999.0000,54.3453,0,0,12.9600
93009,315.4692,564.7751,960.9673,-9999.0000,-9999.0000,-9999.0000,4.2360,341.5580,82.3282,335.4836,86.5130,98.1995,165.3109,-9999.0000,65.8100,0,0,12.9600
93010,359.5300,601.0853,967.8239,-9999.0000,-9999.0000,-9999.0000,4.2353,331.1473,82.3807,296.5432,86.5190,91.5781,160.7593,-9999.0000,62.9196,0,0,12.9600
93011,340.4897,623.9873,1025.8638,-9999.0000,-9999.0000,-9999.0000,4.2365,428.8133,82.4442,337.1992,86.5239,92.8941,173.4749,-9999.0000,70.6160,0,0,12.9600
93012,349.3727,664.3781,1132.2931,-9999.0000,-9999.0000,-9999.0000,4.2381,477.1339,82.4891,386.5373,86.5252,89.1974,183.3673,-9999.0000,73.9079,0,0,12.9600
93013,404.6237,704.5922,1197.3748,-9999.0000,-9999.0000,-9999.0000,4.2373,404.2083,82.5226,400.1797,86.5406,94.0856,191.2926,-9999.0000,81.0860,0,0,12.9600
93014,448.6700,810.3397,1317.0912,-9999.0000,-9999.0000,-9999.0000,4.2383,455.7639,82.5706,394.0811,86.5506,104.9422,214.4477,-9999.0000,91.4638,0,0,12.9600
93015,493.1443,810.2275,1406.2987,-9999.0000,-9999.0000,-9999.0000,4.2370,482.6855,82.5810,438.6967,86.5633,109.6945,244.3620,11.5226,94.9615,0,0,12.9600
93016,464.5215,900.6330,1448.8032,-9999.0000,-9999.0000,-9999.0000,4.2397,487.9643,82.5975,502.7576,86.5697,116.4459,258.9688,20.5102,105.1206,0,0,12.9600
93017,511.9637,1006.0996,1618.8641,26.2812,-9999.0000,-9999.0000,4.2379,552.3455,82.6008,540.5891,86.5727,115.2548,303.0704,20.6056,112.7505,0,0,12.9600
93018,589.2920,1036.8740,1799.1136,31.9446,60.6549,134.5513,4.2379,581.3976,82.5953,585.9591,86.5796,130.7471,320.5893,15.3704,116.0761,0,0,12.9600
93019,669.0441,1111.9812,1968.1648,30.6703,60.3988,145.0160,4.2376,675.4803,82.5949,633.1493,86.5732,138.0411,305.6048,16.2895,121.9166,0,0,12.9600
93020,657.4589,1234.8984,2087.4487,34.2916,62.6070,151.1075,4.2416,683.8235,82.5661,663.3502,86.5747,155.4689,316.3948,17.4578,127.5600,0,0,12.9600
93021,722.2133,1181.1224,2136.4902,34.2785,64.4916,150.3182,4.2417,668.9189,82.5263,631.8301,86.5768,165.1118,324.6367,14.8248,126.9382,0,0,12.9600
93022,652.4205,1202.8844,2082.4177,36.2343,66.7852,150.4694,4.2376,701.2568,82.4442,649.2721,86.5634,154.8162,329.8322,19.7325,137.8732,0,0,12.9600
93023,677.7686,1147.3287,2031.6506,34.0224,68.8642,148.1760,4.2396,757.9258,82.3414,671.4332,86.5670,153.6275,343.8835,24.3358,139.4677,0,0,12.9600
