Data/Raw/WAGNER,NICK/firexaq-AOP-optical_DC8_20190722_R1.ict
51, 1001
Wagner, Nicholas L.
NOAA Earth System Research Laboratory
NOAA AOP instrument
FIREX-AQ
1, 1
2019, 07, 22, 2020, 04, 27
1
Time_start, seconds_past_midnight, seconds from midnight
18
1, 1, 1, 1, 1, 1, 1, 1, 1, 1, 1, 1, 1, 1, 1, 1, 1, 1
-9999, -9999, -9999, -9999, -9999, -9999, -9999, -9999, -9999, -9999, -9999, -9999, -9999, -9999, -9999, -9999, -9999, -9999
ext_dry_664, Mm-1, AerOpt_Extinction_InSitu_RHd_red_Total_PM2.5_STP
ext_dry_532, Mm-1, AerOpt_Extinction_InSitu_RHd_green_Total_PM2.5_STP
ext_dry_405, Mm-1, AerOpt_Extinction_InSitu_RHd_blue_Total_PM2.5_STP
abs_dry_664, Mm-1, AerOpt_Absorption_InSitu_RHd_red_Total_PM2.5_STP
abs_dry_532, Mm-1, AerOpt_Absorption_InSitu_RHd_green_Total_PM2.5_STP
abs_dry_405, Mm-1, AerOpt_Absorption_InSitu_RHd_blue_Total_PM2.5_STP
AOP_RH_dry, pct, Relative_humidity_of_dry_RH_channels
ext_medRH_664, Mm-1, AerOpt_Extinction_InSitu_RH80_red_Total_PM2.5_STP
AOP_RH_med, pct, Relative_humidity_of_medium_RH_channel
ext_highRH_664, Mm-1, AerOpt_Extinction_InSitu_RH85_red_Total_PM2.5_STP
AOP_RH_high, pct, Relative_humidity_of_high_RH_channel
ext_TD_664, Mm-1, AerOpt_ExtinctionTD_InSitu_RHd_blue_Total_PM2.5_STP
ext_TD_405, Mm-1, AerOpt_ExtinctionTD_InSitu_RHd_red_Total_PM2.5_STP
abs_TD_664, Mm-1, AerOpt_Absorption_InSitu_RHd_red_Total_PM2.5_STP
abs_TD_405, Mm-1, AerOpt_Absorption_InSitu_RHd_blue_Total_PM2.5_STP
AOP_TD_bypass_flag, pct, Flag_for_TD_Bypass_valve
AOP_filter_flag, pct, Flag_for_Filter_Valve
AOP_Dilution_ratio, pct, Applied_Dilution_Ratio_for_ext_channels
1
N/A
18
PI_CONTACT_INFO: Address: NOAA ESRL Chemical Sciences Division, R/CSD2, 325 Broadway, Boulder, CO 80305. Email: nick.wagner@noaa.gov.
PLATFORM: NASA DC8
LOCATION: See the DC8 MetNav file, Based in Boise (BOI) and Salina, KS
ASSOCIATED_DATA: N/A
[...]
DATA_INFO: Mm-1:
UNCERTAINTY: The precision of the extinction measurements varies with aerosol loading and is +/-20% at 10 Mm-1 and +/-5% at 100 Mm-1. The accuracy of the dry measurement is +/-2% and depends on RH for the humidified measurements, +/-5% at 85% RH and +/-15% at 90% RH. For more details, see Langridge et al., Aerosol Science and Technology 45:1305-1318, 2011. Analysis of comparable measurements suggest incomplete mixing in the dilution system. Effective dilution for individual instruments can vary by +/- 30% compared to the reported flow-based dilution estimate. The absorption measurements have a high signal accuracy of 20%. The low signal precision varies with altitude and flight to flight, and is typically less than 10 Mm-1 for 1 second measurements.
ULOD_FLAG: -7777
ULOD_VALUE: N/A
LLOD_FLAG: -8888
LLOD_VALUE: N/A
DM_CONTACT_INFO: Gao Chen
PROJECT_INFO: FIREX-AQ
STIPULATIONS_ON_USE: NASA Data Policy. Contact with PI is encouraged.
OTHER_COMMENTS: N/A
REVISION: R1
R1: Absorption measurements have been corrected for pressure dependent microphone sensitivity. In-cloud data has been removed. R0: Final Data. 
Time_start, ext_dry_664, ext_dry_532, ext_dry_405, abs_dry_664, abs_dry_532, abs_dry_405, AOP_RH_dry, ext_medRH_664, AOP_RH_med, ext_highRH_664, AOP_RH_high, ext_TD_664, ext_TD_405, abs_TD_664, abs_TD_405, AOP_TD_bypass_flag, AOP_filter_flag, AOP_Dilution_ratio
[from data line 4503]
70293,-9999,-9999,-9999,-9999,-9999,-9999,18.3088,-9999,81.6919,-9999,86.6466,-9999,-9999,-9999,-9999,0,1,1.0000
70294,-9999,-9999,-9999,-9999,-9999,-9999,18.3143,-9999,81.8315,-9999,86.6815,-9999,-9999,-9999,-9999,0,1,1.0000
70295,-9999,-9999,-9999,-9999,-9999,-9999,18.3201,-9999,81.9464,-9999,86.7318,-9999,-9999,-9999,-9999,0,1,1.0000
70296,-9999,-9999,-9999,-9999,-9999,-9999,18.3201,-9999,82.0714,-9999,86.7532,-9999,-9999,-9999,-9999,0,1,1.0000
70297,-9999,-9999,-9999,-9999,-9999,-9999,18.3245,-9999,82.2045,-9999,86.7957,-9999,-9999,-9999,-9999,0,1,1.0000
70298,-9999,-9999,-9999,-9999,-9999,-9999,18.3277,-9999,82.2975,-9999,86.8199,-9999,-9999,-9999,-9999,0,1,1.0000
70299,-9999,-9999,-9999,-9999,-9999,-9999,18.3265,-9999,82.4106,-9999,86.8298,-9999,-9999,-9999,-9999,0,1,1.0000
70300,-9999,-9999,-9999,-9999,-9999,-9999,18.3355,-9999,82.5061,-9999,86.8608,-9999,-9999,-9999,-9999,0,1,1.0000
70301,-9999,-9999,-9999,-9999,-9999,-9999,18.3425,-9999,82.6299,-9999,86.8442,-9999,-9999,-9999,-9999,0,1,1.0000
70302,-9999,-9999,-9999,-9999,-9999,-9999,18.3427,-9999,82.7070,-9999,86.8526,-9999,-9999,-9999,-9999,0,1,1.0000
70303,-9999,-9999,-9999,-9999,-9999,-9999,18.3407,-9999,82.7613,-9999,86.8466,-9999,-9999,-9999,-9999,0,1,1.0000
70304,-9999,-9999,-9999,-9999,-9999,-9999,18.3536,-9999,82.8310,-9999,86.8584,-9999,-9999,-9999,-9999,0,1,1.0000
70305,-9999,-9999,-9999,-9999,-9999,-9999,18.3558,-9999,82.8750,-9999,86.8395,-9999,-9999,-9999,-9999,0,1,1.0000
70306,-9999,-9999,-9999,-9999,-9999,-9999,18.3729,-9999,82.9363,-9999,86.7867,-9999,-9999,-9999,-9999,0,1,1.0000
70307,-9999,-9999,-9999,-9999,-9999,-9999,18.3826,-9999,82.9702,-9999,86.7616,-9999,-9999,-9999,-9999,0,1,1.0000
70308,-9999,-9999,-9999,-9999,-9999,-9999,18.3787,-9999,82.9850,-9999,86.7023,-9999,-9999,-9999,-9999,0,1,1.0000
70309,-9999,-9999,-9999,-9999,-9999,-9999,18.3784,-9999,82.9838,-9999,86.6928,-9999,-9999,-9999,-9999,0,1,1.0000
70310,-9999,-9999,-9999,-9999,-9999,-9999,18.3750,-9999,82.9771,-9999,86.6428,-9999,-9999,-9999,-9999,0,1,1.0000
70311,-9999,-9999,-9999,-9999,-9999,-9999,18.3692,-9999,82.9428,-9999,86.6287,-9999,-9999,-9999,-9999,0,1,1.0000
70312,-9999,-9999,-9999,-9999,-9999,-9999,18.3721,-9999,82.8355,-9999,86.6183,-9999,-9999,-9999,-9999,0,1,1.0000
70313,-9999,-9999,-9999,-9999,-9999,-9999,18.3706,-9999,82.7318,-9999,86.6111,-9999,-9999,-9999,-9999,0,1,1.0000
70314,-9999,-9999,-9999,-9999,-9999,-9999,18.3769,-9999,82.5597,-9999,86.6079,-9999,-9999,-9999,-9999,0,1,1.0000
70315,-9999,-9999,-9999,-9999,-9999,-9999,18.3744,-9999,82.3982,-9999,86.5946,-9999,-9999,-9999,-9999,0,1,1.0000
70316,-9999,-9999,-9999,-9999,-9999,-9999,18.3740,-9999,82.1799,-9999,86.5921,-9999,-9999,-9999,-9999,0,1,1.0000
70317,-9999,-9999,-9999,-9999,-9999,-9999,18.3828,-9999,81.9835,-9999,86.5876,-9999,-9999,-9999,-9999,0,1,1.0000
70318,-9999,-9999,-9999,-9999,-9999,-9999,18.3863,-9999,81.7691,-9999,86.6222,-9999,-9999,-9999,-9999,0,1,1.0000
70319,-9999,-9999,-9999,-9999,-9999,-9999,18.3863,-9999,81.5489,-9999,86.6380,-9999,-9999,-9999,-9999,0,1,1.0000
70320,-9999,-9999,-9999,-9999,-9999,-9999,18.3852,-9999,81.3110,-9999,86.6791,-9999,-9999,-9999,-9999,0,1,1.0000
70321,-9999,-9999,-9999,-9999,-9999,-9999,18.4026,-9999,81.0967,-9999,86.6872,-9999,-9999,-9999,-9999,0,1,1.0000
70322,-9999,-9999,-9999,-9999,-9999,-9999,18.4082,-9999,80.8952,-9999,86.7523,-9999,-9999,-9999,-9999,0,1,1.0000
70323,-9999,-9999,-9999,-9999,-9999,-9999,18.4071,-9999,80.7305,-9999,86.8010,-9999,-9999,-9999,-9999,0,1,1.0000
70324,-9999,-9999,-9999,-9999,-9999,-9999,18.4101,-9999,80.5462,-9999,86.8408,-9999,-9999,-9999,-9999,0,0,1.0000
70325,-9999,-9999,-9999,-9999,-9999,-9999,18.4091,-9999,80.3970,-9999,86.8883,-9999,-9999,-9999,-9999,0,0,1.0000
70326,-9999,-9999,-9999,-9999,-9999,-9999,18.4126,-9999,80.2930,-9999,86.9501,-9999,-9999,-9999,-9999,0,0,1.0000
70327,-9999,-9999,-9999,-9999,-9999,-9999,18.4195,-9999,80.1631,-9999,86.9964,-9999,-9999,-9999,-9999,0,0,1.0000
70328,-9999,-9999,-9999,-9999,-9999,-9999,18.4067,-9999,80.0938,-9999,87.0311,-9999,-9999,-9999,-9999,0,0,1.0000
70329,-9999,-9999,-9999,-9999,-9999,-9999,18.4126,-9999,79.9875,-9999,87.0452,-9999,-9999,-9999,-9999,0,0,1.0000
70330,-9999,-9999,-9999,-9999,-9999,-9999,18.4160,-9999,79.9425,-9999,87.0710,-9999,-9999,-9999,-9999,0,0,1.0000
70331,-9999,-9999,-9999,-9999,-9999,-9999,18.4155,-9999,79.8617,-9999,87.0767,-9999,-9999,-9999,-9999,0,0,1.0000
70332,-9999,-9999,-9999,-9999,-9999,-9999,18.4149,-9999,79.8211,-9999,87.0647,-9999,-9999,-9999,-9999,0,0,1.0000
70333,-9999,-9999,-9999,-9999,-9999,-9999,18.4183,-9999,79.7817,-9999,87.0847,-9999,-9999,-9999,-9999,0,0,1.0000
70334,-9999,-9999,-9999,-9999,-9999,-9999,18.4231,-9999,79.7675,-9999,87.0570,-9999,-9999,-9999,-9999,0,0,1.0000
70335,-9999,-9999,-9999,-9999,-9999,-9999,18.4273,-9999,79.7610,-9999,87.0584,-9999,-9999,-9999,-9999,0,0,1.0000
70336,-9999,-9999,-9999,-9999,-9999,-9999,18.4337,-9999,79.7569,-9999,87.0294,-9999,-9999,-9999,-9999,0,0,1.0000
70337,9.0244,12.3193,22.0284,-9999,-9999,-9999,18.4323,10.6534,79.7709,27.3919,87.0019,-9999,-9999,-9999,-9999,0,0,1.0000
70338,7.8252,11.0631,23.7076,-9999,-9999,3.4716,18.4339,13.4668,79.7656,17.6510,86.9590,-9999,-9999,-9999,-9999,0,0,1.0000
70339,9.2252,13.9460,21.3654,-9999,-0.1635,1.5200,18.4355,14.1903,79.8333,15.4184,86.9258,-9999,-9999,-9999,-1.2203,0,0,1.0000
70340,8.4141,12.2390,21.4661,-9999,0.4790,1.5402,18.4350,20.0086,79.8854,13.4959,86.9005,-9999,-9999,-9999,1.8162,0,0,1.0000
70341,12.2491,12.8957,19.5881,-9999,-1.1685,0.9536,18.4334,16.4705,79.9872,16.3256,86.8551,-9999,-9999,-9999,-6.4902,0,0,1.0000
70342,8.9001,17.7822,19.7291,-9999,1.3978,1.1747,18.4442,14.6511,80.0905,16.4053,86.8612,-9999,-9999,-9999,5.2237,0,0,1.0000
70343,6.4055,10.2318,18.3852,-9999,-2.7364,0.9803,18.4550,12.1080,80.2011,19.5275,86.8327,-9999,-9999,-9999,-0.9776,0,0,1.0000
70344,7.7577,12.4316,16.8283,-9999,-0.3221,0.2466,18.4547,11.9600,80.3067,12.6172,86.8335,-9999,-9999,-9999,-2.4869,0,0,1.0000
70345,7.8838,10.6205,16.6515,-9999,-1.0927,1.8191,18.4572,13.2531,80.4322,13.1811,86.8290,-9999,-9999,-9999,-2.8350,0,0,1.0000
70346,6.2727,10.0888,19.8513,-9999,-1.9712,1.6132,18.4600,9.6502,80.5812,14.4875,86.8380,-9999,-9999,-9999,1.4203,0,0,1.0000
70347,7.2674,10.2472,17.1832,-9999,-0.0755,1.8443,18.4670,9.7920,80.7192,13.3907,86.8520,-9999,-9999,-9999,-6.2672,0,0,1.0000
70348,5.3506,9.3193,16.1134,-9999,-0.7919,1.6396,18.4785,10.3993,80.8994,16.3474,86.8892,-9999,-9999,-9999,0.1234,0,0,1.0000
70349,5.9453,7.6477,16.3762,-9999,-1.4453,0.7025,18.4845,11.3493,81.0504,16.8358,86.9427,-9999,-9999,-9999,-0.3182,0,0,1.0000
70350,5.6528,8.0593,14.6515,-9999,0.0897,0.3718,18.4795,9.4477,81.2207,11.3049,86.9651,-9999,-9999,-9999,-2.8140,0,0,1.0000
70351,5.0832,9.7821,15.6771,-9999,2.3310,1.0192,18.4911,8.9060,81.3725,12.9033,87.0335,-9999,-9999,-9999,-4.9927,0,0,1.0000
70352,5.7230,8.0646,15.0937,-9999,-1.6238,2.2816,18.4961,9.6432,81.5325,17.8881,87.0993,-9999,-9999,-9999,-0.3223,0,0,1.0000
70353,5.9950,10.3698,14.5907,-9999,-1.5365,0.7739,18.5003,21.9102,81.6998,16.2794,87.1725,-9999,-9999,-9999,1.8116,0,0,1.0000
70354,6.8786,7.7648,15.6060,-9999,-0.0907,0.1735,18.5207,17.6114,81.8575,12.1907,87.2250,-9999,-9999,-9999,0.0472,0,0,1.0000
70355,7.3930,10.4340,15.4532,-9999,0.6439,0.3343,18.5259,11.5426,82.0168,12.5643,87.2626,-9999,-9999,-9999,0.9091,0,0,1.0000
70356,6.1342,11.4266,16.8258,-9999,2.7814,0.0557,18.5325,10.5713,82.1716,11.1523,87.3054,-9999,-9999,-9999,2.7048,0,0,1.0000
70357,5.6263,9.1534,15.0108,-9999,-0.1982,1.5583,18.5368,13.2694,82.3127,12.5611,87.3391,-9999,-9999,-9999,-1.9128,0,0,1.0000
70358,5.6104,8.5668,17.9846,-9999,1.0591,1.4484,18.5406,8.9591,82.4903,12.4258,87.3927,-9999,-9999,-9999,-4.6633,0,0,1.0000
70359,6.7414,10.2447,17.0565,-9999,2.5554,0.7846,18.5411,10.8548,82.5892,14.0899,87.4249,-9999,-9999,-9999,-2.4836,0,0,1.0000
70360,7.0884,10.6023,18.8119,-9999,-1.3195,1.8572,18.5469,9.7954,82.7459,14.0311,87.4339,-9999,-9999,-9999,3.3362,0,0,1.0000
70361,4.9744,9.5006,14.9928,-9999,-0.1532,3.3022,18.5536,10.0152,82.8821,14.6814,87.4597,-9999,-9999,-9999,1.3071,0,0,1.0000
70362,6.1311,8.9424,17.4376,-9999,-1.0501,1.5034,18.5495,15.1871,83.0167,12.9925,87.4637,-9999,-9999,-9999,-1.1602,0,0,1.0000
70363,7.1868,11.0180,15.6739,-9999,-1.7378,1.1015,18.5531,11.8145,83.1510,11.4262,87.4794,-9999,-9999,-9999,3.1147,0,0,1.0000
70364,5.9129,9.6707,13.7869,-9999,-0.8977,1.6632,18.5522,9.9795,83.2357,12.0518,87.4759,-9999,-9999,-9999,1.4615,0,0,1.0000
70365,5.4869,11.2561,15.1731,-9999,-0.0772,0.7475,18.5502,7.3263,83.3649,11.8105,87.4680,-9999,-9999,-9999,2.2669,0,0,1.0000
70366,8.3589,11.5523,13.5648,-9999,1.3565,1.1534,18.5466,11.0330,83.4478,10.1419,87.4550,-9999,-9999,-9999,-0.4963,0,0,1.0000
70367,6.0533,8.4722,14.5456,-9999,-1.4938,1.1820,18.5486,10.1140,83.5502,10.1147,87.4075,-9999,-9999,-9999,1.3862,0,0,1.0000
70368,6.5128,9.5460,18.5742,-9999,0.2799,0.7877,18.5578,9.9770,83.6257,11.6325,87.3844,-9999,-9999,-9999,-3.4022,0,0,1.0000
70369,5.4372,8.7798,16.8249,-9999,-1.2931,1.3986,18.5613,13.8723,83.6841,11.1018,87.3364,-9999,-9999,-9999,-1.1701,0,0,1.0000
70370,6.6188,10.1600,15.9961,-9999,-1.3105,1.2593,18.5756,10.7104,83.7542,11.1837,87.3012,1.6982,-0.0930,-9999,-1.3541,0,0,1.0000
70371,8.3758,10.1122,18.1409,-9999,-1.2597,1.2161,18.5919,9.3000,83.7814,10.7246,87.2566,1.8044,0.6326,-9999,-2.6672,0,0,1.0000
70372,8.5910,9.7714,16.4897,-9999,-1.4603,1.1586,18.6034,11.5585,83.8214,10.1221,87.2050,1.3028,0.9503,-9999,-3.8651,0,0,1.0000
70373,8.5426,9.2816,18.5294,-9999,-1.3818,1.8193,18.6119,14.4234,83.8379,11.9590,87.1763,2.5103,1.4719,-9999,-4.5067,0,0,1.0000
70374,8.7609,10.8647,18.1482,-9999,0.3817,1.5601,18.6157,11.3568,83.8494,14.4296,87.1162,1.1585,1.3007,-9999,2.3932,0,0,1.0000
70375,6.2478,9.3561,16.9340,-9999,-1.4142,1.3184,18.6310,11.6664,83.8402,12.4261,87.1114,1.2805,1.3532,-9999,-0.5398,0,0,1.0000
70376,6.6411,11.6435,16.6180,-9999,-0.1999,0.8487,18.6419,10.9366,83.8262,15.4529,87.0864,1.7818,1.6335,-9999,-1.6947,0,0,1.0000
70377,7.4656,9.8044,18.5467,-9999,0.0438,2.7686,18.6397,10.9565,83.7871,9.8137,87.0966,1.9688,0.9805,-9999,2.7009,0,0,1.0000
70378,6.7109,9.3596,16.2840,-9999,-0.7884,1.8975,18.6424,8.8328,83.7049,13.2694,87.0843,6.4957,0.9157,-9999,-1.1374,0,0,1.0000
70379,7.8661,8.7313,15.5793,-9999,-1.8437,1.4448,18.6425,10.6564,83.6125,10.6653,87.0853,6.4332,2.4393,-9999,-0.8021,0,0,1.0000
70380,5.3102,9.2503,14.8440,-9999,-0.9628,1.1061,18.6564,9.0526,83.4241,12.1829,87.0878,1.6294,3.6283,-9999,-1.9620,0,0,1.0000
70381,5.5274,7.2410,15.3300,-9999,-0.4875,1.6842,18.6601,8.1423,83.2713,9.9130,87.0893,1.6801,1.9736,-9999,-3.9393,0,0,1.0000
70382,4.7623,9.8645,16.1271,-9999,-0.5573,1.7073,18.6599,8.0568,83.0363,14.1117,87.1029,1.5456,1.9384,-9999,3.3958,0,0,1.0000
70383,5.7408,8.4415,15.2128,-9999,-0.8326,0.8276,18.6697,14.6652,82.8288,16.7093,87.1070,1.1065,1.2049,-9999,0.6167,0,0,1.0000
70384,5.8476,11.9572,17.6855,-9999,-0.0642,1.5259,18.6674,9.1894,82.5755,18.1015,87.1536,1.3753,0.6960,-9999,-2.4275,0,0,1.0000
70385,6.0520,10.2515,16.1313,-9999,-1.3916,0.8165,18.6748,13.1989,82.3600,20.1866,87.1813,0.9814,1.6337,-9999,1.6658,0,0,1.0000
70386,7.5665,8.7617,14.8539,-9999,0.9369,2.1959,18.6788,7.7199,82.1146,12.6515,87.2370,0.9593,0.9265,-9999,0.4193,0,0,1.0000
70387,6.8423,9.9441,16.3076,-9999,0.0410,2.1580,18.6960,6.5143,81.8756,9.5591,87.2547,1.2316,2.0194,-9999,-7.1477,0,0,1.0000
70388,7.6130,8.5100,16.0805,-9999,0.5639,1.5967,18.6948,6.5751,81.6554,11.5195,87.2824,2.4523,2.7391,-9999,1.1929,0,0,1.0000
70389,5.5750,7.5752,16.4827,-9999,-2.6278,1.3157,18.6991,7.3574,81.4161,17.0737,87.3044,2.2600,2.6496,-9999,-2.9073,0,0,1.0000
70390,5.9982,10.0603,18.6132,-9999,0.1186,1.0455,18.7063,10.8992,81.2301,10.8371,87.3180,1.8760,1.9412,-9999,2.6522,0,0,1.0000
70391,6.9328,9.9493,21.2450,-9999,-1.0345,0.6756,18.7084,11.9652,81.0465,13.9601,87.3564,1.7190,1.7054,-9999,1.4883,0,0,1.0000
70392,7.4204,8.3203,15.9948,-9999,-0.8250,1.3330,18.7021,14.6326,80.8969,13.0569,87.3314,2.5672,1.8795,-9999,-0.3397,0,0,1.0000
70393,7.6023,8.3383,17.9837,-9999,-1.5302,1.2956,18.7114,8.3327,80.7551,11.6545,87.3482,2.4610,1.4645,-9999,-1.7457,0,0,1.0000
70394,7.8591,10.3217,17.2702,-9999,-0.7937,0.6993,18.7221,17.2807,80.6236,12.3948,87.3395,2.0061,1.3702,-9999,0.5021,0,0,1.0000
70395,5.6989,12.8365,16.5288,-9999,-0.2413,0.9782,18.7301,12.2031,80.5328,11.6436,87.3502,1.7278,0.7184,-9999,1.9705,0,0,1.0000
70396,5.0328,8.2581,15.8063,-9999,-0.6412,0.7184,18.7373,9.7322,80.4210,16.1594,87.3406,1.5923,0.6867,-9999,-1.6465,0,0,1.0000
70397,6.2683,10.9684,17.3533,-9999,-0.5074,2.9533,18.7371,8.3776,80.3618,10.6029,87.3009,1.2084,0.2138,-9999,2.3653,0,0,1.0000
70398,5.7116,10.1687,17.0935,-9999,1.2031,1.6820,18.7376,9.2580,80.3011,12.9868,87.2735,0.9991,0.6897,-9999,1.7681,0,0,1.0000
70399,6.5303,10.1686,14.9245,-9999,-0.4204,0.2450,18.7357,7.7422,80.2752,8.2601,87.2057,0.6960,-0.4894,-9999,-4.4652,0,0,1.0000
70400,5.5734,9.5358,14.9770,-9999,-0.1196,1.5807,18.7284,8.3014,80.2546,10.7759,87.1772,0.7046,0.7018,-9999,-1.8370,0,0,1.0000
70401,6.3921,9.1965,17.7076,-9999,-1.3855,1.0596,18.7304,14.5854,80.2493,13.1819,87.1304,0.6076,0.0811,-9999,-2.2997,0,0,1.0000
70402,7.9697,14.1085,21.1889,-9999,0.7847,2.4247,18.7322,8.6413,80.2654,14.5857,87.0719,0.5511,0.3916,-9999,5.3765,0,0,1.0000
70403,9.9868,13.6244,21.6022,-9999,-1.5465,2.4927,18.7384,11.8958,80.2436,14.2694,87.0205,1.4253,-0.1789,-9999,-4.5020,0,0,1.0000
70404,12.5110,16.0683,23.5106,-9999,-2.1308,2.4536,18.7428,15.9137,80.2674,20.0477,86.9349,1.8178,-0.5748,-9999,0.2819,0,0,1.0000
70405,13.4199,19.3021,31.4828,-9999,0.6243,3.3039,18.7411,16.9585,80.2839,28.1537,86.8920,1.8552,-0.4743,-9999,-8.4423,0,0,1.0000
70406,18.0866,29.4249,46.6514,-9999,-2.7781,6.6393,18.7430,21.4727,80.3064,44.5239,86.8392,2.0134,0.4697,-9999,-1.3775,0,0,1.0000
70407,26.4509,47.9869,64.6686,-9999,-2.0175,8.2906,18.7438,31.7549,80.3656,56.8219,86.7920,2.1040,1.6302,-9999,3.3472,0,0,1.0000
70408,27.9169,54.5875,69.5818,-9999,-2.6305,8.0979,18.7819,36.3143,80.4123,69.7640,86.7669,4.7754,2.0314,-9999,-3.3582,0,0,1.0000
70409,28.6839,45.5758,66.8266,-9999,-1.0425,8.9654,18.7971,36.6128,80.5080,47.7098,86.7256,6.6920,5.9016,-9999,-1.4496,0,0,1.0000
70410,24.5602,34.7324,56.3563,-9999,-0.7242,7.5278,18.8029,35.0536,80.5929,44.6729,86.7139,11.5469,6.8805,-9999,-3.8488,0,0,1.0000
70411,21.6887,34.1136,54.7185,-9999,-1.3395,6.8889,18.8026,32.4474,80.6237,34.8982,86.6919,13.7125,6.5763,-9999,-4.0623,0,0,1.0000
70412,22.3440,34.9052,57.7734,-9999,0.7528,8.3955,18.8158,27.2134,80.7274,38.4878,86.6625,14.6877,5.9128,-9999,1.1070,0,0,1.0000
70413,22.8317,31.3881,51.2742,-9999,-1.8649,6.9010,18.8227,29.5518,80.8168,33.2970,86.6566,9.6595,6.8155,-9999,-7.1681,0,0,1.0000
70414,19.3404,25.9501,41.9849,-9999,0.1158,9.6430,18.8501,30.6848,80.8857,32.0782,86.6527,6.5713,7.7410,-9999,-6.9685,0,0,1.0000
70415,17.3008,23.3713,39.6370,-9999,1.4448,8.2985,18.8515,28.5959,80.9924,24.4824,86.6222,9.3599,7.3423,-9999,-0.3353,0,0,1.0000
70416,15.8776,26.4964,40.6753,-9999,-0.5984,5.8329,18.8559,27.0175,81.0962,32.9510,86.6331,12.2128,5.4496,-9999,3.2212,0,0,1.0000
70417,15.0890,21.7046,36.4212,-9999,-1.5329,5.6174,18.8825,26.8039,81.1575,36.3180,86.6377,14.0547,10.7272,-9999,-0.7255,0,0,1.0000
70418,15.8140,22.6323,35.3166,-9999,-0.6670,4.1419,18.8837,28.6477,81.2892,32.2040,86.6163,13.6538,10.7600,-9999,1.9118,0,0,1.0000
70419,18.3376,23.7413,33.6138,-9999,-0.6520,6.4086,18.8887,33.7879,81.3995,25.0982,86.6233,8.1725,7.3136,-9999,1.3483,0,0,1.0000
70420,19.2335,22.7247,38.4569,-9999,-0.2234,5.1818,18.8907,25.1622,81.5175,26.2197,86.6339,7.8572,5.9178,-9999,6.5259,0,0,1.0000
70421,13.6097,24.6896,34.1314,-9999,-2.4764,5.3290,18.8899,24.4806,81.6458,26.5622,86.6341,9.4407,6.6154,-9999,-0.5649,0,0,1.0000
