Data/Raw/WAGNER,NICK/firexaq-AOP-optical_DC8_20190819_R1.ict
51, 1001
Wagner, Nicholas L.
NOAA Earth System Research Laboratory
NOAA AOP instrument
FIREX-AQ
1, 1
2019, 08, 19, 2020, 04, 27
1
Time_start, seconds_past_midnight, seconds from midnight
18
1, 1, 1, 1, 1, 1, 1, 1, 1, 1, 1, 1, 1, 1, 1, 1, 1, 1
-9999, -9999, -9999, -9999, -9999, -9999, -9999, -9999, -9999, -9999, -9999, -9999, -9999, -9999, -9999, -9999, -9999, -9999
ext_dry_664, Mm-1, AerOpt_Extinction_InSitu_RHd_red_Total_PM2.5_STP
ext_dry_532, Mm-1, AerOpt_Extinction_InSitu_RHd_green_Total_PM2.5_STP
ext_dry_405, Mm-1, AerOpt_Extinction_InSitu_RHd_blue_Total_PM2.5_STP
abs_dry_664, Mm-1, AerOpt_Absorption_InSitu_RHd_red_Total_PM2.5_STP
abs_dry_532, Mm-1, AerOpt_Absorption_InSitu_RHd_green_Total_PM2.5_STP
abs_dry_405, Mm-1, AerOpt_Absorption_InSitu_RHd_blue_Total_PM2.5_STP
AOP_RH_dry, pct, Relative_humidity_of_dry_RH_channels
ext_medRH_664, Mm-1, AerOpt_Extinction_InSitu_RH80_red_Total_PM2.5_STP
AOP_RH_med, pct, Relative_humidity_of_medium_RH_channel
ext_highRH_664, Mm-1, AerOpt_Extinction_InSitu_RH85_red_Total_PM2.5_STP
AOP_RH_high, pct, Relative_humidity_of_high_RH_channel
ext_TD_664, Mm-1, AerOpt_ExtinctionTD_InSitu_RHd_blue_Total_PM2.5_STP
ext_TD_405, Mm-1, AerOpt_ExtinctionTD_InSitu_RHd_red_Total_PM2.5_STP
abs_TD_664, Mm-1, AerOpt_Absorption_InSitu_RHd_red_Total_PM2.5_STP
abs_TD_405, Mm-1, AerOpt_Absorption_InSitu_RHd_blue_Total_PM2.5_STP
AOP_TD_bypass_flag, pct, Flag_for_TD_Bypass_valve
AOP_filter_flag, pct, Flag_for_Filter_Valve
AOP_Dilution_ratio, pct, Applied_Dilution_Ratio_for_ext_channels
1
N/A
18
PI_CONTACT_INFO: Address: NOAA ESRL Chemical Sciences Division, R/CSD2, 325 Broadway, Boulder, CO 80305. Email: nick.wagner@noaa.gov.
PLATFORM: NASA DC8
LOCATION: See the DC8 MetNav file, Based in Boise (BOI) and Salina, KS
ASSOCIATED_DATA: N/A
[...]
DATA_INFO: Mm-1:
UNCERTAINTY: The precision of the extinction measurements varies with aerosol loading and is +/-20% at 10 Mm-1 and +/-5% at 100 Mm-1. The accuracy of the dry measurement is +/-2% and depends on RH for the humidified measurements, +/-5% at 85% RH and +/-15% at 90% RH. For more details, see Langridge et al., Aerosol Science and Technology 45:1305-1318, 2011. Analysis of comparable measurements suggest incomplete mixing in the dilution system. Effective dilution for individual instruments can vary by +/- 30% compared to the reported flow-based dilution estimate. The absorption measurements have a high signal accuracy of 20%. The low signal precision varies with altitude and flight to flight, and is typically less than 10 Mm-1 for 1 second measurements.
ULOD_FLAG: -7777
ULOD_VALUE: N/A
LLOD_FLAG: -8888
LLOD_VALUE: N/A
DM_CONTACT_INFO: Gao Chen
PROJECT_INFO: FIREX-AQ
STIPULATIONS_ON_USE: NASA Data Policy. Contact with PI is encouraged.
OTHER_COMMENTS: N/A
REVISION: R1
R1: Absorption measurements have been corrected for pressure dependent microphone sensitivity. In-cloud data has been removed. R0: Final Data. 
Time_start, ext_dry_664, ext_dry_532, ext_dry_405, abs_dry_664, abs_dry_532, abs_dry_405, AOP_RH_dry, ext_medRH_664, AOP_RH_med, ext_highRH_664, AOP_RH_high, ext_TD_664, ext_TD_405, abs_TD_664, abs_TD_405, AOP_TD_bypass_flag, AOP_filter_flag, AOP_Dilution_ratio
[from data line 7054]
71403,12.7973,23.9495,49.8569,6.0645,1.1974,1.9466,1.5047,20.8708,80.6708,19.4484,85.3719,-9999.0000,17.7451,4.3154,1.2391,0,0,1.0000
71404,15.7594,19.8480,50.2420,-1.5932,-1.3568,1.6271,1.5034,25.2199,80.6966,22.0341,85.3696,-9999.0000,16.3974,-3.4616,-0.1398,0,0,1.0000
71405,11.2880,23.9162,51.5040,3.7207,1.3060,1.0572,1.5032,25.7774,80.7279,18.5045,85.3727,-9999.0000,21.3054,1.6603,3.9849,0,0,1.0000
71406,10.8165,20.1579,52.8133,5.1635,-0.1653,3.5882,1.5045,24.2149,80.7529,23.1139,85.3799,-9999.0000,22.5837,-8.8252,-1.1149,0,0,1.0000
71407,10.5810,22.3623,50.2488,2.3294,1.5292,2.1786,1.5055,22.1892,80.7854,26.0628,85.3937,-9999.0000,19.4593,-0.4222,-3.8122,0,0,1.0000
71408,13.5708,18.0285,48.7863,3.0070,3.3351,1.2130,1.5069,27.0409,80.8238,27.8554,85.4051,-9999.0000,14.9234,3.1980,3.4148,0,0,1.0000
71409,11.7675,21.4389,47.8114,5.2030,-3.5845,1.8611,1.5070,23.8784,80.8552,19.8911,85.4160,-9999.0000,11.9602,-4.0846,9.6989,0,0,1.0000
71410,8.8338,20.5916,44.2266,1.9176,1.6632,1.1196,1.5050,26.6470,80.8942,18.9799,85.4343,-9999.0000,18.3003,6.5198,-1.5692,0,0,1.0000
71411,10.3927,20.4656,46.8575,3.2336,-2.2267,1.8816,1.5056,25.2345,80.9160,24.0440,85.4410,-9999.0000,21.4341,5.4997,1.5363,0,0,1.0000
71412,15.9502,23.7689,47.6478,1.4393,-1.2398,0.9098,1.5057,23.2058,80.9387,20.4952,85.4638,-9999.0000,19.2996,1.4710,9.5148,0,0,1.0000
71413,10.4286,24.7414,51.1605,-0.1237,-3.2981,1.5256,1.5019,23.7897,80.9500,19.5121,85.4743,-9999.0000,18.7083,-3.1287,0.9065,0,0,1.0000
71414,11.7021,22.5477,50.0422,-4.7826,0.2968,1.2503,1.5010,23.9602,80.9593,15.5399,85.4896,-9999.0000,18.6644,-3.5264,1.4234,0,0,1.0000
71415,11.4969,18.9074,50.7656,2.1740,-3.5620,1.9801,1.5011,19.7905,80.9660,22.2467,85.5096,-9999.0000,17.1308,-8.3612,1.9097,0,0,1.0000
71416,10.4740,19.7789,49.8936,3.6943,-1.1809,0.8077,1.5038,21.5652,80.9704,17.4348,85.5397,-9999.0000,14.7583,2.7617,-0.8609,0,0,1.0000
71417,14.6656,19.6822,46.1825,-1.8301,2.1795,0.6633,1.5048,24.2757,80.9745,19.2690,85.5666,-9999.0000,22.7157,0.0339,1.4645,0,0,1.0000
71418,11.8238,21.5846,49.9983,0.6434,-0.6096,1.6288,1.5083,20.3086,80.9718,23.3257,85.5918,-9999.0000,22.4220,-4.5462,3.2238,0,0,1.0000
71419,12.9313,22.0221,52.5510,1.3424,-3.4532,1.7822,1.5063,21.4163,80.9848,23.6706,85.6219,-9999.0000,13.8843,4.8046,6.6333,0,0,1.0000
71420,12.6979,22.3251,49.3931,-0.5238,-0.9757,1.6223,1.5087,23.9006,80.9779,23.5602,85.6376,-9999.0000,13.9613,0.8026,0.4646,0,0,1.0000
71421,11.5537,19.8022,46.2263,-0.1490,-2.0014,1.9310,1.5089,29.1996,80.9624,19.4213,85.6523,-9999.0000,13.2148,-0.3649,-2.0406,0,0,1.0000
71422,11.1901,22.1125,47.4034,8.5749,-1.0097,2.2318,1.5093,24.4869,80.9377,17.8087,85.6820,-9999.0000,15.4197,1.3937,-0.2071,0,0,1.0000
71423,10.1306,24.7313,47.2241,-3.2509,2.1115,0.5759,1.5127,21.9471,80.9054,28.1230,85.7119,-9999.0000,16.5303,-9.1916,7.4799,0,0,1.0000
71424,10.8634,22.4869,48.5040,4.7440,0.2988,1.9028,1.5051,25.8323,80.8670,29.4604,85.7509,-9999.0000,16.1775,2.2809,4.8958,0,0,1.0000
71425,12.5099,22.2909,47.4148,-3.3055,-1.9488,1.3797,1.5085,22.8475,80.8202,27.4231,85.7839,-9999.0000,14.2762,1.2355,1.9622,0,0,1.0000
71426,11.8530,22.7862,46.0171,2.1372,-0.3392,1.0241,1.5140,22.5870,80.7812,22.6080,85.8143,-9999.0000,15.2774,0.9963,2.8155,0,0,1.0000
71427,10.9269,23.1883,48.8704,3.7447,2.4023,0.8612,1.5134,22.9656,80.7277,20.2070,85.8378,-9999.0000,13.9167,0.4151,7.9793,0,0,1.0000
71428,10.4943,20.1257,47.6216,2.5109,0.9268,0.2071,1.5179,20.1249,80.6779,26.6563,85.8650,-9999.0000,16.0195,-0.1289,0.7550,0,0,1.0000
71429,13.0844,22.0871,48.1037,-5.6695,-1.7843,1.4446,1.5114,20.8015,80.6133,18.9734,85.8824,-9999.0000,29.9020,-5.0060,-3.6879,0,0,1.0000
71430,14.7983,21.8350,47.3313,1.6714,-0.6534,1.3656,1.4933,17.5364,80.5523,20.5267,85.8996,-9999.0000,18.6626,5.5912,-2.0547,0,0,1.0000
71431,13.3649,20.3436,49.4120,11.7791,1.4273,0.6020,1.4932,19.4975,80.4818,21.4484,85.9113,-9999.0000,13.2266,8.0912,4.9233,0,0,1.0000
71432,11.8554,21.3679,50.0104,-6.6880,-2.0346,1.9629,1.4924,22.3528,80.4079,24.5443,85.9194,-9999.0000,10.8112,2.1621,-1.1904,0,0,1.0000
71433,11.3243,22.5626,51.3061,9.6937,1.5114,0.8647,1.4966,20.6770,80.3429,18.4070,85.9393,-9999.0000,10.6201,0.4737,2.8974,0,0,1.0000
71434,9.7600,22.7423,50.3294,2.4538,-1.3354,0.6325,1.4995,26.6624,80.2781,17.2549,85.9464,-9999.0000,17.1912,-1.5933,3.1730,0,0,1.0000
71435,12.7599,23.6605,51.2052,1.2434,0.0718,1.4555,1.4973,27.8825,80.2064,27.1212,85.9562,-9999.0000,18.3540,-3.4398,-0.8864,0,0,1.0000
71436,11.7683,20.1920,50.1886,2.3859,-0.8880,1.2271,1.4978,20.6267,80.1244,20.0522,85.9633,-9999.0000,14.3878,2.8287,-3.1903,0,0,1.0000
71437,9.9556,22.6668,50.6232,1.5482,-2.1137,0.8097,1.4952,20.3633,80.0492,25.0025,85.9743,-9999.0000,14.3176,0.0561,6.1136,0,0,1.0000
71438,10.9136,20.3294,56.5886,5.8382,1.0556,1.0111,1.4984,16.6429,79.9861,28.8437,85.9734,-9999.0000,13.3594,0.5380,-0.4648,0,0,1.0000
71439,11.6131,24.8379,47.3015,-3.3928,-1.1025,0.9295,1.5014,21.0570,79.9285,21.1633,85.9752,-9999.0000,10.9528,-0.7312,6.3663,0,0,1.0000
71440,11.6524,24.1426,50.2343,6.1331,0.7333,0.2993,1.5017,20.6192,79.8698,21.5478,85.9765,-9999.0000,9.3758,3.0392,3.6006,0,0,1.0000
71441,12.3978,21.3495,50.5096,1.4451,-5.1972,1.0266,1.5018,18.4011,79.8163,18.3647,85.9763,-9999.0000,12.9889,0.9973,-2.8672,0,0,1.0000
71442,12.2865,21.9412,49.6501,0.8030,0.1979,0.6883,1.5025,19.0297,79.7600,17.5656,85.9738,-9999.0000,11.9003,-0.7869,3.7784,0,0,1.0000
71443,8.6988,21.6357,47.6825,-7.2600,-3.5074,1.1859,1.5015,19.3259,79.7186,21.7496,85.9685,-9999.0000,11.7012,-8.3882,3.1564,0,0,1.0000
71444,11.9849,21.8576,52.9086,3.7010,-0.5866,0.8315,1.4991,22.4482,79.6840,18.3051,85.9535,-9999.0000,14.7692,-0.1948,2.0246,0,0,1.0000
71445,11.7886,20.2591,49.0950,0.1808,0.9541,1.0125,1.4977,27.2561,79.6476,21.1271,85.9342,-9999.0000,20.8552,-3.7552,4.5204,0,0,1.0000
71446,14.8227,23.9513,48.8991,-2.2850,1.6312,0.9326,1.4953,22.3068,79.6205,29.4454,85.9125,-9999.0000,16.9919,1.8320,0.0004,0,0,1.0000
71447,12.4930,23.9526,51.9622,-2.3824,-3.4092,1.9324,1.4939,23.1500,79.5972,20.8919,85.8881,-9999.0000,23.9012,10.2065,5.5459,0,0,1.0000
71448,11.9474,21.1243,51.2124,-1.0809,2.8689,1.4043,1.4934,23.3921,79.5805,18.9197,85.8594,-9999.0000,26.1807,-4.0187,0.3146,0,0,1.0000
71449,9.3583,25.0491,50.0252,-5.1752,1.4838,0.6630,1.4970,23.1585,79.5739,20.5273,85.8467,-9999.0000,21.4632,-1.2379,1.7931,0,0,1.0000
71450,10.8224,22.8556,53.1082,5.9954,-1.6390,1.4331,1.4978,20.4724,79.5736,20.2532,85.8390,-9999.0000,15.0198,3.4942,-0.4072,0,0,1.0000
71451,15.2405,21.5676,52.5207,0.9245,-0.4222,0.0260,1.4970,26.9643,79.5723,24.7784,85.8309,-9999.0000,18.6549,6.1051,4.2618,0,0,1.0000
71452,11.3278,21.8491,51.9689,4.5492,-1.8542,1.2102,1.4979,26.6468,79.5719,22.6656,85.8170,-9999.0000,16.7376,-3.1729,4.7853,0,0,1.0000
71453,10.3396,24.1426,49.1846,-2.0244,-1.0786,1.6055,1.4966,24.5764,79.5753,24.8712,85.8001,-9999.0000,19.7667,-3.7404,0.8214,0,0,1.0000
71454,10.3283,23.5124,49.0339,0.2237,-1.8573,1.1546,1.4979,20.8197,79.5894,25.2407,85.7879,-9999.0000,23.9957,-4.0811,4.6622,0,0,1.0000
71455,15.5921,21.6513,54.5018,-4.2634,0.6795,0.6295,1.4951,19.5528,79.6146,20.2584,85.7726,-9999.0000,19.1629,-4.0862,1.1518,0,0,1.0000
71456,10.8122,22.3458,55.9554,2.3697,-1.7105,1.1670,1.4811,23.6140,79.6444,21.8363,85.7542,-9999.0000,19.7204,-3.3350,-2.4698,0,0,1.0000
71457,11.7368,24.8252,53.4663,3.7607,-1.1837,2.8972,1.4752,24.6010,79.6817,22.5162,85.7373,-9999.0000,20.0069,-0.3929,3.3467,0,0,1.0000
71458,13.1058,28.0205,49.8827,8.6233,2.8013,0.5427,1.4640,28.6326,79.7273,22.9753,85.7307,-9999.0000,20.4713,2.1217,1.2044,0,0,1.0000
71459,11.7552,25.2486,51.3433,4.9944,5.4084,1.1023,1.4634,23.0861,79.7857,20.1676,85.7275,-9999.0000,20.4191,3.6934,0.4014,0,0,1.0000
71460,12.1416,23.0868,51.1015,-0.5389,-2.0786,1.1497,1.4620,21.2785,79.8596,29.8191,85.7220,-9999.0000,15.2435,4.0466,2.5497,0,0,1.0000
71461,11.0666,23.0962,51.9317,-1.3741,-2.3996,0.8705,1.4654,25.1059,79.9387,24.4304,85.7176,-9999.0000,16.5560,-6.6910,6.3735,0,0,1.0000
71462,10.4817,23.5057,50.5386,6.3081,1.7449,0.7954,1.4686,22.3040,80.0233,24.9260,85.7102,-9999.0000,19.7962,-2.4197,5.2182,0,0,1.0000
71463,15.4988,25.8310,52.4701,0.5691,-3.6348,0.1863,1.4687,24.9248,80.0971,26.3463,85.6993,-9999.0000,18.3875,8.5028,-0.1668,0,0,1.0000
71464,11.2563,24.9980,48.2916,-3.2091,-1.6360,1.0358,1.4685,20.5499,80.1751,23.3395,85.6953,-9999.0000,16.5184,-3.1826,3.0068,0,0,1.0000
71465,12.2464,19.4523,49.4101,-2.9877,-1.8692,1.2881,1.4697,27.0666,80.2725,13.5557,85.6940,-9999.0000,18.9572,-9999.0000,1.4924,0,0,1.0000
71466,10.3361,23.3188,50.1791,4.6366,-3.5876,1.3813,1.4707,27.9003,80.3640,18.4731,85.7007,-9999.0000,25.0810,-9999.0000,5.2622,0,0,1.0000
71467,8.9672,23.9852,49.5747,9.0882,-0.8547,1.8210,1.4710,23.7178,80.4542,20.7657,85.7085,-9999.0000,19.1123,-9999.0000,1.3071,0,0,1.0000
71468,10.9047,22.3226,57.7188,-3.8181,0.3387,1.9907,1.4730,24.2713,80.5314,26.8805,85.7150,-9999.0000,13.1558,-9999.0000,5.1530,0,0,1.0000
71469,12.1320,21.2484,49.6226,-5.2321,-0.4283,1.4595,1.4758,20.5896,80.6216,30.6524,85.7306,-9999.0000,19.6070,-9999.0000,1.1249,0,0,1.0000
71470,12.9193,20.1248,48.1259,6.8614,1.6236,0.7289,1.4724,21.5254,80.7007,25.5467,85.7520,-9999.0000,22.5269,-9999.0000,7.6506,0,0,1.0000
71471,13.5935,22.5949,47.8130,4.1358,2.1254,1.0452,1.4689,27.7979,80.7858,21.9496,85.7705,-9999.0000,23.3974,-9999.0000,1.5490,0,0,1.0000
71472,10.5376,19.8560,51.2591,5.1439,-1.1997,0.9092,1.4685,20.9335,80.8669,23.1212,85.7906,-9999.0000,24.5181,-9999.0000,2.4240,0,0,1.0000
71473,10.5029,20.6117,49.1328,-2.1745,1.2424,1.7198,1.4669,17.8760,80.9607,27.7770,85.8176,-9999.0000,25.1395,-9999.0000,1.7772,0,0,1.0000
71474,11.3936,24.5099,49.2959,-0.8140,-0.2924,0.5982,1.4644,23.0040,81.0484,18.3367,85.8515,-9999.0000,18.2720,-9999.0000,1.7680,0,0,1.0000
71475,10.5676,22.1100,46.3993,1.0702,-1.0728,1.0909,1.4672,25.1297,81.1321,16.5054,85.8803,-9999.0000,19.6674,-9999.0000,6.6869,0,0,1.0000
71476,8.4485,18.7569,49.5368,9.1901,1.0967,0.0846,1.4644,20.6360,81.2074,24.4172,85.9040,-9999.0000,17.5532,-9999.0000,-0.4454,0,0,1.0000
71477,9.2859,17.5795,47.7139,-0.2415,-1.6557,0.4019,1.4644,20.7712,81.2761,22.6713,85.9371,-9999.0000,19.4473,-9999.0000,-9999.0000,0,0,1.0000
71478,8.4099,18.5981,50.6108,1.8830,0.6185,0.3622,1.4610,23.3266,81.3317,23.0457,85.9762,-9999.0000,18.9069,-9999.0000,-9999.0000,0,0,1.0000
71479,8.0253,21.2447,49.3176,2.6864,1.3903,0.9147,1.4602,21.1561,81.3862,16.9834,86.0282,-9999.0000,11.7913,-9999.0000,-9999.0000,0,0,1.0000
71480,10.0820,17.0787,46.4628,2.3529,2.9730,1.0094,1.4642,17.1230,81.4331,19.8616,86.0731,-9999.0000,9.8107,-9999.0000,-9999.0000,0,0,1.0000
71481,11.0530,18.3957,45.2731,-1.3487,1.7815,1.3625,1.4645,19.3134,81.4673,16.1628,86.0989,-9999.0000,10.9460,-9999.0000,-9999.0000,0,0,1.0000
71482,10.8036,19.7680,43.2678,-1.7492,-0.0011,1.0281,1.4643,18.1962,81.5059,15.6503,86.1349,-9999.0000,10.6489,-9999.0000,-9999.0000,0,0,1.0000
71483,10.7748,20.8058,48.2564,4.4814,-1.1834,0.5154,1.4646,18.1324,81.5391,17.9261,86.1688,-9999.0000,10.2401,-9999.0000,-9999.0000,0,0,1.0000
71484,15.3162,18.1710,43.2548,3.4171,-0.2750,1.8044,1.4649,24.1096,81.5717,24.8299,86.2188,-9999.0000,13.6873,-9999.0000,-9999.0000,0,0,1.0000
71485,11.0904,19.6171,-9999.0000,-0.7039,-1.7159,1.2226,1.4632,22.2245,81.5924,25.0802,86.2569,-9999.0000,16.2653,-9999.0000,-9999.0000,0,0,1.0000
71486,9.1808,21.0278,-9999.0000,8.2256,-1.2958,0.5029,1.4567,20.4546,81.6067,23.0191,86.2866,-9999.0000,-9999.0000,-9999.0000,-9999.0000,0,0,1.0000
71487,14.8089,-9999.0000,-9999.0000,-9999.0000,-9999.0000,0.7457,1.4562,19.4169,81.6200,19.8317,86.3326,-9999.0000,-9999.0000,-9999.0000,-9999.0000,0,0,1.0000
71488,-9999.0000,-9999.0000,-9999.0000,-9999.0000,-9999.0000,-9999.0000,1.4586,18.7782,81.6336,27.7093,86.3739,-9999.0000,-9999.0000,-9999.0000,-9999.0000,0,0,1.0000
71489,-9999.0000,-9999.0000,-9999.0000,-9999.0000,-9999.0000,-9999.0000,1.4634,-9999.0000,81.6411,20.3673,86.4061,-9999.0000,-9999.0000,-9999.0000,-9999.0000,0,0,1.0000
71490,-9999.0000,-9999.0000,-9999.0000,-9999.0000,-9999.0000,-9999.0000,1.4640,-9999.0000,81.6402,-9999.0000,86.4363,-9999.0000,-9999.0000,-9999.0000,-9999.0000,0,0,1.0000
71491,-9999.0000,-9999.0000,-9999.0000,-9999.0000,-9999.0000,-9999.0000,1.4615,-9999.0000,81.6329,-9999.0000,86.4689,-9999.0000,-9999.0000,-9999.0000,-9999.0000,0,0,1.0000
71492,-9999.0000,-9999.0000,-9999.0000,-9999.0000,-9999.0000,-9999.0000,1.4567,-9999.0000,81.6122,-9999.0000,86.4997,-9999.0000,-9999.0000,-9999.0000,-9999.0000,0,1,1.0000
71493,-9999.0000,-9999.0000,-9999.0000,-9999.0000,-9999.0000,-9999.0000,1.4567,-9999.0000,81.5557,-9999.0000,86.5098,-9999.0000,-9999.0000,-9999.0000,-9999.0000,0,1,1.0000
71494,-9999.0000,-9999.0000,-9999.0000,-9999.0000,-9999.0000,-9999.0000,1.4554,-9999.0000,81.5011,-9999.0000,86.5125,-9999.0000,-9999.0000,-9999.0000,-9999.0000,0,1,1.0000
71495,-9999.0000,-9999.0000,-9999.0000,-9999.0000,-9999.0000,-9999.0000,1.4574,-9999.0000,81.4499,-9999.0000,86.5248,-9999.0000,-9999.0000,-9999.0000,-9999.0000,0,1,1.0000
71496,-9999.0000,-9999.0000,-9999.0000,-9999.0000,-9999.0000,-9999.0000,1.4629,-9999.0000,81.3901,-9999.0000,86.5328,-9999.0000,-9999.0000,-9999.0000,-9999.0000,0,1,1.0000
71497,-9999.0000,-9999.0000,-9999.0000,-9999.0000,-9999.0000,-9999.0000,1.4601,-9999.0000,81.3084,-9999.0000,86.5454,-9999.0000,-9999.0000,-9999.0000,-9999.0000,0,1,1.0000
71498,-9999.0000,-9999.0000,-9999.0000,-9999.0000,-9999.0000,-9999.0000,1.4608,-9999.0000,81.2344,-9999.0000,86.5591,-9999.0000,-9999.0000,-9999.0000,-9999.0000,0,1,1.0000
71499,-9999.0000,-9999.0000,-9999.0000,-9999.0000,-9999.0000,-9999.0000,1.4614,-9999.0000,81.1618,-9999.0000,86.5747,-9999.0000,-9999.0000,-9999.0000,-9999.0000,0,1,1.0000
71500,-9999.0000,-9999.0000,-9999.0000,-9999.0000,-9999.0000,-9999.0000,1.4580,-9999.0000,81.0873,-9999.0000,86.5863,-9999.0000,-9999.0000,-9999.0000,-9999.0000,0,1,1.0000
71501,-9999.0000,-9999.0000,-9999.0000,-9999.0000,-9999.0000,-9999.0000,1.4567,-9999.0000,81.0015,-9999.0000,86.5933,-9999.0000,-9999.0000,-9999.0000,-9999.0000,0,1,1.0000
71502,-9999.0000,-9999.0000,-9999.0000,-9999.0000,-9999.0000,-9999.0000,1.4576,-9999.0000,80.9206,-9999.0000,86.5956,-9999.0000,-9999.0000,-9999.0000,-9999.0000,0,1,1.0000
71503,-9999.0000,-9999.0000,-9999.0000,-9999.0000,-9999.0000,-9999.0000,1.4566,-9999.0000,80.8301,-9999.0000,86.6024,-9999.0000,-9999.0000,-9999.0000,-9999.0000,0,1,1.0000
71504,-9999.0000,-9999.0000,-9999.0000,-9999.0000,-9999.0000,-9999.0000,1.4687,-9999.0000,80.7578,-9999.0000,86.5963,-9999.0000,-9999.0000,-9999.0000,-9999.0000,0,1,1.0000
71505,-9999.0000,-9999.0000,-9999.0000,-9999.0000,-9999.0000,-9999.0000,1.4764,-9999.0000,80.6889,-9999.0000,86.5983,-9999.0000,-9999.0000,-9999.0000,-9999.0000,0,1,1.0000
71506,-9999.0000,-9999.0000,-9999.0000,-9999.0000,-9999.0000,-9999.0000,1.4776,-9999.0000,80.6247,-9999.0000,86.5963,-9999.0000,-9999.0000,-9999.0000,-9999.0000,0,1,1.0000
71507,-9999.0000,-9999.0000,-9999.0000,-9999.0000,-9999.0000,-9999.0000,1.4737,-9999.0000,80.5475,-9999.0000,86.5864,-9999.0000,-9999.0000,-9999.0000,-9999.0000,0,1,1.0000
71508,-9999.0000,-9999.0000,-9999.0000,-9999.0000,-9999.0000,-9999.0000,1.4730,-9999.0000,80.4751,-9999.0000,86.5884,-9999.0000,-9999.0000,-9999.0000,-9999.0000,0,1,1.0000
71509,-9999.0000,-9999.0000,-9999.0000,-9999.0000,-9999.0000,-9999.0000,1.4726,-9999.0000,80.4112,-9999.0000,86.5965,-9999.0000,-9999.0000,-9999.0000,-9999.0000,0,1,1.0000
71510,-9999.0000,-9999.0000,-9999.0000,-9999.0000,-9999.0000,-9999.0000,1.4688,-9999.0000,80.3429,-9999.0000,86.5935,-9999.0000,-9999.0000,-9999.0000,-9999.0000,0,1,1.0000
71511,-9999.0000,-9999.0000,-9999.0000,-9999.0000,-9999.0000,-9999.0000,1.4647,-9999.0000,80.2779,-9999.0000,86.5947,-9999.0000,-9999.0000,-9999.0000,-9999.0000,0,1,1.0000
