Data/Raw/WAGNER,NICK/firexaq-AOP-optical_DC8_20190729_R1.ict
51, 1001
Wagner, Nicholas L.
NOAA Earth System Research Laboratory
NOAA AOP instrument
FIREX-AQ
1, 1
2019, 07, 29, 2020, 04, 27
1
Time_start, seconds_past_midnight, seconds from midnight
18
1, 1, 1, 1, 1, 1, 1, 1, 1, 1, 1, 1, 1, 1, 1, 1, 1, 1
-9999, -9999, -9999, -9999, -9999, -9999, -9999, -9999, -9999, -9999, -9999, -9999, -9999, -9999, -9999, -9999, -9999, -9999
ext_dry_664, Mm-1, AerOpt_Extinction_InSitu_RHd_red_Total_PM2.5_STP
ext_dry_532, Mm-1, AerOpt_Extinction_InSitu_RHd_green_Total_PM2.5_STP
ext_dry_405, Mm-1, AerOpt_Extinction_InSitu_RHd_blue_Total_PM2.5_STP
abs_dry_664, Mm-1, AerOpt_Absorption_InSitu_RHd_red_Total_PM2.5_STP
abs_dry_532, Mm-1, AerOpt_Absorption_InSitu_RHd_green_Total_PM2.5_STP
abs_dry_405, Mm-1, AerOpt_Absorption_InSitu_RHd_blue_Total_PM2.5_STP
AOP_RH_dry, pct, Relative_humidity_of_dry_RH_channels
ext_medRH_664, Mm-1, AerOpt_Extinction_InSitu_RH80_red_Total_PM2.5_STP
AOP_RH_med, pct, Relative_humidity_of_medium_RH_channel
ext_highRH_664, Mm-1, AerOpt_Extinction_InSitu_RH85_red_Total_PM2.5_STP
AOP_RH_high, pct, Relative_humidity_of_high_RH_channel
ext_TD_664, Mm-1, AerOpt_ExtinctionTD_InSitu_RHd_blue_Total_PM2.5_STP
ext_TD_405, Mm-1, AerOpt_ExtinctionTD_InSitu_RHd_red_Total_PM2.5_STP
abs_TD_664, Mm-1, AerOpt_Absorption_InSitu_RHd_red_Total_PM2.5_STP
abs_TD_405, Mm-1, AerOpt_Absorption_InSitu_RHd_blue_Total_PM2.5_STP
AOP_TD_bypass_flag, pct, Flag_for_TD_Bypass_valve
AOP_filter_flag, pct, Flag_for_Filter_Valve
AOP_Dilution_ratio, pct, Applied_Dilution_Ratio_for_ext_channels
1
N/A
18
PI_CONTACT_INFO: Address: NOAA ESRL Chemical Sciences Division, R/CSD2, 325 Broadway, Boulder, CO 80305. Email: nick.wagner@noaa.gov.
PLATFORM: NASA DC8
LOCATION: See the DC8 MetNav file, Based in Boise (BOI) and Salina, KS
ASSOCIATED_DATA: N/A
[...]
DATA_INFO: Mm-1:
UNCERTAINTY: The precision of the extinction measurements varies with aerosol loading and is +/-20% at 10 Mm-1 and +/-5% at 100 Mm-1. The accuracy of the dry measurement is +/-2% and depends on RH for the humidified measurements, +/-5% at 85% RH and +/-15% at 90% RH. For more details, see Langridge et al., Aerosol Science and Technology 45:1305-1318, 2011. Analysis of comparable measurements suggest incomplete mixing in the dilution system. Effective dilution for individual instruments can vary by +/- 30% compared to the reported flow-based dilution estimate. The absorption measurements have a high signal accuracy of 20%. The low signal precision varies with altitude and flight to flight, and is typically less than 10 Mm-1 for 1 second measurements.
ULOD_FLAG: -7777
ULOD_VALUE: N/A
LLOD_FLAG: -8888
LLOD_VALUE: N/A
DM_CONTACT_INFO: Gao Chen
PROJECT_INFO: FIREX-AQ
STIPULATIONS_ON_USE: NASA Data Policy. Contact with PI is encouraged.
OTHER_COMMENTS: N/A
REVISION: R1
R1: Absorption measurements have been corrected for pressure dependent microphone sensitivity. In-cloud data has been removed. R0: Final Data.
Time_start, ext_dry_664, ext_dry_532, ext_dry_405, abs_dry_664, abs_dry_532, abs_dry_405, AOP_RH_dry, ext_medRH_664, AOP_RH_med, ext_highRH_664, AOP_RH_high, ext_TD_664, ext_TD_405, abs_TD_664, abs_TD_405, AOP_TD_bypass_flag, AOP_filter_flag, AOP_Dilution_ratio
[from data line 12638]
92025,1.3820,6.0767,5.0452,-9999.0000,-9999.0000,-0.9833,12.8098,8.6748,84.4954,-9999.0000,86.5667,-9999.0000,-0.1146,-9999.0000,-9999.0000,0,0,1.0000
92026,2.3019,2.7874,7.0776,-9999.0000,-9999.0000,-0.9840,12.8056,5.1619,84.5116,-9999.0000,86.5717,-9999.0000,-0.9402,-9999.0000,-9999.0000,0,0,1.0000
92027,1.4152,5.4149,6.0924,-9999.0000,-9999.0000,-9999.0000,12.8017,4.4451,84.5186,-9999.0000,86.5658,-9999.0000,-0.5127,-9999.0000,-9999.0000,0,0,1.0000
92028,2.2170,4.8205,3.2503,-9999.0000,-9999.0000,-9999.0000,12.8021,3.4568,84.5387,-9999.0000,86.5615,-9999.0000,-0.9298,-9999.0000,-9999.0000,0,0,1.0000
92029,1.7176,3.2654,4.2138,-9999.0000,-9999.0000,-9999.0000,12.8018,6.0011,84.5525,-9999.0000,86.5683,-9999.0000,-0.9876,-9999.0000,-9999.0000,0,0,1.0000
92030,0.8215,3.9558,6.1937,-9999.0000,-9999.0000,-9999.0000,12.8092,5.6469,84.5606,-9999.0000,86.5705,-9999.0000,-0.8595,-9999.0000,-6.5065,0,0,1.0000
92031,1.9175,11.6232,9.1553,-9999.0000,-9999.0000,-9999.0000,12.8106,5.3975,84.5678,-9999.0000,86.5754,-9999.0000,-0.9399,-9999.0000,-0.5627,0,0,1.0000
92032,1.5367,4.8619,6.4494,-9999.0000,-9999.0000,-9999.0000,12.8114,3.9003,84.5697,-9999.0000,86.5821,-9999.0000,-0.9187,-9999.0000,-11.8750,0,0,1.0000
92033,1.3012,7.9499,5.4905,-9999.0000,-9999.0000,-9999.0000,12.8073,2.0040,84.5758,-9999.0000,86.5847,-9999.0000,-0.8443,-9999.0000,13.7810,0,0,1.0000
92034,2.4778,3.3296,5.9112,-9999.0000,-9999.0000,-9999.0000,12.8130,12.3927,84.5796,-9999.0000,86.5967,-9999.0000,-0.6936,-9999.0000,-2.1426,0,0,1.0000
92035,3.0385,4.4354,5.8943,-9999.0000,-9999.0000,-9999.0000,12.8137,4.0241,84.5744,-9999.0000,86.5970,-9999.0000,-0.6272,-9999.0000,1.1755,0,0,1.0000
92036,1.1657,3.4433,4.1636,-9999.0000,-9999.0000,-9999.0000,12.8106,4.4769,84.5355,-9999.0000,86.5925,-9999.0000,-0.8267,-9999.0000,4.4693,0,0,1.0000
92037,2.9710,6.4807,6.9203,-9999.0000,-9999.0000,-9999.0000,12.8099,7.2076,84.4947,-9999.0000,86.5921,-9999.0000,-0.2750,-9999.0000,-7.1928,0,0,1.0000
92038,1.1187,2.4331,3.9789,-9999.0000,-9999.0000,-9999.0000,12.8060,2.4056,84.4506,-9999.0000,86.5911,-9999.0000,-0.7508,-9999.0000,16.1662,0,0,1.0000
92039,1.8011,1.5211,3.8056,-9999.0000,-9999.0000,-0.0952,12.8069,6.9141,84.3993,-9999.0000,86.5912,-9999.0000,-9999.0000,-9999.0000,9.7740,0,0,1.0000
92040,2.6179,2.3230,3.7865,-9999.0000,-9999.0000,0.0013,12.8131,7.9291,84.3498,-9999.0000,86.5985,-9999.0000,-0.5702,-9999.0000,0.4266,0,0,1.0000
92041,4.4192,2.6882,3.9817,-9999.0000,-9999.0000,-1.1306,12.8158,3.1670,84.2721,-9999.0000,86.6074,-9999.0000,-0.9429,-9999.0000,-18.6122,0,0,1.0000
92042,1.1721,4.8802,3.1420,-9999.0000,-9999.0000,-0.0403,12.8120,10.1855,84.1869,-9999.0000,86.6068,-9999.0000,-0.9785,-9999.0000,5.0377,0,0,1.0000
92043,0.7579,1.9879,2.7346,-9999.0000,-9999.0000,2.2674,12.8103,4.0678,84.0856,-9999.0000,86.6089,-9999.0000,-0.8474,-9999.0000,-2.1829,0,0,1.0000
92044,1.5204,2.6223,1.7028,-9999.0000,-9999.0000,0.0853,12.8120,6.7038,83.9753,-9999.0000,86.6079,-9999.0000,-0.8666,-9999.0000,3.7906,0,0,1.0000
92045,0.5436,3.6324,3.8021,-9999.0000,-9999.0000,-0.8402,12.8132,3.2270,83.8494,-9999.0000,86.6099,-9999.0000,-0.4926,-9999.0000,5.0392,0,0,1.0000
92046,1.1852,3.5907,3.5572,-9999.0000,-9999.0000,-1.2214,12.8098,5.2016,83.7353,-9999.0000,86.6122,-9999.0000,0.5315,-9999.0000,8.7303,0,0,1.0000
92047,3.0438,1.2028,3.5925,-9999.0000,-9999.0000,-0.6657,12.8119,4.9309,83.6290,-9999.0000,86.6148,-9999.0000,-0.4688,-9999.0000,-0.7767,0,0,1.0000
92048,1.8878,2.6655,3.0910,-9999.0000,-9999.0000,-0.7195,12.8162,8.3926,83.5251,-9999.0000,86.6129,-9999.0000,-0.3763,-9999.0000,1.7210,0,0,1.0000
92049,0.3380,1.5585,4.2843,-9999.0000,-9999.0000,-1.6588,12.8177,2.1407,83.4199,-9999.0000,86.6181,-9999.0000,-0.6466,-9999.0000,11.2004,0,0,1.0000
92050,0.9621,1.2054,3.0708,-9999.0000,-9999.0000,-0.9746,12.8169,3.7861,83.3093,-9999.0000,86.6169,-9999.0000,-0.5580,-9999.0000,-4.2663,0,0,1.0000
92051,0.9567,2.0414,4.2483,-9999.0000,-9999.0000,-1.1536,12.8154,3.4907,83.1882,-9999.0000,86.6229,-9999.0000,-0.6264,-9999.0000,3.0634,0,0,1.0000
92052,2.1172,1.7037,2.8290,-9999.0000,-9999.0000,0.1191,12.8067,2.7141,83.0867,-9999.0000,86.6183,-9999.0000,-0.7540,-9999.0000,9.6570,0,0,1.0000
92053,0.0615,1.8630,5.4281,-9999.0000,-9999.0000,-1.2558,12.8019,2.4044,82.9959,-9999.0000,86.6274,-9999.0000,-0.6623,-9999.0000,1.1802,0,0,1.0000
92054,1.5530,4.3292,4.1693,-9999.0000,-9999.0000,-1.2656,12.8016,3.4088,82.9026,-9999.0000,86.6252,-9999.0000,-0.4608,-9999.0000,2.9423,0,0,1.0000
92055,0.7047,3.2271,5.5839,-9999.0000,-9999.0000,-0.6355,12.8054,2.3204,82.8086,-9999.0000,86.6275,-9999.0000,-0.6881,-9999.0000,1.1362,0,0,1.0000
92056,0.5412,2.8228,4.7047,-9999.0000,-9999.0000,-0.0444,12.8071,3.8909,82.7243,-9999.0000,86.6309,-9999.0000,-0.8345,-9999.0000,-8.8748,0,0,1.0000
92057,0.8247,2.3702,8.4453,-9999.0000,-9999.0000,-0.5426,12.8065,2.7939,82.6424,-9999.0000,86.6355,-9999.0000,-0.5898,-9999.0000,-8.5578,0,0,1.0000
92058,2.8722,1.2667,3.6554,-9999.0000,-9999.0000,-0.0700,12.8057,12.4898,82.5552,-9999.0000,86.6394,-9999.0000,-0.5948,-9999.0000,-2.8180,0,0,1.0000
92059,1.5764,2.1980,3.2641,-9999.0000,-9999.0000,-1.0945,12.8060,11.1600,82.4799,-9999.0000,86.6360,-9999.0000,-0.3005,-9999.0000,5.2953,0,0,1.0000
92060,0.9720,3.1647,5.7674,-9999.0000,-9999.0000,0.1665,12.8127,16.2424,82.4232,-9999.0000,86.6406,-9999.0000,0.0311,-9999.0000,7.3012,0,0,1.0000
92061,1.4511,2.2957,3.7560,-9999.0000,-9999.0000,0.0514,12.8115,16.0371,82.3674,-9999.0000,86.6413,-9999.0000,-0.1565,-9999.0000,-4.3787,0,0,1.0000
92062,0.6840,2.0571,5.3950,-9999.0000,-9999.0000,1.4040,12.8103,16.5572,82.3154,-9999.0000,86.6416,-9999.0000,0.0999,-9999.0000,-4.3262,0,0,1.0000
92063,1.2456,3.1279,3.1098,-9999.0000,-9999.0000,1.2377,12.7993,3.3663,82.2686,-9999.0000,86.6369,-9999.0000,2.2787,-9999.0000,4.7128,0,0,1.0000
92064,0.9597,3.2343,4.4676,-9999.0000,-9999.0000,0.6574,12.8015,3.9884,82.2385,-9999.0000,86.6329,-9999.0000,-0.1914,-9999.0000,-7.1721,0,0,1.0000
92065,1.2518,2.0144,4.9536,-9999.0000,-9999.0000,0.6640,12.7973,24.9120,82.2050,-9999.0000,86.6408,-9999.0000,-0.3610,-9999.0000,-6.8129,0,0,1.0000
92066,2.8353,5.9333,4.9981,-9999.0000,-9999.0000,-0.8218,12.7977,7.0611,82.1842,-9999.0000,86.6391,-9999.0000,-0.3865,-9999.0000,-9.1363,0,0,1.0000
92067,1.3665,3.9199,5.4600,-9999.0000,-9999.0000,-0.3016,12.7993,2.9662,82.1683,-9999.0000,86.6403,-9999.0000,-0.4203,-9999.0000,-8.7714,0,0,1.0000
92068,3.3565,1.9361,3.7934,-9999.0000,-9999.0000,0.2013,12.7938,3.2564,82.1606,-9999.0000,86.6376,-9999.0000,-0.9642,-9999.0000,-5.1725,0,0,1.0000
92069,2.3382,2.5322,6.6460,-9999.0000,-9999.0000,-0.6333,12.7916,16.3445,82.1575,-9999.0000,86.6349,-9999.0000,-0.7494,-9999.0000,-4.9931,0,0,1.0000
92070,1.9809,3.9414,4.7924,-9999.0000,-9999.0000,0.1758,12.7925,7.1058,82.1504,-9999.0000,86.6379,-9999.0000,-0.6628,-9999.0000,-10.8139,0,0,1.0000
92071,3.0043,2.1274,3.4179,-9999.0000,-9999.0000,-0.5287,12.7937,20.5291,82.1478,-9999.0000,86.6400,-9999.0000,-0.6668,-9999.0000,1.8833,0,0,1.0000
92072,2.0621,2.9097,3.5489,-9999.0000,-9999.0000,-0.6007,12.7945,25.6625,82.1401,-9999.0000,86.6359,-9999.0000,-0.5691,-9999.0000,18.6256,0,0,1.0000
92073,0.7886,2.5467,2.3815,-9999.0000,-9999.0000,-1.9464,12.7982,21.0987,82.1467,-9999.0000,86.6434,-9999.0000,-0.5968,-9999.0000,14.0120,0,0,1.0000
92074,4.1546,2.5493,5.1844,-9999.0000,-9999.0000,-0.2342,12.8008,6.4975,82.1502,-9999.0000,86.6476,-9999.0000,-0.0068,-9999.0000,-9.3030,0,0,1.0000
92075,3.1524,4.6283,5.5939,-9999.0000,-9999.0000,0.7297,12.7987,4.3296,82.1575,-9999.0000,86.6471,-9999.0000,0.5564,-9999.0000,15.0702,0,0,1.0000
92076,0.9379,5.8286,2.5115,-9999.0000,-9999.0000,0.4187,12.7968,3.8577,82.1756,-9999.0000,86.6434,-9999.0000,-0.8070,-9999.0000,-2.7381,0,0,1.0000
92077,1.7319,4.2715,6.3844,-9999.0000,-9999.0000,-0.9279,12.8004,6.9045,82.1919,-9999.0000,86.6556,-9999.0000,-0.2277,-9999.0000,4.5826,0,0,1.0000
92078,3.1478,4.3837,3.6564,-9999.0000,-9999.0000,-0.3775,12.8051,4.3016,82.2097,-9999.0000,86.6516,-9999.0000,0.2287,-9999.0000,6.6275,0,0,1.0000
92079,0.6925,3.4730,3.6553,-9999.0000,-9999.0000,0.5371,12.8052,2.8272,82.2300,-9999.0000,86.6515,-9999.0000,-0.0954,-9999.0000,-3.9670,0,0,1.0000
92080,0.6576,5.4884,3.9225,-9999.0000,-9999.0000,0.3772,12.8051,5.6772,82.2668,-9999.0000,86.6520,-9999.0000,-0.0875,-9999.0000,-2.6354,0,0,1.0000
92081,1.8267,2.6145,6.0185,-9999.0000,-9999.0000,-0.9532,12.8047,2.4038,82.3052,-9999.0000,86.6537,-9999.0000,-0.6682,-9999.0000,0.7313,0,0,1.0000
92082,1.4090,2.6753,3.9417,-9999.0000,-9999.0000,-2.1079,12.8045,4.8019,82.3416,-9999.0000,86.6547,-9999.0000,-0.4048,-9999.0000,6.1307,0,0,1.0000
92083,1.3925,1.7482,5.6109,-9999.0000,-9999.0000,0.3775,12.8041,3.8604,82.3856,-9999.0000,86.6534,-9999.0000,-0.4911,-9999.0000,1.7668,0,0,1.0000
92084,1.2274,1.4220,6.0011,-9999.0000,-9999.0000,0.7287,12.8041,14.4414,82.4279,-9999.0000,86.6492,-9999.0000,-0.0679,-9999.0000,-4.0046,0,0,1.0000
92085,3.4186,1.8812,5.4818,-9999.0000,-9999.0000,-0.6766,12.7997,12.5961,82.4650,-9999.0000,86.6541,-9999.0000,-0.2758,-9999.0000,-3.3199,0,0,1.0000
92086,0.2312,1.8426,2.6337,-9999.0000,-9999.0000,-0.1093,12.8027,4.2847,82.4932,-9999.0000,86.6592,-9999.0000,0.8105,-9999.0000,-1.7728,0,0,1.0000
92087,2.9291,2.3257,5.2766,-9999.0000,-9999.0000,0.1034,12.8021,1.0814,82.5182,-9999.0000,86.6597,-9999.0000,0.5748,-9999.0000,-11.5843,0,0,1.0000
92088,1.1021,4.4169,5.6435,-9999.0000,-9999.0000,0.4632,12.8013,4.6607,82.5564,-9999.0000,86.6613,-9999.0000,-0.1124,-9999.0000,21.6167,0,0,1.0000
92089,1.1760,6.1017,3.4992,-9999.0000,-9999.0000,-0.6831,12.8010,4.2695,82.5735,-9999.0000,86.6671,-9999.0000,-0.3948,-9999.0000,-13.5422,0,0,1.0000
92090,0.4630,13.3428,3.5723,-9999.0000,-9999.0000,0.6910,12.7978,8.8330,82.6076,-9999.0000,86.6640,-9999.0000,-0.6513,-9999.0000,-6.4434,0,0,1.0000
92091,2.0461,2.4359,6.0611,-9999.0000,-9999.0000,-2.4139,12.7968,1.5067,82.6352,-9999.0000,86.6633,-9999.0000,-0.7213,-9999.0000,14.6907,0,0,1.0000
92092,1.5116,2.5706,6.2802,-9999.0000,-9999.0000,-0.5112,12.7926,3.7012,82.6691,-9999.0000,86.6646,-9999.0000,-0.4738,-9999.0000,-6.4544,0,0,1.0000
92093,1.8413,4.5561,4.9461,-9999.0000,-9999.0000,-0.2048,12.7892,4.2350,82.6894,-9999.0000,86.6660,-9999.0000,-0.5003,-9999.0000,-7.3741,0,0,1.0000
92094,1.1765,3.3749,7.0674,-9999.0000,-9999.0000,-0.7738,12.7890,7.3228,82.7087,-9999.0000,86.6676,-9999.0000,-0.4257,-9999.0000,0.5257,0,0,1.0000
92095,4.2071,1.6595,5.6325,-9999.0000,-9999.0000,0.8382,12.7880,9.6973,82.7239,-9999.0000,86.6686,-9999.0000,-0.5537,-9999.0000,-6.4236,0,0,1.0000
92096,0.6810,2.2804,4.9217,-9999.0000,-9999.0000,0.0329,12.7874,10.5135,82.7379,-9999.0000,86.6751,-9999.0000,-0.0913,-9999.0000,3.2991,0,0,1.0000
92097,5.5003,2.3880,4.6183,-9999.0000,-9999.0000,-0.7252,12.7874,4.6738,82.7453,-9999.0000,86.6797,-9999.0000,-0.3487,-9999.0000,-3.9849,0,0,1.0000
92098,4.8085,2.5928,2.6238,-9999.0000,-9999.0000,0.4303,12.7891,4.3184,82.7593,-9999.0000,86.6867,-9999.0000,-0.1510,-9999.0000,9.7478,0,0,1.0000
92099,1.3536,4.0996,5.4449,-9999.0000,-9999.0000,0.6107,12.7899,5.2316,82.7646,-9999.0000,86.6921,-9999.0000,-0.2812,-9999.0000,-1.2955,0,0,1.0000
92100,6.3515,4.5817,4.9745,-9999.0000,-9999.0000,-0.3001,12.7845,7.0634,82.7769,-9999.0000,86.6937,-9999.0000,-0.7761,-9999.0000,-12.7174,0,0,1.0000
92101,0.6487,2.0593,3.2197,-9999.0000,-9999.0000,-1.2973,12.7815,5.7758,82.7756,-9999.0000,86.7018,-9999.0000,-0.6271,-9999.0000,4.7560,0,0,1.0000
92102,1.6901,3.5186,4.3498,-9999.0000,-9999.0000,0.1151,12.7873,13.0413,82.7700,-9999.0000,86.6936,-9999.0000,-0.7980,-9999.0000,-8.0070,0,0,1.0000
92103,2.1106,3.9494,7.7412,-9999.0000,-9999.0000,-0.9625,12.7863,6.7433,82.7745,-9999.0000,86.6939,-9999.0000,-0.2471,-9999.0000,3.5574,0,0,1.0000
92104,1.3249,3.7262,5.2894,-9999.0000,-9999.0000,-1.0928,12.7854,9.9508,82.7679,-9999.0000,86.6926,-9999.0000,1.8580,-9999.0000,-0.2191,0,0,1.0000
92105,1.4278,1.5568,2.7653,-9999.0000,-9999.0000,-1.3701,12.7881,6.4131,82.7598,-9999.0000,86.6942,-9999.0000,2.8640,-9999.0000,2.9704,0,0,1.0000
92106,1.1800,1.4254,3.0124,-9999.0000,-9999.0000,-1.6989,12.7874,7.9310,82.7368,-9999.0000,86.6948,-9999.0000,-0.4053,-9999.0000,-7.8549,0,0,1.0000
92107,0.5971,2.2287,5.2483,-9999.0000,-9999.0000,-0.0376,12.7868,17.3783,82.7033,-9999.0000,86.6992,-9999.0000,-0.0402,-9999.0000,3.1051,0,0,1.0000
92108,1.2256,1.7419,4.4757,-9999.0000,-9999.0000,-0.0736,12.7847,5.8299,82.6645,-9999.0000,86.7020,-9999.0000,-0.3758,-9999.0000,6.3322,0,0,1.0000
92109,0.6723,2.2392,4.2178,-9999.0000,-9999.0000,-0.8883,12.7877,3.3911,82.6227,-9999.0000,86.7035,-9999.0000,-0.0493,-9999.0000,-13.1537,0,0,1.0000
92110,1.4955,3.8230,6.1040,-9999.0000,-9999.0000,-1.8426,12.7921,5.9187,82.5676,-9999.0000,86.7040,-9999.0000,-0.0470,-9999.0000,-0.0001,0,0,1.0000
92111,4.1907,3.1292,3.8819,-9999.0000,-9999.0000,-0.0110,12.7991,2.1476,82.5012,-9999.0000,86.7058,-9999.0000,0.7124,-9999.0000,0.8873,0,0,1.0000
92112,0.6583,2.8974,4.9205,-9999.0000,-9999.0000,0.1456,12.8043,5.0590,82.4398,-9999.0000,86.7026,-9999.0000,-0.5336,-9999.0000,-1.3358,0,0,1.0000
92113,1.2638,3.3444,4.7604,-9999.0000,-9999.0000,0.0984,12.8047,8.3444,82.3628,-9999.0000,86.7069,-9999.0000,1.3153,-9999.0000,-5.5437,0,0,1.0000
92114,1.8865,1.8560,2.7773,-9999.0000,-9999.0000,-1.5639,12.8017,5.2048,82.2924,-9999.0000,86.7097,-9999.0000,1.2144,-9999.0000,-1.2560,0,0,1.0000
92115,3.1138,3.2050,4.2445,-9999.0000,-9999.0000,-1.2047,12.8034,5.4532,82.2077,-9999.0000,86.7109,-9999.0000,-0.3882,-9999.0000,-11.5218,0,0,1.0000
92116,1.2788,3.0657,5.4897,-9999.0000,-9999.0000,-1.3031,12.8040,4.6484,82.1128,-9999.0000,86.7129,-9999.0000,-0.2766,-9999.0000,-2.2815,0,0,1.0000
92117,1.5608,2.0273,5.4222,-9999.0000,-9999.0000,-0.3472,12.8013,3.0558,82.0152,-9999.0000,86.7175,-9999.0000,-0.2596,-9999.0000,1.6946,0,0,1.0000
92118,1.6240,2.4650,7.3832,-9999.0000,-9999.0000,-1.0744,12.7972,3.0001,81.9113,-9999.0000,86.7156,-9999.0000,-0.5681,-9999.0000,-0.8562,0,0,1.0000
92119,1.2571,3.2039,2.7710,-9999.0000,-9999.0000,-0.8237,12.7924,2.4294,81.8162,-9999.0000,86.7166,-9999.0000,-0.1730,-9999.0000,7.1474,0,0,1.0000
92120,0.4559,4.7737,6.4591,-9999.0000,-9999.0000,-0.9417,12.7923,3.6249,81.7207,-9999.0000,86.7161,-9999.0000,0.1551,-9999.0000,5.5850,0,0,1.0000
92121,1.6365,3.9317,2.5788,-9999.0000,-9999.0000,-0.2882,12.7918,9.4617,81.6432,-9999.0000,86.7199,-9999.0000,0.1743,-9999.0000,2.8598,0,0,1.0000
92122,2.5505,3.8658,4.8315,-9999.0000,-9999.0000,0.6699,12.7947,7.1468,81.5608,-9999.0000,86.7194,-9999.0000,-0.0165,-9999.0000,2.7081,0,0,1.0000
92123,1.6189,4.7638,6.8664,-9999.0000,-9999.0000,1.6834,12.7986,8.2722,81.4851,-9999.0000,86.7171,-9999.0000,-0.1907,-9999.0000,17.9745,0,0,1.0000
92124,1.8764,2.8557,4.7841,-9999.0000,-9999.0000,-1.6477,12.8001,5.7056,81.4087,-9999.0000,86.7165,-9999.0000,0.0620,-9999.0000,-5.7099,0,0,1.0000
92125,1.0869,5.8846,4.5960,-9999.0000,-9999.0000,-0.0610,12.8033,19.8349,81.3265,-9999.0000,86.7234,-9999.0000,-0.3930,-9999.0000,4.2508,0,0,1.0000
92126,1.3519,3.8341,4.7449,-9999.0000,-9999.0000,-0.2951,12.8018,7.0148,81.2679,-9999.0000,86.7269,-9999.0000,-0.3161,-9999.0000,-8.3004,0,0,1.0000
92127,2.3854,7.4572,7.7224,-9999.0000,-9999.0000,0.3321,12.8003,5.8735,81.2022,-9999.0000,86.7278,-9999.0000,-0.2453,-9999.0000,-7.9880,0,0,1.0000
92128,2.1874,4.0000,5.2766,-9999.0000,-9999.0000,0.4992,12.7952,8.1235,81.1402,-9999.0000,86.7274,-9999.0000,-0.3158,-9999.0000,2.6239,0,0,1.0000
92129,1.7913,3.8104,5.5825,-9999.0000,-9999.0000,-0.3406,12.7916,7.5278,81.0765,-9999.0000,86.7292,-9999.0000,2.4548,-9999.0000,-17.0404,0,0,1.0000
92130,5.0042,6.3993,6.1935,-9999.0000,-9999.0000,0.5288,12.7920,5.5405,81.0194,-9999.0000,86.7301,-9999.0000,1.4372,-9999.0000,2.2195,0,0,1.0000
92131,2.9360,8.7455,6.7563,-9999.0000,-9999.0000,-0.2799,12.7917,14.7482,80.9733,-9999.0000,86.7353,-9999.0000,-0.6524,-9999.0000,-0.3203,0,0,1.0000
