Data/Raw/WAGNER,NICK/firexaq-AOP-optical_DC8_20190806_R1.ict
50, 1001
Wagner, Nicholas L.
NOAA Earth System Research Laboratory
NOAA AOP instrument
FIREX-AQ
1, 1
2019, 08, 06, 2020, 04, 27
1
Time_start, seconds_past_midnight, seconds from midnight
18
1, 1, 1, 1, 1, 1, 1, 1, 1, 1, 1, 1, 1, 1, 1, 1, 1, 1
-9999, -9999, -9999, -9999, -9999, -9999, -9999, -9999, -9999, -9999, -9999, -9999, -9999, -9999, -9999, -9999, -9999, -9999
ext_dry_664, Mm-1, AerOpt_Extinction_InSitu_RHd_red_Total_PM2.5_STP
ext_dry_532, Mm-1, AerOpt_Extinction_InSitu_RHd_green_Total_PM2.5_STP
ext_dry_405, Mm-1, AerOpt_Extinction_InSitu_RHd_blue_Total_PM2.5_STP
abs_dry_664, Mm-1, AerOpt_Absorption_InSitu_RHd_red_Total_PM2.5_STP
abs_dry_532, Mm-1, AerOpt_Absorption_InSitu_RHd_green_Total_PM2.5_STP
abs_dry_405, Mm-1, AerOpt_Absorption_InSitu_RHd_blue_Total_PM2.5_STP
AOP_RH_dry, pct, Relative_humidity_of_dry_RH_channels
ext_medRH_664, Mm-1, AerOpt_Extinction_InSitu_RH80_red_Total_PM2.5_STP
AOP_RH_med, pct, Relative_humidity_of_medium_RH_channel
ext_highRH_664, Mm-1, AerOpt_Extinction_InSitu_RH85_red_Total_PM2.5_STP
AOP_RH_high, pct, Relative_humidity_of_high_RH_channel
ext_TD_664, Mm-1, AerOpt_ExtinctionTD_InSitu_RHd_blue_Total_PM2.5_STP
ext_TD_405, Mm-1, AerOpt_ExtinctionTD_InSitu_RHd_red_Total_PM2.5_STP
abs_TD_664, Mm-1, AerOpt_Absorption_InSitu_RHd_red_Total_PM2.5_STP
abs_TD_405, Mm-1, AerOpt_Absorption_InSitu_RHd_blue_Total_PM2.5_STP
AOP_TD_bypass_flag, pct, Flag_for_TD_Bypass_valve
AOP_filter_flag, pct, Flag_for_Filter_Valve
AOP_Dilution_ratio, pct, Applied_Dilution_Ratio_for_ext_channels
0
18
PI_CONTACT_INFO: Address: NOAA ESRL Chemical Sciences Division, R/CSD2, 325 Broadway, Boulder, CO 80305. Email: nick.wagner@noaa.gov.
PLATFORM: NASA DC8
LOCATION: See the DC8 MetNav file, Based in Boise (BOI) and Salina, KS
ASSOCIATED_DATA: N/A
[...]
DATA_INFO: Mm-1:
UNCERTAINTY: The precision of the extinction measurements varies with aerosol loading and is +/-20% at 10 Mm-1 and +/-5% at 100 Mm-1. The accuracy of the dry measurement is +/-2% and depends on RH for the humidified measurements, +/-5% at 85% RH and +/-15% at 90% RH. For more details, see Langridge et al., Aerosol Science and Technology 45:1305-1318, 2011. Analysis of comparable measurements suggest incomplete mixing in the dilution system. Effective dilution for individual instruments can vary by +/- 30% compared to the reported flow-based dilution estimate. The absorption measurements have a high signal accuracy of 20%. The low signal precision varies with altitude and flight to flight, and is typically less than 10 Mm-1 for 1 second measurements.
ULOD_FLAG: -7777
ULOD_VALUE: N/A
LLOD_FLAG: -8888
LLOD_VALUE: N/A
DM_CONTACT_INFO: Gao Chen
PROJECT_INFO: FIREX-AQ
STIPULATIONS_ON_USE: NASA Data Policy. Contact with PI is encouraged.
OTHER_COMMENTS: N/A
REVISION: R1
R1: Absorption measurements have been corrected for pressure dependent microphone sensitivity. In-cloud data has been removed. R0: Final Data. 
Time_start, ext_dry_664, ext_dry_532, ext_dry_405, abs_dry_664, abs_dry_532, abs_dry_405, AOP_RH_dry, ext_medRH_664, AOP_RH_med, ext_highRH_664, AOP_RH_high, ext_TD_664, ext_TD_405, abs_TD_664, abs_TD_405, AOP_TD_bypass_flag, AOP_filter_flag, AOP_Dilution_ratio
[from data line 22881]
87875,-0.0195,0.8496,0.0865,8.3053,-2.3394,-0.0095,7.8365,0.9295,80.6311,0.7234,84.6308,-9999,-6.5414,-9999,-1.3247,0,0,1.0000
87876,0.1315,1.0750,1.2563,-5.2033,0.7845,0.1518,7.8303,0.6612,80.7872,1.1790,84.7381,-9999,-8.0092,-9999,-3.4441,0,0,1.0000
87877,0.5892,1.6373,2.9260,-7.1615,1.2730,0.0910,7.8193,0.4666,80.9222,4.3189,84.8513,-9999,-6.5172,-9999,0.4643,0,0,1.0000
87878,0.9552,2.9080,1.8851,-1.7405,0.0650,-0.6732,7.8094,2.0908,81.0529,1.4818,84.9554,-9999,-6.7781,-9999,-1.2578,0,0,1.0000
87879,1.2084,2.2773,3.0307,0.6068,1.4902,0.9866,7.8059,8.0580,81.1770,2.0918,85.0690,-9999,-7.2476,-9999,0.7355,0,0,1.0000
87880,0.8490,1.9342,3.2684,6.5964,2.9433,0.5541,7.8050,0.5604,81.3073,2.2878,85.1622,-9999,-5.5178,-9999,-1.8214,0,0,1.0000
87881,3.1533,3.0023,3.2172,5.9202,-0.6197,0.1170,7.7975,0.9117,81.4069,5.6096,85.2558,-9999,-5.5667,-9999,-4.7534,0,0,1.0000
87882,0.5440,2.1260,3.0837,-4.5463,-0.3114,-0.4740,7.7993,1.6717,81.4912,6.6624,85.3368,-9999,-2.4075,-9999,-4.9609,0,0,1.0000
87883,0.7993,2.2059,2.9909,2.0219,2.6041,-0.3094,7.7987,3.5914,81.5623,4.2778,85.4383,-9999,-2.3925,-9999,2.3132,0,0,1.0000
87884,1.4155,2.8531,2.7839,0.5564,0.4861,-0.3638,7.7969,3.0859,81.6210,4.7650,85.5439,-9999,-1.7974,-9999,3.3599,0,0,1.0000
87885,1.6731,2.6152,4.9952,-0.4975,-3.0756,-0.0938,7.7952,4.2030,81.6754,7.4418,85.6307,-9999,-3.3759,-9999,1.9298,0,0,1.0000
87886,1.1453,2.6566,5.0180,-6.9292,2.1137,-0.6208,7.7958,2.4000,81.7127,3.7763,85.6979,-9999,0.6963,-9999,0.6090,0,0,1.0000
87887,1.5947,4.3298,4.4334,2.9259,-2.5811,0.0306,7.7930,4.7253,81.7365,5.7827,85.7659,-9999,-1.1533,-9999,0.3399,0,0,1.0000
87888,0.9090,2.3960,3.8215,-6.0336,5.3694,-0.1734,7.7962,2.4059,81.7420,7.8182,85.8378,-9999,-3.0066,-9999,-0.4671,0,0,1.0000
87889,1.4335,2.7707,4.0725,-1.9319,2.6299,0.3684,7.7901,3.5321,81.7386,7.5587,85.9155,-9999,-1.3693,-9999,8.5076,0,0,1.0000
87890,0.7559,2.3928,3.2179,0.3570,-0.0562,-0.0346,7.7824,4.6861,81.7346,5.1616,85.9918,-9999,-5.7145,-9999,0.7229,0,0,1.0000
87891,1.2850,2.6106,3.0830,6.5292,-0.3157,0.2069,7.7777,4.1057,81.7359,5.1304,86.0656,-9999,-5.8000,-9999,-0.9866,0,0,1.0000
87892,1.6313,2.0442,2.3742,-2.5515,1.2241,0.7564,7.7804,3.2217,81.7119,3.5562,86.1303,-9999,-6.2857,-9999,-5.3340,0,0,1.0000
87893,0.7117,2.8181,2.9543,-4.0345,3.4366,-0.3793,7.7796,3.7242,81.6759,6.1521,86.1637,-9999,-6.3709,-9999,-8.8364,0,0,1.0000
87894,1.0641,4.1066,3.3233,-2.9101,-0.0590,-0.2983,7.7828,0.9965,81.6140,5.8082,86.2065,-9999,-5.0528,-9999,-1.1252,0,0,1.0000
87895,3.0678,2.4309,6.0228,3.2446,0.4660,0.3294,7.7857,8.5425,81.5395,9.0700,86.2536,-9999,-5.6984,-9999,-2.6054,0,0,1.0000
87896,5.0063,2.8107,3.1462,0.1111,2.8606,0.2465,7.7933,2.9590,81.4518,6.5443,86.3149,-9999,-5.5100,-9999,0.9535,0,0,1.0000
87897,1.1646,3.2190,4.5345,2.2060,1.5469,-0.3704,7.7855,6.1094,81.3826,7.5262,86.3713,-9999,-3.9671,-9999,3.8497,0,0,1.0000
87898,1.1097,2.8253,4.2117,1.1658,4.9114,1.0143,7.7866,2.4076,81.3143,7.1580,86.4274,-9999,-8.3862,-9999,-5.0897,0,0,1.0000
87899,1.0879,3.8766,2.7986,-0.3249,3.5923,-0.0160,7.7871,2.7127,81.2474,10.7049,86.4732,-9999,-9.6895,-9999,-2.6150,0,0,1.0000
87900,1.0935,2.6142,3.2921,-8.0947,5.2619,-0.3241,7.7865,7.1802,81.1891,5.4461,86.5099,-9999,-9.4480,-9999,0.0191,0,0,1.0000
87901,1.3736,2.7075,3.3410,-1.7938,1.6210,-0.1508,7.7835,4.3479,81.1362,3.4452,86.5436,-9999,-9.2483,-9999,1.5851,0,0,1.0000
87902,1.5468,2.5368,3.9506,-0.0180,-1.2916,0.2097,7.7844,9.5227,81.0909,2.5698,86.5817,-9999,-6.2282,-9999,0.1769,0,0,1.0000
87903,1.6351,2.6255,2.9528,-1.4758,1.9691,-0.2546,7.7798,2.2257,81.0347,4.5477,86.6180,-9999,-6.7098,-9999,-6.6996,0,0,1.0000
87904,1.5092,2.6542,3.3984,2.4899,4.1012,-0.0389,7.7899,4.3245,80.9925,4.8004,86.6601,-9999,-7.7014,-9999,-4.6363,0,0,1.0000
87905,0.8388,3.6759,3.8402,-4.4303,-1.0557,0.3671,7.7913,1.7283,80.9674,6.0838,86.7045,-9999,-9.6126,-9999,0.5074,0,0,1.0000
87906,1.2072,2.6931,2.7781,-1.9327,3.5587,0.9173,7.7949,1.8038,80.9423,4.0417,86.7558,-9999,-9.8642,-9999,-0.4569,0,0,1.0000
87907,0.9154,1.7723,2.8683,4.6600,1.2227,-0.0244,7.7967,1.2762,80.9281,5.3990,86.7957,-9999,-11.2188,-9999,2.1736,0,0,1.0000
87908,0.8147,1.7776,2.0421,-3.4889,1.7725,0.6439,7.7957,1.2690,80.9181,5.5050,86.8253,-9999,-10.6716,-9999,-6.8288,0,0,1.0000
87909,0.5699,2.7033,2.7574,-3.4681,-1.8837,-0.2498,7.7967,3.0499,80.9202,6.1733,86.8513,-9999,-8.6088,-9999,3.9383,0,0,1.0000
87910,1.7267,2.3957,2.8952,-0.3115,-2.5874,-0.1308,7.7955,1.6178,80.9174,3.9402,86.8838,-9999,-1.0139,-9999,-0.0560,0,0,1.0000
87911,0.9113,2.4615,2.4491,4.0045,1.2008,0.4879,7.7927,4.4958,80.9183,3.8641,86.9249,-9999,-7.7061,-9999,-3.5365,0,0,1.0000
87912,1.0134,2.1070,3.0565,5.0392,-1.2349,0.6359,7.7950,3.0911,80.9239,2.7879,86.9576,-9999,-9.4593,-9999,-2.8101,0,0,1.0000
87913,0.9955,2.1920,4.6399,3.0683,2.0945,0.3605,7.7905,1.2687,80.9355,4.3186,86.9858,-9999,-6.1239,-9999,-0.0002,0,0,1.0000
87914,1.5570,2.5186,4.4795,-0.4577,-3.7929,0.4900,7.7839,2.3357,80.9685,5.1089,87.0028,-9999,13.8577,-9999,-1.5190,0,0,1.0000
87915,0.6176,2.2257,3.0994,-1.3269,2.5755,-0.3897,7.7762,1.7403,81.0066,5.0778,87.0245,-9999,8.8445,-9999,-2.1537,0,0,1.0000
87916,2.1397,2.3444,2.3164,-0.4832,-0.4294,-0.1667,7.7774,2.1605,81.0490,4.3726,87.0461,-9999,-0.7004,-9999,-5.7366,0,0,1.0000
87917,1.0581,2.5571,3.8239,4.3237,1.0495,0.2047,7.7734,1.7019,81.0945,4.9652,87.0712,-9999,-7.6966,-9999,0.7768,0,0,1.0000
87918,1.5454,2.5052,4.3281,2.6048,-1.9212,0.1108,7.7770,3.5929,81.1419,4.2014,87.0854,-9999,-6.6346,-9999,4.4615,0,0,1.0000
87919,1.5238,3.6297,2.6479,-2.7567,2.9301,-0.7525,7.7948,3.8549,81.2032,3.4313,87.1002,-9999,-7.6654,-9999,-4.6673,0,0,1.0000
87920,1.0403,5.6990,3.8355,1.0743,-5.2662,0.0219,7.7981,2.2186,81.2685,3.7039,87.1094,-9999,-6.8637,-9999,-3.6719,0,0,1.0000
87921,1.1026,2.5783,3.7848,1.2303,2.8163,0.6385,7.7999,1.9433,81.3444,3.1147,87.1224,-9999,-5.2411,-9999,-7.2641,0,0,1.0000
87922,1.0310,3.6079,3.5580,0.1771,2.1100,0.1937,7.7904,1.5747,81.4233,3.3332,87.1302,-9999,-5.2008,-9999,-2.9634,0,0,1.0000
87923,1.2208,3.4626,2.9001,-6.3687,-0.5897,-0.0018,7.7864,3.1128,81.5030,4.5579,87.1359,-9999,-5.4710,-9999,1.3854,0,0,1.0000
87924,1.6767,2.1628,4.3819,1.3639,0.4492,-0.5750,7.7930,4.1963,81.5799,6.8729,87.1463,-9999,0.5890,-9999,3.9565,0,0,1.0000
87925,1.0067,3.1529,2.5631,-4.0912,1.3067,-0.2924,7.7883,2.7180,81.6586,6.8030,87.1500,-9999,0.6192,-9999,5.1027,0,0,1.0000
87926,1.1511,3.2486,6.0766,7.8515,-2.4022,-0.1906,7.7865,5.0701,81.7545,5.9054,87.1551,-9999,-3.5487,-9999,3.1797,0,0,1.0000
87927,2.2134,5.1977,5.9085,1.5327,0.3363,-0.2335,7.7867,5.6567,81.8434,5.1429,87.1599,-9999,-1.3557,-9999,-0.9045,0,0,1.0000
87928,2.2133,6.1322,6.9502,2.7517,0.5691,0.2494,7.7866,3.1213,81.9341,6.1947,87.1628,-9999,-2.0124,-9999,-5.0313,0,0,1.0000
87929,2.8095,6.1682,6.9255,-2.4754,1.5199,-0.1627,7.7839,3.6852,82.0157,8.2944,87.1703,-9999,-1.8412,-9999,-3.6137,0,0,1.0000
87930,1.5931,3.2532,4.1601,-2.1392,-3.2150,0.0199,7.7823,2.6282,82.0867,7.4614,87.1798,-9999,-3.0718,-9999,-1.2950,0,0,1.0000
87931,1.4156,3.5496,4.9205,-2.1299,-2.9235,1.0992,7.7834,6.2786,82.1722,8.6853,87.1901,-9999,-1.2321,-9999,0.0449,0,0,1.0000
87932,2.3982,4.1949,4.2016,-3.9750,1.5848,0.9267,7.7831,8.6866,82.2521,8.0788,87.2065,-9999,2.0670,-9999,-0.0284,0,0,1.0000
87933,3.4953,6.2709,7.6328,-3.0449,3.1330,1.0363,7.7881,5.3916,82.3495,5.9945,87.2191,-9999,-0.5825,-9999,3.1191,0,0,1.0000
87934,5.4046,6.2911,9.4889,-2.7896,1.6901,1.4052,7.7854,5.4199,82.4395,7.5412,87.2346,-9999,7.0374,-9999,0.1510,0,0,1.0000
87935,4.2973,9.9082,14.8228,-2.3950,-1.6324,1.1939,7.7914,10.7130,82.5254,11.4604,87.2443,-9999,18.3034,-9999,-0.8322,0,0,1.0000
87936,6.5446,13.1508,17.0182,-6.5055,0.1253,1.6990,7.8052,8.7095,82.6041,11.7584,87.2591,-9999,22.2646,-9999,4.2542,0,0,1.0000
87937,8.2582,15.0536,21.7405,7.9749,-1.9142,1.2687,7.8081,9.3269,82.6829,11.2088,87.2716,-9999,20.9625,-9999,-1.8621,0,0,1.0000
87938,10.0875,17.4276,26.9995,-4.3412,-7.6147,0.4657,7.8018,13.1638,82.7505,10.2233,87.2858,-9999,17.7050,-9999,0.6726,0,0,1.0000
87939,9.6656,15.8674,25.9060,1.2654,-3.1705,2.3709,7.7965,11.1646,82.8112,9.9979,87.2993,-9999,31.2231,-9999,-2.0368,0,0,1.0000
87940,9.5249,16.2837,26.6150,4.7038,0.8807,1.5962,7.7918,25.2904,82.8608,18.3368,87.3156,-9999,24.0695,-9999,1.0211,0,0,1.0000
87941,12.5691,20.0276,26.2966,4.1668,-2.4451,2.9000,7.7894,10.6377,82.9140,17.4113,87.3387,-9999,26.5784,-9999,5.1275,0,0,1.0000
87942,13.4356,19.4700,28.9313,-4.4022,-0.8966,2.6768,7.7869,12.7521,82.9717,13.3135,87.3575,-9999,33.4565,-9999,-1.3663,0,0,1.0000
87943,10.1265,21.9908,27.9437,3.1595,-2.8157,4.4257,7.7920,14.3060,83.0293,17.8659,87.3665,-9999,33.1450,-9999,3.1848,0,0,1.0000
87944,12.8907,23.6177,36.3824,3.6072,-2.5688,5.0178,7.7966,17.0138,83.0725,17.6641,87.3777,-9999,47.7163,-9999,8.1368,0,0,1.0000
87945,17.4430,40.9970,53.8047,-2.2107,-3.9054,5.4685,7.7974,25.3642,83.0878,24.7504,87.3863,-9999,60.8182,-9999,12.1183,0,0,1.0000
87946,26.0561,50.6265,73.1711,-2.8144,-3.5315,6.0979,7.7945,26.5798,83.0986,27.1192,87.3946,-9999,72.6258,-9999,4.8195,0,0,1.0000
87947,24.9809,47.8714,77.0833,-3.6562,-2.7471,6.5538,7.7983,32.6899,83.1040,28.8674,87.4107,-9999,73.1469,-9999,7.1308,0,0,1.0000
87948,27.1437,47.3433,80.9506,4.7938,-2.5102,6.3171,7.7910,37.6420,83.1065,27.4482,87.4283,-9999,117.9849,-9999,1.6295,0,0,1.0000
87949,28.0617,49.1051,83.4935,-3.4400,-3.1980,6.8714,7.7864,27.8256,83.1015,33.3834,87.4376,-9999,119.0194,-9999,1.9508,0,0,1.0000
87950,28.5615,49.3754,85.7978,3.4811,0.0967,7.1991,7.7903,33.8270,83.0744,39.1596,87.4443,-9999,134.9499,-9999,5.9555,0,0,1.0000
87951,33.0210,61.1972,95.4852,4.2014,-2.5041,9.1508,7.7902,30.1183,83.0300,33.5832,87.4595,-9999,151.4207,-9999,4.8806,0,0,1.0000
87952,37.3474,60.7105,93.1147,-6.1569,-0.7490,9.6689,7.7877,44.7150,82.9592,39.4606,87.4709,-9999,175.8433,-9999,11.2929,0,0,1.0000
87953,52.8312,77.2175,112.4232,2.5624,4.2684,16.4841,7.7896,42.4975,82.8774,46.9904,87.4807,-9999,228.9913,-9999,15.3403,0,0,1.0000
87954,52.9697,84.0214,129.9856,-3.2517,2.5204,24.0088,7.7932,74.6920,82.7777,65.5510,87.4868,-9999,271.9656,-9999,17.1433,0,0,1.0000
87955,90.8975,168.3654,240.4384,-2.4744,0.3349,24.1318,7.7911,109.2942,82.6388,110.5339,87.4872,-9999,238.3131,-9999,17.5471,0,0,1.0000
87956,145.7794,299.3776,385.4726,1.0060,-1.7953,20.0511,7.7939,129.4111,82.5029,114.6789,87.4988,-9999,208.3312,-9999,15.9243,0,0,1.0000
87957,126.9009,184.7611,338.0650,-0.0795,-3.0847,13.2522,7.7954,103.2291,82.3687,83.8939,87.5080,-9999,259.9071,-9999,15.9165,0,0,1.0000
87958,75.2058,93.5010,213.6053,0.4027,1.3089,8.8068,7.7904,86.6313,82.2159,78.4806,87.5184,-9999,200.5770,-9999,-9999,0,0,1.0000
87959,44.5284,52.8543,129.9093,3.9545,-4.9669,7.3997,7.7954,52.4372,82.0319,58.4716,87.5263,-9999,333.9916,-9999,-9999,0,0,1.0000
87960,26.2211,29.0792,79.4509,-9.8762,1.3935,12.4050,7.7914,50.2209,81.8541,45.9265,87.5352,-9999,258.4965,-9999,-9999,0,0,1.0000
87961,18.3017,20.7361,54.5475,0.4596,0.4150,23.8973,7.7951,40.4771,81.6803,50.3477,87.5443,-9999,260.2928,-9999,-9999,0,0,1.0000
87962,39.5579,75.2831,124.3691,8.3962,6.0855,36.4581,7.7913,76.1908,81.5214,100.1347,87.5518,-9999,298.0292,-9999,-9999,0,0,1.0000
87963,134.5705,295.4482,348.7886,7.1095,6.1262,33.0564,7.7873,131.8804,81.3919,134.2871,87.5578,-9999,355.4881,-9999,-9999,0,0,1.0000
87964,181.8138,339.4356,484.2841,-9.0121,8.7113,28.8207,7.7805,150.8822,81.2526,135.2692,87.5598,-9999,389.4356,-9999,-9999,0,0,1.0000
87965,158.1335,246.4107,437.4753,-1.3295,4.2832,27.3914,7.7767,142.0492,81.0987,133.6428,87.5674,-9999,383.4830,-9999,-9999,0,0,1.0000
87966,130.7141,211.5946,378.6187,-1.3295,9.9199,30.3531,7.7734,138.8190,80.9393,127.1285,87.5775,-9999,429.7291,-9999,-9999,0,0,1.0000
87967,117.1961,217.1634,343.0403,-9999,9.9194,30.3538,7.7759,132.5315,80.8156,146.7954,87.5825,-9999,472.0719,-9999,-9999,0,0,1.0000
87968,129.3860,233.4805,366.7226,-9999,-9999,-9999,7.7781,156.8759,80.7251,170.7823,87.5911,-9999,572.4569,-9999,-9999,0,0,1.0000
87969,156.9358,295.7000,453.8720,-9999,-9999,-9999,7.7753,195.2506,80.6360,202.3848,87.5963,-9999,699.0859,-9999,-9999,0,0,1.0000
87970,214.1372,411.9174,614.1755,-9999,-9999,-9999,7.7781,245.7716,80.5404,226.7711,87.6089,-9999,785.2120,-9999,78.2397,0,0,1.0000
87971,274.2591,514.5268,764.5244,-9999,-9999,-9999,7.7778,283.3346,80.4521,288.1678,87.6152,-9999,912.9505,-9999,80.6773,0,0,1.0000
87972,335.1660,601.8112,928.2073,-9999,-9999,-9999,7.7781,348.3093,80.3874,352.5743,87.6275,-9999,1093.9872,-9999,92.2804,0,0,1.0000
87973,386.8833,711.6362,1104.5714,-9999,-9999,-9999,7.7770,412.8578,80.3469,390.5767,87.6391,-9999,1257.6421,-9999,110.5786,0,0,1.0000
87974,462.8611,827.9873,1280.9081,-9999,-9999,-9999,7.7768,480.0421,80.3186,447.6381,87.6531,-9999,1353.4822,-9999,123.4305,0,0,1.0000
87975,480.2303,893.4622,1429.5212,-9999,-9999,-9999,7.7827,538.4230,80.2891,482.9717,87.6686,-9999,1459.1627,-9999,131.2690,0,0,1.0000
87976,513.2454,916.9917,1522.2780,-9999,-9999,-9999,7.7810,548.1296,80.2656,528.3371,87.6822,-9999,1596.6700,-9999,139.3049,0,0,1.0000
87977,546.3252,979.4973,1626.9191,-9999,-9999,-9999,7.7781,603.2963,80.2576,578.5512,87.6871,-9999,1693.0139,-9999,146.7802,0,0,1.0000
87978,574.8883,1078.6552,1748.5581,-9999,-9999,-9999,7.7839,635.4640,80.2585,619.8160,87.6969,-9999,1837.9863,-9999,155.7413,0,0,1.0000
87979,603.4119,1116.1833,1857.5381,66.6787,-9999,-9999,7.7860,688.7475,80.2532,663.9556,87.7001,-9999,2001.2407,-9999,165.0161,0,0,1.0000
87980,627.7135,1182.7098,1949.2736,55.0870,96.4516,198.4309,7.7877,765.2278,80.2594,683.0496,87.7017,-9999,2073.2566,-9999,172.5128,0,0,1.0000
87981,683.3260,1233.2488,2057.5918,62.7048,91.8257,193.1242,7.7902,791.8339,80.2669,737.3885,87.7007,-9999,2048.1841,-9999,183.0813,0,0,1.0000
87982,-9999,1344.1512,2180.7881,57.8452,90.0048,197.5875,7.7923,815.1111,80.2908,-9999,87.7037,-9999,2078.3987,-9999,174.9959,0,0,1.0000
87983,-9999,1344.4700,2244.8828,55.6625,94.2798,199.6716,7.7916,840.3253,80.3409,-9999,87.7062,-9999,2095.8774,-9999,194.9878,0,0,1.0000
87984,-9999,1296.1107,2182.5735,73.0710,100.2603,195.3394,7.7913,837.1600,80.3960,-9999,87.7038,-9999,2164.6177,-9999,195.0123,0,0,1.0000
87985,-9999,1317.7240,2223.4790,60.5593,101.6511,207.5971,7.7912,875.0704,80.4685,-9999,87.7036,-9999,2210.0181,-9999,198.0429,0,0,1.0000
87986,-9999,1348.0637,2245.2019,72.2877,111.5465,226.4520,7.7897,882.0978,80.5637,-9999,87.6986,-9999,2382.9727,-9999,218.2236,0,0,1.0000
87987,-9999,1436.7469,2340.2954,61.3840,120.2146,249.3340,7.7857,950.2418,80.6433,-9999,87.6885,-9999,2649.0093,-9999,228.4357,0,0,1.0000
87988,-9999,1557.2357,2525.8486,93.6646,126.1106,271.0021,7.7899,998.6260,80.7414,-9999,87.6830,-9999,2857.0486,-9999,241.5051,0,0,1.0000
87989,-9999,1720.3480,2749.3467,85.1509,130.5259,296.2218,7.7924,-9999,80.8205,-9999,87.6767,-9999,3022.9402,-9999,249.8349,0,0,1.0000
87990,-9999,2071.0344,3149.9478,94.2616,140.1757,317.8341,7.8024,-9999,80.9353,-9999,87.6743,-9999,3214.6868,-9999,280.6924,0,0,1.0000
87991,-9999,2572.2725,3778.5134,86.0914,151.5660,344.4895,7.8089,-9999,81.0260,-9999,87.6717,-9999,3446.1680,-9999,284.3283,0,0,1.0000
87992,-9999,3124.5378,4493.4756,82.8407,153.6885,362.1586,7.8068,-9999,81.1200,-9999,87.6631,-9999,3831.5720,-9999,298.5746,0,0,1.0000
87993,-9999,3819.5010,5284.2236,86.2769,151.3806,378.4905,7.8113,-9999,81.2151,-9999,87.6481,-9999,4100.5400,-9999,312.9515,0,0,1.0000
87994,-9999,4152.1729,5888.5684,91.6648,150.1506,382.3901,7.8194,-9999,81.3313,-9999,87.6273,-9999,4334.0669,-9999,329.4401,0,0,1.0000
87995,-9999,4191.5552,6155.5962,89.0149,158.9220,381.4296,7.8176,-9999,81.4427,-9999,87.6062,-9999,4393.9282,-9999,332.7444,0,0,1.0000
87996,-9999,4169.8530,6334.9771,100.7725,156.8603,388.1833,7.8220,-9999,81.5474,-9999,87.5899,-9999,4299.1479,-9999,336.8778,0,0,1.0000
87997,-9999,4397.9653,6393.0098,89.0903,158.2100,377.4892,7.8280,-9999,81.6408,-9999,87.5765,-9999,4233.3159,-9999,340.2401,0,0,1.0000
