Data/Raw/WAGNER,NICK/firexaq-AOP-optical_DC8_20190823_R1.ict
51, 1001
Wagner, Nicholas L.
NOAA Earth System Research Laboratory
NOAA AOP instrument
FIREX-AQ
1, 1
2019, 08, 23, 2020, 04, 27
1
Time_start, seconds_past_midnight, seconds from midnight
18
1, 1, 1, 1, 1, 1, 1, 1, 1, 1, 1, 1, 1, 1, 1, 1, 1, 1
-9999, -9999, -9999, -9999, -9999, -9999, -9999, -9999, -9999, -9999, -9999, -9999, -9999, -9999, -9999, -9999, -9999, -9999
ext_dry_664, Mm-1, AerOpt_Extinction_InSitu_RHd_red_Total_PM2.5_STP
ext_dry_532, Mm-1, AerOpt_Extinction_InSitu_RHd_green_Total_PM2.5_STP
ext_dry_405, Mm-1, AerOpt_Extinction_InSitu_RHd_blue_Total_PM2.5_STP
abs_dry_664, Mm-1, AerOpt_Absorption_InSitu_RHd_red_Total_PM2.5_STP
abs_dry_532, Mm-1, AerOpt_Absorption_InSitu_RHd_green_Total_PM2.5_STP
abs_dry_405, Mm-1, AerOpt_Absorption_InSitu_RHd_blue_Total_PM2.5_STP
AOP_RH_dry, pct, Relative_humidity_of_dry_RH_channels
ext_medRH_664, Mm-1, AerOpt_Extinction_InSitu_RH80_red_Total_PM2.5_STP
AOP_RH_med, pct, Relative_humidity_of_medium_RH_channel
ext_highRH_664, Mm-1, AerOpt_Extinction_InSitu_RH85_red_Total_PM2.5_STP
AOP_RH_high, pct, Relative_humidity_of_high_RH_channel
ext_TD_664, Mm-1, AerOpt_ExtinctionTD_InSitu_RHd_blue_Total_PM2.5_STP
ext_TD_405, Mm-1, AerOpt_ExtinctionTD_InSitu_RHd_red_Total_PM2.5_STP
abs_TD_664, Mm-1, AerOpt_Absorption_InSitu_RHd_red_Total_PM2.5_STP
abs_TD_405, Mm-1, AerOpt_Absorption_InSitu_RHd_blue_Total_PM2.5_STP
AOP_TD_bypass_flag, pct, Flag_for_TD_Bypass_valve
AOP_filter_flag, pct, Flag_for_Filter_Valve
AOP_Dilution_ratio, pct, Applied_Dilution_Ratio_for_ext_channels
1
N/A
18
PI_CONTACT_INFO: Address: NOAA ESRL Chemical Sciences Division, R/CSD2, 325 Broadway, Boulder, CO 80305. Email: nick.wagner@noaa.gov.
PLATFORM: NASA DC8
LOCATION: See the DC8 MetNav file, Based in Boise (BOI) and Salina, KS
ASSOCIATED_DATA: N/A
[...]
DATA_INFO: Mm-1:
UNCERTAINTY: The precision of the extinction measurements varies with aerosol loading and is +/-20% at 10 Mm-1 and +/-5% at 100 Mm-1. The accuracy of the dry measurement is +/-2% and depends on RH for the humidified measurements, +/-5% at 85% RH and +/-15% at 90% RH. For more details, see Langridge et al., Aerosol Science and Technology 45:1305-1318, 2011. Analysis of comparable measurements suggest incomplete mixing in the dilution system. Effective dilution for individual instruments can vary by +/- 30% compared to the reported flow-based dilution estimate. The absorption measurements have a high signal accuracy of 20%. The low signal precision varies with altitude and flight to flight, and is typically less than 10 Mm-1 for 1 second measurements.
ULOD_FLAG: -7777
ULOD_VALUE: N/A
LLOD_FLAG: -8888
LLOD_VALUE: N/A
DM_CONTACT_INFO: Gao Chen
PROJECT_INFO: FIREX-AQ
STIPULATIONS_ON_USE: NASA Data Policy. Contact with PI is encouraged.
OTHER_COMMENTS: N/A
REVISION: R1
R1: Absorption measurements have been corrected for pressure dependent microphone sensitivity. In-cloud data has been removed. R0: Final Data. 
Time_start, ext_dry_664, ext_dry_532, ext_dry_405, abs_dry_664, abs_dry_532, abs_dry_405, AOP_RH_dry, ext_medRH_664, AOP_RH_med, ext_highRH_664, AOP_RH_high, ext_TD_664, ext_TD_405, abs_TD_664, abs_TD_405, AOP_TD_bypass_flag, AOP_filter_flag, AOP_Dilution_ratio
[from data line 3850]
65147,11.1966,10.6032,20.8341,-9999.0000,-9999.0000,-9999.0000,32.0523,11.8968,78.6736,18.7286,86.2115,2.3449,1.5151,-9999.0000,-9999.0000,0,0,1.0000
65148,10.7574,11.5409,19.1014,-9999.0000,-9999.0000,-9999.0000,32.0550,10.4059,78.6089,24.0229,86.1621,2.1821,1.7110,-9999.0000,-9999.0000,0,0,1.0000
65149,8.7282,13.1218,17.0331,-9999.0000,-9999.0000,-9999.0000,32.0468,8.9280,78.5566,24.5296,86.1352,7.7125,2.5028,-9999.0000,-9999.0000,0,0,1.0000
65150,7.8122,14.7115,17.3124,-9999.0000,-9999.0000,-9999.0000,32.0400,10.0536,78.5130,26.3109,86.1157,13.6703,3.8098,-9999.0000,-9999.0000,0,0,1.0000
65151,8.6541,13.2044,18.8448,-9999.0000,-9999.0000,-9999.0000,32.0401,10.3107,78.4877,25.3992,86.1023,5.1113,1.0547,-9999.0000,-9999.0000,0,0,1.0000
65152,6.6089,12.3533,23.3736,-9999.0000,-9999.0000,-9999.0000,32.0395,14.6391,78.4673,23.9349,86.1400,20.2299,2.1500,-9999.0000,-9999.0000,0,0,1.0000
65153,9.5146,15.5548,19.1612,-9999.0000,-9999.0000,-9999.0000,32.0372,15.5154,78.4634,21.5686,86.1310,11.7874,3.7639,-9999.0000,-9999.0000,0,0,1.0000
65154,9.0938,14.6047,20.4197,-9999.0000,-9999.0000,-9999.0000,32.0490,13.7379,78.4507,18.1358,86.1441,13.8285,4.9817,-9999.0000,-9999.0000,0,0,1.0000
65155,9.3123,11.6110,19.7072,-9999.0000,-9999.0000,-9999.0000,32.0485,10.0070,78.4429,24.8889,86.1707,4.5623,2.8016,-9999.0000,-9999.0000,0,0,1.0000
65156,7.4645,15.1267,22.0447,-9999.0000,-9999.0000,-9999.0000,32.0457,13.5260,78.4354,27.6956,86.1879,4.1914,2.9975,-9999.0000,-9999.0000,0,0,1.0000
65157,10.7090,15.0996,21.2779,-9999.0000,-9999.0000,-9999.0000,32.0358,19.7984,78.4386,26.7997,86.2282,3.1904,4.5768,-9999.0000,-9999.0000,0,0,1.0000
65158,10.0363,13.3084,21.4316,-9999.0000,-9999.0000,-9999.0000,32.0333,15.0784,78.4441,27.3095,86.2279,3.0053,11.7747,-9999.0000,-9999.0000,0,0,1.0000
65159,14.7316,16.2951,24.5806,-9999.0000,-9999.0000,-9999.0000,32.0288,14.3418,78.4741,31.6063,86.1638,7.8428,5.7833,-9999.0000,-9999.0000,0,0,1.0000
65160,7.8671,18.1445,26.5607,-9999.0000,-9999.0000,-9999.0000,32.0267,16.8829,78.5321,18.3716,86.1568,3.2747,2.3853,-9999.0000,-9999.0000,0,0,1.0000
65161,9.6672,17.9719,23.4190,-9999.0000,-9999.0000,-9999.0000,32.0129,13.0318,78.6122,26.2998,86.1285,11.9527,1.0249,-9999.0000,-9999.0000,0,0,1.0000
65162,15.2006,18.5805,23.4250,-9999.0000,-9999.0000,-9999.0000,32.0098,15.6777,78.6982,25.9277,86.2484,6.5062,1.6966,-9999.0000,-9999.0000,0,0,1.0000
65163,11.3098,16.5973,28.4147,-9999.0000,-9999.0000,-9999.0000,32.0067,14.0215,78.7934,29.2793,86.2709,5.2358,1.0876,-9999.0000,-9999.0000,0,0,1.0000
65164,11.4368,16.3520,28.7571,-9999.0000,-9999.0000,-9999.0000,32.0154,25.4664,78.8930,27.5979,86.2973,2.8937,1.4885,-9999.0000,-9999.0000,0,0,1.0000
65165,10.6444,21.0278,30.6679,-9999.0000,-9999.0000,-9999.0000,32.0164,28.4980,78.9895,30.9911,86.2490,2.5124,3.1495,-9999.0000,-9999.0000,0,0,1.0000
65166,10.8232,17.2166,27.2900,-9999.0000,-9999.0000,-9999.0000,32.0217,15.6187,79.0889,29.0659,86.1614,8.6742,7.4037,-9999.0000,-9999.0000,0,0,1.0000
65167,14.6578,17.2642,26.3746,-9999.0000,-9999.0000,-9999.0000,32.0269,13.9378,79.1852,27.1403,86.1211,6.3143,3.4228,-9999.0000,-9999.0000,0,0,1.0000
65168,12.2500,17.6593,24.7112,-9999.0000,-9999.0000,-9999.0000,32.0307,26.1285,79.2818,27.3738,86.1670,6.4175,2.2514,-9999.0000,-9999.0000,0,0,1.0000
65169,10.2782,18.9831,26.8137,-9999.0000,-9999.0000,-9999.0000,32.0306,16.1309,79.3834,25.4979,86.2917,7.0604,5.5223,-9999.0000,-9999.0000,0,0,1.0000
65170,9.8177,18.8794,24.5036,-9999.0000,-9999.0000,-9999.0000,32.0288,15.7720,79.4767,23.4705,86.3819,3.2984,4.6495,-9999.0000,-9999.0000,0,0,1.0000
65171,12.0458,22.1971,27.6009,-9999.0000,-9999.0000,-9999.0000,32.0395,17.0734,79.5779,24.1238,86.4301,7.1847,2.2558,-9999.0000,-9999.0000,0,0,1.0000
65172,11.5595,21.0329,24.9742,-9999.0000,-9999.0000,-9999.0000,32.0435,19.8043,79.6576,29.9361,86.3834,7.5932,3.3411,-9999.0000,-9999.0000,0,0,1.0000
65173,12.4747,18.3102,25.6380,-9999.0000,-9999.0000,-9999.0000,32.0402,19.0870,79.7300,34.8817,86.3458,4.6046,5.7906,-9999.0000,-9999.0000,0,0,1.0000
65174,14.4991,22.2952,27.9193,-9999.0000,-9999.0000,-9999.0000,32.0316,16.1295,79.8170,28.5773,86.3973,26.1401,4.0694,-9999.0000,-9999.0000,0,0,1.0000
65175,16.5893,21.4048,28.1497,-9999.0000,-9999.0000,-9999.0000,32.0300,19.2638,79.9013,36.0259,86.4466,30.9357,8.1906,-9999.0000,-9999.0000,0,0,1.0000
65176,17.1765,16.6195,28.4766,-9999.0000,-9999.0000,-9999.0000,32.0350,18.0957,79.9841,25.5130,86.3906,12.2148,10.6107,-9999.0000,-9999.0000,0,0,1.0000
65177,11.2060,19.9708,25.4475,-9999.0000,-9999.0000,-9999.0000,32.0411,17.5800,80.0387,32.5423,86.5097,7.7232,4.2311,-9999.0000,-9999.0000,0,0,1.0000
65178,10.0954,17.3264,26.3856,-9999.0000,-9999.0000,-9999.0000,32.0471,15.5322,80.0859,25.6614,86.4818,11.3058,2.4908,-9999.0000,-9999.0000,0,0,1.0000
65179,12.1504,17.5470,31.7377,-9999.0000,-9999.0000,-9999.0000,32.0529,14.0121,80.1227,27.1582,86.4597,4.8735,3.4141,-9999.0000,-9999.0000,0,0,1.0000
65180,15.9170,18.3134,27.1943,-9999.0000,-9999.0000,-9999.0000,32.0579,17.3118,80.1428,20.0566,86.4412,6.1180,4.7351,-9999.0000,-9999.0000,0,0,1.0000
65181,13.6482,18.7612,31.2362,-9999.0000,-9999.0000,-9999.0000,32.0505,16.3280,80.1480,23.2643,86.4183,3.6611,1.6802,-9999.0000,-9999.0000,0,0,1.0000
65182,13.5535,21.2371,27.5949,-9999.0000,-9999.0000,-9999.0000,32.0319,18.4867,80.1524,32.4315,86.3875,7.2437,3.3117,-9999.0000,-9999.0000,0,0,1.0000
65183,12.1449,17.5763,26.4934,-9999.0000,-9999.0000,-9999.0000,32.0397,19.8910,80.1637,29.2096,86.4259,18.4387,7.3275,-9999.0000,-9999.0000,0,0,1.0000
65184,8.7464,20.0551,28.7498,-9999.0000,-9999.0000,-9999.0000,32.0304,15.2110,80.1737,32.6512,86.4663,8.3770,4.1214,-9999.0000,-9999.0000,0,0,1.0000
65185,10.9289,18.1383,26.2599,-9999.0000,-9999.0000,-9999.0000,32.0218,12.6600,80.1758,27.6706,86.5382,7.1677,1.5421,-9999.0000,-9999.0000,0,0,1.0000
65186,9.9212,20.8346,27.9056,-9999.0000,-9999.0000,-9999.0000,32.0106,14.5921,80.1657,27.4009,86.4650,26.0321,1.7455,-9999.0000,-9999.0000,0,0,1.0000
65187,13.3993,17.4603,29.3337,-9999.0000,-9999.0000,-9999.0000,32.0151,15.5880,80.1628,25.6931,86.4442,15.6221,2.9544,-9999.0000,-9999.0000,0,0,1.0000
65188,9.8973,14.1907,28.9654,-9999.0000,-9999.0000,-9999.0000,32.0186,16.9904,80.1381,32.2011,86.3886,10.9209,2.1602,-9999.0000,-9999.0000,0,0,1.0000
65189,12.9387,16.9123,27.8344,-9999.0000,-9999.0000,-9999.0000,32.0180,14.3735,80.1065,23.5245,86.5123,8.2008,6.2345,-9999.0000,-9999.0000,0,0,1.0000
65190,9.1329,16.4195,28.7716,-9999.0000,-9999.0000,-9999.0000,32.0152,16.4916,80.0551,22.2510,86.6185,35.4580,18.3058,-9999.0000,-9999.0000,0,0,1.0000
65191,10.9383,17.9219,28.0390,-9999.0000,-9999.0000,-9999.0000,32.0122,18.0483,79.9782,33.3451,86.5387,33.9799,18.0468,-9999.0000,-9999.0000,0,0,1.0000
65192,11.4951,19.0166,30.3597,-9999.0000,-9999.0000,-9999.0000,32.0091,16.6750,79.9015,26.6544,86.4453,16.7163,8.2466,-9999.0000,-9999.0000,0,0,1.0000
65193,13.0546,14.8027,30.0149,-9999.0000,-9999.0000,-9999.0000,32.0101,12.6894,79.8086,20.9646,86.4141,5.9078,5.4121,-9999.0000,-9999.0000,0,0,1.0000
65194,8.4462,20.0931,23.7114,-9999.0000,-9999.0000,-9999.0000,32.0102,15.3374,79.7066,34.2746,86.5272,5.9004,5.3795,-9999.0000,-9999.0000,0,0,1.0000
65195,14.1753,19.3905,25.7256,-9999.0000,-9999.0000,-9999.0000,32.0064,13.6884,79.6114,38.3691,86.5114,4.6605,2.3866,-9999.0000,-9999.0000,0,0,1.0000
65196,11.0100,18.4289,27.6545,-9999.0000,-9999.0000,-9999.0000,31.9970,16.7613,79.5205,33.2126,86.5446,4.9096,1.8139,-9999.0000,-9999.0000,0,0,1.0000
65197,12.5261,20.7785,29.7052,-9999.0000,-9999.0000,-9999.0000,31.9949,17.8200,79.4329,33.3264,86.4809,3.1961,2.0016,-9999.0000,-9999.0000,0,0,1.0000
65198,12.6612,20.4406,27.3761,-9999.0000,-9999.0000,-9999.0000,32.0019,21.5159,79.3337,31.0449,86.5298,1.9738,3.6554,-9999.0000,-9999.0000,0,0,1.0000
65199,14.3890,18.6839,29.7500,-9999.0000,-9999.0000,-9999.0000,32.0018,19.9831,79.2220,26.0513,86.4574,2.0023,10.6964,-9999.0000,-9999.0000,0,0,1.0000
65200,12.7752,17.3612,28.5001,-9999.0000,-9999.0000,-9999.0000,32.0060,17.6408,79.1309,28.0849,86.3440,1.5704,10.3159,-9999.0000,-9999.0000,0,0,1.0000
65201,12.7134,22.8763,27.1397,-9999.0000,-9999.0000,-9999.0000,32.0045,13.3150,79.0228,27.0010,86.4507,2.0302,11.4765,-9999.0000,-9999.0000,0,0,1.0000
65202,12.8860,20.0277,25.0892,-9999.0000,-9999.0000,-9999.0000,31.9888,13.5951,78.9035,20.0191,86.3060,3.9483,17.7363,-9999.0000,-9999.0000,0,0,1.0000
65203,11.1301,16.2096,27.7879,-9999.0000,-9999.0000,-9999.0000,31.9837,19.5373,78.7931,24.0277,86.2947,3.6483,4.4397,-9999.0000,-9999.0000,0,0,1.0000
65204,10.2208,16.7748,28.0567,-9999.0000,-9999.0000,-9999.0000,31.9850,16.1616,78.6771,25.7313,86.3106,6.1692,3.3493,-9999.0000,-9999.0000,0,0,1.0000
65205,10.8518,19.4010,29.2656,-9999.0000,-9999.0000,-9999.0000,31.9855,17.1829,78.5653,24.4118,86.3786,5.9322,4.3734,-9999.0000,-9999.0000,0,0,1.0000
65206,13.9121,25.0483,29.7355,-9999.0000,-9999.0000,-9999.0000,31.9934,14.1533,78.4509,25.4083,86.3226,2.0557,5.4902,-9999.0000,-9999.0000,0,0,1.0000
65207,12.3295,19.7400,32.3570,-9999.0000,-9999.0000,-9999.0000,31.9944,14.0658,78.3454,35.4861,86.2316,2.4572,7.1641,-9999.0000,-9999.0000,0,0,1.0000
65208,12.8027,20.9519,30.5144,-9999.0000,-9999.0000,-9999.0000,31.9873,18.3484,78.2368,33.0012,86.1426,2.5240,6.2390,-9999.0000,-9999.0000,0,0,1.0000
65209,12.9813,20.8582,38.6483,-9999.0000,-9999.0000,-9999.0000,31.9789,20.7907,78.1201,44.9093,86.0907,4.2274,8.6418,-9999.0000,-9999.0000,0,0,1.0000
65210,15.5856,27.7072,33.4820,-9999.0000,-9999.0000,-9999.0000,31.9757,18.9911,77.9992,37.9053,86.0840,17.4588,6.0395,-9999.0000,-9999.0000,0,0,1.0000
65211,15.2572,23.8184,33.9054,-9999.0000,-9999.0000,-9999.0000,31.9712,16.4457,77.8965,31.3590,86.0751,13.7432,3.4004,-9999.0000,-9999.0000,0,0,1.0000
65212,12.4834,19.1629,35.7846,-9999.0000,-9999.0000,-9999.0000,31.9743,23.7204,77.7966,31.1965,86.0698,6.7234,3.6916,-9999.0000,-9999.0000,0,0,1.0000
65213,9.8828,18.3739,29.8322,-9999.0000,-9999.0000,-9999.0000,31.9719,17.0433,77.6951,35.7598,86.0597,2.9049,2.8639,-9999.0000,-9999.0000,0,0,1.0000
65214,13.8031,17.9232,32.6118,-9999.0000,-9999.0000,-9999.0000,31.9709,17.1068,77.6024,43.8889,86.1139,7.8398,6.6791,-9999.0000,-9999.0000,0,0,1.0000
65215,16.4445,21.9392,28.3853,-9999.0000,-9999.0000,-9999.0000,31.9713,18.7695,77.5117,30.9865,86.1657,4.2693,3.5423,-9999.0000,-9999.0000,0,0,1.0000
65216,12.4051,17.7065,31.4635,-9999.0000,-9999.0000,-9999.0000,31.9717,16.1736,77.4406,27.8851,86.0126,7.8437,7.6675,-9999.0000,-9999.0000,0,0,1.0000
65217,13.8898,26.6280,31.2179,-9999.0000,-9999.0000,-9999.0000,31.9781,17.0386,77.3613,27.4825,86.1257,4.0258,16.2918,-9999.0000,-9999.0000,0,0,1.0000
65218,13.4322,22.6756,42.1229,-9999.0000,-9999.0000,-9999.0000,31.9913,18.1799,77.2883,28.9291,86.1662,4.7860,11.4756,-9999.0000,-9999.0000,0,0,1.0000
65219,18.9420,25.6631,39.1958,-9999.0000,-9999.0000,-9999.0000,31.9907,21.7271,77.2245,32.9398,86.0716,5.7117,7.7410,-9999.0000,-9999.0000,0,0,1.0000
65220,15.0268,27.0257,42.6018,-9999.0000,-9999.0000,-9999.0000,31.9916,25.9435,77.1718,29.5033,86.1048,5.0423,10.8139,-9999.0000,-9999.0000,0,0,1.0000
65221,15.3810,23.7965,37.5564,-9999.0000,-9999.0000,-9999.0000,31.9907,22.1289,77.1357,33.4495,86.0501,17.5239,18.8521,-9999.0000,-9999.0000,0,0,1.0000
65222,12.7353,21.2097,31.2825,-9999.0000,-9999.0000,-9999.0000,31.9895,26.0492,77.1142,35.3560,86.0453,10.5563,2.6230,-9999.0000,-9999.0000,0,0,1.0000
65223,13.8503,20.3367,31.3967,-9999.0000,-9999.0000,-9999.0000,31.9923,20.6346,77.1048,36.4915,85.9715,9.4428,8.2072,-9999.0000,-9999.0000,0,0,1.0000
65224,12.1234,18.6358,32.7007,-9999.0000,-9999.0000,-9999.0000,31.9899,20.8741,77.0892,28.6360,85.8932,8.8197,5.8025,-9999.0000,-9999.0000,0,0,1.0000
65225,13.3172,23.5979,30.0589,-9999.0000,-9999.0000,-9999.0000,31.9813,16.3618,77.0760,35.7141,85.9507,3.9458,5.7854,-9999.0000,-9999.0000,0,0,1.0000
65226,15.4620,23.9097,33.4445,-9999.0000,-9999.0000,-9999.0000,31.9797,19.2931,77.0749,35.9250,85.9289,10.1484,17.5134,-9999.0000,-9999.0000,0,0,1.0000
65227,18.2475,25.4656,39.1697,-9999.0000,-9999.0000,-9999.0000,31.9775,20.3150,77.0771,31.0409,86.0361,12.2895,26.4015,-9999.0000,-9999.0000,0,0,1.0000
65228,14.6665,27.5702,39.2260,-9999.0000,-9999.0000,-9999.0000,31.9728,25.7777,77.0920,45.7668,85.9654,2.1934,10.8177,-9999.0000,-9999.0000,0,0,1.0000
65229,25.4798,27.2176,40.2025,-9999.0000,-9999.0000,-9999.0000,31.9725,20.7516,77.1265,39.5624,85.9770,5.6705,4.1048,-9999.0000,-9999.0000,0,0,1.0000
65230,16.0982,27.6243,40.4365,-9999.0000,-9999.0000,-9999.0000,31.9678,20.5212,77.2000,43.9491,85.9957,6.6219,5.3723,-9999.0000,-9999.0000,0,0,1.0000
65231,13.3875,30.2553,36.5426,-9999.0000,-9999.0000,-9999.0000,31.9682,23.6776,77.2989,38.6331,85.9101,4.1570,12.8912,-9999.0000,-9999.0000,0,0,1.0000
65232,13.3780,25.4877,38.0478,-9999.0000,-9999.0000,-9999.0000,31.9718,20.3282,77.3907,36.6232,86.0209,14.0477,23.4025,-9999.0000,-9999.0000,0,0,1.0000
65233,16.8712,24.3660,48.5785,-9999.0000,-9999.0000,-9999.0000,31.9734,18.6781,77.4881,37.0880,86.0140,17.3670,15.4030,-9999.0000,-9999.0000,0,0,1.0000
65234,15.4382,24.8505,38.1749,-9999.0000,-9999.0000,-9999.0000,31.9689,21.4768,77.5919,32.8632,85.9738,6.2817,6.9078,-9999.0000,-9999.0000,0,0,1.0000
65235,14.2819,22.3779,37.4115,-9999.0000,-9999.0000,-9999.0000,31.9661,24.9510,77.6975,32.6454,85.9883,4.8793,6.7356,-9999.0000,-9999.0000,0,0,1.0000
65236,17.8749,31.3431,40.1962,-9999.0000,-9999.0000,-9999.0000,31.9631,23.1011,77.7946,42.2619,85.9040,11.2062,5.2341,-9999.0000,-9999.0000,0,0,1.0000
65237,13.0566,25.2555,35.8314,-9999.0000,-9999.0000,-9999.0000,31.9606,22.1727,77.8995,42.5922,85.8914,16.2377,8.2306,-9999.0000,-9999.0000,0,0,1.0000
65238,14.7346,24.6422,36.9646,-9999.0000,-9999.0000,-9999.0000,31.9597,27.7813,78.0102,52.2574,86.0289,12.0286,8.6891,-9999.0000,-9999.0000,0,0,1.0000
65239,13.6703,22.5183,36.5279,-9999.0000,-9999.0000,-9999.0000,31.9660,28.7898,78.1432,39.4797,85.9922,4.8918,8.8846,-9999.0000,-9999.0000,0,0,1.0000
65240,15.4375,23.9666,33.4241,-9999.0000,-9999.0000,-9999.0000,31.9549,30.3408,78.2663,35.3329,85.9565,3.2958,13.1412,-9999.0000,-9999.0000,0,0,1.0000
65241,18.2521,25.8690,38.5001,-9999.0000,-9999.0000,-9999.0000,31.9526,19.2048,78.3788,30.5995,85.9862,19.3762,29.8215,-9999.0000,-9999.0000,0,0,1.0000
65242,17.7716,23.6958,36.5935,-9999.0000,-9999.0000,-9999.0000,31.9455,23.9367,78.4925,32.0808,86.0900,22.9930,16.6729,-9999.0000,-9999.0000,0,0,1.0000
65243,16.0066,25.0761,37.4535,-9999.0000,-9999.0000,-9999.0000,31.9341,21.6739,78.6014,30.0547,86.0939,47.0902,6.7201,-9999.0000,-9999.0000,0,0,1.0000
65244,13.9294,24.8725,37.3175,-9999.0000,-9999.0000,-9999.0000,31.9440,22.1421,78.7237,36.7475,86.0993,30.8624,5.3476,-9999.0000,-9999.0000,0,0,1.0000
65245,21.1457,21.3904,35.2040,-9999.0000,-9999.0000,-9999.0000,31.9359,26.2170,78.8193,26.3077,86.0691,10.2511,3.3227,-9999.0000,-9999.0000,0,0,1.0000
65246,15.2313,23.4047,35.1996,-9999.0000,-9999.0000,-9999.0000,31.9348,32.1859,78.9077,28.7258,86.0005,2.7960,4.1604,-9999.0000,-9999.0000,0,0,1.0000
65247,17.2818,25.8407,-9999.0000,-9999.0000,-9999.0000,-9999.0000,31.9256,26.7769,78.9839,34.2081,85.9216,8.3789,4.6360,-9999.0000,-9999.0000,0,0,1.0000
65248,15.3050,24.9564,-9999.0000,-9999.0000,-9999.0000,-9999.0000,31.9187,24.1209,79.0522,35.4428,85.9619,4.6855,-9999.0000,-9999.0000,-9999.0000,0,0,1.0000
65249,13.1774,-9999.0000,-9999.0000,-9999.0000,-9999.0000,-9999.0000,31.9241,19.7165,79.1083,44.2454,85.8887,1.3580,-9999.0000,-9999.0000,-9999.0000,0,0,1.0000
65250,-9999.0000,-9999.0000,-9999.0000,-9999.0000,-9999.0000,-9999.0000,31.9265,22.0145,79.1716,34.3132,85.9116,-9999.0000,-9999.0000,-9999.0000,-9999.0000,0,0,1.0000
65251,-9999.0000,-9999.0000,-9999.0000,-9999.0000,-9999.0000,-9999.0000,31.9246,-9999.0000,79.2121,34.2216,85.9662,-9999.0000,-9999.0000,-9999.0000,-9999.0000,0,0,1.0000
