Data/Raw/WAGNER,NICK/firexaq-AOP-optical_DC8_20190806_R1.ict
50, 1001
Wagner, Nicholas L.
NOAA Earth System Research Laboratory
NOAA AOP instrument
FIREX-AQ
1, 1
2019, 08, 06, 2020, 04, 27
1
Time_start, seconds_past_midnight, seconds from midnight
18
1, 1, 1, 1, 1, 1, 1, 1, 1, 1, 1, 1, 1, 1, 1, 1, 1, 1
-9999, -9999, -9999, -9999, -9999, -9999, -9999, -9999, -9999, -9999, -9999, -9999, -9999, -9999, -9999, -9999, -9999, -9999
ext_dry_664, Mm-1, AerOpt_Extinction_InSitu_RHd_red_Total_PM2.5_STP
ext_dry_532, Mm-1, AerOpt_Extinction_InSitu_RHd_green_Total_PM2.5_STP
ext_dry_405, Mm-1, AerOpt_Extinction_InSitu_RHd_blue_Total_PM2.5_STP
abs_dry_664, Mm-1, AerOpt_Absorption_InSitu_RHd_red_Total_PM2.5_STP
abs_dry_532, Mm-1, AerOpt_Absorption_InSitu_RHd_green_Total_PM2.5_STP
abs_dry_405, Mm-1, AerOpt_Absorption_InSitu_RHd_blue_Total_PM2.5_STP
AOP_RH_dry, pct, Relative_humidity_of_dry_RH_channels
ext_medRH_664, Mm-1, AerOpt_Extinction_InSitu_RH80_red_Total_PM2.5_STP
AOP_RH_med, pct, Relative_humidity_of_medium_RH_channel
ext_highRH_664, Mm-1, AerOpt_Extinction_InSitu_RH85_red_Total_PM2.5_STP
AOP_RH_high, pct, Relative_humidity_of_high_RH_channel
ext_TD_664, Mm-1, AerOpt_ExtinctionTD_InSitu_RHd_blue_Total_PM2.5_STP
ext_TD_405, Mm-1, AerOpt_ExtinctionTD_InSitu_RHd_red_Total_PM2.5_STP
abs_TD_664, Mm-1, AerOpt_Absorption_InSitu_RHd_red_Total_PM2.5_STP
abs_TD_405, Mm-1, AerOpt_Absorption_InSitu_RHd_blue_Total_PM2.5_STP
AOP_TD_bypass_flag, pct, Flag_for_TD_Bypass_valve
AOP_filter_flag, pct, Flag_for_Filter_Valve
AOP_Dilution_ratio, pct, Applied_Dilution_Ratio_for_ext_channels
0
18
PI_CONTACT_INFO: Address: NOAA ESRL Chemical Sciences Division, R/CSD2, 325 Broadway, Boulder, CO 80305. Email: nick.wagner@noaa.gov.
PLATFORM: NASA DC8
LOCATION: See the DC8 MetNav file, Based in Boise (BOI) and Salina, KS
ASSOCIATED_DATA: N/A
[...]
DATA_INFO: Mm-1:
UNCERTAINTY: The precision of the extinction measurements varies with aerosol loading and is +/-20% at 10 Mm-1 and +/-5% at 100 Mm-1. The accuracy of the dry measurement is +/-2% and depends on RH for the humidified measurements, +/-5% at 85% RH and +/-15% at 90% RH. For more details, see Langridge et al., Aerosol Science and Technology 45:1305-1318, 2011. Analysis of comparable measurements suggest incomplete mixing in the dilution system. Effective dilution for individual instruments can vary by +/- 30% compared to the reported flow-based dilution estimate. The absorption measurements have a high signal accuracy of 20%. The low signal precision varies with altitude and flight to flight, and is typically less than 10 Mm-1 for 1 second measurements.
ULOD_FLAG: -7777
ULOD_VALUE: N/A
LLOD_FLAG: -8888
LLOD_VALUE: N/A
DM_CONTACT_INFO: Gao Chen
PROJECT_INFO: FIREX-AQ
STIPULATIONS_ON_USE: NASA Data Policy. Contact with PI is encouraged.
OTHER_COMMENTS: N/A
REVISION: R1
R1: Absorption measurements have been corrected for pressure dependent microphone sensitivity. In-cloud data has been removed. R0: Final Data. 
Time_start, ext_dry_664, ext_dry_532, ext_dry_405, abs_dry_664, abs_dry_532, abs_dry_405, AOP_RH_dry, ext_medRH_664, AOP_RH_med, ext_highRH_664, AOP_RH_high, ext_TD_664, ext_TD_405, abs_TD_664, abs_TD_405, AOP_TD_bypass_flag, AOP_filter_flag, AOP_Dilution_ratio
[from data line 19470]
84464,79.0956,133.7015,247.9848,-9999,-9999,12.4456,4.3748,75.2430,80.7391,67.3307,85.3243,-9999,-9999,-9999,5.7918,0,0,10.5100
84465,47.2453,76.6030,163.9458,-9999,-9999,9.0797,4.3772,52.6588,80.8068,66.3370,85.3133,-9999,-9999,-9999,7.9434,0,0,10.5100
84466,32.6797,50.5290,102.8741,-9999,-9999,7.5834,4.3947,41.9079,80.8772,35.2867,85.3070,-9999,-9999,-9999,6.3926,0,0,10.5100
84467,38.3386,69.4949,161.9896,-9999,-9999,8.1415,4.3968,121.2549,80.9377,69.9878,85.2972,-9999,-9999,-9999,15.7374,0,0,10.5100
84468,238.4049,416.3033,747.5285,-9999,-9999,17.5464,4.3960,320.6497,80.9901,213.6040,85.2879,-9999,-9999,-9999,18.5951,0,0,10.5100
84469,517.3483,1043.4592,1504.6873,-9999,-9999,39.6298,4.3985,467.3795,81.0297,410.7375,85.2799,-9999,-9999,-9999,30.4736,0,0,10.5100
84470,728.1274,1368.5144,2176.2820,-9999,-9999,74.0437,4.3973,626.7021,81.0604,535.2292,85.2711,-9999,-9999,-9999,44.7374,0,0,10.5100
84471,922.0538,1728.1635,2841.6404,-9999,-9999,103.1019,4.3979,915.7898,81.0869,726.8660,85.2768,-9999,-9999,-9999,51.2203,0,0,10.5100
84472,1216.1326,2308.1797,3934.4717,21.4885,-9999,130.1376,4.3948,1185.2301,81.0995,974.0026,85.2769,-9999,-9999,-9999,74.2835,0,0,10.5100
84473,1617.5706,3040.4766,5036.6943,21.8442,44.4422,178.4806,4.3956,1495.4058,81.1085,1212.5297,85.2735,-9999,-9999,-9999,102.1955,0,0,10.5100
84474,1942.9747,3589.6287,6102.5029,27.9597,75.1116,232.7085,4.3936,1863.9078,81.1068,1477.1902,85.2656,-9999,-9999,-9999,121.9350,0,0,10.5100
84475,2316.0344,4439.3877,7491.9878,36.0188,84.9826,286.3388,4.3883,2052.0684,81.1124,1943.9139,85.2700,-9999,-9999,-9999,157.9858,0,0,10.5100
84476,2713.0264,5117.1807,8475.0146,48.1858,108.7931,331.7992,4.3837,2413.5789,81.0988,2210.1687,85.2646,-9999,-9999,-9999,204.0882,0,0,10.5100
84477,3183.2979,5729.7544,9777.3125,59.2903,154.1404,411.1956,4.3768,3040.4678,81.0491,2526.7720,85.2565,-9999,-9999,-9999,225.6428,0,0,10.5100
84478,3586.1526,6338.0732,11132.4004,67.2449,183.4708,466.1891,4.3781,3163.0425,81.0015,2876.5298,85.2591,-9999,-9999,-9999,260.4007,0,0,10.5100
84479,3896.9055,7041.3306,12202.6182,83.7753,166.0780,518.7366,4.3784,3592.4712,80.9224,3169.1079,85.2483,-9999,-9999,-9999,298.0876,0,0,10.5100
84480,3896.4053,6936.6138,12285.6895,91.5419,183.1673,574.0727,4.3774,3595.4761,80.8480,3270.6555,85.2432,-9999,-9999,-9999,325.2590,0,0,10.5100
84481,3802.0566,6834.9609,11914.6572,95.0345,196.1188,580.1257,4.3785,3748.5098,80.7482,3347.8484,85.2350,-9999,3937.2070,-9999,331.1185,0,0,10.5100
84482,-9999,-9999,-9999,-9999,-9999,-9999,4.3856,-9999,80.6560,-9999,85.2282,-9999,-9999,-9999,-9999,0,0,10.5100
84483,-9999,-9999,-9999,-9999,-9999,-9999,4.3764,-9999,80.5435,-9999,85.2150,-9999,-9999,-9999,-9999,0,0,10.5100
84484,-9999,-9999,-9999,-9999,-9999,-9999,4.3685,-9999,80.4003,-9999,85.1981,-9999,-9999,-9999,-9999,0,0,10.5100
84485,-9999,-9999,-9999,-9999,-9999,-9999,4.3698,-9999,80.2421,-9999,85.1807,-9999,-9999,-9999,-9999,0,0,10.5100
84486,-9999,-9999,-9999,-9999,-9999,-9999,4.3613,-9999,80.0956,-9999,85.1741,-9999,-9999,-9999,-9999,0,0,10.5100
84487,-9999,-9999,-9999,-9999,-9999,-9999,4.3583,-9999,79.9593,-9999,85.1624,-9999,-9999,-9999,-9999,0,0,10.5100
84488,-9999,-9999,-9999,-9999,-9999,-9999,4.3572,-9999,79.7985,-9999,85.1519,-9999,-9999,-9999,-9999,0,0,10.5100
84489,-9999,-9999,-9999,-9999,-9999,-9999,4.3527,-9999,79.6197,-9999,85.1421,-9999,-9999,-9999,-9999,0,0,10.5100
84490,-9999,-9999,-9999,-9999,-9999,-9999,4.3541,-9999,79.4565,-9999,85.1335,-9999,-9999,-9999,-9999,0,0,10.5100
84491,-9999,-9999,-9999,-9999,-9999,-9999,4.3531,-9999,79.2843,-9999,85.1254,-9999,-9999,-9999,-9999,0,0,10.5100
84492,-9999,-9999,-9999,-9999,-9999,-9999,4.3513,-9999,79.1332,-9999,85.1226,-9999,-9999,-9999,-9999,0,0,10.5100
84493,-9999,-9999,-9999,-9999,-9999,-9999,4.3442,-9999,78.9498,-9999,85.1205,-9999,-9999,-9999,-9999,0,0,10.5100
84494,-9999,-9999,-9999,-9999,-9999,-9999,4.3381,-9999,78.8138,-9999,85.1155,-9999,-9999,-9999,-9999,0,0,10.5100
84495,-9999,-9999,-9999,-9999,-9999,-9999,4.3373,-9999,78.6680,-9999,85.1089,-9999,-9999,-9999,-9999,0,0,10.5100
84496,-9999,-9999,-9999,-9999,-9999,-9999,4.3317,-9999,78.5406,-9999,85.1021,-9999,-9999,-9999,-9999,0,0,10.5100
84497,-9999,-9999,-9999,-9999,-9999,-9999,4.3190,-9999,78.3887,-9999,85.1002,-9999,-9999,-9999,-9999,0,0,10.5100
84498,-9999,-9999,-9999,-9999,-9999,-9999,4.3107,-9999,78.2540,-9999,85.1012,-9999,-9999,-9999,-9999,0,0,10.5100
84499,-9999,-9999,-9999,-9999,-9999,-9999,4.3075,-9999,78.1438,-9999,85.0968,-9999,-9999,-9999,-9999,0,0,10.5100
84500,-9999,-9999,-9999,-9999,-9999,-9999,4.3037,-9999,78.0596,-9999,85.0997,-9999,-9999,-9999,-9999,0,0,10.5100
84501,-9999,-9999,-9999,-9999,-9999,-9999,4.3022,-9999,77.9904,-9999,85.1056,-9999,-9999,-9999,-9999,0,0,10.5100
84502,-9999,-9999,-9999,-9999,-9999,-9999,4.2984,-9999,77.9269,-9999,85.1060,-9999,-9999,-9999,-9999,0,0,10.5100
84503,-9999,-9999,-9999,-9999,-9999,-9999,4.3037,-9999,77.8826,-9999,85.1072,-9999,-9999,-9999,-9999,0,0,10.5100
84504,-9999,-9999,-9999,-9999,-9999,-9999,4.3068,-9999,77.8339,-9999,85.0976,-9999,-9999,-9999,-9999,0,0,10.5100
84505,-9999,-9999,-9999,-9999,-9999,-9999,4.3076,-9999,77.8141,-9999,85.1069,-9999,-9999,-9999,-9999,0,0,10.5100
84506,-9999,-9999,-9999,-9999,-9999,-9999,4.3033,-9999,77.7932,-9999,85.1118,-9999,-9999,-9999,-9999,0,0,10.5100
84507,-9999,-9999,-9999,-9999,-9999,-9999,4.3004,-9999,77.7812,-9999,85.1095,-9999,-9999,-9999,-9999,0,0,10.5100
84508,-9999,-9999,-9999,-9999,-9999,-9999,4.2974,-9999,77.7843,-9999,85.1138,-9999,-9999,-9999,-9999,0,0,10.5100
84509,-9999,-9999,-9999,-9999,-9999,-9999,4.2992,-9999,77.7932,-9999,85.1131,-9999,-9999,-9999,-9999,0,0,10.5100
84510,-9999,-9999,-9999,-9999,-9999,-9999,4.2968,-9999,77.8135,-9999,85.1159,-9999,-9999,-9999,-9999,0,0,10.5100
84511,-9999,-9999,-9999,-9999,-9999,-9999,4.3075,-9999,77.8618,-9999,85.1179,-9999,-9999,-9999,-9999,0,0,10.5100
84512,-9999,-9999,-9999,-9999,-9999,-9999,4.3050,-9999,77.9401,-9999,85.1088,-9999,-9999,-9999,-9999,0,0,10.5100
84513,-9999,-9999,-9999,-9999,-9999,-9999,4.3004,-9999,78.0303,-9999,85.1103,-9999,-9999,-9999,-9999,0,0,10.5100
84514,-9999,-9999,-9999,-9999,-9999,-9999,4.2995,-9999,78.1454,-9999,85.1109,-9999,-9999,-9999,-9999,0,0,10.5100
84515,-9999,-9999,-9999,-9999,-9999,-9999,4.2992,-9999,78.2450,-9999,85.1202,-9999,-9999,-9999,-9999,0,0,10.5100
84516,-9999,-9999,-9999,-9999,-9999,-9999,4.2988,-9999,78.3427,-9999,85.1116,-9999,-9999,-9999,-9999,0,0,10.5100
84517,-9999,-9999,-9999,-9999,-9999,-9999,4.3026,-9999,78.4627,-9999,85.1131,-9999,-9999,-9999,-9999,0,0,10.5100
84518,-9999,-9999,-9999,-9999,-9999,-9999,4.3064,-9999,78.5960,-9999,85.1208,-9999,-9999,-9999,-9999,0,0,10.5100
84519,-9999,-9999,-9999,-9999,-9999,-9999,4.3004,-9999,78.7082,-9999,85.1143,-9999,-9999,-9999,-9999,0,0,10.5100
84520,-9999,-9999,-9999,-9999,-9999,-9999,4.2979,-9999,78.8133,-9999,85.1029,-9999,-9999,-9999,-9999,0,0,10.5100
84521,-9999,-9999,-9999,-9999,-9999,-9999,4.3007,-9999,78.9399,-9999,85.1022,-9999,-9999,-9999,-9999,0,0,10.5100
84522,-9999,-9999,-9999,-9999,-9999,-9999,4.2929,-9999,79.0652,-9999,85.0964,-9999,-9999,-9999,-9999,0,0,10.5100
84523,1089.8354,1908.8656,3595.1003,36.5718,61.4333,210.9349,4.2891,1145.2308,79.1918,1240.7297,85.1006,-9999,1588.7708,-9999,154.5333,0,0,10.5100
84524,1014.9053,1805.1198,3341.9988,21.2704,61.3271,189.7771,4.2905,1102.2047,79.3184,1179.7090,85.0970,-9999,1392.5807,-9999,143.6268,0,0,10.5100
84525,953.9960,1705.0399,3221.0427,25.0366,53.9647,182.7259,4.2867,1006.7407,79.4577,1157.1475,85.0934,-9999,1325.7314,-9999,150.9019,0,0,10.5100
84526,878.1478,1588.5004,2920.6143,25.5207,54.2719,179.8521,4.2820,947.4007,79.5801,965.4572,85.0907,-9999,1215.5934,-9999,137.7781,0,0,10.5100
84527,819.8774,1530.1738,2735.6587,20.7990,50.5443,164.1183,4.2823,872.2301,79.7099,938.0490,85.0882,-9999,1116.7216,-9999,130.0054,0,0,10.5100
84528,743.6072,1287.7560,2307.0017,21.3022,43.8095,144.6374,4.2797,763.5334,79.8306,911.8265,85.0854,-9999,989.9927,-9999,114.9222,0,0,10.5100
84529,589.2277,951.5684,1891.4897,14.2256,47.5205,129.9188,4.2827,700.4778,79.9453,769.9982,85.0859,-9999,909.5109,-9999,102.3607,0,0,10.5100
84530,461.3235,806.6759,1631.1667,18.4366,32.3038,118.3350,4.2854,607.9866,80.0463,641.4838,85.0859,-9999,773.2824,-9999,95.4925,0,0,10.5100
84531,444.2404,781.9438,1583.0114,9.8980,25.9861,98.2463,4.2805,538.4967,80.1512,596.3348,85.0856,-9999,647.8690,-9999,89.4297,0,0,10.5100
84532,466.3633,749.3428,1482.9861,12.1389,26.5181,85.6951,4.2750,460.4229,80.2380,589.9295,85.0862,-9999,629.7974,-9999,78.5339,0,0,10.5100
84533,372.2883,697.8900,1253.3666,11.0569,24.5263,88.2803,4.2745,472.6201,80.3240,504.1731,85.0880,-9999,719.0757,-9999,67.8303,0,0,10.5100
84534,289.8881,528.8535,998.7186,-0.5748,17.8673,73.1527,4.2724,346.8056,80.4041,436.4966,85.0918,-9999,810.0468,-9999,60.3902,0,0,10.5100
84535,-9999,-9999,-9999,-9999,-9999,-9999,4.2694,-9999,80.4772,-9999,85.0897,-9999,-9999,-9999,-9999,0,0,10.5100
84536,-9999,-9999,-9999,-9999,-9999,-9999,4.2591,-9999,80.5519,-9999,85.0875,-9999,-9999,-9999,-9999,0,0,10.5100
84537,-9999,-9999,-9999,-9999,-9999,-9999,4.2499,-9999,80.6109,-9999,85.0876,-9999,-9999,-9999,-9999,0,0,10.5100
84538,-9999,-9999,-9999,-9999,-9999,-9999,4.2469,-9999,80.6628,-9999,85.0930,-9999,-9999,-9999,-9999,0,0,10.5100
84539,-9999,-9999,-9999,-9999,-9999,-9999,4.2508,-9999,80.7096,-9999,85.0943,-9999,-9999,-9999,-9999,0,0,10.5100
84540,-9999,-9999,-9999,-9999,-9999,-9999,4.2525,-9999,80.7387,-9999,85.0922,-9999,-9999,-9999,-9999,0,0,10.5100
84541,-9999,-9999,-9999,-9999,-9999,-9999,4.2520,-9999,80.7584,-9999,85.0888,-9999,-9999,-9999,-9999,0,0,10.5100
84542,-9999,-9999,-9999,-9999,-9999,-9999,4.2572,-9999,80.7702,-9999,85.0873,-9999,-9999,-9999,-9999,0,0,10.5100
84543,-9999,-9999,-9999,-9999,-9999,-9999,4.2555,-9999,80.7864,-9999,85.0770,-9999,-9999,-9999,-9999,0,0,10.5100
84544,-9999,-9999,-9999,-9999,-9999,-9999,4.2522,-9999,80.7949,-9999,85.0576,-9999,-9999,-9999,-9999,0,0,10.5100
84545,-9999,-9999,-9999,-9999,-9999,-9999,4.2505,-9999,80.7990,-9999,85.0467,-9999,-9999,-9999,-9999,0,0,10.5100
84546,-9999,-9999,-9999,-9999,-9999,-9999,4.2435,-9999,80.7982,-9999,85.0325,-9999,-9999,-9999,-9999,0,0,10.5100
84547,239.4941,419.2474,821.3981,4.3734,11.6330,55.5690,4.2394,338.2087,80.7694,292.9233,85.0183,-9999,510.4032,-9999,58.2654,0,0,10.5100
84548,229.9920,383.2587,680.7523,7.2813,9.6023,48.7567,4.2384,262.4921,80.7154,264.3828,84.9983,-9999,549.9507,-9999,-9999,0,0,10.5100
84549,152.3987,305.1516,596.6067,-1.1329,5.9750,40.5180,4.2335,234.4933,80.6361,261.9922,84.9754,-9999,604.5304,-9999,-9999,0,0,10.5100
84550,234.6880,374.0583,721.7288,-3.2293,1.5456,39.7266,4.2277,258.5371,80.5544,281.3039,84.9561,-9999,649.4417,-9999,-9999,0,0,10.5100
84551,307.7133,571.7570,979.6141,1.3512,5.7816,40.1323,4.2301,293.1358,80.4578,345.1044,84.9372,-9999,670.9783,-9999,-9999,0,0,10.5100
84552,360.7700,687.5794,1145.3285,5.5367,12.4868,49.8982,4.2314,352.7059,80.3710,378.5352,84.9200,-9999,690.7655,-9999,-9999,0,0,10.5100
84553,405.2516,794.2786,1321.9329,6.9902,10.3485,59.5380,4.2315,371.9447,80.2617,378.4904,84.8996,-9999,666.4323,-9999,-9999,0,0,10.5100
84554,422.6330,786.8149,1381.8311,4.7568,13.2445,62.6660,4.2394,415.8115,80.1404,410.1977,84.8797,-9999,653.3757,-9999,-9999,0,0,10.5100
84555,405.2227,720.8736,1278.2782,2.5917,18.4614,65.5659,4.2333,325.1483,79.9996,444.1816,84.8638,-9999,615.4008,-9999,-9999,0,0,10.5100
84556,360.7817,634.1416,1132.6564,2.6144,14.8704,66.6352,4.2333,353.0685,79.8826,350.0091,84.8414,-9999,592.7416,-9999,-9999,0,0,10.5100
84557,335.8884,578.0892,1058.5010,-9999,14.8730,66.6467,4.2343,323.3486,79.7515,334.4010,84.8285,-9999,563.7528,-9999,-9999,0,0,10.5100
84558,261.3475,495.9261,922.3828,-9999,-9999,-9999,4.2352,305.4731,79.6282,289.3331,84.8173,-9999,485.2821,-9999,-9999,0,0,10.5100
84559,249.1512,447.7676,869.7395,-9999,-9999,-9999,4.2411,242.1495,79.4986,308.4214,84.8075,-9999,417.3738,-9999,-9999,0,0,10.5100
84560,221.5439,399.7843,728.9238,-9999,-9999,-9999,4.2511,267.0464,79.3760,233.8000,84.7858,-9999,329.2752,-9999,54.9075,0,0,10.5100
84561,163.5769,295.0575,533.1949,-9999,-9999,-9999,4.2515,272.3058,79.2703,225.8283,84.7702,-9999,245.8483,-9999,41.0551,0,0,10.5100
84562,122.0175,226.0445,427.2060,-9999,-9999,-9999,4.2528,151.1684,79.1805,160.7688,84.7550,-9999,192.7475,-9999,37.4621,0,0,10.5100
84563,105.3581,162.3596,294.1837,-9999,-9999,-9999,4.2490,163.1269,79.1027,142.4407,84.7369,-9999,158.7923,-9999,31.5322,0,0,10.5100
84564,79.7530,116.1311,249.3315,-9999,-9999,-9999,4.2451,98.6049,79.0216,103.7308,84.7282,-9999,146.7318,-9999,12.8628,0,0,10.5100
84565,63.1970,85.7253,148.1270,-9999,-9999,-9999,4.2546,62.6951,78.9569,112.1109,84.7105,-9999,124.7803,-9999,23.1685,0,0,10.5100
84566,34.1458,68.8494,125.7920,-9999,-9999,-9999,4.2501,47.8373,78.8946,79.1602,84.6872,-9999,96.6941,-9999,20.7409,0,0,10.5100
84567,32.2937,56.7286,112.5290,-9999,-9999,-9999,4.2580,71.4061,78.8445,72.9343,84.6609,-9999,87.6243,-9999,23.6134,0,0,10.5100
84568,41.4140,60.1207,109.7014,-9999,-9999,-9999,4.2547,45.6235,78.7851,69.9778,84.6299,-9999,66.6944,-9999,23.1697,0,0,10.5100
84569,32.1425,40.2939,90.0538,-8.0651,-9999,-9999,4.2559,25.6134,78.7525,92.5940,84.6056,-9999,51.7469,-9999,22.7224,0,0,10.5100
84570,29.2792,36.5965,78.0284,-3.5450,-1.3215,8.7515,4.2545,26.8414,78.7353,31.2323,84.5876,-9999,40.2605,-9999,13.0081,0,0,10.5100
84571,14.6223,28.8137,64.0866,2.3475,-1.7468,10.3817,4.2471,22.4064,78.7288,46.4378,84.5605,-9999,35.3708,-9999,11.5201,0,0,10.5100
84572,23.3975,47.7754,103.0182,-0.3962,0.7171,3.7620,4.2423,21.2718,78.7131,35.9341,84.5141,-9999,46.9530,-9999,5.6274,0,0,10.5100
84573,22.1443,55.5605,56.4207,0.5713,-1.8945,3.9266,4.2340,27.4746,78.7153,53.6170,84.4741,-9999,61.5628,-9999,0.2281,0,0,10.5100
84574,22.5247,53.1876,51.6152,-1.7316,-2.6063,5.1243,4.2349,34.3217,78.7477,43.9408,84.4498,-9999,45.2310,-9999,9.1697,0,0,10.5100
84575,39.3281,66.2650,75.8882,5.3172,-2.0015,4.0516,4.2258,42.3334,78.8117,29.7552,84.4249,-9999,33.3458,-9999,5.9428,0,0,10.5100
84576,40.9689,52.1155,71.7675,1.0796,-3.7016,4.4511,4.2203,31.9961,78.8809,37.9746,84.4021,-9999,39.3265,-9999,2.3454,0,0,10.5100
84577,26.6692,45.4776,89.3554,-0.4625,2.0060,2.4722,4.2294,54.6078,78.9502,36.8586,84.3739,-9999,37.8251,-9999,6.9155,0,0,10.5100
84578,32.7031,54.5553,68.5332,-2.0846,-3.9564,2.6954,4.2266,57.7330,79.0083,19.8606,84.3495,-9999,31.2863,-9999,8.9589,0,0,10.5100
84579,16.6854,91.5643,82.8076,-3.2915,-0.0890,1.8036,4.2270,37.2383,79.0839,38.8316,84.3253,-9999,34.2773,-9999,7.4548,0,0,10.5100
84580,23.5128,47.5623,85.7627,-1.2337,-0.7566,1.5237,4.2272,55.7421,79.1695,22.4911,84.2968,-9999,38.1610,-9999,2.4730,0,0,10.5100
84581,30.5630,46.1491,80.4815,6.9098,-3.1909,1.3058,4.2243,27.2172,79.2622,25.1676,84.2731,-9999,29.9288,-9999,7.1341,0,0,10.5100
84582,24.4934,39.4573,83.2215,-1.9381,0.4449,1.8758,4.2314,23.1265,79.3509,35.8860,84.2555,-9999,33.3536,-9999,2.9718,0,0,10.5100
84583,25.7871,53.8624,70.7872,3.1951,-1.3488,1.3701,4.2364,17.1254,79.4348,18.2932,84.2450,-9999,24.1509,-9999,2.6183,0,0,10.5100
84584,24.2375,41.4547,87.8322,-4.1555,-1.3210,1.2710,4.2335,36.4260,79.5293,27.9483,84.2280,-9999,23.1593,-9999,0.4780,0,0,10.5100
84585,19.7292,38.5812,69.9779,5.1339,-0.0044,1.6642,4.2358,86.9931,79.6351,12.3368,84.2199,-9999,26.2836,-9999,5.0456,0,0,10.5100
84586,23.2741,41.3299,60.3624,-1.9570,0.0025,2.3606,4.2283,53.0549,79.7391,33.7226,84.2098,-9999,42.3001,-9999,2.2839,0,0,10.5100
84587,18.3654,36.0744,61.9763,-1.6152,1.3307,2.2161,4.2302,46.4456,79.8353,32.9694,84.2062,-9999,46.7368,-9999,1.4162,0,0,10.5100
84588,17.1057,35.7702,76.4467,-4.4561,0.2182,1.1069,4.2323,23.8856,79.9431,63.9808,84.2072,-9999,15.1859,-9999,1.8948,0,0,10.5100
84589,25.8049,44.0065,65.7169,-4.6498,1.5376,0.6535,4.2340,21.6841,80.0311,30.3893,84.2049,-9999,21.1134,-9999,1.5438,0,0,10.5100
