Data/Raw/WAGNER,NICK/firexaq-AOP-optical_DC8_20190724_R1.ict
51, 1001
Wagner, Nicholas L.
NOAA Earth System Research Laboratory
NOAA AOP instrument
FIREX-AQ
1, 1
2019, 07, 24, 2020, 04, 27
1
Time_start, seconds_past_midnight, seconds from midnight
18
1, 1, 1, 1, 1, 1, 1, 1, 1, 1, 1, 1, 1, 1, 1, 1, 1, 1
-9999, -9999, -9999, -9999, -9999, -9999, -9999, -9999, -9999, -9999, -9999, -9999, -9999, -9999, -9999, -9999, -9999, -9999
ext_dry_664, Mm-1, AerOpt_Extinction_InSitu_RHd_red_Total_PM2.5_STP
ext_dry_532, Mm-1, AerOpt_Extinction_InSitu_RHd_green_Total_PM2.5_STP
ext_dry_405, Mm-1, AerOpt_Extinction_InSitu_RHd_blue_Total_PM2.5_STP
abs_dry_664, Mm-1, AerOpt_Absorption_InSitu_RHd_red_Total_PM2.5_STP
abs_dry_532, Mm-1, AerOpt_Absorption_InSitu_RHd_green_Total_PM2.5_STP
abs_dry_405, Mm-1, AerOpt_Absorption_InSitu_RHd_blue_Total_PM2.5_STP
AOP_RH_dry, pct, Relative_humidity_of_dry_RH_channels
ext_medRH_664, Mm-1, AerOpt_Extinction_InSitu_RH80_red_Total_PM2.5_STP
AOP_RH_med, pct, Relative_humidity_of_medium_RH_channel
ext_highRH_664, Mm-1, AerOpt_Extinction_InSitu_RH85_red_Total_PM2.5_STP
AOP_RH_high, pct, Relative_humidity_of_high_RH_channel
ext_TD_664, Mm-1, AerOpt_ExtinctionTD_InSitu_RHd_blue_Total_PM2.5_STP
ext_TD_405, Mm-1, AerOpt_ExtinctionTD_InSitu_RHd_red_Total_PM2.5_STP
abs_TD_664, Mm-1, AerOpt_Absorption_InSitu_RHd_red_Total_PM2.5_STP
abs_TD_405, Mm-1, AerOpt_Absorption_InSitu_RHd_blue_Total_PM2.5_STP
AOP_TD_bypass_flag, pct, Flag_for_TD_Bypass_valve
AOP_filter_flag, pct, Flag_for_Filter_Valve
AOP_Dilution_ratio, pct, Applied_Dilution_Ratio_for_ext_channels
1
N/A
18
PI_CONTACT_INFO: Address: NOAA ESRL Chemical Sciences Division, R/CSD2, 325 Broadway, Boulder, CO 80305. Email: nick.wagner@noaa.gov.
PLATFORM: NASA DC8
LOCATION: See the DC8 MetNav file, Based in Boise (BOI) and Salina, KS
ASSOCIATED_DATA: N/A
[...]
DATA_INFO: Mm-1:
UNCERTAINTY: The precision of the extinction measurements varies with aerosol loading and is +/-20% at 10 Mm-1 and +/-5% at 100 Mm-1. The accuracy of the dry measurement is +/-2% and depends on RH for the humidified measurements, +/-5% at 85% RH and +/-15% at 90% RH. For more details, see Langridge et al., Aerosol Science and Technology 45:1305-1318, 2011. Analysis of comparable measurements suggest incomplete mixing in the dilution system. Effective dilution for individual instruments can vary by +/- 30% compared to the reported flow-based dilution estimate. The absorption measurements have a high signal accuracy of 20%. The low signal precision varies with altitude and flight to flight, and is typically less than 10 Mm-1 for 1 second measurements.
ULOD_FLAG: -7777
ULOD_VALUE: N/A
LLOD_FLAG: -8888
LLOD_VALUE: N/A
DM_CONTACT_INFO: Gao Chen
PROJECT_INFO: FIREX-AQ
STIPULATIONS_ON_USE: NASA Data Policy. Contact with PI is encouraged.
OTHER_COMMENTS: N/A
REVISION: R1
R1: Absorption measurements have been corrected for pressure dependent microphone sensitivity. In-cloud data has been removed. R0: Final Data. 
Time_start, ext_dry_664, ext_dry_532, ext_dry_405, abs_dry_664, abs_dry_532, abs_dry_405, AOP_RH_dry, ext_medRH_664, AOP_RH_med, ext_highRH_664, AOP_RH_high, ext_TD_664, ext_TD_405, abs_TD_664, abs_TD_405, AOP_TD_bypass_flag, AOP_filter_flag, AOP_Dilution_ratio
[from data line 7478]
83946,-9999.0000,-9999.0000,-9999.0000,-9999.0000,-9999.0000,-9999.0000,8.6582,-9999.0000,79.4506,-9999.0000,86.2115,-9999.0000,-9999.0000,-9999.0000,-9999.0000,0,1,1.0000
83947,-9999.0000,-9999.0000,-9999.0000,-9999.0000,-9999.0000,-9999.0000,8.6529,-9999.0000,79.3326,-9999.0000,86.2130,-9999.0000,-9999.0000,-9999.0000,-9999.0000,0,1,1.0000
83948,-9999.0000,-9999.0000,-9999.0000,-9999.0000,-9999.0000,-9999.0000,8.6530,-9999.0000,79.2527,-9999.0000,86.2127,-9999.0000,-9999.0000,-9999.0000,-1.6309,0,1,1.0000
83949,-9999.0000,-9999.0000,-9999.0000,-9999.0000,-9999.0000,-9999.0000,8.6492,-9999.0000,79.2089,-9999.0000,86.2133,-9999.0000,-9999.0000,-9999.0000,4.2091,0,1,1.0000
83950,-9999.0000,-9999.0000,-9999.0000,-9999.0000,-9999.0000,-9999.0000,8.6480,-9999.0000,79.1850,-9999.0000,86.2224,-9999.0000,-9999.0000,-9999.0000,5.9030,0,1,1.0000
83951,-9999.0000,-9999.0000,-9999.0000,-9999.0000,-9999.0000,-9999.0000,8.6444,-9999.0000,79.1668,-9999.0000,86.2304,-9999.0000,-9999.0000,-9999.0000,0.1335,0,0,1.0000
83952,-9999.0000,-9999.0000,-9999.0000,-9999.0000,-9999.0000,-9999.0000,8.6454,-9999.0000,79.1717,-9999.0000,86.2445,-9999.0000,-9999.0000,-9999.0000,2.7153,0,0,1.0000
83953,-9999.0000,-9999.0000,-9999.0000,-9999.0000,-9999.0000,-9999.0000,8.6465,-9999.0000,79.1920,-9999.0000,86.2579,-9999.0000,-9999.0000,-9999.0000,0.8704,0,0,1.0000
83954,-9999.0000,-9999.0000,-9999.0000,-9999.0000,-9999.0000,-9999.0000,8.6488,-9999.0000,79.2407,-9999.0000,86.2720,-9999.0000,-9999.0000,-9999.0000,1.4214,0,0,1.0000
83955,-9999.0000,-9999.0000,-9999.0000,-9999.0000,-9999.0000,-9999.0000,8.6571,-9999.0000,79.3120,-9999.0000,86.2847,-9999.0000,-9999.0000,-9999.0000,-2.0963,0,0,1.0000
83956,-9999.0000,-9999.0000,-9999.0000,-9999.0000,-9999.0000,-9999.0000,8.6573,-9999.0000,79.3915,-9999.0000,86.2991,-9999.0000,-9999.0000,-9999.0000,2.7859,0,0,1.0000
83957,-9999.0000,-9999.0000,-9999.0000,-9999.0000,-9999.0000,-9999.0000,8.6586,-9999.0000,79.5116,-9999.0000,86.3053,-9999.0000,-9999.0000,-9999.0000,4.3082,0,0,1.0000
83958,-9999.0000,-9999.0000,-9999.0000,-9999.0000,-9999.0000,-9999.0000,8.6570,-9999.0000,79.6355,-9999.0000,86.3162,-9999.0000,-9999.0000,-9999.0000,-3.4857,0,0,1.0000
83959,8.3025,11.9744,21.3677,-0.9254,0.8484,1.5427,8.6542,6.3762,79.7960,16.0581,86.3281,-9999.0000,-9999.0000,-9999.0000,0.3883,0,0,1.0000
83960,11.5124,17.4432,25.7817,0.2106,-1.0848,1.2576,8.6612,8.1573,79.9328,19.3088,86.3406,-9999.0000,-9999.0000,-9999.0000,-0.7196,0,0,1.0000
83961,19.8938,27.2349,30.9281,1.4045,3.9003,1.6996,8.6670,13.9767,80.0819,24.1049,86.3534,-9999.0000,-9999.0000,-9999.0000,4.9551,0,0,1.0000
83962,12.8089,18.9814,30.1724,1.3834,-0.6803,4.6747,8.6714,15.9548,80.2273,17.0123,86.3603,-9999.0000,-9999.0000,-9999.0000,5.1380,0,0,1.0000
83963,12.7856,16.0520,23.7415,-1.9151,3.3167,1.9997,8.6760,11.2200,80.3849,10.1703,86.3690,-9999.0000,-9999.0000,-9999.0000,4.3048,0,0,1.0000
83964,8.3996,13.5239,17.4169,2.1465,-0.8315,0.3004,8.6742,14.1645,80.5358,11.1217,86.3818,-9999.0000,-9999.0000,-9999.0000,4.3660,0,0,1.0000
83965,7.3909,11.5442,17.6790,6.0264,-3.1194,3.5520,8.6700,9.8180,80.6953,18.2616,86.3864,-9999.0000,-9999.0000,-9999.0000,0.3544,0,0,1.0000
83966,9.7070,12.3191,17.0188,0.2774,0.2711,-0.3866,8.6692,9.1225,80.8577,17.8656,86.4009,-9999.0000,-9999.0000,-9999.0000,1.6076,0,0,1.0000
83967,6.6166,9.0387,19.9971,1.8139,0.9216,0.6956,8.6689,7.9935,81.0371,12.6539,86.4247,-9999.0000,-9999.0000,-9999.0000,0.6785,0,0,1.0000
83968,7.9079,11.1986,19.7773,1.4913,1.6484,1.6808,8.6622,7.4556,81.1987,9.4193,86.4535,-9999.0000,-9999.0000,-9999.0000,6.7075,0,0,1.0000
83969,3.6229,9.3896,16.1263,-0.5144,0.5152,0.9258,8.6565,13.1127,81.3729,8.6125,86.4945,-9999.0000,-9999.0000,-9999.0000,-2.7172,0,0,1.0000
83970,6.1313,11.7892,20.0986,-3.1433,0.1576,1.0415,8.6556,18.9289,81.5381,12.5814,86.5309,-9999.0000,-9999.0000,-9999.0000,3.2532,0,0,1.0000
83971,6.3622,9.4078,19.4363,2.1758,-1.8059,1.2939,8.6599,18.0658,81.7085,11.9465,86.5756,-9999.0000,-9999.0000,-9999.0000,4.7556,0,0,1.0000
83972,8.5703,10.7865,19.4845,0.0978,2.9340,0.9142,8.6608,10.3853,81.8657,10.2883,86.6175,-9999.0000,-9999.0000,-9999.0000,-2.3629,0,0,1.0000
83973,6.1204,12.8717,18.3173,2.3683,-0.9732,0.3841,8.6571,11.3074,82.0239,12.8368,86.6585,-9999.0000,-9999.0000,-9999.0000,0.4243,0,0,1.0000
83974,9.7822,8.9928,19.2801,1.0085,-0.0781,1.2976,8.6601,8.1340,82.1667,11.3904,86.6987,-9999.0000,-9999.0000,-9999.0000,2.5866,0,0,1.0000
83975,7.7890,11.3502,18.2210,1.6951,0.1887,9.0938,8.6605,13.8246,82.3143,9.9299,86.7287,-9999.0000,-9999.0000,-9999.0000,-0.0417,0,0,1.0000
83976,8.8777,10.0195,18.6503,0.1971,-0.4376,3.8732,8.6639,8.5795,82.4510,12.9295,86.7594,-9999.0000,-9999.0000,-9999.0000,0.4751,0,0,1.0000
83977,7.5032,9.6806,19.3955,-0.0376,-0.0860,0.3525,8.6641,12.2189,82.5921,20.8900,86.7910,-9999.0000,-9999.0000,-9999.0000,4.0221,0,0,1.0000
83978,8.9916,11.6211,22.1232,-0.3940,2.9984,1.7174,8.6599,10.0461,82.7206,18.1088,86.8228,-9999.0000,-9999.0000,-9999.0000,3.1123,0,0,1.0000
83979,10.0903,11.6771,19.2285,0.6613,1.1343,2.0401,8.6586,11.4789,82.8572,10.4597,86.8495,-9999.0000,-9999.0000,-9999.0000,1.6742,0,0,1.0000
83980,7.3784,12.3815,21.7515,0.4914,2.1973,0.9687,8.6555,11.8829,82.9600,10.7790,86.8739,-9999.0000,-9999.0000,-9999.0000,-0.3011,0,0,1.0000
83981,7.5441,11.5019,17.8032,0.9604,1.7199,0.9648,8.6574,11.1637,83.0616,11.6778,86.8868,-9999.0000,-9999.0000,-9999.0000,4.5491,0,0,1.0000
83982,5.5757,10.4559,17.6616,0.3499,0.5833,0.1696,8.6629,9.3366,83.1625,23.6340,86.9068,-9999.0000,-9999.0000,-9999.0000,0.0883,0,0,1.0000
83983,8.2318,8.4228,18.4114,4.1763,0.7268,2.0651,8.6625,13.9023,83.2725,9.0862,86.9394,-9999.0000,-9999.0000,-9999.0000,3.1968,0,0,1.0000
83984,5.1165,7.5130,18.5900,0.3334,0.4795,4.1340,8.6687,8.3740,83.3547,8.4219,86.9677,-9999.0000,-9999.0000,-9999.0000,5.2560,0,0,1.0000
83985,6.1745,12.1983,14.8047,0.7204,-0.2863,1.4429,8.6768,11.0196,83.4318,15.3077,86.9836,-9999.0000,-9999.0000,-9999.0000,-0.7322,0,0,1.0000
83986,7.8085,11.8980,18.3094,1.8223,0.6696,1.9055,8.6763,8.1676,83.5082,11.0989,86.9932,-9999.0000,-9999.0000,-9999.0000,-0.0592,0,0,1.0000
83987,5.6252,9.6343,14.8215,-1.0491,-0.6044,2.3432,8.6760,7.5388,83.5759,12.1813,87.0013,-9999.0000,-9999.0000,-9999.0000,8.5241,0,0,1.0000
83988,5.2248,8.9583,18.9225,0.6106,-1.0438,1.8625,8.6812,7.1038,83.6195,12.4569,87.0067,-9999.0000,-9999.0000,-9999.0000,3.7793,0,0,1.0000
83989,5.6993,10.0639,14.5038,0.4137,-1.8244,3.6753,8.6841,14.9812,83.6470,10.2282,87.0136,-9999.0000,-9999.0000,-9999.0000,2.7335,0,0,1.0000
83990,8.4174,11.2827,15.9320,2.1024,0.8777,2.1639,8.6784,9.5469,83.6652,10.0343,87.0175,-9999.0000,-9999.0000,-9999.0000,-1.1149,0,0,1.0000
83991,5.8190,9.3915,15.1784,3.4885,1.4671,3.9632,8.6771,6.9710,83.6703,10.4195,87.0125,-9999.0000,-9999.0000,-9999.0000,4.2527,0,0,1.0000
83992,4.8365,9.2886,13.9375,-1.8560,-0.4496,1.5264,8.6781,6.7495,83.6698,12.4036,87.0158,4.8366,9.7816,-9999.0000,2.2479,0,0,1.0000
83993,4.4155,9.7321,14.3016,0.7441,0.1760,2.9135,8.6797,8.3043,83.6681,15.0783,87.0298,2.7097,9.4505,-9999.0000,2.8409,0,0,1.0000
83994,4.9209,7.8275,15.0966,0.1257,-0.7047,3.5509,8.6789,8.7539,83.6406,10.8583,87.0302,1.0657,4.5566,-9999.0000,3.1293,0,0,1.0000
83995,9.9129,10.4941,16.6308,1.2611,-0.6390,2.5982,8.6859,7.6188,83.5801,14.5819,87.0367,3.8840,4.3577,-9999.0000,4.4339,0,0,1.0000
83996,4.5503,8.3852,14.8093,2.1099,1.6693,3.8777,8.6907,12.9337,83.4888,13.8797,87.0539,7.3074,3.7750,-9999.0000,2.4315,0,0,1.0000
83997,4.7556,8.3525,15.6011,-1.8362,1.5634,5.5904,8.6913,6.6984,83.3671,9.9782,87.0815,3.4931,4.4423,-9999.0000,-1.4540,0,0,1.0000
83998,6.3516,6.5548,15.0696,-0.8391,0.7622,1.3646,8.6862,7.5641,83.2066,19.2419,87.1102,1.7689,5.9743,-9999.0000,-0.9868,0,0,1.0000
83999,7.6452,8.1417,13.4010,2.4302,1.2092,0.9208,8.6854,7.4335,83.0450,10.9142,87.1417,1.9065,4.4523,-9999.0000,2.3932,0,0,1.0000
84000,8.0426,9.1438,13.7956,2.5890,1.8760,2.1115,8.6816,8.0151,82.8960,8.9031,87.1824,2.1906,3.7207,-9999.0000,-1.3844,0,0,1.0000
84001,7.9063,6.1280,11.5374,3.6033,0.3720,4.1614,8.6831,5.7857,82.7463,9.5362,87.2547,1.8895,3.0338,-9999.0000,-2.4613,0,0,1.0000
84002,6.7204,9.7795,13.8587,2.0279,0.7455,0.4820,8.6908,8.0293,82.5733,10.8757,87.3249,1.0227,3.5790,-9999.0000,0.1326,0,0,1.0000
84003,6.1241,10.6864,14.6211,3.5997,0.5865,5.2909,8.6911,5.9537,82.3759,10.4582,87.3780,1.8805,4.2496,-9999.0000,1.6025,0,0,1.0000
84004,7.7477,9.4776,12.8776,3.6525,1.5821,3.4689,8.6956,5.5499,82.2018,8.5213,87.4339,1.4875,7.6061,-9999.0000,0.6734,0,0,1.0000
84005,6.3244,9.2565,14.8895,1.4370,1.3927,-0.1042,8.7027,15.6741,82.0514,10.6777,87.5015,1.2213,5.9692,-9999.0000,4.1476,0,0,1.0000
84006,6.7238,6.0610,14.4405,0.3235,-1.1176,1.0436,8.7236,9.4277,81.8982,10.3826,87.5698,1.4573,5.5314,-9999.0000,-3.7421,0,0,1.0000
84007,6.5312,5.9333,13.8774,2.8168,3.5984,3.8113,8.7263,6.9631,81.7640,10.2142,87.6146,1.1613,4.8398,-9999.0000,-5.0769,0,0,1.0000
84008,8.3629,7.6341,13.1197,1.6502,-0.1655,8.6090,8.7235,9.1236,81.6264,18.2454,87.6661,2.0008,6.7869,-9999.0000,-1.9160,0,0,1.0000
84009,5.9328,10.3842,14.3584,0.9687,4.3456,1.9060,8.7231,7.9678,81.4888,9.1811,87.7073,3.3639,4.0222,-9999.0000,4.1402,0,0,1.0000
84010,7.9167,7.9189,16.0571,4.5222,1.4306,4.3944,8.7263,14.6383,81.3611,20.3217,87.7613,1.7485,4.2894,-9999.0000,1.1201,0,0,1.0000
84011,9.5878,9.0565,16.7971,3.7714,1.3340,4.3420,8.7410,13.2441,81.2426,12.5323,87.7956,1.7119,2.9904,-9999.0000,2.7866,0,0,1.0000
84012,9.6673,14.8952,18.1097,2.7706,1.1833,2.3752,8.7564,6.4188,81.1586,11.9329,87.8196,1.9759,2.7309,-9999.0000,5.5193,0,0,1.0000
84013,9.7875,7.1294,15.8282,3.2209,-0.9025,1.4282,8.7543,8.1634,81.1018,17.9483,87.8363,2.4587,2.4532,-9999.0000,-1.7794,0,0,1.0000
84014,10.7510,10.1414,15.7256,3.1289,-1.2777,2.5319,8.7606,6.8997,81.0463,18.7513,87.8544,3.4116,3.7214,-9999.0000,-0.4228,0,0,1.0000
84015,6.9553,8.9926,19.2111,1.5927,-1.2786,0.8072,8.7698,5.0683,81.0084,11.7183,87.8743,3.2435,3.6600,-9999.0000,6.5125,0,0,1.0000
84016,7.5510,10.8200,15.5276,-0.6020,2.2732,7.6464,8.7695,5.5142,80.9685,8.4384,87.8890,1.2525,2.8883,-9999.0000,0.4052,0,0,1.0000
84017,7.9701,10.7755,14.9377,3.1152,-2.1892,2.4353,8.7720,6.2820,80.9526,12.1855,87.9028,1.2436,3.2789,-9999.0000,-3.5356,0,0,1.0000
84018,6.6819,10.8520,16.6312,1.0128,2.7619,6.6099,8.7760,12.3308,80.9380,13.0071,87.8990,1.2764,3.1772,-9999.0000,-4.8872,0,0,1.0000
84019,7.6418,7.4175,17.2750,2.4215,-0.0638,3.5748,8.7779,8.5418,80.9354,8.5619,87.8983,1.2556,3.9018,-9999.0000,-2.2418,0,0,1.0000
84020,8.5027,11.9620,18.6646,7.6878,4.3081,9.2016,8.7823,13.1303,80.9406,7.9308,87.8981,2.2897,4.5257,-9999.0000,-1.2475,0,0,1.0000
84021,10.1991,7.3146,12.7721,0.4064,0.7299,7.2341,8.7835,9.5637,80.9594,8.4886,87.8963,2.5449,3.2976,-9999.0000,1.6787,0,0,1.0000
84022,6.2874,8.0175,14.7723,-0.6904,1.0208,2.2368,8.7817,10.8995,81.0113,9.9083,87.8789,2.7307,3.4589,-9999.0000,4.2626,0,0,1.0000
84023,6.1210,8.7736,15.8277,-0.4985,0.0247,0.0759,8.7817,9.8930,81.0769,11.9863,87.8434,2.2342,3.4655,-9999.0000,1.1524,0,0,1.0000
84024,7.3161,7.4729,14.6406,1.0443,1.5643,4.1360,8.7944,5.1944,81.1282,14.3301,87.8001,2.1912,4.4554,-9999.0000,-0.6677,0,0,1.0000
84025,7.9145,7.5690,15.8539,0.4461,-0.2522,0.5916,8.8050,5.4894,81.1801,17.9491,87.7558,1.2817,2.9986,-9999.0000,2.8048,0,0,1.0000
84026,6.7859,6.9070,20.3499,1.6454,-1.0301,7.3276,8.8037,7.7001,81.2486,14.4322,87.7145,1.3231,3.0739,-9999.0000,-3.2966,0,0,1.0000
84027,6.6483,8.3376,17.4319,1.0363,0.4236,15.7332,8.7987,5.8798,81.3217,11.8163,87.6818,2.3861,4.2269,-9999.0000,2.2694,0,0,1.0000
84028,6.8372,10.0551,14.3377,3.1522,2.9000,13.3660,8.7936,15.8938,81.4039,9.9943,87.6431,4.2265,5.2057,-9999.0000,0.1283,0,0,1.0000
84029,9.7844,13.2303,15.6350,0.2635,2.4647,1.9600,8.7919,8.2564,81.4974,8.4750,87.6152,3.2471,3.8279,-9999.0000,3.9393,0,0,1.0000
84030,7.0515,10.8254,17.6534,2.9935,0.0221,1.2541,8.7873,9.5781,81.5920,9.3982,87.5808,2.7785,6.1403,-9999.0000,1.9229,0,0,1.0000
84031,5.3829,9.5505,17.7490,0.1843,5.8429,3.0222,8.7873,11.0139,81.7066,10.3474,87.5564,2.1310,3.4209,-9999.0000,0.2954,0,0,1.0000
84032,9.2076,10.9269,18.9526,0.6070,1.5681,1.4280,8.7865,12.2418,81.8143,8.5639,87.5360,1.7999,12.5770,-9999.0000,-0.9065,0,0,1.0000
84033,8.3766,9.4900,14.9081,2.6064,-1.1370,1.9442,8.7900,9.7471,81.9235,8.6043,87.5070,1.9622,6.5567,-9999.0000,-1.7617,0,0,1.0000
84034,9.1770,9.9821,16.1377,1.9980,1.2134,7.5222,8.8035,8.9702,82.0204,10.2833,87.4764,1.9492,5.3576,-9999.0000,-1.1064,0,0,1.0000
84035,9.5246,12.1872,16.0898,-0.4390,0.9377,-0.2533,8.8045,6.7469,82.1371,14.1585,87.4578,1.8118,3.4499,-9999.0000,3.9094,0,0,1.0000
84036,9.1587,8.2021,17.8587,1.9438,0.7154,0.8261,8.8047,5.8969,82.2451,19.1349,87.4338,3.2644,2.4456,-9999.0000,-1.4710,0,0,1.0000
84037,8.2777,9.2680,20.7021,4.0534,-0.8425,-0.6094,8.8040,7.4448,82.3476,12.0930,87.4134,1.7223,2.1856,-9999.0000,-1.0744,0,0,1.0000
84038,6.8975,8.5091,20.4613,2.6956,1.2597,1.5507,8.8039,17.8971,82.4417,9.0799,87.3880,2.5955,1.8373,-9999.0000,6.0217,0,0,1.0000
84039,7.0366,8.8556,17.1757,-0.5387,2.8404,5.4402,8.8056,10.4217,82.5246,11.7318,87.3378,1.7379,2.1889,-9999.0000,3.1712,0,0,1.0000
84040,9.5617,11.3028,14.0598,1.2810,-1.8949,1.9051,8.8111,8.4512,82.5970,8.6807,87.2811,2.2904,3.3804,-9999.0000,2.0643,0,0,1.0000
84041,10.6895,10.4857,21.7767,8.5091,-0.8822,4.7607,8.8146,6.0171,82.6632,7.2748,87.2261,1.6401,2.6351,-9999.0000,0.1968,0,0,1.0000
84042,9.0516,11.2056,15.9227,1.9951,-0.4914,-0.0557,8.8142,6.6805,82.7286,8.7631,87.1786,1.7151,6.6731,-9999.0000,1.1157,0,0,1.0000
84043,7.3464,12.0544,14.6636,2.2253,-0.5199,3.4900,8.8167,6.7050,82.7858,15.3173,87.1288,8.1933,3.1178,-9999.0000,-1.8398,0,0,1.0000
84044,8.6312,7.5574,15.1596,2.4127,0.1635,4.7571,8.8163,4.8954,82.8294,8.1352,87.0567,20.4596,4.4765,-9999.0000,1.1843,0,0,1.0000
84045,9.0844,11.0382,18.8286,4.0806,3.3929,0.5207,8.8164,6.1355,82.8562,9.7911,86.9682,20.2422,2.8818,-9999.0000,1.4762,0,0,1.0000
84046,11.1329,8.1043,16.4686,5.5994,2.8133,8.4027,8.8209,4.8499,82.8812,11.0245,86.8754,3.2251,3.4532,-9999.0000,-4.2720,0,0,1.0000
84047,11.7422,7.5887,16.2755,3.9425,-0.4682,4.3337,8.8244,7.7680,82.8885,11.7965,86.7967,2.9543,7.6451,-9999.0000,-2.1131,0,0,1.0000
84048,7.9960,10.3318,16.7407,0.4257,-1.2549,1.9118,8.8327,8.1230,82.8884,13.4326,86.7021,3.2129,3.3231,-9999.0000,0.6169,0,0,1.0000
84049,8.6568,11.9037,15.3760,1.1771,0.3300,0.9018,8.8430,16.1042,82.8849,12.1651,86.6007,3.1150,2.3092,-9999.0000,0.2101,0,0,1.0000
84050,9.8258,9.6212,16.6289,-1.4039,-2.7849,2.2376,8.8456,14.6941,82.8590,11.2252,86.4997,2.9096,2.9625,-9999.0000,7.7960,0,0,1.0000
84051,8.8857,9.8742,16.8431,-0.6104,-0.0186,4.7521,8.8456,6.0207,82.7723,11.5649,86.3807,2.8400,6.0200,-9999.0000,6.0098,0,0,1.0000
84052,8.7033,10.4591,18.2395,0.5365,-0.5788,6.5097,8.8618,4.8526,82.6621,12.7585,86.2729,1.3943,6.6850,-9999.0000,-2.2702,0,0,1.0000
84053,7.2661,10.4904,14.9909,2.2940,0.3579,8.7544,8.8669,4.9574,82.5208,8.4922,86.1746,1.1886,13.0300,-9999.0000,-0.7737,0,0,1.0000
84054,7.1965,9.1130,14.0742,1.4743,-0.5882,2.4127,8.8638,5.1511,82.3616,12.0267,86.0829,1.3231,27.5718,-9999.0000,-1.5230,0,0,1.0000
84055,13.2008,7.8457,15.6594,2.5136,-0.8326,5.1197,8.8797,8.3059,82.1687,11.7117,85.9915,1.7976,21.1251,-9999.0000,2.0757,0,0,1.0000
84056,8.1872,8.8019,13.6009,9.5848,-0.9069,8.5090,8.8833,7.1247,81.9286,10.3438,85.9106,1.3244,9.1385,-9999.0000,32.5167,0,0,1.0000
84057,10.5917,10.3128,15.4738,0.7685,-1.1658,1.6486,8.9092,5.3980,81.6959,13.9778,85.8320,1.0744,6.0734,-9999.0000,22.7919,0,0,1.0000
84058,8.3269,8.7887,16.0876,-2.1222,-0.3039,1.4613,8.9154,7.2208,81.4539,15.0992,85.7634,1.6999,3.7174,-9999.0000,2.2779,0,0,1.0000
84059,8.3944,9.9036,22.0449,2.9805,-0.7367,2.3506,8.9203,10.0485,81.1962,14.6667,85.6896,1.5183,4.4802,-9999.0000,1.8447,0,0,1.0000
84060,9.1610,13.2405,17.2847,8.3755,-0.7670,6.6160,8.9248,11.2496,80.9072,12.3724,85.6211,1.0462,1.8135,-9999.0000,1.3248,0,0,1.0000
