Data/Raw/WAGNER,NICK/firexaq-AOP-optical_DC8_20190808_R1.ict
51, 1001
Wagner, Nicholas L.
NOAA Earth System Research Laboratory
NOAA AOP instrument
FIREX-AQ
1, 1
2019, 08, 08, 2020, 04, 27
1
Time_start, seconds_past_midnight, seconds from midnight
18
1, 1, 1, 1, 1, 1, 1, 1, 1, 1, 1, 1, 1, 1, 1, 1, 1, 1
-9999, -9999, -9999, -9999, -9999, -9999, -9999, -9999, -9999, -9999, -9999, -9999, -9999, -9999, -9999, -9999, -9999, -9999
ext_dry_664, Mm-1, AerOpt_Extinction_InSitu_RHd_red_Total_PM2.5_STP
ext_dry_532, Mm-1, AerOpt_Extinction_InSitu_RHd_green_Total_PM2.5_STP
ext_dry_405, Mm-1, AerOpt_Extinction_InSitu_RHd_blue_Total_PM2.5_STP
abs_dry_664, Mm-1, AerOpt_Absorption_InSitu_RHd_red_Total_PM2.5_STP
abs_dry_532, Mm-1, AerOpt_Absorption_InSitu_RHd_green_Total_PM2.5_STP
abs_dry_405, Mm-1, AerOpt_Absorption_InSitu_RHd_blue_Total_PM2.5_STP
AOP_RH_dry, pct, Relative_humidity_of_dry_RH_channels
ext_medRH_664, Mm-1, AerOpt_Extinction_InSitu_RH80_red_Total_PM2.5_STP
AOP_RH_med, pct, Relative_humidity_of_medium_RH_channel
ext_highRH_664, Mm-1, AerOpt_Extinction_InSitu_RH85_red_Total_PM2.5_STP
AOP_RH_high, pct, Relative_humidity_of_high_RH_channel
ext_TD_664, Mm-1, AerOpt_ExtinctionTD_InSitu_RHd_blue_Total_PM2.5_STP
ext_TD_405, Mm-1, AerOpt_ExtinctionTD_InSitu_RHd_red_Total_PM2.5_STP
abs_TD_664, Mm-1, AerOpt_Absorption_InSitu_RHd_red_Total_PM2.5_STP
abs_TD_405, Mm-1, AerOpt_Absorption_InSitu_RHd_blue_Total_PM2.5_STP
AOP_TD_bypass_flag, pct, Flag_for_TD_Bypass_valve
AOP_filter_flag, pct, Flag_for_Filter_Valve
AOP_Dilution_ratio, pct, Applied_Dilution_Ratio_for_ext_channels
1
A DAQ cable became loose at 12:30 UTC during this flight. AOP collected not data after this point.
18
PI_CONTACT_INFO: Address: NOAA ESRL Chemical Sciences Division, R/CSD2, 325 Broadway, Boulder, CO 80305. Email: nick.wagner@noaa.gov.
PLATFORM: NASA DC8
LOCATION: See the DC8 MetNav file, Based in Boise (BOI) and Salina, KS
ASSOCIATED_DATA: N/A
[...]
DATA_INFO: Mm-1:
UNCERTAINTY: The precision of the extinction measurements varies with aerosol loading and is +/-20% at 10 Mm-1 and +/-5% at 100 Mm-1. The accuracy of the dry measurement is +/-2% and depends on RH for the humidified measurements, +/-5% at 85% RH and +/-15% at 90% RH. For more details, see Langridge et al., Aerosol Science and Technology 45:1305-1318, 2011. Analysis of comparable measurements suggest incomplete mixing in the dilution system. Effective dilution for individual instruments can vary by +/- 30% compared to the reported flow-based dilution estimate. The absorption measurements have a high signal accuracy of 20%. The low signal precision varies with altitude and flight to flight, and is typically less than 10 Mm-1 for 1 second measurements.
ULOD_FLAG: -7777
ULOD_VALUE: N/A
LLOD_FLAG: -8888
LLOD_VALUE: N/A
DM_CONTACT_INFO: Gao Chen
PROJECT_INFO: FIREX-AQ
STIPULATIONS_ON_USE: NASA Data Policy. Contact with PI is encouraged.
OTHER_COMMENTS: N/A
REVISION: R1
R1: Absorption measurements have been corrected for pressure dependent microphone sensitivity. In-cloud data has been removed. R0: Final Data. 
Time_start, ext_dry_664, ext_dry_532, ext_dry_405, abs_dry_664, abs_dry_532, abs_dry_405, AOP_RH_dry, ext_medRH_664, AOP_RH_med, ext_highRH_664, AOP_RH_high, ext_TD_664, ext_TD_405, abs_TD_664, abs_TD_405, AOP_TD_bypass_flag, AOP_filter_flag, AOP_Dilution_ratio
[from data line 5249]
80723,2.3086,5.7085,10.8749,-2.8873,-0.9774,-0.1240,8.3518,12.2221,80.6758,12.5960,84.1433,3.2846,0.9754,-9999.0000,1.8671,1,0,6.4500
80724,9.1088,9.3486,5.6614,4.4698,-1.5970,0.2250,8.3462,7.1152,80.6896,12.2433,84.1774,4.2442,0.6395,-9999.0000,3.1300,1,0,6.4500
80725,1.7919,15.9599,5.8623,5.6639,-0.3712,0.3001,8.3420,12.1644,80.7005,11.2531,84.2127,5.7699,0.3192,-9999.0000,-1.2140,1,0,6.4500
80726,2.6282,8.2613,8.9850,-1.2481,-1.2497,0.5090,8.3251,7.2712,80.6963,48.6172,84.2375,8.0864,0.2830,-9999.0000,1.6639,1,0,6.4500
80727,0.6519,8.3816,4.2649,-5.4607,-0.4418,-0.5631,8.3066,7.9957,80.6946,20.6569,84.2495,7.9280,0.3644,-9999.0000,-3.8020,1,0,6.4500
80728,0.4811,4.2797,9.6780,3.7816,-0.1513,0.4187,8.3027,5.2943,80.6970,11.5366,84.2620,4.4275,0.5137,-9999.0000,0.4287,1,0,6.4500
80729,1.1382,2.6081,5.0954,3.9816,-1.7305,-0.4262,8.2970,5.2983,80.6636,9.7517,84.2708,3.8062,0.6005,-9999.0000,-6.0785,1,0,6.4500
80730,0.1758,2.2142,2.5186,1.3878,1.3703,-0.2366,8.2969,6.8276,80.5996,13.4416,84.2795,3.7704,0.6224,-9999.0000,4.0576,1,0,6.4500
80731,3.2339,3.5164,4.6187,-1.2980,-0.8828,0.6216,8.2993,37.4874,80.4926,10.2782,84.2855,3.2880,0.1341,-9999.0000,0.2483,1,0,6.4500
80732,1.0876,1.7732,2.3859,-3.5052,-2.0752,-0.1831,8.3082,8.5707,80.3770,8.2921,84.2775,5.4776,0.1191,-9999.0000,-1.1845,1,0,6.4500
80733,2.1444,2.1200,8.2009,-1.5698,1.2678,0.0512,8.2954,6.8371,80.2713,28.3649,84.2732,2.9441,0.5600,1.8801,2.0539,1,0,6.4500
80734,3.8052,7.5893,10.6710,3.4362,-4.6749,0.0014,8.2959,17.1621,80.1420,16.1761,84.2549,2.4476,3.2244,-2.6637,2.0554,1,0,6.4500
80735,9.8134,12.3271,22.3710,-2.0252,-2.5257,0.5385,8.2907,14.1423,79.9937,17.7648,84.2219,3.0894,2.6853,3.4721,-9999.0000,1,0,6.4500
80736,21.0911,26.8801,32.6205,-8.1120,1.7298,0.5904,8.2842,25.8368,79.8355,15.2082,84.1957,3.4642,2.8231,-1.3482,-9999.0000,1,0,6.4500
80737,18.0451,29.9819,75.7866,-8.1120,1.9106,0.0678,8.2842,7.5467,79.7095,48.2287,84.1469,3.8403,3.0332,0.8108,-9999.0000,1,0,6.4500
80738,9.1173,18.9638,39.5760,-9999.0000,1.9130,0.0679,8.2735,7.7799,79.5566,14.7730,84.0953,3.4680,1.0206,-1.3489,-9999.0000,1,0,6.4500
80739,8.9532,7.9442,22.9539,-9999.0000,-9999.0000,-9999.0000,8.2693,7.4943,79.3667,18.1110,84.0423,3.3878,0.7442,-3.1555,-9999.0000,1,0,6.4500
80740,21.6611,3.6374,13.8234,-9999.0000,-9999.0000,-9999.0000,8.2640,14.2527,79.2093,14.2940,83.9952,3.2352,0.9114,2.4597,-9999.0000,1,0,6.4500
80741,2.7942,3.4483,2.2049,-9999.0000,-9999.0000,-9999.0000,8.2638,6.6177,79.0636,23.7896,83.9430,2.9599,1.7269,3.3905,-9999.0000,1,0,6.4500
80742,0.9076,3.1248,5.6657,-9999.0000,-9999.0000,-9999.0000,8.2641,6.0682,78.9258,16.1934,83.8894,2.9771,0.1801,-0.6278,-9999.0000,1,0,6.4500
80743,1.3269,21.2130,6.8925,-9999.0000,-9999.0000,-9999.0000,8.2555,6.2854,78.7780,8.6666,83.8503,3.5031,0.3081,-5.8007,-9999.0000,1,0,6.4500
80744,-0.3234,2.9145,3.0431,-9999.0000,-9999.0000,-9999.0000,8.2586,8.6313,78.6591,10.0370,83.8158,3.7778,0.2548,-1.9774,-9999.0000,1,0,6.4500
80745,2.8535,1.2915,5.3144,-9999.0000,-9999.0000,-9999.0000,8.2482,5.6760,78.5463,11.2083,83.7846,2.9237,0.6293,-3.8289,-9999.0000,1,0,6.4500
80746,-0.3825,0.5309,7.7754,-9999.0000,-9999.0000,-9999.0000,8.2516,5.0770,78.4476,13.1543,83.7618,3.1987,0.4842,0.5404,-9999.0000,1,0,6.4500
80747,-0.1922,1.1537,2.6150,-9999.0000,-9999.0000,-9999.0000,8.2455,5.2400,78.3683,9.8428,83.7357,4.2406,-0.0109,0.6326,2.1157,1,0,6.4500
80748,0.9316,2.9280,1.7948,-9999.0000,-9999.0000,-9999.0000,8.2379,15.3021,78.3025,9.3872,83.7197,3.5278,0.0584,3.8695,-1.8779,1,0,6.4500
80749,1.4305,1.5528,3.4996,-9999.0000,-9999.0000,-9999.0000,8.2306,5.1172,78.2441,9.6262,83.7018,3.1416,0.9735,-1.5987,1.2468,1,0,6.4500
80750,-0.4538,2.6450,3.9243,5.1986,-9999.0000,-9999.0000,8.2309,8.1129,78.1908,10.4322,83.6900,2.7373,1.1107,-1.0942,2.2386,1,0,6.4500
80751,0.0783,0.9970,3.6406,-2.4495,-1.2479,0.0234,8.2277,6.0650,78.1365,9.3816,83.6807,3.1866,0.0879,-4.6532,-3.3513,1,0,6.4500
80752,-0.1594,0.8201,1.4381,-1.6971,3.6668,-0.4149,8.2282,6.8823,78.1054,11.0880,83.6747,3.5693,0.4461,1.8760,-3.3615,1,0,6.4500
80753,-0.2930,2.0004,1.9815,-0.2300,0.9134,0.6223,8.2186,6.3786,78.0858,15.2212,83.6711,3.4193,1.7320,-4.4306,-0.2855,1,0,6.4500
80754,-0.2352,1.9362,2.9319,1.7035,-1.4784,0.1402,8.2241,6.4546,78.0856,9.7730,83.6683,3.8213,1.4486,2.9056,3.7692,1,0,6.4500
80755,0.2029,1.9025,2.3741,1.3827,-0.6918,-0.6163,8.1931,6.3997,78.0862,9.9753,83.6716,3.4457,0.4002,-0.0170,-0.9280,1,0,6.4500
80756,0.1450,1.3922,2.1557,4.7314,-2.3148,0.9052,8.2098,5.4908,78.0908,11.2601,83.6664,3.3233,1.0517,3.0811,-0.7533,1,0,6.4500
80757,0.3980,1.7757,3.3726,4.4645,3.2606,-0.7022,8.2145,6.2674,78.1080,11.5714,83.6630,2.8072,2.0567,-0.6164,3.0001,1,0,6.4500
80758,-0.2556,2.0414,1.9368,-3.3433,1.2884,-0.1400,8.2033,6.7725,78.1487,7.6102,83.6548,3.1306,2.0332,5.5700,-1.0046,1,0,6.4500
80759,-0.7513,3.1655,3.0032,-0.0873,1.3594,-0.0438,8.2008,6.7365,78.2014,8.4574,83.6554,3.1875,0.7402,3.0467,-0.5033,1,0,6.4500
80760,0.5327,1.9198,2.2266,1.6324,-2.8306,-0.0977,8.2002,5.8447,78.2693,8.3063,83.6497,3.1573,0.2522,-1.1056,-0.6095,1,0,6.4500
80761,0.6386,1.5158,3.2831,-4.1966,-1.3988,0.3367,8.1968,6.0063,78.3443,9.3743,83.6408,3.9763,0.3244,1.8937,3.1129,1,0,6.4500
80762,5.7311,2.6602,4.0552,4.6162,-3.8540,0.7284,8.1930,6.8995,78.4510,8.2856,83.6307,3.4634,0.6447,1.5673,1.6505,1,0,6.4500
80763,-0.1861,2.9566,2.1966,-0.7721,-1.0938,-0.2832,8.1943,9.9748,78.5662,9.3306,83.6154,4.6917,0.9746,-1.0464,0.2869,1,0,6.4500
80764,0.0674,2.4230,2.3307,0.4260,0.6756,1.0256,8.1989,5.3765,78.6794,8.9239,83.5995,2.5819,4.2938,-2.1555,0.9656,1,0,6.4500
80765,0.5803,1.4010,2.2507,-0.9918,0.8586,-0.3028,8.1968,6.5042,78.7899,11.3417,83.5796,2.1183,2.6650,0.8810,-1.6552,1,0,6.4500
80766,0.8001,3.1246,2.1586,0.6956,-1.2492,-0.0970,8.1945,6.7527,78.9065,11.2028,83.5413,2.1178,0.8389,2.8672,1.7323,1,0,6.4500
80767,-0.4383,2.8974,3.3576,0.8934,0.2857,0.5325,8.1941,6.5867,79.0450,8.4712,83.4932,2.1195,1.1566,-2.8086,0.4365,1,0,6.4500
80768,1.0908,1.1022,1.9395,1.8025,-3.8888,-1.1639,8.1871,6.8182,79.1908,8.6903,83.4296,2.2905,0.2828,-0.0614,1.2968,1,0,6.4500
80769,0.8785,2.0083,2.0789,-0.6275,-1.1824,0.5443,8.1864,5.9193,79.3196,9.0489,83.3765,4.3630,0.1695,0.8588,2.8883,1,0,6.4500
80770,2.4916,1.8135,2.4984,2.3965,0.2961,0.4391,8.1790,6.1614,79.4489,10.0941,83.3174,2.9386,0.8796,4.4802,5.4100,1,0,6.4500
80771,0.5931,1.0374,3.4557,-4.3380,3.5597,0.2477,8.1674,5.7728,79.5850,9.3734,83.2505,4.5198,1.0760,1.1982,0.9287,1,0,6.4500
80772,0.2259,1.3952,2.1398,3.0966,1.1165,0.8526,8.1692,7.0236,79.7104,8.5019,83.1857,2.0195,0.5575,1.5066,-1.0004,1,0,6.4500
80773,-0.8054,0.9442,2.1863,7.6771,-0.5562,-0.1341,8.1685,10.2067,79.8436,6.6845,83.1309,2.2880,0.5454,-0.2377,2.4500,1,0,6.4500
80774,-0.7119,1.3189,1.7412,-1.2457,-1.1989,0.5440,8.1667,5.9119,79.9724,7.9273,83.0781,4.2610,0.4528,6.6640,2.3804,1,0,6.4500
80775,0.2663,0.9031,3.7361,-3.5815,0.0654,0.3362,8.1724,5.3429,80.1008,11.3996,83.0275,4.7515,0.6022,0.4182,-0.5320,1,0,6.4500
80776,-0.1790,2.4489,3.0453,-0.4381,-4.0782,0.3294,8.1576,6.5130,80.2191,8.3906,82.9733,7.8199,0.8252,-1.8434,1.5779,1,0,6.4500
80777,-0.2148,1.0207,2.6377,5.8142,-1.8783,0.1621,8.1539,5.8709,80.3231,14.6728,82.9355,3.4958,1.9652,-1.6807,1.1492,1,0,6.4500
80778,-0.0456,1.0335,2.3542,-2.0524,2.2484,-0.7878,8.1573,6.0085,80.4429,8.6610,82.8951,3.4672,2.1697,6.0085,-0.6521,1,0,6.4500
80779,0.0232,1.0602,1.9913,-2.7140,-1.2489,0.5243,8.1593,4.9470,80.5478,10.8297,82.8491,4.1185,1.0004,-0.2806,-0.6704,1,0,6.4500
80780,0.2196,0.8411,2.1518,3.5342,3.0102,0.6065,8.1570,5.4305,80.6591,7.1147,82.8202,3.0652,0.4957,-3.4741,-2.9547,1,0,6.4500
80781,-0.4660,0.9314,2.6980,-3.9579,-0.7447,-0.5624,8.1526,7.8570,80.7692,9.5938,82.8049,2.7496,0.5687,0.7998,3.1606,1,0,6.4500
80782,1.5449,1.2341,2.7746,8.6089,-1.8053,0.3732,8.1522,6.2144,80.8834,19.1509,82.7939,2.6912,0.4130,3.9459,-0.5176,1,0,6.4500
80783,0.7684,4.1229,6.4923,-1.1391,0.5784,0.5199,8.1497,6.1206,80.9715,51.9827,82.7873,3.2601,1.0380,-0.8550,-2.9785,1,0,6.4500
80784,1.7954,0.9156,1.4750,4.6241,-2.1110,0.4469,8.1526,5.1833,81.0406,12.2411,82.7869,2.8730,2.0112,0.8870,1.7585,1,0,6.4500
80785,0.0002,0.6657,6.5830,5.6736,-1.7566,0.7021,8.1567,6.6646,81.1028,9.2349,82.7858,4.0225,1.3026,0.4149,-2.9614,1,0,6.4500
80786,0.0053,0.2569,1.1087,2.6676,-0.1093,0.1874,8.1549,5.1675,81.1664,5.9124,82.7860,3.5745,0.9492,-1.2933,2.6977,1,0,6.4500
80787,0.0599,1.2624,2.1028,4.0399,2.5798,0.3617,8.1394,5.7558,81.2214,6.2561,82.7875,1.9448,0.3263,4.7858,-0.3172,1,0,6.4500
80788,0.8077,1.9845,6.7313,0.1049,-0.0584,0.6655,8.1378,4.6218,81.2667,7.6092,82.7835,1.6037,0.7256,2.9921,-1.0467,1,0,6.4500
80789,-0.0272,0.8339,1.7064,-4.8101,3.2825,0.2260,8.1357,5.0806,81.3003,5.3534,82.7867,1.6975,1.6300,1.6556,1.3343,1,0,6.4500
80790,0.1891,0.6667,1.9448,-2.7755,-0.7344,0.5727,8.1324,5.4637,81.3287,5.0836,82.8014,2.1873,0.5240,1.9597,-2.5535,1,0,6.4500
80791,-0.3989,1.7560,1.7075,3.3338,-2.9671,0.9976,8.1295,4.8087,81.3490,6.5089,82.8095,2.6504,0.3127,-2.1335,5.6044,1,0,6.4500
80792,-0.4325,0.9134,1.7559,-0.3192,-0.8591,0.7847,8.1346,3.6885,81.3538,6.5954,82.8098,2.1740,0.1189,2.9310,-1.1141,1,0,6.4500
80793,-0.2326,2.2128,0.8367,2.0213,-0.3889,0.8902,8.1336,4.7402,81.3566,7.4976,82.8120,2.3316,0.0486,2.3813,0.0102,1,0,6.4500
80794,0.0515,1.0763,1.8707,8.3821,-0.8664,0.0384,8.1302,3.7931,81.3532,9.3813,82.8149,1.8675,0.0941,3.7404,-1.1517,1,0,6.4500
80795,-0.0416,0.4124,1.8427,-5.8420,-0.5857,-0.5268,8.1348,4.3760,81.3374,6.4035,82.8080,1.9489,0.0222,-2.0331,1.1985,1,0,6.4500
80796,-0.1586,0.9122,1.9204,-0.9171,0.7828,0.5559,8.1345,3.8522,81.2715,4.7540,82.8024,1.5809,0.8008,0.3079,3.0465,1,0,6.4500
80797,0.6589,0.7677,1.0309,8.0976,-2.1345,0.1155,8.1281,2.7420,81.1876,5.8792,82.7912,2.6034,1.6250,-5.0772,0.2071,1,0,6.4500
80798,0.4183,0.7016,2.2360,2.5154,-1.3616,0.6150,8.1251,4.9643,81.0898,6.7364,82.7744,5.8887,0.9608,-1.0034,-0.3954,1,0,6.4500
80799,0.2995,1.4938,1.9229,-0.3350,0.2969,1.1025,8.1264,5.1600,80.9671,5.9673,82.7474,4.1230,2.1106,0.0267,-1.1366,1,0,6.4500
80800,-0.1068,0.8856,4.2415,-8.2049,1.5389,0.6760,8.1194,5.6615,80.8129,6.0703,82.7002,3.2319,1.9921,-3.0597,5.6973,1,0,6.4500
80801,-0.1770,2.0988,2.2611,-1.4663,0.2430,0.3341,8.1075,6.8248,80.6458,7.0272,82.6534,3.0896,1.2300,4.6689,-1.3990,1,0,6.4500
80802,0.7522,5.7300,6.1764,-2.1874,-0.6817,0.6690,8.1035,6.6800,80.4747,9.8399,82.6168,3.0495,0.3338,-0.7967,-0.5704,1,0,6.4500
80803,0.0052,7.2778,1.2606,0.0603,2.9353,0.2314,8.0983,4.6540,80.2908,6.3668,82.5797,2.8932,0.1578,-2.6542,-2.9172,1,0,6.4500
80804,0.4253,1.0092,2.1244,5.3428,3.6192,0.7522,8.1128,5.8397,80.1063,7.7309,82.5348,4.1690,0.1533,-5.4725,-2.5177,1,0,6.4500
80805,1.1544,0.7819,2.1013,4.5600,-0.7590,0.3927,8.1098,5.4538,79.9111,7.0746,82.4918,2.9444,0.1377,-2.3770,2.9520,1,0,6.4500
80806,-0.0997,1.5202,2.5828,0.0484,0.6683,0.2341,8.1119,5.2682,79.7174,6.3440,82.4530,5.1293,0.5023,-3.5404,3.8152,1,0,6.4500
80807,-0.2633,0.8317,1.9978,-3.6516,-0.2340,0.6002,8.1104,3.4272,79.5380,5.9940,82.4213,4.1261,1.1935,2.3686,-0.9301,1,0,6.4500
80808,0.0067,0.9650,1.8087,5.3123,-1.6522,0.3815,8.0969,4.5250,79.3660,8.1872,82.3976,2.8390,0.8221,2.3007,2.4297,1,0,6.4500
80809,1.0173,2.2980,4.7818,11.0663,-3.0659,0.5827,8.0885,5.5717,79.2040,7.2991,82.3761,3.4437,0.0575,-0.6526,-2.2894,1,0,6.4500
80810,4.3930,15.8057,16.1811,-0.7062,-2.2072,0.9188,8.0948,4.9679,79.0322,7.5302,82.3602,3.4968,0.3115,2.5439,-0.9091,1,0,6.4500
80811,2.3306,10.4773,12.3020,3.4083,2.6531,-0.4202,8.0901,10.4402,78.8736,7.2350,82.3540,2.5038,0.0936,-1.4867,-2.2900,1,0,6.4500
80812,2.3881,3.0349,4.8610,-0.9532,-3.0078,0.6260,8.0863,4.8536,78.7546,8.0211,82.3541,3.4808,0.1986,-3.1687,4.0430,1,0,6.4500
80813,1.7537,7.1364,5.5144,2.8922,1.4559,0.5195,8.0839,4.9662,78.6489,3.9630,82.3608,3.2543,0.3141,-0.8356,-1.2662,1,0,6.4500
80814,2.6135,2.2862,8.0545,0.6031,1.7358,0.4130,8.0805,3.3867,78.5497,3.7419,82.3635,2.9399,0.1822,1.3727,3.3975,1,0,6.4500
80815,0.9908,3.6295,2.6145,0.8135,-2.2758,0.0659,8.0704,3.0720,78.4522,2.0382,82.3740,2.6093,0.9529,-0.5783,-1.5543,1,0,6.4500
80816,0.2361,1.0210,0.9717,1.2582,-1.0497,0.3126,8.0741,3.0829,78.3780,3.3439,82.3896,2.7912,1.3022,1.1458,-1.3018,1,0,6.4500
80817,0.3353,1.8234,2.8271,-11.6745,-1.2671,0.3415,8.0675,3.5289,78.3212,1.7094,82.4144,1.2384,0.2778,5.3296,5.3704,1,0,6.4500
80818,-0.0431,0.8801,1.7184,-1.2977,-1.0450,0.4651,8.0655,23.2468,78.2896,3.8658,82.4487,1.7376,0.8792,-0.7380,2.5350,1,0,6.4500
80819,-0.2640,1.8687,1.6517,-1.7174,-0.7469,1.1396,8.0692,36.9044,78.2636,4.1459,82.4634,3.0768,0.7693,-1.0910,0.8394,1,0,6.4500
80820,0.1368,1.3492,5.6562,1.8482,-2.5784,-0.1641,8.0627,5.2207,78.2460,5.8433,82.4900,1.5375,0.2221,2.3760,1.6451,1,0,6.4500
80821,1.0129,1.0079,1.1199,6.6189,-3.8126,0.8162,8.0617,3.4339,78.2442,1.7425,82.5110,2.0659,0.1390,-1.2687,2.0052,1,0,6.4500
80822,1.2558,3.3840,1.6760,0.5959,0.0778,-0.0506,8.0611,4.5750,78.2433,4.1417,82.5371,5.4256,0.3391,-2.2680,0.3189,1,0,6.4500
80823,-0.5501,0.9192,1.8290,-0.9192,-2.7828,0.1659,8.0518,4.0049,78.2355,5.2017,82.5420,5.6599,-0.0234,5.2276,1.9427,1,0,6.4500
80824,0.3915,1.0779,1.8416,-0.1234,0.9067,0.0398,8.0504,4.4424,78.2508,4.2200,82.5480,2.8085,-0.0515,4.0465,0.0508,1,0,6.4500
80825,-0.5762,0.9894,2.0363,6.1630,-3.2069,0.2798,8.0406,3.7818,78.2828,5.1991,82.5476,2.3049,0.2772,7.4392,1.0064,1,0,6.4500
80826,-0.6811,1.2410,0.8149,1.7383,-1.1947,-0.6587,8.0416,7.2627,78.3493,4.8258,82.5571,2.6548,0.1180,-3.0182,1.8112,1,0,6.4500
80827,0.5288,1.1805,1.3281,1.2187,-0.7621,1.0743,8.0393,2.9922,78.4269,4.5034,82.5601,2.7428,0.0973,-5.3141,-0.4024,1,0,6.4500
80828,-0.0344,0.3946,0.8006,0.9818,2.9502,-0.3057,8.0431,9.2554,78.5159,4.6309,82.5601,2.1706,-0.0675,-0.5781,4.8619,1,0,6.4500
80829,-0.6059,0.3817,2.1571,-8.3708,0.4218,-0.4032,8.0514,4.0258,78.5971,4.3344,82.5489,4.6520,0.3998,1.0108,-0.0525,1,0,6.4500
80830,0.1662,2.7036,1.5179,5.3134,-1.1576,0.3529,8.0504,3.6733,78.7003,6.5308,82.5349,2.5259,0.2689,3.1750,-4.3231,1,0,6.4500
80831,0.3070,1.1441,3.2009,2.2626,-2.1149,0.3794,8.0485,3.4167,78.8008,5.5510,82.5001,3.4598,0.1888,0.7044,-2.2783,1,0,6.4500
80832,0.0299,0.8841,1.2069,6.2528,2.7823,0.5602,8.0445,3.8740,78.9175,4.9759,82.4775,3.7697,-0.0919,0.5893,-3.5662,1,0,6.4500
80833,-0.0498,0.5162,1.3288,6.8218,1.5713,0.7333,8.0428,3.4790,79.0299,4.1081,82.4390,1.6935,0.7986,-1.4714,-2.5717,1,0,6.4500
80834,-0.0586,1.1920,3.4041,-3.7280,3.3149,0.2505,8.0441,4.1117,79.1602,4.2830,82.4103,2.7164,1.3078,5.5920,0.3892,1,0,6.4500
80835,-0.0883,0.8170,2.2994,1.2861,-1.2412,-0.0671,8.0451,6.9752,79.2789,3.7601,82.3835,2.1115,2.7368,0.8057,1.9888,1,0,6.4500
80836,0.0039,1.5470,1.3829,2.0769,-0.3052,0.4369,8.0513,24.8410,79.3919,2.9823,82.3652,2.6885,1.1089,-4.0350,1.7622,1,0,6.4500
80837,-0.0061,1.8188,2.7997,-4.9905,0.6658,0.0719,8.0480,5.2848,79.5089,5.6963,82.3493,2.5393,0.0344,1.5875,0.1659,1,0,6.4500
80838,0.8304,1.5190,3.0723,1.9004,0.2865,-0.3794,8.0384,5.3748,79.6251,4.1702,82.3375,2.3411,0.5941,-1.7559,2.3051,1,0,6.4500
80839,0.4494,1.5621,1.7285,-1.8620,0.6675,0.0746,8.0358,5.9085,79.7492,1.0631,82.3241,2.6078,0.2390,5.7395,-3.6566,1,0,6.4500
80840,-0.2203,1.3096,2.4646,1.9532,-0.0483,0.2807,8.0295,7.1211,79.8583,9.3027,82.3149,2.3280,0.3635,3.2619,-0.1134,1,0,6.4500
80841,13.0549,0.8560,4.1087,-1.5437,1.5480,0.1982,8.0274,3.0958,79.9924,3.5591,82.3125,1.4016,0.2651,1.3558,1.9040,1,0,6.4500
80842,6.6275,0.8759,1.7289,-2.8045,1.9836,1.0495,8.0311,3.9341,80.1190,2.0149,82.3050,1.6268,0.6286,-4.8968,0.2135,1,0,6.4500
80843,0.3914,0.7402,5.2025,3.4164,0.9638,0.0605,8.0282,2.9189,80.2397,3.5510,82.2995,2.4449,0.9321,-1.9056,-3.2364,1,0,6.4500
80844,-0.2244,0.9458,6.1992,-11.4666,1.6161,-0.5188,8.0320,4.3618,80.3483,2.5179,82.3056,2.7551,1.5104,1.5689,-0.6442,1,0,6.4500
80845,0.3469,2.7295,3.0051,-3.5696,1.9591,0.7718,8.0281,3.8902,80.4448,3.8881,82.3066,2.0255,0.8162,-2.0925,0.8337,1,0,6.4500
