Data/Raw/WAGNER,NICK/firexaq-AOP-optical_DC8_20190730_R1.ict
51, 1001
Wagner, Nicholas L.
NOAA Earth System Research Laboratory
NOAA AOP instrument
FIREX-AQ
1, 1
2019, 07, 30, 2020, 04, 27
1
Time_start, seconds_past_midnight, seconds from midnight
18
1, 1, 1, 1, 1, 1, 1, 1, 1, 1, 1, 1, 1, 1, 1, 1, 1, 1
-9999, -9999, -9999, -9999, -9999, -9999, -9999, -9999, -9999, -9999, -9999, -9999, -9999, -9999, -9999, -9999, -9999, -9999
ext_dry_664, Mm-1, AerOpt_Extinction_InSitu_RHd_red_Total_PM2.5_STP
ext_dry_532, Mm-1, AerOpt_Extinction_InSitu_RHd_green_Total_PM2.5_STP
ext_dry_405, Mm-1, AerOpt_Extinction_InSitu_RHd_blue_Total_PM2.5_STP
abs_dry_664, Mm-1, AerOpt_Absorption_InSitu_RHd_red_Total_PM2.5_STP
abs_dry_532, Mm-1, AerOpt_Absorption_InSitu_RHd_green_Total_PM2.5_STP
abs_dry_405, Mm-1, AerOpt_Absorption_InSitu_RHd_blue_Total_PM2.5_STP
AOP_RH_dry, pct, Relative_humidity_of_dry_RH_channels
ext_medRH_664, Mm-1, AerOpt_Extinction_InSitu_RH80_red_Total_PM2.5_STP
AOP_RH_med, pct, Relative_humidity_of_medium_RH_channel
ext_highRH_664, Mm-1, AerOpt_Extinction_InSitu_RH85_red_Total_PM2.5_STP
AOP_RH_high, pct, Relative_humidity_of_high_RH_channel
ext_TD_664, Mm-1, AerOpt_ExtinctionTD_InSitu_RHd_blue_Total_PM2.5_STP
ext_TD_405, Mm-1, AerOpt_ExtinctionTD_InSitu_RHd_red_Total_PM2.5_STP
abs_TD_664, Mm-1, AerOpt_Absorption_InSitu_RHd_red_Total_PM2.5_STP
abs_TD_405, Mm-1, AerOpt_Absorption_InSitu_RHd_blue_Total_PM2.5_STP
AOP_TD_bypass_flag, pct, Flag_for_TD_Bypass_valve
AOP_filter_flag, pct, Flag_for_Filter_Valve
AOP_Dilution_ratio, pct, Applied_Dilution_Ratio_for_ext_channels
1
N/A
18
PI_CONTACT_INFO: Address: NOAA ESRL Chemical Sciences Division, R/CSD2, 325 Broadway, Boulder, CO 80305. Email: nick.wagner@noaa.gov.
PLATFORM: NASA DC8
LOCATION: See the DC8 MetNav file, Based in Boise (BOI) and Salina, KS
ASSOCIATED_DATA: N/A
[...]
DATA_INFO: Mm-1:
UNCERTAINTY: The precision of the extinction measurements varies with aerosol loading and is +/-20% at 10 Mm-1 and +/-5% at 100 Mm-1. The accuracy of the dry measurement is +/-2% and depends on RH for the humidified measurements, +/-5% at 85% RH and +/-15% at 90% RH. For more details, see Langridge et al., Aerosol Science and Technology 45:1305-1318, 2011. Analysis of comparable measurements suggest incomplete mixing in the dilution system. Effective dilution for individual instruments can vary by +/- 30% compared to the reported flow-based dilution estimate. The absorption measurements have a high signal accuracy of 20%. The low signal precision varies with altitude and flight to flight, and is typically less than 10 Mm-1 for 1 second measurements.
ULOD_FLAG: -7777
ULOD_VALUE: N/A
LLOD_FLAG: -8888
LLOD_VALUE: N/A
DM_CONTACT_INFO: Gao Chen
PROJECT_INFO: FIREX-AQ
STIPULATIONS_ON_USE: NASA Data Policy. Contact with PI is encouraged.
OTHER_COMMENTS: N/A
REVISION: R1
R1: Absorption measurements have been corrected for pressure dependent microphone sensitivity. In-cloud data has been removed. R0: Final Data. 
Time_start, ext_dry_664, ext_dry_532, ext_dry_405, abs_dry_664, abs_dry_532, abs_dry_405, AOP_RH_dry, ext_medRH_664, AOP_RH_med, ext_highRH_664, AOP_RH_high, ext_TD_664, ext_TD_405, abs_TD_664, abs_TD_405, AOP_TD_bypass_flag, AOP_filter_flag, AOP_Dilution_ratio
[from data line 25116]
100776,17.7652,28.1914,45.6890,-9999.0000,-9999.0000,-9999.0000,17.3263,26.2907,79.4264,-9999.0000,85.2887,-9999.0000,10.9310,-9999.0000,-9999.0000,0,0,1.0000
100777,15.8038,25.2470,44.3591,-9999.0000,-9999.0000,-9999.0000,17.3236,23.0933,79.5778,-9999.0000,85.2925,-9999.0000,11.7930,-9999.0000,-9999.0000,0,0,1.0000
100778,14.2248,24.7618,46.9058,-9999.0000,-9999.0000,-9999.0000,17.3270,19.0709,79.7044,-9999.0000,85.3012,-9999.0000,13.9229,-9999.0000,-9999.0000,0,0,1.0000
100779,14.5232,27.0156,43.6902,-9999.0000,-9999.0000,-9999.0000,17.3264,19.1350,79.8463,-9999.0000,85.3023,-9999.0000,14.3746,-9999.0000,-9999.0000,0,0,1.0000
100780,17.2794,24.6084,43.3603,-9999.0000,-9999.0000,-9999.0000,17.3207,18.2589,79.9720,-9999.0000,85.3001,-9999.0000,14.1710,-9999.0000,-9999.0000,0,0,1.0000
100781,15.9132,27.9044,45.8026,-9999.0000,-9999.0000,-9999.0000,17.3282,17.7502,80.1299,-9999.0000,85.2995,-9999.0000,11.9670,-9999.0000,-9999.0000,0,0,1.0000
100782,18.3574,28.5864,42.7552,-9999.0000,-9999.0000,-9999.0000,17.3253,22.6011,80.2576,-9999.0000,85.2923,-9999.0000,10.4154,-9999.0000,-9999.0000,0,0,1.0000
100783,18.3989,28.4010,42.5077,-9999.0000,-9999.0000,-9999.0000,17.3260,20.7774,80.3871,-9999.0000,85.2941,-9999.0000,11.6207,-9999.0000,-9999.0000,0,0,1.0000
100784,17.2888,24.0480,44.3863,-9999.0000,-9999.0000,-9999.0000,17.3218,18.2442,80.5119,-9999.0000,85.2817,-9999.0000,12.8439,-9999.0000,-9999.0000,0,0,1.0000
100785,15.0158,25.1874,44.5033,-9999.0000,-9999.0000,-9999.0000,17.3292,17.4743,80.6407,-9999.0000,85.2759,-9999.0000,12.4702,-9999.0000,-9999.0000,0,0,1.0000
100786,14.1079,26.1148,44.3091,-9999.0000,-9999.0000,-9999.0000,17.3426,18.2161,80.7556,-9999.0000,85.2733,-9999.0000,10.6405,-9999.0000,-9999.0000,0,0,1.0000
100787,16.6054,26.6698,44.5410,-9999.0000,-9999.0000,-9999.0000,17.3389,18.0046,80.8579,-9999.0000,85.2723,-9999.0000,10.3553,-9999.0000,-9999.0000,0,0,1.0000
100788,15.5963,25.3264,44.5675,-9999.0000,-9999.0000,-9999.0000,17.3367,20.7539,80.9609,-9999.0000,85.2721,-9999.0000,13.4961,-9999.0000,-9999.0000,0,0,1.0000
100789,16.7722,24.7572,45.7592,-9999.0000,-9999.0000,-9999.0000,17.3296,19.9574,81.0617,-9999.0000,85.2634,-9999.0000,17.3703,-9999.0000,-9999.0000,0,0,1.0000
100790,16.0510,26.5143,43.5923,-9999.0000,-9999.0000,-9999.0000,17.3322,18.1537,81.1532,-9999.0000,85.2655,-9999.0000,16.4104,-9999.0000,-9999.0000,0,0,1.0000
100791,17.1709,25.6814,41.3747,-9999.0000,-9999.0000,-9999.0000,17.3366,21.4964,81.2419,-9999.0000,85.2772,-9999.0000,13.7771,-9999.0000,-9999.0000,0,0,1.0000
100792,16.5061,26.0941,44.7430,-9999.0000,-9999.0000,-9999.0000,17.3277,27.5036,81.3141,-9999.0000,85.2798,-9999.0000,12.4048,-9999.0000,-9999.0000,0,0,1.0000
100793,16.9833,24.8745,45.7951,-9999.0000,-9999.0000,-9999.0000,17.3433,18.6953,81.3789,-9999.0000,85.2990,-9999.0000,11.1561,-9999.0000,-9999.0000,0,0,1.0000
100794,18.6341,31.9236,46.6188,-9999.0000,-9999.0000,-9999.0000,17.3367,22.0452,81.4459,-9999.0000,85.3267,-9999.0000,9.2444,-9999.0000,-9999.0000,0,0,1.0000
100795,14.0958,23.8690,43.5413,-9999.0000,-9999.0000,-9999.0000,17.3260,19.8856,81.4932,-9999.0000,85.3691,-9999.0000,9.5891,-9999.0000,-9999.0000,0,0,1.0000
100796,15.9815,28.7928,45.1647,-9999.0000,-9999.0000,-9999.0000,17.3262,23.2365,81.5344,-9999.0000,85.4122,-9999.0000,11.0171,-9999.0000,-9999.0000,0,0,1.0000
100797,13.5499,26.8382,43.8734,-9999.0000,-9999.0000,-9999.0000,17.3243,21.8644,81.5580,-9999.0000,85.4697,-9999.0000,12.3645,-9999.0000,-9999.0000,0,0,1.0000
100798,15.7386,24.7466,42.9008,-9999.0000,-9999.0000,-9999.0000,17.3313,17.3225,81.5760,-9999.0000,85.5242,-9999.0000,12.7772,-9999.0000,-9999.0000,0,0,1.0000
100799,16.0542,26.6338,39.9370,-9999.0000,-9999.0000,-9999.0000,17.3291,16.5371,81.5787,-9999.0000,85.5606,-9999.0000,12.2685,-9999.0000,-9999.0000,0,0,1.0000
100800,15.8814,26.3645,44.0350,-9999.0000,-9999.0000,-9999.0000,17.3361,18.2169,81.5831,-9999.0000,85.5857,-9999.0000,12.0750,-9999.0000,-9999.0000,0,0,1.0000
100801,15.9709,24.1607,43.3591,-9999.0000,-9999.0000,-9999.0000,17.3313,23.5580,81.5823,-9999.0000,85.6190,-9999.0000,9.0154,-9999.0000,-9999.0000,0,0,1.0000
100802,14.7415,25.4884,42.9209,-9999.0000,-9999.0000,-9999.0000,17.3331,20.8275,81.5689,-9999.0000,85.6633,-9999.0000,10.0947,-9999.0000,-9999.0000,0,0,1.0000
100803,13.7817,25.1482,40.9601,-9999.0000,-9999.0000,-9999.0000,17.3361,17.0504,81.5322,-9999.0000,85.7015,-9999.0000,12.6553,-9999.0000,-9999.0000,0,0,1.0000
100804,13.5991,21.1030,40.2192,-9999.0000,-9999.0000,-9999.0000,17.3320,18.9793,81.4671,-9999.0000,85.7182,-9999.0000,13.6452,-9999.0000,-9999.0000,0,0,1.0000
100805,16.0148,23.9555,39.6489,-9999.0000,-9999.0000,-9999.0000,17.3298,17.8519,81.3919,-9999.0000,85.7299,-9999.0000,11.4644,-9999.0000,-9999.0000,0,0,1.0000
100806,13.2553,24.7170,41.0396,-9999.0000,-9999.0000,-9999.0000,17.3285,18.9531,81.3124,-9999.0000,85.7354,-9999.0000,9.5322,-9999.0000,-9999.0000,0,0,1.0000
100807,14.3991,28.9617,42.8902,-9999.0000,-9999.0000,-9999.0000,17.3251,18.5792,81.2160,-9999.0000,85.7419,-9999.0000,10.2807,-9999.0000,-9999.0000,0,0,1.0000
100808,13.1553,24.2559,42.8958,-9999.0000,-9999.0000,-9999.0000,17.3148,15.3576,81.0963,-9999.0000,85.7421,-9999.0000,11.0361,-9999.0000,-9999.0000,0,0,1.0000
100809,15.0640,27.9427,44.7802,-9999.0000,-9999.0000,-9999.0000,17.3040,17.3660,80.9504,-9999.0000,85.7360,-9999.0000,12.7704,-9999.0000,-9999.0000,0,0,1.0000
100810,15.0880,25.3669,41.4107,-9999.0000,-9999.0000,-9999.0000,17.3062,19.6114,80.8009,-9999.0000,85.7346,-9999.0000,11.4966,-9999.0000,-9999.0000,0,0,1.0000
100811,14.4293,28.1402,39.1994,-9999.0000,-9999.0000,-9999.0000,17.3040,19.5461,80.6609,-9999.0000,85.7154,-9999.0000,9.9439,-9999.0000,-9999.0000,0,0,1.0000
100812,13.1072,27.1936,40.1675,-9999.0000,-9999.0000,-9999.0000,17.3004,18.2239,80.4955,-9999.0000,85.6858,-9999.0000,10.5285,-9999.0000,-9999.0000,0,0,1.0000
100813,13.5329,24.7245,42.4550,-9999.0000,-9999.0000,-9999.0000,17.2975,21.4730,80.3456,-9999.0000,85.6634,-9999.0000,9.1285,-9999.0000,-9999.0000,0,0,1.0000
100814,14.3207,23.4261,42.7249,-9999.0000,-9999.0000,-9999.0000,17.2974,22.4835,80.1445,-9999.0000,85.6362,-9999.0000,11.5546,-9999.0000,-9999.0000,0,0,1.0000
100815,16.1571,26.5281,40.9634,-9999.0000,-9999.0000,-9999.0000,17.3000,20.0120,80.0007,-9999.0000,85.6217,-9999.0000,12.0103,-9999.0000,-9999.0000,0,0,1.0000
100816,18.3432,27.0273,42.9760,-9999.0000,-9999.0000,-9999.0000,17.2988,18.0445,79.8154,-9999.0000,85.6019,-9999.0000,11.4004,-9999.0000,-9999.0000,0,0,1.0000
100817,16.6945,25.0518,43.6359,-9999.0000,-9999.0000,-9999.0000,17.2991,21.4618,79.6932,-9999.0000,85.5885,-9999.0000,13.4642,-9999.0000,-9999.0000,0,0,1.0000
100818,14.9749,23.8761,42.5333,-9999.0000,-9999.0000,-9999.0000,17.2943,18.7859,79.5685,-9999.0000,85.5804,-9999.0000,15.3005,-9999.0000,-9999.0000,0,0,1.0000
100819,17.2867,26.0474,43.4347,-9999.0000,-9999.0000,-9999.0000,17.2970,17.5450,79.4617,-9999.0000,85.5752,-9999.0000,10.6001,-9999.0000,-9999.0000,0,0,1.0000
100820,14.2253,25.3308,47.1668,-9999.0000,-9999.0000,-9999.0000,17.3098,21.7895,79.3382,-9999.0000,85.5712,-9999.0000,9.6777,-9999.0000,-9999.0000,0,0,1.0000
100821,14.2688,24.9785,38.9115,-9999.0000,-9999.0000,-9999.0000,17.3104,17.3781,79.2100,-9999.0000,85.5696,-9999.0000,8.9989,-9999.0000,-9999.0000,0,0,1.0000
100822,14.1692,24.6701,44.1296,-9999.0000,-9999.0000,-9999.0000,17.3150,19.0536,79.0996,-9999.0000,85.5738,-9999.0000,8.3116,-9999.0000,-9999.0000,0,0,1.0000
100823,12.8692,24.4882,40.9790,-9999.0000,-9999.0000,-9999.0000,17.3170,20.4280,79.0031,-9999.0000,85.5732,-9999.0000,8.6246,-9999.0000,-9999.0000,0,0,1.0000
100824,13.9503,23.7493,40.3641,-9999.0000,-9999.0000,-9999.0000,17.3154,25.6305,78.9301,-9999.0000,85.5870,-9999.0000,12.8189,-9999.0000,-9999.0000,0,0,1.0000
100825,12.4069,31.0819,44.9493,-9999.0000,-9999.0000,-9999.0000,17.3191,18.7290,78.8649,-9999.0000,85.6085,-9999.0000,14.2341,-9999.0000,-9999.0000,0,0,1.0000
100826,17.2826,23.3141,40.5377,-9999.0000,-9999.0000,-9999.0000,17.3204,18.4039,78.8145,-9999.0000,85.6363,-9999.0000,11.9401,-9999.0000,-9999.0000,0,0,1.0000
100827,16.5728,27.3206,40.1145,-9999.0000,-9999.0000,-9999.0000,17.3232,18.8341,78.7717,-9999.0000,85.6540,-9999.0000,13.3909,-9999.0000,-9999.0000,0,0,1.0000
100828,12.2034,21.4080,41.3063,-9999.0000,-9999.0000,-9999.0000,17.3195,18.0187,78.7463,-9999.0000,85.6677,-9999.0000,10.6458,-9999.0000,-9999.0000,0,0,1.0000
100829,11.4819,23.3039,41.1907,-9999.0000,-9999.0000,-9999.0000,17.3214,18.8749,78.7321,-9999.0000,85.6916,-9999.0000,8.4762,-9999.0000,-9999.0000,0,0,1.0000
100830,11.3328,22.6267,40.9153,-9999.0000,-9999.0000,-9999.0000,17.3212,21.1904,78.7263,-9999.0000,85.7101,-9999.0000,10.0369,-9999.0000,-9999.0000,0,0,1.0000
100831,13.1087,25.3836,41.5215,-9999.0000,-9999.0000,-9999.0000,17.3266,18.8178,78.7219,-9999.0000,85.7249,-9999.0000,10.4249,-9999.0000,-9999.0000,0,0,1.0000
100832,15.0837,26.2340,41.6085,-9999.0000,-9999.0000,-9999.0000,17.3272,20.5417,78.7300,-9999.0000,85.7357,-9999.0000,7.9472,-9999.0000,-9999.0000,0,0,1.0000
100833,13.6649,23.6065,42.3299,-9999.0000,-9999.0000,-9999.0000,17.3348,19.5501,78.7441,-9999.0000,85.7453,-9999.0000,9.4327,-9999.0000,-9999.0000,0,0,1.0000
100834,12.7335,23.9745,40.0696,-9999.0000,-9999.0000,-9999.0000,17.3516,18.1882,78.7750,-9999.0000,85.7480,-9999.0000,10.8785,-9999.0000,-9999.0000,0,0,1.0000
100835,14.5801,22.6662,42.1081,-9999.0000,-9999.0000,-9999.0000,17.3558,16.3249,78.8094,-9999.0000,85.7447,-9999.0000,11.2631,-9999.0000,-9999.0000,0,0,1.0000
100836,14.3009,22.3799,38.4257,-9999.0000,-9999.0000,-9999.0000,17.3605,18.3287,78.8709,-9999.0000,85.7472,-9999.0000,13.7890,-9999.0000,-9999.0000,0,0,1.0000
100837,14.8869,26.3078,41.9237,-9999.0000,-9999.0000,-9999.0000,17.3536,21.9749,78.9563,-9999.0000,85.7391,-9999.0000,12.3048,-9999.0000,-9999.0000,0,0,1.0000
100838,14.7718,24.6679,41.4300,-9999.0000,-9999.0000,-9999.0000,17.3546,21.1291,79.0389,-9999.0000,85.7187,-9999.0000,9.3285,-9999.0000,-9999.0000,0,0,1.0000
100839,17.6920,26.1230,42.2332,-9999.0000,-9999.0000,-9999.0000,17.3565,18.2263,79.1288,-9999.0000,85.6879,-9999.0000,11.0641,-9999.0000,-9999.0000,0,0,1.0000
100840,16.7970,25.0522,41.1768,-9999.0000,-9999.0000,-9999.0000,17.3543,15.5393,79.2108,-9999.0000,85.6430,-9999.0000,11.7988,-9999.0000,-9999.0000,0,0,1.0000
100841,15.2261,24.5393,44.5140,-9999.0000,-9999.0000,-9999.0000,17.3562,23.4008,79.3153,-9999.0000,85.5882,-9999.0000,12.1130,-9999.0000,-9999.0000,0,0,1.0000
100842,16.0361,21.0448,43.2059,-9999.0000,-9999.0000,-9999.0000,17.3449,18.7466,79.4210,-9999.0000,85.5153,-9999.0000,11.7228,-9999.0000,-9999.0000,0,0,1.0000
100843,15.0842,28.1753,43.2562,-9999.0000,-9999.0000,-9999.0000,17.3216,22.9132,79.5278,-9999.0000,85.4457,-9999.0000,12.3106,-9999.0000,-9999.0000,0,0,1.0000
100844,15.3820,27.1832,40.6408,-9999.0000,-9999.0000,-9999.0000,17.3300,23.4351,79.6279,-9999.0000,85.3931,-9999.0000,12.0988,-9999.0000,-9999.0000,0,0,1.0000
100845,14.7664,27.3823,41.2803,-9999.0000,-9999.0000,-9999.0000,17.3341,32.3035,79.7339,-9999.0000,85.3570,-9999.0000,11.6033,-9999.0000,-9999.0000,0,0,1.0000
100846,14.6682,23.7724,43.8010,-9999.0000,-9999.0000,-9999.0000,17.3424,19.4791,79.8570,-9999.0000,85.3269,-9999.0000,11.2966,-9999.0000,-9999.0000,0,0,1.0000
100847,13.4426,25.7338,41.7484,-9999.0000,-9999.0000,-9999.0000,17.3421,23.5170,79.9804,-9999.0000,85.2970,-9999.0000,9.5609,-9999.0000,-9999.0000,0,0,1.0000
100848,13.7304,23.7549,44.5778,-9999.0000,-9999.0000,-9999.0000,17.3439,22.3569,80.0960,-9999.0000,85.2645,-9999.0000,10.3835,-9999.0000,-9999.0000,0,0,1.0000
100849,14.5373,26.0103,41.7744,-9999.0000,-9999.0000,-9999.0000,17.3479,16.5638,80.2042,-9999.0000,85.2385,-9999.0000,11.4857,-9999.0000,-9999.0000,0,0,1.0000
100850,12.9872,25.7343,39.7352,-9999.0000,-9999.0000,-9999.0000,17.3447,17.6485,80.3153,-9999.0000,85.2210,-9999.0000,14.4138,-9999.0000,-9999.0000,0,0,1.0000
100851,14.0258,25.8488,40.5665,-9999.0000,-9999.0000,-9999.0000,17.3436,17.6287,80.4290,-9999.0000,85.2080,-9999.0000,11.6278,-9999.0000,-9999.0000,0,0,1.0000
100852,13.5850,25.5201,40.9360,-9999.0000,-9999.0000,-9999.0000,17.3380,23.3762,80.5384,-9999.0000,85.1930,-9999.0000,10.8428,-9999.0000,-9999.0000,0,0,1.0000
100853,15.4011,25.7502,41.4492,-9999.0000,-9999.0000,-9999.0000,17.3452,20.2150,80.6446,-9999.0000,85.1968,-9999.0000,11.0491,-9999.0000,-9999.0000,0,0,1.0000
100854,12.9190,24.0144,43.2691,-9999.0000,-9999.0000,-9999.0000,17.3375,20.3942,80.7430,-9999.0000,85.1903,-9999.0000,12.9796,-9999.0000,-9999.0000,0,0,1.0000
100855,13.2866,23.3993,40.6253,-9999.0000,-9999.0000,-9999.0000,17.3374,25.9425,80.8326,-9999.0000,85.1938,-9999.0000,14.4590,-9999.0000,-9999.0000,0,0,1.0000
100856,14.1886,23.8646,39.5613,-9999.0000,-9999.0000,-9999.0000,17.3501,17.8638,80.9237,-9999.0000,85.1965,-9999.0000,12.5673,-9999.0000,-9999.0000,0,0,1.0000
100857,16.6633,26.2494,40.4710,-9999.0000,-9999.0000,-9999.0000,17.3441,23.7779,80.9986,-9999.0000,85.2066,-9999.0000,11.6919,-9999.0000,-9999.0000,0,0,1.0000
100858,13.3156,23.5713,38.9608,-9999.0000,-9999.0000,-9999.0000,17.3453,23.7483,81.0780,-9999.0000,85.2348,-9999.0000,11.9172,-9999.0000,-9999.0000,0,0,1.0000
100859,12.8308,22.0518,40.4952,-9999.0000,-9999.0000,-9999.0000,17.3463,21.0139,81.1434,-9999.0000,85.2540,-9999.0000,11.8715,-9999.0000,-9999.0000,0,0,1.0000
100860,14.6378,24.2528,37.5186,-9999.0000,-9999.0000,-9999.0000,17.3541,24.4478,81.1958,-9999.0000,85.2770,-9999.0000,11.7995,-9999.0000,-9999.0000,0,0,1.0000
100861,12.6655,22.9210,37.1944,-9999.0000,-9999.0000,-9999.0000,17.3666,21.9767,81.2452,-9999.0000,85.2991,-9999.0000,9.9677,-9999.0000,-9999.0000,0,0,1.0000
100862,13.6627,22.4944,41.5503,-9999.0000,-9999.0000,-9999.0000,17.3625,15.6127,81.2801,-9999.0000,85.3145,-9999.0000,7.0145,-9999.0000,-9999.0000,0,0,1.0000
100863,14.4092,23.7252,41.3577,-9999.0000,-9999.0000,-9999.0000,17.3710,22.3133,81.3121,-9999.0000,85.3329,-9999.0000,10.0696,-9999.0000,-9999.0000,0,0,1.0000
100864,14.4343,23.8621,41.4176,-9999.0000,-9999.0000,-9999.0000,17.3684,21.2390,81.3291,-9999.0000,85.3401,-9999.0000,13.6224,-9999.0000,-9999.0000,0,0,1.0000
100865,12.5033,22.8107,41.0283,-9999.0000,-9999.0000,-9999.0000,17.3679,19.0293,81.3442,-9999.0000,85.3455,-9999.0000,11.3382,-9999.0000,-9999.0000,0,0,1.0000
100866,14.4886,23.5207,-9999.0000,-9999.0000,-9999.0000,-9999.0000,17.3612,17.5142,81.3511,-9999.0000,85.3450,-9999.0000,8.6470,-9999.0000,-9999.0000,0,0,1.0000
100867,16.8288,22.1515,-9999.0000,-9999.0000,-9999.0000,-9999.0000,17.3596,17.3092,81.3518,-9999.0000,85.3464,-9999.0000,7.9463,-9999.0000,-9999.0000,0,0,1.0000
100868,15.6133,-9999.0000,-9999.0000,-9999.0000,-9999.0000,-9999.0000,17.3596,20.8940,81.3464,-9999.0000,85.3490,-9999.0000,8.9741,-9999.0000,-9999.0000,0,0,1.0000
100869,-9999.0000,-9999.0000,-9999.0000,-9999.0000,-9999.0000,-9999.0000,17.3573,14.2807,81.3239,-9999.0000,85.3496,-9999.0000,10.5000,-9999.0000,-9999.0000,0,0,1.0000
100870,-9999.0000,-9999.0000,-9999.0000,-9999.0000,-9999.0000,-9999.0000,17.3721,-9999.0000,81.2738,-9999.0000,85.3509,-9999.0000,-9999.0000,-9999.0000,-9999.0000,0,0,1.0000
100871,-9999.0000,-9999.0000,-9999.0000,-9999.0000,-9999.0000,-9999.0000,17.3805,-9999.0000,81.1849,-9999.0000,85.3423,-9999.0000,-9999.0000,-9999.0000,-9999.0000,0,0,1.0000
100872,-9999.0000,-9999.0000,-9999.0000,-9999.0000,-9999.0000,-9999.0000,17.3876,-9999.0000,81.0826,-9999.0000,85.3355,-9999.0000,-9999.0000,-9999.0000,-9999.0000,0,0,1.0000
100873,-9999.0000,-9999.0000,-9999.0000,-9999.0000,-9999.0000,-9999.0000,17.3895,-9999.0000,80.9773,-9999.0000,85.3242,-9999.0000,-9999.0000,-9999.0000,-9999.0000,0,0,1.0000
100874,-9999.0000,-9999.0000,-9999.0000,-9999.0000,-9999.0000,-9999.0000,17.3926,-9999.0000,80.8643,-9999.0000,85.3103,-9999.0000,-9999.0000,-9999.0000,-9999.0000,0,0,1.0000
