Data/Raw/WAGNER,NICK/firexaq-AOP-optical_DC8_20190815_R1.ict
51, 1001
Wagner, Nicholas L.
NOAA Earth System Research Laboratory
NOAA AOP instrument
FIREX-AQ
1, 1
2019, 08, 15, 2020, 04, 27
1
Time_start, seconds_past_midnight, seconds from midnight
18
1, 1, 1, 1, 1, 1, 1, 1, 1, 1, 1, 1, 1, 1, 1, 1, 1, 1
-9999, -9999, -9999, -9999, -9999, -9999, -9999, -9999, -9999, -9999, -9999, -9999, -9999, -9999, -9999, -9999, -9999, -9999
ext_dry_664, Mm-1, AerOpt_Extinction_InSitu_RHd_red_Total_PM2.5_STP
ext_dry_532, Mm-1, AerOpt_Extinction_InSitu_RHd_green_Total_PM2.5_STP
ext_dry_405, Mm-1, AerOpt_Extinction_InSitu_RHd_blue_Total_PM2.5_STP
abs_dry_664, Mm-1, AerOpt_Absorption_InSitu_RHd_red_Total_PM2.5_STP
abs_dry_532, Mm-1, AerOpt_Absorption_InSitu_RHd_green_Total_PM2.5_STP
abs_dry_405, Mm-1, AerOpt_Absorption_InSitu_RHd_blue_Total_PM2.5_STP
AOP_RH_dry, pct, Relative_humidity_of_dry_RH_channels
ext_medRH_664, Mm-1, AerOpt_Extinction_InSitu_RH80_red_Total_PM2.5_STP
AOP_RH_med, pct, Relative_humidity_of_medium_RH_channel
ext_highRH_664, Mm-1, AerOpt_Extinction_InSitu_RH85_red_Total_PM2.5_STP
AOP_RH_high, pct, Relative_humidity_of_high_RH_channel
ext_TD_664, Mm-1, AerOpt_ExtinctionTD_InSitu_RHd_blue_Total_PM2.5_STP
ext_TD_405, Mm-1, AerOpt_ExtinctionTD_InSitu_RHd_red_Total_PM2.5_STP
abs_TD_664, Mm-1, AerOpt_Absorption_InSitu_RHd_red_Total_PM2.5_STP
abs_TD_405, Mm-1, AerOpt_Absorption_InSitu_RHd_blue_Total_PM2.5_STP
AOP_TD_bypass_flag, pct, Flag_for_TD_Bypass_valve
AOP_filter_flag, pct, Flag_for_Filter_Valve
AOP_Dilution_ratio, pct, Applied_Dilution_Ratio_for_ext_channels
1
N/A
18
PI_CONTACT_INFO: Address: NOAA ESRL Chemical Sciences Division, R/CSD2, 325 Broadway, Boulder, CO 80305. Email: nick.wagner@noaa.gov.
PLATFORM: NASA DC8
LOCATION: See the DC8 MetNav file, Based in Boise (BOI) and Salina, KS
ASSOCIATED_DATA: N/A
[...]
DATA_INFO: Mm-1:
UNCERTAINTY: The precision of the extinction measurements varies with aerosol loading and is +/-20% at 10 Mm-1 and +/-5% at 100 Mm-1. The accuracy of the dry measurement is +/-2% and depends on RH for the humidified measurements, +/-5% at 85% RH and +/-15% at 90% RH. For more details, see Langridge et al., Aerosol Science and Technology 45:1305-1318, 2011. Analysis of comparable measurements suggest incomplete mixing in the dilution system. Effective dilution for individual instruments can vary by +/- 30% compared to the reported flow-based dilution estimate. The absorption measurements have a high signal accuracy of 20%. The low signal precision varies with altitude and flight to flight, and is typically less than 10 Mm-1 for 1 second measurements.
ULOD_FLAG: -7777
ULOD_VALUE: N/A
LLOD_FLAG: -8888
LLOD_VALUE: N/A
DM_CONTACT_INFO: Gao Chen
PROJECT_INFO: FIREX-AQ
STIPULATIONS_ON_USE: NASA Data Policy. Contact with PI is encouraged.
OTHER_COMMENTS: N/A
REVISION: R1
R1: Absorption measurements have been corrected for pressure dependent microphone sensitivity. In-cloud data has been removed. R0: Final Data. 
Time_start, ext_dry_664, ext_dry_532, ext_dry_405, abs_dry_664, abs_dry_532, abs_dry_405, AOP_RH_dry, ext_medRH_664, AOP_RH_med, ext_highRH_664, AOP_RH_high, ext_TD_664, ext_TD_405, abs_TD_664, abs_TD_405, AOP_TD_bypass_flag, AOP_filter_flag, AOP_Dilution_ratio
[from data line 3860]
86880,1.0739,0.2481,0.1865,-9999.0000,-9999.0000,-0.3823,5.7815,0.1498,82.8795,0.7201,86.8526,-9999.0000,-9999.0000,-9999.0000,-9999.0000,0,0,1.0000
86881,3.9230,0.2413,0.7334,-9999.0000,-9999.0000,-0.0695,5.7775,0.1298,82.8797,1.9679,86.8566,-9999.0000,-9999.0000,-9999.0000,-9999.0000,0,0,1.0000
86882,0.0914,0.2647,0.0549,-9999.0000,-9999.0000,0.2548,5.7800,0.7293,82.8840,0.6547,86.8651,-9999.0000,-9999.0000,-9999.0000,-9999.0000,0,0,1.0000
86883,0.0892,3.3718,0.1162,-9999.0000,-9999.0000,1.1219,5.7746,0.9406,82.8886,0.2903,86.8712,-9999.0000,-9999.0000,-9999.0000,-9999.0000,0,0,1.0000
86884,0.1837,0.5484,0.1793,-9999.0000,-9999.0000,0.4836,5.7752,0.4498,82.8778,0.6943,86.8762,-9999.0000,-9999.0000,-9999.0000,-9999.0000,0,0,1.0000
86885,0.1774,0.8422,0.6781,-9999.0000,-9999.0000,-0.3290,5.7763,0.5230,82.8711,1.4955,86.8890,-9999.0000,-9999.0000,-9999.0000,-9999.0000,0,0,1.0000
86886,0.1909,0.8378,0.1602,-9999.0000,-9999.0000,0.5001,5.7702,4.6804,82.8494,-0.0722,86.9039,-9999.0000,-9999.0000,-9999.0000,-9999.0000,0,0,1.0000
86887,0.1492,0.5048,0.8117,-9999.0000,-9999.0000,-0.5112,5.7684,0.3940,82.8278,0.1926,86.9212,-9999.0000,-9999.0000,-9999.0000,-9999.0000,0,0,1.0000
86888,0.2494,0.0447,0.2456,-9999.0000,-9999.0000,1.1038,5.7679,0.1082,82.7865,0.1451,86.9419,-9999.0000,-9999.0000,-9999.0000,-9999.0000,0,0,1.0000
86889,0.1154,0.1057,0.8395,-9999.0000,-9999.0000,-0.3228,5.7640,0.1161,82.7386,0.5187,86.9646,-9999.0000,-9999.0000,-9999.0000,-9999.0000,0,0,1.0000
86890,0.1754,4.7991,1.5987,-9999.0000,-9999.0000,-0.5067,5.7594,0.6421,82.6875,0.3163,86.9750,-9999.0000,-9999.0000,-9999.0000,-9999.0000,0,0,1.0000
86891,0.0830,0.6795,0.7827,-9999.0000,-9999.0000,-0.3579,5.7607,0.1829,82.6278,0.6047,86.9791,-9999.0000,-9999.0000,-9999.0000,-9999.0000,0,0,1.0000
86892,-0.1243,-0.0108,0.8674,-9999.0000,-9999.0000,0.4936,5.7634,2.7520,82.5702,0.4389,86.9805,-9999.0000,-9999.0000,-9999.0000,-9999.0000,0,0,1.0000
86893,-0.0080,0.4142,1.3889,-9999.0000,-9999.0000,-0.3386,5.7599,1.5013,82.4958,1.0316,86.9873,-9999.0000,-9999.0000,-9999.0000,-9999.0000,0,0,1.0000
86894,0.1310,0.1910,1.6350,-9999.0000,-9999.0000,0.7450,5.7653,0.7758,82.4333,1.0612,87.0015,-9999.0000,-9999.0000,-9999.0000,-9999.0000,0,0,1.0000
86895,0.0332,0.1919,0.7575,-9999.0000,-9999.0000,0.2747,5.7648,0.4914,82.3605,0.6884,87.0082,-9999.0000,-9999.0000,-9999.0000,-9999.0000,0,0,1.0000
86896,0.1895,0.2697,0.2692,-9999.0000,-9999.0000,0.6550,5.7645,0.6724,82.2893,0.8419,87.0185,-9999.0000,-9999.0000,-9999.0000,-9999.0000,0,0,1.0000
86897,2.9923,0.1210,0.2695,-9999.0000,-9999.0000,0.1077,5.7649,1.3685,82.2135,1.9745,87.0181,-9999.0000,-9999.0000,-9999.0000,-9999.0000,0,0,1.0000
86898,0.0998,0.3678,0.3218,-9999.0000,-9999.0000,0.6072,5.7763,3.6770,82.1487,0.2445,87.0146,-9999.0000,-9999.0000,-9999.0000,-9999.0000,0,0,1.0000
86899,-0.0068,0.6982,0.8465,-9999.0000,-9999.0000,-0.9145,5.7722,3.8502,82.0913,0.2726,87.0112,-9999.0000,-9999.0000,-9999.0000,-9999.0000,0,0,1.0000
86900,0.2489,0.4339,0.3594,-9999.0000,-9999.0000,-0.1740,5.7639,0.9536,82.0272,0.3335,87.0134,-9999.0000,-9999.0000,-9999.0000,-9999.0000,0,0,1.0000
86901,0.2564,0.2862,0.2140,-9999.0000,-9999.0000,0.8476,5.7662,2.6343,81.9484,0.9581,87.0091,-9999.0000,-9999.0000,-9999.0000,-9999.0000,0,0,1.0000
86902,-0.0025,0.2920,0.2641,-9999.0000,-9999.0000,-0.1221,5.7687,0.2829,81.8696,0.6836,87.0003,-9999.0000,-9999.0000,-9999.0000,-9999.0000,0,0,1.0000
86903,0.2198,0.2335,0.4531,-9999.0000,-9999.0000,-0.1270,5.7673,-0.0122,81.7805,0.4761,86.9903,-9999.0000,-9999.0000,-9999.0000,-9999.0000,0,0,1.0000
86904,0.2308,0.3523,0.8026,-9999.0000,-9999.0000,0.8052,5.7641,-0.0650,81.7064,0.7393,86.9807,-9999.0000,-9999.0000,-9999.0000,-9999.0000,0,0,1.0000
86905,0.2785,0.1521,0.6649,-9999.0000,-9999.0000,0.0486,5.7642,3.0952,81.6364,0.2285,86.9721,-9999.0000,-9999.0000,-9999.0000,-9999.0000,0,0,1.0000
86906,0.1874,0.6719,1.1152,-9999.0000,-9999.0000,-0.1297,5.7644,2.1978,81.5609,0.2842,86.9651,-9999.0000,-9999.0000,-9999.0000,-9999.0000,0,0,1.0000
86907,0.1875,0.5604,0.2900,-9999.0000,-9999.0000,-0.2667,5.7617,1.7045,81.4886,0.1980,86.9540,-9999.0000,-9999.0000,-9999.0000,-9999.0000,0,0,1.0000
86908,-0.0429,0.2629,0.2313,-9999.0000,-9999.0000,0.1811,5.7537,0.4814,81.4320,0.0469,86.9443,-9999.0000,-9999.0000,-9999.0000,-9999.0000,0,0,1.0000
86909,1.5269,0.5096,0.6495,-9999.0000,-9999.0000,-1.4784,5.7483,0.4109,81.3809,0.2906,86.9417,-9999.0000,-9999.0000,-9999.0000,-9999.0000,0,0,1.0000
86910,0.5741,0.7613,0.7093,-9999.0000,-9999.0000,0.3546,5.7449,0.5604,81.3310,1.7797,86.9478,-9999.0000,-9999.0000,-9999.0000,-9999.0000,0,0,1.0000
86911,1.0450,0.3300,0.2122,-9999.0000,-9999.0000,0.2401,5.7342,0.2480,81.2745,0.7283,86.9471,-9999.0000,-9999.0000,-9999.0000,-9999.0000,0,0,1.0000
86912,0.5379,0.2576,0.5453,-9999.0000,-9999.0000,-0.2389,5.7343,0.4928,81.2264,0.8826,86.9456,-9999.0000,-9999.0000,-9999.0000,-9999.0000,0,0,1.0000
86913,0.2482,0.3223,0.2959,-9999.0000,-9999.0000,0.4336,5.7272,0.2148,81.1883,0.8328,86.9444,-9999.0000,-9999.0000,-9999.0000,-9999.0000,0,0,1.0000
86914,0.1261,0.7002,0.2765,-9999.0000,-9999.0000,-0.5899,5.7217,0.2483,81.1671,2.9813,86.9524,-9999.0000,-9999.0000,-9999.0000,-9999.0000,0,0,1.0000
86915,0.0697,0.4399,0.7548,-9999.0000,-9999.0000,1.2085,5.7264,0.2424,81.1612,1.0284,86.9726,-9999.0000,-9999.0000,-9999.0000,-9999.0000,0,0,1.0000
86916,0.7213,0.7350,0.4036,-9999.0000,-9999.0000,0.6132,5.7301,2.1721,81.1525,1.0416,86.9934,-9999.0000,-9999.0000,-9999.0000,-9999.0000,0,0,1.0000
86917,0.2692,0.2783,0.7463,-9999.0000,-9999.0000,1.1811,5.7302,2.8145,81.1490,0.3283,87.0201,-9999.0000,-9999.0000,-9999.0000,-9999.0000,0,0,1.0000
86918,0.4215,0.0913,0.2479,-9999.0000,-9999.0000,0.8845,5.7262,0.5139,81.1444,0.0755,87.0426,-9999.0000,-9999.0000,-9999.0000,-9999.0000,0,0,1.0000
86919,0.3771,0.3671,0.3510,-9999.0000,-9999.0000,0.4511,5.7259,5.0317,81.1362,0.9218,87.0616,-9999.0000,-9999.0000,-9999.0000,-9999.0000,0,0,1.0000
86920,0.2979,0.3459,0.1780,-9999.0000,-9999.0000,-0.9684,5.7265,1.8243,81.1354,0.9968,87.0772,-9999.0000,-9999.0000,-9999.0000,-9999.0000,0,0,1.0000
86921,-0.0090,0.4264,0.2303,-9999.0000,-9999.0000,0.0004,5.7222,1.1294,81.1365,2.2131,87.0865,-9999.0000,-9999.0000,-9999.0000,-9999.0000,0,0,1.0000
86922,0.2484,0.8189,1.1982,-9999.0000,-9999.0000,-0.9994,5.7222,1.4697,81.1482,0.7146,87.0996,-9999.0000,-9999.0000,-9999.0000,-9999.0000,0,0,1.0000
86923,0.7474,0.3543,1.1473,-9999.0000,-9999.0000,0.7281,5.7210,1.7495,81.1640,0.0189,87.1108,-9999.0000,-9999.0000,-9999.0000,-9999.0000,0,0,1.0000
86924,0.0957,0.3868,0.5000,-9999.0000,-9999.0000,0.2631,5.7196,0.3803,81.1985,0.1172,87.1127,-9999.0000,-9999.0000,-9999.0000,-9999.0000,0,0,1.0000
86925,0.3674,0.6769,0.3704,-9999.0000,-9999.0000,0.1311,5.7219,0.3478,81.2392,0.9213,87.1162,-9999.0000,-9999.0000,-9999.0000,-9999.0000,0,0,1.0000
86926,0.0391,0.4270,0.6809,-9999.0000,-9999.0000,-0.1147,5.7179,0.3654,81.2831,1.4986,87.1160,-9999.0000,-9999.0000,-9999.0000,-9999.0000,0,0,1.0000
86927,0.1303,0.8283,0.5223,-9999.0000,-9999.0000,0.1906,5.7175,0.4048,81.3233,2.2751,87.1145,-9999.0000,-9999.0000,-9999.0000,-9999.0000,0,0,1.0000
86928,0.1301,0.4447,0.6481,-9999.0000,-9999.0000,0.8240,5.7153,0.0969,81.3758,0.0091,87.1103,-9999.0000,-9999.0000,-9999.0000,-9999.0000,0,0,1.0000
86929,0.1271,0.3381,0.4528,-9999.0000,-9999.0000,-0.3023,5.7100,0.3485,81.4360,0.3279,87.1117,-9999.0000,-9999.0000,-9999.0000,-9999.0000,0,0,1.0000
86930,0.2304,1.0713,0.7064,-9999.0000,-9999.0000,-0.6800,5.7076,0.2542,81.5050,0.6715,87.1108,-9999.0000,-9999.0000,-9999.0000,-9999.0000,0,0,1.0000
86931,0.5359,0.6285,1.7188,-9999.0000,-9999.0000,-0.2445,5.7057,0.5145,81.5677,0.4596,87.1095,-9999.0000,-9999.0000,-9999.0000,-9999.0000,0,0,1.0000
86932,0.2964,0.7205,0.5773,-9999.0000,-9999.0000,-0.2724,5.7018,0.0880,81.6425,0.6338,87.1077,-9999.0000,-9999.0000,-9999.0000,-9999.0000,0,0,1.0000
86933,-0.0020,0.3922,0.9945,-9999.0000,-9999.0000,0.6951,5.6982,0.4066,81.6978,0.9324,87.1013,-9999.0000,-9999.0000,-9999.0000,-9999.0000,0,0,1.0000
86934,-0.1132,0.2898,0.3143,-9999.0000,-9999.0000,-0.5728,5.6974,0.7307,81.7441,3.7646,87.0927,-9999.0000,-9999.0000,-9999.0000,-9999.0000,0,0,1.0000
86935,0.0275,0.1720,0.8022,-9999.0000,-9999.0000,1.1584,5.6978,0.4075,81.7924,1.0753,87.0768,-9999.0000,-9999.0000,-9999.0000,-9999.0000,0,0,1.0000
86936,0.1796,0.7953,0.4657,-9999.0000,-9999.0000,1.0192,5.6975,0.3704,81.8424,0.2457,87.0608,-9999.0000,-9999.0000,-9999.0000,-9999.0000,0,0,1.0000
86937,0.1811,0.8967,0.5054,-9999.0000,-9999.0000,1.4641,5.6996,0.5366,81.8971,0.5966,87.0474,-9999.0000,-9999.0000,-9999.0000,-9999.0000,0,0,1.0000
86938,0.2584,0.2651,0.6652,-9999.0000,-9999.0000,-0.4687,5.6946,0.3776,81.9567,1.1976,87.0360,-9999.0000,-9999.0000,-9999.0000,-9999.0000,0,0,1.0000
86939,0.1252,0.1255,0.4883,-9999.0000,-9999.0000,-0.3998,5.6864,0.3346,82.0045,0.4435,87.0283,-9999.0000,-9999.0000,-9999.0000,-9999.0000,0,0,1.0000
86940,1.1079,2.5401,0.5864,-9999.0000,-9999.0000,0.7494,5.6847,0.3924,82.0498,0.7399,87.0282,-9999.0000,-9999.0000,-9999.0000,-9999.0000,0,0,1.0000
86941,0.0881,0.3288,0.2430,-9999.0000,-9999.0000,0.6230,5.6724,0.3200,82.0762,0.5983,87.0277,-9999.0000,-9999.0000,-9999.0000,-9999.0000,0,0,1.0000
86942,0.1572,0.1624,0.6008,-9999.0000,-9999.0000,0.6291,5.6693,0.5829,82.1122,2.4871,87.0327,-9999.0000,-9999.0000,-9999.0000,-9999.0000,0,0,1.0000
86943,0.9238,0.1778,0.3926,-9999.0000,-9999.0000,0.9124,5.6684,0.6006,82.1457,0.4544,87.0383,-9999.0000,-9999.0000,-9999.0000,-9999.0000,0,0,1.0000
86944,0.2886,0.2229,3.3738,-9999.0000,-9999.0000,-0.0422,5.6645,0.3973,82.1760,1.3667,87.0518,-9999.0000,-9999.0000,-9999.0000,-9999.0000,0,0,1.0000
86945,0.1518,1.0250,0.4124,-9999.0000,-9999.0000,-0.2454,5.6598,1.0472,82.1961,1.7442,87.0672,-9999.0000,-9999.0000,-9999.0000,-9999.0000,0,0,1.0000
86946,0.0818,0.1432,0.5672,-9999.0000,-9999.0000,0.2453,5.6561,0.0452,82.2069,4.4553,87.0891,-9999.0000,-9999.0000,-9999.0000,-9999.0000,0,0,1.0000
86947,0.3964,1.0065,0.3012,-9999.0000,-9999.0000,0.3179,5.6526,0.4424,82.2206,0.3421,87.1202,-9999.0000,-9999.0000,-9999.0000,-9999.0000,0,0,1.0000
86948,0.9693,0.2910,0.8656,-9999.0000,-9999.0000,-1.0769,5.6503,0.5021,82.2247,1.4535,87.1484,-9999.0000,-9999.0000,-9999.0000,-9999.0000,0,0,1.0000
86949,0.1936,0.1901,0.4446,-9999.0000,-9999.0000,0.3425,5.6431,0.6251,82.2369,1.9978,87.1763,-9999.0000,-9999.0000,-9999.0000,-9999.0000,0,0,1.0000
86950,0.1953,0.1490,0.2590,-9999.0000,-9999.0000,0.1228,5.6391,0.3715,82.2447,0.2648,87.2000,-9999.0000,-9999.0000,-9999.0000,-9999.0000,0,0,1.0000
86951,-0.0410,0.1922,0.3752,-9999.0000,-9999.0000,0.2626,5.6362,0.9386,82.2449,0.2873,87.2209,-9999.0000,-9999.0000,-9999.0000,-9999.0000,0,0,1.0000
86952,0.2254,0.4046,0.1727,-9999.0000,-9999.0000,0.4643,5.6346,0.2974,82.2440,0.8117,87.2537,-9999.0000,-9999.0000,-9999.0000,-9999.0000,0,0,1.0000
86953,0.2583,0.1644,0.9644,-9999.0000,-9999.0000,0.0765,5.6308,0.6343,82.2401,1.0744,87.2668,-9999.0000,-9999.0000,-9999.0000,-9999.0000,0,0,1.0000
86954,0.2427,0.5536,0.3331,-9999.0000,-9999.0000,0.4078,5.6232,0.1825,82.2262,1.1323,87.2810,-9999.0000,-9999.0000,-9999.0000,-9999.0000,0,0,1.0000
86955,0.4778,0.4469,0.2300,-9999.0000,-9999.0000,-0.3618,5.6094,0.1149,82.2119,0.4221,87.2991,-9999.0000,-9999.0000,-9999.0000,-9999.0000,0,0,1.0000
86956,0.1549,0.1919,0.2088,-9999.0000,-9999.0000,0.1672,5.6049,0.4125,82.1874,0.5803,87.3058,-9999.0000,-9999.0000,-9999.0000,-9999.0000,0,0,1.0000
86957,0.1191,-0.0162,0.4471,-9999.0000,-9999.0000,0.6599,5.6054,0.7564,82.1459,0.3744,87.3118,-9999.0000,-9999.0000,-9999.0000,-9999.0000,0,0,1.0000
86958,0.2606,0.1676,0.4362,-9999.0000,-9999.0000,-0.3213,5.6044,0.1716,82.1117,0.7528,87.3155,-9999.0000,-9999.0000,-9999.0000,-9999.0000,0,0,1.0000
86959,0.1062,0.1054,0.9896,-9999.0000,-9999.0000,0.2874,5.6067,0.2971,82.0688,0.9164,87.3150,-9999.0000,-9999.0000,-9999.0000,-9999.0000,0,0,1.0000
86960,0.1183,0.3728,0.9114,-9999.0000,-9999.0000,-0.3385,5.6060,0.8988,82.0192,0.3816,87.3133,-9999.0000,-9999.0000,-9999.0000,-9999.0000,0,0,1.0000
86961,0.4256,0.1344,0.1148,-9999.0000,-9999.0000,-0.9247,5.6019,0.8288,81.9357,0.2727,87.3164,-9999.0000,-9999.0000,-9999.0000,-9999.0000,0,0,1.0000
86962,0.7643,0.1491,0.8025,-9999.0000,-9999.0000,-0.5839,5.5990,0.4321,81.8568,1.0351,87.3135,-9999.0000,-9999.0000,-9999.0000,-9999.0000,0,0,1.0000
86963,0.1883,0.3857,0.4351,-9999.0000,-9999.0000,0.2954,5.5987,0.0988,81.7911,0.7646,87.3006,-9999.0000,-9999.0000,-9999.0000,-9999.0000,0,0,1.0000
86964,0.4244,0.1527,1.4451,-9999.0000,-9999.0000,0.6281,5.6020,0.6321,81.7438,0.5904,87.2857,-9999.0000,-9999.0000,-9999.0000,-9999.0000,0,0,1.0000
86965,-0.0366,0.2222,0.4685,-9999.0000,-9999.0000,-0.0815,5.6079,2.2806,81.6918,0.4630,87.2748,-9999.0000,-9999.0000,-9999.0000,-9999.0000,0,0,1.0000
86966,0.2458,0.0313,0.4464,-9999.0000,-9999.0000,0.1557,5.6113,0.7422,81.6361,0.2644,87.2587,-9999.0000,-9999.0000,-9999.0000,-9999.0000,0,0,1.0000
86967,0.1259,0.1491,1.3702,-9999.0000,-9999.0000,-0.7130,5.6104,2.3720,81.5828,0.5220,87.2591,-9999.0000,-9999.0000,-9999.0000,-9999.0000,0,0,1.0000
86968,0.6165,3.3563,0.5831,-9999.0000,-9999.0000,0.8255,5.6028,1.4694,81.5174,0.7152,87.2535,-9999.0000,-9999.0000,-9999.0000,-9999.0000,0,0,1.0000
86969,0.3795,0.7658,0.5275,-9999.0000,-9999.0000,0.4522,5.5975,0.4954,81.4587,3.0626,87.2455,-9999.0000,-9999.0000,-9999.0000,-9999.0000,0,0,1.0000
86970,0.3022,0.5948,0.2898,-9999.0000,-9999.0000,0.2127,5.5949,1.5752,81.4053,1.1155,87.2303,-9999.0000,-9999.0000,-9999.0000,-9999.0000,0,0,1.0000
86971,0.3838,0.3334,1.2817,-9999.0000,-9999.0000,-0.2482,5.5832,0.7144,81.3710,1.0723,87.2299,-9999.0000,-9999.0000,-9999.0000,-9999.0000,0,0,1.0000
86972,0.1505,0.1344,1.6580,-9999.0000,-9999.0000,-0.8482,5.5781,2.1723,81.3389,2.9109,87.2230,-9999.0000,-9999.0000,-9999.0000,-9999.0000,0,0,1.0000
86973,0.0053,0.0931,0.8210,-9999.0000,-9999.0000,-0.9257,5.5748,0.7942,81.3091,2.4502,87.2178,-9999.0000,-9999.0000,-9999.0000,-9999.0000,0,0,1.0000
86974,0.0365,0.0241,0.7235,-9999.0000,-9999.0000,0.8412,5.5629,3.2041,81.2868,0.3358,87.2183,-9999.0000,-9999.0000,-9999.0000,-9999.0000,0,0,1.0000
86975,2.7143,0.3636,1.4061,-9999.0000,-9999.0000,-0.2647,5.5582,2.6974,81.2670,0.3285,87.2177,-9999.0000,-9999.0000,-9999.0000,-9999.0000,0,0,1.0000
86976,0.2765,0.4972,0.7369,-9999.0000,-9999.0000,0.3495,5.5531,0.7167,81.2525,0.0760,87.2146,-9999.0000,-9999.0000,-9999.0000,-9999.0000,0,0,1.0000
86977,0.3915,0.3822,0.3563,-9999.0000,-9999.0000,-0.7014,5.5457,0.5362,81.2469,0.3997,87.2106,-9999.0000,-9999.0000,-9999.0000,-9999.0000,0,0,1.0000
86978,0.2357,0.5934,0.3522,-9999.0000,-9999.0000,0.3681,5.5430,0.4066,81.2431,0.4780,87.2149,-9999.0000,-9999.0000,-9999.0000,-9999.0000,0,0,1.0000
86979,0.1360,0.3871,0.3871,-9999.0000,-9999.0000,1.1372,5.5373,0.8734,81.2429,0.3129,87.2177,-9999.0000,-9999.0000,-9999.0000,-9999.0000,0,0,1.0000
86980,0.2467,0.1984,0.8765,-9999.0000,-9999.0000,0.5963,5.5256,0.6520,81.2420,1.4504,87.2128,-9999.0000,-9999.0000,-9999.0000,-9999.0000,0,0,1.0000
86981,-0.1403,0.2934,1.4601,-9999.0000,-9999.0000,-0.3502,5.5200,0.9797,81.2579,1.3721,87.2133,-9999.0000,-9999.0000,-9999.0000,-9999.0000,0,0,1.0000
86982,0.3174,-0.0057,0.0765,-9999.0000,-9999.0000,0.1172,5.5115,0.5365,81.2851,0.3852,87.2115,-9999.0000,-9999.0000,-9999.0000,-9999.0000,0,0,1.0000
86983,0.3327,0.2790,0.5618,-9999.0000,-9999.0000,-1.4212,5.5053,0.6233,81.3338,0.0585,87.2113,-9999.0000,-9999.0000,-9999.0000,-9999.0000,0,0,1.0000
86984,1.7198,0.3861,0.7040,-9999.0000,-9999.0000,-0.1538,5.4955,1.6237,81.3816,0.3643,87.2060,-9999.0000,-9999.0000,-9999.0000,-9999.0000,0,0,1.0000
86985,0.3155,0.8345,-0.0611,-9999.0000,-9999.0000,-0.4493,5.4689,0.9284,81.4417,0.3446,87.1981,-9999.0000,-9999.0000,-9999.0000,-9999.0000,0,0,1.0000
86986,0.1142,0.8254,0.1521,-9999.0000,-9999.0000,-0.1394,5.4679,0.3516,81.5126,0.5582,87.1838,-9999.0000,-9999.0000,-9999.0000,-9999.0000,0,0,1.0000
