Data/Raw/WAGNER,NICK/firexaq-AOP-optical_DC8_20190717_R1_L1.ict
51, 1001
Wagner, Nicholas L.
NOAA Earth System Research Laboratory
NOAA AOP instrument
FIREX-AQ
1, 1
2019, 07, 17, 2020, 04, 27
1
Time_start, seconds_past_midnight, seconds from midnight
18
1, 1, 1, 1, 1, 1, 1, 1, 1, 1, 1, 1, 1, 1, 1, 1, 1, 1
-9999, -9999, -9999, -9999, -9999, -9999, -9999, -9999, -9999, -9999, -9999, -9999, -9999, -9999, -9999, -9999, -9999, -9999
ext_dry_664, Mm-1, AerOpt_Extinction_InSitu_RHd_red_Total_PM2.5_STP
ext_dry_532, Mm-1, AerOpt_Extinction_InSitu_RHd_green_Total_PM2.5_STP
ext_dry_405, Mm-1, AerOpt_Extinction_InSitu_RHd_blue_Total_PM2.5_STP
abs_dry_664, Mm-1, AerOpt_Absorption_InSitu_RHd_red_Total_PM2.5_STP
abs_dry_532, Mm-1, AerOpt_Absorption_InSitu_RHd_green_Total_PM2.5_STP
abs_dry_405, Mm-1, AerOpt_Absorption_InSitu_RHd_blue_Total_PM2.5_STP
AOP_RH_dry, pct, Relative_humidity_of_dry_RH_channels
ext_medRH_664, Mm-1, AerOpt_Extinction_InSitu_RH80_red_Total_PM2.5_STP
AOP_RH_med, pct, Relative_humidity_of_medium_RH_channel
ext_highRH_664, Mm-1, AerOpt_Extinction_InSitu_RH85_red_Total_PM2.5_STP
AOP_RH_high, pct, Relative_humidity_of_high_RH_channel
ext_TD_664, Mm-1, AerOpt_ExtinctionTD_InSitu_RHd_blue_Total_PM2.5_STP
ext_TD_405, Mm-1, AerOpt_ExtinctionTD_InSitu_RHd_red_Total_PM2.5_STP
abs_TD_664, Mm-1, AerOpt_Absorption_InSitu_RHd_red_Total_PM2.5_STP
abs_TD_405, Mm-1, AerOpt_Absorption_InSitu_RHd_blue_Total_PM2.5_STP
AOP_TD_bypass_flag, pct, Flag_for_TD_Bypass_valve
AOP_filter_flag, pct, Flag_for_Filter_Valve
AOP_Dilution_ratio, pct, Applied_Dilution_Ratio_for_ext_channels
1
SPECIAL COMMENTS: In-cloud data has not been removed.
18
PI_CONTACT_INFO: Address: NOAA ESRL Chemical Sciences Division, R/CSD2, 325 Broadway, Boulder, CO 80305. Email: nick.wagner@noaa.gov.
PLATFORM: NASA DC8
LOCATION: See the DC8 MetNav file, Based in Boise (BOI) and Salina, KS
ASSOCIATED_DATA: N/A
[...]
DATA_INFO: Mm-1:
UNCERTAINTY: The precision of the extinction measurements varies with aerosol loading and is +/-20% at 10 Mm-1 and +/-5% at 100 Mm-1. The accuracy of the dry measurement is +/-2% and depends on RH for the humidified measurements, +/-5% at 85% RH and +/-15% at 90% RH. For more details, see Langridge et al., Aerosol Science and Technology 45:1305-1318, 2011. Analysis of comparable measurements suggest incomplete mixing in the dilution system. Effective dilution for individual instruments can vary by +/- 30% compared to the reported flow-based dilution estimate. The absorption measurements have a high signal accuracy of 20%. The low signal precision varies with altitude and flight to flight, and is typically less than 10 Mm-1 for 1 second measurements.
ULOD_FLAG: -7777
ULOD_VALUE: N/A
LLOD_FLAG: -8888
LLOD_VALUE: N/A
DM_CONTACT_INFO: Gao Chen
PROJECT_INFO: FIREX-AQ
STIPULATIONS_ON_USE: NASA Data Policy. Contact with PI is encouraged.
OTHER_COMMENTS: N/A
REVISION: R1
R1: Absorption measurements have been corrected for pressure dependent microphone sensitivity. R0: Final Data. 
Time_start, ext_dry_664, ext_dry_532, ext_dry_405, abs_dry_664, abs_dry_532, abs_dry_405, AOP_RH_dry, ext_medRH_664, AOP_RH_med, ext_highRH_664, AOP_RH_high, ext_TD_664, ext_TD_405, abs_TD_664, abs_TD_405, AOP_TD_bypass_flag, AOP_filter_flag, AOP_Dilution_ratio
[from data line 8389]
64013,1.6474,2.7857,13.9588,-9999.0000,-9999.0000,-9999.0000,19.3728,11.3516,54.5101,1.4471,45.0843,-9999.0000,-9999.0000,-9999.0000,-9999.0000,0,0,1.0000
64014,2.8419,4.4399,9.2573,-9999.0000,-9999.0000,-9999.0000,19.3798,1.1265,54.3611,2.4704,45.0865,-9999.0000,-9999.0000,-9999.0000,-9999.0000,0,0,1.0000
64015,4.6513,2.7707,8.4982,-9999.0000,-9999.0000,-9999.0000,19.3900,5.0258,54.2233,13.1527,45.0905,-9999.0000,-9999.0000,-9999.0000,-9999.0000,0,0,1.0000
64016,2.3378,6.7609,5.4216,-9999.0000,-9999.0000,-9999.0000,19.3799,2.5887,54.0942,1.2135,45.0942,-9999.0000,-9999.0000,-9999.0000,-9999.0000,0,0,1.0000
64017,2.4036,7.8328,5.5874,-9999.0000,-9999.0000,-9999.0000,19.3734,2.2929,53.9826,2.0370,45.1012,-9999.0000,-9999.0000,-9999.0000,-9999.0000,0,0,1.0000
64018,2.9875,6.8805,7.8925,-9999.0000,-9999.0000,-9999.0000,19.3701,3.6354,53.8414,3.3053,45.1098,-9999.0000,-9999.0000,-9999.0000,-9999.0000,0,0,1.0000
64019,2.0236,4.1190,7.2178,-9999.0000,-9999.0000,-9999.0000,19.3649,5.8509,53.6835,1.0218,45.1085,-9999.0000,-9999.0000,-9999.0000,-9999.0000,0,0,1.0000
64020,2.7334,3.8724,6.3431,-9999.0000,-9999.0000,-9999.0000,19.3611,2.9512,53.5245,1.5914,45.1098,-9999.0000,-9999.0000,-9999.0000,-9999.0000,0,0,1.0000
64021,3.2632,6.1415,6.5464,-9999.0000,-9999.0000,-9999.0000,19.3549,2.1299,53.3736,1.0594,45.1133,-9999.0000,-9999.0000,-9999.0000,-9999.0000,0,0,1.0000
64022,3.8839,4.5036,8.3234,-9999.0000,-9999.0000,-9999.0000,19.3527,2.4126,53.2386,4.2070,45.1134,-9999.0000,0.3225,-9999.0000,-9999.0000,0,0,1.0000
64023,2.5158,7.3250,7.6360,-9999.0000,-9999.0000,-9999.0000,19.3435,2.3850,53.1047,3.6709,45.1223,-9999.0000,-0.8482,-9999.0000,-9999.0000,0,0,1.0000
64024,2.5036,3.4763,6.1636,-9999.0000,-9999.0000,-9999.0000,19.3166,2.8569,52.9905,8.3315,45.1269,-9999.0000,-1.1705,-9999.0000,-9999.0000,0,0,1.0000
64025,5.1235,3.7823,9.3633,-9999.0000,-9999.0000,-9999.0000,19.3037,5.5058,52.8701,9.0423,45.1332,-9999.0000,-0.7769,-9999.0000,-9999.0000,0,0,1.0000
64026,4.4451,3.7886,8.5386,-9999.0000,-9999.0000,-9999.0000,19.2944,4.0700,52.7448,9.7782,45.1395,-9999.0000,-0.8594,-9999.0000,-9999.0000,0,0,1.0000
64027,2.4602,5.4827,10.8933,-9999.0000,-9999.0000,-9999.0000,19.2887,13.8622,52.6181,2.7430,45.1402,-9999.0000,-0.6896,-9999.0000,-9999.0000,0,0,1.0000
64028,2.1166,7.1283,8.5722,-9999.0000,-9999.0000,-9999.0000,19.2872,2.0482,52.4978,1.6899,45.1551,-9999.0000,-0.9018,-9999.0000,-9999.0000,0,0,1.0000
64029,1.5467,3.9231,9.6981,-9999.0000,-9999.0000,-9999.0000,19.2827,1.6526,52.3750,0.2557,45.1697,-9999.0000,-0.8244,-9999.0000,-9999.0000,0,0,1.0000
64030,2.9063,3.9378,8.1731,-9999.0000,-9999.0000,-9999.0000,19.2787,3.4844,52.2484,1.0005,45.1820,-9999.0000,-1.1743,-9999.0000,-9999.0000,0,0,1.0000
64031,5.2557,3.9216,11.1253,-9999.0000,-9999.0000,-9999.0000,19.2742,3.3821,52.1259,2.3007,45.1987,-9999.0000,-1.0735,-9999.0000,-9999.0000,0,0,1.0000
64032,2.8826,3.2769,9.5167,-9999.0000,-9999.0000,-9999.0000,19.2783,2.1605,52.0065,5.1584,45.2034,-9999.0000,-0.7412,-9999.0000,-9999.0000,0,0,1.0000
64033,1.5260,5.6184,9.2185,-9999.0000,-9999.0000,-9999.0000,19.2574,5.6750,51.8788,2.2181,45.2111,-9999.0000,-0.0593,-9999.0000,-9999.0000,0,0,1.0000
64034,3.8821,2.6903,9.2617,-9999.0000,-9999.0000,-9999.0000,19.2508,2.8301,51.7638,1.6546,45.2137,-9999.0000,-0.6289,-9999.0000,-9999.0000,0,0,1.0000
64035,3.9689,6.0083,6.3711,-9999.0000,-9999.0000,-9999.0000,19.2464,1.8898,51.6427,1.7285,45.2220,-9999.0000,-1.0948,-9999.0000,-9999.0000,0,0,1.0000
64036,1.8949,2.9704,6.3022,-9999.0000,-9999.0000,-9999.0000,19.2456,1.3151,51.5355,1.3463,45.2294,-9999.0000,-1.0940,-9999.0000,-9999.0000,0,0,1.0000
64037,3.2512,6.2059,7.2926,-9999.0000,-9999.0000,-9999.0000,19.2441,1.6626,51.4129,2.9830,45.2351,-9999.0000,-0.8546,-9999.0000,-9999.0000,0,0,1.0000
64038,1.9110,2.9250,8.2734,-9999.0000,-9999.0000,-9999.0000,19.2453,2.6504,51.2914,3.5145,45.2339,-9999.0000,-0.6081,-9999.0000,-9999.0000,0,0,1.0000
64039,2.3596,3.2124,6.0764,-9999.0000,-9999.0000,-9999.0000,19.2463,1.0782,51.1724,3.5580,45.2341,-9999.0000,-0.8936,-9999.0000,-9999.0000,0,0,1.0000
64040,1.7890,5.0420,8.9569,-9999.0000,-9999.0000,-9999.0000,19.2452,1.3153,51.0562,4.0198,45.2329,-9999.0000,-0.6754,-9999.0000,-9999.0000,0,0,1.0000
64041,2.2967,6.2908,7.2592,-9999.0000,-9999.0000,-9999.0000,19.2431,5.5156,50.9325,5.0353,45.2363,-9999.0000,-0.8704,-9999.0000,-9999.0000,0,0,1.0000
64042,1.6519,5.4950,10.1072,-9999.0000,-9999.0000,-9999.0000,19.2443,2.2883,50.7966,3.7666,45.2326,-9999.0000,-0.8422,-9999.0000,-9999.0000,0,0,1.0000
64043,2.0881,4.1156,7.8544,-9999.0000,-9999.0000,-9999.0000,19.2201,2.1633,50.6727,3.1983,45.2309,-9999.0000,-0.2677,-9999.0000,-9999.0000,0,0,1.0000
64044,4.2561,2.4663,5.7470,-9999.0000,-9999.0000,-9999.0000,19.1903,9.9740,50.5608,1.1673,45.2316,-9999.0000,-1.0303,-9999.0000,-9999.0000,0,0,1.0000
64045,2.2527,5.2894,6.5283,-9999.0000,-9999.0000,-9999.0000,19.1904,3.0458,50.4592,2.4795,45.2286,-9999.0000,-0.7167,-9999.0000,-9999.0000,0,0,1.0000
64046,1.6733,2.5778,12.7229,-9999.0000,-9999.0000,-9999.0000,19.1952,12.9958,50.3472,2.1747,45.2350,-9999.0000,-0.9374,-9999.0000,-9999.0000,0,0,1.0000
64047,2.3228,5.3116,8.8140,-9999.0000,-9999.0000,-9999.0000,19.1934,6.4193,50.2407,2.2813,45.2311,-9999.0000,-0.9124,-9999.0000,-9999.0000,0,0,1.0000
64048,2.7690,4.9961,9.8281,-9999.0000,-9999.0000,-9999.0000,19.1903,8.0922,50.1301,1.7478,45.2330,-9999.0000,-0.4008,-9999.0000,-9999.0000,0,0,1.0000
64049,4.2396,5.1625,8.9677,-9999.0000,-9999.0000,-9999.0000,19.1842,2.1475,50.0315,1.5134,45.2341,-9999.0000,-0.3803,-9999.0000,-9999.0000,0,0,1.0000
64050,1.6687,6.1303,7.3807,-9999.0000,-9999.0000,-9999.0000,19.1771,2.1525,49.9080,1.4230,45.2351,-9999.0000,-0.8026,-9999.0000,-9999.0000,0,0,1.0000
64051,2.2697,5.7223,9.1505,-9999.0000,-9999.0000,-9999.0000,19.1660,1.0938,49.8125,3.9582,45.2327,-9999.0000,0.2296,-9999.0000,-9999.0000,0,0,1.0000
64052,3.5423,4.2169,5.2896,-9999.0000,-9999.0000,-9999.0000,19.1671,1.8105,49.7043,1.3648,45.2288,-9999.0000,0.2080,-9999.0000,-9999.0000,0,0,1.0000
64053,1.7724,2.8038,5.5089,-9999.0000,-9999.0000,-9999.0000,19.1723,1.4855,49.6312,3.1751,45.2325,-9999.0000,-0.2446,-9999.0000,-9999.0000,0,0,1.0000
64054,2.7456,3.2033,10.3461,-9999.0000,-9999.0000,-9999.0000,19.1729,2.4029,49.5536,8.1593,45.2341,-9999.0000,-0.5171,-9999.0000,-9999.0000,0,0,1.0000
64055,3.0367,3.3412,8.7082,-9999.0000,-9999.0000,-9999.0000,19.1678,1.8908,49.4540,2.2998,45.2342,-9999.0000,-0.4053,-9999.0000,-9999.0000,0,0,1.0000
64056,1.7459,4.1692,6.3394,-9999.0000,-9999.0000,-9999.0000,19.1625,2.1541,49.3594,1.6279,45.2426,-9999.0000,-0.4821,-9999.0000,-9999.0000,0,0,1.0000
64057,3.8553,3.7305,12.0702,-9999.0000,-9999.0000,-9999.0000,19.1609,4.9132,49.2705,3.3129,45.2519,-9999.0000,-0.4395,-9999.0000,-9999.0000,0,0,1.0000
64058,2.8507,6.5952,5.8794,-9999.0000,-9999.0000,-9999.0000,19.1532,4.0196,49.1746,5.4857,45.2600,-9999.0000,-0.6093,-9999.0000,-9999.0000,0,0,1.0000
64059,1.4168,6.0907,9.7630,-9999.0000,-9999.0000,-9999.0000,19.1565,6.6078,49.0859,2.3965,45.2631,-9999.0000,-0.5509,-9999.0000,-9999.0000,0,0,1.0000
64060,5.2012,4.4359,8.6325,-9999.0000,-9999.0000,-9999.0000,19.1457,5.4097,48.9927,3.6598,45.2729,-9999.0000,-0.3458,-9999.0000,-9999.0000,0,0,1.0000
64061,2.5011,2.3524,10.1898,-9999.0000,-9999.0000,-9999.0000,19.1438,9.4171,48.9003,1.3969,45.2883,-9999.0000,0.1238,-9999.0000,-9999.0000,0,0,1.0000
64062,2.3216,4.5227,11.5264,-9999.0000,-9999.0000,-9999.0000,19.1362,4.7666,48.7967,3.9576,45.2977,-9999.0000,-0.6549,-9999.0000,-9999.0000,0,0,1.0000
64063,1.7988,2.0684,9.2240,-9999.0000,-9999.0000,-9999.0000,19.1311,2.2682,48.7050,1.8274,45.3155,-9999.0000,-0.7055,-9999.0000,-9999.0000,0,0,1.0000
64064,3.8903,5.3660,8.2477,-9999.0000,-9999.0000,-9999.0000,19.1315,9.4224,48.6306,1.5139,45.3238,-9999.0000,-0.2470,-9999.0000,-9999.0000,0,0,1.0000
64065,1.5915,3.4997,7.0122,-9999.0000,-9999.0000,-9999.0000,19.1283,7.5193,48.5485,1.2896,45.3322,-9999.0000,0.0255,-9999.0000,-9999.0000,0,0,1.0000
64066,2.2528,4.2520,12.9334,-9999.0000,-9999.0000,-9999.0000,19.1290,1.3744,48.4582,0.7291,45.3389,-9999.0000,-0.0537,-9999.0000,-9999.0000,0,0,1.0000
64067,4.5343,3.9736,11.1381,-9999.0000,-9999.0000,-9999.0000,19.1206,2.8631,48.3704,1.7681,45.3432,-9999.0000,-0.4438,-9999.0000,-9999.0000,0,0,1.0000
64068,4.3187,3.3084,8.9274,-9999.0000,-9999.0000,-9999.0000,19.1211,6.4626,48.2747,2.5603,45.3480,-9999.0000,0.2424,-9999.0000,-9999.0000,0,0,1.0000
64069,1.4714,4.2826,13.7031,-9999.0000,-9999.0000,-9999.0000,19.1100,3.7420,48.2046,3.9022,45.3505,-9999.0000,0.4754,-9999.0000,-9999.0000,0,0,1.0000
64070,1.0932,3.4318,13.0040,-9999.0000,-9999.0000,-9999.0000,19.1077,4.9558,48.1225,2.4519,45.3573,-9999.0000,-0.1083,-9999.0000,-9999.0000,0,0,1.0000
64071,2.9419,3.0036,7.6547,-9999.0000,-9999.0000,-9999.0000,19.1156,4.0722,48.0397,0.8192,45.3562,-9999.0000,-0.3413,-9999.0000,-9999.0000,0,0,1.0000
64072,2.6226,2.1207,9.0834,-9999.0000,-9999.0000,-9999.0000,19.0981,2.1781,47.9463,0.8170,45.3529,-9999.0000,1.2440,-9999.0000,-9999.0000,0,0,1.0000
64073,2.6937,5.2487,7.5707,-9999.0000,-9999.0000,-9999.0000,19.0795,3.6810,47.8616,2.0114,45.3559,-9999.0000,3.0384,-9999.0000,-9999.0000,0,0,1.0000
64074,2.3871,4.7487,8.1460,-9999.0000,-9999.0000,-9999.0000,19.0483,7.4669,47.7806,1.8134,45.3527,-9999.0000,3.5022,-9999.0000,-9999.0000,0,0,1.0000
64075,2.4630,4.6101,8.3251,-9999.0000,-9999.0000,-9999.0000,19.0346,4.2500,47.7087,0.6186,45.3621,-9999.0000,1.3780,-9999.0000,-9999.0000,0,0,1.0000
64076,1.8269,5.7387,6.3813,-9999.0000,-9999.0000,-9999.0000,19.0289,6.4124,47.6430,1.9276,45.3601,-9999.0000,-0.7547,-9999.0000,-9999.0000,0,0,1.0000
64077,8.6649,6.6992,11.1109,-9999.0000,-9999.0000,-9999.0000,19.0209,2.7673,47.5705,1.9724,45.3664,-9999.0000,-0.5515,-9999.0000,-9999.0000,0,0,1.0000
64078,7.9264,3.4219,16.8504,-9999.0000,-9999.0000,-9999.0000,19.0105,1.2300,47.5028,3.2965,45.3681,-9999.0000,-0.9347,-9999.0000,-9999.0000,0,0,1.0000
64079,3.2287,6.5410,8.4503,-9999.0000,-9999.0000,-9999.0000,19.0038,1.4141,47.4412,7.4911,45.3721,-9999.0000,-0.6024,-9999.0000,-9999.0000,0,0,1.0000
64080,2.7243,3.8548,9.9778,-9999.0000,-9999.0000,-9999.0000,19.0029,3.5154,47.3919,9.4670,45.3784,-9999.0000,-0.5818,-9999.0000,-9999.0000,0,0,1.0000
64081,4.2573,6.6700,12.8038,-9999.0000,-9999.0000,-9999.0000,19.0062,4.9163,47.3419,3.5789,45.3867,-9999.0000,0.5835,-9999.0000,-9999.0000,0,0,1.0000
64082,2.0755,5.5260,9.1562,-9999.0000,-9999.0000,-9999.0000,19.0034,4.3246,47.3009,3.9577,45.3861,-9999.0000,0.8334,-9999.0000,-9999.0000,0,0,1.0000
64083,4.3381,3.6998,9.1027,-9999.0000,-9999.0000,-9999.0000,18.9799,4.6033,47.2809,3.7561,45.3865,-9999.0000,-0.2376,-9999.0000,-9999.0000,0,0,1.0000
64084,3.8570,5.0479,11.5342,-9999.0000,-9999.0000,-9999.0000,18.9671,2.2732,47.2704,10.1277,45.3914,-9999.0000,-0.1241,-9999.0000,-9999.0000,0,0,1.0000
64085,5.1923,7.0008,9.2535,-9999.0000,-9999.0000,-9999.0000,18.9659,2.4947,47.2664,3.5999,45.3944,-9999.0000,0.2728,-9999.0000,-9999.0000,0,0,1.0000
64086,4.7201,2.8894,9.8228,-9999.0000,-9999.0000,-9999.0000,18.9673,4.1903,47.2667,14.3777,45.4039,-9999.0000,0.1095,-9999.0000,-9999.0000,0,0,1.0000
64087,3.6371,3.7576,9.0565,-9999.0000,-9999.0000,-9999.0000,18.9641,4.1093,47.2808,2.1833,45.4085,-9999.0000,-0.2904,-9999.0000,-9999.0000,0,0,1.0000
64088,3.4295,4.8921,8.4511,-9999.0000,-9999.0000,-9999.0000,18.9730,4.0667,47.3254,1.1639,45.4276,-9999.0000,-0.6463,-9999.0000,-9999.0000,0,0,1.0000
64089,4.3368,9.3362,9.5143,-9999.0000,-9999.0000,-9999.0000,18.9735,3.6923,47.3858,1.1616,45.4381,-9999.0000,-0.7144,-9999.0000,-9999.0000,0,0,1.0000
64090,4.2168,3.9284,18.4607,-9999.0000,-9999.0000,-9999.0000,18.9655,6.8905,47.4746,3.5591,45.4563,-9999.0000,0.2823,-9999.0000,-9999.0000,0,0,1.0000
64091,8.3481,5.1789,12.3622,-9999.0000,-9999.0000,-9999.0000,18.9436,6.3905,47.5892,1.2632,45.4654,-9999.0000,0.4430,-9999.0000,-9999.0000,0,0,1.0000
64092,2.4027,3.1097,10.0435,-9999.0000,-9999.0000,-9999.0000,18.9322,11.8212,47.7029,1.9517,45.4844,-9999.0000,-0.2856,-9999.0000,-9999.0000,0,0,1.0000
64093,3.6344,6.3589,11.1873,-9999.0000,-9999.0000,-9999.0000,18.9224,4.3383,47.8345,3.2073,45.4945,-9999.0000,0.2487,-9999.0000,-9999.0000,0,0,1.0000
64094,6.0919,3.7768,9.0899,-9999.0000,-9999.0000,-9999.0000,18.9185,3.7518,47.9738,4.5843,45.4985,-9999.0000,0.3073,-9999.0000,-9999.0000,0,0,1.0000
64095,3.6549,4.1015,9.9838,-9999.0000,-9999.0000,-9999.0000,18.9076,5.7269,48.1356,3.1440,45.4952,-9999.0000,0.4368,-9999.0000,-9999.0000,0,0,1.0000
64096,3.1547,3.3157,11.2601,-9999.0000,-9999.0000,-9999.0000,18.8848,5.8183,48.3097,3.2123,45.4999,-9999.0000,0.5255,-9999.0000,-9999.0000,0,0,1.0000
64097,3.7119,8.5904,11.6618,-9999.0000,-9999.0000,-9999.0000,18.8655,5.0373,48.4823,4.4023,45.5042,-9999.0000,1.1846,-9999.0000,-9999.0000,0,0,1.0000
64098,4.0936,4.3356,11.4124,-9999.0000,-9999.0000,-9999.0000,18.8606,4.9707,48.6676,1.0130,45.5080,-9999.0000,1.2287,-9999.0000,-9999.0000,0,0,1.0000
64099,2.2878,7.2025,10.8448,-9999.0000,-9999.0000,-9999.0000,18.8606,2.5151,48.8719,1.3411,45.5152,-9999.0000,0.6850,-9999.0000,-9999.0000,0,0,1.0000
64100,2.2173,2.6665,6.5492,-9999.0000,-9999.0000,-9999.0000,18.8548,2.3799,49.0962,1.9782,45.5220,-9999.0000,0.5591,-9999.0000,-9999.0000,0,0,1.0000
64101,3.1156,3.0939,10.5893,-9999.0000,-9999.0000,-9999.0000,18.8495,1.5733,49.3161,2.7103,45.5302,-9999.0000,0.6365,-9999.0000,-9999.0000,0,0,1.0000
64102,2.9513,7.6087,12.5053,-9999.0000,-9999.0000,-9999.0000,18.8491,2.6410,49.5308,2.9524,45.5468,-9999.0000,0.1361,-9999.0000,-9999.0000,0,0,1.0000
64103,3.0437,8.1974,11.2047,-9999.0000,-9999.0000,-9999.0000,18.8521,7.3517,49.7341,3.5799,45.5613,-9999.0000,0.1628,-9999.0000,-9999.0000,0,0,1.0000
64104,4.7012,5.1381,9.5146,-9999.0000,-9999.0000,-9999.0000,18.8449,2.7775,49.9306,2.2029,45.5640,-9999.0000,-0.0870,-9999.0000,-9999.0000,0,0,1.0000
64105,4.1693,3.6685,11.5578,-9999.0000,-9999.0000,-9999.0000,18.8258,5.0532,50.1429,2.0093,45.5692,-9999.0000,0.4094,-9999.0000,-9999.0000,0,0,1.0000
64106,4.1422,4.8133,12.2644,-9999.0000,-9999.0000,-9999.0000,18.8163,5.7607,50.3493,2.7673,45.5659,-9999.0000,0.5814,-9999.0000,-9999.0000,0,0,1.0000
64107,3.4804,4.7544,16.8230,-9999.0000,-9999.0000,-9999.0000,18.7956,1.8210,50.5535,2.9396,45.5695,-9999.0000,0.8561,-9999.0000,-9999.0000,0,0,1.0000
64108,3.1437,3.6265,13.0007,-9999.0000,-9999.0000,-9999.0000,18.7863,2.2023,50.7507,2.0756,45.5667,-9999.0000,-0.0988,-9999.0000,-9999.0000,0,0,1.0000
64109,1.5557,6.1315,14.2983,-9999.0000,-9999.0000,-9999.0000,18.7794,3.1659,50.9272,1.5462,45.5655,-9999.0000,0.6850,-9999.0000,-9999.0000,0,0,1.0000
64110,5.4191,6.7064,9.4055,-9999.0000,-9999.0000,-9999.0000,18.7776,4.0863,51.1051,0.9097,45.5642,-9999.0000,0.5222,-9999.0000,-9999.0000,0,0,1.0000
64111,5.1576,5.6455,11.7128,-9999.0000,-9999.0000,-9999.0000,18.7767,7.5379,51.2622,1.7789,45.5631,-9999.0000,0.4439,-9999.0000,-9999.0000,0,0,1.0000
64112,2.0592,3.1797,14.1489,-9999.0000,-9999.0000,-9999.0000,18.7717,2.7308,51.4162,3.2770,45.5653,-9999.0000,0.6868,-9999.0000,-9999.0000,0,0,1.0000
64113,2.9399,3.8397,9.4884,-9999.0000,-9999.0000,-9999.0000,18.7710,2.9780,51.5593,17.2503,45.5654,-9999.0000,0.4869,-9999.0000,-9999.0000,0,0,1.0000
64114,3.1556,4.7095,11.4781,-9999.0000,-9999.0000,-9999.0000,18.7586,8.4040,51.6899,3.1984,45.5646,-9999.0000,0.5531,-9999.0000,-9999.0000,0,0,1.0000
64115,2.1237,4.9888,10.2750,-9999.0000,-9999.0000,-9999.0000,18.7576,3.6447,51.8121,13.2332,45.5651,-9999.0000,-0.1441,-9999.0000,-9999.0000,0,0,1.0000
64116,4.0042,6.0189,7.3446,-9999.0000,-9999.0000,-9999.0000,18.7531,3.2136,51.9246,0.8319,45.5642,-9999.0000,2.2039,-9999.0000,-9999.0000,0,0,1.0000
64117,4.1400,7.9528,12.4437,-9999.0000,-9999.0000,-9999.0000,18.7482,4.4693,52.0243,1.8287,45.5633,-9999.0000,2.7423,-9999.0000,-9999.0000,0,0,1.0000
