Data/Raw/WAGNER,NICK/firexaq-AOP-optical_DC8_20190829_R1.ict
51, 1001
Wagner, Nicholas L.
NOAA Earth System Research Laboratory
NOAA AOP instrument
FIREX-AQ
1, 1
2019, 08, 29, 2020, 04, 27
1
Time_start, seconds_past_midnight, seconds from midnight
18
1, 1, 1, 1, 1, 1, 1, 1, 1, 1, 1, 1, 1, 1, 1, 1, 1, 1
-9999, -9999, -9999, -9999, -9999, -9999, -9999, -9999, -9999, -9999, -9999, -9999, -9999, -9999, -9999, -9999, -9999, -9999
ext_dry_664, Mm-1, AerOpt_Extinction_InSitu_RHd_red_Total_PM2.5_STP
ext_dry_532, Mm-1, AerOpt_Extinction_InSitu_RHd_green_Total_PM2.5_STP
ext_dry_405, Mm-1, AerOpt_Extinction_InSitu_RHd_blue_Total_PM2.5_STP
abs_dry_664, Mm-1, AerOpt_Absorption_InSitu_RHd_red_Total_PM2.5_STP
abs_dry_532, Mm-1, AerOpt_Absorption_InSitu_RHd_green_Total_PM2.5_STP
abs_dry_405, Mm-1, AerOpt_Absorption_InSitu_RHd_blue_Total_PM2.5_STP
AOP_RH_dry, pct, Relative_humidity_of_dry_RH_channels
ext_medRH_664, Mm-1, AerOpt_Extinction_InSitu_RH80_red_Total_PM2.5_STP
AOP_RH_med, pct, Relative_humidity_of_medium_RH_channel
ext_highRH_664, Mm-1, AerOpt_Extinction_InSitu_RH85_red_Total_PM2.5_STP
AOP_RH_high, pct, Relative_humidity_of_high_RH_channel
ext_TD_664, Mm-1, AerOpt_ExtinctionTD_InSitu_RHd_blue_Total_PM2.5_STP
ext_TD_405, Mm-1, AerOpt_ExtinctionTD_InSitu_RHd_red_Total_PM2.5_STP
abs_TD_664, Mm-1, AerOpt_Absorption_InSitu_RHd_red_Total_PM2.5_STP
abs_TD_405, Mm-1, AerOpt_Absorption_InSitu_RHd_blue_Total_PM2.5_STP
AOP_TD_bypass_flag, pct, Flag_for_TD_Bypass_valve
AOP_filter_flag, pct, Flag_for_Filter_Valve
AOP_Dilution_ratio, pct, Applied_Dilution_Ratio_for_ext_channels
1
N/A
18
PI_CONTACT_INFO: Address: NOAA ESRL Chemical Sciences Division, R/CSD2, 325 Broadway, Boulder, CO 80305. Email: nick.wagner@noaa.gov.
PLATFORM: NASA DC8
LOCATION: See the DC8 MetNav file, Based in Boise (BOI) and Salina, KS
ASSOCIATED_DATA: N/A
[...]
DATA_INFO: Mm-1:
UNCERTAINTY: The precision of the extinction measurements varies with aerosol loading and is +/-20% at 10 Mm-1 and +/-5% at 100 Mm-1. The accuracy of the dry measurement is +/-2% and depends on RH for the humidified measurements, +/-5% at 85% RH and +/-15% at 90% RH. For more details, see Langridge et al., Aerosol Science and Technology 45:1305-1318, 2011. Analysis of comparable measurements suggest incomplete mixing in the dilution system. Effective dilution for individual instruments can vary by +/- 30% compared to the reported flow-based dilution estimate. The absorption measurements have a high signal accuracy of 20%. The low signal precision varies with altitude and flight to flight, and is typically less than 10 Mm-1 for 1 second measurements.
ULOD_FLAG: -7777
ULOD_VALUE: N/A
LLOD_FLAG: -8888
LLOD_VALUE: N/A
DM_CONTACT_INFO: Gao Chen
PROJECT_INFO: FIREX-AQ
STIPULATIONS_ON_USE: NASA Data Policy. Contact with PI is encouraged.
OTHER_COMMENTS: N/A
REVISION: R1
R1: Absorption measurements have been corrected for pressure dependent microphone sensitivity. In-cloud data has been removed. R0: Final Data. 
Time_start, ext_dry_664, ext_dry_532, ext_dry_405, abs_dry_664, abs_dry_532, abs_dry_405, AOP_RH_dry, ext_medRH_664, AOP_RH_med, ext_highRH_664, AOP_RH_high, ext_TD_664, ext_TD_405, abs_TD_664, abs_TD_405, AOP_TD_bypass_flag, AOP_filter_flag, AOP_Dilution_ratio
[from data line 5580]
66492,21.9276,35.7720,59.9536,-9999.0000,-9999.0000,-9999.0000,43.8275,26.5968,80.2161,30.7991,85.8441,-0.5205,2.0151,-3.3099,-0.3453,0,0,1.0000
66493,19.0989,35.9540,62.0888,-9999.0000,-9999.0000,-9999.0000,43.8299,24.3967,80.0438,31.0346,85.7672,0.6012,2.2866,-4.8197,12.7734,0,0,1.0000
66494,18.8329,34.8342,57.7773,-9999.0000,-9999.0000,-9999.0000,43.8280,28.6387,79.8634,33.4677,85.7069,0.7644,2.5584,-4.7092,3.2219,0,0,1.0000
66495,18.8436,35.1304,59.6520,-9999.0000,-9999.0000,-9999.0000,43.8310,37.8851,79.6755,36.1842,85.6428,3.3278,2.9272,-4.4300,1.2046,0,0,1.0000
66496,22.4824,34.7047,59.8390,-9999.0000,-9999.0000,-9999.0000,43.8313,31.5172,79.5047,31.8749,85.5939,8.9373,3.1429,1.0868,2.7798,0,0,1.0000
66497,19.9018,34.3438,56.0122,-9999.0000,-9999.0000,-9999.0000,43.8217,30.5232,79.3464,34.8998,85.5416,5.5888,2.7164,-1.2377,1.4589,0,0,1.0000
66498,21.4753,35.0444,63.0151,-9999.0000,-9999.0000,-9999.0000,43.8216,28.6552,79.2015,33.1592,85.4985,0.6805,2.2239,3.8376,0.6005,0,0,1.0000
66499,24.4602,34.0857,58.3850,-9999.0000,-9999.0000,-9999.0000,43.8258,38.9750,79.0658,32.7586,85.4642,0.9457,2.3021,-2.3480,2.1938,0,0,1.0000
66500,21.9984,32.9931,58.0376,-9999.0000,-9999.0000,-9999.0000,43.8221,31.9455,78.9254,32.1020,85.4330,0.8392,0.8923,-3.3335,4.5003,0,0,1.0000
66501,20.3280,34.5200,56.7542,2.4137,0.5017,1.2770,43.8169,30.4627,78.7648,32.5280,85.4049,0.1132,1.5193,-4.6115,-1.5019,0,0,1.0000
66502,19.2386,35.3454,55.7132,2.2505,1.3062,1.5980,43.8138,32.5138,78.6182,32.5812,85.3847,0.5167,2.6456,-1.1430,5.7448,0,0,1.0000
66503,22.0472,32.8308,57.0875,3.4305,3.9046,2.3196,43.8180,31.4935,78.4709,33.0863,85.3654,0.0514,3.0271,-1.3077,-2.0012,0,0,1.0000
66504,22.7604,33.4447,57.5798,0.2327,3.7888,1.0478,43.8223,26.2722,78.3718,34.1833,85.3665,0.0452,1.7721,-1.7291,1.4973,0,0,1.0000
66505,21.3923,31.9108,56.2909,3.1805,-1.0133,1.4804,43.8069,36.8096,78.2864,32.0897,85.3538,1.3097,1.8907,-3.8819,1.5121,0,0,1.0000
66506,22.8794,33.1621,59.3704,-2.5727,1.1536,0.4119,43.7988,34.5189,78.2157,32.6315,85.3577,3.5399,3.3589,-1.6241,2.2356,0,0,1.0000
66507,23.5659,32.9392,57.1434,-1.8846,-0.5083,1.6838,43.7914,29.7742,78.1405,34.0047,85.3515,7.4437,2.8461,0.6101,0.0905,0,0,1.0000
66508,23.1723,32.0319,55.9065,2.3317,2.1151,1.9631,43.7963,31.4290,78.0769,29.5837,85.3523,0.7036,3.5885,-0.5563,-1.3795,0,0,1.0000
66509,17.9220,32.7517,56.5358,0.9775,0.0700,0.9833,43.7925,27.5409,78.0382,28.7632,85.3536,1.6604,9.4982,1.1525,-0.1925,0,0,1.0000
66510,17.9474,34.5581,55.5504,2.7653,3.7988,2.0977,43.7836,26.2196,77.9952,29.6908,85.3489,2.2736,2.4980,-5.8578,-3.3213,0,0,1.0000
66511,24.3629,32.4885,51.8731,7.7147,-0.1024,0.9970,43.7774,26.4915,77.9652,29.8952,85.3390,1.5067,2.6345,-2.2030,-0.3933,0,0,1.0000
66512,19.6806,35.7107,56.8377,12.0049,2.0202,2.6218,43.7779,29.5485,77.9412,33.8148,85.3393,1.1132,2.0586,-4.3819,-0.1360,0,0,1.0000
66513,19.0904,32.0756,55.5752,0.4357,-1.7483,0.1293,43.7767,28.6615,77.9401,34.9015,85.3276,1.4126,-0.1343,-0.3310,-0.1401,0,0,1.0000
66514,19.4768,33.9507,53.5745,2.8617,1.5193,0.8336,43.7732,30.4275,77.9301,30.0020,85.3054,1.4650,-0.0710,-1.0519,4.8003,0,0,1.0000
66515,18.2278,32.3135,54.6889,3.3391,5.8244,0.9098,43.7711,26.4112,77.9317,31.4329,85.2533,1.5315,-0.3052,-0.4442,-0.3554,0,0,1.0000
66516,21.9108,35.4670,55.0932,0.8063,-2.2624,2.1123,43.7770,30.8980,77.9368,32.0371,85.1926,1.3705,0.3748,-3.7197,-2.6131,0,0,1.0000
66517,20.5092,30.5911,56.4700,5.5786,-1.6751,1.5687,43.7688,30.6699,77.9533,29.4699,85.1151,0.8314,1.2855,3.6912,-1.6666,0,0,1.0000
66518,19.4478,33.4559,57.5049,4.9365,-1.0035,0.7259,43.7565,29.7200,77.9687,26.9705,85.0265,0.7895,2.5787,-1.8062,0.7892,0,0,1.0000
66519,21.6368,38.8789,54.1911,-1.9003,-0.2525,1.5227,43.7500,27.6431,77.9981,28.4078,84.9086,1.3582,2.5654,-4.6146,2.0685,0,0,1.0000
66520,25.0159,32.1979,55.9684,-0.0682,-2.9664,1.7814,43.7355,32.1394,78.0269,26.7495,84.7742,3.1221,2.8059,-0.5516,0.4455,0,0,1.0000
66521,20.3929,34.6922,55.2830,5.7069,-1.3004,0.8913,43.7243,31.6084,78.0658,29.0209,84.6145,2.9556,2.6310,-7.3642,-0.2641,0,0,1.0000
66522,19.6904,36.7001,59.4726,2.2996,-1.7826,1.2458,43.7157,25.8071,78.1028,26.4872,84.4799,2.3909,2.7770,-3.5122,0.0340,0,0,1.0000
66523,22.2065,34.1799,55.8462,-1.8189,-1.9555,1.0802,43.6834,31.6442,78.1454,32.4481,84.3501,3.0862,1.9879,5.2616,3.7479,0,0,1.0000
66524,21.8339,35.2019,55.3366,5.4338,-0.0046,0.5397,43.6697,36.6633,78.1778,30.9106,84.2395,3.9354,2.3052,-3.1174,-3.9401,0,0,1.0000
66525,20.1884,32.0930,56.7851,-2.9084,1.5215,0.9110,43.6572,34.9070,78.2509,29.5750,84.1264,2.3436,1.9767,-3.6380,1.1561,0,0,1.0000
66526,19.3699,35.8182,56.3571,1.4998,2.6865,0.8727,43.6419,30.6320,78.3422,28.5635,84.0365,3.0937,1.5676,-0.4428,-0.5941,0,0,1.0000
66527,18.7216,31.2826,52.0991,1.9547,-2.0097,1.3657,43.6221,27.5624,78.4543,31.6328,83.9521,3.2826,1.7616,-5.5711,1.2374,0,0,1.0000
66528,17.5487,32.9033,55.7560,-4.7165,2.0537,0.3208,43.5981,32.6479,78.5615,30.9724,83.8992,3.0246,1.5017,-4.8049,-0.0361,0,0,1.0000
66529,19.9858,35.3672,53.8014,-3.3900,-2.2247,0.6888,43.5778,27.6188,78.6742,29.9693,83.8573,1.4355,3.3097,-2.9527,1.6782,0,0,1.0000
66530,22.5825,32.8960,59.3290,2.0495,-2.2573,0.9484,43.5676,34.3762,78.7825,33.1975,83.8306,1.6597,4.1171,-2.7968,0.2996,0,0,1.0000
66531,21.6800,31.6682,53.7728,3.3349,0.3388,0.5014,43.5616,31.8946,78.9024,32.9573,83.8102,1.7590,3.3646,0.3261,-0.2876,0,0,1.0000
66532,22.6607,32.2214,55.0333,4.2825,-3.3921,2.0164,43.5624,28.7743,79.0060,28.9850,83.8049,1.5840,2.9273,-4.8573,2.1385,0,0,1.0000
66533,20.1082,35.1765,56.2734,5.4982,-0.8102,0.6085,43.5453,32.0422,79.1299,29.8135,83.8037,3.3622,2.1623,-1.3975,-2.0957,0,0,1.0000
66534,21.2984,38.7539,55.9424,1.9972,3.8092,0.7255,43.5105,27.0040,79.2336,34.6589,83.8113,3.5519,6.2439,-0.2990,3.7914,0,0,1.0000
66535,18.0686,33.6633,58.1133,-0.9306,-1.7328,0.6876,43.4813,28.6361,79.3356,30.5083,83.8441,4.9713,3.8480,-3.6797,-2.9975,0,0,1.0000
66536,-9999.0000,-9999.0000,-9999.0000,-9999.0000,-9999.0000,-9999.0000,43.4602,-9999.0000,79.4349,-9999.0000,83.9165,-9999.0000,-9999.0000,-9999.0000,-9999.0000,0,0,1.0000
66537,-9999.0000,-9999.0000,-9999.0000,-9999.0000,-9999.0000,-9999.0000,43.4458,-9999.0000,79.5351,-9999.0000,83.9696,-9999.0000,-9999.0000,-9999.0000,-9999.0000,0,0,1.0000
66538,-9999.0000,-9999.0000,-9999.0000,-9999.0000,-9999.0000,-9999.0000,43.4372,-9999.0000,79.5978,-9999.0000,84.0469,-9999.0000,-9999.0000,-9999.0000,-9999.0000,0,0,1.0000
66539,-9999.0000,-9999.0000,-9999.0000,-9999.0000,-9999.0000,-9999.0000,43.4352,-9999.0000,79.6399,-9999.0000,84.1395,-9999.0000,-9999.0000,-9999.0000,-9999.0000,0,0,1.0000
66540,-9999.0000,-9999.0000,-9999.0000,-9999.0000,-9999.0000,-9999.0000,43.4316,-9999.0000,79.6680,-9999.0000,84.2533,-9999.0000,-9999.0000,-9999.0000,-9999.0000,0,0,1.0000
66541,-9999.0000,-9999.0000,-9999.0000,-9999.0000,-9999.0000,-9999.0000,43.4247,-9999.0000,79.7159,-9999.0000,84.3355,-9999.0000,-9999.0000,-9999.0000,-9999.0000,0,0,1.0000
66542,-9999.0000,-9999.0000,-9999.0000,-9999.0000,-9999.0000,-9999.0000,43.4042,-9999.0000,79.7540,-9999.0000,84.4034,-9999.0000,-9999.0000,-9999.0000,-9999.0000,0,0,1.0000
66543,-9999.0000,-9999.0000,-9999.0000,-9999.0000,-9999.0000,-9999.0000,43.3999,-9999.0000,79.7906,-9999.0000,84.4662,-9999.0000,-9999.0000,-9999.0000,-9999.0000,0,0,1.0000
66544,-9999.0000,-9999.0000,-9999.0000,-9999.0000,-9999.0000,-9999.0000,43.3904,-9999.0000,79.8087,-9999.0000,84.5430,-9999.0000,-9999.0000,-9999.0000,-9999.0000,0,0,1.0000
66545,-9999.0000,-9999.0000,-9999.0000,-9999.0000,-9999.0000,-9999.0000,43.3789,-9999.0000,79.8142,-9999.0000,84.6018,-9999.0000,-9999.0000,-9999.0000,-9999.0000,0,0,1.0000
66546,-9999.0000,-9999.0000,-9999.0000,-9999.0000,-9999.0000,-9999.0000,43.3713,-9999.0000,79.8099,-9999.0000,84.6557,-9999.0000,-9999.0000,-9999.0000,-9999.0000,0,0,1.0000
66547,-9999.0000,-9999.0000,-9999.0000,-9999.0000,-9999.0000,-9999.0000,43.3549,-9999.0000,79.7963,-9999.0000,84.6987,-9999.0000,-9999.0000,-9999.0000,-9999.0000,0,0,1.0000
66548,20.9090,31.9783,57.4793,-6.6658,-0.9534,1.7463,43.3482,26.9929,79.7497,34.0854,84.7425,0.6894,4.9216,-4.4565,-0.7081,0,0,1.0000
66549,20.3421,32.3405,56.2218,-3.0539,4.5891,0.6644,43.3327,27.7846,79.7075,33.9719,84.7721,3.0465,4.4390,-5.2956,-1.8093,0,0,1.0000
66550,18.5019,30.5600,57.6217,0.5491,1.3728,1.2639,43.3156,29.5017,79.6522,39.6536,84.7943,3.9228,2.5370,-1.2756,0.0192,0,0,1.0000
66551,18.3988,31.5421,55.4951,1.3641,1.2744,0.7454,43.3160,27.8406,79.5893,30.5413,84.8223,1.7720,7.2392,-2.9523,12.1599,0,0,1.0000
66552,20.7468,35.4764,56.2190,-0.2372,0.5901,0.6621,43.3071,27.8756,79.4936,31.1745,84.8451,2.5640,5.2648,-0.4759,3.5222,0,0,1.0000
66553,19.1543,39.8431,53.8325,2.2771,-2.6678,0.2365,43.2938,34.4989,79.4108,35.2980,84.8687,2.1573,3.8198,-1.1096,-0.1453,0,0,1.0000
66554,19.8459,33.4961,60.0764,-3.4098,4.4899,1.5387,43.2753,28.6917,79.3260,35.2814,84.8876,1.7816,3.3809,-0.4052,-0.7786,0,0,1.0000
66555,21.0138,34.6215,57.5761,-6.0890,-0.4726,2.2185,43.2683,37.6089,79.2414,35.9506,84.8932,2.2537,3.0072,-6.6922,2.6399,0,0,1.0000
66556,20.5379,34.5958,56.6084,-4.9383,1.0329,2.0673,43.2574,31.2907,79.1426,38.3801,84.9061,2.3372,3.6182,-1.4720,-1.0130,0,0,1.0000
66557,22.1048,32.2777,55.3940,-3.7180,1.9905,1.4842,43.2519,28.0945,79.0383,34.3695,84.9184,0.4793,3.2756,-9999.0000,-1.6499,0,0,1.0000
66558,23.8907,32.2430,55.4492,-6.4066,-0.8786,1.1521,43.2463,24.4362,78.9196,36.9197,84.9104,-0.1352,2.8541,-9999.0000,2.8696,0,0,1.0000
66559,21.8030,33.5229,55.8229,-4.4585,0.1557,0.9070,43.2376,25.4921,78.8196,37.4019,84.9206,0.6462,2.4089,-9999.0000,4.1746,0,0,1.0000
66560,24.6422,32.5045,60.3320,1.2332,0.4871,1.2130,43.2319,25.6107,78.6896,37.0944,84.9128,1.3302,3.9342,-9999.0000,1.2935,0,0,1.0000
66561,21.5486,32.6148,58.8250,-3.5757,0.6650,1.3412,43.2361,29.3837,78.5735,36.7147,84.9171,1.7607,3.9251,-9999.0000,2.2328,0,0,1.0000
66562,21.9745,32.7289,54.0320,6.7844,2.0709,1.0666,43.2315,27.8510,78.4712,38.9246,84.9168,1.1100,3.6840,-9999.0000,1.3372,0,0,1.0000
66563,20.2882,30.9987,57.7244,2.7852,-0.3293,1.1856,43.2241,31.8245,78.3983,32.6503,84.9153,4.1167,4.4002,-9999.0000,1.7102,0,0,1.0000
66564,18.0274,32.5504,53.0841,2.4176,0.9781,1.2574,43.1931,31.7789,78.3559,41.8558,84.9282,2.8360,19.8243,-9999.0000,0.6513,0,0,1.0000
66565,22.6071,35.9015,55.8388,-0.7689,3.3856,1.5128,43.1773,29.1150,78.3192,39.2527,84.9659,1.1560,8.5941,-9999.0000,0.9046,0,0,1.0000
66566,19.9178,36.0454,55.8331,6.4726,0.9677,1.1025,43.1718,25.7136,78.3061,36.0371,85.0196,1.7960,2.8665,-9999.0000,0.1152,0,0,1.0000
66567,20.9196,34.1926,55.9314,-0.3355,-1.3131,1.2146,43.1811,29.6917,78.2947,35.8873,85.0779,2.5299,5.1499,-9999.0000,-1.9477,0,0,1.0000
66568,19.7054,32.2175,57.1847,-5.8593,0.8724,2.7573,43.1841,25.0135,78.2864,37.4208,85.1228,3.5445,6.6180,-9999.0000,-9999.0000,0,0,1.0000
66569,21.8344,37.5450,56.5208,1.1089,-0.7190,2.4072,43.1807,28.8982,78.2804,38.1715,85.1814,0.8402,5.9282,-9999.0000,-9999.0000,0,0,1.0000
66570,19.8477,31.0356,52.8773,-1.8179,-1.5398,1.5843,43.1745,26.6195,78.2765,38.4469,85.2310,6.0054,3.7446,-9999.0000,-9999.0000,0,0,1.0000
66571,20.8074,32.4810,57.4443,2.6740,-0.4146,1.2544,43.1740,26.5500,78.2628,31.2134,85.2764,2.4309,2.4488,-9999.0000,-9999.0000,0,0,1.0000
66572,20.0637,30.7750,51.0827,5.4054,0.9693,1.0415,43.1748,36.2934,78.2684,32.2280,85.3355,1.6611,1.7379,-9999.0000,-9999.0000,0,0,1.0000
66573,19.7809,32.3873,-9999.0000,2.2456,1.1825,0.5331,43.1773,34.0845,78.2801,35.1606,85.4049,3.3473,1.1982,-9999.0000,-9999.0000,0,0,1.0000
66574,18.9593,35.7264,-9999.0000,-0.7908,-1.4077,0.8660,43.1735,30.0132,78.3067,35.6869,85.4980,1.7193,1.0745,-9999.0000,-9999.0000,0,0,1.0000
66575,20.5087,-9999.0000,-9999.0000,-0.3799,-0.3425,1.2646,43.1618,34.8477,78.3771,37.8948,85.5799,1.3089,-9999.0000,-9999.0000,-9999.0000,0,0,1.0000
66576,-9999.0000,-9999.0000,-9999.0000,-3.0400,0.9451,0.9693,43.1556,33.1466,78.4712,34.7044,85.6714,-9999.0000,-9999.0000,-9999.0000,-9999.0000,0,0,1.0000
66577,-9999.0000,-9999.0000,-9999.0000,-5.1603,-0.9954,1.4391,43.1558,-9999.0000,78.5771,32.8750,85.7452,-9999.0000,-9999.0000,-9999.0000,-9999.0000,0,0,1.0000
66578,-9999.0000,-9999.0000,-9999.0000,-9999.0000,-9999.0000,-9999.0000,43.1485,-9999.0000,78.6629,-9999.0000,85.7999,-9999.0000,-9999.0000,-9999.0000,-9999.0000,0,0,1.0000
66579,-9999.0000,-9999.0000,-9999.0000,-9999.0000,-9999.0000,-9999.0000,43.1489,-9999.0000,78.7638,-9999.0000,85.8385,-9999.0000,-9999.0000,-9999.0000,-9999.0000,0,0,1.0000
66580,-9999.0000,-9999.0000,-9999.0000,-9999.0000,-9999.0000,-9999.0000,43.1519,-9999.0000,78.8562,-9999.0000,85.8658,-9999.0000,-9999.0000,-9999.0000,-9999.0000,0,1,1.0000
66581,-9999.0000,-9999.0000,-9999.0000,-9999.0000,-9999.0000,-9999.0000,43.1482,-9999.0000,78.9448,-9999.0000,85.8749,-9999.0000,-9999.0000,-9999.0000,-9999.0000,0,1,1.0000
66582,-9999.0000,-9999.0000,-9999.0000,-9999.0000,-9999.0000,-9999.0000,43.1503,-9999.0000,79.0324,-9999.0000,85.8872,-9999.0000,-9999.0000,-9999.0000,-9999.0000,0,1,1.0000
66583,-9999.0000,-9999.0000,-9999.0000,-9999.0000,-9999.0000,-9999.0000,43.1511,-9999.0000,79.1451,-9999.0000,85.8963,-9999.0000,-9999.0000,-9999.0000,-9999.0000,0,1,1.0000
66584,-9999.0000,-9999.0000,-9999.0000,-9999.0000,-9999.0000,-9999.0000,43.1515,-9999.0000,79.2481,-9999.0000,85.9045,-9999.0000,-9999.0000,-9999.0000,-9999.0000,0,1,1.0000
66585,-9999.0000,-9999.0000,-9999.0000,-9999.0000,-9999.0000,-9999.0000,43.1437,-9999.0000,79.3692,-9999.0000,85.9069,-9999.0000,-9999.0000,-9999.0000,-9999.0000,0,1,1.0000
66586,-9999.0000,-9999.0000,-9999.0000,-9999.0000,-9999.0000,-9999.0000,43.1411,-9999.0000,79.4806,-9999.0000,85.9016,-9999.0000,-9999.0000,-9999.0000,-9999.0000,0,1,1.0000
66587,-9999.0000,-9999.0000,-9999.0000,-9999.0000,-9999.0000,-9999.0000,43.1309,-9999.0000,79.5976,-9999.0000,85.8986,-9999.0000,-9999.0000,-9999.0000,-9999.0000,0,1,1.0000
66588,-9999.0000,-9999.0000,-9999.0000,-9999.0000,-9999.0000,-9999.0000,43.1168,-9999.0000,79.6827,-9999.0000,85.8558,-9999.0000,-9999.0000,-9999.0000,-9999.0000,0,1,1.0000
66589,-9999.0000,-9999.0000,-9999.0000,-9999.0000,-9999.0000,-9999.0000,43.1192,-9999.0000,79.7637,-9999.0000,85.7883,-9999.0000,-9999.0000,-9999.0000,-9999.0000,0,1,1.0000
66590,-9999.0000,-9999.0000,-9999.0000,-9999.0000,-9999.0000,-9999.0000,43.1336,-9999.0000,79.8439,-9999.0000,85.7160,-9999.0000,-9999.0000,-9999.0000,-9999.0000,0,1,1.0000
66591,-9999.0000,-9999.0000,-9999.0000,-9999.0000,-9999.0000,-9999.0000,43.1357,-9999.0000,79.9299,-9999.0000,85.6312,-9999.0000,-9999.0000,-9999.0000,-9999.0000,0,1,1.0000
66592,-9999.0000,-9999.0000,-9999.0000,-9999.0000,-9999.0000,-9999.0000,43.1310,-9999.0000,80.0075,-9999.0000,85.5409,-9999.0000,-9999.0000,-9999.0000,-9999.0000,0,1,1.0000
66593,-9999.0000,-9999.0000,-9999.0000,-9999.0000,-9999.0000,-9999.0000,43.1269,-9999.0000,80.0796,-9999.0000,85.4535,-9999.0000,-9999.0000,-9999.0000,-9999.0000,0,1,1.0000
66594,-9999.0000,-9999.0000,-9999.0000,-9999.0000,-9999.0000,-9999.0000,43.1240,-9999.0000,80.1350,-9999.0000,85.3837,-9999.0000,-9999.0000,-9999.0000,-9999.0000,0,1,1.0000
66595,-9999.0000,-9999.0000,-9999.0000,-9999.0000,-9999.0000,-9999.0000,43.1204,-9999.0000,80.1805,-9999.0000,85.3173,-9999.0000,-9999.0000,-9999.0000,-9999.0000,0,1,1.0000
66596,-9999.0000,-9999.0000,-9999.0000,-9999.0000,-9999.0000,-9999.0000,43.1110,-9999.0000,80.2370,-9999.0000,85.2433,-9999.0000,-9999.0000,-9999.0000,-9999.0000,0,1,1.0000
66597,-9999.0000,-9999.0000,-9999.0000,-9999.0000,-9999.0000,-9999.0000,43.1149,-9999.0000,80.2748,-9999.0000,85.1890,-9999.0000,-9999.0000,-9999.0000,-9999.0000,0,1,1.0000
66598,-9999.0000,-9999.0000,-9999.0000,-9999.0000,-9999.0000,-9999.0000,43.1184,-9999.0000,80.3048,-9999.0000,85.1356,-9999.0000,-9999.0000,-9999.0000,-9999.0000,0,1,1.0000
66599,-9999.0000,-9999.0000,-9999.0000,-9999.0000,-9999.0000,-9999.0000,43.0973,-9999.0000,80.3118,-9999.0000,85.0858,-9999.0000,-9999.0000,-9999.0000,-9999.0000,0,1,1.0000
