Data/Raw/WAGNER,NICK/firexaq-AOP-optical_DC8_20190724_R1.ict
51, 1001
Wagner, Nicholas L.
NOAA Earth System Research Laboratory
NOAA AOP instrument
FIREX-AQ
1, 1
2019, 07, 24, 2020, 04, 27
1
Time_start, seconds_past_midnight, seconds from midnight
18
1, 1, 1, 1, 1, 1, 1, 1, 1, 1, 1, 1, 1, 1, 1, 1, 1, 1
-9999, -9999, -9999, -9999, -9999, -9999, -9999, -9999, -9999, -9999, -9999, -9999, -9999, -9999, -9999, -9999, -9999, -9999
ext_dry_664, Mm-1, AerOpt_Extinction_InSitu_RHd_red_Total_PM2.5_STP
ext_dry_532, Mm-1, AerOpt_Extinction_InSitu_RHd_green_Total_PM2.5_STP
ext_dry_405, Mm-1, AerOpt_Extinction_InSitu_RHd_blue_Total_PM2.5_STP
abs_dry_664, Mm-1, AerOpt_Absorption_InSitu_RHd_red_Total_PM2.5_STP
abs_dry_532, Mm-1, AerOpt_Absorption_InSitu_RHd_green_Total_PM2.5_STP
abs_dry_405, Mm-1, AerOpt_Absorption_InSitu_RHd_blue_Total_PM2.5_STP
AOP_RH_dry, pct, Relative_humidity_of_dry_RH_channels
ext_medRH_664, Mm-1, AerOpt_Extinction_InSitu_RH80_red_Total_PM2.5_STP
AOP_RH_med, pct, Relative_humidity_of_medium_RH_channel
ext_highRH_664, Mm-1, AerOpt_Extinction_InSitu_RH85_red_Total_PM2.5_STP
AOP_RH_high, pct, Relative_humidity_of_high_RH_channel
ext_TD_664, Mm-1, AerOpt_ExtinctionTD_InSitu_RHd_blue_Total_PM2.5_STP
ext_TD_405, Mm-1, AerOpt_ExtinctionTD_InSitu_RHd_red_Total_PM2.5_STP
abs_TD_664, Mm-1, AerOpt_Absorption_InSitu_RHd_red_Total_PM2.5_STP
abs_TD_405, Mm-1, AerOpt_Absorption_InSitu_RHd_blue_Total_PM2.5_STP
AOP_TD_bypass_flag, pct, Flag_for_TD_Bypass_valve
AOP_filter_flag, pct, Flag_for_Filter_Valve
AOP_Dilution_ratio, pct, Applied_Dilution_Ratio_for_ext_channels
1
N/A
18
PI_CONTACT_INFO: Address: NOAA ESRL Chemical Sciences Division, R/CSD2, 325 Broadway, Boulder, CO 80305. Email: nick.wagner@noaa.gov.
PLATFORM: NASA DC8
LOCATION: See the DC8 MetNav file, Based in Boise (BOI) and Salina, KS
ASSOCIATED_DATA: N/A
[...]
DATA_INFO: Mm-1:
UNCERTAINTY: The precision of the extinction measurements varies with aerosol loading and is +/-20% at 10 Mm-1 and +/-5% at 100 Mm-1. The accuracy of the dry measurement is +/-2% and depends on RH for the humidified measurements, +/-5% at 85% RH and +/-15% at 90% RH. For more details, see Langridge et al., Aerosol Science and Technology 45:1305-1318, 2011. Analysis of comparable measurements suggest incomplete mixing in the dilution system. Effective dilution for individual instruments can vary by +/- 30% compared to the reported flow-based dilution estimate. The absorption measurements have a high signal accuracy of 20%. The low signal precision varies with altitude and flight to flight, and is typically less than 10 Mm-1 for 1 second measurements.
ULOD_FLAG: -7777
ULOD_VALUE: N/A
LLOD_FLAG: -8888
LLOD_VALUE: N/A
DM_CONTACT_INFO: Gao Chen
PROJECT_INFO: FIREX-AQ
STIPULATIONS_ON_USE: NASA Data Policy. Contact with PI is encouraged.
OTHER_COMMENTS: N/A
REVISION: R1
R1: Absorption measurements have been corrected for pressure dependent microphone sensitivity. In-cloud data has been removed. R0: Final Data. 
Time_start, ext_dry_664, ext_dry_532, ext_dry_405, abs_dry_664, abs_dry_532, abs_dry_405, AOP_RH_dry, ext_medRH_664, AOP_RH_med, ext_highRH_664, AOP_RH_high, ext_TD_664, ext_TD_405, abs_TD_664, abs_TD_405, AOP_TD_bypass_flag, AOP_filter_flag, AOP_Dilution_ratio
[from data line 8276]
84744,0.1135,-0.0115,0.6262,-0.9147,1.1008,0.0664,9.0202,0.8024,80.8945,2.5544,87.7268,-0.2909,-0.3015,-9999.0000,-1.4816,0,0,1.0000
84745,0.2829,0.2632,0.2731,-0.1136,2.3986,-0.4884,9.0226,1.2260,81.0000,1.7768,87.7278,-0.2212,-0.6243,-9999.0000,2.6824,0,0,1.0000
84746,0.1217,0.2178,0.1535,-2.3334,0.9803,-0.2343,9.0283,0.6034,81.1121,1.2562,87.7160,-0.2594,-0.4916,-9999.0000,0.2136,0,0,1.0000
84747,0.2485,0.0302,0.3131,-0.7996,2.7657,-0.7380,9.0309,5.4046,81.2255,1.4624,87.6941,-0.2907,-0.2059,-9999.0000,1.7841,0,0,1.0000
84748,0.6396,-0.2065,1.2675,-0.0947,1.6953,0.4340,9.0332,3.8454,81.3273,3.0395,87.6565,-0.2330,-0.4367,-9999.0000,-1.0004,0,0,1.0000
84749,0.0897,0.0505,0.6355,-2.0900,0.3684,0.2708,9.0407,1.5200,81.4306,1.3707,87.5998,-0.2803,-0.1693,-9999.0000,-5.5545,0,0,1.0000
84750,0.2926,0.5023,0.6747,0.0723,0.5497,0.0604,9.0470,3.1067,81.5192,1.5965,87.5451,-0.2354,-0.3078,-9999.0000,3.7754,0,0,1.0000
84751,0.2179,0.2640,1.0044,-1.1791,-0.7496,-0.8128,9.0567,0.6430,81.6001,1.7342,87.4916,-0.4040,-0.1341,-9999.0000,-4.6343,0,0,1.0000
84752,0.2207,0.4849,1.3754,-0.2079,0.2455,-0.7231,9.0639,0.3407,81.6778,4.7174,87.4282,-0.3659,-0.2029,-9999.0000,1.4192,0,0,1.0000
84753,0.5707,0.2732,0.3530,0.1214,0.1044,-0.1438,9.0630,0.3135,81.7228,0.6797,87.3530,-0.2847,-0.2086,-9999.0000,4.0788,0,0,1.0000
84754,0.2394,0.8306,0.8733,-0.7588,1.4490,0.1634,9.0619,1.2882,81.7648,4.6418,87.2819,-0.3117,0.0299,-9999.0000,2.1751,0,0,1.0000
84755,0.3878,0.3928,1.2354,-0.9987,-1.2849,-0.7242,9.0618,1.0463,81.8152,2.1419,87.2191,-0.2982,-0.1274,-9999.0000,2.5016,0,0,1.0000
84756,0.2823,0.2557,0.5535,-0.7163,1.8112,0.4013,9.0548,1.9151,81.8556,2.2098,87.1556,-0.1693,-0.3520,-9999.0000,2.6717,0,0,1.0000
84757,0.5608,0.8346,1.7946,-1.6634,-0.4737,-1.2217,9.0505,0.8081,81.8853,1.3529,87.0909,-0.0946,-0.3916,-9999.0000,-0.6403,0,0,1.0000
84758,1.1974,1.4674,3.1257,-0.4378,-0.3613,0.0508,9.0487,1.4335,81.8982,2.1312,87.0490,-0.1472,-0.0489,-9999.0000,-1.9633,0,0,1.0000
84759,1.8025,2.1333,3.6482,-2.3752,1.6377,0.3447,9.0468,1.2280,81.8991,2.9550,87.0068,0.1016,-0.1351,-9999.0000,6.0525,0,0,1.0000
84760,1.9993,1.8557,5.2921,0.6329,1.7085,0.2175,9.0466,1.2737,81.9010,2.9548,86.9625,0.2233,-0.3172,-9999.0000,-3.5219,0,0,1.0000
84761,1.3904,2.2727,3.2474,-1.6677,-0.5592,0.6677,9.0416,2.6939,81.8790,3.4834,86.9078,-0.1149,-0.1348,-9999.0000,-3.0838,0,0,1.0000
84762,1.8270,2.4049,4.2867,-1.4623,1.0179,0.9473,9.0375,1.4916,81.8252,3.2128,86.8601,-0.3661,-0.1120,-9999.0000,-0.9035,0,0,1.0000
84763,4.1338,3.7775,4.5745,-1.4859,0.1912,-0.3130,9.0406,1.4990,81.7295,4.3279,86.8283,-0.2766,-0.1079,-9999.0000,-0.7085,0,0,1.0000
84764,3.2866,3.3441,3.5439,-1.5944,-0.1517,0.1347,9.0447,2.1934,81.6073,8.4603,86.8003,-0.2548,-0.0982,-9999.0000,1.6757,0,0,1.0000
84765,2.5402,3.6393,4.3214,0.0832,1.9679,0.0249,9.0501,2.0296,81.4735,7.2855,86.7736,-0.2830,0.0769,-9999.0000,-1.7903,0,0,1.0000
84766,4.4723,3.8415,7.3768,-1.1309,-1.3035,0.4422,9.0685,3.6748,81.3310,6.7624,86.7518,-0.1440,0.0880,-9999.0000,5.0233,0,0,1.0000
84767,3.4537,4.2138,9.3994,0.5122,-1.8950,-0.2524,9.0729,5.2664,81.1555,5.3428,86.7317,1.1837,0.1427,-9999.0000,2.4494,0,0,1.0000
84768,3.7537,5.1072,8.7960,-2.5011,-1.9533,0.9133,9.0736,4.8083,80.9761,10.5561,86.7095,4.5354,0.1903,-9999.0000,-4.0373,0,0,1.0000
84769,4.1302,4.7069,8.4003,-2.2195,0.8629,0.4053,9.0757,3.3266,80.7860,6.6126,86.6756,3.7242,1.7772,-9999.0000,4.1561,0,0,1.0000
84770,2.4292,4.3146,7.0967,0.5327,-0.0571,-0.6222,9.0821,5.6944,80.5756,7.2002,86.6301,0.6004,0.4088,-9999.0000,-2.2734,0,0,1.0000
84771,1.9720,2.7738,6.4718,0.1777,2.4837,-0.3302,9.0819,6.6221,80.3638,4.6119,86.5864,0.4248,-0.1079,-9999.0000,-3.9455,0,0,1.0000
84772,2.2722,2.5617,5.0543,0.5091,0.8583,0.2003,9.0827,6.4325,80.1534,3.6327,86.5470,0.1225,-0.0456,-9999.0000,3.8895,0,0,1.0000
84773,1.6055,2.2389,5.2661,-1.5486,1.7181,0.2363,9.0836,6.3111,79.9299,3.3272,86.5113,-0.2737,-0.0329,-9999.0000,3.8920,0,0,1.0000
84774,1.9073,2.5735,3.7803,0.9176,0.1019,0.6094,9.0840,7.7509,79.7353,3.8562,86.4598,-0.1952,-0.1108,-9999.0000,-9999.0000,0,0,1.0000
84775,2.4832,3.2449,5.8245,0.0285,1.0350,0.3515,9.0846,9.2548,79.5091,5.5713,86.4081,-0.1845,0.2426,-9999.0000,-9999.0000,0,0,1.0000
84776,2.8474,4.1744,8.9745,-0.3695,-1.4751,0.7786,9.0885,9.2137,79.3297,4.7965,86.3668,-0.1520,0.2829,-9999.0000,-9999.0000,0,0,1.0000
84777,3.8131,4.3016,10.6340,1.1979,-0.0435,0.0037,9.0907,12.4345,79.1546,5.3409,86.3122,0.1738,0.4562,-9999.0000,-9999.0000,0,0,1.0000
84778,4.4677,5.6208,11.4220,-3.1105,1.4043,0.4373,9.0892,12.1434,79.0068,10.9395,86.2506,0.7456,0.2953,-9999.0000,-9999.0000,0,0,1.0000
84779,4.7310,9.8787,13.7068,0.4377,1.3568,-0.0805,9.0847,9.1754,78.8800,13.4826,86.1747,0.1429,0.4124,-9999.0000,-9999.0000,0,0,1.0000
84780,4.6494,7.0288,11.8457,0.7800,2.4204,-0.6171,9.0821,9.4507,78.7456,11.5584,86.1049,-0.0341,1.9481,-9999.0000,-9999.0000,0,0,1.0000
84781,4.9967,9.2740,12.1833,-0.3425,2.1042,-0.0566,9.0850,14.0748,78.6182,9.5590,86.0176,0.2282,2.3339,-9999.0000,-9999.0000,0,0,1.0000
84782,4.6622,6.7286,10.6308,-0.1517,0.6836,0.7666,9.0836,7.0227,78.5080,8.6025,85.9499,0.3065,1.6633,-9999.0000,-9999.0000,0,0,1.0000
84783,4.1586,6.9604,11.3611,-1.0147,-0.3164,-0.4016,9.0857,13.3650,78.4090,9.4520,85.8891,-0.0513,1.4029,-9999.0000,-9999.0000,0,0,1.0000
84784,3.6943,7.3109,12.7375,-1.0159,-0.3165,-0.4018,9.0929,8.8599,78.3359,9.8893,85.8379,-0.1796,0.4978,-9999.0000,-9999.0000,0,0,1.0000
84785,6.5048,7.5072,12.9901,-9999.0000,-9999.0000,-9999.0000,9.0898,9.2221,78.2665,9.0119,85.7847,-0.1935,3.2085,-9999.0000,-9999.0000,0,0,1.0000
84786,5.8713,7.4165,12.0930,-9999.0000,-9999.0000,-9999.0000,9.0893,9.5959,78.2158,13.4543,85.7386,0.3053,3.4828,-9999.0000,-4.7997,0,0,1.0000
84787,4.4683,9.7739,10.1637,-9999.0000,-9999.0000,-9999.0000,9.0927,10.6502,78.1849,8.5284,85.7064,0.2618,2.0395,-9999.0000,-6.6635,0,0,1.0000
84788,4.6941,9.0844,10.3270,-9999.0000,-9999.0000,-9999.0000,9.0894,7.6441,78.1519,10.2724,85.6665,1.0104,1.0520,-9999.0000,-4.5341,0,0,1.0000
84789,5.2842,7.9096,12.8366,-9999.0000,-9999.0000,-9999.0000,9.0906,12.7515,78.1411,11.7216,85.6427,0.8538,1.1128,-9999.0000,11.3334,0,0,1.0000
84790,6.4756,7.0127,11.6102,-9999.0000,-9999.0000,-9999.0000,9.0901,8.9230,78.1452,9.6979,85.6195,0.2226,2.4775,-9999.0000,-4.0024,0,0,1.0000
84791,4.2157,8.3216,12.6023,-9999.0000,-9999.0000,-9999.0000,9.0937,5.9911,78.1481,6.7560,85.6034,0.0203,2.1254,-9999.0000,-6.2948,0,0,1.0000
84792,4.4744,6.8458,11.3246,-9999.0000,-9999.0000,-9999.0000,9.0944,6.4508,78.1773,8.6945,85.5867,0.1511,0.3862,-9999.0000,-4.0031,0,0,1.0000
84793,6.3038,6.4999,11.8681,-9999.0000,-9999.0000,-9999.0000,9.0954,21.0895,78.2139,6.4502,85.5754,0.0365,0.9778,-9999.0000,-2.1155,0,0,1.0000
84794,4.9231,6.8345,13.2396,-9999.0000,-9999.0000,-9999.0000,9.1103,10.8163,78.2790,9.6064,85.5674,0.1735,0.6807,-9999.0000,4.8806,0,0,1.0000
84795,4.8112,5.5025,10.8857,-9999.0000,-9999.0000,-9999.0000,9.1087,9.0801,78.3797,8.6622,85.5496,0.1117,0.8470,-9999.0000,-0.6771,0,0,1.0000
84796,3.7685,6.5866,11.8286,-9999.0000,-9999.0000,-9999.0000,9.1115,11.4085,78.4863,4.8543,85.5397,-0.1948,0.4506,-9999.0000,0.7100,0,0,1.0000
84797,5.3094,6.5772,9.8524,2.2971,-0.1795,-0.2974,9.1134,11.9304,78.5819,6.0387,85.5280,-0.2081,1.6535,-9999.0000,-3.0679,0,0,1.0000
84798,5.4751,10.3196,10.0087,-2.0213,-0.5110,-0.4236,9.1210,5.5818,78.6793,10.3603,85.5221,0.0666,1.6531,-9999.0000,-3.0554,0,0,1.0000
84799,3.6613,5.8193,11.0699,-0.3657,0.1854,0.2649,9.1340,6.9905,78.7785,7.3038,85.5048,0.0107,0.2361,-9999.0000,-5.6092,0,0,1.0000
84800,4.0496,8.5656,11.5419,1.4423,-0.6547,-0.0719,9.1372,7.9206,78.9034,9.0443,85.4732,-0.1398,1.0132,-9999.0000,-3.2430,0,0,1.0000
84801,4.2316,8.5883,12.5565,1.2430,1.4354,1.0410,9.1368,6.9941,79.0359,10.6531,85.4463,-0.0737,1.4226,-9999.0000,3.9894,0,0,1.0000
84802,3.9662,6.8078,10.8262,1.8250,-0.5545,1.3450,9.1399,6.1383,79.1843,5.5900,85.4209,-0.1419,2.1126,-9999.0000,-2.5885,0,0,1.0000
84803,5.1051,6.4249,13.9731,-0.9325,-0.5701,0.6537,9.1381,6.0511,79.3242,8.5440,85.3858,-0.0079,2.1055,-9999.0000,1.0491,0,0,1.0000
84804,4.5386,6.0059,12.5999,0.1177,1.9311,-0.2449,9.1308,8.3236,79.4590,6.8334,85.3626,0.7251,1.7072,-9999.0000,-7.3686,0,0,1.0000
84805,4.1621,5.1464,8.4524,1.4917,0.0415,-0.3560,9.1335,13.1184,79.5892,16.5910,85.3142,0.6597,0.8211,-9999.0000,5.0956,0,0,1.0000
84806,4.8885,6.2696,9.0522,1.1928,-0.2707,0.0162,9.1382,5.0919,79.7343,6.1026,85.2525,0.5024,1.4182,-9999.0000,1.8200,0,0,1.0000
84807,3.9232,6.7149,10.2128,1.1082,2.2473,0.3507,9.1557,8.1220,79.8679,14.0856,85.1906,0.1439,0.8714,-9999.0000,-4.3291,0,0,1.0000
84808,3.4903,5.7411,9.5524,0.5183,1.1770,0.4971,9.1682,10.6022,80.0231,11.8187,85.1367,0.4546,0.7351,-9999.0000,-4.7082,0,0,1.0000
84809,3.2353,8.5733,10.0749,1.1114,2.3059,0.6807,9.1698,4.6545,80.1455,9.8450,85.0856,0.6165,1.8322,-9999.0000,7.3398,0,0,1.0000
84810,4.0430,5.8194,10.3120,1.2523,1.7505,-0.3480,9.1683,8.8444,80.2704,8.5082,85.0371,0.6448,1.6986,-9999.0000,2.7883,0,0,1.0000
84811,5.2698,7.6173,9.6673,-0.9858,2.7279,1.7545,9.1662,5.2942,80.3821,7.6419,84.9962,0.7248,0.7893,-9999.0000,-3.5726,0,0,1.0000
84812,4.1988,7.3824,9.6329,1.6264,2.0796,0.2650,9.1634,6.7722,80.5401,7.2855,84.9607,0.2792,2.0985,-9999.0000,-4.0868,0,0,1.0000
84813,5.5331,6.2475,9.6945,-2.4878,1.5894,0.0528,9.1765,6.7152,80.6647,10.4859,84.9167,0.5624,0.9918,-9999.0000,-6.9940,0,0,1.0000
84814,6.1249,7.8769,9.6561,2.5491,3.6667,-0.6479,9.1821,9.5253,80.7985,8.8530,84.8884,0.4326,0.8305,-9999.0000,-4.0987,0,0,1.0000
84815,3.5103,6.5181,9.5262,4.4898,1.3914,0.4228,9.1752,11.4444,80.8968,3.9868,84.8707,0.2278,0.5808,-9999.0000,-0.8895,0,0,1.0000
84816,3.8710,6.5472,8.4867,0.6145,1.1781,0.1323,9.1772,6.4577,81.0072,7.7616,84.8645,0.1390,3.0943,-9999.0000,0.9302,0,0,1.0000
84817,4.1794,4.1062,7.7705,-1.8211,1.1100,0.2692,9.1745,5.2484,81.1096,6.9900,84.8640,-0.0739,2.7529,-9999.0000,-4.1987,0,0,1.0000
84818,2.9615,3.6861,7.4042,0.0563,-1.4575,0.4254,9.1775,5.0883,81.2046,6.5324,84.8668,-0.1127,1.2272,-9999.0000,-3.9844,0,0,1.0000
84819,2.5074,4.4205,7.1146,-0.8365,3.8671,0.7486,9.1813,12.7949,81.2890,8.1810,84.8616,-0.0517,1.1872,-9999.0000,1.6347,0,0,1.0000
84820,2.9144,4.6141,7.0850,1.4457,2.4761,-0.4009,9.1772,7.0273,81.3684,6.6420,84.8746,0.0730,1.7156,-9999.0000,-6.6954,0,0,1.0000
84821,2.8928,4.2904,5.7305,0.9055,-0.1865,-0.3974,9.1778,5.8287,81.4383,11.9409,84.8861,0.0938,0.6676,-9999.0000,-2.8918,0,0,1.0000
84822,3.8497,4.5937,8.4281,3.5659,1.1495,-0.6592,9.1811,5.1637,81.5057,10.8518,84.8951,0.0439,1.3585,-9999.0000,-3.8228,0,0,1.0000
84823,2.9198,3.6579,7.8529,1.0191,-0.4674,0.1903,9.1778,8.1583,81.5487,9.5381,84.9038,-0.1101,0.9731,-9999.0000,-3.8325,0,0,1.0000
84824,1.7696,2.9082,6.3914,0.3660,0.4736,0.4949,9.1773,6.0201,81.5908,3.1590,84.9157,-0.0911,1.0194,-9999.0000,2.5559,0,0,1.0000
84825,1.1736,2.3056,5.1005,1.4445,1.7813,0.6313,9.1739,5.6109,81.6260,2.4363,84.9368,-0.0379,-0.1697,-9999.0000,-4.5843,0,0,1.0000
84826,1.4051,2.9860,4.7027,4.8095,0.8936,-0.5618,9.1787,3.2695,81.6409,2.8762,84.9516,-0.2457,-0.5649,-9999.0000,-6.3386,0,0,1.0000
84827,2.3987,3.7776,4.1643,1.6931,1.0947,2.3074,9.1821,1.7686,81.6432,4.0407,84.9695,-0.1719,0.1283,-9999.0000,1.2530,0,0,1.0000
84828,2.6050,2.9306,5.2700,1.5447,1.4903,0.9958,9.1852,3.9560,81.6424,5.0334,84.9893,-0.2869,0.2831,-9999.0000,6.8502,0,0,1.0000
84829,1.6752,4.4205,4.6753,2.8781,-0.6110,0.9426,9.1839,5.2395,81.6256,3.4605,85.0021,-0.4026,0.2193,-9999.0000,-2.8636,0,0,1.0000
84830,1.6612,2.2214,6.1766,-2.6836,0.5329,-0.0225,9.1775,6.2679,81.5684,4.6410,85.0051,-0.4380,0.0940,-9999.0000,-2.1239,0,0,1.0000
84831,2.3100,2.7381,2.7763,-0.4346,2.0651,0.5078,9.1779,2.9331,81.4781,3.6052,85.0108,-0.4953,0.5809,-9999.0000,3.7900,0,0,1.0000
84832,1.7137,2.2488,3.8451,-1.8890,0.0323,-0.4040,9.1786,1.5578,81.3557,5.1844,85.0099,-0.3538,0.5897,-9999.0000,-1.1901,0,0,1.0000
84833,1.4261,2.7150,3.1158,1.9203,1.2720,-0.1649,9.1787,2.1842,81.2299,5.1604,85.0106,0.1168,0.4040,-9999.0000,2.8807,0,0,1.0000
84834,1.4780,0.7096,2.8491,0.2304,1.8869,0.0867,9.1782,3.7487,81.0872,3.1803,85.0096,0.5587,0.5962,-9999.0000,0.2158,0,0,1.0000
84835,1.4354,1.2721,1.8386,0.0683,-1.3342,-0.0964,9.1867,3.0015,80.9190,1.7969,85.0089,0.2515,0.0238,-9999.0000,-3.9969,0,0,1.0000
84836,0.6611,0.6583,0.7474,0.8160,0.8175,0.3295,9.1983,1.1413,80.7358,1.4432,84.9973,0.0131,-0.2413,-9999.0000,5.3299,0,0,1.0000
84837,0.2857,0.6950,1.1225,4.1002,1.0393,0.7116,9.1989,3.2764,80.5385,1.2774,84.9866,-0.2463,0.0377,-9999.0000,4.3427,0,0,1.0000
84838,0.2292,0.8365,1.1844,1.1832,2.1672,0.9472,9.1980,1.4630,80.3378,1.2895,84.9682,-0.2678,-0.2596,-9999.0000,-1.6576,0,0,1.0000
84839,0.0988,1.2005,1.7252,0.2312,0.8383,0.2241,9.1979,0.0516,80.1234,7.1695,84.9567,-0.3246,-0.8164,-9999.0000,0.4901,0,0,1.0000
84840,-0.0831,2.6676,1.4758,0.6196,2.9988,0.9955,9.2006,0.3867,79.9080,1.1192,84.9346,-0.2382,-0.5918,-9999.0000,-4.0403,0,0,1.0000
84841,-0.0055,0.0221,1.4097,1.2817,1.5187,0.4782,9.2024,0.8699,79.7074,0.9452,84.9037,-0.4685,-1.1044,-9999.0000,6.8642,0,0,1.0000
84842,0.4109,-0.2466,0.1600,2.3650,-2.5762,0.2103,9.1971,0.2211,79.4904,0.2176,84.8785,-0.5777,-0.9269,-9999.0000,-2.4172,0,0,1.0000
84843,0.2440,0.1576,0.2082,-0.0319,1.0827,0.2637,9.2015,-0.3152,79.2841,0.6579,84.8626,-0.6487,-0.9658,-9999.0000,-3.5375,0,0,1.0000
84844,0.2725,0.0641,0.2807,1.9006,2.4423,0.6107,9.2031,-0.2870,79.1092,0.5329,84.8566,-0.5123,0.9068,-9999.0000,2.1294,0,0,1.0000
84845,0.2078,0.1525,0.1492,0.9262,4.1617,0.0603,9.2026,-0.3912,78.9637,0.5857,84.8536,-0.3578,1.2711,-9999.0000,-2.8165,0,0,1.0000
84846,-0.0236,-0.0819,0.1531,-1.2238,-0.9174,0.6167,9.2021,-0.3079,78.8411,0.7973,84.8566,-0.1192,6.4524,-9999.0000,0.2030,0,0,1.0000
84847,0.0654,-0.1317,-0.5386,1.0944,1.2071,1.0016,9.2015,0.0135,78.6989,1.1347,84.8760,-0.0530,0.7144,-9999.0000,-3.5357,0,0,1.0000
84848,-0.1799,-0.3075,-0.2982,-1.9246,1.7175,0.5334,9.2013,0.3891,78.5906,-0.0084,84.9040,-0.1156,-0.2720,-9999.0000,-0.8843,0,0,1.0000
84849,-0.1539,-0.1253,-0.6887,-2.0829,4.3032,0.3360,9.1984,0.4122,78.5110,-0.1894,84.9396,-0.2380,-0.3356,-9999.0000,-3.6332,0,0,1.0000
84850,-0.1656,-0.0737,-0.6496,1.1498,4.8304,0.1684,9.2028,2.3628,78.4366,-0.1493,84.9752,-0.3086,-0.0973,-9999.0000,-0.9658,0,0,1.0000
84851,-0.0420,-0.0121,0.3012,1.6328,3.6985,1.1026,9.2061,-0.0308,78.3818,0.1237,84.9974,-0.3627,0.0931,-9999.0000,-5.4051,0,0,1.0000
84852,-0.0998,-0.2352,0.4030,-0.1576,1.9661,-0.1349,9.2068,-0.4519,78.3157,1.0106,85.0200,-0.3538,0.4989,-9999.0000,-3.6153,0,0,1.0000
84853,-0.1451,-0.1868,0.2776,0.5642,-0.0031,1.2405,9.2343,-0.4334,78.2660,0.0472,85.0392,-0.0687,0.1056,-9999.0000,1.1862,0,0,1.0000
84854,-0.1307,-0.1997,0.3678,1.3923,0.4993,0.7728,9.2316,-0.2665,78.2115,0.4251,85.0535,0.0407,-0.3548,-9999.0000,-8.5088,0,0,1.0000
84855,0.0115,0.0384,0.1434,2.9299,2.9546,0.0571,9.2287,-0.2415,78.1751,0.1084,85.0652,0.1720,-0.5783,-9999.0000,1.2329,0,0,1.0000
84856,0.2432,-0.0834,0.0842,3.4506,-0.8278,0.2643,9.2291,0.2961,78.1436,0.0483,85.0652,0.1775,-0.8911,-9999.0000,1.7187,0,0,1.0000
84857,-0.0090,-0.2757,0.1087,1.8057,1.9574,0.3472,9.2257,0.2890,78.1350,-0.0941,85.0631,0.1141,-0.9552,-9999.0000,-1.6996,0,0,1.0000
84858,0.0041,-0.2337,0.1108,3.0596,3.5835,-0.1440,9.2150,0.2478,78.1343,0.7569,85.0666,-0.0849,-0.9110,-9999.0000,2.5622,0,0,1.0000
84859,0.0901,-0.1601,0.2235,2.1432,1.4164,1.2619,9.2074,0.1040,78.1364,0.2491,85.0705,-0.5739,-0.7543,-9999.0000,-3.5411,0,0,1.0000
84860,-0.0964,-0.1794,0.1923,0.6848,2.2212,0.4213,9.1947,-0.3443,78.1430,0.0338,85.0690,-0.5762,-0.4355,-9999.0000,-3.1196,0,0,1.0000
84861,-0.1766,-0.3745,0.6229,-0.1980,2.3459,-0.3370,9.1948,-0.4661,78.1829,0.2332,85.0563,-0.3806,-0.3620,-9999.0000,0.3745,0,0,1.0000
84862,-0.1615,-0.3793,-0.0529,0.6882,0.6947,0.1444,9.1949,1.5315,78.2561,-0.0729,85.0319,-0.3059,-0.2328,-9999.0000,1.5235,0,0,1.0000
